l0,0=0,87,91,97,96,94,93,91,92,91,90,89,90,96,24,0,75,74,72,11,0,0,0,0,0,0,0,0,0,0,61,58,0,0,0,0,0,0,0,0,0,0,0,0,0
l1,0=91,0,91,96,92,93,93,97,82,91,76,91,87,96,20,0,35,70,0,62,15,0,0,0,0,20,0,0,0,0,51,49,0,0,0,0,0,0,0,0,28,0,0,0,0
l2,0=91,75,0,93,92,93,91,97,94,87,90,91,90,96,55,0,82,71,68,71,79,0,0,0,0,0,32,0,0,0,48,53,0,0,0,0,0,0,0,0,0,0,0,0,0
l3,0=92,87,93,0,97,94,92,89,76,90,90,91,90,81,13,0,77,77,65,0,3,0,0,0,0,0,0,0,0,0,62,56,0,0,0,0,0,0,0,0,0,18,0,0,0
l4,0=92,76,91,97,0,94,91,13,73,86,85,89,85,90,50,0,13,14,58,0,0,0,0,0,0,0,0,0,0,0,71,57,0,0,0,0,0,0,0,0,0,0,0,0,0
l5,0=91,86,91,96,96,0,90,95,76,87,72,91,90,90,15,0,56,64,72,59,34,0,0,0,0,0,0,0,0,0,2,0,0,0,0,0,0,0,0,0,23,0,0,0,0
l6,0=91,87,91,95,92,93,0,97,94,89,90,86,90,96,67,0,82,77,78,73,55,0,0,0,0,0,0,0,0,0,67,0,0,0,0,0,0,0,0,0,0,0,0,0,0
l7,0=89,85,91,93,27,93,91,0,94,93,91,92,90,96,74,0,82,0,89,81,79,0,31,70,47,74,64,0,0,0,28,0,0,0,0,0,0,0,0,0,0,0,0,34,0
l8,0=89,85,92,94,92,93,91,99,0,95,90,93,90,96,69,0,80,76,86,80,36,0,38,51,14,8,36,40,0,0,0,32,0,0,0,0,0,0,0,0,0,0,0,30,0
l9,0=85,84,51,84,89,92,90,92,96,0,91,93,90,97,69,0,82,57,81,0,46,15,0,71,15,21,20,0,0,0,0,34,0,0,0,0,0,0,0,0,0,0,0,1,0
l10,0=72,25,55,77,88,65,60,66,65,91,0,56,94,48,17,0,83,69,89,80,88,0,33,80,28,73,34,67,0,0,33,41,0,0,0,0,0,0,0,0,2,0,45,35,0
l11,0=57,75,84,93,92,92,90,93,96,95,90,0,94,97,66,0,82,71,45,73,82,13,11,0,26,0,24,60,0,0,36,18,0,0,0,0,0,0,0,0,0,0,0,0,0
l12,0=83,74,91,87,86,93,92,92,78,91,92,93,0,97,67,0,82,73,84,78,91,0,1,14,18,27,72,64,0,0,43,33,0,0,0,0,0,0,0,0,10,0,0,0,30
l13,0=85,86,91,58,92,93,93,99,94,95,79,93,94,0,91,0,82,78,92,71,85,14,11,77,0,72,0,1,0,0,0,37,0,0,0,0,0,0,0,0,0,0,0,0,0
l14,0=19,0,3,0,63,18,26,28,50,76,56,52,56,58,0,0,40,88,95,87,100,0,29,80,28,25,26,71,0,0,80,55,0,32,0,0,0,0,0,18,5,14,63,65,47
l15,0=27,0,31,46,0,62,52,91,51,79,92,93,54,97,91,0,0,76,95,66,95,23,35,83,28,86,34,75,0,0,71,41,9,0,0,0,0,0,0,14,5,0,59,59,11
l16,0=33,7,0,32,41,26,15,0,53,49,71,51,52,50,46,0,37,0,95,88,99,0,0,68,29,23,20,0,0,0,91,89,21,38,0,0,0,19,44,13,32,29,63,61,24
l17,0=43,0,17,34,58,52,22,28,51,73,81,43,52,58,98,0,82,89,0,88,100,23,0,70,32,23,34,68,0,0,63,52,0,0,0,0,0,0,0,0,29,9,61,59,41
l18,0=1,0,5,0,0,37,20,27,63,0,78,49,47,40,96,0,33,89,93,0,100,96,65,88,54,91,62,79,0,0,44,45,0,0,0,7,0,0,33,0,30,23,65,80,47
l19,0=0,0,0,0,0,47,14,25,34,56,80,54,60,51,98,0,83,89,95,88,0,25,33,87,51,92,60,59,0,0,90,89,0,27,0,0,0,0,0,0,58,24,26,65,64
l20,0=0,0,0,0,0,0,0,0,21,65,20,59,0,70,0,0,78,0,70,85,75,0,99,98,90,93,82,92,0,0,0,0,73,63,0,82,71,0,83,33,0,73,73,73,79
l21,0=0,0,0,0,0,0,0,64,89,0,87,14,0,9,69,0,78,0,0,83,79,100,0,95,91,90,85,92,0,0,0,0,51,81,0,0,59,0,78,62,0,0,0,0,85
l22,0=0,0,0,0,0,0,0,56,52,67,59,0,1,69,80,0,75,53,59,77,76,99,69,0,91,71,87,91,0,0,0,26,80,79,0,70,69,71,78,57,67,69,64,76,63
l23,0=0,0,0,0,0,0,0,31,14,39,71,45,28,0,72,0,72,72,78,80,88,87,82,97,0,93,87,85,0,0,0,13,78,36,0,4,0,0,38,23,58,85,88,90,87
l24,0=0,21,0,0,0,0,0,38,32,65,79,8,41,79,89,0,75,67,71,81,91,99,61,69,92,0,87,84,0,0,0,0,61,71,0,15,27,14,50,83,44,23,91,90,47
l25,0=0,0,24,0,0,0,0,54,57,52,69,60,74,0,61,0,69,51,67,86,79,86,82,100,92,93,0,85,0,0,24,0,85,66,0,19,67,68,61,68,32,71,91,90,83
l26,0=0,0,0,0,0,0,0,0,50,0,62,70,72,13,81,0,71,0,69,79,73,99,97,98,91,90,83,0,0,0,17,1,89,72,0,83,75,80,86,81,69,75,83,75,85
l27,0=37,0,0,43,75,44,13,3,0,0,47,30,42,0,34,0,33,89,52,22,85,0,0,0,0,0,5,0,0,0,0,89,65,51,0,13,0,45,45,55,5,30,0,2,18
l28,0=41,2,3,44,60,38,0,0,27,48,61,32,40,28,33,0,29,89,50,59,89,0,0,57,13,0,0,0,0,0,91,0,88,74,0,11,36,47,47,50,57,52,0,0,29
l29,0=0,0,0,0,0,0,0,0,0,0,0,0,0,0,0,0,13,22,0,4,0,79,49,96,58,59,86,92,0,0,74,89,0,94,0,99,95,99,98,97,91,96,5,0,21
l30,0=0,0,0,0,0,0,0,0,0,0,0,0,0,0,18,0,0,21,0,0,2,78,83,88,3,86,58,86,0,0,90,88,100,0,0,99,95,99,98,97,91,96,34,0,0
l31,0=0,0,0,0,0,0,0,0,0,0,0,0,0,0,0,0,0,22,0,21,0,92,0,38,6,34,22,91,0,0,88,46,100,94,0,0,95,99,98,97,91,96,9,0,0
l32,0=0,0,0,0,0,0,0,0,0,0,0,0,0,0,0,0,0,0,0,0,0,87,55,90,0,64,72,81,0,0,0,52,100,94,0,99,0,99,98,97,87,91,0,0,0
l33,0=0,0,0,0,0,0,0,0,0,0,0,0,0,0,0,0,0,31,0,0,0,0,0,37,0,0,59,62,0,0,29,38,100,94,0,99,95,0,98,97,91,34,0,0,0
l34,0=0,0,0,0,0,0,0,0,0,0,0,0,0,0,0,0,4,83,0,70,0,92,90,90,82,85,77,89,0,0,91,82,100,94,0,99,95,99,0,97,91,96,29,0,0
l35,0=0,0,0,0,0,0,0,0,0,0,0,0,0,0,22,0,17,42,0,0,0,5,37,63,22,82,56,67,0,0,91,57,99,94,0,99,95,98,98,0,91,96,13,0,0
l36,0=0,0,0,0,0,32,0,0,0,0,18,0,8,0,44,0,32,55,47,44,92,0,0,77,25,26,22,44,0,0,90,56,91,94,0,65,56,60,87,97,0,96,0,40,0
l37,0=0,0,0,11,0,0,0,0,0,0,0,0,0,0,29,0,0,55,44,44,86,54,0,83,27,21,31,60,0,0,91,89,96,94,0,99,89,52,98,97,91,0,32,0,0
l38,0=0,0,0,0,0,0,0,0,0,0,49,0,0,0,82,0,63,61,67,64,11,73,0,74,86,91,81,69,0,0,0,0,0,53,0,0,0,0,12,0,0,0,0,90,87
l39,0=0,0,0,0,0,0,0,8,11,0,39,0,0,0,89,0,70,59,56,80,68,43,0,77,91,91,84,65,0,0,0,0,0,14,0,0,0,0,0,0,43,0,91,0,87
l40,0=0,0,0,0,0,0,0,0,0,0,0,0,11,0,77,0,15,47,58,69,81,67,60,70,90,51,81,84,0,0,30,39,17,0,0,0,0,0,0,0,0,0,91,90,0
l41,0=0,0,0,0,0,0,0,0,0,43,74,0,33,38,86,0,72,70,78,85,88,51,47,85,91,92,82,81,0,0,62,43,59,0,0,0,0,0,0,8,7,1,91,92,87
l42,0=0,0,0,0,0,0,0,0,0,0,8,0,0,0,39,0,49,54,58,66,72,74,0,87,92,92,84,79,0,0,0,0,0,0,0,40,0,0,30,0,0,0,91,91,88
l43,0=0,0,0,0,0,0,0,0,0,0,37,0,0,0,0,0,35,43,39,59,65,78,58,77,88,91,78,85,0,0,0,0,54,50,0,47,51,0,48,0,0,0,90,89,87
l44,0=0,0,0,0,0,0,0,0,0,0,6,42,49,0,78,0,27,53,60,60,73,78,71,81,89,92,78,76,0,0,0,0,0,37,0,0,0,0,0,0,0,0,91,81,87

l0,1=0,89,96,89,94,88,75,80,81,88,88,84,86,85,47,0,37,0,0,0,0,0,0,0,0,0,0,0,0,0,78,56,0,0,0,0,0,0,0,0,0,0,0,0,0
l1,1=95,0,85,86,91,89,90,82,86,88,69,84,73,87,0,0,63,65,59,68,63,0,0,0,0,0,0,0,0,0,69,55,0,0,0,0,0,0,0,0,0,0,0,0,0
l2,1=94,88,0,87,92,88,89,95,85,91,81,84,87,92,73,0,53,72,61,37,60,0,0,1,4,56,18,0,0,0,56,45,0,0,0,0,0,0,0,0,0,0,0,0,0
l3,1=95,89,94,0,94,89,59,79,86,3,87,77,81,69,32,0,19,66,3,0,0,0,0,0,0,0,0,0,0,0,79,59,0,0,0,0,0,0,0,0,21,0,0,0,0
l4,1=95,89,84,89,0,89,59,77,81,87,76,84,88,85,36,0,11,72,22,0,0,0,0,0,0,0,0,0,0,0,57,26,0,0,0,0,0,0,0,0,0,0,0,0,0
l5,1=92,89,93,76,94,0,88,84,81,72,88,84,87,84,69,0,62,11,49,64,0,0,0,0,0,0,0,0,0,0,67,52,0,0,0,0,0,0,0,0,30,0,0,0,0
l6,1=93,89,89,50,81,88,0,94,85,86,88,84,88,86,75,0,76,70,12,73,71,0,0,0,0,0,0,0,0,0,56,44,0,0,0,0,0,0,0,0,0,0,0,0,0
l7,1=92,89,96,78,81,88,89,0,86,93,88,84,88,93,80,0,79,0,53,49,47,38,21,66,0,70,70,16,0,0,0,8,0,0,0,0,0,0,0,0,0,0,0,16,0
l8,1=93,88,96,86,81,88,90,95,0,93,87,84,87,93,83,0,72,52,72,80,32,50,21,47,40,37,55,0,0,0,0,28,0,0,0,0,0,0,0,0,0,0,0,0,0
l9,1=92,86,94,28,43,76,61,95,86,0,88,84,89,93,79,0,58,50,63,49,56,47,0,0,64,1,51,38,0,0,0,39,0,0,0,0,0,0,0,0,0,0,12,4,0
l10,1=59,68,62,29,33,57,59,76,49,88,0,84,89,86,65,0,79,75,73,81,74,31,40,8,10,73,72,67,0,0,57,9,0,6,0,0,0,0,0,0,23,0,32,24,45
l11,1=67,86,83,20,62,82,52,93,86,93,88,0,89,93,84,0,79,51,73,62,64,0,0,16,52,53,62,0,0,0,13,37,0,0,0,0,0,0,0,0,0,0,0,5,10
l12,1=71,55,84,58,67,78,60,81,70,91,88,84,0,93,84,0,79,74,73,75,80,36,0,22,45,63,68,66,0,0,41,9,0,0,0,0,0,0,0,0,0,0,0,1,3
l13,1=91,87,91,40,68,84,59,95,86,93,88,84,89,0,84,0,79,38,69,67,51,30,25,22,53,62,54,45,0,0,46,22,0,0,0,0,0,0,0,0,0,0,0,0,0
l14,1=23,0,65,1,2,30,44,64,40,52,57,68,85,42,0,0,79,76,85,83,90,26,7,38,66,63,59,37,0,0,64,55,0,0,0,0,0,0,17,0,68,55,37,47,59
l15,1=20,65,22,0,0,50,50,84,40,44,88,84,89,86,88,0,0,76,80,75,85,50,43,41,71,72,68,68,0,0,71,54,0,0,0,0,0,0,0,30,66,36,34,47,21
l16,1=0,56,61,2,5,9,34,0,9,28,51,41,58,11,47,0,52,0,73,86,84,18,0,5,71,64,61,50,0,0,91,83,0,33,0,0,15,0,31,33,74,66,26,0,25
l17,1=0,61,64,0,2,27,22,61,41,49,67,76,83,45,88,0,73,83,0,76,88,37,26,40,70,53,71,67,0,0,63,55,0,0,0,0,0,0,0,0,61,63,37,36,58
l18,1=0,42,2,0,0,23,22,25,45,29,62,74,78,29,82,0,72,83,76,0,85,66,46,40,82,75,87,81,0,0,35,70,0,2,0,3,0,0,42,54,71,74,37,52,12
l19,1=0,64,63,0,0,0,27,41,19,32,62,74,80,20,88,0,74,83,85,86,0,56,27,41,71,66,71,75,0,0,71,68,0,59,0,0,0,0,41,32,75,73,42,47,66
l20,1=0,0,0,0,0,0,0,57,71,61,54,0,73,57,71,0,71,63,68,82,79,0,95,86,78,79,84,93,0,0,11,0,75,72,0,65,76,55,81,54,52,71,75,86,80
l21,1=0,0,0,0,0,0,0,19,49,0,75,0,0,57,67,0,71,0,74,77,66,94,0,84,84,72,82,87,0,0,0,0,51,76,0,0,73,0,76,62,0,0,71,84,80
l22,1=0,0,0,0,0,0,0,62,59,0,27,47,67,39,73,0,69,65,67,67,63,82,82,0,85,69,88,88,0,0,0,0,78,81,0,65,71,65,75,63,63,69,75,82,73
l23,1=0,0,0,0,0,0,0,0,44,76,8,52,64,58,76,0,71,81,74,81,79,83,85,88,0,79,87,87,0,0,0,46,61,72,0,10,19,63,77,65,73,80,77,90,86
l24,1=0,1,55,0,0,0,0,68,52,0,76,76,75,69,78,0,72,81,49,81,79,88,82,82,88,0,87,85,0,0,7,46,45,60,0,3,49,58,58,72,78,76,85,86,82
l25,1=0,0,0,0,0,0,0,53,46,36,76,63,74,47,50,0,70,62,75,82,78,88,83,90,87,80,0,87,0,0,0,0,74,63,0,49,74,59,76,39,55,58,85,90,81
l26,1=0,0,0,0,0,0,0,48,11,36,73,0,74,40,66,0,69,69,69,78,75,88,84,87,76,72,81,0,0,0,0,0,83,86,0,69,76,78,81,71,24,66,73,83,82
l27,1=48,61,36,3,2,15,11,0,0,0,29,14,32,4,46,0,44,84,59,31,48,1,0,0,0,0,0,0,0,0,0,83,46,41,0,28,6,22,49,78,94,82,0,10,0
l28,1=39,43,46,3,1,20,18,15,14,9,16,28,17,2,64,0,37,85,62,83,75,0,0,0,60,18,0,0,0,0,91,0,51,49,0,43,33,12,55,69,94,87,0,5,3
l29,1=0,0,0,0,0,0,0,0,0,0,0,0,0,0,0,0,0,0,0,0,0,40,37,89,40,3,78,92,0,0,52,74,0,94,0,92,88,95,87,92,94,90,36,0,13
l30,1=0,0,0,0,0,0,0,0,0,0,0,0,0,0,0,0,0,51,0,0,36,27,31,82,51,10,46,84,0,0,74,43,89,0,0,92,88,86,87,92,94,90,9,4,0
l31,1=0,0,0,0,0,0,0,0,0,0,0,0,0,0,0,0,0,8,0,31,0,63,0,81,32,3,70,84,0,0,61,65,89,94,0,0,88,95,87,75,94,90,0,6,0
l32,1=0,0,0,0,0,0,0,0,0,0,0,0,0,0,0,0,0,46,0,0,0,40,55,61,31,9,72,76,0,0,7,44,89,94,0,92,0,95,87,92,70,82,0,0,0
l33,1=0,0,0,0,0,0,0,0,0,0,0,0,0,0,0,0,0,0,0,0,0,2,0,58,41,0,68,77,0,0,45,10,89,88,0,92,88,0,86,75,91,70,0,0,0
l34,1=0,0,0,0,0,0,0,0,0,0,0,0,0,0,25,0,0,73,0,56,31,81,51,73,75,16,76,88,0,0,69,73,89,94,0,92,88,93,0,92,94,90,63,51,0
l35,1=0,0,0,0,0,0,0,0,0,0,0,0,0,0,0,0,23,48,0,53,10,17,24,34,53,21,32,41,0,0,91,47,89,94,0,51,87,52,87,0,94,90,2,0,0
l36,1=0,0,0,0,0,15,0,0,0,0,13,0,0,0,38,0,33,64,32,72,51,6,0,41,74,24,43,0,0,0,77,69,56,91,0,55,43,55,86,91,0,90,0,15,0
l37,1=0,0,0,0,0,21,0,0,0,0,0,0,0,0,22,0,28,60,55,71,37,27,6,41,79,22,42,34,0,0,91,82,88,94,0,92,84,50,87,92,94,0,0,0,0
l38,1=0,0,0,0,0,0,0,0,0,0,51,0,0,0,79,0,56,70,62,69,64,74,34,86,61,77,84,61,0,0,0,0,7,0,0,0,0,0,49,0,0,0,0,92,87
l39,1=0,0,0,0,0,0,0,20,0,0,32,29,0,0,73,0,65,0,55,74,78,74,58,79,85,74,84,72,0,0,10,0,0,16,0,0,0,0,35,0,35,0,85,0,86
l40,1=0,0,0,0,0,0,0,0,0,0,53,10,0,0,65,0,42,31,68,17,68,76,63,76,84,69,77,86,0,0,0,0,5,0,0,0,0,0,0,0,0,0,85,90,0
l41,1=0,0,0,0,0,0,0,0,14,39,75,56,65,28,79,0,71,80,66,81,72,83,42,83,85,77,80,85,0,0,53,59,0,31,0,1,0,0,24,10,0,0,86,91,86
l42,1=0,0,0,0,0,0,0,0,0,0,0,0,0,0,60,0,57,66,57,77,4,44,0,83,86,77,85,83,0,0,0,0,61,4,0,32,11,0,42,0,0,0,84,90,86
l43,1=0,0,0,0,0,0,0,0,0,0,28,0,0,0,55,0,48,59,0,61,56,80,63,77,73,68,82,72,0,0,0,0,48,61,0,16,16,0,39,0,0,0,71,90,86
l44,1=0,0,0,0,0,0,0,0,0,0,0,0,51,0,65,0,4,30,63,68,65,77,64,78,75,75,77,84,0,0,23,4,0,0,0,0,0,0,0,0,0,0,85,83,86

l0,2=0,86,86,94,81,90,94,78,83,84,74,39,60,82,0,0,57,52,50,4,0,0,0,0,0,0,0,0,0,0,57,27,0,0,0,0,0,0,0,0,0,0,0,0,0
l1,2=90,0,87,87,96,91,95,69,79,83,65,85,65,81,54,0,79,63,25,27,11,0,0,0,0,0,0,0,0,0,52,48,0,0,0,0,0,0,0,0,0,0,0,0,0
l2,2=83,84,0,92,90,90,93,98,88,88,76,81,84,0,70,0,82,71,48,30,11,0,0,4,0,21,0,0,0,0,17,42,0,0,0,0,0,0,0,0,0,0,0,0,0
l3,2=90,75,86,0,96,86,81,67,84,76,70,77,84,77,65,0,76,12,50,0,0,0,0,0,0,0,0,0,0,0,9,30,0,0,0,0,0,0,0,0,0,0,0,0,0
l4,2=88,86,87,94,0,91,92,72,84,17,68,81,81,83,68,0,82,64,41,0,0,0,0,0,0,0,0,0,0,0,19,0,0,0,0,0,0,0,0,0,0,0,0,0,0
l5,2=61,85,87,85,91,0,92,80,83,83,74,15,84,82,75,0,71,52,49,15,0,0,0,0,0,0,0,0,0,0,60,36,0,0,0,0,0,0,0,0,0,0,0,0,0
l6,2=88,86,87,81,94,90,0,96,85,89,75,86,84,84,70,0,91,59,42,11,8,23,0,0,0,0,0,0,0,0,38,41,0,0,0,0,0,0,0,0,0,0,0,0,0
l7,2=82,74,87,80,23,78,93,0,89,90,81,88,84,88,71,0,93,0,73,29,17,25,5,3,3,68,5,0,0,0,1,0,0,0,0,0,0,0,0,0,0,0,0,0,0
l8,2=82,76,89,87,86,85,88,96,0,86,76,86,84,89,80,0,85,16,68,43,4,12,11,7,0,16,7,16,0,0,21,40,0,0,0,0,0,0,0,0,0,0,0,0,0
l9,2=81,75,82,67,27,85,88,94,87,0,83,88,85,89,81,0,74,63,71,31,50,31,6,0,50,9,27,21,0,0,15,45,0,0,0,0,0,0,0,0,0,0,0,14,0
l10,2=45,44,68,74,72,84,68,67,76,84,0,83,86,84,73,0,94,65,75,64,64,0,24,6,6,77,69,24,0,0,0,46,0,0,0,0,0,0,0,0,36,0,0,36,36
l11,2=29,74,81,81,86,10,82,97,89,90,81,0,86,89,81,0,93,63,74,34,53,50,22,0,4,69,31,10,0,0,36,51,0,0,0,0,0,0,0,0,0,0,42,46,9
l12,2=0,46,83,72,41,86,83,78,86,83,85,88,0,89,78,0,94,64,74,55,61,0,20,6,7,46,30,27,0,0,39,52,0,0,0,0,0,0,0,0,0,0,28,38,0
l13,2=81,68,43,71,87,85,87,92,87,90,83,88,86,0,79,0,93,55,53,32,41,0,0,7,3,22,0,0,0,0,32,41,0,0,0,0,0,0,0,0,0,0,0,0,0
l14,2=0,26,60,51,59,61,58,62,71,69,72,83,80,69,0,0,94,74,83,79,90,65,58,52,59,74,74,37,0,0,60,70,0,0,0,0,0,0,8,43,53,1,54,72,54
l15,2=22,54,61,35,60,58,75,80,72,56,83,82,86,85,91,0,0,71,73,64,80,69,64,59,59,72,68,44,0,0,76,59,0,0,0,0,0,0,0,33,43,43,41,62,44
l16,2=20,27,42,0,54,36,38,0,8,33,74,76,73,39,78,0,87,0,78,85,85,0,0,0,76,76,61,32,0,0,88,86,6,49,0,0,1,0,7,21,31,40,62,69,11
l17,2=32,38,48,52,48,55,41,63,76,61,82,80,80,57,91,0,83,70,0,65,90,63,58,53,68,62,62,43,0,0,65,62,0,23,0,0,0,0,2,28,53,0,57,61,55
l18,2=0,37,41,0,0,29,17,51,67,16,74,43,74,26,78,0,78,80,72,0,90,85,51,72,89,83,90,63,0,0,79,76,15,11,0,1,0,0,42,21,52,57,69,46,0
l19,2=0,46,12,0,0,0,0,69,5,61,75,78,75,64,91,0,94,83,83,85,0,70,0,55,77,84,77,62,0,0,65,77,0,45,0,0,0,0,0,0,79,62,57,76,68
l20,2=0,0,0,0,0,0,22,53,48,18,0,75,0,0,69,0,77,3,70,78,82,0,92,83,83,91,88,82,0,0,0,0,80,1,0,68,48,68,57,62,58,56,81,78,79
l21,2=0,0,0,0,0,0,0,58,66,0,63,66,55,0,64,0,75,0,55,68,0,95,0,78,82,84,87,74,0,0,0,0,0,0,0,0,0,0,0,0,0,0,15,77,71
l22,2=0,0,22,0,0,0,0,61,64,0,46,30,47,51,70,0,71,0,67,74,64,88,79,0,89,85,90,80,0,0,0,0,79,74,0,63,78,48,75,63,58,0,78,74,67
l23,2=0,0,0,0,0,0,0,45,0,52,54,51,68,32,67,0,75,76,74,79,80,81,84,85,0,91,90,71,0,0,0,0,65,69,0,44,75,60,70,0,57,66,81,88,81
l24,2=0,0,54,0,0,0,0,73,56,23,78,75,69,45,75,0,77,75,55,76,80,89,84,78,89,0,90,70,0,0,53,61,72,5,0,32,50,45,53,64,75,71,82,85,81
l25,2=0,0,0,0,0,0,0,46,59,42,73,52,52,0,76,0,75,42,49,77,72,86,79,92,89,91,0,71,0,0,0,38,67,71,0,46,80,52,66,0,64,30,82,85,81
l26,2=0,0,0,0,0,0,0,0,59,48,57,34,67,0,60,0,63,49,69,76,80,92,85,89,84,84,87,0,0,0,0,0,79,83,0,71,82,59,77,35,58,15,32,80,81
l27,2=53,64,8,0,41,75,49,0,28,0,0,57,42,33,70,0,79,84,53,80,65,0,0,0,0,44,0,0,0,0,0,86,38,44,0,59,24,62,66,51,93,83,0,36,0
l28,2=44,54,54,5,0,49,52,0,48,52,33,51,48,36,71,0,48,84,53,80,75,0,0,0,0,62,36,0,0,0,88,0,53,54,0,66,29,56,71,48,93,95,7,3,19
l29,2=0,0,0,0,0,0,0,0,0,0,0,0,0,0,0,0,0,16,0,16,0,78,0,87,62,68,60,82,0,0,57,81,0,93,0,86,93,93,92,92,93,96,0,0,0
l30,2=0,0,0,0,0,0,0,0,0,0,0,0,0,0,0,0,0,51,24,1,54,0,0,78,55,0,71,80,0,0,79,79,87,0,0,86,93,93,92,92,93,96,28,48,0
l31,2=0,0,0,0,0,0,0,0,0,0,0,0,0,0,0,0,0,5,0,24,0,71,0,73,55,50,54,78,0,0,55,52,87,93,0,0,93,93,92,92,93,96,52,0,0
l32,2=0,0,0,0,0,0,0,0,0,0,0,0,0,0,0,0,0,0,0,0,0,39,28,81,58,54,65,64,0,0,51,31,87,93,0,86,0,93,92,92,0,90,0,1,0
l33,2=0,0,0,0,0,0,0,0,0,0,0,0,0,0,0,0,0,0,0,0,0,68,0,48,58,37,50,52,0,0,56,20,87,92,0,86,93,0,87,82,93,78,0,0,0
l34,2=0,0,0,0,0,0,0,0,0,0,0,0,0,0,4,0,0,1,0,32,0,51,0,81,72,48,68,75,0,0,83,84,87,93,0,86,93,91,0,92,93,96,51,42,0
l35,2=0,0,0,0,0,0,0,0,0,0,0,0,0,0,21,0,21,39,5,27,0,51,0,53,0,66,0,8,0,0,80,42,87,93,0,80,91,90,92,0,93,96,0,0,0
l36,2=0,0,0,0,0,0,0,0,0,0,2,0,0,0,41,0,26,28,47,45,85,47,6,56,54,82,77,46,0,0,88,86,70,90,0,83,8,84,92,91,0,96,0,0,0
l37,2=0,0,0,0,0,0,0,0,0,0,0,0,23,0,17,0,57,75,27,81,71,60,0,0,83,84,47,33,0,0,88,86,85,93,0,83,90,89,92,92,93,0,51,46,0
l38,2=0,0,0,0,0,0,0,0,0,0,0,26,0,0,53,0,31,44,47,74,43,70,37,77,83,89,89,30,0,0,0,0,0,6,0,18,0,0,51,0,0,1,0,89,89
l39,2=0,0,0,0,0,0,0,0,0,0,44,41,27,0,70,0,66,61,51,52,70,64,60,67,85,81,87,53,0,0,3,0,0,42,0,0,0,0,30,0,0,4,85,0,88
l40,2=0,0,0,0,0,0,0,0,0,0,53,24,0,0,66,0,45,33,51,35,68,74,54,49,80,82,86,67,0,0,0,2,0,0,0,0,0,0,0,0,0,0,84,86,0
l41,2=0,0,0,0,0,0,0,0,17,0,71,38,50,56,76,0,74,74,70,76,76,74,11,77,84,83,86,68,0,0,43,55,0,9,0,0,0,0,45,0,0,0,85,88,81
l42,2=0,0,0,0,0,0,0,0,0,0,0,0,1,0,64,0,57,44,53,76,60,69,59,77,84,83,87,63,0,0,0,0,0,48,0,0,50,0,61,9,0,0,79,86,81
l43,2=0,0,0,0,0,0,0,0,0,0,0,0,0,0,59,0,50,0,42,56,52,63,60,61,56,75,87,62,0,0,0,0,32,51,0,2,41,0,48,0,0,0,65,74,81
l44,2=0,0,0,0,0,0,0,0,0,0,0,0,0,0,55,0,47,42,37,64,64,67,65,74,81,79,87,64,0,0,0,0,0,32,0,0,0,0,21,44,0,0,82,83,81

l0,3=0,94,98,92,94,95,66,92,92,88,77,89,88,93,67,0,0,73,0,0,0,0,0,0,0,0,0,0,0,0,1,0,0,0,0,0,0,0,0,0,0,0,0,0,0
l1,3=92,0,98,92,94,96,97,91,92,72,86,91,90,92,0,0,7,49,37,23,10,0,0,0,1,0,0,0,0,0,77,2,0,0,0,0,0,0,0,0,0,0,0,0,0
l2,3=83,94,0,86,89,90,95,92,92,88,84,88,88,94,73,0,87,43,0,30,33,0,0,3,0,0,11,0,0,0,44,1,0,0,0,0,0,0,0,0,0,0,0,0,0
l3,3=94,94,95,0,94,91,87,42,92,80,84,91,84,89,47,0,90,4,0,0,0,0,0,0,0,0,0,0,0,0,55,2,0,0,0,0,0,0,0,0,0,0,0,0,0
l4,3=94,94,98,92,0,96,95,83,92,67,73,89,85,93,61,0,60,40,54,0,0,0,0,0,0,0,0,0,0,0,0,0,0,0,0,0,0,0,0,0,0,0,0,0,0
l5,3=89,94,89,89,94,0,97,94,92,86,87,77,91,94,62,0,51,74,34,13,18,0,0,0,0,0,0,0,0,0,80,2,0,0,0,0,0,0,0,0,0,0,0,0,0
l6,3=62,94,98,83,87,96,0,86,92,89,84,90,88,94,80,0,91,87,71,3,16,0,0,3,0,1,0,0,0,0,76,0,0,0,0,0,0,0,0,0,0,0,0,0,0
l7,3=84,92,94,0,87,91,93,0,93,89,81,92,91,94,86,0,93,0,67,87,30,0,0,77,1,86,74,0,0,0,0,0,0,0,0,0,0,0,0,0,0,0,0,0,0
l8,3=84,92,94,85,88,90,92,90,0,89,86,92,91,94,84,0,91,38,73,88,75,0,61,5,0,4,13,20,0,0,21,0,0,0,0,0,0,0,0,0,0,0,0,24,0
l9,3=84,83,94,84,84,90,94,90,93,0,86,92,91,95,85,0,90,63,73,74,46,15,0,5,5,9,13,17,0,0,41,2,0,0,0,0,0,0,0,0,0,0,5,0,0
l10,3=78,92,87,77,66,89,86,71,89,86,0,92,92,95,87,0,93,77,79,83,85,72,30,72,3,83,71,76,0,0,2,2,0,0,0,0,0,0,0,0,0,0,0,21,0
l11,3=81,91,90,83,84,15,88,90,93,89,85,0,92,95,82,0,92,78,64,73,72,38,36,1,3,46,17,16,0,0,49,2,0,0,0,0,0,0,0,0,0,0,0,29,0
l12,3=75,83,92,5,1,90,43,89,92,89,87,92,0,95,87,0,92,44,70,44,65,5,36,4,3,2,15,21,0,0,16,1,0,0,0,0,0,0,0,0,0,20,0,21,0
l13,3=84,92,90,7,87,89,91,89,92,89,86,92,92,0,85,0,92,59,48,36,45,31,14,7,1,1,0,0,0,0,58,2,0,0,0,0,0,0,0,0,0,0,0,0,0
l14,3=55,0,64,24,63,67,68,78,84,72,87,86,90,89,0,0,93,99,87,90,100,62,68,74,62,69,76,69,0,0,56,76,0,0,0,0,0,0,0,43,10,18,75,73,73
l15,3=12,1,67,64,36,54,82,82,77,68,88,92,91,94,88,0,0,88,79,86,94,77,76,81,68,74,75,63,0,0,76,74,0,0,0,0,0,0,0,0,30,28,22,49,60
l16,3=50,60,36,0,40,77,80,1,59,54,78,57,67,71,97,0,91,0,82,98,100,45,0,14,65,78,72,68,0,0,92,92,0,57,0,0,0,0,42,44,77,0,16,45,63
l17,3=0,74,0,0,64,65,63,69,92,82,87,91,90,73,97,0,92,94,0,93,94,63,70,82,78,64,0,32,0,0,78,74,0,0,0,0,0,0,0,0,47,34,65,35,55
l18,3=0,18,30,0,0,31,0,76,85,60,79,71,79,35,93,0,89,99,86,0,100,88,83,79,87,92,84,90,0,0,90,78,19,0,0,6,0,0,43,33,67,60,70,62,58
l19,3=0,0,33,0,0,31,4,59,74,55,81,85,86,61,97,0,93,99,87,98,0,80,71,78,82,88,74,89,0,0,83,75,24,36,0,0,0,0,23,0,71,38,78,71,0
l20,3=0,0,0,0,0,0,0,4,2,2,74,59,23,28,82,0,89,47,73,93,89,0,99,90,72,88,79,97,0,0,0,0,93,79,0,69,84,78,81,44,25,0,83,78,87
l21,3=0,0,0,0,0,0,0,2,68,0,29,58,61,0,69,0,84,0,73,92,84,98,0,89,81,80,78,91,0,0,0,0,0,58,0,65,0,35,0,0,0,0,66,76,48
l22,3=0,0,10,0,0,0,0,49,12,25,41,35,37,59,71,0,76,39,69,72,72,92,86,0,81,87,84,97,0,0,42,0,77,81,0,62,85,51,76,0,7,37,83,76,77
l23,3=0,4,0,0,0,0,0,28,4,44,44,51,61,45,58,0,73,62,74,97,85,53,70,92,0,94,84,92,0,0,0,0,62,66,0,64,56,52,39,34,46,67,84,83,88
l24,3=0,0,0,0,0,0,15,69,49,49,76,64,67,53,72,0,77,72,55,97,85,97,62,92,87,0,84,86,0,0,0,0,75,57,0,18,15,45,36,64,64,63,77,81,92
l25,3=0,0,20,0,0,0,0,64,28,26,57,57,62,0,80,0,78,67,0,93,72,86,65,94,87,92,0,91,0,0,42,55,59,60,0,64,65,0,54,33,56,0,85,79,76
l26,3=0,0,0,0,0,0,0,11,13,25,53,27,69,0,50,0,53,51,36,79,86,97,92,94,81,83,79,0,0,0,0,1,86,92,0,84,85,32,73,72,36,42,82,69,86
l27,3=30,57,3,0,0,79,66,0,37,24,0,23,31,56,18,0,84,99,48,95,46,0,0,6,0,0,12,0,0,0,0,92,81,70,0,7,62,0,56,63,89,86,3,3,32
l28,3=1,48,11,10,0,63,1,0,0,50,57,25,31,52,34,0,81,99,51,85,25,0,0,2,0,0,43,0,0,0,92,0,76,84,0,23,68,38,69,90,90,94,7,5,0
l29,3=0,0,0,0,0,0,0,0,0,0,0,0,0,0,0,0,0,0,0,47,2,93,0,89,71,85,64,93,0,0,87,87,0,100,0,98,100,100,97,96,87,98,0,0,0
l30,3=0,0,0,0,0,0,0,0,0,0,0,0,0,0,0,0,0,92,0,0,4,87,59,92,79,77,78,97,0,0,92,92,98,0,0,98,100,100,97,96,92,98,22,2,18
l31,3=0,0,0,0,0,0,0,0,0,0,0,0,0,0,0,0,0,0,0,47,0,69,64,80,69,35,69,96,0,0,56,62,98,100,0,0,100,100,97,96,92,98,26,22,5
l32,3=0,0,0,0,0,0,0,0,0,0,0,0,0,0,0,0,0,0,0,0,0,73,0,90,76,1,81,87,0,0,63,71,98,100,0,98,0,100,97,96,87,95,0,6,0
l33,3=0,0,0,0,0,0,0,0,0,0,0,0,0,0,0,0,0,0,0,0,0,67,17,69,57,42,0,15,0,0,0,61,98,100,0,98,100,0,97,96,90,73,0,0,0
l34,3=0,0,0,0,0,0,0,0,0,0,0,0,0,0,0,0,0,40,0,64,6,89,0,89,58,41,71,89,0,0,92,92,98,100,0,98,100,100,0,96,92,98,18,0,65
l35,3=0,0,0,0,0,0,0,0,0,0,0,0,0,0,30,0,0,38,0,81,0,73,0,24,75,80,58,89,0,0,92,92,98,100,0,61,100,73,97,0,92,98,6,0,0
l36,3=0,0,0,0,0,0,0,0,0,0,0,3,0,0,22,0,83,43,57,88,34,24,0,2,67,85,72,56,0,0,92,92,93,99,0,94,93,51,97,96,0,98,0,22,0
l37,3=0,0,0,0,0,0,0,0,0,0,0,0,55,0,26,0,58,0,54,85,14,0,0,85,83,87,0,77,0,0,92,92,98,100,0,61,100,50,97,96,92,0,28,20,0
l38,3=0,0,0,0,0,0,0,0,0,0,0,0,0,0,67,0,30,35,46,60,67,56,27,72,65,52,50,59,0,0,2,51,0,21,0,2,0,0,0,0,0,1,0,85,93
l39,3=0,0,0,0,0,0,0,0,14,0,24,48,36,0,67,0,66,60,44,60,66,52,55,69,71,75,61,52,0,0,34,39,0,0,0,4,3,0,0,0,24,19,89,0,93
l40,3=0,0,0,0,0,0,0,0,0,0,0,0,0,0,60,0,29,48,15,54,0,62,8,65,70,78,59,64,0,0,44,0,0,0,0,0,0,0,34,0,0,0,89,84,0
l41,3=0,0,0,0,0,0,0,0,5,0,36,0,41,47,80,0,74,83,55,93,83,63,0,80,86,86,79,54,0,0,38,48,0,0,0,0,0,0,20,0,19,0,89,84,89
l42,3=0,0,0,0,0,0,0,0,0,0,5,0,0,0,54,0,33,35,46,69,71,64,49,73,82,78,79,49,0,0,0,0,1,0,0,21,12,43,33,1,0,0,87,84,90
l43,3=0,0,0,0,0,0,0,0,0,0,0,0,8,0,45,0,0,20,0,33,51,60,40,55,59,60,65,56,0,0,0,0,55,0,0,0,0,0,21,0,0,0,77,74,79
l44,3=0,0,0,0,0,0,0,0,0,0,0,0,0,0,38,0,40,46,0,60,48,54,43,68,72,80,71,38,0,0,0,0,47,56,0,0,0,0,34,22,0,0,85,77,73

l0,4=0,95,59,41,72,54,51,73,80,55,29,39,39,43,25,0,31,18,0,0,0,0,0,0,0,0,0,0,0,0,36,34,0,0,0,0,0,0,0,0,0,0,0,0,0
l1,4=89,0,78,43,75,73,86,63,88,45,40,44,41,43,9,0,29,15,27,29,9,0,0,0,0,0,0,0,0,0,25,15,0,0,0,0,0,0,0,0,0,0,0,0,0
l2,4=83,91,0,38,75,40,64,81,87,67,36,67,41,43,6,0,29,17,24,27,0,0,0,0,0,0,9,0,0,0,0,27,0,0,0,0,0,0,0,0,0,0,0,0,0
l3,4=89,95,50,0,93,61,24,64,77,47,32,31,29,34,23,0,36,10,29,1,7,0,0,0,0,0,0,0,0,0,36,34,0,0,0,0,0,0,0,0,0,0,0,0,0
l4,4=84,85,54,56,0,72,51,54,24,1,33,26,38,43,18,0,30,22,18,0,0,0,0,0,0,0,0,0,0,0,1,26,0,0,0,0,0,0,0,0,0,0,0,0,0
l5,4=84,95,41,40,78,0,67,81,18,70,40,36,41,35,19,0,28,20,19,0,0,0,0,0,0,0,0,0,0,0,43,26,0,0,0,0,0,0,0,0,11,0,0,0,0
l6,4=80,93,75,36,67,86,0,79,76,85,42,45,41,43,31,0,38,21,29,28,23,0,0,0,0,17,0,0,0,0,37,0,0,0,0,0,0,0,0,0,0,0,0,0,0
l7,4=80,86,91,38,81,85,55,0,91,93,57,83,78,54,59,0,55,0,50,67,32,0,0,18,11,49,32,19,0,0,0,0,0,0,0,0,0,0,0,0,0,0,0,0,0
l8,4=80,86,92,38,41,24,41,84,0,93,25,81,41,44,44,0,37,18,46,53,22,15,0,17,13,15,19,15,0,0,0,0,0,0,0,0,0,0,0,0,0,0,0,8,0
l9,4=80,86,92,33,34,85,88,99,90,0,76,82,80,89,51,0,76,27,63,34,31,0,0,28,30,29,6,29,0,0,42,36,0,0,0,0,0,0,0,0,0,0,0,0,0
l10,4=22,60,37,26,33,43,37,56,31,65,0,37,77,42,54,0,83,26,67,37,38,22,7,29,25,42,25,25,0,0,31,34,0,0,0,0,0,0,0,0,0,0,31,28,0
l11,4=74,69,58,27,32,32,52,99,90,94,46,0,87,46,28,0,42,23,52,42,29,0,4,28,25,24,22,24,0,0,4,34,0,0,0,0,0,0,0,0,0,0,0,18,0
l12,4=58,84,60,6,34,53,60,80,81,76,84,84,0,47,56,0,84,35,28,37,38,0,23,28,29,24,30,35,0,0,0,8,0,0,0,0,0,0,0,0,0,0,11,29,31
l13,4=74,76,45,12,43,42,45,79,80,91,65,83,77,0,39,0,38,27,34,34,36,20,0,28,25,26,20,24,0,0,12,19,0,0,0,0,0,0,0,0,7,0,0,9,0
l14,4=36,24,1,17,20,25,50,72,75,72,76,62,73,36,0,0,83,80,81,78,87,51,0,30,30,60,39,38,0,0,74,56,0,0,0,0,0,0,0,35,22,29,57,39,54
l15,4=29,35,29,24,35,30,58,76,50,53,82,82,85,32,71,0,0,58,72,61,55,55,26,29,29,41,30,34,0,0,79,55,0,37,0,0,0,0,0,2,31,0,31,32,29
l16,4=22,31,5,9,22,26,29,0,27,33,59,47,52,35,82,0,84,0,72,82,78,2,0,0,31,57,41,0,0,0,93,93,0,48,0,0,0,0,66,40,41,39,31,37,27
l17,4=0,63,29,22,48,32,43,67,70,75,76,71,35,34,82,0,80,71,0,76,38,0,24,32,29,60,30,34,0,0,74,69,0,0,0,0,0,0,0,0,41,31,0,58,46
l18,4=0,22,5,0,0,0,15,67,72,26,66,63,12,6,75,0,70,82,75,0,88,52,57,13,75,85,79,74,0,0,80,75,0,41,0,25,0,0,52,32,39,31,53,77,73
l19,4=0,13,0,1,0,0,47,69,54,58,70,72,74,34,82,0,84,82,53,82,0,71,48,65,59,72,46,80,0,0,81,76,0,50,0,0,0,0,55,12,32,31,78,83,70
l20,4=0,0,0,0,0,0,0,3,25,0,29,0,0,20,48,0,64,5,0,63,55,0,91,69,71,87,82,87,0,0,0,0,87,66,0,48,46,66,71,35,29,32,81,81,69
l21,4=0,0,0,0,0,0,0,0,0,0,18,43,49,0,0,0,60,0,42,69,60,89,0,78,66,83,79,86,0,0,0,0,0,0,0,54,0,0,61,0,0,0,29,78,64
l22,4=0,0,0,0,0,0,0,29,27,25,31,43,21,9,46,0,50,0,29,50,44,64,60,0,76,87,90,87,0,0,0,0,62,68,0,57,70,60,58,12,48,48,66,80,57
l23,4=0,0,0,0,0,0,0,8,22,28,34,19,33,7,49,0,63,47,54,72,77,73,43,85,0,88,90,83,0,0,20,39,56,51,0,56,42,20,42,68,10,60,82,91,90
l24,4=0,0,0,0,0,0,26,63,16,48,77,46,37,15,75,0,68,47,73,70,78,76,77,81,77,0,82,83,0,0,0,37,59,53,0,0,21,0,46,69,59,58,76,91,90
l25,4=0,0,3,0,0,0,0,35,31,0,54,24,56,8,59,0,55,50,37,65,57,66,62,86,77,88,0,77,0,0,47,0,71,71,0,51,57,25,51,62,66,20,70,84,65
l26,4=0,0,0,0,0,0,0,24,35,34,32,47,52,30,52,0,45,0,31,66,57,89,76,86,68,78,79,0,0,0,41,43,76,72,0,60,59,51,68,62,57,35,70,66,64
l27,4=21,22,0,21,0,26,31,0,11,31,26,10,0,14,24,0,39,52,48,58,24,0,0,0,12,0,21,4,0,0,0,93,41,38,0,31,23,0,40,49,56,54,21,11,0
l28,4=19,29,12,20,22,26,0,0,0,24,25,35,15,6,19,0,40,61,37,54,19,0,0,0,24,18,0,21,0,0,93,0,29,65,0,38,44,26,59,52,54,54,19,15,22
l29,4=0,0,0,0,0,0,0,0,0,0,0,0,0,0,0,0,0,0,0,0,0,83,0,60,37,70,86,87,0,0,87,50,0,99,0,100,100,99,100,97,94,100,37,27,0
l30,4=0,0,0,0,2,0,0,0,0,0,0,0,0,0,0,0,31,39,0,47,17,64,0,59,35,69,39,57,0,0,63,89,97,0,0,100,100,61,100,97,94,97,49,0,0
l31,4=0,0,0,0,0,0,0,0,0,0,0,0,0,0,0,0,0,0,0,59,0,62,35,74,67,0,45,70,0,0,71,81,97,99,0,0,100,99,100,97,94,100,0,7,49
l32,4=0,0,0,0,0,0,0,0,0,0,0,0,0,0,0,0,0,0,0,0,0,68,0,86,39,67,83,86,0,0,66,85,97,99,0,100,0,99,100,97,94,100,0,2,0
l33,4=0,0,0,0,0,0,0,0,0,0,0,0,0,0,0,0,0,0,0,0,0,75,0,74,38,0,38,45,0,0,0,76,97,99,0,100,100,0,100,93,94,70,0,0,0
l34,4=0,0,0,0,0,0,0,0,0,0,0,0,0,0,0,0,0,82,0,67,27,86,30,65,41,66,43,84,0,0,93,93,97,99,0,100,100,99,0,97,94,100,0,0,55
l35,4=0,0,0,0,0,0,0,0,0,0,0,0,0,0,42,0,5,54,0,70,1,62,0,11,77,88,46,78,0,0,93,93,97,99,0,100,100,70,100,0,94,100,0,0,2
l36,4=0,0,0,0,0,24,0,0,0,0,0,0,0,2,18,0,35,35,56,61,6,10,0,26,13,56,41,37,0,0,93,93,69,99,0,97,90,37,100,97,0,100,0,0,0
l37,4=0,0,0,0,10,0,0,0,0,0,0,0,0,0,37,0,10,36,50,53,32,46,0,43,41,71,34,49,0,0,93,93,97,99,0,100,100,31,100,97,94,0,18,0,41
l38,4=0,0,0,0,0,0,0,0,0,0,19,0,0,0,59,0,28,36,0,24,30,48,4,31,64,53,50,65,0,0,17,11,33,49,0,0,0,0,0,0,0,0,0,91,90
l39,4=0,0,0,0,0,0,0,0,20,0,15,10,21,5,54,0,45,38,31,44,54,46,22,47,68,75,78,59,0,0,21,37,31,0,0,0,0,0,0,0,0,0,85,0,89
l40,4=0,0,0,0,0,0,0,0,0,0,0,0,9,0,53,0,13,15,16,34,21,48,24,30,68,74,12,61,0,0,0,26,0,0,0,1,0,0,29,0,0,1,87,91,0
l41,4=0,0,0,0,0,0,0,0,0,0,26,11,16,16,60,0,45,56,41,65,69,48,12,66,69,79,78,65,0,0,43,57,0,0,0,0,0,0,37,0,27,0,82,88,83
l42,4=0,0,0,0,0,0,0,0,0,0,13,0,0,0,40,0,0,32,19,52,34,49,21,36,69,80,76,69,0,0,0,0,40,7,0,36,45,4,45,0,0,0,78,91,88
l43,4=0,0,0,0,0,0,0,0,0,0,0,0,12,0,17,0,16,0,10,17,23,61,23,35,29,66,65,49,0,0,0,0,57,26,0,0,0,0,0,0,0,0,78,90,84
l44,4=0,0,0,0,0,0,0,0,0,0,0,0,0,0,56,0,45,40,4,57,22,60,28,63,67,79,70,68,0,0,0,0,46,52,0,0,0,0,33,0,0,0,88,86,80

l0,5=0,35,37,46,38,34,29,54,69,69,64,72,88,28,20,0,82,49,20,0,0,0,0,0,0,0,0,0,0,0,28,0,0,0,0,0,0,0,0,0,0,0,0,0,0
l1,5=36,0,40,46,38,34,30,56,74,66,69,70,88,86,0,0,19,60,29,5,19,0,0,0,0,0,0,0,0,0,42,0,0,0,0,0,0,0,0,0,26,0,0,0,0
l2,5=35,36,0,41,37,33,29,63,78,64,55,84,89,88,14,0,59,45,16,15,0,0,0,0,12,5,4,0,0,0,0,48,0,0,0,0,0,0,0,0,0,0,0,0,0
l3,5=46,38,37,0,39,34,28,58,69,3,44,72,77,83,4,0,84,47,38,0,0,0,0,0,0,0,0,0,0,0,63,44,0,0,0,0,0,0,0,0,0,0,0,0,0
l4,5=38,36,38,53,0,34,29,57,63,65,61,65,88,0,0,0,78,56,24,48,0,0,0,0,0,0,0,0,0,0,71,46,0,0,0,0,0,0,0,0,0,0,0,0,0
l5,5=35,37,39,41,39,0,30,58,68,68,75,76,56,58,18,0,69,53,25,20,15,0,0,0,0,0,0,0,0,0,72,0,0,0,0,0,0,0,0,0,33,0,0,0,0
l6,5=35,42,38,34,37,37,0,59,69,72,67,81,89,88,28,0,82,63,32,24,0,0,0,0,2,12,1,0,0,0,34,26,0,0,0,0,0,0,0,0,0,0,0,0,0
l7,5=32,33,50,39,35,32,30,0,78,84,63,89,86,86,73,0,81,0,72,71,0,0,0,14,0,38,21,13,0,0,0,0,0,0,0,0,0,0,0,0,0,0,0,0,0
l8,5=36,49,86,40,27,30,30,79,0,84,62,88,90,90,72,0,75,38,59,59,29,0,32,57,25,17,22,12,0,0,0,0,0,0,0,0,0,0,0,0,0,0,0,1,0
l9,5=34,26,22,3,28,49,59,76,78,0,78,89,90,90,77,0,81,60,77,20,23,29,0,3,29,17,20,9,0,0,32,9,0,0,0,0,0,0,0,0,0,0,0,35,0
l10,5=5,12,9,5,13,31,23,14,40,56,0,87,93,88,90,0,91,71,33,43,50,42,3,35,34,26,27,17,0,0,27,44,0,0,0,0,0,0,0,0,0,12,37,45,0
l11,5=31,25,27,30,27,30,24,76,75,87,79,0,93,88,0,0,83,35,70,25,27,0,0,36,33,20,21,16,0,0,38,41,0,0,0,0,0,0,0,0,0,0,34,0,0
l12,5=18,34,40,13,35,30,30,58,75,87,88,89,0,90,87,0,91,79,30,27,32,20,32,13,39,21,30,17,0,0,35,34,0,0,0,0,0,0,0,0,0,0,26,53,1
l13,5=13,26,26,32,2,30,28,51,75,89,84,89,93,0,77,0,77,71,69,67,66,49,2,38,42,36,17,16,0,0,46,21,0,0,0,0,0,0,0,0,0,0,0,44,0
l14,5=1,0,5,0,0,11,9,21,27,33,85,23,65,30,0,0,91,85,86,52,82,30,46,33,48,24,67,11,0,0,42,65,0,0,0,0,0,0,0,17,50,30,50,65,22
l15,5=7,0,8,15,14,21,19,20,26,30,87,82,85,22,85,0,0,78,86,46,54,54,49,39,47,25,71,17,0,0,42,74,0,0,0,0,0,0,0,0,54,37,26,54,8
l16,5=1,1,4,0,7,14,11,0,7,8,64,19,45,24,56,0,87,0,35,55,36,0,0,30,42,24,68,8,0,0,63,85,6,0,0,0,0,0,50,44,76,33,38,42,2
l17,5=0,2,3,6,11,15,14,32,21,51,69,68,52,23,93,0,87,69,0,26,80,30,0,30,40,39,63,11,0,0,56,34,0,0,0,0,0,0,1,6,32,24,47,57,21
l18,5=0,0,0,0,7,10,8,34,48,4,60,48,36,33,68,0,68,80,54,0,80,66,41,57,75,73,72,71,0,0,58,62,19,7,0,8,11,2,52,15,46,27,33,66,67
l19,5=0,2,0,0,0,17,0,0,21,25,72,56,41,26,88,0,87,80,76,86,0,51,13,41,76,39,44,63,0,0,46,72,0,14,0,0,0,0,52,30,36,49,51,63,21
l20,5=0,0,0,0,0,0,0,0,0,9,19,10,2,20,27,0,53,5,29,60,35,0,70,79,75,70,67,79,0,0,0,0,47,36,0,19,33,23,45,17,13,17,37,55,51
l21,5=0,0,0,0,0,0,0,0,24,0,15,0,21,2,38,0,53,0,28,57,0,79,0,52,49,69,60,76,0,0,0,0,0,0,0,10,0,0,0,0,0,0,25,15,27
l22,5=0,0,0,0,0,0,0,0,34,0,32,38,17,20,32,0,49,35,37,61,50,75,42,0,80,76,82,78,0,0,6,0,21,53,0,39,53,49,18,19,39,22,57,67,0
l23,5=0,0,0,0,0,0,0,0,7,9,27,21,46,11,47,0,55,42,26,71,68,72,19,83,0,78,83,69,0,0,11,15,19,0,0,27,11,15,0,48,15,39,57,66,75
l24,5=0,0,0,0,0,3,7,35,14,10,56,30,29,8,31,0,55,31,60,73,62,67,58,86,81,0,77,74,0,0,0,30,16,12,0,8,15,0,12,44,16,1,36,74,75
l25,5=0,0,0,0,0,0,0,10,25,16,30,28,55,11,41,0,60,43,56,68,31,68,38,86,81,74,0,67,0,0,15,0,48,48,0,24,20,27,23,22,20,23,53,73,35
l26,5=0,0,0,0,0,0,0,2,15,7,19,28,33,22,37,0,38,12,4,68,54,78,67,85,72,63,62,0,0,0,6,1,33,59,0,21,41,0,40,25,25,17,44,57,52
l27,5=1,5,0,7,12,19,9,0,0,3,16,62,44,14,9,0,31,83,37,31,9,0,0,8,8,0,12,0,0,0,0,85,36,17,0,9,29,62,56,85,89,86,0,3,0
l28,5=0,0,10,4,12,0,6,0,0,0,17,48,29,8,9,0,52,84,21,39,52,0,0,0,10,11,3,0,0,0,93,0,37,21,0,9,55,61,45,90,89,84,18,28,0
l29,5=0,0,0,0,0,0,0,0,0,0,0,0,0,0,0,0,0,13,0,30,0,67,1,40,49,16,74,60,0,0,32,35,0,96,0,76,93,98,87,95,79,89,22,21,1
l30,5=0,0,0,0,0,0,0,0,0,0,0,0,0,0,0,0,1,0,0,15,2,30,0,73,5,3,71,74,0,0,60,66,89,0,0,76,93,97,87,95,94,91,30,45,8
l31,5=0,0,0,0,0,0,0,0,0,0,0,0,0,0,0,0,0,4,0,52,0,38,20,66,67,49,52,56,0,0,47,46,89,96,0,0,93,98,87,95,94,91,26,24,20
l32,5=0,0,0,0,0,0,0,0,0,0,0,0,0,0,0,0,0,0,0,12,0,51,1,81,39,13,30,40,0,0,24,43,89,96,0,76,0,98,87,93,92,67,0,0,0
l33,5=0,0,0,0,0,0,0,0,0,0,0,0,0,0,0,0,0,0,0,0,0,53,0,66,6,0,44,0,0,0,29,36,89,96,0,76,93,0,87,83,94,35,0,0,0
l34,5=0,0,0,0,0,0,0,0,0,0,0,0,0,0,0,0,0,55,0,43,8,44,0,13,1,14,49,57,0,0,42,28,89,96,0,74,76,88,0,95,94,91,0,28,0
l35,5=0,0,0,0,0,0,0,0,0,0,0,0,0,0,5,0,0,48,15,18,6,10,0,17,40,25,21,25,0,0,60,53,89,96,0,69,91,92,87,0,94,91,0,0,4
l36,5=0,0,0,0,0,10,0,0,0,0,0,0,0,0,9,0,29,57,18,45,7,3,0,29,12,10,20,45,0,0,93,85,51,96,0,50,88,91,81,95,0,91,0,0,0
l37,5=0,0,0,0,0,0,0,0,0,0,14,0,0,0,7,0,19,38,17,19,9,34,0,19,34,5,42,45,0,0,93,84,89,96,0,76,81,77,87,95,94,0,0,0,0
l38,5=0,0,0,0,0,0,0,0,0,0,18,13,21,0,45,0,18,25,43,31,36,34,15,60,60,59,60,58,0,0,0,11,13,22,0,0,0,0,0,0,0,0,0,59,82
l39,5=0,0,0,0,0,0,0,0,0,2,17,0,36,3,57,0,47,32,51,65,60,58,8,67,68,66,69,62,0,0,0,21,4,7,0,1,0,0,14,0,0,0,57,0,81
l40,5=0,0,0,0,0,0,0,0,0,0,0,0,0,0,46,0,21,13,20,57,21,32,18,4,61,63,26,35,0,0,0,0,0,4,0,0,0,0,0,0,0,0,59,74,0
l41,5=0,0,0,0,0,0,0,0,0,8,0,21,36,4,59,0,54,57,46,66,62,10,31,68,70,66,70,44,0,0,14,23,0,0,0,0,0,0,13,13,25,0,57,69,74
l42,5=0,0,0,0,0,0,0,0,0,0,1,0,0,0,21,0,0,24,32,65,35,39,0,68,68,67,67,64,0,0,0,0,0,14,0,0,15,0,12,0,15,0,57,69,78
l43,5=0,0,0,0,0,0,0,0,0,0,0,0,9,0,13,0,0,0,26,38,31,40,15,59,32,60,59,55,0,0,0,0,14,0,0,11,0,0,12,0,0,0,54,65,65
l44,5=0,0,0,0,0,0,0,0,0,0,0,7,14,0,24,0,34,6,26,63,32,64,21,22,68,66,68,64,0,0,0,0,11,20,0,0,11,0,0,0,0,0,57,67,75

l0,6=0,77,86,88,88,71,81,73,73,73,39,76,66,78,0,0,52,27,11,1,0,0,0,0,0,0,0,0,0,0,17,0,0,0,0,0,0,0,0,0,0,0,0,0,0
l1,6=79,0,88,88,88,73,84,78,77,67,74,73,69,79,21,0,45,1,62,41,0,0,0,0,0,0,0,0,0,0,50,29,0,0,0,0,0,0,0,0,0,0,0,0,0
l2,6=82,81,0,86,86,69,84,80,79,74,37,78,69,80,0,0,47,57,50,53,0,0,0,0,0,30,0,0,0,0,26,0,0,0,0,0,0,0,0,0,0,0,0,0,0
l3,6=83,81,86,0,88,70,82,72,59,71,38,76,4,77,0,0,37,10,4,0,0,0,0,0,0,0,0,0,0,0,20,32,0,0,0,0,0,0,0,0,0,0,0,0,0
l4,6=82,77,85,88,0,71,81,72,66,71,66,76,68,77,21,0,43,4,5,28,0,0,0,0,0,0,0,0,0,0,34,44,0,0,0,0,0,0,0,0,0,0,0,0,0
l5,6=82,82,75,83,90,0,84,74,65,70,77,76,65,16,3,0,11,7,3,1,0,0,0,0,0,0,0,0,0,0,27,32,0,0,0,0,0,0,20,0,1,0,0,0,0
l6,6=80,81,88,83,88,73,0,81,65,80,73,68,70,77,52,0,46,30,56,43,27,0,0,0,0,34,13,0,0,0,2,13,0,0,0,0,0,0,0,0,0,0,0,0,0
l7,6=68,63,87,74,82,68,84,0,82,81,72,82,61,78,71,0,51,43,57,62,11,0,0,0,0,57,39,0,0,0,0,2,0,0,0,0,0,0,0,0,0,0,0,0,0
l8,6=77,78,88,67,58,63,69,82,0,82,62,80,71,80,63,0,53,1,26,55,0,18,26,22,24,51,43,23,0,0,0,0,0,0,0,0,0,0,0,0,0,0,0,0,0
l9,6=74,73,82,75,76,71,84,82,79,0,74,81,72,85,73,0,53,39,64,52,40,0,11,0,26,44,20,15,0,0,12,0,0,0,0,0,0,0,0,0,0,0,6,0,0
l10,6=51,61,58,50,63,56,67,64,59,65,0,75,73,81,83,0,63,33,64,62,46,28,10,54,41,45,29,11,0,0,27,30,0,0,0,0,0,0,0,0,12,8,27,32,0
l11,6=68,63,78,69,70,63,61,77,75,79,71,0,74,81,71,0,55,31,68,63,19,23,1,53,42,38,19,31,0,0,35,6,0,0,0,0,0,0,0,0,0,0,0,23,0
l12,6=68,65,67,53,59,54,79,69,75,82,82,82,0,85,77,0,57,37,67,66,50,0,0,26,40,42,31,14,0,0,29,20,0,0,0,0,0,0,0,0,0,0,27,31,0
l13,6=72,73,80,73,75,55,78,78,78,84,76,82,74,0,75,0,53,43,66,65,32,3,0,48,34,45,18,32,0,0,25,23,0,0,0,0,0,0,0,0,0,0,0,19,0
l14,6=25,20,23,0,20,27,30,64,64,55,75,44,67,76,0,0,44,68,80,81,61,14,15,50,48,29,11,15,0,0,47,19,0,24,0,0,0,0,39,0,36,0,28,49,54
l15,6=50,18,45,43,52,35,29,58,58,46,82,45,61,63,71,0,0,33,70,64,48,29,16,55,39,0,23,32,0,0,30,31,0,16,0,0,0,0,0,29,33,1,0,29,0
l16,6=41,0,34,50,22,22,12,30,2,16,28,4,51,55,66,0,29,0,72,80,61,0,0,51,45,19,22,6,0,0,50,53,15,0,0,19,5,0,45,5,72,5,0,25,26
l17,6=34,43,14,14,19,32,29,42,32,49,66,67,60,68,87,0,60,62,0,69,67,29,16,57,35,63,26,31,0,0,66,33,0,25,0,0,0,0,0,0,32,0,27,55,30
l18,6=16,7,6,0,27,7,16,45,46,11,18,42,46,55,64,0,49,61,62,0,77,55,27,59,46,70,51,48,0,0,17,23,22,20,0,16,0,0,41,47,39,0,47,59,51
l19,6=0,0,2,0,0,3,24,22,0,41,65,23,48,53,73,0,56,68,73,83,0,33,19,57,61,76,19,47,0,0,33,61,0,40,0,0,0,0,46,50,38,31,27,59,49
l20,6=0,0,0,0,0,0,0,0,11,0,21,14,0,8,25,0,47,1,45,67,33,0,57,81,52,79,63,69,0,0,0,0,41,24,0,27,29,13,48,20,12,14,42,51,27
l21,6=0,0,0,0,0,0,0,0,31,13,19,11,0,0,44,0,42,0,34,57,42,72,0,71,50,67,51,49,0,0,0,0,11,25,0,0,0,0,25,0,0,0,23,28,32
l22,6=0,0,0,0,0,0,0,0,17,0,16,17,11,16,25,0,27,16,37,54,20,71,23,0,60,82,69,71,0,0,0,3,19,56,0,22,55,36,40,22,20,21,64,29,53
l23,6=0,0,0,0,0,0,0,0,11,10,25,22,33,14,44,0,31,44,29,67,63,64,19,80,0,82,70,53,0,0,17,16,20,24,0,29,0,0,21,24,14,16,60,64,27
l24,6=0,0,14,0,0,0,14,39,30,22,39,24,22,24,26,0,0,24,64,71,63,63,31,83,63,0,70,64,0,0,17,0,0,30,0,21,15,0,21,23,10,23,60,62,61
l25,6=0,0,0,0,0,0,3,15,20,13,36,14,27,15,17,0,39,44,45,67,19,61,13,85,63,86,0,51,0,0,0,0,36,30,0,17,21,25,31,25,15,16,43,70,40
l26,6=0,0,0,0,0,0,0,0,13,7,7,22,15,24,32,0,36,10,52,70,50,72,51,83,52,79,63,0,0,0,0,0,19,52,0,9,46,35,52,26,27,27,64,37,45
l27,6=36,16,27,38,18,38,12,0,0,2,10,17,30,44,65,0,13,43,71,33,24,0,0,0,31,14,0,0,0,0,0,54,20,40,0,23,29,30,63,81,79,51,0,0,0
l28,6=0,6,0,40,38,35,4,8,0,0,35,5,22,42,37,0,27,71,34,41,43,0,0,12,26,0,0,0,0,0,87,0,42,56,0,34,31,31,44,63,81,41,1,13,0
l29,6=0,0,0,0,0,0,0,0,0,0,0,0,0,0,0,0,0,13,0,55,0,58,1,67,43,0,53,36,0,0,53,52,0,80,0,75,81,85,72,89,59,66,0,8,0
l30,6=0,0,0,0,0,0,0,0,0,0,0,0,0,0,22,0,7,0,17,25,17,32,8,72,34,39,51,48,0,0,56,57,74,0,0,75,81,87,72,67,83,86,6,16,0
l31,6=0,0,0,0,0,0,0,0,0,0,0,0,0,0,0,0,0,26,0,49,0,53,0,67,48,58,48,42,0,0,35,53,74,79,0,0,81,92,66,81,72,78,30,33,0
l32,6=0,0,0,0,0,0,0,0,0,0,0,0,0,0,0,0,0,10,0,0,0,37,0,73,0,33,38,59,0,0,54,42,74,79,0,75,0,84,66,81,68,44,15,0,0
l33,6=0,0,0,0,0,0,0,0,0,0,0,0,0,0,0,0,0,0,0,0,0,7,0,71,0,0,53,51,0,0,33,43,70,77,0,75,79,0,66,63,70,76,0,0,0
l34,6=0,0,0,0,0,12,0,0,0,0,0,0,0,0,33,0,0,26,0,39,30,55,9,69,35,17,48,58,0,0,58,39,74,80,0,75,69,64,0,89,83,87,9,30,0
l35,6=0,0,0,0,0,0,0,0,0,0,0,0,0,0,0,0,15,6,0,47,30,43,0,49,38,31,49,21,0,0,67,67,74,75,0,71,62,41,72,0,83,87,0,19,0
l36,6=0,0,0,0,0,1,0,0,0,0,0,0,0,0,37,0,21,49,15,47,12,24,0,56,34,5,25,24,0,0,88,85,71,80,0,75,47,47,72,89,0,87,0,0,0
l37,6=0,0,0,0,0,0,0,0,0,0,14,0,0,0,0,0,16,28,1,0,24,32,0,59,37,35,26,24,0,0,74,73,66,80,0,72,43,69,72,89,83,0,0,0,0
l38,6=0,0,0,0,0,0,0,0,0,0,7,0,14,0,42,0,0,26,22,44,17,28,0,64,45,49,45,41,0,0,0,0,0,19,0,6,12,0,18,0,0,0,0,64,64
l39,6=0,0,0,0,0,0,0,0,0,0,13,12,12,7,42,0,25,35,50,60,46,37,4,23,44,60,62,21,0,0,0,0,1,10,0,0,0,0,18,6,0,0,65,0,67
l40,6=0,0,0,0,0,0,0,0,0,0,0,0,0,0,40,0,0,22,32,46,30,19,4,55,32,60,46,31,0,0,0,0,0,0,0,0,0,0,0,0,0,0,66,71,0
l41,6=0,0,0,0,0,0,0,0,0,0,4,0,38,15,54,0,16,27,54,68,61,30,3,63,54,73,58,25,0,0,9,9,0,0,0,0,0,0,9,0,11,9,61,70,62
l42,6=0,0,0,0,0,0,0,0,0,0,1,2,0,0,17,0,11,20,26,52,21,29,1,50,33,68,58,47,0,0,0,0,16,0,0,13,17,17,21,0,11,0,61,64,61
l43,6=0,0,0,0,0,0,0,0,0,0,0,0,0,0,18,0,3,0,22,42,10,17,9,59,20,65,53,43,0,0,0,0,12,0,0,10,1,1,17,0,0,0,64,67,62
l44,6=0,0,0,0,0,0,0,0,0,0,0,0,8,0,11,0,18,14,16,24,13,23,8,50,50,68,53,38,0,0,0,0,0,0,0,0,0,0,0,0,0,0,59,64,55

l0,7=0,65,81,91,88,79,78,46,84,83,31,75,78,69,12,0,10,9,0,0,0,0,0,0,0,0,0,0,0,0,0,23,0,0,0,0,0,0,0,0,1,0,0,0,0
l1,7=89,0,84,90,85,83,80,49,86,85,47,81,84,72,0,0,10,0,6,9,0,0,0,0,0,0,0,0,0,0,0,0,0,0,0,0,0,0,0,0,0,0,0,0,0
l2,7=86,65,0,90,87,83,81,64,86,83,42,85,75,72,0,0,10,8,16,14,4,0,0,0,0,11,0,0,0,0,34,0,0,0,0,0,0,0,0,0,0,0,0,0,0
l3,7=92,67,86,0,88,80,80,49,73,77,21,79,73,66,12,0,0,3,21,2,0,0,0,0,0,0,0,0,0,0,28,18,0,0,0,0,0,0,0,0,0,0,0,0,0
l4,7=90,55,86,92,0,84,78,52,66,78,2,76,44,37,0,0,3,0,0,10,0,0,0,0,0,0,0,0,0,0,28,0,0,0,0,0,0,0,0,0,0,0,0,0,0
l5,7=84,68,85,89,88,0,82,48,72,78,46,79,73,58,12,0,4,2,5,8,25,0,0,0,0,0,0,0,0,0,16,0,0,0,0,0,0,0,0,0,0,0,0,0,0
l6,7=89,66,86,90,87,83,0,67,86,88,49,86,78,70,25,0,8,8,39,15,0,0,0,0,0,23,0,0,0,0,24,24,0,0,0,0,0,0,0,0,0,0,0,0,0
l7,7=73,53,79,83,81,75,83,0,87,88,48,92,78,75,33,0,10,9,0,54,53,20,1,0,29,75,46,24,0,0,0,0,0,0,0,0,0,0,0,0,0,0,0,0,0
l8,7=84,62,82,73,66,78,76,79,0,89,44,88,81,66,30,0,10,0,22,50,28,24,31,25,20,37,44,9,0,0,3,6,0,0,0,0,0,0,0,0,0,0,0,2,0
l9,7=85,62,81,77,85,78,83,80,87,0,43,91,86,75,38,0,10,0,42,28,46,22,0,14,0,56,48,0,0,0,17,14,0,0,0,0,0,0,0,0,0,0,0,21,0
l10,7=39,38,36,37,36,40,40,53,66,49,0,68,82,69,70,0,48,9,68,16,46,15,31,20,20,55,30,0,0,0,28,37,0,0,0,0,0,0,0,0,7,0,36,27,1
l11,7=76,61,80,77,85,80,75,74,84,86,51,0,84,69,42,0,18,7,68,55,0,4,0,27,46,26,43,37,0,0,1,16,0,0,0,0,0,0,0,0,0,0,0,31,1
l12,7=80,63,72,53,52,69,66,51,85,87,82,93,0,75,61,0,46,0,68,32,36,0,27,14,38,61,51,18,0,0,25,23,0,0,0,0,0,0,0,0,1,0,12,0,1
l13,7=81,56,77,83,72,67,63,75,79,88,62,93,86,0,39,0,0,2,46,51,52,0,32,32,29,60,0,22,0,0,26,19,0,0,0,0,0,0,0,0,3,0,0,1,0
l14,7=25,0,0,4,0,18,22,34,26,46,83,72,48,24,0,0,50,75,76,77,54,25,0,15,21,61,36,29,0,0,40,46,0,0,0,0,0,0,3,11,18,0,50,34,35
l15,7=41,21,41,8,22,18,13,32,37,34,83,66,50,0,66,0,0,51,24,24,51,23,30,12,21,48,26,20,0,0,21,30,0,23,0,0,0,0,0,1,12,0,0,5,23
l16,7=59,0,26,13,2,14,16,16,0,0,61,43,0,0,55,0,38,0,26,30,61,4,0,9,19,36,28,0,0,0,49,55,0,30,0,0,1,14,1,0,34,56,48,32,31
l17,7=2,19,43,38,0,19,23,0,24,61,80,80,79,45,76,0,47,72,0,43,65,22,7,15,37,66,60,43,0,0,40,32,0,2,0,0,0,0,4,0,0,39,29,34,36
l18,7=7,15,30,0,8,8,11,25,26,19,29,44,18,27,64,0,34,62,32,0,75,32,39,6,54,65,58,56,0,0,24,25,15,11,0,0,0,0,23,10,19,28,46,37,42
l19,7=0,0,3,0,0,17,0,25,21,45,71,0,21,19,55,0,48,76,70,78,0,25,32,18,78,71,28,30,0,0,28,20,0,33,0,0,0,12,15,15,24,0,50,41,47
l20,7=0,0,0,0,0,0,0,15,23,18,15,8,1,0,42,0,28,7,30,68,41,0,71,76,71,78,68,82,0,0,0,0,39,28,0,27,31,0,57,3,0,0,56,57,53
l21,7=0,0,0,0,0,0,0,9,44,0,32,0,32,25,0,0,31,0,14,61,45,82,0,68,67,70,38,81,0,0,0,0,1,19,0,0,14,0,38,0,0,0,37,41,29
l22,7=0,0,0,0,0,0,0,0,13,6,39,23,10,18,23,0,17,18,34,13,57,76,58,0,79,79,76,83,0,0,0,0,25,51,0,12,65,53,60,17,21,40,69,55,54
l23,7=0,0,0,0,0,0,0,10,12,0,25,26,42,7,39,0,35,29,45,63,64,71,60,82,0,89,82,76,0,0,3,9,18,31,0,44,26,0,16,10,35,16,65,57,22
l24,7=0,0,4,0,0,0,8,48,10,18,37,11,48,18,48,0,22,39,57,68,63,75,43,76,79,0,82,80,0,0,4,8,0,19,0,22,23,4,15,35,9,26,67,56,48
l25,7=0,0,0,0,0,0,0,12,15,20,35,23,38,0,48,0,30,36,49,64,26,54,12,83,79,89,0,74,0,0,0,1,57,31,0,23,28,20,29,21,34,15,67,65,56
l26,7=0,0,2,0,0,1,0,14,17,0,0,27,15,6,28,0,17,4,36,68,43,76,67,77,71,79,73,0,0,0,2,0,47,23,0,0,64,32,60,31,5,11,58,40,58
l27,7=0,0,42,46,13,15,2,0,0,3,34,15,1,6,35,0,4,65,17,17,15,0,0,0,5,14,0,0,0,0,0,85,19,52,0,38,41,48,31,31,34,80,1,13,0
l28,7=50,0,0,41,9,3,18,0,26,20,31,41,0,7,22,0,7,76,17,11,13,0,0,0,13,13,15,0,0,0,84,0,24,52,0,39,48,48,1,23,24,73,30,22,0
l29,7=0,0,0,0,0,0,0,0,0,0,0,0,0,0,0,0,0,0,0,31,0,18,0,30,57,0,56,45,0,0,10,16,0,68,0,80,92,84,75,93,75,75,1,4,0
l30,7=0,0,0,0,0,0,0,0,0,0,0,0,0,0,0,0,3,9,1,18,20,8,10,62,51,22,43,8,0,0,42,51,83,0,0,80,90,82,76,65,88,87,0,2,23
l31,7=0,0,0,0,0,0,0,0,0,0,0,0,0,0,0,0,0,17,0,0,0,27,0,22,64,62,53,0,0,0,38,43,83,59,0,0,92,87,72,62,82,76,0,29,0
l32,7=0,0,0,0,0,0,0,0,0,0,0,0,0,0,0,0,0,5,0,0,0,29,0,66,55,62,37,43,0,0,32,38,83,61,0,80,0,87,70,82,72,51,0,0,0
l33,7=0,0,0,0,0,0,0,0,0,0,0,0,0,0,0,0,0,0,0,0,0,0,0,64,0,0,36,27,0,0,20,24,82,65,0,80,92,0,73,74,78,67,14,0,0
l34,7=0,0,0,0,0,0,0,0,0,0,0,0,0,0,6,0,0,13,4,47,14,34,11,66,33,16,52,54,0,0,60,21,83,68,0,76,80,78,0,93,88,89,33,18,0
l35,7=0,0,0,0,0,0,0,0,0,0,0,0,0,0,8,0,5,40,0,31,19,3,0,22,28,24,53,19,0,0,54,65,83,62,0,57,80,77,76,0,88,89,0,0,0
l36,7=1,0,0,0,0,0,0,0,0,0,10,0,0,0,5,0,0,73,0,40,20,0,0,15,47,17,53,5,0,0,77,63,29,68,0,70,52,77,76,93,0,89,23,0,0
l37,7=0,0,0,0,0,0,0,0,0,0,0,0,0,0,0,0,0,33,10,16,0,0,0,27,30,24,40,6,0,0,49,37,69,68,0,57,51,74,76,93,88,0,43,20,0
l38,7=0,0,0,0,0,0,0,0,0,0,4,0,5,0,33,0,0,28,3,17,17,41,9,66,58,71,71,52,0,0,0,0,0,0,0,0,0,14,12,0,0,7,0,65,61
l39,7=0,0,0,0,0,0,0,0,0,3,17,21,0,0,21,0,0,26,43,50,38,55,10,51,63,68,81,50,0,0,3,3,7,6,0,6,0,0,15,0,0,2,77,0,57
l40,7=0,0,0,0,0,0,0,0,0,0,0,3,0,0,13,0,7,15,13,39,35,49,18,55,53,57,64,61,0,0,0,0,0,4,0,0,0,0,0,0,0,0,71,62,0
l41,7=0,0,0,0,0,0,0,3,11,0,9,8,35,6,51,0,27,33,54,62,61,9,0,45,76,78,69,40,0,0,2,13,12,0,0,0,0,0,7,0,0,15,65,67,55
l42,7=0,0,0,0,0,0,0,0,0,0,0,0,0,0,28,0,13,1,0,42,1,51,25,17,64,81,78,64,0,0,0,1,16,11,0,0,0,11,14,0,0,0,71,63,56
l43,7=0,0,0,0,0,0,0,0,0,0,0,0,0,0,16,0,11,4,19,53,22,31,25,68,26,74,74,75,0,0,0,0,20,6,0,12,10,0,17,0,0,0,70,61,59
l44,7=0,0,0,0,0,0,0,0,0,0,0,0,11,0,17,0,14,9,19,25,24,20,27,52,72,80,62,56,0,0,0,0,8,10,0,6,0,0,13,0,0,6,71,63,53

l0,8=0,71,91,92,97,91,95,82,88,74,60,71,78,74,25,0,71,0,59,58,0,0,0,0,0,0,0,0,0,0,69,6,0,0,0,0,0,0,0,0,0,0,0,0,0
l1,8=93,0,90,92,11,92,95,74,89,89,80,83,79,77,5,0,40,32,64,74,0,0,0,0,0,0,0,0,0,0,72,0,0,0,0,0,0,0,0,0,0,0,0,0,0
l2,8=93,72,0,92,95,92,95,92,94,89,70,85,64,96,50,0,66,51,75,53,34,0,0,0,0,6,0,0,0,0,69,0,0,0,0,0,0,0,0,0,0,0,0,30,0
l3,8=94,76,93,0,97,94,97,90,90,70,66,63,81,84,8,0,28,0,65,0,0,0,0,0,0,0,0,0,0,0,75,55,0,0,0,0,0,0,0,0,39,0,0,0,0
l4,8=93,50,90,95,0,92,92,83,89,80,1,72,70,4,18,0,37,33,74,53,0,0,0,0,0,0,0,0,0,0,0,49,0,0,0,0,0,0,0,0,0,0,0,0,0
l5,8=92,75,91,92,97,0,95,92,88,76,70,85,73,82,20,0,73,57,57,55,38,0,0,0,0,0,0,0,0,0,69,69,0,0,0,0,0,0,0,0,0,0,0,0,0
l6,8=93,71,93,92,95,92,0,93,89,92,79,85,81,93,65,0,79,31,68,0,44,0,0,0,0,31,0,0,0,0,65,58,0,0,0,0,0,0,0,0,0,0,0,0,0
l7,8=87,62,93,87,92,92,95,0,99,94,84,94,88,96,76,0,91,71,83,91,65,40,0,52,75,81,43,8,0,0,0,0,0,0,0,0,0,0,0,0,0,0,0,0,0
l8,8=89,72,92,92,91,92,93,98,0,94,84,94,92,96,55,0,84,5,81,90,83,80,0,58,62,0,20,72,0,0,0,0,0,0,0,0,0,0,0,0,0,0,0,34,0
l9,8=84,71,81,80,92,90,97,98,99,0,92,95,96,99,76,0,93,0,72,84,86,50,0,59,56,60,65,0,0,0,0,41,0,0,0,0,0,0,0,0,0,0,0,69,0
l10,8=73,44,48,51,81,75,73,95,94,90,0,81,96,99,91,0,94,0,93,85,53,49,35,78,73,38,46,0,0,0,73,82,0,0,0,0,0,0,0,0,0,0,0,70,0
l11,8=87,65,89,87,91,90,90,97,99,92,82,0,96,99,77,0,85,52,90,83,22,16,0,70,78,35,43,78,0,0,48,34,0,0,0,0,0,0,0,0,0,0,0,64,22
l12,8=88,62,48,87,91,90,61,98,99,97,95,95,0,99,83,0,94,63,95,90,58,1,43,21,74,48,46,69,0,0,33,1,0,0,0,0,0,0,0,0,0,0,64,0,7
l13,8=87,54,93,88,90,90,86,98,96,97,93,95,96,0,76,0,50,42,89,88,45,50,33,78,75,41,0,70,0,0,66,69,0,0,0,0,0,0,0,0,13,0,0,3,0
l14,8=37,1,19,3,39,29,62,88,59,49,61,73,96,80,0,0,55,72,98,97,62,53,26,80,75,49,46,58,0,0,84,88,0,0,0,0,0,0,0,15,23,28,41,71,49
l15,8=68,27,20,21,41,71,54,94,80,58,62,75,96,82,58,0,0,73,98,89,51,51,0,74,81,38,36,63,0,0,82,85,0,29,0,0,0,0,5,28,61,0,14,63,44
l16,8=0,6,16,11,36,45,9,75,0,0,0,21,85,40,59,0,54,0,98,97,68,9,0,0,79,47,46,0,0,0,95,94,0,0,0,0,10,4,70,94,93,91,75,69,79
l17,8=45,15,23,16,73,33,21,71,70,29,56,77,96,85,93,0,94,87,0,93,100,51,41,62,79,49,46,74,0,0,83,75,0,0,0,0,0,0,1,52,51,18,60,71,36
l18,8=15,17,0,0,29,30,0,81,79,26,37,42,83,61,93,0,68,96,89,0,92,90,50,91,90,88,90,93,0,0,83,53,21,16,0,0,0,0,66,62,50,61,76,75,75
l19,8=0,0,21,0,0,65,44,77,77,54,84,22,94,75,93,0,94,96,98,96,0,52,6,95,89,90,90,87,0,0,77,45,0,38,0,0,0,0,72,79,84,32,70,79,88
l20,8=0,0,0,0,0,0,0,41,54,22,58,26,13,56,58,0,64,20,61,80,54,0,98,97,86,88,76,94,0,0,0,0,48,52,0,27,1,0,68,23,24,29,59,50,73
l21,8=0,0,0,0,0,0,0,0,2,0,58,0,60,56,49,0,7,0,55,83,8,93,0,88,86,77,57,92,0,0,0,0,0,48,0,0,52,0,59,0,0,0,54,66,59
l22,8=0,0,0,0,0,0,0,14,18,10,62,28,14,40,50,0,41,0,19,81,82,89,77,0,89,87,90,93,0,0,0,0,54,69,0,49,62,55,77,25,25,31,71,76,84
l23,8=0,0,0,0,0,0,0,41,24,7,31,44,54,49,61,0,61,34,66,87,80,88,69,97,0,92,92,91,0,0,19,1,46,55,0,33,30,11,67,31,59,15,61,79,89
l24,8=0,0,0,0,0,0,20,54,0,44,51,29,63,54,69,0,59,55,77,83,70,90,59,94,90,0,92,90,0,0,23,15,52,16,0,9,24,19,65,17,58,11,73,63,41
l25,8=0,0,0,0,0,0,0,44,19,24,66,49,62,0,59,0,47,44,59,82,65,65,10,97,90,92,0,67,0,0,0,0,55,56,0,19,61,27,48,14,34,27,72,80,84
l26,8=0,0,0,0,0,0,0,15,24,0,0,38,20,25,22,0,48,0,51,82,60,91,82,96,84,86,73,0,0,0,0,0,51,17,0,52,70,24,78,22,0,10,53,46,85
l27,8=27,16,8,26,20,50,37,20,1,0,28,14,39,53,39,0,24,88,86,87,29,0,0,0,44,3,0,0,0,0,0,94,0,77,0,36,20,22,84,97,91,93,0,38,0
l28,8=0,0,0,1,76,59,1,0,0,6,46,15,30,46,46,0,42,94,55,78,28,0,0,0,22,6,2,0,0,0,95,0,48,78,0,24,45,28,84,96,93,52,7,65,0
l29,8=0,0,0,0,0,0,0,0,0,0,0,0,0,0,0,0,0,0,0,68,0,79,0,84,82,73,78,86,0,0,0,82,0,97,0,97,97,98,93,97,93,94,40,0,0
l30,8=0,0,0,0,0,0,0,0,0,0,0,0,0,0,0,0,38,0,0,45,56,78,15,88,81,22,80,40,0,0,93,82,96,0,0,96,96,100,93,97,95,96,9,27,0
l31,8=0,0,0,0,0,0,0,0,0,0,0,0,0,0,0,0,0,0,0,3,0,65,0,79,81,27,58,89,0,0,76,54,96,97,0,0,97,100,93,94,95,96,0,46,0
l32,8=0,0,0,0,0,0,0,0,0,0,0,0,0,0,0,0,0,59,0,0,0,0,38,57,68,65,82,91,0,0,69,66,96,97,0,97,0,100,93,66,94,93,7,0,0
l33,8=0,0,0,0,0,0,0,0,0,0,0,0,0,0,0,0,0,8,0,0,0,0,0,60,49,38,66,48,0,0,70,29,96,97,0,97,97,0,70,97,95,74,0,0,0
l34,8=0,0,0,0,0,0,0,0,0,0,0,0,0,0,0,0,0,21,0,85,43,82,24,97,81,45,38,93,0,0,87,75,96,97,0,97,97,94,0,97,95,96,34,52,22
l35,8=0,0,0,0,0,0,0,0,0,0,0,0,0,0,19,0,25,41,46,77,45,43,0,46,54,16,26,46,0,0,84,80,96,97,0,61,69,100,93,0,95,96,0,0,0
l36,8=0,0,0,7,0,0,0,0,0,0,0,0,0,6,29,0,32,53,17,78,83,39,0,21,55,48,29,0,0,0,84,83,48,97,0,65,73,95,93,97,0,96,7,38,0
l37,8=0,0,0,0,0,0,0,0,0,0,0,0,0,0,34,0,0,45,19,84,43,45,0,48,55,15,38,22,0,0,91,73,54,97,0,64,71,48,93,97,95,0,0,0,0
l38,8=0,0,0,0,0,0,0,0,0,0,0,0,38,0,24,0,9,28,12,53,36,47,0,47,45,50,79,43,0,0,0,1,30,0,0,0,7,0,26,0,2,0,0,79,92
l39,8=0,0,0,0,0,0,0,0,3,10,27,9,0,0,16,0,17,22,49,58,56,26,34,68,85,43,90,57,0,0,7,16,0,0,0,7,1,0,11,0,0,0,80,0,92
l40,8=0,0,0,0,0,0,0,0,0,0,0,1,0,0,12,0,14,25,13,55,49,62,12,55,73,26,71,77,0,0,0,0,0,0,0,0,0,0,0,0,0,0,80,76,0
l41,8=0,0,0,0,0,0,5,19,32,6,0,30,66,31,65,0,58,46,77,70,79,33,26,57,85,89,89,16,0,0,10,55,2,0,0,0,0,0,13,0,0,12,80,79,90
l42,8=0,0,0,0,0,0,0,0,0,0,0,0,0,0,32,0,15,6,32,60,32,54,51,60,59,86,85,82,0,0,0,0,19,18,0,0,0,0,0,0,0,0,74,79,76
l43,8=0,0,0,0,0,0,0,0,0,0,0,0,0,0,13,0,7,10,7,63,27,40,11,58,55,65,80,62,0,0,0,0,15,6,0,0,0,0,0,0,0,0,71,67,77
l44,8=0,0,0,0,0,0,0,0,0,0,0,0,17,0,16,0,11,15,31,62,19,32,19,58,81,37,75,27,0,0,0,0,0,13,0,0,0,0,0,0,0,0,72,77,83

l0,9=0,99,100,96,100,100,100,89,59,74,94,68,94,0,84,0,80,30,0,47,0,0,0,0,0,0,0,0,0,0,43,0,0,0,0,0,0,0,0,0,0,0,0,0,0
l1,9=92,0,99,94,98,100,96,90,100,89,95,43,60,69,88,0,88,32,0,44,71,0,0,0,0,9,0,0,0,0,51,0,0,0,0,0,0,0,0,0,0,0,0,0,0
l2,9=96,98,0,94,98,98,100,95,100,98,81,99,96,98,97,0,98,35,56,54,0,0,0,0,32,0,0,0,0,0,38,0,0,0,0,0,0,0,0,0,0,0,0,0,0
l3,9=96,99,99,0,100,100,100,87,100,76,92,58,99,87,85,0,77,31,1,41,0,0,0,0,0,0,0,0,0,0,47,12,0,0,0,0,0,0,0,0,0,0,0,0,0
l4,9=95,98,99,96,0,100,100,99,100,90,89,99,58,97,0,0,98,34,31,41,0,0,0,0,0,0,0,0,0,0,46,14,0,0,0,0,0,0,0,0,0,0,0,0,0
l5,9=95,98,99,94,100,0,100,94,100,98,100,99,97,94,86,0,93,90,28,27,89,0,0,0,0,6,0,0,0,0,0,16,0,0,0,0,0,0,0,0,85,0,0,0,0
l6,9=95,98,99,94,98,100,0,97,100,98,97,99,98,98,94,0,97,95,33,5,90,0,0,0,0,0,0,0,0,0,42,29,0,0,0,0,0,0,0,0,0,0,0,0,0
l7,9=96,98,99,94,98,100,100,0,100,100,100,100,99,100,97,0,99,66,0,99,88,98,1,0,91,95,89,61,0,0,0,0,0,0,0,0,0,0,0,0,0,0,0,1,0
l8,9=93,98,99,94,98,100,100,99,0,98,98,99,97,98,97,0,99,63,74,94,77,80,0,46,57,88,84,58,0,0,34,0,0,0,0,0,0,0,0,0,0,0,0,1,0
l9,9=94,97,99,73,98,100,100,90,100,0,100,100,99,100,97,0,100,35,50,94,96,82,0,18,63,81,79,55,0,0,0,17,0,0,0,0,0,0,0,0,0,0,0,0,0
l10,9=36,85,83,91,90,100,99,97,100,99,0,100,99,100,99,0,100,36,99,59,94,94,31,36,47,83,97,0,0,0,52,57,0,0,0,0,0,0,0,0,0,36,53,35,23
l11,9=87,88,99,84,98,100,100,99,100,100,100,0,99,100,97,0,99,60,98,98,48,0,0,31,69,17,92,62,0,0,49,0,0,0,0,0,0,0,0,0,0,0,0,33,7
l12,9=58,76,98,94,93,100,99,96,100,100,100,100,0,100,99,0,100,62,98,76,86,93,37,0,35,81,91,40,0,0,44,5,0,0,0,0,0,0,0,0,0,0,50,2,0
l13,9=34,85,99,94,98,100,100,95,100,100,100,100,99,0,97,0,99,36,62,58,96,97,0,31,50,94,93,47,0,0,33,51,0,0,0,0,0,0,0,0,70,0,0,21,0
l14,9=34,61,97,4,1,91,55,55,61,95,100,45,37,45,0,0,100,62,100,60,100,98,28,33,50,95,95,62,0,0,57,58,0,0,0,0,0,0,18,76,82,75,64,36,27
l15,9=8,35,94,0,96,97,56,62,61,96,100,46,79,46,99,0,0,37,62,60,94,98,23,33,49,95,63,58,0,0,57,57,0,2,0,0,0,0,30,0,23,52,53,18,0
l16,9=23,58,39,0,12,97,58,56,61,47,88,45,37,45,99,0,100,0,36,76,100,0,0,33,49,95,73,0,0,0,67,56,10,11,0,0,79,0,52,97,99,92,63,36,7
l17,9=0,1,76,0,56,74,57,0,61,61,100,67,37,46,99,0,100,47,0,77,100,80,23,33,50,97,98,63,0,0,58,58,0,0,0,0,0,0,0,90,15,0,59,36,0
l18,9=14,41,59,2,34,66,0,90,87,91,79,88,97,67,96,0,98,98,97,0,98,81,45,97,96,95,96,97,0,0,94,72,38,16,0,14,63,5,93,85,98,92,79,61,47
l19,9=0,53,0,0,0,97,51,50,61,69,95,23,25,45,99,0,78,100,100,99,0,72,0,60,65,95,96,61,0,0,57,57,0,30,0,0,0,0,25,96,98,90,65,61,27
l20,9=0,0,0,0,0,0,0,89,73,69,64,0,80,84,82,0,90,0,79,91,88,0,100,98,96,95,91,97,0,0,0,0,82,73,0,44,77,0,85,75,0,67,89,85,82
l21,9=0,0,0,0,0,0,0,21,0,0,78,0,96,0,91,0,93,0,95,97,1,100,0,95,96,95,92,97,0,0,0,0,0,78,0,1,77,0,78,7,0,0,92,95,90
l22,9=0,0,0,0,0,0,0,0,68,8,74,57,0,82,74,0,86,75,69,96,96,98,54,0,96,95,96,97,0,0,0,0,85,88,0,58,81,58,92,71,54,64,84,94,85
l23,9=0,0,0,0,0,0,0,47,41,63,55,21,13,48,94,0,98,57,59,98,98,82,47,98,0,97,98,97,0,0,38,22,70,15,0,45,46,53,86,73,49,66,95,97,91
l24,9=0,0,0,0,0,32,0,84,82,70,58,22,48,87,90,0,95,97,97,97,98,98,85,97,99,0,98,97,0,0,31,0,89,27,0,2,80,58,85,78,91,69,95,84,0
l25,9=0,0,0,0,0,0,0,42,40,64,89,24,87,54,87,0,71,24,91,91,91,88,13,98,99,97,0,88,0,0,0,0,80,81,0,59,91,57,87,0,64,0,95,98,89
l26,9=0,0,0,0,0,0,0,65,74,66,0,77,30,33,90,0,84,0,94,98,91,98,95,98,96,95,96,0,0,0,0,0,86,84,0,82,96,57,97,75,58,70,82,83,32
l27,9=19,74,21,26,36,0,16,0,25,0,79,16,7,21,76,0,75,100,36,60,92,0,0,0,18,27,0,0,0,0,0,97,0,33,0,24,72,65,26,100,93,100,0,4,11
l28,9=0,5,0,33,37,95,53,0,0,11,94,9,7,45,30,0,71,50,13,20,41,0,0,0,16,0,3,0,0,0,100,0,25,27,0,0,75,21,26,97,94,100,14,0,0
l29,9=0,0,0,0,0,0,0,0,0,0,0,0,0,0,0,0,4,36,0,18,0,71,0,98,97,95,75,88,0,0,0,91,0,99,0,99,100,99,99,100,100,100,76,12,0
l30,9=0,0,0,0,0,0,0,0,0,0,0,0,0,0,0,0,58,52,0,23,31,98,43,97,52,54,97,97,0,0,99,25,98,0,0,99,100,99,99,100,100,100,47,4,0
l31,9=0,0,0,0,0,0,0,0,0,0,0,0,0,0,0,0,0,0,0,36,0,67,10,90,89,12,85,95,0,0,68,45,98,99,0,0,100,99,99,68,100,91,0,0,0
l32,9=0,0,0,0,0,0,0,0,0,0,0,0,0,0,0,0,0,51,0,23,0,70,20,97,35,55,96,97,0,0,69,85,98,99,0,99,0,99,99,71,98,99,0,0,0
l33,9=0,0,0,0,0,0,0,0,0,0,0,0,0,0,0,0,0,0,0,0,0,0,0,60,25,31,39,19,0,0,48,2,98,99,0,99,100,0,99,73,88,100,0,0,0
l34,9=0,0,0,0,0,0,0,0,0,0,0,0,0,0,27,0,57,26,0,38,37,54,25,98,51,34,64,100,0,0,81,79,98,99,0,99,100,99,0,100,100,100,45,0,0
l35,9=0,0,0,0,0,0,0,0,0,0,0,0,0,0,26,0,0,48,13,19,39,53,0,55,18,35,0,25,0,0,93,44,98,99,0,26,75,99,99,0,100,100,17,0,0
l36,9=0,0,0,0,0,89,0,0,0,0,0,0,0,45,30,0,63,46,2,38,42,0,0,33,17,36,42,21,0,0,51,80,33,99,0,27,76,77,99,100,0,100,0,14,0
l37,9=0,0,0,0,0,0,0,0,0,0,45,0,6,0,30,0,65,45,0,38,40,53,0,35,23,34,0,25,0,0,90,47,36,99,0,25,76,77,99,100,100,0,0,0,0
l38,9=0,0,0,0,0,0,0,0,0,0,12,0,23,0,60,0,59,49,3,86,55,60,16,69,88,86,95,74,0,0,0,0,53,7,0,0,0,0,8,0,0,0,0,97,91
l39,9=0,0,0,0,0,0,0,0,0,0,56,9,0,1,79,0,67,86,80,47,88,54,13,86,96,76,96,46,0,0,24,0,21,4,0,0,0,0,0,0,4,0,95,0,91
l40,9=0,0,0,0,0,0,0,0,0,0,31,2,0,0,69,0,0,6,0,85,84,65,15,68,86,2,90,40,0,0,0,0,0,0,0,0,0,0,0,0,0,0,95,97,0
l41,9=0,0,0,0,0,0,0,23,15,0,49,14,52,32,94,0,89,65,95,98,86,60,0,53,96,95,96,43,0,0,24,52,0,2,0,0,2,0,63,0,0,43,95,97,91
l42,9=0,0,0,0,0,0,0,0,0,0,0,0,0,0,29,0,6,0,24,89,79,69,33,89,96,95,93,95,0,0,0,0,0,22,0,0,13,0,26,0,0,24,95,97,87
l43,9=0,0,0,0,0,0,0,0,0,0,0,0,0,0,66,0,35,24,59,84,68,66,29,78,90,84,91,85,0,0,0,0,32,0,0,27,0,0,3,0,0,0,89,87,71
l44,9=0,0,0,0,0,0,0,0,0,0,0,0,11,22,67,0,0,18,36,88,70,61,40,95,98,95,95,43,0,0,0,0,22,0,0,40,0,0,0,0,0,0,98,97,79

l0,10=0,92,90,92,93,93,93,0,82,47,84,49,83,65,28,0,41,38,0,0,0,0,0,0,0,0,0,0,0,0,33,50,0,0,0,0,0,0,0,0,0,0,0,0,0
l1,10=88,0,88,91,92,91,88,0,80,77,39,83,82,63,45,0,35,43,30,23,4,0,0,0,0,0,0,0,0,0,59,0,0,0,0,0,0,0,0,0,2,0,0,0,0
l2,10=89,91,0,80,92,92,92,0,86,86,48,86,82,83,50,0,34,43,75,55,13,0,0,0,14,20,22,0,0,0,0,2,0,0,0,0,0,0,0,0,0,0,0,36,0
l3,10=89,92,85,0,93,93,86,0,81,80,44,84,84,85,41,0,0,0,0,0,0,0,0,0,0,0,0,0,0,0,73,44,0,0,0,0,0,0,0,0,0,0,0,0,0
l4,10=89,92,88,94,0,93,86,0,76,81,80,0,79,83,0,0,76,51,37,0,0,0,0,0,0,0,0,0,0,0,12,60,0,0,0,0,0,0,0,0,0,0,0,0,0
l5,10=89,92,88,92,93,0,81,1,80,47,46,87,80,87,6,0,22,39,33,0,0,0,0,0,0,0,0,0,0,0,63,55,0,0,0,0,0,0,0,0,0,0,0,0,0
l6,10=83,86,86,84,89,85,0,1,87,86,83,86,81,83,0,0,77,79,76,12,8,0,0,0,0,12,12,0,0,0,81,75,0,0,0,0,0,0,0,0,0,0,0,0,0
l7,10=85,86,90,80,86,88,92,0,88,90,83,86,84,88,68,0,79,76,75,69,71,59,0,44,24,64,54,72,0,0,0,38,0,0,0,0,0,0,0,0,0,0,0,22,0
l8,10=81,81,86,80,85,85,91,0,0,86,83,86,83,83,66,0,72,26,70,58,60,50,0,30,54,17,36,72,0,0,63,0,0,0,0,0,0,0,0,0,0,0,0,19,0
l9,10=76,81,83,80,85,83,87,0,85,0,83,87,86,86,76,0,78,73,75,41,38,42,0,35,51,22,36,55,0,0,6,48,0,0,0,0,0,0,0,0,0,0,0,0,0
l10,10=67,59,54,58,74,79,79,0,86,82,0,85,86,85,80,0,86,65,80,48,69,37,19,59,49,35,48,70,0,0,72,66,0,0,0,0,0,0,0,0,0,0,2,63,17
l11,10=64,73,83,80,0,90,88,0,85,91,83,0,86,88,78,0,77,63,78,54,41,16,0,41,45,28,40,65,0,0,50,51,0,0,0,0,0,0,0,0,0,0,0,0,0
l12,10=68,75,79,79,54,77,64,0,84,89,88,86,0,85,78,0,78,80,75,45,60,54,33,35,62,60,67,49,0,0,0,8,0,0,0,0,0,0,0,0,0,0,52,11,1
l13,10=68,73,79,77,73,87,88,0,85,91,84,87,86,0,46,0,77,54,78,48,46,12,28,51,0,30,40,51,0,0,0,53,0,0,0,0,0,0,0,0,0,0,0,49,0
l14,10=16,65,53,38,13,18,0,0,39,44,50,68,84,45,0,0,88,94,84,46,94,18,53,52,52,39,28,75,0,0,78,76,0,0,0,0,0,0,0,16,0,8,52,78,51
l15,10=27,63,44,0,79,21,42,0,53,55,88,85,85,63,82,0,0,84,84,70,48,25,30,55,50,37,26,78,0,0,84,79,0,16,0,0,0,3,0,31,6,7,46,73,0
l16,10=18,59,38,0,31,76,39,0,20,32,25,70,84,28,84,0,54,0,80,75,94,2,0,68,56,37,29,0,0,0,95,86,16,0,0,0,27,0,36,0,53,7,0,82,52
l17,10=0,37,39,0,33,61,31,1,59,42,80,76,72,63,84,0,88,78,0,87,94,2,42,55,49,37,45,74,0,0,80,69,0,0,0,0,0,0,0,1,0,7,0,0,63
l18,10=13,33,36,0,0,10,7,2,60,30,26,64,31,41,33,0,86,95,84,0,95,83,65,78,81,84,37,90,0,0,66,58,0,55,0,0,0,4,19,52,23,75,83,72,52
l19,10=0,24,31,0,0,0,4,0,58,33,48,60,67,53,84,0,55,96,84,90,0,53,0,79,58,50,52,79,0,0,87,79,0,31,0,0,0,0,19,66,33,41,0,83,66
l20,10=0,0,0,0,0,0,0,1,67,71,65,56,67,53,65,0,54,54,47,83,66,0,98,85,78,81,78,92,0,0,0,0,73,62,0,74,0,0,56,60,0,45,60,66,66
l21,10=0,0,0,0,0,0,0,0,0,0,39,0,72,72,71,0,69,0,65,85,0,95,0,86,81,84,84,93,0,0,0,0,0,68,0,7,1,0,0,0,0,0,84,77,61
l22,10=0,0,0,0,0,0,0,3,44,23,70,52,44,58,47,0,56,62,63,75,68,93,78,0,81,83,84,92,0,0,0,0,78,78,0,59,82,51,56,72,13,47,73,70,73
l23,10=0,0,4,0,0,0,0,1,56,48,54,48,60,0,66,0,63,71,66,85,73,74,77,87,0,85,85,90,0,0,59,13,57,71,0,77,58,32,44,75,60,40,75,85,79
l24,10=0,5,20,0,0,0,22,0,45,34,61,50,65,49,66,0,56,64,65,85,78,88,85,85,81,0,85,78,0,0,18,41,73,49,0,56,75,34,43,26,70,67,80,79,23
l25,10=0,0,2,0,0,0,1,3,55,30,68,47,64,55,58,0,49,56,64,57,82,81,61,85,81,85,0,90,0,0,0,0,77,52,0,57,82,34,47,54,0,37,85,85,86
l26,10=0,0,0,0,0,0,0,1,65,50,49,60,55,45,70,0,68,8,66,88,73,93,84,85,81,74,84,0,0,0,0,19,79,79,0,81,81,50,58,0,49,77,69,61,65
l27,10=15,42,0,61,15,39,7,0,25,1,17,31,14,0,51,0,52,96,78,69,35,0,0,0,39,8,2,0,0,0,0,93,15,41,0,44,40,62,52,94,92,56,0,31,31
l28,10=19,0,0,31,66,35,3,1,0,21,35,42,1,34,51,0,56,96,46,66,32,0,0,0,10,11,0,2,0,0,95,0,52,43,0,0,1,0,57,63,92,49,19,0,0
l29,10=0,0,0,0,0,0,0,0,0,0,0,0,0,0,0,0,0,63,0,2,0,81,0,82,61,74,77,80,0,0,64,82,0,87,0,89,87,94,92,93,82,89,72,61,1
l30,10=0,0,0,0,0,0,0,0,0,0,0,0,0,0,0,0,20,9,0,74,20,68,45,80,79,22,73,81,0,0,78,76,88,0,0,89,87,94,92,93,87,91,63,57,44
l31,10=0,0,0,0,0,0,0,0,0,0,0,0,0,0,0,0,0,0,0,0,0,85,18,75,79,56,73,81,0,0,83,44,88,87,0,0,87,94,92,86,87,89,0,0,24
l32,10=0,0,0,0,0,0,0,0,0,0,0,0,0,0,0,0,0,45,0,0,0,0,0,80,79,74,77,79,0,0,47,0,88,87,0,89,0,94,92,87,79,86,0,0,1
l33,10=0,0,0,0,0,0,0,0,0,0,0,0,0,0,0,0,0,0,0,0,0,0,0,51,37,30,49,64,0,0,53,0,88,87,0,89,87,0,92,85,58,77,0,0,0
l34,10=0,0,0,0,0,1,0,0,0,0,0,0,0,0,0,0,0,64,0,61,24,65,0,52,71,73,76,51,0,0,49,86,88,87,0,89,87,94,0,93,92,91,0,0,0
l35,10=0,0,0,0,0,0,0,0,0,0,0,0,0,0,18,0,28,0,3,74,30,39,0,70,79,23,50,0,0,0,86,62,88,87,0,85,86,94,92,0,92,91,58,0,0
l36,10=0,0,0,0,0,0,0,0,0,0,0,0,8,0,0,0,19,77,0,35,31,0,0,6,48,45,0,29,0,0,92,65,55,87,0,58,71,82,92,96,0,91,0,0,0
l37,10=0,0,0,0,0,0,0,0,0,0,0,0,0,0,41,0,40,67,40,64,28,28,0,50,49,45,48,50,0,0,88,80,85,87,0,59,69,81,92,96,92,0,0,0,0
l38,10=0,0,0,0,0,0,0,0,0,0,0,0,50,0,60,0,56,2,0,76,1,66,71,71,72,69,81,63,0,0,0,15,60,26,0,0,0,0,0,40,0,0,0,88,75
l39,10=0,0,0,0,0,0,0,0,0,0,19,0,3,29,61,0,64,66,0,71,66,64,58,70,79,67,83,51,0,0,18,0,42,15,0,0,0,0,0,0,0,0,87,0,81
l40,10=0,0,0,0,0,0,0,0,0,0,0,0,0,0,45,0,0,52,59,72,64,67,47,69,81,47,84,68,0,0,0,0,0,1,0,0,0,0,0,0,0,0,87,85,0
l41,10=0,0,0,0,0,0,0,0,0,21,29,46,43,29,69,0,43,75,68,82,70,43,0,75,77,76,83,64,0,0,37,59,0,0,0,0,0,0,20,0,0,1,84,85,76
l42,10=0,0,0,0,0,0,0,0,0,0,0,0,0,0,61,0,38,46,39,78,67,73,30,82,81,77,78,79,0,0,0,0,0,41,0,0,0,0,32,0,0,0,83,85,77
l43,10=0,0,0,0,0,0,0,0,0,0,0,0,0,0,46,0,0,37,50,58,58,78,21,83,79,67,84,70,0,0,0,0,14,2,0,0,0,0,30,0,0,0,84,78,66
l44,10=0,0,0,0,0,0,0,0,0,0,0,31,0,0,38,0,16,43,13,81,54,82,65,84,81,79,82,32,0,0,0,0,49,0,0,34,53,0,0,0,0,0,89,85,68

l0,11=0,88,90,87,89,87,88,0,84,83,34,78,74,63,39,0,50,0,0,0,0,0,0,0,0,0,0,0,0,0,1,1,0,0,0,0,0,0,0,0,0,0,0,0,0
l1,11=90,0,89,83,86,87,87,0,83,85,48,72,75,77,62,0,60,13,16,8,9,0,0,0,0,1,0,0,0,0,34,6,0,0,0,0,0,0,0,0,0,0,0,0,0
l2,11=90,88,0,80,83,87,86,0,85,85,75,76,71,81,55,0,72,5,0,59,32,0,0,0,27,23,2,0,0,0,28,11,0,0,0,0,0,0,0,0,0,0,0,0,0
l3,11=91,88,84,0,89,87,88,1,83,78,65,63,68,34,27,0,24,26,9,0,0,0,0,0,0,0,0,0,0,0,69,17,0,0,0,0,0,0,0,0,0,0,0,0,0
l4,11=91,88,87,87,0,87,85,0,83,77,61,67,63,62,30,0,28,0,0,0,0,0,0,0,0,0,0,0,0,0,37,0,0,0,0,0,0,0,0,0,0,0,0,0,0
l5,11=91,88,88,87,89,0,84,0,83,78,78,79,74,82,43,0,31,27,6,19,0,0,0,0,9,0,0,0,0,0,53,22,0,0,0,0,0,0,3,0,0,0,0,0,0
l6,11=89,86,88,83,83,83,0,0,85,83,75,81,80,82,44,0,66,22,41,29,36,0,0,0,0,2,12,0,0,0,42,11,0,0,0,0,0,0,0,0,0,0,0,0,0
l7,11=89,87,90,81,83,86,89,0,85,89,77,80,81,87,74,0,74,55,10,54,63,64,0,31,16,56,46,35,0,0,0,0,0,0,0,0,0,0,0,0,0,0,0,3,0
l8,11=88,85,86,79,83,86,86,0,0,84,78,81,80,81,66,0,74,55,69,52,33,55,0,54,53,20,32,50,0,0,16,0,0,0,0,0,0,0,0,0,0,0,0,25,0
l9,11=85,85,85,77,79,85,84,0,83,0,78,83,80,84,72,0,75,12,15,7,41,41,0,18,66,59,42,17,0,0,22,0,0,0,0,0,0,0,0,0,0,0,0,1,0
l10,11=56,57,82,27,24,53,70,1,83,85,0,81,82,78,76,0,86,5,68,21,77,0,4,22,48,65,29,16,0,0,41,0,0,0,0,0,0,0,0,0,0,0,31,35,0
l11,11=87,83,84,30,24,85,86,0,83,88,78,0,81,84,73,0,75,7,70,51,64,4,0,18,15,49,42,3,0,0,0,5,0,0,0,0,0,0,0,0,0,0,0,0,0
l12,11=82,85,70,65,64,85,84,0,82,85,80,81,0,83,75,0,77,21,70,10,70,16,3,27,63,77,38,7,0,0,7,10,0,0,0,0,0,0,0,0,0,0,25,17,0
l13,11=57,85,86,25,34,86,85,0,83,88,78,83,82,0,67,0,75,14,70,16,62,37,4,20,24,53,41,7,0,0,32,15,0,0,0,0,0,0,0,0,0,0,0,27,0
l14,11=30,66,51,2,11,23,11,0,31,70,69,53,51,60,0,0,86,89,79,52,85,29,0,22,65,66,55,20,0,0,40,41,0,0,0,0,0,0,0,12,39,34,46,70,36
l15,11=62,73,69,28,23,25,54,0,63,85,82,54,82,70,80,0,0,21,79,47,80,41,2,22,67,69,54,17,0,0,38,42,0,0,0,0,0,0,0,11,11,0,23,68,21
l16,11=0,42,0,27,0,23,52,1,15,23,14,27,42,50,80,0,70,0,50,52,88,21,0,21,48,9,34,11,0,0,59,48,0,36,0,0,0,3,11,22,79,87,16,75,51
l17,11=0,43,0,18,6,18,41,1,29,22,80,65,48,61,80,0,86,55,0,70,85,38,0,22,70,67,53,17,0,0,42,22,0,0,0,0,0,0,0,0,8,35,22,67,57
l18,11=0,24,49,0,0,18,26,0,35,8,50,28,23,51,72,0,79,50,79,0,89,52,3,22,81,81,24,44,0,0,39,37,20,19,0,3,2,0,0,22,58,66,44,67,29
l19,11=0,19,28,0,0,0,28,0,4,28,64,26,40,53,80,0,83,90,79,72,0,44,0,20,78,80,63,24,0,0,33,25,0,0,0,0,0,0,0,24,49,34,23,65,49
l20,11=0,0,0,0,0,0,0,0,21,57,0,20,53,60,57,0,59,42,58,39,72,0,89,85,74,81,67,83,0,0,0,0,62,49,0,44,0,0,64,43,0,0,42,67,57
l21,11=0,0,0,0,0,0,0,0,13,0,67,38,65,57,56,0,61,0,34,47,0,85,0,85,82,84,76,81,0,0,0,0,0,55,0,19,0,0,26,0,45,0,58,54,54
l22,11=0,0,0,0,0,0,0,3,23,49,66,41,57,61,52,0,58,55,63,38,52,82,66,0,83,81,72,84,0,0,0,16,65,72,0,45,72,54,69,28,36,54,37,69,54
l23,11=0,0,0,0,0,0,0,0,15,54,43,2,58,36,60,0,59,14,67,43,80,49,30,85,0,84,80,74,0,0,31,0,66,35,0,28,28,0,39,44,36,45,39,79,81
l24,11=0,5,13,0,0,0,5,1,13,42,55,43,72,46,57,0,52,13,58,44,82,68,62,83,83,0,80,56,0,0,22,14,51,22,0,19,47,18,29,15,18,41,34,69,64
l25,11=0,0,0,0,0,0,2,1,12,38,27,31,36,38,67,0,48,13,32,15,75,51,25,77,83,84,0,71,0,0,0,15,66,18,0,16,61,16,18,21,33,46,46,77,83
l26,11=0,0,0,0,0,0,0,0,21,48,52,10,48,38,64,0,50,34,56,39,67,82,73,87,81,69,70,0,0,0,0,0,70,53,0,57,71,55,78,0,34,65,43,43,74
l27,11=0,36,16,24,11,26,44,0,0,11,27,0,13,42,14,0,27,88,17,31,22,0,0,0,20,8,0,0,0,0,0,56,16,18,0,7,21,25,0,62,84,69,0,19,21
l28,11=9,9,1,14,0,23,36,0,0,0,18,10,22,46,25,0,56,50,14,20,30,0,0,7,0,12,8,0,0,0,93,0,29,21,0,2,23,0,0,36,63,51,17,26,0
l29,11=0,0,0,0,0,0,0,0,0,0,0,0,0,0,0,0,0,0,0,19,0,59,0,68,71,65,64,72,0,0,41,40,0,88,0,88,88,86,91,83,78,86,0,62,0
l30,11=0,0,0,0,0,0,0,0,0,0,0,0,0,0,0,0,0,57,0,34,0,42,2,75,71,38,38,71,0,0,41,21,82,0,0,88,88,86,91,63,78,86,0,0,0
l31,11=0,0,0,0,0,0,0,0,0,0,0,0,0,0,0,0,0,0,0,18,0,31,3,73,72,48,42,73,0,0,71,12,82,88,0,0,90,86,91,78,44,79,0,45,0
l32,11=0,0,0,0,0,0,0,0,0,0,0,0,0,0,0,0,0,0,0,4,0,0,0,75,69,67,62,71,0,0,63,27,82,88,0,88,0,86,91,82,78,86,22,0,0
l33,11=0,0,0,0,0,0,0,0,0,0,0,0,0,0,0,0,0,0,0,0,0,0,0,45,0,21,21,74,0,0,76,0,82,88,0,88,90,0,90,83,55,76,0,0,0
l34,11=0,0,0,0,0,11,0,0,0,0,0,0,0,0,0,0,0,27,0,22,24,33,0,20,46,22,20,74,0,0,48,54,82,88,0,86,88,86,0,83,81,89,21,0,0
l35,11=0,0,0,0,0,0,0,0,0,0,0,0,0,0,20,0,27,26,0,19,47,16,0,11,54,12,21,0,0,0,80,39,82,49,0,80,88,86,91,0,84,89,0,0,0
l36,11=0,0,0,0,0,0,0,0,0,0,0,3,0,0,24,0,0,69,9,31,50,0,0,12,30,7,19,22,0,0,93,38,36,88,0,11,60,75,91,88,0,89,0,0,0
l37,11=0,0,0,0,0,13,0,0,0,0,0,0,0,0,22,0,0,47,15,67,48,0,0,15,30,18,20,25,0,0,80,37,81,88,0,84,87,86,91,88,84,0,0,33,0
l38,11=0,0,0,0,0,0,0,0,0,0,9,0,35,0,67,0,18,1,15,37,12,41,9,68,74,33,64,30,0,0,0,2,0,0,0,0,2,0,1,0,0,0,0,80,64
l39,11=0,0,0,0,0,0,0,0,2,0,3,0,2,0,65,0,63,63,60,35,59,45,0,70,80,62,72,10,0,0,4,7,35,0,0,0,0,0,0,0,0,0,62,0,84
l40,11=0,0,0,0,0,0,0,0,0,0,0,0,0,0,38,0,5,43,55,29,53,22,0,57,81,59,69,56,0,0,1,0,0,0,0,0,0,0,0,0,0,0,47,79,0
l41,11=0,0,0,0,0,0,0,0,8,32,12,10,0,39,48,0,60,34,69,41,68,44,0,73,78,76,72,28,0,0,0,21,0,9,0,0,0,0,0,0,0,43,51,79,75
l42,11=0,0,0,0,0,0,0,0,0,0,0,0,0,0,63,0,47,7,33,39,65,45,31,73,80,74,68,60,0,0,0,0,51,0,0,11,0,0,31,10,0,0,60,79,81
l43,11=0,0,0,0,0,0,0,0,0,0,0,0,0,0,0,0,0,1,0,28,50,39,0,77,67,62,78,62,0,0,0,0,27,33,0,0,0,0,2,0,0,0,50,74,72
l44,11=0,0,0,0,0,0,0,0,0,0,1,2,12,0,58,0,39,0,24,31,0,51,14,77,80,80,74,20,0,0,0,0,43,0,0,0,24,0,0,0,0,0,61,71,71

l0,12=0,86,91,86,91,90,90,6,81,87,75,71,51,89,29,0,41,15,31,45,0,0,0,0,0,0,0,0,0,0,13,0,0,0,0,0,0,0,0,0,8,0,0,0,0
l1,12=85,0,90,84,90,86,88,2,78,86,71,70,50,85,35,0,43,25,2,55,0,0,0,0,0,0,0,0,0,0,56,52,0,0,0,0,0,0,0,0,0,0,0,0,0
l2,12=91,86,0,61,89,87,88,0,83,82,73,68,50,85,34,0,78,0,62,71,42,0,0,11,44,29,27,0,0,0,0,58,0,0,0,0,0,0,0,0,0,0,0,0,0
l3,12=92,89,67,0,91,90,89,3,72,84,67,64,47,65,18,0,17,16,27,0,0,0,0,0,0,0,0,0,0,0,56,0,0,0,0,0,0,0,0,0,39,0,0,0,0
l4,12=91,89,90,86,0,89,87,3,82,87,29,57,28,81,0,0,29,22,0,0,0,0,0,0,0,0,0,0,0,0,56,49,0,0,0,0,0,0,0,0,0,0,0,0,0
l5,12=91,86,90,86,91,0,89,0,82,86,78,71,50,45,15,0,19,0,45,47,0,0,0,0,24,0,0,0,0,0,62,52,0,0,0,0,0,0,0,0,0,0,0,0,0
l6,12=91,88,91,82,89,90,0,1,83,85,76,71,51,84,20,0,46,64,76,57,27,0,0,0,30,0,0,0,0,0,0,0,0,0,0,0,0,0,0,0,0,0,0,0,0
l7,12=86,83,88,80,86,88,88,0,84,89,56,71,52,89,58,0,80,63,70,72,0,45,0,63,60,33,29,48,0,0,0,0,0,0,0,0,0,0,0,0,0,0,0,0,0
l8,12=85,83,87,73,86,87,86,0,0,85,75,69,50,82,58,0,80,63,76,67,47,4,23,57,45,7,52,54,0,0,0,0,0,0,0,0,0,0,0,0,0,0,0,39,0
l9,12=85,83,87,79,86,87,79,4,80,0,75,72,52,89,58,0,80,63,73,53,39,42,0,64,69,39,37,63,0,0,59,14,0,0,0,0,0,0,0,0,0,0,0,9,0
l10,12=70,23,20,26,8,88,87,8,80,86,0,71,52,87,37,0,87,77,81,57,48,21,29,71,53,38,21,47,0,0,56,41,0,0,0,0,0,0,0,0,0,0,53,60,0
l11,12=82,84,30,19,84,86,84,12,79,87,77,0,51,90,58,0,52,63,76,57,48,4,0,33,37,30,40,53,0,0,52,32,0,0,0,0,0,0,0,0,0,0,0,35,34
l12,12=70,82,15,65,22,86,84,5,79,86,80,71,0,86,58,0,82,60,76,73,57,14,42,52,70,64,30,38,0,0,55,34,0,0,0,0,0,0,0,0,3,0,15,38,0
l13,12=85,81,87,80,86,79,85,1,80,89,81,72,52,0,58,0,80,0,76,64,34,0,48,51,45,42,59,45,0,0,50,33,0,0,0,0,0,0,0,0,0,0,0,53,0
l14,12=33,21,4,4,0,33,46,2,82,65,70,30,31,23,0,0,87,88,84,63,89,9,0,44,57,41,45,45,0,0,70,63,0,0,0,0,0,0,2,0,58,44,68,77,38
l15,12=46,28,39,7,59,11,73,1,79,86,82,41,52,86,61,0,0,79,84,63,50,32,41,0,59,40,39,61,0,0,70,56,0,0,0,0,0,0,0,0,0,0,46,71,19
l16,12=0,3,0,4,24,1,61,6,67,36,64,17,3,0,40,0,49,0,84,64,54,0,0,50,24,6,7,40,0,0,84,63,0,11,0,0,0,0,0,32,79,89,50,78,42
l17,12=20,3,7,0,0,64,63,13,66,58,70,41,49,60,63,0,87,88,0,80,87,30,38,70,65,43,36,57,0,0,60,56,0,0,0,0,0,0,2,19,41,21,54,72,42
l18,12=0,13,11,0,10,59,54,2,51,50,65,17,21,10,41,0,49,84,84,0,89,46,61,71,73,70,45,78,0,0,60,50,32,23,0,44,0,0,18,59,71,72,52,77,66
l19,12=0,0,13,0,0,42,43,0,46,48,64,23,28,9,63,0,83,90,84,85,0,35,0,79,78,73,53,57,0,0,64,49,0,15,0,0,0,0,51,59,64,55,55,62,59
l20,12=0,0,0,0,0,0,0,5,45,52,41,14,13,0,26,0,53,45,62,78,58,0,91,87,76,68,63,83,0,0,0,0,51,69,0,56,41,34,63,50,48,4,58,55,57
l21,12=0,0,0,0,0,0,0,0,48,0,44,0,24,27,0,0,60,0,66,81,0,89,0,86,78,71,72,82,0,0,0,0,9,59,0,0,0,0,57,0,0,0,65,41,58
l22,12=0,0,0,0,0,0,0,5,50,50,48,9,18,19,25,0,0,60,68,66,68,84,72,0,78,72,75,82,0,0,0,0,75,73,0,64,74,42,74,70,45,58,45,68,18
l23,12=0,0,0,0,0,29,23,14,37,50,40,10,27,9,34,0,72,46,75,77,81,81,71,87,0,73,76,79,0,0,41,3,70,34,0,71,0,0,66,0,57,58,68,80,75
l24,12=0,0,5,0,0,0,1,6,43,46,42,13,24,12,32,0,63,38,74,78,82,80,53,86,78,0,76,72,0,0,40,7,53,56,0,45,36,23,50,48,53,24,70,72,78
l25,12=0,0,0,0,0,0,0,4,38,42,30,15,12,19,34,0,52,48,59,67,70,56,50,87,78,73,0,77,0,0,22,35,64,60,0,23,51,0,46,48,33,48,69,76,71
l26,12=0,0,0,0,0,0,0,10,51,52,43,20,15,18,29,0,57,56,64,69,44,88,74,87,74,64,68,0,0,0,0,5,74,70,0,74,67,50,71,53,50,59,56,55,67
l27,12=13,17,0,30,51,46,1,0,0,49,43,16,9,3,33,0,47,88,48,55,39,0,0,0,29,17,12,0,0,0,0,85,24,32,0,64,18,37,55,88,84,83,0,36,21
l28,12=0,5,5,0,44,35,20,0,2,22,19,16,3,7,33,0,47,90,47,51,29,0,0,0,13,0,8,1,0,0,84,0,25,0,0,31,23,0,58,72,75,66,31,29,0
l29,12=0,0,0,0,0,0,0,0,0,0,0,0,0,0,0,0,0,0,0,68,0,42,0,78,70,63,66,76,0,0,58,53,0,90,0,90,83,88,89,86,75,84,35,37,0
l30,12=0,0,0,0,0,0,0,0,0,0,0,0,0,0,0,0,0,44,0,58,11,76,56,81,69,68,71,76,0,0,65,0,88,0,0,90,83,88,89,87,79,85,43,32,26
l31,12=0,0,0,0,0,0,0,0,0,0,0,0,0,0,0,0,0,0,0,56,2,62,0,78,70,53,13,76,0,0,70,67,88,90,0,0,84,91,85,79,74,84,0,0,0
l32,12=0,0,0,0,0,0,0,0,0,0,0,0,0,0,0,0,0,0,0,0,0,37,0,80,11,54,45,55,0,0,37,75,87,86,0,90,0,91,89,81,75,81,0,0,0
l33,12=0,0,0,0,0,0,0,0,0,0,0,0,0,0,0,0,0,0,0,0,0,0,0,77,0,11,0,54,0,0,67,0,88,90,0,90,84,0,89,87,79,84,0,0,0
l34,12=0,0,0,0,0,11,0,0,0,0,0,0,0,0,11,0,0,0,31,39,31,48,67,80,72,63,41,79,0,0,75,80,88,90,0,90,83,88,0,89,81,90,51,41,0
l35,12=0,0,0,0,0,0,0,0,0,0,0,0,0,0,0,0,0,75,40,70,38,19,0,56,9,43,36,54,0,0,75,80,88,90,0,89,82,88,89,0,84,90,0,0,0
l36,12=7,0,0,11,0,0,0,0,0,0,0,0,1,0,30,0,0,82,43,53,41,10,0,48,46,45,11,51,0,0,81,82,88,90,0,67,31,41,89,89,0,90,0,0,0
l37,12=0,0,0,0,2,0,0,0,0,0,1,0,0,0,29,0,0,80,37,70,35,6,0,51,55,25,39,57,0,0,46,80,88,90,0,90,82,84,89,89,84,0,21,0,0
l38,12=0,0,0,0,0,0,0,0,0,0,18,0,0,0,32,0,15,29,53,64,22,59,47,43,70,62,67,56,0,0,0,1,0,14,0,0,0,0,12,0,0,0,0,82,79
l39,12=0,0,0,0,0,0,0,0,3,0,22,1,9,9,33,0,28,68,69,68,27,20,0,74,77,62,73,61,0,0,24,11,20,8,0,0,0,0,35,0,0,0,75,0,80
l40,12=0,0,0,0,0,0,0,0,0,0,0,0,0,0,21,0,9,53,56,65,52,60,15,0,72,63,66,71,0,0,0,0,0,0,0,0,0,0,0,0,0,0,75,80,0
l41,12=0,0,0,0,0,0,1,0,20,31,30,9,0,10,10,0,32,66,69,81,73,24,41,77,75,63,67,69,0,0,0,0,0,22,0,0,0,0,0,10,12,55,75,81,79
l42,12=0,0,0,0,0,0,0,0,0,0,0,0,7,0,21,0,48,6,0,73,64,52,49,84,74,67,69,67,0,0,0,0,47,9,0,0,0,0,47,7,0,0,73,81,78
l43,12=0,0,0,0,0,0,0,0,0,0,0,0,11,0,6,0,41,0,47,45,19,45,38,78,71,50,69,70,0,0,0,0,0,23,0,1,20,0,0,0,0,0,70,78,68
l44,12=0,0,0,0,0,0,0,0,0,0,28,0,0,0,20,0,49,26,24,64,53,68,32,79,74,67,58,64,0,0,0,0,40,0,0,0,0,0,32,0,0,0,80,80,73

l0,13=0,91,92,95,90,93,90,87,90,92,93,92,82,85,79,0,62,30,0,47,0,0,0,0,0,0,0,0,0,0,19,50,0,0,0,0,0,0,0,0,0,0,0,0,0
l1,13=93,0,90,94,90,92,87,87,67,87,44,86,89,87,82,0,72,45,29,52,0,0,0,0,0,1,0,0,0,0,21,0,0,0,0,0,0,0,0,0,0,0,0,0,0
l2,13=92,90,0,91,85,92,89,85,90,92,80,92,83,86,58,0,57,26,0,58,54,0,0,0,2,66,36,0,0,0,0,74,0,0,0,0,0,0,0,0,0,0,0,0,0
l3,13=94,92,92,0,90,93,89,87,90,92,35,46,89,81,69,0,0,20,25,36,0,0,0,0,0,0,0,0,0,0,8,78,0,0,0,0,0,0,0,0,37,0,0,0,0
l4,13=94,90,90,95,0,93,89,86,90,93,87,92,30,85,0,0,39,0,0,22,0,0,0,0,0,0,0,0,0,0,33,51,0,0,0,0,0,0,0,0,0,0,0,0,0
l5,13=93,92,91,95,90,0,90,82,90,92,94,90,89,87,66,0,65,26,26,46,0,0,0,0,0,0,0,0,0,0,30,69,0,0,0,0,0,0,0,5,32,0,0,0,0
l6,13=93,85,91,91,86,93,0,88,90,81,94,92,89,86,82,0,80,26,53,65,39,0,0,0,27,0,0,0,0,0,9,0,0,0,0,0,0,0,0,0,0,0,0,0,0
l7,13=91,90,88,89,84,92,89,0,90,92,88,92,89,90,87,0,83,2,87,71,3,36,11,61,64,72,46,0,0,0,8,46,0,0,0,0,0,0,0,0,0,0,0,23,0
l8,13=86,84,91,86,86,92,89,89,0,89,87,92,85,84,84,0,82,62,81,59,50,7,26,62,0,12,53,62,0,0,0,0,0,0,0,0,0,0,0,0,0,0,22,22,0
l9,13=87,84,85,85,82,86,73,83,89,0,93,93,89,90,84,0,82,42,81,64,58,68,5,21,61,72,41,39,0,0,21,5,0,0,0,0,0,0,0,0,0,0,0,21,0
l10,13=38,77,78,62,77,87,87,84,47,91,0,90,89,90,88,0,93,27,36,69,76,0,0,25,48,76,46,26,0,0,23,48,0,0,0,0,0,0,0,0,23,0,2,28,0
l11,13=87,84,85,66,79,86,86,89,89,94,91,0,89,91,85,0,82,0,57,61,45,63,0,18,44,0,47,27,0,0,23,74,0,0,0,0,0,0,0,0,0,0,0,24,0
l12,13=39,84,79,85,60,86,86,84,88,89,97,93,0,91,85,0,90,41,86,71,76,35,15,44,69,77,59,67,0,0,67,36,0,0,0,0,0,0,0,0,0,0,0,0,0
l13,13=85,84,86,83,80,90,86,88,85,94,97,93,89,0,85,0,89,41,87,62,51,7,23,49,54,74,57,20,0,0,12,57,0,0,0,0,0,0,0,0,0,0,1,71,0
l14,13=31,75,28,73,0,70,74,81,47,31,43,54,52,74,0,0,93,32,94,79,97,52,0,0,58,89,63,25,0,0,28,79,0,0,0,0,0,0,0,0,52,59,25,31,32
l15,13=30,76,45,0,64,78,86,74,45,56,94,83,89,88,96,0,0,29,94,83,91,55,21,20,58,80,42,27,0,0,27,77,0,0,0,0,0,0,0,5,45,2,19,0,29
l16,13=8,80,59,74,0,72,50,11,39,30,42,0,24,35,62,0,46,0,37,86,97,0,0,20,64,80,44,29,0,0,32,90,11,25,0,0,0,55,48,41,82,94,6,30,35
l17,13=0,60,0,56,0,68,78,69,43,31,44,49,88,73,96,0,93,56,0,90,97,56,18,25,64,86,49,26,0,0,28,84,0,0,0,0,0,0,0,44,58,42,21,28,30
l18,13=22,54,47,28,41,55,69,68,34,25,43,42,52,35,95,0,80,90,94,0,97,83,20,25,63,92,76,31,0,0,16,68,0,20,0,16,0,0,0,53,85,86,22,30,25
l19,13=0,0,43,0,32,0,60,22,29,25,52,36,85,51,96,0,93,91,94,94,0,57,18,88,95,94,86,24,0,0,90,75,0,0,0,0,0,0,0,55,86,55,27,32,36
l20,13=0,0,0,0,0,0,0,45,33,64,0,67,57,18,72,0,68,2,75,93,72,0,96,92,93,94,72,93,0,0,0,0,0,77,0,44,25,65,79,0,45,70,75,5,77
l21,13=0,0,0,0,0,0,0,51,70,38,0,0,79,76,76,0,78,0,85,87,76,92,0,90,92,86,89,92,0,0,0,0,71,58,0,0,0,0,81,0,0,0,81,0,85
l22,13=0,0,0,0,0,0,0,52,61,22,65,31,51,55,0,0,48,39,77,74,74,92,79,0,95,94,90,92,0,0,0,0,68,79,0,64,77,45,80,69,0,53,82,75,83
l23,13=0,0,0,0,0,0,9,48,0,25,28,25,66,47,79,0,65,51,86,76,96,88,93,91,0,94,91,90,0,0,0,41,65,56,0,41,0,35,83,24,57,72,92,93,57
l24,13=0,0,32,0,0,0,0,55,23,34,75,0,78,68,93,0,86,44,89,86,95,92,38,91,95,0,91,91,0,0,33,41,64,77,0,18,35,9,73,15,51,64,92,93,91
l25,13=0,0,34,0,0,0,0,37,42,17,35,52,46,47,90,0,15,15,40,86,80,52,58,91,95,94,0,49,0,0,11,0,80,69,0,27,36,50,34,36,22,50,92,93,91
l26,13=0,0,0,0,0,0,0,8,65,61,65,62,62,50,71,0,75,64,72,89,60,92,96,92,88,89,71,0,0,0,21,19,81,77,0,83,71,32,88,78,48,54,69,80,89
l27,13=8,45,0,63,65,81,63,31,0,27,41,42,50,24,58,0,50,72,35,76,88,0,0,0,0,78,44,13,0,0,0,95,30,26,0,40,47,34,54,78,99,88,0,0,0
l28,13=12,0,33,73,62,72,0,31,0,3,2,43,33,33,59,0,44,58,37,77,85,0,0,0,61,67,0,10,0,0,93,0,26,26,0,40,52,62,58,46,83,94,18,25,2
l29,13=0,0,0,0,0,0,0,0,0,0,0,0,0,0,0,0,0,21,0,7,0,0,5,76,71,74,74,77,0,0,75,55,0,94,0,90,93,93,93,87,89,72,0,24,0
l30,13=0,0,0,0,10,0,0,0,0,0,0,0,0,0,0,0,0,46,0,68,0,71,10,78,66,78,75,72,0,0,53,64,85,0,0,90,93,92,93,93,92,89,10,7,53
l31,13=0,0,0,0,0,0,0,0,0,0,0,0,0,0,0,0,0,0,0,63,0,53,0,43,72,73,65,80,0,0,77,69,85,94,0,0,93,93,93,85,85,89,0,0,0
l32,13=0,0,0,0,0,0,0,0,0,0,0,0,0,0,0,0,0,0,0,0,0,15,0,43,0,76,77,76,0,0,77,78,85,87,0,90,0,93,93,93,84,91,1,0,0
l33,13=0,0,0,0,0,0,0,0,0,0,0,0,0,0,0,0,0,50,0,0,0,54,0,8,57,0,71,0,0,0,21,75,85,93,0,90,93,0,93,93,92,72,0,0,0
l34,13=0,0,0,0,0,0,0,0,0,0,0,0,0,0,0,0,0,44,0,5,0,76,10,87,85,77,68,87,0,0,81,87,85,94,0,90,93,93,0,93,99,94,10,0,54
l35,13=0,0,0,0,0,37,0,0,0,0,0,0,0,0,4,0,8,50,26,82,69,0,0,80,55,73,58,83,0,0,89,76,85,94,0,72,93,93,93,0,99,94,9,27,0
l36,13=0,0,0,10,0,62,0,0,0,0,7,0,17,0,48,0,30,32,28,77,83,42,0,0,61,74,43,23,0,0,93,84,85,85,0,50,54,83,93,93,0,94,0,0,0
l37,13=0,0,0,0,0,0,0,0,0,0,0,0,0,0,47,0,7,85,27,81,68,61,0,25,74,75,58,27,0,0,84,91,51,94,0,90,93,60,93,93,99,0,0,0,0
l38,13=0,0,0,0,0,0,0,0,0,0,0,0,0,0,68,0,22,11,40,65,58,64,21,82,92,78,90,46,0,0,0,36,0,39,0,0,0,0,26,0,0,0,0,93,91
l39,13=0,0,0,0,0,0,0,10,15,1,31,23,0,54,81,0,0,66,46,67,77,14,0,80,92,85,89,44,0,0,0,35,60,0,0,0,0,0,0,13,0,0,93,0,91
l40,13=0,0,0,0,0,0,0,0,0,0,0,0,0,0,69,0,37,51,48,70,73,67,35,80,67,84,89,82,0,0,0,0,0,4,0,0,0,0,50,0,0,0,92,93,0
l41,13=0,0,0,0,0,0,0,0,0,0,31,0,32,41,66,0,49,84,84,85,92,50,20,49,92,87,85,71,0,0,10,0,7,0,0,0,0,0,24,0,57,56,92,93,90
l42,13=0,0,0,0,0,0,0,0,0,0,0,0,0,0,74,0,38,37,0,85,75,80,60,90,92,87,90,86,0,0,0,0,52,56,0,0,0,0,25,0,0,0,92,93,91
l43,13=0,0,0,0,0,0,0,0,0,0,0,0,25,0,56,0,42,2,11,63,0,60,59,82,78,75,85,75,0,0,0,0,38,60,0,41,9,0,25,0,0,0,92,93,89
l44,13=0,0,0,0,0,0,0,0,0,0,5,0,0,0,68,0,30,0,17,55,77,83,18,79,92,88,72,76,0,0,0,0,0,0,0,0,0,0,0,8,0,18,92,93,91

l0,14=0,100,100,99,99,98,98,99,99,8,98,99,99,99,0,0,67,0,0,7,0,0,0,0,0,0,0,0,0,0,1,0,0,0,0,0,0,0,0,0,0,0,0,0,0
l1,14=97,0,99,98,98,99,98,100,99,98,97,99,99,99,33,0,96,98,97,96,0,0,0,0,0,0,0,0,0,0,54,0,0,0,0,0,0,0,0,0,0,0,0,0,0
l2,14=95,99,0,98,86,97,98,99,99,98,97,99,99,99,78,0,42,93,96,57,0,0,0,0,0,39,0,0,0,0,0,0,0,0,0,0,0,0,0,0,0,0,0,0,0
l3,14=100,100,100,0,99,99,99,99,99,96,92,97,99,99,76,0,64,0,96,0,0,0,0,0,0,0,0,0,0,0,69,2,0,0,0,0,0,0,0,0,0,0,0,0,0
l4,14=100,100,97,99,0,97,98,58,99,98,98,99,99,99,81,0,67,0,95,0,0,0,0,0,0,0,0,0,0,0,77,24,0,0,0,0,0,0,0,0,0,0,0,0,0
l5,14=98,100,99,99,98,0,99,99,80,98,98,99,99,99,76,0,56,84,96,69,0,0,0,0,0,0,0,0,0,0,75,57,0,0,0,0,0,0,0,1,0,29,0,0,0
l6,14=95,99,99,98,98,98,0,99,99,98,98,99,99,99,0,0,96,66,99,97,1,0,0,0,0,0,0,0,0,0,57,0,0,0,0,0,0,0,0,0,0,0,0,0,0
l7,14=92,99,99,98,98,97,98,0,100,98,98,99,99,99,98,0,96,81,99,96,46,0,0,85,58,50,53,0,0,0,0,0,0,0,0,0,0,0,0,0,0,0,0,0,0
l8,14=97,99,99,98,98,95,98,100,0,98,98,99,99,99,98,0,96,85,99,93,0,72,0,91,69,47,96,83,0,0,0,0,0,0,0,0,0,0,0,0,0,0,0,55,0
l9,14=10,99,99,98,98,97,98,99,99,0,98,100,100,100,96,0,96,88,75,98,32,50,0,75,61,50,53,89,0,0,59,0,0,0,0,0,0,0,0,0,0,0,0,0,0
l10,14=97,85,95,88,97,99,99,100,99,100,0,100,100,100,71,0,98,90,100,74,49,2,0,90,66,59,58,76,0,0,61,26,0,0,0,0,0,0,0,0,37,0,67,0,0
l11,14=95,99,99,91,98,98,98,100,100,100,98,0,100,100,95,0,96,86,99,74,51,56,0,73,60,51,56,89,0,0,0,16,0,0,0,0,0,0,0,0,0,0,0,0,7
l12,14=87,99,96,92,88,94,98,100,99,100,100,100,0,100,98,0,98,78,100,95,65,53,72,86,97,97,54,0,0,0,22,47,0,0,0,0,0,0,0,0,5,0,22,64,0
l13,14=95,99,99,98,98,98,98,100,99,100,100,100,100,0,98,0,97,89,99,95,57,31,0,0,96,92,50,77,0,0,0,44,0,0,0,0,0,0,0,0,0,0,0,65,29
l14,14=2,5,81,65,86,89,0,59,85,82,53,85,99,88,0,0,98,99,100,75,61,4,0,91,60,57,58,91,0,0,82,73,0,44,0,0,0,0,0,44,31,33,81,84,88
l15,14=76,98,0,80,87,89,53,61,83,97,100,100,100,100,99,0,0,53,99,72,53,59,0,91,50,57,58,93,0,0,93,66,0,0,0,0,0,0,0,1,29,0,72,81,87
l16,14=0,91,81,0,0,89,20,23,61,67,64,84,93,66,84,0,29,0,100,75,59,0,0,90,59,24,27,86,0,0,100,74,24,3,0,0,0,0,0,75,60,45,70,85,9
l17,14=1,88,81,89,86,90,59,61,85,52,100,100,100,100,99,0,98,100,0,99,100,0,84,91,69,60,57,88,0,0,86,74,0,31,0,0,0,0,23,1,0,26,79,87,89
l18,14=0,90,78,0,43,87,52,56,77,93,85,94,97,88,98,0,69,100,100,0,96,61,85,95,68,60,98,98,0,0,82,67,28,0,0,3,0,0,50,57,59,57,89,96,91
l19,14=0,0,0,0,0,0,14,69,0,61,97,98,99,88,99,0,98,100,100,99,0,64,0,100,100,99,100,91,0,0,100,100,0,0,0,0,0,0,0,87,100,56,81,100,90
l20,14=0,0,0,0,0,0,0,0,89,81,1,92,91,58,76,0,96,0,0,98,93,0,100,99,97,99,90,100,0,0,0,0,89,89,0,0,90,72,95,91,54,83,95,88,96
l21,14=0,0,0,0,0,0,0,28,0,0,0,0,97,0,17,0,0,0,97,98,7,100,0,98,97,98,98,99,0,0,0,0,98,0,0,0,0,0,69,0,0,0,81,94,96
l22,14=0,0,0,0,0,0,0,89,89,62,90,63,91,0,88,0,94,93,98,98,99,99,90,0,100,99,100,100,0,0,0,75,92,89,0,57,97,86,97,91,90,75,95,97,96
l23,14=0,0,0,0,0,0,0,47,66,81,91,88,97,92,96,0,63,97,98,98,99,93,96,99,0,99,100,98,0,0,70,93,95,94,0,94,78,86,95,48,46,91,98,98,96
l24,14=0,0,10,0,0,0,15,53,64,81,96,86,97,98,96,0,95,97,98,98,99,98,86,99,100,0,100,97,0,0,70,51,91,92,0,71,81,0,45,3,59,91,98,98,96
l25,14=0,0,0,0,0,0,0,52,93,73,91,86,88,65,96,0,94,91,95,98,97,57,95,98,100,99,0,98,0,0,38,0,97,94,0,89,90,56,88,75,48,48,98,98,96
l26,14=0,0,0,0,0,0,0,44,94,93,78,97,74,83,94,0,95,90,96,98,86,100,97,100,97,99,97,0,0,0,63,0,99,92,0,97,96,90,96,95,48,92,89,96,96
l27,14=0,16,0,84,96,96,21,0,0,68,97,0,77,0,84,0,70,100,97,56,59,0,0,0,50,24,21,60,0,0,0,100,63,62,0,88,60,49,61,96,99,62,54,98,0
l28,14=26,12,0,19,96,97,0,3,0,0,32,28,98,55,84,0,63,100,100,56,22,0,0,89,68,11,0,0,0,0,100,0,50,57,0,91,60,50,50,96,60,62,25,4,0
l29,14=0,0,0,0,0,0,0,0,0,0,0,0,0,0,0,0,0,55,0,27,0,54,89,97,97,99,99,100,0,0,96,97,0,100,0,100,100,100,100,100,100,99,0,96,0
l30,14=0,0,0,0,0,0,0,0,0,0,0,0,0,0,31,0,0,17,32,0,0,21,0,90,97,63,98,98,0,0,97,62,100,0,0,100,100,100,100,99,100,99,43,0,30
l31,14=0,0,0,0,0,0,0,0,0,0,0,0,0,0,0,0,0,13,0,4,0,0,0,73,95,65,90,95,0,0,57,93,100,100,0,0,100,100,100,99,100,99,74,0,0
l32,14=0,0,0,0,0,0,0,0,0,0,0,0,0,0,0,0,0,0,0,0,0,88,0,100,90,95,99,92,0,0,61,74,100,100,0,100,0,100,100,100,72,99,0,0,0
l33,14=0,0,0,0,0,0,0,0,0,0,0,0,0,0,0,0,0,0,0,0,0,58,0,87,99,0,97,89,0,0,85,78,100,100,0,100,100,0,100,99,100,99,0,0,0
l34,14=0,0,0,0,0,0,0,0,0,0,0,0,0,0,0,0,0,0,41,78,0,59,7,98,100,95,98,100,0,0,100,62,100,100,0,100,100,100,0,100,100,99,48,0,0
l35,14=0,0,0,0,0,22,0,0,0,0,0,0,0,0,81,0,0,60,3,76,62,44,0,96,69,6,98,98,0,0,99,100,100,100,0,90,100,61,100,0,100,99,0,63,0
l36,14=0,0,0,0,21,9,0,0,0,0,43,0,30,0,84,0,14,100,0,99,69,7,0,61,28,40,28,35,0,0,100,88,100,100,0,100,31,100,100,100,0,99,0,0,0
l37,14=0,0,0,0,14,27,0,0,0,0,0,0,0,0,84,0,0,60,50,80,22,19,0,46,100,84,61,99,0,0,100,100,100,100,0,100,100,61,100,100,100,0,0,0,0
l38,14=0,0,0,0,0,0,0,0,0,0,71,0,53,0,85,0,24,85,86,92,49,90,0,89,97,99,98,81,0,0,9,0,0,57,0,17,0,0,5,0,0,0,0,98,96
l39,14=0,0,0,0,0,0,0,0,57,0,0,0,90,79,86,0,56,86,86,90,78,67,2,88,96,98,98,85,0,0,70,0,58,0,0,0,0,0,0,0,0,0,99,0,96
l40,14=0,0,0,0,0,0,0,0,0,0,0,0,0,0,83,0,86,0,87,95,76,92,74,93,95,96,92,92,0,0,0,0,0,57,0,0,0,0,0,0,0,0,98,97,0
l41,14=0,0,0,0,0,0,25,0,0,0,82,0,93,8,88,0,83,97,97,95,99,55,0,95,99,99,98,96,0,0,74,0,0,0,0,0,0,0,0,0,53,52,100,100,87
l42,14=0,0,0,0,0,0,0,0,0,0,0,0,80,0,92,0,0,74,70,98,79,93,93,98,97,99,97,92,0,0,0,0,93,83,0,0,18,0,0,0,0,0,98,98,96
l43,14=0,0,0,0,0,0,0,0,0,0,0,0,67,0,3,0,0,77,0,92,56,92,74,96,94,96,96,91,0,0,0,0,53,82,0,74,0,0,78,69,0,0,98,98,96
l44,14=0,0,0,0,0,0,0,0,0,0,0,0,63,0,84,0,87,76,77,94,86,93,74,95,97,98,97,95,0,0,0,0,73,0,0,0,0,0,0,0,0,65,98,98,96

l0,15=0,98,97,100,100,100,100,97,100,88,97,96,97,99,60,0,95,12,52,15,0,0,0,0,0,0,0,0,0,0,81,90,0,0,0,0,0,0,0,0,0,0,0,0,0
l1,15=99,0,97,100,100,100,99,100,88,88,97,100,99,100,42,0,99,93,87,95,0,0,0,0,0,0,0,0,0,0,52,37,0,0,0,0,0,0,0,0,0,0,0,0,0
l2,15=90,97,0,97,97,98,98,97,88,88,0,94,95,99,98,0,77,54,45,97,0,0,0,0,0,39,0,0,0,0,58,0,0,0,0,0,0,0,0,0,0,0,0,0,0
l3,15=99,98,97,0,100,100,100,97,88,88,97,95,97,99,98,0,0,50,53,7,0,0,0,0,0,0,0,0,0,0,62,96,0,0,0,0,0,0,0,0,0,0,0,0,0
l4,15=99,97,97,100,0,98,98,97,88,83,75,94,62,99,96,0,73,36,53,62,0,0,0,0,0,0,0,0,0,0,61,0,0,0,0,0,0,0,0,0,0,0,0,0,0
l5,15=90,98,97,100,98,0,100,97,88,88,97,96,97,99,98,0,98,49,53,92,94,0,0,0,0,0,0,0,0,0,57,94,0,0,0,0,0,0,0,0,80,0,0,0,0
l6,15=90,97,97,97,98,100,0,97,88,88,96,96,97,99,98,0,99,1,87,97,2,15,0,0,0,0,0,0,0,0,98,0,0,0,0,0,0,0,0,0,0,0,0,0,0
l7,15=84,98,97,97,97,98,100,0,100,98,97,96,100,100,98,0,99,84,87,98,98,69,0,57,0,84,70,58,0,0,0,57,0,0,0,0,0,0,0,0,0,0,0,0,0
l8,15=90,97,97,89,98,98,98,100,0,88,96,96,95,99,99,0,99,72,89,96,87,83,0,93,90,78,94,93,0,0,24,92,0,0,0,0,0,0,0,0,0,0,0,0,0
l9,15=90,97,98,86,98,98,98,100,88,0,100,100,100,100,99,0,99,83,89,97,29,80,4,91,61,80,69,95,0,0,2,4,0,0,0,0,0,0,0,0,0,0,0,79,0
l10,15=89,93,15,95,59,100,100,96,100,98,0,100,100,100,97,0,75,53,99,96,90,0,0,59,89,87,95,56,0,0,3,3,0,0,0,0,0,0,0,0,50,0,84,90,85
l11,15=90,98,100,61,59,100,100,100,100,98,100,0,100,100,97,0,100,53,99,98,97,69,0,0,90,83,73,56,0,0,27,94,0,0,0,0,0,0,0,0,0,0,17,0,0
l12,15=90,97,97,89,58,98,98,100,87,98,100,100,0,100,99,0,100,80,99,91,89,64,52,56,92,87,69,0,0,0,55,49,0,0,0,0,0,0,0,0,0,0,0,91,0
l13,15=90,97,97,96,98,100,98,100,88,98,100,100,100,0,99,0,99,88,80,95,0,64,3,52,88,79,10,90,0,0,56,71,0,0,0,0,0,0,0,0,0,0,0,0,0
l14,15=44,19,97,40,57,73,76,100,100,91,75,59,55,88,0,0,100,57,99,100,100,3,0,59,98,99,73,56,0,0,43,100,0,62,0,0,0,0,0,0,82,42,92,95,90
l15,15=95,98,99,0,57,79,98,100,100,98,75,63,100,100,100,0,0,56,99,93,100,67,54,57,98,91,73,56,0,0,58,93,0,61,0,0,0,0,0,0,0,59,92,95,90
l16,15=4,62,78,20,26,43,0,97,82,80,73,55,59,99,100,0,76,0,61,100,100,47,0,38,86,79,75,55,0,0,100,100,87,62,0,76,0,0,2,80,97,64,56,91,88
l17,15=76,87,3,52,55,78,91,100,100,88,100,100,100,90,100,0,100,97,0,100,100,64,51,56,100,99,71,54,0,0,62,100,0,0,0,0,0,0,0,0,74,73,98,99,79
l18,15=22,91,84,0,51,65,89,100,100,98,76,62,59,99,100,0,77,97,99,0,100,73,62,62,100,98,100,59,0,0,64,98,70,58,0,6,0,0,60,77,99,61,98,100,99
l19,15=0,0,0,0,0,78,81,100,99,39,78,99,100,0,100,0,100,97,99,100,0,72,40,98,100,99,100,60,0,0,58,99,0,0,0,0,0,0,59,78,99,99,69,99,99
l20,15=0,0,0,0,0,0,47,96,81,65,0,90,94,84,26,0,96,64,88,99,99,0,100,98,88,98,95,98,0,0,0,0,91,87,0,0,84,85,93,86,0,83,94,94,96
l21,15=0,0,0,0,0,0,0,1,0,26,0,3,94,84,0,0,96,0,88,99,94,100,0,98,100,96,96,98,0,0,0,0,88,0,0,0,50,0,35,0,0,40,94,92,9
l22,15=0,0,0,0,0,0,0,94,88,83,91,0,92,86,96,0,98,91,93,99,99,99,98,0,100,98,99,98,0,0,0,8,92,87,0,92,98,83,93,88,90,90,95,90,94
l23,15=0,0,0,0,0,0,0,0,88,0,95,94,98,90,97,0,96,90,95,98,99,93,98,99,0,99,100,95,0,0,95,92,93,94,0,94,38,76,94,81,1,91,98,99,98
l24,15=0,0,19,0,0,0,0,95,86,88,97,66,98,92,99,0,95,85,98,98,99,99,97,98,100,0,100,96,0,0,69,86,89,61,0,93,85,0,4,24,94,96,98,99,99
l25,15=0,0,0,0,0,0,0,77,90,56,93,46,93,18,97,0,96,90,88,99,99,94,96,98,100,99,0,97,0,0,0,0,90,84,0,2,85,40,16,89,73,58,96,99,95
l26,15=0,0,0,0,0,0,0,98,91,93,90,64,5,93,87,0,98,90,83,98,96,100,100,100,100,98,99,0,0,0,0,0,95,94,0,94,92,87,94,90,86,93,97,94,97
l27,15=59,52,81,61,61,74,100,0,23,5,0,56,59,92,99,0,74,97,65,98,96,0,0,0,86,96,0,0,0,0,0,100,96,68,0,100,96,62,63,83,100,100,0,94,0
l28,15=57,0,0,62,0,80,0,94,86,0,0,63,54,84,100,0,74,97,61,93,100,0,0,0,85,78,0,0,0,0,100,0,100,73,0,100,98,60,63,83,100,100,57,89,0
l29,15=0,0,0,0,0,0,0,0,0,0,0,0,0,0,0,0,0,61,0,82,0,100,63,100,100,94,100,98,0,0,99,100,0,100,0,100,100,100,100,100,100,100,58,93,0
l30,15=0,0,0,0,0,0,0,0,0,0,0,0,0,0,96,0,53,56,0,84,0,75,0,60,100,75,99,97,0,0,61,99,100,0,0,100,100,100,100,100,100,100,24,0,33
l31,15=0,0,0,0,0,0,0,0,0,0,0,0,0,0,0,0,0,70,0,13,0,0,0,79,90,79,4,97,0,0,97,96,100,100,0,0,100,100,100,100,100,100,11,0,12
l32,15=0,0,0,0,0,0,0,0,0,0,0,0,0,0,0,0,0,0,0,0,0,99,1,100,61,92,100,91,0,0,94,99,100,100,0,100,0,100,100,100,100,100,0,0,0
l33,15=0,0,0,0,0,0,0,0,0,0,0,0,0,0,0,0,0,0,0,0,0,97,0,77,68,0,88,91,0,0,93,90,100,100,0,100,100,0,100,100,100,100,0,0,0
l34,15=0,0,0,0,0,0,0,0,0,0,0,0,0,0,0,0,0,22,1,92,97,95,0,61,86,0,70,60,0,0,99,99,100,100,0,100,100,100,0,100,100,100,8,0,0
l35,15=0,0,0,0,0,0,0,0,0,0,0,0,0,0,0,0,7,62,0,93,99,75,0,52,86,40,100,97,0,0,100,100,100,100,0,100,100,100,100,0,100,100,0,12,0
l36,15=0,0,0,0,0,79,0,0,0,0,21,0,0,0,100,0,30,62,50,93,100,0,0,57,0,99,79,80,0,0,100,100,100,100,0,100,100,100,100,100,0,100,0,4,0
l37,15=0,0,0,0,0,32,0,0,0,0,0,0,0,0,99,0,52,76,45,92,100,70,0,47,85,99,78,60,0,0,100,100,100,100,0,100,100,100,100,100,100,0,0,52,0
l38,15=0,0,0,0,0,0,0,0,0,0,45,0,0,0,79,0,49,30,80,94,57,84,41,82,98,93,86,86,0,0,0,61,53,1,0,1,0,0,3,0,0,0,0,100,99
l39,15=0,0,0,0,0,0,0,4,0,0,42,0,35,0,86,0,81,31,82,91,89,84,40,56,100,94,99,85,0,0,32,39,55,0,0,0,0,0,0,0,0,1,98,0,99
l40,15=0,0,0,0,0,0,0,0,0,0,41,0,0,0,80,0,80,79,31,86,66,83,0,69,100,93,92,93,0,0,0,0,0,0,0,0,0,0,0,0,0,0,98,98,0
l41,15=0,0,0,0,0,0,0,30,4,0,68,48,51,81,99,0,72,96,98,95,99,59,0,95,100,98,99,95,0,0,56,0,2,10,0,0,0,0,44,0,59,0,98,100,98
l42,15=0,0,0,0,0,0,0,0,0,0,0,0,55,0,71,0,0,59,6,95,0,89,74,95,100,98,0,80,0,0,0,0,45,44,0,38,1,0,20,0,0,0,98,99,99
l43,15=0,0,0,0,0,0,0,0,0,0,0,22,0,0,64,0,62,56,30,73,52,65,54,90,85,74,94,93,0,0,0,0,52,51,0,50,0,0,61,49,0,0,97,97,91
l44,15=0,0,0,0,0,0,0,0,0,0,0,0,10,0,59,0,66,0,0,90,51,91,59,58,98,63,96,94,0,0,0,0,53,0,0,0,4,0,39,0,0,0,97,97,99

