l0,0=0,94,92,90,92,89,91,81,92,93,84,89,93,88,35,0,78,0,53,24,0,0,0,0,0,0,0,0,0,0,83,79,0,0,0,0,0,0,0,0,2,0,0,0,0
l1,0=93,0,89,93,75,89,91,90,92,69,37,89,92,93,23,0,47,41,66,24,24,0,0,0,0,0,0,0,0,0,45,68,0,0,0,0,0,0,0,0,23,0,0,0,0
l2,0=93,93,0,90,89,89,91,93,94,93,84,89,93,93,47,0,82,73,68,45,47,0,0,0,0,0,2,0,0,0,0,69,0,0,0,0,0,0,0,0,0,0,0,2,0
l3,0=91,94,92,0,92,89,91,89,93,93,78,89,93,86,40,0,78,66,67,32,37,0,0,0,0,0,0,0,0,0,78,79,0,0,0,0,0,0,0,0,0,9,0,0,0
l4,0=93,89,90,93,0,89,91,85,93,88,81,83,90,92,11,0,36,0,42,0,0,0,0,0,0,0,0,0,0,0,12,80,0,0,0,0,0,0,0,0,0,0,0,0,0
l5,0=93,94,92,90,92,0,91,92,38,51,47,89,93,58,0,0,54,0,59,19,10,0,0,0,0,0,0,0,0,0,26,1,0,0,0,0,0,0,0,0,23,26,0,0,0
l6,0=93,94,92,90,92,89,0,92,94,93,84,89,93,93,53,0,78,72,78,27,28,0,0,0,0,8,0,0,0,0,61,0,0,0,0,0,0,0,0,0,0,0,0,0,0
l7,0=84,94,92,89,89,89,91,0,94,93,84,89,93,93,91,0,83,0,85,88,79,53,43,65,38,75,78,0,0,0,1,0,0,0,0,0,0,0,0,0,0,0,0,0,0
l8,0=91,94,92,90,92,86,91,92,0,93,84,89,93,93,87,0,83,76,83,87,33,13,78,50,37,4,22,9,0,0,23,0,0,0,0,0,0,0,0,0,0,0,0,2,0
l9,0=93,93,88,87,86,83,91,91,94,0,84,89,92,93,89,0,82,72,73,13,36,14,0,53,39,34,13,6,0,0,35,65,0,0,0,0,0,0,0,0,0,0,0,0,0
l10,0=91,74,89,41,47,54,89,90,60,93,0,89,93,30,26,0,88,81,87,72,38,33,68,52,25,44,25,5,0,0,27,50,0,0,0,0,0,0,0,0,4,0,31,46,0
l11,0=91,93,89,90,41,87,89,90,94,93,84,0,93,93,89,0,83,71,60,77,64,1,6,0,36,33,17,15,0,0,0,42,0,0,0,0,0,0,0,0,0,0,0,0,0
l12,0=90,93,89,80,83,87,89,90,92,93,88,89,0,93,89,0,82,73,83,86,89,46,20,5,36,21,46,31,0,0,40,45,0,0,0,0,0,0,0,0,5,0,0,2,31
l13,0=77,94,92,49,90,89,91,92,94,93,44,89,93,0,90,0,87,77,85,34,37,9,3,30,8,37,7,0,0,0,36,43,0,0,0,0,0,0,0,0,0,0,12,45,1
l14,0=40,47,65,2,22,0,72,72,37,29,33,87,80,33,0,0,88,90,93,93,99,38,56,55,38,44,21,24,0,0,61,77,0,40,0,0,0,0,0,4,25,47,75,79,67
l15,0=48,59,85,38,35,45,86,89,39,30,88,89,80,93,93,0,0,73,93,23,53,62,60,58,43,48,31,29,0,0,55,35,0,0,0,0,0,0,0,2,26,0,72,70,5
l16,0=0,18,47,7,2,0,48,0,30,2,39,47,72,30,35,0,69,0,89,33,37,1,0,32,47,36,15,0,0,0,67,89,21,36,0,10,0,34,69,24,34,77,72,73,51
l17,0=38,64,63,30,30,42,73,75,37,26,70,67,72,46,98,0,89,90,0,67,87,64,43,49,48,39,25,27,0,0,55,73,0,0,0,0,0,0,0,0,12,50,74,72,64
l18,0=34,59,65,0,0,20,67,73,33,0,57,77,65,25,95,0,58,90,90,0,99,82,63,68,53,65,84,32,0,0,55,57,53,12,0,23,0,1,60,22,32,56,80,89,74
l19,0=0,66,65,0,0,33,68,69,32,24,58,85,83,31,98,0,86,90,93,94,0,70,38,56,52,61,49,26,0,0,73,87,0,40,0,0,0,0,0,8,52,45,8,79,77
l20,0=0,0,0,0,0,0,0,0,25,60,57,0,0,68,0,0,84,9,83,92,76,0,100,97,81,86,92,89,0,0,0,0,88,18,0,89,80,0,90,27,0,46,92,61,82
l21,0=0,0,0,0,0,0,0,67,90,0,84,0,0,10,26,0,86,0,14,89,73,100,0,96,87,80,92,88,0,0,0,0,7,86,0,1,38,0,95,62,0,0,0,0,87
l22,0=0,0,0,0,0,0,0,63,66,64,66,0,11,63,75,0,75,44,47,91,56,98,69,0,87,84,93,88,0,0,0,2,96,92,0,73,70,64,83,27,48,53,67,68,74
l23,0=0,0,0,0,0,0,0,64,26,16,42,68,34,0,53,0,72,71,80,88,81,90,88,98,0,87,93,83,0,0,0,19,81,37,0,40,0,0,90,24,58,72,91,89,89
l24,0=0,0,20,0,0,0,1,65,23,16,77,38,54,48,83,0,79,64,66,91,87,98,78,77,89,0,93,85,0,0,4,3,0,84,0,62,63,24,58,53,42,37,92,89,76
l25,0=0,0,22,0,0,0,0,67,42,16,72,58,70,0,20,0,75,59,75,91,77,84,79,100,89,87,0,84,0,0,6,0,91,69,0,80,71,75,4,74,18,65,91,89,81
l26,0=0,0,0,0,0,0,0,0,37,6,70,68,69,7,71,0,80,23,69,85,64,98,98,97,87,85,92,0,0,0,23,2,81,78,0,87,80,80,94,83,31,62,88,74,89
l27,0=48,41,0,19,39,3,60,0,15,7,11,0,58,16,33,0,70,90,69,28,36,0,0,0,0,0,0,1,0,0,0,89,78,88,0,44,0,43,71,91,52,84,3,0,43
l28,0=49,27,48,19,44,12,24,0,0,9,10,22,41,12,32,0,52,90,68,20,33,0,0,21,18,7,0,0,0,0,94,0,84,85,0,44,47,66,66,45,88,86,0,0,53
l29,0=0,0,0,0,0,0,0,0,0,0,0,0,0,0,0,0,3,19,0,35,0,70,21,97,65,30,92,69,0,0,82,87,0,97,0,99,96,100,100,97,92,95,0,25,0
l30,0=0,0,0,0,0,0,0,0,0,0,0,0,0,0,6,0,0,17,0,0,1,5,40,93,13,73,67,47,0,0,94,86,100,0,0,99,96,100,100,98,93,96,36,36,0
l31,0=0,0,0,0,0,0,0,0,0,0,0,0,0,0,0,0,0,12,0,33,0,87,3,67,18,22,74,86,0,0,88,34,100,97,0,0,96,100,100,98,93,96,17,0,0
l32,0=0,0,0,0,0,0,0,0,0,0,0,0,0,0,0,0,0,0,0,1,0,78,23,84,1,42,78,83,0,0,2,53,100,97,0,99,0,100,100,98,89,89,0,0,0
l33,0=0,0,0,0,0,0,0,0,0,0,0,0,0,0,0,0,0,30,0,0,0,1,0,48,1,0,69,62,0,0,36,40,100,97,0,99,96,0,100,86,93,34,0,0,0
l34,0=0,0,0,0,0,0,0,0,0,0,0,0,0,0,0,0,0,50,0,65,1,85,40,91,69,70,15,86,0,0,94,86,100,97,0,99,95,100,0,98,93,96,39,1,0
l35,0=0,0,0,0,0,0,0,0,0,0,0,0,0,0,0,0,21,52,0,65,8,10,32,25,51,76,34,31,0,0,94,89,100,97,0,98,61,65,100,0,93,96,10,0,0
l36,0=0,17,0,0,0,22,0,0,0,0,2,0,6,0,30,0,61,52,8,31,36,6,0,45,40,39,7,5,0,0,52,89,94,97,0,58,37,67,93,98,0,96,0,42,0
l37,0=0,0,0,0,0,18,0,0,0,0,0,0,0,0,25,0,0,53,67,72,23,57,0,74,65,22,33,10,0,0,68,89,98,97,0,99,38,44,100,98,93,0,3,0,0
l38,0=0,0,0,0,0,0,0,0,0,0,55,0,0,1,78,0,71,69,74,78,4,85,28,71,81,83,87,77,0,0,0,0,0,64,0,1,0,0,61,6,0,0,0,89,89
l39,0=0,0,1,0,0,0,0,0,9,0,35,0,0,0,79,0,66,69,66,82,73,40,1,50,87,84,90,18,0,0,0,0,8,49,0,0,0,0,0,0,26,0,93,0,89
l40,0=0,0,0,0,0,0,0,0,0,0,0,0,16,0,76,0,18,24,58,74,79,75,57,74,86,74,84,84,0,0,21,49,0,0,0,0,0,0,0,0,0,0,92,89,0
l41,0=0,0,0,0,0,0,0,0,0,62,73,0,31,53,83,0,78,71,90,90,95,5,61,91,87,86,91,80,0,0,68,55,25,0,0,1,0,0,0,5,0,40,92,89,89
l42,0=0,0,0,0,0,0,0,0,0,0,16,0,0,0,42,0,61,56,52,71,47,85,8,86,87,84,90,74,0,0,0,0,35,39,0,0,0,0,65,0,0,0,92,89,89
l43,0=0,0,0,0,0,0,0,0,0,0,39,0,0,0,55,0,16,34,47,67,40,71,77,77,86,85,83,81,0,0,0,0,66,67,0,0,62,0,52,0,0,0,89,88,84
l44,0=0,0,0,0,0,0,0,0,0,0,0,44,25,0,61,0,54,60,69,69,54,85,66,76,87,83,88,82,0,0,0,0,4,25,0,0,0,6,38,0,0,0,89,88,86

l0,1=0,88,89,89,88,93,90,89,90,87,76,84,82,84,30,0,61,0,0,0,0,0,0,0,0,0,0,0,0,0,68,53,0,0,0,0,0,0,0,0,0,0,0,0,0
l1,1=94,0,88,85,91,93,90,81,88,86,37,64,74,86,37,0,18,38,0,50,38,0,0,0,0,0,0,0,0,0,58,52,0,0,0,0,0,0,0,0,22,0,0,0,0
l2,1=94,87,0,88,93,93,90,93,90,88,76,84,82,87,71,0,74,54,63,36,37,0,0,1,0,63,25,0,0,0,6,39,0,0,0,0,0,0,0,0,0,0,0,0,0
l3,1=94,88,89,0,93,93,90,85,88,87,76,84,82,84,39,0,71,40,33,0,31,0,0,0,0,0,0,0,0,0,82,53,0,0,0,0,0,0,0,0,0,0,0,0,0
l4,1=93,87,88,91,0,93,89,86,83,81,73,79,80,84,0,0,35,4,0,0,0,0,0,0,0,0,0,0,0,0,44,3,0,0,0,0,0,0,0,0,0,0,0,0,0
l5,1=94,87,89,88,93,0,90,88,88,53,45,71,82,84,37,0,36,44,37,15,0,0,0,0,0,0,0,0,0,0,57,0,0,17,0,0,0,0,0,0,64,33,0,0,0
l6,1=94,88,89,88,92,92,0,93,90,46,76,84,82,84,45,0,57,45,64,50,36,0,0,0,0,0,0,0,0,0,67,0,0,0,0,0,0,0,0,0,0,0,0,0,0
l7,1=93,86,89,81,93,92,89,0,90,89,76,84,82,87,82,0,83,0,73,60,71,35,40,77,0,76,67,1,0,0,0,30,0,0,0,0,0,0,0,0,0,0,0,45,0
l8,1=93,87,89,88,73,92,89,93,0,89,76,84,64,87,81,0,82,53,75,69,45,60,47,69,37,52,64,0,0,0,44,50,0,0,0,0,0,0,0,0,0,0,0,0,0
l9,1=92,86,88,71,68,91,66,93,90,0,76,85,82,87,80,0,66,35,72,44,57,27,0,0,59,4,43,31,0,0,0,56,0,0,0,0,0,0,0,0,0,0,2,0,0
l10,1=85,62,76,47,52,79,82,78,82,87,0,85,83,84,44,0,85,59,75,71,71,9,61,13,2,76,68,71,0,0,63,32,0,0,0,0,0,0,0,0,4,0,51,37,41
l11,1=91,79,88,65,66,92,81,93,90,89,76,0,83,87,81,0,83,47,77,63,61,0,0,10,38,64,60,0,0,0,17,52,0,0,0,0,0,0,0,0,0,0,0,27,1
l12,1=85,56,88,57,81,92,89,89,58,87,81,85,0,87,81,0,82,50,77,69,70,57,0,42,44,68,61,65,0,0,0,42,0,0,0,0,0,0,0,0,0,0,6,0,20
l13,1=87,88,89,81,85,89,86,93,90,89,78,85,83,0,81,0,84,40,72,52,32,21,46,36,54,69,57,47,0,0,0,49,0,0,0,0,0,0,0,0,0,0,25,0,23
l14,1=41,38,40,4,0,41,39,69,76,47,38,81,78,75,0,0,87,56,82,78,85,32,64,71,58,63,60,52,0,0,69,68,0,0,0,0,0,0,44,0,70,57,64,76,57
l15,1=48,30,40,19,27,39,45,89,83,43,81,85,83,84,84,0,0,47,82,64,83,48,64,73,64,76,66,68,0,0,71,27,0,0,0,0,0,0,0,0,67,40,37,71,19
l16,1=0,15,24,19,6,21,24,0,70,7,14,43,67,64,30,0,27,0,70,71,51,0,0,40,54,41,37,52,0,0,91,87,13,64,0,0,5,0,60,0,76,70,59,0,0
l17,1=0,0,26,5,0,17,35,64,72,44,41,69,78,72,84,0,85,49,0,57,89,27,62,65,57,28,64,65,0,0,61,36,0,0,0,0,0,0,0,36,27,63,61,64,55
l18,1=0,34,2,0,0,1,31,47,69,35,41,57,71,59,80,0,46,69,73,0,83,56,69,64,77,92,80,76,0,0,64,74,3,31,0,1,0,0,51,64,69,68,65,80,0
l19,1=0,55,39,11,0,0,38,67,53,44,39,60,71,62,84,0,85,68,81,84,0,46,60,62,61,71,67,68,0,0,69,74,0,68,0,0,0,0,37,0,77,0,63,79,62
l20,1=0,0,0,0,0,0,0,44,61,47,39,0,65,60,60,0,76,37,59,75,72,0,94,86,78,92,79,84,0,0,35,0,55,75,0,75,74,6,67,0,54,45,78,73,64
l21,1=0,0,0,0,0,0,0,5,60,0,58,0,0,54,52,0,76,0,62,69,53,93,0,85,77,88,78,82,0,0,0,0,0,67,0,0,52,0,51,41,0,0,0,77,71
l22,1=0,0,0,0,0,0,0,51,59,0,12,22,46,43,65,0,69,47,58,57,48,82,75,0,77,70,80,81,0,0,0,0,64,78,0,72,63,41,60,48,61,59,73,75,60
l23,1=0,0,0,0,0,0,0,0,51,69,34,61,63,64,69,0,74,64,66,77,72,87,83,85,0,92,80,81,0,0,0,48,53,69,0,63,0,56,61,49,66,71,78,88,85
l24,1=0,0,33,0,0,0,0,65,52,1,68,70,72,67,72,0,78,62,41,77,76,88,81,72,80,0,79,77,0,0,0,48,38,59,0,0,31,0,43,75,77,62,84,86,83
l25,1=0,0,0,0,0,0,0,50,56,29,65,66,68,58,59,0,74,37,67,77,71,87,84,88,79,92,0,81,0,0,0,0,65,70,0,74,69,40,62,41,49,54,84,88,78
l26,1=0,0,0,0,0,0,0,7,22,16,60,0,65,62,37,0,69,44,58,73,65,90,82,87,76,85,78,0,0,0,0,0,64,83,0,76,75,51,71,63,46,61,72,77,83
l27,1=62,27,4,32,1,26,34,0,49,0,37,38,0,0,47,0,76,73,51,54,36,7,0,0,0,0,0,0,0,0,0,87,34,81,0,50,32,40,39,85,93,77,0,19,0
l28,1=1,12,9,19,0,0,0,9,48,17,2,45,26,28,17,0,22,74,37,49,46,0,0,0,27,22,0,0,0,0,91,0,60,74,0,50,44,27,67,76,93,80,21,0,5
l29,1=0,0,0,0,0,0,0,0,0,0,0,0,0,0,0,0,0,5,0,2,0,37,0,89,34,22,75,78,0,0,57,73,0,94,0,93,88,95,86,92,93,86,8,0,15
l30,1=0,0,0,0,0,6,0,0,0,0,0,0,0,0,0,0,0,28,0,6,28,22,21,86,33,20,43,82,0,0,80,69,80,0,0,93,88,93,86,92,93,88,24,33,0
l31,1=0,0,0,0,0,0,0,0,0,0,0,0,0,0,0,0,0,0,0,23,0,37,0,80,35,14,63,71,0,0,68,64,79,94,0,0,88,95,86,73,93,88,0,0,0
l32,1=0,0,0,0,0,0,0,0,0,0,0,0,0,0,0,0,0,32,0,0,0,55,26,47,0,16,46,73,0,0,31,36,80,94,0,93,0,95,86,92,74,85,0,0,0
l33,1=0,0,0,0,0,0,0,0,0,0,0,0,0,0,0,0,0,0,0,0,0,0,0,37,52,0,45,60,0,0,67,39,80,92,0,93,88,0,86,81,91,64,0,0,0
l34,1=0,0,0,0,0,0,0,0,0,0,0,0,0,0,12,0,0,66,0,40,19,46,31,52,44,17,40,80,0,0,42,77,80,94,0,93,88,95,0,92,93,88,29,30,0
l35,1=0,0,0,0,0,0,0,0,0,0,0,0,0,0,0,0,0,10,17,44,0,0,22,39,29,44,33,42,0,0,91,61,80,94,0,65,87,56,86,0,93,88,5,0,0
l36,1=0,5,0,0,0,23,0,0,0,0,0,0,0,0,19,0,38,71,25,36,45,10,0,41,35,47,38,7,0,0,90,87,77,93,0,90,48,90,84,88,0,87,0,27,0
l37,1=0,0,0,0,0,16,0,0,0,0,0,0,0,0,13,0,40,60,47,43,0,10,0,40,44,44,39,40,0,0,90,83,78,94,0,93,83,47,86,92,93,0,0,6,0
l38,1=0,0,0,0,0,0,0,0,0,0,39,0,0,4,70,0,29,48,63,63,65,83,0,81,67,85,78,70,0,0,0,1,3,48,0,0,0,0,29,0,0,0,0,88,88
l39,1=0,0,0,0,0,0,0,18,0,0,17,21,0,0,73,0,77,0,56,71,76,67,64,82,77,79,78,75,0,0,11,0,0,51,0,0,0,0,23,0,24,0,86,0,88
l40,1=0,0,0,0,0,0,0,0,0,0,42,0,1,0,65,0,22,0,62,0,71,56,54,69,76,79,73,74,0,0,0,0,5,0,0,0,0,0,0,0,0,0,83,88,0
l41,1=0,0,0,0,0,0,0,0,16,32,65,47,45,53,79,0,77,57,66,77,35,86,66,85,77,90,76,74,0,0,51,55,0,34,0,21,0,0,24,0,0,38,84,89,88
l42,1=0,0,0,0,0,0,0,0,0,0,0,0,0,0,56,0,60,47,50,68,2,75,61,82,77,85,78,72,0,0,0,0,47,0,0,0,0,0,3,0,0,2,84,88,83
l43,1=0,0,0,0,0,0,0,0,0,0,23,0,0,0,49,0,47,36,0,54,50,80,67,74,76,78,75,67,0,0,0,0,44,60,0,19,0,0,0,1,0,0,83,88,88
l44,1=0,0,0,0,0,0,0,0,0,0,0,0,25,7,59,0,0,5,58,59,63,75,62,77,75,84,76,74,0,0,25,0,4,30,0,0,0,0,36,0,0,0,84,86,88

l0,2=0,88,86,88,92,90,89,84,82,90,74,75,52,88,0,0,69,4,36,0,0,0,0,0,0,0,0,0,0,0,64,0,0,0,0,0,0,0,0,0,0,0,0,0,0
l1,2=85,0,86,84,92,90,89,74,82,89,58,67,76,83,47,0,61,44,37,0,40,0,0,0,0,0,0,0,0,0,61,23,0,0,0,0,0,0,0,0,0,0,0,0,0
l2,2=84,88,0,77,92,90,89,87,86,89,72,79,87,79,59,0,71,60,39,58,0,0,0,27,0,32,0,0,0,0,61,26,0,0,0,0,0,0,0,0,0,0,0,0,0
l3,2=87,88,86,0,93,90,89,75,82,79,69,49,87,88,0,0,50,0,38,0,12,0,0,0,0,0,0,0,0,0,49,47,0,0,0,0,0,0,0,0,0,0,0,0,0
l4,2=87,88,86,88,0,90,89,79,86,87,70,75,80,88,54,0,43,28,0,0,0,0,0,0,0,0,0,0,0,0,56,5,0,0,0,0,0,0,0,0,0,0,0,0,0
l5,2=85,88,86,84,92,0,89,86,82,86,74,47,87,88,63,0,50,42,41,43,35,0,0,0,0,0,0,0,0,0,73,25,0,0,0,0,0,0,0,0,0,0,0,0,0
l6,2=87,88,86,84,92,90,0,90,86,91,72,79,87,88,61,0,77,50,52,0,40,0,0,0,0,0,0,0,0,0,56,29,0,0,0,0,0,0,0,0,0,0,0,0,0
l7,2=83,84,86,78,90,88,88,0,86,91,72,82,84,88,65,0,77,0,76,64,56,25,30,62,42,70,47,0,0,0,0,0,0,0,0,0,0,0,0,0,0,0,0,0,0
l8,2=80,84,86,75,90,87,84,90,0,90,66,79,84,88,74,0,77,3,75,65,0,0,30,73,0,44,47,54,0,0,53,34,0,0,0,0,0,0,0,0,0,0,0,1,0
l9,2=83,84,84,68,89,88,84,86,84,0,72,81,84,89,74,0,65,65,76,55,49,30,7,3,65,41,46,54,0,0,0,34,0,0,0,0,0,0,0,0,0,0,0,10,0
l10,2=71,69,76,63,80,83,68,73,69,85,0,79,87,88,69,0,78,52,78,68,63,0,10,50,56,70,66,48,0,0,0,18,0,0,0,0,0,0,0,0,11,0,12,31,39
l11,2=62,84,84,33,85,64,84,90,85,89,72,0,87,89,74,0,77,41,76,0,55,51,9,39,35,62,41,0,0,0,53,14,0,0,0,0,0,0,0,0,0,0,25,35,21
l12,2=10,77,84,72,82,88,84,75,80,85,79,82,0,89,73,0,77,55,76,63,57,0,27,53,66,61,49,68,0,0,46,12,0,0,0,0,0,0,0,0,0,1,31,32,0
l13,2=76,83,65,78,89,88,84,86,84,91,72,82,87,0,73,0,77,37,64,50,46,0,0,49,37,30,0,0,0,0,48,18,0,0,0,0,0,0,0,0,0,0,0,0,1
l14,2=0,56,63,0,68,70,61,63,66,76,62,76,74,78,0,0,79,67,80,79,82,56,48,76,69,77,75,53,0,0,70,63,0,0,0,0,0,0,30,55,61,34,56,71,54
l15,2=62,62,54,0,55,0,83,83,79,69,79,79,85,87,89,0,0,68,76,70,69,72,61,78,73,71,72,64,0,0,73,51,0,0,0,0,0,0,0,37,53,59,54,54,25
l16,2=0,38,39,0,23,41,35,0,8,67,56,37,66,62,65,0,70,0,72,87,81,26,0,20,70,69,50,53,0,0,89,82,16,63,0,4,0,0,52,28,58,54,46,36,22
l17,2=41,57,40,42,4,67,62,65,64,73,75,75,75,67,89,0,71,67,0,69,82,66,42,66,71,59,56,62,0,0,59,28,0,33,0,0,0,0,2,2,1,0,60,55,53
l18,2=8,0,35,0,0,34,0,55,54,56,60,0,63,45,73,0,64,79,66,0,82,85,57,70,91,75,88,68,0,0,68,62,0,0,0,0,19,0,60,57,62,70,65,53,41
l19,2=0,61,0,0,0,56,18,63,0,51,64,67,70,69,89,0,77,76,80,87,0,74,2,67,73,76,70,70,0,0,59,69,0,44,0,0,0,0,43,0,72,0,52,63,56
l20,2=0,0,0,0,0,0,0,16,0,3,0,60,0,0,62,0,70,28,59,83,61,0,89,86,82,83,85,91,0,0,0,0,58,59,0,53,36,57,53,44,55,54,42,61,75
l21,2=0,0,0,0,0,0,0,19,54,0,52,55,51,0,37,0,68,0,53,73,0,93,0,83,80,79,80,86,0,0,0,0,0,19,0,0,0,0,0,0,2,0,62,70,62
l22,2=0,0,0,0,0,0,0,51,51,0,48,40,42,50,64,0,59,5,57,68,55,88,69,0,87,82,88,89,0,0,0,0,63,67,0,53,63,0,66,61,65,0,70,68,61
l23,2=0,0,0,0,0,0,0,38,0,63,54,40,64,26,75,0,66,68,72,82,66,88,74,85,0,83,85,82,0,0,0,0,55,57,0,43,45,50,67,14,55,79,83,82,85
l24,2=0,0,44,0,0,0,0,66,42,46,65,67,68,55,77,0,68,66,50,76,71,89,71,84,91,0,87,81,0,0,31,42,47,0,0,25,31,20,20,62,78,80,75,81,84
l25,2=0,0,0,0,0,0,0,43,37,49,65,46,45,0,77,0,68,40,48,78,67,88,74,91,91,83,0,82,0,0,2,39,42,61,0,27,61,44,55,0,74,43,83,81,84
l26,2=0,0,0,0,0,0,0,0,51,59,53,19,66,0,44,0,59,45,61,75,71,92,76,91,83,82,81,0,0,0,0,0,66,74,0,65,65,50,75,0,61,11,58,81,73
l27,2=61,72,52,0,39,70,31,0,45,0,0,38,41,51,73,0,69,80,71,82,69,0,0,0,0,29,0,0,0,0,0,82,55,76,0,60,40,77,76,84,94,81,0,33,0
l28,2=0,42,35,19,31,55,30,0,42,31,43,26,15,45,71,0,66,80,43,82,74,0,0,0,3,47,29,0,0,0,89,0,60,78,0,61,40,42,77,78,94,94,0,1,12
l29,2=0,0,0,0,0,0,0,0,0,0,0,0,0,0,0,0,0,28,0,0,0,71,0,90,69,59,39,84,0,0,57,53,0,87,0,90,89,94,86,95,93,97,6,0,0
l30,2=0,0,0,0,0,0,0,0,0,0,0,0,0,0,0,0,0,52,30,0,36,53,25,81,55,3,63,87,0,0,69,62,78,0,0,90,89,94,86,95,94,98,0,43,20
l31,2=0,0,0,0,0,0,0,0,0,0,0,0,0,0,0,0,0,25,0,0,0,51,0,80,56,39,29,75,0,0,59,53,78,87,0,0,89,94,86,95,94,98,32,0,0
l32,2=0,0,0,0,0,0,0,0,0,0,0,0,0,0,0,0,0,0,0,41,0,43,1,87,45,33,58,75,0,0,48,23,78,87,0,90,0,94,86,95,41,92,0,27,0
l33,2=0,0,0,0,0,0,0,0,0,0,0,0,0,0,0,0,0,0,0,0,0,59,0,0,55,2,49,63,0,0,58,29,78,87,0,90,89,0,86,94,89,84,0,0,0
l34,2=0,0,0,0,0,0,0,0,0,0,0,0,0,0,1,0,0,35,2,42,35,27,0,74,59,3,43,79,0,0,74,80,78,87,0,90,89,94,0,95,94,98,34,32,0
l35,2=0,0,0,0,0,0,0,0,0,0,0,0,0,0,42,0,42,38,21,59,0,28,12,67,2,63,0,0,0,0,87,71,78,87,0,84,89,92,86,0,94,98,0,0,0
l36,2=0,0,0,0,0,0,0,0,0,0,2,0,0,0,62,0,52,60,0,64,70,25,17,55,31,65,50,37,0,0,88,82,75,85,0,81,24,91,84,95,0,95,0,0,0
l37,2=0,0,0,0,0,0,0,0,0,0,0,0,4,0,37,0,58,70,0,78,0,35,0,0,50,66,40,0,0,0,89,82,75,87,0,80,87,86,86,95,94,0,20,30,0
l38,2=0,0,0,0,0,0,0,0,0,0,0,2,2,0,64,0,40,45,62,73,47,63,20,82,80,78,80,60,0,0,0,0,0,0,0,0,0,0,23,0,0,0,0,83,88
l39,2=0,0,0,0,0,0,0,0,0,0,13,42,26,0,75,0,63,55,68,69,70,62,64,83,88,83,84,79,0,0,26,0,1,48,0,0,11,0,27,0,0,2,88,0,89
l40,2=0,0,0,0,0,0,0,0,0,0,45,25,0,0,68,0,30,44,60,55,60,80,29,50,80,82,80,72,0,0,0,11,0,6,0,0,0,0,0,0,0,0,87,83,0
l41,2=0,0,0,0,0,0,0,0,26,4,56,26,37,62,77,0,67,67,70,76,69,85,36,84,88,82,79,70,0,0,0,51,0,1,0,0,0,0,33,0,0,22,88,83,84
l42,2=0,0,0,0,0,0,0,0,0,0,0,0,0,0,63,0,50,52,53,75,51,80,61,83,81,82,81,70,0,0,0,0,38,51,0,0,12,2,58,0,0,0,71,81,85
l43,2=0,0,0,0,0,0,0,0,0,0,0,0,0,0,54,0,37,0,48,55,44,76,51,53,75,80,81,75,0,0,0,0,1,1,0,0,34,0,32,0,0,0,81,80,85
l44,2=0,0,0,0,0,0,0,0,0,0,0,0,0,0,53,0,41,45,47,59,53,76,57,76,79,80,79,75,0,0,0,0,8,47,0,0,0,0,43,24,0,0,82,79,85

l0,3=0,68,72,60,57,90,83,80,93,82,89,63,91,93,75,0,76,56,27,0,0,0,0,0,0,0,0,0,0,0,18,53,0,0,0,0,0,0,0,0,0,0,0,0,0
l1,3=73,0,79,59,57,91,86,85,93,80,89,91,91,93,53,0,23,55,67,52,42,0,0,0,54,0,0,0,0,0,66,57,0,0,0,0,0,0,0,0,0,0,0,0,0
l2,3=56,66,0,33,31,83,86,88,93,83,89,91,91,93,81,0,79,61,55,64,0,0,0,0,0,0,8,0,0,0,61,51,0,0,0,0,0,0,0,0,0,0,0,0,0
l3,3=77,69,77,0,57,91,86,88,89,70,89,91,91,93,0,0,74,37,0,0,24,0,0,0,0,0,0,0,0,0,68,55,0,0,0,0,0,0,0,0,4,0,0,0,0
l4,3=77,69,79,60,0,91,86,86,93,52,86,91,86,93,77,0,61,0,66,0,1,0,0,0,0,0,0,0,0,0,70,0,0,3,0,0,0,0,0,0,0,0,0,0,0
l5,3=75,69,77,60,53,0,86,90,93,80,90,90,91,93,78,0,78,64,68,65,42,0,0,0,0,0,0,0,0,0,81,57,0,0,0,0,0,0,0,0,4,0,0,0,0
l6,3=58,69,79,32,52,91,0,90,93,83,89,91,91,93,85,0,79,70,80,56,1,0,0,5,0,21,0,0,0,0,1,0,0,0,0,0,0,0,0,0,1,0,0,0,0
l7,3=52,41,52,31,18,83,82,0,93,83,87,91,91,93,87,0,79,0,80,78,42,0,0,64,39,74,62,37,0,0,0,0,0,0,0,0,0,0,0,0,0,0,0,0,0
l8,3=57,41,59,30,18,82,81,89,0,83,89,91,91,93,87,0,79,33,82,78,49,0,65,54,29,34,21,57,0,0,57,0,0,0,0,0,0,0,0,0,0,0,0,39,0
l9,3=56,39,52,3,15,71,81,88,93,0,89,91,91,93,85,0,78,60,73,71,50,18,0,49,56,68,40,44,0,0,60,41,0,0,0,0,0,0,0,0,0,0,0,0,0
l10,3=50,41,47,32,17,71,79,81,91,81,0,91,91,93,91,0,87,64,87,76,55,32,52,63,53,75,60,69,0,0,7,46,0,0,0,0,0,0,0,0,0,3,0,43,0
l11,3=46,42,51,31,18,68,80,88,93,83,88,0,91,93,86,0,81,63,78,73,52,25,61,43,48,70,49,49,0,0,61,43,0,0,0,0,0,0,0,0,0,0,0,47,0
l12,3=50,41,51,31,16,74,79,84,92,82,90,91,0,93,87,0,86,49,81,62,45,20,54,49,56,61,51,63,0,0,0,0,0,0,0,0,0,0,0,0,0,40,0,41,0
l13,3=55,40,51,30,18,72,81,88,93,83,89,91,91,0,85,0,81,60,66,68,47,23,5,64,50,62,0,0,0,0,62,45,0,0,0,0,0,0,0,0,0,0,0,0,0
l14,3=35,20,32,0,12,55,64,76,87,66,90,87,90,86,0,0,87,90,95,83,92,28,58,62,51,75,65,51,0,0,62,71,0,0,0,0,0,0,0,50,51,0,56,60,57
l15,3=36,8,42,23,10,63,78,83,84,73,90,91,91,93,95,0,0,78,91,82,64,34,76,62,59,74,63,53,0,0,68,63,0,0,0,0,0,0,5,0,58,41,50,49,54
l16,3=33,43,31,5,0,47,60,0,2,43,74,69,75,65,97,0,87,0,84,91,92,24,0,54,48,71,58,51,0,0,93,91,0,71,0,0,13,0,69,68,87,0,42,47,53
l17,3=7,36,30,0,12,54,68,76,85,79,90,86,89,78,97,0,87,79,0,83,81,31,66,65,71,69,23,41,0,0,76,72,0,0,0,0,0,0,0,0,74,62,53,47,0
l18,3=0,5,27,0,0,37,2,72,82,68,81,79,77,56,89,0,77,89,89,0,92,82,79,66,77,91,83,82,0,0,84,78,8,30,0,0,12,0,61,0,80,68,53,57,62
l19,3=0,27,0,1,1,33,0,46,69,31,83,83,86,78,97,0,87,90,95,91,0,36,65,67,71,83,65,76,0,0,87,80,23,1,0,7,0,0,14,38,88,0,65,57,0
l20,3=0,0,0,0,0,0,0,0,0,22,63,54,41,41,69,0,78,25,63,90,72,0,100,83,57,91,78,92,0,0,0,0,84,76,0,61,36,69,82,36,30,0,68,62,61
l21,3=0,0,0,0,0,0,0,0,65,0,22,64,43,0,70,0,76,0,66,89,63,92,0,81,74,86,82,91,0,0,0,0,1,22,0,52,0,23,0,0,0,0,51,59,0
l22,3=0,0,0,0,0,0,0,59,33,45,50,40,34,56,62,0,67,26,67,71,62,91,73,0,71,91,84,92,0,0,21,0,69,72,0,61,87,62,79,43,0,61,65,58,51
l23,3=0,26,0,0,0,0,0,46,15,51,51,62,66,51,61,0,60,47,83,91,77,75,81,83,0,92,84,91,0,0,0,0,51,62,0,54,52,39,75,42,47,72,73,65,78
l24,3=0,0,0,0,0,0,16,64,40,53,74,66,57,56,67,0,74,54,56,88,75,91,56,83,77,0,84,81,0,0,0,0,50,58,0,30,42,23,63,51,67,70,57,63,77
l25,3=0,0,1,0,0,0,0,63,42,43,56,63,57,0,72,0,69,52,21,90,67,91,61,84,77,91,0,89,0,0,15,56,49,57,0,35,62,0,70,26,62,0,68,64,75
l26,3=0,0,0,0,0,0,0,45,33,30,51,45,62,0,41,0,49,38,24,90,76,92,89,84,70,91,78,0,0,0,1,15,76,93,0,64,77,56,80,50,51,32,37,43,63
l27,3=10,32,28,25,9,29,12,0,28,33,27,38,0,42,25,0,60,89,76,89,79,0,0,45,0,0,5,0,0,0,0,91,50,50,0,32,33,15,89,90,95,92,30,25,42
l28,3=15,37,24,8,0,23,0,0,0,22,38,39,14,38,30,0,57,90,75,86,62,0,0,0,0,0,16,0,0,0,93,0,50,94,0,43,47,14,95,95,95,95,37,41,0
l29,3=0,0,0,0,0,0,0,0,0,0,0,0,0,0,0,0,0,0,0,21,51,91,0,83,69,90,66,87,0,0,82,79,0,99,0,98,99,100,99,98,87,99,0,0,0
l30,3=0,0,0,0,0,0,0,0,0,0,0,0,0,0,0,0,0,81,0,1,0,81,29,84,64,69,44,92,0,0,78,91,99,0,0,98,99,100,99,98,88,99,54,32,51
l31,3=0,0,0,0,0,0,0,0,0,0,0,0,0,0,0,0,0,0,0,8,47,87,71,83,69,69,24,89,0,0,38,51,99,99,0,0,99,20,99,98,94,99,0,41,13
l32,3=0,0,0,0,0,0,0,0,0,0,0,0,0,0,0,0,0,17,0,2,0,61,0,84,62,57,81,91,0,0,73,74,99,99,0,98,0,100,99,98,93,98,0,15,0
l33,3=0,0,0,0,0,0,0,0,0,0,0,0,0,0,0,0,0,0,0,0,0,72,3,71,56,9,9,62,0,0,7,10,99,99,0,67,99,0,99,98,70,85,0,0,0
l34,3=0,0,0,0,0,0,0,0,0,0,0,0,0,0,0,0,0,76,0,61,0,80,0,82,60,69,56,71,0,0,93,90,99,99,0,98,99,100,0,98,95,99,0,0,43
l35,3=0,0,0,0,0,0,0,0,0,0,0,0,0,0,29,0,0,86,0,1,53,64,0,77,65,76,3,79,0,0,65,88,99,99,0,70,97,100,99,0,95,99,0,0,0
l36,3=0,0,0,0,0,8,0,0,0,0,0,0,0,0,23,0,56,86,76,81,78,0,0,0,55,72,26,45,0,0,93,91,60,99,0,63,63,57,99,98,0,99,0,39,0
l37,3=0,0,0,0,0,0,0,0,0,0,18,0,37,0,0,0,49,1,70,88,0,0,0,71,70,76,3,33,0,0,93,91,88,99,0,91,70,49,99,98,95,0,49,20,0
l38,3=0,0,0,0,0,0,0,0,0,0,0,0,0,0,59,0,43,21,52,58,63,64,17,59,61,59,72,18,0,0,11,37,0,40,0,0,0,0,0,0,0,12,0,65,78
l39,3=0,0,0,0,0,0,0,0,37,0,37,61,45,0,61,0,58,45,52,65,44,52,52,58,65,81,72,27,0,0,29,45,0,9,0,8,3,0,0,0,32,1,73,0,78
l40,3=0,0,0,0,0,0,0,0,0,0,0,0,0,0,55,0,46,37,0,58,0,60,0,47,61,84,70,60,0,0,26,0,0,28,0,0,0,0,16,0,0,0,73,65,0
l41,3=0,0,0,0,0,0,0,0,1,0,46,0,40,54,76,0,69,81,67,89,74,37,7,75,76,91,77,56,0,0,0,51,19,0,0,0,0,0,36,27,0,0,73,65,77
l42,3=0,0,0,0,0,0,0,0,0,0,3,0,0,0,48,0,44,22,40,74,59,79,49,53,69,78,72,70,0,0,0,0,34,2,0,28,23,46,44,5,0,0,67,64,77
l43,3=0,0,0,0,0,0,0,0,0,0,0,0,0,0,36,0,0,6,26,55,49,74,34,38,30,75,71,73,0,0,0,0,32,2,0,6,0,0,45,0,6,0,63,63,77
l44,3=0,0,0,0,0,0,0,0,0,0,0,0,0,0,26,0,27,34,10,62,58,58,45,60,63,84,71,63,0,0,0,0,19,45,0,16,1,0,49,17,0,3,68,63,77

l0,4=0,96,95,92,98,95,93,98,97,95,88,90,89,88,75,0,86,64,62,36,7,0,0,0,0,0,0,0,0,0,81,61,0,0,0,0,0,0,0,0,0,0,0,0,0
l1,4=83,0,99,84,89,95,93,97,97,94,90,91,89,88,0,0,78,61,72,58,22,0,0,0,31,0,0,0,0,0,9,1,0,0,0,0,0,0,0,0,1,0,0,0,0
l2,4=84,97,0,77,98,91,93,98,97,95,90,91,90,89,31,0,86,65,74,73,33,0,0,0,5,9,21,0,0,0,33,75,0,0,0,0,0,0,0,0,0,0,0,0,0
l3,4=93,97,96,0,98,95,92,98,97,80,90,89,88,88,20,0,85,67,73,0,10,0,0,0,0,0,0,0,0,0,77,32,0,0,0,0,0,0,0,0,0,0,0,0,0
l4,4=93,97,99,92,0,95,93,98,96,58,90,90,39,89,70,0,84,69,76,0,0,0,0,0,0,0,0,0,0,0,0,81,0,0,0,0,0,0,0,0,0,0,0,0,0
l5,4=87,97,94,92,98,0,93,98,93,93,90,90,89,85,7,0,85,54,39,3,3,0,0,0,0,0,0,0,0,0,83,41,0,0,0,0,0,0,0,0,34,0,0,0,0
l6,4=58,97,92,75,90,94,0,98,94,95,90,91,89,87,67,0,86,64,78,53,56,0,0,0,0,40,17,0,0,0,76,17,0,0,0,0,0,0,0,0,0,0,0,0,0
l7,4=57,91,90,75,86,91,91,0,97,95,88,91,89,88,76,0,86,0,76,81,55,32,0,59,43,71,74,68,0,0,0,0,0,0,0,0,0,0,0,0,0,0,0,0,0
l8,4=58,93,95,74,76,88,90,98,0,95,68,91,89,88,77,0,86,30,78,81,42,43,0,50,38,60,57,55,0,0,44,0,0,0,0,0,0,0,0,0,0,0,33,40,0
l9,4=57,89,89,61,63,91,91,98,96,0,90,91,89,88,75,0,86,58,79,63,66,2,0,60,50,66,44,64,0,0,63,56,0,0,0,0,0,0,0,0,0,0,0,39,0
l10,4=44,79,78,58,72,91,83,85,67,90,0,78,91,85,79,0,87,57,77,76,67,52,50,59,54,75,70,39,0,0,9,51,0,0,0,0,0,0,0,0,0,7,55,44,0
l11,4=55,89,89,63,80,91,90,98,96,95,87,0,91,89,66,0,86,58,79,75,60,0,17,71,49,67,65,61,0,0,2,70,0,0,0,0,0,0,0,0,0,0,0,6,0
l12,4=56,86,91,64,25,91,90,98,96,93,90,91,0,90,80,0,87,64,27,71,81,0,55,59,58,63,73,74,0,0,0,24,0,0,0,0,0,0,0,0,0,0,0,46,51
l13,4=56,90,89,70,76,90,88,98,96,95,90,91,90,0,84,0,83,65,76,51,68,52,0,64,48,66,63,53,0,0,12,26,0,0,0,0,0,0,0,0,0,0,0,40,0
l14,4=40,0,27,22,57,4,64,79,71,70,88,58,84,70,0,0,87,78,93,79,89,58,0,60,54,68,71,67,0,0,69,48,0,0,0,0,0,0,2,47,7,14,69,56,56
l15,4=45,68,64,50,59,66,72,89,67,83,90,91,89,58,84,0,0,64,80,79,81,58,62,64,59,63,68,68,0,0,71,65,0,53,0,0,0,0,3,1,42,0,53,51,40
l16,4=45,69,65,46,60,66,67,0,10,65,72,63,74,70,86,0,87,0,84,90,89,0,0,0,55,64,76,0,0,0,93,91,0,68,0,0,0,0,69,74,68,26,63,60,3
l17,4=33,60,55,43,51,56,67,80,70,70,88,80,52,64,86,0,87,70,0,83,59,0,47,65,59,63,65,58,0,0,77,70,0,0,0,0,0,0,42,1,44,17,39,53,56
l18,4=6,43,10,0,0,0,27,75,70,45,65,59,54,30,77,0,81,86,81,0,91,58,62,68,81,84,82,83,0,0,76,78,51,38,0,41,0,0,59,41,44,21,55,53,67
l19,4=0,40,0,0,0,54,62,81,30,64,74,63,75,65,86,0,87,86,62,90,0,60,60,64,73,70,71,78,0,0,74,71,20,19,0,0,0,0,59,0,39,6,67,70,56
l20,4=0,0,0,0,0,0,0,34,38,0,31,0,0,25,45,0,67,0,0,68,45,0,93,74,67,86,77,94,0,0,0,0,78,58,0,40,9,49,63,27,24,14,48,60,43
l21,4=0,0,0,0,0,0,0,0,0,0,31,32,48,0,0,0,69,0,37,73,63,90,0,77,66,76,75,90,0,0,0,0,0,1,0,53,0,0,53,0,0,0,0,34,64
l22,4=0,0,0,0,0,0,0,43,44,39,42,45,42,31,48,0,51,0,39,67,44,73,50,0,80,89,87,93,0,0,0,0,59,59,0,51,73,45,46,40,37,19,55,69,45
l23,4=0,34,0,0,0,0,0,30,39,40,53,38,55,27,53,0,61,44,64,89,76,70,55,94,0,89,87,90,0,0,0,10,49,45,0,56,48,32,40,65,0,29,59,83,86
l24,4=0,0,0,0,0,0,43,59,28,43,71,44,45,39,65,0,63,56,65,82,73,84,77,87,79,0,82,88,0,0,20,4,56,49,0,32,47,0,50,68,35,17,71,79,86
l25,4=0,0,6,0,0,0,0,62,46,0,57,47,54,29,55,0,53,59,50,77,56,72,55,94,80,89,0,72,0,0,20,3,69,67,0,26,56,48,54,46,46,16,10,78,65
l26,4=0,0,0,0,0,0,0,42,43,36,41,38,49,30,47,0,46,0,40,78,56,90,85,94,72,81,82,0,0,0,23,37,56,66,0,49,69,42,56,60,47,18,37,51,66
l27,4=42,9,0,37,6,91,73,0,40,61,0,0,6,29,67,0,75,86,90,84,85,0,0,0,1,9,26,1,0,0,0,91,80,34,0,49,50,17,81,95,94,96,43,2,0
l28,4=34,27,59,12,75,50,38,0,0,50,49,47,5,28,43,0,75,86,90,90,86,0,0,0,34,7,5,46,0,0,94,0,0,93,0,66,82,47,89,100,97,99,50,52,35
l29,4=0,0,0,0,0,0,0,0,0,0,0,0,0,0,0,0,0,0,0,64,11,88,0,85,70,78,85,82,0,0,87,0,0,96,0,100,100,100,97,100,98,99,75,60,0
l30,4=0,0,0,0,0,0,0,0,0,0,0,0,0,0,0,0,48,43,0,65,13,80,1,74,64,70,79,86,0,0,58,90,96,0,0,100,100,98,97,100,98,99,70,0,23
l31,4=0,0,0,0,0,0,0,0,0,0,0,0,0,0,0,0,0,0,0,72,24,71,65,94,79,67,64,88,0,0,68,76,96,96,0,0,100,100,97,100,98,99,28,61,8
l32,4=0,0,0,0,0,0,0,0,0,0,0,0,0,0,0,0,0,0,0,0,0,0,0,94,66,72,73,87,0,0,58,81,96,96,0,100,0,100,97,100,98,99,0,58,0
l33,4=0,0,0,0,0,0,0,0,0,0,0,0,0,0,0,0,0,0,0,0,0,78,0,84,69,0,76,81,0,0,46,82,96,96,0,100,100,0,96,100,98,90,0,0,0
l34,4=0,0,0,0,0,0,0,0,0,0,0,0,0,0,0,0,5,76,45,75,84,79,53,74,70,78,79,86,0,0,80,78,96,96,0,100,100,100,0,100,98,99,0,57,28
l35,4=0,0,0,0,0,0,0,0,0,0,0,0,0,0,69,0,0,48,0,81,0,46,0,82,79,88,84,90,0,0,90,90,96,96,0,100,98,99,97,0,98,99,1,0,0
l36,4=0,0,0,0,0,68,0,0,0,0,0,0,0,0,1,0,71,48,84,81,70,52,0,70,0,68,81,62,0,0,94,91,89,96,0,80,90,63,97,100,0,99,0,0,0
l37,4=0,0,0,0,44,0,0,0,0,0,29,0,0,0,62,0,0,46,75,77,72,60,0,74,79,79,73,75,0,0,93,91,96,96,0,87,98,60,97,100,98,0,42,0,56
l38,4=0,0,0,0,0,0,0,0,0,0,37,0,0,0,60,0,37,39,27,46,49,46,0,70,65,62,47,48,0,0,18,27,54,49,0,0,0,0,0,0,0,0,0,78,84
l39,4=0,0,0,0,0,0,0,0,37,0,44,2,34,15,52,0,43,45,47,69,64,48,19,76,68,72,65,45,0,0,0,42,42,0,0,8,29,0,23,0,0,0,77,0,83
l40,4=0,0,0,0,0,0,0,0,0,0,0,0,31,0,47,0,22,1,42,67,34,24,36,40,67,69,55,64,0,0,0,15,0,16,0,0,0,0,6,0,0,2,79,82,0
l41,4=0,0,0,0,0,0,0,0,0,0,51,38,49,38,57,0,50,73,58,75,64,56,37,76,69,73,76,52,0,0,42,55,57,0,0,0,0,0,0,0,0,0,79,76,73
l42,4=0,0,0,0,0,0,0,0,0,0,25,0,0,0,43,0,0,47,45,70,56,58,29,70,69,68,63,69,0,0,0,0,52,0,0,26,48,0,44,0,0,3,74,75,81
l43,4=0,0,0,0,0,0,0,0,0,0,0,0,0,0,6,0,34,9,34,49,47,71,35,70,39,72,63,51,0,0,0,0,57,50,0,15,1,0,0,0,0,0,56,77,80
l44,4=0,0,0,0,0,0,0,0,0,0,0,0,0,0,55,0,42,36,21,68,38,58,0,59,70,82,67,63,0,0,0,0,55,51,0,0,4,0,0,0,0,0,80,68,81

l0,5=0,94,96,98,90,93,92,56,90,72,23,87,92,88,4,0,72,16,40,23,0,0,0,0,0,0,0,0,0,0,67,14,0,0,0,0,0,0,0,0,0,0,0,0,0
l1,5=95,0,98,98,87,95,95,92,92,67,47,87,92,73,28,0,38,19,49,25,14,0,0,0,0,0,0,0,0,0,20,9,0,0,0,0,0,0,0,0,15,0,0,0,0
l2,5=95,95,0,96,90,91,95,94,92,72,35,87,93,89,26,0,62,19,0,26,0,0,0,0,0,0,0,0,0,0,77,40,0,0,0,0,0,0,0,0,0,0,0,0,0
l3,5=95,95,98,0,91,95,95,94,85,75,38,87,90,87,16,0,73,68,67,0,0,0,0,0,0,0,0,0,0,0,74,74,0,0,0,0,0,0,0,0,0,0,0,0,0
l4,5=95,93,98,98,0,95,95,92,86,39,38,78,92,64,0,0,75,68,55,37,0,0,0,0,0,0,0,0,0,0,75,25,0,0,0,0,0,0,0,0,0,0,0,0,0
l5,5=95,94,92,96,90,0,92,93,84,72,56,87,92,88,56,0,73,44,41,18,6,0,0,0,0,0,0,0,0,0,85,25,0,0,0,0,0,0,0,0,2,0,0,0,0
l6,5=84,94,96,91,90,94,0,92,87,74,45,87,92,88,28,0,77,16,44,34,0,0,0,0,0,16,14,0,0,0,68,23,0,0,0,0,0,0,0,0,0,0,0,0,0
l7,5=59,89,96,84,80,91,92,0,92,75,26,88,92,88,68,0,76,0,82,76,0,0,0,0,0,51,24,16,0,0,0,0,0,0,0,0,0,0,0,0,0,0,0,0,0
l8,5=95,95,98,58,73,68,79,95,0,78,38,88,93,92,65,0,73,18,52,67,37,0,37,45,11,33,41,46,0,0,47,0,0,0,0,0,0,0,0,0,0,0,0,0,0
l9,5=73,75,79,73,15,89,92,92,92,0,45,88,90,91,68,0,65,17,83,23,20,8,0,0,21,19,22,39,0,0,63,1,0,0,0,0,0,0,0,0,0,0,0,45,0
l10,5=4,79,66,40,24,56,32,27,42,49,0,75,92,89,75,0,82,18,50,39,44,14,20,40,19,19,26,41,0,0,63,20,0,0,0,0,0,0,0,0,0,18,29,48,0
l11,5=67,75,81,72,29,76,58,93,90,74,31,0,93,89,0,0,74,15,54,37,27,0,0,39,21,17,24,48,0,0,53,23,0,0,0,0,0,0,0,0,0,0,30,0,0
l12,5=74,88,94,48,48,53,91,92,90,73,58,88,0,92,75,0,82,37,77,65,71,7,28,20,53,14,50,44,0,0,1,11,0,0,0,0,0,0,0,0,0,0,29,50,0
l13,5=66,71,80,65,48,76,81,92,90,77,46,88,93,0,74,0,67,62,75,62,62,15,0,40,47,47,33,46,0,0,68,29,0,0,0,0,0,0,0,0,0,0,1,46,0
l14,5=7,28,35,8,0,48,22,16,35,53,53,14,88,83,0,0,79,81,86,62,82,10,31,38,20,15,23,42,0,0,64,18,0,0,0,0,0,0,0,13,23,11,29,53,50
l15,5=40,31,38,25,17,17,29,22,34,38,56,82,89,42,72,0,0,47,86,56,48,15,29,42,20,15,29,42,0,0,57,22,0,2,0,0,0,0,2,0,25,0,28,46,31
l16,5=13,30,35,15,28,45,10,0,19,24,38,29,75,54,75,0,46,0,52,44,27,0,0,42,21,6,29,0,0,0,83,51,0,7,0,0,0,0,24,23,40,17,29,19,13
l17,5=13,29,0,28,35,12,22,17,25,64,33,71,65,52,75,0,79,48,0,34,51,13,20,38,17,22,26,0,0,0,79,18,0,0,0,0,0,0,6,3,23,6,29,52,48
l18,5=9,7,28,0,26,7,21,39,60,22,40,45,64,45,57,0,67,78,54,0,82,56,37,55,73,64,58,57,0,0,66,63,11,16,0,27,26,0,29,20,55,0,0,59,56
l19,5=0,19,0,0,0,25,0,0,26,40,47,61,80,61,70,0,80,78,84,89,0,14,6,43,73,24,18,61,0,0,69,27,0,16,0,0,0,0,25,12,16,27,30,72,46
l20,5=0,0,0,0,0,0,0,0,0,0,7,0,1,10,11,0,52,0,23,55,20,0,56,65,70,48,46,72,0,0,0,0,31,22,0,0,26,20,29,3,2,10,57,48,4
l21,5=0,0,0,0,0,0,0,0,25,0,4,0,28,0,28,0,45,0,23,49,1,71,0,35,59,51,42,68,0,0,0,0,0,0,0,0,0,0,9,0,0,0,41,0,25
l22,5=0,0,0,0,0,0,0,0,31,0,10,23,2,22,14,0,48,27,27,62,27,71,20,0,76,70,64,74,0,0,8,0,10,45,0,32,52,35,0,19,18,9,63,61,13
l23,5=0,0,0,0,0,0,0,0,6,22,27,16,53,22,34,0,50,44,27,74,61,60,30,74,0,73,67,61,0,0,16,0,19,11,0,35,4,0,9,31,2,29,59,61,55
l24,5=0,0,0,0,0,0,8,26,23,24,39,18,35,29,28,0,49,44,63,74,57,61,38,74,80,0,63,58,0,0,17,8,7,21,0,15,3,0,0,21,8,11,40,64,55
l25,5=0,0,0,0,0,0,1,2,22,19,19,17,54,18,30,0,50,46,49,70,23,61,29,74,80,63,0,55,0,0,17,1,25,42,0,11,15,26,19,1,5,12,58,77,38
l26,5=0,0,0,0,0,0,0,0,20,2,9,19,33,24,19,0,29,0,0,59,36,71,49,74,69,59,41,0,0,0,0,0,10,42,0,0,38,2,34,0,10,16,58,56,41
l27,5=26,5,45,22,27,83,23,1,12,18,27,31,4,42,28,0,31,54,55,41,19,0,0,30,15,0,7,0,0,0,0,93,15,11,0,36,0,16,22,49,89,60,0,0,0
l28,5=12,0,37,19,20,24,19,0,0,0,23,40,20,19,28,0,41,83,19,68,69,0,0,9,0,1,4,8,0,0,87,0,13,27,0,38,40,17,19,74,87,83,20,35,0
l29,5=0,0,0,0,0,0,0,0,0,0,0,0,0,0,0,0,0,0,0,40,0,62,0,39,65,6,56,28,0,0,42,64,0,85,0,82,98,95,89,87,87,94,24,19,0
l30,5=0,0,0,0,0,0,0,0,0,0,0,0,0,0,0,0,0,8,0,15,8,10,0,57,22,15,51,57,0,0,58,68,80,0,0,82,98,95,89,87,92,96,23,22,13
l31,5=0,0,0,0,0,0,0,0,0,0,0,0,0,0,0,0,0,0,0,38,0,0,2,56,57,23,7,5,0,0,48,54,80,85,0,0,98,95,89,87,92,96,17,15,1
l32,5=0,0,0,0,0,0,0,0,0,0,0,0,0,0,0,0,0,0,0,34,0,55,0,71,30,0,11,41,0,0,0,76,80,85,0,82,0,95,88,86,88,68,0,0,0
l33,5=0,0,0,0,0,0,0,0,0,0,0,0,0,0,0,0,0,0,0,0,0,48,0,65,0,0,33,0,0,0,33,65,80,85,0,82,98,0,86,59,88,54,0,0,0
l34,5=0,0,0,0,0,0,0,0,0,0,0,0,0,0,0,0,1,28,6,44,21,25,19,0,30,0,18,42,0,0,62,22,80,85,0,82,87,93,0,87,92,96,15,24,0
l35,5=0,0,0,0,0,0,0,0,0,0,0,0,0,0,12,0,0,14,9,12,11,3,0,55,28,1,1,0,0,0,87,91,80,85,0,82,92,19,89,0,92,96,8,0,2
l36,5=0,2,0,0,0,6,0,0,0,0,0,0,8,0,19,0,44,42,13,44,13,3,0,53,15,1,7,30,0,0,87,92,50,85,0,67,51,54,87,87,0,96,0,0,0
l37,5=0,0,0,0,1,0,0,0,0,0,16,0,0,0,17,0,16,28,11,15,15,3,0,49,63,1,12,39,0,0,87,89,80,85,0,82,79,79,89,87,92,0,0,2,0
l38,5=0,0,0,0,0,0,0,0,0,0,6,7,24,0,16,0,13,28,26,6,16,32,11,46,62,17,40,41,0,0,0,2,1,13,0,0,0,0,0,0,0,0,0,55,66
l39,5=0,0,0,0,0,0,0,0,0,7,9,0,48,17,36,0,51,14,49,54,41,51,0,40,63,56,54,51,0,0,0,4,1,8,0,2,0,0,6,0,0,0,60,0,68
l40,5=0,0,0,0,0,0,0,0,0,0,0,0,0,0,26,0,12,8,21,58,14,6,12,1,64,49,37,37,0,0,0,0,0,12,0,0,0,0,0,0,0,0,70,78,0
l41,5=0,0,0,0,0,0,0,0,0,13,2,9,65,24,48,0,60,60,44,67,46,8,31,58,71,54,54,14,0,0,24,9,3,0,0,0,0,0,9,0,6,0,68,77,62
l42,5=0,0,0,0,0,0,0,0,0,0,1,0,0,0,15,0,0,30,25,53,25,26,0,59,68,55,38,54,0,0,0,0,0,12,0,1,16,0,8,0,2,0,67,75,67
l43,5=0,0,0,0,0,0,0,0,0,0,4,0,0,0,5,0,1,0,23,28,22,48,10,42,47,44,39,54,0,0,0,0,8,17,0,8,0,0,6,0,0,0,63,69,51
l44,5=0,0,0,0,0,0,0,0,0,0,0,0,22,0,15,0,22,13,17,65,12,40,8,26,68,55,50,60,0,0,0,0,0,13,0,1,7,0,0,0,0,0,67,69,65

l0,6=0,95,77,95,95,95,89,79,77,82,4,86,81,85,3,0,51,36,33,45,0,0,0,0,0,0,0,0,0,0,39,0,0,0,0,0,0,0,0,0,0,0,0,0,0
l1,6=89,0,75,95,91,95,90,82,75,82,54,86,87,85,29,0,61,36,75,30,16,0,0,0,0,0,0,0,0,0,70,3,0,0,0,0,0,0,0,0,2,0,0,0,0
l2,6=91,95,0,93,84,91,91,82,77,81,1,88,88,86,16,0,62,82,62,41,0,0,0,0,0,27,0,0,0,0,41,0,0,0,0,0,0,0,0,0,0,0,0,0,0
l3,6=95,95,76,0,95,95,90,78,66,84,53,86,39,85,5,0,57,70,0,0,0,0,0,0,0,0,0,0,0,0,61,45,0,0,0,0,0,0,0,0,0,0,0,0,0
l4,6=95,95,64,95,0,95,90,80,70,85,48,86,84,67,6,0,59,0,44,37,0,0,0,0,0,0,0,0,0,0,74,53,0,0,0,0,0,0,0,0,0,0,0,0,0
l5,6=92,95,66,91,95,0,91,78,71,82,60,90,36,84,59,0,64,68,54,17,0,0,0,0,0,0,0,0,0,0,75,38,0,1,0,0,0,0,8,3,0,0,0,0,0
l6,6=88,91,77,92,93,95,0,84,70,88,61,86,87,36,56,0,62,30,56,41,16,16,0,0,5,14,0,0,0,0,0,30,0,0,0,0,0,0,0,0,1,0,0,0,0
l7,6=77,92,73,81,81,77,91,0,77,88,55,93,83,87,61,0,62,58,61,58,24,0,0,0,0,55,51,0,0,0,0,0,0,0,0,0,0,0,0,0,0,0,0,0,0
l8,6=89,91,77,63,89,90,85,86,0,88,53,92,89,86,65,0,67,44,32,55,2,40,26,23,21,60,62,28,0,0,2,0,0,0,0,0,0,0,0,0,0,0,0,0,0
l9,6=86,87,42,89,87,87,91,84,77,0,61,93,89,87,70,0,58,68,76,18,42,2,15,10,13,21,27,19,0,0,50,0,0,0,0,0,0,0,0,0,0,0,16,0,0
l10,6=7,65,0,29,29,77,85,68,59,81,0,87,86,84,75,0,70,81,75,53,48,28,9,26,59,36,41,5,0,0,22,30,0,0,0,0,0,0,0,0,0,23,22,38,0
l11,6=78,86,59,71,82,82,81,82,75,85,59,0,89,85,71,0,66,68,74,60,23,22,8,27,53,19,28,19,0,0,34,22,0,0,0,0,0,0,0,0,0,0,0,21,0
l12,6=77,89,73,14,79,25,87,77,77,86,62,93,0,87,72,0,67,72,78,58,70,0,0,12,37,7,61,12,0,0,33,20,0,0,0,0,0,0,0,0,15,0,29,30,0
l13,6=85,89,68,82,31,88,53,83,77,88,61,93,89,0,74,0,65,68,77,64,31,4,0,13,16,34,25,24,0,0,48,25,0,0,0,0,0,0,0,0,0,0,0,12,0
l14,6=3,21,1,0,14,41,34,60,61,73,60,73,51,45,0,0,62,87,82,67,50,15,35,33,55,15,5,16,0,0,80,26,0,0,0,0,0,0,11,0,19,0,52,59,52
l15,6=27,19,5,16,27,51,60,68,55,67,62,76,58,45,67,0,0,61,77,61,48,33,29,52,55,1,35,31,0,0,1,30,0,0,0,0,0,0,9,7,33,0,10,34,12
l16,6=14,13,4,0,0,38,23,24,31,50,51,37,35,18,62,0,60,0,74,67,51,0,0,37,60,5,41,8,0,0,88,66,0,0,0,9,11,0,16,8,69,48,29,28,26
l17,6=34,46,0,0,30,34,35,41,31,61,47,80,69,43,79,0,66,82,0,63,74,28,24,50,51,40,37,36,0,0,68,32,0,7,0,0,0,0,0,1,31,0,37,60,50
l18,6=32,19,17,0,19,14,20,43,35,28,28,50,46,42,67,0,45,68,60,0,77,48,39,50,58,65,60,54,0,0,44,36,21,22,0,9,17,1,31,18,39,0,46,61,46
l19,6=0,35,0,0,0,0,33,31,17,46,51,44,54,34,72,0,61,88,72,73,0,47,36,41,63,73,37,52,0,0,52,60,0,22,0,0,0,0,47,36,27,35,47,64,47
l20,6=0,0,0,0,0,0,9,0,15,0,17,8,14,3,16,0,36,4,24,53,20,0,66,66,65,64,62,69,0,0,0,0,31,21,0,19,24,0,35,17,15,22,36,14,14
l21,6=0,0,0,0,0,0,0,0,19,16,1,17,0,0,44,0,37,0,26,52,28,75,0,60,59,61,44,57,0,0,0,0,3,2,0,0,0,0,24,0,0,0,33,25,13
l22,6=0,0,0,0,0,0,0,0,12,0,4,16,0,7,22,0,28,22,28,51,17,72,36,0,69,69,77,71,0,0,0,11,12,55,0,27,52,17,46,22,21,26,64,20,50
l23,6=0,0,0,0,0,0,0,5,13,4,22,23,25,14,43,0,36,45,31,59,54,64,27,72,0,75,79,64,0,0,21,14,32,27,0,45,10,0,31,21,23,23,62,64,29
l24,6=0,0,4,0,0,0,14,22,19,21,25,25,19,9,24,0,9,20,50,60,48,65,39,77,73,0,79,58,0,0,0,12,0,26,0,22,14,0,16,22,0,26,53,63,57
l25,6=0,0,0,0,0,0,0,13,16,0,20,18,19,19,11,0,38,36,32,58,16,58,16,81,73,79,0,51,0,0,0,0,20,24,0,13,12,14,27,21,21,23,26,70,43
l26,6=0,0,0,0,0,0,0,0,8,0,6,20,1,23,30,0,29,11,39,62,48,75,61,76,67,68,65,0,0,0,2,0,33,39,0,0,47,23,55,32,21,31,54,51,43
l27,6=16,32,2,0,37,69,0,0,1,51,12,38,19,22,63,0,20,88,79,48,40,0,0,0,41,0,0,0,0,0,0,66,7,20,0,25,43,8,28,43,85,77,0,0,0
l28,6=0,0,0,12,36,37,28,11,0,0,33,30,14,14,30,0,52,89,55,51,74,0,0,30,34,23,0,0,0,0,94,0,48,60,0,26,41,11,55,64,84,69,27,17,0
l29,6=0,0,0,0,0,0,0,0,0,0,0,0,0,0,0,0,0,0,0,40,0,56,2,36,58,0,58,56,0,0,45,45,0,84,0,76,80,59,75,89,59,61,2,24,0
l30,6=0,0,0,0,0,2,0,0,0,0,0,0,0,0,0,0,0,0,16,27,10,27,0,61,54,49,53,50,0,0,48,47,75,0,0,76,75,54,75,80,89,78,24,14,0
l31,6=0,0,0,0,0,0,0,0,0,0,0,0,0,0,0,0,0,19,0,42,0,47,0,56,63,53,55,7,0,0,44,31,75,79,0,0,80,62,71,81,80,78,3,0,0
l32,6=0,0,0,0,0,0,0,0,0,0,0,0,0,0,0,0,0,8,0,28,0,46,0,62,13,42,43,59,0,0,44,44,75,77,0,76,0,60,71,76,78,60,18,0,0
l33,6=0,0,0,0,0,0,0,0,0,0,0,0,0,0,0,0,0,0,0,0,0,0,0,44,0,0,54,45,0,0,22,37,70,78,0,76,76,0,71,53,76,76,0,0,0
l34,6=0,0,0,0,0,2,0,0,0,0,0,0,0,0,18,0,14,36,0,37,28,30,16,43,36,25,55,55,0,0,43,28,75,84,0,73,56,30,0,91,89,86,34,36,0
l35,6=0,0,0,0,0,14,0,0,0,0,0,0,0,0,0,0,40,32,15,40,28,27,0,42,39,27,44,29,0,0,68,43,75,77,0,44,55,15,75,0,90,87,0,1,0
l36,6=0,1,0,0,0,0,0,0,0,0,0,0,2,0,11,0,39,53,27,50,0,18,0,40,37,0,34,17,0,0,95,47,68,84,0,73,63,18,75,91,0,87,0,0,0
l37,6=0,0,0,0,0,0,0,0,0,0,16,0,0,0,0,0,2,46,16,6,28,29,0,48,42,60,65,38,0,0,87,70,67,83,0,70,48,31,75,91,90,0,0,21,0
l38,6=0,0,0,0,0,0,0,0,0,0,12,0,4,0,25,0,0,19,9,25,13,19,9,53,51,32,8,28,0,0,0,6,1,5,0,0,4,0,12,0,0,0,0,66,60
l39,6=0,0,0,0,0,0,0,0,0,0,13,9,8,7,42,0,22,30,41,56,37,8,11,24,56,58,71,28,0,0,0,7,2,4,0,0,0,0,12,0,0,1,66,0,64
l40,6=0,0,0,0,0,0,0,0,0,0,0,0,0,0,36,0,5,23,33,43,27,18,9,34,23,59,45,33,0,0,0,0,0,0,0,0,0,0,0,0,0,0,70,72,0
l41,6=0,0,0,0,0,0,0,0,0,8,5,0,40,9,55,0,20,36,48,56,52,40,10,58,62,66,63,10,0,0,18,13,0,0,0,0,0,0,5,0,3,4,63,71,57
l42,6=0,0,0,0,0,0,0,0,0,0,4,0,0,0,0,0,9,19,19,44,16,25,0,40,36,64,63,41,0,0,0,0,8,0,0,8,10,5,22,0,5,0,68,67,50
l43,6=0,0,0,0,0,0,0,0,0,0,0,0,0,0,12,0,1,0,16,37,13,18,13,56,27,60,56,52,0,0,0,0,0,6,0,19,0,0,0,0,0,0,66,70,60
l44,6=0,0,0,0,0,0,0,0,0,0,0,0,0,0,17,0,10,19,17,22,16,21,13,22,61,58,46,48,0,0,0,0,0,0,0,0,0,0,0,0,0,0,56,62,60

l0,7=0,90,88,96,83,91,84,84,86,85,72,87,93,86,0,0,69,64,0,5,0,0,0,0,0,0,0,0,0,0,49,27,0,0,0,0,0,0,0,0,0,0,0,0,0
l1,7=85,0,88,96,83,91,81,83,90,93,0,87,95,86,54,0,63,18,61,9,0,0,0,0,0,0,0,0,0,0,40,78,0,0,0,0,0,0,0,0,0,0,0,0,0
l2,7=84,90,0,96,83,91,84,84,90,28,61,88,95,86,53,0,68,54,34,12,20,0,0,0,0,23,0,5,0,0,74,49,0,0,0,0,0,0,0,0,0,0,0,0,0
l3,7=86,90,87,0,84,91,84,81,83,88,55,82,86,86,0,0,63,40,30,3,0,0,0,0,0,0,0,0,0,0,75,51,0,0,0,0,0,0,0,0,0,0,0,0,0
l4,7=85,90,88,96,0,91,84,82,88,86,44,87,87,80,0,0,56,0,0,15,0,0,0,0,0,0,0,0,0,0,75,9,0,0,0,0,0,0,0,0,0,0,0,0,0
l5,7=86,90,87,95,83,0,84,80,85,85,87,87,94,86,42,0,62,43,45,8,23,0,0,0,0,0,0,0,0,0,0,0,0,0,0,0,0,0,0,1,0,0,0,0,0
l6,7=84,85,88,96,82,91,0,86,90,93,87,85,77,83,76,0,60,67,56,17,20,0,0,2,0,59,0,0,0,0,0,61,0,0,0,0,0,0,0,0,0,0,0,0,0
l7,7=68,85,74,81,72,82,84,0,91,93,84,89,85,86,83,0,68,49,23,38,37,28,1,0,41,75,15,18,0,0,0,0,0,0,0,0,0,0,0,0,0,0,0,0,0
l8,7=72,88,79,79,78,88,82,86,0,89,81,89,90,81,77,0,67,11,48,35,40,49,51,41,30,64,47,39,0,0,0,21,0,0,0,0,0,0,0,0,0,0,0,0,0
l9,7=76,88,66,90,76,85,84,86,91,0,85,88,95,86,90,0,69,24,66,13,38,20,0,13,0,59,19,0,0,0,29,31,0,0,0,0,0,0,0,0,0,0,0,25,0
l10,7=34,17,49,50,33,86,82,81,49,23,0,85,90,81,90,0,73,53,61,13,46,15,18,28,52,58,18,0,0,0,59,57,0,0,0,0,0,0,0,0,0,2,20,34,0
l11,7=79,83,79,59,76,88,79,83,87,89,84,0,95,81,90,0,69,37,68,21,0,14,0,19,44,41,16,18,0,0,0,41,0,0,0,0,0,0,0,0,0,0,0,31,18
l12,7=72,85,78,55,50,79,59,76,86,89,86,89,0,86,90,0,73,0,68,19,34,0,17,19,57,68,35,15,0,0,48,44,0,0,0,0,0,0,0,0,5,0,23,0,0
l13,7=73,87,78,86,63,85,76,83,86,89,86,89,95,0,90,0,27,38,66,30,44,1,23,26,44,65,0,8,0,0,46,56,0,0,0,0,0,0,0,0,0,0,0,0,0
l14,7=0,9,6,0,7,35,43,77,27,26,74,76,90,76,0,0,76,91,74,33,43,31,1,23,54,59,21,17,0,0,74,64,0,0,0,0,0,0,18,2,6,0,37,37,28
l15,7=27,25,19,26,38,41,21,76,30,12,85,73,91,11,92,0,0,44,62,15,46,27,11,12,53,51,16,15,0,0,44,47,0,0,0,0,0,0,0,8,15,0,0,11,19
l16,7=17,8,41,39,0,38,28,48,0,0,50,44,0,31,92,0,68,0,43,21,53,8,0,14,52,56,19,0,0,0,80,92,0,13,0,0,12,38,30,9,38,34,25,36,28
l17,7=0,49,24,16,0,41,46,8,22,17,72,83,88,75,92,0,73,88,0,24,48,23,0,22,48,65,18,17,0,0,75,58,0,1,0,0,0,0,0,0,6,10,0,38,33
l18,7=10,26,10,0,31,27,16,43,34,9,27,48,54,53,88,0,60,87,55,0,72,57,38,13,55,73,51,60,0,0,48,40,49,16,0,0,0,0,38,11,32,24,28,54,33
l19,7=0,0,9,0,0,34,3,50,13,20,76,0,66,64,86,0,71,89,70,44,0,31,11,40,72,79,18,20,0,0,45,37,0,20,0,0,0,17,26,17,24,18,35,39,40
l20,7=0,0,0,0,0,0,0,9,20,1,1,3,1,0,41,0,43,4,12,36,26,0,78,73,61,76,54,72,0,0,0,0,56,27,0,2,23,3,63,0,0,0,31,46,50
l21,7=0,0,0,0,0,0,0,8,46,0,18,0,39,30,6,0,50,0,0,32,24,77,0,63,56,64,0,66,0,0,0,0,8,0,0,0,21,0,32,2,0,0,46,36,28
l22,7=0,0,0,0,0,0,0,0,12,0,36,25,17,14,39,0,43,20,38,7,45,72,62,0,71,77,66,73,0,0,0,0,59,65,0,39,66,48,64,33,15,45,69,58,57
l23,7=0,0,0,0,0,0,0,11,5,0,29,38,42,10,48,0,52,44,38,35,56,62,55,76,0,83,69,63,0,0,14,16,55,33,0,39,24,0,32,0,21,17,67,59,53
l24,7=0,0,0,0,0,0,10,42,9,6,33,11,55,32,59,0,51,54,53,36,54,69,55,72,75,0,69,65,0,0,16,0,20,9,0,10,19,0,11,25,10,40,68,57,54
l25,7=0,0,0,0,0,0,0,11,15,6,32,20,61,0,59,0,55,51,52,36,13,55,0,76,75,83,0,60,0,0,0,1,58,43,0,17,30,25,22,19,20,24,67,62,17
l26,7=0,0,2,0,0,1,0,11,17,0,0,24,16,5,27,0,29,9,35,36,27,74,65,76,62,77,61,0,0,0,5,0,60,22,0,1,67,29,64,23,0,10,61,15,58
l27,7=18,44,61,76,61,7,0,0,0,0,56,0,79,45,92,0,72,58,43,16,46,0,0,0,27,32,0,0,0,0,0,92,47,29,0,19,70,65,52,29,39,52,1,8,0
l28,7=12,52,6,23,0,0,20,0,5,0,10,56,66,36,38,0,26,90,39,12,7,0,0,0,31,0,3,0,0,0,95,0,38,74,0,12,74,64,47,84,29,50,0,18,0
l29,7=0,0,0,0,0,0,0,0,0,0,0,0,0,0,0,0,0,0,0,13,0,35,0,54,52,37,49,57,0,0,36,27,0,77,0,74,92,83,88,89,79,79,0,1,12
l30,7=0,0,0,0,0,0,0,0,0,0,0,0,0,0,0,0,0,13,1,8,3,17,0,54,44,38,30,16,0,0,60,61,81,0,0,71,91,84,87,44,83,82,0,5,0
l31,7=0,0,0,0,0,0,0,0,0,0,0,0,0,0,0,0,0,0,0,0,0,22,0,55,55,61,42,1,0,0,54,42,81,74,0,0,92,88,86,73,82,75,0,6,0
l32,7=0,0,0,0,0,0,0,0,0,0,0,0,0,0,0,0,0,3,0,0,0,37,10,64,44,61,40,61,0,0,44,31,81,73,0,74,0,88,86,81,70,41,0,0,0
l33,7=0,0,0,0,0,0,0,0,0,0,0,0,0,0,0,0,0,2,0,0,0,0,0,50,0,0,41,51,0,0,37,27,80,74,0,74,92,0,88,79,77,52,0,0,0
l34,7=0,0,0,0,0,0,0,0,0,0,0,0,0,0,11,0,0,21,0,17,4,60,5,56,48,18,10,68,0,0,83,57,81,77,0,73,91,87,0,89,83,86,23,20,0
l35,7=0,0,0,0,0,9,0,0,0,0,0,0,0,0,12,0,21,22,2,17,21,3,2,29,0,42,30,38,0,0,77,79,81,28,0,24,91,73,88,0,83,86,0,0,0
l36,7=0,0,0,0,0,0,0,0,0,0,0,0,27,0,18,0,27,41,12,27,8,0,0,15,39,34,32,0,0,0,95,82,40,77,0,47,90,80,88,89,0,86,0,0,0
l37,7=0,0,0,0,0,4,0,0,0,0,1,0,0,0,1,0,16,27,19,12,5,0,0,13,30,33,21,15,0,0,88,66,80,76,0,29,89,82,88,89,83,0,19,0,0
l38,7=0,0,0,0,0,0,0,0,0,0,1,0,11,0,25,0,0,24,0,4,8,9,11,53,43,55,38,15,0,0,4,0,0,0,0,0,0,9,18,0,0,0,0,60,64
l39,7=0,0,0,0,0,0,0,0,0,2,11,18,0,0,47,0,1,40,33,29,26,39,11,57,59,62,68,4,0,0,8,6,0,2,0,0,0,0,15,0,0,0,74,0,65
l40,7=0,0,0,0,0,0,0,0,0,0,0,3,0,0,16,0,12,17,15,19,25,41,6,50,45,56,36,45,0,0,0,0,0,0,0,0,0,0,0,0,0,0,74,60,0
l41,7=0,0,0,0,0,0,0,5,7,0,6,2,41,8,60,0,48,38,53,31,60,19,11,41,70,76,60,7,0,0,6,18,21,0,0,0,0,0,1,0,0,12,69,64,59
l42,7=0,0,0,0,0,0,0,0,0,0,0,0,0,0,24,0,26,9,6,25,0,49,16,42,59,77,66,20,0,0,0,0,23,10,0,0,0,0,13,0,0,0,73,64,46
l43,7=0,0,0,0,0,0,0,0,0,0,0,0,4,0,13,0,17,3,16,23,13,31,0,65,20,75,62,60,0,0,0,0,21,0,0,21,5,0,0,0,0,0,72,60,61
l44,7=0,0,0,0,0,0,0,0,0,0,0,0,11,0,20,0,24,24,16,22,13,47,25,58,61,66,31,56,0,0,0,0,7,15,0,0,0,0,23,0,0,12,72,60,62

l0,8=0,100,77,100,99,100,100,99,92,99,91,97,98,98,40,0,98,66,32,25,0,0,0,0,0,0,0,0,0,0,0,0,0,0,0,0,0,0,0,0,0,0,0,0,0
l1,8=98,0,79,100,99,100,100,100,99,100,95,96,98,98,40,0,0,0,43,62,0,0,0,0,0,0,0,0,0,0,55,5,0,0,0,0,0,0,0,0,0,0,0,0,0
l2,8=98,100,0,100,99,100,100,0,99,100,94,98,11,99,38,0,98,90,57,0,93,0,0,0,0,0,0,0,0,0,50,7,0,0,0,0,0,0,0,0,0,0,0,42,0
l3,8=98,100,79,0,99,100,100,99,99,99,99,88,98,98,23,0,94,70,2,48,0,0,0,0,0,0,0,0,0,0,94,0,0,0,0,0,0,0,0,0,0,0,0,0,0
l4,8=97,100,77,100,0,100,100,97,99,99,92,97,8,80,19,0,24,84,11,62,0,0,0,0,0,0,0,0,0,0,54,67,0,0,0,0,0,0,0,0,0,0,0,0,0
l5,8=97,100,77,100,99,0,100,99,99,99,97,98,95,98,38,0,98,68,0,55,82,0,0,0,0,39,0,0,0,0,33,67,0,0,0,0,0,0,0,0,0,0,0,0,0
l6,8=98,100,79,100,99,100,0,100,99,100,99,98,99,25,89,0,98,86,74,0,97,0,0,0,0,84,0,2,0,0,56,35,0,0,0,0,0,0,0,0,0,0,0,0,0
l7,8=98,95,78,94,40,100,100,0,99,100,96,98,98,99,86,0,96,91,57,94,93,76,0,33,77,84,80,0,0,0,0,0,0,0,0,0,0,0,0,0,0,0,0,0,0
l8,8=92,95,79,94,94,95,94,100,0,100,95,98,99,98,84,0,94,79,81,94,95,89,23,76,80,0,75,85,0,0,13,22,0,0,0,0,0,0,0,0,0,0,0,16,0
l9,8=92,100,68,93,94,95,99,100,99,0,97,98,99,99,85,0,98,70,42,65,95,78,0,49,60,81,82,0,0,0,0,65,0,0,0,0,0,0,0,0,0,0,0,80,0
l10,8=82,77,56,86,32,51,73,96,95,95,0,94,99,99,93,0,98,67,87,63,95,77,34,56,73,75,85,0,0,0,28,71,0,0,0,0,0,0,0,0,0,0,0,78,0
l11,8=93,91,74,80,93,95,94,100,99,99,95,0,99,99,86,0,94,0,86,63,83,60,0,50,71,75,80,54,0,0,52,0,0,0,0,0,0,0,0,0,0,0,0,12,34
l12,8=93,95,24,94,13,74,92,96,99,100,100,98,0,99,87,0,98,84,86,65,95,16,46,0,75,83,85,53,0,0,45,48,0,0,0,0,0,0,0,0,0,0,65,58,0
l13,8=93,95,79,94,56,100,41,100,96,100,100,98,99,0,87,0,94,78,85,82,92,82,39,56,75,78,0,55,0,0,44,52,0,0,0,0,0,0,0,0,0,0,0,0,0
l14,8=61,18,0,8,8,15,63,94,84,93,99,97,99,81,0,0,60,97,94,95,99,80,26,47,76,84,85,18,0,0,56,75,0,0,0,0,0,0,0,16,18,19,33,83,38
l15,8=89,0,56,64,10,55,76,99,97,100,100,98,99,80,56,0,0,94,72,56,97,88,0,45,79,86,83,56,0,0,51,82,0,14,0,0,0,0,41,0,47,0,36,77,32
l16,8=30,0,51,32,21,14,41,85,31,34,53,2,83,50,53,0,60,0,66,66,99,19,0,0,67,87,78,0,0,0,98,83,0,16,0,0,6,38,69,66,62,57,74,66,42
l17,8=49,32,35,0,9,0,51,83,85,19,100,96,99,81,93,0,60,97,0,66,99,80,40,31,75,89,82,55,0,0,57,69,0,0,0,0,0,0,0,21,29,8,0,82,42
l18,8=16,29,0,8,28,31,0,76,75,74,74,76,85,60,93,0,26,100,83,0,99,95,50,59,90,83,88,89,0,0,51,48,50,16,0,0,4,0,68,23,25,48,76,81,77
l19,8=0,0,32,0,0,68,78,82,88,96,98,42,95,85,93,0,98,100,92,97,0,90,22,96,89,87,88,87,0,0,92,82,0,37,0,0,0,0,45,73,94,54,72,91,83
l20,8=0,0,0,0,0,0,0,48,47,42,55,9,4,47,55,0,65,19,50,91,55,0,93,97,86,84,64,90,0,0,0,0,58,48,0,10,53,0,55,2,0,45,51,52,73
l21,8=0,0,0,0,0,0,0,0,28,0,53,0,65,63,47,0,7,0,53,85,45,98,0,83,85,66,46,86,0,0,0,0,40,43,0,0,54,0,53,2,0,0,56,61,58
l22,8=0,0,0,0,0,0,0,26,26,20,65,23,0,41,54,0,47,0,17,77,75,95,62,0,87,82,86,88,0,0,0,0,53,66,0,63,67,51,58,31,1,55,61,66,69
l23,8=0,0,0,0,0,0,0,49,27,11,51,43,44,40,58,0,60,53,54,89,75,83,67,96,0,89,89,89,0,0,20,0,60,35,0,42,31,15,50,37,46,17,69,90,83
l24,8=0,0,0,0,0,16,31,56,0,47,49,30,64,48,71,0,55,63,69,86,69,90,58,91,90,0,89,85,0,0,28,21,49,0,0,5,57,29,48,27,53,41,76,84,62
l25,8=0,0,0,0,0,0,0,49,29,46,67,45,58,0,53,0,48,56,49,83,63,58,14,97,90,89,0,62,0,0,0,0,44,59,0,45,62,45,42,8,7,35,74,89,68
l26,8=0,0,0,0,0,0,1,10,28,0,0,27,26,25,21,0,45,0,49,92,67,96,86,94,85,82,71,0,0,0,0,0,62,32,0,50,80,26,72,25,1,21,70,64,72
l27,8=2,41,22,50,13,8,30,0,0,0,62,43,34,23,52,0,29,98,65,62,89,0,0,0,34,72,0,0,0,0,0,99,13,74,0,8,13,52,95,67,62,62,0,32,0
l28,8=0,0,0,3,44,46,36,0,23,65,92,2,41,30,49,0,53,98,58,55,84,0,0,0,13,48,1,0,0,0,98,0,73,68,0,0,35,37,90,72,100,30,0,54,0
l29,8=0,0,0,0,0,0,0,0,0,0,0,0,0,0,0,0,0,0,0,52,0,86,2,74,79,68,49,76,0,0,22,68,0,99,0,95,98,95,99,97,93,94,40,0,0
l30,8=0,0,0,0,0,0,0,0,0,0,0,0,0,0,0,0,22,37,0,35,51,73,20,87,64,0,78,41,0,0,88,81,93,0,0,95,98,100,96,97,100,97,0,20,0
l31,8=0,0,0,0,0,0,0,0,0,0,0,0,0,0,0,0,0,0,0,29,0,49,0,91,81,38,69,82,0,0,75,0,93,99,0,0,98,100,99,96,100,97,0,37,0
l32,8=0,0,0,0,0,0,0,0,0,0,0,0,0,0,0,0,0,41,0,38,0,74,39,79,69,49,45,83,0,0,66,79,93,96,0,95,0,100,99,85,87,89,27,0,0
l33,8=0,0,0,0,0,0,0,0,0,0,0,0,0,0,0,0,0,26,0,0,0,0,0,85,28,34,49,50,0,0,74,24,88,99,0,95,98,0,67,97,87,61,0,0,0
l34,8=0,0,0,0,0,0,0,0,0,0,0,0,0,0,0,0,32,65,0,57,69,75,40,97,79,73,74,86,0,0,91,65,93,99,0,95,98,96,0,97,100,97,64,54,0
l35,8=0,0,0,0,0,0,0,0,0,0,0,0,0,0,7,0,1,48,18,53,42,43,0,44,43,71,20,31,0,0,91,61,93,99,0,87,59,96,99,0,100,97,0,0,0
l36,8=0,0,0,0,0,0,0,0,0,0,0,0,0,0,19,0,22,67,36,58,49,0,0,2,48,80,24,0,0,0,95,60,84,99,0,95,55,59,99,97,0,97,21,0,0
l37,8=0,0,0,0,0,0,0,0,0,0,0,0,0,0,37,0,0,53,36,57,44,67,0,49,40,77,51,27,0,0,95,42,84,94,0,90,88,51,99,97,100,0,0,0,0
l38,8=0,0,0,0,0,0,0,0,0,0,0,0,18,0,7,0,9,44,0,60,32,42,26,55,57,54,73,57,0,0,0,0,28,0,0,0,6,0,31,0,6,0,0,92,83
l39,8=0,0,0,0,0,0,0,0,0,22,40,4,11,0,44,0,19,17,32,66,58,42,25,67,82,63,84,62,0,0,6,18,0,5,0,9,0,0,16,0,0,0,78,0,81
l40,8=0,0,0,0,0,0,0,0,0,0,0,5,0,0,30,0,15,27,31,57,44,52,11,61,76,43,59,60,0,0,0,0,0,0,0,0,0,0,0,0,0,0,78,86,0
l41,8=0,0,0,0,0,0,0,27,23,2,0,35,50,22,62,0,43,0,78,63,70,45,41,63,89,87,86,62,0,0,12,49,6,0,0,0,0,0,14,0,0,4,78,92,85
l42,8=0,0,0,0,0,0,0,0,0,0,0,0,0,0,42,0,20,0,22,58,47,56,50,60,51,82,79,64,0,0,0,0,31,23,0,0,25,0,0,0,2,0,74,93,64
l43,8=0,0,0,0,0,0,0,0,0,0,0,0,0,0,0,0,6,0,0,52,41,46,17,57,45,53,82,53,0,0,0,0,29,23,0,12,0,0,22,0,0,0,74,74,70
l44,8=0,0,0,0,0,0,0,0,0,0,0,0,0,0,30,0,0,7,28,60,20,49,17,62,69,52,60,62,0,0,0,0,0,19,0,0,0,0,0,0,0,0,71,83,69

l0,9=0,97,99,100,100,99,100,99,100,87,84,100,97,95,0,0,73,75,9,0,0,0,0,0,0,0,0,0,0,0,20,73,0,0,0,0,0,0,0,0,0,0,0,0,0
l1,9=86,0,95,100,100,99,100,88,100,96,58,40,95,100,76,0,83,89,38,55,3,0,0,0,0,9,0,0,0,0,27,31,0,0,0,0,0,0,0,0,12,0,0,0,0
l2,9=97,100,0,100,100,99,100,99,100,99,35,100,97,100,91,0,93,0,92,33,0,0,0,0,2,0,0,0,0,0,30,9,0,0,0,0,0,0,0,0,0,0,0,0,0
l3,9=97,100,99,0,100,99,100,97,99,99,57,98,95,100,81,0,89,88,0,53,0,0,0,0,0,0,0,0,0,0,32,31,0,0,0,0,0,0,0,0,0,0,0,0,0
l4,9=97,95,99,100,0,99,100,40,100,92,93,100,95,97,89,0,91,43,0,89,0,0,0,0,0,0,0,0,0,0,52,57,0,0,0,0,0,0,0,0,0,0,0,0,0
l5,9=97,100,99,100,100,0,98,93,100,94,99,100,93,100,76,0,92,100,48,0,0,0,0,0,0,39,0,0,0,0,29,32,0,0,0,0,0,0,0,0,39,0,0,0,0
l6,9=97,100,99,100,100,99,0,98,100,99,99,100,95,100,93,0,91,96,58,3,59,0,0,0,0,0,0,0,0,0,0,38,0,0,0,0,0,0,0,0,0,0,0,0,0
l7,9=97,100,99,100,100,98,100,0,100,99,99,100,97,100,91,0,95,99,50,99,58,98,0,0,55,96,97,67,0,0,0,0,0,0,0,0,0,0,0,0,0,0,0,7,0
l8,9=97,100,99,100,100,99,100,97,0,99,99,100,95,100,97,0,94,100,94,98,68,60,0,61,57,74,98,81,0,0,20,0,0,0,0,0,0,0,0,0,0,0,0,47,0
l9,9=97,100,99,100,100,99,100,96,100,0,99,100,97,100,98,0,97,91,96,98,94,56,0,29,35,55,94,61,0,0,0,29,0,0,0,0,0,0,0,0,0,0,0,0,0
l10,9=59,35,59,95,100,99,100,98,100,90,0,100,98,100,99,0,98,94,98,62,60,58,78,37,34,58,100,0,0,0,27,36,0,0,0,0,0,0,0,0,35,37,48,60,46
l11,9=97,54,99,97,100,99,100,99,100,99,99,0,98,100,98,0,98,92,98,98,57,0,0,36,52,1,93,78,0,0,23,0,0,0,0,0,0,0,0,0,0,0,0,54,26
l12,9=58,37,72,99,97,99,100,97,100,99,99,100,0,100,98,0,98,96,98,62,58,57,84,0,29,56,97,38,0,0,26,1,0,0,0,0,0,0,0,0,0,0,51,37,0
l13,9=97,100,99,100,99,99,100,98,100,99,99,100,98,0,96,0,98,95,98,98,98,94,0,55,92,77,93,47,0,0,20,48,0,0,0,0,0,0,0,0,38,0,0,16,0
l14,9=19,4,52,73,95,79,63,81,99,83,35,34,87,100,0,0,98,97,98,62,63,61,68,35,36,63,97,69,0,0,32,36,0,0,0,0,0,0,29,27,36,50,56,57,48
l15,9=48,24,58,91,97,97,99,97,100,90,60,74,98,99,98,0,0,95,98,98,62,58,63,35,34,61,74,67,0,0,29,35,0,0,0,0,0,0,68,0,9,29,48,57,0
l16,9=0,33,0,83,84,97,63,90,98,74,32,33,87,98,99,0,96,0,59,62,76,0,0,35,35,63,90,0,0,0,93,36,85,0,0,0,3,3,46,99,48,60,52,61,18
l17,9=0,21,52,0,12,82,97,26,98,80,35,60,87,100,99,0,98,97,0,99,100,58,86,19,34,63,97,68,0,0,32,34,0,0,0,0,0,0,0,75,3,0,37,60,0
l18,9=0,29,0,19,90,0,0,96,94,75,31,34,86,93,98,0,96,98,97,0,99,55,83,57,92,59,97,98,0,0,30,33,87,84,0,58,19,0,87,34,46,61,55,58,53
l19,9=18,0,0,0,0,31,33,52,68,81,33,7,85,98,99,0,71,100,98,99,0,58,0,83,57,74,97,79,0,0,56,57,0,42,0,0,0,0,85,35,63,56,32,98,93
l20,9=0,0,0,0,0,0,0,86,76,64,71,0,83,85,86,0,86,0,84,86,85,0,100,100,91,94,87,98,0,0,0,0,89,85,0,73,75,0,82,72,0,75,71,88,89
l21,9=0,0,0,0,0,0,0,18,0,0,48,0,97,0,94,0,88,0,95,98,0,100,0,97,92,96,86,99,0,0,0,0,0,81,0,0,49,0,82,0,0,1,90,98,87
l22,9=0,0,0,0,0,0,0,0,71,30,72,77,0,77,77,0,78,77,77,97,98,97,72,0,92,94,99,99,0,0,0,0,87,98,0,79,76,61,98,73,56,72,94,98,80
l23,9=0,0,0,0,0,0,0,74,59,51,23,50,54,80,92,0,91,86,89,97,94,93,82,99,0,96,100,98,0,0,21,0,83,76,0,84,20,18,84,74,25,48,96,98,94
l24,9=0,3,0,0,0,59,0,88,75,40,67,35,73,83,89,0,87,93,93,93,94,97,93,97,94,0,99,94,0,0,0,0,80,68,0,0,79,61,77,66,89,53,91,94,78
l25,9=0,0,0,0,0,0,0,70,66,49,82,40,86,71,86,0,69,68,86,88,90,87,46,97,94,96,0,94,0,0,0,4,84,87,0,84,87,46,84,0,44,44,96,98,91
l26,9=0,0,0,0,0,0,0,73,79,53,0,91,67,61,96,0,81,0,88,97,91,97,98,99,91,94,99,0,0,0,0,0,84,98,0,90,92,45,90,61,41,82,80,73,73
l27,9=0,0,1,75,35,5,0,0,0,0,22,1,42,13,70,0,51,100,59,61,48,0,0,0,14,0,0,0,0,0,0,96,49,84,0,22,34,13,69,60,10,63,3,4,12
l28,9=8,6,0,66,76,43,37,0,0,41,33,0,11,78,95,0,94,96,59,58,52,0,0,0,0,0,0,0,0,0,93,0,94,30,0,0,34,0,83,72,69,63,2,0,0
l29,9=0,0,0,0,0,0,0,0,0,0,0,0,0,0,0,0,0,77,0,62,0,97,0,96,91,92,97,66,0,0,39,92,0,100,0,100,100,100,100,100,99,99,59,54,37
l30,9=0,0,0,0,0,0,0,0,0,0,0,0,0,0,0,0,0,0,0,30,5,53,25,99,57,27,99,100,0,0,92,26,99,0,0,100,100,100,100,100,100,100,32,19,0
l31,9=0,0,0,0,0,0,0,0,0,0,0,0,0,0,0,0,0,0,0,38,0,53,0,86,85,0,90,92,0,0,83,0,99,100,0,0,100,100,100,92,100,91,0,3,0
l32,9=0,0,0,0,0,0,0,0,0,0,0,0,0,0,0,0,0,52,0,59,0,67,31,95,80,93,99,98,0,0,91,93,99,100,0,100,0,100,100,98,96,99,9,35,0
l33,9=0,0,0,0,0,0,0,0,0,0,0,0,0,0,0,0,0,22,0,0,0,0,0,14,51,32,74,45,0,0,50,0,99,99,0,100,100,0,100,100,86,95,0,0,0
l34,9=0,0,0,0,0,0,0,0,0,0,0,0,0,0,15,0,56,39,0,60,42,59,50,99,40,60,98,80,0,0,31,55,99,100,0,100,100,100,0,100,100,100,11,0,0
l35,9=0,0,0,0,0,0,0,0,0,0,0,0,0,0,27,0,0,62,37,19,57,50,0,20,73,40,0,32,0,0,60,58,99,100,0,32,98,100,100,0,100,100,0,0,0
l36,9=0,0,0,0,0,7,0,0,0,0,4,0,0,22,37,0,27,65,0,59,60,0,0,5,19,42,58,21,0,0,0,59,64,100,0,36,100,70,100,100,0,94,0,0,0
l37,9=0,0,0,0,0,0,0,0,0,0,6,0,0,0,36,0,28,95,0,99,61,53,0,5,33,26,54,66,0,0,93,96,99,100,0,29,100,100,100,100,100,0,0,6,0
l38,9=0,0,0,0,0,0,0,0,0,0,10,0,49,0,59,0,47,73,9,82,41,46,35,84,88,79,95,80,0,0,0,0,58,49,0,0,0,0,8,0,0,0,0,99,95
l39,9=0,0,0,0,0,0,0,0,13,0,21,13,29,0,67,0,61,84,79,80,83,45,55,92,88,81,95,37,0,0,9,0,45,30,0,0,8,0,0,0,0,0,96,0,94
l40,9=0,0,0,0,0,0,0,0,0,0,3,1,0,0,63,0,0,20,0,80,79,80,34,73,83,43,87,38,0,0,4,0,18,0,0,0,0,0,0,0,0,0,96,97,0
l41,9=0,0,0,0,0,0,0,43,36,0,23,35,87,62,93,0,89,92,91,97,65,51,0,0,91,94,99,91,0,0,13,42,0,24,0,0,0,0,50,26,0,26,96,98,94
l42,9=0,0,0,0,0,0,0,0,0,0,0,0,0,0,41,0,59,0,43,79,81,84,58,85,88,90,92,87,0,0,0,0,0,20,0,0,31,0,56,0,0,0,91,98,80
l43,9=0,0,0,0,0,0,0,0,0,0,0,0,8,0,59,0,0,41,58,74,70,70,0,81,76,70,93,81,0,0,0,0,56,0,0,52,0,0,49,0,0,0,96,81,82
l44,9=0,0,0,0,0,0,0,0,0,0,0,0,32,26,59,0,1,61,67,80,52,76,51,93,91,90,95,68,0,0,0,0,10,0,0,39,0,0,9,0,0,0,96,81,79

l0,10=0,79,88,83,93,85,84,0,80,91,87,42,88,84,9,0,25,20,0,0,2,0,0,0,0,0,0,0,0,0,62,23,0,0,0,0,0,0,0,0,0,0,0,0,0
l1,10=85,0,86,89,90,84,82,0,80,10,13,34,90,36,13,0,29,18,12,8,3,0,0,0,0,12,0,0,0,0,16,14,0,0,0,0,0,0,0,0,4,0,0,0,0
l2,10=89,82,0,86,93,84,85,0,83,95,76,93,96,92,28,0,5,12,31,64,8,0,0,0,8,7,22,0,0,0,33,2,0,0,0,0,0,0,0,0,0,0,0,5,0
l3,10=87,82,88,0,97,86,85,0,80,92,85,91,88,85,0,0,31,12,15,0,0,0,0,0,0,0,0,0,0,0,76,18,0,0,0,0,0,0,0,0,0,0,0,0,0
l4,10=89,80,88,91,0,86,85,0,83,92,58,75,54,83,15,0,50,35,28,0,0,0,0,0,0,0,0,0,0,0,0,43,0,0,0,0,0,0,0,0,0,0,0,0,0
l5,10=89,82,89,91,97,0,83,0,81,28,89,96,90,94,8,0,23,15,12,12,0,0,0,0,0,0,0,0,0,0,49,20,0,0,0,0,0,0,0,0,0,0,0,0,0
l6,10=89,82,89,89,82,83,0,1,83,96,88,95,89,94,7,0,90,50,5,45,0,0,0,0,7,0,22,0,0,0,35,8,0,0,0,0,0,0,0,0,0,0,0,2,0
l7,10=89,82,89,89,88,79,85,0,83,96,93,95,96,97,61,0,95,60,25,86,64,55,0,32,8,75,51,38,0,0,0,30,0,0,0,0,0,0,0,0,0,0,0,6,0
l8,10=86,80,89,54,87,81,85,1,0,95,93,96,96,92,59,0,40,31,59,63,66,56,0,16,39,13,50,42,0,0,18,0,0,0,0,0,0,0,0,0,0,0,0,6,0
l9,10=85,7,86,83,80,78,82,0,80,0,93,96,96,94,88,0,94,40,26,38,33,41,0,14,31,15,32,5,0,0,0,16,0,0,0,0,0,0,0,0,0,0,0,0,0
l10,10=79,49,72,80,76,80,63,0,80,93,0,94,96,93,88,0,94,29,87,24,80,28,14,64,39,40,78,16,0,0,47,43,0,0,0,0,0,0,0,0,14,0,0,10,9
l11,10=11,24,86,83,45,80,82,0,80,96,93,0,96,97,88,0,94,13,87,68,65,14,0,16,25,13,35,24,0,0,0,19,0,0,0,0,0,0,0,0,0,0,0,0,0
l12,10=80,80,83,82,49,77,42,0,80,93,93,94,0,93,88,0,94,67,77,15,22,36,24,9,37,44,56,10,0,0,29,5,0,0,0,0,0,0,0,0,2,0,6,0,2
l13,10=80,68,83,82,84,81,82,0,80,96,93,96,96,0,60,0,94,13,87,22,81,4,22,20,0,10,32,15,0,0,0,15,0,0,0,0,0,0,0,0,0,0,0,9,0
l14,10=10,52,64,0,48,44,4,0,62,84,88,84,91,78,0,0,95,68,90,67,96,51,59,29,44,44,70,69,0,0,63,44,0,17,0,0,0,0,0,0,9,18,52,49,66
l15,10=28,66,0,10,56,48,49,0,52,93,93,94,94,92,89,0,0,56,89,83,83,53,42,49,49,44,65,75,0,0,68,49,0,30,0,0,0,0,0,13,28,1,23,46,0
l16,10=24,42,21,1,32,5,22,0,37,66,62,49,90,26,93,0,71,0,53,86,97,5,0,45,48,34,60,6,0,0,96,52,4,0,0,0,0,0,5,0,80,37,3,51,59
l17,10=0,12,66,4,22,27,5,1,68,76,89,91,75,87,93,0,95,87,0,83,97,0,33,61,67,73,71,67,0,0,74,73,0,0,0,0,0,0,0,7,5,4,12,9,69
l18,10=19,0,62,0,0,14,29,0,61,69,29,80,57,67,77,0,93,92,90,0,97,74,72,57,77,81,67,85,0,0,66,44,4,62,0,0,0,11,27,61,72,56,66,37,75
l19,10=13,0,0,0,0,0,0,1,60,65,83,82,63,82,93,0,66,96,90,87,0,61,0,58,47,51,82,78,0,0,78,49,0,42,0,0,0,0,20,64,72,47,4,57,80
l20,10=0,0,0,0,0,0,0,0,60,66,57,67,56,0,63,0,71,36,0,84,74,0,100,79,72,81,79,87,0,0,0,0,76,70,0,29,18,8,58,55,28,34,71,69,62
l21,10=0,0,0,0,0,0,0,0,0,0,42,0,73,67,77,0,82,12,71,83,0,87,0,80,77,81,83,87,0,0,0,0,21,43,0,2,3,0,10,0,0,1,59,53,63
l22,10=0,0,0,0,0,0,0,0,38,45,61,59,39,51,57,0,68,63,69,70,76,87,80,0,77,81,83,89,0,0,0,0,76,76,0,70,76,62,59,67,6,22,85,72,63
l23,10=0,0,14,0,0,0,2,4,45,51,47,52,48,0,64,0,77,63,69,84,74,64,70,80,0,82,84,88,0,0,43,18,55,64,0,62,46,51,49,60,51,35,68,87,88
l24,10=0,8,11,0,0,0,0,0,45,57,54,58,59,50,71,0,66,58,71,84,85,84,80,79,77,0,83,66,0,0,1,42,64,62,0,57,60,26,48,26,52,54,75,80,41
l25,10=0,0,0,0,0,0,29,0,47,48,64,54,49,46,60,0,58,49,72,55,83,77,54,79,77,82,0,87,0,0,16,0,74,51,0,61,67,56,54,48,38,40,89,88,80
l26,10=0,0,0,0,0,0,0,3,60,38,43,70,46,35,70,0,72,6,68,81,73,85,78,79,77,71,83,0,0,0,0,0,72,80,0,71,76,75,39,32,26,70,66,69,71
l27,10=22,0,0,10,0,1,3,0,13,0,4,5,15,0,56,0,66,96,27,38,67,0,0,0,10,0,17,0,0,0,0,90,10,25,0,33,5,14,33,89,91,36,0,3,5
l28,10=14,0,0,0,4,8,0,0,0,5,8,22,13,21,84,0,68,96,7,18,59,0,0,0,1,8,0,0,0,0,96,0,16,32,0,8,0,0,46,22,91,57,2,0,0
l29,10=0,0,0,0,0,0,0,0,0,0,0,0,0,0,0,0,0,53,0,1,0,80,16,75,71,69,71,51,0,0,37,76,0,89,0,89,92,94,80,88,74,77,31,33,24
l30,10=0,0,0,0,0,0,0,0,0,0,0,0,0,0,12,0,37,0,0,35,34,33,51,74,70,38,53,80,0,0,19,40,87,0,0,89,91,94,80,88,90,82,23,0,0
l31,10=0,0,0,0,0,0,0,0,0,0,0,0,0,0,0,0,0,0,0,0,0,38,0,76,72,53,71,57,0,0,46,35,87,89,0,0,92,94,80,79,89,80,2,0,57
l32,10=0,0,0,0,0,0,0,0,0,0,0,0,0,0,0,0,0,0,0,0,0,0,0,75,65,73,70,77,0,0,46,0,87,89,0,89,0,95,80,85,71,77,0,0,0
l33,10=0,0,0,0,0,0,0,0,0,0,0,0,0,0,0,0,0,0,0,0,0,0,0,69,41,6,53,60,0,0,19,0,87,89,0,89,92,0,80,85,62,66,0,0,0
l34,10=0,0,0,0,0,0,0,0,0,0,0,0,0,0,0,0,0,20,0,35,17,53,0,68,70,42,70,47,0,0,68,73,87,89,0,89,91,94,0,88,93,82,5,0,0
l35,10=0,0,0,0,0,0,0,0,0,0,0,0,0,0,2,0,29,0,2,35,50,11,0,53,67,0,54,51,0,0,56,43,87,89,0,80,57,71,80,0,93,82,0,1,0
l36,10=0,0,0,0,0,0,0,0,0,0,14,0,10,0,7,0,31,57,0,40,60,0,0,0,44,41,24,15,0,0,79,90,61,89,0,89,25,66,80,93,0,82,0,7,0
l37,10=0,0,0,0,0,0,0,0,0,0,0,0,0,0,42,0,48,28,6,37,53,24,0,34,43,41,53,62,0,0,37,78,79,89,0,80,22,47,80,93,93,0,0,0,0
l38,10=0,0,0,0,0,0,0,0,0,0,0,0,53,0,63,0,57,5,13,63,5,56,24,71,61,67,80,58,0,0,0,9,33,52,0,0,0,0,4,0,0,0,0,88,83
l39,10=0,0,0,0,0,0,0,0,13,0,30,0,0,37,64,0,70,76,1,56,72,58,45,61,71,69,81,61,0,0,23,0,47,8,0,0,0,0,0,0,2,0,90,0,87
l40,10=0,0,0,0,0,0,0,0,0,0,0,0,0,0,58,0,0,62,71,57,71,57,40,59,75,0,79,74,0,0,0,0,1,0,0,1,0,0,0,0,0,0,89,87,0
l41,10=0,0,0,0,0,0,0,0,1,18,48,57,55,22,78,0,69,80,79,79,80,45,0,66,69,79,82,65,0,0,40,64,0,0,0,21,0,0,0,16,2,0,89,87,80
l42,10=0,0,0,0,0,0,0,0,0,0,0,0,0,0,59,0,56,31,36,71,73,68,53,71,75,73,77,78,0,0,0,0,0,41,0,0,8,0,41,0,0,0,85,87,78
l43,10=0,0,0,0,0,0,0,0,0,0,3,0,0,0,43,0,0,4,53,39,62,60,0,72,70,67,83,78,0,0,0,0,0,37,0,35,0,0,11,0,0,0,86,82,80
l44,10=0,0,0,0,0,0,0,0,0,0,0,35,0,0,48,0,30,27,0,64,60,72,60,73,75,74,80,79,0,0,0,0,24,0,0,0,27,0,12,10,1,0,90,81,79

l0,11=0,90,92,80,87,90,87,0,81,84,82,68,80,81,19,0,68,50,43,22,0,0,0,0,0,0,0,0,0,0,49,2,0,0,0,0,0,0,0,0,0,0,0,0,0
l1,11=92,0,92,82,85,90,87,0,81,84,5,16,80,78,39,0,59,53,44,38,4,0,0,0,0,1,0,0,0,0,38,2,0,0,0,0,0,0,0,0,0,0,0,0,0
l2,11=92,90,0,80,86,91,86,0,83,83,82,46,80,81,54,0,77,19,43,66,9,0,0,0,6,5,0,0,0,0,20,0,0,0,0,0,0,0,0,0,0,0,0,3,0
l3,11=75,90,91,0,87,90,87,0,81,75,55,17,9,37,0,0,52,40,46,0,0,0,0,0,0,0,0,0,0,0,39,0,0,0,0,0,0,0,0,0,0,0,0,0,0
l4,11=92,69,92,83,0,90,85,0,49,53,5,36,42,73,28,0,56,4,0,0,0,0,0,0,0,0,0,0,0,0,21,1,0,0,0,0,0,0,0,0,0,0,0,0,0
l5,11=92,90,91,83,87,0,69,0,82,80,82,72,80,83,27,0,61,57,3,30,0,0,0,0,0,0,0,0,0,0,43,5,0,0,0,0,0,0,1,0,3,0,0,0,0
l6,11=92,90,92,83,87,85,0,0,83,83,82,74,81,81,0,0,80,18,64,64,7,0,0,0,0,2,0,0,0,0,18,1,0,0,0,0,0,0,0,0,0,0,0,0,0
l7,11=92,90,92,81,85,89,87,0,86,85,71,74,81,87,78,0,81,30,0,57,37,36,0,20,0,46,29,19,0,0,0,0,0,0,0,0,0,0,0,0,0,0,0,2,0
l8,11=91,85,90,80,82,85,84,0,0,83,83,72,80,82,67,0,81,40,73,70,0,17,0,24,23,2,9,20,0,0,11,0,0,0,0,0,0,0,0,0,0,0,0,0,0
l9,11=90,84,87,79,30,85,81,0,82,0,81,76,80,85,75,0,82,15,59,37,16,18,0,20,33,27,19,17,0,0,29,0,0,0,0,0,0,0,0,0,0,0,0,0,0
l10,11=50,43,50,41,25,86,75,1,84,80,0,75,81,60,75,0,86,55,80,67,40,8,10,38,24,33,7,30,0,0,25,3,0,0,0,0,0,0,0,0,0,0,5,7,0
l11,11=35,41,22,17,64,85,84,0,82,84,81,0,80,84,75,0,82,20,73,69,28,0,0,10,0,9,10,1,0,0,1,2,0,0,0,0,0,0,0,0,0,0,0,0,0
l12,11=51,80,82,12,32,85,81,0,84,83,83,75,0,83,83,0,84,31,73,31,30,0,6,8,28,67,5,5,0,0,7,3,0,0,0,0,0,0,0,0,0,0,2,8,0
l13,11=71,80,88,43,84,86,81,0,81,85,82,77,81,0,65,0,82,17,73,40,46,28,5,45,5,37,20,2,0,0,5,9,0,0,0,0,0,0,0,0,0,0,0,6,0
l14,11=1,40,34,0,15,19,0,0,68,66,74,63,26,23,0,0,86,84,85,79,79,42,3,35,40,34,31,42,0,0,57,47,0,0,0,0,0,0,0,15,33,32,33,36,35
l15,11=25,40,41,25,31,56,61,0,70,83,85,72,80,81,85,0,0,66,85,78,75,29,16,38,39,31,25,31,0,0,60,50,0,0,0,0,0,0,0,14,10,40,14,29,13
l16,11=12,31,3,5,8,59,8,0,38,0,38,14,17,5,82,0,60,0,85,77,45,24,0,20,19,3,13,12,0,0,85,56,0,16,0,0,0,0,0,14,61,65,15,32,29
l17,11=8,16,1,15,2,7,51,0,70,50,79,66,45,51,87,0,86,84,0,80,78,42,1,42,42,32,27,32,0,0,59,41,0,0,0,0,0,0,2,0,0,8,17,32,40
l18,11=2,30,36,0,0,35,45,2,65,23,63,51,18,17,77,0,74,76,85,0,81,45,32,43,75,73,27,60,0,0,51,32,8,19,0,7,16,0,5,15,51,66,42,39,20
l19,11=0,0,9,0,0,0,17,0,18,31,73,49,24,22,87,0,85,89,85,81,0,45,0,33,79,71,42,41,0,0,54,43,0,4,0,0,0,0,0,15,45,56,13,34,35
l20,11=0,0,0,0,0,0,0,1,53,53,30,23,19,57,56,0,56,52,62,70,61,0,90,82,62,74,64,82,0,0,0,0,62,53,0,52,57,0,67,31,0,0,71,69,52
l21,11=0,0,0,0,0,0,0,0,0,0,63,47,66,60,62,0,62,0,61,77,0,88,0,81,79,75,74,81,0,0,0,0,0,68,0,15,0,3,40,0,30,7,33,35,46
l22,11=0,0,0,0,0,0,0,0,53,49,59,49,53,61,49,0,54,57,67,70,42,85,71,0,79,74,74,84,0,0,0,27,61,74,0,0,71,51,74,31,17,39,72,71,44
l23,11=0,0,17,0,0,0,0,0,51,53,47,11,38,6,49,0,57,59,70,77,71,66,57,81,0,77,78,78,0,0,38,0,55,36,0,59,33,0,50,36,37,0,72,78,73
l24,11=0,4,0,0,0,0,19,0,19,49,60,48,73,36,55,0,57,30,62,78,72,84,63,80,79,0,78,60,0,0,22,27,55,35,0,42,59,30,35,11,10,32,68,74,58
l25,11=0,0,0,0,0,0,0,1,42,44,46,35,26,16,66,0,47,45,57,68,65,65,58,80,79,77,0,78,0,0,1,24,68,34,0,33,58,42,20,14,27,41,80,78,73
l26,11=0,0,0,0,0,0,0,0,55,48,57,21,52,13,64,0,51,51,59,70,54,87,71,83,70,62,69,0,0,0,0,0,64,72,0,67,71,60,69,11,0,61,65,61,67
l27,11=5,12,10,19,1,43,0,0,3,3,4,0,2,0,11,0,58,89,28,61,27,0,0,0,7,1,0,0,0,0,0,79,3,2,0,14,11,18,0,44,74,51,0,1,7
l28,11=2,10,1,2,4,31,1,0,0,0,6,5,4,17,36,0,59,89,33,54,27,0,0,4,0,3,5,0,0,0,85,0,3,4,0,12,25,5,6,17,66,55,5,3,0
l29,11=0,0,0,0,0,0,0,0,0,0,0,0,0,0,0,0,0,0,0,55,0,66,0,62,63,61,68,67,0,0,56,52,0,83,0,86,81,86,82,78,68,76,26,34,20
l30,11=0,0,0,0,0,0,0,0,0,0,0,0,0,0,0,0,0,47,0,50,0,26,8,68,46,25,61,71,0,0,22,35,84,0,0,85,81,86,82,63,68,76,0,0,0
l31,11=0,0,0,0,0,0,0,0,0,0,0,0,0,0,0,0,0,0,0,49,0,15,3,0,62,39,34,66,0,0,58,37,85,86,0,0,86,94,78,72,56,71,0,19,0
l32,11=0,0,0,0,0,0,0,0,0,0,0,0,0,0,0,0,0,0,0,39,0,12,0,67,24,53,59,70,0,0,52,58,85,83,0,86,0,94,82,75,67,76,8,0,0
l33,11=0,0,0,0,0,0,0,0,0,0,0,0,0,0,0,0,0,0,0,0,0,0,0,17,0,7,23,66,0,0,68,2,84,87,0,86,86,0,81,79,66,77,0,0,0
l34,11=0,0,0,0,0,10,0,0,0,0,0,0,0,0,0,0,0,21,16,54,15,31,6,67,62,15,26,70,0,0,61,66,83,85,0,76,80,82,0,79,71,81,23,0,0
l35,11=0,0,0,0,0,0,0,0,0,0,0,0,0,0,15,0,37,51,0,67,28,21,0,15,24,19,29,3,0,0,72,46,84,46,0,52,63,82,82,0,75,85,0,0,0
l36,11=0,0,0,0,0,0,0,0,0,0,0,1,0,0,17,0,41,58,12,67,32,0,1,12,22,5,12,0,0,0,82,51,48,87,0,51,54,66,83,88,0,85,0,0,0
l37,11=0,0,0,0,0,2,0,0,0,0,0,0,0,0,17,0,37,64,17,67,29,0,0,18,0,7,28,45,0,0,45,43,79,80,0,52,73,74,83,88,71,0,0,0,0
l38,11=0,0,0,0,0,0,0,0,0,0,15,0,11,0,54,0,1,33,43,69,0,61,0,61,60,55,65,44,0,0,0,7,1,0,0,0,0,0,11,0,0,0,0,81,52
l39,11=0,0,0,0,0,0,0,0,10,0,5,0,27,5,58,0,58,61,63,70,58,64,0,61,73,59,73,54,0,0,18,10,26,0,0,0,0,0,0,0,0,0,84,0,79
l40,11=0,0,0,0,0,0,0,0,0,0,0,0,0,0,47,0,7,61,68,44,44,43,8,50,70,59,63,67,0,0,22,0,2,0,0,0,0,0,0,0,0,0,68,81,0
l41,11=0,0,1,0,0,0,0,0,27,41,31,47,0,17,54,0,59,65,75,81,64,68,6,68,68,69,72,62,0,0,9,36,0,0,0,22,0,0,0,0,0,39,84,83,70
l42,11=0,0,0,0,0,0,0,0,0,0,0,0,0,0,47,0,49,25,22,73,54,62,48,67,69,61,62,62,0,0,0,0,45,0,0,39,0,0,44,6,0,0,76,81,71
l43,11=0,0,0,0,0,0,0,0,0,0,0,0,0,0,26,0,30,3,0,54,46,57,0,78,48,60,76,75,0,0,0,0,0,44,0,0,21,0,47,0,0,0,84,78,76
l44,11=0,0,0,0,0,0,0,0,0,0,0,0,4,0,56,0,41,0,46,74,0,71,27,74,72,70,67,37,0,0,0,0,14,0,0,0,43,0,1,0,0,0,84,70,70

l0,12=0,86,87,91,93,84,94,2,84,86,77,83,81,75,52,0,52,7,0,4,0,0,0,0,0,0,0,0,0,0,0,0,0,0,0,0,0,0,0,0,0,0,0,0,0
l1,12=88,0,84,91,93,84,94,15,80,85,28,85,83,89,70,0,65,5,11,34,0,0,0,0,4,0,0,0,0,0,9,18,0,0,0,0,0,0,0,0,0,0,0,0,0
l2,12=88,83,0,88,89,83,46,0,84,77,85,85,80,89,17,0,11,17,27,63,19,2,0,0,8,12,2,0,0,0,6,27,0,0,0,0,0,0,0,0,0,0,0,0,0
l3,12=88,87,84,0,93,84,94,1,80,79,21,83,80,89,5,0,0,0,0,5,0,0,0,0,0,0,0,0,0,0,52,0,0,0,0,0,0,0,0,0,0,0,0,0,0
l4,12=88,84,84,91,0,84,94,6,76,60,20,85,24,89,0,0,24,12,0,2,0,0,0,0,0,0,0,0,0,0,3,0,0,0,0,0,0,0,0,0,0,0,0,0,0
l5,12=88,85,86,91,93,0,94,2,84,83,80,85,80,88,11,0,16,21,28,12,9,0,0,0,10,0,0,0,0,0,12,16,0,0,0,0,0,0,4,0,0,0,0,0,0
l6,12=88,87,84,91,93,84,0,9,83,67,85,87,82,89,1,0,67,70,59,59,11,0,0,0,13,0,0,0,0,0,29,0,0,0,0,0,0,0,0,0,0,0,0,0,0
l7,12=84,36,88,88,89,81,92,0,85,91,67,88,83,93,76,0,67,47,67,64,0,45,0,37,44,44,13,16,0,0,0,0,0,0,0,0,0,0,0,0,0,0,0,0,0
l8,12=84,85,85,88,88,81,94,2,0,85,85,85,78,83,76,0,66,55,73,25,13,0,3,30,31,36,20,27,0,0,0,0,0,0,0,0,0,0,0,0,0,0,0,3,0
l9,12=82,85,67,84,87,81,91,1,80,0,85,89,85,93,75,0,67,54,50,33,27,52,0,37,62,57,25,39,0,0,53,6,0,0,0,0,0,0,0,0,0,0,0,4,0
l10,12=52,21,46,32,68,82,92,4,50,55,0,87,85,89,83,0,77,66,69,44,48,29,10,62,56,54,7,27,0,0,2,41,0,0,0,0,0,0,0,0,0,4,27,11,0
l11,12=73,81,79,84,88,81,91,3,79,87,87,0,82,90,77,0,67,54,72,39,47,0,0,5,13,42,32,23,0,0,35,4,0,0,0,0,0,0,0,0,0,0,0,2,3
l12,12=84,84,83,65,78,80,91,2,50,87,87,86,0,91,77,0,73,58,72,62,73,12,19,21,70,75,5,2,0,0,9,9,0,0,0,0,0,0,0,0,0,0,0,10,0
l13,12=51,80,84,80,89,78,83,2,70,92,87,89,85,0,72,0,69,0,73,51,20,0,33,29,29,38,33,12,0,0,0,3,0,0,0,0,0,0,0,0,0,0,0,32,0
l14,12=35,22,5,7,0,24,12,1,46,44,73,85,77,80,0,0,79,77,78,46,92,40,0,34,70,60,41,36,0,0,65,72,0,0,0,0,0,0,1,0,4,42,74,54,23
l15,12=48,39,4,0,72,26,72,4,48,56,88,82,85,89,88,0,0,76,78,46,53,66,20,0,70,61,33,35,0,0,74,66,0,0,0,0,0,0,0,0,0,17,20,48,6
l16,12=1,0,1,0,29,31,37,4,30,0,44,45,69,0,89,0,70,0,64,47,55,2,0,33,45,36,1,5,0,0,83,80,0,1,0,0,0,0,0,5,53,79,8,54,16
l17,12=1,0,4,0,0,50,69,11,49,23,83,81,75,83,89,0,79,77,0,77,89,62,24,57,76,65,34,33,0,0,56,69,0,0,0,0,0,0,2,1,7,0,51,48,35
l18,12=17,29,32,20,23,47,61,1,33,20,63,70,66,64,81,0,72,78,78,0,92,75,59,64,77,82,42,43,0,0,57,50,41,17,0,22,1,0,21,36,41,68,62,56,40
l19,12=0,10,27,0,0,25,1,0,29,35,70,68,75,53,89,0,78,79,78,78,0,61,0,67,81,83,66,33,0,0,53,51,0,33,0,2,0,0,30,34,34,56,62,44,38
l20,12=0,0,0,0,0,0,0,11,45,56,49,24,31,1,56,0,56,26,59,74,61,0,86,77,77,82,56,80,0,0,0,0,55,64,0,56,55,6,50,43,23,24,63,60,57
l21,12=0,0,0,0,0,0,0,0,30,0,38,0,66,66,16,0,65,0,63,72,0,83,0,77,79,78,69,80,0,0,0,0,0,62,0,0,0,0,55,0,1,0,63,0,63
l22,12=0,0,0,0,0,0,0,4,50,39,63,38,55,53,57,0,5,56,65,62,72,82,62,0,81,81,71,80,0,0,21,0,60,72,0,51,68,43,61,68,26,57,65,72,28
l23,12=0,0,0,0,0,9,11,11,19,42,42,34,70,38,65,0,65,44,71,71,85,74,56,77,0,83,76,76,0,0,23,0,52,38,0,51,35,0,47,13,45,57,74,78,71
l24,12=0,0,0,0,0,0,2,5,31,50,54,45,66,50,55,0,62,45,67,72,83,77,49,77,81,0,76,73,0,0,39,39,50,45,0,22,45,19,42,26,55,12,73,72,77
l25,12=0,0,3,0,0,0,0,9,31,26,37,39,41,50,64,0,49,39,55,60,71,56,48,77,81,83,0,76,0,0,19,38,49,61,0,22,44,30,45,23,0,43,74,77,68
l26,12=0,0,0,0,0,0,0,9,60,55,54,50,51,50,56,0,57,47,58,61,53,78,66,77,72,72,65,0,0,0,0,0,59,66,0,64,67,39,60,46,43,61,60,57,63
l27,12=0,5,0,36,31,29,11,0,0,2,6,20,17,0,70,0,53,79,26,29,5,0,0,0,14,13,1,0,0,0,0,80,12,1,0,26,7,42,37,42,56,47,0,3,7
l28,12=0,7,3,0,16,16,0,0,0,0,10,9,13,6,76,0,57,79,53,10,3,0,0,0,0,7,2,0,0,0,84,0,5,1,0,6,55,0,45,36,52,78,11,1,0
l29,12=0,0,0,0,0,0,0,0,0,0,0,0,0,0,0,0,0,0,0,55,0,52,0,61,64,66,60,67,0,0,47,35,0,81,0,81,82,84,74,76,76,77,16,41,0
l30,12=0,0,0,0,0,0,0,0,0,0,0,0,0,0,0,0,0,29,0,44,15,66,34,65,60,47,63,66,0,0,40,0,74,0,0,79,78,80,74,76,80,78,29,13,22
l31,12=0,0,0,0,0,0,0,0,0,0,0,0,0,0,0,0,0,12,0,43,4,50,0,41,64,41,33,68,0,0,56,43,75,82,0,0,83,88,72,70,73,75,0,13,0
l32,12=0,0,0,0,0,0,0,0,0,0,0,0,0,0,0,0,0,0,0,0,0,52,0,43,43,52,55,68,0,0,44,48,75,76,0,81,0,88,74,70,74,75,0,0,0
l33,12=0,0,0,0,0,0,0,0,0,0,0,0,0,0,0,0,0,0,0,0,0,0,0,16,0,0,1,2,0,0,60,0,75,75,0,81,83,0,74,71,72,69,0,0,0
l34,12=0,0,0,0,0,23,0,0,0,0,0,0,0,0,19,0,0,24,7,29,14,45,46,40,52,55,36,67,0,0,58,69,74,81,0,76,82,84,0,77,82,81,37,14,0
l35,12=0,0,0,0,0,0,0,0,0,0,0,0,0,0,0,0,0,58,10,31,17,39,0,40,32,41,18,18,0,0,62,69,74,81,0,66,78,80,74,0,87,86,0,0,0
l36,12=0,0,0,0,0,0,0,0,0,0,0,0,10,0,59,0,19,70,19,32,18,8,0,15,51,50,0,4,0,0,78,67,66,81,0,34,54,49,74,83,0,86,0,0,0
l37,12=0,0,0,0,0,0,0,0,0,0,3,0,0,0,58,0,30,66,1,57,17,4,0,32,46,8,17,19,0,0,55,69,72,81,0,73,76,71,74,83,87,0,16,0,0
l38,12=0,0,0,0,0,0,0,0,0,0,16,0,0,0,61,0,29,2,43,33,32,67,6,62,73,73,65,6,0,0,0,10,0,4,0,0,0,0,1,0,0,0,0,83,76
l39,12=0,0,0,0,0,0,0,0,1,0,10,13,38,38,63,0,52,52,61,64,34,66,0,60,79,66,68,22,0,0,25,31,34,6,0,3,0,0,8,0,0,0,81,0,76
l40,12=0,0,0,0,0,0,0,0,0,0,0,10,0,0,59,0,0,51,57,62,60,51,30,48,70,77,65,70,0,0,25,0,0,1,0,0,0,0,0,0,0,0,78,80,0
l41,12=0,0,0,0,0,0,1,0,19,28,30,26,0,48,32,0,61,59,64,75,72,63,40,64,76,78,63,66,0,0,0,0,0,3,0,0,0,0,0,0,0,56,82,83,73
l42,12=0,0,0,0,0,0,0,0,0,0,0,0,41,0,4,0,41,0,0,65,71,66,40,72,75,73,66,69,0,0,0,0,41,35,0,0,0,0,34,0,0,0,75,80,78
l43,12=0,0,0,0,0,0,0,0,0,0,0,0,42,0,0,0,40,1,5,37,44,46,36,66,67,70,72,75,0,0,0,0,9,30,0,0,22,0,27,0,0,0,78,80,79
l44,12=0,0,0,0,0,0,0,0,0,0,28,0,0,0,50,0,52,0,0,63,66,72,6,64,77,76,64,28,0,0,0,0,43,0,0,0,23,0,19,0,7,0,80,77,70

l0,13=0,99,97,99,95,93,97,99,88,89,97,96,97,74,53,0,55,0,0,38,0,0,0,0,0,0,0,0,0,0,0,26,0,0,0,0,0,0,0,0,0,0,0,0,0
l1,13=99,0,80,99,95,93,97,94,93,91,88,94,98,91,31,0,30,78,0,65,0,0,0,0,0,0,0,0,0,0,0,15,0,0,0,0,0,0,0,0,0,0,0,0,0
l2,13=99,42,0,82,91,93,97,81,94,98,93,96,94,97,26,0,33,85,53,82,70,0,0,7,0,20,14,0,0,0,0,45,0,0,0,0,0,0,0,0,0,0,0,0,0
l3,13=99,99,96,0,95,93,97,93,94,79,88,96,96,85,48,0,22,62,0,50,0,0,0,0,0,0,0,0,0,0,25,70,0,0,0,0,0,0,0,0,1,0,0,0,0
l4,13=99,99,97,99,0,93,97,95,94,100,84,96,86,88,1,0,1,37,0,3,0,0,0,0,0,0,0,0,0,0,50,38,0,0,0,0,0,0,0,0,1,0,0,0,0
l5,13=99,99,97,99,95,0,97,96,94,99,95,93,98,98,32,0,33,45,36,49,0,0,0,0,0,0,0,0,0,0,46,33,0,0,0,0,0,0,2,14,3,0,0,0,0
l6,13=99,99,97,99,95,93,0,98,93,97,98,96,98,98,56,0,91,81,93,85,0,0,0,0,16,2,0,0,0,0,17,3,0,0,0,0,0,0,0,0,0,0,0,0,0
l7,13=99,99,93,99,93,92,97,0,94,94,93,96,98,98,95,0,91,0,94,86,0,16,8,52,56,69,64,0,0,0,11,25,0,0,0,0,0,0,0,0,0,0,0,33,0
l8,13=96,97,97,96,92,93,97,99,0,100,82,96,98,53,93,0,85,69,94,52,34,27,25,43,11,22,38,37,0,0,0,0,0,0,0,0,0,0,0,0,0,0,14,35,0
l9,13=91,90,94,44,92,89,92,90,93,0,96,97,98,98,92,0,91,78,94,81,60,62,0,44,49,41,37,44,0,0,35,25,0,0,0,0,0,0,0,0,0,0,0,33,0
l10,13=91,45,36,51,54,56,60,64,91,94,0,97,98,98,36,0,96,88,93,86,91,0,0,89,49,54,51,53,0,0,47,18,0,0,0,0,0,0,0,0,0,0,13,80,0
l11,13=90,89,93,75,88,87,93,96,93,100,95,0,98,98,93,0,86,75,94,83,44,78,0,41,41,0,52,57,0,0,48,57,0,0,0,0,0,0,0,0,0,0,0,44,0
l12,13=91,92,51,53,79,89,92,95,92,94,98,97,0,98,93,0,93,53,94,86,91,6,25,41,57,63,48,40,0,0,48,18,0,0,0,0,0,0,0,0,0,0,0,4,0
l13,13=91,92,93,69,88,89,93,94,89,100,98,97,98,0,93,0,92,70,94,61,51,10,37,57,35,51,42,29,0,0,13,27,0,0,0,0,0,0,0,0,0,0,0,84,0
l14,13=78,39,11,47,13,49,32,55,92,90,89,94,94,70,0,0,96,90,96,88,99,67,17,9,48,54,53,21,0,0,52,67,0,0,0,0,0,0,0,19,20,20,85,87,28
l15,13=82,60,53,12,13,49,76,94,88,94,98,95,98,97,95,0,0,89,96,88,95,78,66,81,77,86,35,55,0,0,88,71,0,0,0,0,0,0,0,0,0,13,0,0,17
l16,13=0,39,23,31,5,31,23,0,31,74,80,44,23,13,32,0,32,0,96,94,99,0,0,72,43,46,16,15,0,0,59,75,0,28,0,0,0,27,70,49,28,35,7,80,31
l17,13=0,2,2,0,0,49,50,59,87,87,89,90,96,69,95,0,96,95,0,94,99,80,66,83,51,54,48,55,0,0,52,70,0,0,0,0,0,0,0,51,22,2,85,82,32
l18,13=45,36,31,38,37,38,48,56,69,78,92,83,94,33,93,0,86,98,96,0,99,92,74,86,54,58,55,91,0,0,45,64,22,35,0,19,2,0,63,55,24,31,83,78,26
l19,13=0,0,22,0,0,0,10,0,33,77,90,64,95,51,95,0,96,98,96,94,0,75,59,93,92,93,57,47,0,0,79,56,0,0,0,0,0,0,54,48,25,21,80,78,28
l20,13=0,0,0,0,0,0,0,39,26,78,0,73,58,25,76,0,76,6,78,92,77,0,99,95,87,93,78,94,0,0,0,0,63,77,0,78,18,61,77,0,15,41,82,76,9
l21,13=0,0,0,0,0,0,0,53,77,7,0,0,89,89,61,0,86,0,90,83,88,96,0,94,91,89,87,93,0,0,0,0,76,49,0,0,0,0,79,0,0,0,80,79,87
l22,13=0,0,0,0,0,0,0,44,50,66,73,59,65,48,8,0,24,70,82,75,84,96,83,0,92,93,91,94,0,0,0,0,65,78,0,26,55,58,77,77,5,20,90,92,83
l23,13=0,0,0,0,0,0,19,37,4,70,62,49,80,46,78,0,80,57,89,88,97,87,93,95,0,93,91,91,0,0,0,31,71,39,0,41,13,26,77,37,15,75,92,94,87
l24,13=0,0,6,0,0,0,5,50,39,70,77,0,93,65,92,0,89,76,91,92,97,93,73,95,92,0,91,93,0,0,36,44,65,58,0,0,31,42,71,38,38,26,92,93,93
l25,13=0,0,4,0,0,0,0,35,46,52,63,66,64,44,88,0,17,35,72,90,83,57,75,94,92,93,0,46,0,0,28,0,73,43,0,39,17,54,57,37,0,29,92,94,92
l26,13=0,0,0,0,0,0,0,1,48,67,64,67,68,43,47,0,77,70,61,88,67,94,94,94,87,90,68,0,0,0,10,22,76,68,0,85,58,60,87,69,17,66,78,89,86
l27,13=0,0,0,0,49,45,17,2,0,53,70,42,26,1,30,0,30,98,84,77,86,0,0,0,0,31,24,1,0,0,0,92,28,45,0,29,23,49,77,55,29,29,0,0,5
l28,13=30,12,15,45,52,40,0,2,0,18,23,52,20,12,28,0,30,95,96,83,76,3,0,0,32,38,0,5,0,0,95,0,16,47,0,26,30,67,86,56,29,36,70,71,0
l29,13=0,0,0,0,0,0,0,0,0,0,0,0,0,0,0,0,0,0,0,22,0,59,45,48,74,72,73,75,0,0,73,37,0,92,0,93,94,94,93,88,87,41,49,63,0
l30,13=0,0,0,0,0,0,0,0,0,0,0,0,0,0,0,0,0,69,0,27,0,64,35,78,62,71,62,78,0,0,69,57,84,0,0,93,94,94,93,91,87,91,53,0,3
l31,13=0,0,0,0,0,0,0,0,0,0,0,0,0,0,0,0,0,0,0,31,0,66,0,51,58,0,75,79,0,0,51,55,84,92,0,0,94,94,93,79,80,91,0,0,0
l32,13=0,0,0,0,0,0,0,0,0,0,0,0,0,0,0,0,0,0,0,9,0,54,0,37,53,54,57,59,0,0,45,69,84,87,0,93,0,94,93,90,74,92,0,0,0
l33,13=0,0,0,0,0,0,0,0,0,0,0,0,0,0,0,0,0,58,0,0,0,44,0,33,26,0,57,52,0,0,40,62,84,84,0,93,94,0,93,85,82,67,0,0,0
l34,13=0,0,0,0,0,4,0,0,0,0,0,0,0,0,0,0,0,71,0,42,36,61,40,72,83,40,38,55,0,0,35,29,84,92,0,93,94,94,0,91,91,96,0,3,18
l35,13=0,0,0,0,0,32,0,0,0,0,0,0,0,0,16,0,0,82,58,76,65,28,0,80,41,10,36,32,0,0,57,27,74,92,0,62,94,94,93,0,91,96,0,56,0
l36,13=0,0,0,0,28,7,0,0,0,0,1,0,0,0,20,0,0,91,59,76,80,12,0,3,39,41,0,23,0,0,62,31,55,71,0,55,32,86,93,91,0,96,0,0,0
l37,13=0,0,0,0,0,0,0,0,0,0,0,0,0,0,17,0,23,91,47,75,57,55,0,58,71,38,38,25,0,0,57,84,46,91,0,93,93,57,93,91,91,0,0,40,0
l38,13=0,0,0,0,0,0,0,0,0,0,0,0,0,0,46,0,0,12,73,73,64,77,1,84,89,84,90,81,0,0,0,24,0,0,0,0,0,0,0,0,0,0,0,96,94
l39,13=0,0,0,0,0,0,0,12,22,10,61,46,12,54,76,0,0,71,78,70,65,48,2,79,87,81,85,85,0,0,0,40,49,0,0,0,0,0,0,32,0,3,93,0,94
l40,13=0,0,0,0,0,0,0,0,0,0,0,0,0,0,67,0,17,73,70,67,69,0,64,79,81,83,87,85,0,0,0,0,0,0,0,0,0,0,19,0,0,0,92,94,0
l41,13=0,0,0,0,0,0,0,0,0,0,75,0,73,53,19,0,52,87,85,90,91,74,62,84,92,88,84,84,0,0,32,0,0,0,0,0,0,0,2,0,13,22,93,96,85
l42,13=0,0,0,0,0,0,0,0,0,0,0,0,0,0,68,0,35,56,0,90,79,75,53,90,86,89,88,70,0,0,0,0,42,4,0,0,14,0,25,0,0,0,90,91,88
l43,13=0,0,0,0,0,0,0,0,0,0,0,0,26,0,59,0,53,0,0,78,0,71,53,87,51,83,85,89,0,0,0,0,44,39,0,13,0,0,0,0,0,0,92,94,83
l44,13=0,0,0,0,0,0,0,0,0,0,32,0,5,0,74,0,14,0,3,1,80,83,0,86,89,87,52,78,0,0,0,0,0,18,0,0,0,0,0,31,0,26,92,94,91

l0,14=0,100,100,100,100,100,100,100,100,100,98,100,100,99,96,0,97,63,0,0,0,0,0,0,0,0,0,0,0,0,22,0,0,0,0,0,0,0,0,0,0,0,0,0,0
l1,14=100,0,100,100,100,100,100,100,100,100,97,100,100,99,85,0,92,96,87,85,0,0,0,0,0,0,0,0,0,0,51,49,0,0,0,0,0,0,0,0,0,0,0,0,0
l2,14=100,100,0,100,100,100,100,100,100,100,100,100,100,99,100,0,92,98,97,100,0,0,0,0,0,46,0,0,0,0,7,0,0,0,0,0,0,0,0,0,0,0,0,0,0
l3,14=100,100,100,0,100,100,100,100,100,82,62,57,93,94,66,0,18,96,94,2,0,0,0,0,0,0,0,0,0,0,58,50,0,0,0,0,0,0,0,0,0,0,0,0,0
l4,14=100,100,100,100,0,100,100,96,100,100,62,98,98,99,87,0,90,86,85,0,0,0,0,0,0,0,0,0,0,0,56,54,0,0,0,0,0,0,0,0,4,0,0,0,0
l5,14=100,100,100,100,100,0,100,100,100,100,100,100,98,99,100,0,92,83,82,83,43,0,0,0,0,0,0,0,0,0,59,58,0,0,0,0,0,0,0,11,44,10,0,0,0
l6,14=100,100,100,100,100,100,0,100,100,100,100,100,100,99,45,0,99,96,99,100,0,0,0,0,0,0,0,0,0,0,47,25,0,0,0,0,0,0,0,0,0,0,0,1,0
l7,14=100,100,100,100,100,100,100,0,100,100,100,100,100,99,100,0,99,0,99,99,99,0,0,97,89,98,97,0,0,0,0,3,0,0,0,0,0,0,0,0,0,0,0,52,0
l8,14=100,100,100,100,100,100,100,100,0,100,100,100,100,99,100,0,99,97,99,94,0,54,0,98,90,93,100,99,0,0,20,0,0,0,0,0,0,0,0,0,0,0,0,79,0
l9,14=100,100,100,43,100,100,100,100,100,0,100,100,100,99,100,0,99,99,79,100,33,47,0,87,97,91,86,98,0,0,49,5,0,0,0,0,0,0,0,0,0,0,0,0,0
l10,14=98,99,78,60,61,100,100,100,100,100,0,100,100,99,88,0,99,96,99,99,69,0,0,98,99,99,99,66,0,0,51,49,0,0,0,0,0,0,0,0,50,0,49,80,0
l11,14=100,100,100,61,100,100,100,100,100,100,100,0,100,99,100,0,99,91,99,100,70,51,0,81,89,88,93,92,0,0,0,47,0,0,0,0,0,0,0,0,0,0,0,15,72
l12,14=97,100,94,52,93,80,100,100,100,100,100,100,0,99,100,0,99,88,99,99,70,46,46,81,100,100,84,40,0,0,38,49,0,0,0,0,0,0,0,0,0,0,45,89,0
l13,14=99,100,100,52,100,100,100,100,100,100,100,100,100,0,100,0,99,84,99,99,64,4,0,0,99,99,78,44,0,0,0,26,0,0,0,0,0,0,0,0,0,0,0,91,21
l14,14=56,63,59,16,45,88,53,94,100,67,30,56,97,88,0,0,99,98,99,99,99,18,0,91,94,97,94,87,0,0,52,53,0,79,0,0,0,0,0,81,38,39,60,95,86
l15,14=91,95,61,39,47,86,99,99,100,83,62,61,100,99,100,0,0,87,99,99,71,59,0,94,90,98,94,98,0,0,59,55,0,1,0,0,0,0,0,9,20,0,48,90,92
l16,14=0,67,51,41,35,76,81,0,64,34,26,18,80,83,100,0,50,0,99,100,71,0,0,53,94,78,87,59,0,0,62,58,62,0,0,0,0,0,51,97,60,51,32,95,79
l17,14=0,79,58,51,56,73,97,96,100,45,100,100,100,99,100,0,99,100,0,100,100,0,50,98,99,99,93,91,0,0,54,95,0,39,0,0,0,0,49,0,52,44,66,94,95
l18,14=0,91,73,0,0,83,86,83,93,77,60,59,97,83,100,0,98,100,99,0,100,62,57,97,100,99,100,99,0,0,54,56,36,1,0,16,0,0,87,82,60,61,74,98,99
l19,14=0,0,0,0,0,73,0,91,1,22,60,60,98,87,100,0,99,100,99,100,0,59,2,99,100,100,100,89,0,0,59,57,0,0,0,0,0,0,0,92,60,48,54,96,92
l20,14=0,0,0,0,0,0,3,0,88,63,0,81,85,38,81,0,96,0,0,99,91,0,100,100,99,100,85,100,0,0,0,0,77,87,0,88,84,71,98,85,0,86,98,96,87
l21,14=0,0,0,0,0,0,0,14,0,0,0,0,99,0,29,0,0,0,97,99,29,100,0,97,99,98,99,100,0,0,0,0,96,0,0,0,0,0,83,0,0,0,85,73,94
l22,14=0,0,0,0,0,0,0,89,99,67,96,76,87,0,98,0,96,94,97,99,98,99,97,0,100,100,100,100,0,0,0,70,92,91,0,2,97,89,98,93,88,0,98,98,99
l23,14=0,0,0,0,0,0,0,66,82,76,92,80,92,92,93,0,79,92,94,98,96,93,91,100,0,100,100,91,0,0,60,78,91,92,0,90,76,88,91,65,81,92,95,83,96
l24,14=0,0,1,0,0,0,0,85,85,73,95,47,100,93,96,0,94,92,98,99,99,99,58,99,100,0,100,100,0,0,46,49,91,93,0,71,52,0,84,87,57,64,99,99,95
l25,14=0,0,0,0,0,0,0,78,96,66,92,90,87,66,95,0,90,92,90,99,95,53,92,97,100,100,0,93,0,0,40,1,91,91,0,90,87,91,85,81,44,77,95,98,95
l26,14=0,0,0,0,0,0,0,0,93,89,62,91,71,84,91,0,96,88,92,99,83,100,97,100,99,98,99,0,0,0,32,0,97,97,0,90,96,90,97,90,25,93,93,91,96
l27,14=26,89,31,51,57,94,84,0,42,44,34,0,62,2,99,0,98,100,92,94,68,0,0,0,72,84,29,50,0,0,0,98,92,97,0,38,32,37,94,95,85,64,0,96,0
l28,14=0,50,0,39,49,96,6,35,0,0,24,9,90,58,74,0,64,100,99,100,69,0,0,43,91,63,0,0,0,0,97,0,72,61,0,49,42,23,70,83,59,64,25,19,0
l29,14=0,0,0,0,0,0,0,0,0,0,0,0,0,0,0,0,0,44,0,47,0,42,70,79,99,92,99,100,0,0,96,84,0,100,0,98,99,100,100,100,100,100,0,92,0
l30,14=0,0,0,0,0,0,0,0,0,0,0,0,0,0,51,0,1,0,36,0,0,91,0,90,99,97,99,99,0,0,96,93,100,0,0,98,99,99,100,100,100,100,0,32,47
l31,14=0,0,0,0,0,0,0,0,0,0,0,0,0,0,0,0,0,0,0,44,0,75,0,6,81,45,82,79,0,0,60,77,100,100,0,0,99,100,100,93,100,100,61,0,0
l32,14=0,0,0,0,0,0,0,0,0,0,0,0,0,0,0,0,0,0,0,0,0,71,0,69,55,46,76,87,0,0,61,76,100,100,0,98,0,100,100,100,81,100,0,0,0
l33,14=0,0,0,0,0,0,0,0,0,0,0,0,0,0,0,0,0,0,0,0,0,19,0,53,86,0,89,88,0,0,56,75,100,89,0,98,99,0,94,93,89,88,0,0,0
l34,14=0,0,0,0,0,0,0,0,0,0,0,0,0,0,0,0,0,24,33,93,0,92,3,88,92,49,94,98,0,0,91,14,100,100,0,98,99,100,0,100,100,100,0,0,0
l35,14=0,0,0,0,0,59,0,0,0,0,0,0,0,0,66,0,7,63,0,93,92,55,0,85,88,93,94,98,0,0,93,52,100,98,0,59,99,96,100,0,100,100,0,62,0
l36,14=0,0,0,0,34,66,0,0,0,0,12,0,0,0,70,0,8,63,84,94,67,0,0,85,90,95,87,20,0,0,94,54,93,97,0,96,43,96,100,100,0,100,0,0,0
l37,14=0,0,0,0,0,54,0,0,0,0,0,0,0,0,65,0,0,64,76,98,50,51,0,0,92,94,85,95,0,0,97,98,100,100,0,98,98,55,100,100,100,0,0,0,0
l38,14=0,0,0,0,0,0,0,0,0,0,1,0,41,0,87,0,74,28,74,93,7,83,0,84,94,93,93,80,0,0,0,0,0,0,0,55,0,0,0,0,0,0,0,98,99
l39,14=0,0,0,0,0,0,0,42,68,0,31,1,78,79,88,0,78,83,74,93,61,76,33,83,88,89,93,80,0,0,43,3,79,0,0,0,0,0,0,24,0,0,98,0,93
l40,14=0,0,0,0,0,0,0,0,0,0,0,7,0,2,86,0,86,84,89,91,82,78,50,88,92,90,90,87,0,0,0,0,0,62,0,0,0,0,0,0,0,0,95,89,0
l41,14=0,0,0,0,0,0,53,0,0,11,86,0,82,72,90,0,82,97,91,94,98,50,0,92,99,95,95,96,0,0,77,7,0,0,0,6,0,0,0,61,59,74,98,99,63
l42,14=0,0,0,0,0,0,0,0,0,0,0,0,17,0,91,0,0,0,70,94,68,92,78,91,96,93,93,87,0,0,0,0,78,70,0,0,43,0,0,0,0,0,94,93,94
l43,14=0,0,0,0,0,0,0,0,0,0,0,0,0,0,16,0,1,72,0,86,76,84,75,89,90,93,93,91,0,0,0,0,66,81,0,66,10,0,63,31,0,0,95,93,93
l44,14=0,0,0,0,0,0,0,0,0,0,0,0,24,0,89,0,86,0,8,90,92,92,34,90,94,92,93,85,0,0,0,0,35,2,0,0,0,0,3,0,0,67,95,95,94

l0,15=0,100,100,100,100,100,100,100,100,100,100,100,100,100,0,0,72,85,63,97,0,0,0,0,0,0,0,0,0,0,85,10,0,0,0,0,0,0,0,0,0,0,0,0,0
l1,15=100,0,100,100,100,100,100,100,100,100,100,100,100,100,87,0,100,88,99,91,1,0,0,0,0,0,0,0,0,0,88,9,0,0,0,0,0,0,0,0,0,0,0,0,0
l2,15=100,100,0,100,100,100,100,100,100,100,78,100,100,100,96,0,68,57,62,100,0,0,0,0,0,32,0,0,0,0,53,0,0,0,0,0,0,0,0,0,0,0,0,0,0
l3,15=100,100,100,0,100,100,100,99,100,100,100,100,100,94,95,0,46,57,62,0,0,0,0,0,0,0,0,0,0,0,79,58,0,0,0,0,0,0,0,0,0,0,0,0,0
l4,15=100,100,100,100,0,100,100,99,100,100,99,68,0,100,1,0,68,47,57,86,0,0,0,0,0,0,0,0,0,0,82,0,0,0,0,0,0,0,0,0,0,0,0,0,0
l5,15=100,100,100,100,100,0,100,100,96,100,100,100,100,100,95,0,68,53,59,24,87,0,0,0,0,0,0,0,0,0,75,60,0,0,0,0,0,0,0,0,88,0,0,0,0
l6,15=100,100,100,100,100,100,0,100,100,100,100,100,100,100,96,0,100,3,95,100,0,0,0,0,0,0,0,0,0,0,81,0,0,0,0,0,0,0,0,0,0,0,0,0,0
l7,15=100,100,100,100,100,100,100,0,100,100,100,100,100,100,96,0,100,99,99,100,99,98,0,96,0,99,99,99,0,0,0,0,0,0,0,0,0,0,0,0,0,0,0,0,0
l8,15=100,100,100,100,100,100,100,100,0,100,100,100,100,100,96,0,100,53,99,100,94,85,0,91,81,42,97,96,0,0,0,55,0,0,0,0,0,0,0,0,0,0,0,0,0
l9,15=100,100,100,100,99,100,100,100,100,0,100,100,100,100,96,0,100,58,99,100,84,91,0,97,0,62,88,100,0,0,70,0,0,0,0,0,0,0,0,0,0,0,0,53,0
l10,15=61,98,91,98,96,100,100,94,100,100,0,100,100,100,94,0,67,57,99,99,94,0,0,95,63,63,97,93,0,0,73,29,0,0,0,0,0,0,0,0,86,0,57,60,93
l11,15=100,100,100,99,98,100,100,100,100,100,100,0,100,100,96,0,100,56,99,100,99,95,0,0,97,60,92,88,0,0,81,58,0,0,0,0,0,0,0,0,0,0,8,0,0
l12,15=100,100,88,90,12,100,100,100,100,100,100,100,0,100,81,0,100,53,99,92,92,81,86,83,100,98,87,0,0,0,67,0,0,0,0,0,0,0,0,0,0,0,0,53,0
l13,15=100,100,95,95,100,100,100,100,100,100,100,100,100,0,94,0,100,65,95,99,82,83,43,83,55,63,0,98,0,0,75,8,0,0,0,0,0,0,0,0,0,0,1,0,0
l14,15=0,71,87,86,78,83,55,55,95,94,89,95,92,95,0,0,100,58,99,100,99,7,0,89,59,62,99,90,0,0,77,60,0,86,0,0,0,0,0,6,86,58,56,65,94
l15,15=54,98,89,74,99,88,63,60,96,99,90,100,100,100,96,0,0,57,99,100,99,88,93,96,64,62,99,95,0,0,81,60,0,79,0,0,0,0,0,78,0,57,54,63,96
l16,15=46,81,88,92,88,71,0,57,68,83,98,93,64,62,96,0,68,0,99,100,99,77,0,85,64,57,99,89,0,0,99,100,61,91,0,77,0,0,33,81,100,69,54,62,89
l17,15=44,88,78,83,84,79,58,84,100,94,100,100,100,96,96,0,100,100,0,100,99,86,87,89,100,100,92,87,0,0,77,91,0,7,0,0,0,0,0,0,91,39,99,64,91
l18,15=40,78,82,0,86,59,55,59,95,99,98,99,98,99,96,0,68,100,99,0,99,98,99,96,97,62,100,99,0,0,81,60,48,90,0,76,0,0,70,79,98,67,60,70,98
l19,15=0,0,0,0,0,80,56,56,84,71,99,100,98,93,96,0,100,100,99,100,0,98,79,96,100,100,100,92,0,0,81,60,0,0,0,0,0,0,68,95,98,68,60,65,98
l20,15=0,0,0,0,0,0,0,87,80,66,0,89,91,88,11,0,95,75,91,100,94,0,100,96,95,99,98,100,0,0,0,0,94,97,0,83,95,83,90,76,0,69,93,91,89
l21,15=0,0,0,0,0,0,0,18,0,0,0,0,93,69,0,0,93,0,91,100,70,99,0,96,99,99,97,100,0,0,0,0,93,0,0,0,71,0,27,0,0,2,91,88,87
l22,15=0,0,0,0,0,0,0,53,82,82,90,0,93,69,92,0,95,52,92,100,96,98,95,0,100,99,99,100,0,0,0,0,95,97,0,71,95,51,91,94,93,64,97,87,89
l23,15=0,0,0,0,0,0,0,0,78,0,91,92,97,88,94,0,97,93,96,97,95,94,96,96,0,100,100,97,0,0,85,77,98,96,0,94,40,74,92,79,70,76,99,100,98
l24,15=0,0,0,0,0,0,0,92,79,86,95,98,97,97,96,0,98,92,98,97,99,98,96,98,100,0,100,99,0,0,76,8,89,96,0,96,95,0,35,1,94,97,99,100,97
l25,15=0,0,0,0,0,0,0,61,86,55,89,71,92,2,96,0,95,91,91,100,99,93,93,96,100,100,0,99,0,0,0,0,94,93,0,72,93,80,54,91,73,50,99,100,89
l26,15=0,0,0,0,0,0,0,86,86,82,87,78,0,94,92,0,94,89,91,95,76,98,99,96,99,99,98,0,0,0,0,0,99,96,0,81,91,87,89,80,87,85,96,93,98
l27,15=51,44,23,53,96,1,0,0,0,90,82,98,63,62,94,0,66,100,51,86,82,0,0,0,61,62,1,0,0,0,0,100,62,96,0,96,59,27,71,100,100,69,0,64,0
l28,15=21,0,0,93,0,88,0,2,86,0,72,98,0,36,96,0,68,100,61,63,73,0,0,0,60,2,0,0,0,0,99,0,63,98,0,99,59,22,37,86,100,69,60,52,0
l29,15=0,0,0,0,0,0,0,0,0,0,0,0,0,0,0,0,0,82,0,34,0,99,84,98,100,93,100,100,0,0,67,100,0,100,0,99,100,100,100,100,100,100,30,71,0
l30,15=0,0,0,0,0,0,0,0,0,0,0,0,0,0,68,0,54,77,39,44,0,98,0,95,97,92,95,99,0,0,81,92,100,0,0,99,100,100,100,100,100,100,0,30,72
l31,15=0,0,0,0,0,0,0,0,0,0,0,0,0,0,0,0,0,55,0,78,0,64,0,84,88,85,89,55,0,0,57,88,100,100,0,0,100,100,100,100,100,100,80,0,0
l32,15=0,0,0,0,0,0,0,0,0,0,0,0,0,0,0,0,0,0,0,0,0,73,36,90,74,86,94,57,0,0,56,89,100,100,0,99,0,100,100,100,99,100,0,0,0
l33,15=0,0,0,0,0,0,0,0,0,0,0,0,0,0,0,0,0,0,0,0,0,64,0,86,87,0,89,68,0,0,50,71,100,98,0,99,100,0,92,91,94,86,0,0,0
l34,15=0,0,0,0,0,0,0,0,0,0,0,0,0,0,0,0,0,74,0,53,53,99,0,92,94,51,91,97,0,0,96,100,100,100,0,99,100,100,0,100,100,100,62,19,17
l35,15=0,0,0,0,0,0,0,0,0,0,0,0,0,0,57,0,60,84,0,52,56,85,0,92,58,1,94,89,0,0,97,100,100,100,0,99,100,100,100,0,100,100,0,6,0
l36,15=0,0,0,0,0,74,0,0,0,0,82,0,0,0,72,0,0,85,49,53,64,0,0,88,51,97,87,93,0,0,97,100,99,97,0,96,98,64,100,100,0,100,0,2,0
l37,15=0,0,0,0,0,10,0,0,0,0,0,0,0,0,70,0,61,86,42,50,64,87,0,86,54,97,86,89,0,0,97,100,100,100,0,99,100,64,100,100,100,0,0,0,3
l38,15=0,0,0,0,0,0,0,0,0,0,54,0,4,0,83,0,42,39,90,92,69,75,64,81,96,96,93,89,0,0,0,29,11,0,0,62,0,0,40,0,0,0,0,100,96
l39,15=0,0,0,0,0,0,0,0,0,1,52,0,66,0,81,0,76,63,75,91,84,76,68,70,99,96,98,80,0,0,67,18,31,0,0,0,0,0,0,0,0,0,100,0,98
l40,15=0,0,0,0,0,0,0,0,0,0,66,0,0,0,88,0,88,65,71,85,84,85,35,67,98,96,88,97,0,0,0,0,0,41,0,0,0,0,0,0,0,0,99,100,0
l41,15=0,0,0,0,0,0,0,40,0,0,80,0,83,87,96,0,91,98,98,96,99,76,0,90,99,99,99,96,0,0,71,0,6,10,0,14,0,0,29,0,64,0,99,100,98
l42,15=0,0,0,0,0,0,0,0,0,0,0,0,63,0,73,0,23,61,56,91,7,86,74,88,99,99,85,83,0,0,0,0,0,72,0,39,0,0,3,0,0,0,99,100,98
l43,15=0,0,0,0,0,0,0,0,0,0,0,0,0,0,72,0,31,60,0,72,64,63,73,91,93,95,97,93,0,0,0,0,65,71,0,61,0,0,22,4,0,0,96,98,92
l44,15=0,0,0,0,0,0,0,0,0,0,0,0,58,0,73,0,59,0,4,90,60,90,65,53,99,91,97,91,0,0,0,0,57,0,0,7,5,0,0,0,16,28,99,85,98

