l0,0=0,95,94,94,93,97,93,94,91,91,85,95,93,94,84,0,90,0,68,75,0,0,0,0,0,0,0,0,0,0,82,74,0,0,0,0,0,0,0,0,0,0,0,0,0
l1,0=93,0,94,94,90,97,94,98,95,85,50,95,50,94,50,0,56,43,57,0,0,0,0,0,0,0,0,0,0,0,0,69,0,0,0,0,0,0,0,0,14,0,0,0,0
l2,0=93,95,0,90,91,97,94,100,95,92,85,95,94,95,0,0,94,63,29,83,81,0,0,0,0,23,67,0,0,0,79,68,0,0,0,0,0,0,0,0,0,0,0,0,0
l3,0=93,95,94,0,94,97,93,92,94,91,74,95,89,90,79,0,93,71,0,51,0,0,0,0,0,0,0,0,0,0,86,72,0,0,0,0,0,0,0,0,72,0,0,0,0
l4,0=93,93,89,94,0,97,93,61,93,90,54,31,64,90,82,0,59,0,0,0,0,0,0,0,0,0,0,0,0,0,80,75,0,0,0,0,0,0,0,0,0,0,0,0,0
l5,0=93,95,94,93,94,0,94,100,94,89,51,68,93,90,77,0,58,35,53,0,80,0,0,0,0,0,0,0,0,0,86,0,0,0,0,0,0,0,0,0,49,60,0,0,0
l6,0=74,95,94,94,93,97,0,100,95,94,72,61,94,94,89,0,62,48,56,83,78,0,0,0,0,0,0,0,0,0,82,63,0,0,0,0,0,0,0,0,0,0,0,0,0
l7,0=93,95,94,91,94,97,94,0,95,95,85,95,94,95,96,0,94,1,88,90,81,15,77,77,75,81,78,0,0,0,69,0,0,0,0,0,0,0,0,0,0,0,0,33,0
l8,0=93,95,94,94,94,97,94,100,0,95,85,95,94,95,90,0,63,48,79,87,76,0,83,46,20,27,79,58,0,0,0,0,0,0,0,0,0,0,0,0,0,0,0,24,0
l9,0=93,13,94,87,93,97,94,98,95,0,85,95,94,95,91,0,94,17,54,0,56,67,0,47,23,28,35,25,0,0,0,24,0,0,0,0,0,0,0,0,0,0,0,0,0
l10,0=56,36,43,11,84,67,56,57,90,92,0,57,94,81,65,0,94,47,86,84,87,19,72,45,25,54,79,63,0,0,48,34,0,0,0,0,0,0,0,0,0,0,69,0,0
l11,0=93,95,94,89,71,97,94,94,95,95,83,0,94,95,89,0,94,43,29,83,90,52,28,0,24,3,66,70,0,0,21,13,0,0,0,0,0,0,0,0,0,0,65,21,0
l12,0=93,56,94,82,80,97,94,92,92,92,85,95,0,95,89,0,94,49,82,84,93,0,0,35,20,25,84,80,0,0,0,59,0,0,0,0,0,0,0,0,0,0,0,14,35
l13,0=74,95,94,79,91,80,94,97,95,95,41,95,94,0,89,0,94,49,85,78,84,62,23,42,0,31,0,20,0,0,22,7,0,0,0,0,0,0,0,0,0,0,21,15,0
l14,0=25,3,0,47,60,10,0,18,82,81,4,22,66,93,0,0,93,59,93,91,99,0,52,43,21,31,68,71,0,0,80,20,0,58,0,0,0,0,0,0,36,44,85,25,21
l15,0=30,21,16,65,70,47,27,95,81,80,85,95,64,95,97,0,0,20,93,75,94,78,65,59,23,88,77,88,0,0,75,31,16,0,0,0,0,0,1,0,24,0,71,31,28
l16,0=0,10,9,15,5,27,3,0,77,57,23,30,42,71,93,0,43,0,61,92,89,0,0,21,28,23,69,0,0,0,93,85,46,3,0,0,0,9,40,19,54,87,78,42,0
l17,0=23,3,4,0,6,12,0,17,78,64,52,3,33,91,97,0,94,84,0,92,97,68,3,33,30,26,73,64,0,0,51,17,0,0,0,0,0,0,0,0,35,47,75,37,20
l18,0=31,0,18,0,0,0,23,23,76,0,49,26,50,34,97,0,48,83,58,0,99,89,74,53,58,92,94,80,0,0,58,4,35,0,0,19,0,0,30,25,56,70,85,39,41
l19,0=0,0,19,0,0,43,22,19,67,54,47,49,84,43,97,0,92,82,92,92,0,36,20,37,57,92,94,27,0,0,91,84,0,11,0,0,0,0,0,3,93,66,74,91,72
l20,0=0,0,0,0,0,0,0,5,0,57,51,54,0,54,0,0,86,0,73,91,72,0,99,95,91,92,94,96,0,0,0,0,69,73,0,80,77,58,75,63,0,64,88,75,84
l21,0=0,0,0,0,0,0,0,74,91,0,82,0,0,0,73,0,91,0,0,91,84,93,0,95,92,81,94,98,0,0,0,0,58,91,0,0,13,0,83,0,0,0,91,49,90
l22,0=0,0,0,0,0,0,0,50,61,52,61,0,35,62,83,0,84,51,64,91,62,92,71,0,92,71,95,96,0,0,0,35,74,82,0,72,79,71,83,62,63,61,86,91,76
l23,0=0,0,0,0,0,0,0,20,37,46,28,43,19,0,42,0,55,68,80,81,78,86,87,95,0,93,95,89,0,0,0,47,70,57,0,50,7,0,55,31,79,85,90,91,88
l24,0=0,0,7,0,0,0,0,43,55,50,68,6,37,68,88,0,84,42,45,89,79,92,52,43,92,0,95,64,0,0,2,47,4,82,0,64,19,0,51,63,56,16,93,91,88
l25,0=0,0,14,0,0,0,0,39,66,4,65,43,78,0,80,0,80,48,75,84,76,86,86,97,92,93,0,88,0,0,41,0,80,67,0,0,54,36,78,62,0,78,93,91,84
l26,0=0,0,0,0,0,0,0,0,56,30,63,77,79,35,84,0,90,0,72,88,53,92,98,95,91,76,94,0,0,0,45,0,65,89,0,92,76,67,93,75,46,65,88,80,93
l27,0=32,0,18,28,45,55,26,19,0,0,23,20,0,26,84,0,39,84,52,75,78,0,0,0,0,0,24,20,0,0,0,85,58,91,0,39,8,30,53,90,87,94,56,0,33
l28,0=45,24,19,21,52,0,21,0,0,58,21,14,23,12,47,0,32,84,47,11,74,0,0,33,26,21,0,0,0,0,93,0,79,90,0,37,26,32,35,86,94,96,0,35,34
l29,0=0,0,0,0,0,0,0,0,0,0,0,0,0,0,0,0,33,36,0,60,0,44,30,95,77,0,94,41,0,0,71,84,0,96,0,97,97,100,95,98,94,96,0,0,32
l30,0=0,0,0,0,0,0,0,0,0,0,0,0,0,0,9,0,0,0,0,0,0,25,26,88,23,72,30,57,0,0,93,85,99,0,0,97,97,100,95,98,94,96,64,0,0
l31,0=0,0,0,0,0,0,0,0,0,0,0,0,0,0,0,0,0,4,0,40,0,51,0,64,21,24,0,95,0,0,67,46,99,96,0,0,97,100,95,98,94,96,0,0,12
l32,0=0,0,0,0,0,0,0,0,0,0,0,0,0,0,0,0,0,0,0,0,0,69,36,93,15,27,71,76,0,0,31,55,99,96,0,97,0,100,95,98,90,90,3,0,0
l33,0=0,0,0,0,0,0,0,0,0,0,0,0,0,0,0,0,0,31,0,0,0,31,0,57,0,0,55,70,0,0,48,30,99,96,0,97,97,0,89,91,86,24,0,0,0
l34,0=0,0,0,0,0,0,0,0,0,0,0,0,0,0,0,0,7,49,0,66,0,77,70,88,46,53,80,96,0,0,93,81,99,96,0,97,97,100,0,98,94,96,50,6,0
l35,0=0,0,0,0,0,0,0,0,0,0,0,0,0,0,0,0,0,27,0,73,3,26,8,51,26,43,31,34,0,0,93,85,99,96,0,97,97,100,95,0,94,96,0,0,0
l36,0=0,0,0,0,0,47,0,0,0,0,0,0,0,0,44,0,36,30,42,82,63,0,0,41,28,20,0,4,0,0,87,85,70,96,0,44,32,56,86,98,0,95,0,6,0
l37,0=0,0,0,0,0,43,0,0,0,0,0,0,0,0,42,0,19,33,42,79,47,25,0,40,82,13,35,31,0,0,93,85,97,96,0,97,54,26,95,98,94,0,61,0,0
l38,0=0,0,0,0,0,0,0,0,0,0,47,35,0,0,86,0,65,59,70,75,62,76,65,81,84,91,92,77,0,0,9,0,0,56,0,0,0,0,27,0,0,33,0,91,88
l39,0=0,0,0,0,0,0,0,4,28,0,1,9,2,18,62,0,38,41,41,43,76,59,44,84,92,91,94,71,0,0,0,10,0,28,0,0,0,0,1,0,8,0,93,0,90
l40,0=0,0,0,0,0,0,0,0,0,0,0,0,24,0,61,0,52,0,39,73,68,71,66,76,90,86,89,82,0,0,31,23,26,5,0,0,0,0,0,0,0,0,93,91,0
l41,0=0,0,0,0,0,0,0,0,0,44,23,4,2,52,96,0,63,79,91,91,98,68,60,95,91,92,94,74,0,0,34,16,0,56,0,0,0,0,0,8,38,19,93,91,94
l42,0=0,0,0,0,0,0,0,0,0,0,0,0,0,0,73,0,59,51,44,73,67,80,58,84,91,91,93,73,0,0,0,0,32,54,0,52,3,0,43,0,0,0,93,91,88
l43,0=0,0,0,0,0,0,0,0,0,0,31,0,0,0,5,0,1,38,52,74,43,68,67,83,88,87,90,78,0,0,0,0,16,57,0,0,11,0,36,0,0,0,92,90,94
l44,0=0,0,0,0,0,0,0,0,0,0,0,16,0,0,81,0,0,39,62,71,62,86,68,76,88,90,92,82,0,0,0,0,7,10,0,0,0,0,0,0,12,0,91,87,92

l0,1=0,90,94,96,93,93,90,92,79,92,81,92,90,95,80,0,75,0,0,0,0,0,0,0,0,0,0,0,0,0,70,0,0,0,0,0,0,0,0,0,0,0,0,0,0
l1,1=95,0,94,92,93,93,90,92,83,92,81,92,88,95,78,0,54,0,7,61,38,0,0,0,55,0,0,0,0,0,68,0,0,0,0,0,0,0,0,0,47,0,0,0,0
l2,1=95,90,0,96,93,93,90,97,83,96,79,92,90,95,75,0,78,78,74,67,56,0,0,0,0,69,3,0,0,0,75,36,0,0,0,0,0,0,0,0,0,0,0,0,0
l3,1=95,90,94,0,93,93,90,88,82,92,77,89,87,84,80,0,75,81,74,8,38,0,0,0,0,0,0,0,0,0,82,77,0,0,0,0,0,0,0,0,0,0,0,0,0
l4,1=95,90,94,96,0,93,90,92,79,92,77,89,90,94,0,0,67,74,48,0,0,0,0,0,0,0,0,0,0,0,82,40,0,0,0,0,0,0,0,0,0,0,0,0,0
l5,1=95,90,94,92,93,0,90,92,75,92,80,59,56,82,84,0,62,17,27,1,0,0,0,0,0,0,0,0,0,0,72,0,0,0,0,0,0,0,0,0,79,33,0,0,0
l6,1=95,90,94,93,93,93,0,94,83,92,81,78,91,95,73,0,57,39,44,60,36,0,0,0,0,0,0,0,0,0,72,36,0,0,0,0,0,0,0,0,0,0,0,0,0
l7,1=95,90,94,86,88,93,90,0,83,96,81,92,90,95,78,0,84,0,73,72,64,72,59,78,0,82,74,0,0,0,0,1,0,0,0,0,0,0,0,0,0,0,0,70,0
l8,1=91,90,94,96,93,93,90,97,0,96,81,92,87,95,85,0,82,55,80,80,0,69,57,69,60,70,70,0,0,0,56,37,0,0,0,0,0,0,0,0,0,0,0,0,0
l9,1=95,90,94,81,92,88,90,97,83,0,81,92,91,95,85,0,79,68,77,62,38,48,0,0,73,1,62,40,0,0,0,41,0,0,0,0,0,0,0,0,0,0,0,0,0
l10,1=86,85,50,51,70,92,90,89,69,92,0,92,91,95,79,0,85,55,79,81,56,42,71,39,37,86,78,67,0,0,66,42,0,45,0,0,0,0,0,0,26,0,40,49,28
l11,1=95,90,94,81,81,93,90,94,83,96,81,0,91,95,85,0,84,68,80,80,65,0,0,35,65,77,72,0,0,0,0,66,0,0,0,0,0,0,0,0,0,0,0,64,13
l12,1=95,86,94,52,93,92,90,92,78,92,81,92,0,95,85,0,84,83,80,81,75,57,0,66,69,84,74,64,0,0,60,26,0,0,0,0,0,0,0,0,0,0,13,51,0
l13,1=95,90,94,43,93,92,90,93,83,96,81,92,91,0,85,0,84,37,80,63,30,42,54,39,68,82,61,46,0,0,56,31,0,0,0,0,0,0,0,0,0,0,21,0,0
l14,1=29,35,31,36,0,57,22,42,66,71,45,81,82,79,0,0,83,79,83,84,81,52,57,55,47,50,64,56,0,0,67,41,0,0,0,0,0,0,53,0,49,36,45,50,30
l15,1=26,32,37,37,57,72,44,54,63,68,81,92,91,94,89,0,0,49,80,64,79,62,68,72,76,86,71,61,0,0,68,27,0,5,0,0,0,0,0,37,36,0,44,42,7
l16,1=0,0,18,20,58,33,4,0,45,47,62,6,23,39,80,0,41,0,46,70,46,21,0,32,76,69,2,46,0,0,80,51,3,48,0,0,9,16,69,40,86,20,26,34,22
l17,1=0,0,29,25,57,44,16,20,63,65,74,52,52,64,89,0,80,48,0,64,85,36,39,58,74,1,67,52,0,0,51,0,0,0,0,0,0,0,0,43,40,26,42,69,30
l18,1=0,25,24,0,0,0,23,25,53,36,74,43,50,50,84,0,79,87,46,0,85,71,62,44,91,89,86,62,0,0,61,47,0,2,0,22,0,0,39,61,83,43,46,90,38
l19,1=0,32,32,0,0,0,26,43,0,53,65,43,47,46,89,0,79,80,83,88,0,54,55,47,73,73,71,57,0,0,61,44,0,56,0,0,0,0,43,6,72,30,42,84,44
l20,1=0,0,0,0,0,0,0,59,56,45,49,6,68,61,56,0,76,48,44,83,65,0,94,84,90,91,80,87,0,0,0,0,63,62,0,55,73,56,81,58,39,40,77,65,79
l21,1=0,0,0,0,0,0,0,14,56,0,64,0,0,60,70,0,71,0,62,74,54,94,0,79,86,83,80,85,0,0,0,0,0,68,0,0,16,0,77,56,0,0,80,82,82
l22,1=0,0,0,0,0,0,0,61,57,0,37,21,53,34,69,0,67,55,59,63,46,81,73,0,90,0,86,86,0,0,0,0,65,66,0,68,60,40,79,63,57,28,75,77,72
l23,1=0,4,0,0,0,0,0,0,41,53,42,51,55,59,77,0,71,74,64,82,72,83,81,85,0,92,86,74,0,0,0,45,42,50,0,39,0,46,79,40,60,67,77,90,87
l24,1=0,0,30,0,0,0,0,61,43,0,71,67,74,67,78,0,74,69,3,81,72,89,80,0,91,0,86,74,0,0,0,61,26,60,0,39,42,41,55,75,69,56,86,86,85
l25,1=0,0,0,0,0,0,0,46,50,32,64,64,66,45,47,0,70,4,63,83,70,69,77,89,91,92,0,80,0,0,0,0,65,60,0,54,62,39,72,44,45,55,80,90,84
l26,1=0,0,0,0,0,0,0,16,10,34,64,0,69,53,62,0,66,57,58,76,60,91,82,87,86,82,80,0,0,0,0,0,67,74,0,74,65,55,86,66,54,61,79,84,84
l27,1=34,37,35,50,66,63,35,0,51,0,42,1,37,49,72,0,52,87,38,42,32,0,0,0,0,0,0,0,0,0,0,86,31,83,0,66,3,38,46,88,96,68,0,0,0
l28,1=0,0,19,18,48,0,12,1,45,49,42,24,18,36,69,0,43,87,0,63,42,0,0,0,48,54,0,0,0,0,90,0,44,75,0,68,67,19,81,82,96,61,0,9,26
l29,1=0,0,0,0,0,0,0,0,0,0,0,0,0,0,0,0,0,32,0,0,0,61,8,89,41,28,83,74,0,0,67,76,0,95,0,87,90,99,94,93,96,90,49,0,0
l30,1=0,0,0,0,0,0,0,0,0,0,18,0,0,0,0,0,1,35,0,1,24,42,47,87,40,39,61,78,0,0,90,76,81,0,0,87,90,94,94,93,96,93,27,32,20
l31,1=0,0,0,0,0,0,0,0,0,0,0,0,0,0,0,0,0,0,0,30,0,30,0,72,39,25,65,69,0,0,67,62,81,95,0,0,90,99,94,69,96,93,0,0,0
l32,1=0,0,0,0,0,0,0,0,0,0,0,0,0,0,0,0,0,19,0,0,0,41,37,67,0,29,60,51,0,0,2,44,81,95,0,87,0,99,94,93,74,90,0,0,0
l33,1=0,0,0,0,0,0,0,0,0,0,0,0,0,0,0,0,0,1,0,0,0,17,0,52,45,26,47,38,0,0,58,0,81,86,0,87,90,0,93,82,85,56,0,0,0
l34,1=0,0,0,0,0,0,0,0,0,0,0,0,0,0,45,0,0,68,0,40,24,68,48,74,78,32,69,76,0,0,76,76,81,95,0,87,90,98,0,93,96,93,32,52,0
l35,1=0,0,0,0,0,0,0,0,0,0,0,0,0,0,0,0,28,26,20,38,1,28,39,52,35,51,59,59,0,0,90,77,81,95,0,67,89,56,94,0,96,93,0,0,0
l36,1=0,0,0,0,0,49,0,0,0,0,9,0,0,0,56,0,37,82,20,51,46,8,0,27,48,50,56,37,0,0,90,54,45,95,0,83,58,56,90,92,0,92,0,0,0
l37,1=0,0,0,0,0,46,0,0,0,0,0,0,0,0,44,0,6,35,26,43,19,27,31,37,51,46,66,52,0,0,90,86,76,95,0,87,85,36,94,93,96,0,8,0,0
l38,1=0,0,0,0,0,0,0,0,0,0,42,0,2,0,71,0,53,50,52,71,49,68,62,68,69,88,79,71,0,0,0,0,30,30,0,0,0,0,51,0,0,0,0,90,90
l39,1=0,0,0,0,0,0,0,28,0,0,26,30,32,0,71,0,45,20,61,80,72,62,64,78,90,88,84,74,0,0,0,0,0,26,0,0,0,0,36,0,0,0,86,0,90
l40,1=0,0,0,0,0,0,0,0,0,0,22,5,0,0,63,0,18,48,56,67,63,68,52,74,89,82,78,71,0,0,0,17,0,25,0,0,0,0,0,0,0,0,86,90,0
l41,1=0,0,0,0,0,0,0,0,7,45,47,37,29,28,82,0,71,67,60,83,64,69,49,83,90,89,74,72,0,0,34,61,0,0,0,2,21,0,38,20,0,0,88,92,90
l42,1=0,0,0,0,0,0,0,0,0,0,0,0,0,0,62,0,47,53,35,71,60,69,66,76,90,89,84,68,0,0,0,0,0,0,0,41,24,0,0,0,8,0,86,90,90
l43,1=0,0,0,0,0,0,0,0,0,0,39,0,0,0,49,0,40,37,27,66,46,70,46,83,86,75,76,71,0,0,0,0,32,32,0,0,17,0,0,22,0,0,86,89,90
l44,1=0,0,0,0,0,0,0,0,0,0,0,0,45,43,58,0,0,45,43,63,58,72,55,61,82,82,79,73,0,0,0,0,38,4,0,3,0,0,0,0,4,0,82,85,90

l0,2=0,84,90,96,92,93,79,72,73,91,77,94,89,85,0,0,81,76,0,49,0,0,0,0,0,0,0,0,0,0,48,0,0,0,0,0,0,0,0,0,0,0,0,0,0
l1,2=87,0,90,92,95,93,81,75,82,91,81,94,92,85,66,0,83,71,67,51,69,0,0,0,0,0,0,0,0,0,80,49,0,0,0,0,0,0,0,0,0,0,0,0,0
l2,2=87,84,0,96,91,93,81,85,82,94,81,93,92,85,66,0,78,73,60,51,64,0,0,13,0,56,0,0,0,0,78,57,0,0,0,0,0,0,0,0,0,0,0,0,0
l3,2=87,84,90,0,95,0,81,73,81,91,81,93,92,85,41,0,74,0,68,0,46,0,0,0,0,0,0,0,0,0,78,66,0,0,0,0,0,0,0,0,0,0,0,0,0
l4,2=85,85,88,96,0,93,81,74,81,90,77,89,86,81,66,0,82,70,71,0,0,0,0,0,0,0,0,0,0,0,80,57,0,0,0,0,0,0,0,0,0,0,0,0,0
l5,2=84,84,90,4,95,0,81,77,80,91,83,89,92,85,69,0,64,0,66,46,1,0,0,0,0,0,0,0,0,0,80,58,0,0,0,0,0,0,0,0,0,0,0,0,0
l6,2=84,85,90,92,94,93,0,85,82,91,81,93,92,85,67,0,86,77,73,0,55,1,0,0,0,0,0,0,0,0,73,59,0,0,0,0,0,0,0,0,0,0,0,0,0
l7,2=84,81,90,95,93,93,81,0,82,94,80,94,91,85,63,0,86,0,78,48,69,27,40,61,43,77,48,0,0,0,37,0,0,0,0,0,0,0,0,0,0,0,0,0,0
l8,2=80,81,90,93,92,93,70,85,0,94,80,93,92,85,71,0,84,0,75,60,0,35,57,61,0,49,54,55,0,0,61,48,0,0,0,0,0,0,0,0,0,0,0,0,0
l9,2=81,80,85,84,90,93,70,87,76,0,80,93,91,85,71,0,77,73,75,50,65,49,9,21,68,54,55,59,0,0,56,57,0,0,0,0,0,0,0,0,0,0,0,57,0
l10,2=50,74,74,66,75,93,52,56,69,91,0,93,92,85,63,0,86,70,75,62,79,0,54,52,62,76,71,61,0,0,35,57,0,0,0,0,0,0,0,0,39,0,46,19,0
l11,2=80,80,84,73,84,91,61,86,77,94,81,0,92,85,71,0,86,67,75,42,79,54,58,39,57,70,61,0,0,0,74,51,0,0,0,0,0,0,0,0,0,0,51,58,0
l12,2=80,80,84,91,89,93,67,66,74,91,85,94,0,85,71,0,86,77,75,60,81,0,54,49,72,75,58,67,0,0,48,44,0,0,0,0,0,0,0,0,0,0,42,52,0
l13,2=81,80,68,87,78,93,70,72,76,94,81,94,92,0,71,0,86,63,69,43,69,0,0,55,47,42,0,0,0,0,45,39,0,0,0,0,0,0,0,0,0,0,0,31,0
l14,2=0,43,53,1,54,68,41,38,72,80,79,84,79,75,0,0,86,73,80,77,91,52,55,71,75,81,78,55,0,0,75,70,0,0,0,0,0,0,50,50,56,45,66,80,45
l15,2=38,50,51,6,55,44,49,52,59,60,81,93,92,83,91,0,0,66,70,54,88,58,62,66,64,69,62,59,0,0,70,58,0,47,0,0,0,0,0,50,51,54,59,53,39
l16,2=30,39,39,0,32,0,46,0,0,39,59,47,72,46,66,0,76,0,70,79,88,0,0,21,70,74,31,8,0,0,88,82,19,55,0,0,0,0,0,45,43,30,30,56,36
l17,2=0,44,43,35,50,62,40,46,62,71,82,78,82,55,91,0,81,73,0,55,91,52,57,61,70,47,32,61,0,0,68,48,0,38,0,0,0,0,0,17,0,0,58,0,50
l18,2=16,25,44,0,0,42,0,29,49,54,74,32,70,45,84,0,73,81,58,0,91,85,50,72,85,70,88,63,0,0,80,69,26,31,0,0,16,0,50,32,48,55,51,75,34
l19,2=0,43,47,0,0,1,22,36,0,57,68,65,71,56,91,0,84,85,80,79,0,58,3,54,66,80,68,66,0,0,69,65,0,34,0,0,0,0,0,0,63,36,68,73,44
l20,2=0,0,0,0,0,0,0,27,35,59,0,63,0,0,69,0,72,0,53,72,69,0,93,82,77,88,85,92,0,0,0,0,72,69,0,68,0,66,8,57,46,42,65,72,66
l21,2=0,0,0,0,0,0,0,2,56,0,63,56,57,0,61,0,72,0,49,63,0,91,0,82,79,80,85,88,0,0,0,0,0,0,0,0,41,0,0,0,0,0,68,79,56
l22,2=0,0,0,0,0,0,0,36,54,0,50,32,41,41,69,0,69,6,44,67,49,80,75,0,84,81,88,92,0,0,11,0,67,77,0,63,70,0,73,55,55,1,73,74,63
l23,2=0,0,0,0,0,0,0,20,0,56,50,31,69,38,73,0,72,69,63,73,76,76,81,86,0,88,88,83,0,0,0,0,61,48,0,49,27,46,71,9,37,66,82,84,71
l24,2=0,0,38,0,0,0,0,55,38,44,77,63,75,37,77,0,74,71,27,71,79,82,79,82,85,0,88,83,0,0,33,48,41,28,0,17,34,46,43,52,70,58,83,83,71
l25,2=0,0,0,0,0,0,0,24,33,42,72,35,42,0,76,0,74,36,26,74,73,80,78,91,84,88,0,84,0,0,0,17,41,63,0,46,72,41,65,0,57,36,83,84,71
l26,2=0,0,0,0,0,0,0,0,47,57,66,15,70,0,58,0,68,35,57,68,72,86,81,88,80,82,85,0,0,0,0,0,75,80,0,73,64,62,81,0,50,43,78,84,57
l27,2=7,58,64,71,71,68,53,18,64,47,24,71,49,46,66,0,75,85,63,78,68,0,0,20,0,48,0,0,0,0,0,82,64,91,0,57,58,68,74,85,94,86,1,10,0
l28,2=0,31,39,43,51,62,32,0,53,59,60,57,45,39,67,0,76,85,50,72,76,0,0,0,4,68,24,0,0,0,88,0,68,88,0,59,56,53,80,76,94,89,0,50,23
l29,2=0,0,0,0,0,0,0,0,0,0,0,0,0,0,0,0,0,12,0,36,0,76,0,83,65,61,71,84,0,0,63,67,0,96,0,92,94,97,87,86,93,96,56,3,0
l30,2=0,0,0,0,0,0,0,0,0,0,0,0,0,0,0,0,50,56,19,39,34,56,2,84,54,18,72,88,0,0,87,82,85,0,0,92,94,97,88,86,94,97,10,10,0
l31,2=0,0,0,0,0,0,0,0,0,0,0,0,0,0,0,0,0,6,0,0,0,68,0,67,58,42,71,84,0,0,61,58,85,96,0,0,94,97,87,86,94,97,44,0,0
l32,2=0,0,0,0,0,0,0,0,0,0,0,0,0,0,0,0,0,0,0,31,0,0,57,86,47,61,83,73,0,0,59,56,85,96,0,92,0,97,87,86,0,94,38,0,0
l33,2=0,0,0,0,0,0,0,0,0,0,0,0,0,0,0,0,0,0,0,0,0,66,0,0,63,65,69,68,0,0,70,58,85,96,0,92,94,0,87,86,93,77,0,0,0
l34,2=0,0,0,0,0,0,0,0,0,0,0,0,0,0,39,0,0,0,0,55,0,0,0,71,64,54,66,74,0,0,78,82,85,96,0,92,94,94,0,86,94,97,51,54,0
l35,2=0,0,0,0,0,0,0,0,0,0,0,0,0,0,41,0,48,42,15,47,0,48,0,53,30,58,0,1,0,0,87,75,85,96,0,87,94,96,88,0,94,97,0,0,0
l36,2=0,0,0,0,0,0,0,0,0,0,33,0,0,0,62,0,54,72,0,62,79,50,12,67,54,78,73,57,0,0,88,82,83,95,0,86,0,88,85,86,0,97,0,0,0
l37,2=0,0,0,0,0,0,0,0,0,0,0,0,37,0,40,0,53,64,0,73,45,50,2,35,74,78,73,56,0,0,88,82,85,96,0,89,91,88,88,86,94,0,49,4,0
l38,2=0,0,0,0,0,0,0,0,0,0,20,27,17,0,60,0,58,45,36,52,62,35,42,70,70,79,84,69,0,0,0,0,20,0,0,0,0,0,36,0,0,2,0,89,75
l39,2=0,0,0,0,0,0,0,0,0,31,0,37,39,7,72,0,47,28,0,64,73,54,61,77,83,74,87,79,0,0,0,19,1,3,0,0,0,0,34,0,0,0,87,0,77
l40,2=0,0,0,0,0,0,0,0,0,0,0,0,0,0,63,0,41,19,55,49,53,71,46,80,79,81,84,64,0,0,0,8,0,0,0,0,0,0,0,0,0,0,87,88,0
l41,2=0,0,0,0,0,0,0,0,0,2,63,44,1,59,77,0,68,70,51,72,71,73,39,78,80,81,84,76,0,0,48,50,0,0,0,0,0,0,46,0,28,10,88,88,71
l42,2=0,0,0,0,0,0,0,0,0,0,0,0,0,0,68,0,26,50,43,68,0,62,66,80,82,81,86,64,0,0,0,0,43,14,0,0,0,26,44,0,0,0,83,89,72
l43,2=0,0,0,0,0,0,0,0,0,0,0,0,0,0,58,0,37,4,35,56,43,66,36,80,73,77,81,80,0,0,0,0,5,0,0,0,7,0,0,0,0,0,84,76,74
l44,2=0,0,0,0,0,0,0,0,0,0,0,0,5,0,34,0,0,19,39,40,57,54,54,77,77,80,83,79,0,0,0,0,0,44,0,0,0,0,36,0,0,0,83,84,71

l0,3=0,89,84,95,90,95,77,92,97,94,0,88,94,95,56,0,0,0,11,0,0,0,0,0,0,0,0,0,0,0,10,0,0,0,0,0,0,0,0,0,0,0,0,0,0
l1,3=96,0,87,95,91,95,82,89,98,89,86,95,94,93,47,0,81,74,81,64,81,0,0,0,67,0,0,0,0,0,79,77,0,0,0,0,0,0,0,0,0,0,0,0,0
l2,3=89,93,0,95,82,91,82,92,98,94,86,93,94,94,57,0,84,75,51,69,68,0,0,46,0,0,53,0,0,0,78,25,0,0,0,0,0,0,0,0,0,0,0,0,0
l3,3=96,94,87,0,91,93,79,83,98,89,86,93,94,94,0,0,84,0,0,0,74,0,0,0,0,0,0,0,0,0,0,77,0,0,0,0,0,0,0,0,0,0,0,0,0
l4,3=96,94,81,95,0,95,82,83,98,90,71,91,30,88,61,0,0,12,81,0,0,0,0,0,0,0,0,0,0,0,81,0,0,0,0,0,0,0,0,0,0,0,0,0,0
l5,3=96,94,84,95,91,0,82,95,98,94,87,92,94,95,58,0,77,70,76,65,66,0,0,0,0,0,0,0,0,0,85,79,0,0,0,0,0,0,0,0,0,0,0,0,0
l6,3=91,94,87,93,84,95,0,96,97,94,86,93,94,95,61,0,85,77,80,64,57,0,0,57,0,1,0,0,0,0,0,0,0,0,0,0,0,0,0,0,0,0,0,0,0
l7,3=88,90,83,92,82,92,75,0,98,94,40,95,94,94,69,0,85,0,82,78,72,0,0,81,46,80,75,3,0,0,0,0,0,0,0,0,0,0,0,0,0,0,0,0,0
l8,3=87,90,84,95,83,92,74,97,0,94,86,93,94,94,69,0,85,60,83,78,88,0,79,71,0,65,72,75,0,0,71,0,0,0,0,0,0,0,0,0,0,0,0,63,0
l9,3=86,90,82,89,82,92,76,97,97,0,88,93,94,94,67,0,85,67,80,75,67,19,0,67,54,64,54,63,0,0,64,53,0,0,0,0,0,0,0,0,0,0,0,0,0
l10,3=0,88,79,81,63,89,72,22,92,89,0,90,95,94,79,0,86,66,85,75,83,72,50,70,53,73,73,74,0,0,0,71,0,0,0,0,0,0,0,0,0,0,0,58,0
l11,3=72,86,82,86,77,86,72,97,98,94,86,0,95,95,68,0,85,67,80,72,76,67,59,67,55,66,63,59,0,0,66,71,0,0,0,0,0,0,0,0,0,0,0,69,0
l12,3=80,90,83,91,54,89,76,87,97,93,88,95,0,96,74,0,85,73,80,72,87,45,61,0,68,73,72,78,0,0,9,23,0,0,0,0,0,0,0,0,21,55,0,54,0
l13,3=87,90,83,92,82,92,77,96,97,94,88,93,94,0,72,0,85,75,61,26,74,59,2,79,62,71,0,0,0,0,60,0,0,0,0,0,0,0,0,0,0,0,0,0,1
l14,3=49,47,61,0,65,66,63,73,94,81,88,93,94,85,0,0,86,81,90,87,99,69,59,73,55,74,79,51,0,0,15,75,0,0,0,0,0,0,0,67,62,10,62,76,68
l15,3=0,63,63,72,0,56,71,81,78,68,88,93,94,93,82,0,0,75,86,80,97,76,66,69,57,67,69,63,0,0,64,66,0,7,0,0,0,0,0,0,55,42,58,69,5
l16,3=0,67,58,0,43,54,65,0,50,63,67,71,77,71,91,0,86,0,82,92,99,57,0,7,49,71,66,57,0,0,95,93,0,74,0,0,25,0,75,79,88,63,61,66,51
l17,3=0,68,9,0,63,63,66,67,88,78,88,86,85,42,94,0,86,72,0,91,98,66,64,72,68,54,61,0,0,0,67,69,0,0,0,0,0,0,0,0,67,57,54,69,57
l18,3=0,36,38,0,0,43,30,64,87,79,81,76,78,3,88,0,84,88,90,0,99,91,83,83,85,85,90,86,0,0,92,84,0,4,0,0,0,0,48,0,75,66,13,73,19
l19,3=0,50,46,29,0,51,27,48,62,51,85,78,84,59,94,0,86,87,89,92,0,74,67,73,78,82,70,79,0,0,89,82,48,0,0,32,0,0,53,0,78,2,80,79,41
l20,3=0,0,0,0,0,0,0,0,0,0,64,50,28,44,69,0,79,51,71,85,82,0,99,89,43,79,86,94,0,0,0,0,87,81,0,79,46,70,74,0,0,0,81,70,78
l21,3=0,0,0,0,0,0,0,0,88,0,41,63,61,0,73,0,79,0,84,81,90,96,0,87,77,78,81,89,0,0,0,0,0,0,0,72,3,7,0,0,3,0,78,78,0
l22,3=0,0,0,0,0,0,5,60,45,42,56,39,0,67,53,0,65,3,67,75,72,91,78,0,77,77,90,92,0,0,51,0,67,85,0,72,83,59,70,24,45,59,71,66,70
l23,3=0,39,0,0,0,0,0,17,0,54,48,53,54,54,47,0,53,55,75,92,88,55,73,90,0,86,90,90,0,0,0,0,73,63,0,65,51,47,64,70,33,66,81,79,81
l24,3=0,0,0,0,0,0,2,61,53,58,67,64,55,55,61,0,70,61,51,91,88,94,69,91,85,0,90,83,0,0,0,0,66,0,0,44,38,10,54,68,65,67,81,72,79
l25,3=0,0,34,0,0,0,0,58,62,39,53,54,55,0,73,0,68,62,55,85,73,90,72,93,85,85,0,89,0,0,3,47,68,69,0,65,68,40,63,0,66,60,80,78,80
l26,3=0,0,0,0,0,0,0,31,59,38,55,43,66,4,37,0,54,54,0,80,85,96,93,93,78,73,86,0,0,0,13,0,87,92,0,85,62,0,68,77,40,29,81,70,67
l27,3=1,74,54,0,74,82,0,0,71,66,0,80,16,67,4,0,72,89,80,90,87,0,0,62,0,0,4,0,0,0,0,93,82,87,0,28,70,0,89,90,95,90,53,52,0
l28,3=0,55,12,57,0,76,0,0,0,47,70,75,52,0,73,0,70,89,79,91,86,0,0,0,14,0,63,0,0,0,95,0,82,95,0,63,73,65,93,94,95,94,40,65,0
l29,3=0,0,0,0,0,0,0,0,0,0,0,0,0,0,0,0,0,0,0,0,65,93,1,84,80,78,86,87,0,0,90,87,0,100,0,100,99,100,98,100,91,98,24,0,0
l30,3=0,0,0,0,0,0,0,0,0,0,0,0,0,0,0,0,17,88,0,21,0,87,0,91,63,0,80,93,0,0,93,92,99,0,0,100,99,99,98,100,95,98,70,0,58
l31,3=0,0,0,0,0,0,0,0,0,0,0,0,0,0,0,0,0,0,0,0,61,92,71,88,75,60,80,93,0,0,64,64,99,100,0,0,99,100,98,100,95,98,6,54,0
l32,3=0,0,0,0,0,0,0,0,0,0,0,0,0,0,0,0,0,63,0,8,0,78,22,93,71,63,90,81,0,0,85,88,99,100,0,100,0,100,98,100,95,98,0,0,0
l33,3=0,0,0,0,0,0,0,0,0,0,0,0,0,0,0,0,0,0,0,0,0,84,0,80,61,0,56,0,0,0,0,79,99,100,0,100,99,0,98,100,95,87,0,0,0
l34,3=0,0,0,0,0,0,0,0,0,0,0,0,0,0,0,0,2,77,0,73,48,85,0,90,74,66,80,70,0,0,94,93,99,100,0,100,99,99,0,100,95,98,0,0,15
l35,3=0,0,0,0,0,0,0,0,0,0,0,0,0,0,65,0,0,85,0,0,0,0,0,53,76,82,0,82,0,0,95,93,99,100,0,100,99,100,98,0,95,98,0,0,0
l36,3=0,0,0,0,5,0,0,0,0,0,0,0,30,0,70,0,76,89,82,87,89,0,15,76,46,78,81,51,0,0,95,93,89,98,0,99,87,93,98,100,0,98,56,58,0
l37,3=0,0,0,0,0,0,0,0,0,0,0,0,71,0,31,0,58,80,77,83,18,0,0,81,78,78,78,36,0,0,95,93,99,100,0,100,99,85,98,100,95,0,46,0,0
l38,3=0,0,0,0,0,0,0,0,0,0,0,0,0,0,39,0,47,44,43,1,64,70,48,46,71,53,77,64,0,0,40,0,0,43,0,0,0,0,0,0,10,0,0,82,84
l39,3=0,0,0,0,0,0,0,0,48,0,32,42,19,0,54,0,54,45,51,64,76,63,60,63,76,67,79,62,0,0,22,45,0,0,0,34,0,0,0,0,27,0,84,0,85
l40,3=0,0,0,0,0,0,0,0,0,0,0,0,0,0,50,0,9,31,40,12,2,69,0,59,71,70,79,57,0,0,0,0,0,17,0,0,0,0,0,0,0,0,84,82,0
l41,3=0,0,0,0,0,0,0,0,0,38,0,0,30,53,75,0,68,74,75,82,87,71,0,84,83,75,86,61,0,0,1,45,37,0,0,0,0,0,0,0,0,0,84,78,79
l42,3=0,0,0,0,0,0,0,0,0,0,0,0,0,0,46,0,35,27,31,66,60,63,64,33,76,66,84,54,0,0,0,0,52,37,0,45,29,44,39,0,0,0,84,82,84
l43,3=0,0,0,0,0,0,0,0,0,0,2,0,0,0,32,0,23,29,23,51,55,75,24,59,59,60,78,78,0,0,0,0,53,28,0,0,0,0,29,0,0,0,81,71,78
l44,3=0,0,0,0,0,0,0,0,0,0,0,0,0,0,37,0,0,32,26,64,0,66,70,11,73,67,81,73,0,0,0,0,0,47,0,0,6,0,37,0,4,0,81,77,80

l0,4=0,95,90,98,98,95,89,97,92,95,92,95,88,91,92,0,82,0,4,0,38,0,0,0,0,0,0,0,0,0,91,76,0,0,0,0,0,0,0,0,3,0,0,0,0
l1,4=97,0,92,98,98,96,91,97,94,95,92,95,88,92,0,0,60,74,34,80,0,0,0,0,61,0,0,0,0,0,77,0,0,0,0,0,0,0,0,0,0,0,0,0,0
l2,4=92,95,0,98,98,89,88,97,94,95,92,95,88,91,77,0,79,75,53,80,70,0,0,0,0,0,64,0,0,0,0,68,0,0,0,0,0,0,0,0,0,0,0,0,0
l3,4=97,95,92,0,98,96,89,97,92,95,93,95,88,93,86,0,82,0,40,64,1,0,0,0,0,0,0,0,0,0,72,85,0,0,0,0,0,0,0,0,0,0,0,0,0
l4,4=97,95,92,98,0,96,92,97,94,95,93,95,88,93,91,0,82,65,77,0,0,0,0,0,0,0,0,0,0,0,90,86,0,0,0,0,0,0,0,0,0,0,0,0,0
l5,4=96,95,75,98,98,0,92,97,92,95,93,96,89,92,0,0,51,57,74,73,74,0,0,0,0,1,0,0,0,0,89,66,0,0,0,0,0,0,0,0,62,0,0,0,0
l6,4=92,95,87,95,96,94,0,97,92,95,91,95,88,91,89,0,82,77,78,77,74,0,0,0,0,53,0,0,0,0,79,47,0,0,0,0,0,0,0,0,9,0,0,0,0
l7,4=91,88,86,95,95,91,88,0,92,95,91,95,88,92,91,0,82,0,76,84,78,13,0,49,2,61,70,69,0,0,5,0,0,0,0,0,0,0,0,0,0,0,0,0,0
l8,4=91,89,92,95,95,91,85,97,0,95,0,96,88,93,91,0,81,0,78,84,73,53,0,46,59,52,66,68,0,0,72,6,0,0,0,0,0,0,0,0,0,0,0,73,0
l9,4=91,88,87,95,90,91,89,97,92,0,93,95,88,93,92,0,82,73,79,76,77,8,0,47,63,58,0,68,0,0,74,70,0,0,0,0,0,0,0,0,0,0,0,0,0
l10,4=71,77,66,79,80,88,76,82,0,91,0,84,89,91,90,0,83,71,82,80,77,52,53,48,59,68,67,42,0,0,0,66,0,0,0,0,0,0,0,0,0,0,60,73,57
l11,4=83,88,87,95,84,91,84,97,92,95,86,0,89,93,83,0,82,60,80,82,76,0,50,49,57,59,64,63,0,0,67,76,0,0,0,0,0,0,0,0,0,0,0,9,0
l12,4=79,87,87,77,79,91,89,96,92,89,93,96,0,93,92,0,82,78,65,77,82,0,66,47,63,57,70,69,0,0,66,0,0,0,0,0,0,0,0,0,0,0,18,72,0
l13,4=89,88,87,88,88,90,87,96,91,95,93,95,88,0,92,0,81,76,78,76,81,57,0,48,59,59,64,68,0,0,0,0,0,0,0,0,0,0,0,0,0,0,0,68,0
l14,4=70,0,46,69,70,6,69,76,76,70,89,79,85,86,0,0,83,90,87,82,91,55,0,51,60,72,71,67,0,0,75,69,0,0,0,0,0,0,30,58,20,55,75,68,67
l15,4=68,21,54,70,72,45,78,81,74,76,93,93,88,71,92,0,0,79,83,82,84,62,68,49,61,60,67,66,0,0,75,68,0,60,0,0,0,0,0,0,55,0,61,68,62
l16,4=0,66,53,0,66,59,68,0,0,64,76,80,82,76,94,0,82,0,85,93,92,31,0,0,62,57,75,0,0,0,99,94,0,65,0,0,19,0,65,70,73,59,63,68,53
l17,4=0,2,0,1,68,66,68,74,70,72,89,83,72,67,94,0,83,86,0,91,71,0,64,49,61,58,63,65,0,0,74,69,0,0,0,0,0,0,0,0,54,55,60,75,60
l18,4=0,60,45,0,0,47,51,80,76,56,79,83,79,56,88,0,77,85,75,0,95,74,79,62,80,81,78,78,0,0,82,74,13,61,0,49,0,0,53,0,57,75,61,81,54
l19,4=23,0,5,0,0,69,58,78,63,66,81,82,82,76,94,0,83,91,69,93,0,66,73,51,78,72,71,76,0,0,76,73,20,0,0,0,0,0,57,43,61,65,75,79,65
l20,4=0,0,0,0,0,0,0,44,52,0,51,0,0,45,55,0,73,41,0,81,61,0,94,72,79,85,80,93,0,0,0,0,80,69,0,58,0,56,61,22,0,49,77,77,54
l21,4=0,0,0,0,0,0,0,0,0,0,37,57,62,0,0,0,71,0,59,89,72,96,0,74,79,82,81,93,0,0,0,0,0,0,0,63,0,0,56,0,0,0,63,61,58
l22,4=0,0,0,0,0,0,0,62,61,54,58,58,59,52,57,0,62,0,58,79,57,75,73,0,83,85,83,93,0,0,0,0,57,65,0,63,58,53,53,48,36,57,57,61,39
l23,4=0,44,0,0,0,0,0,3,53,52,67,60,69,54,66,0,71,62,68,87,86,82,63,80,0,88,83,87,0,0,42,4,56,51,0,58,45,48,58,64,22,66,80,86,76
l24,4=0,0,0,0,0,22,39,73,52,61,81,68,68,61,86,0,74,69,74,87,83,89,83,75,83,0,82,85,0,0,21,35,67,63,0,53,48,43,57,69,50,70,80,85,84
l25,4=0,0,29,0,0,0,0,67,63,0,67,57,69,51,69,0,66,70,57,82,60,75,71,79,85,86,0,84,0,0,30,2,73,71,0,54,42,52,57,51,57,55,68,78,61
l26,4=0,0,0,0,0,0,0,61,61,50,48,58,66,51,59,0,62,0,55,82,69,96,89,80,82,78,82,0,0,0,35,49,59,76,0,69,50,51,61,57,49,0,73,58,70
l27,4=85,73,0,32,83,95,80,21,76,78,0,82,70,0,91,0,82,91,84,93,90,0,0,0,51,10,45,1,0,0,0,94,83,85,0,65,48,46,81,100,100,100,43,0,0
l28,4=70,0,52,87,92,71,23,0,8,55,78,93,0,0,85,0,80,91,85,93,90,0,0,0,43,32,11,58,0,0,99,0,64,91,0,75,95,93,86,100,100,100,0,75,7
l29,4=0,0,0,0,0,0,0,0,0,0,0,0,0,0,0,0,0,0,0,46,11,89,0,72,77,77,82,80,0,0,89,75,0,94,0,93,100,100,94,100,94,100,73,0,0
l30,4=0,0,0,0,0,0,0,0,0,0,0,0,0,0,0,0,73,86,0,83,0,89,0,75,76,79,82,87,0,0,91,92,94,0,0,93,100,83,94,100,100,100,78,72,34
l31,4=0,0,0,0,0,0,0,0,0,0,0,0,0,0,0,0,0,0,0,83,1,85,83,77,83,80,79,90,0,0,84,85,94,94,0,0,100,100,94,100,100,100,0,77,0
l32,4=0,0,0,0,0,0,0,0,0,0,0,0,0,0,0,0,0,31,0,0,0,0,0,75,80,72,74,86,0,0,75,87,94,94,0,93,0,100,94,100,99,100,0,0,0
l33,4=0,0,0,0,0,0,0,0,0,0,0,0,0,0,0,0,0,0,0,0,0,85,0,75,81,2,78,77,0,0,24,85,94,94,0,93,100,0,94,100,100,86,0,0,0
l34,4=0,0,0,0,0,0,0,0,0,0,0,0,0,0,1,0,0,87,0,86,79,89,72,75,83,83,81,87,0,0,97,94,94,94,0,93,100,100,0,100,100,100,4,0,62
l35,4=0,0,0,0,0,0,0,0,0,0,0,0,0,0,89,0,0,91,0,0,67,9,0,76,85,88,83,91,0,0,99,94,94,94,0,93,100,100,94,0,100,100,0,0,0
l36,4=0,0,0,0,0,74,0,0,0,0,0,0,0,0,3,0,72,91,78,90,82,0,0,62,62,72,81,81,0,0,99,94,94,94,0,93,100,99,94,100,0,100,0,9,0
l37,4=0,0,0,0,0,0,0,0,0,0,0,0,0,0,85,0,0,87,73,93,85,64,0,70,85,87,78,0,0,0,99,94,94,94,0,93,100,74,94,100,100,0,0,0,66
l38,4=0,0,0,0,0,0,0,0,0,0,37,0,0,0,57,0,52,39,49,50,57,53,41,36,74,68,56,59,0,0,22,0,31,41,0,0,0,0,0,0,0,0,0,85,84
l39,4=0,0,0,0,0,0,0,0,44,0,47,2,49,35,59,0,59,40,68,83,81,61,46,49,79,79,82,48,0,0,0,42,0,43,0,39,0,0,0,0,0,0,84,0,80
l40,4=0,0,0,0,0,0,0,0,0,0,6,0,0,0,67,0,33,24,37,43,53,51,45,18,70,74,59,72,0,0,0,0,0,3,0,0,0,0,19,0,0,35,84,85,0
l41,4=0,0,0,0,0,0,0,0,0,0,5,50,62,57,72,0,57,78,68,81,73,70,51,68,78,75,78,60,0,0,55,58,51,0,0,0,0,0,40,0,0,0,80,81,69
l42,4=0,0,0,0,0,0,0,0,0,0,47,0,0,0,55,0,42,0,62,78,71,69,65,69,82,83,65,75,0,0,0,0,55,0,0,44,25,0,44,0,0,0,84,85,84
l43,4=0,0,0,0,0,0,0,0,0,0,33,0,0,0,35,0,25,46,50,65,60,73,0,61,69,70,65,77,0,0,27,0,57,0,0,38,22,0,44,0,0,0,72,81,80
l44,4=0,0,0,0,0,0,0,0,0,0,1,0,0,0,58,0,51,5,53,76,58,66,48,58,82,78,82,72,0,0,0,0,0,54,0,0,8,0,40,0,0,0,84,85,77

l0,5=0,93,94,98,87,89,91,88,81,85,46,90,92,93,77,0,29,31,8,35,0,0,0,0,0,0,0,0,0,0,56,0,0,0,0,0,0,0,0,0,0,0,0,0,0
l1,5=85,0,95,98,85,89,91,87,82,85,83,86,92,93,5,0,53,30,0,69,12,0,0,0,0,0,0,0,0,0,43,54,0,0,0,0,0,0,0,0,43,0,0,0,0
l2,5=85,93,0,96,84,89,91,88,82,81,48,90,92,93,74,0,38,22,0,1,0,0,0,0,0,0,16,0,0,0,7,68,0,0,0,0,0,0,0,0,0,0,0,0,0
l3,5=88,95,95,0,90,89,91,88,81,77,24,90,82,93,70,0,42,46,34,0,0,0,0,0,0,0,0,0,0,0,68,65,0,0,0,0,0,0,0,0,0,0,0,0,0
l4,5=88,95,95,98,0,89,91,89,81,85,80,87,92,92,0,0,55,47,37,71,0,0,0,0,0,0,0,0,0,0,53,66,0,0,0,0,0,0,0,0,0,0,0,0,0
l5,5=85,93,94,96,90,0,91,88,77,85,86,90,84,91,65,0,0,28,30,64,50,0,0,0,0,16,0,0,0,0,67,58,0,0,0,0,0,0,0,0,49,0,0,0,0
l6,5=85,95,94,92,85,89,0,88,81,85,81,82,92,92,76,0,64,24,65,68,0,0,0,0,1,64,0,0,0,0,0,63,0,0,0,0,0,0,0,0,0,0,0,0,0
l7,5=79,89,94,92,82,88,91,0,82,85,67,92,91,92,78,0,60,12,69,77,0,0,0,0,0,70,43,3,0,0,0,0,0,0,0,0,0,0,0,0,0,0,0,0,0
l8,5=85,95,95,87,71,76,91,91,0,87,81,93,93,93,77,0,61,39,65,75,53,0,29,51,44,69,65,23,0,0,20,0,0,0,0,0,0,0,0,0,0,0,0,22,0
l9,5=72,83,79,28,72,83,88,88,80,0,82,93,91,93,77,0,61,29,68,40,56,13,0,0,55,72,26,14,0,0,25,0,0,0,0,0,0,0,0,0,0,0,0,54,0
l10,5=52,83,65,0,21,59,72,71,74,80,0,90,93,93,91,0,72,27,26,74,67,13,14,30,62,73,26,11,0,0,32,53,0,0,0,0,0,0,0,0,0,20,61,56,0
l11,5=72,83,80,57,42,76,73,87,81,85,80,0,93,93,0,0,64,15,40,68,60,0,0,35,59,48,17,13,0,0,33,50,0,0,0,0,0,0,0,0,0,0,0,0,0
l12,5=74,87,88,25,50,52,88,88,81,85,86,93,0,93,88,0,72,31,42,70,73,11,14,22,65,67,45,16,0,0,34,0,0,0,0,0,0,0,0,0,0,0,24,60,0
l13,5=72,86,85,84,71,77,83,86,80,85,84,93,93,0,83,0,61,76,68,75,72,18,0,30,65,73,23,32,0,0,55,0,0,0,0,0,0,0,0,0,0,0,0,62,0
l14,5=36,0,35,21,1,29,40,73,69,71,83,1,85,89,0,0,69,89,88,82,86,12,18,29,63,65,26,11,0,0,37,50,0,0,0,0,0,0,11,52,41,20,67,68,59
l15,5=32,66,54,22,19,0,78,75,78,66,83,86,86,73,85,0,0,51,82,79,80,24,18,30,68,67,27,12,0,0,36,68,0,0,0,0,0,0,17,0,55,10,30,64,54
l16,5=44,26,8,9,12,15,37,23,48,53,46,24,51,62,87,0,36,0,31,82,83,4,0,31,60,35,27,4,0,0,57,85,0,2,0,0,0,0,42,79,55,26,39,63,48
l17,5=2,0,0,21,17,31,69,73,45,71,43,45,53,76,92,0,70,29,0,74,86,12,15,30,61,80,26,0,0,0,58,57,0,0,0,0,0,0,14,0,33,23,64,73,52
l18,5=1,12,0,0,14,10,15,65,61,0,68,29,63,53,84,0,59,84,44,0,86,43,28,54,77,82,70,54,0,0,48,65,41,10,0,14,18,11,50,54,33,20,75,78,65
l19,5=0,3,0,0,0,32,0,0,55,56,44,44,48,75,86,0,69,88,83,89,0,21,17,39,77,81,26,20,0,0,47,75,0,7,0,0,0,0,33,56,63,62,67,78,58
l20,5=0,0,0,0,0,0,0,0,0,0,26,0,26,17,41,0,48,10,41,69,27,0,84,73,76,75,70,65,0,0,0,0,65,34,0,0,54,55,61,24,30,26,42,68,49
l21,5=0,0,0,0,0,0,0,0,36,0,19,0,32,0,52,0,42,0,26,66,11,81,0,13,66,78,70,63,0,0,0,0,21,0,0,7,0,0,15,0,0,0,64,50,43
l22,5=0,0,0,0,0,0,0,0,58,0,51,52,17,19,40,0,53,57,54,75,57,78,16,0,79,86,78,63,0,0,22,0,17,40,0,62,65,66,19,60,67,15,79,77,30
l23,5=0,0,0,0,0,0,0,0,18,21,42,19,58,27,55,0,47,53,51,76,69,73,27,78,0,87,79,55,0,0,8,15,32,8,0,30,15,15,0,62,36,45,75,79,65
l24,5=0,0,0,0,0,7,18,54,43,25,65,31,55,48,56,0,46,49,70,81,64,75,74,77,81,0,73,57,0,0,10,25,35,28,0,40,13,2,44,52,38,2,73,77,65
l25,5=0,0,1,0,0,0,0,34,33,17,55,31,62,22,53,0,47,52,61,75,26,73,69,78,83,81,0,57,0,0,6,11,66,42,0,33,15,53,48,25,35,27,72,82,60
l26,5=0,0,0,0,0,0,0,16,25,15,26,30,37,22,38,0,22,11,0,72,55,81,80,78,75,81,66,0,0,0,1,13,28,38,0,39,31,9,42,0,44,20,65,61,55
l27,5=63,35,0,31,22,33,0,0,47,37,47,42,48,40,35,0,23,56,31,80,79,0,0,30,32,17,2,0,0,0,0,88,57,22,0,24,20,26,43,84,90,82,0,0,0
l28,5=0,28,25,29,22,29,41,0,0,0,44,43,0,0,35,0,37,95,30,81,80,0,0,0,33,34,13,6,0,0,93,0,61,22,0,25,27,28,42,88,90,75,11,61,0
l29,5=0,0,0,0,0,0,0,0,0,0,0,0,0,0,0,0,0,0,0,57,0,70,23,15,47,35,73,28,0,0,37,61,0,85,0,91,93,95,89,94,76,88,0,20,48
l30,5=0,0,0,0,0,0,0,0,0,0,0,0,0,0,0,0,0,0,0,62,18,25,0,63,50,72,72,58,0,0,42,69,88,0,0,91,93,95,89,94,92,89,31,35,20
l31,5=0,0,0,0,0,0,0,0,0,0,0,0,0,0,0,0,0,19,0,60,0,0,8,58,66,73,58,52,0,0,57,64,88,85,0,0,93,95,89,94,92,89,0,34,0
l32,5=0,0,0,0,0,0,0,0,0,0,0,0,0,0,0,0,0,0,0,59,0,65,0,55,33,38,38,53,0,0,40,51,88,85,0,91,0,95,88,94,91,81,0,0,0
l33,5=0,0,0,0,0,0,0,0,0,0,0,0,0,0,0,0,0,0,0,45,0,70,0,37,40,0,71,0,0,0,55,49,88,85,0,91,93,0,89,64,86,66,0,0,0
l34,5=0,0,0,0,0,0,0,0,0,0,0,0,0,0,0,0,11,37,6,68,56,41,16,28,8,35,37,17,0,0,26,45,88,85,0,91,90,93,0,94,92,89,0,0,0
l35,5=0,0,0,0,0,0,0,0,0,0,0,0,0,0,28,0,0,47,0,75,56,20,0,45,53,42,24,0,0,0,93,89,88,85,0,90,59,33,89,0,92,89,0,0,0
l36,5=0,4,0,0,0,24,0,0,0,0,0,0,0,0,29,0,22,54,24,73,59,23,0,41,46,39,24,14,0,0,93,86,73,85,0,54,33,60,89,94,0,89,0,0,0
l37,5=0,0,0,0,0,0,0,0,0,0,28,0,0,0,24,0,17,29,25,74,70,24,0,32,52,20,38,17,0,0,93,73,88,85,0,91,33,48,89,94,92,0,13,0,14
l38,5=0,0,0,0,0,0,0,0,0,0,23,0,15,0,51,0,20,18,54,71,29,14,27,63,71,67,62,49,0,0,0,0,0,5,0,0,0,0,0,0,0,0,0,78,68
l39,5=0,0,0,0,0,0,0,0,0,3,16,0,16,18,60,0,48,6,61,73,61,66,9,62,69,77,70,44,0,0,0,13,3,5,0,1,0,0,0,0,0,0,75,0,68
l40,5=0,0,0,0,0,0,0,0,0,0,0,0,0,0,42,0,15,4,15,37,19,27,11,18,69,68,53,44,0,0,0,0,19,3,0,0,0,0,0,0,0,0,82,84,0
l41,5=0,0,0,0,0,0,0,0,0,10,0,7,53,0,66,0,38,64,68,74,62,0,11,62,75,81,73,27,0,0,0,10,24,0,0,0,0,0,0,3,36,0,82,82,60
l42,5=0,0,0,0,0,0,0,0,0,0,24,0,0,0,42,0,0,12,32,73,31,65,8,65,74,79,70,54,0,0,0,0,15,3,0,22,24,0,13,0,10,0,82,85,68
l43,5=0,0,0,0,0,0,0,0,0,0,24,0,0,0,22,0,1,10,28,28,24,34,9,58,69,67,65,56,0,0,0,0,25,0,0,30,0,11,21,0,0,0,81,82,65
l44,5=0,0,0,0,0,0,0,0,0,0,10,3,0,0,38,0,18,14,25,66,19,57,24,41,72,79,70,27,0,0,5,0,19,13,0,0,0,0,6,0,0,0,82,78,68

l0,6=0,82,89,93,91,85,83,87,78,76,79,85,73,91,52,0,76,51,0,31,0,0,0,0,0,0,0,0,0,0,75,0,0,0,0,0,0,0,0,0,0,0,0,0,0
l1,6=79,0,92,91,91,86,87,88,81,82,84,82,76,91,8,0,79,31,39,29,5,0,0,0,0,0,0,0,0,0,39,31,0,0,0,0,0,0,0,0,9,0,0,0,0
l2,6=73,88,0,93,75,86,87,88,82,70,42,82,76,91,40,0,77,31,33,29,0,0,0,0,0,36,0,0,0,0,14,17,0,0,0,0,0,0,0,0,0,0,0,0,0
l3,6=81,88,92,0,91,87,84,81,82,79,48,85,59,90,41,0,76,41,37,0,0,0,0,0,0,0,0,0,0,0,43,0,0,0,0,0,0,0,0,0,0,0,0,0,0
l4,6=81,88,77,93,0,88,85,86,78,78,32,85,78,81,0,0,56,0,36,4,0,0,0,0,0,0,0,0,0,0,56,63,0,0,0,0,0,0,0,0,0,0,0,0,0
l5,6=79,88,91,89,91,0,87,81,81,75,87,83,53,85,48,0,79,39,41,15,35,0,0,0,11,0,0,0,0,0,35,39,0,4,0,0,0,0,1,26,0,0,0,0,0
l6,6=78,88,92,76,89,85,0,88,75,82,88,77,76,59,54,0,77,19,47,18,47,11,0,0,0,31,0,0,0,0,57,20,0,0,0,0,0,0,0,0,0,0,0,0,0
l7,6=78,85,91,67,86,67,85,0,82,82,67,86,67,91,56,0,73,34,57,53,52,0,0,0,0,51,40,0,0,0,0,0,0,0,0,0,0,0,0,0,0,0,0,0,0
l8,6=76,85,92,83,82,82,77,88,0,82,69,86,77,87,66,0,75,27,45,57,0,37,32,40,45,52,43,44,0,0,0,0,0,0,0,0,0,0,0,0,0,0,0,0,0
l9,6=68,82,76,78,80,80,87,88,82,0,84,86,78,91,68,0,74,38,69,14,55,0,24,7,35,47,32,20,0,0,26,0,0,0,0,0,0,0,0,0,0,0,12,0,0
l10,6=33,40,41,45,25,70,71,73,64,70,0,83,76,86,72,0,83,53,57,34,64,37,18,31,44,50,58,18,0,0,31,29,0,0,0,0,0,0,0,0,0,23,25,24,1
l11,6=69,60,78,79,80,70,64,83,78,78,83,0,78,86,68,0,80,35,71,57,40,36,12,26,67,36,35,36,0,0,35,16,0,0,0,0,0,0,0,0,0,0,0,17,0
l12,6=67,79,89,38,80,37,79,81,79,78,90,86,0,91,71,0,81,47,73,60,68,0,0,17,66,40,54,30,0,0,21,23,0,0,0,0,0,0,0,0,0,0,27,24,0
l13,6=78,76,84,73,72,72,43,86,82,82,90,86,78,0,70,0,77,40,68,59,51,15,0,22,56,48,36,35,0,0,30,18,0,0,0,0,0,0,0,0,0,0,0,14,0
l14,6=7,1,27,37,28,25,16,53,51,44,84,40,66,49,0,0,79,66,82,63,67,46,29,18,41,35,0,23,0,0,48,12,0,17,0,0,0,0,33,0,24,0,29,35,30
l15,6=21,22,38,38,30,45,53,72,51,43,88,49,71,42,63,0,0,50,72,34,64,53,43,31,41,11,55,42,0,0,14,33,0,0,0,0,0,0,26,2,22,0,22,32,4
l16,6=8,4,28,45,0,27,15,42,22,26,40,26,23,25,53,0,76,0,45,37,67,18,0,6,42,18,55,24,0,0,51,71,0,0,0,0,0,0,61,1,75,26,28,34,5
l17,6=0,24,23,38,35,27,26,67,39,56,52,78,67,45,75,0,77,59,0,59,68,54,27,34,44,50,57,31,0,0,46,38,0,0,0,0,0,0,1,0,1,0,32,48,28
l18,6=11,16,28,0,15,6,3,57,42,0,26,36,48,48,70,0,65,64,67,0,73,52,43,54,70,61,64,66,0,0,25,28,44,36,0,17,23,25,52,9,50,28,40,61,29
l19,6=1,3,0,0,0,32,40,42,0,35,61,31,49,34,71,0,77,66,73,67,0,51,45,31,74,54,49,64,0,0,56,54,0,41,0,0,0,0,55,38,52,43,0,59,0
l20,6=0,0,0,0,0,0,2,0,15,0,22,27,0,14,21,0,53,16,45,47,23,0,76,76,72,67,61,78,0,0,0,0,43,27,0,23,29,23,62,23,17,14,51,30,29
l21,6=0,0,0,0,0,0,0,0,22,16,18,19,0,0,48,0,52,0,27,41,41,73,0,67,62,59,58,74,0,0,0,0,20,0,0,0,0,0,28,0,0,0,22,50,33
l22,6=0,0,0,0,0,0,0,0,14,0,21,25,12,24,25,0,44,28,38,48,20,66,40,0,77,68,72,78,0,0,2,0,0,58,0,24,55,37,44,11,19,19,56,41,31
l23,6=0,0,0,0,0,0,0,0,13,18,41,47,44,27,56,0,59,45,40,52,62,64,39,84,0,72,72,72,0,0,37,25,22,28,0,38,14,23,45,9,21,20,50,66,52
l24,6=0,0,9,0,0,0,9,56,29,18,52,21,34,38,17,0,15,24,55,57,59,58,52,84,77,0,72,77,0,0,0,12,14,38,0,23,6,0,29,0,11,21,50,65,61
l25,6=0,0,0,0,0,0,0,20,20,16,51,26,39,24,0,0,59,46,46,55,17,53,31,84,77,72,0,64,0,0,0,0,34,42,0,24,14,30,34,10,17,14,49,71,21
l26,6=0,0,0,0,0,0,0,0,13,8,11,22,9,23,17,0,42,18,29,55,60,68,72,81,72,67,66,0,0,0,2,0,47,55,0,30,38,23,66,17,16,12,62,36,17
l27,6=10,6,11,56,61,30,36,0,0,23,26,26,20,24,53,0,66,60,48,6,57,0,0,0,9,0,0,0,0,0,0,50,34,40,0,17,18,38,76,41,84,81,17,0,0
l28,6=0,18,18,0,63,41,23,0,0,0,34,35,33,34,36,0,70,67,43,33,69,0,0,0,39,27,0,0,0,0,90,0,60,41,0,27,34,69,68,65,82,80,30,0,0
l29,6=0,0,0,0,0,0,0,0,0,0,0,0,0,0,0,0,0,0,0,29,0,52,27,0,39,11,59,57,0,0,43,53,0,78,0,79,78,89,86,89,66,68,0,0,0
l30,6=0,0,0,0,0,2,0,0,0,0,0,0,0,0,18,0,0,0,0,17,19,45,0,67,57,50,60,65,0,0,63,54,70,0,0,79,78,86,86,63,89,83,0,15,11
l31,6=0,0,0,0,0,0,0,0,0,0,0,0,0,0,0,0,0,27,0,29,0,51,0,60,67,47,54,63,0,0,56,42,70,78,0,0,78,92,86,86,80,83,0,0,0
l32,6=0,0,0,0,0,0,0,0,0,0,0,0,0,0,0,0,0,0,0,27,0,49,0,67,55,43,53,54,0,0,44,35,70,76,0,79,0,89,83,77,67,55,24,0,0
l33,6=0,0,0,0,0,0,0,0,0,0,0,0,0,0,0,0,0,0,0,11,0,36,0,59,29,0,54,37,0,0,16,32,68,76,0,79,76,0,83,42,71,75,0,0,0
l34,6=0,0,0,0,0,0,0,0,0,0,0,0,0,0,23,0,43,43,1,27,49,53,36,47,44,29,56,66,0,0,62,32,70,78,0,78,72,85,0,89,89,89,31,25,0
l35,6=0,0,0,0,0,13,0,0,0,0,0,0,0,0,0,0,15,20,0,24,51,47,6,30,36,0,50,46,0,0,89,79,70,47,0,60,58,66,86,0,89,89,19,0,0
l36,6=0,0,0,0,0,0,0,0,0,0,0,0,0,0,20,0,57,65,6,32,50,48,0,32,26,6,59,47,0,0,92,80,68,78,0,56,58,79,86,89,0,89,0,20,0
l37,6=0,0,0,0,0,0,0,0,0,0,21,0,0,0,0,0,0,48,0,29,50,49,0,34,42,31,59,42,0,0,87,78,69,78,0,72,65,86,86,89,89,0,7,1,0
l38,6=0,0,0,0,0,0,0,0,0,0,9,0,10,0,14,0,19,22,6,39,0,30,13,49,53,28,44,57,0,0,1,4,0,0,0,0,3,0,7,0,0,0,0,73,64
l39,6=0,0,0,0,0,0,0,0,0,0,16,4,17,4,55,0,48,41,47,50,50,20,14,48,69,49,63,39,0,0,0,0,0,7,0,0,0,0,9,0,4,0,64,0,64
l40,6=0,0,0,0,0,0,0,0,0,0,0,0,0,0,44,0,20,18,25,35,0,28,24,39,46,55,23,15,0,0,0,0,0,15,0,0,0,0,0,0,0,0,58,70,0
l41,6=0,0,0,0,0,0,0,0,7,0,0,8,42,8,62,0,49,27,54,52,61,43,15,54,75,58,62,27,0,0,10,10,10,0,0,0,0,0,0,0,18,12,61,75,61
l42,6=0,0,0,0,0,0,0,0,0,0,7,0,0,0,29,0,0,24,26,46,28,24,0,64,62,62,62,65,0,0,0,0,15,0,0,0,9,11,20,0,13,0,67,75,49
l43,6=0,0,0,0,0,0,0,0,0,0,9,0,0,0,22,0,0,12,20,15,16,24,0,56,47,61,49,62,0,0,0,0,16,19,0,15,0,0,24,0,0,0,63,64,63
l44,6=0,0,0,0,0,0,0,0,0,0,0,0,5,0,19,0,24,21,2,16,3,24,23,35,70,65,61,57,0,0,0,1,0,4,0,0,0,0,0,0,2,0,66,75,66

l0,7=0,96,90,96,89,96,95,90,79,75,77,88,79,93,24,0,61,52,50,12,0,0,0,0,0,0,0,0,0,0,0,46,0,0,0,0,0,0,0,0,0,4,0,0,0
l1,7=97,0,90,96,89,96,95,89,82,91,89,91,80,93,0,0,70,0,85,22,0,0,0,0,0,0,0,0,0,0,0,0,0,0,0,0,0,0,0,0,0,0,0,0,0
l2,7=97,96,0,96,89,96,95,89,80,81,78,89,79,93,40,0,47,46,77,22,15,0,0,0,0,4,0,0,0,0,67,0,0,0,0,0,0,0,0,0,0,0,0,0,0
l3,7=97,96,90,0,89,96,95,84,77,86,72,81,79,92,21,0,42,39,73,15,0,0,0,0,0,0,0,0,0,0,75,27,0,0,0,0,0,0,0,0,0,0,0,0,0
l4,7=97,96,88,96,0,96,95,89,80,87,88,91,78,90,6,0,46,32,0,23,0,0,0,0,0,0,0,0,0,0,84,8,0,0,0,0,0,0,0,0,0,0,0,0,0
l5,7=97,96,90,96,89,0,95,88,82,83,91,90,75,92,36,0,56,46,86,18,18,0,0,0,0,0,0,0,0,0,83,11,0,0,0,0,0,0,0,0,0,0,0,0,0
l6,7=97,94,90,95,89,96,0,90,80,91,90,88,77,90,72,0,48,39,84,0,31,0,0,9,0,29,0,0,0,0,65,16,0,0,0,0,0,0,0,0,0,0,0,0,0
l7,7=88,84,84,85,81,89,95,0,82,91,83,91,69,93,77,0,67,61,0,73,54,29,18,0,26,68,52,64,0,0,0,0,0,0,0,0,0,0,0,0,0,0,0,0,0
l8,7=95,93,88,89,84,92,92,90,0,89,89,90,80,90,73,0,65,19,74,72,24,38,56,50,20,28,53,42,0,0,0,0,0,0,0,0,0,0,0,0,0,0,0,0,0
l9,7=77,92,80,91,82,85,95,90,82,0,84,91,81,93,74,0,69,0,82,37,42,21,0,22,0,30,53,0,0,0,30,13,0,0,0,0,0,0,0,0,0,0,0,46,0
l10,7=52,78,72,49,62,92,57,53,63,80,0,89,80,90,79,0,71,50,89,26,26,18,41,56,21,26,60,0,0,0,39,24,0,0,0,0,0,0,0,0,0,0,49,44,0
l11,7=78,88,88,77,84,92,52,86,77,88,90,0,83,90,79,0,67,21,89,45,0,16,0,43,22,17,49,60,0,0,10,0,0,0,0,0,0,0,0,0,0,0,0,57,0
l12,7=86,93,86,85,75,70,61,49,77,88,91,91,0,93,79,0,71,21,89,28,19,0,42,35,24,27,63,40,0,0,27,15,0,0,0,0,0,0,0,0,0,0,29,41,0
l13,7=95,93,88,83,76,92,90,86,77,88,90,90,83,0,79,0,0,51,88,78,62,2,51,46,28,32,0,30,0,0,12,11,0,0,0,0,0,0,0,0,0,0,0,12,0
l14,7=12,0,21,6,15,50,17,28,42,62,90,80,77,79,0,0,75,80,91,83,25,27,0,44,21,24,59,63,0,0,70,23,0,0,0,0,0,0,18,0,3,0,42,63,0
l15,7=44,61,36,20,23,57,15,31,50,59,92,83,79,0,81,0,0,51,83,28,27,20,45,26,23,22,56,48,0,0,34,20,0,1,0,0,0,0,0,3,26,0,25,42,0
l16,7=35,0,56,17,12,33,14,25,9,0,45,10,12,28,55,0,47,0,89,31,50,10,0,17,23,24,57,25,0,0,89,95,0,16,0,0,0,3,12,13,55,21,30,69,12
l17,7=6,21,22,34,1,71,26,0,43,70,90,88,80,52,83,0,62,57,0,29,28,21,5,47,23,27,59,59,0,0,82,23,0,0,0,0,0,0,0,4,0,11,32,56,19
l18,7=7,37,42,0,16,29,0,53,39,29,58,57,53,65,81,0,57,74,68,0,78,56,53,11,60,74,73,71,0,0,58,42,18,16,0,0,1,0,30,19,46,26,55,65,11
l19,7=0,0,19,0,0,31,17,20,27,50,70,0,51,34,79,0,75,83,84,83,0,20,26,54,82,55,56,60,0,0,58,17,0,25,0,0,0,1,16,20,30,0,55,59,19
l20,7=0,0,0,0,0,0,0,11,30,17,16,15,10,4,43,0,43,16,32,72,26,0,78,82,76,79,68,84,0,0,0,0,61,35,0,16,33,6,69,11,0,0,39,61,64
l21,7=0,0,0,0,0,0,0,21,54,0,28,0,37,44,1,0,53,0,17,69,46,74,0,77,75,67,71,82,0,0,0,0,31,0,0,0,12,0,15,18,0,0,32,58,59
l22,7=0,0,0,0,0,0,0,0,20,5,47,30,18,22,31,0,35,23,61,7,60,64,63,0,80,80,81,80,0,0,0,0,64,73,0,34,64,24,67,23,22,35,64,68,36
l23,7=0,0,0,0,0,0,0,11,18,0,37,32,48,15,56,0,55,54,60,70,63,61,60,86,0,91,83,80,0,0,10,7,23,39,0,33,13,0,22,8,24,19,62,71,71
l24,7=0,0,0,0,0,0,9,56,21,26,55,22,54,21,59,0,40,39,74,77,62,73,52,86,83,0,83,83,0,0,29,0,8,26,0,25,13,0,7,46,18,16,68,71,73
l25,7=0,0,0,0,0,0,0,15,24,23,49,30,48,0,57,0,51,52,61,73,28,46,30,86,83,91,0,70,0,0,0,7,36,56,0,16,25,23,23,19,28,21,64,79,69
l26,7=0,0,0,0,0,0,0,19,14,0,0,24,17,14,31,0,21,15,46,72,47,73,69,86,77,81,75,0,0,0,17,0,57,64,0,24,56,26,69,24,22,18,67,27,35
l27,7=0,0,81,35,31,51,26,0,0,5,40,29,30,4,49,0,48,59,90,31,28,0,0,0,0,24,0,26,0,0,0,95,15,64,0,21,37,20,53,35,58,64,0,0,14
l28,7=40,0,0,29,13,28,13,0,0,33,45,0,28,24,71,0,43,84,84,47,27,0,0,1,16,0,39,0,0,0,95,0,23,75,0,27,45,20,18,48,71,58,0,0,0
l29,7=0,0,0,0,0,0,0,0,0,0,0,0,0,0,0,0,0,0,0,58,0,59,13,66,59,1,32,66,0,0,59,44,0,88,0,68,85,86,92,84,82,79,0,35,0
l30,7=0,0,0,0,0,0,0,0,0,0,0,0,0,0,0,0,0,14,0,17,21,24,0,67,32,4,43,71,0,0,70,69,81,0,0,61,84,81,91,74,94,79,0,0,4
l31,7=0,0,0,0,0,0,0,0,0,0,0,0,0,0,0,0,0,5,0,0,0,30,0,73,71,69,72,69,0,0,57,37,81,88,0,0,85,90,92,72,92,75,0,0,0
l32,7=0,0,0,0,0,0,0,0,0,0,0,0,0,0,0,0,0,0,0,0,0,60,8,72,59,31,29,58,0,0,61,63,81,86,0,68,0,90,88,79,56,34,0,27,0
l33,7=0,0,0,0,0,0,0,0,0,0,0,0,0,0,0,0,0,0,0,0,0,0,0,43,0,0,29,56,0,0,58,38,81,87,0,68,85,0,89,57,63,59,18,0,0
l34,7=0,0,0,0,0,0,0,0,0,0,0,0,0,0,18,0,0,30,7,44,21,65,16,70,45,3,65,74,0,0,78,22,81,88,0,68,84,86,0,84,94,89,16,28,0
l35,7=0,0,0,0,0,0,0,0,0,0,0,0,0,0,0,0,13,44,28,58,21,24,9,23,18,72,59,71,0,0,76,81,81,86,0,46,80,59,92,0,94,89,25,0,0
l36,7=0,0,0,0,0,0,0,0,0,0,0,0,7,0,0,0,38,83,0,80,24,0,0,23,49,26,69,69,0,0,95,65,49,88,0,36,51,49,92,84,0,89,0,0,0
l37,7=12,0,0,0,0,0,0,0,0,0,0,0,0,0,7,0,0,57,51,39,0,0,0,26,30,44,66,66,0,0,86,58,81,88,0,31,51,47,92,84,94,0,6,0,0
l38,7=0,0,0,0,0,0,0,0,0,0,11,0,10,0,10,0,9,18,13,53,15,9,23,68,71,76,72,65,0,0,0,0,0,0,0,0,0,6,8,5,0,0,0,73,77
l39,7=0,0,0,0,0,0,0,0,0,12,12,17,15,1,47,0,26,53,57,59,31,35,25,63,71,54,82,20,0,0,0,0,6,0,0,0,5,0,8,0,0,0,71,0,74
l40,7=0,0,0,0,0,0,0,0,0,0,0,0,0,0,0,0,0,21,34,8,12,33,21,31,60,48,60,38,0,0,6,0,0,1,0,0,0,0,0,0,0,0,68,71,0
l41,7=0,0,0,0,0,0,0,3,22,0,14,0,48,0,63,0,44,26,62,65,59,38,10,31,83,81,77,56,0,0,0,23,9,0,0,0,2,0,7,0,0,11,68,79,73
l42,7=0,0,0,0,0,0,0,0,0,0,0,2,0,0,46,0,19,26,22,48,28,43,19,37,65,81,79,67,0,0,0,0,19,19,0,0,0,3,0,0,0,0,68,78,67
l43,7=0,0,0,0,0,0,0,0,0,0,4,0,0,0,1,0,7,21,25,26,22,35,0,38,71,73,76,39,0,0,0,0,32,0,0,13,0,0,23,9,15,0,68,71,73
l44,7=0,0,0,0,0,0,0,0,0,0,0,0,4,0,26,0,17,23,3,17,28,19,31,76,72,69,68,67,0,0,0,0,7,11,0,0,0,0,10,0,0,0,68,74,73

l0,8=0,100,99,100,100,97,99,98,92,96,0,99,100,97,50,0,99,53,73,0,0,0,0,0,0,0,0,0,0,0,73,0,0,0,0,0,0,0,0,0,0,0,0,0,0
l1,8=100,0,98,100,100,97,99,99,99,96,99,99,100,87,89,0,89,82,88,89,0,0,0,0,2,0,0,0,0,0,80,0,0,0,0,0,0,0,0,0,51,0,0,0,0
l2,8=100,100,0,100,100,94,99,0,99,96,99,99,11,97,9,0,63,60,91,60,56,0,0,0,35,0,0,0,0,0,83,0,0,0,0,0,0,0,0,0,0,0,0,13,0
l3,8=100,100,99,0,100,99,99,99,99,96,98,92,100,97,0,0,95,9,83,84,0,0,0,0,0,0,0,0,0,0,88,76,0,0,0,0,0,0,0,0,0,0,0,0,0
l4,8=100,100,98,100,0,97,99,99,99,96,86,99,61,97,0,0,63,57,60,97,0,0,0,0,0,0,0,0,0,0,92,42,0,0,0,0,0,0,0,0,0,0,0,0,0
l5,8=100,100,99,100,100,0,99,99,99,96,99,99,61,97,54,0,100,51,81,88,58,0,0,0,0,0,0,0,0,0,81,75,0,0,0,0,0,0,0,0,0,0,0,0,0
l6,8=100,100,98,100,100,97,0,99,99,96,99,99,100,97,95,0,77,55,99,0,59,0,0,0,0,49,0,0,0,0,72,69,0,0,0,0,0,0,0,0,0,0,0,0,0
l7,8=94,100,92,97,94,97,99,0,99,97,99,99,100,98,91,0,100,86,93,95,95,38,0,73,85,91,85,0,0,0,0,0,0,0,0,0,0,0,0,0,0,0,0,0,0
l8,8=91,100,99,99,95,97,95,99,0,97,94,99,100,95,91,0,96,48,93,95,94,76,2,77,83,0,46,79,0,0,38,0,0,0,0,0,0,0,0,0,0,0,31,0,0
l9,8=93,100,90,97,98,88,99,99,99,0,96,99,100,98,91,0,100,0,73,93,93,42,0,71,76,53,52,0,0,0,47,64,0,0,0,0,0,0,0,0,0,0,0,76,0
l10,8=0,92,56,56,49,88,95,94,96,90,0,89,100,97,96,0,100,51,95,89,59,46,52,82,88,49,53,0,0,0,20,76,0,0,0,0,0,0,0,0,0,0,0,80,0
l11,8=93,93,57,59,94,90,95,99,99,91,94,0,100,97,91,0,96,40,94,90,9,19,0,82,85,19,53,67,0,0,74,0,0,0,0,0,0,0,0,0,0,0,38,60,5
l12,8=93,94,0,81,70,88,95,94,99,97,99,99,0,98,91,0,100,58,95,93,60,13,70,63,79,54,54,63,0,0,83,51,0,0,0,0,0,0,0,0,0,0,78,73,20
l13,8=93,83,93,97,71,95,95,99,96,97,95,99,100,0,91,0,96,58,94,91,58,47,70,83,84,53,0,67,0,0,51,70,0,0,0,0,0,0,0,0,61,0,1,0,0
l14,8=46,69,0,0,0,63,93,94,91,90,99,89,60,91,0,0,64,66,99,100,63,51,46,84,90,54,54,43,0,0,91,78,0,0,0,0,0,0,15,0,42,33,54,84,74
l15,8=89,74,50,55,62,95,88,98,97,96,99,99,100,95,96,0,0,64,99,96,60,51,0,84,93,55,53,71,0,0,87,80,0,0,0,0,0,0,25,27,50,0,39,84,55
l16,8=67,64,23,0,47,70,53,91,17,0,37,30,46,54,65,0,63,0,99,98,88,0,0,0,89,55,52,3,0,0,100,82,0,10,0,0,35,20,60,95,100,93,41,83,51
l17,8=14,82,17,10,36,54,70,55,55,13,99,90,61,91,96,0,64,66,0,97,98,36,66,84,89,55,52,65,0,0,87,45,0,0,0,0,0,0,0,29,18,10,64,80,70
l18,8=0,39,0,17,50,49,0,91,87,71,58,68,89,79,96,0,84,99,90,0,99,89,79,90,96,93,93,88,0,0,82,71,34,0,0,0,0,0,80,43,64,73,72,79,71
l19,8=0,0,26,0,0,77,66,83,85,86,90,33,62,79,96,0,97,99,99,99,0,51,1,90,95,87,91,72,0,0,97,8,0,38,0,0,0,0,72,84,89,74,60,88,55
l20,8=0,0,0,0,0,0,0,51,67,23,59,25,32,67,73,0,72,22,69,91,54,0,98,89,90,92,73,89,0,0,0,0,66,65,0,0,61,0,68,32,26,18,57,69,71
l21,8=0,0,0,0,0,0,0,0,15,0,51,17,68,66,63,0,0,0,67,87,0,90,0,89,92,78,52,88,0,0,0,0,55,59,0,0,66,0,59,5,0,0,62,69,63
l22,8=0,0,0,0,0,0,0,26,35,5,56,27,29,41,60,0,58,0,45,82,61,86,69,0,96,89,93,89,0,0,5,5,49,69,0,50,31,24,81,30,0,57,57,80,58
l23,8=0,0,0,0,0,0,0,54,39,4,55,50,63,55,67,0,70,64,69,91,73,83,67,90,0,97,94,88,0,0,37,0,60,61,0,49,53,0,63,47,64,50,62,88,84
l24,8=0,0,0,0,0,0,41,70,0,36,49,39,69,57,74,0,65,68,83,85,61,86,65,89,96,0,94,88,0,0,30,18,24,31,0,18,33,33,41,21,67,14,79,66,64
l25,8=0,0,0,0,0,0,0,59,34,44,62,47,69,0,68,0,66,68,65,83,58,75,20,90,96,97,0,75,0,0,0,11,39,66,0,48,66,43,61,14,30,40,70,90,65
l26,8=0,0,0,0,0,0,0,1,37,0,0,46,32,20,28,0,65,13,67,88,48,87,80,90,91,89,57,0,0,0,14,0,39,65,0,19,72,16,77,20,25,27,68,69,41
l27,8=83,70,23,24,67,91,61,0,35,11,4,43,36,45,65,0,60,98,97,98,63,0,0,26,85,19,0,15,0,0,0,100,0,61,0,60,59,43,100,97,100,100,18,15,25
l28,8=0,0,0,31,59,96,43,0,0,25,62,0,41,89,95,0,64,99,97,100,0,0,0,39,0,20,17,0,0,0,100,0,59,61,0,64,63,38,91,100,100,63,20,70,0
l29,8=0,0,0,0,0,0,0,0,0,0,0,0,0,0,0,0,0,0,0,80,0,86,21,82,91,52,77,88,0,0,0,82,0,100,0,100,99,99,100,100,100,99,52,42,0
l30,8=0,0,0,0,7,0,0,0,0,0,0,0,0,0,0,0,10,25,0,0,16,27,12,90,93,24,93,88,0,0,95,88,100,0,0,99,98,98,99,100,100,99,0,0,0
l31,8=0,0,0,0,0,0,0,0,0,0,0,0,0,0,0,0,0,26,0,0,0,0,0,88,91,44,65,57,0,0,82,61,100,100,0,0,99,99,100,99,100,100,0,0,0
l32,8=0,0,0,0,0,0,0,0,0,0,0,0,0,0,0,0,0,39,0,0,0,48,23,61,87,84,84,88,0,0,81,85,100,100,0,100,0,99,100,90,89,87,0,25,0
l33,8=0,0,0,0,0,0,0,0,0,0,0,0,0,0,0,0,0,68,0,0,0,0,0,62,2,85,82,81,0,0,83,20,100,100,0,100,99,0,72,100,100,36,0,0,0
l34,8=0,0,0,0,0,0,0,0,0,0,0,0,0,0,0,0,32,64,0,99,46,53,59,91,95,54,55,89,0,0,98,88,100,100,0,100,99,99,0,100,100,100,0,74,0
l35,8=0,0,0,0,0,0,0,0,0,0,0,0,0,0,1,0,38,99,70,91,51,21,1,88,93,50,23,45,0,0,99,90,100,100,0,88,60,99,100,0,100,100,1,0,0
l36,8=0,5,0,0,0,0,0,0,0,0,0,0,0,17,45,0,65,99,33,98,48,4,0,1,96,97,32,69,0,0,100,100,84,100,0,92,63,61,100,100,0,100,0,0,0
l37,8=0,0,0,0,0,0,0,0,0,0,0,0,0,0,25,0,2,66,31,97,47,4,0,89,95,11,51,69,0,0,100,72,84,100,0,92,63,48,100,100,100,0,0,4,0
l38,8=0,0,0,0,0,0,0,0,1,0,0,10,20,0,25,0,10,24,43,59,16,15,35,55,69,86,66,67,0,0,1,10,13,0,0,0,0,4,0,0,0,0,0,89,84
l39,8=0,0,0,0,0,0,0,0,0,11,48,8,14,0,47,0,39,33,54,59,54,36,28,74,93,43,92,64,0,0,0,8,6,0,0,0,20,0,23,0,0,0,84,0,84
l40,8=0,0,0,0,0,0,0,0,0,0,0,2,10,0,57,0,13,19,27,54,7,55,18,53,86,61,64,55,0,0,0,0,0,0,0,0,0,0,0,0,0,0,83,89,0
l41,8=0,0,0,0,0,26,0,16,16,6,36,31,68,36,80,0,38,16,81,75,66,74,53,83,94,94,92,79,0,0,25,67,0,0,0,6,21,0,0,0,0,16,83,89,84
l42,8=0,0,0,0,0,0,0,0,0,0,0,0,0,0,55,0,23,17,27,75,43,69,18,73,77,92,89,87,0,0,0,0,7,17,0,0,0,8,24,0,0,0,78,90,24
l43,8=0,0,0,0,0,0,0,0,0,0,0,0,0,0,18,0,0,24,28,60,50,62,10,59,69,69,87,25,0,0,0,0,34,30,0,0,24,0,24,15,0,0,72,80,83
l44,8=0,0,0,0,0,0,0,0,0,0,0,0,3,2,60,0,13,15,28,64,21,18,52,76,83,75,60,57,0,0,0,0,0,17,0,0,0,0,0,0,0,0,64,81,65

l0,9=0,95,99,100,95,100,100,6,96,100,90,100,96,96,79,0,0,0,0,0,0,0,0,0,0,0,0,0,0,0,0,0,0,0,0,0,0,0,0,0,0,0,0,0,0
l1,9=95,0,99,100,96,99,100,94,96,100,97,100,96,100,80,0,87,84,0,28,0,0,0,0,0,50,0,0,0,0,70,75,0,0,0,0,0,0,0,0,0,0,0,0,0
l2,9=95,93,0,100,95,99,100,98,98,100,93,100,96,100,98,0,2,49,93,96,0,0,0,0,6,0,0,0,0,0,64,72,0,0,0,0,0,0,0,0,0,0,0,0,0
l3,9=95,95,99,0,97,100,100,96,96,100,89,94,96,100,0,0,50,0,0,88,0,0,0,0,0,0,0,0,0,0,81,74,0,0,0,0,0,0,0,0,0,0,0,0,0
l4,9=95,95,99,100,0,100,100,82,96,60,95,100,96,100,57,0,56,44,80,91,0,0,0,0,0,0,0,0,0,0,89,86,0,0,0,0,0,0,0,0,0,0,0,0,0
l5,9=95,95,99,100,97,0,100,95,96,81,96,100,67,100,81,0,96,45,0,82,73,0,0,0,0,47,0,0,0,0,79,0,0,0,0,0,0,0,0,0,25,0,0,0,0
l6,9=95,95,100,100,94,99,0,99,96,100,100,100,96,100,98,0,93,86,95,0,78,0,0,0,0,40,0,0,0,0,55,77,0,0,0,0,0,0,0,0,0,0,0,0,0
l7,9=89,95,100,100,94,99,100,0,98,100,100,100,96,100,97,0,98,77,0,99,80,99,0,0,90,99,55,45,0,0,0,0,0,0,0,0,0,0,0,0,0,0,0,22,0
l8,9=95,95,100,100,94,99,100,98,0,100,100,100,96,100,98,0,97,80,95,99,77,54,0,74,83,65,58,52,0,0,0,0,0,0,0,0,0,0,0,0,0,0,0,44,0
l9,9=95,93,100,100,94,99,100,98,97,0,100,100,99,100,98,0,98,44,100,99,92,34,0,62,83,42,43,29,0,0,70,60,0,0,0,0,0,0,0,0,0,0,0,0,0
l10,9=66,91,61,97,59,97,100,85,74,60,0,100,99,100,98,0,98,48,96,98,86,35,23,76,86,44,38,0,0,0,90,89,0,0,0,0,0,0,0,0,9,2,35,83,87
l11,9=95,93,100,98,94,100,100,99,98,100,100,0,99,100,98,0,98,51,100,99,48,0,0,75,88,43,38,33,0,0,0,0,0,0,0,0,0,0,0,0,0,0,8,75,47
l12,9=79,90,99,100,92,93,97,98,98,100,100,100,0,100,98,0,98,56,93,99,34,34,32,0,59,42,37,27,0,0,83,46,0,0,0,0,0,0,0,0,21,2,32,72,0
l13,9=64,93,99,100,94,99,100,97,98,100,100,100,99,0,98,0,98,44,100,94,88,33,0,71,91,55,36,24,0,0,81,79,0,0,0,0,0,0,0,0,47,0,0,0,0
l14,9=5,15,65,0,22,53,93,65,36,34,100,78,71,98,0,0,81,50,100,99,94,35,11,75,92,55,37,33,0,0,97,99,0,0,0,0,0,0,32,0,19,13,36,0,94
l15,9=0,83,0,59,58,96,94,84,37,59,100,99,99,100,98,0,0,49,100,99,73,35,33,75,92,55,37,33,0,0,83,94,5,14,0,0,0,0,53,21,53,35,35,79,94
l16,9=0,89,43,0,38,96,94,67,34,34,98,78,71,60,98,0,57,0,87,99,96,0,0,75,93,57,37,0,0,0,99,100,25,0,0,0,50,25,55,60,60,37,36,88,0
l17,9=0,0,47,0,33,0,95,0,36,34,100,87,71,100,98,0,98,49,0,99,100,32,32,73,92,57,38,33,0,0,98,89,0,0,0,0,0,0,0,56,1,0,34,86,83
l18,9=0,0,44,43,54,27,0,78,38,33,97,96,96,97,97,0,96,95,98,0,99,44,38,97,95,71,96,99,0,0,96,93,42,35,0,32,10,11,61,30,65,40,37,89,97
l19,9=0,0,0,0,0,59,73,70,35,35,98,53,69,98,98,0,56,97,100,99,0,35,0,83,93,71,59,33,0,0,97,98,0,20,0,0,0,0,58,46,59,37,37,88,97
l20,9=0,0,0,0,0,0,0,87,80,74,81,0,88,81,82,0,84,2,81,97,76,0,100,98,93,97,96,99,0,0,0,0,82,85,0,0,75,0,89,75,14,7,76,84,77
l21,9=0,0,0,0,0,0,0,22,0,0,86,1,97,13,93,0,91,0,98,98,0,100,0,97,93,97,79,99,0,0,0,0,0,65,0,0,82,0,53,41,0,0,91,93,84
l22,9=0,0,0,0,0,0,0,0,80,21,83,63,0,81,79,0,83,76,74,96,97,99,84,0,95,97,96,99,0,0,0,0,81,90,0,79,81,0,92,74,79,81,76,94,81
l23,9=0,0,0,0,0,0,0,63,26,25,73,61,22,85,93,0,96,80,96,98,95,98,94,98,0,99,98,99,0,0,71,0,91,52,0,73,71,71,79,46,45,78,93,95,97
l24,9=0,48,0,0,0,74,63,92,85,60,85,66,81,90,91,0,94,94,98,96,97,98,96,97,96,0,98,99,0,0,55,0,92,84,0,24,86,78,82,87,94,88,93,95,90
l25,9=0,0,0,0,0,0,0,58,47,26,92,67,87,79,88,0,82,63,87,93,93,95,28,97,96,99,0,98,0,0,0,16,92,88,0,45,91,86,83,28,48,0,93,95,97
l26,9=0,0,0,0,0,0,0,50,77,31,0,87,77,75,92,0,83,0,92,98,91,98,98,98,93,97,96,0,0,0,0,0,78,97,0,74,90,76,97,49,39,88,93,88,97
l27,9=0,25,54,98,58,38,21,0,0,25,61,0,68,97,86,0,49,97,87,70,67,0,0,0,90,35,0,0,0,0,0,100,20,26,0,21,85,98,55,62,44,38,0,0,10
l28,9=0,28,92,96,57,0,35,0,0,14,62,0,68,95,95,0,69,49,34,38,53,0,0,0,0,0,15,0,0,0,99,0,43,17,0,18,90,0,56,25,97,34,0,78,0
l29,9=0,0,0,0,0,0,0,0,0,0,0,0,0,0,0,0,4,51,0,38,0,78,0,72,92,84,97,30,0,0,16,91,0,100,0,100,100,100,99,98,99,98,37,62,0
l30,9=0,0,0,0,22,0,0,0,0,0,0,0,0,0,8,0,26,0,0,19,23,96,34,97,89,49,93,99,0,0,40,37,99,0,0,100,100,100,99,98,100,99,6,24,9
l31,9=0,0,0,0,0,0,0,0,0,0,0,0,0,0,0,0,0,3,0,34,0,0,0,88,86,36,85,54,0,0,62,37,99,100,0,0,100,100,99,63,99,85,0,0,24
l32,9=0,0,0,0,0,0,0,0,0,0,0,0,0,0,0,0,0,34,0,0,0,95,51,90,87,88,97,99,0,0,22,75,99,100,0,100,0,100,99,41,98,99,0,0,0
l33,9=0,0,0,0,0,0,0,0,0,0,0,0,0,0,0,0,0,2,0,0,0,0,0,0,81,74,87,6,0,0,21,0,99,100,0,100,100,0,99,86,90,93,0,0,0
l34,9=0,0,0,0,0,0,0,0,0,0,0,0,0,0,36,0,46,48,0,38,49,60,31,99,95,54,84,100,0,0,44,60,99,100,0,100,100,100,0,98,100,99,0,52,0
l35,9=0,0,0,0,0,0,0,0,0,0,0,0,0,0,15,0,55,96,33,38,52,34,25,75,93,70,36,33,0,0,65,60,99,100,0,21,89,100,99,0,100,99,0,0,0
l36,9=0,0,0,0,0,10,0,0,0,0,0,0,74,93,80,0,96,97,1,38,59,6,0,83,93,99,55,5,0,0,45,61,60,100,0,64,91,100,99,98,0,83,0,72,0
l37,9=0,0,0,0,0,0,0,0,0,0,12,0,58,0,85,0,51,48,0,38,52,6,0,74,94,54,0,33,0,0,98,61,75,71,0,21,100,100,99,98,100,0,0,0,0
l38,9=0,0,0,0,0,0,0,0,0,0,41,0,37,0,64,0,23,23,43,81,25,21,23,59,93,94,96,92,0,0,0,0,25,8,0,0,0,0,0,0,0,0,0,96,98
l39,9=0,0,0,0,0,0,0,0,2,0,85,21,31,0,0,0,21,66,90,94,85,77,24,94,93,93,96,81,0,0,0,35,25,0,0,0,0,0,19,0,10,0,93,0,97
l40,9=0,0,0,0,0,0,0,0,0,0,31,17,0,0,78,0,22,0,60,88,47,19,16,85,91,89,93,89,0,0,0,0,0,0,0,0,0,0,0,0,0,0,93,95,0
l41,9=0,0,26,0,0,0,0,36,11,0,0,45,55,70,95,0,95,87,96,98,88,54,25,94,93,97,96,26,0,0,38,84,0,0,0,12,52,0,33,3,0,0,93,95,97
l42,9=0,0,0,0,0,0,0,0,0,0,0,0,0,0,53,0,19,40,67,96,81,94,0,93,93,97,96,99,0,0,0,0,0,0,0,0,0,0,66,0,0,3,93,95,88
l43,9=0,0,0,0,0,0,0,0,0,0,0,0,0,0,72,0,0,0,66,0,69,76,34,84,76,84,96,84,0,0,0,0,65,0,0,0,61,0,0,0,0,0,93,85,90
l44,9=0,0,0,0,0,0,0,0,0,0,0,0,37,64,77,0,35,27,53,97,72,31,77,97,93,97,96,73,0,0,0,0,0,17,0,11,31,0,0,0,0,0,93,95,93

l0,10=0,88,92,90,91,85,90,0,81,84,83,88,76,92,44,0,67,52,41,0,6,0,0,0,0,0,0,0,0,0,0,81,0,0,0,0,0,0,0,0,0,0,0,0,0
l1,10=77,0,94,90,91,88,90,0,81,84,77,73,76,60,45,0,49,50,2,47,0,0,0,0,0,51,0,0,0,0,39,66,0,0,0,0,0,0,0,0,0,0,0,0,0
l2,10=77,89,0,90,91,89,90,0,81,92,85,93,87,96,49,0,59,46,49,59,0,0,0,0,43,12,0,0,0,0,11,68,0,0,0,0,0,0,0,0,0,0,0,64,0
l3,10=77,89,92,0,91,88,90,0,81,84,82,90,76,92,0,0,76,22,41,0,0,0,0,0,0,0,0,0,0,0,81,73,0,0,0,0,0,0,0,0,0,0,0,0,0
l4,10=77,89,94,90,0,89,90,1,81,81,83,77,76,90,55,0,78,75,0,0,0,0,0,0,0,0,0,0,0,0,62,69,0,0,0,0,0,0,0,0,0,0,0,0,0
l5,10=77,89,94,90,91,0,90,1,81,85,89,93,86,95,47,0,49,47,44,35,0,0,0,0,0,0,0,0,0,0,45,0,0,0,0,0,0,0,5,0,42,0,0,0,0
l6,10=75,89,94,90,91,85,0,0,81,92,87,93,76,96,9,0,82,53,40,0,0,0,0,0,23,17,0,0,0,0,40,67,0,0,0,0,0,0,0,0,0,0,0,0,0
l7,10=72,89,94,84,89,88,90,0,81,92,88,93,87,96,77,0,85,82,56,78,59,55,0,37,27,77,67,37,0,0,0,59,0,0,0,0,0,0,0,0,0,0,0,38,0
l8,10=75,89,94,90,87,88,90,0,0,92,88,93,87,96,77,0,46,40,77,70,57,48,0,20,53,49,61,34,0,0,10,0,0,0,0,0,0,0,0,0,0,0,0,16,0
l9,10=76,89,94,90,90,88,90,0,81,0,88,93,92,96,86,0,86,68,83,63,62,54,0,32,69,63,51,20,0,0,0,40,0,0,0,0,0,0,0,0,0,0,0,0,0
l10,10=72,85,76,66,41,88,90,0,81,90,0,93,92,96,88,0,88,54,82,0,74,46,1,55,68,71,79,30,0,0,23,79,0,0,0,0,0,0,0,0,26,0,55,63,57
l11,10=64,47,94,74,39,89,90,0,81,92,88,0,92,96,86,0,86,37,83,80,57,24,0,31,54,51,56,30,0,0,1,64,0,0,0,0,0,0,0,0,0,0,0,19,0
l12,10=74,89,94,76,53,88,84,0,81,92,95,93,0,96,86,0,87,89,83,47,48,47,19,14,51,77,68,23,0,0,30,0,0,0,0,0,0,0,0,0,0,0,51,0,4
l13,10=75,79,94,88,51,88,90,0,81,92,88,93,92,0,76,0,85,32,83,59,69,1,29,28,5,49,47,24,0,0,23,60,0,0,0,0,0,0,0,0,0,0,0,9,0
l14,10=24,78,84,0,7,11,3,0,49,83,95,88,92,51,0,0,88,76,83,5,95,30,6,4,72,78,37,15,0,0,56,89,0,5,0,0,0,0,0,13,0,29,60,54,56
l15,10=29,52,68,58,43,6,79,0,38,90,95,93,92,69,88,0,0,57,83,75,75,34,5,31,74,70,26,40,0,0,50,87,0,1,0,0,0,0,0,4,44,25,10,81,3
l16,10=45,84,55,0,9,27,62,0,56,81,86,41,92,23,88,0,71,0,51,75,95,23,0,34,78,73,53,0,0,0,99,93,63,0,0,0,7,0,37,21,93,40,61,91,23
l17,10=19,0,79,23,1,50,60,1,49,51,94,91,84,91,88,0,88,85,0,93,95,0,10,29,73,71,44,18,0,0,82,78,0,0,0,0,0,0,0,25,15,4,41,54,79
l18,10=0,54,74,0,7,20,0,0,69,68,1,80,71,55,0,0,87,94,83,0,95,63,51,81,85,86,70,84,0,0,47,73,57,45,0,0,0,0,35,56,80,81,84,76,88
l19,10=9,0,0,0,0,0,0,1,71,45,90,82,76,63,88,0,71,97,83,93,0,60,0,54,85,85,76,49,0,0,58,87,0,11,0,0,0,0,30,59,80,83,22,89,89
l20,10=0,0,0,0,0,0,0,0,60,69,68,67,71,7,60,0,63,63,16,85,71,0,98,88,81,85,84,87,0,0,0,0,74,76,0,72,64,0,81,73,0,0,67,67,70
l21,10=0,0,0,0,0,0,0,0,0,0,37,0,80,80,74,0,71,0,65,93,0,91,0,90,85,88,89,87,0,0,0,0,2,80,0,0,4,0,34,0,0,11,64,80,80
l22,10=0,0,0,0,0,0,0,3,45,49,68,59,52,70,26,0,55,65,62,77,75,88,81,0,85,85,89,90,0,0,0,0,80,76,0,69,72,59,82,70,54,66,79,73,68
l23,10=0,0,48,0,0,0,0,15,52,59,58,55,59,0,59,0,69,73,66,91,77,77,81,88,0,88,92,86,0,0,63,3,77,80,0,77,67,51,74,77,58,69,90,89,89
l24,10=0,50,0,0,0,0,33,0,50,59,68,62,73,65,64,0,65,67,68,92,84,82,84,88,85,0,92,67,0,0,0,59,71,71,0,58,74,0,54,56,68,73,67,89,62
l25,10=0,0,0,0,0,0,0,1,52,35,79,55,70,64,46,0,51,60,72,75,85,84,63,90,85,88,0,88,0,0,8,0,82,67,0,64,82,63,75,62,49,62,91,92,90
l26,10=0,0,0,0,0,0,0,0,55,22,54,67,59,41,61,0,66,33,63,84,74,88,78,89,85,73,89,0,0,0,0,0,2,82,0,68,78,75,81,39,47,79,76,70,79
l27,10=0,61,0,38,25,43,59,0,15,0,35,23,59,17,52,0,55,97,51,69,92,0,0,0,57,0,22,0,0,0,0,95,62,15,0,40,30,37,45,72,95,90,4,0,0
l28,10=50,45,48,35,28,0,62,4,0,6,69,61,0,38,60,0,68,97,34,57,87,0,0,0,24,36,0,0,0,0,99,0,80,48,0,31,0,0,55,42,95,90,0,27,0
l29,10=0,0,0,0,0,0,0,0,0,0,0,0,0,0,0,0,0,46,0,38,0,63,0,73,69,53,70,2,0,0,39,78,0,94,0,89,91,94,89,93,76,84,61,40,0
l30,10=0,0,0,0,0,0,0,0,0,0,0,0,0,0,13,0,6,0,0,48,48,56,33,80,81,65,52,84,0,0,22,73,87,0,0,89,91,94,89,93,93,88,22,0,24
l31,10=0,0,0,0,0,0,0,0,0,0,0,0,0,0,0,0,0,0,0,0,0,66,0,47,74,47,59,69,0,0,72,61,87,94,0,0,91,94,89,81,92,84,0,14,26
l32,10=0,0,0,0,0,0,0,0,0,0,0,0,0,0,0,0,0,23,0,0,0,60,0,63,65,66,74,78,0,0,40,0,87,94,0,89,0,95,90,89,67,81,0,22,0
l33,10=0,0,0,0,0,0,0,0,0,0,0,0,0,0,0,0,0,0,0,0,0,0,0,28,31,0,50,55,0,0,34,0,87,94,0,89,91,0,89,79,60,85,0,0,0
l34,10=0,0,0,0,0,4,0,0,0,0,0,0,1,0,0,0,0,31,0,45,51,70,0,77,72,61,46,47,0,0,49,81,87,94,0,89,91,94,0,93,95,90,1,1,0
l35,10=0,0,0,0,0,0,0,0,0,0,0,0,0,0,14,0,18,28,26,53,74,54,0,49,80,62,54,25,0,0,96,75,87,94,0,85,91,95,90,0,95,90,0,0,0
l36,10=0,0,0,0,0,29,0,0,0,0,26,0,29,0,0,0,26,51,9,81,81,0,0,44,72,75,25,10,0,0,58,95,86,94,0,89,78,55,90,97,0,90,6,0,0
l37,10=0,0,0,0,0,0,0,0,0,0,0,0,0,0,29,0,37,31,22,76,69,0,1,44,70,65,40,35,0,0,61,91,87,94,0,53,57,79,90,97,95,0,0,0,0
l38,10=0,0,0,0,0,0,0,0,0,0,33,0,59,0,76,0,11,40,32,80,49,43,1,84,84,64,89,77,0,0,0,0,63,0,0,0,0,0,0,0,5,0,0,90,89
l39,10=0,0,17,0,0,0,0,1,1,0,55,27,0,0,50,0,66,75,64,75,82,52,48,78,83,81,87,73,0,0,0,24,57,0,0,0,25,0,0,0,0,0,90,0,89
l40,10=0,0,0,0,0,0,0,0,0,0,33,0,10,0,67,0,0,26,60,82,79,63,32,79,85,45,88,76,0,0,0,0,0,7,0,0,0,0,0,0,0,0,90,89,0
l41,10=0,0,0,0,0,0,0,0,0,44,0,64,66,34,77,0,72,84,77,90,86,73,12,81,78,82,87,0,0,0,34,79,0,0,0,0,0,0,0,0,2,19,90,89,89
l42,10=0,0,0,0,0,0,0,0,0,0,0,0,0,0,48,0,43,55,63,81,65,77,1,82,85,85,82,84,0,0,0,0,38,0,0,0,0,0,62,0,0,23,89,89,88
l43,10=0,0,0,0,0,0,0,0,0,0,1,0,0,0,31,0,0,0,65,74,62,73,37,86,84,80,89,85,0,0,0,0,61,47,0,0,0,0,0,0,2,0,89,83,88
l44,10=0,0,0,0,0,0,0,0,0,0,12,0,1,2,30,0,16,36,0,73,70,38,78,87,85,85,87,62,0,0,0,0,62,35,0,0,39,0,0,0,29,0,90,86,89

l0,11=0,87,91,83,81,85,85,0,74,78,61,58,73,77,42,0,63,51,17,34,0,0,0,0,0,0,0,0,0,0,13,15,0,0,0,0,0,0,0,0,0,0,0,0,0
l1,11=80,0,91,80,81,85,85,0,75,78,66,15,72,74,56,0,56,51,41,27,0,0,0,0,2,2,0,0,0,0,25,13,0,0,0,0,0,0,0,0,0,0,0,0,0
l2,11=80,86,0,79,81,85,85,0,74,36,41,50,73,77,58,0,62,43,25,64,0,0,0,0,14,0,0,0,0,0,13,9,0,0,0,0,0,0,0,0,0,0,0,19,0
l3,11=80,87,91,0,81,85,85,0,75,74,33,13,55,71,0,0,23,0,27,0,0,0,0,0,0,0,0,0,0,0,31,15,0,0,0,0,0,0,0,0,0,0,0,0,0
l4,11=80,87,91,83,0,85,85,0,74,75,0,33,63,61,37,0,53,42,0,0,0,0,0,0,0,0,0,0,0,0,20,13,0,0,0,0,0,0,0,0,0,0,0,0,0
l5,11=80,87,91,80,81,0,85,0,2,76,69,66,73,78,0,0,55,48,26,30,0,0,0,0,0,0,0,0,0,0,29,16,0,0,0,0,0,0,38,0,2,0,0,0,0
l6,11=80,86,91,79,81,85,0,1,75,0,68,66,73,77,32,0,65,41,55,41,30,0,0,0,0,23,0,0,0,0,15,0,0,0,0,0,0,0,0,0,0,0,0,0,0
l7,11=80,86,91,79,77,85,85,0,77,78,61,66,73,78,63,0,68,53,20,64,47,50,0,35,16,42,61,41,0,0,0,0,0,0,0,0,0,0,0,0,0,0,0,2,0
l8,11=76,86,88,77,80,3,85,1,0,75,69,66,73,74,57,0,62,40,61,59,23,30,0,16,15,20,49,26,0,0,5,0,0,0,0,0,0,0,0,0,0,0,0,0,0
l9,11=80,86,21,79,81,85,0,0,75,0,69,68,74,78,66,0,68,39,39,33,30,31,0,19,40,30,53,34,0,0,4,0,0,0,0,0,0,0,0,0,0,0,0,0,2
l10,11=28,30,56,60,0,85,86,0,77,75,0,65,74,78,72,0,74,38,71,45,60,27,27,26,18,37,55,36,0,0,4,2,0,0,0,0,0,0,0,0,0,0,15,35,0
l11,11=46,3,61,46,60,85,86,0,76,80,70,0,74,78,68,0,68,5,64,65,36,0,0,18,3,31,58,0,0,0,0,4,0,0,0,0,0,0,0,0,0,0,0,11,0
l12,11=80,81,91,46,59,85,85,0,76,79,76,68,0,78,69,0,69,39,65,29,56,21,19,18,20,63,55,23,0,0,0,18,0,0,0,0,0,0,0,0,0,0,13,23,0
l13,11=70,81,91,66,42,85,85,0,75,81,69,68,74,0,60,0,68,35,63,28,50,28,14,33,1,25,50,14,0,0,11,12,0,0,0,0,0,0,0,0,0,0,0,16,0
l14,11=23,23,33,0,33,0,3,0,62,58,21,17,64,64,0,0,74,75,71,55,90,34,11,5,23,30,72,38,0,0,13,23,0,4,0,0,0,0,2,12,20,7,46,49,46
l15,11=24,20,44,1,37,30,46,0,65,81,76,67,74,78,84,0,0,40,71,82,84,34,16,17,23,37,69,22,0,0,28,21,0,9,0,0,0,0,0,10,17,12,19,45,37
l16,11=16,21,5,0,37,59,15,0,50,38,11,0,54,47,84,0,60,0,44,49,55,8,0,21,22,19,32,7,0,0,56,23,4,68,0,0,0,0,19,2,56,42,36,47,44
l17,11=1,21,8,27,0,16,24,2,62,55,76,50,64,65,84,0,74,74,0,85,90,36,1,24,42,36,67,23,0,0,23,21,0,0,0,0,0,0,8,0,11,12,27,44,0
l18,11=18,4,36,0,0,47,45,0,59,39,18,12,31,30,77,0,66,55,71,0,90,49,75,24,82,79,74,59,0,0,19,19,52,65,0,29,0,0,64,63,49,43,46,50,47
l19,11=0,0,0,0,0,0,3,0,20,43,28,13,60,63,84,0,74,75,71,85,0,50,0,22,82,77,80,46,0,0,21,22,0,51,0,0,0,0,0,24,44,23,9,52,47
l20,11=0,0,0,0,0,0,0,1,58,51,40,22,51,53,56,0,54,36,51,73,70,0,94,82,78,80,72,78,0,0,0,0,62,75,0,32,0,0,74,49,0,0,60,58,67
l21,11=0,0,0,0,0,0,0,0,0,0,55,23,59,54,62,0,57,0,43,79,0,85,0,80,81,80,77,79,0,0,0,0,0,73,0,0,0,0,73,6,14,12,67,67,63
l22,11=0,0,0,0,0,0,0,0,51,43,51,39,53,54,45,0,53,43,54,57,55,83,81,0,82,80,77,79,0,0,0,21,64,84,0,56,59,65,71,0,52,51,68,72,59
l23,11=0,0,10,0,0,0,0,0,47,48,13,9,55,0,64,0,63,44,60,79,82,54,86,80,0,80,84,75,0,0,27,13,71,75,0,58,14,0,65,63,37,0,46,78,77
l24,11=0,0,0,0,0,0,23,0,30,42,48,44,69,46,55,0,55,36,49,79,75,83,79,79,83,0,84,59,0,0,11,16,65,64,0,50,61,3,33,48,5,43,74,78,40
l25,11=0,0,0,0,0,0,0,1,41,39,12,23,43,41,64,0,52,29,49,67,75,70,75,79,83,80,0,72,0,0,0,14,71,0,0,32,59,15,61,48,17,33,76,78,75
l26,11=0,0,0,0,0,0,0,0,52,43,50,3,52,37,64,0,52,37,49,73,67,84,82,80,82,70,76,0,0,0,0,0,70,69,0,57,69,68,75,53,36,64,65,65,73
l27,11=12,5,7,37,45,61,17,0,13,20,8,4,0,22,31,0,41,75,61,53,36,0,0,0,18,9,0,0,0,0,0,70,49,69,0,38,4,7,41,61,92,24,0,24,6
l28,11=16,4,2,24,48,48,0,0,0,0,0,6,28,21,73,0,58,75,27,34,35,0,0,17,14,10,20,0,0,0,91,0,61,61,0,31,6,1,47,37,58,10,0,32,0
l29,11=0,0,0,0,0,0,0,0,0,0,0,0,0,0,0,0,0,11,0,26,0,36,0,58,64,57,67,57,0,0,12,40,0,90,0,83,79,89,86,80,78,80,0,47,0
l30,11=0,0,0,0,0,0,0,0,0,0,0,0,0,0,0,0,1,28,0,37,5,34,46,72,56,9,0,20,0,0,56,14,80,0,0,83,79,89,86,27,84,81,4,24,0
l31,11=0,0,0,0,0,0,0,0,0,0,0,0,0,0,0,0,0,0,0,18,0,12,0,65,65,32,37,43,0,0,62,8,81,90,0,0,80,90,86,78,50,76,0,22,0
l32,11=0,0,0,0,0,0,0,0,0,0,0,0,0,0,0,0,0,0,0,13,0,0,0,57,56,59,59,61,0,0,46,38,81,89,0,83,0,90,86,71,80,77,0,32,0
l33,11=0,0,0,0,0,0,0,0,0,0,0,0,0,0,0,0,0,1,0,0,0,0,0,42,0,0,33,58,0,0,55,0,81,90,0,83,80,0,86,80,82,79,0,0,0
l34,11=0,0,0,0,0,43,0,0,0,0,0,0,0,0,1,0,0,20,12,52,0,43,50,66,49,9,25,46,0,0,66,59,79,90,0,83,79,87,0,80,89,85,0,0,0
l35,11=0,0,0,0,0,0,0,0,0,0,0,0,0,0,27,0,23,14,0,40,37,31,0,0,24,11,21,21,0,0,76,40,79,62,0,77,52,89,86,0,92,86,0,0,0
l36,11=0,0,0,0,0,7,0,0,0,0,0,0,0,4,37,0,12,42,15,74,43,0,0,18,18,1,6,8,0,0,91,69,80,90,0,46,23,26,86,85,0,86,0,24,0
l37,11=0,0,0,0,0,0,0,0,0,0,0,0,0,0,20,0,24,46,14,72,38,0,3,18,0,11,24,24,0,0,24,21,79,90,0,71,79,68,86,85,92,0,0,10,3
l38,11=0,0,0,0,0,0,0,0,0,0,0,0,36,0,70,0,25,39,41,78,21,36,14,66,67,75,79,68,0,0,0,0,0,8,0,0,0,0,0,0,0,0,0,80,85
l39,11=0,0,0,0,0,0,0,0,0,0,9,1,30,1,66,0,52,41,46,75,76,42,11,69,78,76,76,46,0,0,0,6,55,26,0,0,0,0,0,0,8,0,81,0,85
l40,11=0,0,0,0,0,0,0,0,0,0,0,0,0,0,67,0,44,51,0,76,69,60,16,35,77,18,71,69,0,0,0,0,0,0,0,0,0,0,0,0,0,0,81,80,0
l41,11=0,0,0,0,0,0,0,0,37,40,35,27,50,47,61,0,63,57,63,83,76,74,45,70,78,78,79,70,0,0,0,34,0,13,0,12,0,0,0,0,32,37,81,80,81
l42,11=0,0,0,0,0,0,0,0,0,0,0,0,0,0,61,0,44,0,43,77,65,72,68,70,81,80,74,70,0,0,0,0,53,0,0,33,1,0,64,7,0,36,81,80,82
l43,11=0,0,0,0,0,0,0,0,0,0,0,0,0,0,30,0,0,7,40,77,62,65,64,70,69,78,81,66,0,0,0,0,56,70,0,56,22,0,59,0,0,0,75,75,83
l44,11=0,0,0,0,0,0,0,0,0,0,6,0,40,0,64,0,39,11,20,75,0,72,56,79,81,80,72,65,0,0,0,0,59,63,0,0,11,0,0,11,0,0,81,76,82

l0,12=0,81,79,85,85,85,87,0,86,88,76,82,77,85,70,0,79,0,2,55,0,0,0,0,0,0,0,0,0,0,0,26,0,0,0,0,0,0,0,0,0,0,0,0,0
l1,12=88,0,79,83,85,85,87,0,86,88,76,82,77,85,82,0,76,36,31,51,0,0,0,0,19,18,0,0,0,0,0,31,0,0,0,0,0,0,0,0,0,0,0,0,0
l2,12=88,81,0,81,85,85,87,1,86,87,76,82,77,85,79,0,64,0,32,75,49,18,0,19,25,9,27,0,0,0,59,30,0,0,0,0,0,0,0,0,0,0,0,0,0
l3,12=88,83,79,0,85,85,87,2,86,83,60,65,66,85,0,0,41,0,0,27,0,0,0,0,0,0,0,0,0,0,67,27,0,0,0,0,0,0,0,0,58,0,0,0,0
l4,12=88,83,79,87,0,85,87,1,86,88,64,82,71,85,0,0,63,37,0,0,0,0,0,0,0,0,0,0,0,0,74,31,0,0,0,0,0,0,0,0,0,11,0,0,0
l5,12=88,83,79,84,85,0,87,0,85,80,76,82,77,85,75,0,28,0,38,57,0,0,0,0,12,0,0,0,0,0,38,0,0,0,0,0,0,0,0,0,0,0,0,0,0
l6,12=88,81,79,81,85,83,0,2,86,88,76,82,77,85,59,0,70,39,41,62,0,0,0,0,24,4,0,0,0,0,70,20,0,0,0,0,0,0,0,0,0,0,0,0,0
l7,12=88,78,79,81,84,82,87,0,87,88,69,82,77,86,86,0,74,47,73,74,0,39,0,64,32,27,27,38,0,0,0,0,0,0,0,0,0,0,0,0,0,0,0,0,0
l8,12=81,81,79,79,85,78,87,1,0,88,76,78,73,82,83,0,74,41,76,57,35,15,19,62,22,18,38,58,0,0,0,0,0,0,0,0,0,0,0,0,0,0,0,12,0
l9,12=88,81,78,81,85,82,87,3,86,0,76,83,78,86,86,0,79,37,37,61,39,41,0,71,39,30,52,67,0,0,64,0,0,0,0,0,0,0,0,0,0,0,0,0,0
l10,12=77,74,77,49,61,83,58,1,85,89,0,83,78,86,89,0,82,43,85,68,78,32,44,71,34,33,35,51,0,0,61,20,0,0,0,0,0,0,0,0,0,3,12,1,0
l11,12=89,82,80,38,85,83,68,7,59,89,78,0,78,86,89,0,77,28,82,68,70,2,0,29,14,24,48,54,0,0,55,16,0,0,0,0,0,0,0,0,0,0,0,32,0
l12,12=88,81,72,51,74,83,88,0,81,89,82,83,0,86,87,0,79,66,78,79,68,16,42,50,66,53,44,18,0,0,39,12,0,0,0,0,0,0,0,0,0,0,11,0,0
l13,12=88,80,79,81,85,83,87,0,86,89,79,83,78,0,86,0,79,0,77,63,36,0,48,49,25,24,55,38,0,0,28,3,0,0,0,0,0,0,0,0,0,0,0,26,0
l14,12=10,47,28,0,0,43,10,0,55,77,75,78,71,75,0,0,82,54,89,70,94,39,0,48,34,37,57,64,0,0,71,40,0,0,0,0,0,0,0,0,55,18,48,48,17
l15,12=67,53,29,11,66,18,44,3,58,88,82,78,78,86,91,0,0,50,89,80,83,40,45,0,40,36,48,64,0,0,77,17,0,0,0,0,0,0,0,0,8,0,22,43,34
l16,12=0,12,0,0,39,5,10,2,36,54,73,13,65,0,91,0,73,0,54,70,94,0,0,66,3,2,29,49,0,0,90,45,0,14,0,0,0,0,1,41,89,78,18,39,49
l17,12=0,11,19,0,0,54,45,3,79,56,77,74,74,77,91,0,82,92,0,81,94,38,48,72,72,37,54,63,0,0,52,40,0,0,0,0,0,0,0,2,46,7,27,34,8
l18,12=32,40,55,1,0,54,42,1,44,58,69,64,63,63,82,0,75,90,86,0,94,78,72,76,80,67,56,73,0,0,70,33,41,35,0,7,0,0,21,66,71,61,46,44,69
l19,12=0,0,27,0,0,7,0,0,38,54,72,68,66,54,91,0,80,92,89,81,0,42,0,76,84,68,76,58,0,0,71,19,0,38,0,25,0,0,1,53,77,10,75,59,27
l20,12=0,0,1,0,0,0,0,2,38,63,52,44,50,0,63,0,58,6,64,77,62,0,93,84,79,66,68,79,0,0,0,0,35,76,0,0,2,33,62,61,64,50,61,59,59
l21,12=0,0,0,0,0,0,0,0,55,0,53,0,61,68,0,0,62,0,69,79,0,85,0,83,83,67,78,80,0,0,0,0,3,62,0,0,0,0,66,0,0,0,66,58,67
l22,12=0,0,0,0,0,0,0,2,60,56,61,45,48,57,62,0,0,61,71,68,75,83,72,0,84,67,78,79,0,0,0,0,62,84,0,78,67,34,70,75,61,59,64,70,67
l23,12=0,0,0,0,0,7,8,5,37,57,54,45,57,53,63,0,62,30,77,78,82,82,69,85,0,70,79,79,0,0,51,0,66,43,0,69,49,0,34,53,66,57,66,80,69
l24,12=0,27,0,0,0,0,5,8,41,57,53,52,57,57,70,0,57,28,72,77,87,81,57,84,84,0,79,70,0,0,54,11,62,64,0,57,38,7,38,61,66,0,74,70,72
l25,12=0,0,4,0,0,0,0,4,38,56,42,52,46,56,70,0,52,29,63,62,72,65,64,84,84,70,0,72,0,0,0,27,64,71,0,63,66,0,55,55,63,61,75,76,71
l26,12=0,0,0,0,0,0,0,13,58,57,55,54,48,57,63,0,56,62,63,68,63,83,78,84,79,61,72,0,0,0,0,0,68,77,0,76,73,30,74,65,65,61,66,65,71
l27,12=0,0,40,41,49,18,12,0,0,49,26,31,41,40,75,0,69,92,40,62,62,0,0,0,12,12,0,0,0,0,0,76,22,29,0,64,32,29,23,82,91,48,0,14,17
l28,12=9,22,35,20,40,0,3,0,0,0,27,28,40,20,81,0,36,91,47,51,54,0,0,0,0,4,30,0,0,0,90,0,9,0,0,59,50,0,49,78,90,76,8,9,0
l29,12=0,0,0,0,0,0,0,0,0,0,0,0,0,0,0,0,0,0,0,51,0,12,0,61,64,52,56,60,0,0,45,27,0,92,0,87,83,85,82,86,78,79,17,38,0
l30,12=0,0,0,0,0,0,0,0,0,0,0,0,0,0,0,0,2,24,0,20,39,57,37,77,20,34,54,62,0,0,53,0,77,0,0,87,83,85,84,86,89,80,19,14,3
l31,12=0,0,0,0,0,0,0,0,0,0,0,0,0,0,0,0,0,0,0,13,22,0,0,64,66,26,31,66,0,0,62,45,77,92,0,0,84,86,79,80,76,77,0,2,0
l32,12=0,0,0,0,0,0,0,0,0,0,0,0,0,0,0,0,0,0,0,0,0,0,0,55,53,17,35,43,0,0,46,47,77,90,0,87,0,86,83,84,78,80,22,0,0
l33,12=0,0,0,0,0,0,0,0,0,0,0,0,0,0,0,0,0,0,0,0,0,6,0,31,0,0,0,11,0,0,58,0,77,79,0,87,84,0,83,82,77,66,0,0,0
l34,12=0,0,0,0,0,6,0,0,0,0,0,0,0,0,11,0,0,31,15,55,31,55,40,48,40,28,56,73,0,0,65,70,77,92,0,86,83,85,0,87,90,84,0,44,0
l35,12=0,0,0,0,0,0,0,0,0,0,0,0,0,0,0,0,0,38,21,57,39,33,0,57,21,21,38,58,0,0,82,73,77,92,0,86,80,83,83,0,91,86,21,1,0
l36,12=0,0,0,33,0,0,0,0,0,0,0,3,13,0,54,0,5,85,20,60,66,14,0,15,25,14,18,34,0,0,87,43,55,92,0,81,61,33,84,91,0,86,0,0,0
l37,12=0,0,0,0,31,0,0,0,0,0,2,0,0,0,49,0,0,82,21,61,31,24,0,41,24,0,38,47,0,0,69,74,77,92,0,86,82,52,84,91,91,0,0,0,0
l38,12=0,0,0,0,0,0,0,0,0,0,0,0,22,0,71,0,44,32,66,71,68,65,46,69,73,64,74,66,0,0,0,1,0,0,0,0,4,0,0,14,0,0,0,82,79
l39,12=0,0,0,0,0,0,0,0,7,0,0,34,4,41,68,0,60,68,63,56,43,29,0,71,82,60,73,67,0,0,24,4,20,2,0,0,0,0,10,0,0,0,79,0,81
l40,12=0,0,0,0,0,0,0,0,0,0,0,0,0,0,67,0,51,71,4,75,22,45,61,72,73,63,73,70,0,0,11,0,0,0,0,0,0,0,0,0,0,0,77,80,0
l41,12=0,0,0,0,0,0,25,0,2,50,55,0,47,49,72,0,63,79,74,80,71,72,57,74,79,65,72,68,0,0,1,0,0,1,0,0,0,0,23,0,0,54,79,82,81
l42,12=0,0,0,0,0,0,0,0,0,0,0,0,42,0,25,0,0,0,40,73,66,69,47,83,77,66,76,73,0,0,0,0,55,0,0,1,0,0,56,59,0,1,78,81,78
l43,12=0,0,0,0,0,0,0,0,0,0,0,0,42,0,0,0,47,23,53,68,67,70,33,77,76,61,76,68,0,0,0,0,25,41,0,55,0,0,28,0,0,0,77,74,74
l44,12=0,0,0,0,0,0,0,0,0,0,52,0,0,0,40,0,57,0,0,71,67,75,0,78,78,65,74,69,0,0,0,0,54,42,0,0,0,0,0,0,4,0,79,78,77

l0,13=0,93,91,85,99,86,94,94,91,79,87,91,90,92,85,0,75,0,65,82,0,0,0,0,3,0,0,0,0,0,0,42,0,0,0,0,0,0,0,0,0,0,0,0,0
l1,13=87,0,91,85,98,86,94,93,91,91,87,92,91,92,75,0,92,77,34,44,0,0,0,0,9,0,0,0,0,0,69,78,0,0,0,0,0,0,0,0,0,0,0,0,0
l2,13=87,93,0,83,97,86,94,94,91,91,94,92,85,93,30,0,75,70,0,83,68,0,0,28,12,0,29,0,0,0,65,0,0,0,0,0,0,0,0,0,0,0,0,0,0
l3,13=87,93,91,0,99,86,94,90,91,80,84,90,80,89,28,0,72,66,0,67,0,0,0,0,0,0,0,0,0,0,0,79,0,0,0,0,0,0,0,0,26,0,0,0,0
l4,13=87,93,91,85,0,86,94,89,91,92,87,92,90,83,0,0,1,63,0,0,0,0,0,0,0,0,0,0,0,0,64,68,0,0,0,0,0,0,0,0,0,3,0,0,0
l5,13=87,93,91,85,99,0,94,91,20,86,94,91,90,58,36,0,75,69,75,66,0,0,0,0,0,0,0,0,0,0,3,62,0,0,0,0,0,0,0,12,18,0,0,0,0
l6,13=87,93,91,82,94,86,0,93,91,89,94,92,91,93,27,0,93,65,76,84,0,0,0,0,50,0,0,0,0,0,57,34,0,0,0,0,0,0,0,0,19,0,0,0,0
l7,13=85,92,89,80,82,84,94,0,91,91,94,92,92,93,90,0,93,52,91,83,0,22,14,83,87,72,56,1,0,0,0,5,0,0,0,0,0,0,0,0,0,0,0,0,0
l8,13=85,92,90,80,82,25,94,94,0,91,94,92,91,93,90,0,93,76,91,75,49,0,37,46,0,37,31,27,0,0,0,0,0,0,0,0,0,0,0,0,0,0,0,4,0
l9,13=42,92,90,80,82,85,94,79,91,0,94,92,92,93,90,0,93,84,91,87,52,52,0,48,61,43,26,32,0,0,64,63,0,0,0,0,0,0,0,0,0,0,0,0,0
l10,13=64,57,57,46,33,77,94,92,90,92,0,92,92,93,33,0,97,83,94,89,85,0,0,53,60,59,34,29,0,0,69,8,0,0,0,0,0,0,0,0,0,0,50,5,0
l11,13=66,58,91,51,83,70,94,92,91,92,94,0,92,93,86,0,91,0,90,86,57,47,0,35,53,0,34,33,0,0,64,83,0,0,0,0,0,0,0,0,0,0,9,28,0
l12,13=64,92,57,50,52,70,94,92,91,92,95,92,0,93,81,0,97,0,95,87,87,5,22,46,60,60,34,31,0,0,66,0,0,0,0,0,0,0,0,0,0,0,38,5,0
l13,13=87,58,91,81,54,72,94,88,91,92,95,92,92,0,91,0,96,66,97,75,73,19,41,49,51,56,32,22,0,0,0,51,0,0,0,0,0,0,0,0,0,0,0,29,0
l14,13=33,42,42,36,0,57,70,83,91,42,90,87,70,30,0,0,97,97,98,94,100,38,10,0,59,71,34,20,0,0,75,93,0,0,0,0,0,0,0,1,22,81,50,29,21
l15,13=27,48,36,44,12,58,89,64,88,92,95,91,92,93,97,0,0,83,98,94,100,36,41,48,94,91,16,50,0,0,97,90,0,0,0,0,0,0,0,2,22,0,54,5,19
l16,13=0,53,22,21,10,37,66,32,63,28,46,0,0,8,34,0,56,0,98,94,92,4,0,12,37,69,7,17,0,0,77,98,0,9,0,0,0,12,60,28,36,96,67,32,52
l17,13=12,0,0,0,0,59,81,84,89,52,91,87,77,44,97,0,97,100,0,94,100,52,40,55,61,70,34,27,0,0,70,96,0,0,0,0,0,0,0,14,23,77,76,15,18
l18,13=29,27,44,22,0,34,79,78,76,80,86,80,65,25,96,0,94,99,97,0,99,90,51,52,92,70,55,57,0,0,68,89,36,0,0,0,0,0,45,28,34,90,93,31,56
l19,13=0,0,31,0,0,0,11,0,44,79,91,67,75,29,97,0,97,100,98,94,0,55,48,63,97,98,52,34,0,0,85,91,0,0,0,0,0,0,4,29,37,91,94,58,58
l20,13=0,0,0,0,0,0,0,59,28,74,0,70,50,18,81,0,81,62,80,94,84,0,97,92,94,98,86,95,0,0,0,0,67,81,0,47,72,66,81,0,26,68,0,24,76
l21,13=0,0,0,0,0,0,0,56,76,5,0,0,81,81,66,0,90,0,87,87,88,95,0,91,95,92,90,95,0,0,0,0,68,21,0,61,0,0,82,0,0,0,82,83,85
l22,13=0,0,0,0,0,0,0,61,60,61,67,59,49,38,0,0,70,68,82,78,85,95,88,0,97,98,90,95,0,0,0,0,44,80,0,56,82,52,73,74,0,65,80,85,43
l23,13=0,0,0,0,0,0,59,68,0,64,66,60,76,21,84,0,89,71,92,93,98,93,93,92,0,98,91,94,0,0,1,67,63,27,0,49,64,0,85,23,25,84,94,93,91
l24,13=0,0,0,0,0,0,0,70,57,65,83,0,88,44,96,0,95,83,95,94,98,94,74,92,97,0,91,94,0,0,52,66,60,49,0,25,68,13,62,24,24,72,94,89,92
l25,13=0,0,5,0,0,0,0,61,62,57,65,65,52,32,90,0,58,52,70,92,83,76,85,92,97,98,0,88,0,0,51,0,61,28,0,49,77,57,49,41,24,73,94,93,90
l26,13=0,0,0,0,0,0,0,46,63,63,64,69,62,39,64,0,88,72,69,94,73,95,96,92,95,98,87,0,0,0,4,0,88,90,0,83,84,62,94,82,39,72,85,90,89
l27,13=0,38,34,0,11,2,58,0,1,26,33,62,61,0,32,0,54,100,93,79,58,0,0,0,8,51,23,0,0,0,0,98,50,29,0,13,27,0,65,32,72,94,7,0,0
l28,13=11,50,0,38,11,21,31,21,0,22,2,75,0,17,34,0,43,100,98,86,54,0,0,0,12,50,0,0,0,0,99,0,0,28,0,14,36,29,68,31,36,97,67,0,0
l29,13=0,0,0,0,0,0,0,0,0,0,0,0,0,0,0,0,0,0,0,43,0,19,9,30,69,77,70,76,0,0,74,0,0,91,0,89,93,94,94,91,91,75,40,22,0
l30,13=0,0,0,0,0,0,0,0,0,0,0,0,0,0,1,0,0,34,0,0,0,66,3,72,24,87,58,83,0,0,73,68,90,0,0,89,93,87,94,93,91,93,0,6,0
l31,13=0,0,0,0,0,0,0,0,0,0,0,0,0,0,0,0,0,0,0,0,0,27,19,63,62,57,62,73,0,0,71,68,90,91,0,0,93,94,94,75,82,93,0,1,0
l32,13=0,0,0,0,0,0,0,0,0,0,0,0,0,0,0,0,0,0,0,0,0,15,0,54,18,57,58,76,0,0,62,72,89,90,0,89,0,94,94,93,77,94,40,0,0
l33,13=0,0,0,0,0,0,0,0,0,0,0,0,0,0,0,0,0,16,0,0,0,24,0,4,0,0,55,53,0,0,0,57,90,76,0,89,93,0,87,83,81,65,0,0,0
l34,13=0,0,0,0,0,0,0,0,0,0,0,0,0,0,0,0,0,65,0,50,0,55,22,27,33,73,66,88,0,0,79,93,90,91,0,89,93,94,0,93,99,97,0,22,5
l35,13=0,0,0,0,0,14,0,0,0,0,0,0,0,0,3,0,18,80,65,75,47,2,0,25,15,57,30,84,0,0,91,88,89,91,0,48,92,59,94,0,99,97,66,7,0
l36,13=0,0,0,3,0,6,40,0,0,0,0,0,11,0,8,0,25,90,70,83,56,22,0,0,10,45,15,19,0,0,99,97,81,55,0,24,37,35,94,93,0,97,0,3,0
l37,13=0,0,0,0,7,0,0,0,0,0,0,0,0,0,7,0,0,88,53,84,41,20,0,9,38,46,54,22,0,0,96,96,62,91,0,89,93,18,94,93,99,0,0,0,0
l38,13=0,0,0,0,0,0,0,0,0,0,2,0,37,0,21,0,68,60,48,87,83,0,14,84,95,86,90,82,0,0,0,45,0,0,0,0,0,0,0,11,0,0,0,93,92
l39,13=0,0,0,0,0,0,0,0,0,0,57,69,40,27,58,0,73,80,80,70,67,0,29,81,95,65,89,74,0,0,0,0,26,7,0,0,0,0,22,10,10,0,94,0,92
l40,13=0,0,0,0,0,0,0,0,0,0,0,0,0,0,47,0,64,80,58,88,81,82,79,79,94,96,90,87,0,0,0,0,0,0,0,0,0,0,14,0,0,0,94,92,0
l41,13=0,0,0,0,0,0,0,2,0,0,75,55,64,0,55,0,86,90,89,94,92,79,48,84,95,90,84,85,0,0,57,0,33,0,0,0,0,0,4,0,12,81,94,93,87
l42,13=0,0,0,0,0,0,0,0,0,0,0,0,0,0,85,0,0,63,0,93,77,74,62,91,95,97,90,93,0,0,0,0,0,0,0,0,53,0,49,0,0,0,94,92,92
l43,13=0,0,0,0,0,0,0,0,0,0,0,45,25,0,49,0,68,47,70,67,74,85,74,79,90,75,89,91,0,0,0,0,0,27,0,0,68,0,5,0,0,0,94,92,87
l44,13=0,0,0,0,0,0,0,0,0,0,44,0,27,0,79,0,70,0,63,84,83,93,76,90,93,95,90,84,0,0,0,0,24,69,0,0,49,0,0,0,0,0,94,92,90

l0,14=0,100,98,98,100,100,100,100,100,100,97,100,98,100,8,0,31,2,1,0,0,0,0,0,0,0,0,0,0,0,80,0,0,0,0,0,0,0,0,0,0,0,0,0,0
l1,14=100,0,98,98,100,100,100,100,100,100,59,100,100,100,75,0,100,97,93,57,0,0,0,0,0,0,35,0,0,0,0,87,0,0,0,0,0,0,0,0,0,0,0,0,0
l2,14=100,100,0,98,100,100,100,100,100,100,97,100,100,100,100,0,95,94,94,57,0,0,0,0,0,0,0,0,0,0,0,0,0,0,0,0,0,0,0,0,0,0,0,0,0
l3,14=100,100,98,0,100,100,100,100,100,63,59,91,100,100,93,0,89,89,56,0,0,0,0,0,0,0,0,0,0,0,52,0,0,0,0,0,0,0,0,0,0,0,0,0,0
l4,14=100,100,98,98,0,100,100,100,100,95,59,100,100,100,96,0,96,56,94,0,0,0,0,0,0,0,0,0,0,0,63,94,0,0,0,0,0,0,0,0,33,0,0,0,0
l5,14=100,100,98,98,100,0,100,100,100,100,97,100,100,100,98,0,57,80,91,31,30,0,0,0,0,0,0,0,0,0,65,96,0,0,0,0,0,0,0,15,16,6,0,0,0
l6,14=100,100,98,98,100,100,0,100,100,100,97,100,100,100,0,0,100,0,100,100,0,0,0,0,0,0,0,0,0,0,92,0,0,0,0,0,0,0,0,0,0,0,0,70,0
l7,14=100,100,98,98,100,100,100,0,100,100,97,100,100,100,100,0,100,0,100,68,63,0,0,90,75,83,59,0,0,0,0,0,0,0,0,0,0,0,0,0,0,0,0,11,0
l8,14=100,100,98,98,100,100,100,100,0,100,97,100,100,100,100,0,100,95,100,92,0,51,0,92,76,80,98,60,0,0,0,0,0,0,0,0,0,0,0,0,0,0,0,83,0
l9,14=100,100,98,98,100,100,100,100,100,0,97,100,100,100,100,0,100,97,82,100,20,61,0,72,90,94,65,63,0,0,36,0,0,0,0,0,0,0,0,0,0,0,0,0,0
l10,14=97,63,74,94,100,100,100,100,100,100,0,100,100,100,99,0,100,99,100,59,58,0,0,96,92,98,64,26,0,0,63,86,0,0,0,0,0,0,0,0,23,0,92,23,0
l11,14=100,95,98,92,100,100,100,100,100,100,97,0,100,100,100,0,100,95,100,98,65,67,0,76,92,92,65,61,0,0,0,94,0,0,0,0,0,0,0,0,0,0,0,60,10
l12,14=97,100,98,95,100,100,100,100,100,100,97,100,0,100,100,0,100,0,100,97,61,60,87,87,100,100,57,0,0,0,56,84,0,0,0,0,0,0,0,0,0,0,0,93,0
l13,14=98,100,98,98,100,100,100,100,100,100,97,100,100,0,100,0,100,2,100,58,58,50,0,0,93,98,36,35,0,0,40,87,0,0,0,0,0,0,0,0,0,0,0,72,0
l14,14=11,14,73,41,59,71,0,94,78,59,32,96,98,96,0,0,100,99,100,82,100,49,7,93,91,97,66,33,0,0,64,97,0,31,0,0,0,0,0,17,24,63,75,95,61
l15,14=27,66,55,50,60,66,97,99,78,62,59,100,100,100,100,0,0,98,100,57,63,69,0,80,91,98,44,61,0,0,64,98,0,0,0,0,0,0,0,14,0,0,56,68,28
l16,14=0,40,28,28,97,94,0,0,43,32,55,86,0,0,100,0,94,0,100,100,63,0,0,57,91,96,43,26,0,0,99,100,67,29,0,0,0,0,71,58,59,78,72,58,56
l17,14=0,53,44,0,61,81,96,92,96,15,97,100,100,97,100,0,100,100,0,100,100,0,80,96,98,100,62,56,0,0,59,99,0,22,0,0,0,0,81,0,0,69,93,97,60
l18,14=0,51,45,0,52,91,98,39,78,62,59,98,97,97,98,0,98,99,100,0,98,98,96,97,98,99,98,84,0,0,64,97,50,0,0,24,0,0,98,57,99,78,98,96,61
l19,14=0,0,0,0,0,94,0,96,11,6,59,98,97,92,100,0,100,100,100,100,0,69,34,98,100,100,100,60,0,0,64,97,0,0,0,0,0,0,0,58,58,78,98,96,61
l20,14=0,0,0,0,0,0,0,0,92,92,0,91,92,87,90,0,98,0,0,99,91,0,99,97,98,99,98,97,0,0,0,0,0,95,0,92,93,89,97,92,80,90,92,21,91
l21,14=0,0,0,0,0,0,0,35,0,2,0,0,97,0,70,0,27,0,97,99,75,99,0,97,99,99,98,100,0,0,0,0,96,0,0,0,0,0,93,0,0,0,0,90,95
l22,14=0,0,0,0,0,0,0,91,94,50,91,84,92,0,93,0,96,91,97,99,98,99,98,0,100,100,100,100,0,0,0,91,98,97,0,92,98,89,93,94,71,21,98,90,85
l23,14=0,0,0,0,0,0,0,81,88,88,94,87,97,98,98,0,85,98,97,99,98,97,99,98,0,100,100,97,0,0,86,91,95,98,0,99,92,85,97,92,80,97,98,96,97
l24,14=0,0,0,0,0,0,0,84,65,54,95,91,97,97,98,0,98,98,97,99,98,98,96,98,100,0,100,97,0,0,60,91,98,73,0,56,58,0,90,55,58,78,98,96,97
l25,14=0,3,0,0,0,0,0,88,99,80,96,94,93,90,98,0,98,94,97,99,98,98,99,98,100,100,0,97,0,0,0,0,98,79,0,99,88,89,94,95,85,92,98,98,97
l26,14=0,0,0,0,0,0,0,26,96,97,51,95,18,91,93,0,97,85,94,99,89,98,99,97,98,99,98,0,0,0,14,0,98,97,0,98,98,94,97,97,88,91,96,89,97
l27,14=90,0,0,16,99,100,82,0,0,38,55,0,61,51,96,0,100,100,59,32,37,0,0,0,87,92,0,10,0,0,0,100,73,41,0,18,61,97,100,59,100,80,0,72,0
l28,14=0,32,0,0,99,98,0,33,0,0,10,79,59,49,100,0,100,100,100,58,62,0,0,46,91,90,0,0,0,0,100,0,72,29,0,47,52,91,97,50,59,80,15,0,0
l29,14=0,0,0,0,0,0,0,0,0,0,0,0,0,0,0,0,0,45,0,24,0,0,34,97,97,99,99,99,0,0,98,95,0,100,0,100,100,100,100,100,100,100,0,83,0
l30,14=0,0,0,0,0,0,0,0,0,0,0,0,0,0,72,0,0,79,36,1,0,65,0,97,98,99,86,97,0,0,98,88,100,0,0,100,100,99,100,100,100,100,72,68,69
l31,14=0,0,0,0,0,0,0,0,0,0,0,0,0,0,0,0,0,0,0,51,0,59,0,83,86,77,93,79,0,0,58,82,100,100,0,0,100,100,100,85,100,100,1,0,0
l32,14=0,0,0,0,0,0,0,0,0,0,0,0,0,0,0,0,0,0,0,0,0,67,0,94,83,84,87,93,0,0,68,66,100,100,0,100,0,100,100,100,81,100,0,0,0
l33,14=0,0,0,0,0,0,0,0,0,0,0,0,0,0,0,0,0,0,0,0,0,27,0,89,82,0,94,84,0,0,85,47,100,94,0,100,100,0,91,86,88,77,0,0,0
l34,14=0,0,0,0,0,0,0,0,0,0,0,0,0,0,0,0,0,44,31,56,0,60,20,93,98,86,97,100,0,0,99,95,100,100,0,100,100,100,0,100,100,100,54,0,28
l35,14=0,0,0,0,0,80,0,0,0,0,0,0,0,0,91,0,76,90,0,54,63,62,0,98,90,99,99,100,0,0,100,98,100,91,0,60,100,100,100,0,100,100,60,81,0
l36,14=0,0,0,0,82,66,0,0,0,0,47,0,0,0,95,0,0,90,0,61,37,14,0,92,80,100,69,55,0,0,100,99,73,60,0,61,63,100,100,100,0,100,0,46,0
l37,14=0,0,0,0,0,70,0,0,0,0,0,0,0,0,81,0,0,89,49,61,32,30,0,26,98,98,64,49,0,0,100,100,100,100,0,100,100,80,100,100,100,0,57,0,0
l38,14=0,0,0,0,0,0,0,0,0,0,85,0,0,0,57,0,0,70,91,95,78,91,0,96,98,99,98,92,0,0,0,0,0,28,0,0,0,0,5,0,0,4,0,98,97
l39,14=0,0,0,0,0,0,51,20,54,0,0,50,89,58,95,0,80,93,91,95,56,0,47,76,98,95,98,30,0,0,33,0,80,30,0,0,0,0,0,24,6,0,99,0,97
l40,14=0,0,0,0,0,0,0,0,0,0,0,0,0,0,95,0,92,90,92,97,89,88,85,87,98,97,97,95,0,0,0,0,0,28,0,0,0,0,8,0,0,0,98,96,0
l41,14=0,0,0,0,0,0,0,0,0,89,91,82,95,0,98,0,95,98,95,96,98,0,0,97,99,99,99,96,0,0,85,14,87,0,0,0,0,0,0,0,0,77,99,100,97
l42,14=0,0,0,0,0,0,0,0,0,0,0,0,84,0,96,0,0,35,92,99,82,94,88,97,98,99,98,97,0,0,0,0,0,0,0,6,45,0,0,0,0,0,98,96,97
l43,14=0,0,0,0,0,0,0,0,0,0,0,0,0,0,82,0,0,76,86,27,83,95,84,94,98,97,98,95,0,0,0,0,83,79,0,83,82,0,84,47,0,58,98,96,96
l44,14=0,0,0,0,0,0,0,0,0,0,0,0,90,0,94,0,92,83,91,98,83,98,88,96,98,98,98,93,0,0,0,0,0,65,0,0,0,0,0,0,0,51,98,96,97

l0,15=0,100,100,100,100,100,100,100,100,100,100,100,100,100,96,0,99,95,78,94,0,0,0,0,0,0,0,0,0,0,99,96,0,0,0,0,0,0,0,0,0,0,0,0,0
l1,15=100,0,100,100,100,100,100,100,100,100,100,100,100,100,0,0,100,100,100,100,0,0,0,0,0,0,0,0,0,0,100,0,0,0,0,0,0,0,0,0,0,0,0,0,0
l2,15=100,100,0,100,100,100,100,100,100,100,100,100,100,100,75,0,62,65,100,97,1,0,0,0,0,0,0,0,0,0,63,64,0,0,0,0,0,0,0,0,0,0,0,0,0
l3,15=100,100,100,0,100,100,100,100,100,100,100,100,100,100,68,0,60,65,100,66,0,0,0,0,0,0,0,0,0,0,63,46,0,0,0,0,0,0,0,0,0,0,0,0,0
l4,15=100,100,100,100,0,100,100,100,100,98,100,100,100,100,69,0,62,65,0,91,0,0,0,0,0,0,0,0,0,0,63,0,0,0,0,0,0,0,0,0,0,0,0,0,0
l5,15=100,100,100,100,100,0,100,100,100,100,100,100,100,100,69,0,62,60,100,51,77,0,0,0,0,0,0,0,0,0,61,64,0,0,0,0,0,0,0,0,53,0,0,0,0
l6,15=100,100,100,100,100,100,0,100,100,100,100,100,100,100,0,0,100,100,100,92,30,92,0,0,0,0,0,0,0,0,97,0,0,0,0,0,0,0,0,0,0,0,0,0,0
l7,15=100,100,100,100,100,100,100,0,100,100,100,100,100,100,100,0,100,99,100,100,98,100,0,96,0,96,96,98,0,0,0,0,0,0,0,0,0,0,0,0,0,0,0,0,0
l8,15=100,100,100,100,100,100,100,100,0,100,100,100,100,100,100,0,100,63,100,100,98,95,0,97,98,83,97,97,0,0,0,98,0,0,0,0,0,0,0,0,0,0,52,1,0
l9,15=100,100,100,100,82,100,100,100,100,0,100,100,100,100,100,0,100,67,100,100,88,94,0,62,19,100,92,99,0,0,0,0,0,0,0,0,0,0,0,0,0,0,1,95,0
l10,15=97,99,99,98,84,100,99,96,100,100,0,100,100,100,77,0,62,63,100,98,92,0,0,59,62,96,97,77,0,0,58,60,0,0,0,0,0,0,0,0,0,0,66,94,93
l11,15=100,100,100,98,100,100,100,100,100,100,100,0,100,100,99,0,100,63,100,100,100,99,0,0,83,95,94,57,0,0,61,64,0,0,0,0,0,0,0,0,0,1,0,2,0
l12,15=100,100,96,100,80,100,100,100,100,100,100,100,0,100,72,0,100,64,100,99,97,94,47,58,100,100,95,0,0,0,28,28,0,0,0,0,0,0,0,0,0,0,0,28,0
l13,15=100,100,100,95,100,100,100,100,100,100,100,100,100,0,99,0,100,63,99,98,31,94,11,32,61,96,72,77,0,0,30,54,0,0,0,0,0,0,0,0,0,0,0,0,0
l14,15=60,0,96,86,78,60,0,98,99,58,98,97,99,96,0,0,100,64,100,99,97,0,0,62,61,99,98,48,0,0,60,64,0,89,0,0,0,0,0,35,34,27,49,98,75
l15,15=62,98,96,95,80,60,62,100,99,68,98,100,100,100,100,0,0,64,100,99,99,95,43,34,62,95,100,51,0,0,62,64,0,83,0,0,0,0,65,59,36,36,49,98,75
l16,15=61,60,88,97,74,33,32,88,98,97,63,65,84,99,100,0,99,0,100,100,100,94,0,62,62,94,100,79,0,0,100,100,62,96,0,35,0,0,98,99,77,80,2,98,67
l17,15=26,98,88,87,0,60,62,99,99,99,100,100,100,99,100,0,100,100,0,100,100,100,70,62,100,100,96,76,0,0,66,77,0,0,0,0,0,0,0,0,66,29,67,98,84
l18,15=52,91,86,23,70,30,29,99,99,99,97,100,99,99,99,0,62,100,100,0,98,100,73,69,99,99,100,79,0,0,62,64,0,92,0,10,32,0,96,92,74,37,94,98,98
l19,15=0,0,0,0,0,31,28,99,99,89,80,100,99,82,100,0,100,100,100,100,0,100,58,72,100,100,100,77,0,0,62,64,14,0,0,0,0,0,96,99,66,63,67,98,98
l20,15=0,0,0,0,0,0,59,96,77,72,0,92,90,83,0,0,94,70,93,99,88,0,100,99,96,100,94,99,0,0,0,0,94,97,0,0,94,82,94,95,0,0,89,92,91
l21,15=0,0,0,0,0,0,0,72,0,0,0,0,90,74,0,0,94,0,93,99,66,100,0,99,99,96,94,99,0,0,0,0,9,0,0,0,12,0,74,0,0,0,75,92,92
l22,15=0,0,0,0,0,0,0,86,97,74,85,0,90,62,94,0,95,50,93,99,90,100,96,0,100,99,100,99,0,0,0,0,96,97,0,42,95,83,0,80,43,40,92,92,69
l23,15=0,0,0,0,0,0,0,0,89,0,91,91,97,92,97,0,96,95,97,96,93,96,95,99,0,100,100,96,0,0,91,84,95,95,0,95,0,59,88,83,79,92,99,97,96
l24,15=0,0,0,0,0,0,0,96,90,94,98,96,99,99,99,0,97,62,99,99,98,100,98,99,100,0,100,98,0,0,61,92,94,96,0,95,64,0,95,0,96,99,99,98,98
l25,15=0,0,0,0,0,0,0,83,96,64,85,80,90,47,98,0,95,90,80,99,98,95,95,99,100,100,0,91,0,0,0,0,97,61,0,89,95,80,77,95,80,44,99,98,95
l26,15=0,0,0,0,0,0,0,88,90,90,73,87,61,89,92,0,94,86,91,95,81,100,99,99,99,94,100,0,0,0,0,0,99,96,0,88,92,60,93,95,87,81,0,90,98
l27,15=61,61,89,97,77,33,31,0,0,0,57,66,84,97,68,0,49,100,79,58,61,0,0,0,62,99,0,0,0,0,0,100,62,99,0,59,59,74,99,100,66,44,63,97,0
l28,15=57,0,84,38,12,33,0,28,99,0,59,64,80,94,69,0,62,100,80,58,64,0,0,0,61,99,0,0,0,0,100,0,62,100,0,59,60,70,100,100,67,64,53,90,0
l29,15=0,0,0,0,0,0,0,0,0,0,0,0,0,0,0,0,0,96,0,0,0,100,0,100,99,96,100,99,0,0,82,100,0,100,0,99,100,100,100,100,97,100,95,96,2
l30,15=0,0,0,0,0,0,0,0,0,0,0,0,0,0,67,0,43,98,1,99,0,100,0,99,99,99,77,98,0,0,99,99,100,0,0,99,100,100,100,100,97,100,9,91,77
l31,15=0,0,0,0,0,0,0,0,0,0,0,0,0,0,0,0,0,45,0,24,0,0,0,94,97,69,67,91,0,0,94,99,100,100,0,0,100,100,100,100,97,100,0,0,43
l32,15=0,0,0,0,0,0,0,0,0,0,0,0,0,0,0,0,0,0,0,26,0,98,0,99,0,68,100,98,0,0,93,99,100,100,0,99,0,100,100,100,96,100,0,42,0
l33,15=0,0,0,0,0,0,0,0,0,0,0,0,0,0,0,0,0,0,0,0,0,94,0,95,48,0,67,78,0,0,90,93,100,100,0,99,100,0,100,100,97,97,0,0,0
l34,15=0,0,0,0,0,0,0,0,0,0,0,0,0,0,0,0,11,99,0,57,58,100,11,0,99,96,100,98,0,0,84,99,100,100,0,99,100,100,0,100,97,100,53,0,60
l35,15=0,0,0,0,0,0,0,0,0,0,0,0,0,0,60,0,48,100,0,57,61,100,0,62,62,0,100,80,0,0,84,64,100,100,0,99,100,100,100,0,97,100,47,0,0
l36,15=0,0,0,0,0,27,0,0,0,0,0,0,0,0,67,0,49,100,78,58,62,0,0,62,62,100,99,96,0,0,84,64,62,100,0,99,99,100,100,100,0,100,0,0,0
l37,15=0,0,0,0,0,3,0,0,0,0,0,0,0,0,63,0,48,100,79,58,62,0,0,62,66,100,100,80,0,0,100,100,100,100,0,99,100,100,100,100,97,0,0,0,18
l38,15=0,0,0,0,0,0,0,0,0,0,40,0,0,0,65,0,64,0,85,95,61,82,1,96,98,94,97,0,0,0,18,2,70,0,0,0,0,0,16,0,0,0,0,99,98
l39,15=0,0,0,0,0,0,0,0,0,32,38,0,51,0,90,0,75,65,86,96,60,75,46,80,97,86,100,55,0,0,18,17,68,52,0,0,0,0,0,0,0,0,99,0,98
l40,15=0,0,0,0,0,0,0,0,0,0,56,0,0,0,80,0,84,81,55,94,79,83,66,62,98,90,82,94,0,0,0,0,1,63,0,0,0,0,68,0,0,0,99,97,0
l41,15=0,0,0,0,0,0,0,0,89,41,58,50,90,88,99,0,94,99,97,96,98,81,0,98,99,99,100,96,0,0,89,48,0,0,0,0,0,0,53,0,1,0,99,99,96
l42,15=0,0,0,0,0,0,0,0,0,0,0,0,75,0,67,0,0,65,75,98,44,92,64,99,99,99,92,89,0,0,0,0,0,9,0,0,49,0,74,0,0,7,99,98,98
l43,15=0,0,0,0,0,0,0,0,0,0,0,0,0,21,12,0,38,9,58,59,56,67,57,95,91,92,93,41,0,0,0,0,0,63,0,65,50,0,63,42,0,33,97,93,93
l44,15=0,0,0,0,0,0,0,0,0,0,0,0,61,0,60,0,66,0,54,95,47,94,57,94,99,89,100,85,0,0,0,0,68,58,0,0,46,0,0,0,0,13,99,98,98

