l0,0=0,91,92,95,92,88,88,87,86,86,86,87,85,81,49,0,54,14,69,1,0,0,0,0,0,0,0,0,0,0,56,40,0,0,0,0,0,0,0,0,0,0,0,0,0
l1,0=93,0,88,94,88,88,90,89,91,86,87,87,86,88,22,0,26,1,72,8,58,0,0,0,0,0,0,0,0,0,26,0,0,0,0,0,0,0,0,0,2,0,0,0,0
l2,0=87,88,0,86,86,88,89,93,92,89,87,87,86,88,47,0,80,65,76,56,70,63,0,0,0,65,57,0,0,0,0,36,0,0,0,0,0,0,0,0,0,0,0,0,0
l3,0=93,91,88,0,92,88,90,71,92,86,79,86,74,80,23,0,48,71,0,12,0,0,0,0,0,0,0,0,0,0,70,72,0,0,0,0,0,0,0,0,0,0,0,0,0
l4,0=93,88,89,95,0,88,90,87,91,87,82,81,73,82,24,0,47,38,22,0,0,0,0,0,0,0,0,0,0,0,26,26,0,0,0,0,0,0,0,0,0,0,0,0,0
l5,0=93,91,92,90,92,0,90,93,92,87,80,87,86,83,18,0,41,38,73,31,43,0,0,0,0,0,0,0,0,0,26,25,0,0,0,0,0,0,0,0,24,5,0,0,0
l6,0=88,91,92,93,92,87,0,93,92,91,87,83,86,88,46,0,50,37,79,50,59,0,0,0,0,0,17,0,0,0,26,0,0,0,0,0,0,0,0,0,0,0,0,0,0
l7,0=87,88,92,74,86,88,89,0,91,91,87,87,86,88,81,0,80,0,81,61,71,0,74,70,64,67,63,0,0,0,8,0,0,0,0,0,0,0,0,0,0,0,0,34,0
l8,0=73,88,92,91,92,88,89,93,0,91,87,87,86,88,68,0,66,39,80,60,65,37,55,44,41,60,62,28,0,0,0,0,0,0,0,0,0,0,0,0,0,0,0,8,0
l9,0=84,86,91,77,88,88,89,92,91,0,87,87,86,88,78,0,80,30,71,16,47,22,0,42,38,56,32,14,0,0,22,18,0,0,0,0,0,0,0,0,0,0,0,0,0
l10,0=80,83,74,17,48,29,71,87,86,86,0,87,86,17,26,0,89,42,85,66,75,19,47,48,42,74,64,26,0,0,10,21,0,0,0,0,0,0,0,0,0,0,19,12,0
l11,0=86,87,88,86,75,88,86,88,92,91,87,0,86,89,75,0,80,42,37,57,70,27,13,0,46,37,57,33,0,0,21,17,0,0,0,0,0,0,0,0,0,0,14,17,0
l12,0=80,87,87,51,49,88,86,87,86,86,91,88,0,89,75,0,80,69,80,59,72,0,0,26,32,58,64,46,0,0,0,21,0,0,0,0,0,0,0,0,0,0,0,33,18
l13,0=65,89,92,32,62,88,86,92,92,91,77,88,86,0,75,0,86,44,80,50,65,26,12,47,0,66,0,0,0,0,18,18,0,0,0,0,0,0,0,0,0,0,0,27,0
l14,0=18,26,37,0,7,9,22,51,77,83,41,78,84,81,0,0,87,47,91,71,99,0,7,48,24,67,46,22,0,0,30,14,0,8,0,0,0,0,0,1,11,14,45,55,33
l15,0=34,56,54,3,16,24,51,86,80,84,91,88,81,89,90,0,0,6,91,52,96,73,29,76,30,82,67,69,0,0,47,16,17,1,0,0,0,0,0,9,10,5,38,31,30
l16,0=0,0,30,53,11,3,6,0,72,30,73,72,68,73,31,0,3,0,90,69,94,0,0,19,50,64,60,0,0,0,33,30,36,0,0,0,0,12,31,25,28,33,44,61,0
l17,0=21,38,0,0,2,10,21,41,59,19,91,43,79,85,91,0,89,84,0,73,100,31,1,28,57,52,57,23,0,0,22,16,0,0,0,0,0,0,0,0,11,14,18,51,29
l18,0=0,0,24,0,0,5,17,54,57,1,84,50,62,22,80,0,14,81,87,0,100,91,27,55,77,85,87,25,0,0,9,11,20,0,0,7,0,0,21,9,27,22,51,53,32
l19,0=0,34,25,0,0,10,17,39,21,15,88,79,85,29,91,0,88,83,89,73,0,54,21,48,77,85,88,9,0,0,76,67,0,14,0,0,0,0,0,26,87,10,19,81,68
l20,0=0,0,24,0,0,0,0,0,17,37,32,34,0,23,0,0,87,0,72,71,82,0,100,95,86,85,88,98,0,0,0,0,75,70,0,84,76,31,79,61,0,40,63,41,71
l21,0=0,0,0,0,0,0,0,71,86,0,81,2,0,0,42,0,83,0,0,71,80,100,0,83,88,85,88,99,0,0,0,0,17,91,0,0,14,0,76,0,0,0,66,0,82
l22,0=0,0,0,0,0,0,0,29,36,35,60,0,21,26,70,0,82,27,41,71,73,98,67,0,88,15,90,98,0,0,0,7,88,84,0,71,86,39,90,49,22,30,43,77,71
l23,0=0,0,0,0,0,0,0,32,10,7,36,42,18,0,19,0,58,69,69,65,77,84,82,94,0,85,90,90,0,0,0,5,43,33,0,14,4,0,56,36,39,71,53,81,78
l24,0=0,0,17,0,0,0,0,42,31,31,81,24,34,46,75,0,76,28,38,68,84,98,22,20,89,0,90,35,0,0,0,5,0,74,0,13,10,0,21,41,30,8,83,81,75
l25,0=0,0,18,0,0,0,0,52,48,7,70,50,64,0,56,0,75,40,69,66,79,87,82,97,89,85,0,91,0,0,0,0,91,62,0,6,40,23,28,73,8,72,82,81,76
l26,0=0,0,0,0,0,0,0,0,39,19,65,65,55,2,67,0,84,0,65,66,69,100,99,95,87,68,88,0,0,0,18,2,75,85,0,93,67,58,97,80,14,61,80,70,83
l27,0=72,59,0,29,15,19,24,3,0,8,35,55,0,21,29,0,29,84,43,32,70,0,0,0,0,0,1,3,0,0,0,83,75,87,0,31,0,39,86,90,56,56,10,0,19
l28,0=65,0,33,25,17,24,0,0,0,12,63,49,47,24,15,0,25,84,43,27,84,0,0,32,36,42,0,0,0,0,91,0,88,85,0,30,27,51,75,93,94,92,0,0,30
l29,0=0,0,0,0,0,0,0,0,0,0,0,0,0,0,0,0,31,40,0,28,0,71,45,94,70,0,90,44,0,0,57,83,0,96,0,100,99,100,99,99,94,95,0,0,28
l30,0=0,0,0,0,0,0,0,0,0,0,0,0,0,0,2,0,1,0,0,0,6,69,71,84,64,66,36,50,0,0,88,81,100,0,0,100,99,100,99,99,94,95,33,0,31
l31,0=0,0,0,0,0,0,0,0,0,0,0,0,0,0,0,0,0,2,0,20,0,63,0,74,58,55,25,92,0,0,83,55,100,96,0,0,99,100,99,99,94,95,7,0,0
l32,0=0,0,0,0,0,0,0,0,0,0,0,0,0,0,0,0,0,0,0,0,0,57,35,89,44,53,66,44,0,0,0,50,100,96,0,100,0,100,99,99,92,84,33,0,0
l33,0=0,0,0,0,0,0,0,0,0,0,0,0,0,0,0,0,0,19,0,0,0,22,0,72,0,0,64,72,0,0,45,39,100,96,0,100,99,0,91,93,91,0,0,0,0
l34,0=0,0,0,0,0,0,0,0,0,0,0,0,0,0,0,0,0,56,0,52,0,85,77,91,80,67,68,96,0,0,89,80,100,96,0,100,99,100,0,99,94,95,21,0,0
l35,0=0,0,0,0,0,0,0,0,0,0,0,0,0,0,0,0,17,31,0,25,22,78,13,58,51,72,43,35,0,0,91,83,100,96,0,100,99,100,99,0,94,95,0,0,0
l36,0=0,2,0,0,0,23,0,0,0,0,2,0,0,0,16,0,25,50,37,43,53,0,0,46,53,65,33,0,0,0,39,83,94,96,0,95,34,80,94,99,0,92,0,4,0
l37,0=0,0,0,0,0,17,0,0,0,0,0,0,0,0,13,0,16,53,38,40,46,62,0,46,75,40,41,19,0,0,66,83,96,96,0,100,93,0,99,99,94,0,25,1,0
l38,0=0,0,0,0,0,0,0,0,0,0,21,7,0,0,62,0,44,32,24,54,30,37,27,28,59,83,70,65,0,0,1,0,0,23,0,0,4,0,5,0,0,6,0,81,81
l39,0=0,0,0,0,0,0,0,1,1,0,4,13,13,0,47,0,21,24,34,47,72,13,0,72,83,79,87,27,0,0,0,0,0,1,0,0,0,0,0,0,0,0,85,0,79
l40,0=0,0,0,0,0,0,0,0,0,0,0,0,6,0,59,0,24,0,23,40,52,49,40,50,88,62,59,77,0,0,4,3,3,17,0,0,0,0,0,0,0,0,83,81,0
l41,0=0,0,0,0,0,0,0,0,0,23,36,16,1,17,55,0,42,41,82,67,80,28,28,86,88,79,78,54,0,0,35,19,0,4,0,0,0,0,0,0,5,0,83,82,90
l42,0=0,0,0,0,0,0,0,0,0,0,9,0,0,0,31,0,20,19,10,35,37,51,29,80,88,72,88,61,0,0,0,0,4,22,0,18,1,0,21,0,0,0,83,81,50
l43,0=0,0,0,0,0,0,0,0,0,0,22,0,0,0,2,0,0,16,15,48,28,47,42,83,86,78,72,86,0,0,0,0,0,19,0,0,9,0,13,0,0,0,82,81,89
l44,0=0,0,0,0,0,0,0,0,0,0,1,8,0,0,57,0,0,22,35,37,41,73,41,47,86,78,83,86,0,0,0,0,0,0,0,0,0,0,2,0,1,0,81,81,77

l0,1=0,86,87,86,89,84,87,76,69,81,78,79,77,73,47,0,63,56,25,15,0,0,0,0,0,0,0,0,0,0,47,50,0,0,0,0,0,0,0,0,0,0,0,0,0
l1,1=87,0,84,79,78,83,87,79,71,83,78,79,77,75,57,0,62,0,0,48,47,0,0,0,0,0,0,0,0,0,37,34,0,0,0,0,0,0,0,0,0,0,0,0,0
l2,1=88,86,0,80,79,83,87,85,75,86,78,79,77,73,62,0,64,57,63,47,56,0,0,2,0,37,35,0,0,0,33,37,0,0,0,0,0,0,0,0,0,0,0,0,0
l3,1=91,86,86,0,89,83,87,79,71,82,73,75,20,72,56,0,61,64,40,0,0,0,0,0,0,0,0,0,0,0,71,0,0,0,0,0,0,0,0,0,0,0,0,0,0
l4,1=89,86,84,86,0,84,87,79,70,83,68,76,75,73,0,0,60,4,55,0,0,0,0,0,0,0,0,0,0,0,71,48,0,0,0,0,0,0,0,0,0,0,0,0,0
l5,1=89,86,83,77,87,0,87,80,69,83,50,51,57,69,54,0,63,58,11,7,0,0,0,0,0,0,0,0,0,0,40,1,0,0,0,0,0,0,0,8,49,22,0,0,0
l6,1=85,86,86,78,76,84,0,82,73,83,78,37,77,71,38,0,63,0,54,50,43,0,0,0,0,0,0,0,0,0,13,14,0,0,0,0,0,0,0,0,0,0,0,0,0
l7,1=77,86,87,77,76,83,87,0,75,86,79,79,77,73,63,0,66,0,63,53,52,47,33,74,0,59,60,0,0,0,3,0,0,0,0,0,0,0,0,0,0,0,0,61,0
l8,1=81,86,87,77,73,83,87,87,0,86,74,80,77,73,62,0,65,54,61,59,25,53,25,58,32,34,56,0,0,0,17,33,0,0,0,0,0,0,0,0,0,0,0,0,0
l9,1=1,86,83,69,71,77,85,87,75,0,78,81,76,80,57,0,60,48,61,42,37,16,0,0,54,0,44,10,0,0,0,28,0,0,0,0,0,0,0,0,0,0,11,0,0
l10,1=59,72,53,28,45,76,74,75,64,77,0,76,82,83,54,0,77,63,63,58,51,12,34,23,10,65,65,65,0,0,27,36,0,10,0,0,0,0,0,0,1,0,28,17,44
l11,1=83,86,83,61,64,83,28,85,75,86,78,0,82,85,62,0,66,51,63,57,51,0,0,25,42,54,58,0,0,0,29,42,0,0,0,0,0,0,0,0,0,0,10,55,5
l12,1=82,81,84,14,68,83,85,82,70,83,82,83,0,85,64,0,71,66,63,61,56,28,0,33,24,57,61,61,0,0,20,21,0,0,0,0,0,0,0,0,0,0,14,0,0
l13,1=82,86,84,76,76,77,77,82,75,86,79,83,82,0,63,0,75,59,63,55,35,17,27,27,35,37,60,40,0,0,0,29,0,0,0,0,0,0,0,0,0,0,0,0,0
l14,1=26,37,24,25,0,30,21,48,59,62,33,45,77,66,0,0,77,64,74,77,80,17,16,37,31,32,25,17,0,0,33,31,0,0,0,0,0,0,21,0,19,11,36,26,50
l15,1=21,11,40,23,26,66,61,74,63,62,82,83,82,84,76,0,0,60,70,59,71,31,34,43,32,39,59,54,0,0,34,19,0,1,0,0,0,0,0,0,18,1,36,48,0
l16,1=14,0,4,22,11,25,7,0,21,33,10,2,37,28,69,0,65,0,64,81,68,7,0,15,37,24,17,27,0,0,48,52,1,25,0,0,4,0,24,18,53,6,14,3,17
l17,1=0,0,18,0,19,0,18,33,56,58,46,47,57,62,76,0,74,71,0,69,80,5,12,29,29,0,53,34,0,0,22,0,0,0,0,0,0,0,0,0,29,12,23,52,40
l18,1=0,14,7,0,0,10,7,11,45,23,42,38,44,47,67,0,69,78,67,0,80,46,23,25,81,82,85,52,0,0,21,44,0,2,0,10,0,0,20,21,47,25,29,73,0
l19,1=0,20,17,0,0,0,10,22,10,35,34,30,64,27,70,0,73,77,72,80,0,22,14,24,37,31,64,33,0,0,30,67,0,30,0,0,0,0,23,0,33,3,25,70,34
l20,1=0,0,0,0,0,0,0,42,53,2,22,6,57,18,48,0,70,24,23,73,59,0,96,82,83,85,73,84,0,0,0,0,63,61,0,24,69,21,74,53,20,25,66,65,63
l21,1=0,0,0,0,0,0,0,14,4,0,70,0,0,41,53,0,66,0,61,67,22,92,0,81,83,84,81,81,0,0,0,0,0,75,0,0,11,0,60,51,0,0,81,78,74
l22,1=0,0,0,0,0,0,0,36,41,0,16,15,38,14,59,0,61,34,58,57,30,81,79,0,84,22,86,83,0,0,0,0,65,72,0,61,54,25,71,60,41,26,78,76,60
l23,1=0,0,0,0,0,0,0,0,20,35,18,29,37,46,54,0,59,68,50,72,52,81,84,83,0,86,85,78,0,0,0,34,20,31,0,19,0,21,62,23,29,55,82,85,82
l24,1=0,0,13,0,0,0,0,34,20,0,73,50,70,53,61,0,69,65,0,73,57,87,72,32,86,0,85,75,0,0,3,41,15,30,0,2,16,11,0,62,49,40,83,83,80
l25,1=0,0,1,0,0,0,0,19,21,19,58,32,50,31,30,0,66,15,61,73,62,45,85,88,86,86,0,79,0,0,0,0,63,17,0,30,52,18,47,23,0,43,82,85,65
l26,1=0,0,0,0,0,0,0,12,0,12,61,0,58,43,48,0,59,38,56,65,50,88,86,83,83,84,81,0,0,0,0,0,65,79,0,68,55,33,83,68,37,60,75,75,73
l27,1=39,28,0,51,56,50,10,0,13,0,16,15,6,0,58,0,67,81,35,50,63,0,0,0,0,1,0,0,0,0,0,82,36,77,0,60,8,30,37,87,94,60,0,0,0
l28,1=43,0,4,0,52,35,12,0,43,38,33,24,20,35,51,0,46,83,14,76,70,0,0,0,30,31,0,0,0,0,81,0,50,76,0,55,37,3,64,77,94,63,0,0,29
l29,1=0,0,0,0,0,0,0,0,0,0,0,0,0,0,0,0,0,7,0,0,0,64,0,85,48,25,85,74,0,0,63,79,0,96,0,89,93,94,96,93,94,83,37,0,0
l30,1=0,0,0,0,0,0,0,0,0,0,1,0,0,0,0,0,6,26,0,13,48,44,63,82,39,31,38,81,0,0,81,75,80,0,0,89,93,90,96,93,94,96,60,18,31
l31,1=0,0,0,0,0,0,0,0,0,0,0,0,0,0,0,0,0,0,0,35,0,22,0,71,24,10,67,72,0,0,65,67,80,96,0,0,93,94,96,71,94,96,0,0,0
l32,1=0,0,0,0,0,0,0,0,0,0,0,0,0,0,0,0,0,25,0,0,0,43,27,53,0,27,54,56,0,0,17,60,80,96,0,89,0,94,96,93,59,94,0,0,0
l33,1=0,0,0,0,0,0,0,0,0,0,0,0,0,0,0,0,0,0,0,0,0,16,0,50,34,24,51,53,0,0,63,0,80,84,0,89,93,0,96,81,92,64,0,0,0
l34,1=0,0,0,0,0,0,0,0,0,0,0,0,0,0,34,0,0,62,0,52,38,56,40,78,65,0,72,79,0,0,62,82,80,96,0,89,93,94,0,93,94,96,61,57,0
l35,1=0,0,0,0,0,22,0,0,0,0,0,0,0,0,0,0,5,25,0,51,0,23,28,60,25,49,32,62,0,0,81,80,80,96,0,73,93,72,96,0,94,96,2,0,0
l36,1=0,0,0,0,0,40,0,0,0,0,0,0,0,0,49,0,24,49,19,66,68,1,0,30,26,35,2,48,0,0,81,81,75,91,0,82,47,72,94,91,0,94,0,0,0
l37,1=0,0,0,0,0,37,0,0,0,0,1,0,0,0,39,0,34,38,28,60,26,30,0,41,57,36,39,60,0,0,81,82,75,96,0,89,88,41,96,93,94,0,0,0,0
l38,1=0,0,0,0,0,0,0,0,0,0,26,0,3,0,48,0,34,25,29,49,30,32,38,64,51,85,68,48,0,0,0,0,0,18,0,0,0,0,31,0,0,0,0,85,83
l39,1=0,0,0,0,0,0,0,15,0,0,1,31,0,0,45,0,29,4,48,71,58,36,43,76,84,82,84,55,0,0,0,0,0,2,0,0,0,0,28,0,0,0,82,0,83
l40,1=0,0,0,0,0,0,0,0,0,0,16,0,0,0,49,0,0,16,38,0,40,35,34,51,81,61,54,48,0,0,0,0,0,9,0,0,0,0,0,0,0,0,82,85,0
l41,1=0,0,0,0,0,0,0,0,0,23,35,30,31,20,63,0,60,51,10,73,36,37,20,66,86,77,57,52,0,0,0,48,0,0,0,0,19,0,20,13,0,0,84,86,81
l42,1=0,0,0,0,0,0,0,0,0,0,0,0,0,0,34,0,38,23,31,44,14,2,36,74,83,85,85,50,0,0,0,0,4,0,0,19,9,0,0,0,0,0,79,85,83
l43,1=0,0,0,0,0,0,0,0,0,0,16,0,0,0,35,0,31,14,0,33,21,44,36,79,81,81,79,70,0,0,0,0,20,22,0,0,25,0,0,4,0,0,80,84,83
l44,1=0,0,0,0,0,0,0,0,0,0,0,0,20,18,43,0,0,3,45,50,47,56,39,57,78,82,80,76,0,0,3,0,0,0,0,0,0,0,0,0,2,0,83,76,82

l0,2=0,78,88,88,75,79,77,75,70,55,28,13,55,73,0,0,44,20,9,6,0,0,0,0,0,0,0,0,0,0,58,46,0,0,0,0,0,0,0,0,0,0,0,0,0
l1,2=88,0,90,86,77,85,83,79,76,52,31,13,65,69,18,0,46,20,25,14,32,0,0,0,0,0,0,0,0,0,60,51,0,0,0,0,0,0,0,0,0,0,0,0,0
l2,2=80,81,0,88,71,85,85,81,79,81,68,13,81,52,18,0,44,22,38,14,42,0,0,0,5,48,0,0,0,0,52,9,0,0,0,0,0,0,0,0,0,0,0,0,0
l3,2=90,81,90,0,78,85,83,78,71,39,26,13,53,73,18,0,0,20,27,0,1,0,0,0,0,0,0,0,0,0,17,40,0,0,0,0,0,0,0,0,0,0,0,0,0
l4,2=85,81,86,92,0,85,83,73,71,43,31,12,58,55,14,0,44,9,35,0,0,0,0,0,0,0,0,0,0,0,60,0,0,0,0,0,0,0,0,0,0,0,0,0,0
l5,2=81,81,88,80,75,0,79,80,76,42,32,12,74,57,22,0,0,20,32,12,0,0,0,0,0,0,0,0,0,0,59,18,0,0,0,0,0,0,0,0,0,0,0,0,0
l6,2=81,81,90,87,77,85,0,83,74,80,33,14,79,77,18,0,51,20,40,0,28,0,0,0,0,0,0,0,0,0,55,49,0,0,0,0,0,0,0,0,0,0,0,0,0
l7,2=79,71,89,70,68,85,83,0,79,87,33,66,81,78,19,0,69,0,65,13,39,13,28,0,0,57,56,1,0,0,0,0,0,0,0,0,0,0,0,0,0,0,0,0,0
l8,2=80,79,90,75,70,83,81,89,0,87,33,63,81,77,23,0,67,9,66,40,0,7,16,19,25,32,43,39,0,0,32,34,0,0,0,0,0,0,0,0,0,0,0,0,0
l9,2=77,72,84,71,52,76,81,83,78,0,68,68,80,81,61,0,61,38,66,20,31,19,13,10,47,21,22,39,0,0,37,44,0,0,0,0,0,0,0,0,0,0,0,32,0
l10,2=55,53,79,64,59,82,69,58,71,80,0,62,85,81,59,0,69,45,67,63,45,0,40,34,45,58,69,41,0,0,48,50,0,0,0,0,0,0,0,0,19,0,11,2,10
l11,2=77,75,79,67,67,47,80,88,77,87,68,0,85,85,62,0,67,49,66,17,47,25,31,0,19,56,56,27,0,0,41,38,0,0,0,0,0,0,0,0,0,0,16,42,14
l12,2=71,71,80,73,65,83,80,73,76,80,75,71,0,85,62,0,71,53,67,61,47,0,24,9,59,57,56,52,0,0,17,39,0,0,0,0,0,0,0,0,1,0,10,0,0
l13,2=77,72,67,73,67,83,83,80,79,87,69,70,85,0,63,0,69,19,52,13,41,0,3,11,24,42,14,0,0,0,38,17,0,0,0,0,0,0,0,0,0,0,0,0,0
l14,2=0,17,49,15,21,56,44,22,70,56,59,63,76,76,0,0,71,53,76,76,82,21,29,41,54,65,72,23,0,0,50,60,0,0,0,0,0,0,17,23,15,21,35,61,31
l15,2=20,28,15,0,42,0,70,58,66,48,74,67,85,81,82,0,0,50,64,58,57,36,58,38,54,58,64,39,0,0,53,54,0,2,0,0,0,0,9,23,4,22,38,44,9
l16,2=25,15,27,17,20,31,23,0,19,38,47,44,64,29,68,0,64,0,67,76,79,0,0,0,67,58,20,0,0,0,82,78,0,34,0,0,0,0,11,21,27,65,35,30,0
l17,2=0,7,38,2,29,56,58,46,60,53,71,63,76,55,82,0,66,51,0,54,82,32,36,36,61,18,26,37,0,0,46,44,0,4,0,0,0,0,0,0,0,3,29,43,38
l18,2=6,6,21,0,0,32,0,11,36,25,62,5,54,22,78,0,63,73,53,0,82,65,22,56,80,57,88,35,0,0,61,70,10,0,0,0,1,0,22,16,18,22,37,33,21
l19,2=0,13,6,0,0,0,27,20,0,29,55,33,48,29,82,0,68,72,76,76,0,20,8,16,54,62,43,37,0,0,28,42,0,4,0,0,0,0,1,0,19,16,24,46,19
l20,2=0,0,0,0,0,0,0,16,3,27,0,50,0,0,56,0,60,3,47,67,56,0,95,75,77,74,82,82,0,0,0,0,51,54,0,66,0,45,42,45,21,13,9,54,57
l21,2=0,0,0,0,0,0,0,8,47,0,42,45,25,0,43,0,66,0,42,52,0,83,0,71,74,68,79,81,0,0,0,0,0,0,0,0,13,0,0,0,1,0,49,66,56
l22,2=0,0,0,0,0,0,0,21,45,0,28,20,17,35,55,0,56,0,46,56,34,73,75,0,80,68,88,82,0,0,0,0,53,77,0,61,67,0,70,46,39,1,52,66,52
l23,2=0,0,0,0,0,0,0,0,0,33,21,20,55,16,46,0,55,50,66,69,62,64,78,78,0,76,87,74,0,0,0,3,31,17,0,14,0,21,43,0,14,51,53,71,68
l24,2=0,0,18,0,0,0,0,23,21,25,62,48,64,21,63,0,59,44,11,61,62,72,71,69,81,0,88,67,0,0,13,20,15,16,0,5,18,17,18,19,39,48,57,67,65
l25,2=0,0,0,0,0,0,0,12,15,17,61,27,21,0,57,0,62,8,10,69,63,72,70,83,81,76,0,74,0,0,0,7,16,44,0,18,64,16,32,0,24,24,57,70,66
l26,2=0,0,0,0,0,0,0,0,30,36,42,15,60,0,38,0,55,3,49,55,60,81,86,83,78,69,85,0,0,0,0,0,54,73,0,70,59,42,67,9,27,46,54,67,50
l27,2=54,42,50,0,53,55,56,0,14,0,52,49,28,57,67,0,61,77,55,73,57,0,0,0,0,34,0,0,0,0,0,78,51,85,0,59,43,62,75,70,93,89,0,10,0
l28,2=34,32,22,0,0,32,63,0,54,39,50,44,50,4,65,0,58,77,54,72,58,0,0,0,23,48,38,0,0,0,84,0,61,88,0,58,56,38,92,63,93,94,0,12,0
l29,2=0,0,0,0,0,0,0,0,0,0,0,0,0,0,0,0,0,0,0,44,0,68,0,77,63,43,63,75,0,0,53,70,0,98,0,92,96,98,97,74,93,96,10,7,0
l30,2=0,0,0,0,0,0,0,0,0,0,0,0,0,0,0,0,15,48,0,0,2,53,2,74,54,40,66,81,0,0,80,77,86,0,0,92,96,98,97,74,93,96,23,23,0
l31,2=0,0,0,0,0,0,0,0,0,0,0,0,0,0,0,0,0,0,0,0,0,57,0,56,56,36,63,77,0,0,53,60,86,98,0,0,96,98,97,73,93,96,12,0,0
l32,2=0,0,0,0,0,0,0,0,0,0,0,0,0,0,0,0,0,0,0,38,0,0,58,75,0,42,84,59,0,0,35,54,86,98,0,92,0,98,97,74,57,96,5,0,0
l33,2=0,0,0,0,0,0,0,0,0,0,0,0,0,0,0,0,0,0,0,0,0,58,0,0,60,37,59,52,0,0,60,37,86,98,0,92,96,0,96,70,90,79,0,0,0
l34,2=0,0,0,0,0,0,0,0,0,0,0,0,0,0,25,0,11,21,0,46,3,45,0,73,60,33,66,71,0,0,80,77,86,98,0,92,96,97,0,74,93,96,35,33,0
l35,2=0,0,0,0,0,0,0,0,0,0,0,0,0,0,48,0,43,45,0,42,0,44,0,48,1,50,0,11,0,0,81,73,86,98,0,86,96,94,97,0,93,96,1,0,0
l36,2=0,0,0,0,0,0,0,0,0,0,36,0,0,0,54,0,28,67,0,70,67,35,20,51,58,64,72,45,0,0,84,78,78,94,0,86,34,91,94,74,0,95,0,2,0
l37,2=0,0,0,0,0,0,0,0,0,0,0,0,29,0,51,0,43,73,28,52,37,40,0,24,70,65,65,52,0,0,83,78,86,98,0,92,93,86,97,74,93,0,23,0,0
l38,2=0,0,0,0,0,0,0,0,0,0,0,1,1,0,30,0,31,13,18,43,34,0,14,43,41,49,46,41,0,0,0,0,2,2,0,0,0,0,8,0,0,0,0,72,69
l39,2=0,0,0,0,0,0,0,0,0,0,0,26,0,0,58,0,30,18,23,49,51,13,30,61,79,58,73,56,0,0,3,0,0,4,0,0,0,0,8,0,0,0,62,0,69
l40,2=0,0,0,0,0,0,0,0,0,0,0,0,0,0,23,0,22,0,29,23,24,28,25,33,74,56,61,17,0,0,0,0,0,0,0,0,0,0,0,0,0,0,61,70,0
l41,2=0,0,0,0,0,0,0,0,0,11,27,24,0,26,54,0,36,28,28,66,37,36,23,38,78,60,65,37,0,0,10,17,0,2,0,0,4,0,19,1,0,0,62,72,68
l42,2=0,0,0,0,0,0,0,0,0,0,0,0,0,0,26,0,8,15,17,52,0,27,42,51,75,52,72,15,0,0,0,0,18,1,0,0,0,0,20,0,0,0,60,71,66
l43,2=0,0,0,0,0,0,0,0,0,0,0,0,0,0,34,0,9,0,14,30,1,39,12,62,67,61,65,56,0,0,0,0,0,1,0,0,0,0,0,0,0,0,58,65,66
l44,2=0,0,0,0,0,0,0,0,0,0,0,0,0,0,22,0,12,11,18,34,6,37,31,45,77,63,74,66,0,0,0,0,0,12,0,0,0,0,2,0,0,0,57,69,68

l0,3=0,82,86,91,84,91,82,87,88,89,22,84,79,90,57,0,70,56,39,0,0,0,0,0,0,0,0,0,0,0,2,47,0,0,0,0,0,0,0,0,0,0,0,0,0
l1,3=79,0,86,91,87,91,83,90,87,81,83,85,83,84,0,0,67,71,60,47,65,0,0,0,24,0,0,0,0,0,64,54,0,0,0,0,0,0,0,0,0,0,0,0,0
l2,3=85,89,0,85,81,84,84,91,88,89,83,83,83,89,70,0,66,55,44,47,0,0,0,0,0,0,30,0,0,0,54,33,0,0,0,0,0,0,0,0,0,0,0,0,0
l3,3=93,89,86,0,87,90,82,85,83,80,82,84,83,83,11,0,72,55,0,0,16,0,0,0,0,0,0,0,0,0,55,51,0,0,0,0,0,0,0,0,0,0,0,0,0
l4,3=84,89,86,91,0,91,82,87,87,80,78,86,76,84,74,0,0,0,68,0,0,0,0,0,0,0,0,0,0,0,11,11,0,0,0,0,0,0,0,0,0,0,0,0,0
l5,3=93,89,86,87,87,0,82,94,87,89,86,78,81,90,71,0,64,65,65,41,45,0,0,0,0,0,0,0,0,0,63,61,0,0,0,0,0,0,0,0,0,0,0,0,0
l6,3=89,89,86,82,85,91,0,92,88,89,79,84,83,90,75,0,72,70,67,35,0,0,0,0,0,0,0,0,0,0,48,62,0,0,0,0,0,0,0,0,5,0,0,0,0
l7,3=81,86,86,81,80,84,80,0,87,89,83,87,83,88,82,0,71,36,73,59,66,0,0,60,15,60,66,4,0,0,0,0,0,0,0,0,0,0,0,0,0,0,0,0,0
l8,3=81,86,86,78,80,84,81,91,0,89,82,86,83,89,82,0,71,60,74,59,65,0,59,40,14,43,57,39,0,0,8,0,0,0,0,0,0,0,0,0,0,0,0,45,0
l9,3=79,85,86,77,79,82,81,91,85,0,83,85,83,89,75,0,71,60,70,53,59,12,0,37,28,49,42,26,0,0,40,41,0,0,0,0,0,0,0,0,0,0,6,0,0
l10,3=43,85,84,71,0,82,79,72,76,84,0,79,83,89,88,0,77,56,83,64,80,54,29,52,20,60,61,43,0,0,52,58,0,0,0,0,0,0,0,0,0,0,1,21,0
l11,3=79,86,86,75,80,74,80,91,85,89,81,0,83,90,73,0,73,66,70,53,75,52,43,38,30,54,51,33,0,0,52,54,0,0,0,0,0,0,0,0,0,0,0,52,0
l12,3=68,86,86,75,77,84,80,90,84,89,88,87,0,91,86,0,77,64,72,50,76,21,40,16,34,53,57,50,0,0,32,32,0,0,0,0,0,0,0,0,15,14,0,0,0
l13,3=81,86,86,77,80,83,81,91,84,89,83,84,83,0,80,0,74,65,37,29,63,37,14,58,26,49,0,0,0,0,52,45,0,0,0,0,0,0,0,0,0,0,0,26,0
l14,3=42,0,49,0,41,58,56,67,83,66,86,81,83,85,0,0,80,82,87,79,96,50,40,54,29,56,73,5,0,0,14,56,0,0,0,0,0,0,0,48,25,0,58,64,52
l15,3=53,63,64,56,12,55,72,71,66,65,87,83,83,86,91,0,0,75,84,74,93,62,53,50,31,48,54,28,0,0,52,49,0,5,0,0,0,0,0,0,48,0,42,51,27
l16,3=37,61,46,6,0,55,54,2,38,55,43,57,58,57,94,0,80,0,73,86,96,34,0,26,16,51,52,4,0,0,95,91,0,50,0,0,0,0,31,54,75,58,49,49,24
l17,3=20,67,0,0,42,41,62,54,70,69,88,68,76,0,94,0,78,72,0,80,93,42,42,63,51,21,27,0,0,0,55,46,0,0,0,0,0,0,0,0,47,34,24,52,0
l18,3=0,32,39,0,0,22,0,44,74,57,69,58,58,4,91,0,79,85,87,0,96,83,61,61,79,72,92,73,0,0,87,57,0,10,0,0,0,0,15,0,61,44,42,36,3
l19,3=0,34,0,6,14,21,15,26,35,36,71,61,60,39,94,0,80,85,87,86,0,37,36,35,52,57,36,8,0,0,33,37,9,0,0,2,0,0,10,26,36,0,61,62,21
l20,3=0,0,0,0,0,0,0,0,0,0,66,9,1,1,71,0,66,38,67,79,75,0,96,80,6,65,74,92,0,0,0,0,71,73,0,50,9,55,72,0,0,0,64,73,74
l21,3=0,0,0,0,0,0,0,0,64,0,1,6,7,0,6,0,64,0,45,79,38,95,0,79,66,61,74,91,0,0,0,0,0,0,0,13,0,0,0,0,0,0,60,73,0
l22,3=0,0,0,0,0,0,0,58,24,3,47,5,0,58,62,0,59,8,66,69,59,89,78,0,68,64,92,90,0,0,13,0,33,75,0,55,73,30,75,13,35,42,61,65,42
l23,3=0,14,0,0,0,0,0,2,1,36,32,33,53,42,57,0,55,36,66,84,71,28,67,74,0,72,92,81,0,0,4,0,50,17,0,13,31,12,30,54,3,53,66,74,84
l24,3=0,0,0,0,0,0,1,52,30,33,74,47,50,41,70,0,64,63,43,82,83,90,55,77,79,0,81,80,0,0,0,2,25,20,0,5,13,9,17,52,56,50,67,74,81
l25,3=0,0,1,0,0,0,0,55,48,2,59,29,52,0,80,0,64,58,32,81,64,89,69,88,78,72,0,83,0,0,0,21,49,19,0,23,58,6,52,0,49,11,58,76,79
l26,3=0,0,0,0,0,0,0,3,37,3,56,26,69,0,12,0,53,45,0,79,82,95,83,88,69,64,74,0,0,0,0,0,70,80,0,75,55,0,74,66,13,0,54,59,16
l27,3=0,68,44,51,0,80,45,0,32,38,65,59,23,62,70,0,71,85,76,84,84,0,0,45,15,0,0,0,0,0,0,91,46,85,0,19,58,41,75,85,92,91,44,38,0
l28,3=38,55,47,39,4,55,49,0,0,34,63,61,45,50,80,0,65,86,71,82,79,0,0,0,0,5,48,0,0,0,95,0,57,97,0,30,73,42,83,96,92,96,22,43,0
l29,3=0,0,0,0,0,0,0,0,0,0,0,0,0,0,0,0,0,0,0,0,48,93,0,70,76,70,81,86,0,0,88,78,0,100,0,87,100,100,96,99,90,99,39,0,0
l30,3=0,0,0,0,0,0,0,0,0,0,0,0,0,0,0,0,22,77,0,74,0,84,0,87,52,51,62,92,0,0,93,91,95,0,0,87,100,100,96,99,92,99,57,0,31
l31,3=0,0,0,0,0,0,0,0,0,0,0,0,0,0,0,0,0,0,0,56,48,90,62,80,59,48,72,84,0,0,56,53,95,100,0,0,100,92,96,99,92,98,12,48,0
l32,3=0,0,0,0,0,0,0,0,0,0,0,0,0,0,0,0,0,0,0,2,0,79,23,88,64,53,92,78,0,0,89,83,95,100,0,87,0,100,96,99,92,99,2,0,0
l33,3=0,0,0,0,0,0,0,0,0,0,0,0,0,0,0,0,0,0,0,0,0,80,0,67,56,0,65,0,0,0,72,61,95,100,0,87,100,0,96,99,92,75,0,0,0
l34,3=0,0,0,0,0,0,0,0,0,0,0,0,1,0,0,0,0,72,0,74,53,81,0,78,59,52,71,74,0,0,95,91,95,100,0,87,100,100,0,99,92,99,34,0,17
l35,3=0,0,0,0,0,0,0,0,0,0,0,0,0,0,62,0,12,79,0,0,63,2,0,57,59,68,2,73,0,0,95,91,95,100,0,87,100,100,96,0,92,99,0,17,0
l36,3=0,0,0,0,0,0,0,0,0,0,0,0,34,0,49,0,67,84,75,83,85,0,24,70,24,63,79,37,0,0,95,91,86,100,0,86,92,89,96,99,0,99,0,41,0
l37,3=0,0,0,0,0,0,0,0,0,0,0,0,51,0,23,0,1,82,67,86,0,0,0,75,69,69,79,56,0,0,95,91,95,100,0,87,100,86,96,99,92,0,25,0,0
l38,3=0,0,0,0,0,0,0,0,0,0,0,0,0,0,37,0,31,18,2,12,45,38,2,45,38,28,26,0,0,0,4,0,0,3,0,0,0,0,0,0,0,0,0,76,84
l39,3=0,0,0,0,0,0,0,0,11,0,0,2,0,0,63,0,45,28,39,1,61,40,39,58,70,61,74,0,0,0,3,4,0,0,0,1,0,0,0,1,1,0,70,0,84
l40,3=0,0,0,0,0,0,0,0,0,0,0,0,0,0,41,0,0,11,0,0,1,50,0,35,68,57,69,1,0,0,0,0,0,2,0,0,0,0,0,0,0,0,68,76,0
l41,3=0,0,0,0,0,0,0,0,0,8,0,8,25,38,57,0,48,68,63,79,58,55,0,63,71,64,74,2,0,0,2,17,1,0,0,0,0,0,0,0,20,0,69,74,84
l42,3=0,0,0,0,0,0,0,0,0,0,0,0,0,0,35,0,1,0,26,32,39,35,44,52,72,59,73,4,0,0,0,0,4,3,0,2,0,6,3,0,0,0,68,76,84
l43,3=0,0,0,0,0,0,0,0,0,0,0,0,0,0,0,0,0,11,1,9,1,77,0,62,59,46,74,68,0,0,0,0,8,0,0,0,0,0,2,1,0,0,68,74,84
l44,3=0,0,0,0,0,0,0,0,0,0,0,0,0,0,0,0,0,35,1,60,1,58,54,47,68,64,70,61,0,0,0,0,0,5,0,0,0,0,0,0,0,0,68,74,82

l0,4=0,98,87,96,75,95,96,92,87,75,71,86,64,68,54,0,65,53,1,0,0,0,0,0,0,0,0,0,0,0,59,55,0,0,0,0,0,0,0,0,0,0,0,0,0
l1,4=95,0,94,96,94,95,97,94,92,72,73,87,65,69,44,0,0,51,0,46,44,0,0,0,2,0,0,0,0,0,54,9,0,0,0,0,0,0,0,0,26,0,0,0,0
l2,4=72,96,0,83,93,80,97,92,92,75,73,90,65,68,0,0,66,60,44,59,0,0,0,0,0,0,10,0,0,0,0,51,0,0,0,0,0,0,0,0,0,0,0,0,0
l3,4=97,98,92,0,94,95,95,93,89,75,75,85,63,69,41,0,71,54,39,0,0,0,0,0,0,0,0,0,0,0,58,56,0,0,0,0,0,0,0,0,0,0,0,0,0
l4,4=97,98,94,96,0,95,96,95,90,73,75,87,57,70,42,0,61,57,43,0,0,0,0,0,0,0,0,0,0,0,1,56,0,0,0,0,0,0,0,0,0,0,0,0,0
l5,4=97,98,94,95,93,0,97,95,87,75,82,88,74,70,35,0,21,57,41,47,49,0,0,0,0,0,0,0,0,0,66,50,0,0,0,0,0,0,0,0,58,0,0,0,0
l6,4=75,94,86,83,75,83,0,69,87,75,73,86,67,68,61,0,70,60,47,34,48,0,0,0,0,36,0,0,0,0,50,0,0,0,0,0,0,0,0,0,0,0,0,0,0
l7,4=69,88,84,82,75,79,81,0,87,73,74,90,67,69,60,0,68,0,54,62,57,19,0,31,29,50,39,39,0,0,0,0,0,0,0,0,0,0,0,0,0,0,0,0,0
l8,4=69,92,89,83,72,78,96,94,0,75,60,90,67,69,60,0,68,35,56,60,42,44,0,35,27,1,34,0,0,0,4,3,0,0,0,0,0,0,0,0,0,0,0,21,0
l9,4=67,86,84,59,66,77,96,91,87,0,74,89,67,70,61,0,70,55,60,45,47,1,0,32,30,43,1,23,0,0,42,24,0,0,0,0,0,0,0,0,0,0,0,0,0
l10,4=47,78,64,65,61,77,84,72,68,60,0,75,77,68,59,0,73,47,51,53,57,35,40,36,32,47,40,43,0,0,44,44,0,0,0,0,0,0,0,0,0,0,12,35,4
l11,4=67,88,84,66,74,77,94,92,87,76,69,0,78,71,52,0,71,56,57,57,56,0,13,38,31,46,8,45,0,0,31,49,0,0,0,0,0,0,0,0,0,0,0,0,0
l12,4=64,88,84,55,48,78,94,91,87,61,82,91,0,72,62,0,73,60,35,46,60,17,33,4,34,46,44,44,0,0,11,6,0,0,0,0,0,0,0,0,0,0,0,23,0
l13,4=68,84,83,71,69,78,95,91,87,75,75,90,69,0,64,0,68,62,43,50,59,44,0,34,33,45,24,47,0,0,0,37,0,0,0,0,0,0,0,0,2,0,0,20,0
l14,4=42,62,0,34,50,9,70,71,69,43,72,70,65,65,0,0,72,81,76,58,71,5,23,31,36,52,46,44,0,0,50,44,0,0,0,0,0,0,0,58,32,46,18,40,27
l15,4=43,0,54,57,52,54,73,62,67,43,75,88,68,57,64,0,0,59,62,57,66,48,44,36,31,45,37,43,0,0,46,43,0,22,0,0,0,0,25,0,54,0,14,35,17
l16,4=29,15,44,50,56,59,71,0,9,49,58,69,61,59,74,0,72,0,68,90,78,7,0,8,44,52,60,29,0,0,94,90,0,49,0,0,0,0,69,71,65,50,15,36,23
l17,4=1,0,51,42,51,57,69,61,66,41,73,78,50,55,74,0,73,77,0,70,47,1,36,37,31,46,30,41,0,0,46,43,0,0,0,0,0,0,0,1,54,48,0,36,23
l18,4=0,0,48,0,0,44,55,69,75,40,62,71,55,45,62,0,59,86,65,0,81,68,69,63,76,83,78,69,0,0,72,70,32,41,0,24,0,0,57,11,70,61,13,52,23
l19,4=0,51,0,0,0,58,63,66,16,41,63,73,69,57,74,0,70,87,54,90,0,51,43,50,70,58,39,50,0,0,61,45,25,0,0,0,0,0,66,7,54,51,16,57,23
l20,4=0,0,0,0,0,0,0,0,0,0,0,0,0,11,4,0,55,0,0,72,6,0,90,63,69,80,76,91,0,0,0,0,76,13,0,0,0,6,28,0,0,2,11,11,6
l21,4=0,0,0,0,0,0,0,0,0,0,0,2,17,0,0,0,57,0,1,86,5,90,0,77,73,86,81,89,0,0,0,0,0,0,0,4,0,0,17,0,0,0,6,14,0
l22,4=0,0,0,0,0,0,0,8,17,3,4,49,13,11,4,0,48,0,42,62,37,67,63,0,76,87,84,91,0,0,0,0,36,65,0,58,72,55,64,31,1,3,4,47,6
l23,4=0,0,0,0,0,0,0,0,3,8,46,1,53,20,34,0,57,52,57,77,67,72,58,79,0,88,85,81,0,0,11,9,25,2,0,24,1,13,53,68,1,59,20,63,41
l24,4=0,0,0,0,0,0,27,65,3,38,70,57,47,44,64,0,62,63,66,76,43,80,79,70,77,0,78,80,0,0,10,2,42,15,0,29,18,3,47,79,47,54,22,63,45
l25,4=0,0,0,0,0,0,0,15,3,0,51,3,57,11,51,0,49,62,2,79,8,76,63,79,77,87,0,81,0,0,5,1,70,66,0,1,3,5,28,29,16,3,19,62,8
l26,4=0,0,0,0,0,0,0,6,3,3,1,2,21,11,4,0,42,0,2,72,49,90,81,80,71,77,78,0,0,0,1,12,0,76,0,66,8,3,26,34,5,0,14,23,13
l27,4=62,53,0,52,13,85,62,14,0,35,65,57,33,39,70,0,72,88,55,88,68,0,0,0,21,11,5,1,0,0,0,90,65,45,0,2,44,0,89,100,100,95,11,1,0
l28,4=62,0,49,53,68,66,0,0,48,16,69,73,1,60,57,0,72,88,55,90,65,0,0,0,21,9,20,20,0,0,94,0,34,91,0,69,92,74,93,100,100,97,0,45,0
l29,4=0,0,0,0,0,0,0,0,0,0,0,0,0,0,0,0,0,0,0,61,0,88,0,68,70,76,84,0,0,0,88,54,0,95,0,100,99,100,100,100,99,97,16,0,3
l30,4=0,0,0,0,3,0,0,0,0,0,0,0,0,0,0,0,14,77,0,67,0,75,0,68,61,68,75,81,0,0,79,84,99,0,0,100,99,97,100,100,100,97,18,36,11
l31,4=0,0,0,0,0,0,0,0,0,0,0,0,0,0,0,0,0,0,0,66,0,68,69,76,67,74,70,84,0,0,74,73,99,95,0,0,99,100,100,100,100,97,0,57,8
l32,4=0,0,0,0,0,0,0,0,0,0,0,0,0,0,0,0,0,0,0,0,0,0,0,77,68,66,72,79,0,0,73,80,99,95,0,100,0,100,100,98,96,97,2,0,0
l33,4=0,0,0,0,0,0,0,0,0,0,0,0,0,0,0,0,0,0,0,0,0,81,0,78,65,39,72,72,0,0,0,83,99,95,0,100,99,0,100,100,100,83,0,0,0
l34,4=0,0,0,0,0,0,0,0,0,0,0,0,0,0,0,0,44,79,0,67,56,76,52,77,68,76,75,79,0,0,92,81,99,95,0,97,97,97,0,100,98,97,11,0,33
l35,4=0,0,0,0,0,0,0,0,0,0,0,0,0,0,69,0,0,85,0,0,1,0,0,76,73,84,79,83,0,0,92,83,86,93,0,97,97,97,100,0,98,97,0,0,0
l36,4=0,0,0,0,0,70,0,0,0,0,0,0,0,0,1,0,62,86,64,75,50,0,0,45,47,77,79,77,0,0,94,90,85,95,0,97,97,96,100,100,0,97,0,30,0
l37,4=0,0,0,0,0,36,0,0,0,0,0,0,0,0,64,0,4,68,69,81,65,69,0,74,73,84,80,0,0,0,92,86,97,95,0,97,97,94,100,100,100,0,0,0,28
l38,4=0,0,0,0,0,0,0,0,0,0,1,0,0,0,10,0,41,1,0,1,3,7,14,15,63,26,5,3,0,0,9,0,0,2,0,0,0,0,9,0,0,0,0,63,45
l39,4=0,0,0,0,0,0,0,0,0,0,2,0,9,9,11,0,49,0,47,49,62,7,15,40,69,75,76,5,0,0,0,9,0,0,0,1,0,0,0,0,0,0,22,0,44
l40,4=0,0,0,0,0,0,0,0,0,0,0,0,0,0,6,0,29,2,1,2,4,3,5,0,61,70,3,10,0,0,0,0,0,0,0,0,0,0,7,0,0,0,22,61,0
l41,4=0,0,0,0,0,0,0,0,0,0,2,2,36,46,56,0,41,69,59,68,59,54,17,61,66,76,77,54,0,0,10,23,0,0,0,0,0,0,14,1,0,0,20,60,40
l42,4=0,0,0,0,0,0,0,0,0,0,2,0,0,0,2,0,38,0,1,24,5,50,26,62,71,80,5,21,0,0,0,0,1,0,0,1,0,0,20,0,0,0,22,63,45
l43,4=0,0,0,0,0,0,0,0,0,0,0,0,0,0,0,0,29,0,0,4,3,8,1,55,60,70,67,10,0,0,0,0,1,0,0,0,0,0,19,2,0,0,21,61,44
l44,4=0,0,0,0,0,0,0,0,0,0,0,0,0,0,3,0,40,0,1,62,4,22,23,57,71,79,76,6,0,0,0,0,0,4,0,0,0,0,5,0,0,0,22,61,44

l0,5=0,83,82,93,86,86,80,34,78,72,48,77,54,72,4,0,2,57,0,0,0,0,0,0,0,0,0,0,0,0,61,3,0,0,0,0,0,0,0,0,0,0,0,0,0
l1,5=69,0,86,93,79,89,81,74,83,55,57,80,52,49,5,0,6,61,46,1,0,0,0,0,0,0,0,0,0,0,56,47,0,0,0,0,0,0,0,0,2,0,0,0,0
l2,5=80,85,0,84,87,86,81,77,83,64,35,82,66,77,5,0,23,24,0,0,0,0,0,0,0,0,0,0,0,0,56,56,0,0,0,0,0,0,0,0,0,0,0,0,0
l3,5=83,85,85,0,92,89,81,76,80,57,29,79,44,75,4,0,25,60,42,0,0,0,0,0,0,0,0,0,0,0,68,42,0,0,0,0,0,0,0,0,0,0,0,0,0
l4,5=83,83,86,94,0,89,81,77,77,56,43,27,52,56,0,0,25,63,59,16,0,0,0,0,0,0,0,0,0,0,59,57,0,0,0,0,0,0,0,0,0,0,0,0,0
l5,5=80,83,80,89,90,0,80,71,78,63,52,78,45,73,7,0,18,58,53,15,11,0,0,0,0,0,0,0,0,0,68,48,0,0,0,0,0,0,1,0,22,0,0,0,0
l6,5=79,84,83,50,79,73,0,73,77,72,57,78,60,71,10,0,24,1,61,16,0,0,0,0,0,2,0,0,0,0,53,28,0,0,0,0,0,0,0,0,0,0,0,0,0
l7,5=52,71,84,64,59,70,74,0,83,72,45,82,62,74,14,0,24,0,66,21,0,0,0,1,0,7,5,0,0,0,0,0,0,0,0,0,0,0,0,0,0,0,0,0,0
l8,5=69,85,86,59,57,78,63,81,0,74,54,82,67,85,16,0,22,17,46,19,25,0,2,53,1,7,6,6,0,0,0,0,0,0,0,0,0,0,0,0,0,0,0,2,0
l9,5=54,62,67,43,49,69,68,71,79,0,57,81,62,82,16,0,22,62,66,6,28,1,0,0,2,2,1,2,0,0,3,0,0,0,0,0,0,0,0,0,0,0,0,6,0
l10,5=10,37,2,7,18,65,24,20,48,63,0,48,66,73,20,0,27,61,62,19,35,2,0,52,2,2,2,6,0,0,58,44,0,0,0,0,0,0,0,0,0,0,24,17,0
l11,5=51,59,62,47,31,64,52,74,78,72,55,0,67,81,0,0,23,40,62,17,33,0,0,44,2,2,2,6,0,0,38,13,0,0,0,0,0,0,0,0,0,0,0,0,0
l12,5=58,71,71,13,56,65,64,69,78,68,59,82,0,85,17,0,25,63,63,14,37,0,0,0,2,2,5,4,0,0,37,8,0,0,0,0,0,0,0,0,0,0,7,8,0
l13,5=54,64,70,28,55,69,63,68,77,71,57,82,67,0,16,0,23,65,64,19,37,2,0,39,2,4,2,6,0,0,61,0,0,0,0,0,0,0,0,0,0,0,0,15,0
l14,5=4,4,0,0,4,37,2,3,11,14,57,0,36,67,0,0,25,88,74,25,57,2,0,44,2,1,1,4,0,0,12,4,0,0,0,0,0,0,0,3,3,1,23,18,5
l15,5=4,0,1,5,9,43,24,19,32,40,58,42,62,28,19,0,0,64,70,19,37,3,0,27,2,1,2,2,0,0,9,54,0,0,0,0,0,0,0,0,3,1,8,8,4
l16,5=3,5,0,3,6,46,0,0,1,3,37,3,29,28,19,0,14,0,66,25,57,0,0,45,2,2,3,4,0,0,87,89,0,11,0,0,0,0,30,47,32,1,12,0,0
l17,5=0,3,0,0,4,43,21,21,0,58,51,40,31,37,23,0,25,54,0,18,57,2,0,45,2,4,2,0,0,0,72,17,0,0,0,0,0,0,0,0,3,0,24,27,5
l18,5=0,0,0,0,1,26,2,3,6,0,7,2,4,19,20,0,20,85,9,0,62,10,0,65,4,16,9,7,0,0,13,8,0,12,0,9,2,0,4,3,5,1,23,30,6
l19,5=0,0,0,0,0,43,0,0,3,4,46,4,36,33,23,0,26,85,69,26,0,2,0,53,4,7,2,7,0,0,58,86,0,0,0,0,0,0,5,2,1,13,19,25,6
l20,5=0,0,0,0,0,0,0,0,0,0,0,0,0,10,0,0,0,0,0,0,0,0,7,77,4,15,1,9,0,0,0,0,0,18,0,0,0,0,0,0,0,0,1,25,12
l21,5=0,0,0,0,0,0,0,0,0,0,0,0,1,0,0,0,0,0,0,0,0,19,0,18,0,8,0,6,0,0,0,0,0,0,0,2,0,0,0,0,0,0,6,19,3
l22,5=0,0,0,0,0,0,0,0,9,0,0,3,0,12,7,0,6,3,6,11,3,13,0,0,7,18,10,9,0,0,0,0,0,32,0,19,11,5,1,4,7,0,23,29,8
l23,5=0,0,0,0,0,0,0,0,0,0,0,0,5,9,0,0,3,0,0,15,7,12,0,80,0,17,10,6,0,0,0,0,0,7,0,17,0,0,0,2,0,0,23,31,22
l24,5=0,0,0,0,0,0,0,0,0,0,9,0,1,14,0,0,1,0,9,26,4,11,0,80,7,0,10,8,0,0,0,0,0,6,0,13,0,0,0,0,0,0,1,28,17
l25,5=0,0,0,0,0,0,0,0,0,0,0,0,5,10,0,0,0,0,0,12,0,10,0,80,7,14,0,5,0,0,0,0,0,21,0,10,0,0,0,0,0,0,20,32,16
l26,5=0,0,0,0,0,0,0,0,0,0,0,0,1,13,0,0,0,0,0,9,0,19,0,79,3,14,1,0,0,0,0,0,0,21,0,15,0,0,0,0,0,0,13,22,3
l27,5=64,15,13,34,58,66,19,0,0,17,32,35,27,21,4,0,8,88,66,13,23,0,0,38,2,0,0,0,0,0,0,92,7,32,0,49,25,38,39,54,64,44,7,10,4
l28,5=0,8,11,5,3,24,2,0,0,0,9,21,4,0,4,0,9,88,58,17,40,0,0,1,1,4,1,1,0,0,93,0,8,33,0,45,53,46,11,54,73,43,7,24,0
l29,5=0,0,0,0,0,0,0,0,0,0,0,0,0,0,0,0,0,0,0,0,0,6,0,21,1,0,4,3,0,0,8,2,0,68,0,90,95,96,87,95,74,96,0,0,12
l30,5=0,0,0,0,0,0,0,0,0,0,0,0,0,0,0,0,0,2,0,11,0,6,0,71,1,4,7,6,0,0,15,7,18,0,0,90,95,96,87,95,95,97,9,22,3
l31,5=0,0,0,0,0,0,0,0,0,0,0,0,0,0,0,0,0,0,0,9,0,0,0,62,2,12,3,4,0,0,28,9,18,68,0,0,95,96,87,95,94,96,0,21,0
l32,5=0,0,0,0,0,0,0,0,0,0,0,0,0,0,0,0,0,0,0,6,0,5,0,76,1,0,0,2,0,0,1,67,18,68,0,90,0,96,85,95,93,70,0,0,0
l33,5=0,0,0,0,0,0,0,0,0,0,0,0,0,0,0,0,0,0,0,1,0,8,0,74,1,0,4,0,0,0,12,9,18,68,0,90,95,0,85,78,87,35,0,0,0
l34,5=0,0,0,0,0,22,0,0,0,0,0,0,0,0,0,0,0,8,0,4,4,6,0,56,0,3,1,5,0,0,8,2,18,68,0,90,87,96,0,95,95,97,2,0,0
l35,5=0,0,0,0,0,0,0,0,0,0,0,0,0,0,2,0,0,84,0,11,3,4,0,71,2,4,1,0,0,0,93,69,18,68,0,90,95,57,87,0,95,97,0,0,0
l36,5=0,0,0,0,0,44,0,0,0,0,0,0,0,0,4,0,5,88,8,10,4,3,0,65,2,4,1,7,0,0,93,89,9,68,0,87,90,89,87,95,0,97,0,0,0
l37,5=0,0,0,0,0,0,0,0,0,0,0,0,0,0,5,0,0,59,8,5,21,6,0,59,2,4,4,6,0,0,93,73,18,68,0,90,90,82,87,95,95,0,3,3,0
l38,5=0,0,0,0,0,0,0,0,0,0,0,0,0,0,0,0,0,0,2,8,0,1,0,52,1,0,1,3,0,0,0,0,0,6,0,0,0,0,0,0,0,0,0,29,20
l39,5=0,0,0,0,0,0,0,0,0,0,0,0,0,3,4,0,0,0,3,9,0,0,0,47,2,10,2,1,0,0,0,0,0,5,0,0,0,0,0,0,0,0,23,0,20
l40,5=0,0,0,0,0,0,0,0,0,0,0,0,0,0,6,0,0,0,0,7,0,0,0,22,3,7,0,0,0,0,0,0,0,0,0,0,0,0,0,0,0,0,25,34,0
l41,5=0,0,0,0,0,0,0,0,0,0,0,0,4,2,13,0,2,8,9,12,4,0,0,64,5,10,9,3,0,0,0,0,0,0,0,0,0,0,0,0,0,0,24,33,18
l42,5=0,0,0,0,0,0,0,0,0,0,0,0,0,0,0,0,0,0,0,8,0,4,0,66,3,13,4,4,0,0,0,0,0,4,0,4,0,0,0,0,0,0,23,33,20
l43,5=0,0,0,0,0,0,0,0,0,0,0,0,0,0,0,0,0,0,0,0,0,4,0,46,0,1,0,3,0,0,0,0,0,2,0,9,0,0,0,0,0,0,24,33,21
l44,5=0,0,0,0,0,0,0,0,0,0,0,0,0,0,7,0,0,0,0,10,0,7,0,29,2,9,1,0,0,0,0,0,0,4,0,0,0,0,0,0,0,0,23,29,20

l0,6=0,90,84,87,76,70,82,38,53,49,46,63,75,79,11,0,4,33,0,0,0,0,0,0,0,0,0,0,0,0,84,5,0,0,0,0,0,0,0,0,0,0,0,0,0
l1,6=92,0,89,88,75,73,87,30,82,44,47,66,81,74,23,0,3,0,37,1,0,0,0,0,0,0,0,0,0,0,79,0,0,0,0,0,0,0,0,0,0,0,0,0,0
l2,6=95,93,0,88,48,73,87,84,82,61,44,61,82,78,0,0,7,47,33,2,0,0,0,0,0,26,0,0,0,0,1,33,0,0,0,0,0,0,0,0,0,0,0,0,0
l3,6=95,93,92,0,76,72,81,57,50,47,50,69,24,74,13,0,2,48,28,0,0,0,0,0,0,0,0,0,0,0,0,0,0,0,0,0,0,0,0,0,0,0,0,0,0
l4,6=95,91,75,87,0,73,78,45,53,44,44,66,77,55,10,0,2,0,32,1,0,0,0,0,0,0,0,0,0,0,73,59,0,0,0,0,0,0,0,0,0,0,0,0,0
l5,6=94,93,84,73,76,0,82,41,53,44,48,63,68,67,15,0,3,42,23,0,0,0,0,0,1,0,0,0,0,0,76,69,0,0,0,0,0,0,5,0,0,0,0,0,0
l6,6=95,93,93,73,56,73,0,71,67,76,61,60,80,57,19,0,9,28,32,0,18,0,0,0,0,3,0,0,0,0,26,0,0,0,0,0,0,0,0,0,0,0,0,0,0
l7,6=64,80,88,71,69,68,82,0,82,76,56,80,76,82,28,0,21,25,32,1,0,0,0,0,0,34,1,0,0,0,0,0,0,0,0,0,0,0,0,0,0,0,0,0,0
l8,6=88,88,93,63,50,66,77,84,0,75,47,80,80,82,24,0,18,10,29,1,0,0,0,1,2,35,3,2,0,0,0,0,0,0,0,0,0,0,0,0,0,0,0,0,0
l9,6=88,82,83,61,40,63,87,84,82,0,61,80,82,85,32,0,8,18,36,0,12,0,0,0,1,15,0,0,0,0,0,0,0,0,0,0,0,0,0,0,0,0,0,0,0
l10,6=1,62,41,30,15,59,74,27,30,48,0,73,80,79,35,0,22,48,35,1,37,0,0,1,5,37,3,1,0,0,0,10,0,0,0,0,0,0,0,0,0,0,11,2,0
l11,6=77,83,78,54,47,64,13,72,77,66,61,0,82,79,26,0,22,34,39,1,0,1,0,3,5,27,0,1,0,0,18,0,0,0,0,0,0,0,0,0,0,0,0,1,0
l12,6=54,85,82,12,44,44,76,41,79,59,68,80,0,85,35,0,20,11,38,1,25,0,0,1,4,13,0,1,0,0,0,11,0,0,0,0,0,0,0,0,0,0,6,1,0
l13,6=89,66,67,49,30,43,49,73,76,75,59,80,82,0,31,0,10,29,33,1,9,0,0,2,4,19,0,2,0,0,31,2,0,0,0,0,0,0,0,0,0,0,0,0,0
l14,6=0,0,0,2,1,2,0,4,3,4,60,8,69,39,0,0,20,79,40,2,39,0,0,1,3,28,0,6,0,0,5,0,0,0,0,0,0,0,1,0,0,0,14,1,0
l15,6=0,0,0,5,2,3,29,33,36,17,64,64,69,34,34,0,0,49,39,1,36,3,0,2,4,5,3,6,0,0,0,45,0,1,0,0,0,0,0,1,0,0,16,3,0
l16,6=0,0,7,4,0,23,19,0,0,4,50,23,10,23,21,0,18,0,33,1,39,0,0,3,5,24,3,6,0,0,82,83,0,9,0,0,0,0,15,2,44,21,14,3,3
l17,6=0,1,0,0,2,0,0,16,0,25,49,64,64,49,39,0,20,74,0,1,40,0,0,4,4,39,4,9,0,0,75,60,0,0,0,0,0,0,0,0,0,5,22,4,1
l18,6=0,0,0,0,3,0,0,0,0,0,0,0,1,25,34,0,14,68,20,0,43,3,0,2,4,44,4,9,0,0,0,0,3,20,0,0,0,0,1,2,0,3,28,2,0
l19,6=0,0,0,0,0,0,0,0,0,0,37,0,17,16,34,0,20,84,34,4,0,0,0,1,5,42,0,11,0,0,0,35,0,18,0,0,0,0,2,3,0,12,21,3,0
l20,6=0,0,0,0,0,0,0,0,0,0,0,0,0,6,1,0,0,0,0,0,0,0,3,2,2,48,1,16,0,0,0,0,3,11,0,0,0,0,1,0,0,9,41,0,0
l21,6=0,0,0,0,0,0,0,0,0,0,0,0,0,0,2,0,0,0,0,0,0,7,0,1,0,42,1,12,0,0,0,0,0,9,0,0,0,0,1,0,0,0,35,0,0
l22,6=0,0,0,0,0,0,0,0,0,0,0,0,0,11,1,0,0,0,0,0,0,5,0,0,9,54,8,18,0,0,0,0,0,31,0,0,0,0,1,0,0,12,44,0,0
l23,6=0,0,0,0,0,0,0,0,0,0,0,0,0,7,3,0,0,0,0,0,5,5,0,7,0,55,8,10,0,0,0,0,0,16,0,0,0,0,1,0,0,7,49,0,0
l24,6=0,0,0,0,0,0,0,0,0,0,0,0,0,10,1,0,0,0,0,1,0,3,0,5,9,0,8,13,0,0,0,0,0,18,0,0,0,0,1,0,0,10,40,0,0
l25,6=0,0,0,0,0,0,0,0,0,0,0,0,0,7,0,0,0,0,0,0,0,2,0,7,9,55,0,8,0,0,0,0,0,27,0,0,0,0,1,0,0,12,34,1,0
l26,6=0,0,0,0,0,0,0,0,0,0,0,0,0,8,0,0,0,0,0,0,0,5,0,5,1,48,1,0,0,0,0,0,5,30,0,0,0,0,2,0,0,11,47,0,0
l27,6=66,61,0,0,1,34,4,0,0,2,0,26,0,18,18,0,5,82,35,0,30,0,0,0,2,0,0,0,0,0,0,83,1,29,0,5,32,0,23,63,57,43,2,3,0
l28,6=0,0,3,0,22,51,1,0,0,0,34,2,29,18,10,0,5,85,31,0,36,0,0,0,2,21,0,0,0,0,93,0,12,28,0,0,39,42,33,57,79,66,16,0,0
l29,6=0,0,0,0,0,0,0,0,0,0,0,0,0,0,0,0,0,0,0,0,0,3,0,0,1,16,1,8,0,0,0,0,0,51,0,59,73,83,54,79,62,61,0,0,0
l30,6=0,0,0,0,0,0,0,0,0,0,0,0,0,0,0,0,0,0,0,0,0,1,0,2,1,32,1,6,0,0,1,0,23,0,0,58,70,71,54,52,94,84,6,0,0
l31,6=0,0,0,0,0,0,0,0,0,0,0,0,0,0,0,0,0,0,0,0,0,3,0,1,7,31,2,8,0,0,0,0,23,51,0,0,73,89,54,77,89,86,0,0,0
l32,6=0,0,0,0,0,0,0,0,0,0,0,0,0,0,0,0,0,0,0,0,0,3,0,3,0,25,0,5,0,0,0,16,23,49,0,59,0,83,29,63,77,54,10,0,0
l33,6=0,0,0,0,0,0,0,0,0,0,0,0,0,0,0,0,0,0,0,0,0,3,0,0,0,0,3,4,0,0,0,0,23,49,0,59,70,0,42,35,79,72,0,0,0
l34,6=0,0,0,0,0,0,0,0,0,0,0,0,0,0,2,0,0,0,0,0,0,4,0,0,4,26,1,13,0,0,0,0,23,51,0,58,56,65,0,80,94,89,17,0,0
l35,6=0,0,0,0,0,0,0,0,0,0,0,0,0,0,0,0,0,0,0,1,0,2,0,0,3,10,1,8,0,0,55,47,23,51,0,57,71,49,54,0,94,89,10,0,0
l36,6=0,0,0,0,0,0,0,0,0,0,0,0,0,0,2,0,5,79,2,0,0,0,0,2,2,21,3,7,0,0,95,51,19,51,0,59,65,55,54,80,0,89,0,0,0
l37,6=0,0,0,0,0,0,0,0,0,0,0,0,0,0,0,0,0,62,0,0,1,3,0,4,2,30,3,9,0,0,90,81,22,51,0,59,62,69,54,80,94,0,0,0,0
l38,6=0,0,0,0,0,0,0,0,0,0,0,0,0,0,0,0,0,0,0,0,0,0,0,2,1,31,0,9,0,0,0,0,0,0,0,0,0,0,1,0,0,0,0,1,0
l39,6=0,0,0,0,0,0,0,0,0,0,0,0,0,0,2,0,0,0,0,0,0,0,0,1,1,37,7,0,0,0,0,0,0,0,0,0,0,0,1,0,0,0,52,0,4
l40,6=0,0,0,0,0,0,0,0,0,0,0,0,0,0,3,0,0,0,0,0,0,0,0,2,1,37,0,0,0,0,0,0,0,0,0,0,0,0,0,0,0,0,52,5,0
l41,6=0,0,0,0,0,0,0,0,0,0,0,0,0,5,4,0,0,0,0,0,4,2,0,2,5,47,7,0,0,0,0,0,0,0,0,0,0,0,0,0,0,4,48,6,1
l42,6=0,0,0,0,0,0,0,0,0,0,0,0,0,0,1,0,0,0,0,0,0,0,0,2,1,47,2,9,0,0,0,0,0,0,0,0,0,0,1,0,0,0,49,3,0
l43,6=0,0,0,0,0,0,0,0,0,0,0,0,0,0,0,0,0,0,0,0,0,0,0,1,1,47,0,7,0,0,0,0,0,11,0,0,0,0,0,0,0,0,47,0,0
l44,6=0,0,0,0,0,0,0,0,0,0,0,0,0,0,1,0,0,0,0,0,0,0,0,0,1,46,1,6,0,0,0,0,0,1,0,0,0,0,0,0,0,0,49,1,0

l0,7=0,87,86,96,94,83,85,79,79,83,31,76,78,86,7,0,36,79,0,1,0,0,0,0,0,0,0,0,0,0,18,54,0,0,0,0,0,0,0,0,0,0,0,0,0
l1,7=99,0,90,96,93,83,86,61,88,91,80,78,84,82,30,0,58,0,25,3,0,0,0,0,0,0,0,0,0,0,11,51,0,0,0,0,0,0,0,0,0,0,0,0,0
l2,7=99,89,0,96,93,83,86,95,88,91,15,87,81,90,22,0,28,41,17,2,0,0,0,0,0,0,0,0,0,0,22,0,0,0,0,0,0,0,0,0,0,0,0,0,0
l3,7=99,89,89,0,94,83,83,84,80,87,32,76,71,86,8,0,27,27,15,0,0,0,0,0,0,0,0,0,0,0,48,54,0,0,0,0,0,0,0,0,0,0,0,0,0
l4,7=99,84,86,96,0,84,80,87,83,90,27,83,75,52,7,0,27,0,0,3,0,0,0,0,0,0,0,0,0,0,11,1,0,0,0,0,0,0,0,0,0,0,0,0,0
l5,7=99,89,86,94,94,0,85,83,83,86,82,83,78,76,21,0,28,17,16,1,3,0,0,0,0,0,0,0,0,0,16,66,0,0,0,0,0,0,0,0,0,0,0,0,0
l6,7=99,89,89,95,86,83,0,96,80,93,87,83,77,29,23,0,25,44,20,1,1,0,0,0,0,3,0,0,0,0,16,2,0,0,0,0,0,0,0,0,0,0,0,0,0
l7,7=73,67,90,86,81,71,86,0,88,93,83,88,73,90,44,0,56,66,0,2,17,0,0,0,1,10,3,0,0,0,0,0,0,0,0,0,0,0,0,0,0,0,0,0,0
l8,7=77,82,89,87,83,80,74,95,0,91,78,86,82,85,32,0,55,0,21,2,1,12,11,1,1,2,3,0,0,0,0,0,0,0,0,0,0,0,0,0,0,0,0,0,0
l9,7=73,71,88,89,91,74,86,97,88,0,77,88,85,90,43,0,54,0,25,1,18,6,0,0,0,4,4,0,0,0,2,23,0,0,0,0,0,0,0,0,0,0,2,2,0
l10,7=1,0,2,11,4,41,78,86,65,29,0,85,82,85,47,0,57,38,26,4,21,1,5,2,2,6,3,0,0,0,14,14,0,0,0,0,0,0,0,0,0,0,13,2,0
l11,7=61,63,87,47,91,79,81,92,85,89,89,0,85,85,47,0,54,2,26,3,0,0,0,1,2,0,4,0,0,0,0,4,0,0,0,0,0,0,0,0,0,0,0,2,0
l12,7=63,71,76,32,26,67,24,79,85,89,90,88,0,90,47,0,57,14,26,2,3,0,4,0,3,6,4,0,0,0,1,4,0,0,0,0,0,0,0,0,0,0,4,0,0
l13,7=92,68,89,89,86,73,56,91,85,89,90,88,85,0,47,0,1,5,25,3,20,1,3,1,1,4,0,0,0,0,2,12,0,0,0,0,0,0,0,0,0,0,0,0,0
l14,7=0,0,0,0,1,6,13,30,14,0,63,47,75,32,0,0,58,82,30,4,6,7,0,0,1,0,4,0,0,0,18,17,0,0,0,0,0,0,0,0,1,0,17,2,0
l15,7=0,24,3,1,3,9,17,66,27,24,91,54,83,0,29,0,0,34,29,3,23,4,13,1,2,0,4,0,0,0,0,4,0,0,0,0,0,0,0,1,5,0,9,2,0
l16,7=1,0,3,0,0,8,11,31,9,0,18,0,1,4,29,0,27,0,20,5,27,0,0,0,1,5,4,0,0,0,28,89,0,0,0,0,0,0,0,1,53,0,23,1,0
l17,7=0,2,3,1,0,9,31,5,30,3,55,84,80,40,49,0,37,82,0,4,26,4,0,1,1,9,1,0,0,0,24,16,0,0,0,0,0,0,0,0,4,22,0,4,0
l18,7=0,0,0,0,1,4,4,11,13,0,0,0,0,13,42,0,0,64,1,0,24,13,43,0,0,1,1,1,0,0,0,41,0,0,0,0,0,0,0,1,4,24,41,3,0
l19,7=0,0,0,0,0,5,9,16,18,0,11,0,0,4,21,0,57,88,29,5,0,2,11,1,3,8,1,0,0,0,3,38,0,0,0,0,0,0,0,1,4,21,26,0,0
l20,7=0,0,0,0,0,0,0,11,16,0,0,0,0,2,18,0,0,0,0,0,0,0,66,3,0,0,0,2,0,0,0,0,0,0,0,0,0,0,0,1,0,0,45,1,0
l21,7=0,0,0,0,0,0,0,1,40,0,0,0,0,10,16,0,0,0,0,0,0,18,0,0,0,0,0,0,0,0,0,0,0,0,0,0,0,0,0,1,0,0,45,1,0
l22,7=0,0,0,0,0,0,0,2,27,0,0,0,0,2,15,0,0,0,0,0,0,18,55,0,3,2,4,2,0,0,0,0,0,0,0,0,0,0,0,1,3,38,51,1,0
l23,7=0,0,0,0,0,0,0,6,5,0,0,0,0,7,18,0,0,0,0,2,0,15,53,3,0,10,6,2,0,0,0,12,0,0,0,0,0,0,0,1,3,26,51,3,0
l24,7=0,0,0,0,0,0,5,18,3,0,0,0,1,3,16,0,0,0,9,1,0,18,39,3,3,0,6,2,0,0,0,0,0,0,0,0,0,0,0,1,2,31,52,3,0
l25,7=0,0,0,0,0,0,0,4,8,0,0,0,0,0,20,0,0,0,0,1,0,10,20,3,3,9,0,0,0,0,0,0,0,0,0,0,0,0,0,2,4,25,51,6,0
l26,7=0,0,0,0,0,0,0,16,13,0,0,0,0,7,18,0,0,0,0,0,0,18,62,3,1,0,0,0,0,0,0,0,0,0,0,0,0,0,0,2,2,28,51,1,0
l27,7=0,13,27,29,25,29,43,0,0,0,25,0,24,22,29,0,0,54,20,4,23,0,0,0,0,5,0,0,0,0,0,86,11,15,0,8,42,0,66,54,57,49,6,0,0
l28,7=8,22,0,6,0,28,10,1,6,19,26,28,29,22,22,0,11,88,20,4,17,0,0,0,0,0,0,0,0,0,89,0,48,15,0,7,41,36,39,52,51,46,0,1,0
l29,7=0,0,0,0,0,0,0,0,0,0,0,0,0,0,0,0,0,0,0,0,0,10,17,2,0,0,0,2,0,0,0,23,0,23,0,13,81,91,81,81,73,83,29,0,0
l30,7=0,0,0,0,0,0,0,0,0,0,0,0,0,0,0,0,0,0,0,0,0,2,6,3,0,0,0,0,0,0,0,52,70,0,0,13,72,78,82,5,96,82,0,0,0
l31,7=0,0,0,0,0,0,0,0,0,0,0,0,0,0,0,0,0,0,0,0,0,6,0,0,1,0,0,0,0,0,0,46,70,23,0,0,81,97,83,2,96,68,0,0,0
l32,7=0,0,0,0,0,0,0,0,0,0,0,0,0,0,0,0,0,0,0,0,0,11,1,1,0,0,0,2,0,0,6,37,70,22,0,13,0,97,70,72,62,53,0,0,0
l33,7=0,0,0,0,0,0,0,0,0,0,0,0,0,0,0,0,0,0,0,0,0,0,0,1,0,0,3,1,0,0,0,24,69,23,0,13,81,0,81,74,75,60,17,0,0
l34,7=0,0,0,0,0,0,0,0,0,0,0,0,0,0,0,0,0,0,0,2,0,15,17,3,1,0,1,2,0,0,70,52,70,23,0,13,63,87,0,81,96,90,23,0,0
l35,7=0,0,0,0,0,0,0,0,0,0,0,0,0,0,2,0,0,0,0,0,0,3,2,0,0,0,1,0,0,0,61,84,70,12,0,7,71,71,83,0,96,90,22,0,0
l36,7=0,0,0,0,0,0,0,0,0,0,0,0,0,0,3,0,9,33,0,3,0,0,0,1,1,4,3,0,0,0,60,85,68,23,0,8,46,59,83,81,0,90,18,0,0
l37,7=0,0,0,0,0,0,0,0,0,0,0,0,0,0,0,0,0,0,0,3,1,0,0,2,1,6,2,1,0,0,36,71,66,23,0,8,42,47,83,81,96,0,19,0,0
l38,7=0,0,0,0,0,0,0,0,0,0,0,0,0,0,8,0,0,0,0,0,0,1,4,0,0,0,0,0,0,0,0,0,0,0,0,0,0,0,0,1,1,4,0,6,5
l39,7=0,0,0,0,0,0,0,0,0,0,0,0,0,0,7,0,0,0,0,0,0,6,12,0,0,0,2,0,0,0,0,3,0,0,0,0,0,0,0,1,0,0,54,0,0
l40,7=0,0,0,0,0,0,0,0,0,0,0,0,0,0,0,0,0,0,0,0,0,6,10,0,0,0,0,0,0,0,0,0,0,0,0,0,0,0,0,0,0,0,52,3,0
l41,7=0,0,0,0,0,0,0,0,15,0,0,0,0,0,19,0,0,0,1,0,1,10,4,0,1,3,2,0,0,0,0,32,0,0,0,0,0,0,0,0,0,15,50,6,4
l42,7=0,0,0,0,0,0,0,0,0,0,0,0,0,0,11,0,0,0,0,0,0,7,2,0,0,0,1,0,0,0,0,0,0,0,0,0,0,0,0,0,0,0,51,3,0
l43,7=0,0,0,0,0,0,0,0,0,0,0,0,0,0,0,0,0,0,0,0,0,4,10,0,0,0,0,0,0,0,0,0,0,0,0,0,0,0,0,0,0,0,52,1,0
l44,7=0,0,0,0,0,0,0,0,0,0,0,0,0,0,12,0,0,0,0,0,0,1,32,0,0,1,0,0,0,0,0,0,0,0,0,0,0,0,0,0,0,0,52,4,1

l0,8=0,94,8,100,69,95,73,82,63,86,26,98,5,59,0,0,53,0,0,2,0,0,0,0,0,0,0,0,0,0,61,0,0,0,0,0,0,0,0,0,0,0,0,0,0
l1,8=58,0,99,100,69,100,100,85,97,99,48,98,5,33,61,0,47,53,58,7,1,0,0,0,0,0,0,0,0,0,86,67,0,0,0,0,0,0,0,0,0,0,0,0,0
l2,8=99,99,0,100,100,95,100,99,97,99,28,99,5,98,64,0,46,55,92,0,67,0,0,0,0,0,0,0,0,0,85,0,0,0,0,0,0,0,0,0,0,0,0,2,0
l3,8=99,99,7,0,100,100,76,83,68,95,53,93,5,60,22,0,39,0,81,7,0,0,0,0,0,0,0,0,0,0,92,10,0,0,0,0,0,0,0,0,0,0,0,0,0
l4,8=57,94,7,100,0,100,73,81,63,96,29,72,1,58,0,0,16,35,43,9,0,0,0,0,0,0,0,0,0,0,69,2,0,0,0,0,0,0,0,0,0,0,0,0,0
l5,8=99,99,92,100,100,0,100,100,85,95,49,98,4,60,66,0,52,52,0,8,69,0,0,0,0,0,0,0,0,0,87,81,0,0,0,0,0,0,0,0,0,0,0,0,0
l6,8=99,96,99,82,98,100,0,100,97,99,55,99,5,60,94,0,53,48,90,1,73,0,0,1,0,25,0,0,0,0,84,0,0,0,0,0,0,0,0,0,0,0,0,0,0
l7,8=99,94,7,100,100,100,100,0,97,99,98,99,94,98,93,0,56,68,86,36,82,9,0,8,26,26,49,0,0,0,0,0,0,0,0,0,0,0,0,0,0,0,0,0,0
l8,8=57,99,99,93,95,100,100,100,0,99,96,99,96,98,87,0,51,13,89,13,79,14,0,10,21,0,15,30,0,0,0,0,0,0,0,0,0,0,0,0,0,0,0,0,0
l9,8=95,99,99,89,100,94,100,100,97,0,97,99,96,98,94,0,58,22,0,35,91,10,0,8,15,26,37,0,0,0,2,4,0,0,0,0,0,0,0,0,0,0,0,10,0
l10,8=30,57,0,83,82,56,60,87,91,70,0,60,96,97,100,0,58,14,93,34,92,26,13,16,17,27,53,0,0,0,5,83,0,0,0,0,0,0,0,0,0,0,1,13,0
l11,8=95,81,93,47,89,95,96,100,97,97,94,0,96,98,93,0,56,4,93,15,6,4,0,13,17,17,47,32,0,0,76,0,0,0,0,0,0,0,0,0,0,0,0,11,0
l12,8=95,94,89,87,13,48,96,95,97,99,98,99,0,98,94,0,58,44,93,39,92,3,18,1,17,27,47,22,0,0,77,30,0,0,0,0,0,0,0,0,0,0,8,0,4
l13,8=95,0,98,93,95,96,96,100,92,99,96,99,96,0,94,0,56,53,93,14,70,15,25,13,24,25,0,33,0,0,19,6,0,0,0,0,0,0,0,0,4,0,0,0,0
l14,8=0,0,2,1,0,4,38,80,42,55,59,58,94,90,0,0,54,100,96,40,95,29,7,15,19,29,53,22,0,0,95,87,0,0,0,0,0,0,3,0,1,10,3,13,4
l15,8=49,1,10,2,10,56,44,86,91,77,98,88,94,94,98,0,0,98,96,39,90,30,0,11,20,28,40,29,0,0,26,67,0,0,0,0,0,0,1,3,9,2,3,14,3
l16,8=6,0,1,0,9,2,3,23,4,2,3,4,15,20,74,0,54,0,96,40,95,0,0,0,19,28,51,0,0,0,100,95,0,0,0,0,7,2,10,17,82,29,16,1,5
l17,8=6,0,7,6,15,0,8,57,45,0,59,62,94,89,100,0,54,100,0,40,95,29,14,6,18,28,52,35,0,0,96,67,0,0,0,0,0,0,0,6,6,8,3,13,1
l18,8=4,0,0,0,10,0,0,23,82,5,12,13,19,27,100,0,21,99,30,0,91,27,24,20,32,20,54,38,0,0,21,4,2,0,0,0,0,0,5,4,2,22,14,9,4
l19,8=0,0,0,0,1,5,8,22,82,8,20,5,22,31,100,0,55,100,96,40,0,20,0,24,31,24,50,37,0,0,24,1,0,0,0,0,0,0,5,12,8,21,14,29,3
l20,8=0,0,0,0,0,0,0,3,43,0,15,0,0,17,13,0,10,0,13,17,41,0,39,26,21,17,38,41,0,0,0,0,0,0,0,0,25,0,5,0,0,0,11,14,7
l21,8=0,0,0,0,0,0,0,0,9,0,0,0,12,2,0,0,0,0,7,23,0,34,0,8,23,17,26,37,0,0,0,0,0,0,0,0,30,0,1,0,0,0,13,16,5
l22,8=0,0,0,0,0,0,0,2,14,0,0,0,0,2,0,0,0,0,0,21,65,27,24,0,32,18,57,41,0,0,0,0,0,3,0,0,17,5,5,0,0,0,3,20,0
l23,8=0,0,0,0,0,0,0,17,13,0,9,11,11,17,14,0,10,22,15,24,67,20,22,27,0,30,57,41,0,0,8,0,2,0,0,6,15,0,5,8,3,7,12,30,17
l24,8=0,0,0,0,0,0,5,25,0,6,16,8,15,19,42,0,10,26,69,28,63,32,16,26,32,0,57,41,0,0,9,0,2,0,0,4,25,15,4,0,2,8,20,22,5
l25,8=0,0,0,0,0,0,0,20,15,5,19,11,14,1,14,0,10,24,12,21,60,18,1,27,32,30,0,22,0,0,0,0,2,1,0,6,39,17,5,8,2,0,15,26,7
l26,8=0,0,0,0,0,0,0,0,20,0,0,8,0,2,0,0,0,0,11,24,59,34,19,27,27,18,26,0,0,0,0,0,2,1,0,0,53,5,5,0,0,0,15,15,0
l27,8=21,20,33,80,64,9,0,0,10,1,0,24,76,43,70,0,22,99,95,40,75,0,0,0,6,18,7,27,0,0,0,96,2,96,0,29,17,28,79,90,86,100,14,0,0
l28,8=0,1,0,0,7,29,0,0,0,5,52,0,15,30,55,0,34,100,95,28,25,0,0,1,0,0,0,0,0,0,100,0,57,61,0,5,55,3,79,97,100,98,11,12,0
l29,8=0,0,0,0,0,0,0,0,0,0,0,0,0,0,0,0,0,0,0,17,0,25,14,17,29,7,43,40,0,0,0,83,0,99,0,75,100,100,91,100,99,99,9,6,0
l30,8=0,0,0,0,0,0,0,0,0,0,0,0,0,0,0,0,0,0,0,11,28,21,11,26,14,9,54,40,0,0,96,3,99,0,0,75,100,100,91,100,100,99,0,4,0
l31,8=0,0,0,0,0,0,0,0,0,0,0,0,0,0,0,0,0,0,0,2,0,0,0,25,24,13,44,21,0,0,25,2,99,99,0,0,100,100,91,90,100,100,0,0,0
l32,8=0,0,0,0,0,0,0,0,0,0,0,0,0,0,0,0,0,25,0,0,0,11,25,21,17,10,41,41,0,0,26,50,99,99,0,75,0,100,91,77,85,96,10,0,0
l33,8=0,0,0,0,0,0,0,0,0,0,0,0,0,0,0,0,0,5,0,0,0,0,0,23,1,12,31,39,0,0,47,0,98,99,0,75,100,0,64,100,71,18,0,0,0
l34,8=0,0,0,0,0,0,0,0,0,0,0,0,0,0,6,0,4,85,0,28,45,23,24,27,25,16,35,41,0,0,100,72,99,99,0,75,100,90,0,100,100,100,0,12,0
l35,8=0,0,0,0,0,0,0,0,0,0,0,0,0,0,0,0,11,90,18,15,44,16,1,23,22,0,0,36,0,0,100,78,99,99,0,63,62,100,91,0,100,100,0,1,0
l36,8=0,0,0,0,0,0,0,0,0,0,0,0,0,11,10,0,23,99,16,19,47,5,0,11,25,14,15,39,0,0,100,78,63,99,0,75,63,77,91,100,0,100,13,0,0
l37,8=0,0,0,0,0,0,0,0,0,0,0,0,0,0,28,0,5,85,19,30,42,4,0,17,16,10,0,39,0,0,100,73,63,62,0,75,63,51,91,100,100,0,0,0,0
l38,8=0,0,0,0,0,0,0,0,0,0,0,0,0,0,0,0,0,19,0,12,31,4,1,4,6,15,42,26,0,0,0,0,0,0,0,0,3,0,0,0,0,0,0,29,23
l39,8=0,0,0,0,0,0,0,0,0,0,0,0,0,0,0,0,0,0,4,7,49,4,0,8,28,14,56,21,0,0,0,0,0,0,0,0,0,0,0,0,0,0,20,0,13
l40,8=0,0,0,0,0,0,0,0,0,0,0,0,0,0,0,0,0,8,0,12,23,15,1,1,25,9,36,13,0,0,0,0,0,0,0,0,0,0,0,0,0,0,20,24,0
l41,8=0,0,0,0,0,0,0,1,10,0,5,4,13,5,15,0,10,19,20,20,67,17,10,9,29,27,56,28,0,0,0,2,0,0,0,0,0,0,0,0,0,0,20,29,22
l42,8=0,0,0,0,0,0,0,0,0,0,0,0,0,0,0,0,0,0,0,19,28,15,0,6,14,19,45,27,0,0,0,0,0,0,0,0,0,0,0,0,0,0,15,30,9
l43,8=0,0,0,0,0,0,0,0,0,0,0,0,0,0,0,0,0,0,0,8,28,10,0,0,5,14,43,15,0,0,0,0,0,0,0,0,6,0,0,0,0,0,15,15,10
l44,8=0,0,0,0,0,0,0,0,0,0,0,0,0,0,9,0,0,0,0,14,26,3,9,6,25,16,31,23,0,0,0,0,0,0,0,0,0,0,0,0,0,0,16,22,7

l0,9=0,100,100,96,100,99,100,94,100,99,78,100,91,94,48,0,87,25,28,0,2,0,0,0,0,0,0,0,0,0,37,83,0,0,0,0,0,0,0,0,0,0,0,0,0
l1,9=100,0,100,96,100,99,100,98,100,100,79,100,91,100,84,0,81,56,56,38,25,0,0,0,0,77,0,0,0,0,57,18,0,0,0,0,0,0,0,0,0,0,0,0,0
l2,9=100,100,0,96,100,99,100,49,100,100,82,100,91,100,96,0,63,58,66,60,0,0,0,0,9,0,0,0,0,0,75,28,0,0,0,0,0,0,0,0,0,0,0,0,0
l3,9=100,100,100,0,100,99,100,100,94,99,72,99,89,96,0,0,60,16,58,59,0,0,0,0,0,0,0,0,0,0,62,30,0,0,0,0,0,0,0,0,0,0,0,0,0
l4,9=100,100,99,96,0,99,100,100,100,99,88,81,51,94,76,0,64,45,53,53,0,0,0,0,0,0,0,0,0,0,51,44,0,0,0,0,0,0,0,0,0,0,0,0,0
l5,9=100,100,98,96,100,0,100,100,100,99,100,100,89,100,83,0,66,55,0,3,35,0,0,0,0,47,0,0,0,0,58,52,0,0,0,0,0,0,0,0,5,0,0,0,0
l6,9=100,100,100,96,100,99,0,100,100,100,100,100,91,100,98,0,99,59,65,0,68,0,0,0,0,12,0,0,0,0,13,56,0,0,0,0,0,0,0,0,0,0,0,0,0
l7,9=100,100,98,95,100,99,100,0,100,100,100,100,91,100,97,0,99,61,4,100,49,84,0,0,95,93,83,98,0,0,8,0,0,0,0,0,0,0,0,0,0,0,0,0,0
l8,9=100,100,100,82,100,99,100,100,0,100,100,100,91,100,100,0,99,97,97,100,79,78,0,95,95,93,91,99,0,0,2,0,0,0,0,0,0,0,0,0,0,0,0,1,0
l9,9=99,100,100,95,100,98,100,97,100,0,100,100,91,100,100,0,99,55,99,99,99,59,0,6,88,54,86,43,0,0,20,0,0,0,0,0,0,0,0,0,0,0,0,3,0
l10,9=38,36,31,52,94,70,63,63,100,100,0,100,91,98,100,0,97,59,75,61,41,62,37,95,88,81,97,1,0,0,63,29,0,0,0,0,0,0,0,0,17,30,9,52,29
l11,9=99,100,98,72,99,99,100,100,100,100,100,0,91,100,100,0,99,58,99,100,38,0,0,53,80,6,86,98,0,0,0,0,0,0,0,0,0,0,0,0,0,0,0,44,1
l12,9=99,36,36,60,95,70,95,100,100,100,100,100,0,100,100,0,99,61,67,98,36,61,56,3,35,58,89,26,0,0,21,12,0,0,0,0,0,0,0,0,0,0,4,4,0
l13,9=84,100,98,94,99,99,100,100,100,100,100,100,91,0,100,0,99,55,99,87,98,71,0,83,93,90,80,37,0,0,0,36,0,0,0,0,0,0,0,0,18,0,0,0,0
l14,9=3,11,12,0,18,19,24,30,96,99,82,34,31,89,0,0,68,61,99,61,54,53,30,30,94,91,85,93,0,0,63,31,0,8,0,0,0,0,27,0,26,32,16,44,30
l15,9=85,36,28,47,51,47,38,64,99,100,90,100,91,95,100,0,0,60,99,100,39,60,32,65,95,92,82,61,0,0,20,31,0,0,0,0,0,0,2,5,31,38,7,35,32
l16,9=0,36,17,11,36,57,38,35,97,61,79,34,31,84,100,0,68,0,62,65,75,1,0,73,94,94,68,1,0,0,100,31,32,12,0,0,0,23,90,59,57,45,18,55,0
l17,9=3,11,18,39,24,0,21,1,94,90,81,41,31,91,100,0,75,61,0,100,99,54,33,21,94,93,93,61,0,0,66,22,0,0,0,0,0,0,0,29,8,2,5,54,34
l18,9=0,2,0,4,6,0,0,63,96,96,74,86,89,76,98,0,97,97,98,0,98,86,98,88,94,83,95,98,0,0,76,31,30,50,0,13,8,2,94,27,92,83,18,89,39
l19,9=11,25,0,0,0,69,38,35,97,99,80,34,31,89,99,0,67,99,99,100,0,76,0,93,93,93,96,98,0,0,69,35,0,5,0,0,0,0,75,57,58,62,18,54,36
l20,9=0,0,0,0,0,0,0,57,9,3,4,0,76,23,84,0,94,0,25,98,22,0,99,94,94,93,96,99,0,0,0,0,17,92,0,0,30,0,83,16,0,12,24,19,8
l21,9=0,0,0,0,0,0,0,0,0,0,5,0,89,0,15,0,4,0,97,98,0,100,0,93,94,93,33,98,0,0,0,0,0,17,0,0,30,0,29,12,0,0,21,85,7
l22,9=0,0,0,0,0,0,0,0,6,0,4,21,0,4,14,0,7,8,9,98,91,98,9,0,94,93,96,99,0,0,0,0,13,86,0,19,24,0,97,12,33,56,8,90,14
l23,9=0,0,0,0,0,0,0,8,6,4,5,28,12,80,92,0,97,60,97,98,92,96,94,95,0,94,98,98,0,0,31,8,59,43,0,89,19,2,90,11,14,56,29,91,95
l24,9=0,6,0,0,0,6,0,87,85,3,85,41,59,81,94,0,85,97,98,90,97,98,97,94,96,0,98,98,0,0,18,0,84,48,0,0,78,26,86,16,82,83,29,78,86
l25,9=0,0,0,0,0,0,0,8,10,3,93,15,77,3,76,0,44,4,93,98,91,93,8,93,96,93,0,97,0,0,3,2,90,85,0,18,92,14,92,14,15,0,29,90,95
l26,9=0,0,0,0,0,0,0,4,11,4,0,84,29,3,96,0,45,0,98,98,89,99,97,96,96,93,96,0,0,0,0,0,13,98,0,17,93,4,98,14,26,66,29,86,94
l27,9=28,14,27,60,51,9,10,3,0,13,39,0,18,0,97,0,68,99,62,59,39,0,0,0,37,2,5,0,0,0,0,94,0,98,0,54,42,60,79,59,58,63,0,36,0
l28,9=30,16,26,58,97,70,37,0,0,0,40,0,21,55,91,0,68,59,30,39,38,0,0,0,33,13,1,0,0,0,100,0,34,1,0,1,58,57,79,57,100,63,5,33,0
l29,9=0,0,0,0,0,0,0,0,0,0,0,0,0,0,0,0,0,45,0,57,0,68,0,46,93,69,95,59,0,0,0,91,0,100,0,100,100,100,100,100,99,99,23,54,0
l30,9=0,0,0,0,0,0,0,0,0,0,0,0,0,0,1,0,0,12,0,37,3,63,33,91,43,55,78,95,0,0,36,0,100,0,0,100,100,100,100,100,100,100,15,39,0
l31,9=0,0,0,0,0,0,0,0,0,0,0,0,0,0,0,0,0,0,0,52,0,0,0,87,87,6,59,40,0,0,53,0,100,100,0,0,100,100,100,51,100,82,2,0,29
l32,9=0,0,0,0,0,0,0,0,0,0,0,0,0,0,0,0,0,0,0,33,0,50,40,59,59,68,97,98,0,0,31,60,100,100,0,100,0,100,100,80,99,99,0,0,2
l33,9=0,0,0,0,0,0,0,0,0,0,0,0,0,0,0,0,0,1,0,1,0,0,0,0,22,54,47,1,0,0,34,23,100,100,0,100,100,0,100,74,74,100,0,0,0
l34,9=0,0,0,0,0,0,0,0,0,0,0,0,0,0,52,0,4,49,0,40,31,91,42,95,37,66,97,98,0,0,36,31,100,100,0,100,100,100,0,100,100,100,0,38,0
l35,9=0,0,0,0,0,0,0,0,0,0,0,0,0,0,0,0,25,68,28,39,38,78,52,37,36,63,91,86,0,0,65,24,100,100,0,52,59,100,100,0,100,100,0,0,0
l36,9=0,0,0,0,0,61,0,0,0,0,9,0,0,19,79,0,60,85,1,40,86,0,0,16,16,72,89,80,0,0,36,37,79,100,0,63,59,62,100,100,0,100,0,0,0
l37,9=0,0,0,0,0,7,0,0,0,0,31,0,0,0,87,0,64,52,22,40,38,39,0,37,37,71,0,93,0,0,100,32,79,100,0,63,61,62,100,100,100,0,0,0,0
l38,9=0,0,0,0,0,0,0,0,0,0,0,2,9,0,9,0,1,7,0,5,6,51,2,5,94,89,96,98,0,0,0,2,11,0,0,0,0,0,0,0,0,0,0,92,95
l39,9=0,0,0,0,0,0,0,0,1,0,48,8,0,0,14,0,1,52,69,86,9,37,3,87,94,33,96,88,0,0,6,1,5,12,0,0,0,0,14,0,0,0,29,0,95
l40,9=0,0,0,0,0,0,0,0,0,0,0,0,0,0,65,0,23,0,62,87,56,27,1,83,83,21,88,87,0,0,0,0,0,0,0,7,0,0,0,0,0,0,29,90,0
l41,9=0,0,0,0,0,0,0,8,1,0,3,23,23,51,95,0,76,95,98,98,70,83,24,93,94,93,96,96,0,0,23,18,0,0,0,1,11,0,14,6,8,0,29,90,95
l42,9=0,0,0,0,0,0,0,0,0,0,0,0,0,0,3,0,1,1,8,97,44,94,0,76,94,93,96,98,0,0,0,0,0,0,0,0,0,0,6,0,0,6,29,90,95
l43,9=0,0,0,0,0,0,0,0,0,0,0,0,0,0,6,0,0,0,9,14,19,65,0,7,9,20,96,21,0,0,0,0,9,0,0,0,0,0,0,0,4,0,29,81,95
l44,9=0,0,0,0,0,0,0,0,0,0,0,0,9,1,9,0,0,0,0,97,14,37,9,93,94,93,96,0,0,0,0,0,0,0,0,0,0,0,2,0,0,0,29,90,55

l0,10=0,86,94,83,92,88,94,2,79,83,66,73,91,69,6,0,8,9,2,0,2,0,0,0,0,0,0,0,0,0,0,48,0,0,0,0,0,0,0,0,0,0,0,0,0
l1,10=92,0,95,88,92,87,95,0,82,83,19,10,90,54,18,0,15,55,0,6,0,0,0,0,0,0,0,0,0,0,0,9,0,0,0,0,0,0,0,0,0,0,0,0,0
l2,10=92,88,0,88,89,88,95,0,88,90,44,75,92,72,53,0,67,7,15,37,0,0,0,0,8,2,0,0,0,0,4,18,0,0,0,0,0,0,0,0,0,0,0,9,0
l3,10=91,87,94,0,92,88,93,0,79,83,72,70,90,69,6,0,2,0,3,0,0,0,0,0,0,0,0,0,0,0,52,9,0,0,0,0,0,0,0,0,0,0,0,0,0
l4,10=92,86,92,88,0,88,93,8,80,82,74,70,90,69,5,0,73,38,0,0,0,0,0,0,0,0,0,0,0,0,6,63,0,0,0,0,0,0,0,0,0,0,0,0,0
l5,10=91,83,96,88,92,0,93,1,16,81,73,77,25,74,5,0,3,2,0,0,0,0,0,0,0,0,0,0,0,0,1,8,0,0,0,0,0,0,1,0,5,0,0,0,0
l6,10=92,88,97,88,89,88,0,0,88,88,76,88,92,72,0,0,75,66,26,7,1,0,0,0,4,0,0,0,0,0,0,62,0,0,0,0,0,0,0,0,0,0,0,0,0
l7,10=83,88,97,88,79,88,95,0,88,93,78,90,94,91,78,0,85,70,25,50,61,68,0,46,13,67,36,34,0,0,8,13,0,0,0,0,0,0,0,0,0,0,0,5,0
l8,10=91,85,97,86,88,77,95,0,0,89,83,89,97,82,68,0,0,38,68,42,59,54,0,9,47,4,44,30,0,0,0,0,0,0,0,0,0,0,0,0,0,0,0,2,0
l9,10=91,84,94,85,88,86,94,0,86,0,87,91,97,87,90,0,95,71,70,28,42,60,0,20,55,34,11,3,0,0,0,12,0,0,0,0,0,0,0,0,0,0,0,8,0
l10,10=73,23,34,44,74,86,93,0,86,91,0,89,97,87,92,0,95,61,89,0,85,20,2,73,36,40,62,4,0,0,8,43,0,0,0,0,0,0,0,0,1,0,11,25,5
l11,10=89,71,91,35,71,87,94,0,86,93,87,0,97,91,87,0,95,35,89,43,50,7,0,28,36,24,13,13,0,0,8,22,0,0,0,0,0,0,0,0,0,0,0,0,0
l12,10=91,82,90,50,73,86,93,2,86,92,89,90,0,87,92,0,95,82,60,18,15,32,6,7,49,45,36,1,0,0,14,10,0,0,0,0,0,0,0,0,1,0,28,0,0
l13,10=80,83,94,33,86,87,94,0,86,93,89,91,97,0,75,0,94,24,88,33,68,0,9,18,6,7,5,2,0,0,5,22,0,0,0,0,0,0,0,0,0,0,0,0,0
l14,10=46,78,26,9,47,83,0,0,30,70,88,74,57,33,0,0,96,83,94,62,97,71,59,16,70,49,33,51,0,0,84,83,0,49,0,0,0,0,0,16,36,36,84,84,32
l15,10=20,68,49,0,70,70,93,0,0,72,89,75,97,54,95,0,0,81,94,74,90,60,12,63,74,48,24,53,0,0,74,82,0,0,0,0,0,0,0,0,10,17,15,81,0
l16,10=41,80,3,0,59,45,85,0,8,48,77,34,58,14,96,0,95,0,49,76,100,12,0,42,73,6,13,0,0,0,95,91,30,0,0,0,0,0,26,0,90,30,50,87,20
l17,10=21,1,35,2,0,78,73,1,49,68,88,89,92,87,96,0,96,90,0,88,99,4,12,71,76,74,80,52,0,0,84,81,0,0,0,0,0,0,0,5,12,22,30,73,51
l18,10=0,9,47,0,0,1,68,0,47,57,0,66,46,47,86,0,94,94,92,0,99,82,85,73,80,84,55,72,0,0,83,68,34,75,0,0,0,0,39,47,81,77,85,78,81
l19,10=37,0,0,0,0,0,2,3,50,45,87,70,52,53,96,0,94,96,94,91,0,84,0,79,77,55,57,59,0,0,91,86,0,0,0,0,0,0,22,50,85,80,86,87,73
l20,10=0,0,0,0,0,0,0,0,62,68,64,66,66,0,72,0,75,59,36,87,75,0,99,79,75,83,79,72,0,0,0,0,63,75,0,67,70,0,74,60,1,0,73,65,65
l21,10=0,0,0,0,0,0,0,0,0,0,8,0,83,69,90,0,78,0,52,88,0,90,0,82,82,86,87,72,0,0,0,0,0,9,0,0,0,0,0,0,0,1,85,79,19
l22,10=0,0,0,0,0,0,0,1,4,14,67,60,48,60,36,0,70,64,70,72,79,88,81,0,83,83,88,73,0,0,0,0,69,70,0,66,76,64,74,70,59,69,79,74,60
l23,10=0,0,31,0,0,0,11,1,55,65,62,60,63,5,72,0,80,68,74,88,80,75,78,82,0,86,90,71,0,0,49,45,64,72,0,69,68,11,72,70,62,66,91,93,88
l24,10=0,5,2,0,0,0,1,1,55,62,65,65,72,56,78,0,77,60,78,88,84,82,84,79,83,0,90,61,0,0,0,0,63,67,0,55,73,0,61,30,69,68,37,87,62
l25,10=0,0,0,0,0,0,0,2,54,33,78,59,66,53,65,0,69,58,76,74,87,78,64,82,83,86,0,71,0,0,0,46,70,66,0,61,77,60,72,38,57,59,93,93,84
l26,10=0,0,0,0,0,0,0,5,62,6,12,65,49,10,76,0,77,6,71,87,76,88,76,80,78,59,88,0,0,0,0,0,0,77,0,69,80,77,75,34,39,74,76,16,74
l27,10=0,0,3,8,2,9,3,0,0,0,14,1,6,1,48,0,27,96,53,70,91,0,0,0,11,0,0,0,0,0,0,92,10,23,0,9,4,11,19,61,97,87,1,10,0
l28,10=11,11,7,4,12,13,10,0,0,0,15,4,4,3,93,0,89,96,23,11,47,0,0,0,5,0,0,0,0,0,95,0,20,18,0,1,5,1,44,12,97,87,3,11,1
l29,10=0,0,0,0,0,0,0,0,0,0,0,0,0,0,0,0,0,58,0,39,0,54,0,72,69,62,76,0,0,0,29,66,0,93,0,84,92,93,89,93,83,79,35,36,0
l30,10=0,0,0,0,0,0,0,0,0,0,0,0,0,0,47,0,0,0,0,40,0,53,15,67,71,35,59,62,0,0,39,57,78,0,0,84,91,93,90,93,93,87,26,18,29
l31,10=0,0,0,0,0,0,0,0,0,0,0,0,0,0,0,0,0,0,0,0,0,47,0,43,73,44,56,36,0,0,37,2,78,93,0,0,92,93,89,78,93,80,0,15,3
l32,10=0,0,0,0,0,0,0,0,0,0,0,0,0,0,0,0,0,7,0,0,0,30,0,67,60,63,78,63,0,0,14,4,78,93,0,84,0,93,89,89,74,82,0,16,0
l33,10=0,0,0,0,0,0,0,0,0,0,0,0,0,0,0,0,0,0,0,0,0,0,0,30,25,0,40,27,0,0,21,0,78,93,0,84,92,0,89,78,55,57,0,0,0
l34,10=0,0,0,0,0,0,0,0,0,0,0,0,0,0,0,0,0,40,0,46,42,38,0,50,66,39,45,33,0,0,31,68,78,93,0,84,91,93,0,93,97,87,13,21,0
l35,10=0,0,0,0,0,0,0,0,0,0,0,0,0,0,7,0,0,0,5,59,77,18,0,69,77,4,24,19,0,0,89,55,78,93,0,79,91,93,90,0,97,87,0,3,0
l36,10=0,0,0,0,0,23,0,0,0,0,3,0,7,0,40,0,16,54,12,44,52,0,0,12,66,63,4,0,0,0,59,91,75,93,0,50,34,91,90,97,0,87,0,0,0
l37,10=0,0,0,0,0,0,0,0,0,0,0,0,0,0,54,0,41,40,29,70,78,0,1,42,62,47,26,32,0,0,46,80,78,93,0,52,55,80,90,97,97,0,0,0,0
l38,10=0,0,0,0,0,0,0,0,0,0,5,0,62,0,85,0,9,68,6,77,62,73,11,74,74,1,88,65,0,0,1,3,21,5,0,0,0,0,3,0,0,0,0,92,90
l39,10=0,0,0,0,0,0,0,0,5,0,48,0,0,0,80,0,80,76,58,60,84,15,53,71,79,75,88,51,0,0,2,14,32,16,0,0,1,0,8,0,0,0,94,0,90
l40,10=0,0,0,0,0,0,0,0,0,0,0,0,0,0,66,0,0,37,70,80,73,57,43,61,78,54,87,64,0,0,0,0,0,14,0,0,0,0,0,0,0,0,94,90,0
l41,10=0,0,0,0,0,0,0,0,8,43,9,43,60,27,86,0,75,83,82,88,87,74,6,72,79,84,88,51,0,0,38,57,0,0,0,0,0,0,0,4,4,0,94,90,90
l42,10=0,0,0,0,0,0,0,0,0,0,0,0,0,0,65,0,17,10,57,83,78,71,8,78,78,82,87,70,0,0,0,0,0,0,0,0,0,0,10,0,0,0,92,90,83
l43,10=0,0,0,0,0,0,0,0,0,0,0,0,0,0,0,0,0,0,13,77,10,82,1,78,74,79,88,70,0,0,0,0,34,11,0,0,0,0,0,0,3,0,91,86,85
l44,10=0,0,0,0,0,0,0,0,0,0,6,0,0,0,48,0,4,0,5,53,49,57,78,79,80,84,88,67,0,0,0,0,52,7,0,0,9,0,0,0,16,0,94,90,87

l0,11=0,81,87,84,84,75,79,0,71,71,76,78,68,72,16,0,53,15,3,2,0,0,0,0,0,0,0,0,0,0,0,1,0,0,0,0,0,0,0,0,0,0,0,0,0
l1,11=90,0,86,84,84,74,79,0,74,72,7,49,68,73,31,0,20,39,3,5,3,0,0,0,0,1,0,0,0,0,4,0,0,0,0,0,0,0,0,0,2,0,0,0,0
l2,11=90,81,0,80,82,77,80,0,74,71,72,75,68,73,42,0,78,7,3,39,0,0,0,0,3,0,4,0,0,0,7,0,0,0,0,0,0,0,0,0,0,0,0,0,0
l3,11=90,81,83,0,84,75,79,0,71,68,2,70,63,69,6,0,15,5,0,0,0,0,0,0,0,0,0,0,0,0,11,0,0,0,0,0,0,0,0,0,0,0,0,0,0
l4,11=90,81,70,84,0,77,79,2,37,57,3,31,15,37,0,0,15,2,0,0,0,0,0,0,0,0,0,0,0,0,11,0,0,0,0,0,0,0,0,0,0,0,0,0,0
l5,11=90,77,90,84,86,0,81,0,79,75,81,80,25,73,0,0,13,5,2,3,0,0,0,0,0,0,0,0,0,0,11,0,0,0,0,0,0,0,3,0,3,0,0,0,0
l6,11=90,82,88,83,85,77,0,0,74,71,81,80,68,73,1,0,67,4,42,37,1,0,0,0,0,5,0,0,0,0,0,0,0,0,0,0,0,0,0,0,0,0,0,0,0
l7,11=88,81,88,22,81,77,82,0,84,87,74,82,70,75,71,0,81,56,3,57,41,56,0,22,17,51,39,42,0,0,0,0,0,0,0,0,0,0,0,0,0,0,0,0,0
l8,11=88,82,86,80,35,74,79,0,0,77,81,79,74,71,67,0,76,41,79,55,4,17,0,27,29,1,15,36,0,0,13,0,0,0,0,0,0,0,0,0,0,0,0,0,0
l9,11=87,82,84,51,82,76,78,0,71,0,83,84,75,75,74,0,83,42,45,20,14,30,0,27,55,42,12,43,0,0,1,0,0,0,0,0,0,0,0,0,0,0,0,0,0
l10,11=45,45,43,11,18,62,74,0,50,51,0,83,76,62,52,0,86,49,89,43,53,4,16,38,45,65,52,45,0,0,23,13,0,0,0,0,0,0,0,0,0,0,0,17,0
l11,11=53,30,53,15,22,75,79,0,73,87,84,0,76,78,79,0,83,1,84,40,33,0,0,8,3,25,41,1,0,0,0,0,0,0,0,0,0,0,0,0,0,0,0,0,0
l12,11=78,80,42,15,5,40,79,1,79,87,85,83,0,78,80,0,84,8,82,5,40,0,0,4,38,69,12,6,0,0,0,3,0,0,0,0,0,0,0,0,0,0,2,0,0
l13,11=66,82,84,56,68,76,81,0,70,89,84,84,76,0,63,0,82,41,82,14,46,29,0,36,0,42,46,5,0,0,11,3,0,0,0,0,0,0,0,0,3,0,0,0,0
l14,11=34,38,37,2,2,0,0,0,20,24,81,77,53,22,0,0,84,82,92,53,88,14,8,22,59,34,79,62,0,0,37,60,0,0,0,0,0,0,0,6,40,7,52,45,32
l15,11=34,32,40,15,19,32,64,0,22,87,85,82,75,73,89,0,0,55,92,83,86,25,25,35,59,55,55,46,0,0,70,56,0,0,0,0,0,0,0,0,23,7,22,40,28
l16,11=29,32,15,2,9,38,13,1,14,4,53,45,40,16,58,0,69,0,56,49,56,1,0,32,55,36,36,26,0,0,90,63,0,0,0,0,0,3,46,28,86,55,41,40,33
l17,11=4,33,1,0,4,9,50,0,41,17,84,69,57,40,92,0,86,79,0,84,87,36,11,42,68,66,69,59,0,0,75,52,0,0,0,0,0,0,3,0,23,19,24,39,34
l18,11=0,24,34,0,0,22,57,0,23,14,64,63,36,14,84,0,74,73,92,0,89,70,41,42,84,80,74,77,0,0,72,58,8,11,0,9,7,0,53,65,72,51,46,39,44
l19,11=0,16,5,0,0,0,3,0,14,12,78,70,49,22,92,0,86,85,92,87,0,42,0,28,83,78,83,78,0,0,68,57,0,0,0,0,0,0,5,40,71,45,0,51,45
l20,11=0,0,0,0,0,0,0,1,14,51,35,36,11,57,65,0,64,30,70,70,66,0,87,87,75,78,74,83,0,0,0,0,57,65,0,40,0,0,69,59,0,0,59,59,63
l21,11=0,0,0,0,0,0,0,0,0,0,62,0,56,54,52,0,63,0,68,77,0,88,0,82,83,77,79,85,0,0,0,0,0,69,0,0,0,0,66,0,2,2,66,56,55
l22,11=0,0,0,0,0,0,0,1,51,49,61,54,55,58,62,0,63,57,74,63,56,84,66,0,83,75,80,83,0,0,0,43,58,75,0,63,58,62,74,0,51,48,65,63,38
l23,11=0,0,0,0,0,0,1,0,19,36,55,47,47,1,42,0,66,60,79,81,73,69,66,84,0,80,86,80,0,0,59,9,46,41,0,41,39,0,67,63,64,0,70,70,78
l24,11=0,0,0,0,0,0,37,1,9,33,62,59,63,31,61,0,64,50,70,82,72,81,64,82,84,0,86,68,0,0,5,8,57,36,0,36,62,0,53,43,3,49,79,62,68
l25,11=0,0,0,0,0,0,0,1,16,10,43,56,37,29,72,0,59,21,70,65,72,70,62,80,84,80,0,80,0,0,0,22,58,37,0,19,62,36,68,54,51,46,77,71,71
l26,11=0,0,0,0,0,0,0,0,37,15,51,0,50,11,72,0,59,48,68,72,65,83,70,84,81,59,78,0,0,0,0,0,59,69,0,48,70,68,75,63,61,54,64,56,73
l27,11=0,2,3,4,4,12,0,0,6,0,3,0,13,6,3,0,44,85,32,19,5,0,0,0,2,0,0,0,0,0,0,63,0,6,0,6,3,21,36,66,92,56,0,1,0
l28,11=0,2,0,0,4,2,0,0,0,1,2,18,27,8,27,0,64,85,27,9,5,0,0,3,1,0,4,0,0,0,90,0,1,0,0,1,11,0,35,16,92,45,2,1,0
l29,11=0,0,0,0,0,0,0,0,0,0,0,0,0,0,0,0,0,18,0,24,0,51,0,65,66,61,67,67,0,0,39,32,0,85,0,83,79,81,80,79,78,67,0,22,0
l30,11=0,0,0,0,0,0,0,0,0,0,0,0,0,0,0,0,1,33,0,14,0,21,25,63,37,18,25,60,0,0,57,19,72,0,0,83,79,81,81,52,83,67,0,19,0
l31,11=0,0,0,0,0,0,0,0,0,0,0,0,0,0,0,0,0,0,0,13,0,19,0,52,56,39,50,57,0,0,30,9,72,85,0,0,82,87,81,74,51,66,0,9,0
l32,11=0,0,0,0,0,0,0,0,0,0,0,0,0,0,0,0,0,0,0,2,0,0,0,46,8,59,68,70,0,0,27,30,72,81,0,83,0,87,81,73,80,66,0,23,0
l33,11=0,0,0,0,0,0,0,0,0,0,0,0,0,0,0,0,0,0,0,0,0,0,0,43,0,0,24,61,0,0,30,0,72,86,0,83,82,0,81,80,64,71,0,0,0
l34,11=0,0,0,0,0,5,0,0,0,0,0,0,0,0,0,0,0,37,3,37,0,23,26,66,28,9,30,74,0,0,58,27,72,85,0,82,79,81,0,81,89,70,0,5,0
l35,11=0,0,0,0,0,0,0,0,0,0,0,0,0,0,4,0,1,24,0,18,14,16,0,0,28,8,17,60,0,0,75,27,72,16,0,50,78,55,81,0,92,77,0,0,0
l36,11=0,2,0,0,0,6,0,0,0,0,0,0,0,0,7,0,14,48,15,47,19,0,0,21,16,0,7,50,0,0,88,29,25,77,0,51,78,45,81,88,0,75,0,15,0
l37,11=0,0,0,0,0,0,0,0,0,0,0,0,0,0,3,0,6,70,25,72,19,0,0,39,0,21,28,71,0,0,67,58,72,85,0,68,79,80,81,88,92,0,0,12,0
l38,11=0,0,0,0,0,0,0,0,0,0,0,0,27,0,66,0,28,53,0,68,0,28,23,68,72,69,81,67,0,0,0,0,0,0,0,0,0,0,0,0,0,0,0,78,84
l39,11=0,0,0,0,0,0,0,0,0,0,37,0,0,0,66,0,62,47,41,73,50,44,40,66,82,62,82,61,0,0,9,9,3,10,0,0,1,0,0,0,10,10,83,0,84
l40,11=0,0,0,0,0,0,0,0,0,0,0,0,0,0,51,0,26,55,61,71,66,53,0,21,79,57,77,74,0,0,0,0,0,0,0,0,0,0,0,0,0,0,83,77,0
l41,11=0,0,0,0,0,0,0,0,17,13,57,58,11,32,35,0,65,58,83,85,50,66,47,72,64,76,84,70,0,0,14,13,0,0,0,0,0,0,0,0,0,23,83,78,83
l42,11=0,0,0,0,0,0,0,0,0,0,0,0,0,0,60,0,46,0,63,71,64,68,56,73,79,74,75,80,0,0,0,0,10,0,0,0,0,0,56,0,0,0,82,77,80
l43,11=0,0,0,0,0,0,0,0,0,0,0,0,1,0,42,0,0,25,0,69,60,60,18,75,72,71,85,74,0,0,0,0,0,58,0,52,28,0,16,0,0,0,73,59,79
l44,11=0,0,0,0,0,0,0,0,0,0,3,0,14,0,58,0,44,0,57,61,15,70,2,79,78,74,75,76,0,0,0,0,40,14,0,0,20,0,0,0,0,0,83,63,79

l0,12=0,85,83,87,71,82,81,1,82,83,67,57,66,79,65,0,64,5,0,4,0,0,0,0,0,0,0,0,0,0,0,6,0,0,0,0,0,0,0,0,0,0,0,0,0
l1,12=85,0,79,88,71,75,78,1,80,82,7,57,64,77,41,0,37,1,0,5,0,0,0,0,0,0,0,0,0,0,3,8,0,0,0,0,0,0,0,0,0,0,0,0,0
l2,12=86,80,0,86,70,81,80,1,83,82,67,57,63,77,38,0,36,0,41,66,1,0,0,0,0,0,0,0,0,0,4,22,0,0,0,0,0,0,0,0,0,0,0,0,0
l3,12=86,85,82,0,71,81,78,17,79,3,8,5,63,78,5,0,5,0,0,0,0,0,0,0,0,0,0,0,0,0,5,0,0,0,0,0,0,0,0,0,0,0,0,0,0
l4,12=86,85,83,88,0,81,78,7,81,39,7,56,1,75,0,0,6,7,1,0,0,0,0,0,0,0,0,0,0,0,5,0,0,0,0,0,0,0,0,0,0,0,0,0,0
l5,12=86,85,83,88,71,0,80,5,83,73,68,59,52,63,6,0,3,0,1,1,0,0,0,0,1,0,0,0,0,0,2,11,0,0,0,0,0,0,0,0,0,0,0,0,0
l6,12=86,85,83,87,71,81,0,0,83,82,68,57,65,77,4,0,38,47,31,58,0,0,0,0,0,1,0,0,0,0,2,5,0,0,0,0,0,0,0,0,0,0,0,0,0
l7,12=83,83,82,85,70,81,78,0,86,85,59,60,68,84,72,0,65,57,68,75,0,20,0,39,43,43,0,0,0,0,0,0,0,0,0,0,0,0,0,0,0,0,0,0,0
l8,12=78,85,84,84,69,75,81,1,0,83,71,57,61,74,71,0,65,62,68,48,2,12,0,42,1,39,21,8,0,0,1,3,0,0,0,0,0,0,0,0,0,0,0,5,0
l9,12=84,85,82,0,69,75,77,1,79,0,72,80,73,90,72,0,66,35,56,30,24,29,0,49,49,36,34,14,0,0,22,0,0,0,0,0,0,0,0,0,0,0,0,0,0
l10,12=77,50,72,7,38,46,78,6,75,55,0,78,73,86,57,0,75,69,85,62,46,7,0,70,50,56,0,16,0,0,28,49,0,0,0,0,0,0,0,0,0,0,4,6,0
l11,12=84,83,82,0,68,75,78,4,71,85,80,0,70,90,81,0,44,40,78,59,44,0,0,3,16,58,26,1,0,0,3,32,0,0,0,0,0,0,0,0,1,0,0,30,0
l12,12=84,83,60,68,1,75,78,2,73,84,80,78,0,87,78,0,74,51,75,75,65,2,6,2,57,71,31,15,0,0,37,12,0,0,0,0,0,0,0,0,0,0,4,4,0
l13,12=82,85,84,81,69,75,75,2,77,87,80,80,73,0,71,0,69,0,71,44,5,0,7,46,7,9,37,6,0,0,2,6,0,0,0,0,0,0,0,0,0,0,0,40,0
l14,12=69,78,60,27,0,39,17,2,74,51,47,71,70,60,0,0,75,83,89,62,92,4,0,30,60,79,62,21,0,0,49,72,0,0,0,0,0,0,1,0,25,13,84,84,59
l15,12=67,72,39,20,32,32,71,4,73,55,81,65,72,83,92,0,0,76,89,62,83,39,7,3,59,76,54,24,0,0,44,63,0,1,0,0,0,0,0,0,0,0,62,67,21
l16,12=13,0,0,0,11,1,34,5,59,7,25,38,56,0,57,0,44,0,89,66,58,16,0,61,31,24,27,14,0,0,55,76,0,0,0,0,0,0,44,12,49,51,36,77,56
l17,12=2,0,32,0,6,36,68,13,80,38,80,77,66,78,93,0,75,83,0,82,86,22,32,76,71,78,59,32,0,0,43,69,0,0,0,0,0,0,4,12,13,15,77,75,57
l18,12=52,61,64,4,0,35,65,3,61,34,43,60,60,50,87,0,71,85,89,0,92,75,77,80,76,80,62,51,0,0,42,60,62,58,0,0,0,0,63,46,44,49,78,76,77
l19,12=0,0,11,0,0,8,12,0,53,41,76,70,69,33,93,0,73,85,89,87,0,46,14,83,77,85,81,41,0,0,55,48,0,27,0,18,0,0,32,43,43,36,82,77,6
l20,12=0,0,0,0,0,0,0,4,43,54,54,37,48,0,58,0,51,17,65,82,48,0,95,86,77,82,74,79,0,0,0,0,0,70,0,0,23,53,60,60,3,18,62,61,23
l21,12=0,0,0,0,0,0,0,0,51,0,55,0,59,68,0,0,50,0,66,85,4,86,0,87,78,84,81,80,0,0,0,0,3,67,0,0,0,0,69,0,0,2,59,66,77
l22,12=0,0,0,0,0,0,0,10,59,41,65,43,57,48,43,0,0,72,71,60,74,80,76,0,78,84,81,79,0,0,0,0,69,76,0,72,71,54,71,74,26,69,67,73,71
l23,12=0,0,0,0,0,17,0,12,45,40,31,41,57,38,62,0,57,63,77,83,82,75,69,87,0,85,84,79,0,0,31,0,62,60,0,60,58,0,61,36,37,59,71,84,74
l24,12=0,3,0,0,0,0,47,6,47,53,58,43,60,45,68,0,56,13,77,83,83,79,63,86,78,0,84,73,0,0,41,5,62,62,0,39,50,6,58,42,59,0,84,78,66
l25,12=0,0,11,0,0,0,0,15,46,32,30,49,42,59,67,0,53,55,66,71,67,64,61,87,78,85,0,74,0,0,3,44,63,60,0,55,62,0,58,37,0,59,78,81,74
l26,12=0,0,0,0,0,0,0,23,53,52,56,48,42,51,58,0,51,63,64,77,64,80,79,87,77,75,77,0,0,0,0,0,68,66,0,70,69,62,72,58,43,56,66,61,71
l27,12=0,0,6,2,13,3,1,0,0,0,2,6,26,3,47,0,42,84,70,53,19,0,0,0,0,1,0,0,0,0,0,76,4,5,0,24,6,9,37,57,51,41,0,3,4
l28,12=0,3,5,0,0,5,2,0,0,0,6,6,8,2,48,0,21,84,81,23,0,0,0,0,0,0,2,0,0,0,91,0,5,8,0,4,17,0,76,48,48,54,0,6,1
l29,12=0,0,0,0,0,0,0,0,0,0,0,0,0,0,0,0,0,0,0,55,0,0,0,57,62,62,65,63,0,0,24,18,0,84,0,84,81,86,81,79,75,80,0,38,0
l30,12=0,0,0,0,0,0,0,0,0,0,0,0,0,0,0,0,9,1,0,33,33,62,37,76,27,64,67,63,0,0,27,14,78,0,0,84,81,86,82,79,80,81,0,39,34
l31,12=0,0,0,0,0,0,0,0,0,0,0,0,0,0,0,0,0,0,0,10,2,0,0,66,59,31,41,61,0,0,58,35,78,84,0,0,82,89,81,75,71,76,0,0,0
l32,12=0,0,0,0,0,0,0,0,0,0,0,0,0,0,0,0,0,0,0,0,0,2,0,56,35,32,49,57,0,0,42,37,78,82,0,84,0,89,82,77,72,83,0,0,0
l33,12=0,0,0,0,0,0,0,0,0,0,0,0,0,0,0,0,0,0,0,0,0,24,0,38,0,0,0,38,0,0,52,0,78,75,0,84,82,0,80,69,66,67,0,0,0
l34,12=0,0,0,0,0,1,0,0,0,0,0,0,0,0,16,0,0,44,11,45,31,44,49,43,35,59,60,70,0,0,34,41,78,84,0,80,81,86,0,82,81,85,15,51,0
l35,12=0,0,0,0,0,0,0,0,0,0,0,0,0,0,0,0,0,49,33,47,38,34,0,49,29,54,54,30,0,0,56,39,78,84,0,70,67,71,81,0,83,89,15,0,0
l36,12=0,0,0,0,0,0,0,0,0,0,0,5,2,0,27,0,0,60,16,62,44,0,0,6,35,62,0,5,0,0,81,41,76,84,0,66,53,53,82,87,0,89,0,0,0
l37,12=0,0,0,0,0,0,0,0,0,0,0,0,0,0,22,0,0,71,38,57,32,4,0,39,37,0,53,26,0,0,45,68,78,84,0,80,82,53,82,87,83,0,0,0,0
l38,12=0,0,0,0,0,0,0,0,0,0,11,0,36,0,74,0,38,58,72,71,65,54,31,73,70,76,82,74,0,0,0,0,0,0,0,0,0,0,14,10,0,0,0,90,87
l39,12=0,0,0,0,0,0,0,0,12,0,17,38,0,28,74,0,55,73,74,72,43,9,30,79,75,72,80,45,0,0,21,35,41,22,0,0,0,0,30,0,0,0,87,0,88
l40,12=0,0,0,0,0,0,0,0,0,0,0,0,0,0,54,0,36,63,62,77,7,0,59,68,73,67,81,75,0,0,2,0,0,6,0,0,0,0,0,0,0,0,86,87,0
l41,12=0,0,0,0,0,0,0,0,48,27,32,0,42,29,60,0,51,79,82,85,79,66,52,80,77,78,81,73,0,0,0,0,0,0,0,0,0,0,29,0,0,39,87,90,88
l42,12=0,0,0,0,0,0,0,0,0,0,0,0,33,0,8,0,0,0,4,73,60,69,0,85,75,80,82,79,0,0,0,0,52,51,0,0,0,0,55,42,0,0,86,90,85
l43,12=0,0,0,0,0,0,0,0,0,0,1,0,26,0,8,0,44,0,54,70,64,64,2,82,73,70,83,77,0,0,0,0,43,48,0,54,0,0,1,0,0,0,84,79,78
l44,12=0,0,0,0,0,0,0,0,0,0,49,0,0,0,39,0,52,0,0,70,67,76,0,84,74,78,80,76,0,0,0,0,53,25,0,0,0,0,0,0,0,0,86,85,26

l0,13=0,90,94,93,99,89,97,75,91,54,59,74,86,79,77,0,30,7,0,15,0,0,0,0,0,0,0,0,0,0,20,0,0,0,0,0,0,0,0,0,0,0,0,0,0
l1,13=96,0,94,94,98,90,96,87,93,65,7,30,92,84,6,0,34,30,1,18,0,0,0,0,0,0,0,0,0,0,44,5,0,0,0,0,0,0,0,0,0,0,0,0,0
l2,13=96,90,0,90,97,71,98,89,94,61,64,92,92,88,70,0,31,31,4,78,17,0,0,3,0,0,3,0,0,0,1,49,0,0,0,0,0,0,0,0,0,0,0,0,0
l3,13=96,88,71,0,99,90,95,61,88,49,42,17,86,78,0,0,17,15,2,0,0,0,0,0,0,0,0,0,0,0,60,51,0,0,0,0,0,0,0,0,4,0,0,0,0
l4,13=96,89,89,96,0,88,96,44,89,59,63,50,13,83,0,0,0,0,0,0,0,0,0,0,0,0,0,0,0,0,18,5,0,0,0,0,0,0,0,0,0,0,0,0,0
l5,13=96,90,15,96,98,0,98,82,63,4,83,8,8,86,2,0,0,3,4,0,0,0,0,0,0,0,0,0,0,0,0,4,0,0,0,0,0,0,0,0,1,0,0,0,0
l6,13=96,90,96,95,97,91,0,87,94,63,80,75,92,87,23,0,78,13,24,68,8,0,0,0,2,1,0,0,0,0,0,0,0,0,0,0,0,0,0,0,0,0,0,0,0
l7,13=96,90,96,91,92,91,98,0,94,73,82,92,95,90,91,0,81,17,82,81,0,17,4,67,87,76,49,0,0,0,0,11,0,0,0,0,0,0,0,0,0,0,0,29,0
l8,13=95,90,96,47,97,83,98,98,0,70,79,92,94,85,92,0,80,31,78,62,4,0,6,49,0,35,33,58,0,0,0,0,0,0,0,0,0,0,0,0,0,0,1,19,0
l9,13=92,87,72,83,90,53,92,76,93,0,91,92,95,90,91,0,93,30,75,79,33,20,0,38,76,50,25,63,0,0,70,65,0,0,0,0,0,0,0,0,0,0,0,5,0
l10,13=88,20,55,54,56,86,60,69,87,85,0,92,95,90,77,0,96,32,81,94,45,0,0,50,51,54,38,39,0,0,83,33,0,0,0,0,0,0,0,0,0,0,16,46,0
l11,13=92,58,94,48,56,59,94,91,94,86,92,0,95,90,94,0,57,8,82,80,12,16,0,15,43,0,36,65,0,0,47,55,0,0,0,0,0,0,0,0,0,0,0,69,0
l12,13=87,87,71,52,56,81,92,94,89,84,96,92,0,90,94,0,96,22,90,85,46,0,4,30,84,62,19,39,0,0,80,0,0,0,0,0,0,0,0,0,0,0,0,3,0
l13,13=92,87,91,62,89,88,94,94,89,86,95,92,95,0,91,0,96,22,84,75,36,8,12,38,44,43,27,34,0,0,13,56,0,0,0,0,0,0,0,0,0,0,0,70,0
l14,13=81,48,6,14,3,48,21,57,90,61,38,33,92,86,0,0,96,35,93,98,98,25,2,0,55,56,50,47,0,0,93,95,0,0,0,0,0,0,0,0,26,63,83,90,5
l15,13=48,77,13,51,2,65,59,93,79,81,96,66,95,90,97,0,0,57,93,97,94,29,41,62,90,66,13,79,0,0,94,92,0,0,0,0,0,0,0,2,0,1,1,1,16
l16,13=5,38,12,12,0,47,16,2,77,53,34,3,43,27,79,0,33,0,84,100,47,0,0,33,53,48,0,20,0,0,99,100,0,27,0,0,0,1,71,35,89,96,0,89,56
l17,13=0,6,5,2,1,47,32,54,86,41,35,32,94,83,97,0,96,59,0,100,98,28,22,45,54,50,32,46,0,0,85,94,0,0,0,0,0,0,0,14,78,37,83,84,26
l18,13=59,3,23,19,3,45,34,62,75,61,39,31,95,73,95,0,78,95,92,0,97,58,46,52,95,71,56,83,0,0,94,88,50,5,0,0,0,0,70,85,96,94,93,90,95
l19,13=0,0,32,0,0,0,26,9,3,56,39,27,93,76,97,0,96,95,93,100,0,31,37,88,97,95,53,77,0,0,93,93,0,1,0,0,0,0,54,80,91,84,90,89,77
l20,13=0,0,0,0,0,0,0,1,10,66,0,64,41,44,75,0,75,24,78,99,78,0,98,91,95,94,78,97,0,0,0,0,66,83,0,57,4,54,82,0,26,44,80,36,83
l21,13=0,0,0,0,0,0,0,43,80,16,0,0,81,80,67,0,83,0,83,92,80,95,0,91,96,89,85,97,0,0,0,0,64,76,0,78,0,0,84,0,0,0,84,85,91
l22,13=0,0,0,0,0,0,0,40,65,45,65,16,66,67,0,0,63,37,79,81,82,95,87,0,97,95,89,97,0,0,0,18,65,83,0,60,75,22,80,72,0,65,83,84,33
l23,13=0,0,0,0,0,0,0,65,5,68,65,24,81,59,75,0,77,65,88,97,96,91,92,91,0,95,90,93,0,0,0,57,69,24,0,62,10,0,78,62,54,75,97,95,91
l24,13=0,0,0,0,0,0,15,39,66,57,58,0,95,76,95,0,93,49,91,99,96,94,49,91,97,0,90,97,0,0,61,63,74,90,0,44,22,7,83,64,60,31,95,94,96
l25,13=0,0,0,0,0,0,0,0,62,39,43,34,65,59,83,0,20,20,66,95,75,53,69,91,97,95,0,88,0,0,30,0,73,64,0,57,46,33,54,63,49,73,99,92,93
l26,13=0,0,0,0,0,0,0,19,43,47,58,49,63,40,62,0,84,63,65,98,63,95,97,91,93,89,82,0,0,0,0,0,83,92,0,88,78,49,92,81,52,67,90,68,88
l27,13=14,6,1,5,26,3,0,0,0,1,7,1,36,1,53,0,34,95,10,89,40,0,0,0,0,6,0,0,0,0,0,100,17,9,0,4,3,0,2,67,99,64,2,0,0
l28,13=0,7,19,13,21,43,0,3,0,10,24,26,0,26,54,0,34,59,84,92,40,0,0,3,32,41,0,0,0,0,99,0,66,10,0,20,28,27,95,33,96,97,1,5,0
l29,13=0,0,0,0,0,0,0,0,0,0,0,0,0,0,0,0,0,12,0,29,0,6,0,59,71,60,67,81,0,0,54,63,0,95,0,92,90,95,95,87,87,51,18,43,0
l30,13=0,0,0,0,0,0,0,0,0,0,0,0,0,0,0,0,0,72,0,13,0,83,17,81,72,79,25,84,0,0,43,61,87,0,0,92,90,88,95,92,92,92,0,8,0
l31,13=0,0,0,0,0,0,0,0,0,0,0,0,0,0,0,0,0,0,0,0,0,33,20,72,68,29,59,78,0,0,74,69,87,95,0,0,90,95,95,82,82,90,6,17,0
l32,13=0,0,0,0,0,0,0,0,0,0,0,0,0,0,0,0,0,32,0,0,0,1,0,75,30,34,39,59,0,0,53,74,86,73,0,92,0,95,95,92,77,91,19,0,0
l33,13=0,0,0,0,0,0,0,0,0,0,0,0,0,0,0,0,0,20,0,0,0,50,0,46,0,0,36,21,0,0,0,62,87,88,0,92,90,0,93,85,85,72,0,0,0
l34,13=0,0,0,0,0,0,0,0,0,0,0,0,0,0,2,0,0,72,0,38,11,46,15,56,86,60,5,54,0,0,39,93,87,95,0,92,90,94,0,93,99,97,0,28,12
l35,13=0,0,0,0,0,14,0,0,0,0,0,0,0,0,1,0,23,58,59,83,33,0,0,40,50,40,10,29,0,0,75,87,87,95,0,30,88,94,95,0,99,97,64,62,0
l36,13=0,0,0,0,0,26,0,0,0,0,0,0,0,0,5,0,0,59,56,93,39,1,0,0,34,36,7,15,0,0,80,100,87,39,0,28,32,58,95,93,0,97,0,0,0
l37,13=0,0,0,0,0,0,0,0,0,0,0,0,0,0,4,0,1,92,43,89,26,12,0,29,85,29,19,15,0,0,64,97,86,95,0,92,83,63,95,93,99,0,0,0,0
l38,13=0,0,0,0,0,0,0,0,0,0,8,0,0,0,76,0,0,0,80,92,86,20,1,87,95,94,88,86,0,0,21,5,2,0,0,0,0,0,0,15,0,0,0,95,96
l39,13=0,0,0,0,0,0,0,5,2,0,15,22,37,63,89,0,2,79,82,84,49,1,14,90,95,94,88,62,0,0,0,29,20,0,0,0,0,0,12,13,0,0,98,0,96
l40,13=0,0,0,0,0,0,0,0,0,0,0,0,0,0,31,0,16,81,58,92,18,46,62,10,90,92,87,85,0,0,0,0,0,0,0,0,0,0,5,0,0,0,97,94,0
l41,13=0,0,0,0,0,0,0,0,29,0,66,3,76,13,32,0,54,91,91,97,96,50,26,55,96,94,88,73,0,0,56,0,18,0,0,0,0,0,0,0,2,69,98,96,96
l42,13=0,0,0,0,0,0,0,0,0,0,0,0,0,0,34,0,0,70,0,94,4,0,17,91,94,93,88,90,0,0,0,0,0,1,0,0,20,0,18,0,0,0,98,94,95
l43,13=0,0,0,0,0,0,0,0,0,0,0,1,38,0,0,0,30,41,42,47,77,82,56,81,86,60,87,89,0,0,0,0,2,8,0,0,49,0,15,2,0,0,97,94,84
l44,13=0,0,0,0,0,0,0,0,0,0,5,0,39,0,42,0,45,28,54,89,85,87,59,91,95,90,83,85,0,0,0,0,19,25,0,2,15,0,0,0,0,0,97,94,96

l0,14=0,99,100,92,92,100,100,100,100,100,93,100,89,99,81,0,88,0,81,0,0,0,0,0,1,0,0,0,0,0,79,16,0,0,0,0,0,0,0,0,0,0,0,0,0
l1,14=98,0,100,92,92,100,100,100,100,93,93,91,97,96,58,0,95,84,37,78,0,0,0,0,0,0,0,0,0,0,22,17,0,0,0,0,0,0,0,0,0,0,0,0,0
l2,14=98,99,0,91,92,100,100,100,100,100,100,100,100,100,100,0,67,57,50,90,2,0,0,0,0,24,10,4,0,0,43,0,0,0,0,0,0,0,0,0,0,0,0,0,0
l3,14=98,99,65,0,92,100,100,52,86,82,85,52,48,91,63,0,62,6,49,0,0,0,0,0,0,0,0,0,0,0,64,38,0,0,0,0,0,0,0,0,0,0,0,0,0
l4,14=98,99,72,92,0,95,100,100,100,96,86,92,86,96,69,0,64,38,48,0,0,0,0,0,0,0,0,0,0,0,76,2,0,0,0,0,0,0,0,0,67,0,0,0,0
l5,14=98,99,96,92,83,0,100,100,89,100,100,100,100,100,89,0,68,46,51,72,37,0,0,0,0,0,0,0,0,0,80,48,0,0,0,0,0,0,0,0,53,1,0,0,0
l6,14=98,99,100,92,92,100,0,100,100,100,100,100,100,100,0,0,98,53,96,100,0,0,0,0,0,7,0,0,0,0,18,48,0,0,0,0,0,0,0,0,0,0,0,12,0
l7,14=98,99,100,92,92,100,100,0,100,100,100,100,100,100,100,0,98,32,96,98,100,2,0,100,41,61,98,0,0,0,0,0,0,0,0,0,0,0,0,0,0,0,0,0,0
l8,14=98,99,100,86,92,99,100,100,0,100,100,100,100,100,100,0,98,98,96,95,58,65,0,77,67,55,98,91,0,0,4,0,0,0,0,0,0,0,0,0,0,0,0,34,0
l9,14=98,99,100,91,92,100,100,100,100,0,100,100,100,100,100,0,98,63,48,100,30,69,1,36,95,91,90,89,0,0,36,2,0,0,0,0,0,0,0,0,0,0,0,0,0
l10,14=62,99,100,91,92,100,100,94,100,100,0,100,100,100,100,0,98,62,96,100,100,22,0,57,97,100,95,0,0,0,73,48,0,0,0,0,0,0,0,0,63,0,47,0,0
l11,14=98,99,100,64,92,100,100,100,100,100,100,0,100,100,100,0,98,54,96,100,100,70,0,26,88,88,93,86,0,0,26,0,0,0,0,0,0,0,0,0,0,0,4,36,0
l12,14=60,99,100,85,92,100,100,100,100,100,100,100,0,100,100,0,98,0,96,100,100,77,53,57,100,100,90,52,0,0,71,58,0,0,0,0,0,0,0,0,0,0,4,64,0
l13,14=85,99,100,92,92,100,100,100,100,100,100,100,100,0,100,0,98,35,96,99,95,67,0,19,99,98,42,52,0,0,75,36,0,0,0,0,0,0,0,0,0,0,0,54,1
l14,14=47,26,87,18,80,80,0,58,94,84,91,61,62,88,0,0,98,63,96,100,100,35,0,55,95,98,92,88,0,0,76,57,0,68,0,0,0,0,0,75,93,56,3,62,84
l15,14=47,98,94,65,84,86,60,58,93,100,94,63,100,89,100,0,0,56,96,99,100,79,0,47,68,98,85,63,0,0,84,60,0,0,0,0,0,0,0,77,61,0,18,42,92
l16,14=0,56,48,0,82,45,32,23,85,88,76,25,0,14,100,0,71,0,96,100,100,1,0,56,61,59,62,32,0,0,100,62,24,0,0,0,0,0,28,66,100,68,25,30,56
l17,14=54,43,44,83,73,81,60,59,94,61,100,100,100,89,100,0,98,100,0,100,100,34,42,57,100,100,93,88,0,0,79,69,0,18,0,0,0,0,52,54,1,32,30,64,86
l18,14=0,82,88,0,0,74,59,49,90,97,92,60,60,86,99,0,85,100,96,0,99,99,60,67,98,98,97,99,0,0,83,60,0,61,0,53,0,0,97,93,98,71,62,97,95
l19,14=0,0,6,0,0,66,0,57,79,57,92,60,60,88,100,0,98,100,96,100,0,80,29,61,100,99,98,91,0,0,84,60,0,0,0,0,0,0,0,97,98,70,53,64,95
l20,14=0,0,0,0,0,0,0,0,88,88,0,91,19,64,83,0,92,13,39,98,93,0,100,98,95,98,93,100,0,0,0,0,46,96,0,89,94,69,96,88,45,92,65,68,90
l21,14=0,0,0,0,0,0,0,83,0,0,0,0,98,5,30,0,64,2,92,98,22,99,0,98,98,98,96,100,0,0,0,0,92,0,0,2,0,0,88,0,0,0,34,95,92
l22,14=0,0,0,0,0,0,0,89,89,78,93,34,89,16,91,0,95,91,94,98,99,99,98,0,100,99,98,100,0,0,0,54,98,98,0,88,99,90,96,89,75,15,98,97,57
l23,14=0,0,0,0,0,0,0,7,83,89,94,91,98,95,98,0,91,96,90,98,100,77,97,100,0,100,99,94,0,0,85,89,97,96,0,94,81,72,98,88,46,98,98,97,95
l24,14=0,0,0,0,0,0,1,54,51,94,98,55,98,91,99,0,95,60,94,98,99,99,89,99,100,0,99,99,0,0,75,55,78,97,0,84,84,0,82,85,91,92,98,97,95
l25,14=0,0,0,0,0,0,0,80,94,71,96,96,94,48,99,0,94,94,89,98,98,96,95,99,100,100,0,99,0,0,0,0,97,89,0,92,83,58,66,92,80,95,99,97,89
l26,14=0,0,0,0,0,0,0,5,89,85,56,95,39,82,89,0,91,85,86,97,93,99,98,98,92,96,95,0,0,0,23,0,97,95,0,93,94,89,98,93,85,96,90,92,94
l27,14=54,0,36,88,92,83,47,0,3,75,74,14,37,83,100,0,98,100,76,100,100,0,0,0,61,61,11,19,0,0,0,100,42,72,0,95,98,67,63,67,100,99,11,35,0
l28,14=1,2,0,50,85,87,48,0,0,17,72,2,36,70,100,0,72,72,58,99,100,0,0,43,63,61,0,0,0,0,100,0,27,66,0,97,100,66,62,65,96,71,0,0,0
l29,14=0,0,0,0,0,0,0,0,0,0,0,0,0,0,0,0,0,81,0,3,0,37,62,97,89,91,96,100,0,0,98,67,0,100,0,100,100,99,100,100,100,100,0,55,0
l30,14=0,0,0,0,0,0,0,0,0,0,0,0,0,0,85,0,0,14,49,85,0,97,0,98,98,98,94,99,0,0,99,97,100,0,0,100,100,99,100,99,100,100,4,35,54
l31,14=0,0,0,0,0,0,0,0,0,0,0,0,0,0,0,0,0,0,0,70,0,73,0,77,91,73,87,66,0,0,52,89,100,100,0,0,100,99,100,89,100,100,53,55,0
l32,14=0,0,0,0,0,0,0,0,0,0,0,0,0,0,0,0,0,0,0,0,0,87,0,90,60,61,62,69,0,0,56,87,100,100,0,100,0,99,100,100,3,100,0,0,0
l33,14=0,0,0,0,0,0,0,0,0,0,0,0,0,0,0,0,0,0,0,0,0,49,0,80,80,0,83,92,0,0,77,72,100,91,0,100,100,0,95,96,92,95,0,0,0
l34,14=0,0,0,0,0,0,0,0,0,0,0,0,0,0,0,0,0,68,80,99,0,82,49,99,63,51,66,100,0,0,100,61,100,100,0,100,100,99,0,100,100,100,0,0,30
l35,14=0,0,0,0,0,55,0,0,0,0,0,0,13,0,97,0,91,100,73,99,100,82,0,99,63,60,69,99,0,0,100,62,100,100,0,100,100,69,100,0,100,100,16,36,0
l36,14=0,0,0,0,64,41,0,0,0,0,50,0,3,0,100,0,53,100,0,100,100,10,0,46,33,36,47,99,0,0,100,15,62,76,0,100,21,69,100,100,0,100,0,0,0
l37,14=0,0,0,0,0,40,0,0,0,0,0,0,0,0,97,0,0,99,49,98,96,44,0,22,63,61,63,96,0,0,100,64,100,100,0,100,100,67,100,100,100,0,0,5,0
l38,14=0,0,0,0,0,0,0,0,0,0,88,0,0,0,46,0,0,21,57,95,72,35,0,94,98,97,96,81,0,0,0,15,0,0,0,2,0,0,0,0,0,3,0,98,95
l39,14=0,0,0,0,0,0,1,0,68,0,0,36,55,64,94,0,49,47,82,97,77,11,35,74,98,96,96,80,0,0,44,0,54,0,0,41,0,0,0,27,0,0,98,0,95
l40,14=0,0,0,0,0,0,0,0,0,0,0,0,0,0,90,0,86,92,84,93,85,76,76,68,92,93,90,90,0,0,0,0,0,8,0,0,0,0,13,0,0,0,98,97,0
l41,14=0,0,0,0,0,0,0,0,0,71,94,46,93,0,94,0,94,98,94,98,100,68,0,98,99,95,96,99,0,0,0,21,56,0,0,0,0,0,0,10,4,45,98,99,91
l42,14=0,0,0,0,0,0,0,0,0,0,0,0,3,0,93,0,5,81,82,96,77,88,35,95,96,95,93,92,0,0,0,0,70,0,0,0,28,0,0,0,0,11,97,96,95
l43,14=0,0,0,0,0,0,0,0,0,0,0,0,0,0,78,0,0,75,0,65,81,89,76,92,91,93,93,94,0,0,0,0,80,82,0,68,53,0,53,40,0,31,98,97,87
l44,14=0,0,0,0,0,0,0,0,0,0,0,0,87,0,95,0,92,66,73,96,91,94,84,89,98,94,94,87,0,0,0,0,0,76,0,0,15,0,0,0,0,0,98,97,95

l0,15=0,100,96,100,100,100,100,98,100,99,99,100,100,99,84,0,100,53,56,0,0,0,0,0,0,0,0,0,0,0,94,88,0,0,0,0,0,0,0,0,0,0,0,0,0
l1,15=100,0,100,100,100,100,100,100,99,99,99,100,100,99,82,0,100,71,62,54,0,0,0,0,0,0,0,0,0,0,8,0,0,0,0,0,0,0,0,0,0,0,0,0,0
l2,15=100,100,0,100,100,99,100,100,100,100,26,100,100,100,99,0,100,70,59,63,0,0,0,0,0,0,0,36,0,0,94,41,0,0,0,0,0,0,0,0,0,0,0,0,0
l3,15=100,100,82,0,100,100,100,97,100,94,99,76,94,72,90,0,0,69,1,0,0,0,0,0,0,0,0,0,0,0,89,95,0,0,0,0,0,0,0,0,0,0,0,0,0
l4,15=100,100,100,100,0,100,100,85,99,99,93,100,61,53,67,0,99,65,44,55,0,0,0,0,0,0,0,0,0,0,97,8,0,0,0,0,0,0,0,0,0,0,0,0,0
l5,15=100,100,100,100,100,0,100,70,73,97,100,100,100,100,99,0,100,56,60,60,86,0,0,0,0,0,0,0,0,0,86,95,0,0,0,0,0,0,0,0,83,0,0,0,0
l6,15=100,100,100,100,100,100,0,100,100,100,100,100,100,100,73,0,100,100,99,99,0,18,0,0,0,0,0,0,0,0,99,0,0,0,0,0,0,0,0,0,0,0,0,8,0
l7,15=100,100,100,99,100,100,100,0,100,100,99,100,100,100,100,0,100,99,99,100,99,97,0,93,0,93,86,98,0,0,0,0,0,0,0,0,0,0,0,0,0,0,0,0,0
l8,15=100,100,100,100,100,100,100,100,0,100,100,100,100,100,100,0,100,67,99,100,99,88,0,95,96,55,98,97,0,0,1,92,0,0,0,0,0,0,0,0,0,0,1,5,0
l9,15=100,100,100,81,100,100,100,100,100,0,100,100,100,100,98,0,100,69,99,100,90,88,0,96,0,60,55,99,0,0,0,0,0,0,0,0,0,0,0,0,0,0,32,11,0
l10,15=99,71,38,61,97,100,95,64,100,100,0,100,100,100,97,0,99,69,99,63,91,0,0,95,69,60,60,88,0,0,32,68,0,0,0,0,0,0,0,0,0,0,88,86,86
l11,15=100,100,100,93,98,100,100,100,100,100,100,0,100,100,100,0,100,67,99,100,100,92,0,0,74,54,58,66,0,0,45,98,0,0,0,0,0,0,0,0,0,0,0,1,0
l12,15=100,100,75,57,91,100,100,100,100,100,100,100,0,100,100,0,100,64,99,64,99,85,84,83,99,100,57,1,0,0,32,1,0,0,0,0,0,0,0,0,0,0,1,48,0
l13,15=100,100,100,48,97,100,100,100,100,100,100,100,100,0,99,0,100,66,99,96,85,84,11,81,62,58,0,95,0,0,93,72,0,0,0,0,0,0,0,0,0,0,0,0,0
l14,15=52,35,47,59,95,92,71,54,65,77,94,59,58,69,0,0,100,71,99,64,100,0,0,93,71,60,58,68,0,0,97,100,0,89,0,0,0,0,0,0,14,38,65,97,57
l15,15=96,78,51,0,97,99,83,59,64,98,99,63,100,72,100,0,0,69,99,63,100,92,89,98,74,60,61,98,0,0,99,99,0,81,0,0,0,0,25,52,58,15,80,97,98
l16,15=32,76,61,60,100,1,83,56,44,61,61,59,92,81,100,0,100,0,99,100,100,81,0,61,73,3,99,60,0,0,100,100,92,95,0,28,0,0,59,99,99,100,53,59,59
l17,15=15,73,51,26,91,93,81,100,100,96,100,100,100,83,100,0,100,100,0,100,100,89,90,93,99,100,55,90,0,0,100,99,0,0,0,0,0,0,43,0,90,36,96,98,0
l18,15=29,67,56,0,88,82,69,59,64,98,88,63,61,72,100,0,99,100,99,0,99,95,97,98,97,59,100,100,0,0,97,93,0,87,0,9,0,0,56,66,98,53,99,97,99
l19,15=0,0,0,0,0,89,66,59,62,57,92,63,62,66,100,0,100,100,99,100,0,93,46,98,99,100,100,98,0,0,99,99,28,0,0,0,0,0,59,70,98,99,99,97,99
l20,15=0,0,0,0,0,0,26,91,68,65,0,95,90,68,0,0,96,64,90,100,94,0,100,96,89,100,98,100,0,0,0,0,96,97,0,0,93,71,86,90,0,0,93,95,90
l21,15=0,0,0,0,0,0,0,30,0,0,0,0,95,74,0,0,97,0,93,99,86,100,0,97,97,94,97,100,0,0,0,0,72,0,0,0,32,0,71,0,0,0,93,95,91
l22,15=0,0,0,0,0,0,0,53,61,76,84,0,89,47,91,0,95,53,89,98,96,98,94,0,99,99,99,100,0,0,0,1,97,93,0,70,94,87,45,53,70,80,99,94,69
l23,15=0,0,0,0,0,0,0,0,88,0,94,95,98,92,98,0,95,96,98,97,96,95,94,99,0,100,100,98,0,0,88,84,96,95,0,98,0,48,94,80,93,86,99,97,99
l24,15=0,0,1,0,0,0,0,90,59,96,99,70,99,99,99,0,98,19,99,99,99,98,99,99,99,0,100,100,0,0,89,92,95,95,0,98,91,0,54,6,97,99,99,97,99
l25,15=0,0,0,0,0,0,0,62,93,55,86,49,91,1,99,0,96,95,78,99,99,98,88,98,99,100,0,97,0,0,36,0,97,64,0,86,92,85,76,91,72,84,99,97,7
l26,15=0,0,0,0,0,0,0,86,88,91,79,50,42,82,87,0,95,87,89,87,79,98,99,98,97,94,99,0,0,0,0,0,96,95,0,83,91,41,84,88,92,84,81,94,99
l27,15=58,69,54,25,99,81,81,48,0,0,20,57,59,72,100,0,99,100,44,52,99,0,0,0,53,48,45,0,0,0,0,100,98,99,0,65,65,38,63,74,99,61,0,59,0
l28,15=31,0,7,53,75,90,0,18,46,0,59,61,49,54,100,0,99,100,60,52,100,0,0,0,51,53,0,0,0,0,100,0,97,89,0,60,65,38,63,74,99,100,69,34,0
l29,15=0,0,0,0,0,0,0,0,0,0,0,0,0,0,0,0,0,89,0,0,0,97,1,99,98,97,98,100,0,0,55,98,0,99,0,100,99,100,100,100,97,100,67,54,4
l30,15=0,0,0,0,0,45,0,0,0,0,0,0,0,0,86,0,86,90,10,92,0,95,0,96,93,98,56,98,0,0,92,97,99,0,0,100,99,97,100,100,99,100,10,83,79
l31,15=0,0,0,0,0,0,0,0,0,0,0,0,0,0,0,0,0,66,0,25,0,0,0,28,94,96,94,63,0,0,92,93,99,99,0,0,99,100,100,100,99,100,13,6,46
l32,15=0,0,0,0,0,0,0,0,0,0,0,0,0,0,0,0,0,0,0,0,0,90,0,95,0,94,96,92,0,0,93,92,99,99,0,100,0,100,100,100,96,100,0,0,0
l33,15=0,0,0,0,0,0,0,0,0,0,0,0,0,0,0,0,0,0,0,0,0,84,0,67,47,0,94,41,0,0,63,79,99,99,0,100,99,0,99,98,93,96,0,0,0
l34,15=0,0,0,0,0,0,0,0,0,0,0,0,0,0,0,0,5,67,21,79,93,95,1,54,71,59,95,63,0,0,56,79,99,89,0,91,97,97,0,100,99,99,50,0,52
l35,15=0,0,0,0,0,0,0,0,0,0,0,0,0,0,0,0,88,97,0,67,96,94,0,58,53,15,96,63,0,0,58,76,97,90,0,91,97,97,100,0,99,100,63,0,0
l36,15=0,0,0,0,0,64,0,0,0,0,0,0,13,0,81,0,97,97,44,80,100,0,0,24,53,59,56,62,0,0,58,78,97,99,0,65,64,67,100,100,0,100,0,0,0
l37,15=0,0,0,0,0,0,0,0,0,0,0,0,0,0,87,0,82,99,43,48,100,0,0,57,52,65,58,58,0,0,99,98,99,99,0,100,99,69,100,100,99,0,0,0,0
l38,15=0,0,0,0,0,0,0,0,0,1,37,0,25,0,59,0,75,28,74,89,64,75,58,86,97,97,97,86,0,0,0,29,60,0,0,16,0,0,11,12,0,0,0,97,99
l39,15=0,0,0,0,0,0,3,4,0,0,11,0,45,0,91,0,90,62,83,92,67,74,61,50,94,86,99,63,0,0,69,3,52,61,0,0,0,0,0,0,0,0,99,0,99
l40,15=0,0,0,0,0,0,0,0,0,0,55,0,0,0,80,0,80,66,5,85,65,62,43,9,95,91,49,95,0,0,0,0,0,58,0,24,0,0,56,0,0,0,99,97,0
l41,15=0,0,0,0,0,0,0,0,12,0,90,14,64,77,99,0,93,97,98,97,99,82,73,95,99,99,99,99,0,0,58,2,0,9,0,0,0,0,44,0,0,0,99,98,96
l42,15=0,0,0,0,0,0,0,0,0,0,0,0,71,0,57,0,75,66,81,92,69,88,63,94,97,96,96,93,0,0,0,0,0,31,0,0,61,0,68,0,0,0,99,97,99
l43,15=0,0,0,0,0,0,0,0,0,0,1,0,0,0,0,0,30,42,59,56,60,54,55,87,82,93,97,76,0,0,0,0,0,75,0,61,66,0,60,51,0,1,97,95,90
l44,15=0,0,0,0,0,0,0,0,0,0,0,0,49,0,61,0,75,0,64,88,63,89,59,85,97,64,99,91,0,0,0,0,37,64,0,0,50,0,0,0,0,0,98,97,99

