l0,0=0,90,92,86,94,95,95,81,92,90,81,85,52,89,46,0,89,58,17,0,0,0,0,0,0,0,0,0,0,0,44,34,0,0,0,0,0,0,0,0,1,0,0,0,0
l1,0=94,0,72,85,89,94,91,80,88,27,73,86,52,91,25,0,42,57,28,48,0,0,0,0,0,0,0,0,0,0,6,23,0,0,0,0,0,0,0,0,8,0,0,0,0
l2,0=94,60,0,83,91,92,91,97,90,93,83,86,82,91,44,0,83,40,43,60,35,0,0,0,0,1,18,0,0,0,0,0,0,0,0,0,0,0,0,0,0,0,0,0,0
l3,0=96,93,76,0,95,93,84,75,56,83,17,73,27,61,0,0,76,53,22,47,0,0,0,0,0,0,0,0,0,0,41,36,0,0,0,0,0,0,0,0,2,0,0,0,0
l4,0=97,59,74,87,0,95,83,75,54,91,46,30,49,69,22,0,47,0,4,0,0,0,0,0,0,0,0,0,0,0,11,31,0,0,0,0,0,0,0,0,0,0,0,0,0
l5,0=96,81,75,83,93,0,91,89,56,48,48,74,52,87,13,0,54,13,27,1,3,0,0,0,0,0,0,0,0,0,7,3,0,0,0,0,0,0,0,0,5,1,0,0,0
l6,0=94,90,91,80,92,92,0,98,87,93,83,51,83,89,24,0,58,46,47,66,11,0,0,0,0,0,0,0,0,0,46,10,0,0,0,0,0,0,0,0,0,0,0,0,0
l7,0=94,90,92,82,87,92,93,0,91,93,83,88,83,93,91,0,92,0,86,89,64,0,47,45,30,57,67,0,0,0,30,0,0,0,0,0,0,0,0,0,0,0,0,0,0
l8,0=94,90,92,83,86,93,90,99,0,95,83,90,84,91,51,0,57,49,48,76,19,0,54,44,11,20,28,13,0,0,3,0,0,0,0,0,0,0,0,0,0,0,0,7,0
l9,0=92,82,87,71,90,90,90,96,93,0,83,91,83,95,90,0,92,28,49,2,20,9,0,31,8,17,9,0,0,0,0,10,0,0,0,0,0,0,0,0,0,0,0,0,0
l10,0=82,61,85,0,40,48,87,93,89,83,0,68,86,0,2,0,94,69,89,82,29,1,47,57,38,53,43,34,0,0,3,0,0,0,0,0,0,0,0,0,0,0,22,13,0
l11,0=88,90,87,78,34,94,65,93,93,97,82,0,86,95,80,0,93,64,50,75,29,7,8,0,36,8,26,28,0,0,3,0,0,0,0,0,0,0,0,0,0,0,1,0,0
l12,0=76,90,82,38,72,94,92,93,89,88,85,91,0,95,88,0,94,74,79,79,81,0,0,4,9,19,64,50,0,0,11,13,0,0,0,0,0,0,0,0,6,0,0,10,25
l13,0=89,92,93,59,81,93,86,99,91,97,2,91,86,0,89,0,94,50,87,60,21,7,0,51,0,39,0,2,0,0,3,12,0,0,0,0,0,0,0,0,0,0,0,0,0
l14,0=37,18,48,0,17,11,12,30,76,27,5,46,82,66,0,0,94,86,91,96,99,0,17,65,14,51,22,30,0,0,32,65,0,22,0,0,0,0,0,0,25,0,68,54,44
l15,0=39,16,46,49,16,30,32,92,47,28,85,91,86,95,96,0,0,77,91,60,78,17,17,40,20,56,39,71,0,0,24,32,14,1,0,0,0,0,0,9,19,0,51,16,21
l16,0=17,13,48,30,2,8,12,0,40,1,27,49,62,55,32,0,32,0,91,85,33,0,0,31,57,24,44,0,0,0,36,73,14,36,0,5,0,52,58,27,31,30,61,26,16
l17,0=23,13,48,13,16,28,34,41,47,14,83,29,64,76,97,0,94,90,0,97,99,22,0,35,59,40,45,27,0,0,20,38,0,0,0,0,0,0,0,0,17,13,62,35,39
l18,0=0,5,40,9,0,0,30,74,78,0,31,44,69,50,64,0,28,89,89,0,98,34,59,90,62,91,58,52,0,0,0,8,2,32,0,17,0,0,47,13,34,8,69,62,27
l19,0=0,0,71,0,0,12,10,71,56,18,54,59,83,61,97,0,94,89,91,97,0,23,42,60,62,92,55,37,0,0,54,80,0,7,0,0,0,0,0,22,59,14,53,68,64
l20,0=0,0,1,0,0,0,0,0,31,56,17,50,0,53,0,0,76,0,74,93,82,0,95,91,81,92,88,92,0,0,0,0,61,68,0,77,79,40,79,42,2,43,73,34,39
l21,0=0,0,0,0,0,0,0,50,76,0,62,6,0,1,63,0,62,0,17,79,78,99,0,77,90,74,80,93,0,0,0,0,68,74,0,0,9,0,68,45,0,0,2,0,64
l22,0=0,0,0,0,0,0,0,42,65,67,73,0,14,57,78,0,78,61,55,89,82,97,77,0,91,65,90,92,0,0,0,47,88,85,0,79,83,63,82,37,65,46,70,57,86
l23,0=0,0,0,0,0,0,0,43,33,20,56,53,22,0,41,0,52,84,85,86,75,86,90,93,0,93,90,77,0,0,0,1,79,77,0,66,1,17,67,30,47,73,77,68,97
l24,0=0,0,1,0,0,0,0,54,46,41,78,41,29,67,86,0,85,45,74,94,76,97,72,53,93,0,90,68,0,0,0,39,33,78,0,41,54,40,55,65,31,1,78,68,64
l25,0=0,0,33,0,0,0,0,42,62,6,73,57,57,0,28,0,75,65,77,93,72,88,81,93,93,93,0,85,0,0,0,0,85,70,0,0,68,55,59,62,30,56,75,68,63
l26,0=0,0,0,0,0,0,0,0,55,14,65,57,47,43,73,0,89,2,76,90,40,98,94,92,91,83,88,0,0,0,23,14,85,83,0,88,64,55,89,82,27,28,77,23,93
l27,0=21,9,0,49,8,9,17,23,14,0,1,3,46,39,48,0,24,86,44,0,17,0,0,0,0,0,0,4,0,0,0,93,35,55,0,51,14,66,65,90,42,30,0,0,7
l28,0=20,12,7,50,8,12,2,0,0,6,0,0,36,30,21,0,20,90,43,33,27,0,0,27,5,27,0,0,0,0,88,0,64,85,0,50,40,70,57,68,92,66,0,16,8
l29,0=0,0,0,0,0,0,0,0,0,0,0,0,0,0,0,0,33,41,0,31,0,65,58,92,72,34,89,74,0,0,69,93,0,96,0,94,94,100,96,97,93,93,0,0,0
l30,0=0,0,0,0,0,0,0,0,0,0,0,0,0,0,0,0,0,42,0,32,0,57,36,86,67,83,74,82,0,0,87,92,99,0,0,94,94,100,96,97,93,93,29,7,10
l31,0=0,0,0,0,0,0,0,0,0,0,0,0,0,0,0,0,0,37,0,49,0,76,29,77,58,39,1,89,0,0,77,71,99,96,0,0,94,100,96,97,93,93,29,0,19
l32,0=0,0,0,0,0,0,0,0,0,0,0,0,0,0,0,0,0,0,0,25,0,78,48,74,24,66,65,66,0,0,26,72,99,96,0,94,0,100,96,97,73,84,42,0,0
l33,0=0,0,0,0,0,0,0,0,0,0,0,0,0,0,0,0,0,41,0,0,0,46,0,70,1,47,66,68,0,0,76,75,99,96,0,94,94,0,90,93,84,0,0,0,0
l34,0=0,0,0,0,0,0,0,0,0,0,0,0,0,0,0,0,0,45,0,45,0,88,50,87,74,60,73,88,0,0,52,31,99,96,0,94,94,96,0,97,93,93,29,3,0
l35,0=0,0,0,0,0,0,0,0,0,0,0,0,0,0,0,0,12,45,0,31,3,26,30,71,41,50,78,80,0,0,88,86,99,96,0,91,92,95,96,0,93,93,8,0,0
l36,0=0,6,0,0,0,12,0,0,0,0,0,0,5,0,23,0,18,53,41,42,20,0,0,50,36,33,28,16,0,0,27,93,75,96,0,87,82,91,96,97,0,93,0,1,0
l37,0=0,0,0,0,0,14,0,0,0,0,0,0,0,0,15,0,3,53,44,45,13,14,0,56,82,14,79,21,0,0,88,93,97,96,0,94,83,36,96,97,93,0,16,0,0
l38,0=0,0,0,0,0,0,0,0,0,0,42,1,0,0,75,0,52,55,53,58,46,62,4,70,85,89,82,51,0,0,0,0,0,55,0,23,23,0,42,4,0,0,0,67,87
l39,0=0,0,0,0,0,0,0,0,7,0,22,0,22,3,57,0,34,31,34,67,67,58,0,70,91,89,89,32,0,0,2,14,0,41,0,0,0,0,4,0,1,0,79,0,98
l40,0=0,0,0,0,0,0,0,0,0,0,0,2,19,0,59,0,26,20,45,54,49,50,44,77,90,79,84,88,0,0,15,5,0,38,0,4,0,0,0,0,0,0,78,67,0
l41,0=0,0,0,0,0,0,0,0,0,33,70,16,0,30,41,0,81,84,89,93,98,62,54,84,91,90,88,84,0,0,45,28,13,30,0,0,0,0,0,1,25,0,79,70,97
l42,0=0,0,0,0,0,0,0,0,0,0,7,0,0,0,65,0,46,45,49,73,51,68,56,87,91,83,88,47,0,0,0,0,0,48,0,0,2,0,49,0,0,0,78,68,65
l43,0=0,0,0,0,0,0,0,0,0,0,34,0,0,0,0,0,16,22,40,64,30,71,61,74,88,86,86,51,0,0,0,0,37,38,0,0,16,0,0,0,0,0,78,68,97
l44,0=0,0,0,0,0,0,0,0,0,0,0,19,0,0,62,0,3,40,49,53,48,70,62,56,88,89,86,59,0,0,0,0,21,0,0,0,0,0,0,0,0,0,76,64,67

l0,1=0,88,87,93,93,98,93,77,81,85,80,88,80,84,50,0,61,27,3,0,0,0,0,0,0,0,0,0,0,0,65,2,0,0,0,0,0,0,0,0,0,0,0,0,0
l1,1=88,0,21,94,92,95,93,59,84,85,63,86,37,86,58,0,33,33,24,48,42,0,0,0,21,0,0,0,0,0,63,15,0,0,0,0,0,0,0,0,0,0,0,0,0
l2,1=93,73,0,93,91,97,92,92,88,67,79,88,76,84,69,0,58,42,12,44,35,0,0,0,0,37,13,0,0,0,0,26,0,0,0,0,0,0,0,0,0,0,0,0,0
l3,1=96,88,21,0,96,92,22,32,86,44,78,86,63,82,60,0,65,29,18,0,23,0,0,0,0,0,0,0,0,0,75,59,0,0,0,0,0,0,0,0,0,0,0,0,0
l4,1=95,88,21,95,0,97,25,73,84,80,68,72,75,81,0,0,0,44,0,0,0,0,0,0,0,0,0,0,0,0,72,0,0,0,0,0,0,0,0,0,0,0,0,0,0
l5,1=94,88,50,84,95,0,93,83,88,77,50,55,74,83,65,0,42,0,23,4,0,0,0,0,0,0,0,0,0,0,71,43,0,0,0,0,0,0,0,0,17,31,0,0,0
l6,1=94,88,88,84,89,97,0,89,87,73,79,85,79,82,58,0,48,19,44,49,43,0,0,0,0,0,0,0,0,0,58,0,0,0,0,0,0,0,0,0,0,0,0,0,0
l7,1=94,88,87,57,92,97,92,0,90,93,81,90,85,87,67,0,76,0,25,39,45,21,20,36,0,57,38,0,0,0,36,0,0,0,0,0,0,0,0,0,0,0,0,24,0
l8,1=87,88,89,91,86,96,92,96,0,93,71,90,71,87,79,0,66,17,52,66,23,28,15,33,26,32,35,0,0,0,20,31,0,0,0,0,0,0,0,0,0,0,0,0,0
l9,1=86,88,32,58,89,90,12,97,90,0,81,91,85,90,82,0,69,43,62,52,46,14,0,0,43,0,18,25,0,0,0,33,0,0,0,0,0,0,0,0,0,0,8,2,0
l10,1=88,81,83,50,36,91,88,81,80,87,0,89,86,89,66,0,77,67,55,78,59,18,25,33,1,76,49,61,0,0,54,0,0,6,0,0,0,0,0,0,0,0,45,46,32
l11,1=88,88,86,79,28,90,89,85,90,95,81,0,86,90,84,0,76,40,62,67,68,0,0,11,30,56,45,0,0,0,0,5,0,0,0,0,0,0,0,0,0,0,0,24,0
l12,1=81,59,86,26,85,88,90,80,77,87,82,91,0,90,86,0,77,61,63,73,74,22,0,30,27,66,34,56,0,0,0,18,0,0,0,0,0,0,0,0,0,0,23,1,13
l13,1=83,88,85,42,78,88,84,92,90,95,82,91,86,0,83,0,76,28,51,59,40,21,20,27,34,46,28,39,0,0,0,31,0,0,0,0,0,0,0,0,0,0,0,0,3
l14,1=45,34,31,20,0,40,33,44,74,69,40,52,82,76,0,0,77,52,73,82,89,26,16,56,35,31,25,31,0,0,66,35,0,0,0,0,0,0,26,0,61,20,66,64,45
l15,1=59,47,32,26,2,46,51,61,73,60,72,89,85,89,91,0,0,39,65,76,81,35,28,56,53,62,39,58,0,0,84,42,0,0,0,0,0,0,0,20,51,16,55,58,19
l16,1=17,30,30,24,19,0,17,0,32,35,34,9,65,51,81,0,8,0,62,82,56,10,0,28,60,36,21,32,0,0,87,88,0,25,0,0,0,0,58,49,82,70,61,59,40
l17,1=4,41,0,0,0,28,34,22,60,67,47,52,77,73,91,0,77,49,0,77,89,13,21,54,53,8,41,48,0,0,71,7,0,0,0,0,0,0,0,1,39,53,60,62,61
l18,1=0,17,12,0,0,7,10,4,56,26,37,33,52,38,89,0,30,84,54,0,89,39,34,45,68,79,76,64,0,0,65,50,1,1,0,0,0,0,57,42,58,62,60,65,46
l19,1=0,27,43,6,0,0,37,33,42,57,46,39,76,61,91,0,67,79,73,82,0,36,33,50,59,59,42,61,0,0,78,69,0,67,0,0,0,0,56,0,79,59,58,67,71
l20,1=0,0,0,0,0,0,0,22,60,36,45,2,57,44,62,0,50,45,46,68,60,0,87,62,60,74,70,78,0,0,6,0,52,58,0,22,60,35,64,40,24,29,59,61,64
l21,1=0,0,0,0,0,0,0,8,49,0,55,0,0,42,54,0,50,0,49,68,56,77,0,62,62,72,74,77,0,0,0,0,0,41,0,0,9,0,59,37,0,0,57,60,0
l22,1=0,0,0,0,0,0,0,21,54,0,43,17,46,40,63,0,46,52,46,54,49,63,68,0,67,25,78,81,0,0,0,7,55,60,0,48,54,28,58,41,31,50,58,62,62
l23,1=0,15,0,0,0,0,0,0,43,52,24,37,49,50,66,0,50,62,50,78,61,62,73,66,0,79,78,74,0,0,0,25,37,16,0,32,17,25,61,31,45,63,71,80,81
l24,1=0,0,48,0,0,0,0,53,49,0,60,55,60,59,67,0,55,56,33,71,63,70,68,10,69,0,78,70,0,0,0,38,15,56,0,0,51,1,54,48,61,67,75,69,78
l25,1=0,0,0,0,0,0,0,13,49,43,52,38,50,42,53,0,50,51,48,77,60,59,68,71,68,79,0,78,0,0,1,7,51,24,0,31,52,13,57,29,29,49,74,78,61
l26,1=0,0,0,0,0,0,0,2,20,38,52,0,51,44,51,0,42,51,45,64,55,78,74,71,59,70,72,0,0,0,0,0,51,63,0,49,54,16,66,41,30,53,63,61,70
l27,1=62,51,0,19,16,51,36,11,0,0,41,0,0,30,50,0,73,82,56,72,59,0,0,0,8,0,0,0,0,0,0,88,53,82,0,59,9,6,78,87,93,90,0,25,0
l28,1=1,29,6,0,0,12,0,0,24,30,3,2,32,16,44,0,28,84,17,77,59,0,0,9,25,53,5,0,0,0,87,0,66,72,0,63,47,12,78,58,93,87,4,19,35
l29,1=0,0,0,0,0,0,0,0,0,0,0,0,0,0,0,0,0,0,0,36,0,54,0,70,45,14,73,69,0,0,49,78,0,87,0,88,90,98,91,91,93,93,0,0,0
l30,1=0,0,0,0,0,0,0,0,0,0,0,0,0,0,0,0,0,44,0,14,54,44,47,65,24,55,34,73,0,0,86,59,76,0,0,88,90,93,91,91,93,95,34,26,2
l31,1=0,0,0,0,0,0,0,0,0,0,0,0,0,0,0,0,0,0,0,0,0,27,0,65,51,0,62,76,0,0,69,69,76,87,0,0,90,98,91,71,93,95,0,0,0
l32,1=0,0,0,0,0,0,0,0,0,0,0,0,0,0,0,0,0,48,0,0,0,55,40,54,36,57,63,64,0,0,27,59,76,87,0,88,0,98,91,91,82,90,0,0,0
l33,1=0,0,0,0,0,0,0,0,0,0,0,0,0,0,0,0,0,5,0,0,0,40,0,50,49,0,46,21,0,0,46,34,76,79,0,88,90,0,91,81,88,71,0,0,0
l34,1=0,0,0,0,0,0,0,0,0,0,0,0,0,0,30,0,0,62,0,55,42,62,32,56,53,41,43,75,0,0,41,72,76,87,0,88,90,95,0,91,93,95,41,33,0
l35,1=0,0,0,0,0,0,0,0,0,0,0,0,0,0,0,0,23,26,0,66,0,25,23,59,38,66,21,59,0,0,87,80,76,87,0,78,90,87,91,0,93,95,0,0,0
l36,1=0,0,0,1,0,28,0,0,0,0,0,0,0,0,38,0,22,82,27,74,64,9,0,39,51,56,20,27,0,0,86,85,76,86,0,85,54,91,88,89,0,94,0,0,0
l37,1=0,0,0,0,0,49,0,0,0,0,0,0,0,0,21,0,36,64,42,77,49,35,19,37,64,69,31,34,0,0,87,86,76,87,0,88,88,82,91,91,93,0,0,0,0
l38,1=0,0,0,0,0,0,0,0,0,0,31,0,30,0,68,0,38,46,44,68,39,54,33,56,57,73,69,64,0,0,0,0,0,16,0,0,0,0,27,0,0,0,0,78,82
l39,1=0,0,0,0,0,0,0,8,0,0,38,6,1,0,70,0,45,54,53,71,69,47,41,62,67,76,76,24,0,0,3,9,0,22,0,0,0,0,24,0,0,0,76,0,83
l40,1=0,0,0,0,0,0,0,0,0,0,19,0,0,0,63,0,32,22,44,58,48,31,0,36,62,70,63,68,0,0,0,10,0,1,0,0,0,0,0,0,0,0,74,75,0
l41,1=0,0,0,0,0,0,0,0,15,46,54,31,41,0,78,0,53,56,52,78,64,53,14,62,68,76,69,70,0,0,17,38,0,0,0,0,0,0,30,7,0,0,77,80,79
l42,1=0,0,0,0,0,0,0,0,0,0,0,0,0,0,58,0,30,43,45,68,0,31,58,61,64,71,76,63,0,0,0,0,0,19,0,0,34,0,28,0,0,33,70,78,83
l43,1=0,0,0,0,0,0,0,0,0,0,12,0,0,0,58,0,27,40,0,49,35,43,44,60,60,67,69,40,0,0,0,0,36,11,0,6,0,0,42,0,0,0,71,71,80
l44,1=0,0,0,0,0,0,0,0,0,0,0,0,29,24,58,0,0,46,44,57,51,33,64,58,60,69,68,67,0,0,0,0,1,0,0,0,0,0,38,0,0,0,72,69,82

l0,2=0,91,84,89,91,89,95,74,72,54,77,82,80,86,0,0,30,15,6,2,0,0,0,0,0,0,0,0,0,0,63,45,0,0,0,0,0,0,0,0,0,0,0,0,0
l1,2=89,0,85,80,94,89,96,73,85,78,73,81,85,86,50,0,59,62,68,11,29,0,0,0,0,0,0,0,0,0,66,0,0,0,0,0,0,0,0,0,0,0,0,0,0
l2,2=87,89,0,83,85,85,95,81,88,84,81,81,85,86,55,0,28,64,18,25,0,0,0,0,0,28,0,0,0,0,52,43,0,0,0,0,0,0,0,0,0,0,0,0,0
l3,2=94,91,85,0,94,55,85,58,88,32,73,68,84,87,31,0,0,5,67,1,0,0,0,0,0,0,0,0,0,0,57,0,0,0,0,0,0,0,0,0,0,0,0,0,0
l4,2=89,91,79,89,0,89,85,66,84,52,72,75,78,78,48,0,24,0,1,0,0,0,0,0,0,0,0,0,0,0,61,24,0,0,0,0,0,0,0,0,0,0,0,0,0
l5,2=90,91,83,80,94,0,96,71,86,49,77,62,85,86,57,0,49,2,67,11,14,0,0,0,0,0,0,0,0,0,73,0,0,0,0,0,0,0,0,0,2,0,0,0,0
l6,2=90,90,85,82,93,88,0,83,87,54,76,79,85,87,46,0,69,56,66,0,42,1,0,0,0,3,0,0,0,0,60,45,0,0,0,0,0,0,0,0,0,0,0,0,0
l7,2=91,88,84,78,86,84,96,0,89,91,81,84,85,89,56,0,70,0,76,5,48,15,16,26,0,53,26,0,0,0,0,0,0,0,0,0,0,0,0,0,0,0,0,0,0
l8,2=56,84,86,82,83,84,91,84,0,88,78,81,85,89,74,0,70,6,80,43,1,3,29,48,0,36,27,29,0,0,35,25,0,0,0,0,0,0,0,0,0,0,0,0,0
l9,2=85,83,83,64,87,86,88,84,87,0,84,84,86,91,75,0,68,72,83,19,40,19,0,10,45,17,41,7,0,0,12,32,0,0,0,0,0,0,0,0,0,0,0,28,0
l10,2=75,66,83,66,58,86,70,46,74,86,0,82,86,89,53,0,72,64,83,63,78,0,31,32,27,60,43,34,0,0,25,14,0,0,0,0,0,0,0,0,25,0,38,15,2
l11,2=83,81,82,68,69,75,84,85,87,91,82,0,86,91,72,0,71,52,81,19,66,33,29,0,11,56,40,4,0,0,49,20,0,0,0,0,0,0,0,0,0,0,7,23,0
l12,2=59,76,85,68,71,87,86,50,83,85,84,84,0,91,70,0,72,60,83,55,67,0,30,18,40,42,29,45,0,0,50,5,0,0,0,0,0,0,0,0,21,4,13,25,0
l13,2=84,81,78,69,61,84,84,72,86,91,83,84,86,0,67,0,70,60,66,14,55,0,0,19,10,26,0,0,0,0,37,31,0,0,0,0,0,0,0,0,0,0,0,0,0
l14,2=0,27,51,27,38,65,50,37,70,75,72,65,64,62,0,0,72,73,87,67,89,31,28,57,50,67,62,8,0,0,57,62,0,0,0,0,0,0,20,33,39,0,65,61,47
l15,2=11,30,42,0,19,44,81,64,80,67,84,82,86,88,85,0,0,62,81,62,75,42,50,50,45,58,51,50,0,0,75,58,0,0,0,0,0,0,0,20,31,19,52,38,0
l16,2=28,32,38,1,0,48,42,0,0,62,78,34,43,23,69,0,67,0,82,68,87,2,0,0,63,64,49,5,0,0,91,79,1,27,0,0,0,0,0,47,63,66,38,43,17
l17,2=0,36,0,38,5,64,65,46,56,63,84,82,86,43,85,0,56,67,0,61,89,33,36,49,60,17,17,44,0,0,63,46,0,0,0,0,0,0,0,14,35,0,48,33,55
l18,2=0,22,51,0,0,50,0,28,35,49,58,15,39,27,75,0,52,92,62,0,89,66,38,51,77,65,69,49,0,0,60,51,1,26,0,1,1,0,46,22,21,41,61,52,37
l19,2=0,14,0,0,0,0,54,30,4,48,69,28,56,35,85,0,72,92,87,68,0,41,0,53,71,72,61,67,0,0,73,66,0,13,0,0,0,0,2,0,50,18,62,59,47
l20,2=0,0,0,0,0,0,0,0,0,0,0,22,10,0,46,0,35,25,59,55,37,0,86,68,69,74,62,83,0,0,0,0,46,40,0,42,0,47,44,35,14,37,61,49,69
l21,2=0,0,0,0,0,0,0,0,5,0,24,15,13,0,35,0,37,0,36,46,0,74,0,71,73,72,61,77,0,0,0,0,0,27,0,0,18,0,0,0,0,0,60,67,27
l22,2=0,0,0,0,0,0,0,24,14,7,3,9,10,2,49,0,34,0,56,46,30,70,63,0,73,70,69,83,0,0,17,0,46,53,0,61,47,39,49,46,42,0,62,64,7
l23,2=0,0,0,0,0,0,0,13,6,45,42,5,36,22,48,0,35,50,61,66,40,66,66,72,0,82,69,72,0,0,0,33,44,47,0,50,44,38,50,6,58,48,74,78,79
l24,2=0,0,41,0,0,0,1,31,2,38,59,24,39,23,51,0,37,47,32,58,45,69,67,63,77,0,69,67,0,0,27,40,36,31,0,12,30,32,0,42,62,45,74,71,77
l25,2=0,0,0,0,0,0,0,25,11,38,49,15,14,0,49,0,36,30,38,62,42,64,60,80,77,82,0,67,0,0,12,31,23,46,0,41,48,14,35,33,51,18,72,71,77
l26,2=0,0,0,0,0,0,0,0,13,46,49,0,21,17,29,0,28,17,50,52,42,74,76,80,73,76,64,0,0,0,0,0,52,54,0,72,44,40,66,1,45,36,72,68,73
l27,2=60,66,48,55,67,79,69,0,27,0,46,46,50,31,62,0,67,87,81,63,76,0,0,17,3,30,11,0,0,0,0,81,47,79,0,58,18,51,70,82,95,80,33,37,0
l28,2=21,0,56,0,8,5,61,0,52,32,37,34,31,2,56,0,62,87,75,61,71,0,0,0,26,54,43,0,0,0,91,0,55,71,0,62,44,20,72,68,95,89,0,28,4
l29,2=0,0,0,0,0,0,0,0,0,0,0,0,0,0,0,0,0,16,0,0,0,61,0,80,63,54,51,82,0,0,47,74,0,83,0,97,91,100,90,87,95,94,0,24,0
l30,2=0,0,0,0,0,0,0,0,0,0,0,0,0,0,0,0,0,44,0,36,24,39,23,74,48,41,56,79,0,0,80,79,71,0,0,97,91,100,90,87,95,95,41,29,0
l31,2=0,0,0,0,0,0,0,0,0,0,0,0,0,0,0,0,0,0,0,6,0,46,0,69,64,47,53,78,0,0,54,66,71,83,0,0,91,100,90,86,95,95,52,0,0
l32,2=0,0,0,0,0,0,0,0,0,0,0,0,0,0,0,0,0,0,0,0,0,0,47,74,62,56,60,68,0,0,47,50,71,83,0,97,0,100,90,87,0,92,51,0,0
l33,2=0,0,0,0,0,0,0,0,0,0,0,0,0,0,0,0,0,0,0,0,0,48,0,44,60,49,0,48,0,0,66,6,71,83,0,97,91,0,90,85,94,88,0,0,0
l34,2=0,0,0,0,0,0,0,0,0,0,0,0,0,0,22,0,0,0,0,40,5,37,0,68,51,0,43,80,0,0,79,81,71,83,0,97,91,88,0,87,95,95,46,41,0
l35,2=0,0,0,0,0,0,0,0,0,0,0,0,0,0,34,0,24,38,33,37,0,29,0,59,0,50,41,0,0,0,87,69,71,83,0,87,90,91,90,0,95,95,0,0,0
l36,2=0,0,0,0,0,17,0,0,0,0,40,0,25,0,49,0,53,76,68,50,76,3,14,49,53,65,58,50,0,0,91,79,61,81,0,89,0,80,88,87,0,95,0,0,0
l37,2=0,0,0,0,0,0,0,0,0,0,0,0,30,0,24,0,27,81,40,64,33,36,10,0,71,69,38,38,0,0,89,80,69,82,0,93,85,79,90,87,95,0,46,42,0
l38,2=0,0,0,0,0,0,0,0,0,0,22,6,5,0,42,0,25,29,39,40,36,19,24,58,69,70,59,60,0,0,2,0,0,2,0,20,1,0,12,0,0,11,0,78,78
l39,2=0,0,0,0,0,0,0,0,0,16,11,12,4,0,54,0,14,42,33,56,40,23,45,51,76,62,65,47,0,0,3,7,7,3,0,0,0,0,19,0,0,0,79,0,84
l40,2=0,0,0,0,0,0,0,0,0,0,1,0,0,0,39,0,1,17,49,37,19,61,13,2,71,63,60,44,0,0,0,0,0,0,0,0,0,0,0,0,0,0,76,77,0
l41,2=0,0,0,0,0,0,0,0,1,0,57,7,1,30,56,0,36,52,61,63,42,46,36,57,73,76,63,53,0,0,29,33,0,0,0,0,0,0,36,8,23,2,80,75,78
l42,2=0,0,0,0,0,0,0,0,0,0,0,0,0,0,13,0,6,26,35,54,21,6,57,60,76,69,68,47,0,0,0,0,16,21,0,0,1,20,6,1,0,1,77,78,83
l43,2=0,0,0,0,0,0,0,0,0,0,0,0,0,0,43,0,12,0,34,24,23,61,22,54,68,69,60,56,0,0,0,0,14,3,0,3,0,0,21,0,0,0,72,69,78
l44,2=0,0,0,0,0,0,0,0,0,0,0,0,0,0,31,0,0,13,17,19,27,18,59,57,71,69,59,62,0,0,0,0,0,24,0,0,0,8,19,0,0,0,73,68,78

l0,3=0,97,88,94,55,94,91,97,88,92,79,59,49,66,53,0,61,42,1,0,0,0,0,0,0,0,0,0,0,0,0,0,0,0,0,0,0,0,0,0,0,0,0,0,0
l1,3=87,0,96,91,97,93,95,91,93,80,92,61,51,51,1,0,80,43,49,47,62,0,0,0,53,0,2,0,0,0,61,28,0,0,0,0,0,0,0,0,0,0,0,0,0
l2,3=81,95,0,89,91,91,93,95,95,91,91,92,86,94,86,0,84,51,0,77,0,0,0,0,0,0,0,0,0,0,28,19,0,0,0,0,0,0,0,0,0,0,0,0,0
l3,3=54,94,98,0,95,93,87,97,94,53,92,54,53,53,18,0,86,3,13,54,30,0,0,0,0,0,0,0,0,0,36,0,0,0,0,0,0,0,0,0,0,0,0,0,0
l4,3=40,95,96,94,0,94,93,90,94,88,71,62,50,57,61,0,81,0,47,0,0,0,0,0,0,0,0,0,0,0,16,10,0,0,0,0,0,0,0,0,47,0,0,0,0
l5,3=46,95,93,64,97,0,93,97,94,80,93,62,53,57,78,0,66,0,49,65,0,0,0,0,0,0,0,0,0,0,68,33,0,0,0,0,0,0,0,0,0,0,0,0,0
l6,3=54,95,96,55,69,93,0,96,94,91,89,61,52,66,85,0,85,52,54,4,21,0,0,0,0,13,0,0,0,0,41,31,0,0,0,0,0,0,0,0,0,0,0,0,0
l7,3=83,90,96,85,90,91,89,0,95,94,91,94,88,94,91,0,89,48,55,74,55,11,0,76,51,74,70,0,0,0,0,1,0,0,0,0,0,0,0,0,0,0,0,0,0
l8,3=48,91,98,85,91,91,87,95,0,91,91,94,88,94,94,0,85,50,62,86,69,1,74,64,31,36,59,59,0,0,39,21,0,0,0,0,0,0,0,0,0,0,0,23,0
l9,3=82,91,96,46,87,91,87,97,91,0,92,94,88,95,89,0,90,57,86,73,69,4,0,52,71,36,38,30,0,0,48,19,0,0,0,0,0,0,0,0,0,0,0,0,0
l10,3=69,90,93,66,44,92,79,88,81,89,0,91,90,95,93,0,90,75,92,83,85,73,45,73,59,83,81,72,0,0,15,66,0,0,0,0,0,0,0,0,0,0,23,24,0
l11,3=47,87,93,49,85,91,87,97,92,96,93,0,90,95,90,0,89,58,85,79,84,61,56,55,64,77,63,47,0,0,68,27,0,0,0,0,0,0,0,0,0,0,0,32,0
l12,3=67,84,87,66,79,92,87,90,87,92,95,94,0,96,90,0,90,63,84,52,76,21,46,48,70,68,68,62,0,0,42,12,0,0,0,0,0,0,0,0,34,33,0,14,0
l13,3=82,90,96,62,91,91,87,95,91,95,92,94,90,0,90,0,90,79,74,58,58,41,1,69,59,62,0,0,0,0,37,4,0,0,0,0,0,0,0,0,0,0,1,0,0
l14,3=31,36,77,30,65,78,75,83,90,80,94,91,90,91,0,0,90,91,95,90,95,66,56,68,65,81,86,46,0,0,53,73,0,0,0,0,0,0,0,58,29,0,64,73,75
l15,3=37,76,81,59,73,55,85,90,77,82,95,92,90,94,96,0,0,78,91,85,92,76,72,72,76,78,81,56,0,0,75,74,0,32,0,0,0,0,0,0,47,2,48,65,0
l16,3=39,69,73,4,0,2,87,63,54,71,81,74,76,83,97,0,84,0,82,95,96,50,0,49,57,81,85,56,0,0,92,93,0,67,0,0,0,0,66,77,79,16,46,66,3
l17,3=0,67,5,5,66,76,70,72,77,85,95,85,86,67,97,0,90,75,0,93,94,62,58,72,83,71,63,0,0,0,67,67,0,0,0,0,0,0,0,0,64,40,37,57,53
l18,3=0,5,56,23,2,54,5,57,77,75,83,75,73,51,85,0,85,95,92,0,96,77,78,71,94,93,92,79,0,0,73,68,0,56,0,6,0,32,61,44,68,68,49,72,69
l19,3=0,59,0,6,46,1,29,66,75,62,87,83,84,71,97,0,90,95,95,95,0,76,65,76,88,85,79,79,0,0,80,78,49,40,0,0,0,0,26,0,77,0,61,81,62
l20,3=0,0,0,0,0,0,0,0,2,0,44,41,25,17,52,0,69,37,52,78,71,0,97,84,65,90,80,90,0,0,0,0,86,61,0,10,62,58,61,20,0,0,63,76,79
l21,3=0,0,0,0,0,0,0,0,61,0,28,51,50,0,51,0,66,0,63,76,59,94,0,88,92,90,92,90,0,0,0,0,0,47,0,57,0,33,0,0,0,0,66,87,50
l22,3=0,0,0,0,0,0,0,57,11,12,16,37,40,54,46,0,62,43,59,69,61,89,61,0,87,90,94,91,0,0,32,0,67,73,0,60,77,45,71,28,45,55,62,66,37
l23,3=0,19,0,0,0,0,0,25,43,62,28,53,65,53,40,0,73,58,86,94,86,29,74,89,0,94,94,89,0,0,12,48,74,54,0,59,64,39,48,50,55,71,70,89,87
l24,3=0,0,0,0,0,0,0,60,40,62,72,67,64,49,70,0,69,67,57,88,78,88,54,86,94,0,92,80,0,0,0,41,62,61,0,50,48,52,58,60,63,73,61,84,81
l25,3=0,0,0,0,0,0,0,56,39,47,63,58,68,12,77,0,73,70,49,87,65,85,63,92,94,93,0,86,0,0,31,50,61,69,0,65,76,0,52,23,64,46,66,84,81
l26,3=0,0,0,0,0,0,0,0,44,38,34,46,67,20,16,0,39,49,49,78,77,94,90,92,88,89,84,0,0,0,0,0,83,81,0,84,73,45,72,53,48,50,58,73,78
l27,3=17,78,43,26,62,79,0,0,66,54,7,79,69,42,65,0,82,88,76,88,88,0,0,49,35,0,46,0,0,0,0,93,77,89,0,12,65,63,89,87,90,92,32,36,0
l28,3=0,70,70,0,56,64,59,0,53,47,76,66,18,15,82,0,80,94,72,83,79,6,0,0,53,46,70,0,0,0,92,0,88,93,0,58,77,73,91,92,90,93,20,19,0
l29,3=0,0,0,0,0,0,0,0,0,0,0,0,0,0,0,0,0,0,0,0,35,90,10,87,81,72,64,87,0,0,79,88,0,99,0,99,99,100,95,97,83,100,27,0,43
l30,3=0,0,0,0,0,0,0,0,0,0,0,0,0,0,0,0,25,74,0,70,2,73,57,92,61,70,79,87,0,0,86,93,100,0,0,99,99,100,95,97,90,100,43,0,61
l31,3=0,0,0,0,0,0,0,0,0,0,0,0,0,0,0,0,0,0,0,52,0,25,71,79,79,53,84,89,0,0,49,68,100,99,0,0,99,100,95,97,90,100,45,64,27
l32,3=0,0,0,0,0,0,0,0,0,0,0,0,0,0,0,0,0,0,0,4,0,81,5,92,85,53,89,84,0,0,73,87,100,99,0,99,0,100,95,97,89,100,1,0,0
l33,3=0,0,0,0,0,0,0,0,0,0,0,0,0,0,0,0,0,0,0,3,0,77,11,71,28,54,0,36,0,0,39,73,100,99,0,99,99,0,95,97,90,91,0,0,0
l34,3=0,0,0,0,0,0,0,0,0,0,0,0,0,0,0,0,0,69,0,76,40,73,0,82,53,62,73,74,0,0,89,91,100,99,0,99,99,96,0,97,90,100,0,0,0
l35,3=0,0,0,0,0,0,0,0,0,0,0,0,0,0,44,0,0,74,0,65,0,30,0,61,66,72,59,69,0,0,90,93,99,99,0,99,99,100,95,0,90,100,0,11,0
l36,3=0,0,0,0,54,21,0,0,0,0,0,0,48,0,23,0,44,80,75,82,86,0,9,57,70,74,80,53,0,0,92,92,86,99,0,94,80,87,95,97,0,100,0,0,0
l37,3=0,0,0,0,0,42,0,0,0,0,0,0,53,0,0,0,45,0,52,81,0,0,0,68,81,82,66,60,0,0,92,93,100,99,0,99,99,82,95,97,90,0,0,51,0
l38,3=0,0,0,0,0,0,0,0,0,0,5,0,1,0,53,0,43,42,14,52,65,60,27,66,81,70,76,44,0,0,16,1,7,34,0,13,0,0,0,0,0,0,0,85,87
l39,3=0,0,0,0,0,0,0,0,48,0,29,52,38,0,57,0,50,58,52,64,72,60,48,67,75,81,76,65,0,0,18,7,0,0,0,23,0,0,0,0,0,1,70,0,87
l40,3=0,0,0,0,0,0,0,0,0,0,0,0,0,0,64,0,0,1,35,62,38,69,15,22,83,84,75,66,0,0,0,0,8,30,0,0,0,0,0,0,0,0,70,89,0
l41,3=0,0,0,0,0,0,0,0,0,0,29,39,61,64,67,0,66,78,72,85,72,63,0,77,92,90,84,43,0,0,29,48,50,0,0,0,3,0,15,0,14,0,70,84,82
l42,3=0,0,0,0,0,0,0,0,0,0,7,0,0,1,33,0,36,32,56,67,63,59,46,14,87,87,80,61,0,0,0,0,47,29,0,24,0,38,1,0,0,0,70,87,83
l43,3=0,0,0,0,0,0,0,0,0,0,1,0,0,0,35,0,14,30,46,60,53,79,23,72,81,84,80,74,0,0,0,0,55,52,0,0,0,0,37,1,0,0,67,77,83
l44,3=0,0,0,0,0,0,0,0,0,0,0,0,0,0,29,0,3,50,15,68,40,48,46,42,83,86,80,63,0,0,0,0,43,41,0,0,0,0,38,0,0,0,67,75,83

l0,4=0,94,90,98,87,86,85,92,82,96,74,51,56,79,54,0,55,37,38,0,0,0,0,0,0,0,0,0,0,0,46,52,0,0,0,0,0,0,0,0,0,1,0,0,0
l1,4=90,0,92,96,87,91,89,90,82,96,82,85,54,90,0,0,13,76,0,59,4,0,0,0,59,0,0,0,0,0,40,0,0,0,0,0,0,0,0,0,50,0,0,0,0
l2,4=87,92,0,89,84,82,84,91,85,96,82,85,70,89,49,0,52,72,11,60,25,13,0,0,0,0,0,0,0,0,0,72,0,0,0,0,0,0,0,0,0,0,0,0,0
l3,4=95,88,21,0,98,95,82,59,87,91,69,14,59,58,42,0,55,0,31,34,15,0,0,0,0,0,0,0,0,0,49,70,0,0,0,0,0,0,0,0,0,0,0,0,0
l4,4=83,80,52,98,0,94,84,56,82,95,74,51,58,55,19,0,53,0,42,0,0,0,0,0,0,0,0,0,0,0,0,73,0,0,0,0,0,0,0,0,0,0,0,0,0
l5,4=84,90,20,88,93,0,89,59,82,96,74,51,72,55,43,0,45,72,31,38,24,0,0,0,0,0,0,0,0,0,57,45,0,0,0,0,0,0,0,0,0,1,0,0,0
l6,4=80,92,22,22,84,84,0,55,83,96,74,52,59,55,56,0,55,73,43,0,42,0,0,0,0,54,0,0,0,0,45,65,0,0,0,0,0,0,0,0,0,0,0,0,0
l7,4=86,86,81,89,84,83,82,0,84,96,81,87,56,88,87,0,84,0,72,77,64,52,0,59,14,68,62,38,0,0,0,0,0,0,0,0,0,0,0,0,0,0,0,0,0
l8,4=86,86,91,89,83,67,82,95,0,96,60,89,58,92,88,0,55,24,62,77,55,49,0,55,62,1,53,17,0,0,19,0,0,0,0,0,0,0,0,0,0,0,0,69,0
l9,4=85,85,81,11,79,82,85,94,87,0,83,87,57,93,89,0,84,72,72,54,62,0,0,53,64,63,0,18,0,0,46,5,0,0,0,0,0,0,0,0,0,0,0,0,4
l10,4=67,75,70,67,78,84,71,74,68,92,0,73,79,90,89,0,87,65,72,67,68,50,18,62,64,71,58,18,0,0,0,64,0,0,0,0,0,0,0,0,0,0,0,71,1
l11,4=75,86,80,31,76,84,84,94,87,99,75,0,82,93,59,0,86,0,71,74,64,0,26,60,65,66,58,21,0,0,10,65,0,0,0,0,0,0,0,0,0,0,0,70,0
l12,4=76,63,82,78,74,82,81,84,87,95,84,89,0,93,91,0,88,75,67,75,72,0,37,64,69,67,60,69,0,0,0,64,0,0,0,0,0,0,0,0,0,0,31,73,53
l13,4=86,86,80,84,84,81,83,90,87,99,84,88,70,0,91,0,82,76,71,68,71,57,0,63,66,66,52,39,0,0,36,0,0,0,0,0,0,0,0,0,0,0,0,69,0
l14,4=46,22,14,40,42,53,70,74,77,81,75,74,53,73,0,0,88,91,84,76,84,55,0,58,65,75,66,62,0,0,74,64,0,0,0,0,0,0,0,57,59,49,72,77,77
l15,4=68,0,61,69,61,62,73,76,78,92,83,85,65,71,92,0,0,78,77,79,77,67,65,66,68,67,56,65,0,0,81,68,0,58,0,0,0,0,0,0,73,9,67,73,70
l16,4=34,0,38,0,0,57,62,9,48,67,63,0,65,73,93,0,89,0,76,87,89,37,0,0,66,74,63,0,0,0,97,98,0,74,0,0,0,0,73,75,81,69,72,74,55
l17,4=49,0,45,44,47,48,58,62,77,81,79,75,40,69,93,0,89,87,0,75,67,0,48,56,72,68,49,47,0,0,75,58,0,0,0,0,0,0,0,0,68,47,53,65,61
l18,4=1,36,59,49,0,47,0,75,77,48,66,74,55,51,82,0,81,87,71,0,89,68,75,65,78,83,77,75,0,0,81,73,24,51,0,34,0,0,55,61,72,51,62,80,70
l19,4=0,0,0,0,0,49,48,63,54,62,73,60,64,73,93,0,89,93,68,87,0,63,52,64,82,69,57,71,0,0,80,66,21,45,0,0,0,0,51,39,69,50,67,79,64
l20,4=0,0,10,0,0,0,0,32,39,0,43,0,0,44,60,0,77,38,0,69,53,0,93,76,80,87,79,86,0,0,0,0,87,66,0,0,41,59,69,45,0,43,59,79,60
l21,4=0,0,0,0,0,0,0,0,0,0,15,51,49,0,0,0,75,0,53,76,63,96,0,78,78,85,79,86,0,0,0,0,0,0,0,61,0,0,65,0,0,0,58,74,70
l22,4=0,0,0,0,0,0,0,40,48,47,46,41,29,40,49,0,50,0,40,56,41,69,63,0,86,90,89,86,0,0,0,0,41,72,0,43,71,51,58,42,48,45,41,66,52
l23,4=0,7,0,0,0,0,0,10,48,50,56,46,45,48,56,0,62,54,56,86,63,67,56,86,0,93,89,72,0,0,50,0,46,52,0,44,51,49,52,62,12,55,65,80,75
l24,4=0,0,0,0,0,0,29,62,30,50,70,50,42,51,73,0,66,65,60,69,58,75,70,80,87,0,84,73,0,0,47,3,34,49,0,31,40,43,43,66,48,49,56,77,76
l25,4=0,0,0,0,0,0,0,55,51,0,57,46,46,44,58,0,53,61,40,71,47,59,57,86,87,92,0,71,0,0,0,0,59,62,0,42,49,54,53,57,61,25,53,84,62
l26,4=0,0,0,0,0,0,0,43,45,54,43,47,47,50,56,0,55,12,42,76,71,95,90,86,82,86,82,0,0,0,16,28,54,66,0,61,68,56,54,60,56,41,69,43,65
l27,4=62,20,0,0,0,77,53,0,12,59,0,29,0,19,86,0,86,93,69,72,71,0,0,0,55,36,0,0,0,0,0,97,62,64,0,50,59,0,69,93,100,100,1,6,0
l28,4=63,3,9,78,81,0,57,0,2,0,75,76,44,0,88,0,88,93,80,87,86,0,0,0,0,18,0,4,0,0,97,0,49,99,0,78,89,87,89,93,100,100,3,65,0
l29,4=0,0,0,0,0,0,0,0,0,0,0,0,0,0,0,0,0,0,0,46,1,87,0,78,75,67,85,83,0,0,89,62,0,99,0,100,97,100,100,94,99,100,41,49,0
l30,4=0,0,0,0,0,0,0,0,0,0,0,0,0,0,0,0,42,74,0,44,23,77,0,84,63,70,82,83,0,0,69,97,96,0,0,100,97,100,100,94,100,100,53,19,48
l31,4=0,0,0,0,0,0,0,0,0,0,0,0,0,0,0,0,0,0,0,58,25,0,74,84,84,73,82,86,0,0,76,96,96,99,0,0,97,100,100,94,100,100,15,66,38
l32,4=0,0,0,0,0,0,0,0,0,0,0,0,0,0,0,0,0,0,0,0,0,57,0,85,77,78,80,85,0,0,74,86,96,99,0,100,0,100,100,94,99,100,1,0,0
l33,4=0,0,0,0,0,0,0,0,0,0,0,0,0,0,0,0,0,0,0,0,0,87,0,80,76,20,80,70,0,0,0,85,96,99,0,100,97,0,100,94,100,93,0,0,0
l34,4=0,0,0,0,0,0,0,0,0,0,0,0,0,0,0,0,0,85,0,60,51,78,48,78,71,72,65,68,0,0,94,93,96,99,0,100,97,100,0,94,100,100,40,0,37
l35,4=0,0,0,0,0,0,0,0,0,0,0,0,0,0,74,0,0,85,0,62,48,61,0,4,82,76,72,72,0,0,97,98,96,99,0,100,97,100,100,0,100,100,0,16,0
l36,4=0,2,0,0,0,0,0,0,0,0,0,0,0,0,59,0,72,85,66,64,69,0,0,51,0,70,67,59,0,0,97,98,87,99,0,93,95,87,100,94,0,100,1,0,0
l37,4=11,0,0,0,0,29,0,0,0,0,0,0,0,0,67,0,57,85,50,63,69,55,0,78,79,76,40,55,0,0,97,98,96,99,0,100,97,83,100,94,100,0,0,3,54
l38,4=0,0,0,0,0,0,0,0,0,0,0,0,7,0,66,0,52,53,36,62,43,51,39,0,80,59,46,58,0,0,0,0,15,47,0,1,0,0,28,0,0,0,0,90,87
l39,4=0,0,0,0,0,0,0,0,44,0,50,34,30,26,67,0,59,50,54,66,60,61,39,66,69,74,66,33,0,0,0,30,25,0,0,25,0,0,0,31,0,0,68,0,76
l40,4=0,0,0,0,0,0,0,0,0,0,0,0,20,0,61,0,42,42,37,58,46,55,43,49,79,72,51,52,0,0,0,0,0,33,0,0,0,0,14,0,0,2,84,90,0
l41,4=0,0,0,0,0,0,0,0,0,35,47,39,35,47,63,0,51,68,53,62,55,49,39,62,78,75,77,46,0,0,49,46,38,0,0,0,0,0,38,0,49,0,79,86,70
l42,4=0,0,0,0,0,0,0,0,0,0,42,0,0,0,57,0,37,45,41,62,47,59,55,62,72,78,56,51,0,0,0,0,23,0,0,34,14,1,40,0,0,0,66,79,77
l43,4=0,0,0,0,0,0,0,0,0,0,17,0,0,0,52,0,7,46,33,53,46,58,44,57,64,76,72,52,0,0,5,0,36,50,0,0,37,0,0,6,0,0,82,85,87
l44,4=0,0,0,0,0,0,0,0,0,0,0,0,0,0,57,0,43,39,39,57,44,56,46,54,80,74,64,46,0,0,0,0,35,51,0,0,0,0,38,0,0,1,83,74,86

l0,5=0,91,88,96,91,86,91,89,93,88,71,89,86,90,35,0,0,19,0,0,0,0,0,0,0,0,0,0,0,0,77,0,0,0,0,0,0,0,0,0,0,0,0,0,0
l1,5=92,0,88,96,90,86,93,89,93,79,81,86,86,90,51,0,32,17,9,24,0,0,0,0,0,0,0,0,0,0,63,0,0,0,0,0,0,0,0,0,15,0,0,0,0
l2,5=92,91,0,94,90,86,91,89,95,82,69,89,86,90,60,0,23,9,9,5,0,0,0,0,11,0,9,0,0,0,27,42,0,0,0,0,0,0,0,0,0,0,0,0,0
l3,5=94,92,88,0,93,86,91,89,93,83,70,89,57,77,64,0,63,18,3,0,0,0,0,0,0,0,0,0,0,0,54,23,0,7,0,0,0,0,0,0,0,0,0,0,0
l4,5=94,91,88,97,0,86,93,89,93,86,68,85,81,90,0,0,61,19,3,37,0,0,0,0,0,0,0,0,0,0,52,29,0,0,0,0,0,0,0,0,0,0,0,0,0
l5,5=94,92,88,95,93,0,93,89,93,88,82,89,73,90,69,0,61,13,4,36,16,0,0,0,0,1,0,0,0,0,85,28,0,0,0,0,0,0,0,0,9,1,0,0,0
l6,5=89,92,88,81,90,86,0,89,88,88,80,87,86,85,74,0,64,0,41,42,7,0,0,0,11,20,0,0,0,0,50,31,0,0,0,0,0,0,0,0,0,0,0,0,0
l7,5=89,88,86,78,85,84,92,0,95,89,60,90,87,90,74,0,75,0,69,70,0,0,0,0,0,52,22,25,0,0,0,0,0,0,0,0,0,0,0,0,0,0,0,0,0
l8,5=92,92,90,76,93,68,76,92,0,89,76,90,87,91,72,0,82,22,24,66,32,0,51,68,24,21,30,50,0,0,0,2,0,0,0,0,0,0,0,0,0,0,0,1,0
l9,5=89,77,75,69,74,84,91,87,90,0,82,90,86,90,72,0,75,14,68,16,17,0,0,3,31,28,22,30,0,0,39,0,0,0,0,0,0,0,0,0,0,0,3,12,0
l10,5=70,79,56,34,50,73,67,21,33,75,0,82,88,85,87,0,83,32,34,40,64,13,29,69,41,25,22,54,0,0,65,47,0,0,0,0,0,0,0,0,0,6,33,36,12
l11,5=77,79,77,71,74,73,81,89,94,88,73,0,88,90,51,0,80,26,61,34,34,0,0,69,34,16,20,35,0,0,43,42,0,0,0,0,0,0,0,0,0,0,0,2,0
l12,5=77,82,88,8,72,57,91,84,94,88,83,90,0,90,84,0,83,42,33,37,63,6,31,47,43,25,40,62,0,0,68,21,0,0,0,0,0,0,0,0,0,0,26,38,36
l13,5=77,83,81,17,74,81,81,87,89,88,82,90,88,0,75,0,75,63,40,61,50,13,0,69,47,39,19,49,0,0,68,34,0,0,0,0,0,0,0,0,0,0,0,41,0
l14,5=1,1,39,0,0,35,53,28,26,68,79,41,85,84,0,0,83,87,78,55,83,16,38,70,43,27,24,23,0,0,82,53,0,0,0,0,0,0,0,21,31,9,17,46,51
l15,5=0,52,43,25,53,49,68,25,25,68,81,86,85,71,85,0,0,51,74,42,71,17,36,70,42,25,19,56,0,0,29,54,0,0,0,0,0,0,1,0,33,16,32,40,36
l16,5=37,59,0,34,53,48,0,0,18,27,55,51,65,64,89,0,45,0,38,47,45,9,0,72,55,28,23,0,0,0,91,77,0,2,0,0,0,0,22,30,45,35,24,10,7
l17,5=13,44,12,18,15,35,57,24,14,70,50,64,56,55,90,0,81,40,0,39,77,16,24,69,42,26,22,0,0,0,91,44,0,0,0,0,0,0,0,9,9,6,38,44,44
l18,5=0,48,0,0,24,36,32,37,31,3,50,31,32,36,63,0,63,82,27,0,83,37,34,80,78,74,67,67,0,0,71,57,4,0,0,12,6,0,32,22,57,3,21,69,56
l19,5=0,0,0,0,0,32,0,0,15,43,68,45,70,56,86,0,81,82,75,83,0,19,4,74,81,31,17,67,0,0,78,68,0,0,0,0,0,0,15,17,31,28,36,42,38
l20,5=0,0,0,0,0,0,0,1,4,4,21,0,22,22,22,0,62,6,21,63,40,0,91,90,83,77,68,83,0,0,0,0,56,48,0,21,47,27,67,12,9,23,65,73,18
l21,5=0,0,0,0,0,0,0,0,33,0,18,0,27,0,55,0,58,0,31,60,14,89,0,72,76,78,64,83,0,0,0,0,20,0,0,16,0,0,18,0,0,0,66,14,37
l22,5=0,0,0,0,0,0,0,3,32,0,27,23,16,21,24,0,42,20,28,62,39,83,29,0,86,79,79,83,0,0,25,0,23,59,0,5,64,22,36,24,29,21,66,77,37
l23,5=0,0,0,0,0,0,0,0,4,28,44,31,48,39,54,0,63,50,25,68,68,66,64,95,0,80,81,75,0,0,17,0,10,13,0,47,33,8,6,49,21,50,68,74,63
l24,5=0,0,0,0,0,14,18,53,16,29,47,17,31,30,42,0,51,25,53,64,60,73,67,95,88,0,69,73,0,0,13,26,9,13,0,16,20,4,9,38,18,0,54,73,59
l25,5=0,0,0,0,0,0,2,20,27,23,41,15,51,18,54,0,61,48,51,64,30,75,65,95,88,76,0,69,0,0,0,2,51,54,0,23,22,41,44,32,0,26,59,85,54
l26,5=0,0,0,0,0,0,0,6,13,21,24,19,32,28,35,0,40,0,0,66,63,89,76,95,81,77,67,0,0,0,10,1,45,48,0,45,54,0,40,0,26,18,68,62,41
l27,5=24,0,33,62,60,63,39,0,0,23,39,30,21,22,71,0,28,66,39,34,41,0,0,23,15,8,0,0,0,0,0,88,5,3,0,22,26,32,23,39,85,44,0,0,0
l28,5=0,0,48,45,54,44,43,0,0,0,35,43,16,21,69,0,41,88,2,23,77,0,0,0,2,27,4,0,0,0,97,0,5,2,0,22,52,33,22,64,90,74,10,2,0
l29,5=0,0,0,0,0,0,0,0,0,0,0,0,0,0,0,0,0,0,0,28,0,59,28,39,40,58,63,69,0,0,43,52,0,86,0,81,78,81,89,70,66,77,0,26,10
l30,5=0,0,0,0,0,0,0,0,0,0,0,0,0,0,0,0,0,2,0,0,4,25,0,76,11,16,55,62,0,0,69,61,78,0,0,81,78,82,89,69,85,80,25,3,11
l31,5=0,0,0,0,0,0,0,0,0,0,0,0,0,0,0,0,0,0,0,29,0,23,12,17,72,39,45,68,0,0,72,54,78,86,0,0,81,93,89,69,78,79,13,3,9
l32,5=0,0,0,0,0,0,0,0,0,0,0,0,0,0,0,0,0,0,0,19,0,57,0,88,63,57,45,73,0,0,29,57,78,86,0,81,0,93,89,68,84,76,0,0,0
l33,5=0,0,0,0,0,0,0,0,0,0,0,0,0,0,0,0,0,0,0,0,0,52,0,76,65,0,59,0,0,0,70,54,78,84,0,81,80,0,89,59,84,62,0,0,0
l34,5=0,0,0,0,0,0,0,0,0,0,0,0,0,0,0,0,0,54,0,65,50,63,14,22,7,36,54,37,0,0,74,37,76,84,0,71,74,74,0,76,83,81,0,0,13
l35,5=0,0,0,0,0,0,0,0,0,0,0,0,0,0,46,0,0,5,1,8,31,9,0,25,21,29,21,0,0,0,56,51,78,84,0,77,61,28,89,0,94,85,0,0,0
l36,5=0,41,0,0,0,37,0,0,0,0,0,0,0,0,47,0,32,11,0,10,33,12,0,28,16,22,5,23,0,0,96,79,39,86,0,55,62,76,88,76,0,85,0,0,0
l37,5=0,0,0,0,12,40,0,0,0,0,24,0,0,0,46,0,29,7,1,8,33,14,0,25,28,19,20,24,0,0,89,80,76,84,0,77,74,56,89,76,94,0,0,0,0
l38,5=0,0,0,0,0,0,0,0,0,0,16,0,19,0,16,0,26,12,30,23,32,36,28,40,75,28,33,39,0,0,0,2,0,23,0,0,0,0,0,0,0,0,0,76,75
l39,5=0,0,0,0,0,0,0,0,0,0,21,0,21,15,52,0,39,12,52,59,40,44,6,77,75,71,71,33,0,0,0,17,2,10,0,0,0,0,0,0,0,0,67,0,75
l40,5=0,0,0,0,0,0,0,0,0,0,0,0,18,0,42,0,22,3,9,50,25,9,20,51,75,66,50,37,0,0,0,0,0,14,0,0,0,0,7,0,0,0,73,82,0
l41,5=0,0,0,0,0,0,0,0,0,12,12,20,46,1,57,0,63,57,54,65,62,0,25,85,79,74,71,62,0,0,7,19,2,0,0,0,0,0,2,9,23,0,73,85,73
l42,5=0,0,0,0,0,0,0,0,0,0,10,0,0,0,29,0,0,14,26,57,29,56,16,84,76,74,67,67,0,0,0,0,0,18,0,21,18,0,8,0,8,0,73,82,73
l43,5=0,0,0,0,0,0,0,0,0,0,16,0,1,0,0,0,0,0,23,45,24,30,26,82,56,70,66,58,0,0,0,0,18,23,0,21,1,4,32,14,0,0,72,82,74
l44,5=0,0,0,0,0,0,0,0,0,0,0,3,0,0,22,0,26,12,23,39,20,37,33,79,76,72,68,57,0,0,10,0,10,25,0,0,0,0,25,0,0,0,73,73,74

l0,6=0,91,89,82,87,79,85,85,92,84,45,65,86,76,0,0,0,70,0,4,18,0,0,0,0,0,0,0,0,0,21,47,0,0,0,0,0,0,0,0,0,0,0,0,0
l1,6=89,0,90,82,86,79,86,78,65,83,41,71,84,70,0,0,47,43,66,25,0,0,0,0,0,0,0,0,0,0,23,0,0,0,0,0,0,0,0,0,0,0,0,0,0
l2,6=88,92,0,80,85,79,85,88,92,78,8,56,92,72,25,0,60,63,61,28,7,0,0,0,0,47,0,0,0,0,2,0,0,0,0,0,0,0,0,0,0,0,0,0,0
l3,6=91,95,89,0,87,79,84,56,55,88,42,64,0,71,0,0,62,46,53,0,0,0,0,0,0,0,0,0,0,0,25,50,0,0,0,0,0,0,0,0,0,0,0,0,0
l4,6=91,92,87,84,0,79,84,61,58,87,35,70,88,69,0,0,44,23,59,27,0,0,0,0,0,0,0,0,0,0,5,66,0,0,0,0,0,0,0,0,0,0,0,0,0
l5,6=89,95,88,80,87,0,86,62,59,83,45,70,56,72,26,0,68,60,52,1,28,0,0,0,0,2,0,0,0,0,30,58,0,0,0,0,0,0,0,2,19,0,0,1,0
l6,6=86,95,90,72,85,79,0,88,41,89,75,66,89,65,31,0,66,62,58,4,55,7,0,0,11,40,0,0,0,0,24,0,0,0,0,0,0,0,0,0,0,0,0,0,0
l7,6=80,82,87,67,81,75,85,0,92,89,71,78,86,76,57,0,73,60,61,63,4,0,0,0,0,61,33,0,0,0,0,0,0,0,0,0,0,0,0,0,0,0,0,0,0
l8,6=86,71,91,70,81,75,66,90,0,88,44,78,91,75,58,0,67,59,56,31,0,38,50,52,17,54,37,40,0,0,0,0,0,0,0,0,0,0,0,0,0,0,0,4,0
l9,6=82,66,67,76,74,74,85,89,91,0,74,76,92,76,59,0,73,58,75,22,56,0,10,2,22,49,22,15,0,0,27,0,0,0,0,0,0,0,0,0,0,0,18,0,0
l10,6=59,31,0,32,20,66,73,64,65,73,0,66,89,71,64,0,80,64,68,56,61,29,11,53,51,51,24,15,0,0,36,53,0,0,0,0,0,0,0,0,0,32,27,52,0
l11,6=69,73,65,65,78,72,77,83,88,84,70,0,93,73,57,0,73,61,70,56,35,32,2,53,47,44,18,36,0,0,21,47,0,0,0,0,0,0,0,0,0,0,0,1,0
l12,6=67,81,84,0,77,45,81,83,89,87,81,78,0,78,65,0,77,58,75,58,60,0,0,40,44,43,23,17,0,0,19,52,0,0,0,0,0,0,0,0,0,0,19,45,0
l13,6=83,63,73,67,54,74,72,86,92,89,80,78,93,0,65,0,73,63,73,58,54,28,0,55,23,53,30,50,0,0,25,25,0,0,0,0,0,0,0,0,0,0,3,1,0
l14,6=0,0,29,0,0,28,33,56,49,65,68,53,75,39,0,0,71,74,81,62,62,14,12,23,50,45,0,26,0,0,50,63,0,2,0,0,0,0,10,0,11,22,22,56,48
l15,6=3,0,46,27,8,44,49,65,70,71,78,61,75,39,57,0,0,54,71,57,61,37,30,49,50,2,24,34,0,0,37,60,0,0,0,0,0,0,8,0,19,21,12,49,0
l16,6=34,15,34,8,6,33,51,48,39,54,65,48,35,9,45,0,50,0,74,70,67,4,0,43,53,31,24,4,0,0,58,76,0,0,0,1,5,0,25,9,34,47,50,27,33
l17,6=0,32,42,18,12,29,30,51,35,68,61,60,74,38,73,0,64,64,0,57,69,36,10,56,50,52,23,34,0,0,50,59,0,0,0,0,0,0,0,0,2,13,46,58,48
l18,6=11,16,39,0,14,0,1,58,38,11,44,51,57,29,59,0,53,67,58,0,77,55,30,64,65,65,46,68,0,0,23,55,26,11,0,12,5,0,39,22,27,16,49,65,54
l19,6=15,0,0,0,0,25,38,33,0,54,60,38,66,23,63,0,65,77,76,71,0,34,27,0,69,56,18,56,0,0,41,57,0,33,0,0,0,0,41,10,24,34,46,53,8
l20,6=0,0,0,0,0,0,10,0,9,0,24,24,0,18,17,0,49,19,40,45,38,0,85,85,70,68,38,86,0,0,0,0,51,40,0,25,42,12,65,15,13,7,52,35,24
l21,6=0,0,0,0,0,0,0,0,12,21,20,20,0,0,37,0,48,0,19,44,33,71,0,62,62,54,33,85,0,0,0,0,16,32,0,0,0,0,25,2,0,0,47,1,28
l22,6=0,0,0,0,0,0,0,0,4,0,21,19,17,16,13,0,40,33,48,47,0,66,46,0,71,75,53,84,0,0,1,0,0,66,0,20,47,20,54,11,17,18,53,36,43
l23,6=0,0,0,0,0,0,0,0,4,17,38,24,54,21,38,0,40,51,28,55,60,59,37,86,0,78,54,73,0,0,17,16,13,36,0,42,15,3,28,22,8,15,53,63,56
l24,6=0,0,12,0,0,8,16,48,21,26,48,22,35,27,25,0,11,21,58,60,59,60,49,86,72,0,54,78,0,0,8,17,12,35,0,28,20,0,20,20,2,24,58,60,60
l25,6=0,0,0,0,0,0,0,18,8,20,45,14,49,15,0,0,48,51,46,58,30,52,30,86,72,78,0,70,0,0,0,0,34,45,0,31,17,18,27,18,16,12,36,73,44
l26,6=0,0,0,0,0,0,0,0,6,10,16,17,17,15,26,0,43,19,34,60,59,68,73,86,71,73,47,0,0,0,4,0,40,49,0,41,54,20,68,17,16,22,60,45,45
l27,6=15,14,0,7,7,32,37,0,0,37,31,23,32,9,44,0,29,80,69,27,31,0,0,0,33,2,0,0,0,0,0,76,14,11,0,6,56,40,45,35,45,64,0,14,0
l28,6=26,0,0,9,29,33,0,0,0,0,41,23,47,16,27,0,28,80,56,47,38,0,0,1,45,30,0,0,0,0,64,0,30,24,0,24,52,44,42,29,65,41,22,2,0
l29,6=0,0,0,0,0,0,0,0,0,0,0,0,0,0,0,0,0,2,0,43,0,54,29,0,39,21,33,59,0,0,44,57,0,85,0,77,78,66,81,60,48,57,0,22,0
l30,6=0,0,0,0,0,10,0,0,0,0,0,0,0,0,20,0,0,22,0,39,26,30,9,63,54,41,32,47,0,0,45,59,74,0,0,70,70,63,82,57,56,62,11,35,46
l31,6=0,0,0,0,0,0,0,0,0,0,0,0,0,0,0,0,0,20,0,33,0,47,0,53,59,49,31,64,0,0,41,33,74,82,0,0,86,76,82,58,50,57,0,0,0
l32,6=0,0,0,0,0,0,0,0,0,0,0,0,0,0,0,0,0,3,0,0,0,54,0,62,48,46,31,70,0,0,45,59,72,78,0,77,0,64,74,55,48,57,12,0,0
l33,6=0,0,0,0,0,0,0,0,0,0,0,0,0,0,0,0,0,0,0,0,0,2,0,53,2,0,29,55,0,0,43,50,73,80,0,77,71,0,71,46,47,57,0,0,0
l34,6=0,0,0,0,0,0,0,0,0,0,0,0,0,0,22,0,8,36,0,50,37,52,11,58,56,36,16,67,0,0,45,58,73,84,0,70,67,62,0,63,58,67,29,25,28
l35,6=0,0,0,0,0,6,0,0,0,0,0,0,0,0,0,0,0,18,13,46,35,5,0,47,52,36,3,18,0,0,45,61,74,44,0,63,67,53,82,0,74,76,0,0,0
l36,6=0,0,0,0,0,31,0,0,0,0,0,0,0,0,1,0,22,45,34,59,36,3,0,47,53,8,4,13,0,0,60,66,59,85,0,63,64,56,82,70,0,70,0,0,0
l37,6=0,0,0,0,0,0,0,0,0,0,25,0,0,0,21,0,25,36,40,25,32,7,0,50,53,44,11,19,0,0,49,62,70,84,0,66,64,66,82,74,62,0,20,15,0
l38,6=0,0,0,0,0,0,0,0,0,2,9,0,14,1,11,0,7,22,13,17,23,18,18,28,42,39,21,39,0,0,0,10,0,0,0,0,3,0,11,0,0,0,0,74,76
l39,6=0,0,0,0,0,0,0,0,0,0,19,0,21,0,43,0,21,16,41,49,32,12,0,13,63,51,50,19,0,0,6,0,9,14,0,0,0,0,7,0,0,0,67,0,71
l40,6=0,0,0,0,0,0,0,0,0,0,0,0,0,0,39,0,0,24,12,33,0,7,0,51,50,55,28,38,0,0,0,0,0,19,0,0,0,0,8,0,0,0,65,71,0
l41,6=0,0,0,0,0,0,0,0,0,0,0,13,49,7,58,0,39,42,56,50,61,32,3,68,68,70,50,28,0,0,8,17,0,0,0,0,0,0,7,0,5,0,65,73,63
l42,6=0,0,0,0,0,0,0,0,0,0,17,0,0,0,12,0,0,22,9,44,28,0,0,71,52,65,53,70,0,0,0,0,14,25,0,13,9,3,17,4,4,0,70,75,48
l43,6=0,0,0,0,0,0,0,0,1,0,12,0,12,0,16,0,0,0,12,16,28,20,17,64,27,63,48,50,0,0,0,0,14,6,0,16,0,12,19,0,0,0,65,45,71
l44,6=0,0,0,0,0,0,0,0,0,0,0,0,0,0,10,0,14,23,12,13,0,16,20,67,67,56,48,57,0,0,0,0,0,0,0,0,0,0,0,0,0,0,65,68,59

l0,7=0,94,93,97,97,97,91,98,87,49,55,74,88,89,40,0,75,78,28,11,3,0,0,0,0,0,0,0,0,0,0,23,0,0,0,0,0,0,0,0,0,0,0,0,0
l1,7=89,0,93,97,97,97,91,93,76,77,35,68,89,86,68,0,73,66,73,31,0,0,0,0,0,0,0,0,0,0,24,18,0,0,0,0,0,0,0,0,0,0,0,0,0
l2,7=89,94,0,97,97,97,91,98,87,30,30,72,93,86,8,0,77,67,78,34,31,11,0,0,0,11,0,1,0,0,31,0,0,0,0,0,0,0,0,0,0,0,0,0,0
l3,7=89,94,92,0,97,96,90,92,77,77,44,50,89,87,60,0,74,62,72,1,0,0,0,0,0,0,0,0,0,0,45,32,0,0,0,0,0,0,0,0,0,0,0,0,0
l4,7=89,94,92,97,0,97,88,46,81,73,30,71,84,85,0,0,80,70,28,26,0,0,0,0,0,0,0,0,0,0,51,17,0,0,0,0,0,0,0,0,0,0,0,0,0
l5,7=89,94,92,96,97,0,91,95,87,73,89,71,84,88,0,0,78,74,76,28,9,0,0,0,0,0,0,0,0,0,38,9,0,0,0,0,0,0,0,0,0,0,0,0,0
l6,7=87,94,92,92,92,97,0,95,72,83,89,66,84,84,79,0,40,71,83,7,42,0,0,1,0,51,0,0,0,0,27,28,0,0,0,0,0,0,0,0,0,0,0,0,0
l7,7=81,82,84,85,61,86,91,0,87,83,86,74,85,89,77,0,73,71,71,47,47,18,24,0,43,61,35,43,0,0,0,22,0,0,0,0,0,0,0,0,0,0,0,0,0
l8,7=83,88,87,82,86,91,85,98,0,80,82,73,88,87,70,0,72,39,83,61,57,60,58,46,41,53,40,40,0,0,1,8,0,0,0,0,0,0,0,0,0,0,0,0,0
l9,7=65,89,54,88,92,79,91,98,87,0,83,75,93,89,77,0,73,33,78,37,38,33,0,32,0,57,33,0,0,0,30,22,0,0,0,0,0,0,0,0,0,0,0,58,0
l10,7=32,46,57,53,72,91,89,90,72,37,0,40,88,87,82,0,82,72,87,47,43,28,27,45,29,67,68,0,0,0,19,22,0,0,0,0,0,0,0,0,0,0,35,39,0
l11,7=80,45,87,61,93,91,82,92,80,79,58,0,93,87,81,0,81,48,87,73,0,9,0,39,27,38,57,20,0,0,0,17,0,0,0,0,0,0,0,0,0,0,0,31,3
l12,7=44,89,87,83,82,74,83,90,80,79,91,75,0,89,81,0,82,74,87,49,36,0,24,17,31,72,71,11,0,0,19,13,0,0,0,0,0,0,0,0,3,0,20,29,0
l13,7=80,85,87,93,71,91,86,92,80,79,91,75,93,0,82,0,59,63,87,80,49,15,31,29,28,61,0,9,0,0,6,11,0,0,0,0,0,0,0,0,8,0,0,17,0
l14,7=11,9,2,8,0,5,25,76,60,26,89,38,82,82,0,0,87,79,90,80,46,32,6,38,30,64,70,23,0,0,32,23,0,0,0,0,0,0,0,7,0,0,31,44,2
l15,7=22,29,48,41,53,62,20,82,71,30,91,36,87,72,84,0,0,74,87,50,47,36,27,37,30,61,74,22,0,0,13,28,0,0,0,0,0,0,0,7,6,0,11,3,8
l16,7=22,11,33,29,55,48,37,60,15,1,30,19,58,47,85,0,81,0,89,83,50,7,0,18,31,64,61,0,0,0,35,70,0,14,0,1,0,11,47,45,28,1,32,38,20
l17,7=0,10,22,37,34,29,28,26,56,28,53,47,86,81,85,0,81,76,0,49,46,29,3,43,28,76,66,24,0,0,31,24,0,0,0,0,0,0,0,16,0,3,20,42,0
l18,7=11,25,36,0,44,33,0,65,41,17,9,48,52,49,80,0,59,80,68,0,78,68,53,39,65,66,75,78,0,0,57,28,20,12,0,0,0,8,51,29,52,0,51,74,26
l19,7=3,0,11,0,0,32,37,56,46,24,24,11,57,51,79,0,80,82,80,82,0,38,26,44,72,68,62,24,0,0,24,27,0,53,0,0,0,3,45,45,19,0,34,40,26
l20,7=0,0,0,0,0,0,0,20,20,7,9,1,20,0,37,0,42,13,36,79,17,0,81,90,73,78,51,89,0,0,0,0,50,26,0,1,30,7,68,11,0,0,54,68,31
l21,7=0,0,0,0,0,0,0,19,43,0,36,2,30,18,10,0,61,0,6,78,45,84,0,88,73,75,71,88,0,0,0,0,0,0,0,0,5,0,25,8,0,0,64,0,52
l22,7=0,0,0,0,0,0,5,1,20,1,35,14,24,14,37,0,45,17,62,56,53,81,58,0,75,75,83,88,0,0,0,0,25,78,0,53,61,28,69,22,12,48,67,74,33
l23,7=0,0,0,0,0,0,0,14,4,0,21,22,38,6,55,0,56,49,66,76,65,74,58,89,0,78,84,81,0,0,0,4,30,62,0,34,0,0,30,30,22,15,70,78,53
l24,7=0,0,0,0,0,2,9,64,12,13,35,9,50,25,55,0,52,52,74,78,64,74,49,89,75,0,84,87,0,0,12,6,0,30,0,11,6,0,14,43,10,14,67,76,52
l25,7=0,0,0,0,0,0,0,15,16,12,47,22,53,3,62,0,58,49,71,78,36,23,19,90,75,78,0,88,0,0,4,8,41,70,0,15,39,22,14,17,34,14,74,85,65
l26,7=0,0,0,0,0,0,0,15,0,0,0,26,11,9,54,0,28,14,61,77,50,78,67,89,74,76,81,0,0,0,7,0,45,66,0,42,71,56,69,20,13,18,66,74,6
l27,7=0,18,59,68,75,45,11,0,4,7,1,8,62,7,82,0,5,82,83,52,6,0,0,0,0,20,0,2,0,0,0,70,0,75,0,18,21,22,50,46,31,30,7,12,0
l28,7=24,0,0,48,51,44,10,16,19,15,10,20,56,32,48,0,36,82,72,24,3,0,0,0,4,16,18,0,0,0,85,0,29,54,0,20,24,23,38,49,3,1,14,0,0
l29,7=0,0,0,0,0,0,0,0,0,0,0,0,0,0,0,0,0,0,0,59,0,61,0,70,62,0,74,80,0,0,1,40,0,88,0,77,85,77,78,74,63,68,6,29,18
l30,7=0,0,0,0,0,0,0,0,0,0,0,0,0,0,0,0,0,33,0,13,33,37,0,74,41,59,69,46,0,0,66,50,86,0,0,71,79,73,80,67,74,71,5,20,14
l31,7=0,0,0,0,0,0,0,0,0,0,0,0,0,0,0,0,0,29,0,0,0,15,0,73,64,63,68,76,0,0,39,41,86,86,0,0,85,86,79,65,73,66,0,0,0
l32,7=0,0,0,0,0,0,0,0,0,0,0,0,0,0,0,0,0,40,0,0,0,59,2,73,0,62,68,79,0,0,61,50,86,81,0,77,0,84,73,69,64,64,0,0,0
l33,7=0,0,0,0,0,0,0,0,0,0,0,0,0,0,0,0,0,12,0,0,0,2,0,73,0,0,43,76,0,0,42,25,84,80,0,77,85,0,74,66,62,65,4,0,0
l34,7=0,0,0,0,0,0,0,0,0,0,0,0,0,0,1,0,0,52,1,74,6,67,31,84,24,20,26,82,0,0,68,31,84,84,0,71,78,74,0,74,75,72,22,33,0
l35,7=0,0,0,0,0,0,0,0,0,0,0,0,0,0,13,0,17,53,58,22,5,2,6,45,7,25,24,26,0,0,66,32,86,49,0,62,79,61,81,0,81,85,17,0,0
l36,7=0,0,0,0,0,0,0,0,0,0,0,2,15,1,15,0,33,66,0,43,6,0,0,46,11,25,26,25,0,0,70,23,34,88,0,67,80,61,81,74,0,64,0,29,0
l37,7=6,0,0,0,0,2,0,0,0,0,0,0,0,0,0,0,1,0,58,0,0,1,0,74,16,25,25,25,0,0,70,32,83,85,0,61,76,61,81,74,76,0,19,20,0
l38,7=0,0,0,0,0,0,0,0,0,0,2,0,0,0,22,0,2,20,13,29,21,14,10,76,59,69,50,54,0,0,5,1,2,0,0,0,0,6,12,2,0,1,0,81,69
l39,7=0,0,0,0,0,0,0,0,0,6,11,9,11,0,37,0,4,22,46,71,9,20,0,57,71,62,83,42,0,0,6,0,4,0,0,0,0,0,12,0,2,0,82,0,64
l40,7=0,0,0,0,0,0,0,0,0,0,0,0,0,0,3,0,11,9,0,33,5,20,5,27,53,50,55,11,0,0,0,0,8,4,0,0,0,0,0,0,0,0,80,80,0
l41,7=0,0,0,0,0,4,0,0,17,0,6,1,40,1,66,0,55,24,70,69,68,24,9,27,75,72,76,29,0,0,5,23,8,0,0,0,0,0,3,0,0,0,77,85,66
l42,7=0,0,0,0,0,0,0,0,0,0,0,3,0,0,29,0,20,0,22,30,24,43,0,51,43,76,80,66,0,0,0,0,16,19,0,0,7,0,0,0,0,0,80,81,32
l43,7=0,0,0,0,0,0,0,0,0,0,0,0,10,0,19,0,13,13,24,28,15,24,15,26,71,69,80,45,0,0,0,0,15,0,0,0,0,0,13,0,5,0,79,80,69
l44,7=0,0,0,0,0,0,0,0,0,0,0,0,0,0,22,0,17,17,26,43,16,16,27,84,75,76,69,74,0,0,0,0,15,22,0,0,0,0,0,0,0,0,79,81,51

l0,8=0,73,91,91,97,98,92,100,45,63,98,99,90,63,31,0,73,58,31,3,0,0,0,0,0,0,0,0,0,0,37,0,0,0,0,0,0,0,0,0,6,0,0,0,0
l1,8=93,0,99,100,64,98,91,100,99,87,98,99,98,58,0,0,26,51,40,78,0,0,0,0,4,0,0,0,0,0,9,48,0,0,0,0,0,0,0,0,4,0,0,0,0
l2,8=93,99,0,100,98,98,100,100,99,99,94,99,86,99,77,0,64,5,47,86,77,0,0,0,8,1,0,0,0,0,37,0,0,0,0,0,0,0,0,0,0,0,0,7,0
l3,8=97,100,88,0,98,98,92,100,23,57,98,99,90,63,31,0,62,52,10,55,0,0,0,0,0,0,0,0,0,0,40,4,0,0,0,0,0,0,0,0,0,0,0,0,0
l4,8=56,73,97,100,0,98,92,100,96,58,96,99,82,63,0,0,0,51,34,86,0,0,0,0,0,0,0,0,0,0,42,45,0,0,0,0,0,0,0,0,0,0,0,0,0
l5,8=94,100,48,100,98,0,100,100,99,58,95,99,90,65,86,0,64,50,3,84,74,0,0,0,0,0,0,0,0,0,38,56,0,0,0,0,0,0,0,0,0,0,0,0,0
l6,8=94,99,99,100,97,98,0,100,99,99,99,99,64,99,94,0,72,58,56,17,94,0,0,3,0,69,0,0,0,0,28,0,0,0,0,0,0,0,0,0,0,0,0,0,0
l7,8=90,100,97,87,95,98,100,0,99,99,96,99,98,99,91,0,99,59,50,92,82,46,0,60,54,73,84,0,0,0,6,7,0,0,0,0,0,0,0,0,0,0,0,0,0
l8,8=47,71,99,62,90,98,94,100,0,99,96,99,98,98,87,0,94,20,49,90,95,56,18,55,11,27,61,76,0,0,27,0,0,0,0,0,0,0,0,0,0,0,0,6,0
l9,8=96,98,98,86,98,92,100,100,99,0,99,99,98,99,91,0,99,48,20,91,78,55,0,59,14,43,89,0,0,0,9,14,0,0,0,0,0,0,0,0,0,0,0,52,0
l10,8=88,93,90,96,89,49,58,59,94,95,0,94,98,97,92,0,99,14,76,88,78,71,37,68,46,43,90,0,0,0,8,53,0,0,0,0,0,0,0,0,0,0,19,51,0
l11,8=89,94,93,70,91,97,94,100,99,99,96,0,98,99,90,0,94,4,94,83,43,1,0,41,44,18,67,62,0,0,32,0,0,0,0,0,0,0,0,0,0,0,5,1,3
l12,8=89,95,91,96,1,81,2,99,99,99,99,99,0,99,90,0,99,44,94,91,79,40,48,0,39,51,90,51,0,0,29,40,0,0,0,0,0,0,0,0,0,0,22,0,0
l13,8=88,90,93,96,91,97,94,100,97,99,99,99,98,0,90,0,94,54,94,90,94,81,57,60,57,68,16,64,0,0,0,40,0,0,0,0,0,0,0,0,16,0,0,0,0
l14,8=24,0,21,0,12,33,58,46,52,73,99,95,98,89,0,0,69,64,96,97,82,75,40,69,50,51,89,53,0,0,74,56,0,0,0,0,0,0,8,26,50,4,2,50,67
l15,8=84,62,55,14,0,81,48,86,97,99,99,99,98,99,95,0,0,98,96,96,80,77,0,66,50,53,80,91,0,0,65,51,0,60,0,0,0,0,3,33,62,0,12,52,62
l16,8=44,75,0,37,73,46,18,31,0,44,23,47,74,79,91,0,69,0,61,96,82,0,0,0,49,53,84,0,0,0,81,62,0,0,0,0,0,17,40,98,98,38,27,35,69
l17,8=27,40,50,0,19,0,22,18,68,0,99,99,98,91,95,0,73,64,0,96,100,75,87,66,49,54,89,84,0,0,74,53,0,0,0,0,0,0,0,68,44,4,44,52,37
l18,8=27,33,28,4,35,24,0,82,80,63,73,81,85,82,91,0,78,100,83,0,96,91,84,93,90,86,93,93,0,0,86,48,20,23,0,25,11,0,54,38,36,88,86,85,68
l19,8=2,0,61,0,0,59,43,52,86,86,97,44,96,76,93,0,94,100,96,96,0,72,32,91,89,76,89,91,0,0,78,53,0,56,0,0,0,0,42,83,91,46,51,56,55
l20,8=0,0,0,0,0,0,0,49,56,54,51,32,35,57,62,0,72,5,65,90,56,0,97,93,87,84,59,92,0,0,0,0,66,53,0,16,28,0,66,57,5,63,62,63,60
l21,8=0,0,0,0,0,0,0,0,52,0,53,19,57,53,52,0,0,0,67,86,19,94,0,91,88,80,63,92,0,0,0,0,52,52,0,0,57,0,55,0,0,0,63,64,50
l22,8=0,0,0,0,0,0,0,19,18,26,50,23,12,32,52,0,33,0,25,83,67,90,64,0,90,83,93,93,0,0,1,0,21,75,0,67,20,45,82,25,0,56,78,82,41
l23,8=0,0,0,0,0,0,0,29,20,21,47,55,49,46,58,0,68,41,61,86,66,84,67,93,0,91,94,91,0,0,37,0,37,58,0,51,23,15,61,45,58,32,64,83,75
l24,8=0,0,0,0,0,1,11,64,15,54,40,31,63,44,70,0,61,77,73,84,67,85,56,91,90,0,94,89,0,0,25,15,30,0,0,32,26,22,50,49,56,14,84,57,64
l25,8=0,0,0,0,0,0,0,35,25,47,54,58,58,4,54,0,56,64,53,75,60,42,46,94,90,91,0,76,0,0,12,22,56,61,0,9,55,50,40,46,57,10,90,86,61
l26,8=0,0,0,0,0,0,0,15,20,0,0,32,29,25,21,0,28,0,52,86,50,92,77,93,87,81,82,0,0,0,9,0,39,60,0,32,73,31,75,28,0,27,81,66,52
l27,8=33,0,73,52,52,30,0,13,47,0,35,82,50,0,88,0,29,100,59,95,71,0,0,0,6,18,60,0,0,0,0,100,4,95,0,85,20,29,72,95,98,68,24,0,0
l28,8=0,50,0,0,61,65,0,32,0,0,82,0,81,52,79,0,44,100,82,90,73,0,0,0,0,11,52,0,0,0,100,0,89,100,0,53,88,56,91,93,98,87,43,51,0
l29,8=0,0,0,0,0,0,0,0,0,0,0,0,0,0,0,0,0,0,0,38,0,86,33,50,87,55,81,90,0,0,20,89,0,100,0,100,98,88,99,100,93,89,50,31,0
l30,8=0,0,0,0,0,0,0,0,0,0,0,0,0,0,0,0,43,39,0,42,41,70,45,89,71,0,90,85,0,0,87,82,99,0,0,91,92,88,91,93,95,90,6,6,0
l31,8=0,0,0,0,0,0,0,0,0,0,0,0,0,0,0,0,0,0,0,36,0,45,0,91,81,34,40,80,0,0,77,27,99,100,0,0,98,100,96,93,94,89,22,0,0
l32,8=0,0,0,0,0,0,0,0,0,0,0,0,0,0,0,0,0,3,0,38,0,71,64,71,80,58,85,90,0,0,72,89,99,100,0,100,0,100,99,86,91,89,14,0,0
l33,8=0,0,0,0,0,0,0,0,0,0,0,0,0,0,0,0,0,70,0,0,0,0,0,84,48,43,89,86,0,0,87,46,94,100,0,100,98,0,91,93,94,70,0,0,0
l34,8=0,0,0,0,0,0,0,0,0,0,0,0,0,0,0,0,1,54,0,84,49,85,72,93,83,28,82,91,0,0,85,74,94,100,0,91,93,87,0,94,98,100,50,45,0
l35,8=0,0,0,0,0,0,0,0,0,0,0,0,0,0,50,0,48,90,49,54,71,84,0,52,50,64,13,91,0,0,54,55,99,100,0,92,89,92,99,0,98,100,61,0,0
l36,8=0,0,0,0,0,0,0,0,0,0,0,0,0,30,32,0,82,91,2,51,68,0,0,0,51,55,75,0,0,0,54,56,74,100,0,91,90,87,99,100,0,99,0,0,0
l37,8=0,0,0,0,0,0,0,0,0,0,0,0,0,0,52,0,0,59,16,56,52,70,0,36,19,25,6,79,0,0,88,29,93,100,0,91,90,49,99,100,98,0,21,0,0
l38,8=0,0,0,0,0,0,0,0,0,0,10,7,23,0,10,0,11,41,44,56,42,32,32,62,59,67,66,70,0,0,16,9,18,9,0,0,5,0,13,11,0,0,0,84,78
l39,8=0,0,0,0,0,0,0,0,0,16,33,0,0,0,41,0,13,19,42,52,45,42,21,75,87,28,93,72,0,0,0,12,9,0,0,0,0,0,14,0,0,0,91,0,78
l40,8=0,0,0,0,0,0,0,0,0,0,0,0,0,0,36,0,32,50,13,40,18,51,22,47,82,41,64,65,0,0,0,0,0,0,0,0,0,0,0,0,0,0,90,82,0
l41,8=0,0,0,0,0,21,0,6,26,0,15,40,56,28,68,0,39,42,74,85,71,43,28,91,88,88,93,86,0,0,42,46,4,0,0,0,0,0,6,0,0,4,90,84,78
l42,8=0,0,0,0,0,0,0,0,0,0,0,0,0,0,39,0,22,0,19,79,49,65,21,65,73,87,92,77,0,0,0,0,24,18,0,3,9,0,18,0,0,12,89,84,59
l43,8=0,0,0,0,0,0,0,0,0,0,0,0,0,0,18,0,0,27,19,25,26,27,24,58,58,61,75,28,0,0,0,0,26,7,0,0,0,0,8,21,0,0,71,61,71
l44,8=0,0,0,0,0,0,0,0,0,0,0,0,15,15,38,0,13,0,22,50,20,48,45,69,87,63,58,72,0,0,0,0,0,22,0,0,0,0,0,1,0,0,85,84,58

l0,9=0,98,100,99,100,100,73,73,65,100,98,100,98,57,54,0,73,80,7,10,0,0,0,0,0,0,0,0,0,0,0,48,0,0,0,0,0,0,0,0,0,0,0,0,0
l1,9=100,0,100,100,100,100,100,90,94,100,99,100,99,97,74,0,95,97,0,8,36,0,0,0,0,27,0,0,0,0,80,0,0,0,0,0,0,0,0,0,0,0,0,0,0
l2,9=100,96,0,99,100,100,100,100,95,100,82,100,99,59,91,0,92,78,89,45,0,0,0,0,25,1,3,0,0,0,9,15,0,0,0,0,0,0,0,0,0,0,0,0,0
l3,9=100,99,100,0,100,100,90,76,95,97,54,16,99,100,0,0,84,100,0,12,0,0,0,0,0,0,0,0,0,0,71,36,0,3,0,0,0,0,0,0,0,0,0,0,0
l4,9=100,98,100,100,0,100,100,100,94,99,44,100,98,100,55,0,95,39,74,16,0,0,0,0,0,0,0,0,0,0,92,82,0,0,0,0,0,0,0,0,0,0,0,0,0
l5,9=100,98,100,100,100,0,100,79,94,100,93,100,77,100,51,0,95,95,2,0,51,0,0,0,0,9,0,0,0,0,0,0,0,0,0,0,0,0,0,0,31,0,0,0,0
l6,9=100,96,100,100,100,100,0,100,95,100,99,100,99,100,94,0,92,100,87,0,88,25,0,0,0,2,0,0,0,0,6,52,0,0,0,0,0,0,0,0,0,0,0,0,0
l7,9=100,98,100,100,100,100,100,0,96,100,99,100,99,100,86,0,99,94,92,97,72,98,0,0,95,99,0,38,0,0,0,0,0,0,0,0,0,0,0,0,0,0,0,0,0
l8,9=68,96,100,98,100,100,100,95,0,95,99,100,94,100,92,0,96,89,88,100,70,70,0,10,58,63,48,26,0,0,1,0,0,0,0,0,0,0,0,0,0,0,0,27,0
l9,9=100,96,100,45,99,100,100,95,94,0,99,100,99,100,95,0,99,78,90,46,57,41,0,4,56,34,38,11,0,0,5,8,0,0,0,0,0,0,0,0,0,0,0,19,0
l10,9=64,59,50,42,94,91,100,98,95,100,0,99,99,84,100,0,99,90,96,60,60,42,7,61,42,34,44,0,0,0,73,31,0,0,0,0,0,0,0,0,12,9,27,55,34
l11,9=100,86,100,35,100,100,100,99,95,100,99,0,99,100,94,0,99,93,96,100,25,0,0,43,42,26,29,74,0,0,50,6,0,0,0,0,0,0,0,0,0,0,3,34,38
l12,9=64,80,52,65,100,97,100,100,95,100,99,100,0,100,98,0,99,94,96,61,51,55,51,0,26,26,39,18,0,0,0,20,0,0,0,0,0,0,0,0,0,0,11,0,0
l13,9=61,96,51,99,100,100,100,98,95,100,99,100,99,0,93,0,99,94,96,95,98,87,0,55,95,54,34,17,0,0,72,26,0,0,0,0,0,0,0,0,50,0,0,0,0
l14,9=5,24,13,0,14,57,73,44,76,96,99,38,38,63,0,0,99,100,97,61,65,31,3,48,45,38,41,97,0,0,86,36,0,9,0,0,0,0,11,28,60,22,14,56,50
l15,9=53,57,46,8,47,79,97,100,79,100,99,100,99,80,100,0,0,99,97,100,52,31,3,51,66,55,32,89,0,0,83,57,0,13,0,0,0,0,22,40,57,22,13,50,3
l16,9=11,57,6,0,11,90,99,97,91,54,97,38,38,30,100,0,99,0,97,61,99,0,0,45,45,39,1,0,0,0,95,36,7,31,0,0,34,0,31,51,99,68,49,57,19
l17,9=0,0,41,0,27,64,95,41,35,54,98,62,38,64,100,0,99,100,0,100,99,41,9,41,45,39,44,97,0,0,86,24,0,0,0,0,0,0,0,31,72,26,34,56,29
l18,9=0,15,10,0,38,22,85,95,91,98,97,59,63,26,99,0,98,99,96,0,98,61,56,60,96,62,57,99,0,0,86,33,38,32,0,37,44,1,11,42,94,79,49,56,52
l19,9=0,12,0,0,0,97,99,97,92,97,98,32,38,64,99,0,96,100,97,100,0,58,0,60,64,62,66,98,0,0,90,35,0,0,0,0,0,0,37,43,99,67,29,56,53
l20,9=0,0,0,0,0,0,0,75,71,81,81,0,82,87,77,0,91,5,84,95,92,0,98,96,96,97,96,98,0,0,0,0,80,96,0,57,78,0,98,75,0,83,43,90,30
l21,9=0,0,0,0,0,0,0,13,36,1,92,7,97,0,93,0,96,0,95,98,0,98,0,87,96,97,96,97,0,0,0,0,0,97,0,0,81,0,69,0,0,0,92,92,88
l22,9=0,0,0,0,0,0,0,0,67,29,84,82,2,81,75,0,84,78,77,96,97,96,61,0,96,97,96,99,0,0,0,0,73,78,0,62,79,47,90,72,76,84,75,91,78
l23,9=0,0,0,0,0,0,0,70,66,79,77,36,26,52,98,0,98,87,95,98,96,91,54,96,0,99,98,98,0,0,62,23,35,69,0,58,64,17,54,45,77,55,92,92,90
l24,9=0,54,0,0,0,4,24,95,68,46,79,75,69,83,89,0,98,98,95,98,98,96,95,95,98,0,98,90,0,0,0,0,77,0,0,56,72,44,78,78,95,84,92,92,67
l25,9=0,0,0,0,0,0,0,58,79,82,91,54,87,55,91,0,85,44,89,96,97,89,47,96,98,99,0,96,0,0,3,20,89,86,0,61,93,19,88,46,81,0,92,92,90
l26,9=0,0,0,0,0,0,0,48,46,35,23,97,39,33,93,0,91,0,95,98,98,96,92,96,96,97,96,0,0,0,0,0,85,97,0,62,97,2,99,80,0,89,92,90,90
l27,9=0,56,9,4,80,0,89,0,10,0,55,15,2,29,100,0,91,100,96,60,62,0,0,0,44,1,0,0,0,0,0,99,0,69,0,57,63,13,10,66,96,69,0,13,0
l28,9=64,0,0,4,53,0,99,0,0,4,59,1,12,31,65,0,42,62,76,61,59,0,0,0,45,0,3,0,0,0,100,0,39,33,0,28,63,0,11,43,100,69,0,56,2
l29,9=0,0,0,0,0,0,0,0,0,0,0,0,0,0,0,0,9,31,0,85,0,22,0,44,95,79,97,61,0,0,0,89,0,100,0,98,100,100,100,98,99,100,53,50,0
l30,9=0,0,0,1,23,0,0,0,0,0,0,0,0,0,18,0,33,39,0,51,9,45,10,95,81,0,80,100,0,0,99,24,100,0,0,98,100,100,100,98,100,99,46,41,43
l31,9=0,0,0,0,0,0,0,0,0,0,0,0,0,0,0,0,0,0,0,77,0,34,0,82,83,50,54,79,0,0,81,25,100,100,0,0,100,100,100,74,99,82,3,0,0
l32,9=0,0,0,0,0,0,0,0,0,0,0,0,0,0,0,0,0,26,0,80,0,36,2,78,80,94,97,99,0,0,76,88,100,100,0,98,0,100,100,62,100,100,52,0,23
l33,9=0,0,0,0,0,0,0,0,0,0,0,0,0,0,0,0,0,0,0,0,0,0,0,35,58,53,20,0,0,0,96,0,100,100,0,98,100,0,100,98,100,100,0,0,0
l34,9=0,0,0,0,0,0,0,0,0,0,0,0,0,0,38,0,28,32,0,55,52,60,7,97,96,63,56,100,0,0,32,98,100,100,0,98,100,100,0,98,100,100,3,46,0
l35,9=0,0,0,0,0,17,0,0,0,0,0,0,0,0,43,0,34,37,63,84,93,29,0,41,45,60,3,37,0,0,77,73,100,100,0,55,62,96,100,0,100,100,0,0,0
l36,9=0,0,0,0,4,36,0,0,0,0,15,0,3,22,49,0,33,38,66,99,92,0,0,39,47,64,9,0,0,0,68,99,100,100,0,63,63,58,100,98,0,100,0,0,0
l37,9=0,0,0,0,0,0,0,0,0,0,32,0,1,0,44,0,34,58,65,100,55,9,0,44,43,37,1,57,0,0,100,97,99,95,0,84,100,99,100,98,100,0,0,0,0
l38,9=0,0,0,0,0,0,0,0,0,0,52,0,5,0,42,0,69,82,76,84,28,0,38,88,96,95,96,91,0,0,0,0,21,12,0,0,25,0,0,0,0,0,0,94,90
l39,9=0,0,0,0,0,0,0,0,9,0,86,4,0,0,90,0,84,91,85,87,86,51,22,92,96,94,96,85,0,0,7,28,9,9,0,0,0,0,23,0,0,0,93,0,90
l40,9=0,0,0,0,0,0,0,0,0,0,14,4,0,0,88,0,0,10,59,82,75,33,16,86,91,86,88,87,0,0,0,0,0,14,0,0,3,0,0,0,0,0,91,92,0
l41,9=0,1,1,0,0,49,0,8,52,0,0,36,33,42,98,0,98,95,94,98,92,49,21,93,96,97,96,82,0,0,70,32,0,17,0,0,0,0,27,34,0,12,92,92,90
l42,9=0,0,0,0,0,0,0,0,0,0,0,0,0,0,80,0,61,73,71,97,86,85,72,90,95,97,92,98,0,0,0,0,14,0,0,0,29,0,56,0,0,0,92,92,83
l43,9=0,0,0,0,0,0,0,0,0,0,0,0,0,0,73,0,0,62,70,41,79,10,12,74,80,82,96,85,0,0,0,0,37,0,0,19,54,0,0,0,25,0,92,82,89
l44,9=0,0,0,0,0,0,0,0,0,0,0,0,26,33,80,0,69,73,69,94,77,65,83,95,96,97,96,81,0,0,0,0,0,20,0,10,0,0,17,0,0,0,92,92,89

l0,10=0,87,59,68,90,32,7,0,65,75,62,74,66,20,35,0,68,68,38,0,0,0,0,0,0,0,0,0,0,0,0,56,0,0,0,0,0,0,0,0,0,0,0,0,0
l1,10=90,0,57,68,90,32,11,5,77,69,60,68,63,9,40,0,59,69,26,23,8,0,0,0,0,5,21,0,0,0,56,54,0,0,0,0,0,0,0,0,0,0,0,0,0
l2,10=89,85,0,54,90,32,38,0,80,85,64,75,66,50,40,0,67,63,39,37,0,0,0,0,33,10,9,0,0,0,0,53,0,0,0,0,0,0,0,0,0,0,0,18,0
l3,10=90,85,40,0,90,32,38,2,78,73,54,76,67,22,0,0,49,50,0,0,0,0,0,0,0,0,0,0,0,0,60,51,0,0,0,0,0,0,0,0,0,0,0,0,0
l4,10=90,87,55,69,0,32,7,0,69,67,56,64,65,18,19,0,44,61,5,0,0,0,0,0,0,0,0,0,0,0,56,55,0,0,0,0,0,0,0,0,0,0,0,0,0
l5,10=90,87,86,69,90,0,32,4,75,66,62,84,63,59,37,0,53,59,31,32,0,0,0,0,0,0,0,0,0,0,54,51,0,0,0,0,0,0,4,0,0,0,0,3,0
l6,10=78,87,85,64,89,18,0,0,78,76,60,82,67,44,41,0,70,64,39,14,3,0,0,0,32,1,0,1,0,0,29,60,0,0,0,0,0,0,0,0,0,0,0,0,0
l7,10=74,87,83,55,78,19,33,0,80,87,79,83,76,58,44,0,81,74,36,72,60,51,0,44,28,36,29,56,0,0,44,50,0,0,0,0,0,0,0,0,0,0,0,0,0
l8,10=73,87,85,54,78,16,29,0,0,80,75,79,72,45,69,0,66,60,68,70,61,46,0,17,32,13,33,55,0,0,0,0,0,0,0,0,0,0,0,0,0,0,0,1,0
l9,10=74,76,73,54,76,14,26,0,66,0,70,84,80,53,80,0,75,60,44,29,58,54,0,47,40,13,16,28,0,0,0,56,0,0,0,0,0,0,0,0,0,0,0,0,0
l10,10=43,70,70,50,74,14,26,0,66,76,0,77,81,52,83,0,83,68,78,29,66,50,1,56,38,39,36,42,0,0,58,64,0,0,0,0,0,0,0,0,2,0,44,20,0
l11,10=39,65,73,49,75,20,26,0,66,82,70,0,81,62,81,0,75,26,73,40,63,16,0,50,38,23,26,50,0,0,35,31,0,0,0,0,0,0,0,0,0,0,0,6,0
l12,10=66,78,73,54,76,14,26,0,66,77,72,82,0,54,80,0,75,73,44,16,59,49,34,44,37,24,33,22,0,0,64,3,0,0,0,0,0,0,0,0,0,0,43,0,0
l13,10=72,61,74,54,76,15,26,0,66,88,70,84,81,0,78,0,75,1,72,37,66,37,33,54,25,12,32,45,0,0,0,59,0,0,0,0,0,0,0,0,0,0,0,10,0
l14,10=22,45,55,12,30,6,18,0,35,53,70,73,73,46,0,0,83,81,87,30,76,35,30,48,41,39,31,50,0,0,75,67,0,5,0,0,0,0,0,0,7,14,52,26,3
l15,10=21,43,68,3,32,5,23,0,31,58,76,77,73,53,84,0,0,73,87,64,66,51,18,51,43,42,30,44,0,0,74,67,0,0,0,0,0,0,0,0,3,12,33,24,0
l16,10=10,59,29,25,45,15,22,1,10,26,57,21,71,0,91,0,77,0,52,50,93,0,0,57,68,12,39,3,0,0,100,89,2,1,0,0,0,0,16,0,91,0,51,24,5
l17,10=20,10,33,14,32,7,20,3,51,35,71,77,65,50,91,0,87,86,0,84,94,0,37,52,47,65,52,38,0,0,73,64,0,0,0,0,0,0,0,0,0,22,34,21,5
l18,10=2,14,44,0,7,0,1,0,35,22,39,60,33,36,50,0,82,97,87,0,94,60,44,58,90,91,30,85,0,0,59,52,1,9,0,0,25,11,5,31,9,61,49,15,31
l19,10=0,6,0,0,0,0,7,0,33,29,73,66,56,48,91,0,84,98,87,87,0,60,0,80,86,55,50,69,0,0,85,78,0,1,0,0,0,0,9,38,62,64,61,48,43
l20,10=0,0,0,0,0,0,0,1,58,58,58,49,64,20,69,0,64,40,33,78,76,0,97,92,77,90,82,92,0,0,0,0,51,59,0,62,30,0,78,63,0,0,23,27,15
l21,10=0,0,0,0,0,0,0,0,0,0,22,0,68,50,79,0,70,7,56,84,0,94,0,93,88,91,79,92,0,0,0,0,0,76,0,25,0,0,14,0,0,1,74,82,63
l22,10=0,0,0,0,0,0,0,3,20,31,66,46,51,37,36,0,64,71,59,75,73,94,86,0,90,91,89,93,0,0,0,0,76,83,0,49,76,41,83,73,9,28,75,74,81
l23,10=0,0,11,0,0,0,5,3,42,54,48,47,54,11,75,0,75,71,75,83,79,79,87,93,0,91,89,91,0,0,60,45,53,80,0,57,34,20,82,77,13,31,80,83,85
l24,10=0,1,32,0,0,0,5,3,42,48,59,55,62,33,81,0,61,62,69,85,86,92,88,92,90,0,89,85,0,0,17,37,52,40,0,36,43,24,63,46,65,40,49,82,35
l25,10=0,1,0,0,0,0,4,1,45,34,65,42,56,35,60,0,55,69,68,72,86,73,46,92,90,91,0,90,0,0,42,0,77,55,0,50,56,33,78,71,9,0,79,83,85
l26,10=0,0,0,0,0,0,0,0,52,27,51,58,47,21,77,0,71,41,62,80,76,93,85,93,88,84,88,0,0,0,0,0,71,86,0,35,82,81,83,66,9,67,75,74,77
l27,10=9,18,0,42,50,17,0,0,0,0,35,32,35,11,90,0,85,98,49,20,78,0,0,0,20,0,3,0,0,0,0,89,5,0,0,35,39,25,51,59,94,85,18,0,0
l28,10=17,24,12,38,57,12,10,0,0,28,42,27,14,30,55,0,66,98,41,17,44,0,0,0,12,0,0,1,0,0,100,0,14,14,0,0,0,0,47,8,94,88,0,8,0
l29,10=0,0,0,0,0,0,0,0,0,0,0,0,0,0,0,0,0,64,0,39,0,55,0,83,72,70,77,80,0,0,73,82,0,94,0,95,90,95,93,92,84,90,57,66,0
l30,10=0,0,0,0,0,0,0,0,0,0,0,0,0,0,44,0,0,32,0,15,0,74,62,90,86,42,54,88,0,0,0,79,90,0,0,95,90,95,93,92,89,91,49,38,23
l31,10=0,0,0,0,0,0,0,0,0,0,0,0,0,0,0,0,0,0,0,0,0,83,8,77,81,54,76,65,0,0,85,0,90,94,0,0,91,95,93,92,89,91,0,2,9
l32,10=0,0,0,0,0,0,0,0,0,0,0,0,0,0,0,0,0,0,0,11,0,29,0,81,53,71,70,81,0,0,73,0,90,94,0,95,0,95,93,89,78,86,0,28,0
l33,10=0,0,0,0,0,0,0,0,0,0,0,0,0,0,0,0,0,0,0,0,0,0,0,79,48,5,69,81,0,0,82,0,90,94,0,94,91,0,93,92,84,90,0,0,0
l34,10=0,0,0,0,0,5,0,0,0,0,0,0,0,0,0,0,0,75,0,27,33,59,0,87,70,47,54,72,0,0,87,85,90,95,0,94,90,95,0,92,94,92,43,1,13
l35,10=0,0,0,0,0,0,0,0,0,0,0,0,0,0,1,0,0,0,6,19,48,60,0,84,53,11,20,56,0,0,94,45,90,95,0,88,90,94,93,0,94,92,0,10,0
l36,10=0,0,0,0,1,3,0,0,0,0,20,0,0,0,27,0,15,90,0,16,43,0,0,53,45,21,4,38,0,0,100,64,51,95,0,93,83,60,93,97,0,92,2,1,0
l37,10=0,0,0,0,0,0,0,0,0,0,0,0,0,0,47,0,44,0,31,76,75,0,0,54,28,38,2,62,0,0,93,86,90,95,0,73,90,80,93,97,94,0,7,0,0
l38,10=0,0,0,0,0,0,0,0,0,0,26,0,54,0,69,0,53,48,22,65,60,21,49,63,87,62,85,76,0,0,14,0,51,20,0,0,0,0,25,0,0,0,0,86,90
l39,10=0,0,8,0,0,1,0,0,10,0,26,3,0,0,69,0,60,70,29,52,64,19,44,57,86,83,84,72,0,0,0,22,45,39,0,0,9,0,0,0,0,0,82,0,90
l40,10=0,0,0,0,0,0,0,0,0,0,0,0,0,0,64,0,0,53,58,72,59,58,30,59,87,56,86,69,0,0,0,0,0,1,0,0,0,0,0,0,0,0,82,83,0
l41,10=0,0,0,0,0,0,0,0,27,2,0,42,52,0,81,0,69,59,62,84,78,49,1,84,84,84,87,59,0,0,31,62,0,0,0,0,0,0,0,0,7,0,82,83,86
l42,10=0,0,0,0,0,0,0,0,0,0,0,0,0,0,55,0,49,55,46,79,60,61,44,85,88,85,70,85,0,0,0,0,1,0,0,0,0,0,55,0,0,0,79,83,82
l43,10=0,0,0,0,0,0,0,0,0,0,1,0,0,0,40,0,0,0,52,71,51,66,42,83,71,83,88,90,0,0,0,0,44,0,0,0,0,0,20,2,22,0,79,78,86
l44,10=0,0,0,0,0,0,0,0,0,0,0,4,37,0,49,0,42,22,13,53,44,51,58,92,88,90,88,85,0,0,0,0,32,21,0,0,35,0,32,0,0,0,82,83,63

l0,11=0,89,44,67,79,66,37,0,76,66,45,65,32,32,11,0,40,44,47,27,0,0,0,0,0,0,0,0,0,0,27,45,0,0,0,0,0,0,0,0,0,0,0,0,0
l1,11=80,0,31,62,78,65,42,0,82,68,58,61,28,13,33,0,49,49,51,1,0,0,0,0,0,0,0,0,0,0,45,0,0,0,0,0,0,0,0,0,0,0,0,0,0
l2,11=79,81,0,48,78,66,49,0,85,64,62,65,28,50,20,0,58,46,56,50,10,0,0,0,1,4,0,0,0,0,42,0,0,0,0,0,0,0,0,0,0,0,0,0,0
l3,11=87,89,36,0,78,66,31,0,82,57,31,56,17,12,0,0,31,31,50,0,0,0,0,0,0,0,0,0,0,0,31,42,0,0,0,0,0,0,0,0,0,0,0,0,0
l4,11=89,89,44,69,0,66,31,0,77,68,1,50,27,9,16,0,29,0,0,0,0,0,0,0,0,0,0,0,0,0,30,0,0,0,0,0,0,0,0,0,0,0,0,0,0
l5,11=87,88,44,62,79,0,32,0,49,57,62,68,28,59,17,0,59,46,0,23,0,0,0,0,0,0,0,0,0,0,58,42,0,0,0,0,0,0,21,0,0,0,0,0,0
l6,11=77,89,41,61,74,59,0,0,78,62,62,67,32,56,17,0,57,53,60,49,3,0,0,0,0,4,0,0,0,0,41,0,0,0,0,0,0,0,0,0,0,0,0,0,0
l7,11=73,89,49,49,51,63,57,0,86,81,61,69,36,62,61,0,68,57,0,56,38,51,0,32,0,6,24,41,0,0,0,15,0,0,0,0,0,0,0,0,0,0,0,0,0
l8,11=73,84,38,50,50,30,30,0,0,63,62,65,27,31,58,0,64,53,62,54,21,27,0,36,1,3,22,27,0,0,3,0,0,0,0,0,0,0,0,0,0,0,0,0,0
l9,11=73,81,45,33,50,42,32,1,79,0,63,70,33,53,64,0,67,23,60,47,37,29,0,34,1,5,22,29,0,0,0,0,0,0,0,0,0,0,0,0,0,0,12,0,0
l10,11=50,48,25,29,25,42,31,0,81,73,0,65,38,49,46,0,81,54,72,53,62,22,26,36,1,5,21,26,0,0,44,44,0,0,0,0,0,0,0,0,0,2,52,22,0
l11,11=46,39,31,44,27,52,31,0,79,77,65,0,38,64,65,0,66,0,67,53,51,2,0,27,0,4,23,1,0,0,16,32,0,0,0,0,0,0,0,0,0,0,22,0,0
l12,11=53,48,19,0,26,42,30,0,77,74,66,67,0,57,63,0,69,32,62,43,54,25,9,23,1,5,22,21,0,0,41,43,0,0,0,0,0,0,0,0,0,0,39,0,0
l13,11=68,66,37,8,45,52,34,0,76,81,65,70,38,0,58,0,66,49,64,43,40,34,6,52,1,4,30,17,0,0,10,44,0,0,0,0,0,0,0,0,15,0,0,12,0
l14,11=0,43,14,0,23,3,13,0,68,55,62,65,30,17,0,0,79,78,78,66,79,33,1,5,1,6,30,28,0,0,28,47,0,1,0,0,0,0,3,5,9,28,71,50,2
l15,11=6,13,14,21,19,18,16,0,68,74,72,65,34,37,83,0,0,55,78,65,71,32,1,25,1,5,22,14,0,0,48,45,0,0,0,0,0,0,0,4,0,2,32,24,2
l16,11=41,39,0,7,1,20,14,0,41,0,49,0,21,2,56,0,59,0,78,79,91,6,0,23,4,6,18,2,0,0,76,72,0,11,0,0,0,7,16,2,27,78,57,24,5
l17,11=8,1,13,11,0,0,11,0,71,27,65,64,30,30,87,0,82,79,0,77,85,33,1,28,11,6,25,25,0,0,42,45,0,0,0,0,0,0,0,0,5,25,0,10,3
l18,11=17,0,18,0,0,11,22,0,57,6,49,53,20,16,50,0,70,81,78,0,91,42,36,35,79,76,34,56,0,0,34,46,19,11,0,11,1,5,30,22,21,70,60,31,24
l19,11=0,0,0,0,0,0,8,0,31,11,65,55,29,16,87,0,81,86,78,79,0,41,0,6,77,75,59,30,0,0,8,42,0,0,0,0,0,0,14,0,24,40,40,30,6
l20,11=0,0,0,0,0,0,0,0,53,60,44,46,22,40,57,0,51,41,59,73,73,0,95,88,74,75,78,88,0,0,0,0,35,58,0,50,0,2,68,60,0,0,61,61,77
l21,11=0,0,0,0,0,0,0,0,0,0,62,37,30,42,62,0,56,0,54,75,0,90,0,90,80,78,84,89,0,0,0,0,0,68,0,23,0,0,55,0,7,0,75,52,62
l22,11=0,0,0,0,0,0,0,1,53,52,63,48,25,51,62,0,62,56,65,66,54,85,84,0,80,74,82,88,0,0,0,47,64,84,0,64,51,68,71,41,29,47,75,74,60
l23,11=0,0,13,0,0,0,0,0,50,54,50,37,24,7,32,0,65,52,66,74,76,59,68,90,0,78,84,88,0,0,42,38,35,22,0,30,19,0,57,40,17,0,72,85,81
l24,11=0,0,15,0,0,0,13,1,39,50,52,51,32,33,58,0,56,46,58,77,79,86,72,88,80,0,84,65,0,0,13,8,39,28,0,32,20,22,59,50,17,29,83,83,63
l25,11=0,0,0,0,0,0,0,0,43,31,45,46,18,14,65,0,50,42,55,72,72,67,64,88,80,78,0,78,0,0,0,25,63,11,0,4,33,49,42,19,9,53,82,84,82
l26,11=0,0,0,0,0,0,0,1,51,56,57,27,23,10,69,0,55,42,60,74,71,90,84,90,78,70,79,0,0,0,0,6,68,80,0,73,77,77,80,0,0,64,77,74,77
l27,11=6,30,10,23,30,25,11,0,26,0,18,46,23,3,19,0,65,86,59,44,44,0,0,0,1,2,0,0,0,0,0,72,20,22,0,7,4,28,49,26,59,47,0,5,1
l28,11=9,0,0,18,19,17,0,1,0,0,14,44,18,5,23,0,55,86,52,40,52,0,0,6,1,3,17,0,0,0,94,0,26,13,0,4,8,0,61,21,21,47,12,5,0
l29,11=0,0,0,0,0,0,0,0,0,0,0,0,0,0,0,0,0,0,0,38,0,57,0,60,61,61,71,62,0,0,14,58,0,95,0,91,87,92,90,89,87,89,33,17,2
l30,11=0,0,0,0,0,0,0,0,0,0,0,0,0,0,15,0,0,38,0,41,0,63,8,40,32,35,44,26,0,0,22,26,80,0,0,91,87,92,90,71,90,89,0,3,0
l31,11=0,0,0,0,0,0,0,0,0,0,0,0,0,0,0,0,0,1,0,59,0,69,9,65,71,60,26,72,0,0,77,52,80,95,0,0,87,92,90,87,73,85,0,0,0
l32,11=0,0,0,0,0,0,0,0,0,0,0,0,0,0,0,0,0,0,0,39,0,0,0,61,16,50,68,68,0,0,20,55,80,95,0,91,0,93,90,83,82,84,0,17,0
l33,11=0,0,0,0,0,0,0,0,0,0,0,0,0,0,0,0,0,21,0,1,0,0,0,67,0,25,62,74,0,0,72,0,79,95,0,91,87,0,90,88,88,88,0,0,0
l34,11=0,0,0,0,0,11,0,0,0,0,0,0,0,0,4,0,0,34,0,41,30,72,2,62,69,59,51,33,0,0,27,66,80,95,0,90,87,92,0,89,96,91,17,0,0
l35,11=0,0,0,0,0,0,0,0,0,0,0,0,0,0,14,0,14,28,0,46,7,32,0,8,19,34,36,0,0,0,59,33,80,30,0,60,54,58,90,0,96,91,0,0,0
l36,11=0,0,0,0,0,6,0,0,0,0,0,0,0,0,18,0,0,52,20,50,73,0,0,4,16,1,21,0,0,0,75,35,79,95,0,8,28,58,90,92,0,91,0,0,0
l37,11=0,0,0,0,0,0,0,0,0,0,0,0,0,0,15,0,6,72,29,70,70,0,0,7,0,10,37,8,0,0,81,62,78,95,0,70,84,84,90,92,96,0,0,2,0
l38,11=0,0,0,0,0,0,0,0,0,0,11,14,15,0,57,0,2,58,0,56,50,36,23,63,61,62,70,59,0,0,0,0,8,0,0,0,0,0,0,0,0,0,0,85,79
l39,11=0,0,0,0,0,0,0,0,0,0,9,0,6,7,66,0,63,53,50,69,52,50,0,66,77,71,78,59,0,0,15,30,20,13,0,0,7,0,0,0,0,0,87,0,86
l40,11=0,0,0,0,0,0,0,0,0,0,0,0,0,0,25,0,6,53,7,66,57,61,2,58,76,57,77,72,0,0,13,0,0,0,0,0,0,0,0,0,0,0,84,85,0
l41,11=0,0,0,0,0,0,0,0,47,35,35,52,14,13,30,0,60,54,70,77,60,55,6,65,58,75,78,37,0,0,0,40,0,0,0,2,0,0,0,0,14,46,85,85,83
l42,11=0,0,0,0,0,0,0,0,0,0,0,0,0,0,51,0,42,0,45,68,57,61,51,72,78,72,77,81,0,0,0,0,36,0,0,13,0,0,48,0,0,26,84,85,83
l43,11=0,0,0,0,0,0,0,0,0,0,0,0,10,0,24,0,0,34,42,66,51,74,12,79,72,71,81,78,0,0,0,0,35,37,0,31,0,0,45,0,0,0,83,80,83
l44,11=0,0,0,0,0,0,0,0,0,0,11,8,16,0,53,0,39,0,48,72,39,69,48,86,77,76,80,51,0,0,0,0,41,0,0,0,42,0,5,8,0,0,85,80,85

l0,12=0,35,14,4,34,49,9,0,83,19,39,54,73,75,36,0,32,59,4,24,0,0,0,0,0,0,0,0,0,0,21,0,0,0,0,0,0,0,0,0,0,0,0,0,0
l1,12=15,0,28,11,34,48,7,0,83,59,36,52,70,61,45,0,48,66,0,0,0,0,0,0,0,41,0,0,0,0,26,41,0,0,0,0,0,0,0,0,0,0,0,0,0
l2,12=85,73,0,5,29,45,7,0,84,56,68,68,73,74,33,0,62,20,1,63,17,0,0,0,0,0,0,0,0,0,6,43,0,0,0,0,0,0,0,0,0,0,0,0,0
l3,12=90,61,13,0,34,36,3,1,15,6,1,28,56,71,0,0,14,62,0,0,0,0,0,0,0,0,0,0,0,0,29,0,0,0,0,0,0,0,0,0,4,0,0,0,0
l4,12=91,74,30,23,0,49,7,2,80,18,23,48,59,69,32,0,27,41,0,0,0,0,0,0,0,0,0,0,0,0,25,40,0,0,0,0,0,0,0,0,0,0,0,0,0
l5,12=90,74,14,23,34,0,12,1,83,14,38,46,67,73,35,0,25,60,50,23,0,0,0,0,0,0,0,0,0,0,16,0,0,0,0,0,0,0,12,0,0,0,0,0,0
l6,12=82,73,19,5,28,38,0,1,83,37,51,47,73,75,38,0,46,73,61,43,0,0,0,0,21,0,6,0,0,0,13,17,0,0,0,0,0,0,0,0,0,0,0,0,0
l7,12=34,55,46,22,28,38,35,0,86,63,42,76,81,83,70,0,47,72,55,49,0,27,0,14,38,52,0,20,0,0,18,0,0,0,0,0,0,0,0,0,0,0,0,0,0
l8,12=35,76,48,0,28,37,36,1,0,60,66,45,55,71,57,0,47,70,61,49,16,0,0,13,0,53,29,24,0,0,0,0,0,0,0,0,0,0,0,0,0,0,0,4,0
l9,12=34,67,6,1,28,26,2,1,82,0,67,77,83,83,54,0,63,69,56,28,8,32,0,15,43,56,27,24,0,0,9,1,0,0,0,0,0,0,0,0,0,0,0,0,0
l10,12=31,53,20,0,19,38,23,1,76,37,0,76,83,83,76,0,75,58,74,64,30,19,9,52,55,55,41,19,0,0,2,54,0,0,0,0,0,0,0,0,0,0,0,13,0
l11,12=76,63,14,1,28,37,5,3,73,61,69,0,77,84,73,0,65,51,63,58,25,0,0,0,32,44,27,19,0,0,18,0,0,0,0,0,0,0,0,0,0,0,0,50,6
l12,12=34,60,18,1,25,37,32,2,68,56,69,69,0,81,68,0,66,61,66,59,30,10,51,27,69,58,24,9,0,0,29,14,0,0,0,0,0,0,0,0,0,0,7,24,0
l13,12=32,33,19,5,27,37,7,4,70,65,65,77,83,0,63,0,68,54,59,44,4,0,51,12,14,48,30,20,0,0,0,6,0,0,0,0,0,0,0,0,0,0,0,19,0
l14,12=18,48,0,0,10,29,1,1,68,23,36,48,69,61,0,0,75,94,90,69,85,9,0,46,59,66,62,32,0,0,40,62,0,0,0,0,0,0,4,0,4,0,73,75,6
l15,12=28,29,10,0,20,27,5,0,58,42,73,68,79,80,86,0,0,68,90,79,62,22,17,0,64,59,47,30,0,0,62,38,0,0,0,0,0,0,0,2,3,0,5,59,21
l16,12=14,25,1,0,16,30,23,1,35,3,5,21,67,43,87,0,70,0,90,74,54,0,0,31,7,0,17,5,0,0,54,78,0,13,0,0,0,0,46,9,50,51,20,69,41
l17,12=3,7,7,0,8,24,8,1,62,18,51,49,75,70,87,0,74,93,0,80,81,21,30,57,75,74,59,33,0,0,42,67,0,0,0,0,0,0,6,9,3,0,3,55,0
l18,12=18,7,15,0,11,29,14,4,57,12,34,45,64,61,84,0,72,88,88,0,84,51,63,58,77,76,56,44,0,0,39,46,32,29,0,8,0,0,42,44,19,37,49,74,69
l19,12=0,0,1,0,0,12,1,0,30,6,51,63,77,32,87,0,75,98,90,85,0,31,0,73,86,81,71,27,0,0,47,57,0,29,0,0,0,0,40,22,36,1,79,50,24
l20,12=0,0,3,0,0,5,0,1,0,37,8,5,50,38,53,0,52,32,66,84,61,0,96,85,83,79,64,88,0,0,0,0,48,71,0,63,45,59,78,53,8,0,30,68,75
l21,12=0,0,0,0,0,0,0,0,0,0,38,22,67,62,0,0,54,0,71,84,0,89,0,84,85,80,74,89,0,0,0,0,0,63,0,0,0,0,64,32,0,0,71,0,81
l22,12=0,0,0,0,0,0,0,4,58,17,38,2,61,58,52,0,0,71,76,77,73,88,80,0,86,80,75,89,0,0,0,0,72,82,0,71,57,60,78,70,0,15,68,78,74
l23,12=0,0,0,0,0,0,0,8,0,22,31,33,65,0,63,0,61,0,82,85,80,83,73,85,0,81,75,82,0,0,28,0,56,54,0,69,14,0,65,36,16,35,43,82,83
l24,12=0,12,1,0,0,1,10,6,57,28,41,49,73,51,69,0,58,20,81,84,83,86,66,85,86,0,75,75,0,0,28,0,57,58,0,54,0,38,63,49,27,0,82,65,82
l25,12=0,0,0,0,0,0,0,1,47,14,23,34,44,52,69,0,53,52,69,72,62,65,62,85,86,81,0,72,0,0,0,44,56,54,0,32,52,0,52,33,0,62,81,81,71
l26,12=0,0,0,0,0,0,0,6,57,27,35,50,51,52,61,0,55,62,67,77,56,88,87,85,81,74,66,0,0,0,0,32,73,70,0,80,66,41,78,52,0,14,64,65,77
l27,12=13,22,1,2,21,23,3,4,0,3,3,14,54,0,71,0,69,98,51,49,19,0,0,0,23,31,0,0,0,0,0,86,19,13,0,12,1,53,63,72,55,38,0,20,23
l28,12=0,18,1,0,21,0,0,0,0,0,24,0,36,19,78,0,57,98,80,45,20,0,0,0,0,0,22,0,0,0,87,0,41,2,0,12,19,15,87,29,46,53,0,31,0
l29,12=0,0,0,0,0,0,0,0,0,0,0,0,0,0,0,0,0,0,0,60,0,26,0,69,65,66,49,67,0,0,56,64,0,91,0,89,77,95,90,88,82,90,0,34,17
l30,12=0,0,0,0,1,0,0,0,0,0,0,0,0,0,0,0,0,52,0,56,27,42,30,74,62,65,39,62,0,0,35,41,84,0,0,89,77,95,90,88,90,90,33,23,26
l31,12=0,0,0,0,0,0,0,0,0,0,0,0,0,0,0,0,0,1,0,59,0,48,0,70,74,55,30,73,0,0,67,65,84,91,0,0,77,95,87,83,83,90,35,0,0
l32,12=0,0,0,0,0,0,0,0,0,0,0,0,0,0,0,0,0,0,0,0,0,56,0,66,50,0,57,65,0,0,59,66,84,91,0,89,0,95,90,85,77,90,0,0,0
l33,12=0,0,0,0,0,0,0,0,0,0,0,0,0,0,0,0,0,0,0,0,0,20,0,67,0,0,0,2,0,0,68,30,84,91,0,89,77,0,90,88,82,87,0,0,0
l34,12=0,0,0,0,0,26,0,0,0,0,0,0,0,0,12,0,0,61,24,59,1,51,24,70,64,55,30,78,0,0,63,76,84,91,0,88,77,95,0,91,94,93,18,36,49
l35,12=0,0,0,0,0,0,0,0,0,0,0,0,0,0,0,0,3,67,14,64,29,13,8,71,61,49,26,11,0,0,80,79,84,91,0,87,76,95,90,0,94,93,1,5,0
l36,12=0,0,0,0,0,0,0,0,0,0,3,5,14,0,54,0,42,92,23,65,31,1,0,0,60,54,0,0,0,0,87,82,76,91,0,19,59,83,90,93,0,93,0,0,0
l37,12=0,0,0,0,20,1,0,0,0,0,0,0,0,0,59,0,0,90,33,70,22,2,0,56,65,0,30,7,0,0,77,80,84,91,0,89,77,87,90,93,94,0,0,24,0
l38,12=0,0,0,0,0,0,0,0,0,0,0,0,24,0,71,0,40,60,4,75,57,28,18,66,63,71,73,67,0,0,0,0,0,0,0,0,0,0,5,0,0,0,0,82,81
l39,12=0,0,0,0,0,0,0,0,0,0,0,20,26,23,67,0,53,59,52,69,0,58,0,65,84,58,73,56,0,0,3,24,18,0,0,0,0,0,35,0,0,0,83,0,91
l40,12=0,0,0,0,0,0,0,0,0,0,0,0,0,0,5,0,21,60,0,77,0,63,59,64,73,67,68,71,0,0,21,0,0,0,0,0,0,0,21,0,0,0,78,81,0
l41,12=0,0,0,0,0,0,0,0,44,14,22,0,49,0,70,0,52,66,81,84,68,57,49,68,80,69,70,57,0,0,27,0,0,0,0,0,0,0,48,0,5,16,83,82,88
l42,12=0,0,0,0,0,0,0,0,0,0,0,0,0,0,33,0,6,0,47,82,54,78,59,84,83,77,73,78,0,0,0,0,47,23,0,35,0,0,67,0,0,27,83,82,91
l43,12=0,0,0,0,0,0,0,0,0,0,0,0,35,0,46,0,40,26,61,75,42,73,53,79,79,74,74,68,0,0,0,0,50,58,0,39,0,0,54,0,0,0,78,80,81
l44,12=0,0,0,0,0,0,0,0,0,0,31,0,3,0,40,0,46,0,32,75,47,79,52,77,83,78,72,57,0,0,0,0,45,26,0,0,2,0,0,0,0,0,82,81,84

l0,13=0,87,93,90,93,94,82,89,94,51,65,79,54,93,63,0,34,3,0,5,0,0,0,0,0,0,0,0,0,0,39,32,0,0,0,0,0,0,0,0,0,0,0,0,0
l1,13=85,0,90,90,93,94,82,85,94,47,62,78,90,87,76,0,70,50,40,52,2,0,0,0,15,0,0,0,0,0,0,24,0,0,0,0,0,0,0,0,0,0,0,0,0
l2,13=83,86,0,83,93,94,82,92,94,87,79,87,90,93,76,0,25,22,38,60,35,9,0,23,4,1,8,1,0,0,21,7,0,0,0,0,0,0,0,0,0,0,0,0,0
l3,13=85,86,86,0,93,94,75,75,94,27,57,75,51,83,68,0,32,45,0,59,0,0,0,0,0,0,0,0,0,0,0,17,0,0,0,0,0,0,0,0,0,0,0,0,0
l4,13=85,77,92,90,0,94,81,83,94,48,54,79,54,87,0,0,20,0,0,2,0,0,0,0,0,0,0,0,0,0,25,18,0,0,0,0,0,0,0,0,0,1,0,0,0
l5,13=85,87,93,90,93,0,82,86,94,39,71,79,55,90,69,0,36,16,32,38,0,0,0,0,0,0,0,0,0,0,19,19,0,0,0,0,0,0,0,0,1,0,0,0,0
l6,13=78,85,93,82,93,94,0,87,94,45,59,78,90,90,75,0,78,2,48,70,23,0,0,0,30,17,0,0,0,0,28,0,0,0,0,0,0,0,0,0,0,0,0,0,0
l7,13=64,85,92,81,89,92,81,0,94,84,80,87,90,93,84,0,83,39,78,77,27,26,27,65,57,55,55,71,0,0,23,20,0,0,0,0,0,0,0,0,0,0,0,49,0
l8,13=68,85,92,80,93,93,81,94,0,87,79,87,90,83,87,0,28,17,76,65,44,14,68,57,53,35,42,46,0,0,0,0,0,0,0,0,0,0,0,0,0,0,0,0,0
l9,13=65,77,85,27,89,53,70,67,94,0,82,88,90,93,82,0,83,15,72,76,59,47,7,45,71,17,14,46,0,0,28,25,0,0,0,0,0,0,0,0,0,0,0,0,0
l10,13=41,77,61,27,55,86,45,55,61,88,0,88,91,92,83,0,94,29,69,83,77,19,0,66,74,60,48,47,0,0,35,41,0,0,0,0,0,0,0,0,40,0,0,61,0
l11,13=65,79,86,26,89,84,78,85,93,88,85,0,91,93,82,0,68,18,70,75,50,50,5,45,67,7,48,46,0,0,26,38,0,0,0,0,0,0,0,0,3,0,0,58,0
l12,13=64,81,85,30,87,50,78,90,90,83,90,88,0,93,82,0,90,20,80,77,75,17,24,48,76,73,44,53,0,0,51,0,0,0,0,0,0,0,0,0,0,0,0,46,0
l13,13=69,72,93,27,89,87,79,85,60,88,90,88,91,0,80,0,89,6,80,69,70,20,61,66,70,56,48,38,0,0,5,36,0,0,0,0,0,0,0,0,0,0,0,60,0
l14,13=28,70,30,16,0,42,36,50,62,74,74,82,89,81,0,0,94,33,89,90,100,75,30,0,79,66,52,46,0,0,46,44,0,0,0,0,0,0,0,0,67,20,30,68,44
l15,13=28,77,23,17,44,63,74,70,0,79,89,85,91,89,95,0,0,56,89,88,90,68,44,44,74,61,12,52,0,0,90,78,0,0,0,0,0,0,0,0,14,1,0,52,25
l16,13=0,71,34,26,1,11,3,6,47,43,81,70,79,71,89,0,25,0,69,93,100,4,0,41,29,17,28,43,0,0,62,56,0,13,0,0,0,1,27,48,85,34,0,37,48
l17,13=0,53,0,0,0,41,38,30,58,61,82,62,89,84,95,0,94,95,0,93,100,66,45,46,83,50,30,45,0,0,47,50,0,0,0,0,0,0,0,7,35,10,7,67,8
l18,13=19,0,23,12,0,11,17,29,51,67,80,75,84,28,89,0,91,95,88,0,99,91,79,74,82,89,78,91,0,0,49,17,7,0,0,31,0,0,22,52,79,27,12,50,81
l19,13=0,0,12,0,0,0,0,0,5,65,84,80,87,39,95,0,94,96,89,93,0,78,37,84,91,94,54,44,0,0,93,50,0,0,0,0,0,0,1,48,74,24,48,84,72
l20,13=0,0,0,0,0,0,0,17,54,67,31,70,71,4,80,0,73,24,72,91,79,0,97,89,90,90,43,96,0,0,0,3,67,78,0,65,63,80,88,0,15,46,82,80,88
l21,13=0,0,0,0,0,0,0,21,65,17,0,5,77,80,82,0,82,0,79,85,80,97,0,88,90,87,91,96,0,0,0,0,78,1,0,26,0,0,81,0,0,0,86,90,88
l22,13=0,0,0,0,0,0,0,41,47,59,72,65,69,71,0,0,42,21,71,77,82,97,87,0,91,94,95,97,0,0,0,4,71,69,0,62,68,26,83,81,0,10,88,90,81
l23,13=0,0,0,0,0,0,4,66,52,67,70,65,79,7,90,0,86,60,85,87,97,93,94,91,0,94,96,95,0,0,0,42,71,47,0,82,17,0,86,67,52,85,92,96,92
l24,13=0,0,0,0,0,0,4,43,36,58,69,0,88,74,93,0,90,35,88,91,97,96,78,89,91,0,96,95,0,0,44,0,78,79,0,64,33,1,75,43,70,31,92,96,94
l25,13=0,0,0,0,0,0,0,20,43,53,72,71,74,63,88,0,5,15,54,88,86,55,84,89,91,94,0,42,0,0,32,0,79,0,0,71,50,26,62,73,5,28,92,96,92
l26,13=0,0,0,0,0,0,0,9,55,61,50,69,71,56,71,0,84,65,70,89,71,96,96,89,88,87,74,0,0,0,24,3,90,84,0,92,83,57,94,80,41,34,80,88,90
l27,13=30,2,17,0,39,7,3,4,0,48,0,53,86,2,81,0,16,44,35,53,57,0,0,0,0,15,19,9,0,0,0,91,12,16,0,66,26,0,28,55,89,19,0,0,0
l28,13=33,60,22,28,39,13,0,0,0,31,66,72,61,63,79,0,16,34,36,54,54,0,0,1,25,0,0,0,0,0,100,0,0,42,0,69,30,2,32,47,89,22,0,25,12
l29,13=0,0,0,0,0,0,0,0,0,0,0,0,0,0,0,0,0,0,0,31,0,73,55,64,69,75,79,86,0,0,80,0,0,90,0,93,93,95,95,93,93,73,13,66,0
l30,13=0,0,0,0,0,0,0,0,0,0,0,0,0,0,0,0,0,30,0,43,0,63,48,70,28,49,23,85,0,0,58,27,90,0,0,93,92,93,95,93,92,93,0,28,0
l31,13=0,0,0,0,0,0,0,0,0,0,0,0,0,0,0,0,0,0,0,67,0,76,0,71,78,76,84,89,0,0,83,76,90,90,0,0,93,95,95,88,89,91,27,0,0
l32,13=0,0,0,0,0,0,0,0,0,0,0,0,0,0,0,0,0,0,0,0,0,73,0,74,66,70,82,85,0,0,75,78,90,90,0,93,0,95,95,93,88,94,0,0,0
l33,13=0,0,0,0,0,0,0,0,0,0,0,0,0,0,0,0,0,46,0,0,0,80,0,70,0,0,76,80,0,0,66,77,90,90,0,93,93,0,95,93,94,81,0,0,0
l34,13=0,0,0,0,0,0,0,0,0,0,0,0,0,0,0,0,0,28,0,46,36,71,55,81,52,31,45,92,0,0,87,82,90,90,0,93,93,95,0,95,99,97,0,0,43
l35,13=0,0,0,0,0,0,0,0,0,0,0,0,0,0,0,0,0,38,27,46,45,0,0,72,27,21,30,69,0,0,95,4,90,90,0,90,93,95,95,0,99,97,3,30,0
l36,13=0,0,0,0,17,2,0,0,0,0,32,4,61,0,69,0,12,1,25,51,51,4,0,0,22,22,1,17,0,0,100,88,90,80,0,81,36,26,95,95,0,97,0,12,0
l37,13=0,0,0,0,39,0,0,0,0,0,0,0,0,0,65,0,0,57,26,48,43,57,0,46,33,21,45,26,0,0,96,53,32,90,0,93,93,30,95,95,99,0,0,0,0
l38,13=0,0,0,0,0,0,0,0,0,0,0,0,0,0,76,0,0,5,33,76,79,70,2,70,89,86,94,45,0,0,0,0,0,0,0,0,0,0,0,15,0,0,0,96,94
l39,13=0,0,0,0,0,0,0,0,0,0,55,41,24,47,80,0,17,43,67,77,77,67,32,74,90,88,94,49,0,0,0,33,41,0,0,0,0,0,0,2,0,0,92,0,94
l40,13=0,0,0,0,0,0,0,0,0,0,0,0,0,0,73,0,11,65,16,85,70,79,73,65,87,87,91,91,0,0,0,0,0,0,0,0,0,0,8,0,0,0,92,96,0
l41,13=0,0,0,0,0,2,0,0,9,0,65,8,66,30,82,0,56,85,86,91,90,78,21,68,90,86,86,86,0,0,30,0,41,4,0,0,0,0,20,0,0,18,92,96,92
l42,13=0,0,0,0,0,0,0,0,0,0,0,0,0,0,86,0,0,13,23,91,81,86,77,88,90,89,95,88,0,0,0,0,32,47,0,0,1,0,71,0,1,0,91,96,94
l43,13=0,0,0,0,0,0,0,0,0,0,1,2,35,0,61,0,0,0,62,79,54,85,46,75,88,84,94,94,0,0,0,0,41,0,0,4,53,0,19,2,0,0,92,96,28
l44,13=0,0,0,0,0,0,0,0,0,0,11,0,1,0,72,0,62,44,56,82,75,91,3,86,90,88,94,77,0,0,0,4,40,52,0,0,0,0,0,0,0,0,92,96,89

l0,14=0,100,100,73,97,100,100,61,80,94,98,48,75,89,0,0,81,23,55,0,0,0,0,0,0,0,0,0,0,0,96,56,0,0,0,0,0,0,0,0,0,0,0,0,0
l1,14=95,0,100,100,97,100,99,100,100,100,100,100,100,99,58,0,95,91,93,79,0,0,0,0,3,0,0,0,0,0,0,0,0,0,0,0,0,0,0,0,0,0,0,0,0
l2,14=95,100,0,72,74,100,100,100,100,100,100,100,100,100,64,0,93,98,91,96,0,0,0,0,0,30,3,44,0,0,76,0,0,0,0,0,0,0,0,0,0,0,0,0,0
l3,14=95,100,100,0,97,100,98,61,76,100,100,5,57,12,20,0,89,95,82,61,0,0,0,0,0,0,0,0,0,0,96,54,0,0,0,0,0,0,0,0,27,0,0,0,0
l4,14=95,100,100,100,0,100,99,61,76,100,97,48,82,90,61,0,88,94,82,16,0,0,0,0,0,0,0,0,0,0,95,63,0,0,0,0,0,0,0,0,84,0,0,0,0
l5,14=95,100,100,100,67,0,100,100,76,100,100,100,82,100,52,0,89,95,96,94,0,0,0,0,0,0,0,0,0,0,99,64,0,0,0,0,0,0,0,0,78,0,0,0,0
l6,14=74,100,100,62,73,100,0,68,85,100,100,59,86,90,59,0,95,3,95,95,32,0,0,0,0,8,0,23,0,0,94,0,0,0,0,0,0,0,0,0,0,0,0,0,0
l7,14=95,100,100,100,97,100,100,0,100,100,100,100,100,100,100,0,100,0,98,88,49,30,0,53,24,64,53,22,0,0,0,0,0,0,0,0,0,0,0,0,0,0,0,0,0
l8,14=95,100,100,85,97,100,100,100,0,100,99,100,100,100,100,0,100,87,99,93,39,57,0,26,79,22,63,53,0,0,0,0,0,0,0,0,0,0,0,0,0,0,0,26,0
l9,14=95,100,100,100,97,100,100,100,100,0,100,100,100,100,90,0,100,94,56,99,68,20,0,0,93,90,65,87,0,0,9,30,0,0,0,0,0,0,0,0,0,0,0,0,0
l10,14=55,99,100,90,64,100,99,100,100,100,0,100,100,100,91,0,100,100,99,99,94,7,0,59,93,99,91,0,0,0,82,2,0,0,0,0,0,0,0,0,83,0,50,24,14
l11,14=95,100,100,34,97,100,100,100,100,100,100,0,100,100,100,0,100,85,99,99,96,48,0,20,88,68,94,89,0,0,0,56,0,0,0,0,0,0,0,0,0,0,0,23,0
l12,14=60,100,100,58,97,100,100,100,86,100,100,100,0,100,100,0,100,87,99,99,63,56,33,25,100,100,55,25,0,0,84,48,0,0,0,0,0,0,0,0,0,0,2,69,0
l13,14=57,100,100,66,61,100,100,100,100,100,100,100,100,0,100,0,100,90,99,99,26,17,0,2,99,99,63,56,0,0,98,66,0,0,0,0,0,0,0,0,0,0,0,27,0
l14,14=0,73,92,4,15,38,71,95,100,71,72,59,63,83,0,0,100,98,99,99,100,40,0,34,92,96,93,88,0,0,91,63,0,16,0,0,0,0,0,64,88,62,0,54,73
l15,14=21,94,88,39,13,40,90,100,100,100,96,63,100,87,100,0,0,92,99,95,97,65,0,54,70,97,96,92,0,0,97,65,0,0,0,0,0,0,0,26,45,0,1,25,60
l16,14=0,73,79,33,21,23,0,6,94,90,94,32,35,54,100,0,60,0,99,99,100,45,0,3,64,85,84,59,0,0,100,69,26,46,0,0,0,0,3,89,98,32,0,22,93
l17,14=20,83,84,36,18,49,87,85,99,35,100,100,100,97,100,0,100,100,0,99,100,1,8,59,94,99,90,88,0,0,92,94,0,1,0,0,0,0,1,68,0,56,55,55,59
l18,14=0,31,95,0,0,21,90,82,93,98,94,65,99,76,97,0,97,98,99,0,99,88,26,90,94,96,97,100,0,0,71,63,0,0,0,50,2,0,61,78,98,72,98,96,99
l19,14=0,0,0,0,0,17,0,92,76,90,93,62,65,24,100,0,100,100,99,99,0,71,4,98,100,100,99,94,0,0,98,83,0,0,0,0,0,0,54,89,98,70,58,58,99
l20,14=0,0,0,0,0,0,19,9,74,73,0,88,92,33,69,0,97,43,47,97,92,0,99,98,96,98,94,100,0,0,0,0,92,98,0,84,96,88,100,90,0,87,98,93,99
l21,14=0,0,0,0,0,0,0,37,1,44,0,0,98,0,52,0,22,13,96,97,11,100,0,98,97,98,97,100,0,0,0,0,98,0,0,0,0,0,86,0,0,0,95,96,99
l22,14=0,0,0,0,0,0,0,89,92,17,94,64,91,3,91,0,97,91,97,97,99,98,92,0,100,99,99,100,0,0,0,80,90,91,0,80,96,76,94,91,76,4,98,90,99
l23,14=0,0,0,0,0,0,0,22,93,91,98,91,99,97,97,0,91,96,97,97,99,95,98,99,0,100,100,100,0,0,85,85,98,99,0,98,90,91,100,93,79,98,98,96,99
l24,14=0,0,0,0,0,0,21,59,59,96,98,56,99,98,98,0,97,96,98,98,100,99,98,99,100,0,100,100,0,0,91,14,92,99,0,0,93,0,55,75,93,98,99,98,99
l25,14=0,0,0,0,0,0,0,87,98,82,98,97,98,70,97,0,97,96,97,97,99,79,98,99,100,100,0,100,0,0,3,0,98,85,0,98,96,70,97,93,3,50,98,96,99
l26,14=0,0,0,0,0,0,0,40,95,94,70,95,0,73,92,0,96,94,94,97,90,98,98,98,96,97,97,0,0,0,77,0,98,97,0,96,94,94,99,97,92,93,98,53,99
l27,14=47,0,0,55,22,24,87,6,9,0,27,0,59,65,70,0,100,100,99,98,100,0,0,0,67,92,21,23,0,0,0,98,58,85,0,61,51,24,63,89,100,74,0,22,0
l28,14=5,0,0,9,22,21,0,0,0,4,1,25,21,51,64,0,91,100,99,97,98,0,0,0,62,27,0,0,0,0,100,0,57,40,0,68,51,0,55,87,75,72,0,0,0
l29,14=0,0,0,0,0,0,0,0,0,0,0,0,0,0,0,0,0,77,0,25,0,76,34,49,97,91,96,100,0,0,96,87,0,100,0,99,100,100,100,100,100,100,0,74,0
l30,14=0,0,0,0,0,0,0,0,0,0,0,0,0,0,48,0,0,81,27,3,0,89,0,56,95,95,90,97,0,0,88,55,99,0,0,99,100,100,100,100,100,100,2,44,78
l31,14=0,0,0,0,0,0,0,0,0,0,0,0,0,0,0,0,0,62,0,78,0,61,0,38,94,0,84,92,0,0,54,90,99,100,0,0,100,100,100,98,97,100,18,0,63
l32,14=0,0,0,0,0,0,0,0,0,0,0,0,0,0,0,0,0,0,0,1,0,91,0,93,86,87,93,91,0,0,85,91,99,100,0,99,0,100,100,100,88,100,0,0,0
l33,14=0,0,0,0,0,0,0,0,0,0,0,0,0,0,0,0,0,0,0,0,0,70,0,72,91,0,91,92,0,0,93,69,99,96,0,99,100,0,92,98,97,94,0,0,0
l34,14=0,0,0,0,0,0,0,0,0,0,0,0,0,0,0,0,0,73,3,94,35,94,14,59,99,84,95,98,0,0,99,63,99,100,0,99,100,99,0,100,100,100,0,0,0
l35,14=0,0,0,0,0,0,0,0,0,0,0,0,12,0,54,0,7,98,87,88,95,70,0,39,70,56,93,64,0,0,62,63,99,99,0,68,100,60,100,0,100,100,0,48,0
l36,14=0,0,0,0,14,10,0,0,0,0,83,0,0,0,58,0,36,98,0,96,97,17,0,19,52,90,31,36,0,0,91,52,98,99,0,69,43,62,100,100,0,100,0,48,0
l37,14=0,0,0,0,5,0,0,0,0,0,0,0,0,0,58,0,0,97,79,98,94,65,0,4,70,93,85,56,0,0,65,64,99,100,0,99,59,24,100,100,100,0,0,24,0
l38,14=0,0,0,0,0,0,0,0,0,0,76,0,42,0,60,0,0,0,87,94,83,86,30,93,97,97,97,95,0,0,0,0,0,0,0,0,0,0,0,0,0,0,0,97,99
l39,14=0,0,0,0,0,0,0,0,19,0,45,14,86,48,89,0,88,83,89,91,87,65,37,86,97,97,97,21,0,0,83,0,33,10,0,0,0,0,0,54,7,0,99,0,99
l40,14=0,0,0,0,0,0,0,0,0,0,0,0,0,0,86,0,89,83,84,96,88,82,85,94,95,96,95,98,0,0,0,0,0,0,0,0,0,0,0,0,0,0,98,96,0
l41,14=0,0,0,0,0,0,0,0,0,49,87,82,86,0,64,0,91,96,92,87,99,17,0,94,97,96,97,98,0,0,82,6,62,47,0,0,0,0,0,75,0,86,98,99,96
l42,14=0,0,0,0,0,0,0,0,0,0,0,0,6,0,94,0,93,85,91,97,82,72,92,98,97,98,97,98,0,0,0,0,74,0,0,0,75,0,0,0,0,0,98,96,99
l43,14=0,0,0,0,0,0,0,0,0,0,0,0,0,0,69,0,0,32,79,89,81,96,76,82,95,97,97,97,0,0,0,0,67,76,0,74,79,0,80,77,0,0,98,96,99
l44,14=0,0,0,0,0,0,0,0,0,0,0,0,88,0,91,0,92,18,87,95,81,97,85,91,97,97,97,92,0,0,0,0,57,33,0,0,0,0,0,0,0,0,98,95,99

l0,15=0,100,100,100,97,86,100,100,100,66,81,99,100,60,84,0,98,18,39,29,0,0,0,0,0,0,0,0,0,0,100,59,0,0,0,0,0,0,0,0,0,0,0,0,0
l1,15=97,0,100,100,97,100,100,100,100,67,81,99,100,100,0,0,100,89,48,54,44,0,0,0,0,0,0,0,0,0,96,44,0,0,0,0,0,0,0,0,0,0,0,0,0
l2,15=97,100,0,100,97,100,100,100,100,100,81,99,100,100,86,0,98,86,45,56,1,0,0,0,0,0,0,0,0,0,80,0,0,0,0,0,0,0,0,0,0,0,0,0,0
l3,15=97,100,100,0,97,100,100,100,100,67,81,93,100,61,84,0,0,15,36,4,0,0,0,0,0,0,0,0,0,0,69,74,0,0,0,0,0,0,0,0,0,0,0,0,0
l4,15=97,84,100,100,0,100,100,100,100,66,75,99,47,60,79,0,98,84,34,17,0,0,0,0,0,0,0,0,0,0,100,17,0,0,0,0,0,0,0,0,0,0,0,0,0
l5,15=97,100,100,100,97,0,100,100,100,67,81,99,100,100,86,0,100,85,48,3,96,0,0,0,0,0,0,0,0,0,100,71,0,0,0,0,0,0,0,0,79,0,0,0,0
l6,15=97,85,100,100,97,100,0,100,100,67,81,99,100,60,70,0,100,100,61,84,72,1,0,0,4,0,0,0,0,0,100,0,0,0,0,0,0,0,0,0,0,0,0,0,0
l7,15=97,100,100,100,97,100,100,0,100,100,100,99,100,100,100,0,100,77,100,97,100,93,0,91,24,93,87,0,0,0,3,40,0,0,0,0,0,0,0,0,0,0,0,0,0
l8,15=97,100,100,100,97,100,100,100,0,100,100,99,100,100,100,0,100,51,100,97,84,85,0,96,93,77,58,87,0,0,0,69,0,0,0,0,0,0,0,0,0,0,25,0,0
l9,15=97,100,100,100,97,100,100,100,100,0,100,99,100,100,98,0,98,92,99,97,80,85,0,91,89,81,18,94,0,0,0,0,0,0,0,0,0,0,0,0,0,0,52,18,0
l10,15=65,57,87,98,94,100,100,78,99,100,0,99,100,100,99,0,97,85,100,81,39,0,0,99,90,78,62,77,0,0,88,97,0,0,0,0,0,0,0,0,84,0,80,50,40
l11,15=97,100,100,56,97,100,100,100,100,100,100,0,100,100,97,0,100,80,100,97,98,90,0,0,94,74,17,3,0,0,0,80,0,0,0,0,0,0,0,0,0,0,50,9,0
l12,15=94,100,93,100,52,100,100,100,100,100,100,99,0,100,100,0,100,92,100,86,94,92,59,90,97,100,51,35,0,0,58,7,0,0,0,0,0,0,0,0,0,0,1,29,0
l13,15=96,100,99,98,97,100,100,100,100,100,100,99,100,0,97,0,100,86,61,95,21,93,0,86,90,78,44,75,0,0,63,73,0,0,0,0,0,0,0,0,0,0,0,0,0
l14,15=32,7,83,64,51,94,53,60,61,76,97,93,95,92,0,0,100,85,100,79,96,62,0,92,96,80,62,80,0,0,76,99,0,43,0,0,0,0,0,0,72,69,80,53,12
l15,15=51,54,84,34,58,73,100,63,58,57,83,99,100,100,100,0,0,69,100,57,96,90,92,91,95,74,54,56,0,0,60,96,0,0,0,0,0,0,0,0,31,49,52,20,38
l16,15=23,50,49,0,80,86,94,35,0,79,100,83,100,54,100,0,91,0,98,97,100,37,0,77,92,45,51,37,0,0,100,100,42,16,0,31,0,0,46,61,99,100,55,56,58
l17,15=37,44,49,65,52,100,97,92,100,75,100,99,100,94,100,0,100,100,0,97,100,90,80,95,97,100,68,25,0,0,99,100,0,0,0,0,0,0,10,0,58,52,94,83,36
l18,15=26,36,41,19,46,41,61,62,60,81,66,98,99,97,99,0,99,100,100,0,100,97,99,98,96,73,97,83,0,0,96,94,3,15,0,26,18,0,59,42,99,66,83,94,58
l19,15=0,34,0,0,0,70,29,58,48,20,35,95,85,51,100,0,100,100,100,97,0,76,35,100,97,100,99,80,0,0,83,100,34,0,0,0,0,0,44,49,84,91,71,57,49
l20,15=0,0,0,0,0,0,62,91,59,0,29,49,96,86,40,0,91,63,91,96,92,0,100,98,91,100,97,99,0,0,0,0,60,89,0,4,86,75,92,85,7,0,95,92,92
l21,15=0,0,0,0,0,0,0,38,0,0,6,0,95,0,38,0,90,6,90,96,36,99,0,98,96,99,98,99,0,0,0,0,83,0,0,0,60,0,40,0,0,0,94,92,91
l22,15=0,0,0,0,0,0,0,56,37,49,78,60,73,59,81,0,76,57,40,96,78,99,84,0,97,100,99,99,0,0,0,11,80,61,0,57,72,48,78,46,62,66,84,79,78
l23,15=0,0,0,0,0,0,0,0,66,74,81,82,82,74,85,0,79,82,84,80,83,74,85,100,0,100,99,90,0,0,71,76,85,79,0,83,43,48,58,75,29,83,84,80,81
l24,15=0,0,0,0,0,0,0,85,64,78,83,85,82,81,86,0,79,79,85,76,84,76,85,96,97,0,99,89,0,0,52,80,82,75,0,82,80,0,82,29,83,85,84,80,81
l25,15=0,0,0,0,0,0,0,57,76,7,82,7,78,0,83,0,76,88,52,96,84,73,84,100,97,100,0,89,0,0,0,3,79,46,0,65,74,51,80,73,56,61,84,94,72
l26,15=0,0,21,0,0,0,0,79,17,82,73,46,48,69,77,0,89,53,49,87,48,97,99,98,96,98,98,0,0,0,0,0,91,88,0,62,44,73,90,65,80,67,97,85,97
l27,15=48,42,1,55,96,92,83,36,0,0,35,0,83,84,84,0,91,100,63,47,78,0,0,0,82,30,0,0,0,0,0,100,33,21,0,75,81,69,55,58,99,100,0,55,0
l28,15=48,1,0,59,8,93,4,49,59,10,85,83,41,52,100,0,100,100,63,54,75,0,0,16,80,54,0,0,0,0,100,0,43,20,0,43,85,71,48,23,99,99,0,0,0
l29,15=0,0,0,0,0,0,0,0,0,0,0,0,0,0,0,0,0,94,0,0,2,52,45,100,97,86,99,99,0,0,78,100,0,100,0,100,100,100,100,100,99,100,92,15,0
l30,15=0,0,0,0,0,0,0,0,0,0,0,0,0,0,74,0,68,81,10,87,0,95,0,86,87,71,57,98,0,0,97,93,100,0,0,100,100,100,100,100,99,100,0,81,89
l31,15=0,0,0,0,0,0,0,0,0,0,0,0,0,0,0,0,0,67,0,31,0,2,0,86,86,88,86,47,0,0,88,89,100,100,0,0,100,100,100,100,99,100,70,0,55
l32,15=0,0,0,0,0,0,0,0,0,0,0,0,0,0,0,0,0,0,0,2,0,87,33,97,84,88,97,48,0,0,88,93,100,100,0,100,0,100,100,100,99,100,0,0,63
l33,15=0,0,0,0,0,0,0,0,0,0,0,0,0,0,0,0,0,0,0,0,0,86,0,86,72,0,90,91,0,0,86,89,100,87,0,100,100,0,89,86,91,97,0,0,0
l34,15=0,0,0,0,0,0,0,0,0,0,0,0,0,0,0,0,0,73,3,88,63,90,3,90,76,49,80,48,0,0,97,96,100,100,0,100,100,100,0,100,99,100,13,0,45
l35,15=0,0,0,0,0,0,0,0,0,0,0,0,0,0,0,0,0,88,0,74,69,57,0,90,87,47,57,47,0,0,98,95,100,100,0,100,100,100,100,0,99,100,3,4,51
l36,15=0,0,0,0,56,93,0,0,0,0,77,0,1,0,73,0,47,85,59,89,71,0,0,88,59,72,22,47,0,0,98,96,82,98,0,56,83,87,100,100,0,100,0,0,0
l37,15=0,0,0,0,0,0,0,0,0,0,0,1,0,0,63,0,57,89,53,46,69,0,0,87,76,57,20,45,0,0,100,100,100,100,0,100,100,71,100,100,99,0,0,14,0
l38,15=0,0,0,0,0,0,0,0,0,0,35,0,0,0,58,0,54,34,72,80,51,68,65,81,94,97,94,90,0,0,0,1,34,0,0,7,0,0,0,0,0,0,0,94,98
l39,15=0,0,0,0,0,0,0,1,0,2,39,8,50,0,74,0,68,69,66,80,70,46,63,57,82,80,84,77,0,0,58,0,32,13,0,0,0,0,0,0,0,0,98,0,83
l40,15=0,0,0,0,0,0,0,0,0,0,28,0,0,0,38,0,65,69,59,75,65,56,56,73,95,79,63,88,0,0,0,0,0,19,0,49,0,0,25,1,0,0,97,94,0
l41,15=0,0,0,0,0,0,0,0,12,0,38,15,75,69,85,0,73,85,84,78,84,59,52,83,96,87,98,89,0,0,72,3,35,29,0,2,0,0,1,0,25,0,97,96,83
l42,15=0,0,0,0,0,0,0,0,0,0,9,0,7,0,58,0,57,69,51,78,56,71,64,83,97,86,38,84,0,0,0,0,55,3,0,0,48,0,43,0,0,0,98,79,98
l43,15=0,0,0,0,0,0,0,0,0,0,0,0,0,0,56,0,0,5,37,58,50,60,0,78,63,84,95,74,0,0,0,0,0,43,0,54,42,0,41,38,0,0,95,93,96
l44,15=0,0,0,0,0,0,0,0,0,0,0,0,2,0,34,0,60,59,54,75,45,74,62,81,96,82,98,83,0,0,0,0,47,41,0,0,44,0,1,0,1,0,97,93,98

