l0,0=0,91,95,92,91,92,91,94,91,92,89,91,92,91,72,0,83,0,64,58,0,0,0,0,0,0,0,0,0,0,46,75,0,0,0,0,0,0,0,0,0,0,0,0,0
l1,0=91,0,89,92,90,92,91,95,93,90,85,91,90,93,0,0,33,0,30,49,77,0,0,0,0,0,0,0,0,0,51,28,0,0,0,0,0,0,0,0,0,0,0,0,0
l2,0=91,88,0,92,90,92,91,95,93,91,89,92,92,93,75,0,80,44,11,70,13,0,0,0,0,30,65,0,0,0,0,19,0,0,0,0,0,0,0,0,0,0,0,6,0
l3,0=91,92,95,0,91,92,91,90,93,91,86,90,79,91,61,0,57,61,29,53,3,0,0,0,0,0,0,0,0,0,77,75,0,0,0,0,0,0,0,0,0,1,0,0,0
l4,0=91,92,94,95,0,92,91,90,90,88,85,87,89,90,70,0,56,0,0,0,0,0,0,0,0,0,0,0,0,0,54,29,0,0,0,0,0,0,0,0,0,0,0,0,0
l5,0=91,92,95,89,91,0,91,95,91,90,82,91,93,92,69,0,39,0,30,1,67,0,0,0,0,0,0,0,0,0,0,0,0,0,0,0,0,0,0,0,74,28,0,0,0
l6,0=91,92,95,95,91,92,0,95,93,91,89,91,93,92,77,0,60,26,33,70,69,0,0,0,0,0,0,0,0,0,51,19,0,0,0,0,0,0,0,0,0,0,0,0,0
l7,0=91,92,95,85,91,92,91,0,93,91,89,92,93,93,83,0,83,0,82,79,81,0,74,75,69,74,72,0,0,0,40,0,0,0,0,0,0,0,0,0,0,0,0,25,0
l8,0=91,92,95,91,90,92,91,95,0,91,89,92,93,93,80,0,78,26,73,75,77,0,78,53,36,38,63,64,0,0,0,0,0,0,0,0,0,0,0,0,0,0,0,25,0
l9,0=91,91,95,91,91,92,91,95,93,0,89,92,93,93,83,0,83,24,30,63,80,54,0,61,36,45,50,0,0,0,40,21,0,0,0,0,0,0,0,0,0,0,0,0,0
l10,0=58,87,92,51,53,70,63,56,87,92,0,89,93,88,74,0,88,27,86,82,87,9,74,60,44,87,72,77,0,0,49,26,0,0,0,0,0,0,0,0,23,0,26,23,0
l11,0=90,90,94,86,49,92,87,94,93,93,89,0,93,93,81,0,83,72,28,71,84,27,13,0,41,28,70,75,0,0,4,18,0,0,0,0,0,0,0,0,0,0,0,0,0
l12,0=57,90,93,36,56,92,91,94,91,90,91,92,0,93,80,0,83,48,82,75,89,0,0,0,34,58,77,67,0,0,0,21,0,0,0,0,0,0,0,0,0,0,0,0,0
l13,0=83,92,95,57,90,92,34,95,93,93,89,92,93,0,83,0,84,39,82,71,85,53,47,56,0,52,0,0,0,0,15,20,0,0,0,0,0,0,0,0,0,0,0,1,0
l14,0=41,0,68,4,41,51,28,26,71,81,68,87,86,85,0,0,88,84,89,87,100,0,48,55,33,51,58,62,0,0,54,21,0,52,0,0,0,0,0,26,65,35,25,36,67
l15,0=47,1,80,35,37,16,32,41,77,84,91,92,91,93,90,0,0,0,89,71,98,68,49,61,13,88,70,83,0,0,50,0,2,0,0,0,0,0,0,13,65,0,25,32,35
l16,0=0,0,62,26,0,0,0,0,64,28,50,42,66,69,88,0,5,0,33,88,99,0,0,27,43,0,66,0,0,0,68,33,9,46,0,52,0,0,29,68,83,40,26,32,42
l17,0=25,64,10,17,0,60,31,30,74,71,91,71,85,84,91,0,88,87,0,87,99,67,0,52,60,46,71,75,0,0,41,22,0,0,0,0,0,0,0,0,58,36,25,33,64
l18,0=8,2,61,0,0,1,2,27,59,42,89,73,82,59,91,0,37,87,53,0,100,93,70,65,89,94,82,73,0,0,42,2,25,50,0,49,0,0,14,41,81,41,31,37,68
l19,0=0,52,0,0,0,28,16,23,61,56,90,85,90,78,91,0,87,85,86,88,0,62,58,74,88,92,75,61,0,0,72,55,0,39,0,0,0,0,0,1,88,25,0,56,88
l20,0=0,0,0,0,0,0,0,0,0,60,49,48,0,54,0,0,85,0,81,86,74,0,100,98,90,93,91,97,0,0,0,0,83,76,0,93,79,24,81,70,0,59,90,82,81
l21,0=0,0,0,0,0,0,0,69,90,0,90,1,0,2,61,0,81,0,0,83,65,100,0,33,90,86,91,96,0,0,0,0,0,78,0,0,10,0,71,57,0,0,78,0,78
l22,0=0,0,0,0,0,0,0,65,56,58,68,0,0,62,76,0,75,55,64,80,65,97,31,0,90,83,93,95,0,0,0,20,78,83,0,74,70,62,78,44,68,68,47,82,69
l23,0=0,0,0,0,0,0,0,18,30,21,72,68,42,0,69,0,50,74,74,81,78,87,88,99,0,94,93,89,0,0,0,0,12,53,0,48,14,4,68,45,69,69,43,88,89
l24,0=0,0,41,0,0,0,0,24,36,48,81,51,61,75,81,0,79,21,43,86,80,97,68,85,92,0,93,87,0,0,0,15,4,81,0,58,22,0,37,78,51,34,90,87,86
l25,0=0,0,42,0,0,0,0,35,47,29,77,60,75,0,63,0,74,34,72,85,76,88,88,100,92,94,0,89,0,0,31,0,85,82,0,59,35,30,28,70,58,53,89,88,82
l26,0=0,0,0,0,0,0,0,0,47,0,70,77,73,12,74,0,85,0,69,78,64,97,97,98,90,89,91,0,0,0,36,1,5,86,0,98,63,71,94,77,67,55,85,45,91
l27,0=11,26,0,53,38,0,2,9,0,44,27,5,0,0,77,0,15,87,14,67,90,0,0,0,0,0,48,4,0,0,0,88,30,92,0,88,0,0,38,91,91,65,10,0,40
l28,0=34,27,35,47,39,0,1,0,0,46,24,25,47,51,63,0,0,87,10,0,88,0,0,25,0,0,0,0,0,0,90,0,54,88,0,73,19,1,10,82,94,95,2,20,38
l29,0=0,0,0,0,0,0,0,0,0,0,0,0,0,0,0,0,6,3,0,62,0,79,3,92,1,0,92,0,0,0,74,88,0,98,0,100,98,100,96,96,93,95,1,44,0
l30,0=0,0,0,0,0,0,0,0,0,0,0,0,0,0,27,0,0,0,0,50,2,31,59,88,3,84,74,85,0,0,88,87,99,0,0,100,98,100,96,97,94,95,24,0,0
l31,0=0,0,0,0,0,0,0,0,0,0,0,0,0,0,0,0,0,6,0,54,0,57,0,80,31,44,57,96,0,0,84,67,99,98,0,0,98,100,96,97,94,95,24,0,0
l32,0=0,0,0,0,0,0,0,0,0,0,0,0,0,0,0,0,0,0,0,0,0,54,25,93,20,21,69,69,0,0,0,75,99,98,0,100,0,100,96,97,88,89,24,0,0
l33,0=0,0,0,0,0,0,0,0,0,0,0,0,0,0,0,0,0,14,0,0,0,0,0,62,20,0,66,76,0,0,69,68,99,98,0,100,98,0,95,96,93,59,0,0,0
l34,0=0,0,0,0,0,0,0,0,0,0,0,0,0,0,0,0,0,33,0,70,0,45,59,73,28,27,51,92,0,0,89,85,99,98,0,100,98,99,0,97,94,95,23,23,0
l35,0=0,0,0,0,0,0,0,0,0,0,0,0,0,0,6,0,3,31,0,59,0,47,38,33,22,32,82,85,0,0,90,88,99,98,0,100,98,80,96,0,94,95,0,0,0
l36,0=0,0,0,0,0,18,0,0,0,0,5,0,0,0,73,0,10,18,11,75,90,0,0,34,1,1,61,50,0,0,73,88,91,98,0,95,22,36,89,97,0,95,0,0,0
l37,0=0,0,0,0,0,18,0,0,0,0,0,0,0,0,66,0,0,36,17,80,85,34,0,53,30,26,81,68,0,0,90,88,99,98,0,100,69,2,96,97,94,0,18,0,0
l38,0=0,0,0,0,0,0,0,0,0,0,50,0,0,0,79,0,65,68,69,73,0,79,65,61,67,91,84,81,0,0,0,0,0,57,0,24,1,0,42,0,0,0,0,87,89
l39,0=0,0,1,0,0,0,0,8,16,0,54,2,0,0,80,0,66,70,67,74,67,76,0,82,89,88,90,55,0,0,0,11,17,41,0,0,0,0,27,0,0,0,90,0,89
l40,0=0,0,0,0,0,0,0,0,0,0,13,0,0,0,77,0,30,41,64,70,69,78,72,80,90,82,87,91,0,0,54,22,0,0,0,0,0,0,0,0,0,0,90,87,0
l41,0=0,0,0,0,0,0,0,0,0,46,68,0,61,44,80,0,70,71,76,78,77,3,73,85,90,92,87,83,0,0,65,22,14,0,0,0,0,0,0,0,10,0,91,89,90
l42,0=0,0,0,0,0,0,0,0,0,0,0,0,0,0,62,0,52,56,51,74,59,76,0,90,90,90,90,73,0,0,0,0,0,0,0,23,15,0,47,0,16,0,90,87,86
l43,0=0,0,0,0,0,0,0,0,0,0,43,0,0,0,60,0,9,48,57,63,58,82,62,85,81,88,87,83,0,0,0,0,49,65,0,30,45,0,39,0,0,0,90,85,84
l44,0=0,0,0,0,0,0,0,0,0,0,0,50,34,0,76,0,47,63,68,69,55,82,72,81,89,89,88,86,0,0,0,0,35,8,0,0,0,1,61,0,13,0,90,83,79

l0,1=0,92,93,92,89,93,93,91,73,88,81,83,85,92,76,0,76,12,4,0,0,0,0,0,0,0,0,0,0,0,77,0,0,0,0,0,0,0,0,0,0,0,0,0,0
l1,1=92,0,90,89,89,93,93,87,73,88,76,80,81,92,71,0,61,53,65,63,70,0,0,0,0,0,0,0,0,0,75,32,0,0,0,0,0,0,0,0,0,0,0,0,0
l2,1=93,92,0,90,88,93,92,93,73,89,81,84,86,93,72,0,73,70,77,0,51,0,0,26,0,56,6,0,0,0,55,48,0,0,0,0,0,0,0,0,0,0,0,0,0
l3,1=93,92,93,0,89,93,93,7,73,86,73,81,83,92,63,0,71,65,59,0,13,0,0,0,0,0,0,0,0,0,75,0,0,0,0,0,0,0,0,0,0,0,0,0,0
l4,1=93,92,90,92,0,93,92,77,73,88,64,74,84,91,42,0,67,58,0,0,0,0,0,0,0,0,0,0,0,0,77,36,0,0,0,0,0,0,0,0,0,0,0,0,0
l5,1=93,92,90,89,89,0,93,91,73,80,81,79,53,73,68,0,73,36,72,0,0,0,0,0,0,0,0,0,0,0,58,6,0,0,0,0,0,0,0,0,63,47,0,0,0
l6,1=93,92,92,90,87,93,0,92,73,88,81,73,86,92,61,0,76,56,76,66,70,0,0,1,0,0,0,0,0,0,62,0,0,0,0,0,0,0,0,0,0,0,0,0,0
l7,1=93,92,92,35,67,93,92,0,73,89,81,84,86,93,75,0,76,0,70,56,66,52,34,69,0,71,65,0,0,0,3,0,0,0,0,0,0,0,0,0,0,0,0,31,0
l8,1=93,92,92,89,89,93,92,93,0,89,76,84,54,93,79,0,76,49,78,73,9,58,35,61,60,59,64,9,0,0,56,38,0,0,0,0,0,0,0,0,0,0,0,0,0
l9,1=92,92,92,75,87,78,92,93,73,0,81,84,86,94,74,0,65,53,80,54,64,43,0,0,70,0,21,34,0,0,18,33,0,0,0,0,0,0,0,0,0,0,27,10,0
l10,1=81,76,78,43,51,88,90,82,62,88,0,83,86,93,68,0,78,57,78,72,72,31,36,0,22,77,73,74,0,0,64,13,0,28,0,0,0,0,0,0,3,0,38,33,57
l11,1=92,91,90,71,66,93,81,91,73,89,81,0,86,94,78,0,76,51,84,68,69,0,0,0,54,67,69,0,0,0,1,48,0,0,0,0,0,0,0,0,0,0,0,32,0
l12,1=83,78,90,70,87,77,92,91,32,88,83,84,0,94,78,0,77,64,84,75,82,48,0,29,55,75,65,55,0,0,51,15,0,0,0,0,0,0,0,0,0,0,0,0,0
l13,1=92,92,92,89,88,93,90,92,73,89,81,84,86,0,78,0,78,44,84,72,56,43,28,31,60,45,33,43,0,0,30,23,0,0,0,0,0,0,0,0,0,0,0,0,0
l14,1=30,51,59,39,31,60,50,61,59,70,56,75,83,82,0,0,78,63,88,78,88,49,28,35,54,40,38,52,0,0,75,35,0,0,0,0,0,0,25,0,57,44,44,69,60
l15,1=34,27,65,16,30,68,72,85,62,68,83,84,86,93,83,0,0,61,88,75,83,57,26,42,57,47,42,57,0,0,72,39,0,0,0,0,0,0,0,0,53,33,0,44,44
l16,1=0,13,36,2,32,28,41,0,45,54,69,8,22,15,71,0,72,0,83,81,80,10,0,19,60,26,26,48,0,0,83,53,0,22,0,0,27,0,8,22,75,35,8,2,0
l17,1=0,29,59,0,0,37,48,62,53,75,72,46,51,62,83,0,73,70,0,75,88,44,24,36,58,27,43,58,0,0,64,0,0,0,0,0,0,0,0,12,55,41,40,33,69
l18,1=0,27,0,0,0,0,35,36,53,31,65,41,47,24,78,0,72,71,78,0,84,75,42,4,84,88,87,69,0,0,66,43,25,5,0,20,0,0,34,42,67,53,47,48,49
l19,1=0,47,34,0,0,0,54,52,2,40,64,40,48,23,83,0,74,72,88,81,0,55,19,19,59,39,45,61,0,0,68,44,0,42,0,0,0,0,30,0,64,44,39,45,68
l20,1=0,0,0,0,0,0,0,50,53,41,42,0,69,54,66,0,65,40,56,78,69,0,95,84,81,88,86,91,0,0,2,0,71,60,0,61,73,15,81,33,43,42,67,78,73
l21,1=0,0,0,0,0,0,0,23,21,0,60,0,0,64,59,0,63,0,64,66,62,94,0,84,83,87,86,85,0,0,0,0,3,62,0,0,54,0,69,62,0,0,82,80,70
l22,1=0,0,0,0,0,0,0,59,37,0,0,0,48,42,66,0,58,44,60,23,49,74,66,0,83,73,88,86,0,0,0,0,68,67,0,64,66,36,72,56,49,49,75,71,21
l23,1=0,0,0,0,0,0,0,0,29,65,21,35,55,60,70,0,60,64,70,78,67,78,81,85,0,88,87,84,0,0,0,18,46,42,0,32,9,45,68,39,62,62,84,86,89
l24,1=0,0,47,0,0,0,0,65,34,0,65,58,75,75,72,0,66,60,43,74,71,88,79,75,84,0,87,78,0,0,0,52,1,7,0,27,44,22,71,71,62,57,89,80,81
l25,1=0,0,0,0,0,0,0,45,30,41,66,43,67,40,42,0,66,49,75,78,77,88,85,89,84,88,0,84,0,0,0,0,78,37,0,42,61,23,55,30,42,34,89,87,81
l26,1=0,0,0,0,0,0,0,23,28,44,60,0,71,55,54,0,60,43,61,66,66,90,83,88,79,83,83,0,0,0,0,0,69,73,0,67,66,68,83,69,56,52,75,75,82
l27,1=35,46,0,18,38,19,44,1,18,0,48,9,30,3,42,0,68,83,54,37,41,0,0,0,0,0,0,0,0,0,0,83,24,51,0,34,0,31,38,86,93,83,0,16,0
l28,1=0,37,14,0,29,0,0,0,22,40,41,29,10,13,34,0,59,84,0,70,75,0,0,0,35,36,1,0,0,0,85,0,39,40,0,42,38,7,49,60,93,66,0,17,10
l29,1=0,0,0,0,0,0,0,0,0,0,0,0,0,0,0,0,0,0,0,31,0,69,2,88,60,2,87,84,0,0,58,73,0,96,0,93,92,97,95,93,93,88,36,0,0
l30,1=0,0,0,0,0,0,0,0,0,0,28,0,0,0,0,0,0,45,0,0,29,26,14,77,48,0,38,83,0,0,84,68,86,0,0,93,92,94,95,93,93,90,20,5,0
l31,1=0,0,0,0,0,0,0,0,0,0,0,0,0,0,0,0,0,0,0,46,0,57,0,85,51,42,67,85,0,0,72,70,86,96,0,0,92,97,95,69,93,90,0,0,0
l32,1=0,0,0,0,0,0,0,0,0,0,0,0,0,0,0,0,0,31,0,0,0,39,13,42,47,62,72,64,0,0,34,45,86,96,0,93,0,97,95,93,79,87,0,0,0
l33,1=0,0,0,0,0,0,0,0,0,0,0,0,0,0,0,0,0,0,0,0,0,0,0,28,60,19,59,66,0,0,45,13,85,90,0,93,92,0,93,87,89,64,0,0,0
l34,1=0,0,0,0,0,0,0,0,0,0,0,0,0,0,24,0,0,56,0,50,26,70,20,77,66,67,67,86,0,0,72,82,86,96,0,93,92,96,0,93,93,90,54,32,0
l35,1=0,0,0,0,0,0,0,0,0,0,0,0,0,0,0,0,14,44,16,44,0,3,12,22,23,74,27,76,0,0,85,51,85,96,0,52,60,88,95,0,93,90,0,0,0
l36,1=0,0,0,0,0,46,0,0,0,0,1,0,0,0,20,0,39,79,42,42,45,13,0,16,58,44,28,46,0,0,85,83,83,93,0,56,46,91,93,90,0,89,0,10,0
l37,1=0,0,0,0,0,46,0,0,0,0,0,0,0,0,29,0,39,54,48,41,27,24,0,20,78,43,32,58,0,0,85,83,84,96,0,93,78,45,95,93,93,0,0,0,0
l38,1=0,0,0,0,0,0,0,0,0,0,38,0,0,0,70,0,0,50,53,63,52,47,50,72,76,86,82,65,0,0,0,0,6,19,0,0,0,0,53,0,0,0,0,86,90
l39,1=0,0,0,0,0,0,0,25,0,0,37,23,0,0,74,0,66,0,45,76,77,70,49,70,83,85,86,75,0,0,23,11,0,7,0,0,0,0,22,0,3,0,89,0,90
l40,1=0,0,0,0,0,0,0,0,0,0,35,0,0,0,59,0,42,0,61,50,65,54,36,20,82,81,79,77,0,0,0,0,0,0,0,0,0,0,0,0,0,0,88,86,0
l41,1=0,0,0,0,0,0,0,0,8,47,57,42,39,17,75,0,61,45,53,78,60,72,46,78,84,88,82,71,0,0,55,47,25,0,0,0,0,0,29,0,0,3,91,88,91
l42,1=0,0,0,0,0,0,0,0,0,0,0,0,0,0,54,0,42,46,0,66,51,62,58,77,83,86,86,63,0,0,0,0,11,0,0,0,0,0,0,0,0,0,89,86,83
l43,1=0,0,0,0,0,0,0,0,0,0,22,0,0,0,43,0,34,39,0,47,51,74,52,73,77,78,84,60,0,0,0,0,36,29,0,30,0,0,0,2,0,0,89,85,90
l44,1=0,0,0,0,0,0,0,0,0,0,0,0,25,5,62,0,0,8,65,47,68,79,54,80,82,85,75,83,0,0,41,0,15,0,0,0,0,0,54,0,0,0,89,85,89

l0,2=0,85,92,87,91,93,93,91,83,89,82,80,88,90,0,0,69,75,45,0,0,0,0,0,0,0,0,0,0,0,57,54,0,0,0,0,0,0,0,0,0,0,0,0,0
l1,2=81,0,91,82,92,93,93,91,83,88,79,88,89,90,74,0,70,71,63,1,64,0,0,0,0,0,0,0,0,0,58,62,0,0,0,0,0,0,0,0,0,0,0,0,0
l2,2=80,85,0,73,85,93,93,91,84,89,82,88,89,0,75,0,49,79,66,58,18,0,0,25,0,64,0,0,0,0,55,60,0,0,0,0,0,0,0,0,0,0,0,0,0
l3,2=83,85,91,0,92,93,93,87,84,88,82,88,89,89,54,0,68,0,66,0,51,0,0,0,0,0,0,0,0,0,58,0,0,0,0,0,0,0,0,0,0,0,0,0,0
l4,2=81,85,90,87,0,93,93,74,83,82,78,84,83,91,67,0,68,75,66,0,0,0,0,0,0,0,0,0,0,0,59,35,0,0,0,0,0,0,0,0,0,0,0,0,0
l5,2=80,85,92,82,92,0,93,91,83,88,82,86,89,90,76,0,66,20,64,60,0,0,0,0,0,0,0,0,0,0,63,0,0,0,0,0,0,0,0,0,0,0,0,0,0
l6,2=81,85,92,82,89,93,0,91,84,88,82,88,89,90,74,0,75,79,68,0,58,11,0,0,0,0,0,0,0,0,55,60,0,0,0,0,0,0,0,0,0,0,0,0,0
l7,2=73,82,92,73,76,93,93,0,84,89,82,88,89,91,73,0,75,0,76,56,59,42,45,61,58,75,58,0,0,0,0,0,0,0,0,0,0,0,0,0,0,0,0,0,0
l8,2=73,84,92,74,86,88,90,93,0,89,82,88,89,90,78,0,74,7,76,67,0,51,59,63,0,58,55,52,0,0,36,46,0,0,0,0,0,0,0,0,0,0,0,0,0
l9,2=73,82,92,69,81,88,90,89,84,0,82,88,89,91,78,0,70,74,77,54,55,43,8,2,61,56,57,55,0,0,0,52,0,0,0,0,0,0,0,0,0,0,0,43,0
l10,2=55,64,84,65,71,88,78,74,71,88,0,88,89,91,69,0,76,70,78,69,63,0,45,44,56,76,70,53,0,0,3,43,0,0,0,0,0,0,0,0,37,0,30,42,46
l11,2=44,82,91,73,85,83,88,92,84,89,82,0,89,92,78,0,75,67,76,42,67,60,54,17,43,76,60,1,0,0,44,44,0,0,0,0,0,0,0,0,0,0,35,55,43
l12,2=68,81,91,74,70,87,90,84,83,88,87,88,0,92,78,0,75,78,76,69,68,0,53,51,66,72,52,62,0,0,39,39,0,0,0,0,0,0,0,0,0,21,41,43,0
l13,2=72,82,0,73,85,88,90,86,84,89,83,88,89,0,78,0,75,60,70,49,59,0,0,50,51,57,0,0,0,0,31,42,0,0,0,0,0,0,0,0,0,0,0,0,0
l14,2=0,51,34,12,46,71,34,8,75,74,72,82,80,79,0,0,76,53,83,83,82,44,40,63,64,83,78,39,0,0,71,67,0,0,0,0,0,0,44,42,45,33,66,81,61
l15,2=39,58,6,2,52,56,89,84,79,62,87,88,89,90,87,0,0,78,77,70,74,73,64,73,62,76,74,55,0,0,62,61,0,0,0,0,0,0,0,44,44,48,67,65,0
l16,2=29,36,44,0,50,39,30,1,0,43,68,56,77,43,57,0,68,0,71,87,80,1,0,39,68,62,24,22,0,0,87,84,6,30,0,0,0,0,29,38,49,33,55,54,48
l17,2=8,23,34,25,51,60,63,70,68,71,87,83,80,65,88,0,73,73,0,65,82,52,51,64,72,51,52,58,0,0,53,43,0,2,0,0,0,0,0,0,40,0,70,65,63
l18,2=0,0,14,0,0,37,0,6,15,27,75,32,61,36,82,0,70,84,61,0,82,81,41,72,87,88,86,67,0,0,72,77,0,19,0,0,0,5,45,34,51,51,73,51,22
l19,2=0,23,0,0,0,0,34,9,0,35,66,50,61,52,88,0,75,80,83,87,0,49,0,51,60,83,64,60,0,0,46,70,0,43,0,0,0,0,0,0,54,49,61,60,53
l20,2=0,0,0,0,0,0,3,28,33,43,0,64,0,0,67,0,65,32,59,78,67,0,95,87,81,88,80,91,0,0,0,0,75,46,0,74,22,60,45,57,52,62,71,72,74
l21,2=0,0,0,0,0,0,0,11,55,0,61,55,60,0,52,0,68,0,54,60,0,93,0,78,82,83,78,85,0,0,0,0,0,0,0,0,1,0,0,0,23,0,69,77,66
l22,2=0,0,0,0,0,0,0,44,54,0,44,15,43,39,65,0,65,41,58,66,60,83,66,0,86,91,86,90,0,0,0,0,72,75,0,71,74,0,67,58,46,0,72,73,66
l23,2=0,0,0,0,0,0,0,6,0,30,45,26,57,34,61,0,59,68,67,78,62,71,77,85,0,91,86,77,0,0,0,0,34,44,0,40,24,25,53,33,40,57,78,80,83
l24,2=0,0,16,0,0,0,0,14,9,18,76,61,70,32,77,0,70,60,32,74,73,80,73,81,87,0,86,77,0,0,22,44,44,61,0,28,22,20,38,39,59,59,79,80,83
l25,2=0,0,0,0,0,0,0,6,9,21,76,28,37,0,77,0,69,35,31,82,65,77,71,90,87,91,0,79,0,0,0,33,62,65,0,46,79,19,38,25,55,35,80,80,83
l26,2=0,0,0,0,0,0,0,0,52,49,61,21,71,0,41,0,64,35,64,73,73,87,81,88,83,85,80,0,0,0,0,0,77,82,0,81,64,57,81,33,51,46,76,80,83
l27,2=46,55,53,58,57,78,53,0,50,0,19,62,56,45,78,0,66,84,66,79,62,0,0,1,0,28,0,0,0,0,0,84,59,82,0,46,55,52,77,76,93,85,0,26,0
l28,2=38,61,54,0,42,2,67,0,48,53,63,57,50,43,70,0,59,86,48,82,69,0,0,0,0,70,54,0,0,0,89,0,65,82,0,59,64,34,82,68,93,85,0,0,32
l29,2=0,0,0,0,0,0,0,0,0,0,0,0,0,0,0,0,0,3,0,0,2,85,0,86,63,62,71,88,0,0,57,78,0,95,0,94,97,96,99,84,93,94,0,0,0
l30,2=0,0,0,0,0,0,0,0,0,0,0,0,0,0,0,0,0,53,0,29,46,51,0,78,58,59,60,91,0,0,81,82,93,0,0,94,97,96,99,84,93,94,0,18,0
l31,2=0,0,0,0,0,0,0,0,0,0,0,0,0,0,0,0,0,0,0,13,0,68,0,70,63,57,70,86,0,0,55,62,93,95,0,0,97,96,99,84,93,94,4,0,0
l32,2=0,0,0,0,0,0,0,0,0,0,0,0,0,0,0,0,0,0,0,0,0,10,25,86,65,66,82,75,0,0,63,65,93,95,0,94,0,96,99,84,44,92,59,57,0
l33,2=0,0,0,0,0,0,0,0,0,0,0,0,0,0,0,0,0,0,0,0,0,66,0,0,64,49,54,66,0,0,66,33,93,95,0,94,97,0,97,82,89,82,0,0,0
l34,2=0,0,0,0,0,0,0,0,0,0,0,0,0,0,15,0,0,32,0,51,2,32,0,77,61,49,49,85,0,0,74,84,93,95,0,94,97,94,0,84,93,94,45,41,0
l35,2=0,0,0,0,0,0,0,0,0,0,0,0,0,0,45,0,43,63,0,48,0,46,0,65,47,51,37,33,0,0,89,80,93,95,0,87,97,92,99,0,93,94,0,0,0
l36,2=0,0,0,0,0,0,0,0,0,0,28,0,0,0,54,0,42,59,39,74,70,39,32,52,51,79,68,46,0,0,89,84,88,93,0,86,38,89,96,84,0,94,0,0,0
l37,2=0,0,0,0,0,0,0,0,0,0,0,0,35,0,22,0,48,62,0,77,46,46,15,0,73,82,49,35,0,0,89,84,93,95,0,90,93,88,99,84,93,0,0,1,0
l38,2=0,0,0,0,0,0,0,0,0,0,0,7,5,0,64,0,60,44,55,69,63,63,44,70,81,85,76,67,0,0,0,0,0,0,0,0,10,0,36,0,0,0,0,87,86
l39,2=0,0,0,0,0,0,0,0,0,6,37,34,25,0,72,0,63,43,57,53,70,62,56,73,85,83,82,70,0,0,0,0,0,4,0,0,17,0,41,0,0,0,83,0,87
l40,2=0,0,0,0,0,0,0,0,0,0,37,16,0,0,60,0,0,39,54,9,35,65,47,54,82,83,75,69,0,0,0,2,0,0,0,0,0,0,0,0,0,0,81,86,0
l41,2=0,0,0,0,0,0,0,0,0,0,57,27,36,46,71,0,62,57,46,78,55,59,0,69,86,85,76,63,0,0,0,47,0,0,0,0,9,0,26,0,32,37,83,87,86
l42,2=0,0,0,0,0,0,0,0,0,0,0,0,0,0,48,0,47,44,44,69,31,58,51,81,84,87,79,68,0,0,0,0,38,0,0,0,0,17,0,0,0,0,80,87,82
l43,2=0,0,0,0,0,0,0,0,0,0,0,0,0,0,44,0,24,0,40,43,40,69,38,48,57,82,77,73,0,0,0,0,17,0,0,27,16,0,33,0,0,0,79,78,83
l44,2=0,0,0,0,0,0,0,0,0,0,0,0,2,0,47,0,32,40,42,49,49,61,45,67,82,85,72,67,0,0,0,0,2,35,0,0,0,0,44,14,0,0,78,79,82

l0,3=0,93,91,95,92,93,91,91,81,92,74,91,89,91,72,0,85,0,0,0,0,0,0,0,0,0,0,0,0,0,54,0,0,0,0,0,0,0,0,0,0,0,0,0,0
l1,3=90,0,93,95,92,93,94,90,79,89,79,91,91,90,71,0,86,76,68,69,71,0,0,0,52,0,0,0,0,0,64,68,0,0,0,0,0,0,0,0,0,0,0,0,0
l2,3=82,93,0,88,84,89,94,91,82,92,79,91,93,91,79,0,84,79,68,73,8,0,0,5,0,0,60,0,0,0,0,72,0,0,0,0,0,0,0,0,0,0,0,0,0
l3,3=90,93,89,0,92,93,89,91,81,92,77,91,93,91,59,0,87,73,0,0,68,0,0,0,0,0,0,0,0,0,59,70,0,0,0,0,0,0,0,0,0,0,0,0,0
l4,3=90,93,91,95,0,93,94,90,82,88,74,91,89,90,74,0,32,0,63,0,11,0,0,0,0,0,0,0,0,0,61,0,0,0,0,0,0,0,0,0,0,0,0,0,0
l5,3=90,93,93,95,92,0,94,91,82,90,81,91,93,91,71,0,81,71,56,69,68,0,0,0,0,0,0,0,0,0,66,68,0,0,0,0,0,0,0,0,0,0,0,0,0
l6,3=82,93,93,86,88,93,0,91,80,92,77,91,93,91,79,0,86,80,68,30,7,0,0,37,0,1,0,0,0,0,0,23,0,0,0,0,0,0,0,0,0,0,0,0,0
l7,3=81,89,88,86,83,88,89,0,81,92,72,91,93,91,84,0,86,57,70,78,69,0,0,73,34,71,78,0,0,0,0,0,0,0,0,0,0,0,0,0,0,0,0,0,0
l8,3=82,89,90,86,84,88,89,91,0,92,80,91,93,91,85,0,85,54,71,78,77,0,78,63,5,62,68,67,0,0,55,33,0,0,0,0,0,0,0,0,0,0,0,57,0
l9,3=81,89,88,86,83,88,89,91,81,0,87,91,93,91,83,0,84,79,70,77,69,36,0,65,55,66,57,57,0,0,49,55,0,0,0,0,0,0,0,0,0,0,18,0,0
l10,3=79,88,87,83,83,89,87,76,76,90,0,91,93,91,89,0,90,79,79,77,78,79,42,70,43,71,78,77,0,0,33,68,0,0,0,0,0,0,0,0,0,0,0,59,0
l11,3=81,89,87,85,83,88,88,91,81,92,81,0,93,91,84,0,87,79,70,78,80,76,66,59,53,68,77,46,0,0,67,75,0,0,0,0,0,0,0,0,0,0,0,66,0
l12,3=71,81,88,85,77,88,88,90,79,91,89,91,0,91,84,0,89,75,70,73,78,39,64,54,56,61,76,75,0,0,48,0,0,0,0,0,0,0,0,0,0,44,0,51,0
l13,3=81,89,88,86,84,88,89,91,81,92,88,91,93,0,85,0,87,79,68,71,75,68,4,71,55,66,0,0,0,0,56,74,0,0,0,0,0,0,0,0,0,0,0,0,0
l14,3=56,38,63,10,54,69,75,83,79,80,88,91,93,86,0,0,90,92,89,83,97,73,55,68,54,74,82,33,0,0,52,81,0,0,0,0,0,0,0,47,50,0,63,74,68
l15,3=64,82,80,66,13,50,88,90,72,88,88,91,93,91,94,0,0,86,78,82,88,89,78,72,65,70,81,64,0,0,72,50,0,0,0,0,0,0,1,0,55,26,55,61,0
l16,3=0,65,49,22,0,51,76,41,38,60,71,75,81,64,98,0,91,0,84,90,97,44,0,36,46,63,69,39,0,0,90,92,0,61,0,0,13,0,61,75,86,41,35,55,51
l17,3=0,80,62,0,62,48,81,84,79,89,88,91,93,75,98,0,89,87,0,85,92,72,72,76,69,57,48,33,0,0,69,78,0,0,0,0,0,0,0,0,71,51,60,60,55
l18,3=0,20,40,0,0,36,0,66,71,76,76,73,74,28,95,0,87,95,88,0,97,87,77,75,74,83,89,80,0,0,81,79,0,21,0,25,0,0,24,6,75,45,43,18,49
l19,3=0,54,0,26,26,43,3,50,60,34,82,78,85,69,98,0,91,95,89,90,0,82,42,62,69,80,76,76,0,0,77,78,40,0,0,0,0,0,0,30,73,27,72,66,49
l20,3=0,0,0,0,0,0,0,0,0,3,65,63,26,38,77,0,83,58,69,83,71,0,99,87,51,81,83,91,0,0,0,0,86,62,0,71,61,75,70,15,0,0,72,73,71
l21,3=0,0,0,0,0,0,0,0,62,0,27,61,52,0,69,0,86,0,69,86,61,98,0,90,71,75,85,89,0,0,0,0,0,0,0,62,0,37,0,0,0,0,56,70,0
l22,3=0,0,0,0,0,0,0,61,39,47,55,37,34,59,60,0,66,42,66,65,57,94,74,0,68,81,89,91,0,0,29,0,62,76,0,54,78,57,59,45,37,42,67,72,61
l23,3=0,19,0,0,0,0,0,11,0,32,26,46,54,38,57,0,70,54,75,86,74,61,73,87,0,84,89,82,0,0,26,0,56,51,0,56,52,46,46,59,47,52,72,73,82
l24,3=0,0,0,0,0,0,1,68,39,33,70,68,54,48,74,0,73,66,32,87,79,96,50,90,74,0,89,77,0,0,0,23,58,49,0,41,32,30,43,59,57,54,69,75,82
l25,3=0,0,23,0,0,0,0,65,50,18,67,59,65,0,81,0,80,74,43,83,72,92,76,92,74,84,0,82,0,0,4,41,72,52,0,58,70,7,49,37,57,23,72,73,80
l26,3=0,0,0,0,0,0,0,17,42,34,51,43,55,0,47,0,55,49,41,83,77,98,91,92,68,80,83,0,0,0,0,0,74,91,0,82,51,48,72,53,45,32,67,53,69
l27,3=55,71,0,43,60,78,0,0,49,48,36,73,61,49,68,0,82,91,77,88,88,0,0,38,30,0,0,0,0,0,0,92,73,86,0,0,53,0,88,90,93,95,35,30,24
l28,3=0,61,52,39,0,68,13,0,25,47,57,67,0,59,87,0,67,95,73,85,75,0,0,0,0,38,54,0,0,0,90,0,75,97,0,63,70,69,94,95,93,96,43,36,0
l29,3=0,0,0,0,0,0,0,0,0,0,0,0,0,0,0,0,0,0,0,0,54,94,17,81,65,77,84,82,0,0,75,83,0,100,0,100,100,100,98,97,85,99,22,0,0
l30,3=0,0,0,0,0,0,0,0,0,0,0,0,0,0,0,0,0,73,0,54,0,64,0,88,54,65,63,91,0,0,83,92,97,0,0,100,100,100,98,97,93,99,47,0,47
l31,3=0,0,0,0,0,0,0,0,0,0,0,0,0,0,0,0,0,0,0,48,6,76,60,70,51,59,69,84,0,0,0,59,97,100,0,0,100,100,98,97,93,99,0,43,5
l32,3=0,0,0,0,0,0,0,0,0,0,0,0,0,0,0,0,0,51,0,0,0,74,0,87,54,59,80,64,0,0,66,75,97,100,0,100,0,100,98,97,84,96,0,12,0
l33,3=0,0,0,0,0,0,0,0,0,0,0,0,0,0,0,0,0,0,0,0,0,76,19,70,47,0,0,56,0,0,0,73,97,100,0,100,100,0,95,97,85,76,0,0,0
l34,3=0,0,0,0,0,0,0,0,0,0,0,0,0,0,0,0,1,76,0,63,0,79,0,85,66,64,73,84,0,0,90,92,97,100,0,100,100,100,0,97,93,99,50,0,1
l35,3=0,0,0,0,0,0,0,0,0,0,0,0,0,0,70,0,0,90,0,24,49,4,0,62,67,76,56,73,0,0,88,92,97,100,0,100,99,100,98,0,93,99,0,0,0
l36,3=0,0,0,0,0,0,0,0,0,0,0,0,0,0,68,0,67,89,79,82,81,0,0,47,49,71,71,57,0,0,90,89,82,98,0,95,90,90,98,97,0,99,3,34,0
l37,3=0,0,0,0,0,0,0,0,0,0,8,0,55,0,0,0,43,77,66,81,57,0,0,78,67,77,49,59,0,0,90,92,97,100,0,100,100,91,98,97,93,0,41,0,0
l38,3=0,0,0,0,0,0,0,0,0,0,0,0,0,0,67,0,58,44,53,50,68,71,22,60,59,59,74,50,0,0,9,32,0,32,0,0,0,0,28,0,0,0,0,76,86
l39,3=0,0,0,0,0,0,0,0,38,0,39,52,35,0,69,0,56,60,48,14,57,67,47,65,59,70,72,44,0,0,22,14,0,0,0,4,2,0,0,0,15,0,76,0,86
l40,3=0,0,0,0,0,0,0,0,0,0,0,0,0,0,62,0,0,44,31,47,30,63,0,60,66,72,73,56,0,0,0,0,0,14,0,0,0,0,0,0,0,0,76,76,0
l41,3=0,0,0,0,0,0,0,0,0,0,28,0,34,47,76,0,71,78,70,85,68,70,33,78,72,82,88,43,0,0,3,40,10,0,0,0,0,0,0,35,0,0,76,76,86
l42,3=0,0,0,0,0,0,0,0,0,0,23,0,0,0,52,0,46,46,34,63,53,76,47,68,63,72,76,68,0,0,0,0,49,0,0,28,12,44,0,0,0,0,72,73,82
l43,3=0,0,0,0,0,0,0,0,0,0,0,0,0,0,52,0,37,46,32,47,42,71,27,54,28,62,68,67,0,0,0,0,34,0,0,23,0,0,26,15,0,0,72,72,81
l44,3=0,0,0,0,0,0,0,0,0,0,0,0,0,0,57,0,35,50,27,59,51,59,48,66,66,71,74,34,0,0,0,0,23,34,0,0,0,0,29,13,0,0,72,71,78

l0,4=0,96,95,100,93,99,97,99,96,97,79,95,87,93,81,0,88,39,0,45,0,0,0,0,0,0,0,0,0,0,89,82,0,0,0,0,0,0,0,0,25,0,0,0,0
l1,4=99,0,97,100,92,99,97,99,96,96,83,95,89,93,63,0,74,52,0,63,66,0,0,0,62,0,0,0,0,0,85,1,0,0,0,0,0,0,0,0,0,0,0,0,0
l2,4=91,97,0,95,93,92,97,99,96,97,85,95,92,94,0,0,84,60,73,60,0,0,0,0,0,0,71,0,0,0,0,0,0,0,0,0,0,0,0,0,0,0,0,0,0
l3,4=99,97,96,0,93,99,94,99,96,97,83,94,86,93,80,0,89,0,75,3,0,0,0,0,0,0,0,0,0,0,88,86,0,0,0,0,0,0,0,0,0,0,0,0,0
l4,4=99,97,97,100,0,99,97,98,95,93,83,94,86,93,84,0,88,67,78,0,0,0,0,0,0,0,0,0,0,0,89,86,0,0,0,0,0,0,0,0,0,0,0,0,0
l5,4=99,97,95,99,93,0,97,99,96,95,85,95,91,93,0,0,0,17,68,0,74,0,0,0,0,0,0,0,0,0,96,0,0,0,0,0,0,0,0,0,65,0,0,0,0
l6,4=91,97,95,88,91,96,0,92,83,97,84,95,92,93,81,0,91,63,76,0,65,0,0,0,0,26,0,0,0,0,88,0,0,0,0,0,0,0,0,0,0,0,0,0,0
l7,4=91,92,95,94,88,92,93,0,95,97,80,95,92,94,89,0,90,0,77,79,71,8,0,62,35,79,81,66,0,0,0,0,0,0,0,0,0,0,0,0,0,0,0,0,0
l8,4=91,92,95,93,88,92,62,99,0,97,58,95,92,94,84,0,89,8,78,78,65,54,0,58,60,61,63,63,0,0,69,0,0,0,0,0,0,0,0,0,0,0,0,55,0
l9,4=90,86,95,83,64,91,95,99,95,0,85,95,91,94,89,0,91,62,81,61,76,22,0,63,66,76,0,69,0,0,78,68,0,0,0,0,0,0,0,0,0,0,0,1,0
l10,4=70,64,79,74,71,90,78,83,75,94,0,84,93,90,86,0,91,58,79,69,76,25,60,66,68,78,78,71,0,0,75,69,0,0,0,0,0,0,0,0,0,34,38,64,1
l11,4=90,91,93,82,75,92,93,99,95,97,76,0,95,94,76,0,91,61,81,71,74,0,37,71,69,76,76,76,0,0,76,75,0,0,0,0,0,0,0,0,0,0,0,55,0
l12,4=82,82,94,74,66,91,94,98,95,96,86,95,0,94,89,0,91,61,67,68,85,0,69,61,77,72,78,72,0,0,69,68,0,0,0,0,0,0,0,0,0,0,65,61,66
l13,4=90,85,94,87,77,89,94,98,95,97,85,95,92,0,89,0,88,64,77,60,81,61,0,70,69,76,73,71,0,0,21,64,0,0,0,0,0,0,0,0,0,0,0,52,0
l14,4=70,47,0,66,56,0,68,83,82,77,81,78,83,82,0,0,91,82,87,82,91,61,0,66,69,77,75,74,0,0,82,1,0,0,0,0,0,0,1,73,53,54,76,69,75
l15,4=69,58,70,69,62,0,83,91,85,87,85,95,90,80,89,0,0,74,82,78,91,67,73,65,75,75,78,74,0,0,85,70,0,65,0,0,0,0,0,0,65,0,68,62,64
l16,4=24,45,66,0,56,34,61,0,0,72,67,75,71,72,91,0,91,0,84,90,91,0,0,0,68,68,74,0,0,0,97,96,0,68,0,0,35,0,74,80,77,65,61,71,64
l17,4=0,0,69,65,62,62,65,83,78,77,82,81,66,71,91,0,87,78,0,87,74,0,68,64,70,72,70,71,0,0,81,74,0,0,0,0,0,0,0,0,63,61,23,67,66
l18,4=4,42,33,0,0,0,0,82,78,57,70,69,65,53,85,0,83,82,81,0,95,65,75,64,87,88,84,81,0,0,88,80,0,57,0,58,0,0,71,54,63,61,66,63,68
l19,4=0,54,0,0,0,58,53,80,61,76,74,72,78,75,91,0,91,82,69,90,0,65,71,70,87,77,75,83,0,0,84,75,68,0,0,0,0,0,73,47,65,67,74,78,0
l20,4=0,0,0,0,0,0,0,32,44,1,26,0,0,41,46,0,73,8,0,76,56,0,93,73,77,89,81,94,0,0,0,0,79,72,0,55,56,60,67,41,39,47,79,62,54
l21,4=0,0,0,0,0,0,0,0,0,0,33,43,43,0,0,0,72,0,40,78,64,98,0,77,76,83,79,89,0,0,0,0,0,0,0,66,0,0,67,0,0,0,0,59,60
l22,4=0,0,0,0,0,0,0,62,53,51,61,51,47,53,48,0,59,0,48,70,55,71,72,0,87,94,92,95,0,0,0,0,57,73,0,72,76,56,69,46,50,57,66,74,57
l23,4=0,27,0,0,0,0,0,12,47,57,66,47,65,51,55,0,73,52,66,82,82,81,71,90,0,94,92,87,0,0,56,0,52,55,0,63,59,41,64,75,40,63,85,85,87
l24,4=0,0,0,0,0,0,16,76,45,62,77,56,56,62,80,0,79,63,73,82,84,87,85,88,87,0,90,89,0,0,25,0,59,57,0,58,48,0,67,78,54,62,86,86,87
l25,4=0,0,23,0,0,0,0,66,52,0,71,52,63,53,61,0,65,64,58,71,68,74,73,90,88,93,0,76,0,0,49,22,75,71,0,65,74,60,70,61,62,57,69,83,73
l26,4=0,0,0,0,0,0,0,60,52,51,59,50,62,51,56,0,62,0,50,78,69,98,89,90,80,86,83,0,0,0,26,51,66,75,0,73,72,56,70,61,59,6,17,61,70
l27,4=66,55,0,43,66,87,69,0,68,71,58,70,53,8,77,0,85,82,77,84,84,0,0,0,66,7,41,0,0,0,0,96,80,82,0,62,8,0,82,99,99,100,3,0,0
l28,4=70,5,0,68,62,0,0,0,0,66,65,81,64,64,1,0,80,82,77,80,84,0,0,0,34,0,42,50,0,0,97,0,66,89,0,76,88,86,94,100,99,100,60,57,27
l29,4=0,0,0,0,0,0,0,0,0,0,0,0,0,0,0,0,0,0,0,0,76,87,0,84,72,76,90,77,0,0,92,64,0,96,0,96,100,100,100,100,99,100,75,72,0
l30,4=0,0,0,0,0,0,0,0,0,0,0,0,0,0,0,0,63,67,0,69,0,71,0,73,69,68,63,74,0,0,80,91,97,0,0,96,100,94,100,100,99,100,64,0,4
l31,4=0,0,0,0,0,0,0,0,0,0,0,0,0,0,0,0,0,0,0,72,0,67,71,82,74,81,80,86,0,0,82,82,97,96,0,0,100,100,100,100,99,100,14,68,18
l32,4=0,0,0,0,0,0,0,0,0,0,0,0,0,0,0,0,0,20,0,0,0,60,0,89,73,49,88,89,0,0,4,87,97,96,0,96,0,100,100,100,98,99,0,0,0
l33,4=0,0,0,0,0,0,0,0,0,0,0,0,0,0,0,0,0,0,0,0,0,78,0,84,69,0,80,82,0,0,0,89,97,96,0,96,100,0,100,97,95,84,0,0,0
l34,4=0,0,0,0,0,0,0,0,0,0,0,0,0,0,0,0,0,78,0,81,75,80,68,82,77,80,79,83,0,0,90,92,97,96,0,96,100,100,0,100,99,100,58,61,46
l35,4=0,0,0,0,0,0,0,0,0,0,0,0,0,0,72,0,0,69,0,66,41,47,0,55,85,80,65,73,0,0,97,96,97,96,0,96,100,99,100,0,99,100,2,0,0
l36,4=0,0,0,0,0,55,0,0,0,0,0,0,0,0,53,0,70,69,68,86,69,49,0,66,57,66,72,68,0,0,97,95,92,96,0,87,91,93,93,100,0,100,28,50,0
l37,4=0,0,0,0,0,0,0,0,0,0,47,0,0,0,59,0,0,80,68,87,86,47,0,79,86,79,61,9,0,0,97,96,97,96,0,96,100,82,100,100,99,0,0,0,59
l38,4=0,0,0,0,0,0,0,0,0,0,0,0,35,0,66,0,54,36,0,53,54,66,0,58,70,69,59,0,0,0,0,38,49,35,0,0,0,0,26,0,0,0,0,86,90
l39,4=0,0,0,0,0,0,0,0,44,0,51,34,44,35,62,0,58,53,68,71,80,51,47,74,76,81,77,70,0,0,0,30,48,0,0,24,0,0,40,0,23,0,86,0,88
l40,4=0,0,0,0,0,0,0,0,0,0,0,0,37,0,57,0,36,41,39,64,0,49,42,35,75,76,68,77,0,0,0,0,0,1,0,0,0,0,28,0,0,17,89,86,0
l41,4=0,0,0,0,0,0,0,0,0,0,55,44,56,59,56,0,62,76,70,78,69,59,57,78,78,83,77,66,0,0,69,58,52,0,0,0,0,0,31,0,30,0,85,83,83
l42,4=0,0,0,0,0,0,0,0,0,0,42,0,0,0,52,0,19,43,61,66,68,69,42,69,78,83,73,84,0,0,0,0,50,0,0,37,42,9,48,0,0,0,85,85,85
l43,4=0,0,0,0,0,0,0,0,0,0,4,0,0,0,27,0,49,32,35,48,59,69,30,68,63,70,66,60,0,0,0,0,50,17,0,39,0,0,2,1,0,0,76,82,78
l44,4=0,0,0,0,0,0,0,0,0,0,0,0,0,0,60,0,51,20,47,67,61,70,55,68,80,80,73,69,0,0,0,0,52,56,0,0,50,0,0,0,0,0,88,86,79

l0,5=0,32,90,98,95,91,83,89,91,91,82,95,93,86,44,0,44,62,61,69,0,0,0,0,0,0,0,0,0,0,77,0,0,0,0,0,0,0,0,0,0,0,0,0,0
l1,5=61,0,90,97,93,91,94,90,92,89,94,94,93,93,0,0,25,61,76,64,56,0,0,0,0,0,0,0,0,0,74,0,0,0,0,0,0,0,0,0,0,0,0,0,0
l2,5=88,92,0,94,93,91,88,91,92,86,67,95,93,93,35,0,23,37,0,62,0,0,0,0,0,0,0,0,0,0,61,50,0,0,0,0,0,0,0,0,0,0,0,0,0
l3,5=91,93,91,0,95,92,87,92,92,90,73,94,90,92,40,0,58,0,77,0,0,0,0,0,0,0,0,0,0,0,79,77,0,50,0,0,0,0,0,0,0,0,0,0,0
l4,5=91,92,92,98,0,92,91,89,92,86,80,90,93,91,0,0,75,61,75,72,0,0,0,0,0,0,0,0,0,0,81,80,0,0,0,0,0,0,0,0,0,0,0,0,0
l5,5=88,92,89,94,95,0,88,90,91,90,94,95,90,89,71,0,70,41,77,71,37,0,0,0,0,0,0,0,0,0,82,72,0,0,0,0,0,0,25,0,29,0,0,0,0
l6,5=79,92,90,85,93,91,0,91,89,91,89,89,93,93,71,0,78,62,81,75,0,0,0,0,0,19,0,0,0,0,52,34,0,0,0,0,0,0,0,0,0,0,0,0,0
l7,5=70,89,90,88,84,91,91,0,92,91,70,96,93,93,59,0,73,5,75,78,0,0,0,0,0,56,23,40,0,0,0,0,0,0,0,0,0,0,0,0,0,0,0,0,0
l8,5=91,93,92,82,90,91,79,92,0,91,81,96,93,94,66,0,74,40,68,75,58,0,45,57,14,50,37,50,0,0,49,24,0,0,0,0,0,0,0,0,0,0,0,44,0
l9,5=76,70,80,78,80,85,89,91,90,0,89,96,93,94,73,0,75,59,82,67,69,43,0,0,17,19,26,49,0,0,50,0,0,0,0,0,0,0,0,0,0,0,0,55,0
l10,5=66,25,16,32,73,81,32,29,43,87,0,56,93,82,81,0,81,64,79,78,79,58,45,65,21,21,30,53,0,0,55,60,0,0,0,0,0,0,0,0,0,20,54,60,0
l11,5=69,43,79,59,79,81,51,89,91,91,87,0,93,93,23,0,78,44,78,70,72,0,0,65,21,17,23,54,0,0,59,51,0,0,0,0,0,0,0,0,0,0,45,33,0
l12,5=71,78,87,42,83,81,83,90,91,91,94,96,0,94,77,0,81,69,79,76,80,51,43,24,52,20,50,55,0,0,57,43,0,0,0,0,0,0,0,0,0,0,55,60,8
l13,5=69,76,80,80,80,81,80,85,88,91,92,96,93,0,73,0,74,68,80,78,79,56,0,62,50,52,37,57,0,0,58,0,0,0,0,0,0,0,0,0,0,0,0,59,0
l14,5=41,0,6,9,0,45,25,24,38,73,90,31,82,78,0,0,81,91,87,85,85,35,46,61,19,17,27,50,0,0,66,57,0,0,0,0,0,0,16,31,26,22,56,65,18
l15,5=43,0,2,17,63,44,33,26,43,73,94,55,92,44,82,0,0,75,86,80,84,64,31,66,21,19,32,51,0,0,39,69,0,0,0,0,0,0,0,0,30,18,55,59,13
l16,5=49,18,1,0,65,45,27,2,29,66,60,38,48,44,79,0,45,0,80,85,84,0,0,68,23,9,33,0,0,0,86,91,3,0,0,15,0,0,39,50,37,27,61,61,16
l17,5=23,20,0,28,56,45,29,28,31,75,58,45,40,44,87,0,77,67,0,81,84,50,39,65,18,24,32,0,0,0,83,63,0,0,0,0,0,0,12,28,26,22,57,61,16
l18,5=26,3,3,0,44,34,26,60,61,32,62,27,38,56,77,0,70,86,66,0,87,68,62,71,64,66,57,66,0,0,71,73,27,24,0,20,15,0,68,49,58,0,66,76,57
l19,5=0,10,0,0,0,41,0,1,30,37,60,40,47,41,82,0,77,86,84,89,0,33,0,65,67,24,10,60,0,0,71,79,0,24,0,0,0,0,31,33,25,25,44,69,14
l20,5=0,0,0,0,0,0,0,0,0,9,22,0,22,23,19,0,45,2,32,61,42,0,80,77,69,72,66,74,0,0,0,0,51,48,0,13,37,38,54,19,19,17,44,63,33
l21,5=0,0,0,0,0,0,0,0,30,0,21,0,23,0,39,0,43,0,36,62,0,81,0,51,55,68,61,69,0,0,0,0,14,0,0,2,0,0,0,0,0,0,51,41,33
l22,5=0,0,0,0,0,0,0,0,44,0,24,35,15,26,18,0,53,23,38,74,52,80,28,0,74,78,72,71,0,0,16,9,0,63,0,31,56,46,25,27,32,0,64,76,25
l23,5=0,0,0,0,0,0,0,0,11,25,36,17,42,16,46,0,47,53,51,78,70,68,50,78,0,79,72,59,0,0,19,26,41,29,0,40,15,5,17,56,17,26,63,75,66
l24,5=0,0,0,0,0,4,16,43,36,33,46,31,44,36,37,0,46,32,58,77,67,73,61,78,77,0,66,62,0,0,0,35,34,43,0,29,6,0,19,29,22,0,49,80,66
l25,5=0,0,0,0,0,0,0,22,26,26,28,20,53,20,26,0,47,47,48,74,45,72,43,79,78,70,0,59,0,0,16,19,56,55,0,30,25,40,34,4,21,22,65,81,61
l26,5=0,0,0,0,0,0,0,12,19,21,22,34,28,26,29,0,39,13,0,76,63,81,66,79,68,69,66,0,0,0,2,24,47,54,0,38,38,16,33,24,31,19,56,73,58
l27,5=64,18,5,19,73,80,13,0,26,26,33,43,32,34,25,0,7,86,83,85,53,0,0,57,20,0,6,0,0,0,0,92,48,47,0,34,24,26,40,57,77,34,0,38,0
l28,5=0,0,6,15,69,57,17,0,21,0,27,35,21,0,14,0,19,91,75,83,56,0,0,41,18,9,5,9,0,0,95,0,47,47,0,30,35,26,39,90,89,81,44,42,0
l29,5=0,0,0,0,0,0,0,0,0,0,0,0,0,0,0,0,0,5,0,58,0,60,13,14,54,43,66,61,0,0,59,53,0,94,0,90,95,97,91,94,85,84,15,57,5
l30,5=0,0,0,0,0,0,0,0,0,0,0,0,0,0,0,0,0,0,0,51,9,66,0,72,17,27,65,64,0,0,62,66,88,0,0,90,95,97,91,94,97,88,57,30,9
l31,5=0,0,0,0,0,0,0,0,0,0,0,0,0,0,0,0,0,23,0,62,0,11,11,62,54,35,45,51,0,0,59,63,88,94,0,0,95,97,91,94,97,88,51,1,0
l32,5=0,0,0,0,0,0,0,0,0,0,0,0,0,0,0,0,0,0,0,50,0,30,0,72,43,0,21,59,0,0,60,41,88,94,0,90,0,97,89,94,94,80,0,0,0
l33,5=0,0,0,0,0,0,0,0,0,0,0,0,0,0,0,0,0,0,0,0,0,26,0,66,4,0,31,7,0,0,57,38,88,94,0,90,95,0,91,61,97,63,0,0,0
l34,5=0,0,0,0,0,23,0,0,0,0,0,0,0,0,0,0,0,58,19,72,52,64,0,55,31,20,37,49,0,0,58,57,88,94,0,85,66,86,0,94,96,88,9,52,0
l35,5=0,0,0,0,0,0,0,0,0,0,0,0,0,0,9,0,0,34,45,68,27,20,0,63,48,8,4,19,0,0,91,90,88,85,0,54,91,31,91,0,97,88,12,0,0
l36,5=0,0,0,0,0,39,0,0,0,0,0,0,0,0,12,0,9,40,50,80,20,19,0,64,20,10,7,23,0,0,95,92,57,94,0,52,52,34,79,94,0,88,0,36,0
l37,5=0,0,0,0,0,0,0,0,0,0,22,0,2,0,12,0,7,40,52,0,41,23,0,36,36,0,13,20,0,0,95,90,88,94,0,88,75,31,91,94,97,0,0,41,1
l38,5=0,0,0,0,0,0,0,0,0,0,25,11,26,0,43,0,38,20,50,59,2,44,28,59,58,49,57,51,0,0,0,4,0,21,0,10,0,0,0,0,0,0,0,77,71
l39,5=0,0,0,0,0,0,0,0,2,16,17,10,14,8,45,0,40,21,51,74,65,40,2,67,53,65,64,52,0,0,4,11,14,2,0,0,0,0,13,0,3,0,70,0,72
l40,5=0,0,0,0,0,0,0,0,0,0,0,0,5,0,40,0,18,14,30,51,33,28,21,24,57,58,44,41,0,0,0,0,0,16,0,0,0,0,0,0,0,0,71,79,0
l41,5=0,0,0,0,0,0,0,0,4,20,12,16,35,14,54,0,56,67,59,67,70,0,38,71,71,66,61,6,0,0,15,29,5,0,0,0,0,0,11,3,12,0,71,80,66
l42,5=0,0,0,0,0,0,0,0,0,0,15,0,0,0,18,0,0,23,38,57,48,44,0,63,60,65,49,52,0,0,0,1,25,24,0,20,19,0,23,0,0,0,70,77,66
l43,5=0,0,0,0,0,0,0,0,0,0,18,0,3,0,0,0,14,0,32,49,45,46,0,63,30,22,57,56,0,0,0,0,20,0,0,13,0,0,0,2,0,0,66,78,60
l44,5=0,0,0,0,0,0,0,0,0,0,0,0,8,0,48,0,27,15,31,73,44,68,26,0,60,66,64,58,0,0,0,0,0,20,0,0,5,0,0,0,0,0,71,77,70

l0,6=0,95,92,93,89,92,86,90,77,89,77,87,82,89,63,0,46,75,37,50,0,0,0,0,0,0,0,0,0,0,60,62,0,0,0,0,0,0,0,0,34,0,0,0,0
l1,6=90,0,92,93,89,92,87,90,78,83,77,74,81,85,35,0,59,46,43,58,25,0,0,0,0,0,0,0,0,0,62,53,0,0,0,0,0,0,0,0,0,0,0,0,0
l2,6=93,95,0,93,89,91,87,91,78,79,70,87,84,89,43,0,68,71,39,60,0,0,0,0,0,58,0,0,0,0,27,0,0,0,0,0,0,0,0,0,0,0,0,0,0
l3,6=93,95,94,0,89,92,86,88,77,87,69,87,72,89,0,0,72,75,40,0,0,0,0,0,0,0,0,0,0,0,59,0,0,0,0,0,0,0,0,0,0,0,0,0,0
l4,6=93,95,91,93,0,92,86,88,75,87,0,88,84,88,23,0,70,0,36,46,0,0,0,0,0,0,0,0,0,0,65,73,0,0,0,0,0,0,0,0,0,0,0,0,0
l5,6=93,95,89,90,89,0,87,88,75,84,77,82,69,85,50,0,67,74,44,0,16,0,0,0,0,1,0,0,0,0,40,70,0,0,0,0,0,0,47,13,21,0,0,0,0
l6,6=90,95,94,91,89,92,0,91,71,90,78,78,84,71,72,0,67,61,39,42,40,33,0,0,0,53,0,0,0,0,3,43,0,0,0,0,0,0,0,0,0,0,0,0,0
l7,6=76,93,92,75,81,80,87,0,78,90,72,89,75,89,68,0,69,49,40,70,32,0,0,0,0,62,54,0,0,0,0,0,0,0,0,0,0,0,0,0,0,0,0,0,0
l8,6=87,95,94,78,82,85,77,91,0,90,68,89,85,90,71,0,64,21,36,62,0,42,30,47,39,62,61,35,0,0,0,0,0,0,0,0,0,0,0,0,0,0,0,0,0
l9,6=85,88,82,79,77,85,87,91,78,0,79,89,85,90,82,0,73,49,53,14,47,0,17,5,46,56,44,20,0,0,33,3,0,0,0,0,0,0,0,0,0,0,3,0,0
l10,6=73,77,42,29,1,84,76,44,37,80,0,82,84,85,82,0,79,76,47,62,40,30,12,49,59,68,65,21,0,0,28,63,0,0,0,0,0,0,0,0,7,12,37,38,0
l11,6=79,66,84,70,76,81,75,85,74,85,78,0,85,85,78,0,75,40,50,59,19,24,2,48,58,51,41,34,0,0,29,25,0,0,0,0,0,0,0,0,0,0,0,43,0
l12,6=71,84,89,30,74,68,79,79,75,86,84,89,0,90,82,0,75,70,54,60,63,0,0,33,58,56,61,16,0,0,27,27,0,0,0,0,0,0,0,0,0,0,37,53,0
l13,6=85,89,87,84,72,84,54,90,78,90,84,89,85,0,82,0,75,48,56,72,43,13,0,47,54,61,48,35,0,0,32,32,0,0,0,0,0,0,0,0,0,0,1,39,0
l14,6=31,25,37,0,6,56,48,44,35,60,81,68,54,44,0,0,76,83,64,73,44,25,38,50,59,60,0,45,0,0,69,58,0,8,0,0,0,0,56,0,29,0,50,69,65
l15,6=19,50,36,25,20,49,49,44,30,50,82,71,45,41,76,0,0,66,62,62,40,37,31,58,57,24,57,45,0,0,42,41,0,0,0,0,0,0,7,34,34,3,26,50,22
l16,6=34,26,23,5,0,46,47,6,4,30,73,22,35,19,59,0,69,0,56,73,49,3,0,53,59,33,64,11,0,0,78,83,3,0,0,15,0,0,59,0,50,15,28,39,35
l17,6=52,53,34,11,16,49,49,31,26,54,61,71,73,41,85,0,75,78,0,62,65,36,28,59,56,66,57,45,0,0,70,43,0,0,0,0,0,0,0,0,0,0,0,67,58
l18,6=18,33,35,0,15,0,13,54,44,0,52,49,56,53,67,0,58,68,35,0,71,64,49,58,64,64,61,49,0,0,9,21,18,25,0,26,23,0,55,47,55,0,59,67,59
l19,6=0,33,0,0,0,32,40,25,0,48,61,41,58,30,75,0,69,86,51,80,0,43,36,55,65,70,56,50,0,0,43,61,0,25,0,0,0,0,57,48,36,28,0,60,0
l20,6=0,0,0,0,0,0,16,0,16,0,26,27,0,12,24,0,50,18,24,55,32,0,73,78,65,69,64,58,0,0,0,0,49,49,0,23,34,13,62,25,24,19,35,31,35
l21,6=0,0,0,0,0,0,0,0,17,18,20,21,0,0,50,0,47,0,14,52,29,83,0,71,63,64,53,56,0,0,0,0,0,18,0,0,0,0,25,0,0,0,38,23,37
l22,6=0,0,0,0,0,0,0,0,11,0,15,22,15,19,19,0,42,23,18,47,12,81,47,0,72,70,75,66,0,0,0,14,4,60,0,19,54,20,40,18,26,22,66,33,33
l23,6=0,0,0,0,0,0,0,0,5,18,30,30,36,18,49,0,46,45,20,61,58,68,43,74,0,70,75,54,0,0,20,14,24,22,0,30,19,0,44,22,25,12,65,61,51
l24,6=0,0,21,0,0,10,20,56,30,20,53,28,23,25,16,0,20,39,34,63,57,74,57,78,72,0,75,52,0,0,9,16,1,46,0,16,20,0,34,20,16,16,66,63,65
l25,6=0,0,0,0,0,0,0,22,19,18,39,18,31,18,0,0,47,34,20,61,19,74,32,81,72,69,0,48,0,0,0,0,33,23,0,22,0,21,31,22,26,21,40,65,48
l26,6=0,0,0,0,0,0,0,0,13,15,10,20,10,20,19,0,48,16,27,66,55,83,68,81,65,69,60,0,0,0,6,5,47,47,0,32,44,29,65,44,36,12,65,55,60
l27,6=33,39,1,6,8,40,0,0,0,24,8,25,19,17,59,0,69,86,62,17,21,0,0,0,36,25,0,0,0,0,0,83,4,30,0,17,40,22,67,71,84,47,0,0,0
l28,6=18,9,0,0,36,51,36,0,0,0,33,25,21,15,23,0,66,87,40,31,48,0,0,39,31,28,0,1,0,0,83,0,25,66,0,32,41,45,68,75,84,80,34,44,0
l29,6=0,0,0,0,0,0,0,0,0,0,0,0,0,0,0,0,0,14,0,60,0,65,1,23,59,0,58,51,0,0,44,40,0,77,0,77,75,79,79,82,71,65,0,0,0
l30,6=0,0,0,0,0,0,0,0,0,0,0,0,0,0,5,0,0,0,0,35,13,59,9,67,56,56,56,43,0,0,44,40,71,0,0,77,74,76,79,63,90,80,31,11,9
l31,6=0,0,0,0,0,0,0,0,0,0,0,0,0,0,0,0,0,38,0,51,0,56,0,63,66,58,61,48,0,0,39,36,71,77,0,0,75,84,74,78,85,76,42,0,0
l32,6=0,0,0,0,0,0,0,0,0,0,0,0,0,0,0,0,0,0,0,57,0,47,0,64,56,47,0,35,0,0,45,40,71,73,0,77,0,79,74,72,80,44,39,0,0
l33,6=0,0,0,0,0,0,0,0,0,0,0,0,0,0,0,0,0,0,0,0,0,0,0,58,0,0,44,35,0,0,35,44,71,74,0,77,75,0,71,61,79,72,0,0,0
l34,6=0,0,0,0,0,12,0,0,0,0,0,0,0,0,12,0,6,54,0,56,31,62,6,64,59,52,53,49,0,0,45,37,71,77,0,77,67,58,0,82,90,84,41,53,0
l35,6=0,0,0,0,0,9,0,0,0,0,0,0,0,0,0,0,47,0,0,35,22,34,0,38,34,23,56,48,0,0,60,41,71,71,0,60,48,46,79,0,90,84,9,36,0
l36,6=0,0,0,0,0,20,0,0,0,0,3,0,0,0,20,0,54,88,0,37,5,32,0,52,34,4,52,46,0,0,86,45,44,77,0,76,49,74,79,82,0,84,0,0,0
l37,6=0,0,0,0,0,0,0,0,0,0,10,0,3,0,0,0,20,51,0,0,23,32,0,51,32,30,52,43,0,0,71,74,67,77,0,64,44,76,79,82,90,0,0,1,0
l38,6=0,0,0,0,0,0,0,0,0,0,16,0,10,0,32,0,18,21,0,45,0,13,9,59,63,52,48,38,0,0,0,5,0,9,0,8,13,0,26,0,0,0,0,63,68
l39,6=0,0,0,0,0,0,0,0,0,0,13,16,26,9,50,0,33,49,27,56,48,32,5,46,57,60,66,35,0,0,0,8,0,1,0,0,0,0,25,12,0,0,71,0,74
l40,6=0,0,0,0,0,0,0,0,0,0,0,0,0,0,50,0,13,43,23,46,0,51,15,45,51,59,53,35,0,0,0,0,0,2,0,0,0,0,0,0,0,0,69,65,0
l41,6=0,0,0,0,0,0,0,0,0,0,7,0,52,14,56,0,35,53,31,58,56,43,26,64,67,62,59,21,0,0,15,16,4,0,0,0,5,0,25,0,16,8,63,75,63
l42,6=0,0,0,0,0,0,0,0,0,0,2,0,0,0,24,0,17,25,15,49,12,50,0,69,63,63,62,45,0,0,0,0,17,0,0,18,19,14,24,0,16,0,71,68,54
l43,6=0,0,0,0,0,0,0,0,0,0,8,0,0,0,0,0,0,0,11,48,15,18,25,62,29,60,59,48,0,0,0,0,1,0,0,20,3,0,0,0,0,0,66,62,67
l44,6=0,0,0,0,0,0,0,0,0,0,0,0,4,0,21,0,21,23,14,47,11,49,26,44,64,64,59,45,0,0,0,0,0,0,0,0,0,0,0,0,0,0,66,60,70

l0,7=0,95,93,98,97,99,95,96,86,93,51,90,91,96,41,0,69,62,0,16,0,0,0,0,0,0,0,0,0,0,21,80,0,0,0,0,0,0,0,0,5,25,0,0,0
l1,7=99,0,95,98,97,86,95,94,87,94,27,92,92,94,1,0,53,0,40,46,3,0,0,0,0,0,0,0,0,0,54,51,0,0,0,0,0,0,0,0,0,0,0,0,0
l2,7=97,95,0,98,95,99,95,95,87,90,38,92,90,96,43,0,47,37,41,44,47,0,0,0,0,0,0,0,0,0,54,0,0,0,0,0,0,0,0,0,0,0,0,0,0
l3,7=99,95,94,0,97,98,94,93,84,91,74,87,87,94,33,0,74,21,54,0,0,0,0,0,0,0,0,0,0,0,84,79,0,0,0,0,0,0,0,0,0,0,0,0,0
l4,7=99,95,92,98,0,99,93,89,83,57,52,90,84,81,6,0,42,8,0,38,0,0,0,0,0,0,0,0,0,0,52,57,0,0,0,0,0,0,0,0,0,0,0,0,0
l5,7=99,95,93,96,97,0,95,94,85,91,81,90,89,94,41,0,75,28,40,36,53,0,0,0,0,0,0,0,0,0,52,0,0,0,0,0,0,0,9,3,0,0,0,0,0
l6,7=99,95,95,96,95,99,0,96,84,94,81,90,90,91,62,0,57,60,67,28,46,0,0,43,0,51,0,0,0,0,43,62,0,0,0,0,0,0,0,0,0,0,0,0,0
l7,7=78,90,85,85,85,94,95,0,87,94,82,92,81,96,72,0,63,56,0,63,52,54,10,0,59,58,25,27,0,0,0,0,0,0,0,0,0,0,0,0,0,0,0,0,0
l8,7=92,91,93,82,91,95,86,96,0,94,78,92,90,92,66,0,59,0,62,59,39,61,60,66,57,35,52,31,0,0,0,9,0,0,0,0,0,0,0,0,0,0,0,0,0
l9,7=92,91,92,85,93,95,95,96,87,0,76,92,92,96,84,0,39,0,72,33,57,47,0,53,0,47,31,0,0,0,19,40,0,0,0,0,0,0,0,0,0,0,0,1,0
l10,7=25,62,77,25,26,66,87,84,55,29,0,83,90,91,90,0,79,35,73,43,70,44,50,72,64,62,18,0,0,0,37,68,0,0,0,0,0,0,0,0,0,12,8,26,0
l11,7=57,91,93,20,93,95,91,91,86,92,82,0,92,92,88,0,79,15,73,44,0,24,0,59,65,36,15,24,0,0,14,22,0,0,0,0,0,0,0,0,0,0,0,17,17
l12,7=52,91,93,48,50,62,91,87,86,92,82,92,0,96,88,0,79,0,73,44,46,0,44,45,66,63,32,24,0,0,42,41,0,0,0,0,0,0,0,0,0,0,20,15,0
l13,7=91,91,93,93,86,95,87,91,86,93,82,92,92,0,88,0,45,35,72,74,58,2,52,67,53,55,0,20,0,0,51,43,0,0,0,0,0,0,0,0,0,0,0,0,0
l14,7=20,3,53,3,13,25,52,82,33,28,50,81,80,32,0,0,82,70,75,77,70,58,1,60,60,58,18,22,0,0,55,81,0,0,0,0,0,0,33,8,1,10,34,30,47
l15,7=14,59,52,19,18,28,50,81,39,6,83,80,86,17,54,0,0,28,53,43,70,53,31,36,65,49,16,12,0,0,12,37,0,7,0,0,0,0,0,19,29,0,0,8,0
l16,7=21,0,66,1,3,15,55,67,0,0,27,32,7,19,54,0,44,0,42,47,78,45,0,20,64,56,18,0,0,0,59,93,0,44,0,0,0,0,49,28,47,1,34,30,37
l17,7=0,59,57,16,0,28,54,0,26,24,50,92,84,32,93,0,69,70,0,44,71,50,1,61,62,73,18,22,0,0,56,59,0,0,0,0,0,0,0,8,0,21,34,25,49
l18,7=3,51,51,0,21,19,37,49,37,7,29,52,53,36,88,0,53,67,55,0,74,64,57,35,65,62,53,70,0,0,46,54,47,22,0,0,0,0,59,24,33,17,28,69,21
l19,7=0,0,31,0,0,26,49,49,25,19,46,0,53,20,86,0,78,74,73,80,0,54,55,63,76,67,29,23,0,0,37,48,0,46,0,0,0,5,46,29,31,0,35,26,52
l20,7=0,0,0,0,0,0,0,18,32,7,4,22,2,3,58,0,54,13,27,68,22,0,81,84,71,77,57,76,0,0,0,0,55,54,0,27,37,0,67,8,0,0,61,66,67
l21,7=0,0,0,0,0,0,0,23,51,0,33,0,49,45,1,0,60,0,7,64,27,88,0,82,70,70,0,74,0,0,0,0,2,0,0,0,0,0,44,0,0,0,68,48,32
l22,7=0,0,0,0,0,0,15,0,19,3,32,33,24,28,28,0,24,9,35,50,43,84,66,0,76,79,64,83,0,0,0,7,21,62,0,35,66,38,70,5,29,21,72,66,49
l23,7=0,0,0,0,0,0,0,20,14,0,21,45,45,6,25,0,54,39,56,64,53,75,70,86,0,84,64,72,0,0,0,21,20,31,0,52,0,0,41,0,23,16,72,68,64
l24,7=0,0,0,0,0,0,28,48,13,6,31,32,55,11,63,0,40,33,60,67,52,82,41,85,76,0,64,72,0,0,14,0,0,40,0,39,30,14,0,61,18,17,71,68,64
l25,7=0,0,0,0,0,0,0,23,17,14,39,33,49,0,61,0,52,23,54,71,45,72,0,86,76,84,0,66,0,0,0,21,52,33,0,44,33,40,37,22,35,19,73,73,22
l26,7=0,0,0,0,0,1,0,21,12,0,0,36,25,6,36,0,23,8,48,69,34,88,75,86,72,79,57,0,0,0,8,0,55,25,0,40,67,46,69,40,21,13,70,24,64
l27,7=1,71,74,31,20,39,37,0,0,0,9,28,42,22,54,0,18,43,42,41,70,0,0,0,0,54,0,0,0,0,0,93,33,77,0,46,41,29,69,47,55,51,0,0,12
l28,7=21,42,0,40,39,0,48,0,13,5,15,33,39,32,90,0,46,74,24,52,56,0,0,13,34,0,25,0,0,0,96,0,69,74,0,48,45,48,68,81,88,68,0,12,0
l29,7=0,0,0,0,0,0,0,0,0,0,0,0,0,0,0,0,0,0,0,21,0,59,0,21,39,0,56,58,0,0,3,54,0,79,0,89,84,86,89,84,78,73,15,13,0
l30,7=0,0,0,0,0,0,0,0,0,0,0,0,0,0,0,0,9,3,0,12,26,53,0,74,54,52,31,3,0,0,68,63,79,0,0,89,83,84,89,70,90,83,0,0,17
l31,7=0,0,0,0,0,0,0,0,0,0,0,0,0,0,0,0,0,5,0,13,0,40,0,69,68,66,56,64,0,0,51,65,79,74,0,0,84,91,85,72,83,71,0,15,0
l32,7=0,0,0,0,0,0,0,0,0,0,0,0,0,0,0,0,0,0,0,0,0,59,0,42,0,57,52,36,0,0,28,53,79,77,0,89,0,91,81,76,49,41,0,0,0
l33,7=0,0,0,0,0,0,0,0,0,0,0,0,0,0,0,0,0,0,0,0,0,0,0,38,0,0,53,33,0,0,7,38,79,76,0,89,84,0,84,67,59,54,6,0,0
l34,7=0,0,0,0,0,1,0,0,0,0,0,0,0,0,10,0,0,10,0,58,31,67,8,74,51,0,19,72,0,0,81,40,79,79,0,89,76,84,0,84,90,85,26,14,0
l35,7=0,0,0,0,0,9,0,0,0,0,0,0,0,0,10,0,33,17,4,28,42,48,0,6,0,57,32,25,0,0,24,47,79,70,0,47,50,58,89,0,90,85,11,0,0
l36,7=0,0,0,0,0,0,0,0,0,0,0,0,3,0,1,0,50,26,0,47,49,0,0,26,40,56,54,14,0,0,94,50,77,79,0,57,47,61,89,84,0,85,20,0,0
l37,7=10,0,0,0,0,0,0,0,0,0,8,0,0,0,19,0,0,6,6,25,0,0,0,26,40,55,53,19,0,0,82,43,76,77,0,50,44,61,89,84,90,0,20,7,0
l38,7=0,0,0,0,0,0,0,0,0,0,0,0,17,0,12,0,0,17,20,19,10,26,25,68,71,63,57,34,0,0,0,0,6,0,0,0,0,19,27,0,2,2,0,74,74
l39,7=0,0,0,0,0,0,0,0,0,0,15,30,22,0,49,0,12,31,30,66,32,54,20,60,72,63,62,6,0,0,0,14,15,0,0,1,0,0,30,0,0,0,78,0,70
l40,7=0,0,0,0,0,0,0,0,0,0,0,11,0,0,22,0,0,16,20,36,9,51,19,44,59,51,16,47,0,0,0,0,0,12,0,0,0,0,0,0,0,0,76,67,0
l41,7=0,0,0,0,0,0,0,0,9,0,9,0,52,8,65,0,45,16,54,60,55,29,15,44,76,76,55,7,0,0,0,39,20,0,0,0,15,0,29,0,0,7,75,76,64
l42,7=0,0,0,0,0,0,0,0,0,0,0,0,0,0,39,0,12,14,19,38,5,56,26,64,50,78,58,57,0,0,0,0,21,19,0,3,0,12,0,0,0,0,73,73,64
l43,7=0,0,0,0,0,0,0,0,0,0,0,0,0,0,0,0,14,0,18,45,10,48,23,63,33,74,58,65,0,0,0,0,20,0,0,22,25,0,6,0,4,0,73,69,70
l44,7=0,0,0,0,0,0,0,0,0,0,0,0,21,0,25,0,17,17,21,48,29,61,25,73,71,71,42,66,0,0,0,0,20,12,0,0,0,0,32,0,0,0,73,69,70

l0,8=0,100,100,100,100,100,100,99,100,98,52,99,100,98,52,0,99,84,78,85,0,0,0,0,0,0,0,0,0,0,79,61,0,0,0,0,0,0,0,0,0,0,0,0,0
l1,8=100,0,100,100,100,100,68,99,100,98,70,99,98,86,47,0,89,88,76,91,0,0,0,0,0,1,0,0,0,0,93,0,0,0,0,0,0,0,0,0,0,0,0,0,0
l2,8=100,100,0,100,100,100,100,76,100,98,94,99,96,98,44,0,94,97,92,91,88,0,0,0,0,0,0,0,0,0,92,0,0,0,0,0,0,0,0,0,0,0,0,36,0
l3,8=100,100,100,0,100,100,100,99,100,92,94,96,100,98,41,0,97,31,89,53,0,0,0,0,0,0,0,0,0,0,97,87,0,0,0,0,0,0,0,0,0,0,0,0,0
l4,8=100,100,100,100,0,100,100,99,100,98,60,99,97,98,0,0,92,93,92,93,0,0,0,0,0,0,0,0,0,0,100,81,0,0,0,0,0,0,0,0,0,0,0,0,0
l5,8=100,100,100,100,100,0,100,99,100,98,85,99,100,98,48,0,99,85,88,91,89,0,0,0,0,0,0,0,0,0,87,0,0,0,0,0,0,0,0,0,0,0,0,0,0
l6,8=100,93,100,100,100,100,0,99,100,98,94,99,100,98,96,0,99,60,96,0,98,0,0,7,0,82,0,2,0,0,74,0,0,0,0,0,0,0,0,0,0,0,0,0,0
l7,8=94,100,100,94,88,100,100,0,100,98,94,99,100,98,82,0,99,87,88,94,90,59,0,45,66,90,82,0,0,0,0,0,0,0,0,0,0,0,0,0,0,0,0,0,0
l8,8=95,100,100,61,0,92,94,99,0,98,92,99,100,98,79,0,94,53,86,94,91,78,1,65,76,0,24,75,0,0,0,58,0,0,0,0,0,0,0,0,0,0,0,2,0
l9,8=94,100,96,84,93,97,100,99,100,0,90,99,100,98,76,0,99,65,69,93,93,75,0,47,52,79,88,0,0,0,0,69,0,0,0,0,0,0,0,0,0,0,0,46,0
l10,8=51,64,95,83,50,57,68,96,88,59,0,76,100,95,96,0,99,0,96,90,93,77,32,54,64,74,90,0,0,0,87,94,0,0,0,0,0,0,0,0,0,0,0,48,0
l11,8=95,93,96,86,92,92,94,99,100,93,86,0,100,98,88,0,93,80,95,90,0,41,0,47,65,63,85,78,0,0,84,1,0,0,0,0,0,0,0,0,0,0,0,33,52
l12,8=58,72,92,93,50,58,92,96,100,98,94,99,0,98,88,0,99,94,98,94,93,0,50,0,66,84,90,76,0,0,77,88,0,0,0,0,0,0,0,0,0,0,45,0,18
l13,8=67,63,99,94,61,99,94,99,95,98,92,99,100,0,88,0,93,88,95,92,93,83,47,52,66,76,0,83,0,0,77,74,0,0,0,0,0,0,0,0,60,0,0,0,0
l14,8=17,29,42,9,6,19,52,80,70,42,58,91,100,92,0,0,97,99,99,96,100,82,13,33,71,84,91,72,0,0,93,95,0,0,0,0,0,0,0,20,55,47,37,46,60
l15,8=57,53,85,76,23,63,68,81,84,50,94,75,100,90,57,0,0,98,99,92,98,86,0,30,72,82,92,87,0,0,51,98,0,19,0,0,0,0,27,47,83,24,27,48,13
l16,8=12,30,93,0,18,18,3,76,25,7,0,52,84,52,57,0,97,0,99,96,100,33,0,0,72,83,88,0,0,0,100,99,0,0,0,0,12,36,52,89,98,85,53,32,53
l17,8=2,19,74,39,16,21,31,72,55,14,58,91,100,89,96,0,97,100,0,96,100,81,26,22,67,84,89,84,0,0,93,79,0,0,0,0,0,0,0,48,60,50,49,48,50
l18,8=15,39,35,0,34,35,0,90,82,43,40,62,77,71,96,0,72,100,93,0,99,86,54,89,89,85,91,89,0,0,90,75,0,0,0,7,0,0,70,41,59,79,56,52,57
l19,8=0,0,51,0,0,55,50,80,85,96,91,26,99,90,96,0,99,100,99,96,0,84,12,90,90,83,93,88,0,0,99,78,0,32,0,0,0,0,66,82,95,79,56,87,74
l20,8=0,0,0,0,0,0,0,53,61,33,38,19,9,56,67,0,67,33,66,87,64,0,93,92,87,90,72,91,0,0,0,0,64,64,0,0,0,0,65,54,6,33,62,64,63
l21,8=0,0,0,0,0,0,0,0,17,0,39,2,55,56,48,0,0,0,66,76,11,90,0,88,88,78,0,88,0,0,0,0,20,56,0,0,17,0,62,1,0,0,70,73,51
l22,8=0,0,0,0,0,0,0,24,28,13,48,26,1,48,54,0,49,0,31,71,73,87,68,0,91,88,91,89,0,0,0,2,5,70,0,56,33,49,70,29,0,54,68,79,61
l23,8=0,0,0,0,0,0,0,57,29,0,22,58,39,41,62,0,65,60,69,75,77,83,72,92,0,96,94,89,0,0,48,0,64,38,0,56,10,25,67,57,62,49,84,86,82
l24,8=0,1,0,0,0,0,45,72,0,51,48,31,51,55,73,0,66,65,79,75,76,84,67,88,91,0,94,86,0,0,49,24,47,0,0,42,49,49,61,56,58,22,83,82,47
l25,8=0,0,0,0,0,0,0,59,22,25,56,52,51,0,61,0,61,56,66,68,74,63,0,90,91,95,0,67,0,0,35,27,64,70,0,28,52,58,0,0,52,34,83,85,62
l26,8=0,0,0,0,0,0,3,7,28,0,0,36,18,27,27,0,63,0,72,82,75,85,86,90,88,87,82,0,0,0,0,0,33,48,0,33,69,32,79,27,17,30,80,41,68
l27,8=18,45,84,69,21,21,19,0,0,0,18,56,68,44,51,0,42,100,99,95,71,0,0,0,50,67,77,0,0,0,0,99,75,84,0,21,20,52,98,91,99,92,0,29,9
l28,8=21,0,0,65,41,1,0,0,30,20,55,39,82,71,55,0,50,100,86,92,56,0,0,7,0,27,42,0,0,0,100,0,60,48,0,30,50,72,95,91,99,46,18,42,0
l29,8=0,0,0,0,0,0,0,0,0,0,0,0,0,0,0,0,0,0,0,0,0,78,4,6,81,32,84,80,0,0,25,77,0,100,0,97,97,98,98,100,94,89,40,0,0
l30,8=0,0,0,0,9,0,0,0,0,0,0,0,0,0,0,0,25,9,0,7,28,75,29,90,50,0,90,83,0,0,98,86,96,0,0,97,97,100,98,100,99,98,0,0,0
l31,8=0,0,0,0,0,0,0,0,0,0,0,0,0,0,0,0,0,16,0,36,0,0,0,85,84,62,75,80,0,0,84,56,96,100,0,0,97,100,98,89,99,96,0,17,0
l32,8=0,0,0,0,0,0,0,0,0,0,0,0,0,0,0,0,0,51,0,0,0,0,1,56,41,66,83,84,0,0,54,58,96,99,0,97,0,100,98,85,95,96,0,3,0
l33,8=0,0,0,0,0,0,0,0,0,0,0,0,0,0,0,0,0,45,0,0,0,0,0,64,51,60,88,69,0,0,63,29,96,100,0,97,97,0,97,100,99,85,0,0,0
l34,8=0,0,0,0,0,0,0,0,0,0,0,0,0,0,0,0,23,62,0,84,52,53,44,91,84,42,0,90,0,0,95,85,96,100,0,97,97,98,0,100,99,98,35,40,0
l35,8=0,0,0,0,0,0,0,0,0,0,0,0,0,0,13,0,38,70,75,73,53,50,0,45,66,41,0,69,0,0,100,90,96,100,0,60,78,100,98,0,99,98,0,0,45
l36,8=0,0,0,0,0,0,0,0,0,0,0,0,0,57,42,0,42,78,70,82,55,1,0,0,84,42,49,40,0,0,100,95,60,100,0,69,82,92,98,100,0,98,17,29,0
l37,8=0,0,0,0,0,0,0,0,0,0,0,0,17,0,34,0,31,74,63,89,56,48,0,48,66,39,47,69,0,0,100,74,96,100,0,94,89,78,98,100,99,0,2,32,0
l38,8=0,0,0,0,0,0,0,0,0,0,0,0,18,0,21,0,22,50,26,52,33,20,24,53,81,59,79,59,0,0,0,4,24,0,0,0,0,2,23,0,11,0,0,84,88
l39,8=0,0,0,0,0,0,0,0,0,11,24,11,0,0,25,0,37,26,54,62,65,48,24,72,90,69,92,50,0,0,24,29,0,0,0,0,0,0,24,0,1,1,84,0,88
l40,8=0,0,0,0,0,0,0,0,0,0,0,13,3,0,44,0,0,27,20,45,30,47,10,56,80,23,64,63,0,0,0,0,0,0,0,0,0,0,0,0,0,0,84,81,0
l41,8=0,0,0,0,0,0,0,17,23,0,9,31,63,23,68,0,58,36,87,58,79,49,33,83,90,94,92,0,0,0,30,63,0,0,0,0,0,0,0,0,0,8,84,87,88
l42,8=0,0,0,0,0,0,0,0,0,0,0,0,0,0,29,0,0,0,0,56,32,64,48,83,74,89,90,84,0,0,0,0,19,0,0,0,3,1,0,0,0,14,84,85,78
l43,8=0,0,0,0,0,0,0,0,0,0,0,0,0,0,15,0,0,0,20,50,25,59,15,65,51,42,90,66,0,0,0,0,23,2,0,0,1,0,26,0,0,0,84,68,78
l44,8=0,0,0,0,0,0,0,0,0,0,0,0,0,5,31,0,0,23,45,52,25,0,18,55,80,59,56,57,0,0,0,0,22,12,0,0,0,0,5,0,0,0,85,83,75

l0,9=0,100,100,100,100,100,100,100,100,99,86,100,100,0,55,0,51,0,0,40,1,0,0,0,0,0,0,0,0,0,0,33,0,0,0,0,0,0,0,0,0,0,0,0,0
l1,9=98,0,100,100,100,100,100,93,100,100,59,100,99,100,0,0,55,62,0,49,89,0,0,0,0,81,0,0,0,0,36,40,0,0,0,0,0,0,0,0,0,0,0,0,0
l2,9=98,100,0,100,100,100,100,100,100,100,56,100,100,100,57,0,55,57,70,0,0,0,0,0,0,0,0,0,0,0,58,42,0,0,0,0,0,0,0,0,0,0,0,0,0
l3,9=98,100,100,0,100,100,100,0,100,75,95,60,99,100,0,0,57,0,33,39,0,0,0,0,0,0,0,0,0,0,52,61,0,0,0,0,0,0,0,0,0,0,0,0,0
l4,9=98,100,100,100,0,100,100,100,100,71,60,100,99,100,54,0,57,61,0,51,0,0,0,0,0,0,0,0,0,0,10,37,0,0,0,0,0,0,0,0,0,0,0,0,0
l5,9=98,100,100,100,100,0,100,93,100,100,59,100,99,100,57,0,57,63,23,39,89,0,0,0,0,68,0,0,0,0,37,0,0,0,0,0,0,0,0,0,46,0,0,0,0
l6,9=98,100,100,100,100,100,0,99,100,100,99,100,100,100,61,0,83,76,88,0,95,0,0,0,0,0,0,0,0,0,32,64,0,0,0,0,0,0,0,0,0,0,0,0,0
l7,9=98,100,100,23,100,100,100,0,100,100,99,100,100,100,58,0,97,69,45,100,93,100,0,0,100,98,92,49,0,0,0,0,0,0,0,0,0,0,0,0,0,0,0,31,0
l8,9=98,100,100,100,100,100,100,98,0,100,99,100,100,100,99,0,97,92,94,100,96,99,0,94,99,91,97,72,0,0,43,0,0,0,0,0,0,0,0,0,0,0,0,0,0
l9,9=98,100,100,88,67,100,100,98,100,0,99,100,100,100,99,0,97,51,55,97,98,86,0,66,92,77,86,38,0,0,30,17,0,0,0,0,0,0,0,0,0,0,0,0,0
l10,9=35,35,71,94,57,37,38,99,100,81,0,100,100,100,99,0,97,61,96,54,89,87,82,92,93,83,99,0,0,0,32,42,0,0,0,0,0,0,0,0,20,27,45,37,29
l11,9=98,98,100,90,90,100,100,98,100,100,98,0,100,100,99,0,97,71,96,95,73,0,0,85,94,0,87,58,0,0,8,0,0,0,0,0,0,0,0,0,0,0,0,31,3
l12,9=36,30,84,100,57,32,48,95,100,100,99,100,0,100,63,0,97,64,93,80,81,88,91,0,64,75,91,39,0,0,20,0,0,0,0,0,0,0,0,0,27,1,41,32,0
l13,9=0,100,100,100,100,100,100,94,100,100,99,100,100,0,99,0,97,53,96,78,100,93,0,88,97,85,90,37,0,0,0,37,0,0,0,0,0,0,0,0,39,0,0,6,0
l14,9=14,0,59,0,32,23,32,82,93,63,36,38,100,94,0,0,57,66,96,56,95,86,79,88,92,84,91,47,0,0,34,41,0,15,0,0,0,0,12,0,20,53,52,35,31
l15,9=31,31,68,89,55,34,34,97,100,81,59,99,100,100,95,0,0,64,96,88,83,92,87,91,100,86,88,47,0,0,34,41,18,60,0,0,0,0,51,0,38,54,3,35,0
l16,9=0,34,47,0,26,25,24,92,96,61,35,38,100,97,60,0,57,0,59,57,98,0,0,89,100,96,91,0,0,0,100,42,73,0,0,0,54,5,52,61,56,60,57,37,30
l17,9=0,0,67,5,0,2,30,24,91,60,36,59,99,100,99,0,63,65,0,89,100,90,93,88,98,98,98,47,0,0,36,38,0,0,0,0,0,0,0,30,44,3,46,36,13
l18,9=8,25,0,20,34,12,0,97,96,64,34,35,97,95,97,0,94,99,93,0,99,92,96,95,98,93,97,97,0,0,36,37,67,78,0,78,49,0,55,56,56,60,55,36,35
l19,9=1,31,0,0,19,22,27,96,97,67,35,34,97,98,99,0,54,100,96,100,0,93,0,96,98,96,97,68,0,0,59,61,0,69,0,0,0,0,43,36,56,60,55,59,49
l20,9=0,0,0,0,0,0,0,85,83,73,83,0,82,82,85,0,89,0,81,90,82,0,100,97,98,97,96,100,0,0,0,0,77,79,0,0,82,0,95,82,0,8,79,95,87
l21,9=0,0,0,0,0,0,0,12,0,0,59,5,98,1,77,0,61,0,93,99,1,100,0,94,98,96,93,97,0,0,0,0,0,88,0,0,72,0,91,0,0,0,91,98,92
l22,9=0,0,0,0,0,0,0,0,79,6,83,66,0,78,81,0,83,82,76,99,98,97,77,0,99,96,97,99,0,0,0,0,77,88,0,71,80,74,91,81,78,79,78,98,74
l23,9=0,0,0,0,0,0,0,76,73,45,35,55,38,89,97,0,94,98,93,99,97,93,91,96,0,98,99,97,0,0,49,0,87,69,0,68,47,45,97,79,81,86,95,98,94
l24,9=0,43,0,0,0,38,0,92,87,54,62,1,84,87,94,0,91,99,93,99,98,93,98,96,100,0,98,97,0,0,42,0,90,75,0,72,90,75,87,83,90,50,95,90,78
l25,9=0,0,0,0,0,0,0,68,81,46,92,45,91,82,58,0,46,49,87,92,90,87,78,96,100,98,0,91,0,0,0,10,91,87,0,67,91,90,92,34,52,0,91,98,83
l26,9=0,0,0,0,0,0,0,67,80,54,0,83,76,74,92,0,84,0,90,99,92,97,97,96,98,96,97,0,0,0,0,0,81,99,0,81,90,72,98,79,0,84,95,76,54
l27,9=0,25,67,92,13,25,6,0,39,37,34,27,49,0,50,0,54,100,57,56,86,0,0,0,35,64,0,0,0,0,0,100,0,94,0,87,57,55,38,61,42,63,11,24,0
l28,9=21,30,68,92,30,0,24,0,3,32,33,0,0,58,49,0,55,57,22,21,84,0,0,0,0,0,74,0,0,0,100,0,77,69,0,66,57,42,42,37,94,61,0,33,0
l29,9=0,0,0,0,0,0,0,0,0,0,0,0,0,0,0,0,5,30,0,20,0,86,0,36,74,69,98,95,0,0,0,89,0,100,0,99,100,100,100,100,92,100,65,43,0
l30,9=0,0,0,0,0,0,0,0,0,0,0,0,0,0,8,0,26,1,0,3,20,88,75,97,65,50,98,100,0,0,94,6,100,0,0,99,100,100,100,100,94,100,1,31,29
l31,9=0,0,0,0,0,0,0,0,0,0,0,0,0,0,0,0,0,0,0,62,0,0,0,65,68,47,86,89,0,0,69,4,100,100,0,0,100,100,100,91,94,74,0,0,2
l32,9=0,0,0,0,0,0,0,0,0,0,0,0,0,0,0,0,0,31,0,12,0,90,22,29,11,76,97,97,0,0,20,44,100,100,0,99,0,100,100,73,93,99,26,46,0
l33,9=0,0,0,0,0,0,0,0,0,0,0,0,0,0,0,0,0,0,0,0,0,0,0,9,10,43,94,56,0,0,31,0,100,100,0,99,100,0,100,100,70,72,0,0,0
l34,9=0,0,0,0,0,0,0,0,0,0,0,0,0,0,28,0,28,53,0,21,64,91,60,36,37,79,94,94,0,0,25,33,100,100,0,99,100,100,0,100,94,100,0,0,0
l35,9=0,0,0,0,0,0,0,0,0,0,0,0,0,0,0,0,0,84,22,38,82,91,0,36,34,80,92,68,0,0,39,32,100,100,0,88,58,88,100,0,94,100,0,7,0
l36,9=0,0,0,0,0,23,0,0,0,0,2,0,37,42,36,0,49,84,20,39,87,0,0,36,35,80,93,0,0,0,34,61,77,100,0,90,59,58,100,100,0,100,0,6,0
l37,9=0,0,0,0,0,0,0,0,0,0,21,0,44,0,42,0,53,54,2,100,82,18,0,36,33,78,0,44,0,0,97,54,100,100,0,89,100,100,100,100,94,0,0,0,0
l38,9=0,0,0,0,0,0,0,0,0,0,17,0,65,0,86,0,0,78,27,91,60,68,66,73,98,92,97,79,0,0,0,0,71,0,0,0,7,0,0,0,0,0,0,98,94
l39,9=0,0,0,0,0,0,0,19,0,0,28,14,77,0,52,0,34,52,91,97,85,80,75,94,98,72,97,32,0,0,23,15,57,53,0,0,46,0,0,0,0,0,95,0,94
l40,9=0,0,0,0,0,0,0,0,0,0,2,0,0,0,81,0,0,37,62,91,74,72,63,82,89,70,92,42,0,0,0,0,0,42,0,0,0,0,0,0,0,0,95,98,0
l41,9=0,0,0,0,0,0,0,9,4,0,13,20,86,67,97,0,89,96,92,99,96,84,0,93,98,96,97,82,0,0,24,45,0,53,0,0,5,0,31,0,0,39,95,98,94
l42,9=0,0,0,0,0,0,0,0,0,0,0,0,0,0,8,0,27,61,0,92,75,85,73,85,98,96,90,90,0,0,0,0,0,0,0,0,52,0,45,0,0,17,95,98,94
l43,9=0,0,0,0,0,0,0,0,0,0,0,0,0,0,66,0,0,44,61,72,65,78,0,80,90,71,97,69,0,0,0,0,17,8,0,56,0,0,4,0,0,0,89,82,83
l44,9=0,0,0,0,0,0,0,0,0,0,0,0,0,44,65,0,27,38,39,87,71,70,73,95,98,96,96,71,0,0,0,0,0,0,0,9,0,0,21,0,0,8,95,83,80

l0,10=0,91,96,89,91,90,89,0,92,90,88,88,91,85,71,0,52,44,5,0,43,0,0,0,0,0,0,0,0,0,0,85,0,0,0,0,0,0,0,0,0,0,0,0,0
l1,10=96,0,96,89,92,94,92,2,96,72,53,50,89,81,75,0,51,50,64,68,27,0,0,0,0,40,0,0,0,0,65,48,0,0,0,0,0,0,0,0,0,0,0,0,0
l2,10=96,90,0,85,90,93,92,0,96,89,63,94,94,93,78,0,51,34,71,68,0,0,0,0,32,37,43,0,0,0,61,54,0,0,0,0,0,0,0,0,0,0,0,35,0
l3,10=96,90,96,0,92,94,92,0,94,64,87,94,89,85,39,0,57,0,52,23,0,0,0,0,0,0,0,0,0,0,78,79,0,0,0,0,0,0,0,0,0,0,0,0,0
l4,10=96,91,92,89,0,94,91,2,92,89,88,89,90,0,66,0,88,76,4,0,0,0,0,0,0,0,0,0,0,0,46,74,0,0,0,0,0,0,0,0,0,0,0,0,0
l5,10=94,91,96,89,92,0,92,1,96,86,90,98,74,95,61,0,43,44,77,29,0,0,0,0,0,3,0,0,0,0,70,68,0,0,0,0,0,0,0,0,50,0,0,0,0
l6,10=95,91,96,88,92,94,0,0,96,96,88,98,90,85,73,0,90,47,71,57,0,0,0,0,25,30,0,0,0,0,61,79,0,0,0,0,0,0,0,0,0,0,0,25,0
l7,10=96,91,96,78,89,93,92,0,96,97,93,98,96,95,85,0,98,82,63,90,82,77,0,36,24,87,69,79,0,0,0,71,0,0,0,0,0,0,0,0,0,0,0,2,0
l8,10=93,90,96,84,89,91,92,0,0,93,91,98,96,93,88,0,45,37,86,82,73,71,0,30,37,38,56,62,0,0,56,0,0,0,0,0,0,0,0,0,0,0,0,0,0
l9,10=93,41,91,64,89,88,89,0,93,0,90,98,96,95,93,0,94,46,84,70,63,66,0,26,41,39,51,45,0,0,0,68,0,0,0,0,0,0,0,0,0,0,0,0,0
l10,10=80,48,56,79,88,90,84,0,93,94,0,94,96,93,93,0,96,72,93,60,91,66,13,63,38,52,74,62,0,0,67,73,0,0,0,0,0,0,0,0,48,0,11,39,24
l11,10=56,44,91,79,74,90,89,0,93,96,90,0,96,95,93,0,93,39,92,87,77,53,0,31,36,42,58,60,0,0,61,63,0,0,0,0,0,0,0,0,0,0,0,0,0
l12,10=65,54,90,75,89,67,53,1,91,94,90,97,0,93,93,0,94,54,86,73,58,65,58,20,39,55,68,51,0,0,34,18,0,0,0,0,0,0,0,0,0,0,53,27,2
l13,10=90,76,91,83,0,91,89,0,93,97,90,98,96,0,84,0,93,36,93,71,89,3,55,32,5,33,55,49,0,0,43,62,0,0,0,0,0,0,0,0,0,0,0,33,0
l14,10=31,40,20,1,68,30,8,0,78,89,54,54,76,87,0,0,96,76,96,78,97,51,39,18,42,53,71,80,0,0,83,87,0,14,0,0,0,0,0,44,16,65,73,48,35
l15,10=39,39,32,71,85,26,52,0,72,94,90,56,95,93,95,0,0,55,96,90,91,71,29,45,45,57,69,87,0,0,88,92,0,22,0,0,0,0,0,33,43,63,39,52,0
l16,10=31,54,5,0,59,45,9,0,67,78,53,10,76,48,98,0,62,0,87,92,98,33,0,33,45,37,48,0,0,0,99,94,66,0,0,0,15,0,27,40,84,75,55,53,34
l17,10=0,24,34,13,43,80,43,1,87,86,90,94,88,93,98,0,98,92,0,90,97,0,39,75,73,84,73,81,0,0,89,84,0,0,0,0,0,0,0,0,0,0,50,59,88
l18,10=0,40,28,0,0,29,18,0,86,75,40,51,65,73,79,0,95,95,96,0,98,79,81,53,79,90,76,92,0,0,84,79,0,58,0,17,21,9,39,77,70,79,79,51,56
l19,10=26,13,0,0,0,0,0,2,89,70,54,50,56,92,98,0,61,97,96,92,0,79,0,57,47,62,83,88,0,0,95,91,0,30,0,0,0,0,37,75,72,79,62,55,59
l20,10=0,0,0,0,0,0,0,0,70,71,66,67,71,13,74,0,71,67,15,87,74,0,96,83,74,90,79,93,0,0,0,0,73,64,0,70,1,0,76,70,0,0,66,78,74
l21,10=0,0,0,0,0,0,0,0,0,0,43,0,84,67,81,0,80,3,81,87,0,87,0,84,80,91,83,94,0,0,0,0,9,55,0,0,0,0,30,0,0,1,73,76,84
l22,10=0,0,0,0,0,0,0,3,58,58,70,62,52,56,65,0,74,67,75,75,80,85,75,0,81,90,83,94,0,0,0,0,78,74,0,64,74,56,74,60,61,62,67,82,77
l23,10=0,0,34,0,0,0,1,5,64,65,62,62,68,0,77,0,80,72,75,89,80,67,76,84,0,92,84,91,0,0,61,62,72,64,0,72,63,52,68,72,56,62,72,94,92
l24,10=0,53,52,0,0,48,53,1,63,66,66,68,76,56,82,0,74,69,78,89,86,80,81,83,81,0,84,76,0,0,38,63,73,63,0,20,72,52,70,60,67,71,69,88,74
l25,10=0,0,2,0,0,0,0,1,62,65,64,63,61,56,65,0,65,61,78,71,89,75,65,84,81,92,0,94,0,0,0,0,79,60,0,63,73,56,67,60,59,61,83,95,89
l26,10=0,0,0,0,0,0,0,3,69,52,57,69,64,49,77,0,77,24,75,85,79,82,83,84,77,73,83,0,0,0,0,0,76,79,0,55,81,67,77,7,2,74,72,87,88
l27,10=0,26,11,45,47,54,21,0,49,0,27,33,6,4,83,0,49,97,82,81,85,0,0,0,35,8,3,0,0,0,0,94,55,34,0,41,28,40,50,90,91,87,0,24,0
l28,10=50,18,2,40,51,39,39,1,0,63,38,31,30,52,94,0,59,97,71,70,89,0,0,0,22,24,0,0,0,0,99,0,73,43,0,0,0,0,72,67,91,87,35,23,2
l29,10=0,0,0,0,0,0,0,0,0,0,0,0,0,0,0,0,0,59,0,0,0,39,0,74,73,68,75,68,0,0,62,81,0,86,0,88,93,92,88,92,77,83,54,60,0
l30,10=0,0,0,0,0,0,0,0,0,0,0,0,0,0,48,0,32,0,0,59,16,39,32,78,76,55,73,81,0,0,61,70,86,0,0,88,93,92,88,92,89,88,49,4,19
l31,10=0,0,0,0,0,0,0,0,0,0,0,0,0,0,0,0,0,0,0,48,0,52,0,72,76,18,51,71,0,0,80,6,86,86,0,0,94,92,88,82,86,83,24,27,16
l32,10=0,0,0,0,0,0,0,0,0,0,0,0,0,0,0,0,0,37,0,50,0,0,0,66,62,65,70,73,0,0,64,0,86,86,0,88,0,93,88,92,65,78,0,15,0
l33,10=0,0,0,0,0,0,0,0,0,0,0,0,0,0,0,0,0,0,0,0,0,0,0,57,48,17,48,75,0,0,61,0,86,86,0,88,93,0,88,86,77,80,0,0,0
l34,10=0,0,0,0,0,1,0,0,0,0,0,0,0,0,0,0,0,38,0,49,31,53,0,75,74,50,45,81,0,0,73,83,86,86,0,88,93,92,0,92,91,89,44,0,0
l35,10=0,0,0,0,0,0,0,0,0,0,0,0,0,0,54,0,30,30,0,67,69,46,0,49,70,41,45,0,0,0,92,71,86,86,0,51,92,92,88,0,91,89,0,33,0
l36,10=0,0,0,0,0,45,0,0,0,0,27,0,10,0,21,0,31,56,0,73,69,0,0,45,35,54,39,0,0,0,99,91,79,86,0,53,65,87,88,95,0,89,1,34,0
l37,10=0,0,0,0,0,0,0,0,0,0,0,0,0,0,64,0,38,39,0,81,72,0,0,43,38,51,43,48,0,0,90,86,86,86,0,84,51,64,88,95,91,0,0,0,0
l38,10=0,0,0,0,0,0,0,0,0,0,0,0,58,0,80,0,42,60,61,82,64,67,56,76,75,78,82,79,0,0,0,4,60,45,0,0,0,0,0,0,0,0,0,96,94
l39,10=0,0,13,0,0,0,0,0,0,0,35,0,37,46,83,0,81,82,67,78,83,68,43,75,78,83,83,83,0,0,50,29,68,0,0,0,1,0,0,28,26,0,83,0,94
l40,10=0,0,0,0,0,0,0,0,0,0,0,0,0,0,74,0,0,65,80,79,82,65,58,74,77,69,80,85,0,0,0,0,0,0,0,0,0,0,0,0,0,0,83,94,0
l41,10=0,0,0,0,0,0,0,0,3,63,38,47,59,34,86,0,82,84,81,89,89,70,0,78,78,90,83,86,0,0,71,79,0,24,0,0,0,0,0,1,2,46,83,94,92
l42,10=0,0,0,0,0,0,0,0,0,0,0,0,0,0,83,0,74,61,65,82,81,77,55,83,77,83,83,90,0,0,0,0,0,8,0,0,34,0,13,0,0,3,82,94,90
l43,10=0,0,0,0,0,0,0,0,0,0,15,0,0,0,27,0,0,43,69,72,67,72,50,83,73,69,83,88,0,0,0,0,55,50,0,44,0,0,7,0,0,0,76,88,90
l44,10=0,0,0,0,0,0,0,0,0,0,4,30,0,0,76,0,36,24,0,82,74,77,76,83,78,87,83,92,0,0,0,0,57,16,0,0,25,0,38,0,9,0,83,89,88

l0,11=0,92,93,91,93,89,89,0,82,84,75,82,87,80,69,0,74,29,0,31,0,0,0,0,0,0,0,0,0,0,0,22,0,0,0,0,0,0,0,0,0,0,0,0,0
l1,11=92,0,87,91,93,89,89,0,82,44,76,50,85,80,78,0,70,38,41,33,0,0,0,0,0,32,0,0,0,0,59,40,0,0,0,0,0,0,0,0,0,0,0,0,0
l2,11=92,88,0,83,89,89,89,0,82,76,78,82,84,80,62,0,84,0,30,62,0,0,0,0,46,34,0,0,0,0,58,0,0,0,0,0,0,0,0,0,0,0,0,1,0
l3,11=92,92,33,0,93,89,89,0,83,29,77,52,49,45,0,0,62,31,19,0,0,0,0,0,0,0,0,0,0,0,68,24,0,0,0,0,0,0,0,0,0,0,0,0,0
l4,11=92,92,93,91,0,89,89,0,84,84,73,51,75,45,68,0,73,31,0,0,0,0,0,0,0,0,0,0,0,0,54,2,0,0,0,0,0,0,0,0,0,0,0,0,0
l5,11=92,92,93,91,93,0,87,0,80,82,78,83,82,82,28,0,72,31,2,0,0,0,0,0,0,0,0,0,0,0,66,23,0,0,0,0,0,0,34,0,29,0,0,0,0
l6,11=92,92,93,91,93,89,0,0,84,83,77,88,55,81,59,0,81,28,43,38,29,0,0,0,0,46,0,0,0,0,52,0,0,0,0,0,0,0,0,0,0,0,0,0,0
l7,11=92,92,94,75,80,88,89,0,84,88,78,88,87,83,85,0,87,46,0,71,44,63,0,41,24,61,52,57,0,0,0,1,0,0,0,0,0,0,0,0,0,0,0,11,0
l8,11=90,88,90,87,89,86,84,0,0,84,79,82,84,80,75,0,83,31,80,60,5,35,0,43,54,20,38,52,0,0,30,0,0,0,0,0,0,0,0,0,0,0,0,0,0
l9,11=90,47,30,23,87,87,84,0,82,0,78,88,85,84,82,0,86,20,44,27,39,38,0,41,72,63,49,54,0,0,21,0,0,0,0,0,0,0,0,0,0,0,0,0,0
l10,11=51,51,30,25,72,86,36,0,59,86,0,75,87,65,87,0,87,29,82,45,51,9,27,46,54,63,47,58,0,0,49,19,0,0,0,0,0,0,0,0,0,0,0,27,0
l11,11=51,32,90,36,63,86,84,0,82,88,80,0,86,81,87,0,85,4,86,60,39,0,0,36,1,56,47,6,0,0,4,6,0,0,0,0,0,0,0,0,0,0,0,0,0
l12,11=68,64,41,18,82,86,56,0,82,86,80,82,0,81,88,0,86,26,86,25,41,18,17,32,56,73,37,38,0,0,9,21,0,0,0,0,0,0,0,0,0,0,20,0,0
l13,11=76,88,89,56,79,87,84,0,81,88,79,88,87,0,78,0,86,41,80,42,62,48,23,49,3,49,44,32,0,0,40,22,0,0,0,0,0,0,0,0,24,0,0,14,0
l14,11=30,36,9,0,66,43,20,0,30,77,76,37,32,24,0,0,87,83,91,55,93,19,22,51,75,73,68,70,0,0,38,28,0,2,0,0,0,0,0,29,55,15,45,46,39
l15,11=38,30,27,11,62,69,34,0,30,86,82,82,84,80,89,0,0,32,91,84,87,17,30,54,71,57,46,55,0,0,69,28,0,8,0,0,0,0,0,26,0,0,0,42,12
l16,11=26,45,0,18,52,67,17,0,26,16,60,0,31,21,92,0,71,0,60,54,60,2,0,53,71,6,60,43,0,0,90,28,0,37,0,0,0,21,50,62,70,47,0,46,33
l17,11=0,29,1,1,0,0,33,0,45,33,78,75,58,56,92,0,87,83,0,85,90,41,6,54,79,68,64,66,0,0,73,26,0,0,0,0,0,0,0,0,0,25,34,47,44
l18,11=16,22,25,0,6,0,28,0,25,27,66,30,26,18,87,0,81,51,91,0,95,50,41,51,81,83,72,78,0,0,70,24,16,34,0,39,0,0,65,59,62,61,44,47,44
l19,11=0,0,0,0,0,0,20,0,9,58,74,26,39,21,92,0,86,88,91,89,0,48,0,50,82,79,72,73,0,0,72,24,5,20,0,0,0,0,0,40,64,44,38,48,43
l20,11=0,0,0,0,0,0,0,0,58,65,33,16,54,59,63,0,62,38,61,76,70,0,92,81,64,82,70,82,0,0,0,0,61,65,0,60,55,28,76,59,0,0,74,73,57
l21,11=0,0,0,0,0,0,0,0,0,0,62,29,65,59,66,0,69,0,57,79,0,89,0,80,82,82,74,82,0,0,0,0,0,74,0,0,0,21,71,0,48,0,70,0,68
l22,11=0,0,0,0,0,0,0,0,60,61,64,54,61,65,62,0,70,56,74,74,59,86,76,0,82,82,75,84,0,0,0,35,61,71,0,65,61,59,76,52,49,46,74,76,68
l23,11=0,0,14,0,0,0,0,0,40,69,53,2,43,0,68,0,68,37,75,83,82,69,65,80,0,84,80,78,0,0,60,19,54,49,0,67,11,0,74,64,48,0,42,83,81
l24,11=0,10,10,0,0,0,23,1,20,66,59,49,72,41,68,0,69,24,66,85,83,81,78,79,82,0,80,68,0,0,51,25,64,43,0,63,60,25,74,58,0,38,80,83,70
l25,11=0,0,0,0,0,0,0,0,18,56,38,33,33,30,69,0,59,30,63,74,78,71,69,79,82,84,0,78,0,0,0,19,67,22,0,49,49,50,63,52,35,32,79,81,78
l26,11=0,0,0,0,0,0,0,0,60,66,61,22,56,21,67,0,62,41,65,78,69,81,78,81,76,71,74,0,0,0,0,0,66,70,0,70,63,63,75,2,0,64,71,70,77
l27,11=0,21,15,23,39,73,24,0,4,15,36,0,2,15,31,0,59,88,68,44,21,0,0,0,24,15,0,0,0,0,0,80,8,27,0,58,38,32,48,51,86,88,0,27,0
l28,11=26,22,0,18,36,64,0,0,0,0,40,7,22,16,80,0,71,62,41,30,19,0,0,41,21,19,25,0,0,0,90,0,16,22,0,48,48,2,73,40,83,42,25,5,0
l29,11=0,0,0,0,0,0,0,0,0,0,0,0,0,0,0,0,0,1,0,30,0,52,0,62,68,67,74,67,0,0,35,54,0,84,0,85,77,78,88,81,80,79,22,24,0
l30,11=0,0,0,0,0,0,0,0,0,0,0,0,0,0,1,0,5,57,0,64,1,38,43,76,73,26,13,75,0,0,66,22,79,0,0,85,77,77,88,61,80,79,21,0,0
l31,11=0,0,0,0,0,0,0,0,0,0,0,0,0,0,0,0,0,0,0,25,0,13,0,62,72,24,19,37,0,0,63,15,79,84,0,0,81,84,88,73,45,75,2,19,0
l32,11=0,0,0,0,0,0,0,0,0,0,0,0,0,0,0,0,0,0,0,0,0,25,0,58,36,49,50,52,0,0,51,52,79,84,0,85,0,84,88,73,73,75,13,5,0
l33,11=0,0,0,0,0,0,0,0,0,0,0,0,0,0,0,0,0,16,0,0,0,0,0,59,0,0,10,35,0,0,62,0,79,86,0,84,81,0,88,62,66,79,0,0,0
l34,11=0,0,0,0,0,48,0,0,0,0,0,0,0,0,0,0,0,21,0,24,0,36,20,64,34,16,31,76,0,0,76,64,79,84,0,83,77,77,0,81,83,84,20,0,0
l35,11=0,0,0,0,0,0,0,0,0,0,0,0,0,0,34,0,38,37,0,34,12,11,0,33,51,21,23,1,0,0,77,46,79,31,0,84,77,76,88,0,86,89,0,0,0
l36,11=0,0,0,0,22,50,0,0,0,0,0,0,13,6,45,0,0,80,10,50,27,0,10,38,31,0,18,0,0,0,90,35,29,86,0,70,77,50,88,88,0,89,0,0,0
l37,11=0,0,0,0,0,1,0,0,0,0,0,0,0,0,34,0,0,49,34,82,17,0,0,46,0,20,27,74,0,0,76,23,79,84,0,82,76,74,88,88,86,0,0,1,0
l38,11=0,0,0,0,0,0,0,0,0,0,0,0,18,0,73,0,0,0,46,73,38,72,23,65,71,75,72,69,0,0,0,12,0,4,0,0,0,0,2,0,0,0,0,90,81
l39,11=0,0,0,0,0,0,0,0,0,0,31,0,0,0,68,0,64,60,68,74,70,68,0,63,81,75,77,65,0,0,23,0,29,0,0,0,0,0,0,0,0,0,83,0,89
l40,11=0,0,0,0,0,0,0,0,0,0,0,0,0,0,67,0,0,58,65,72,74,28,29,60,79,71,77,73,0,0,0,0,0,0,0,0,0,0,0,0,0,0,82,88,0
l41,11=0,0,0,0,0,0,2,0,17,63,44,26,25,20,70,0,73,65,79,87,77,71,37,69,78,83,78,72,0,0,16,23,0,0,0,0,0,0,0,0,0,32,83,88,80
l42,11=0,0,0,0,0,0,0,0,0,0,0,0,0,0,68,0,59,0,30,77,71,73,68,68,76,79,74,75,0,0,0,0,55,0,0,49,0,0,64,38,0,0,79,88,83
l43,11=0,0,0,0,0,0,0,0,0,0,0,0,0,0,44,0,44,29,53,72,64,73,0,71,67,75,77,78,0,0,0,0,21,60,0,0,17,0,66,14,0,0,78,86,86
l44,11=0,0,0,0,0,0,0,0,0,0,41,7,9,0,70,0,53,0,51,76,0,77,41,73,80,82,76,77,0,0,0,0,21,0,0,0,39,0,26,0,0,0,83,82,84

l0,12=0,92,92,89,91,94,92,0,84,94,84,92,86,88,59,0,72,19,0,28,0,0,0,0,0,0,0,0,0,0,0,27,0,0,0,0,0,0,0,0,0,0,0,0,0
l1,12=95,0,91,89,91,94,92,3,83,25,83,86,84,72,73,0,84,58,34,24,0,0,0,0,0,19,0,0,0,0,0,67,0,0,0,0,0,0,0,0,0,0,0,0,0
l2,12=95,89,0,47,91,94,88,1,84,88,85,63,84,86,48,0,71,46,41,64,46,15,0,1,37,13,2,0,0,0,37,66,0,0,0,0,0,0,0,0,0,0,0,0,0
l3,12=95,92,76,0,91,94,92,4,83,23,82,90,85,87,35,0,70,11,0,0,0,0,0,0,0,0,0,0,0,0,59,57,0,0,0,0,0,0,0,0,40,0,0,0,0
l4,12=95,92,92,89,0,94,92,4,83,84,78,89,83,87,0,0,76,65,0,0,0,0,0,0,0,0,0,0,0,0,46,59,0,0,0,0,0,0,0,0,0,0,0,0,0
l5,12=95,92,92,89,91,0,93,4,83,88,85,89,84,86,48,0,75,46,43,31,36,0,0,0,0,0,0,0,0,0,37,74,0,0,0,0,0,0,3,0,0,0,0,0,0
l6,12=95,92,91,89,91,94,0,1,84,94,87,92,86,86,57,0,69,73,43,34,23,0,0,0,45,17,0,0,0,0,63,0,0,0,0,0,0,0,0,0,0,0,0,0,0
l7,12=91,89,93,85,87,90,93,0,84,95,84,92,88,88,86,0,84,75,80,64,0,60,0,62,53,38,22,29,0,0,0,0,0,0,0,0,0,0,0,0,0,0,0,0,0
l8,12=82,89,89,79,87,90,90,1,0,88,85,89,75,49,84,0,81,70,80,31,45,26,18,62,37,30,28,35,0,0,0,0,0,0,0,0,0,0,0,0,0,0,0,26,0
l9,12=90,27,89,10,87,89,87,0,83,0,85,92,88,88,74,0,84,72,43,34,56,62,0,68,60,46,40,40,0,0,54,0,0,0,0,0,0,0,0,0,0,0,0,29,0
l10,12=78,80,49,49,57,90,89,3,72,60,0,92,88,87,75,0,90,78,57,44,64,50,32,66,50,42,29,31,0,0,32,63,0,0,0,0,0,0,0,0,0,0,38,41,0
l11,12=88,88,20,54,78,87,86,1,53,91,85,0,86,88,88,0,84,62,82,35,63,25,0,27,34,37,37,35,0,0,31,50,0,0,0,0,0,0,0,0,0,0,0,50,17
l12,12=90,88,69,76,86,88,87,4,69,89,85,89,0,86,84,0,85,60,80,64,77,0,41,47,60,76,23,21,0,0,42,30,0,0,0,0,0,0,0,0,0,0,1,0,0
l13,12=90,89,89,79,87,90,87,2,61,95,87,92,88,0,84,0,84,21,80,53,45,0,48,53,43,33,45,27,0,0,0,0,0,0,0,0,0,0,0,0,0,0,1,51,0
l14,12=44,79,10,0,0,34,72,4,48,50,85,86,55,51,0,0,89,86,87,45,90,64,0,30,66,47,48,38,0,0,68,82,0,0,0,0,0,0,5,0,37,27,82,82,76
l15,12=51,81,37,50,57,74,68,0,48,59,87,86,86,83,92,0,0,84,87,43,70,58,29,0,61,49,38,40,0,0,65,78,0,16,0,0,0,0,0,4,0,0,61,68,35
l16,12=0,50,2,0,30,33,68,2,17,14,72,61,14,1,79,0,85,0,52,49,77,30,0,40,28,21,19,21,0,0,81,86,0,60,0,0,0,0,0,9,75,79,21,81,58
l17,12=0,45,37,0,0,66,78,9,51,37,85,86,68,62,92,0,90,86,0,79,88,66,34,75,71,48,43,41,0,0,62,76,0,0,0,0,0,0,0,15,28,21,77,78,48
l18,12=36,58,41,0,0,71,80,0,41,35,75,79,50,48,87,0,83,87,87,0,94,75,80,74,72,80,45,47,0,0,60,48,57,62,0,33,11,0,25,44,68,72,67,61,76
l19,12=0,0,28,0,0,50,47,0,30,36,76,79,80,36,92,0,88,89,87,85,0,72,0,79,76,80,72,38,0,0,57,54,0,59,0,0,0,0,26,36,64,36,71,48,55
l20,12=0,0,0,0,0,0,0,4,29,57,55,62,35,0,64,0,62,58,64,76,69,0,94,84,72,81,65,79,0,0,0,0,14,66,0,14,62,56,65,60,53,25,71,62,62
l21,12=0,0,0,0,0,0,0,0,53,0,54,4,68,63,0,0,70,0,68,77,0,84,0,82,76,77,71,80,0,0,0,0,6,58,0,3,3,0,67,0,0,0,72,36,60
l22,12=0,0,0,0,0,0,0,4,59,67,66,59,64,47,61,0,0,72,69,64,75,83,62,0,76,81,75,79,0,0,0,0,61,68,0,61,72,42,74,70,48,61,75,77,71
l23,12=0,0,0,0,0,0,55,10,25,44,56,57,66,34,69,0,67,62,75,67,87,75,68,84,0,83,78,72,0,0,39,0,59,60,0,57,6,0,58,39,45,57,78,83,68
l24,12=0,11,0,0,0,0,47,4,30,57,54,63,70,41,74,0,70,61,75,77,85,79,53,85,76,0,78,76,0,0,41,57,62,63,0,52,52,6,48,40,63,54,79,66,78
l25,12=0,0,0,0,0,0,0,2,38,37,50,58,48,52,73,0,55,55,66,60,75,62,50,83,76,83,0,74,0,0,0,52,59,65,0,52,59,19,51,31,7,54,79,81,68
l26,12=0,0,0,0,0,0,0,16,54,57,53,65,58,57,63,0,61,60,63,60,63,80,66,85,67,77,71,0,0,0,0,32,64,62,0,60,70,58,70,57,11,60,69,59,64
l27,12=0,0,1,22,34,26,61,0,0,21,17,43,26,0,69,0,80,89,43,33,45,0,0,0,17,28,0,0,0,0,0,86,54,64,0,44,35,44,38,55,85,48,0,32,2
l28,12=26,57,25,14,30,61,0,0,0,0,35,53,10,0,73,0,68,89,49,18,42,0,0,0,0,18,33,7,0,0,81,0,49,13,0,40,39,0,51,50,71,82,30,1,0
l29,12=0,0,0,0,0,0,0,0,0,0,0,0,0,0,0,0,0,0,0,51,0,0,0,58,60,65,68,67,0,0,29,42,0,87,0,86,83,85,86,82,76,77,41,49,0
l30,12=0,0,0,0,21,0,0,0,0,0,0,0,0,0,0,0,29,59,0,37,46,75,18,75,41,62,68,41,0,0,32,17,79,0,0,82,83,85,86,82,81,78,3,7,14
l31,12=0,0,0,0,0,0,0,0,0,0,0,0,0,0,0,0,0,0,0,48,0,0,0,68,63,42,49,67,0,0,58,53,80,91,0,0,87,91,84,75,74,76,0,0,0
l32,12=0,0,0,0,0,0,0,0,0,0,0,0,0,0,0,0,0,0,0,0,0,45,0,48,24,43,44,46,0,0,30,63,80,86,0,86,0,91,86,79,72,77,0,0,0
l33,12=0,0,0,0,0,0,0,0,0,0,0,0,0,0,0,0,0,0,0,0,0,36,0,10,0,0,0,37,0,0,44,0,80,83,0,86,87,0,86,80,72,70,0,0,0
l34,12=0,0,0,0,0,23,0,0,0,0,0,0,0,0,31,0,0,0,2,28,44,66,22,48,67,70,64,73,0,0,40,78,79,87,0,78,83,85,0,86,84,81,0,24,6
l35,12=0,0,0,0,0,0,0,0,0,0,0,0,0,0,0,0,40,71,22,34,38,48,0,45,47,39,28,19,0,0,71,74,79,87,0,81,83,85,86,0,89,87,40,0,0
l36,12=0,0,0,14,0,0,0,0,0,0,0,0,15,0,59,0,0,83,19,37,59,26,0,10,40,44,0,0,0,0,77,76,78,87,0,54,56,52,86,88,0,87,3,0,0
l37,12=0,0,0,0,1,0,0,0,0,0,0,0,2,0,62,0,0,77,25,69,42,34,0,39,48,36,44,37,0,0,55,78,79,87,0,81,83,78,86,88,89,0,20,0,0
l38,12=0,0,0,0,0,0,0,0,0,0,1,0,0,0,74,0,56,0,70,30,49,69,42,69,67,79,72,52,0,0,0,0,0,0,0,0,0,0,1,1,0,0,0,87,86
l39,12=0,0,0,0,0,0,0,0,1,0,29,61,0,37,80,0,69,72,72,64,49,67,0,73,74,72,71,45,0,0,46,0,55,1,0,0,0,0,1,0,0,0,83,0,86
l40,12=0,0,0,0,0,0,0,0,0,0,0,17,0,0,70,0,52,59,54,64,38,65,0,65,69,80,69,67,0,0,0,0,0,1,0,0,0,0,0,0,0,0,82,84,0
l41,12=0,0,0,0,0,0,59,0,23,37,57,2,34,37,57,0,71,71,73,81,78,69,54,75,75,78,69,69,0,0,30,0,0,9,0,0,0,0,30,0,0,62,83,86,79
l42,12=0,0,0,0,0,0,0,0,0,0,0,15,5,0,0,0,54,0,52,72,78,70,2,81,75,77,71,72,0,0,0,0,56,18,0,28,0,0,57,39,0,0,83,85,87
l43,12=0,0,0,0,0,0,0,0,0,0,0,0,31,0,48,0,56,0,56,52,61,9,0,75,66,78,75,71,0,0,0,0,52,57,0,0,29,0,27,0,0,0,82,86,82
l44,12=0,0,0,0,0,0,0,0,0,0,54,0,0,0,59,0,59,31,0,67,71,77,39,78,70,81,73,68,0,0,0,0,56,57,0,1,1,0,0,0,1,0,83,83,80

l0,13=0,97,95,98,94,100,98,98,95,93,93,91,83,95,24,0,75,0,11,33,0,0,0,0,0,0,0,0,0,0,1,20,0,0,0,0,0,0,0,0,0,0,0,0,0
l1,13=94,0,95,98,94,100,98,99,97,55,82,92,91,94,21,0,73,85,36,24,0,0,0,0,0,5,0,0,0,0,38,88,0,0,0,0,0,0,0,0,0,0,0,0,0
l2,13=94,97,0,64,94,100,98,0,97,0,92,95,92,96,22,0,71,88,0,32,21,0,0,23,2,25,40,0,0,0,67,2,0,0,0,0,0,0,0,0,0,0,0,0,0
l3,13=94,97,50,0,94,100,98,98,57,52,80,92,89,28,27,0,80,71,0,0,0,0,0,0,0,0,0,0,0,0,70,88,0,0,0,0,0,0,0,0,0,0,0,0,0
l4,13=94,97,95,98,0,100,98,87,97,94,87,95,70,96,0,0,0,67,0,0,0,0,0,0,0,0,0,0,0,0,84,88,0,0,0,0,0,0,0,0,0,0,0,0,0
l5,13=94,97,95,98,94,0,98,98,90,40,97,95,91,60,20,0,1,83,42,27,0,0,0,0,0,0,0,0,0,0,61,86,0,0,0,0,0,0,1,0,9,0,0,0,0
l6,13=94,97,95,98,94,100,0,99,97,96,97,95,91,96,32,0,94,73,85,91,0,0,0,0,49,0,0,0,0,0,77,0,0,0,0,0,0,0,0,0,0,0,0,0,0
l7,13=94,97,5,98,90,100,98,0,97,96,95,96,97,97,90,0,94,0,90,92,0,19,5,73,83,64,67,5,0,0,0,71,0,0,0,0,0,0,0,0,0,0,0,50,0
l8,13=87,93,95,54,91,94,98,99,0,96,93,96,93,57,87,0,92,84,89,29,23,0,38,46,0,41,75,74,0,0,0,0,0,0,0,0,0,0,0,0,0,0,27,16,0
l9,13=87,56,0,68,90,94,94,92,96,0,95,97,97,97,85,0,94,93,71,53,36,56,1,48,72,51,76,79,0,0,86,73,0,0,0,0,0,0,0,0,0,0,0,34,0
l10,13=54,53,58,56,42,70,94,77,35,94,0,97,97,97,30,0,97,84,49,33,38,0,0,52,49,53,82,72,0,0,87,0,0,0,0,0,0,0,0,0,1,0,60,39,0
l11,13=85,57,94,92,90,94,94,98,96,96,95,0,97,97,88,0,89,73,67,33,33,57,0,37,46,0,86,85,0,0,82,86,0,0,0,0,0,0,0,0,0,0,0,41,0
l12,13=64,93,66,63,58,94,94,93,92,93,97,97,0,97,87,0,95,1,89,67,45,24,27,39,51,53,85,78,0,0,85,39,0,0,0,0,0,0,0,0,1,0,0,22,0
l13,13=87,82,94,41,90,83,94,99,43,96,97,97,97,0,76,0,94,76,89,29,30,27,42,46,47,50,77,53,0,0,0,70,0,0,0,0,0,0,0,0,0,0,26,41,0
l14,13=38,49,51,37,0,55,65,71,35,33,83,93,85,34,0,0,97,93,91,35,97,51,9,23,50,54,88,49,0,0,88,86,0,0,0,0,0,0,2,22,71,72,90,45,47
l15,13=38,54,52,64,0,45,94,82,55,68,97,94,97,95,94,0,0,94,91,82,70,56,43,53,51,53,62,87,0,0,91,91,0,0,0,0,0,0,0,25,41,40,45,60,28
l16,13=4,50,41,1,6,53,62,0,30,27,76,17,34,11,33,0,78,0,51,46,45,0,0,47,49,33,0,42,0,0,99,100,0,8,0,0,0,67,46,52,97,95,3,44,47
l17,13=4,44,0,0,0,54,90,74,35,33,84,90,91,32,94,0,97,98,0,95,96,55,53,51,52,51,87,86,0,0,90,90,0,0,0,0,0,0,0,83,88,49,91,45,48
l18,13=32,19,54,0,4,52,76,54,31,34,88,89,86,32,93,0,95,99,91,0,100,90,43,54,54,58,94,93,0,0,90,89,11,21,0,20,0,0,47,85,97,90,95,43,45
l19,13=0,0,9,0,0,0,0,0,25,33,88,78,85,34,94,0,97,99,91,99,0,73,41,58,93,94,94,74,0,0,97,87,0,19,0,0,0,0,40,77,97,86,92,44,50
l20,13=0,0,0,0,0,0,0,50,0,79,0,80,71,24,71,0,80,0,79,98,82,0,98,93,89,94,78,93,0,0,0,0,64,83,0,1,66,82,81,80,12,69,89,82,71
l21,13=0,0,0,0,0,0,0,62,83,5,0,0,88,86,69,0,88,0,84,93,89,95,0,90,92,90,92,93,0,0,0,0,79,38,0,31,0,0,83,0,0,0,87,0,90
l22,13=0,0,0,0,0,0,0,54,57,27,76,62,63,44,16,0,65,71,80,86,86,92,83,0,93,94,94,93,0,0,0,0,55,28,0,37,78,71,77,76,0,53,87,88,81
l23,13=0,0,0,0,0,0,56,59,0,70,62,60,88,47,67,0,74,64,87,91,97,91,90,93,0,94,95,93,0,0,0,48,76,33,0,64,0,4,84,60,62,74,95,98,92
l24,13=0,1,1,0,0,0,5,70,27,50,76,0,91,49,92,0,90,85,89,95,97,92,73,93,93,0,95,93,0,0,78,76,63,52,0,41,78,0,79,69,76,75,93,92,94
l25,13=0,0,0,0,0,0,0,37,40,24,57,70,70,38,84,0,52,0,52,94,90,53,81,91,93,94,0,69,0,0,56,0,76,25,0,55,68,63,64,58,57,56,95,98,49
l26,13=0,0,0,0,0,0,0,43,64,69,66,72,70,44,42,0,78,70,70,93,59,95,95,93,91,93,70,0,0,0,59,0,82,82,0,85,82,64,88,78,0,64,88,94,89
l27,13=8,10,28,42,40,43,55,0,1,28,76,67,71,2,32,0,80,99,49,32,38,0,0,0,1,31,25,27,0,0,0,100,45,26,0,32,64,48,47,91,99,90,4,0,0
l28,13=1,47,0,50,37,52,0,23,0,22,0,78,0,28,33,0,75,99,51,31,29,0,0,0,42,30,0,0,0,0,99,0,42,28,0,31,88,73,74,36,99,95,40,26,3
l29,13=0,0,0,0,0,0,0,0,0,0,0,0,0,0,0,0,0,1,0,3,0,15,18,47,72,74,75,80,0,0,78,46,0,92,0,93,90,93,94,90,90,2,33,30,0
l30,13=0,0,0,0,0,0,0,0,0,0,0,0,0,0,0,0,5,47,0,37,8,67,1,50,41,56,25,61,0,0,41,54,87,0,0,93,90,92,94,92,91,91,27,26,0
l31,13=0,0,0,0,0,0,0,0,0,0,0,0,0,0,0,0,0,0,0,42,0,0,5,69,76,47,74,81,0,0,56,54,87,92,0,0,91,93,94,84,85,91,2,0,0
l32,13=0,0,0,0,0,0,0,0,0,0,0,0,0,0,0,0,0,3,0,0,0,7,0,52,0,71,67,37,0,0,37,41,87,87,0,93,0,93,94,92,60,91,0,0,0
l33,13=0,0,0,0,0,0,0,0,0,0,0,0,0,0,0,0,0,61,0,0,0,40,0,44,1,0,66,28,0,0,5,36,87,82,0,93,91,0,94,88,86,30,0,0,0
l34,13=0,0,0,0,0,5,0,0,0,0,0,0,0,0,2,0,0,53,0,29,13,43,16,77,84,36,25,63,0,0,81,92,87,92,0,93,91,93,0,92,99,95,0,5,1
l35,13=0,0,0,0,0,0,0,0,0,0,0,0,0,0,2,0,38,78,37,53,32,37,0,79,60,28,22,44,0,0,95,85,87,92,0,46,91,93,94,0,99,95,38,22,0
l36,13=0,0,0,0,0,16,0,0,0,0,0,1,46,1,22,0,48,98,30,40,31,0,0,0,46,29,21,0,0,0,99,99,87,91,0,87,89,93,94,92,0,95,0,0,0
l37,13=0,0,0,0,6,0,0,0,0,0,0,0,0,0,37,0,14,97,39,57,37,34,0,40,64,29,25,38,0,0,96,97,57,92,0,93,91,71,94,92,99,0,36,31,0
l38,13=0,0,0,0,0,0,0,0,0,0,1,0,0,0,76,0,0,0,77,93,77,90,6,90,91,93,90,91,0,0,0,22,0,0,0,0,0,0,0,2,0,1,0,99,96
l39,13=0,0,0,0,0,0,0,31,0,0,63,70,60,31,85,0,58,93,84,54,41,52,0,84,91,86,90,87,0,0,0,38,46,2,0,0,0,0,0,53,0,45,95,0,95
l40,13=0,0,0,0,0,0,0,0,0,0,0,0,0,0,49,0,39,80,76,74,51,54,59,82,87,88,82,85,0,0,0,0,0,0,0,0,0,0,0,0,0,0,95,98,0
l41,13=0,0,0,0,0,0,0,0,0,0,75,0,78,26,18,0,79,95,90,98,97,56,47,89,91,93,94,89,0,0,74,18,46,0,0,0,0,0,52,0,45,67,95,99,96
l42,13=0,0,0,0,0,0,0,0,0,0,0,0,0,0,78,0,48,0,0,97,87,89,68,90,91,93,94,81,0,0,0,0,0,14,0,0,57,0,63,0,0,0,95,98,96
l43,13=0,0,0,0,0,0,0,0,0,0,0,0,58,0,67,0,74,0,43,89,56,87,62,90,81,87,88,80,0,0,0,0,62,54,0,0,62,0,0,0,0,0,95,98,89
l44,13=0,0,0,0,0,0,0,0,0,0,36,0,0,0,77,0,60,49,0,41,81,87,0,88,91,91,74,73,0,0,0,0,0,25,0,0,0,0,0,0,0,58,95,98,95

l0,14=0,100,100,100,100,100,100,100,100,96,95,99,94,100,57,0,90,90,0,60,0,0,0,0,0,0,0,0,0,0,90,0,0,0,0,0,0,0,0,0,0,0,0,0,0
l1,14=100,0,100,100,100,100,100,100,100,100,100,99,100,100,44,0,100,100,88,59,0,0,0,0,0,0,0,0,0,0,76,95,0,0,0,0,0,0,0,0,0,0,0,0,0
l2,14=100,100,0,100,100,100,100,100,100,100,100,99,100,100,98,0,100,93,85,95,0,0,0,0,0,0,0,0,0,0,59,0,0,0,0,0,0,0,0,0,0,0,0,0,0
l3,14=100,100,100,0,100,100,100,100,62,63,76,99,91,61,0,0,80,8,88,0,0,0,0,0,0,0,0,0,0,0,73,88,0,0,0,0,0,0,0,0,0,0,0,0,0
l4,14=100,100,99,100,0,100,100,100,100,100,74,99,92,100,50,0,83,82,87,0,0,0,0,0,0,0,0,0,0,0,79,0,0,0,0,0,0,0,0,0,2,0,0,0,0
l5,14=100,100,100,100,100,0,100,100,63,100,100,99,91,100,58,0,55,51,87,55,46,0,0,0,0,0,0,0,0,0,83,98,0,0,0,0,0,0,0,0,0,5,0,0,0
l6,14=100,100,100,100,100,100,0,100,100,100,100,99,100,100,0,0,100,1,100,97,0,0,0,0,0,0,0,0,0,0,0,0,0,0,0,0,0,0,0,0,0,0,0,0,0
l7,14=100,100,100,100,100,100,100,0,100,100,100,99,100,100,98,0,100,0,100,95,78,0,0,74,98,64,61,0,0,0,0,0,0,0,0,0,0,0,0,0,0,0,0,57,0
l8,14=100,100,100,61,100,93,100,100,0,100,100,99,100,100,98,0,100,99,100,68,0,75,0,74,96,79,72,62,0,0,0,0,0,0,0,0,0,0,0,0,0,0,0,80,0
l9,14=98,100,100,63,100,100,100,100,100,0,100,99,100,100,93,0,100,94,79,98,0,74,0,68,96,88,57,58,0,0,76,6,0,0,0,0,0,0,0,0,0,0,0,59,0
l10,14=100,100,100,62,61,100,100,100,100,100,0,99,100,100,57,0,100,20,0,47,64,37,0,74,99,100,61,51,0,0,82,94,0,0,0,0,0,0,0,0,44,0,89,83,0
l11,14=100,100,100,62,100,100,100,100,100,100,100,0,100,100,98,0,100,92,100,98,63,76,0,62,97,87,60,62,0,0,0,83,0,0,0,0,0,0,0,0,0,0,0,81,0
l12,14=85,100,100,60,92,76,100,100,100,100,100,99,0,100,98,0,100,81,100,97,62,72,82,64,98,100,54,0,0,0,73,91,0,0,0,0,0,0,0,0,0,0,79,88,0
l13,14=99,99,100,62,100,100,100,100,100,100,100,99,100,0,98,0,100,83,100,59,61,65,0,0,98,99,57,59,0,0,39,68,0,0,0,0,0,0,0,0,0,0,0,95,61
l14,14=51,70,89,0,44,71,0,95,63,56,58,91,89,51,0,0,100,98,100,63,100,70,3,70,94,92,59,33,0,0,76,95,0,84,0,0,0,0,0,21,28,82,92,88,89
l15,14=89,99,93,54,59,43,95,100,63,63,76,99,100,60,98,0,0,94,100,59,64,84,0,67,54,95,59,62,0,0,83,96,0,0,0,0,0,0,0,2,0,0,41,94,93
l16,14=50,95,89,0,31,36,0,4,33,27,55,90,66,16,58,0,56,0,96,98,64,0,0,51,61,73,36,22,0,0,91,99,76,86,0,0,0,0,0,59,62,58,42,49,54
l17,14=0,80,21,38,30,63,90,98,64,33,100,99,100,61,98,0,100,100,0,98,100,0,87,74,99,100,58,56,0,0,82,99,0,0,0,0,0,0,61,0,13,77,95,97,90
l18,14=88,89,88,0,1,55,88,91,60,62,75,97,89,58,96,0,93,100,100,0,98,99,97,75,98,98,98,62,0,0,81,98,76,0,0,0,20,0,74,55,61,98,99,97,97
l19,14=0,0,0,0,0,68,0,98,0,0,75,98,91,59,98,0,100,100,100,98,0,86,30,76,99,100,94,61,0,0,83,99,0,0,0,0,0,0,0,59,62,97,99,97,97
l20,14=0,0,0,0,0,0,0,0,89,91,24,91,93,84,90,0,99,0,0,96,96,0,99,100,98,100,97,100,0,0,0,0,91,99,0,0,92,94,98,93,12,93,99,97,96
l21,14=0,0,0,0,0,0,0,10,0,0,0,0,98,0,67,0,0,0,98,96,70,99,0,99,98,98,98,99,0,0,0,0,98,0,0,34,0,0,90,0,0,0,97,0,90
l22,14=0,0,0,0,0,0,0,90,98,52,96,82,92,0,93,0,99,95,98,96,98,99,97,0,99,100,100,100,0,0,0,71,98,91,0,86,97,93,88,93,57,81,99,97,97
l23,14=0,0,0,0,0,0,0,74,75,85,96,92,98,96,96,0,86,97,98,96,98,99,97,99,0,100,100,97,0,0,69,87,98,98,0,96,88,87,95,34,75,100,99,97,97
l24,14=0,0,0,0,0,0,0,85,51,56,97,89,98,62,96,0,99,96,98,96,98,99,97,99,99,0,100,99,0,0,73,88,98,99,0,86,97,0,85,53,62,100,99,97,97
l25,14=0,0,0,0,0,0,0,78,96,85,94,89,89,64,96,0,99,93,90,96,98,89,96,99,99,100,0,98,0,0,1,0,98,98,0,93,91,89,89,46,58,91,99,97,97
l26,14=0,0,0,0,0,0,0,0,98,95,85,96,69,88,96,0,99,91,98,96,89,99,97,100,98,98,98,0,0,0,56,0,98,99,0,96,97,94,98,97,87,93,99,97,97
l27,14=98,93,18,60,60,65,0,24,0,48,76,1,91,33,58,0,93,100,96,59,64,0,0,0,48,55,0,34,0,0,0,99,84,100,0,88,60,64,87,60,100,100,11,79,0
l28,14=0,93,0,25,0,63,0,0,0,0,65,95,91,19,58,0,63,100,96,59,63,0,0,45,50,57,0,0,0,0,100,0,81,98,0,95,62,60,58,58,62,97,43,0,0
l29,14=0,0,0,0,0,0,0,0,0,0,0,0,0,0,0,0,0,65,0,66,0,62,71,94,97,93,97,99,0,0,94,86,0,100,0,98,99,100,100,100,100,100,0,75,19
l30,14=0,0,0,0,0,0,0,0,0,0,0,0,0,0,37,0,0,33,15,0,0,98,0,34,98,90,98,98,0,0,74,56,99,0,0,98,99,99,100,99,100,100,28,38,19
l31,14=0,0,0,0,0,0,0,0,0,0,0,0,0,0,0,0,0,19,0,0,0,0,2,37,89,75,89,92,0,0,52,63,99,100,0,0,99,100,100,87,94,100,27,0,0
l32,14=0,0,0,0,0,0,0,0,0,0,0,0,0,0,0,0,0,0,0,5,0,74,0,68,56,88,85,82,0,0,55,68,99,100,0,98,0,100,100,100,64,100,0,0,0
l33,14=0,0,0,0,0,0,0,0,0,0,0,0,0,0,0,0,0,0,0,0,0,70,0,68,64,0,91,93,0,0,89,57,99,91,0,98,99,0,94,92,90,76,0,0,0
l34,14=0,0,0,0,0,0,0,0,0,0,0,0,0,0,0,0,0,0,74,93,0,99,38,42,56,86,92,99,0,0,65,31,99,100,0,98,99,81,0,100,100,100,4,0,0
l35,14=0,0,0,0,0,0,0,0,0,0,0,0,34,0,59,0,8,68,61,96,97,93,0,62,53,31,89,96,0,0,65,61,99,100,0,94,99,84,100,0,100,100,0,31,0
l36,14=0,0,0,0,45,0,0,0,0,0,70,0,39,0,57,0,0,100,77,98,64,0,0,12,55,90,61,61,0,0,100,61,98,100,0,98,60,100,100,100,0,100,0,26,0
l37,14=0,0,0,0,0,39,0,0,0,0,0,0,0,0,54,0,0,69,88,98,56,72,0,52,61,89,56,59,0,0,100,99,99,100,0,98,99,60,100,100,100,0,52,0,0
l38,14=0,0,0,0,0,0,0,0,0,0,88,0,71,0,89,0,55,84,85,96,88,91,59,91,98,98,98,93,0,0,0,81,0,8,0,16,0,0,0,0,0,43,0,99,97
l39,14=0,0,0,0,0,0,0,69,34,0,63,80,75,49,93,0,86,88,85,96,58,84,0,94,88,98,98,84,0,0,70,0,83,0,0,0,0,0,0,0,0,0,99,0,97
l40,14=0,0,0,0,0,0,0,0,0,0,0,0,0,0,90,0,94,2,91,92,94,94,4,92,96,97,97,96,0,0,0,0,0,0,0,0,0,0,0,0,0,0,99,97,0
l41,14=0,0,0,0,0,0,28,0,0,27,93,85,90,0,95,0,98,98,93,96,99,73,0,98,98,98,98,95,0,0,79,35,81,0,0,0,0,0,0,0,59,86,99,99,94
l42,14=0,0,0,0,0,0,0,0,0,0,0,0,49,0,95,0,0,0,93,96,94,96,94,99,98,98,98,96,0,0,0,0,90,82,0,0,81,0,0,0,0,0,99,97,97
l43,14=0,0,0,0,0,0,0,0,0,0,7,0,33,0,86,0,72,84,0,81,88,97,79,99,92,98,98,93,0,0,0,0,67,89,0,82,70,0,80,53,0,54,99,97,97
l44,14=0,0,0,0,0,0,0,0,0,0,4,0,73,0,83,0,90,0,73,94,93,98,87,95,98,98,98,95,0,0,0,0,0,75,0,0,0,0,20,0,0,80,99,97,97

l0,15=0,100,100,100,100,100,100,100,100,100,100,100,100,100,59,0,60,86,72,64,0,0,0,0,0,0,0,0,0,0,92,76,0,0,0,0,0,0,0,0,0,0,0,0,0
l1,15=100,0,100,100,100,100,100,100,100,100,73,100,100,100,51,0,99,80,100,65,0,0,0,0,0,0,0,0,0,0,91,0,0,0,0,0,0,0,0,0,0,0,0,0,0
l2,15=100,100,0,100,100,100,100,100,100,100,89,100,100,100,74,0,99,96,100,66,0,0,0,0,0,4,0,0,0,0,100,28,0,0,0,0,0,0,0,0,0,0,0,0,0
l3,15=100,100,100,0,100,100,95,100,100,100,62,99,100,88,56,0,0,96,100,33,0,0,0,0,0,0,0,0,0,0,100,100,0,0,0,0,0,0,0,0,0,0,0,0,0
l4,15=100,100,100,100,0,100,100,100,100,62,62,100,100,100,58,0,61,78,0,65,0,0,0,0,0,0,0,0,0,0,100,97,0,0,0,0,0,0,0,0,0,0,0,0,0
l5,15=100,100,100,100,100,0,100,100,99,100,100,100,100,100,58,0,61,93,99,37,97,0,0,0,0,0,0,0,0,0,95,100,0,0,0,0,0,0,0,0,96,0,0,0,0
l6,15=100,100,100,100,100,100,0,100,100,100,100,100,100,100,98,0,99,100,100,100,0,90,0,0,0,0,0,0,0,0,98,0,0,0,0,0,0,0,0,0,0,0,0,0,0
l7,15=100,100,100,100,100,100,100,0,100,100,100,100,100,100,98,0,99,99,100,100,100,99,0,99,0,99,98,98,0,0,0,0,0,0,0,0,0,0,0,0,0,0,0,0,0
l8,15=100,100,100,100,100,100,100,100,0,100,100,100,100,100,98,0,99,86,100,100,97,91,0,72,94,90,100,98,0,0,44,97,0,0,0,0,0,0,0,0,0,0,0,0,0
l9,15=100,100,100,100,60,100,100,100,100,0,100,100,100,100,98,0,99,91,99,100,88,90,1,64,0,100,95,100,0,0,15,0,0,0,0,0,0,0,0,0,0,0,0,19,0
l10,15=61,82,96,99,57,100,92,99,100,100,0,100,100,100,70,0,60,95,100,64,89,0,0,62,87,98,100,95,0,0,81,0,0,0,0,0,0,0,0,0,53,0,85,67,87
l11,15=100,100,100,99,57,100,100,100,100,100,100,0,100,100,98,0,99,90,100,100,100,93,0,0,88,96,98,90,0,0,92,97,0,0,0,0,0,0,0,0,0,0,0,0,0
l12,15=99,100,99,100,59,100,100,100,99,100,100,100,0,100,58,0,99,95,100,63,100,91,55,61,100,100,99,0,0,0,93,0,0,0,0,0,0,0,0,0,0,0,0,64,0
l13,15=100,100,96,99,100,100,100,100,100,100,100,100,100,0,95,0,99,94,96,98,62,93,2,60,87,97,56,96,0,0,95,97,0,0,0,0,0,0,0,0,0,0,0,0,0
l14,15=54,63,94,82,54,60,71,96,82,60,59,93,92,81,0,0,99,96,100,99,100,0,0,61,80,100,98,95,0,0,94,100,0,67,0,0,0,0,0,75,94,59,91,74,88
l15,15=51,85,95,0,57,62,80,100,82,60,61,100,100,88,98,0,0,91,100,65,100,91,54,62,86,97,100,96,0,0,100,100,0,47,0,0,0,0,0,0,92,64,90,74,92
l16,15=44,62,58,58,51,57,71,93,59,52,62,75,99,59,98,0,58,0,100,100,100,50,0,58,88,79,64,60,0,0,100,100,83,53,0,0,0,0,90,70,100,95,72,64,89
l17,15=25,70,86,88,5,60,74,100,100,61,100,100,100,84,98,0,99,100,0,100,100,92,51,63,100,100,98,90,0,0,99,100,0,0,0,0,0,0,0,0,96,73,98,74,72
l18,15=57,72,90,0,52,52,72,99,81,62,62,99,99,86,98,0,60,100,100,0,100,95,61,63,99,99,99,98,0,0,99,98,81,73,0,0,0,0,100,89,99,94,98,91,97
l19,15=0,0,0,0,0,60,52,99,80,50,60,99,99,71,98,0,99,100,100,100,0,94,26,99,100,100,100,94,0,0,99,99,41,0,0,0,0,0,94,95,99,95,97,75,97
l20,15=0,0,0,0,0,0,67,91,67,74,0,92,91,83,0,0,90,72,91,100,96,0,99,100,98,100,91,100,0,0,0,0,96,94,0,0,94,93,95,90,0,57,96,94,95
l21,15=0,0,0,0,0,0,0,73,0,3,0,0,91,60,0,0,90,0,91,98,63,100,0,98,99,96,97,100,0,0,0,0,95,0,0,0,80,0,3,0,0,0,95,92,35
l22,15=0,0,0,0,0,0,0,90,85,57,94,0,91,66,96,0,90,86,91,99,99,100,97,0,100,100,100,100,0,0,0,0,99,6,0,38,97,93,95,91,85,85,96,67,88
l23,15=0,0,0,0,0,0,0,0,86,0,93,84,98,87,97,0,90,95,96,97,99,97,97,99,0,100,100,97,0,0,88,80,95,95,0,96,0,83,83,90,88,87,98,98,99
l24,15=0,0,0,0,0,0,0,89,71,58,97,91,98,93,98,0,91,80,99,97,100,99,96,99,100,0,100,98,0,0,90,88,95,93,0,94,95,0,94,88,99,92,98,98,96
l25,15=0,0,0,0,0,0,0,68,94,39,93,59,90,33,96,0,88,90,90,98,100,90,95,99,100,100,0,95,0,0,0,0,95,69,0,79,95,68,85,81,77,71,98,98,95
l26,15=0,0,0,0,0,0,0,91,94,94,89,67,0,90,94,0,89,83,90,95,86,100,98,100,99,99,99,0,0,0,0,0,97,93,0,94,87,93,95,91,97,75,98,92,99
l27,15=51,82,62,60,58,60,73,0,48,0,53,82,57,54,53,0,54,100,80,60,82,0,0,0,76,87,0,0,0,0,0,100,89,53,0,56,57,93,92,62,100,95,0,63,0
l28,15=48,0,0,60,57,60,0,0,61,0,0,84,0,55,58,0,58,100,97,60,87,0,0,0,75,88,0,0,0,0,100,0,93,54,0,56,60,94,100,67,100,96,83,60,0
l29,15=0,0,0,0,0,0,0,0,0,0,0,0,0,0,0,0,0,94,0,67,1,99,71,100,100,95,100,100,0,0,95,100,0,100,0,100,100,100,100,100,100,96,93,81,0
l30,15=0,0,0,0,0,0,0,0,0,0,0,0,0,0,83,0,39,81,0,82,0,87,0,55,86,88,88,88,0,0,91,93,100,0,0,100,100,100,100,100,100,96,0,0,59
l31,15=0,0,0,0,0,0,0,0,0,0,0,0,0,0,0,0,0,1,0,0,0,0,0,52,91,65,88,91,0,0,66,78,100,100,0,0,100,100,100,100,100,96,10,0,0
l32,15=0,0,0,0,0,0,0,0,0,0,0,0,0,0,0,0,0,0,0,0,0,87,25,99,0,91,94,60,0,0,62,98,100,100,0,100,0,100,100,100,100,96,0,0,2
l33,15=0,0,0,0,0,0,0,0,0,0,0,0,0,0,0,0,0,0,0,0,0,87,0,81,65,0,88,90,0,0,66,63,100,95,0,100,100,0,100,96,97,90,0,0,0
l34,15=0,0,0,0,0,0,0,0,0,0,0,0,0,0,0,0,0,56,0,91,69,55,0,84,80,89,59,63,0,0,85,100,100,100,0,100,100,100,0,100,100,96,21,0,0
l35,15=0,0,0,0,0,0,0,0,0,0,0,0,0,0,52,0,0,59,0,58,82,53,0,57,83,86,59,62,0,0,85,98,100,100,0,99,100,100,100,0,100,96,0,0,0
l36,15=0,0,0,0,46,58,0,0,0,0,2,0,4,0,50,0,44,59,80,90,82,0,0,56,75,89,57,62,0,0,97,100,90,100,0,63,87,94,100,100,0,96,0,0,0
l37,15=0,0,0,0,0,0,0,0,0,0,0,0,0,0,47,0,34,82,68,66,82,26,0,54,75,89,53,56,0,0,97,98,100,100,0,100,100,92,100,100,100,0,0,0,0
l38,15=0,0,0,0,0,0,0,0,0,0,39,0,0,0,62,0,60,59,88,94,68,88,67,88,96,89,89,93,0,0,0,66,64,0,0,0,0,0,0,0,0,0,0,99,100
l39,15=0,0,0,0,0,0,0,10,0,0,37,0,62,0,90,0,86,78,76,98,88,87,67,64,99,96,99,87,0,0,77,59,55,0,0,0,0,0,0,0,0,0,100,0,99
l40,15=0,0,0,0,0,0,0,0,0,0,60,0,0,0,80,0,86,77,32,91,89,88,0,74,98,87,87,93,0,0,0,0,0,10,0,0,0,0,0,0,0,0,98,98,0
l41,15=0,0,0,0,0,0,1,0,0,0,89,50,76,85,98,0,87,99,99,98,100,88,0,97,99,99,99,98,0,0,88,6,11,0,0,10,0,0,57,0,0,0,98,99,99
l42,15=0,0,0,0,0,0,0,0,0,0,0,0,65,0,64,0,64,63,60,93,15,90,72,89,99,99,85,90,0,0,0,0,57,60,0,20,3,0,0,0,0,0,98,98,99
l43,15=0,0,0,0,0,0,0,0,0,0,0,0,0,0,61,0,53,66,59,12,69,76,66,88,69,89,97,92,0,0,0,0,50,63,0,60,0,0,64,50,0,0,96,95,94
l44,15=0,0,0,0,0,0,0,0,0,0,0,0,57,0,58,0,62,0,52,93,62,90,64,82,99,88,99,93,0,0,0,0,60,0,0,0,0,0,0,0,0,0,98,94,99

