l0,0=0,91,89,91,94,95,96,100,78,94,59,94,91,89,74,0,70,6,81,45,0,0,0,0,0,0,0,0,0,0,51,55,0,0,0,0,0,0,0,0,9,0,0,0,0
l1,0=54,0,88,92,91,95,97,99,96,91,53,94,88,89,25,0,14,19,79,38,0,0,0,0,0,0,0,0,0,0,51,40,0,0,0,0,0,0,0,0,3,0,0,0,0
l2,0=97,96,0,92,91,95,97,100,97,91,59,94,92,90,22,0,70,48,81,57,73,23,0,0,0,0,55,0,0,0,0,39,0,0,0,0,0,0,0,0,0,0,0,0,0
l3,0=97,96,73,0,94,95,94,79,60,88,50,72,91,84,56,0,63,55,0,0,0,0,0,0,0,0,0,0,0,0,52,60,0,0,0,0,0,0,0,0,0,0,0,0,0
l4,0=93,90,69,92,0,95,87,85,60,93,56,26,88,84,25,0,33,0,0,0,0,0,0,0,0,0,0,0,0,0,44,38,0,0,0,0,0,0,0,0,0,0,0,0,0
l5,0=97,96,75,89,94,0,96,91,59,84,23,72,92,89,0,0,36,17,82,0,21,0,0,0,0,0,0,0,0,0,42,33,0,0,0,0,0,0,0,0,70,32,0,0,0
l6,0=97,96,90,51,79,95,0,100,97,96,87,94,92,89,28,0,37,19,78,46,18,0,0,0,0,0,0,0,0,0,51,27,0,0,0,0,0,0,0,0,0,0,0,0,0
l7,0=97,96,90,92,94,95,96,0,97,97,90,94,92,90,88,0,87,0,93,96,82,0,66,50,65,82,78,0,0,0,40,0,0,0,0,0,0,0,0,0,0,0,0,41,0
l8,0=93,96,90,92,93,95,96,100,0,97,89,94,92,90,51,0,77,20,85,92,20,0,65,48,60,22,43,42,0,0,0,0,0,0,0,0,0,0,0,0,0,0,0,34,0
l9,0=97,96,47,2,91,95,95,100,97,0,90,94,92,91,84,0,86,5,81,14,22,25,0,50,62,24,31,5,0,0,3,38,0,0,0,0,0,0,0,0,0,0,0,27,0
l10,0=93,94,49,1,56,57,91,94,92,90,0,72,92,53,27,0,87,36,84,85,34,6,60,84,70,50,49,49,0,0,0,39,0,0,0,0,0,0,0,0,17,0,16,13,0
l11,0=93,96,87,89,19,95,92,95,97,97,89,0,92,91,83,0,87,45,14,90,85,11,30,0,68,3,33,47,0,0,0,4,0,0,0,0,0,0,0,0,0,0,18,23,0
l12,0=93,95,87,23,68,94,93,94,92,90,90,94,0,91,82,0,87,52,84,91,94,0,0,29,52,37,69,68,0,0,31,37,0,0,0,0,0,0,0,0,0,0,0,51,38
l13,0=93,96,90,29,91,95,93,99,95,97,50,94,92,0,83,0,87,61,85,52,43,24,4,51,0,49,0,12,0,0,12,40,0,0,0,0,0,0,0,0,0,0,3,0,23
l14,0=26,50,13,3,19,0,51,84,67,47,10,53,87,53,0,0,87,52,93,93,98,0,49,85,0,28,31,40,0,0,50,54,0,55,0,0,0,0,0,15,63,12,40,32,60
l15,0=44,56,25,2,11,41,53,95,73,47,90,94,91,91,85,0,0,14,93,34,59,27,60,84,67,51,48,71,0,0,44,41,31,0,0,0,0,0,0,0,36,1,39,36,37
l16,0=0,49,5,5,0,27,28,0,81,0,26,51,79,78,29,0,20,0,93,83,36,0,0,45,75,26,43,0,0,0,91,66,13,0,0,1,0,25,67,16,73,81,66,75,21
l17,0=28,52,21,0,0,53,51,83,82,27,54,15,84,89,88,0,87,86,0,87,61,26,0,79,78,26,47,51,0,0,78,54,0,0,0,0,0,0,0,0,0,44,66,3,48
l18,0=38,57,18,0,0,0,41,81,88,0,48,49,86,39,81,0,19,85,87,0,98,46,66,93,85,88,79,79,0,0,11,43,29,2,0,1,0,0,66,6,79,49,74,80,60
l19,0=0,0,19,0,0,33,32,78,32,1,53,59,89,49,88,0,87,86,92,96,0,12,58,88,87,88,53,24,0,0,88,64,0,31,0,0,0,0,0,41,83,30,60,81,65
l20,0=0,0,8,0,0,0,0,1,0,51,45,32,0,49,0,0,77,0,77,94,80,0,88,98,78,89,87,96,0,0,0,0,66,71,0,76,81,53,72,54,0,56,73,59,62
l21,0=0,0,0,0,0,0,0,74,86,0,78,6,0,0,46,0,75,0,0,84,82,98,0,86,91,76,84,98,0,0,0,0,53,81,0,0,2,0,63,54,0,0,0,6,69
l22,0=0,0,0,0,0,0,0,56,60,59,78,0,5,64,78,0,79,50,58,94,83,96,72,0,91,77,89,96,0,0,0,16,93,93,0,88,90,77,84,65,67,49,53,78,72
l23,0=0,0,0,0,0,0,0,46,14,0,27,45,19,0,0,0,62,74,79,86,85,79,87,98,0,90,89,93,0,0,0,22,71,60,0,28,0,0,68,0,33,80,74,81,89
l24,0=0,1,0,0,0,0,0,73,51,19,82,23,34,66,77,0,86,69,62,94,85,96,67,84,92,0,89,85,0,0,0,29,11,76,0,9,19,31,61,68,53,47,74,81,79
l25,0=0,0,12,0,0,0,0,65,59,16,77,42,57,0,44,0,77,50,66,94,85,82,79,100,92,90,0,95,0,0,29,0,87,64,0,12,67,58,49,64,55,72,74,81,76
l26,0=0,0,0,0,0,0,0,0,41,4,74,54,42,18,75,0,86,11,74,91,50,96,88,98,91,84,87,0,0,0,3,10,89,89,0,96,70,57,91,78,21,57,74,33,88
l27,0=62,76,0,4,8,36,43,63,0,0,1,0,52,9,25,0,20,86,79,29,2,0,0,0,0,0,15,0,0,0,0,87,40,80,0,31,16,49,84,91,55,88,15,0,37
l28,0=59,76,16,3,8,38,30,0,0,1,14,27,68,26,2,0,18,86,56,39,26,0,0,66,63,25,0,0,0,0,91,0,51,86,0,41,34,53,77,80,88,96,0,0,11
l29,0=0,0,0,0,0,0,0,0,0,0,0,0,0,0,0,0,40,56,0,41,0,60,63,96,73,13,88,83,0,0,44,83,0,96,0,99,99,98,95,96,88,96,0,0,0
l30,0=0,0,0,0,0,0,0,0,0,0,0,0,0,0,0,0,0,0,0,0,0,36,65,89,71,80,51,52,0,0,91,81,99,0,0,99,99,98,95,96,88,96,34,32,16
l31,0=0,0,0,0,0,0,0,0,0,0,0,0,0,0,0,0,0,33,0,26,0,89,43,89,63,18,26,94,0,0,80,74,99,96,0,0,99,98,95,96,88,96,32,0,36
l32,0=0,0,0,0,0,0,0,0,0,0,0,0,0,0,0,0,0,0,0,5,0,81,48,86,0,67,73,77,0,0,24,74,99,96,0,99,0,98,95,94,80,88,32,0,0
l33,0=0,0,0,0,0,0,0,0,0,0,0,0,0,0,0,0,0,52,0,0,0,30,0,82,0,31,75,64,0,0,48,73,99,96,0,99,99,0,88,91,85,0,0,0,0
l34,0=0,0,0,0,0,0,0,0,0,0,0,0,0,0,0,0,0,44,0,49,0,67,60,91,79,45,34,93,0,0,87,79,99,96,0,99,99,98,0,96,88,96,31,28,0
l35,0=0,0,0,0,0,0,0,0,0,0,0,0,0,0,0,0,0,38,0,6,2,22,57,86,0,83,53,34,0,0,91,87,99,96,0,99,98,97,95,0,88,96,22,0,0
l36,0=0,0,0,0,0,35,0,0,0,0,8,0,0,0,3,0,20,61,0,45,3,0,0,87,67,28,32,0,0,0,33,87,65,96,0,91,35,74,94,96,0,96,0,17,0
l37,0=0,0,0,0,0,36,0,0,0,0,0,0,0,0,2,0,14,85,62,56,3,14,0,81,82,29,54,27,0,0,91,87,99,96,0,99,92,26,95,96,88,0,30,0,0
l38,0=0,0,0,0,0,0,0,0,0,0,38,30,0,0,63,0,63,55,56,79,64,61,0,65,86,88,79,76,0,0,8,0,0,41,0,25,21,0,31,8,0,24,0,81,89
l39,0=0,0,0,0,0,0,0,13,19,5,8,21,24,0,40,0,37,39,5,79,78,61,24,81,91,84,87,11,0,0,0,0,0,39,0,0,0,0,20,0,18,0,74,0,89
l40,0=0,0,0,0,0,0,0,0,0,0,0,0,20,1,57,0,31,12,22,79,63,58,52,75,90,81,78,87,0,0,24,0,0,32,0,17,0,0,0,0,0,0,74,81,0
l41,0=0,0,0,0,0,0,0,0,0,11,32,0,0,36,23,0,83,82,85,94,91,50,57,93,91,86,82,89,0,0,36,12,3,37,0,0,0,0,0,8,30,0,74,81,88
l42,0=0,0,0,0,0,0,0,0,0,0,33,0,0,0,55,0,45,42,49,71,62,63,56,90,91,87,87,55,0,0,0,0,0,40,0,0,1,0,32,0,0,0,74,81,77
l43,0=0,0,0,0,0,0,0,0,0,0,27,0,0,0,0,0,24,27,27,76,48,63,47,93,91,87,74,78,0,0,0,0,25,40,0,0,6,0,4,0,0,0,74,77,88
l44,0=0,0,0,0,0,0,0,0,0,0,10,27,0,0,60,0,0,33,49,69,59,57,58,66,90,89,84,74,0,0,0,0,20,33,0,12,0,0,0,9,0,0,74,77,80

l0,1=0,93,97,96,93,95,94,93,90,94,85,92,90,57,44,0,50,46,0,0,0,0,0,0,0,0,0,0,0,0,57,0,0,0,0,0,0,0,0,0,0,0,0,0,0
l1,1=97,0,93,93,93,95,96,92,92,94,83,92,55,92,41,0,23,0,50,76,68,0,0,0,0,0,0,0,0,0,61,0,0,0,0,0,0,0,0,0,0,0,0,0,0
l2,1=99,93,0,96,93,95,96,98,93,96,85,92,90,92,47,0,50,85,62,67,54,0,0,0,0,52,14,0,0,0,1,61,0,0,0,0,0,0,0,0,0,0,0,0,0
l3,1=99,94,97,0,94,95,92,78,93,91,84,88,84,54,37,0,49,82,0,0,3,0,0,0,0,0,0,0,0,0,60,51,0,0,0,0,0,0,0,0,0,0,0,0,0
l4,1=99,94,93,96,0,95,93,89,90,94,58,85,90,54,0,0,49,74,0,0,0,0,0,0,0,0,0,0,0,0,61,41,0,0,0,0,0,0,0,0,0,0,0,0,0
l5,1=99,93,97,95,94,0,95,96,90,0,59,58,59,57,46,0,21,4,49,0,0,0,0,0,0,0,0,0,0,0,62,44,0,2,0,0,0,0,0,0,49,13,0,0,0
l6,1=99,94,97,93,91,95,0,95,92,94,85,92,90,57,40,0,23,47,55,73,50,0,0,0,0,0,0,0,0,0,59,10,0,0,0,0,0,0,0,0,0,0,0,0,0
l7,1=99,93,97,64,90,95,96,0,93,96,85,92,90,92,72,0,70,0,60,54,54,56,20,49,0,55,28,0,0,0,0,0,0,0,0,0,0,0,0,0,0,0,0,61,0
l8,1=95,93,97,95,90,95,96,98,0,96,85,92,87,92,74,0,70,53,73,77,20,46,17,29,52,45,42,0,0,0,32,49,0,0,0,0,0,0,0,0,0,0,0,0,0
l9,1=94,92,94,90,90,12,93,98,93,0,85,92,90,92,67,0,44,34,73,60,55,27,0,3,60,0,17,0,0,0,0,55,0,0,0,0,0,0,0,0,0,0,0,4,0
l10,1=82,90,92,60,31,95,92,92,89,94,0,92,90,92,59,0,71,83,73,77,64,20,26,19,18,68,55,55,0,0,56,49,0,10,0,0,0,0,0,0,0,0,43,40,25
l11,1=94,92,93,87,53,95,92,92,93,96,85,0,90,92,73,0,71,39,73,76,66,0,0,12,59,63,49,0,0,0,16,48,0,0,0,0,0,0,0,0,0,0,4,41,0
l12,1=94,79,93,72,90,93,93,92,84,94,85,92,0,92,74,0,71,85,73,77,70,31,0,20,46,66,23,1,0,0,0,48,0,0,0,0,0,0,0,0,0,0,23,0,0
l13,1=94,93,93,91,85,95,92,93,92,96,85,92,90,0,74,0,71,39,73,72,47,33,16,12,55,64,18,1,0,0,34,57,0,0,0,0,0,0,0,0,0,0,19,0,2
l14,1=15,32,56,42,1,43,31,53,70,50,33,64,81,75,0,0,71,68,75,78,78,35,26,28,45,61,29,23,0,0,62,59,0,0,0,0,0,0,32,0,48,28,49,46,42
l15,1=21,30,36,33,32,36,48,79,67,50,85,92,90,92,76,0,0,46,73,77,70,42,25,43,60,58,33,31,0,0,78,0,0,0,0,0,0,0,0,13,41,0,37,37,26
l16,1=14,0,56,41,39,8,31,0,29,37,34,15,43,56,67,0,25,0,55,79,70,5,0,19,69,42,14,21,0,0,89,84,0,26,0,0,31,12,59,28,72,6,8,44,52
l17,1=0,17,53,0,3,42,40,41,53,72,55,44,53,75,76,0,65,49,0,72,78,11,17,36,66,19,29,29,0,0,53,0,0,0,0,0,0,0,0,21,26,22,43,33,57
l18,1=0,32,27,0,0,0,21,9,48,28,42,29,40,36,70,0,49,85,52,0,78,48,28,37,79,68,60,36,0,0,57,58,20,0,0,5,0,0,31,39,44,34,44,65,44
l19,1=0,43,37,0,0,0,20,38,8,57,42,30,50,27,76,0,61,73,75,79,0,36,23,38,71,46,30,33,0,0,58,68,0,51,0,0,0,0,31,0,56,26,40,66,58
l20,1=0,0,0,0,0,0,0,44,46,36,34,0,55,35,39,0,48,39,44,66,57,0,88,63,74,65,48,80,0,0,4,0,58,58,0,46,61,42,68,53,34,46,67,60,64
l21,1=0,0,0,0,0,0,0,8,42,0,53,0,0,31,46,0,47,0,61,62,49,85,0,61,76,62,50,76,0,0,0,0,0,63,0,0,14,0,60,57,0,0,66,65,57
l22,1=0,0,0,0,0,0,0,40,40,0,20,14,39,26,44,0,44,39,46,46,48,68,66,0,80,51,61,80,0,0,0,0,60,63,0,61,56,37,49,52,34,41,64,64,24
l23,1=0,0,0,0,0,0,0,0,30,46,22,27,38,33,54,0,45,57,57,75,62,70,74,67,0,72,58,71,0,0,13,33,40,28,0,48,0,25,60,29,33,61,67,78,73
l24,1=0,0,44,0,0,15,0,52,35,0,59,38,57,49,54,0,48,53,30,68,57,76,60,55,82,0,61,69,0,0,0,45,0,51,0,0,40,6,35,60,51,58,72,66,70
l25,1=0,0,9,0,0,0,0,38,35,34,45,34,49,28,36,0,44,41,53,74,58,65,67,71,82,72,0,75,0,0,8,0,57,49,0,51,43,25,43,45,16,40,67,77,65
l26,1=0,0,0,0,0,0,0,8,23,35,46,0,54,44,40,0,43,47,52,56,50,85,70,71,72,62,51,0,0,0,0,1,55,65,0,61,57,17,66,54,43,55,67,53,64
l27,1=33,39,0,45,57,64,34,0,17,0,47,4,0,16,69,0,43,87,29,44,65,0,0,0,7,0,1,0,0,0,0,84,43,72,0,65,24,48,41,91,92,81,0,13,0
l28,1=0,0,29,2,24,30,1,1,24,39,39,12,12,34,51,0,1,88,0,78,72,0,0,0,52,31,0,0,0,0,90,0,51,74,0,76,73,0,56,56,92,56,0,27,21
l29,1=0,0,0,0,0,0,0,0,0,0,0,0,0,0,0,0,0,0,0,25,0,47,0,71,49,0,54,53,0,0,45,81,0,87,0,93,94,98,97,94,92,92,0,0,0
l30,1=0,0,0,0,0,0,0,0,0,0,1,0,0,0,0,0,0,31,0,0,51,40,34,56,29,33,24,66,0,0,90,62,78,0,0,93,94,91,97,94,92,94,27,36,0
l31,1=0,0,0,0,0,0,0,0,0,0,0,0,0,0,0,0,0,0,0,20,0,25,11,65,61,0,45,75,0,0,66,67,78,87,0,0,94,98,97,74,92,94,0,3,0
l32,1=0,0,0,0,0,0,0,0,0,0,0,0,0,0,0,0,0,33,0,0,0,49,32,56,0,35,37,54,0,0,34,53,78,87,0,93,0,98,97,94,80,90,0,0,0
l33,1=0,0,0,0,0,0,0,0,0,0,0,0,0,0,0,0,0,1,0,0,0,41,0,48,52,0,25,0,0,0,39,0,78,79,0,93,94,0,94,84,88,67,0,0,0
l34,1=0,0,0,0,0,0,0,0,0,0,0,0,0,0,17,0,0,59,0,60,46,67,28,53,73,23,37,71,0,0,60,78,78,87,0,93,94,96,0,94,92,94,21,39,0
l35,1=0,0,0,0,0,0,0,0,0,0,0,0,0,0,0,0,12,6,8,45,0,25,18,61,28,43,14,53,0,0,90,80,78,87,0,86,94,87,97,0,92,94,0,0,0
l36,1=0,0,0,0,0,32,0,0,0,0,0,0,0,0,52,0,33,58,8,44,74,22,0,21,29,35,2,16,0,0,90,83,76,87,0,89,90,91,92,91,0,93,0,34,0
l37,1=0,0,0,0,0,43,0,0,0,0,0,0,0,0,36,0,3,46,25,47,46,24,2,37,75,43,8,33,0,0,90,84,76,87,0,93,91,58,97,94,92,0,0,0,0
l38,1=0,0,0,0,0,0,0,0,0,0,34,4,28,3,51,0,38,30,47,61,38,60,39,55,64,64,45,55,0,0,0,0,0,26,0,0,0,0,16,0,0,0,0,75,75
l39,1=0,0,0,0,0,0,0,27,0,0,24,15,2,0,51,0,36,46,39,62,59,58,57,55,80,60,57,54,0,0,9,19,0,36,0,0,0,0,45,0,25,0,72,0,78
l40,1=0,0,0,0,0,0,0,0,0,0,7,0,0,0,44,0,10,27,49,39,48,57,19,7,72,60,40,54,0,0,0,0,0,0,0,0,0,0,0,0,0,0,72,76,0
l41,1=0,0,0,0,0,0,0,0,0,31,52,22,43,0,66,0,47,54,50,74,65,51,11,61,77,68,51,59,0,0,23,45,0,0,0,20,4,0,28,2,0,0,76,78,73
l42,1=0,0,0,0,0,0,0,0,0,0,0,0,0,0,41,0,37,46,48,55,41,45,53,57,76,65,51,54,0,0,0,0,0,5,0,0,18,0,0,0,0,0,72,76,75
l43,1=0,0,0,0,0,0,0,0,0,0,23,0,0,0,37,0,21,28,28,39,41,65,45,61,75,58,47,51,0,0,0,0,35,34,0,29,13,0,17,0,0,0,71,70,75
l44,1=0,0,0,0,0,0,0,0,0,0,0,0,35,24,39,0,0,43,48,52,49,45,52,44,66,60,48,66,0,0,14,0,30,0,0,0,0,0,25,0,0,0,71,66,75

l0,2=0,93,92,88,93,92,93,91,92,92,70,94,55,82,0,0,59,44,22,39,0,0,0,0,0,0,0,0,0,0,0,67,0,0,0,0,0,0,0,0,0,0,0,0,0
l1,2=92,0,92,87,93,92,93,80,92,91,73,97,57,81,67,0,60,44,64,37,52,0,0,0,0,0,0,0,0,0,74,59,0,0,0,0,0,0,0,0,0,0,0,0,0
l2,2=91,93,0,85,83,92,93,97,94,96,73,96,90,82,65,0,51,45,61,51,0,0,0,2,0,62,0,0,0,0,68,64,0,0,0,0,0,0,0,0,0,0,0,0,0
l3,2=95,93,92,0,93,92,93,86,94,90,72,96,57,80,43,0,58,0,31,0,0,0,0,0,0,0,0,0,0,0,1,20,0,0,0,0,0,0,0,0,0,0,0,0,0
l4,2=95,93,83,88,0,92,89,81,92,87,70,92,54,73,52,0,56,43,28,0,0,0,0,0,0,0,0,0,0,0,72,40,0,0,0,0,0,0,0,0,0,0,0,0,0
l5,2=95,93,92,88,93,0,93,81,94,87,73,92,58,80,67,0,55,29,30,39,0,0,0,0,0,0,0,0,0,0,73,59,0,0,0,0,0,0,0,0,0,0,0,0,0
l6,2=93,93,92,85,87,92,0,96,94,94,70,97,68,90,62,0,61,44,42,0,0,38,0,0,0,0,0,0,0,0,73,63,0,0,0,0,0,0,0,0,0,0,0,0,0
l7,2=90,87,92,77,82,85,93,0,94,96,73,97,90,90,60,0,61,0,65,56,47,38,24,60,37,68,41,0,0,0,0,0,0,0,0,0,0,0,0,0,0,0,0,0,0
l8,2=87,87,92,79,86,86,87,96,0,95,71,96,90,89,70,0,61,0,65,59,0,37,41,64,0,53,29,32,0,0,63,56,0,0,0,0,0,0,0,0,0,0,0,0,0
l9,2=87,87,87,78,83,85,87,91,93,0,73,97,90,90,69,0,61,45,65,50,43,48,2,0,65,57,30,41,0,0,56,52,0,0,0,0,0,0,0,0,0,0,0,44,0
l10,2=73,81,87,63,72,85,67,79,71,90,0,96,90,88,63,0,61,48,65,60,55,0,43,45,47,69,63,36,0,0,53,47,0,0,0,0,0,0,0,0,40,0,54,52,0
l11,2=84,87,82,78,83,85,87,97,93,96,72,0,90,90,69,0,61,24,64,34,58,54,47,26,49,69,35,0,0,0,66,45,0,0,0,0,0,0,0,0,0,0,57,47,0
l12,2=78,87,87,75,83,85,87,79,91,90,74,97,0,90,69,0,61,73,64,57,56,0,38,47,62,66,31,48,0,0,55,44,0,0,0,0,0,0,0,0,0,11,51,4,0
l13,2=84,87,87,69,75,85,87,89,93,96,73,97,90,0,69,0,61,35,59,0,50,0,0,55,41,56,0,0,0,0,56,46,0,0,0,0,0,0,0,0,0,0,0,0,0
l14,2=0,52,49,12,55,49,53,54,75,76,63,93,71,71,0,0,61,53,72,65,68,47,45,60,58,66,69,36,0,0,68,61,0,0,0,0,0,0,14,47,41,20,57,64,59
l15,2=51,50,35,40,50,32,80,77,86,64,73,96,90,87,82,0,0,76,64,60,60,58,51,67,58,66,62,39,0,0,71,61,0,0,0,0,0,0,0,46,48,23,60,61,15
l16,2=47,48,34,0,50,34,44,0,0,71,64,35,80,42,70,0,55,0,68,65,65,32,0,0,63,65,9,28,0,0,85,85,18,52,0,0,0,0,23,31,68,17,52,66,2
l17,2=13,56,44,21,41,34,53,61,71,71,74,94,90,58,82,0,56,55,0,56,68,47,46,57,59,3,1,40,0,0,62,53,0,36,0,0,0,0,0,17,53,14,58,63,59
l18,2=27,26,40,0,0,25,0,49,64,48,44,31,53,0,67,0,40,91,50,0,68,67,39,58,72,65,84,47,0,0,60,60,0,35,0,0,0,0,46,23,52,28,57,64,51
l19,2=0,32,0,0,0,0,0,52,0,58,62,65,68,54,82,0,61,91,72,65,0,47,0,51,64,74,62,53,0,0,57,65,0,13,0,0,0,0,0,0,58,25,60,70,52
l20,2=0,0,0,0,0,0,29,36,39,43,0,62,0,0,53,0,42,17,41,54,41,0,78,70,55,77,68,75,0,0,0,0,57,51,0,55,37,47,50,35,41,33,65,57,67
l21,2=0,0,0,0,0,0,0,0,49,0,36,48,42,0,46,0,46,0,39,43,0,77,0,67,54,65,63,70,0,0,0,0,0,0,0,0,16,0,0,0,10,0,57,63,18
l22,2=0,0,0,0,0,0,0,37,43,0,28,24,32,32,53,0,41,0,38,43,31,63,60,0,67,70,84,74,0,0,12,0,54,63,0,59,56,29,60,47,40,0,68,62,49
l23,2=0,0,0,0,0,0,0,27,0,44,29,40,55,23,47,0,39,37,46,55,43,59,60,74,0,80,84,69,0,0,0,0,47,42,0,42,46,32,50,2,44,44,74,71,74
l24,2=0,0,35,0,0,0,0,57,41,32,61,60,66,33,68,0,52,42,7,53,50,69,60,69,72,0,84,69,0,0,37,42,40,36,0,33,37,23,15,46,67,44,74,70,73
l25,2=0,0,0,0,0,0,0,32,38,33,46,40,37,0,60,0,46,16,1,55,43,63,63,80,72,80,0,65,0,0,0,31,54,65,0,38,61,19,39,28,43,28,74,72,73
l26,2=0,0,0,0,0,0,0,0,45,47,38,30,49,0,37,0,38,18,35,47,42,77,66,80,67,77,77,0,0,0,0,0,60,71,0,63,53,29,69,0,54,23,74,68,62
l27,2=0,78,50,0,67,58,63,0,67,54,56,75,58,48,69,0,56,91,65,61,47,0,0,25,0,56,1,0,0,0,0,85,57,83,0,60,43,54,79,87,93,80,38,0,0
l28,2=70,48,56,0,57,48,57,0,70,62,54,60,43,43,66,0,53,91,60,62,57,0,0,0,3,59,20,0,0,0,88,0,64,83,0,71,60,35,88,79,93,91,0,4,38
l29,2=0,0,0,0,0,0,0,0,0,0,0,0,0,0,0,0,0,3,0,0,0,70,0,80,56,56,61,72,0,0,54,74,0,93,0,92,94,96,94,89,92,94,0,7,0
l30,2=0,0,0,0,0,0,0,0,0,0,0,0,0,0,0,0,0,33,22,37,6,47,0,74,45,47,67,65,0,0,87,83,75,0,0,92,94,96,94,89,93,95,53,0,0
l31,2=0,0,0,0,0,0,0,0,0,0,0,0,0,0,0,0,0,0,0,0,0,53,0,74,53,48,62,72,0,0,62,69,75,93,0,0,94,96,94,89,93,95,55,0,0
l32,2=0,0,0,0,0,0,0,0,0,0,0,0,0,0,0,0,0,0,0,0,0,25,45,78,58,61,77,63,0,0,50,68,75,93,0,92,0,96,94,89,0,91,56,0,0
l33,2=0,0,0,0,0,0,0,0,0,0,0,0,0,0,0,0,0,0,0,0,0,54,0,57,53,54,28,26,0,0,70,49,75,93,0,92,94,0,92,86,93,86,0,0,0
l34,2=0,0,0,0,0,0,0,0,0,0,0,0,0,0,0,0,0,19,0,33,0,44,0,70,57,4,52,65,0,0,82,85,75,93,0,92,94,94,0,89,93,95,5,45,0
l35,2=0,0,0,0,0,0,0,0,0,0,0,0,0,0,38,0,32,25,18,31,1,37,0,55,19,51,30,0,0,0,85,79,75,93,0,88,94,94,94,0,93,95,0,0,0
l36,2=0,0,0,0,0,0,0,0,0,0,28,0,0,0,36,0,44,77,60,55,63,43,35,51,49,74,72,47,0,0,88,85,74,89,0,90,0,89,93,89,0,95,0,0,0
l37,2=0,0,0,0,0,0,0,0,0,0,0,0,40,0,38,0,42,38,34,63,40,46,2,0,69,75,64,37,0,0,88,85,75,93,0,90,93,89,94,89,93,0,46,39,0
l38,2=0,0,0,0,0,0,0,0,0,0,28,38,32,0,50,0,36,21,39,43,36,47,29,50,53,58,60,52,0,0,12,0,0,32,0,24,20,0,1,0,0,7,0,75,74
l39,2=0,0,0,0,0,0,0,0,0,20,23,46,2,0,53,0,37,32,39,47,43,48,45,56,66,61,71,55,0,0,0,0,1,0,0,0,0,0,41,0,0,3,77,0,77
l40,2=0,0,0,0,0,0,0,0,0,0,0,0,0,0,50,0,8,0,42,42,30,49,16,48,56,62,57,47,0,0,0,14,0,0,0,0,0,0,0,0,0,0,76,71,0
l41,2=0,0,0,0,0,0,0,0,0,0,42,40,37,45,65,0,43,37,46,54,39,55,19,56,66,67,64,47,0,0,44,39,0,0,0,0,1,0,45,3,37,0,77,76,70
l42,2=0,0,0,0,0,0,0,0,0,0,0,0,0,0,44,0,30,26,36,46,31,39,46,58,65,70,74,53,0,0,0,0,41,15,0,0,2,27,33,0,0,0,73,72,73
l43,2=0,0,0,0,0,0,0,0,0,0,0,0,0,0,45,0,0,0,31,35,28,57,39,57,57,65,69,61,0,0,0,0,0,0,0,0,9,0,38,0,0,0,76,64,76
l44,2=0,0,0,0,0,0,0,0,0,0,0,0,9,0,39,0,0,0,26,35,30,39,45,52,55,62,56,54,0,0,0,0,26,27,0,0,0,2,34,0,0,0,74,69,73

l0,3=0,96,89,81,85,95,63,61,93,96,51,60,89,97,71,0,0,49,70,48,0,0,0,0,0,0,0,0,0,0,0,78,0,0,0,0,0,0,0,0,0,0,0,0,0
l1,3=95,0,92,80,92,96,84,48,95,94,56,58,94,91,62,0,87,80,73,57,51,0,0,0,37,0,7,0,0,0,79,49,0,0,0,0,0,0,0,0,0,0,0,0,0
l2,3=91,91,0,74,85,91,84,90,95,96,85,92,94,97,77,0,90,80,3,59,0,0,0,0,0,0,22,0,0,0,79,0,0,0,0,0,0,0,0,0,0,0,0,0,0
l3,3=94,96,89,0,92,96,56,47,94,94,56,60,94,90,0,0,89,52,68,59,33,0,0,0,0,0,0,0,0,0,67,79,0,0,0,0,0,0,0,0,0,0,0,0,0
l4,3=85,96,89,82,0,96,67,44,95,94,56,60,89,94,72,0,73,0,70,0,0,0,0,0,0,0,0,0,0,0,2,9,0,0,0,0,0,0,0,0,3,0,0,0,0
l5,3=95,96,93,80,92,0,84,81,95,92,56,60,94,93,70,0,75,56,70,60,0,0,0,0,0,0,0,0,0,0,80,79,0,0,0,0,0,0,0,0,0,0,0,0,0
l6,3=91,96,93,70,87,96,0,54,94,96,54,60,94,97,77,0,91,87,76,0,41,0,0,48,0,36,0,0,0,0,65,0,0,0,0,0,0,0,0,0,0,0,0,0,0
l7,3=91,91,87,71,84,91,77,0,94,96,85,92,94,97,84,0,92,66,77,67,80,0,0,77,37,79,77,21,0,0,0,0,0,0,0,0,0,0,0,0,0,0,0,0,0
l8,3=91,91,89,74,85,91,77,88,0,96,60,92,94,97,83,0,91,76,77,70,54,0,78,67,5,53,67,71,0,0,77,0,0,0,0,0,0,0,0,0,0,0,0,58,0
l9,3=91,91,87,68,84,91,77,88,94,0,88,92,94,97,79,0,91,86,78,66,51,12,0,66,39,54,60,48,0,0,78,68,0,0,0,0,0,0,0,0,0,0,0,0,0
l10,3=80,89,86,60,78,91,70,61,87,95,0,92,95,97,81,0,92,81,81,66,82,68,44,69,41,79,76,73,0,0,76,82,0,0,0,0,0,0,0,0,0,0,0,48,0
l11,3=87,88,87,63,84,91,75,88,94,96,64,0,95,97,81,0,91,84,77,64,56,48,64,60,39,55,68,53,0,0,83,72,0,0,0,0,0,0,0,0,0,0,0,55,0
l12,3=81,89,86,62,78,91,76,84,90,96,91,92,0,97,82,0,92,86,77,62,59,28,58,50,46,55,71,74,0,0,66,66,0,0,0,0,0,0,0,0,0,51,0,49,0
l13,3=91,91,87,61,85,91,76,88,94,96,90,92,94,0,83,0,91,86,76,63,56,40,0,76,58,76,0,0,0,0,69,6,0,0,0,0,0,0,0,0,0,0,0,0,1
l14,3=70,59,71,0,67,79,59,71,90,87,89,92,94,87,0,0,92,91,90,76,96,69,59,65,61,74,80,48,0,0,65,76,0,0,0,0,0,0,0,68,33,0,57,55,68
l15,3=0,75,71,50,66,67,75,81,74,89,91,92,94,96,87,0,0,87,82,71,91,79,68,69,70,74,71,61,0,0,82,71,0,27,0,0,0,0,0,0,56,37,54,54,17
l16,3=48,74,65,24,0,67,71,42,66,82,74,77,79,61,92,0,91,0,74,86,97,60,0,58,57,83,77,62,0,0,94,94,0,69,0,0,0,0,64,75,85,55,53,54,59
l17,3=72,74,0,18,68,74,62,64,86,94,91,92,93,58,92,0,92,78,0,77,92,67,59,68,79,68,62,0,0,0,82,72,0,0,0,0,0,0,0,0,59,54,50,54,62
l18,3=4,64,64,10,0,68,0,59,80,86,77,77,74,53,92,0,87,94,89,0,97,83,65,69,93,91,95,80,0,0,90,75,0,39,0,3,1,27,60,55,62,67,43,59,60
l19,3=0,73,0,34,0,0,53,62,70,81,83,85,87,59,92,0,92,95,90,86,0,77,58,78,81,82,74,82,0,0,91,84,58,0,0,0,0,0,18,8,66,3,61,63,57
l20,3=0,0,0,0,0,0,0,0,0,0,70,67,40,22,67,0,85,52,65,76,78,0,97,88,59,88,90,96,0,0,0,0,89,70,0,41,78,65,72,0,0,27,66,64,78
l21,3=0,0,0,0,0,0,0,0,72,0,41,58,58,0,60,0,85,0,73,74,73,94,0,86,86,88,89,95,0,0,0,0,0,52,0,59,0,35,0,0,6,0,47,66,60
l22,3=0,0,0,0,0,0,2,50,43,44,56,36,23,46,54,0,67,44,62,56,65,91,71,0,86,88,96,96,0,0,36,0,63,82,0,66,88,55,77,32,18,39,61,61,52
l23,3=0,38,0,0,0,0,0,31,0,66,54,62,67,34,54,0,69,54,77,85,78,58,67,88,0,91,96,90,0,0,30,40,61,52,0,58,59,32,66,68,44,57,63,70,81
l24,3=0,0,0,0,0,0,29,52,52,67,77,70,67,37,75,0,76,74,43,83,84,91,42,91,93,0,95,84,0,0,0,31,60,57,0,56,39,43,46,62,52,54,64,70,79
l25,3=0,1,1,0,0,0,0,50,51,50,77,63,78,0,78,0,83,78,41,76,80,90,86,93,93,91,0,90,0,0,23,39,52,65,0,62,88,32,85,0,45,43,66,70,80
l26,3=0,0,0,0,0,0,0,28,54,41,71,50,74,0,37,0,60,63,0,76,83,94,90,93,86,88,90,0,0,0,15,0,78,92,0,84,84,51,83,77,37,42,65,55,78
l27,3=0,81,67,15,27,86,50,0,68,73,67,78,75,68,60,0,82,92,79,86,90,0,0,57,42,0,17,0,0,0,0,94,80,83,0,63,63,38,88,93,94,92,48,39,0
l28,3=62,40,0,49,43,80,0,0,0,61,72,75,66,7,87,0,81,95,77,85,84,0,0,0,50,42,57,0,0,0,94,0,80,93,0,58,82,74,94,95,94,95,18,47,0
l29,3=0,0,0,0,0,0,0,0,0,0,0,0,0,0,0,0,0,0,0,0,59,92,19,88,86,84,75,88,0,0,82,84,0,100,0,100,100,100,98,95,86,99,0,0,5
l30,3=0,0,0,0,0,0,0,0,0,0,0,0,0,0,0,0,42,85,0,56,0,82,63,91,78,85,87,94,0,0,91,93,99,0,0,100,100,100,98,95,94,99,57,0,0
l31,3=0,0,0,0,0,0,0,0,0,0,0,0,0,0,0,0,0,0,0,48,6,70,70,91,76,78,90,97,0,0,70,74,99,100,0,0,100,100,98,95,94,99,45,48,0
l32,3=0,0,0,0,0,0,0,0,0,0,0,0,0,0,0,0,0,0,0,2,0,89,0,93,91,74,95,97,0,0,74,93,99,100,0,100,0,100,98,95,94,99,0,0,0
l33,3=0,0,0,0,0,0,0,0,0,0,0,0,0,0,0,0,0,0,0,45,0,82,5,79,28,75,12,74,0,0,1,78,99,100,0,100,100,0,98,95,94,82,0,0,0
l34,3=0,0,0,0,0,0,0,0,0,0,0,0,0,0,0,0,0,76,0,63,5,80,0,87,81,62,88,82,0,0,94,94,99,100,0,100,100,100,0,95,94,99,0,0,0
l35,3=0,0,0,0,0,0,0,0,0,0,0,0,0,0,75,0,0,81,0,65,1,0,0,68,85,81,0,82,0,0,94,94,99,100,0,100,100,100,98,0,94,99,0,6,0
l36,3=0,0,0,0,26,0,0,0,0,0,0,0,0,0,18,0,82,88,81,82,91,0,23,43,70,84,85,63,0,0,94,94,88,100,0,97,94,92,98,95,0,99,52,40,0
l37,3=0,0,0,0,0,1,0,0,0,0,0,0,68,0,0,0,62,79,74,80,38,64,0,81,90,88,83,73,0,0,94,94,99,100,0,100,100,89,98,95,94,0,44,31,0
l38,3=0,0,0,0,0,0,0,0,0,0,0,0,0,0,63,0,60,40,34,31,58,58,23,69,75,74,79,59,0,0,38,0,0,36,0,3,0,0,0,0,27,15,0,73,83
l39,3=0,0,0,0,0,0,0,0,53,0,46,53,42,0,59,0,62,53,47,52,66,60,40,60,68,75,75,58,0,0,24,39,0,0,0,20,0,0,0,0,22,0,70,0,89
l40,3=0,0,0,0,0,0,0,0,0,0,0,0,0,0,61,0,3,41,35,45,3,69,29,50,80,80,78,71,0,0,0,0,0,0,0,0,0,0,0,0,0,0,70,73,0
l41,3=0,0,0,0,0,0,0,0,0,0,52,0,57,50,67,0,74,78,71,73,74,67,0,79,91,88,90,0,0,0,51,42,45,0,0,0,0,0,33,0,0,0,70,70,79
l42,3=0,0,0,0,0,0,0,0,0,0,7,0,0,0,40,0,46,41,46,33,54,49,42,54,84,83,82,65,0,0,0,0,45,31,0,0,0,33,50,0,0,3,65,73,80
l43,3=0,0,0,0,0,0,0,0,0,0,0,0,0,0,42,0,0,30,39,39,43,75,34,61,74,77,83,77,0,0,0,0,32,31,0,0,2,0,42,6,0,0,66,67,80
l44,3=0,0,0,0,0,0,0,0,0,0,0,0,0,0,39,0,0,35,4,50,0,34,48,61,74,77,84,70,0,0,0,0,19,29,0,0,0,9,36,0,0,0,66,67,80

l0,4=0,97,58,99,83,86,92,98,60,80,60,92,92,64,62,0,89,0,17,45,0,0,0,0,0,0,0,0,0,0,81,26,0,0,0,0,0,0,0,0,0,0,0,0,0
l1,4=98,0,95,99,83,87,92,97,93,59,60,92,93,64,28,0,87,82,0,47,63,0,0,0,65,0,0,0,0,0,75,11,0,0,0,0,0,0,1,0,0,0,0,0,0
l2,4=94,98,0,98,83,84,89,99,93,95,60,92,94,85,58,0,82,75,5,75,0,0,0,0,0,0,11,0,0,0,0,42,0,0,0,0,0,0,0,0,0,0,0,0,0
l3,4=98,98,92,0,94,87,57,98,60,57,60,92,93,64,3,0,91,0,23,45,0,0,0,0,0,0,0,0,0,0,0,47,0,0,0,0,0,0,0,0,0,0,0,0,0
l4,4=97,89,94,99,0,87,92,98,60,60,62,92,93,64,34,0,90,65,31,0,0,0,0,0,0,0,0,0,0,0,62,48,0,0,0,0,0,0,0,0,0,0,0,0,0
l5,4=98,98,95,99,92,0,92,99,31,80,67,92,97,69,12,0,89,79,42,53,62,0,0,0,0,0,0,0,0,0,83,0,0,0,0,0,0,0,0,0,17,0,0,0,0
l6,4=94,98,93,93,83,86,0,98,32,79,60,92,93,64,63,0,91,86,47,0,65,0,0,0,0,27,0,0,0,0,79,0,0,0,0,0,0,0,0,0,0,0,0,0,0
l7,4=95,94,90,92,83,80,87,0,93,96,60,92,93,85,86,0,90,0,69,87,68,27,0,63,57,66,72,63,0,0,0,0,0,0,0,0,0,0,0,0,0,0,0,0,0
l8,4=95,94,94,92,85,67,52,99,0,96,46,92,93,86,64,0,88,74,46,77,62,38,0,60,67,4,63,62,0,0,70,0,0,0,0,0,0,0,0,0,0,0,0,66,0
l9,4=94,92,90,78,63,79,89,98,93,0,65,92,93,86,85,0,90,78,70,82,66,0,0,61,73,61,0,62,0,0,70,41,0,0,0,0,0,0,0,0,0,0,0,0,19
l10,4=76,79,79,74,61,78,67,83,39,91,0,78,96,84,84,0,91,76,71,80,70,29,33,62,73,67,67,45,0,0,0,67,0,0,0,0,0,0,0,0,1,10,64,68,11
l11,4=92,94,90,89,82,80,51,98,93,96,60,0,97,86,58,0,91,68,73,78,67,0,36,63,66,35,64,62,0,0,57,43,0,0,0,0,0,0,0,0,0,0,0,39,0
l12,4=82,90,93,77,63,80,87,98,93,87,77,92,0,86,86,0,91,81,61,81,76,0,41,60,75,60,68,65,0,0,64,10,0,0,0,0,0,0,0,0,0,0,46,67,34
l13,4=87,94,90,87,80,78,89,98,93,96,66,92,93,0,86,0,89,83,67,78,74,43,0,61,72,65,65,64,0,0,0,0,0,0,0,0,0,0,0,0,0,0,0,66,0
l14,4=78,54,57,0,48,51,70,84,80,81,62,77,88,76,0,0,91,90,81,82,83,55,0,76,75,75,71,64,0,0,80,60,0,0,0,0,0,0,0,72,52,55,78,73,73
l15,4=74,76,44,76,58,70,74,80,71,81,72,91,93,72,86,0,0,81,73,82,75,71,72,75,75,64,67,63,0,0,83,68,0,67,0,0,0,0,50,0,55,46,72,73,57
l16,4=0,80,68,0,53,69,66,0,63,79,62,69,91,76,90,0,90,0,71,93,88,12,0,0,73,64,73,30,0,0,98,94,0,70,0,0,0,0,71,79,80,68,74,73,64
l17,4=42,0,0,61,50,63,59,71,78,79,68,78,68,65,90,0,91,86,0,86,57,0,47,66,74,64,55,53,0,0,80,60,0,0,0,0,0,0,0,0,54,56,64,62,47
l18,4=41,51,51,41,0,45,0,83,78,59,51,77,87,54,84,0,87,87,72,0,89,73,80,80,87,86,78,82,0,0,84,79,45,48,0,45,0,0,57,48,52,58,71,83,42
l19,4=0,51,0,0,0,60,51,68,57,71,62,65,89,77,90,0,91,92,66,93,0,62,62,67,86,75,72,72,0,0,80,68,51,0,0,0,0,0,56,51,54,59,77,79,54
l20,4=0,0,0,0,0,0,0,44,48,0,36,0,0,43,58,0,81,36,0,79,53,0,96,79,82,93,74,92,0,0,0,0,83,64,0,44,48,50,61,0,0,15,79,81,58
l21,4=0,0,0,0,0,0,0,0,0,0,24,46,57,0,0,0,80,0,43,87,58,94,0,85,82,89,81,89,0,0,0,0,0,0,0,57,0,0,55,0,0,0,57,62,66
l22,4=0,0,0,0,0,0,0,46,49,49,33,46,51,45,47,0,60,0,40,67,38,69,74,0,86,91,85,92,0,0,0,0,52,66,0,55,69,42,70,39,44,47,53,46,47
l23,4=0,36,0,0,0,0,0,25,46,56,42,47,61,51,51,0,62,58,51,89,69,67,55,92,0,94,85,76,0,0,46,0,53,48,0,49,48,35,53,56,0,55,73,91,69
l24,4=0,0,0,0,0,0,32,63,12,54,54,50,65,59,71,0,69,63,59,79,69,76,73,87,87,0,82,76,0,0,0,38,45,48,0,40,39,23,50,57,44,62,25,77,74
l25,4=0,0,0,0,0,0,0,61,49,0,43,49,63,50,57,0,59,60,44,75,50,68,61,92,88,93,0,82,0,0,43,0,62,53,0,50,52,44,56,50,60,46,60,87,59
l26,4=0,0,0,0,0,0,0,46,48,48,34,46,60,44,53,0,50,45,39,83,62,94,91,92,83,86,81,0,0,0,3,42,59,66,0,72,74,41,56,51,39,0,72,41,60
l27,4=80,76,0,0,54,82,71,0,73,78,0,67,81,0,89,0,91,92,77,93,85,0,0,0,67,0,59,0,0,0,0,94,85,78,0,63,61,0,90,100,100,100,41,0,0
l28,4=31,6,57,79,74,3,0,0,0,47,71,88,69,0,80,0,90,92,76,92,84,0,0,0,2,31,0,54,0,0,98,0,80,92,0,82,89,91,90,97,100,100,0,71,0
l29,4=0,0,0,0,0,0,0,0,0,0,0,0,0,0,0,0,0,0,0,42,35,92,0,81,82,59,81,86,0,0,80,72,0,98,0,97,99,100,96,100,99,100,0,54,0
l30,4=0,0,0,0,7,0,0,0,0,0,0,0,0,0,0,0,73,72,0,53,0,81,0,91,75,73,78,90,0,0,75,92,96,0,0,97,99,98,96,100,100,100,77,0,0
l31,4=0,0,0,0,0,0,0,0,0,0,0,0,0,0,0,0,0,0,0,75,1,60,77,88,86,70,75,91,0,0,75,87,96,98,0,0,99,100,96,100,100,100,48,72,66
l32,4=0,0,0,0,0,0,0,0,0,0,0,0,0,0,0,0,0,0,0,0,0,65,0,92,82,76,78,92,0,0,73,87,96,98,0,97,0,100,96,100,100,100,10,0,0
l33,4=0,0,0,0,0,0,0,0,0,0,0,0,0,0,0,0,0,0,0,0,0,87,0,88,81,0,82,82,0,0,0,92,96,98,0,97,99,0,96,100,100,87,0,0,0
l34,4=0,0,0,0,0,0,0,0,0,0,0,0,0,0,0,0,47,76,0,86,58,78,47,87,80,62,71,86,0,0,94,93,96,98,0,97,99,100,0,100,100,100,40,0,0
l35,4=0,0,0,0,0,0,0,0,0,0,0,0,0,0,84,0,0,92,0,88,67,0,0,77,88,91,81,90,0,0,98,94,96,98,0,97,99,100,96,0,100,100,0,7,0
l36,4=0,0,0,0,0,35,0,0,0,0,0,0,0,0,75,0,78,92,74,88,74,0,0,83,0,81,83,51,0,0,98,94,96,98,0,97,99,100,96,100,0,100,0,0,0
l37,4=0,0,0,0,31,0,0,0,0,0,22,0,0,0,73,0,73,69,65,91,82,37,3,86,88,92,70,0,0,0,98,94,96,98,0,97,99,85,96,100,100,0,0,0,64
l38,4=0,0,0,0,0,0,0,0,0,0,27,0,27,0,57,0,54,53,37,48,52,49,34,46,69,0,53,55,0,0,3,0,0,47,0,0,0,0,6,0,0,0,0,91,89
l39,4=0,0,0,0,0,0,0,0,37,0,34,26,46,32,52,0,60,58,48,70,66,59,38,59,70,70,69,36,0,0,0,38,37,0,0,36,0,0,0,0,0,0,78,0,72
l40,4=0,0,0,0,0,0,0,0,0,0,0,0,35,0,56,0,45,45,36,46,42,47,52,51,78,74,56,53,0,0,0,0,0,0,0,16,0,0,0,0,0,35,86,91,0
l41,4=0,0,0,0,0,0,0,0,0,0,22,46,59,56,60,0,59,66,53,67,54,42,38,70,83,80,78,48,0,0,42,50,48,0,0,0,0,0,35,0,0,38,83,87,64
l42,4=0,0,0,0,0,0,0,0,0,0,34,0,0,0,52,0,38,46,47,59,51,52,58,70,72,77,60,58,0,0,0,0,48,0,0,42,32,0,45,0,0,2,73,77,75
l43,4=0,0,0,0,0,0,0,0,0,0,25,0,0,0,41,0,38,41,36,50,48,56,39,58,61,62,67,47,0,0,6,0,52,26,0,33,26,0,18,24,0,0,76,83,86
l44,4=0,0,0,0,0,0,0,0,0,0,0,0,0,0,50,0,45,0,40,53,45,48,48,63,82,69,74,45,0,0,0,0,42,49,0,0,0,12,38,0,0,0,86,90,71

l0,5=0,96,64,91,93,95,54,48,88,85,53,49,66,88,35,0,52,48,25,5,0,0,0,0,0,0,0,0,0,0,39,0,0,0,0,0,0,0,0,0,0,0,0,0,0
l1,5=82,0,90,90,93,95,78,62,88,75,53,40,76,88,0,0,64,75,61,3,33,0,0,0,0,0,0,0,0,0,34,0,0,0,0,0,0,0,4,0,54,0,0,0,0
l2,5=82,96,0,89,93,95,49,74,90,82,53,71,89,88,31,0,35,0,0,1,0,0,0,0,20,0,0,0,0,0,41,32,0,0,0,0,0,0,0,0,0,0,0,0,0
l3,5=85,96,64,0,96,95,50,49,76,78,41,49,18,88,33,0,69,48,57,0,0,0,0,0,0,0,0,0,0,0,42,66,0,0,0,0,0,0,0,0,0,0,0,0,0
l4,5=51,96,64,92,0,95,51,49,64,81,54,49,66,88,0,0,66,53,63,10,0,0,0,0,0,0,0,0,0,0,42,69,0,0,0,0,0,0,0,0,0,0,0,0,0
l5,5=81,96,90,89,93,0,77,48,61,85,57,71,53,87,40,0,63,73,61,6,8,0,0,0,0,1,0,0,0,0,45,48,0,0,0,0,0,0,1,0,55,0,0,0,0
l6,5=60,96,59,65,93,95,0,73,63,85,54,48,89,88,43,0,69,41,64,10,9,0,0,0,16,15,15,0,0,0,22,25,0,0,0,0,0,0,0,0,0,0,0,0,0
l7,5=73,93,88,81,89,93,78,0,90,87,48,84,89,88,68,0,68,0,71,61,0,0,0,0,0,52,21,20,0,0,0,0,0,0,0,0,0,0,0,0,0,0,0,0,0
l8,5=81,96,92,88,92,82,77,79,0,87,53,85,90,89,69,0,67,59,53,36,55,0,29,12,30,40,62,55,0,0,34,0,0,0,0,0,0,0,0,0,0,0,0,1,0
l9,5=76,46,78,18,80,93,72,62,88,0,82,85,89,89,72,0,67,63,68,0,34,9,0,0,42,16,20,48,0,0,23,0,0,0,0,0,0,0,0,0,0,0,0,25,0
l10,5=29,42,26,18,70,82,63,30,59,75,0,51,89,71,84,0,75,74,66,41,71,28,22,33,46,14,23,51,0,0,57,18,0,0,0,0,0,0,0,0,0,32,30,38,0
l11,5=35,55,72,45,79,82,66,74,88,85,78,0,90,88,0,0,69,48,63,4,39,0,0,9,40,13,21,55,0,0,15,20,0,0,0,0,0,0,0,0,0,0,0,0,0
l12,5=39,90,90,0,80,67,77,62,88,84,83,85,0,89,79,0,75,72,67,40,72,13,26,1,49,15,44,64,0,0,46,0,0,0,0,0,0,0,0,0,0,0,24,39,2
l13,5=65,79,77,69,80,82,69,59,79,86,81,85,90,0,73,0,65,74,60,33,70,24,0,5,53,30,20,55,0,0,36,16,0,0,0,0,0,0,0,0,0,0,0,27,0
l14,5=16,0,20,18,0,30,23,25,52,42,81,9,85,55,0,0,72,86,76,70,84,5,25,18,27,12,14,27,0,0,54,16,0,0,0,0,0,0,0,4,11,6,26,40,33
l15,5=18,31,6,22,46,64,56,46,60,62,83,53,85,33,80,0,0,79,74,61,80,39,26,31,43,14,23,34,0,0,24,22,0,0,0,0,0,0,3,0,28,7,27,36,33
l16,5=9,34,0,18,34,63,15,0,20,47,67,12,26,39,84,0,71,0,65,51,51,0,0,37,54,16,26,0,0,0,90,53,0,0,0,7,0,0,8,25,76,18,14,16,30
l17,5=2,27,0,20,26,30,31,35,17,72,51,29,26,24,84,0,71,71,0,21,84,5,19,18,25,19,21,0,0,0,84,19,0,0,0,0,0,0,0,0,6,1,33,42,32
l18,5=17,16,0,0,40,39,17,60,62,0,62,32,25,33,77,0,57,85,33,0,84,74,36,68,82,68,75,76,0,0,68,58,3,0,0,15,39,0,41,13,52,15,34,81,65
l19,5=0,23,0,0,0,44,4,0,32,46,73,23,25,33,80,0,75,85,73,78,0,32,14,44,82,21,20,75,0,0,74,28,0,11,0,0,0,0,18,13,36,38,36,51,32
l20,5=0,0,0,0,0,0,0,0,0,0,22,0,7,22,21,0,55,1,20,58,42,0,87,80,79,69,78,84,0,0,0,0,54,51,0,30,55,46,67,3,16,25,59,79,63
l21,5=0,0,0,0,0,0,0,0,34,0,22,0,15,0,49,0,45,0,20,56,12,90,0,42,76,72,81,83,0,0,0,0,29,0,0,18,0,0,18,0,0,0,69,38,44
l22,5=0,0,0,0,0,0,0,0,54,0,50,50,0,25,34,0,44,51,39,55,58,84,31,0,82,72,83,84,0,0,27,0,27,54,0,24,62,59,61,27,38,44,72,78,66
l23,5=0,0,0,0,0,0,0,0,14,12,50,11,42,15,46,0,53,64,33,61,68,74,31,82,0,73,83,78,0,0,0,0,8,13,0,51,33,13,0,55,10,55,71,82,74
l24,5=0,0,0,0,0,16,19,47,38,31,56,8,32,32,38,0,43,51,42,58,59,71,63,82,85,0,79,77,0,0,0,17,9,13,0,32,28,0,8,40,25,23,56,80,68
l25,5=0,0,0,0,0,0,15,22,31,15,48,25,53,19,43,0,57,52,54,59,30,76,68,82,85,69,0,82,0,0,24,7,54,34,0,31,24,45,26,21,15,32,69,83,64
l26,5=0,0,0,0,0,0,0,13,28,15,29,26,20,22,28,0,27,11,0,57,58,90,72,82,77,69,77,0,0,0,14,2,44,45,0,47,56,22,26,0,19,30,48,50,54
l27,5=27,18,23,20,63,77,6,0,22,35,37,15,20,27,43,0,9,86,68,43,13,0,0,16,0,0,5,3,0,0,0,87,5,18,0,36,54,26,8,27,91,72,3,3,0
l28,5=0,0,28,22,64,72,13,0,0,0,41,23,0,19,59,0,67,86,59,64,82,0,0,0,0,8,4,2,0,0,93,0,7,33,0,36,69,28,8,74,91,81,10,39,0
l29,5=0,0,0,0,0,0,0,0,0,0,0,0,0,0,0,0,0,1,0,39,0,63,34,41,56,31,65,65,0,0,48,44,0,88,0,88,88,88,86,76,53,77,0,49,49
l30,5=0,0,0,0,0,0,0,0,0,0,0,0,0,0,0,0,0,0,0,0,1,24,0,57,38,4,50,68,0,0,48,56,68,0,0,88,86,88,86,76,85,79,17,34,27
l31,5=0,0,0,0,0,0,0,0,0,0,0,0,0,0,0,0,0,31,0,37,0,56,23,42,71,57,57,68,0,0,66,47,68,88,0,0,92,94,86,76,81,79,12,13,29
l32,5=0,0,0,0,0,0,0,0,0,0,0,0,0,0,0,0,0,0,0,39,0,56,0,67,56,41,34,73,0,0,48,53,68,88,0,88,0,94,86,76,81,78,0,0,8
l33,5=0,0,0,0,0,0,0,0,0,0,0,0,0,0,0,0,0,0,0,0,0,58,0,59,53,0,70,55,0,0,56,54,68,87,0,88,92,0,86,65,81,70,0,0,0
l34,5=0,0,0,0,0,1,0,0,0,0,0,0,0,0,0,0,27,46,0,48,48,61,18,51,0,30,36,59,0,0,53,26,67,88,0,76,75,83,0,84,80,79,0,0,3
l35,5=0,0,0,0,0,0,0,0,0,0,0,0,0,0,27,0,0,49,0,34,10,4,0,35,66,8,8,0,0,0,83,77,68,87,0,80,86,29,86,0,92,87,0,8,0
l36,5=0,23,0,0,0,48,0,0,0,0,0,0,0,0,26,0,15,52,26,54,11,9,0,37,41,8,7,42,0,0,93,79,22,88,0,48,78,81,86,84,0,87,0,0,0
l37,5=0,0,0,0,0,0,0,0,0,0,28,0,0,0,22,0,11,46,25,37,11,10,0,39,68,7,8,46,0,0,82,76,66,88,0,61,84,47,86,84,92,0,0,0,11
l38,5=0,0,0,0,0,0,0,0,0,0,22,0,16,0,22,0,18,29,31,27,31,25,18,41,76,34,42,38,0,0,1,1,0,9,0,0,0,0,0,0,0,0,0,70,76
l39,5=0,0,0,0,0,0,0,0,0,3,11,1,21,10,49,0,27,19,45,61,52,59,8,62,74,64,79,34,0,0,0,6,6,9,0,0,0,0,0,0,0,0,66,0,76
l40,5=0,0,0,0,0,0,0,0,0,0,0,0,1,0,37,0,17,28,24,42,23,24,15,39,75,61,52,46,0,0,0,0,7,9,0,0,0,0,0,0,0,0,82,84,0
l41,5=0,0,0,0,0,0,0,0,0,5,2,10,29,5,53,0,51,65,54,58,69,0,20,68,82,64,80,57,0,0,22,7,9,0,0,0,0,0,2,0,21,0,79,82,74
l42,5=0,0,0,0,0,0,0,0,0,0,18,0,0,0,32,0,15,31,21,58,39,43,19,74,76,68,77,74,0,0,0,0,0,17,0,20,23,0,6,0,10,0,78,82,78
l43,5=0,0,0,0,0,0,0,0,0,0,19,0,2,0,0,0,0,0,21,28,26,25,12,55,54,53,78,40,0,0,0,0,22,10,0,15,0,18,17,11,0,0,78,81,75
l44,5=0,0,0,0,0,0,0,0,0,0,3,5,0,0,21,0,22,34,20,48,24,44,35,68,76,68,78,53,0,0,28,0,0,17,0,0,0,0,1,0,1,0,78,81,75

l0,6=0,2,52,95,84,78,85,73,66,74,40,72,62,68,32,0,62,43,14,49,24,0,0,0,0,0,0,0,0,0,42,0,0,0,0,0,0,0,0,0,0,0,0,0,0
l1,6=72,0,92,95,84,81,86,76,66,75,36,73,78,41,0,0,74,29,33,26,19,0,0,0,0,0,0,0,0,0,60,0,0,0,0,0,0,0,0,0,7,0,0,0,0
l2,6=79,87,0,95,77,81,86,76,66,67,22,64,86,77,41,0,69,46,16,22,12,0,0,0,0,18,0,0,0,0,0,0,0,0,0,0,0,0,0,0,0,0,0,0,0
l3,6=92,87,85,0,84,52,84,73,66,73,40,74,5,35,35,0,79,41,24,0,0,0,0,0,0,0,0,0,0,0,51,51,0,0,0,0,0,0,0,0,0,0,0,0,0
l4,6=92,87,55,95,0,81,85,73,66,73,0,74,70,31,7,0,69,0,25,14,0,0,0,0,0,0,0,0,0,0,72,67,0,0,0,0,0,0,0,0,0,0,0,0,0
l5,6=91,85,91,74,84,0,85,71,66,69,44,72,57,40,68,0,78,43,32,2,0,0,0,0,0,3,0,0,0,0,45,57,0,1,0,0,0,0,2,6,3,0,0,0,0
l6,6=91,85,89,68,84,79,0,76,61,77,46,62,84,33,57,0,73,43,33,17,24,13,0,0,14,20,0,0,0,0,42,2,0,0,0,0,0,0,0,0,0,0,0,0,0
l7,6=84,85,89,62,73,72,86,0,66,77,50,85,79,80,53,0,81,39,35,49,30,0,0,0,0,36,33,0,0,0,0,0,0,0,0,0,0,0,0,0,0,0,0,0,0
l8,6=86,79,92,80,79,74,81,76,0,79,36,85,84,77,60,0,76,37,14,48,0,24,16,37,29,35,36,16,0,0,1,1,0,0,0,0,0,0,0,0,0,0,0,0,0
l9,6=86,78,83,87,80,74,86,76,66,0,80,85,86,80,77,0,77,42,70,20,46,0,7,10,37,37,15,5,0,0,50,7,0,0,0,0,0,0,0,0,0,0,21,0,0
l10,6=41,35,9,47,15,58,74,61,31,67,0,77,84,70,77,0,85,68,65,36,41,28,14,31,52,42,34,13,0,0,35,41,0,0,0,0,0,0,0,0,0,37,33,34,0
l11,6=68,57,45,77,75,73,61,74,61,74,76,0,86,73,73,0,83,38,66,50,21,28,2,33,48,22,13,7,0,0,37,29,0,0,0,0,0,0,0,0,0,0,0,13,0
l12,6=62,78,84,0,81,54,83,72,61,74,85,85,0,80,77,0,83,60,69,55,67,0,0,29,50,36,54,14,0,0,47,38,0,0,0,0,0,0,0,0,0,0,34,34,0
l13,6=86,76,81,56,59,73,66,75,66,79,80,85,86,0,77,0,80,42,70,57,25,19,0,28,38,27,15,9,0,0,40,34,0,0,0,0,0,0,0,0,0,0,0,19,0
l14,6=25,0,21,23,25,40,33,49,30,39,80,53,82,72,0,0,82,80,74,64,53,24,24,30,41,26,0,18,0,0,54,25,0,6,0,0,0,0,8,0,14,0,0,38,24
l15,6=20,26,21,38,29,52,69,60,34,40,85,73,71,65,69,0,0,68,69,38,41,55,28,34,52,12,30,21,0,0,50,44,0,0,0,0,0,0,6,0,14,0,38,45,0
l16,6=23,14,28,41,0,26,32,38,5,6,55,50,54,56,78,0,71,0,58,39,45,3,0,25,52,20,32,13,0,0,75,76,16,0,0,1,0,0,15,0,36,34,32,27,19
l17,6=24,36,11,19,30,34,52,49,12,42,53,71,71,63,82,0,73,68,0,60,69,31,19,35,45,41,31,19,0,0,64,50,0,0,0,0,0,0,0,0,0,2,45,42,21
l18,6=37,27,31,0,25,1,22,53,41,24,36,51,54,54,67,0,61,68,59,0,74,53,42,52,57,62,63,45,0,0,29,41,29,24,0,12,7,4,35,24,40,48,50,64,30
l19,6=35,23,24,0,0,0,46,39,0,32,67,42,58,53,72,0,72,81,70,76,0,47,40,35,61,53,22,37,0,0,54,57,0,24,0,0,0,0,28,18,24,44,0,54,16
l20,6=0,0,0,0,0,0,12,0,13,0,26,27,0,13,24,0,59,17,44,57,55,0,79,81,67,68,60,73,0,0,4,3,63,45,0,26,58,0,52,15,9,18,50,26,37
l21,6=0,0,0,0,0,0,0,0,16,15,21,24,0,0,54,0,58,0,27,53,34,76,0,58,57,61,52,74,0,0,0,0,30,26,0,0,0,0,19,0,0,0,45,0,31
l22,6=0,0,0,0,0,0,0,0,13,0,23,27,12,18,24,0,54,34,39,57,28,69,42,0,67,69,70,74,0,0,0,7,0,65,0,24,67,30,43,0,17,35,55,39,44
l23,6=0,0,0,0,0,0,0,0,10,21,37,36,44,26,58,0,58,54,43,58,69,63,46,81,0,71,71,67,0,0,25,19,25,37,0,39,30,0,43,20,19,30,60,62,33
l24,6=0,0,19,0,0,11,24,53,35,19,49,28,34,42,46,0,18,29,51,66,64,57,54,80,71,0,70,67,0,0,16,12,0,23,0,30,27,0,14,0,9,26,55,55,48
l25,6=0,0,0,0,0,0,0,21,19,17,41,23,45,25,0,0,56,52,36,58,15,52,28,81,71,71,0,65,0,0,0,0,37,36,0,28,32,29,21,14,22,25,51,67,22
l26,6=0,0,0,0,0,0,0,0,14,8,18,24,14,25,32,0,50,22,35,67,59,75,66,81,66,68,63,0,0,0,11,0,57,57,0,46,59,26,53,15,16,22,56,0,23
l27,6=17,29,0,35,55,24,22,0,0,8,34,52,53,50,46,0,58,79,54,14,26,0,0,0,35,6,0,1,0,0,0,79,31,27,0,4,50,30,22,23,44,43,9,0,0
l28,6=0,0,0,37,55,45,0,0,2,0,47,52,53,53,58,0,60,83,51,35,58,3,0,26,35,18,0,0,0,0,83,0,62,41,0,25,58,34,31,31,59,66,40,0,0
l29,6=0,0,0,0,0,0,0,0,0,0,0,0,0,0,0,0,0,27,0,40,0,58,38,0,35,0,54,43,0,0,51,54,0,82,0,77,82,68,72,61,49,57,0,26,0
l30,6=0,0,0,0,0,4,0,0,0,0,0,0,0,0,30,0,10,0,0,21,10,49,43,65,37,26,53,43,0,0,59,56,80,0,0,72,75,69,71,56,56,63,18,0,21
l31,6=0,0,0,0,0,0,0,0,0,0,0,0,0,0,0,0,0,49,0,19,0,46,0,56,61,48,52,39,0,0,50,39,80,80,0,0,88,80,64,57,51,58,0,0,0
l32,6=0,0,0,0,0,0,0,0,0,0,0,0,0,0,0,0,0,0,0,10,0,55,0,68,50,45,53,44,0,0,56,55,80,80,0,77,0,68,59,56,47,58,37,0,0
l33,6=0,0,0,0,0,0,0,0,0,0,0,0,0,0,0,0,0,0,0,0,0,0,0,54,0,0,49,33,0,0,52,49,78,79,0,77,73,0,59,47,47,58,0,0,0
l34,6=0,0,0,0,0,0,0,0,0,0,0,0,0,0,30,0,43,58,0,62,28,54,38,57,53,27,27,41,0,0,59,32,80,81,0,68,70,66,0,62,56,65,39,29,0
l35,6=0,0,0,0,0,11,0,0,0,0,0,0,0,0,0,0,12,0,0,26,26,44,0,0,33,0,24,21,0,0,57,32,80,79,0,64,64,35,73,0,69,73,8,0,0
l36,6=0,11,0,0,0,2,0,0,0,0,0,0,0,0,36,0,55,72,0,24,15,36,0,32,29,10,26,21,0,0,77,39,50,82,0,72,70,38,73,67,0,71,0,11,0
l37,6=0,0,0,0,0,0,0,0,0,0,40,0,0,0,0,0,12,58,23,26,16,44,0,37,35,25,27,22,0,0,67,41,77,82,0,68,62,43,73,72,61,0,20,9,0
l38,6=0,0,0,0,0,0,0,0,0,0,10,0,10,0,0,0,18,24,18,27,0,21,4,31,48,43,36,46,0,0,8,8,0,0,0,0,3,0,7,0,0,0,0,74,63
l39,6=0,0,0,0,0,0,0,0,0,0,11,5,13,2,50,0,47,14,42,63,42,9,0,21,55,48,68,0,0,0,0,0,9,0,0,0,0,0,9,0,1,0,69,0,62
l40,6=0,0,0,0,0,0,0,0,0,0,0,0,0,0,37,0,0,24,15,33,0,18,8,34,16,52,24,4,0,0,0,0,0,12,0,0,0,0,0,0,0,0,69,73,0
l41,6=0,0,0,0,0,0,0,0,4,0,0,14,43,25,65,0,49,33,56,59,67,43,5,61,66,63,67,6,0,0,0,16,18,0,0,0,0,0,9,0,10,15,63,69,54
l42,6=0,0,0,0,0,0,0,0,0,0,15,0,0,0,21,0,7,26,18,63,22,0,6,71,63,69,68,56,0,0,0,0,22,13,0,18,14,13,21,3,12,0,68,73,51
l43,6=0,0,0,0,0,0,0,0,0,0,13,0,3,0,16,0,0,0,16,28,24,21,13,53,21,62,52,54,0,0,0,0,23,20,0,16,0,9,18,0,0,0,59,56,60
l44,6=0,0,0,0,0,0,0,0,0,0,0,0,0,0,0,0,24,26,18,27,1,19,20,63,64,70,68,66,0,0,0,0,0,0,0,0,0,0,0,0,1,15,64,68,60

l0,7=0,98,85,94,98,97,87,88,91,71,75,86,87,78,15,0,39,40,0,52,0,0,0,0,0,0,0,0,0,0,0,38,0,0,0,0,0,0,0,0,0,11,0,0,0
l1,7=96,0,86,96,98,97,73,57,46,76,84,83,58,77,0,0,25,1,59,62,0,0,0,0,0,0,0,0,0,0,5,0,0,0,0,0,0,0,0,0,0,0,0,0,0
l2,7=92,98,0,96,98,97,84,95,95,69,68,92,93,78,26,0,17,40,60,70,40,1,0,0,0,0,0,0,0,0,10,0,0,0,0,0,0,0,0,0,0,0,0,0,0
l3,7=95,98,86,0,98,96,86,57,42,75,61,77,44,77,21,0,32,19,66,6,0,0,0,0,0,0,0,0,0,0,14,31,0,0,0,0,0,0,0,0,14,0,0,0,0
l4,7=91,98,81,96,0,97,74,54,48,72,80,84,43,73,0,0,32,1,0,68,0,0,0,0,0,0,0,0,0,0,28,33,0,0,0,0,0,0,0,0,0,0,0,0,0
l5,7=96,98,86,56,98,0,85,56,64,71,84,88,42,74,13,0,41,36,73,47,40,0,0,0,0,0,0,0,0,0,28,0,0,0,0,0,0,0,0,0,0,0,0,0,0
l6,7=96,96,86,96,98,97,0,95,95,84,84,71,43,76,40,0,38,43,63,36,24,0,0,1,0,10,6,0,0,0,5,17,0,0,0,0,0,0,0,0,0,0,0,0,0
l7,7=89,90,84,90,89,89,85,0,95,84,73,94,85,79,71,0,75,43,31,76,62,14,14,0,27,37,32,28,0,0,0,0,0,0,0,0,0,0,0,0,0,0,0,0,0
l8,7=89,90,83,43,91,92,82,95,0,84,70,93,90,74,66,0,75,11,58,71,42,30,54,50,20,16,63,19,0,0,4,3,0,0,0,0,0,0,0,0,0,0,0,4,0
l9,7=83,95,76,92,89,82,86,95,95,0,80,94,94,79,76,0,42,9,68,61,63,16,0,26,0,18,35,0,0,0,7,18,0,0,0,0,0,0,0,0,0,0,0,48,0
l10,7=62,47,28,26,42,49,74,84,81,72,0,80,90,74,83,0,81,66,82,73,75,14,14,42,42,22,34,0,0,0,17,47,0,0,0,0,0,0,0,0,0,0,19,45,0
l11,7=90,54,83,26,93,92,43,90,91,80,85,0,94,74,52,0,60,51,82,80,0,12,0,32,37,5,31,22,0,0,0,9,0,0,0,0,0,0,0,0,0,0,0,43,0
l12,7=85,94,83,54,86,49,71,88,91,80,86,94,0,79,83,0,81,24,81,75,73,0,13,15,45,30,38,12,0,0,8,18,0,0,0,0,0,0,0,0,0,0,8,27,0
l13,7=92,94,83,92,93,92,82,90,91,80,86,94,94,0,83,0,0,43,80,80,69,3,25,39,28,33,0,0,0,0,2,9,0,0,0,0,0,0,0,0,9,0,0,0,0
l14,7=19,0,23,15,0,12,41,81,37,33,85,80,90,55,0,0,82,79,86,81,76,24,1,23,44,23,19,16,0,0,27,58,0,0,0,0,0,0,11,0,7,0,12,49,15
l15,7=29,40,25,24,9,27,44,84,81,38,86,80,92,0,52,0,0,73,84,75,76,28,18,19,42,16,29,0,0,0,0,44,0,1,0,0,0,0,0,3,6,0,7,0,0
l16,7=53,0,23,9,0,17,39,54,19,3,47,46,32,17,36,0,25,0,85,85,86,16,0,2,45,16,31,0,0,0,31,81,0,2,0,0,0,0,53,27,23,0,25,62,14
l17,7=0,33,22,26,0,19,37,10,36,34,82,80,90,41,88,0,48,78,0,68,73,21,0,21,44,30,17,16,0,0,27,48,0,0,0,0,0,0,3,1,0,1,9,54,11
l18,7=20,25,17,0,6,13,20,64,60,39,47,54,63,47,85,0,61,80,62,0,77,76,58,0,77,58,76,77,0,0,68,53,26,3,0,0,0,0,62,18,54,2,35,79,0
l19,7=0,0,20,0,0,21,24,61,48,53,54,0,65,25,60,0,76,83,79,80,0,46,28,47,81,29,38,26,0,0,23,38,0,10,0,0,0,5,51,23,18,0,39,45,14
l20,7=0,0,0,0,0,0,0,20,32,13,15,22,15,1,49,0,53,18,28,75,46,0,88,85,80,65,60,85,0,0,0,0,64,37,0,5,47,0,71,0,0,0,27,63,54
l21,7=0,0,0,0,0,0,0,31,67,0,31,0,58,34,6,0,61,0,8,71,59,87,0,73,79,57,76,83,0,0,0,0,17,0,0,0,0,0,40,0,0,0,40,0,54
l22,7=0,0,0,0,0,0,0,0,28,9,50,34,19,16,47,0,58,17,55,0,71,83,70,0,82,64,81,84,0,0,0,0,42,73,0,60,61,31,71,24,23,52,64,68,27
l23,7=0,0,0,0,0,0,0,18,23,0,26,34,59,8,63,0,55,59,53,75,72,80,72,85,0,66,82,81,0,0,0,19,38,47,0,40,0,0,27,8,20,18,67,78,62
l24,7=0,0,0,0,0,0,15,57,26,20,41,23,67,18,41,0,28,41,65,71,71,76,61,84,82,0,82,81,0,0,10,0,0,9,0,11,10,1,17,26,8,15,65,71,60
l25,7=0,0,0,0,0,0,2,19,29,16,40,29,60,0,69,0,63,48,59,78,41,43,28,86,82,66,0,81,0,0,0,10,40,69,0,24,39,22,19,15,49,26,64,83,71
l26,7=0,0,0,0,0,0,0,19,26,0,0,31,19,7,39,0,34,15,50,71,52,82,75,84,80,63,81,0,0,0,5,0,43,59,0,38,62,35,73,27,13,30,65,46,30
l27,7=3,16,32,14,13,22,33,0,20,44,48,0,24,13,13,0,0,83,78,67,70,0,0,0,0,28,0,0,0,0,0,81,0,28,0,2,14,26,51,36,26,31,21,21,1
l28,7=59,0,0,17,9,0,34,0,33,41,53,40,46,14,19,0,13,83,42,71,52,0,0,0,33,0,19,0,0,0,94,0,60,34,0,12,14,26,38,55,16,12,0,0,0
l29,7=0,0,0,0,0,0,0,0,0,0,0,0,0,0,0,0,0,0,0,62,0,63,7,67,64,0,73,71,0,0,0,55,0,82,0,87,84,64,79,82,69,71,13,50,8
l30,7=0,0,0,0,0,0,0,0,0,0,0,0,0,0,0,0,9,38,0,53,61,41,0,68,41,29,47,26,0,0,67,57,74,0,0,81,73,55,79,68,77,75,0,0,9
l31,7=0,0,0,0,0,0,0,0,0,0,0,0,0,0,0,0,0,12,0,8,0,31,0,66,71,50,75,74,0,0,31,46,74,81,0,0,84,81,79,69,72,69,0,0,0
l32,7=0,0,0,0,0,0,0,0,0,0,0,0,0,0,0,0,0,14,0,0,0,63,0,68,19,48,71,73,0,0,64,56,74,80,0,87,0,77,78,69,62,65,0,0,0
l33,7=0,0,0,0,0,0,0,0,0,0,0,0,0,0,0,0,0,0,0,0,0,0,0,40,0,0,75,76,0,0,45,48,70,76,0,87,84,0,74,68,65,65,32,0,0
l34,7=0,0,0,0,0,0,0,0,0,0,0,0,0,0,6,0,0,39,0,63,61,57,10,48,40,27,38,80,0,0,66,44,74,80,0,81,69,62,0,80,76,77,34,63,0
l35,7=0,0,0,0,0,0,0,0,0,0,0,0,0,0,0,0,8,39,6,59,63,0,0,11,40,51,36,12,0,0,29,53,74,73,0,13,66,51,80,0,83,88,34,0,0
l36,7=0,0,0,0,0,0,0,0,0,0,0,0,31,12,11,0,13,46,0,61,65,0,0,11,42,29,68,12,0,0,55,47,69,82,0,51,28,33,80,82,0,75,20,52,0
l37,7=45,0,0,0,0,10,0,0,0,0,4,0,0,0,0,0,0,0,34,58,20,2,0,23,58,50,67,24,0,0,50,45,69,79,0,27,26,32,80,82,78,0,31,0,0
l38,7=0,0,0,0,0,0,0,0,0,0,11,0,5,0,7,0,4,9,5,43,29,8,3,66,68,58,50,70,0,0,0,0,0,0,0,0,0,10,15,5,0,1,0,82,73
l39,7=0,0,0,0,0,0,0,0,1,7,15,26,11,0,38,0,0,29,49,69,17,31,0,40,79,41,82,20,0,0,0,0,4,0,0,0,0,0,15,0,4,0,77,0,74
l40,7=0,0,0,0,0,0,0,0,0,0,0,0,0,0,14,0,0,16,16,0,17,27,22,25,57,37,66,24,0,0,0,0,0,0,0,0,0,0,0,0,0,0,75,83,0
l41,7=0,0,0,0,0,0,0,14,26,0,23,3,58,0,66,0,54,36,59,64,68,60,10,44,82,59,76,60,0,0,12,32,16,0,0,0,0,0,15,0,0,9,66,85,65
l42,7=0,0,0,0,0,0,0,0,0,0,0,0,0,0,47,0,21,16,19,55,42,66,28,33,72,64,81,67,0,0,0,0,18,13,0,0,13,2,14,0,0,0,74,83,60
l43,7=0,0,0,0,0,0,0,0,0,0,1,0,11,0,14,0,12,14,16,22,24,29,28,35,54,56,78,43,0,0,0,0,12,0,0,9,4,0,16,8,15,0,74,81,70
l44,7=0,0,0,0,0,0,0,0,0,0,0,0,0,0,20,0,24,19,18,22,23,51,34,70,81,64,72,76,0,0,0,0,9,5,0,0,0,0,0,0,0,1,75,82,70

l0,8=0,95,99,100,96,100,99,100,95,54,21,97,99,76,49,0,92,93,40,0,0,0,0,0,0,0,0,0,0,0,56,0,0,0,0,0,0,0,0,0,0,0,0,0,0
l1,8=97,0,99,100,95,100,62,0,93,83,53,97,99,75,63,0,81,90,49,59,0,0,0,0,7,0,0,0,0,0,81,0,0,0,0,0,0,0,0,0,1,0,0,0,0
l2,8=95,94,0,100,95,100,99,99,94,83,23,97,99,99,0,0,85,93,68,21,50,1,0,0,0,0,0,0,0,0,56,0,0,0,0,0,0,0,0,0,0,0,0,50,0
l3,8=97,95,99,0,97,100,99,100,93,77,53,97,99,76,14,0,92,98,59,26,0,0,0,0,0,0,0,0,0,0,60,43,0,0,0,0,0,0,0,0,0,0,0,0,0
l4,8=76,62,99,100,0,100,99,100,94,77,53,97,98,75,0,0,47,94,35,56,0,0,0,0,0,0,0,0,0,0,90,28,0,0,0,0,0,0,0,0,0,0,0,0,0
l5,8=98,95,99,100,97,0,99,100,95,77,23,97,99,76,48,0,92,87,36,51,54,0,0,0,0,0,0,0,0,0,56,48,0,0,0,0,0,0,0,0,0,0,0,0,0
l6,8=95,69,99,100,95,100,0,100,93,99,53,97,99,99,68,0,83,90,69,0,54,0,0,0,0,71,0,1,0,0,55,0,0,0,0,0,0,0,0,0,0,0,0,0,0
l7,8=95,85,98,100,92,100,99,0,97,99,97,97,99,99,67,0,92,93,68,77,89,20,0,20,82,75,78,0,0,0,2,0,0,0,0,0,0,0,0,0,0,0,0,0,0
l8,8=91,92,97,96,91,100,97,100,0,99,95,97,99,99,62,0,88,68,67,68,84,56,1,23,70,0,70,56,0,0,40,8,0,0,0,0,0,0,0,0,0,0,0,0,0
l9,8=71,94,99,97,93,98,99,100,97,0,97,97,99,99,66,0,97,84,35,59,73,18,0,27,43,69,82,0,0,0,43,36,0,0,0,0,0,0,0,0,0,0,0,56,0
l10,8=72,57,77,94,91,94,94,96,91,56,0,72,99,98,99,0,98,90,96,80,58,49,14,51,51,84,86,0,0,0,0,76,0,0,0,0,0,0,0,0,0,0,0,81,0
l11,8=92,92,96,90,91,96,94,100,97,96,69,0,99,99,94,0,91,51,95,65,15,6,0,16,46,54,71,35,0,0,15,0,0,0,0,0,0,0,0,0,0,0,47,0,12
l12,8=92,66,95,97,67,96,94,96,97,99,97,97,0,99,94,0,98,91,95,82,58,18,24,0,50,87,86,13,0,0,48,61,0,0,0,0,0,0,0,0,0,0,72,0,0
l13,8=91,92,96,97,91,96,99,100,96,99,97,97,99,0,94,0,91,88,95,80,50,65,44,47,52,77,0,36,0,0,2,66,0,0,0,0,0,0,0,0,34,0,0,0,0
l14,8=36,28,0,0,0,32,84,92,53,48,62,74,98,95,0,0,98,99,98,99,64,35,9,22,53,89,84,4,0,0,54,79,0,0,0,0,0,0,7,8,7,9,71,69,57
l15,8=85,40,87,71,25,93,87,99,93,97,97,97,99,98,99,0,0,99,98,87,63,54,0,22,53,83,71,26,0,0,18,80,0,25,0,0,0,0,23,19,44,0,64,80,4
l16,8=46,15,40,39,68,71,68,82,30,11,33,30,85,65,98,0,98,0,98,90,78,19,0,0,51,90,86,0,0,0,100,84,19,0,0,0,2,14,92,64,61,34,74,49,38
l17,8=11,16,45,25,23,26,84,84,53,0,61,75,99,94,99,0,98,99,0,86,84,31,17,10,52,90,82,16,0,0,56,43,0,0,0,0,0,0,0,17,0,4,76,84,32
l18,8=0,27,0,0,58,62,0,83,84,43,48,32,85,53,99,0,72,99,85,0,99,88,55,94,92,90,92,79,0,0,85,54,26,31,0,1,13,0,82,52,51,53,86,84,57
l19,8=0,0,35,0,1,60,65,73,79,53,52,23,90,71,99,0,97,99,98,98,0,48,2,96,91,90,90,48,0,0,61,52,0,45,0,0,0,0,54,45,56,35,85,88,50
l20,8=0,0,0,0,0,0,0,51,65,25,58,23,30,65,69,0,64,28,65,90,70,0,95,97,89,90,75,79,0,0,0,0,69,67,0,0,32,0,78,59,18,29,60,72,62
l21,8=0,0,0,0,0,0,0,0,11,0,50,13,69,62,60,0,0,0,63,86,1,93,0,95,89,89,70,79,0,0,0,0,48,56,0,0,51,0,69,0,0,0,73,70,58
l22,8=0,0,0,0,0,0,0,18,30,22,54,30,7,36,62,0,35,0,37,81,65,83,62,0,92,88,92,76,0,0,0,0,30,72,0,62,31,43,83,28,22,50,64,81,56
l23,8=0,0,0,0,0,0,0,53,29,5,29,55,63,56,77,0,58,60,69,86,83,83,64,97,0,91,92,77,0,0,22,0,57,72,0,41,14,19,77,27,57,20,71,87,70
l24,8=0,0,0,0,0,0,24,64,0,39,45,23,65,49,80,0,57,67,77,81,65,83,56,95,92,0,92,74,0,0,39,12,48,0,0,33,37,19,57,44,58,15,84,54,21
l25,8=0,0,0,0,0,0,0,51,34,28,56,57,67,0,62,0,48,60,60,77,65,60,24,98,92,91,0,48,0,0,0,18,54,72,0,21,48,52,59,0,40,24,79,91,57
l26,8=0,0,0,0,0,0,8,11,33,0,0,33,30,26,29,0,43,0,63,83,73,91,81,97,90,88,82,0,0,0,0,0,34,80,0,29,77,29,82,24,0,27,84,78,37
l27,8=48,26,42,44,91,84,79,34,62,6,0,24,82,0,99,0,51,99,96,90,64,0,0,0,36,53,0,0,0,0,0,100,45,99,0,28,26,41,100,82,62,64,71,0,9
l28,8=0,0,0,37,78,88,0,0,21,22,67,0,38,53,54,0,53,99,61,70,35,0,0,0,22,10,25,0,0,0,100,0,51,64,0,0,72,32,94,89,100,69,34,29,0
l29,8=0,0,0,0,0,0,0,0,0,0,0,0,0,0,0,0,0,54,0,61,0,79,30,56,90,78,83,69,0,0,45,74,0,99,0,98,100,86,100,99,91,87,66,62,0
l30,8=0,0,0,0,40,0,0,0,0,0,0,0,0,0,0,0,29,0,0,44,24,30,31,77,84,0,84,67,0,0,86,73,99,0,0,88,94,86,98,88,98,87,49,0,0
l31,8=0,0,0,0,0,0,0,0,0,0,0,0,0,0,0,0,0,21,0,23,0,0,0,95,87,52,37,39,0,0,79,10,99,96,0,0,100,100,100,86,91,87,45,11,0
l32,8=0,0,0,0,0,0,0,0,0,0,0,0,0,0,0,0,0,38,0,28,0,40,52,79,69,73,79,74,0,0,69,79,99,96,0,98,0,100,100,85,90,87,48,0,0
l33,8=0,0,0,0,0,0,0,0,0,0,0,0,0,0,0,0,0,64,0,0,0,0,0,87,66,48,83,74,0,0,85,43,95,98,0,98,100,0,99,89,92,72,0,0,0
l34,8=0,0,0,0,0,0,0,0,0,0,0,0,0,0,1,0,29,79,0,63,31,54,48,97,82,53,47,75,0,0,87,62,95,97,0,90,94,86,0,90,100,99,72,63,0
l35,8=0,0,0,0,0,0,0,0,0,0,0,0,0,0,14,0,40,88,69,66,37,35,0,59,47,57,3,47,0,0,88,76,99,99,0,87,94,97,100,0,100,100,49,0,1
l36,8=0,0,0,0,0,0,0,0,0,0,0,0,0,26,11,0,37,88,0,64,52,8,0,39,76,57,48,0,0,0,87,71,55,99,0,89,94,77,100,99,0,99,25,0,0
l37,8=0,0,0,0,0,0,0,0,0,0,0,0,0,0,37,0,16,88,69,70,27,13,0,58,43,26,21,42,0,0,87,56,55,64,0,89,94,53,100,99,100,0,5,50,0
l38,8=0,0,0,0,0,0,0,0,0,0,0,11,19,0,25,0,12,27,32,58,57,49,35,68,58,72,70,61,0,0,17,2,40,17,0,0,9,1,16,6,0,0,0,89,81
l39,8=0,0,0,0,0,0,0,0,0,5,23,0,0,0,42,0,24,20,54,57,55,35,8,72,91,37,88,48,0,0,0,5,27,0,0,0,0,0,15,0,0,1,90,0,81
l40,8=0,0,0,0,0,0,0,0,0,0,0,5,0,0,45,0,0,31,26,46,24,52,23,55,83,16,64,35,0,0,0,0,0,0,0,0,0,0,0,0,0,0,89,87,0
l41,8=0,0,0,0,0,19,11,15,30,0,10,21,62,35,82,0,59,39,77,86,81,62,27,95,91,90,89,55,0,0,28,52,23,0,0,0,0,0,21,0,0,14,89,89,78
l42,8=0,0,0,0,0,0,0,0,0,0,0,0,0,0,58,0,32,0,33,59,55,66,22,73,83,90,88,59,0,0,0,0,26,24,0,0,0,1,0,0,0,0,87,89,67
l43,8=0,0,0,0,0,0,0,0,0,0,1,0,0,0,13,0,0,25,30,49,29,35,27,77,57,67,74,23,0,0,0,0,28,20,0,0,23,0,14,16,0,0,84,72,75
l44,8=0,0,0,0,0,0,0,0,0,0,0,0,10,5,57,0,15,0,44,66,19,19,55,84,90,72,63,44,0,0,0,0,26,26,0,4,0,0,0,0,0,0,88,85,56

l0,9=0,100,100,96,100,100,99,98,100,100,85,100,99,97,32,0,68,0,0,0,0,0,0,0,1,0,0,0,0,0,4,0,0,0,0,0,0,0,0,0,0,0,0,0,0
l1,9=100,0,99,96,100,100,99,94,100,100,95,100,98,100,34,0,56,61,0,0,67,0,0,0,0,53,0,0,0,0,62,28,0,0,0,0,0,0,0,0,0,0,0,0,0
l2,9=100,100,0,95,100,100,99,100,100,100,87,100,99,100,63,0,35,35,75,85,0,0,0,0,30,3,0,0,0,0,28,37,0,0,0,0,0,0,0,0,0,0,0,0,0
l3,9=100,100,100,0,100,100,99,99,100,100,91,97,99,100,8,0,30,35,42,48,0,0,0,0,0,0,0,0,0,0,30,36,0,0,0,0,0,0,0,0,0,0,0,0,0
l4,9=100,100,100,98,0,100,99,70,100,99,94,100,99,100,34,0,34,28,0,77,0,0,0,0,0,0,0,0,0,0,48,36,0,0,0,0,0,0,0,0,0,0,0,0,0
l5,9=100,100,100,98,100,0,99,96,100,100,93,100,99,100,35,0,33,38,0,64,88,0,0,0,0,40,0,0,0,0,14,11,0,0,0,0,0,0,0,17,83,0,0,0,0
l6,9=100,100,100,95,100,100,0,100,100,100,95,100,99,100,55,0,80,97,87,54,89,0,0,0,0,1,0,0,0,0,42,60,0,0,0,0,0,0,0,0,0,0,0,0,0
l7,9=100,100,100,96,85,100,99,0,100,100,96,100,99,100,64,0,100,99,0,97,95,99,0,0,96,98,77,89,0,0,0,0,0,0,0,0,0,0,0,0,0,0,0,0,0
l8,9=100,100,100,77,100,100,99,100,0,100,94,100,99,100,66,0,80,59,71,96,88,90,0,74,85,78,73,94,0,0,4,0,0,0,0,0,0,0,0,0,0,0,0,31,0
l9,9=100,100,100,95,59,97,99,98,100,0,96,100,99,100,68,0,100,58,91,96,97,86,0,40,64,70,77,79,0,0,38,24,0,0,0,0,0,0,0,0,0,0,0,0,0
l10,9=71,100,82,59,65,43,62,96,100,100,0,100,99,100,98,0,100,37,100,97,93,93,85,49,54,60,88,0,0,0,34,37,0,0,0,0,0,0,0,0,82,25,31,73,74
l11,9=100,99,99,56,67,100,99,99,100,100,97,0,99,100,94,0,100,37,100,97,80,0,0,36,53,34,77,93,0,0,0,0,0,0,0,0,0,0,0,0,0,0,14,20,18
l12,9=78,80,87,61,66,39,38,98,100,100,97,100,0,100,97,0,100,38,85,99,86,93,88,0,4,52,84,45,0,0,19,18,0,0,0,0,0,0,0,0,0,0,23,24,0
l13,9=73,100,99,95,100,100,99,100,100,100,96,100,99,0,94,0,100,62,100,94,98,98,0,49,97,68,79,36,0,0,35,35,0,0,0,0,0,0,0,0,77,0,0,0,0
l14,9=7,29,58,0,63,17,13,13,93,82,97,85,99,63,0,0,57,46,100,100,100,95,83,19,49,49,90,56,0,0,22,31,0,26,0,0,0,0,43,59,89,31,29,29,35
l15,9=24,35,60,58,64,42,37,58,99,100,97,100,99,100,97,0,0,38,100,100,87,98,86,33,56,56,79,56,0,0,0,38,0,28,0,0,0,0,61,24,83,28,27,29,0
l16,9=0,45,25,55,57,42,37,47,99,24,59,66,99,64,97,0,33,0,75,100,100,0,0,9,18,62,79,0,0,0,79,38,46,94,0,0,0,0,69,98,95,20,28,56,25
l17,9=0,0,63,14,0,0,37,0,64,61,97,100,99,100,98,0,59,38,0,100,100,98,87,1,30,63,89,73,0,0,22,30,0,0,0,0,0,0,0,80,79,16,28,45,30
l18,9=0,0,68,40,62,37,27,68,99,76,94,97,98,97,97,0,98,98,98,0,98,98,98,92,96,82,94,98,0,0,60,29,46,97,0,59,20,8,70,26,94,57,19,81,94
l19,9=0,24,0,0,0,41,37,49,99,74,86,38,97,99,97,0,32,99,100,100,0,98,3,95,72,82,91,98,0,0,37,37,0,60,0,0,0,0,70,95,94,20,28,73,43
l20,9=0,0,0,0,0,0,1,83,85,83,77,0,87,85,79,0,85,0,72,96,78,0,98,95,95,97,96,98,0,0,0,0,80,83,0,46,75,0,97,86,0,76,82,85,47
l21,9=0,0,0,0,0,0,0,8,0,0,90,13,98,0,97,0,84,0,97,98,7,99,0,95,95,97,97,98,0,0,0,0,0,98,0,0,55,0,94,0,0,0,92,94,91
l22,9=0,0,0,0,0,0,0,0,82,50,80,78,25,83,78,0,81,74,71,98,92,98,82,0,96,97,97,99,0,0,0,0,80,85,0,81,75,68,89,81,78,81,81,90,78
l23,9=0,0,0,0,0,0,0,48,83,81,77,80,53,85,96,0,98,59,94,98,88,97,91,95,0,99,98,98,0,0,31,18,56,80,0,67,26,25,88,82,72,38,95,94,94
l24,9=0,79,0,0,0,49,3,91,85,77,78,75,81,84,90,0,93,98,97,98,96,98,96,95,98,0,98,98,0,0,31,0,80,0,0,67,77,41,77,86,89,45,95,94,78
l25,9=0,0,0,0,0,0,0,40,87,82,89,86,92,87,90,0,28,31,90,87,91,94,83,95,98,99,0,98,0,0,2,23,92,92,0,65,89,28,91,80,79,17,95,94,94
l26,9=0,0,0,0,0,0,0,49,85,50,0,84,78,71,96,0,83,0,95,98,92,98,98,95,95,97,97,0,0,0,0,0,90,98,0,78,98,0,98,88,0,92,95,94,90
l27,9=1,72,53,54,65,7,9,0,18,36,36,0,97,58,96,0,0,99,75,100,93,0,0,0,18,24,22,0,0,0,0,99,0,99,0,81,21,20,69,100,94,38,0,1,2
l28,9=0,14,81,61,66,22,38,0,0,9,37,0,54,64,86,0,38,60,44,34,85,0,0,0,5,0,87,0,0,0,100,0,49,92,0,54,22,0,71,100,100,22,0,37,0
l29,9=0,0,0,0,0,0,0,0,0,0,0,0,0,0,0,0,0,59,0,51,0,94,0,55,92,91,98,96,0,0,0,97,0,100,0,99,99,100,100,100,99,99,58,61,0
l30,9=0,0,0,0,0,0,0,0,0,0,0,0,0,0,17,0,23,37,0,30,30,89,80,60,53,0,94,98,0,0,36,20,100,0,0,99,99,100,100,100,100,99,31,0,30
l31,9=0,0,0,0,0,0,0,0,0,0,0,0,0,0,0,0,0,0,0,45,0,75,0,83,87,56,77,77,0,0,75,25,100,100,0,0,99,100,100,84,99,84,0,0,1
l32,9=0,0,0,0,0,0,0,0,0,0,0,0,0,0,0,0,0,35,0,37,0,92,31,58,41,82,98,99,0,0,59,65,100,100,0,99,0,100,100,97,99,100,31,0,28
l33,9=0,0,0,0,0,0,0,0,0,0,0,0,0,0,0,0,0,0,0,0,0,0,0,27,31,48,84,0,0,0,50,0,100,100,0,99,99,0,100,100,100,100,0,0,0
l34,9=0,0,0,0,0,0,0,0,0,0,0,0,0,0,31,0,27,37,0,33,72,99,78,96,57,46,98,99,0,0,23,64,100,100,0,99,99,100,0,100,100,100,0,3,0
l35,9=0,0,0,0,0,29,0,0,0,0,0,0,0,0,69,0,16,90,41,10,72,89,0,34,32,71,84,96,0,0,39,39,100,100,0,96,37,100,100,0,100,100,0,0,0
l36,9=0,0,0,0,0,39,0,0,0,0,32,0,0,50,76,0,28,91,38,35,80,0,0,20,33,71,83,0,0,0,35,62,76,100,0,99,39,60,100,100,0,61,0,0,0
l37,9=0,0,0,0,0,0,0,0,0,0,29,0,0,0,77,0,28,38,39,34,78,87,0,21,18,44,79,97,0,0,39,39,76,100,0,80,39,59,100,100,100,0,0,0,0
l38,9=0,0,0,0,0,0,0,0,0,0,45,22,15,0,86,0,41,24,44,10,57,84,67,90,95,97,97,98,0,0,0,0,58,42,0,0,14,0,0,0,0,0,0,95,94
l39,9=0,0,0,0,0,0,0,0,16,0,87,36,18,0,63,0,29,89,89,90,90,89,77,89,95,92,97,91,0,0,0,19,38,0,0,0,0,0,0,0,0,0,97,0,94
l40,9=0,0,0,0,0,0,0,0,0,0,17,29,0,0,64,0,0,23,44,86,64,9,63,86,84,62,92,86,0,0,0,0,0,29,0,0,8,0,0,0,0,0,95,94,0
l41,9=0,0,0,0,0,1,0,0,78,0,0,79,85,49,97,0,97,73,95,98,64,90,73,91,94,97,96,88,0,0,28,56,0,0,0,28,8,0,59,57,0,0,95,94,94
l42,9=0,0,0,0,0,0,0,0,0,0,0,0,0,0,56,0,40,46,36,96,83,94,85,90,95,97,97,97,0,0,0,0,50,0,0,0,0,0,66,0,0,0,95,94,94
l43,9=0,0,0,0,0,0,0,0,0,0,0,0,0,0,75,0,0,0,67,71,73,72,42,79,78,79,96,90,0,0,0,0,53,0,0,46,67,0,51,0,16,0,95,83,91
l44,9=0,0,0,0,0,0,0,0,0,0,0,0,18,60,84,0,26,49,32,97,75,80,82,95,96,97,97,91,0,0,0,0,0,74,0,49,0,0,54,0,0,1,97,94,92

l0,10=0,87,83,86,86,77,89,1,85,52,47,88,90,88,51,0,50,63,72,0,1,0,0,0,0,0,0,0,0,0,42,74,0,0,0,0,0,0,0,0,0,0,0,0,0
l1,10=80,0,83,88,86,77,90,0,87,47,43,84,87,84,59,0,72,73,60,0,20,0,0,0,0,32,1,0,0,0,48,31,0,0,0,0,0,0,0,0,6,0,0,0,0
l2,10=80,87,0,84,86,77,90,1,87,55,49,89,93,90,44,0,79,57,79,63,0,0,0,0,43,34,23,0,0,0,0,30,0,0,0,0,0,0,0,0,0,0,0,48,0
l3,10=78,87,80,0,86,77,90,0,86,52,45,87,88,89,44,0,72,13,67,0,0,0,0,0,0,0,0,0,0,0,75,39,0,0,0,0,0,0,0,0,0,0,0,0,0
l4,10=80,87,83,88,0,77,90,0,86,51,46,85,88,87,52,0,76,65,0,0,0,0,0,0,0,0,0,0,0,0,46,0,0,0,0,0,0,0,0,0,0,0,0,0,0
l5,10=80,87,83,88,86,0,90,1,87,53,51,93,88,93,41,0,72,63,69,45,0,0,0,0,0,0,0,0,0,0,48,34,0,0,0,0,0,0,4,0,46,0,0,0,0
l6,10=78,87,82,86,86,77,0,0,87,65,46,93,87,89,44,0,84,70,71,57,0,0,0,0,34,0,8,0,0,0,30,46,0,0,0,0,0,0,0,0,0,0,0,28,0
l7,10=78,87,82,86,82,77,90,0,87,85,78,93,93,92,59,0,89,72,75,69,63,48,0,37,37,84,55,49,0,0,0,36,0,0,0,0,0,0,0,0,0,0,0,33,0
l8,10=70,87,82,84,83,77,90,0,0,84,78,93,93,89,60,0,64,50,80,68,64,24,0,29,50,38,49,45,0,0,33,0,0,0,0,0,0,0,0,0,0,0,0,36,0
l9,10=77,85,81,83,82,76,90,2,86,0,78,93,93,90,75,0,87,80,88,64,63,32,0,36,69,43,43,35,0,0,4,37,0,0,0,0,0,0,0,0,0,0,0,0,0
l10,10=76,84,79,77,82,76,90,0,85,79,0,91,93,90,80,0,90,84,88,67,85,31,4,70,59,54,76,56,0,0,7,51,0,0,0,0,0,0,0,0,59,0,43,58,41
l11,10=17,81,78,81,74,76,90,0,86,84,78,0,93,93,75,0,87,73,88,67,69,22,0,37,50,40,53,52,0,0,16,37,0,0,0,0,0,0,0,0,0,0,0,33,0
l12,10=60,84,81,76,82,76,88,0,86,79,84,92,0,90,75,0,87,85,88,41,59,27,20,17,44,55,61,46,0,0,37,0,0,0,0,0,0,0,0,0,0,0,39,0,19
l13,10=77,85,81,83,82,76,90,0,85,85,78,93,93,0,72,0,87,32,88,66,85,0,19,38,29,39,48,39,0,0,0,33,0,0,0,0,0,0,0,0,0,0,0,0,0
l14,10=30,84,38,16,48,18,41,0,83,79,67,54,55,81,0,0,92,93,90,47,96,37,27,10,62,54,72,69,0,0,64,53,0,39,0,0,0,0,0,8,36,12,54,66,47
l15,10=4,70,71,37,74,49,89,0,70,79,85,64,93,90,86,0,0,87,90,82,85,45,23,23,62,36,69,68,0,0,58,50,0,29,0,0,0,4,0,17,35,7,44,66,0
l16,10=27,84,38,0,44,50,71,0,42,59,66,35,55,30,87,0,90,0,88,88,99,21,0,36,68,52,45,0,0,0,98,55,14,33,0,0,11,0,10,0,91,1,29,69,46
l17,10=47,57,77,63,3,48,46,4,81,78,84,91,89,90,87,0,92,87,0,83,98,0,30,41,78,66,76,65,0,0,87,48,0,0,0,0,0,0,0,0,0,33,50,83,78
l18,10=0,0,63,0,0,21,50,0,70,57,48,43,33,67,60,0,91,90,90,0,98,51,42,58,89,96,69,84,0,0,60,41,4,62,0,0,13,0,11,73,68,77,50,51,81
l19,10=1,19,0,0,0,0,0,0,74,52,68,46,35,84,87,0,91,96,90,88,0,55,0,65,75,62,82,80,0,0,68,52,0,36,0,0,0,0,14,67,69,55,44,71,83
l20,10=0,0,0,0,0,0,0,1,70,68,63,72,75,0,68,0,75,63,8,86,81,0,97,92,85,93,82,91,0,0,0,0,62,64,0,71,46,0,84,72,1,0,78,68,68
l21,10=0,0,0,0,0,0,0,0,0,0,43,0,78,80,77,0,77,0,74,87,0,94,0,94,90,98,87,92,0,0,0,0,0,81,0,8,0,0,14,0,0,0,84,83,81
l22,10=0,0,0,0,0,0,0,8,56,54,71,68,67,64,52,0,78,72,77,80,85,93,88,0,90,93,87,93,0,0,0,0,76,83,0,64,76,68,84,74,62,66,86,77,85
l23,10=0,0,50,0,0,0,2,4,67,65,66,69,71,28,73,0,84,75,82,86,86,76,86,92,0,98,90,91,0,0,67,32,69,76,0,76,51,45,77,78,75,77,89,90,93
l24,10=0,54,38,0,0,0,2,0,65,58,66,70,85,62,77,0,85,77,85,86,93,86,90,92,90,0,90,86,0,0,52,48,67,52,0,54,73,40,66,64,87,71,79,90,68
l25,10=0,0,0,0,0,0,5,2,67,42,69,69,74,63,68,0,76,73,78,70,92,82,70,93,90,98,0,91,0,0,46,0,81,65,0,70,80,59,75,74,56,30,89,91,93
l26,10=0,0,0,0,0,0,0,5,68,43,61,73,68,55,72,0,80,0,77,86,81,92,88,93,89,86,87,0,0,0,0,0,77,83,0,77,84,84,84,71,55,84,85,76,82
l27,10=20,36,0,61,64,65,54,0,20,1,13,23,23,0,84,0,84,96,90,82,80,0,0,0,56,7,18,0,0,0,0,93,27,45,0,49,30,48,51,73,97,49,11,0,0
l28,10=43,40,29,53,0,55,67,2,0,24,52,38,0,67,86,0,92,96,77,70,72,0,0,0,49,30,0,0,0,0,98,0,51,41,0,0,0,0,55,44,97,63,0,0,0
l29,10=0,0,0,0,0,0,0,0,0,0,0,0,0,0,0,0,0,54,0,29,0,62,0,71,75,70,78,67,0,0,43,82,0,93,0,93,92,95,91,91,92,92,67,61,0
l30,10=0,0,0,0,0,0,0,0,0,0,0,0,0,0,57,0,52,37,0,62,37,34,32,87,85,39,40,89,0,0,50,39,90,0,0,93,92,95,91,91,92,94,27,28,56
l31,10=0,0,0,0,0,0,0,0,0,0,0,0,0,0,0,0,0,0,0,0,0,73,4,70,81,62,71,75,0,0,81,0,90,93,0,0,92,95,91,88,92,94,0,0,16
l32,10=0,0,0,0,0,0,0,0,0,0,0,0,0,0,0,0,0,41,0,37,0,19,0,70,68,78,77,84,0,0,57,0,90,93,0,93,0,95,91,88,81,84,0,20,0
l33,10=0,0,0,0,0,0,0,0,0,0,0,0,0,0,0,0,0,0,0,0,0,0,0,69,67,24,59,71,0,0,77,0,90,93,0,93,92,0,91,89,82,82,0,0,0
l34,10=0,0,0,0,0,15,0,0,0,0,0,0,0,0,0,0,0,45,0,45,54,48,0,81,83,49,47,52,0,0,81,85,90,93,0,93,92,95,0,92,97,94,15,16,0
l35,10=0,0,0,0,0,0,0,0,0,0,0,0,0,0,27,0,53,18,19,73,74,39,0,54,83,39,48,48,0,0,92,41,90,93,0,85,92,95,91,0,97,94,0,27,0
l36,10=0,0,0,0,0,43,0,0,0,0,34,0,6,0,34,0,43,54,0,40,46,0,0,39,65,61,8,11,0,0,97,89,73,93,0,56,61,92,91,95,0,94,8,20,0
l37,10=0,0,0,0,0,0,0,0,0,0,0,0,0,0,66,0,65,33,61,81,75,0,0,45,63,46,10,53,0,0,65,88,74,93,0,56,62,61,91,95,97,0,0,0,0
l38,10=0,0,0,0,0,0,0,0,0,0,62,0,48,0,76,0,79,75,55,76,43,75,61,86,89,73,84,82,0,0,5,0,46,38,0,0,0,0,0,0,0,0,0,93,93
l39,10=0,0,8,0,0,0,0,0,6,0,63,37,0,0,73,0,82,80,82,67,84,71,69,82,89,97,87,63,0,0,0,0,51,29,0,0,7,0,0,0,31,0,94,0,93
l40,10=0,0,0,0,0,0,0,0,0,0,0,0,17,0,48,0,0,65,77,77,75,54,37,80,88,60,85,59,0,0,0,0,0,16,0,0,0,0,0,0,0,0,94,89,0
l41,10=0,0,0,0,0,0,0,0,57,54,4,43,49,9,70,0,83,78,81,86,80,74,0,85,88,97,87,56,0,0,20,59,0,0,0,0,0,0,0,11,5,0,94,90,93
l42,10=0,0,0,0,0,0,0,0,0,0,0,0,0,0,65,0,73,61,72,83,78,76,69,91,89,92,86,76,0,0,0,0,10,0,0,0,0,0,68,0,0,0,88,90,93
l43,10=0,0,0,0,0,0,0,0,0,0,0,0,0,0,11,0,0,0,73,64,72,77,0,88,81,90,87,88,0,0,0,0,66,46,0,0,0,0,48,0,57,0,89,76,94
l44,10=0,0,0,0,0,0,0,0,0,0,0,32,18,0,55,0,0,69,0,78,71,5,71,92,89,97,87,82,0,0,2,0,51,55,0,0,35,0,43,0,0,0,95,90,91

l0,11=0,88,71,76,87,85,77,0,75,85,85,84,72,75,55,0,67,18,18,38,0,0,0,0,0,0,0,0,0,0,10,17,0,0,0,0,0,0,0,0,0,0,0,0,0
l1,11=84,0,71,83,86,85,77,0,84,82,81,78,72,70,66,0,48,38,32,52,0,0,0,0,0,0,0,0,0,0,34,2,0,0,0,0,0,0,0,0,0,0,0,0,0
l2,11=84,86,0,62,86,85,77,0,84,69,86,84,71,75,73,0,70,18,11,65,0,0,0,0,27,7,0,0,0,0,19,11,0,0,0,0,0,0,0,0,0,0,0,4,0
l3,11=61,88,64,0,87,85,77,0,84,83,76,72,62,56,48,0,41,19,17,0,0,0,0,0,0,0,0,0,0,0,16,18,0,0,0,0,0,0,0,0,0,0,0,0,0
l4,11=84,88,71,84,0,85,77,0,84,85,38,82,71,0,53,0,54,20,0,0,0,0,0,0,0,0,0,0,0,0,13,18,0,0,0,0,0,0,0,0,0,0,0,0,0
l5,11=84,88,71,80,87,0,76,0,82,85,86,84,71,75,0,0,43,21,0,39,0,0,0,0,0,0,0,0,0,0,33,16,0,0,0,0,0,0,1,0,1,0,0,0,0
l6,11=83,88,71,80,86,81,0,0,84,72,85,86,71,76,60,0,68,21,26,60,9,0,0,0,0,0,0,0,0,0,21,2,0,0,0,0,0,0,0,0,0,0,0,0,0
l7,11=83,88,71,76,77,84,77,0,84,86,84,85,72,76,76,0,80,71,0,71,61,36,0,39,18,32,29,29,0,0,0,7,0,0,0,0,0,0,0,0,0,0,0,4,0
l8,11=55,86,69,71,85,80,77,0,0,85,86,85,71,75,69,0,77,17,64,66,42,28,0,41,23,17,24,24,0,0,18,0,0,0,0,0,0,0,0,0,0,0,0,0,0
l9,11=83,86,52,73,85,81,69,0,83,0,86,87,72,75,76,0,79,17,23,32,24,33,0,37,35,17,23,25,0,0,0,0,0,0,0,0,0,0,0,0,0,0,0,0,0
l10,11=28,68,69,62,40,46,68,0,83,85,0,85,73,75,77,0,90,26,76,61,79,30,24,74,16,38,30,40,0,0,25,0,0,0,0,0,0,0,0,0,0,0,15,21,0
l11,11=52,69,68,53,51,81,75,0,83,86,86,0,73,76,76,0,79,17,66,64,64,1,0,35,0,11,40,0,0,0,0,1,0,0,0,0,0,0,0,0,0,0,0,0,0
l12,11=83,86,69,42,58,81,75,0,83,86,87,85,0,75,81,0,84,14,65,27,68,25,11,32,45,60,25,21,0,0,0,3,0,0,0,0,0,0,0,0,0,0,13,8,0
l13,11=80,79,69,44,0,81,76,0,83,86,86,87,73,0,74,0,80,46,67,58,62,33,10,47,2,32,43,14,0,0,19,11,0,0,0,0,0,0,0,0,9,0,0,0,0
l14,11=17,65,24,26,35,0,19,0,52,84,86,85,72,74,0,0,87,89,79,80,92,61,44,45,42,37,47,45,0,0,38,22,0,7,0,0,0,0,0,43,45,29,27,28,18
l15,11=30,10,36,40,51,33,49,0,76,86,88,85,72,75,91,0,0,13,79,83,84,57,23,58,44,6,63,39,0,0,43,13,0,6,0,0,0,0,0,28,0,2,15,46,13
l16,11=1,38,16,33,30,34,16,0,42,23,54,32,30,51,94,0,23,0,37,84,97,32,0,43,17,0,38,25,0,0,54,25,0,30,0,0,0,0,0,64,87,62,22,26,61
l17,11=12,14,0,38,0,0,45,0,52,49,87,85,72,73,94,0,90,87,0,89,91,64,11,66,75,6,44,44,0,0,38,8,0,0,0,0,0,0,0,0,0,30,9,14,14
l18,11=13,43,57,0,0,18,41,0,40,44,66,70,50,57,91,0,79,54,79,0,97,73,74,76,88,89,48,52,0,0,42,18,16,44,0,52,18,0,20,74,72,59,27,25,69
l19,11=0,0,0,0,0,0,7,1,29,37,88,69,72,62,94,0,90,94,79,93,0,75,0,42,88,85,74,52,0,0,23,20,0,6,0,0,0,0,0,37,66,49,14,30,64
l20,11=0,0,0,0,0,0,0,0,63,70,57,50,56,58,68,0,67,60,59,83,78,0,99,88,81,87,79,90,0,0,0,0,63,71,0,65,1,0,75,69,0,0,74,71,69
l21,11=0,0,0,0,0,0,0,0,0,0,66,56,59,58,64,0,67,0,58,91,0,93,0,90,86,88,84,92,0,0,0,0,0,73,0,42,0,0,54,0,11,0,84,69,59
l22,11=0,0,0,0,0,0,0,1,63,69,69,66,55,60,67,0,70,68,67,77,66,89,88,0,88,86,84,92,0,0,0,28,70,85,0,60,65,74,74,4,61,45,84,78,62
l23,11=0,0,33,0,0,0,0,0,42,67,62,47,55,37,71,0,73,41,70,89,79,72,81,90,0,89,86,87,0,0,39,13,51,63,0,74,34,0,47,75,51,39,48,89,84
l24,11=0,1,0,0,0,0,3,1,58,67,67,66,66,56,68,0,69,26,58,91,79,89,83,88,88,0,86,77,0,0,36,42,63,65,0,56,64,41,70,55,10,57,71,89,33
l25,11=0,0,0,0,0,0,0,1,40,69,59,67,53,55,77,0,61,22,44,76,78,72,79,88,88,89,0,83,0,0,0,17,73,46,0,52,50,20,17,65,36,52,90,90,81
l26,11=0,0,0,0,0,0,0,0,64,70,68,42,57,47,74,0,68,37,62,81,76,93,88,90,87,76,81,0,0,0,0,10,71,79,0,70,75,80,77,0,46,75,81,76,75
l27,11=19,55,30,50,34,17,17,0,35,0,56,0,27,49,34,0,38,94,23,40,40,0,0,0,11,12,0,0,0,0,0,77,0,43,0,55,21,12,15,52,98,39,0,11,28
l28,11=18,4,40,50,33,16,2,0,0,0,0,53,53,53,84,0,36,55,19,34,44,0,0,27,9,13,36,16,0,0,88,0,13,27,0,50,26,4,19,40,98,43,0,12,0
l29,11=0,0,0,0,0,0,0,0,0,0,0,0,0,0,0,0,0,7,0,47,0,58,0,61,72,43,70,43,0,0,0,43,0,94,0,88,87,93,89,91,92,88,10,25,0
l30,11=0,0,0,0,0,0,0,0,0,0,0,0,0,0,0,0,1,13,0,36,0,65,59,57,27,15,31,62,0,0,23,0,86,0,0,88,87,93,89,39,92,88,0,11,0
l31,11=0,0,0,0,0,0,0,0,0,0,0,0,0,0,0,0,0,0,0,58,0,59,29,50,81,39,32,40,0,0,66,12,86,94,0,0,87,93,84,87,76,83,0,6,24
l32,11=0,0,0,0,0,0,0,0,0,0,0,0,0,0,0,0,0,0,0,37,0,0,0,60,60,62,61,64,0,0,46,52,86,94,0,88,0,93,89,83,87,84,58,30,0
l33,11=0,0,0,0,0,0,0,0,0,0,0,0,0,0,0,0,0,8,0,0,0,0,0,71,0,12,51,72,0,0,43,1,85,94,0,88,87,0,89,89,87,86,0,0,0
l34,11=0,0,0,0,0,10,0,0,0,0,0,0,0,0,0,0,0,12,0,37,0,75,17,30,37,29,38,60,0,0,49,62,86,94,0,87,87,93,0,91,98,92,0,0,0
l35,11=0,0,0,0,0,0,0,0,0,0,0,0,0,0,32,0,25,12,0,68,39,55,0,0,16,13,37,0,0,0,57,39,86,56,0,88,66,92,89,0,98,92,0,3,0
l36,11=0,0,0,0,0,2,0,0,0,0,0,0,0,8,37,0,0,51,0,50,50,0,0,20,14,1,26,30,0,0,72,31,36,94,0,70,47,30,89,94,0,92,0,0,0
l37,11=0,0,0,0,0,0,0,0,0,0,0,0,0,0,34,0,20,45,17,87,48,0,0,23,14,17,40,38,0,0,49,23,84,94,0,85,87,92,89,94,98,0,0,5,0
l38,11=0,0,0,0,0,0,0,0,0,0,24,0,23,0,78,0,28,44,2,80,20,71,70,80,77,72,80,81,0,0,0,0,0,0,0,0,15,0,0,0,0,0,0,94,85
l39,11=0,0,0,0,0,0,0,0,0,0,34,0,26,0,78,0,75,81,52,83,74,68,51,80,86,79,84,71,0,0,18,3,4,25,0,0,2,0,0,0,0,0,92,0,90
l40,11=0,0,0,0,0,0,0,0,0,0,0,0,0,0,59,0,33,76,11,82,72,72,0,72,84,20,81,79,0,0,2,0,0,0,0,0,0,0,0,0,0,0,91,93,0
l41,11=0,0,0,0,0,0,3,0,35,65,52,65,52,55,65,0,75,76,72,91,77,70,58,80,76,86,84,79,0,0,17,15,0,0,0,43,0,0,0,6,48,42,91,93,88
l42,11=0,0,0,0,0,0,0,0,0,0,0,0,0,0,69,0,60,0,0,83,71,76,76,81,86,83,84,87,0,0,0,0,57,0,0,34,0,0,70,0,0,35,91,93,89
l43,11=0,0,0,0,0,0,0,0,0,0,0,0,3,0,62,0,0,65,14,73,65,77,71,85,69,82,83,80,0,0,0,0,60,69,0,64,54,0,68,0,0,0,91,85,84
l44,11=0,0,0,0,0,0,0,0,0,0,47,20,50,0,72,0,49,22,20,78,62,75,74,88,85,85,76,76,0,0,0,0,64,0,0,0,41,0,3,51,0,0,91,85,86

l0,12=0,85,82,76,81,86,84,0,78,72,58,74,66,73,54,0,67,46,0,56,0,0,0,0,0,0,0,0,0,0,0,48,0,0,0,0,0,0,0,0,0,0,0,0,0
l1,12=87,0,82,77,81,86,84,3,81,68,63,75,64,38,52,0,67,69,29,64,0,0,0,0,0,11,0,0,0,0,0,53,0,0,0,0,0,0,0,0,0,0,0,0,0
l2,12=87,84,0,73,80,86,83,1,80,71,78,75,64,73,50,0,70,0,63,69,50,46,0,24,28,52,35,0,0,0,59,62,0,0,0,0,0,0,0,0,0,0,0,0,0
l3,12=30,79,53,0,81,74,84,2,49,43,57,52,38,46,32,0,0,46,48,48,0,0,0,0,0,0,0,0,0,0,66,33,0,0,0,0,0,0,0,0,20,0,0,0,0
l4,12=88,85,82,77,0,86,84,2,81,46,56,74,8,46,0,0,64,0,0,0,0,0,0,0,0,0,0,0,0,0,69,50,0,0,0,0,0,0,0,0,0,2,0,0,0
l5,12=87,85,82,77,81,0,84,0,49,45,65,70,39,47,45,0,66,57,60,60,0,0,0,0,28,0,0,0,0,0,40,52,0,0,0,0,0,0,0,0,0,0,0,0,0
l6,12=86,85,82,76,80,87,0,0,81,68,81,74,66,44,46,0,66,67,63,68,26,0,0,0,20,0,0,0,0,0,64,0,0,0,0,0,0,0,0,0,0,0,0,0,0
l7,12=85,84,82,74,79,85,84,0,81,72,73,76,66,75,69,0,67,53,68,71,0,62,0,51,46,60,33,34,0,0,0,0,0,0,0,0,0,0,0,0,0,0,0,0,0
l8,12=85,85,80,73,80,85,84,2,0,71,79,75,39,70,69,0,72,66,74,67,54,38,27,39,30,53,35,42,0,0,0,0,0,0,0,0,0,0,0,0,0,0,0,19,0
l9,12=85,84,80,73,79,74,83,2,80,0,77,77,67,75,57,0,73,47,65,68,41,69,0,43,46,71,43,53,0,0,63,1,0,0,0,0,0,0,0,0,0,0,0,0,0
l10,12=35,52,80,66,56,53,71,0,80,75,0,76,70,74,70,0,81,74,82,79,81,54,22,47,43,72,41,49,0,0,59,59,0,0,0,0,0,0,0,0,0,4,0,10,0
l11,12=65,79,80,39,74,53,83,2,80,75,80,0,67,76,78,0,73,67,77,76,76,3,0,15,20,57,46,47,0,0,66,19,0,0,0,0,0,0,0,0,0,0,0,38,0
l12,12=85,84,80,66,15,85,83,1,80,75,83,76,0,74,72,0,75,48,75,76,79,28,29,31,79,76,33,9,0,0,54,0,0,0,0,0,0,0,0,0,0,0,3,14,0
l13,12=85,82,80,73,79,86,83,1,80,76,87,77,70,0,71,0,75,38,78,69,48,0,38,37,30,60,43,40,0,0,24,0,0,0,0,0,0,0,0,0,0,0,0,15,0
l14,12=29,52,52,8,4,32,33,0,80,71,86,72,40,45,0,0,81,88,89,85,100,48,0,30,48,82,74,62,0,0,78,70,0,0,0,0,0,0,3,0,29,34,58,50,14
l15,12=51,52,80,0,66,53,55,0,80,73,87,71,67,73,88,0,0,80,89,83,90,44,23,0,48,53,33,62,0,0,77,58,0,0,0,0,0,0,0,1,0,0,34,47,32
l16,12=0,22,0,0,2,25,39,2,73,35,48,40,12,7,78,0,79,0,89,88,100,10,0,31,25,0,24,37,0,0,91,76,0,0,0,0,0,0,3,8,81,85,26,10,13
l17,12=0,0,29,1,0,40,33,3,80,37,86,72,39,45,89,0,81,88,0,85,93,42,17,48,50,80,39,65,0,0,79,69,0,0,0,0,0,0,0,13,20,0,3,39,0
l18,12=31,41,65,3,0,45,63,3,68,58,79,68,39,35,88,0,79,91,89,0,100,88,59,51,87,85,70,83,0,0,79,52,37,31,0,24,0,0,35,38,74,73,55,52,56
l19,12=0,0,41,0,0,0,28,0,53,53,87,77,67,33,89,0,81,91,89,88,0,78,0,87,89,86,86,56,0,0,79,48,0,28,0,0,0,0,0,1,76,30,73,49,43
l20,12=1,0,14,0,0,5,0,0,64,61,58,55,50,0,69,0,63,60,72,86,73,0,98,88,85,85,76,91,0,0,0,0,60,67,0,59,64,62,73,62,36,0,73,78,73
l21,12=0,0,0,0,0,0,0,0,69,0,63,0,62,67,0,0,70,0,76,87,0,91,0,88,87,83,85,92,0,0,0,0,0,56,0,0,0,0,58,4,0,0,80,0,85
l22,12=0,0,1,0,0,0,0,1,66,61,65,56,36,35,64,0,0,71,77,75,84,90,74,0,89,85,86,92,0,0,0,0,67,77,0,62,68,61,68,71,0,65,73,82,45
l23,12=0,0,0,0,0,28,4,11,60,61,65,53,61,31,79,0,73,70,82,87,95,86,79,89,0,86,88,88,0,0,56,0,46,33,0,72,49,0,41,35,57,62,58,91,85
l24,12=0,2,49,0,0,9,7,2,62,60,61,62,59,53,76,0,69,0,84,87,98,90,68,89,89,0,88,80,0,0,54,46,63,58,0,51,0,23,64,42,60,0,86,83,83
l25,12=0,0,27,0,0,0,0,14,63,55,54,59,28,57,74,0,67,64,73,75,77,77,71,89,89,86,0,78,0,0,0,51,37,31,0,37,76,0,33,34,0,69,85,89,79
l26,12=0,0,0,0,0,0,0,11,66,61,65,62,47,60,73,0,67,73,73,76,75,90,85,88,83,78,76,0,0,0,0,6,71,74,0,75,78,40,75,67,60,72,71,45,78
l27,12=0,0,10,36,37,18,33,1,0,34,32,39,16,1,46,0,52,91,83,81,68,0,0,0,17,25,0,0,0,0,0,92,38,9,0,38,34,56,37,52,90,50,0,6,8
l28,12=0,15,33,5,31,30,0,3,0,3,40,34,0,1,74,0,51,91,85,59,58,0,0,0,0,27,30,3,0,0,91,0,28,1,0,31,64,0,57,41,84,91,0,13,0
l29,12=0,0,0,0,0,0,0,0,0,0,0,0,0,0,0,0,0,0,0,58,0,44,0,66,66,65,57,70,0,0,67,60,0,91,0,91,89,91,91,89,84,89,0,43,17
l30,12=0,0,0,0,0,0,0,0,0,0,0,0,0,0,0,0,0,0,0,53,56,51,25,53,63,65,47,45,0,0,35,13,80,0,0,91,89,91,91,89,91,89,0,4,3
l31,12=0,0,0,0,0,0,0,0,0,0,0,0,0,0,0,0,0,0,0,50,1,51,0,66,77,54,47,74,0,0,79,67,80,91,0,0,89,91,81,79,82,84,21,0,0
l32,12=0,0,0,0,0,0,0,0,0,0,0,0,0,0,0,0,0,0,0,0,0,55,0,59,58,0,63,68,0,0,66,67,80,88,0,91,0,91,91,86,79,85,43,0,0
l33,12=0,0,0,0,0,0,0,0,0,0,0,0,0,0,0,0,0,0,0,0,0,47,0,64,0,0,0,0,0,0,73,0,80,87,0,91,89,0,91,84,83,79,0,0,0
l34,12=0,0,0,0,0,0,0,0,0,0,0,0,0,0,21,0,0,56,5,61,0,51,18,46,64,63,48,87,0,0,42,88,80,91,0,91,89,91,0,91,93,92,38,42,0
l35,12=0,0,0,0,0,0,0,0,0,0,0,0,0,0,0,0,13,78,56,74,2,46,0,46,42,61,49,36,0,0,84,87,80,91,0,91,89,91,91,0,93,92,32,16,0
l36,12=0,0,0,19,0,0,0,0,0,0,0,4,0,2,38,0,3,88,43,82,81,11,0,0,42,65,0,9,0,0,91,74,72,91,0,58,57,80,91,94,0,92,0,0,0
l37,12=0,0,0,0,28,0,0,0,0,0,0,0,0,0,37,0,3,83,0,76,51,0,0,40,40,0,64,40,0,0,68,89,80,91,0,91,89,89,91,94,93,0,0,30,0
l38,12=0,0,0,0,0,0,0,0,0,0,0,0,20,0,81,0,51,69,29,79,77,81,52,78,80,83,85,71,0,0,0,0,0,0,0,0,26,0,19,5,0,0,0,91,85
l39,12=0,0,0,0,0,0,0,0,31,0,39,64,31,26,81,0,44,75,73,79,46,47,0,79,86,81,84,3,0,0,55,50,37,0,0,0,0,0,44,0,0,0,90,0,93
l40,12=0,0,0,0,0,0,0,0,0,0,0,0,0,0,60,0,57,75,0,78,59,76,52,47,81,81,79,77,0,0,55,0,0,0,0,0,0,0,0,0,0,0,80,89,0
l41,12=0,0,0,0,0,0,20,0,43,57,65,0,49,15,79,0,70,78,83,87,86,72,47,84,87,84,84,76,0,0,67,0,0,3,0,0,0,0,36,0,33,67,90,90,93
l42,12=0,0,0,0,0,0,0,0,0,0,0,0,48,0,69,0,0,70,0,83,82,88,70,86,85,84,85,86,0,0,0,0,66,67,0,1,0,6,71,0,0,54,90,91,94
l43,12=0,0,0,0,0,0,0,0,0,0,0,0,33,0,67,0,61,61,64,77,68,77,26,81,83,82,84,67,0,0,0,0,53,37,0,54,0,0,60,0,0,0,82,87,84
l44,12=0,0,0,0,0,0,0,0,0,0,64,0,42,0,71,0,66,0,68,78,76,84,0,84,84,84,83,74,0,0,0,0,67,58,0,0,0,0,0,0,22,0,89,88,85

l0,13=0,87,92,91,93,89,88,54,91,80,84,90,53,84,73,0,79,0,0,47,0,0,0,0,0,0,0,0,0,0,54,25,0,0,0,0,0,0,0,0,0,0,0,0,0
l1,13=91,0,90,91,93,89,87,88,91,85,78,89,88,79,78,0,83,81,16,26,0,0,0,0,0,0,0,0,0,0,51,44,0,0,0,0,0,0,0,0,0,0,0,0,0
l2,13=91,87,0,89,86,88,88,39,91,80,83,90,88,88,60,0,85,78,15,30,23,0,0,32,1,51,28,0,0,0,0,3,0,0,0,0,0,0,0,0,0,0,0,0,0
l3,13=89,87,90,0,93,89,88,52,91,73,70,80,52,76,71,0,77,80,0,29,0,0,0,0,0,0,0,0,0,0,41,42,0,0,0,0,0,0,0,0,14,0,0,0,0
l4,13=91,87,91,91,0,89,88,56,91,89,77,90,53,83,0,0,1,0,8,0,0,0,0,0,0,0,0,0,0,0,53,38,0,0,0,0,0,0,0,0,0,0,0,0,0
l5,13=91,87,91,91,93,0,88,89,91,47,86,90,53,81,68,0,81,80,21,23,0,0,0,0,0,0,0,0,0,0,0,42,0,0,0,0,0,0,0,3,13,0,0,0,0
l6,13=91,85,91,89,85,89,0,92,91,87,85,90,88,88,82,0,85,79,67,79,0,0,0,0,60,0,0,0,0,0,50,0,0,0,0,0,0,0,0,0,1,0,0,0,0
l7,13=90,87,88,89,77,88,87,0,91,88,85,90,88,88,89,0,85,58,77,82,0,20,14,64,80,81,53,0,0,0,48,17,0,0,0,0,0,0,0,0,0,0,0,0,0
l8,13=89,87,91,88,78,85,87,92,0,88,83,90,88,71,89,0,85,74,77,27,6,12,27,60,7,58,54,40,0,0,0,0,0,0,0,0,0,0,0,0,0,0,20,0,0
l9,13=88,85,48,86,76,54,85,77,91,0,85,91,88,89,87,0,85,78,45,52,29,52,0,59,84,82,29,38,0,0,46,36,0,0,0,0,0,0,0,0,0,0,0,0,0
l10,13=65,31,29,53,79,67,52,64,58,88,0,91,88,89,88,0,97,86,46,33,31,0,0,81,83,84,45,31,0,0,52,46,0,0,0,0,0,0,0,0,0,0,0,38,0
l11,13=87,31,89,54,75,54,75,86,91,89,88,0,88,89,88,0,85,0,55,31,24,40,0,41,78,0,60,53,0,0,52,46,0,0,0,0,0,0,0,0,0,0,1,36,0
l12,13=74,85,50,83,72,54,85,90,90,87,92,91,0,89,87,0,92,85,79,53,31,2,11,61,83,84,30,29,0,0,53,29,0,0,0,0,0,0,0,0,0,0,8,0,0
l13,13=89,41,89,87,79,54,86,89,58,89,90,91,88,0,88,0,94,48,83,21,29,22,56,73,80,82,52,34,0,0,0,39,0,0,0,0,0,0,0,0,1,0,0,33,0
l14,13=61,31,5,36,0,54,52,45,58,52,77,89,87,87,0,0,97,94,93,35,98,42,5,0,89,90,68,17,0,0,57,55,0,0,0,0,0,0,0,0,31,84,78,50,29
l15,13=44,53,23,35,9,54,52,63,90,87,91,90,88,88,96,0,0,52,93,87,94,35,21,79,84,64,2,56,0,0,56,51,0,0,0,0,0,0,0,0,8,55,66,28,19
l16,13=0,31,19,34,0,54,47,15,51,26,73,0,56,6,95,0,91,0,54,55,36,0,0,35,61,37,0,29,0,0,61,60,0,4,0,0,2,42,18,24,39,99,0,36,19
l17,13=0,5,0,0,17,54,52,54,57,52,77,89,88,87,96,0,97,96,0,95,99,37,20,84,89,65,15,12,0,0,57,56,0,0,0,0,0,0,0,18,28,49,69,46,22
l18,13=38,27,26,36,0,47,51,53,55,48,80,88,87,33,94,0,96,99,93,0,99,97,48,91,96,95,92,92,0,0,60,57,17,19,0,25,0,0,28,25,40,96,88,50,31
l19,13=0,0,18,0,0,31,5,0,36,49,79,72,87,79,96,0,97,100,93,95,0,87,30,93,99,98,92,56,0,0,59,52,0,0,0,0,0,0,24,28,37,86,86,51,29
l20,13=0,0,0,0,0,0,0,59,61,74,0,72,58,58,82,0,85,65,79,93,82,0,99,93,96,95,82,93,0,0,0,1,73,80,0,61,71,74,87,0,27,77,87,85,84
l21,13=0,0,0,0,0,0,0,71,82,4,0,0,84,84,79,0,90,0,85,89,80,98,0,93,97,88,87,93,0,0,0,0,62,51,0,41,0,0,79,0,0,0,89,50,90
l22,13=0,0,0,0,0,0,0,55,75,44,76,66,74,75,0,0,80,75,79,78,83,98,85,0,99,98,94,94,0,0,0,0,79,80,0,54,77,65,82,80,0,35,86,91,0
l23,13=0,0,0,0,0,0,37,48,0,50,69,68,81,75,91,0,89,78,89,91,98,97,95,94,0,98,94,91,0,0,0,45,61,42,0,54,57,0,85,27,28,91,92,95,89
l24,13=0,0,9,0,0,0,11,54,48,74,79,0,82,80,94,0,92,91,89,93,98,97,80,94,99,0,94,92,0,0,45,33,61,74,0,49,70,0,53,28,50,79,92,95,93
l25,13=0,0,1,0,0,0,0,44,73,42,67,73,74,76,91,0,46,76,57,91,88,80,83,95,99,98,0,68,0,0,41,0,62,39,0,53,72,70,32,28,0,80,94,97,89
l26,13=0,0,0,0,0,0,0,22,73,71,71,73,73,73,76,0,90,80,75,90,77,97,98,94,93,95,79,0,0,0,2,28,90,87,0,89,76,73,94,83,47,19,75,90,88
l27,13=36,26,0,23,86,0,39,35,0,24,63,29,38,0,96,0,90,100,53,34,35,0,0,0,35,33,24,0,0,0,0,97,33,24,0,33,55,43,25,25,43,99,0,0,0
l28,13=12,25,0,59,68,50,0,12,0,21,65,30,25,47,96,0,96,100,54,34,31,0,0,0,60,14,0,7,0,0,97,0,13,23,0,32,81,70,41,22,40,100,54,31,0
l29,13=0,0,0,0,0,0,0,0,0,0,0,0,0,0,0,0,0,0,0,22,0,69,7,74,81,78,78,86,0,0,58,25,0,92,0,91,91,96,96,94,87,86,52,32,0
l30,13=0,0,0,0,0,0,0,0,0,0,0,0,0,0,0,0,0,79,20,41,0,52,11,52,59,36,25,81,0,0,76,56,92,0,0,91,91,87,96,94,86,92,0,26,0
l31,13=0,0,0,0,0,0,0,0,0,0,0,0,0,0,0,0,0,0,0,26,0,73,7,75,78,78,76,82,0,0,78,73,92,92,0,0,92,96,96,84,80,88,0,0,0
l32,13=0,0,0,0,0,0,0,0,0,0,0,0,0,0,0,0,0,21,0,0,0,66,0,77,58,46,77,71,0,0,46,79,92,87,0,91,0,96,96,94,80,93,0,0,0
l33,13=0,0,0,0,0,0,0,0,0,0,0,0,0,0,0,0,0,66,0,0,0,69,0,56,0,0,58,69,0,0,61,70,92,84,0,91,92,0,96,89,87,76,0,0,0
l34,13=0,0,0,0,0,0,0,0,0,0,0,0,0,0,4,0,0,80,0,61,22,55,28,55,72,35,27,88,0,0,90,78,92,92,0,91,92,96,0,94,93,100,0,47,9
l35,13=0,0,0,0,0,41,0,0,0,0,0,0,0,0,0,0,0,92,43,71,30,0,0,54,56,31,26,80,0,0,92,60,92,92,0,84,92,96,96,0,93,100,56,28,0
l36,13=0,0,0,6,0,43,1,0,0,0,0,0,5,2,79,0,11,99,41,36,31,23,0,0,51,34,0,41,0,0,97,52,81,74,0,57,85,88,96,94,0,100,0,26,0
l37,13=0,0,0,0,56,0,0,0,0,0,0,0,0,0,74,0,62,98,33,68,33,43,0,29,60,30,30,21,0,0,93,80,53,92,0,91,92,69,96,94,93,0,0,1,0
l38,13=0,0,0,0,0,0,0,0,0,0,0,0,12,0,62,0,44,0,50,80,86,70,30,89,96,87,93,12,0,0,0,29,0,0,0,0,0,0,0,16,0,0,0,96,93
l39,13=0,0,0,0,0,0,0,1,0,0,70,76,0,48,89,0,47,88,47,35,33,34,0,90,96,87,93,43,0,0,0,48,6,0,0,0,0,0,26,18,13,0,92,0,93
l40,13=0,0,0,0,0,0,0,0,0,0,0,0,0,0,63,0,41,82,50,82,67,85,74,0,84,90,92,87,0,0,0,0,0,0,0,0,0,0,0,0,0,0,92,95,0
l41,13=0,0,0,0,0,0,0,0,0,0,74,65,79,15,82,0,86,99,92,93,98,81,39,88,99,96,90,90,0,0,43,0,30,26,0,0,0,0,27,0,28,79,94,97,93
l42,13=0,0,0,0,0,0,0,0,0,0,0,0,0,0,90,0,0,82,42,93,67,93,78,93,96,94,93,89,0,0,0,0,30,43,0,0,0,0,55,0,0,0,93,96,93
l43,13=0,0,0,0,0,0,0,0,0,0,0,1,62,0,71,0,73,75,50,76,78,89,65,85,90,88,91,86,0,0,0,0,50,0,0,0,62,0,69,0,0,0,92,95,0
l44,13=0,0,0,0,0,0,0,0,0,0,0,0,0,0,83,0,80,0,71,84,84,94,73,93,94,91,92,86,0,0,0,0,0,69,0,0,0,0,0,0,0,0,92,95,90

l0,14=0,100,96,94,99,100,99,49,99,100,77,56,100,100,47,0,30,92,90,1,0,0,0,0,0,0,0,0,0,0,94,48,0,0,0,0,0,0,0,0,0,0,0,0,0
l1,14=100,0,100,94,100,100,99,100,98,100,80,100,100,100,0,0,71,96,92,83,0,0,0,0,0,0,37,0,0,0,88,93,0,0,0,0,0,0,0,0,0,0,0,0,0
l2,14=100,100,0,94,100,100,99,100,99,100,89,100,100,100,59,0,100,100,97,93,54,0,0,0,0,0,6,0,0,0,47,0,0,0,0,0,0,0,0,0,0,0,0,0,0
l3,14=100,100,94,0,100,100,89,49,99,51,79,56,100,82,43,0,46,0,0,59,0,0,0,0,0,0,0,0,0,0,98,89,0,0,0,0,0,0,0,0,0,0,0,0,0
l4,14=100,100,94,94,0,100,89,49,99,100,79,56,100,100,52,0,47,100,93,0,0,0,0,0,0,0,0,0,0,0,100,94,0,0,0,0,0,0,0,0,9,0,0,0,0
l5,14=100,100,100,94,100,0,99,100,99,100,98,100,100,100,50,0,43,94,93,84,0,0,0,0,0,0,0,0,0,0,99,99,0,0,0,0,0,0,0,10,48,0,0,0,0
l6,14=100,100,100,57,100,100,0,61,99,100,76,66,100,100,0,0,68,30,96,87,0,0,0,0,0,1,0,0,0,0,99,74,0,0,0,0,0,0,0,0,0,0,0,0,0
l7,14=100,100,100,94,100,100,99,0,99,100,99,100,100,100,99,0,100,0,100,83,93,0,0,89,52,49,59,0,0,0,0,12,0,0,0,0,0,0,0,0,0,0,0,0,0
l8,14=100,100,100,94,100,100,99,100,0,100,99,100,100,100,99,0,100,96,100,87,18,89,0,94,58,45,93,92,0,0,83,0,0,0,0,0,0,0,0,0,0,0,0,48,0
l9,14=100,100,100,28,100,100,99,93,99,0,99,100,100,100,59,0,100,100,0,100,83,71,0,47,65,56,33,100,0,0,57,0,0,0,0,0,0,0,0,0,0,0,0,0,0
l10,14=100,67,62,61,100,100,99,100,99,100,0,100,100,100,58,0,100,100,100,100,99,0,0,99,66,61,68,57,0,0,97,68,0,0,0,0,0,0,0,0,33,0,87,45,0
l11,14=100,100,100,53,100,100,99,99,99,100,99,0,100,100,99,0,100,90,100,100,98,85,0,48,67,56,93,99,0,0,0,92,0,0,0,0,0,0,0,0,0,0,0,26,0
l12,14=100,100,57,34,100,100,99,100,99,100,99,100,0,100,99,0,100,92,100,100,99,86,87,86,100,100,62,0,0,0,17,92,0,0,0,0,0,0,0,0,0,0,0,55,0
l13,14=100,67,65,61,100,100,99,100,78,100,99,100,100,0,60,0,100,77,100,98,98,69,0,0,66,61,27,61,0,0,65,97,0,0,0,0,0,0,0,0,0,0,0,40,0
l14,14=58,0,27,24,90,98,4,62,59,85,63,98,98,80,0,0,100,96,100,99,100,60,1,75,63,59,66,50,0,0,98,98,0,39,0,0,0,0,0,30,41,29,59,99,57
l15,14=51,66,50,51,98,62,72,63,61,100,99,100,100,81,99,0,0,93,100,100,100,99,0,73,52,58,64,99,0,0,99,99,0,0,0,0,0,0,77,10,0,0,47,65,48
l16,14=97,38,26,0,61,62,6,0,59,64,59,66,98,36,60,0,25,0,100,100,100,0,0,63,33,52,60,60,0,0,100,100,87,51,0,2,0,0,0,76,61,53,0,77,2
l17,14=54,61,60,0,96,98,71,72,98,0,99,100,100,98,99,0,100,100,0,100,100,0,59,60,98,99,31,61,0,0,81,100,0,31,0,0,0,0,21,3,18,40,63,66,57
l18,14=0,61,55,15,0,97,70,61,59,98,98,98,98,79,97,0,74,100,100,0,98,97,99,99,97,98,97,97,0,0,98,98,2,0,0,21,0,0,81,71,98,58,99,99,57
l19,14=0,0,5,0,0,61,0,62,30,74,98,98,98,79,99,0,100,100,100,100,0,97,0,99,100,100,98,97,0,0,98,98,0,0,0,0,0,0,0,76,59,58,99,99,57
l20,14=0,0,0,0,0,0,0,0,88,88,0,93,91,86,89,0,98,0,0,99,97,0,99,99,97,98,86,97,0,0,0,0,91,96,0,48,92,91,98,89,0,89,98,93,90
l21,14=0,0,0,0,0,0,0,17,0,0,0,0,98,0,70,0,8,0,97,99,1,100,0,99,98,98,97,100,0,0,0,0,97,0,0,1,1,0,93,0,0,0,90,0,97
l22,14=0,0,0,0,0,0,0,93,92,81,94,91,91,0,93,0,98,91,97,99,98,97,97,0,100,99,100,100,0,0,0,84,90,91,0,79,98,90,96,92,88,0,99,97,68
l23,14=0,0,0,0,0,0,0,45,49,91,96,94,98,97,97,0,91,95,97,99,98,97,99,99,0,100,100,97,0,0,81,96,97,97,0,98,55,85,97,78,53,96,99,99,97
l24,14=0,0,0,0,0,0,26,58,50,98,98,97,98,83,97,0,98,96,97,99,98,99,97,99,100,0,100,97,0,0,90,89,98,71,0,0,60,0,88,67,60,88,99,99,97
l25,14=0,4,0,0,0,0,0,88,97,83,98,97,98,79,97,0,98,96,97,99,98,85,99,99,100,100,0,97,0,0,47,0,98,97,0,98,98,95,85,89,38,90,99,100,97
l26,14=0,0,0,0,0,0,0,17,95,97,80,96,66,85,94,0,95,94,96,99,97,97,99,99,97,98,97,0,0,0,69,0,97,97,0,96,96,95,98,96,95,93,96,95,96
l27,14=98,36,0,59,97,100,67,35,47,52,59,0,92,72,59,0,62,100,100,100,71,0,0,0,49,46,32,50,0,0,0,100,88,72,0,60,49,59,79,77,100,60,0,75,0
l28,14=61,36,0,17,62,99,37,42,0,0,22,47,99,59,61,0,62,100,100,100,100,0,0,42,54,33,0,0,0,0,100,0,98,54,0,62,50,46,87,77,53,61,0,0,0
l29,14=0,0,0,0,0,0,0,0,0,0,0,0,0,0,0,0,0,76,0,0,0,50,54,54,97,94,96,99,0,0,96,82,0,100,0,100,100,100,100,100,100,99,0,68,0
l30,14=0,0,0,0,0,0,0,0,0,0,0,0,0,0,83,0,0,75,82,0,0,58,0,62,62,81,91,96,0,0,61,54,99,0,0,100,100,100,100,100,100,99,8,63,38
l31,14=0,0,0,0,0,0,0,0,0,0,0,0,0,0,0,0,0,70,0,76,0,38,0,84,90,0,87,91,0,0,81,89,99,100,0,0,100,100,100,91,100,99,0,0,14
l32,14=0,0,0,0,0,0,0,0,0,0,0,0,0,0,0,0,0,0,0,0,0,83,0,99,84,86,92,88,0,0,84,92,99,100,0,100,0,100,100,100,91,99,0,0,0
l33,14=0,0,0,0,0,0,0,0,0,0,0,0,0,0,0,0,0,0,0,0,0,77,0,73,88,0,88,94,0,0,87,36,99,92,0,100,100,0,95,92,98,94,0,0,0
l34,14=0,0,0,0,0,0,0,0,0,0,0,0,0,0,0,0,50,0,44,97,0,63,53,63,63,50,59,99,0,0,64,54,99,100,0,100,100,60,0,100,100,99,0,0,16
l35,14=0,0,0,0,0,79,0,0,0,0,0,0,0,0,72,0,19,100,58,92,69,53,0,63,60,69,93,96,0,0,65,59,99,100,0,100,100,91,100,0,100,99,0,66,0
l36,14=0,0,0,0,85,98,0,0,0,0,52,0,15,0,59,0,0,100,93,100,70,0,0,63,54,58,28,96,0,0,100,59,99,100,0,100,52,100,100,100,0,99,0,66,0
l37,14=0,0,0,0,66,0,0,0,0,0,0,7,0,0,56,0,0,100,91,100,65,50,0,0,64,62,58,90,0,0,67,62,99,100,0,100,100,57,100,100,100,0,1,0,0
l38,14=0,0,0,0,0,0,0,0,0,0,62,0,0,0,79,0,39,0,64,97,97,95,1,97,97,98,97,94,0,0,0,0,0,0,0,0,0,0,0,0,0,0,0,100,97
l39,14=0,0,0,0,0,0,0,0,24,0,0,68,94,76,94,0,56,94,96,96,97,79,0,95,97,97,97,94,0,0,64,0,92,23,0,0,0,0,0,10,30,0,99,0,97
l40,14=0,0,0,0,0,0,0,0,0,0,0,0,0,0,94,0,92,0,95,94,94,93,90,67,96,96,95,93,0,0,0,0,0,0,0,0,0,0,0,0,0,0,99,99,0
l41,14=0,0,0,0,0,0,0,0,0,61,92,94,98,0,97,0,98,96,97,99,98,0,0,99,98,98,97,97,0,0,62,0,96,33,0,0,0,0,0,0,0,58,99,100,97
l42,14=0,0,0,0,0,0,0,0,0,0,0,0,91,0,96,0,85,78,96,99,0,96,95,99,97,98,97,97,0,0,0,0,89,0,0,0,49,0,0,0,0,0,99,99,98
l43,14=0,0,0,0,0,0,0,0,0,0,2,0,0,0,0,0,0,78,89,86,91,94,78,94,96,96,95,95,0,0,0,0,86,86,0,85,82,0,87,77,0,18,99,99,97
l44,14=0,0,0,0,0,0,0,0,0,0,0,0,95,0,94,0,95,85,96,97,95,97,96,97,97,97,97,95,0,0,0,0,52,53,0,0,0,0,0,0,0,12,99,99,97

l0,15=0,100,100,99,100,99,100,89,73,65,95,100,97,63,95,0,100,71,45,100,0,0,0,0,0,0,0,0,0,0,97,63,0,0,0,0,0,0,0,0,0,0,0,0,0
l1,15=100,0,100,99,100,100,100,100,80,100,95,100,99,100,66,0,100,90,62,100,0,0,0,0,0,0,0,0,0,0,59,1,0,0,0,0,0,0,0,0,0,0,0,0,0
l2,15=100,100,0,99,100,100,100,100,100,100,60,100,98,74,99,0,100,87,63,91,20,0,0,0,0,34,0,0,0,0,57,0,0,0,0,0,0,0,0,0,0,0,0,0,0
l3,15=100,100,100,0,100,100,100,89,60,28,95,77,97,63,99,0,0,77,12,61,0,0,0,0,0,0,0,0,0,0,60,60,0,0,0,0,0,0,0,0,0,0,0,0,0
l4,15=100,98,100,99,0,100,100,89,60,28,58,100,95,62,98,0,100,82,46,90,0,0,0,0,0,0,0,0,0,0,91,0,0,0,0,0,0,0,0,0,0,0,0,0,0
l5,15=61,100,100,99,100,0,100,89,60,60,58,82,99,100,99,0,100,73,63,68,50,0,0,0,0,0,0,0,0,0,60,60,0,0,0,0,0,0,0,0,51,0,0,0,0
l6,15=100,100,100,99,100,100,0,92,100,71,95,100,97,100,99,0,100,86,63,87,11,21,0,0,65,0,0,0,0,0,45,0,0,0,0,0,0,0,0,0,0,0,0,0,0
l7,15=100,100,100,96,100,100,100,0,100,100,100,100,99,100,99,0,100,87,100,100,99,84,0,97,0,79,61,98,0,0,0,57,0,0,0,0,0,0,0,0,0,0,0,0,0
l8,15=100,100,100,99,100,100,100,100,0,100,100,100,99,100,99,0,100,84,100,100,97,45,0,97,94,73,66,98,0,0,0,73,0,0,0,0,0,0,0,0,0,0,1,3,0
l9,15=100,100,100,53,73,100,100,100,100,0,100,100,99,100,94,0,94,95,100,100,45,45,0,94,31,92,55,86,0,0,0,1,0,0,0,0,0,0,0,0,0,0,52,51,0
l10,15=98,85,55,59,73,100,98,96,100,100,0,100,99,100,98,0,96,98,100,86,54,0,0,92,87,97,95,55,0,0,0,0,0,0,0,0,0,0,0,0,48,0,86,92,80
l11,15=100,100,100,50,100,100,100,100,100,100,100,0,99,100,99,0,100,87,100,100,100,48,0,0,94,78,57,38,0,0,37,58,0,0,0,0,0,0,0,0,0,7,0,27,0
l12,15=100,100,57,79,38,100,100,100,100,100,100,100,0,100,96,0,100,94,100,100,58,45,51,91,98,99,66,0,0,0,56,5,0,0,0,0,0,0,0,0,0,0,0,54,0
l13,15=100,100,100,54,100,100,100,100,100,100,100,100,99,0,95,0,100,94,94,80,0,52,3,55,86,90,0,55,0,0,48,67,0,0,0,0,0,0,0,0,0,0,0,0,0
l14,15=69,25,48,44,42,94,64,96,94,56,57,73,94,91,0,0,100,99,100,90,62,0,0,93,90,98,89,53,0,0,55,84,0,40,0,0,0,0,0,29,43,44,88,94,40
l15,15=96,87,57,0,75,94,95,100,92,58,57,77,99,100,99,0,0,94,100,91,62,55,58,93,90,92,89,46,0,0,53,85,0,54,0,0,0,0,39,11,36,7,88,94,84
l16,15=62,87,56,44,73,60,89,57,48,54,62,68,99,94,99,0,98,0,100,100,100,41,0,53,90,75,60,46,0,0,97,100,78,45,0,13,0,0,70,63,56,61,46,65,84
l17,15=65,77,48,0,36,96,76,99,100,61,100,100,99,98,99,0,100,100,0,100,100,57,54,67,98,99,94,30,0,0,97,100,0,0,0,0,0,0,0,0,54,46,96,97,0
l18,15=74,69,47,10,47,48,69,99,98,63,60,77,99,96,99,0,98,100,100,0,99,63,92,98,97,99,98,61,0,0,58,85,0,48,0,34,0,0,94,64,58,48,96,97,88
l19,15=0,0,24,0,0,78,76,83,82,41,47,77,97,0,99,0,100,100,100,100,0,55,45,98,98,99,99,41,0,0,50,87,6,0,0,0,0,0,81,69,50,53,80,97,71
l20,15=0,0,0,0,0,0,50,90,62,62,0,85,93,67,0,0,94,58,90,99,92,0,100,98,95,99,95,99,0,0,0,0,69,93,0,0,91,75,94,92,0,0,91,92,59
l21,15=0,0,0,0,0,0,0,58,0,4,0,0,95,60,0,0,94,0,90,100,76,99,0,99,98,99,98,99,0,0,0,0,90,0,0,0,77,0,55,0,0,0,86,92,84
l22,15=0,0,0,0,0,0,0,70,75,46,78,0,84,61,87,0,85,63,80,99,84,99,87,0,98,99,99,99,0,0,0,0,83,60,0,36,83,45,77,58,32,44,97,71,71
l23,15=0,0,0,0,0,0,17,0,74,0,79,81,86,79,88,0,88,79,85,82,83,81,87,98,0,99,99,85,0,0,61,73,84,81,0,80,63,41,74,78,0,68,83,84,80
l24,15=0,0,0,0,0,0,0,74,74,78,82,77,88,82,89,0,87,79,87,82,86,86,86,98,98,0,99,85,0,0,42,85,84,82,0,79,84,1,79,2,80,83,83,84,78
l25,15=0,0,0,0,0,0,0,57,79,34,78,42,84,0,88,0,85,81,78,99,90,79,86,98,98,99,0,85,0,0,0,0,83,77,0,77,83,65,77,77,24,50,96,97,72
l26,15=0,0,0,0,0,0,0,88,84,97,76,42,28,94,93,0,92,78,75,92,35,98,99,98,97,99,98,0,0,0,0,0,99,89,0,83,31,89,90,92,78,79,96,78,97
l27,15=99,43,57,57,84,100,83,0,0,0,0,66,98,57,99,0,97,100,100,91,58,0,0,0,93,70,0,0,0,0,0,100,0,30,0,58,56,78,87,84,96,62,0,65,0
l28,15=97,0,0,58,0,100,0,60,58,0,0,77,85,91,99,0,100,100,100,91,62,0,0,0,98,81,0,0,0,0,97,0,100,65,0,62,57,78,100,84,58,62,2,1,0
l29,15=0,0,0,0,0,0,0,0,0,0,0,0,0,0,0,0,0,97,0,0,0,56,51,99,98,79,99,99,0,0,0,100,0,100,0,100,99,100,100,100,97,100,61,64,0
l30,15=0,0,0,0,0,0,0,0,0,0,0,0,0,0,97,0,96,95,56,98,0,66,0,98,97,81,60,98,0,0,86,100,100,0,0,100,99,100,100,100,97,100,47,64,94
l31,15=0,0,0,0,0,0,0,0,0,0,0,0,0,0,0,0,0,93,0,71,0,0,0,98,95,96,97,96,0,0,95,98,100,100,0,0,99,100,100,100,97,100,57,1,83
l32,15=0,0,0,0,0,0,0,0,0,0,0,0,0,0,0,0,0,0,0,0,0,97,42,99,94,96,98,59,0,0,95,100,100,100,0,100,0,100,100,100,97,100,0,0,27
l33,15=0,0,0,0,0,0,0,0,0,0,0,0,0,0,0,0,0,0,0,0,0,94,0,92,80,0,96,95,0,0,95,98,100,97,0,100,99,0,98,94,94,94,0,0,0
l34,15=0,0,0,0,0,0,0,0,0,0,0,0,0,0,0,0,42,96,0,99,76,58,3,98,97,81,60,64,0,0,97,100,100,100,0,100,99,100,0,100,97,100,40,0,83
l35,15=0,0,0,0,0,0,0,0,0,0,0,0,0,0,97,0,52,100,0,90,58,55,0,98,97,7,91,57,0,0,97,100,100,100,0,100,99,100,100,0,97,100,0,13,0
l36,15=0,0,0,0,77,92,0,0,0,0,58,0,0,0,99,0,94,100,83,100,58,0,0,98,46,81,59,57,0,0,97,100,89,100,0,63,94,100,100,100,0,100,0,0,0
l37,15=0,0,0,0,0,0,0,0,0,0,0,12,0,0,97,0,31,100,79,87,58,0,0,98,96,81,58,56,0,0,97,100,100,100,0,100,99,99,100,100,97,0,0,0,2
l38,15=0,0,0,0,0,0,0,0,0,0,37,0,1,0,63,0,59,34,73,87,36,78,37,90,97,97,95,91,0,0,0,0,59,10,0,24,0,0,22,0,0,0,0,97,98
l39,15=0,0,0,0,0,0,0,1,0,2,28,0,51,0,84,0,65,59,72,70,73,62,58,51,83,76,81,46,0,0,56,0,56,34,0,0,0,0,0,0,0,0,96,0,80
l40,15=0,0,0,0,0,0,0,0,0,0,50,0,0,0,3,0,72,74,0,73,71,57,52,69,95,83,70,79,0,0,0,0,0,29,0,24,0,0,46,0,0,0,96,97,0
l41,15=0,0,0,0,0,0,0,24,50,5,64,45,56,57,89,0,78,83,87,67,86,64,0,83,97,88,87,85,0,0,38,52,45,37,0,0,0,0,0,0,7,0,93,98,80
l42,15=0,0,0,0,0,0,0,0,0,0,0,0,54,0,61,0,58,53,57,79,0,74,56,83,97,88,74,82,0,0,0,0,60,0,0,8,48,0,33,0,0,0,96,96,98
l43,15=0,0,0,0,0,0,0,0,0,0,0,0,0,0,54,0,0,21,62,54,57,60,12,76,62,84,92,57,0,0,0,0,0,40,0,48,42,0,49,42,3,49,92,91,89
l44,15=0,0,0,0,0,0,0,0,0,0,0,0,6,0,58,0,71,0,21,74,0,81,54,78,98,83,96,80,0,0,0,0,57,40,0,0,46,0,0,0,1,0,97,98,98

