l0,0=0,91,87,93,95,94,98,97,89,93,87,90,89,69,65,0,83,0,51,68,0,0,0,0,0,0,0,0,0,0,83,49,0,0,0,0,0,0,0,0,0,0,0,0,0
l1,0=96,0,87,94,92,94,99,77,95,21,87,91,52,91,37,0,42,32,50,68,0,0,0,0,0,0,0,0,0,0,78,53,0,0,0,0,0,0,0,0,19,0,0,0,0
l2,0=97,92,0,93,89,94,99,98,96,56,87,92,94,92,48,0,86,72,53,71,78,0,0,0,0,3,31,0,0,0,31,48,0,0,0,0,0,0,0,0,0,0,0,0,0
l3,0=98,92,71,0,95,94,70,62,94,46,80,90,89,57,57,0,65,76,37,0,2,0,0,0,0,0,0,0,0,0,85,49,0,0,0,0,0,0,0,0,0,0,0,0,0
l4,0=97,60,72,94,0,94,68,70,93,57,83,86,76,57,28,0,61,0,0,0,0,0,0,0,0,0,0,0,0,0,70,47,0,0,0,0,0,0,0,0,0,0,0,0,0
l5,0=97,92,87,93,93,0,98,75,89,21,84,91,90,22,0,0,81,39,48,51,60,0,0,0,0,0,0,0,0,0,68,47,0,0,0,0,0,0,0,0,19,6,0,0,0
l6,0=97,92,88,93,57,94,0,98,95,63,88,92,94,32,43,0,86,34,54,73,75,0,0,0,0,0,0,0,0,0,80,41,0,0,0,0,0,0,0,0,0,0,0,0,0
l7,0=97,92,88,72,91,94,99,0,96,96,93,92,94,92,85,0,86,0,90,91,84,0,50,47,69,72,76,0,0,0,70,0,0,0,0,0,0,0,0,0,0,0,0,22,0
l8,0=93,92,88,93,91,94,99,98,0,96,92,93,94,92,64,0,86,32,89,84,77,0,50,44,40,28,21,3,0,0,9,0,0,0,0,0,0,0,0,0,0,0,0,40,0
l9,0=96,63,81,40,90,94,98,98,98,0,92,93,94,94,84,0,86,23,52,41,75,58,0,42,42,28,16,0,0,0,4,41,0,0,0,0,0,0,0,0,0,0,0,10,0
l10,0=82,91,42,11,35,94,94,67,56,92,0,92,94,19,7,0,89,56,89,85,90,23,62,76,46,59,28,30,0,0,0,27,0,0,0,0,0,0,0,0,17,0,15,4,0
l11,0=94,92,88,88,29,94,94,96,98,96,92,0,94,94,76,0,89,49,0,81,84,29,4,0,45,0,23,27,0,0,0,9,0,0,0,0,0,0,0,0,0,0,16,0,0
l12,0=86,92,86,51,48,94,95,91,90,92,94,93,0,94,80,0,86,79,89,84,88,0,0,6,48,31,45,17,0,0,6,48,0,0,0,0,0,0,0,0,0,0,0,27,19
l13,0=93,92,90,57,85,94,94,98,97,96,84,93,94,0,81,0,89,89,89,79,87,55,1,82,0,54,0,0,0,0,26,49,0,0,0,0,0,0,0,0,0,0,6,5,0
l14,0=51,43,11,12,18,11,78,43,34,35,76,87,56,23,0,0,88,77,94,94,100,0,26,51,0,34,24,26,0,0,55,75,0,8,0,0,0,0,0,8,20,5,23,44,27
l15,0=44,44,12,13,21,80,86,70,33,33,94,93,57,94,90,0,0,53,94,77,93,73,34,79,45,60,26,35,0,0,45,11,34,0,0,0,0,0,0,2,19,0,22,29,4
l16,0=0,72,11,1,0,48,49,0,34,6,83,81,52,54,52,0,48,0,94,95,97,1,0,74,78,37,12,0,0,0,90,89,32,7,0,10,0,21,36,4,52,36,22,32,0
l17,0=32,45,11,0,0,84,86,46,34,33,94,0,54,56,91,0,89,90,0,95,100,73,0,74,80,32,26,29,0,0,66,81,0,0,0,0,0,0,0,0,15,14,24,18,25
l18,0=14,25,18,0,0,30,63,48,36,0,93,81,55,40,88,0,43,89,91,0,99,92,65,97,89,85,59,44,0,0,26,25,30,2,0,0,0,0,39,1,58,34,28,72,73
l19,0=0,0,18,0,0,39,38,34,28,28,89,85,78,50,91,0,88,90,93,95,0,69,41,87,86,85,52,24,0,0,89,88,0,4,0,0,0,0,0,18,72,27,20,76,60
l20,0=0,0,0,0,0,0,0,29,32,41,24,42,0,42,0,0,76,0,75,94,75,0,72,98,87,85,88,97,0,0,0,0,58,70,0,82,60,44,71,72,0,46,80,54,54
l21,0=0,0,0,0,0,0,0,71,86,0,72,1,0,0,46,0,75,0,0,74,77,95,0,84,89,63,75,97,0,0,0,0,65,79,0,0,2,0,63,70,0,0,0,0,60
l22,0=0,0,0,0,0,0,0,42,72,60,73,0,0,60,81,0,82,60,66,94,79,92,47,0,89,69,90,97,0,0,0,34,91,90,0,87,81,71,85,74,66,42,69,72,80
l23,0=0,0,0,0,0,0,0,35,2,16,63,71,32,0,0,0,64,76,76,79,79,80,70,99,0,88,90,93,0,0,0,28,80,62,0,55,0,0,75,11,58,78,81,76,97
l24,0=0,1,1,0,0,0,0,49,23,20,75,28,33,65,75,0,87,76,70,94,79,92,44,64,90,0,90,85,0,0,0,47,21,79,0,0,29,28,43,75,44,22,81,76,87
l25,0=0,0,17,0,0,0,0,55,52,21,68,67,74,0,55,0,73,64,72,94,78,83,50,99,90,88,0,96,0,0,31,0,84,63,0,39,53,70,58,77,52,71,81,77,86
l26,0=0,0,0,0,0,0,0,0,38,8,56,60,65,15,69,0,86,21,69,93,56,93,71,98,89,84,88,0,0,0,9,18,86,86,0,98,46,64,92,81,4,45,81,55,97
l27,0=31,76,6,22,20,49,70,25,11,0,18,0,13,36,61,0,49,89,48,34,85,0,0,0,0,0,10,0,0,0,0,89,55,85,0,71,40,41,45,92,69,68,6,0,8
l28,0=23,78,34,21,23,51,45,0,0,10,76,56,45,49,47,0,7,90,30,25,89,0,0,68,66,32,0,0,0,0,90,0,87,56,0,63,54,44,30,46,79,76,0,0,26
l29,0=0,0,0,0,0,0,0,0,0,0,0,0,0,0,0,0,60,26,0,34,0,69,52,93,73,31,83,78,0,0,50,86,0,97,0,99,98,100,94,97,94,94,2,0,1
l30,0=0,0,0,0,0,0,0,0,0,0,0,0,0,0,6,0,0,0,0,1,0,76,63,88,73,74,41,56,0,0,90,83,99,0,0,99,98,100,94,97,94,94,37,16,17
l31,0=0,0,0,0,0,0,0,0,0,0,0,0,0,0,0,0,0,17,0,31,0,85,30,91,68,0,16,85,0,0,84,59,99,97,0,0,98,100,94,97,94,94,26,0,24
l32,0=0,0,0,0,0,0,0,0,0,0,0,0,0,0,0,0,0,0,0,1,0,80,44,90,0,69,67,68,0,0,42,79,99,97,0,99,0,100,94,97,86,83,27,0,0
l33,0=0,0,0,0,0,0,0,0,0,0,0,0,0,0,0,0,0,44,0,0,0,45,0,86,0,40,67,59,0,0,67,79,99,97,0,99,98,0,91,91,90,42,0,0,0
l34,0=0,0,0,0,0,0,0,0,0,0,0,0,0,0,0,0,0,21,0,45,0,82,57,93,80,35,30,93,0,0,88,49,99,97,0,99,98,99,0,97,94,94,17,6,0
l35,0=0,0,0,0,0,0,0,0,0,0,0,0,0,0,2,0,11,2,0,12,68,79,58,91,41,80,48,57,0,0,90,56,99,97,0,87,98,92,94,0,94,94,15,0,0
l36,0=0,5,0,0,0,35,0,0,0,0,60,0,0,0,53,0,44,35,6,48,90,0,0,87,77,31,24,0,0,0,55,55,56,97,0,74,67,85,60,97,0,94,0,0,0
l37,0=0,0,0,0,0,44,0,0,0,0,0,0,0,0,32,0,31,53,31,48,77,74,0,85,82,32,41,26,0,0,90,89,96,97,0,98,92,52,94,97,94,0,22,0,0
l38,0=0,0,0,0,0,0,0,0,0,0,35,44,0,0,60,0,57,61,61,65,61,70,0,59,88,83,84,80,0,0,2,0,0,50,0,27,7,0,28,10,0,22,0,76,96
l39,0=0,0,0,0,0,0,0,4,26,0,28,0,20,0,66,0,44,68,53,77,77,59,0,83,89,85,88,18,0,0,0,0,0,17,0,0,0,0,11,0,0,0,81,0,97
l40,0=0,0,0,0,0,0,0,0,0,0,0,0,1,0,54,0,50,3,53,82,64,63,35,82,89,79,83,94,0,0,6,23,1,36,0,11,0,0,0,0,0,0,81,75,0
l41,0=0,0,0,0,0,0,0,0,0,19,51,35,0,6,1,0,81,85,91,94,97,66,41,98,89,85,88,95,0,0,33,0,6,13,0,0,0,0,0,10,12,0,81,78,97
l42,0=0,0,0,0,0,0,0,0,0,0,31,0,0,0,50,0,44,50,49,65,49,71,35,81,89,82,88,73,0,0,0,0,0,41,0,0,0,0,33,0,0,0,81,76,85
l43,0=0,0,0,0,0,0,0,0,0,0,29,0,0,0,0,0,9,39,38,70,57,66,29,95,88,83,80,83,0,0,0,0,37,53,0,5,7,0,15,0,0,0,81,73,97
l44,0=0,0,0,0,0,0,0,0,0,0,23,39,0,0,55,0,0,47,52,56,53,69,37,66,87,85,86,79,0,0,0,0,41,30,0,0,0,0,0,9,0,0,81,73,88

l0,1=0,92,94,96,87,89,94,80,54,91,84,94,87,86,67,0,72,16,0,0,0,0,0,0,0,0,0,0,0,0,71,0,0,0,0,0,0,0,0,0,0,0,0,0,0
l1,1=91,0,88,96,85,90,94,59,92,90,86,94,81,86,8,0,55,0,0,60,66,0,0,0,0,0,0,0,0,0,77,0,0,0,0,0,0,0,0,0,0,0,0,0,0
l2,1=93,90,0,57,73,89,94,94,94,95,86,94,87,85,70,0,76,19,39,44,65,0,0,4,0,44,6,0,0,0,21,31,0,0,0,0,0,0,0,0,0,0,0,0,0
l3,1=95,92,91,0,88,68,93,55,61,73,82,90,81,86,70,0,71,19,0,0,0,0,0,0,0,0,0,0,0,0,80,0,0,0,0,0,0,0,0,0,0,0,0,0,0
l4,1=95,93,89,96,0,90,93,55,57,74,64,89,84,82,0,0,69,18,0,0,0,0,0,0,0,0,0,0,0,0,77,5,0,0,0,0,0,0,0,0,0,0,0,0,0
l5,1=94,92,93,57,78,0,94,61,55,39,74,94,87,47,49,0,59,0,44,0,0,0,0,0,0,0,0,0,0,0,82,0,0,0,0,0,0,0,0,1,71,37,0,0,0
l6,1=94,92,93,56,74,90,0,95,92,72,86,94,87,82,43,0,57,18,53,65,54,0,0,0,0,0,0,0,0,0,79,0,0,0,0,0,0,0,0,0,0,0,0,0,0
l7,1=94,92,93,63,62,90,94,0,95,95,87,94,87,86,66,0,78,0,50,46,55,12,22,58,0,55,60,1,0,0,0,0,0,0,0,0,0,0,0,0,0,0,0,55,0
l8,1=80,92,95,96,82,89,94,95,0,95,86,94,87,86,75,0,77,32,66,72,28,23,22,42,48,44,59,7,0,0,38,19,0,0,0,0,0,0,0,0,0,0,0,0,0
l9,1=90,92,90,56,83,69,92,97,95,0,87,94,88,88,76,0,78,13,63,49,62,1,0,0,63,0,43,25,0,0,0,18,0,0,0,0,0,0,0,0,0,0,0,20,0
l10,1=58,92,57,51,20,89,92,93,88,92,0,94,88,87,49,0,78,77,67,72,70,5,36,24,24,65,68,59,0,0,41,13,0,2,0,0,0,0,0,0,0,0,40,48,42
l11,1=90,92,90,79,35,89,92,93,94,95,87,0,88,88,74,0,78,35,67,70,68,0,0,14,56,56,63,0,0,0,17,28,0,0,0,0,0,0,0,0,0,0,10,40,0
l12,1=89,68,90,42,83,88,93,91,80,92,87,94,0,88,76,0,78,76,68,72,80,4,0,26,47,57,61,62,0,0,0,9,0,0,0,0,0,0,0,0,0,0,28,19,0
l13,1=90,93,92,94,74,89,92,94,95,95,87,94,88,0,76,0,78,12,67,59,24,2,19,22,56,57,53,32,0,0,14,20,0,0,0,0,0,0,0,0,0,0,26,0,0
l14,1=24,5,29,24,0,41,54,68,69,51,46,74,77,66,0,0,78,68,72,74,90,11,29,52,63,55,53,34,0,0,44,18,0,0,0,0,0,0,36,0,29,25,62,55,51
l15,1=25,29,29,24,21,37,73,93,48,42,87,94,88,87,82,0,0,57,69,72,83,11,36,41,57,65,66,34,0,0,79,12,0,0,0,0,0,0,0,35,28,2,39,0,42
l16,1=7,0,47,19,3,6,51,0,7,6,49,33,59,18,39,0,41,0,57,77,82,7,0,14,64,55,48,51,0,0,88,79,0,7,0,0,3,1,33,47,81,26,19,20,27
l17,1=0,0,23,0,0,22,52,60,42,48,66,77,79,39,83,0,78,76,0,66,90,17,25,34,65,3,63,56,0,0,57,20,0,0,0,0,0,0,0,24,11,39,38,47,46
l18,1=0,28,10,0,0,0,39,14,36,15,57,64,48,30,78,0,68,80,53,0,90,46,42,31,80,70,76,62,0,0,69,28,19,0,0,0,0,0,45,62,58,43,43,54,50
l19,1=0,34,30,0,0,0,39,45,16,40,57,64,72,27,83,0,71,73,72,77,0,33,26,31,66,51,67,56,0,0,69,44,0,34,0,0,0,0,38,0,58,35,37,64,60
l20,1=0,0,0,0,0,0,0,26,46,44,37,0,41,10,55,0,62,41,47,67,65,0,84,62,67,68,70,76,0,0,7,0,43,58,0,58,40,56,56,53,47,50,68,69,67
l21,1=0,0,0,0,0,0,0,0,45,0,58,0,0,21,56,0,59,0,54,63,49,71,0,60,70,64,71,75,0,0,0,0,0,60,0,0,5,0,48,57,0,0,65,72,38
l22,1=0,0,0,0,0,0,0,42,43,3,31,9,30,18,57,0,56,41,47,57,56,60,64,0,80,56,78,76,0,0,0,0,49,59,0,68,39,54,46,53,48,40,62,72,42
l23,1=0,0,0,0,0,0,0,0,37,55,23,52,31,43,62,0,61,66,62,73,78,63,74,62,0,74,77,69,0,0,8,12,34,31,0,61,0,41,55,42,46,73,72,81,79
l24,1=0,0,33,0,0,6,0,60,39,0,64,63,49,50,61,0,65,54,10,71,68,65,68,59,81,0,78,68,0,0,0,19,0,53,0,0,27,2,37,65,58,67,75,72,75
l25,1=0,0,0,0,0,0,0,36,38,28,58,55,40,35,52,0,56,42,51,72,67,57,67,73,81,74,0,70,0,0,25,0,46,52,0,60,36,43,44,52,35,37,74,81,65
l26,1=0,0,0,0,0,0,0,25,15,32,53,0,41,22,40,0,53,43,49,65,60,71,76,73,68,64,72,0,0,0,0,0,41,64,0,73,40,32,54,55,50,61,69,68,71
l27,1=22,39,1,35,30,42,51,0,0,0,54,39,0,4,42,0,45,79,47,66,76,0,0,0,11,0,1,0,0,0,0,80,39,49,0,42,10,35,52,85,94,52,0,0,0
l28,1=0,0,22,0,1,0,0,0,15,5,23,39,16,25,23,0,19,82,39,54,80,0,0,1,45,41,0,0,0,0,91,0,44,50,0,44,46,1,63,83,94,57,0,23,14
l29,1=0,0,0,0,0,0,0,0,0,0,0,0,0,0,0,0,0,0,0,44,0,40,1,73,53,0,74,55,0,0,61,67,0,92,0,96,93,98,84,93,94,95,0,0,0
l30,1=0,0,0,0,0,0,0,0,0,0,0,0,0,0,0,0,0,37,0,0,55,26,27,62,41,41,34,68,0,0,91,36,61,0,0,96,93,95,84,93,94,97,21,38,0
l31,1=0,0,0,0,0,0,0,0,0,0,0,0,0,0,0,0,0,0,0,25,0,22,18,67,62,2,61,73,0,0,69,48,61,92,0,0,93,98,84,73,94,97,0,0,0
l32,1=0,0,0,0,0,0,0,0,0,0,0,0,0,0,0,0,0,35,0,0,0,45,30,54,0,40,57,52,0,0,41,31,61,92,0,96,0,98,84,93,83,92,2,0,0
l33,1=0,0,0,0,0,0,0,0,0,0,0,0,0,0,0,0,0,1,0,0,0,41,0,48,54,0,42,0,0,0,56,0,61,84,0,96,93,0,83,88,91,71,0,0,0
l34,1=0,0,0,0,0,0,0,0,0,0,0,0,0,0,14,0,0,57,0,60,43,59,28,52,64,33,58,69,0,0,67,49,61,92,0,96,93,96,0,93,94,97,13,38,0
l35,1=0,0,0,0,0,1,0,0,0,0,0,0,0,0,0,0,8,15,21,63,0,25,23,60,43,46,33,42,0,0,91,67,61,92,0,83,86,55,84,0,94,97,0,0,0
l36,1=0,0,0,0,0,25,0,0,0,0,0,0,0,0,13,0,10,55,11,67,81,14,1,37,40,46,3,23,0,0,91,69,46,91,0,89,53,55,80,89,0,94,0,0,0
l37,1=0,0,0,0,0,28,0,0,0,0,0,0,0,0,24,0,11,48,34,72,49,21,3,34,74,46,30,34,0,0,91,80,59,92,0,96,81,45,84,93,94,0,0,0,0
l38,1=0,0,0,0,0,0,0,0,0,0,46,10,23,4,59,0,52,35,40,63,46,56,41,59,69,67,73,64,0,0,0,0,0,37,0,0,0,0,16,0,0,0,0,80,80
l39,1=0,0,0,0,0,0,0,27,0,0,30,36,3,0,58,0,24,37,52,65,66,29,61,60,79,66,75,62,0,0,0,12,0,33,0,0,0,0,35,0,0,0,75,0,80
l40,1=0,0,0,0,0,0,0,0,0,0,16,0,0,0,56,0,39,34,44,51,54,45,21,23,69,63,64,62,0,0,0,0,0,0,0,0,0,0,0,0,0,0,75,80,0
l41,1=0,0,0,0,0,0,0,0,25,31,57,50,31,33,76,0,69,52,36,72,66,41,0,62,80,71,72,64,0,0,0,23,0,0,0,9,2,0,26,0,0,0,77,82,80
l42,1=0,0,0,0,0,0,0,0,0,0,0,0,0,0,47,0,51,36,44,57,32,52,62,61,70,67,73,61,0,0,0,0,0,0,0,0,13,0,2,0,0,5,74,77,79
l43,1=0,0,0,0,0,0,0,0,0,0,34,0,0,0,53,0,41,35,0,50,46,56,43,58,69,58,70,58,0,0,0,0,38,40,0,42,5,0,2,0,0,0,75,76,80
l44,1=0,0,0,0,0,0,0,0,0,0,0,0,24,34,51,0,10,36,42,47,55,48,54,49,67,65,70,62,0,0,1,0,30,0,0,0,0,0,29,0,0,0,75,72,80

l0,2=0,92,88,94,89,84,89,52,87,89,73,52,81,85,0,0,67,63,17,32,0,0,0,0,0,0,0,0,0,0,54,66,0,0,0,0,0,0,0,0,0,0,0,0,0
l1,2=89,0,89,92,89,86,89,54,91,89,73,56,84,85,65,0,67,68,54,28,23,0,0,0,0,0,0,0,0,0,66,4,0,0,0,0,0,0,0,0,0,0,0,0,0
l2,2=90,90,0,92,88,85,89,92,91,92,76,54,86,86,73,0,63,73,46,50,0,0,0,20,1,51,0,0,0,0,32,61,0,0,0,0,0,0,0,0,0,0,0,0,0
l3,2=94,92,88,0,92,84,84,52,91,89,74,52,85,86,44,0,56,0,49,0,0,0,0,0,0,0,0,0,0,0,0,47,0,0,0,0,0,0,0,0,0,0,0,0,0
l4,2=94,93,88,94,0,87,74,31,92,86,73,33,82,81,68,0,67,71,39,0,0,0,0,0,0,0,0,0,0,0,61,4,0,0,0,0,0,0,0,0,0,0,0,0,0
l5,2=90,92,88,86,90,0,89,54,91,89,74,51,85,84,71,0,67,60,53,30,0,0,0,0,0,0,0,0,0,0,60,61,0,0,0,0,0,0,0,0,0,0,0,0,0
l6,2=90,91,88,90,82,86,0,92,91,90,73,55,86,89,70,0,72,71,56,0,0,40,0,0,0,0,0,0,0,0,59,62,0,0,0,0,0,0,0,0,0,0,0,0,0
l7,2=90,88,88,86,77,80,89,0,92,94,83,94,85,89,65,0,72,0,59,54,38,20,25,37,19,63,48,0,0,0,0,0,0,0,0,0,0,0,0,0,0,0,0,0,0
l8,2=88,88,89,89,88,80,84,92,0,92,82,89,85,89,77,0,72,26,57,63,0,25,42,37,0,48,51,39,0,0,29,45,0,0,0,0,0,0,0,0,0,0,0,0,0
l9,2=89,88,88,86,87,79,84,90,92,0,83,93,85,92,76,0,71,75,58,46,32,35,1,1,41,45,46,41,0,0,19,36,0,0,0,0,0,0,0,0,0,0,0,37,0
l10,2=74,85,87,72,80,81,71,77,77,91,0,90,86,89,68,0,74,52,60,64,57,0,43,42,42,65,61,44,0,0,33,20,0,0,0,0,0,0,0,0,27,0,41,45,0
l11,2=87,88,86,77,76,75,81,93,92,94,83,0,86,92,76,0,73,46,56,30,63,47,41,13,29,63,55,0,0,0,56,29,0,0,0,0,0,0,0,0,0,0,42,43,0
l12,2=81,79,87,83,83,79,81,80,92,89,84,94,0,92,73,0,73,70,59,61,61,0,39,31,52,59,52,52,0,0,17,30,0,0,0,0,0,0,0,0,0,26,17,19,0
l13,2=91,90,86,80,68,80,84,87,92,94,84,94,86,0,76,0,73,40,55,0,41,0,0,33,21,42,0,0,0,0,5,18,0,0,0,0,0,0,0,0,0,0,0,0,0
l14,2=0,42,52,0,44,44,41,48,75,70,70,89,73,74,0,0,74,62,65,69,74,42,39,50,48,64,68,36,0,0,47,57,0,0,0,0,0,0,13,20,33,33,46,62,56
l15,2=53,51,45,11,50,38,68,84,89,45,84,90,85,89,83,0,0,65,60,64,65,54,49,62,51,65,64,43,0,0,61,47,0,0,0,0,0,0,0,20,40,40,48,39,39
l16,2=26,30,61,0,27,24,52,0,18,57,77,62,76,43,74,0,67,0,61,70,71,14,0,0,61,62,14,17,0,0,83,82,2,39,0,0,0,0,6,5,75,32,21,39,0
l17,2=17,44,26,29,35,47,52,57,68,64,84,88,85,58,83,0,68,56,0,60,74,42,42,41,52,24,27,41,0,0,36,39,0,26,0,0,0,0,0,4,50,24,41,50,48
l18,2=27,17,47,0,0,29,0,48,55,40,56,39,55,0,56,0,52,92,42,0,74,66,40,62,78,63,77,53,0,0,46,53,0,38,0,0,0,0,26,0,34,42,52,55,37
l19,2=0,29,0,0,0,0,0,50,0,44,73,64,69,55,83,0,74,92,65,70,0,46,0,49,63,66,62,60,0,0,38,63,0,25,0,0,0,0,0,7,49,40,55,65,50
l20,2=0,0,0,0,0,0,30,40,43,37,0,61,13,2,44,0,52,30,40,59,51,0,83,73,69,69,70,75,0,0,0,0,68,55,0,56,36,59,28,23,35,42,61,66,70
l21,2=0,0,0,0,0,0,0,0,45,0,47,54,44,0,32,0,52,0,34,48,0,73,0,70,69,64,63,71,0,0,0,0,0,0,0,0,19,0,0,0,19,0,62,64,6
l22,2=0,0,1,0,0,0,0,41,47,0,42,29,38,37,44,0,52,0,34,49,43,61,63,0,77,65,77,75,0,0,8,0,66,67,0,59,57,50,43,28,33,0,60,67,56
l23,2=0,0,0,0,0,0,0,15,0,45,43,41,59,23,43,0,49,53,43,59,54,53,62,73,0,73,76,66,0,0,0,0,63,52,0,41,50,47,38,0,34,52,71,75,78
l24,2=0,0,46,0,0,0,0,60,48,33,67,66,61,36,48,0,62,54,21,57,59,64,60,66,78,0,77,66,0,0,24,42,54,39,0,11,36,40,0,27,47,52,71,74,78
l25,2=0,0,0,0,0,0,0,35,39,31,57,39,40,0,48,0,51,26,23,60,53,60,58,79,78,73,0,66,0,0,7,30,62,66,0,38,58,32,22,20,37,31,71,75,76
l26,2=0,0,0,0,0,0,0,0,45,36,47,5,51,0,33,0,42,35,32,49,55,73,70,79,74,67,73,0,0,0,0,0,70,73,0,62,54,47,51,0,40,39,73,69,62
l27,2=61,80,42,0,62,72,62,0,62,39,62,80,28,20,71,0,65,89,54,69,53,0,0,21,0,52,15,0,0,0,0,82,59,87,0,49,46,61,74,84,92,88,0,0,0
l28,2=74,7,58,20,23,62,58,0,68,47,37,38,44,30,70,0,60,90,50,65,65,0,0,0,5,57,44,0,0,0,86,0,65,88,0,66,59,27,85,71,92,92,0,9,30
l29,2=0,0,0,0,0,0,0,0,0,0,0,0,0,0,0,0,0,0,0,0,0,67,0,79,62,60,68,74,0,0,45,77,0,96,0,95,95,96,90,88,92,94,0,25,0
l30,2=0,0,0,0,0,0,0,0,0,0,0,0,0,0,0,0,1,74,8,46,15,32,0,74,55,47,70,70,0,0,82,79,82,0,0,95,95,96,90,88,92,94,46,0,0
l31,2=0,0,0,0,0,0,0,0,0,0,0,0,0,0,0,0,0,15,0,0,0,48,0,74,57,47,68,71,0,0,66,72,82,96,0,0,95,96,90,88,92,94,42,0,0
l32,2=0,0,0,0,0,0,0,0,0,0,0,0,0,0,0,0,0,0,0,0,0,45,50,77,62,59,71,63,0,0,40,67,82,96,0,95,0,96,90,88,0,92,17,0,0
l33,2=0,0,0,0,0,0,0,0,0,0,0,0,0,0,0,0,0,0,0,0,0,51,0,58,58,56,33,17,0,0,56,31,82,96,0,95,95,0,90,87,91,88,0,0,0
l34,2=0,0,0,0,0,0,0,0,0,0,0,0,0,0,1,0,0,42,0,37,0,34,0,69,59,0,52,68,0,0,79,82,82,96,0,95,95,92,0,88,92,94,20,52,0
l35,2=0,0,0,0,0,0,0,0,0,0,0,0,0,0,34,0,32,34,19,19,26,31,0,54,0,50,43,0,0,0,86,81,82,96,0,86,94,92,90,0,92,94,0,0,0
l36,2=0,0,0,0,0,0,0,0,0,0,38,0,0,0,30,0,40,85,49,48,67,32,36,44,50,69,70,49,0,0,86,82,77,92,0,86,0,87,90,88,0,94,0,0,0
l37,2=0,0,0,0,0,0,0,0,0,0,0,0,43,0,33,0,38,39,33,67,46,35,6,0,70,68,54,39,0,0,86,82,81,96,0,92,91,87,90,88,92,0,38,44,0
l38,2=0,0,0,0,0,0,0,0,0,0,20,33,1,0,39,0,40,33,25,45,51,47,40,61,69,58,72,61,0,0,0,0,0,24,0,14,2,0,9,0,0,8,0,79,83
l39,2=0,0,0,0,0,0,0,0,0,12,34,40,0,0,46,0,23,45,30,48,50,45,49,61,76,57,73,54,0,0,0,22,14,0,0,0,0,0,17,0,0,0,76,0,83
l40,2=0,0,0,0,0,0,0,0,0,0,0,0,0,0,41,0,23,0,33,26,39,49,5,53,68,61,62,50,0,0,0,6,0,0,0,0,0,0,0,0,0,0,74,78,0
l41,2=0,0,0,0,0,0,0,0,0,0,56,50,41,41,65,0,61,54,41,57,50,51,0,62,76,66,70,48,0,0,26,36,0,0,0,0,1,0,21,5,30,0,77,80,78
l42,2=0,0,0,0,0,0,0,0,0,0,0,0,0,0,34,0,28,38,32,49,44,0,52,62,76,64,75,54,0,0,0,0,48,21,0,0,0,36,20,0,0,0,74,79,82
l43,2=0,0,0,0,0,0,0,0,0,0,0,0,0,0,34,0,0,20,31,40,36,56,51,57,66,56,65,59,0,0,0,0,0,0,0,2,0,0,26,0,0,0,67,66,80
l44,2=0,0,0,0,0,0,0,0,0,0,0,0,1,0,30,0,0,27,27,37,36,46,53,60,69,64,65,60,0,0,0,0,10,33,0,0,0,2,21,0,0,0,71,70,77

l0,3=0,89,73,96,49,64,70,93,96,89,76,84,85,48,62,0,70,0,39,2,0,0,0,0,0,0,0,0,0,0,36,53,0,0,0,0,0,0,0,0,0,0,0,0,0
l1,3=67,0,94,96,65,82,87,63,97,88,83,92,88,48,0,0,86,86,42,68,63,0,0,0,50,0,27,0,0,0,42,49,0,0,0,0,0,0,0,0,0,0,0,0,0
l2,3=80,97,0,94,81,72,88,98,97,89,83,92,89,94,70,0,86,79,0,72,0,0,0,0,5,0,30,0,0,0,2,0,0,0,0,0,0,0,0,0,0,0,0,0,0
l3,3=64,94,71,0,90,43,61,93,97,87,83,94,90,48,0,0,86,39,30,52,46,0,0,0,0,0,0,0,0,0,0,28,0,0,0,0,0,0,0,0,0,0,0,0,0
l4,3=9,83,71,96,0,84,71,85,97,83,77,94,84,48,67,0,74,0,42,0,0,0,0,0,0,0,0,0,0,0,3,2,0,0,0,0,0,0,0,0,1,0,0,0,0
l5,3=84,98,81,96,85,0,86,99,97,83,84,94,90,48,65,0,77,72,39,63,0,0,0,0,0,0,0,0,0,0,43,55,0,0,0,0,0,0,0,0,0,1,0,0,0
l6,3=52,99,94,91,83,84,0,97,97,89,82,94,89,66,71,0,87,87,44,0,43,0,0,10,0,25,0,0,0,0,42,17,0,0,0,0,0,0,0,0,0,0,0,0,0
l7,3=80,91,90,91,79,72,84,0,97,89,82,94,90,95,85,0,87,68,89,76,76,0,0,64,66,82,83,38,0,0,0,0,0,0,0,0,0,0,0,0,0,0,0,0,0
l8,3=80,96,90,92,82,66,82,98,0,89,82,94,90,95,78,0,86,86,56,76,80,0,87,56,0,46,76,57,0,0,45,0,0,0,0,0,0,0,0,0,0,0,0,30,0
l9,3=80,96,91,92,61,65,83,99,97,0,85,94,90,96,84,0,86,87,92,75,81,21,0,56,57,49,68,52,0,0,42,52,0,0,0,0,0,0,0,0,0,0,0,0,0
l10,3=30,93,90,92,71,71,82,90,92,89,0,92,91,96,87,0,87,85,92,77,85,72,65,61,50,79,81,67,0,0,64,60,0,0,0,0,0,0,0,0,0,0,0,33,0
l11,3=43,78,90,91,78,65,65,99,97,90,82,0,91,96,85,0,87,87,56,72,84,67,73,52,53,58,78,47,0,0,50,57,0,0,0,0,0,0,0,0,0,0,0,29,0
l12,3=50,75,90,91,56,66,82,95,94,87,86,94,0,96,85,0,87,82,92,69,80,44,72,31,69,56,79,62,0,0,41,44,0,0,0,0,0,0,0,0,0,46,0,20,0
l13,3=80,96,90,92,82,65,83,98,97,90,85,94,91,0,86,0,87,84,49,68,75,53,1,61,48,48,0,0,0,0,37,22,0,0,0,0,0,0,0,0,0,0,0,12,1
l14,3=50,0,68,0,63,47,71,84,92,76,85,93,90,94,0,0,87,95,93,87,98,61,68,62,65,82,85,11,0,0,64,79,0,0,0,0,0,0,0,63,21,5,58,56,65
l15,3=25,81,57,84,46,47,83,96,87,85,86,94,91,94,91,0,0,91,92,82,92,78,83,60,78,78,82,44,0,0,83,79,0,37,0,0,0,0,0,0,61,49,51,52,54
l16,3=0,83,48,3,0,37,78,51,77,65,75,85,83,85,93,0,87,0,85,93,98,40,0,46,57,87,78,56,0,0,94,94,0,75,0,0,0,0,60,75,86,64,51,54,59
l17,3=46,76,0,17,61,45,72,81,91,89,86,93,90,73,93,0,87,88,0,89,92,60,73,70,82,68,63,0,0,0,82,83,0,0,0,0,0,0,0,0,78,57,46,45,64
l18,3=0,57,53,0,0,42,0,73,86,70,74,84,72,70,89,0,83,97,93,0,98,76,82,73,91,94,95,75,0,0,90,85,0,33,0,18,0,33,39,56,84,68,44,55,65
l19,3=0,65,0,10,0,0,43,67,84,61,78,87,83,84,93,0,87,97,93,93,0,74,79,69,87,87,80,70,0,0,87,79,44,0,0,0,0,0,34,48,83,0,60,58,64
l20,3=0,0,0,0,0,0,0,0,0,0,66,64,37,55,73,0,84,45,65,85,67,0,100,93,64,89,87,93,0,0,0,2,90,72,0,43,82,71,67,0,0,21,73,62,84
l21,3=0,0,0,0,0,0,0,0,81,0,34,60,55,0,73,0,84,0,69,87,68,88,0,90,88,86,88,92,0,0,0,0,20,48,0,57,0,21,0,0,8,0,49,64,62
l22,3=0,0,0,0,0,0,0,65,53,40,52,43,18,71,68,0,67,38,63,67,54,82,81,0,86,87,95,93,0,0,42,0,64,85,0,74,86,53,63,38,32,39,65,52,68
l23,3=0,44,0,0,0,0,0,30,0,50,47,60,55,66,68,0,71,50,77,91,78,41,77,90,0,94,95,85,0,0,49,42,58,58,0,65,69,51,56,66,50,56,70,66,87
l24,3=0,0,0,0,0,0,28,69,65,50,72,67,53,67,80,0,78,75,52,90,77,84,67,93,91,0,95,79,0,0,0,0,56,59,0,57,49,47,38,57,54,61,67,65,86
l25,3=0,1,3,0,0,0,0,61,65,35,71,60,60,0,85,0,84,76,47,87,61,76,86,94,91,93,0,85,0,0,1,47,44,60,0,69,88,28,70,38,50,44,73,66,85
l26,3=0,0,0,0,0,0,0,37,67,38,65,57,70,0,34,0,65,56,0,87,79,88,92,94,88,87,88,0,0,0,7,0,77,92,0,87,87,58,75,77,58,46,71,36,85
l27,3=37,77,8,0,57,75,59,0,71,69,67,82,70,61,63,0,80,92,82,92,88,0,0,46,41,0,0,0,0,0,0,94,72,87,0,50,66,46,89,93,94,93,33,15,0
l28,3=61,6,0,20,40,73,3,0,0,61,70,75,73,2,84,0,77,97,81,92,80,0,0,0,57,3,72,0,0,0,94,0,76,92,0,63,84,76,94,96,94,94,35,40,0
l29,3=0,0,0,0,0,0,0,0,0,0,0,0,0,0,0,0,0,0,0,0,45,87,30,81,73,82,70,78,0,0,85,80,0,100,0,100,100,100,96,97,92,99,10,0,0
l30,3=0,0,0,0,0,0,0,0,0,0,0,0,0,0,0,0,45,81,0,63,0,74,58,94,67,85,81,91,0,0,93,94,97,0,0,100,100,100,96,97,94,99,52,0,0
l31,3=0,0,0,0,0,0,0,0,0,0,0,0,0,0,0,0,0,0,0,58,0,58,73,85,68,78,85,90,0,0,79,65,97,100,0,0,100,92,96,97,94,99,41,44,3
l32,3=0,0,0,0,0,0,0,0,0,0,0,0,0,0,0,0,0,0,0,0,0,77,0,88,80,63,89,85,0,0,79,87,97,100,0,100,0,100,96,97,93,98,0,0,0
l33,3=0,0,0,0,0,0,0,0,0,0,0,0,0,0,0,0,0,0,0,49,0,71,1,72,57,67,11,65,0,0,3,75,97,100,0,96,100,0,95,97,88,76,0,0,0
l34,3=0,0,0,0,0,0,0,0,0,0,0,0,0,0,0,0,0,81,0,65,9,74,0,85,80,63,83,77,0,0,94,94,97,100,0,100,100,99,0,97,94,99,0,0,0
l35,3=0,0,0,0,0,0,0,0,0,0,0,0,0,0,72,0,0,91,0,79,43,0,0,56,83,86,59,75,0,0,94,94,97,100,0,100,100,100,96,0,94,99,0,1,0
l36,3=0,0,0,0,8,0,0,0,0,0,0,0,0,0,6,0,77,91,82,87,91,0,22,45,70,86,84,59,0,0,94,94,85,100,0,95,93,92,96,97,0,99,35,32,0
l37,3=0,0,0,0,0,26,0,0,0,0,0,0,57,0,30,0,57,86,69,86,0,37,0,78,89,92,75,66,0,0,94,94,97,100,0,100,100,87,96,97,94,0,44,42,0
l38,3=0,0,0,0,0,0,0,0,0,0,0,0,0,0,76,0,62,48,34,37,65,56,44,80,80,70,80,33,0,0,43,21,0,45,0,1,0,0,0,0,30,20,0,70,91
l39,3=0,0,0,0,0,0,0,0,65,0,47,57,15,3,72,0,69,64,52,55,65,51,59,74,81,72,70,11,0,0,0,26,0,0,0,11,0,0,0,0,10,5,77,0,92
l40,3=0,0,0,0,0,0,0,0,0,0,0,0,0,0,72,0,37,36,39,54,32,61,44,77,82,77,77,59,0,0,0,0,0,0,0,0,0,0,0,0,0,0,76,70,0
l41,3=0,0,0,0,0,0,0,0,0,7,26,49,46,78,79,0,77,80,72,79,73,59,10,84,90,87,88,9,0,0,44,47,39,0,0,0,0,0,2,0,3,0,76,67,87
l42,3=0,0,0,0,0,0,0,0,0,0,0,0,0,0,64,0,50,43,50,55,57,42,66,62,85,81,82,40,0,0,0,0,36,42,0,0,0,46,36,0,0,2,71,70,86
l43,3=0,0,0,0,0,0,0,0,0,0,0,0,0,0,54,0,0,30,39,47,42,62,54,74,77,71,81,70,0,0,0,0,39,47,0,0,11,0,41,15,0,0,74,58,89
l44,3=0,0,0,0,0,0,0,0,0,0,0,0,0,0,53,0,0,39,41,53,37,26,62,53,84,80,83,46,0,0,0,0,3,47,0,0,0,10,34,0,0,0,73,62,88

l0,4=0,96,47,84,81,87,96,92,93,71,49,79,87,92,80,0,84,0,0,47,0,0,0,0,0,0,0,0,0,0,39,32,0,0,0,0,0,0,0,0,0,0,0,0,0
l1,4=53,0,90,84,79,88,96,92,93,63,50,79,87,92,64,0,80,79,0,56,59,0,0,0,66,0,0,0,0,0,21,1,0,0,0,0,0,0,0,0,0,0,0,0,0
l2,4=86,97,0,83,82,81,97,93,95,70,51,81,88,93,76,0,77,76,73,50,0,0,0,0,2,0,30,0,0,0,0,37,0,0,0,0,0,0,0,0,0,0,0,0,0
l3,4=95,98,68,0,93,92,95,92,93,63,49,80,86,92,12,0,84,0,71,31,0,0,0,0,0,0,0,0,0,0,14,48,0,0,0,0,0,0,0,0,0,0,0,0,0
l4,4=86,95,69,99,0,86,96,92,93,69,51,80,87,94,70,0,83,56,77,0,0,0,0,0,0,0,0,0,0,0,1,53,0,0,0,0,0,0,0,0,0,0,0,0,0
l5,4=92,98,90,84,82,0,98,95,89,64,56,79,91,89,61,0,82,74,72,0,59,0,0,0,0,0,0,0,0,0,86,27,0,0,0,0,0,0,0,0,44,0,0,0,0
l6,4=86,97,90,31,81,89,0,92,93,73,50,79,87,92,83,0,84,81,76,0,60,0,0,0,0,48,1,0,0,0,74,26,0,0,0,0,0,0,0,0,0,0,0,0,0
l7,4=85,90,87,80,80,82,95,0,95,74,51,81,87,92,85,0,84,0,75,67,68,36,0,75,67,70,69,63,0,0,0,0,0,0,0,0,0,0,0,0,0,0,0,0,0
l8,4=85,96,93,80,80,73,94,96,0,82,38,83,88,93,86,0,84,73,76,65,56,36,0,71,65,47,59,45,0,0,63,3,0,0,0,0,0,0,0,0,0,0,0,65,0
l9,4=85,86,87,32,67,79,96,94,93,0,52,85,87,94,89,0,84,76,78,55,66,0,0,70,73,64,0,62,0,0,75,41,0,0,0,0,0,0,0,0,0,0,0,0,0
l10,4=66,85,68,61,70,86,83,76,79,83,0,61,92,90,91,0,85,76,86,70,72,40,58,73,73,69,67,49,0,0,25,66,0,0,0,0,0,0,0,0,9,1,62,79,3
l11,4=76,94,87,73,80,81,91,96,95,88,45,0,93,95,80,0,85,64,79,62,64,0,59,74,74,62,65,57,0,0,71,43,0,0,0,0,0,0,0,0,0,0,0,49,0
l12,4=68,89,89,67,73,84,95,93,95,65,71,86,0,96,94,0,85,82,69,57,76,0,70,68,76,60,69,66,0,0,53,43,0,0,0,0,0,0,0,0,2,0,34,79,11
l13,4=77,95,87,74,79,72,95,93,93,89,54,85,91,0,89,0,83,81,75,57,69,47,0,72,71,64,66,59,0,0,69,0,0,0,0,0,0,0,0,0,0,0,0,66,0
l14,4=61,55,52,11,53,48,80,68,76,74,56,66,83,87,0,0,85,90,90,80,87,41,0,74,75,76,75,63,0,0,85,61,0,0,0,0,0,0,0,67,34,46,80,83,78
l15,4=65,75,39,59,65,62,89,77,76,76,68,83,91,82,93,0,0,84,87,76,77,60,74,75,77,64,71,64,0,0,90,72,0,63,0,0,0,0,17,0,58,46,77,82,30
l16,4=0,81,59,0,53,68,81,0,74,70,52,52,77,84,94,0,85,0,85,88,90,1,0,0,75,65,72,19,0,0,97,94,0,82,0,0,0,0,73,70,75,58,78,82,62
l17,4=0,0,53,46,57,57,75,59,76,70,66,65,66,76,94,0,85,84,0,77,60,0,58,66,76,65,58,53,0,0,82,67,0,0,0,0,0,0,0,0,44,46,34,69,49
l18,4=30,55,43,0,0,0,0,66,75,47,45,62,60,52,83,0,73,85,81,0,90,59,79,80,81,81,81,82,0,0,86,74,34,45,0,37,0,0,55,54,43,53,63,84,52
l19,4=0,66,0,0,0,55,58,56,63,56,55,53,77,85,94,0,85,90,80,88,0,58,68,68,80,76,73,82,0,0,86,72,40,0,0,0,0,0,56,36,42,50,81,85,69
l20,4=0,0,0,0,0,0,0,28,46,0,33,0,0,42,60,0,74,21,0,70,63,0,97,84,77,92,82,92,0,0,0,0,83,62,0,38,43,61,62,0,1,12,75,77,60
l21,4=0,0,0,0,0,0,0,0,0,0,25,49,49,0,0,0,74,0,38,76,61,94,0,86,74,87,82,88,0,0,0,0,0,0,0,50,0,0,55,0,0,0,60,52,74
l22,4=0,0,0,0,0,0,0,35,48,42,32,47,42,49,52,0,62,0,50,63,44,63,73,0,84,93,90,92,0,0,0,0,53,69,0,48,67,49,68,44,34,37,48,65,53
l23,4=0,13,0,0,0,0,0,33,50,46,36,43,59,51,58,0,64,53,60,84,65,69,63,89,0,95,90,70,0,0,58,7,55,49,0,47,44,52,52,62,19,50,67,91,74
l24,4=0,0,0,0,0,0,40,52,42,47,51,46,52,62,74,0,67,64,67,69,65,74,76,86,83,0,83,74,0,0,14,32,49,54,0,35,40,37,51,62,35,60,48,77,76
l25,4=0,0,0,0,0,0,0,47,47,0,41,50,54,51,62,0,57,57,51,75,53,64,64,90,86,93,0,82,0,0,52,1,61,53,0,48,49,56,55,55,50,35,57,85,66
l26,4=0,0,0,0,0,0,0,36,46,42,30,47,50,47,55,0,55,31,47,78,65,94,94,90,82,88,84,0,0,0,9,34,57,70,0,65,75,51,56,52,31,0,64,51,68
l27,4=63,72,0,16,48,83,84,0,55,57,0,54,52,39,92,0,85,90,88,85,83,0,0,0,69,0,44,0,0,0,0,94,84,85,0,64,67,37,90,100,100,100,42,0,0
l28,4=28,8,24,33,86,47,35,0,0,29,66,67,60,0,74,0,85,90,88,82,83,0,0,0,0,44,0,45,0,0,98,0,79,97,0,78,87,91,90,100,100,100,0,9,0
l29,4=0,0,0,0,0,0,0,0,0,0,0,0,0,0,0,0,0,0,0,38,25,87,0,86,75,63,84,85,0,0,91,68,0,99,0,96,98,44,0,61,100,100,45,33,0
l30,4=0,0,0,0,3,0,0,0,0,0,0,0,0,0,0,0,66,67,0,45,0,75,0,84,62,73,75,85,0,0,75,93,97,0,0,96,98,99,96,100,100,100,73,0,0
l31,4=0,0,0,0,0,0,0,0,0,0,0,0,0,0,0,0,0,0,0,64,9,66,73,81,76,74,72,87,0,0,75,79,97,99,0,0,98,100,96,100,100,100,4,69,69
l32,4=0,0,0,0,0,0,0,0,0,0,0,0,0,0,0,0,0,0,0,0,0,59,0,87,71,72,73,89,0,0,73,85,97,99,0,96,0,100,96,100,100,100,0,0,0
l33,4=0,0,0,0,0,0,0,0,0,0,0,0,0,0,0,0,0,0,0,0,0,87,0,84,71,1,77,71,0,0,1,88,97,99,0,96,98,0,96,99,92,77,0,0,0
l34,4=0,0,0,0,0,0,0,0,0,0,0,0,0,0,0,0,40,76,0,68,58,77,57,88,76,69,71,80,0,0,96,92,97,99,0,96,98,100,0,100,100,100,0,0,0
l35,4=0,0,0,0,0,0,0,0,0,0,0,0,0,0,87,0,0,89,0,82,34,0,0,72,85,87,83,88,0,0,98,94,97,99,0,96,98,100,96,0,100,100,0,23,0
l36,4=0,0,0,0,0,56,0,0,0,0,0,0,10,0,61,0,77,90,82,78,73,0,0,78,52,71,87,50,0,0,98,94,96,99,0,95,98,100,96,100,0,100,0,0,0
l37,4=0,0,0,0,51,0,0,0,0,0,10,0,0,0,73,0,75,84,80,83,76,34,9,83,86,89,64,0,0,0,98,94,97,99,0,96,98,80,96,100,100,0,0,0,68
l38,4=0,0,0,0,0,0,0,0,0,0,25,0,17,0,63,0,53,49,0,47,54,54,48,52,69,46,56,57,0,0,43,10,34,47,0,0,0,0,0,0,0,0,0,92,89
l39,4=0,0,0,0,0,0,0,0,38,0,28,34,39,41,60,0,62,45,56,61,62,56,42,63,69,69,71,52,0,0,37,3,27,0,0,31,0,0,0,2,0,0,71,0,76
l40,4=0,0,0,0,0,0,0,0,0,0,0,0,7,0,62,0,37,38,46,52,50,48,54,59,70,74,57,56,0,0,0,0,0,0,0,20,0,0,0,0,0,26,86,91,0
l41,4=0,0,0,0,0,0,0,0,0,2,0,42,46,60,65,0,60,64,59,60,61,38,46,70,77,66,79,52,0,0,9,52,50,0,0,0,0,0,39,0,0,7,81,87,74
l42,4=0,0,0,0,0,0,0,0,0,0,29,0,0,0,59,0,47,44,52,58,55,58,60,70,72,73,64,57,0,0,0,0,32,0,0,34,27,0,49,0,0,0,68,78,76
l43,4=0,0,0,0,0,0,0,0,0,0,20,0,0,0,53,0,24,41,41,46,48,58,53,57,59,70,67,50,0,0,0,0,52,25,0,22,13,0,17,35,0,0,80,66,88
l44,4=0,0,0,0,0,0,0,0,0,0,0,0,0,0,57,0,50,0,47,54,50,53,56,63,78,78,82,54,0,0,0,0,33,49,0,0,0,6,41,0,0,0,86,73,89

l0,5=0,71,47,89,86,87,76,85,90,54,44,90,80,21,13,0,58,70,1,8,0,0,0,0,0,0,0,0,0,0,26,0,0,0,0,0,0,0,0,0,0,0,0,0,0
l1,5=84,0,76,91,86,61,82,90,90,25,50,87,81,21,12,0,59,77,36,0,13,0,0,0,0,0,0,0,0,0,34,0,0,0,0,0,0,0,0,0,6,0,0,0,0
l2,5=75,81,0,88,85,86,75,92,94,59,27,89,81,89,15,0,50,0,18,11,6,0,0,0,6,0,0,0,0,0,35,49,0,0,0,0,0,0,0,0,0,0,0,0,0
l3,5=87,83,55,0,93,93,66,95,94,13,17,91,70,17,15,0,61,73,31,0,0,0,0,0,0,0,0,0,0,0,51,64,0,0,0,0,0,0,0,0,0,0,0,0,0
l4,5=86,58,48,92,0,93,66,89,90,24,49,90,80,18,0,0,58,64,61,24,0,0,0,0,0,0,0,0,0,0,63,73,0,0,0,0,0,0,0,0,0,0,0,0,0
l5,5=84,63,56,89,86,0,75,90,90,27,53,91,75,21,25,0,58,75,41,13,1,0,0,0,0,5,0,0,0,0,65,53,0,0,0,0,0,0,0,0,11,0,0,0,0
l6,5=84,79,76,64,86,87,0,90,90,82,49,91,82,21,32,0,61,42,71,22,0,0,0,0,5,28,25,0,0,0,0,28,0,0,0,0,0,0,0,0,0,0,0,0,0
l7,5=58,77,76,87,78,85,75,0,94,85,46,91,81,90,58,0,77,0,74,66,0,0,0,0,0,57,37,6,0,0,0,0,0,0,0,0,0,0,0,0,0,0,0,0,0
l8,5=83,82,80,88,86,85,66,96,0,87,59,91,83,93,49,0,82,42,44,51,20,0,41,44,16,40,43,14,0,0,30,0,0,0,0,0,0,0,0,0,0,0,0,35,0
l9,5=82,59,71,55,74,80,75,89,93,0,71,91,81,94,68,0,84,55,72,3,17,5,0,0,15,41,42,11,0,0,25,0,0,0,0,0,0,0,0,0,0,0,0,61,0
l10,5=44,66,41,9,74,50,46,46,55,78,0,88,82,80,79,0,87,79,45,23,39,52,44,26,26,41,52,30,0,0,36,40,0,0,0,0,0,0,0,0,0,37,68,70,0
l11,5=67,42,67,80,74,79,64,89,90,83,68,0,84,92,0,0,84,12,53,22,20,0,0,19,21,23,38,16,0,0,31,49,0,0,0,0,0,0,0,0,0,0,0,1,0
l12,5=73,75,76,22,73,42,75,87,90,83,76,91,0,94,77,0,87,82,57,22,42,14,66,0,26,39,62,36,0,0,30,0,0,0,0,0,0,0,0,0,0,0,65,72,2
l13,5=69,67,68,81,74,79,67,82,90,83,71,91,84,0,68,0,59,80,55,37,44,49,0,26,38,45,25,16,0,0,34,46,0,0,0,0,0,0,0,0,0,0,0,67,0
l14,5=21,7,6,18,16,36,16,35,36,42,71,11,60,55,0,0,87,89,84,51,77,34,40,23,27,20,28,30,0,0,43,37,0,0,0,0,0,0,0,20,14,41,65,76,27
l15,5=39,18,12,35,61,43,43,49,50,41,72,89,81,27,78,0,0,85,81,37,49,61,65,27,27,39,51,32,0,0,30,52,0,8,0,0,0,0,9,0,17,38,64,71,17
l16,5=29,47,0,47,47,43,15,0,25,19,49,19,31,23,51,0,87,0,45,29,31,0,0,25,27,34,51,0,0,0,47,59,0,0,0,3,0,0,30,27,27,60,44,39,19
l17,5=0,15,5,23,47,36,27,39,16,43,59,71,33,26,80,0,87,54,0,17,48,44,40,23,22,45,43,0,0,0,45,37,0,0,0,0,0,0,0,0,12,8,75,72,26
l18,5=6,0,2,0,47,19,27,44,56,0,44,35,32,38,71,0,70,87,46,0,77,63,74,56,74,78,71,71,0,0,46,56,27,6,0,16,18,0,50,31,36,58,76,80,68
l19,5=0,18,1,0,0,17,5,0,26,24,60,58,37,26,79,0,88,88,81,84,0,55,16,25,75,51,47,43,0,0,37,57,0,5,0,0,0,0,26,24,15,62,76,81,58
l20,5=0,0,0,0,0,0,0,7,0,0,15,0,8,25,30,0,57,0,39,71,30,0,92,82,72,68,76,81,0,0,0,0,63,47,0,25,36,34,70,14,22,23,70,82,54
l21,5=0,0,0,0,0,0,0,0,32,0,15,0,22,0,59,0,51,0,37,63,2,86,0,60,67,74,71,81,0,0,0,0,24,0,0,24,0,0,24,0,0,0,71,57,40
l22,5=0,0,0,0,0,0,0,0,48,0,31,39,0,39,43,0,49,56,49,64,50,83,57,0,78,74,79,81,0,0,24,0,22,47,0,15,44,61,63,33,53,40,75,82,62
l23,5=0,0,0,0,0,0,0,0,10,11,31,25,51,11,59,0,63,69,37,72,56,65,66,85,0,80,80,75,0,0,6,0,13,21,0,46,16,29,0,62,10,61,76,81,69
l24,5=0,0,0,0,0,8,19,52,28,19,39,22,38,41,46,0,47,43,62,66,52,63,76,82,79,0,75,74,0,0,0,16,17,16,0,27,13,0,21,55,24,29,63,80,64
l25,5=0,0,0,0,0,0,11,25,27,14,31,24,54,12,53,0,63,63,63,70,13,71,76,86,80,77,0,77,0,0,10,11,61,36,0,31,14,46,44,35,12,36,64,85,61
l26,5=0,0,0,0,0,0,0,18,23,6,19,27,27,34,46,0,45,0,0,71,48,86,82,86,72,67,73,0,0,0,7,1,41,46,0,44,42,26,41,0,36,31,47,52,38
l27,5=16,30,29,61,64,32,0,0,33,11,25,18,24,22,28,0,45,88,26,25,21,0,0,17,5,0,11,1,0,0,0,95,25,34,0,51,40,75,33,32,54,86,26,0,0
l28,5=0,0,29,68,67,37,17,0,0,0,26,25,0,19,23,0,86,89,20,62,76,0,0,0,0,38,41,0,0,0,87,0,44,61,0,56,53,77,35,84,85,86,36,48,0
l29,5=0,0,0,0,0,0,0,0,0,0,0,0,0,0,0,0,0,6,0,53,0,62,26,35,53,49,66,63,0,0,50,50,0,87,0,77,86,88,84,77,67,78,1,32,26
l30,5=0,0,0,0,0,0,0,0,0,0,0,0,0,0,0,0,7,0,0,7,0,37,0,46,29,24,61,71,0,0,26,63,80,0,0,77,84,87,84,76,86,82,31,45,30
l31,5=0,0,0,0,0,0,0,0,0,0,0,0,0,0,0,0,0,17,0,43,0,50,37,49,69,54,52,71,0,0,58,54,80,87,0,0,92,94,84,76,86,82,23,16,28
l32,5=0,0,0,0,0,0,0,0,0,0,0,0,0,0,0,0,0,0,0,43,0,53,0,82,57,50,52,69,0,0,44,64,80,87,0,77,0,94,84,76,86,81,0,0,2
l33,5=0,0,0,0,0,0,0,0,0,0,0,0,0,0,0,0,0,0,0,0,0,52,0,74,43,0,67,47,0,0,52,62,80,87,0,77,89,0,84,68,86,69,0,0,0
l34,5=0,0,0,0,0,9,0,0,0,0,0,0,0,0,0,0,32,59,0,63,22,57,39,65,0,41,54,58,0,0,51,41,80,87,0,67,61,83,0,86,82,82,0,6,36
l35,5=0,0,0,0,0,2,0,0,0,0,0,0,0,0,22,0,0,30,0,24,16,31,0,27,45,46,52,0,0,0,78,54,80,87,0,72,84,81,84,0,92,91,0,0,0
l36,5=0,17,0,0,0,23,0,0,0,0,0,7,0,0,23,0,39,30,14,26,16,33,0,29,26,41,45,43,0,0,86,65,31,87,0,61,65,87,84,87,0,91,0,0,0
l37,5=0,0,0,0,20,0,0,0,0,0,14,0,0,0,17,0,25,27,14,27,17,35,0,28,45,33,52,42,0,0,78,32,80,86,0,71,66,80,84,87,92,0,14,0,1
l38,5=0,0,0,0,0,0,0,0,0,0,18,0,12,0,43,0,37,18,42,25,23,21,36,49,69,33,37,36,0,0,7,9,0,16,0,1,0,0,0,0,0,0,0,6,77
l39,5=0,0,0,0,0,0,0,0,0,1,13,0,10,6,55,0,51,5,46,64,32,47,27,71,67,67,75,27,0,0,0,13,6,12,0,0,0,0,0,0,0,0,23,0,77
l40,5=0,0,0,0,0,0,0,0,0,0,0,0,0,0,43,0,38,4,36,56,23,32,30,61,68,61,59,39,0,0,0,0,8,14,0,3,0,0,5,0,0,0,84,84,0
l41,5=0,0,0,0,0,0,0,0,0,12,17,36,37,5,59,0,61,69,63,64,52,0,62,73,70,65,75,34,0,0,13,14,13,0,0,0,0,0,3,0,13,0,83,85,69
l42,5=0,0,0,0,0,0,0,0,0,0,8,0,0,0,47,0,31,22,34,64,33,42,31,77,69,68,72,68,0,0,0,0,0,17,0,14,11,0,13,0,10,0,82,85,80
l43,5=0,0,0,0,0,0,0,0,0,0,16,0,0,0,4,0,0,0,33,18,14,26,34,65,58,66,73,54,0,0,0,0,18,13,0,14,0,8,33,19,0,0,82,84,77
l44,5=0,0,0,0,0,0,0,0,0,0,11,1,0,0,46,0,37,26,30,60,12,43,43,75,70,66,75,63,0,0,18,0,0,20,0,0,0,0,0,0,0,0,82,80,76

l0,6=0,52,69,93,87,90,51,42,82,76,59,0,62,82,32,0,77,47,0,29,33,0,0,0,0,0,0,0,0,0,63,13,0,0,0,0,0,0,0,0,0,0,0,0,0
l1,6=83,0,84,92,89,90,57,54,85,77,35,40,73,84,9,0,39,19,59,32,25,0,0,0,0,0,0,0,0,0,57,10,0,0,0,0,0,0,0,0,0,0,0,0,0
l2,6=74,91,0,91,87,88,55,56,89,74,44,37,88,84,32,0,43,47,39,29,11,0,0,1,0,30,0,0,0,0,0,0,0,0,0,0,0,0,0,0,0,0,0,0,0
l3,6=95,92,82,0,89,89,37,36,62,73,69,42,61,77,37,0,77,23,15,0,0,0,0,0,0,0,0,0,0,0,10,24,0,0,0,0,0,0,0,0,0,0,0,0,0
l4,6=88,54,76,93,0,90,53,36,63,71,15,42,72,33,6,0,67,0,17,23,0,0,0,0,0,0,0,0,0,0,46,34,0,0,0,0,0,0,0,0,0,0,0,0,0
l5,6=87,81,72,66,89,0,54,36,77,71,74,40,68,81,67,0,78,15,45,7,0,0,0,0,0,6,0,0,0,0,42,32,0,2,0,0,0,0,3,4,3,0,0,0,0
l6,6=88,94,75,53,87,88,0,55,85,82,76,35,85,77,63,0,74,41,44,41,53,1,0,0,13,47,10,0,0,0,1,6,0,0,0,0,0,0,0,0,0,0,0,0,0
l7,6=73,91,81,71,78,76,55,0,89,85,65,87,75,86,64,0,72,41,52,62,24,0,0,0,0,55,47,0,0,0,0,0,0,0,0,0,0,0,0,0,0,0,0,0,0
l8,6=81,87,82,65,82,81,50,58,0,85,65,86,86,84,70,0,73,36,30,65,0,30,27,41,25,55,52,21,0,0,0,2,0,0,0,0,0,0,0,0,0,0,0,0,0
l9,6=84,87,68,82,83,81,54,58,89,0,77,87,89,86,70,0,78,53,84,30,47,0,21,5,20,50,36,10,0,0,59,0,0,0,0,0,0,0,0,0,0,0,16,0,0
l10,6=51,8,21,49,32,83,48,43,67,69,0,76,86,81,73,0,85,67,76,41,49,24,20,57,49,45,50,28,0,0,0,32,0,0,0,0,0,0,0,0,1,38,37,25,0
l11,6=11,59,50,76,81,82,42,53,83,77,77,0,89,82,70,0,79,46,82,67,36,29,20,56,70,36,30,33,0,0,55,25,0,0,0,0,0,0,0,0,0,0,0,0,0
l12,6=50,86,74,42,82,73,53,51,86,82,82,87,0,86,71,0,79,55,84,70,70,0,0,40,77,40,57,23,0,0,56,33,0,0,0,0,0,0,0,0,0,0,36,40,0
l13,6=83,86,66,57,40,82,45,58,89,87,80,87,89,0,70,0,77,54,81,70,50,9,0,52,40,55,36,34,0,0,61,32,0,0,0,0,0,0,0,0,0,0,0,0,0
l14,6=26,4,6,13,21,60,33,39,63,39,82,65,86,61,0,0,82,78,89,79,53,13,27,53,46,39,0,33,0,0,65,32,0,15,0,0,0,0,34,0,38,0,28,50,31
l15,6=47,14,19,43,39,68,43,43,68,40,81,72,79,55,70,0,0,68,83,43,49,51,33,59,47,13,50,51,0,0,55,36,0,3,0,0,0,0,30,29,50,0,36,46,3
l16,6=56,9,4,16,0,24,31,34,33,17,43,34,44,33,43,0,45,0,84,49,51,0,0,60,49,25,48,31,0,0,77,47,8,0,0,14,0,0,49,0,71,58,28,50,4
l17,6=0,40,14,9,25,59,32,22,27,38,44,71,76,50,75,0,72,68,0,70,78,26,29,60,46,44,46,52,0,0,66,37,0,0,0,0,0,0,0,0,0,31,42,50,23
l18,6=45,17,22,0,8,23,13,36,52,13,37,52,68,56,68,0,64,62,69,0,81,61,42,61,80,80,67,63,0,0,36,32,35,33,0,22,3,0,50,47,53,34,44,57,43
l19,6=43,14,11,0,0,8,25,20,17,26,64,47,67,40,69,0,77,78,86,80,0,43,43,53,84,72,40,56,0,0,64,58,0,31,0,0,0,0,46,46,51,47,0,51,0
l20,6=0,0,0,0,0,0,0,0,19,1,21,26,0,7,32,0,57,7,50,60,55,0,75,76,81,83,67,79,0,0,11,1,66,47,0,29,39,6,51,20,17,32,51,44,44
l21,6=0,0,0,0,0,0,0,0,28,0,22,25,0,0,52,0,56,0,32,55,55,83,0,66,71,70,60,79,0,0,0,0,25,31,0,0,0,0,29,1,0,0,36,27,33
l22,6=0,0,0,0,0,0,0,0,18,0,21,27,19,26,30,0,49,25,41,55,35,72,42,0,83,83,74,80,0,0,0,19,0,63,0,32,54,21,41,0,25,34,55,31,50
l23,6=0,0,0,0,0,0,1,0,5,8,40,38,61,32,52,0,56,48,53,66,70,68,44,76,0,83,77,70,0,0,31,25,20,35,0,47,15,0,43,27,27,31,67,63,56
l24,6=0,0,5,0,0,13,13,22,48,17,54,28,46,38,34,0,13,24,66,66,67,65,43,76,84,0,76,70,0,0,18,14,2,17,0,26,11,0,30,0,19,32,64,56,58
l25,6=0,0,0,0,0,0,0,13,28,4,42,23,48,26,1,0,57,44,51,66,26,61,30,76,84,84,0,65,0,0,0,0,38,42,0,35,18,24,30,18,30,31,58,67,28
l26,6=0,0,0,0,0,0,0,0,22,6,6,20,24,26,36,0,47,10,30,65,64,80,63,75,81,83,68,0,0,0,14,0,61,46,0,42,48,22,52,19,19,33,56,24,30
l27,6=39,8,0,10,22,23,17,0,0,14,0,29,36,25,28,0,23,79,77,4,23,1,0,0,8,7,0,4,0,0,0,47,29,43,0,21,33,27,58,70,76,53,2,0,0
l28,6=6,2,0,38,53,58,7,0,1,0,30,34,59,36,34,0,42,79,62,35,42,1,0,37,36,14,0,0,0,0,88,0,61,45,0,30,43,49,50,58,75,79,24,0,0
l29,6=0,0,0,0,0,0,0,0,0,0,0,0,0,0,0,0,0,11,0,45,0,59,32,0,52,1,60,58,0,0,43,52,0,79,0,77,74,72,70,64,57,65,12,33,0
l30,6=0,0,0,0,0,5,0,0,0,0,0,0,0,0,18,0,19,0,0,31,19,33,34,61,65,35,60,40,0,0,62,52,81,0,0,68,68,70,70,60,68,69,16,0,23
l31,6=0,0,0,0,0,0,0,0,0,0,0,0,0,0,0,0,0,38,0,33,0,50,0,52,71,60,56,52,0,0,55,38,81,74,0,0,78,83,63,61,60,66,0,0,0
l32,6=0,0,0,0,0,0,0,0,0,0,0,0,0,0,0,0,0,1,0,0,0,55,0,69,60,60,56,59,0,0,61,48,81,76,0,77,0,74,58,60,57,65,14,0,0
l33,6=0,0,0,0,0,0,0,0,0,0,0,0,0,0,0,0,0,0,0,0,0,0,0,55,0,0,57,51,0,0,58,36,79,71,0,77,67,0,58,53,56,65,0,0,0
l34,6=0,0,0,0,0,0,0,0,0,0,0,0,0,0,28,0,28,47,0,56,38,60,35,60,66,52,60,57,0,0,65,40,79,73,0,67,64,66,0,71,66,77,25,33,0
l35,6=0,0,0,0,0,14,0,0,0,0,0,0,0,0,0,0,20,0,0,34,37,34,1,1,42,0,43,32,0,0,45,39,81,68,0,65,64,57,70,0,79,87,6,23,0
l36,6=0,0,0,0,0,0,0,0,0,0,0,0,0,0,14,0,20,64,7,35,25,18,0,60,41,26,46,32,0,0,81,51,72,78,0,67,67,55,70,77,0,81,0,12,0
l37,6=0,0,0,0,0,0,0,0,0,0,14,0,0,0,0,0,0,49,46,34,19,35,0,59,41,39,45,36,0,0,69,45,70,76,0,65,66,60,70,83,70,0,0,10,0
l38,6=0,0,0,0,0,0,0,0,0,0,10,0,12,0,29,0,22,10,17,23,0,24,6,29,71,52,28,59,0,0,0,11,2,1,0,0,4,0,17,1,0,0,0,71,71
l39,6=0,0,0,0,0,0,0,0,0,0,5,0,17,0,46,0,26,15,46,65,50,23,4,25,74,55,75,14,0,0,0,0,11,0,0,0,0,0,15,3,4,1,76,0,71
l40,6=0,0,0,0,0,0,0,0,0,0,0,0,0,0,40,0,13,16,11,45,0,23,14,46,59,55,21,15,0,0,0,0,0,11,0,0,0,0,0,0,0,0,75,70,0
l41,6=0,0,0,0,0,0,0,0,10,0,0,22,62,14,62,0,55,34,71,69,71,49,7,67,83,82,73,15,0,0,24,0,8,0,0,0,0,0,24,0,20,14,71,71,63
l42,6=0,0,0,0,0,0,0,0,0,0,9,0,0,0,25,0,14,14,14,67,44,0,0,69,76,80,70,65,0,0,0,0,26,15,0,13,10,10,25,5,20,0,75,69,49
l43,6=0,0,0,0,0,0,0,0,0,0,4,0,6,0,27,0,0,0,18,24,29,34,16,62,36,80,57,60,0,0,0,0,23,14,0,19,0,8,24,0,0,0,72,65,70
l44,6=0,0,0,0,0,0,0,0,0,0,0,0,1,2,15,0,24,15,17,24,19,26,20,55,82,76,69,65,0,0,0,0,0,0,0,0,0,0,0,0,0,19,75,68,70

l0,7=0,89,96,94,97,93,94,89,80,79,83,88,76,82,4,0,33,47,0,43,0,0,0,0,0,0,0,0,0,0,0,44,0,0,0,0,0,0,0,0,0,7,0,0,0
l1,7=96,0,97,95,97,93,94,96,88,84,85,89,65,57,1,0,39,17,68,55,0,0,0,0,0,0,0,0,0,0,20,12,0,0,0,0,0,0,0,0,0,0,0,0,0
l2,7=87,88,0,94,97,93,93,96,89,78,38,92,81,84,24,0,22,26,80,73,23,0,0,0,0,8,0,0,0,0,68,0,0,0,0,0,0,0,0,0,0,0,0,0,0
l3,7=96,89,99,0,96,86,90,55,0,83,26,72,52,54,6,0,17,17,57,11,0,0,0,0,0,0,0,0,0,0,67,43,0,0,0,0,0,0,0,0,15,0,0,0,0
l4,7=73,88,97,95,0,94,90,48,75,72,85,91,51,50,0,0,4,13,0,52,0,0,0,0,0,0,0,0,0,0,81,44,0,0,0,0,0,0,0,0,0,0,0,0,0
l5,7=95,88,97,40,97,0,94,54,89,41,85,91,51,51,7,0,39,19,78,50,14,0,0,0,0,0,0,0,0,0,76,7,0,0,0,0,0,0,0,0,0,0,0,0,0
l6,7=95,88,97,88,97,92,0,98,89,84,86,90,44,42,25,0,29,45,76,1,18,0,0,0,0,24,0,0,0,0,51,56,0,0,0,0,0,0,0,0,0,0,0,0,0
l7,7=81,75,89,83,80,80,94,0,89,84,66,92,75,84,59,0,51,60,0,69,63,14,7,0,55,50,40,40,0,0,0,0,0,0,0,0,0,0,0,0,0,0,0,0,0
l8,7=82,85,92,0,85,87,92,98,0,86,67,92,84,81,38,0,58,23,76,68,53,51,53,46,34,32,70,36,0,0,0,0,0,0,0,0,0,0,0,0,0,0,0,0,0
l9,7=84,84,92,88,91,69,95,98,89,0,80,93,86,86,58,0,37,20,80,65,54,17,0,42,0,19,34,0,0,0,53,44,0,0,0,0,0,0,0,0,0,0,0,51,0
l10,7=54,66,58,2,72,76,84,58,43,44,0,80,84,82,74,0,70,28,85,73,47,6,15,67,55,21,25,0,0,0,34,50,0,0,0,0,0,0,0,0,0,0,20,64,0
l11,7=83,80,94,63,92,88,87,95,82,79,85,0,86,83,66,0,63,27,85,77,0,1,0,52,51,8,30,37,0,0,0,36,0,0,0,0,0,0,0,0,0,0,0,49,0
l12,7=77,86,91,79,85,75,58,89,82,82,86,93,0,87,73,0,69,21,85,76,45,1,13,40,67,22,27,11,0,0,19,39,0,0,0,0,0,0,0,0,2,0,11,29,0
l13,7=86,84,94,89,90,87,76,95,82,82,86,93,86,0,70,0,13,65,85,78,65,5,18,60,54,45,0,6,0,0,59,36,0,0,0,0,0,0,0,0,3,0,0,0,0
l14,7=15,0,31,4,0,21,50,41,31,28,86,51,84,83,0,0,72,80,91,83,52,9,0,57,61,23,11,14,0,0,77,56,0,0,0,0,0,0,30,0,19,0,20,69,42
l15,7=32,49,54,18,15,67,62,42,42,23,87,51,86,16,62,0,0,29,86,78,50,10,20,57,58,21,24,7,0,0,14,47,0,29,0,0,0,0,0,0,17,0,16,29,0
l16,7=48,5,58,14,13,42,53,31,7,4,37,38,37,41,51,0,26,0,88,83,62,3,0,35,59,22,22,1,0,0,87,82,0,33,0,0,23,0,60,30,46,2,20,62,0
l17,7=0,39,61,35,0,21,53,0,28,27,83,78,84,78,83,0,46,50,0,75,48,7,0,64,54,24,11,13,0,0,77,54,0,0,0,0,0,0,8,0,0,9,7,68,0
l18,7=25,34,31,0,32,39,0,44,30,20,35,59,49,55,76,0,60,83,63,0,74,67,32,0,67,64,82,75,0,0,65,53,31,27,0,0,0,3,63,20,50,17,18,71,36
l19,7=0,0,25,0,0,44,45,32,31,38,39,0,49,56,54,0,70,86,85,81,0,24,18,73,83,40,24,33,0,0,64,39,0,34,0,0,0,7,51,46,38,1,21,56,49
l20,7=0,0,0,0,0,0,0,20,29,10,16,20,10,13,40,0,49,7,25,76,49,0,82,84,84,71,74,80,0,0,0,0,63,47,0,10,43,0,72,0,0,0,13,51,58
l21,7=0,0,0,0,0,0,0,37,54,0,41,0,39,34,3,0,56,0,0,67,53,76,0,68,84,64,75,80,0,0,0,0,21,0,0,0,1,0,31,0,0,0,63,0,54
l22,7=0,0,0,0,0,0,0,0,24,6,59,34,20,25,35,0,49,21,56,1,63,72,59,0,86,70,85,80,0,0,0,0,50,72,0,56,67,36,69,24,20,48,75,65,20
l23,7=0,0,0,0,0,0,0,22,7,0,33,38,55,19,52,0,52,62,61,71,65,68,61,84,0,74,85,76,0,0,0,18,24,63,0,53,18,0,30,20,27,11,73,75,61
l24,7=0,0,7,0,0,0,26,50,10,17,47,20,55,35,36,0,24,34,68,73,65,67,32,81,86,0,85,76,0,0,21,5,0,25,0,21,31,6,15,44,14,9,75,70,61
l25,7=0,0,0,0,0,0,0,21,12,15,48,30,49,0,52,0,55,58,61,77,28,40,5,85,86,74,0,72,0,0,0,16,34,67,0,35,42,26,22,21,56,11,72,79,74
l26,7=0,0,0,0,0,0,0,31,10,0,0,30,18,15,32,0,26,8,43,73,39,71,70,83,84,71,83,0,0,0,12,0,50,59,0,40,68,34,75,21,12,24,75,48,20
l27,7=0,20,38,31,49,53,20,0,0,16,14,0,14,13,31,0,4,32,79,49,21,0,0,0,0,17,0,1,0,0,0,81,0,49,0,41,72,58,77,33,50,29,2,4,0
l28,7=46,11,0,25,37,40,47,0,0,22,38,33,18,13,28,0,21,85,28,45,18,0,0,2,35,2,11,0,0,0,90,0,45,49,0,38,73,61,65,49,38,23,0,0,0
l29,7=0,0,0,0,0,0,0,0,0,0,0,0,0,0,0,0,0,0,0,51,0,59,9,61,67,0,74,62,0,0,0,56,0,81,0,89,85,74,80,81,71,65,6,45,9
l30,7=0,0,0,0,0,0,0,0,0,0,0,0,0,0,0,0,18,20,0,22,16,23,0,66,51,18,59,33,0,0,69,58,83,0,0,80,79,69,79,65,80,67,0,3,13
l31,7=0,0,0,0,0,0,0,0,0,0,0,0,0,0,0,0,0,8,0,6,0,17,0,60,81,47,79,65,0,0,60,53,83,79,0,0,85,87,80,67,75,63,0,0,0
l32,7=0,0,0,0,0,0,0,0,0,0,0,0,0,0,0,0,0,28,0,0,0,62,0,68,36,56,75,64,0,0,67,58,83,78,0,89,0,84,76,68,66,63,0,0,0
l33,7=0,0,0,0,0,0,0,0,0,0,0,0,0,0,0,0,0,0,0,0,0,0,0,46,0,0,75,67,0,0,61,55,79,74,0,89,85,0,73,67,66,63,17,0,0
l34,7=0,0,0,0,0,0,0,0,0,0,0,0,0,0,5,0,0,39,3,43,18,61,16,61,46,11,22,69,0,0,68,57,82,80,0,80,76,73,0,76,81,68,38,57,0
l35,7=0,0,0,0,0,7,0,0,0,0,0,0,0,0,0,0,3,27,6,24,18,0,0,39,46,30,22,25,0,0,56,58,83,75,0,66,76,70,81,0,87,82,20,0,0
l36,7=0,0,0,3,0,0,0,0,0,0,0,0,7,0,22,0,22,74,0,25,21,0,0,40,47,22,46,21,0,0,72,60,80,81,0,81,76,73,81,81,0,65,0,34,0
l37,7=40,0,0,0,0,14,0,0,0,0,7,0,0,0,0,0,0,11,23,23,0,3,0,43,47,25,43,24,0,0,69,58,82,78,0,66,73,69,81,82,82,0,21,0,0
l38,7=0,0,0,0,0,0,0,0,0,0,3,0,12,0,16,0,4,18,0,41,53,2,2,64,66,65,67,62,0,0,3,0,1,0,0,0,0,12,21,3,0,4,0,76,82
l39,7=0,0,0,0,0,0,0,0,0,10,17,20,11,0,35,0,5,38,58,75,6,11,0,48,83,57,84,19,0,0,0,0,6,0,0,0,0,0,21,0,1,0,82,0,80
l40,7=0,0,0,0,0,0,0,0,0,0,0,0,0,0,15,0,0,0,3,26,26,18,9,14,38,48,69,11,0,0,0,0,0,0,0,0,0,0,0,0,0,0,82,75,0
l41,7=0,0,0,0,0,1,0,2,12,0,17,18,47,0,60,0,50,27,63,66,69,47,2,28,85,71,84,48,0,0,22,37,16,0,0,0,0,0,22,0,0,6,79,79,78
l42,7=0,0,0,0,0,0,0,0,0,0,0,0,0,0,36,0,25,20,12,34,45,48,4,30,63,69,83,62,0,0,0,0,19,25,0,0,14,1,18,0,0,0,82,77,60
l43,7=0,0,0,0,0,0,0,0,0,0,0,0,18,0,4,0,6,21,25,31,31,26,14,30,48,62,83,28,0,0,0,0,10,0,0,12,2,0,21,3,9,0,82,76,79
l44,7=0,0,0,0,0,0,0,0,0,0,0,0,0,0,17,0,13,25,24,26,16,48,22,75,84,69,78,68,0,0,0,0,13,17,0,10,0,0,0,0,0,4,82,78,76

l0,8=0,99,98,96,100,96,94,84,66,49,53,91,92,60,21,0,80,41,35,23,0,0,0,0,0,0,0,0,0,0,64,7,0,0,0,0,0,0,0,0,0,0,0,0,0
l1,8=98,0,98,96,99,95,92,94,98,96,62,91,92,29,65,0,63,52,16,72,0,0,0,0,16,0,0,0,0,0,93,17,0,0,0,0,0,0,0,0,0,0,0,0,0
l2,8=97,95,0,96,99,92,92,0,98,98,23,96,51,99,27,0,72,42,44,45,69,0,0,0,0,0,0,0,0,0,63,0,0,0,0,0,0,0,0,0,0,0,0,15,0
l3,8=99,99,99,0,100,96,94,87,86,58,61,56,94,61,1,0,61,42,29,38,0,0,0,0,0,0,0,0,0,0,57,0,0,0,0,0,0,0,0,0,0,0,0,0,0
l4,8=98,96,65,99,0,96,92,83,87,59,58,91,57,60,2,0,52,49,29,95,0,0,0,0,0,0,0,0,0,0,98,41,0,0,0,0,0,0,0,0,0,0,0,0,0
l5,8=99,99,66,79,100,0,97,87,98,59,56,93,90,60,68,0,83,43,22,76,83,0,0,0,0,0,0,0,0,0,61,51,0,0,0,0,0,0,0,0,0,0,0,0,0
l6,8=99,99,99,96,100,98,0,97,98,98,62,96,95,98,96,0,98,58,58,9,92,0,0,0,0,56,8,0,0,0,58,0,0,0,0,0,0,0,0,0,2,0,0,0,0
l7,8=94,95,60,93,95,94,92,0,98,99,94,98,95,99,91,0,95,66,57,90,93,44,0,28,90,60,49,0,0,0,4,0,0,0,0,0,0,0,0,0,0,0,0,0,0
l8,8=57,95,98,72,95,92,87,98,0,98,96,98,94,99,89,0,91,40,53,90,93,65,4,33,84,0,20,81,0,0,13,0,0,0,0,0,0,0,0,0,0,0,0,0,0
l9,8=78,96,97,72,97,93,97,98,98,0,96,99,96,99,91,0,99,32,37,87,93,50,0,31,85,59,44,0,0,0,53,50,0,0,0,0,0,0,0,0,0,0,0,65,0
l10,8=69,91,7,63,55,46,87,92,94,95,0,57,97,98,97,0,99,47,87,90,94,46,11,53,85,76,55,0,0,0,0,90,0,0,0,0,0,0,0,0,0,0,0,68,0
l11,8=94,86,91,54,73,91,86,97,98,98,82,0,97,99,91,0,92,30,91,78,42,26,0,35,85,62,46,44,0,0,19,0,0,0,0,0,0,0,0,0,0,0,35,0,10
l12,8=94,88,83,65,49,55,86,91,98,99,98,99,0,99,91,0,99,49,91,90,93,20,39,4,88,82,53,41,0,0,63,66,0,0,0,0,0,0,0,0,0,0,57,0,4
l13,8=82,59,95,91,96,91,86,98,96,99,96,99,97,0,91,0,90,51,91,88,93,81,38,51,88,82,0,46,0,0,0,79,0,0,0,0,0,0,0,0,63,0,0,0,0
l14,8=14,26,0,0,0,17,54,82,80,55,75,57,58,97,0,0,83,62,97,98,100,53,15,32,88,87,55,25,0,0,65,91,0,0,0,0,0,0,5,16,0,49,65,81,52
l15,8=49,33,81,43,23,65,60,97,97,99,98,99,97,99,99,0,0,100,97,96,100,86,3,39,92,87,53,52,0,0,54,97,0,24,0,0,0,0,0,48,75,0,60,63,46
l16,8=66,22,51,26,17,24,34,66,15,36,63,38,54,50,99,0,83,0,62,98,100,11,0,0,85,90,41,0,0,0,99,100,10,0,0,0,1,9,48,87,100,78,72,71,38
l17,8=21,10,70,5,13,14,55,69,84,26,75,58,58,96,99,0,83,63,0,95,100,49,21,24,88,85,56,50,0,0,65,48,0,0,0,0,0,0,0,44,0,41,66,78,49
l18,8=0,28,1,0,38,28,1,73,86,32,36,28,49,50,99,0,80,100,88,0,100,95,49,84,95,90,91,90,0,0,86,81,36,32,0,0,6,0,49,54,73,79,74,83,77
l19,8=0,0,33,0,0,49,71,80,79,77,51,30,56,66,99,0,98,100,97,98,0,54,0,61,93,89,59,52,0,0,58,73,0,68,0,0,0,0,42,72,87,69,80,85,71
l20,8=0,0,0,0,0,0,0,31,56,12,45,3,31,57,58,0,57,31,58,90,63,0,96,92,91,89,64,89,0,0,0,0,55,65,0,4,30,0,75,62,24,33,62,62,61
l21,8=0,0,0,0,0,0,0,0,44,0,3,0,58,56,54,0,32,0,58,80,0,95,0,85,91,88,63,89,0,0,0,0,42,54,0,0,42,0,68,0,0,0,62,62,62
l22,8=0,0,0,0,0,0,0,0,3,3,41,23,16,29,59,0,37,0,28,73,64,94,71,0,94,88,87,88,0,0,0,0,30,74,0,57,23,38,77,28,19,58,62,80,61
l23,8=0,0,0,0,0,0,0,41,0,0,47,43,44,45,63,0,57,34,61,82,75,89,74,93,0,90,91,88,0,0,17,6,56,73,0,49,9,13,69,45,58,32,63,86,79
l24,8=0,0,0,0,0,0,16,52,24,12,44,18,50,44,73,0,52,64,81,78,65,89,69,87,95,0,91,85,0,0,16,12,46,0,0,21,24,11,60,37,58,27,77,48,32
l25,8=0,0,0,0,0,0,0,41,10,33,55,45,58,47,59,0,52,58,57,77,65,74,19,93,95,90,0,76,0,0,0,2,51,74,0,17,40,58,58,0,52,29,67,88,66
l26,8=0,0,0,0,0,0,2,12,26,0,1,24,11,31,26,0,40,0,60,80,56,94,79,92,93,88,75,0,0,0,0,0,35,75,0,26,65,23,83,33,0,30,77,65,45
l27,8=72,71,33,26,54,22,33,12,11,27,2,23,36,9,95,0,48,100,62,98,91,0,0,0,57,57,0,0,0,0,0,100,68,98,0,59,37,36,61,100,100,98,54,0,15
l28,8=0,34,0,0,30,40,0,0,1,26,53,0,31,74,88,0,56,100,15,90,87,0,0,0,33,13,6,0,0,0,99,0,86,99,0,24,82,25,60,75,100,81,39,40,0
l29,8=0,0,0,0,0,0,0,0,0,0,0,0,0,0,0,0,0,21,0,52,0,83,29,47,91,77,76,82,0,0,40,84,0,99,0,98,100,90,99,100,86,87,62,63,0
l30,8=0,0,0,0,4,0,0,0,0,0,0,0,0,0,0,0,19,0,0,43,76,44,28,69,82,0,76,78,0,0,85,80,97,0,0,91,84,90,95,91,97,87,37,0,0
l31,8=0,0,0,0,0,0,0,0,0,0,0,0,0,0,0,0,0,1,0,25,0,17,0,86,84,49,39,44,0,0,76,37,98,99,0,0,100,100,98,90,86,87,28,30,0
l32,8=0,0,0,0,0,0,0,0,0,0,0,0,0,0,0,0,0,19,0,46,0,51,33,63,71,66,74,87,0,0,68,78,98,98,0,98,0,100,99,88,86,87,13,0,0
l33,8=0,0,0,0,0,0,0,0,0,0,0,0,0,0,0,0,0,38,0,0,0,0,0,73,46,48,77,85,0,0,87,57,93,99,0,98,100,0,95,92,86,72,0,0,0
l34,8=0,0,0,0,0,0,0,0,0,0,0,0,0,0,1,0,0,43,0,70,74,61,40,89,56,52,47,88,0,0,85,82,94,99,0,91,84,86,0,94,100,99,68,68,0
l35,8=0,0,0,0,0,0,0,0,0,0,0,0,0,0,28,0,37,55,15,88,88,52,0,60,53,61,0,79,0,0,88,92,98,99,0,91,85,94,99,0,100,100,11,0,3
l36,8=0,0,0,0,0,0,0,0,0,0,0,0,0,43,0,0,44,56,0,74,89,12,0,27,51,61,65,0,0,0,87,88,92,99,0,91,84,55,99,100,0,98,30,0,0
l37,8=0,0,0,0,0,0,0,0,0,0,0,0,5,0,68,0,3,43,16,90,82,32,0,58,47,45,35,37,0,0,87,87,92,99,0,91,84,39,99,100,100,0,56,51,0
l38,8=0,0,0,0,0,0,0,0,1,0,0,7,9,0,33,0,12,52,44,50,52,67,32,54,53,77,73,79,0,0,12,12,33,21,0,0,0,0,18,0,13,9,0,88,82
l39,8=0,0,0,0,0,0,0,0,0,6,21,0,0,0,47,0,17,17,51,62,56,27,11,67,93,25,90,68,0,0,0,2,21,0,0,0,0,0,10,0,0,1,86,0,82
l40,8=0,0,0,0,0,0,0,0,0,0,0,3,0,0,30,0,18,24,20,47,25,60,17,47,83,23,68,56,0,0,0,0,0,0,0,0,0,0,0,0,0,0,85,88,0
l41,8=0,0,0,0,0,8,6,0,23,7,9,15,60,32,78,0,69,26,81,84,81,76,17,84,92,89,89,80,0,0,14,55,22,0,0,0,0,0,13,0,0,26,86,89,80
l42,8=0,0,0,0,0,0,0,0,0,0,1,0,0,0,49,0,36,0,20,70,50,74,19,58,91,88,89,78,0,0,0,0,24,18,0,0,0,1,0,0,8,0,84,88,77
l43,8=0,0,0,0,0,0,0,0,0,0,16,0,0,0,25,0,1,29,21,52,28,38,25,54,57,64,79,30,0,0,0,0,26,24,0,0,8,0,18,14,0,0,80,70,80
l44,8=0,0,0,0,0,0,0,0,0,0,0,0,8,0,54,0,20,19,19,59,29,14,53,63,91,75,64,57,0,0,0,0,24,29,0,4,0,0,0,0,0,0,85,85,62

l0,9=0,85,100,95,100,100,97,95,100,97,20,87,59,95,0,0,58,0,1,0,0,0,0,0,1,0,0,0,0,0,0,0,0,0,0,0,0,0,0,0,0,0,0,0,0
l1,9=57,0,99,99,100,100,98,95,100,97,91,89,56,100,53,0,95,68,0,15,67,0,0,0,0,74,0,0,0,0,59,0,0,0,0,0,0,0,0,0,0,0,0,0,0
l2,9=98,98,0,94,99,100,96,98,100,96,52,90,94,99,66,0,93,53,36,33,0,0,0,0,0,0,0,0,0,0,27,38,0,0,0,0,0,0,0,0,0,0,0,0,0
l3,9=98,100,99,0,100,100,99,98,62,96,55,51,60,100,28,0,85,43,3,26,0,0,0,0,0,0,0,0,0,0,31,38,0,0,0,0,0,0,0,0,0,0,0,0,0
l4,9=98,100,99,99,0,100,98,96,98,57,57,55,57,99,55,0,97,0,0,33,0,0,0,0,0,0,0,0,0,0,59,39,0,0,0,0,0,0,0,0,0,0,0,0,0
l5,9=98,99,100,99,100,0,99,93,100,60,58,98,28,95,58,0,99,59,31,9,84,0,0,0,0,38,0,0,0,0,34,2,0,0,0,0,0,0,0,1,78,0,0,0,0
l6,9=98,99,99,97,100,100,0,98,100,97,90,94,96,100,74,0,98,67,94,44,87,1,0,0,0,51,0,0,0,0,33,66,0,0,0,0,0,0,0,0,0,0,0,0,0
l7,9=61,99,100,95,99,100,99,0,100,99,92,97,98,100,79,0,99,61,0,98,92,91,7,0,63,96,88,40,0,0,0,0,0,0,0,0,0,0,0,0,0,0,0,0,0
l8,9=61,99,99,79,97,100,98,98,0,97,91,96,97,100,96,0,98,63,59,97,81,78,0,52,51,85,90,60,0,0,15,0,0,0,0,0,0,0,0,0,0,0,0,9,0
l9,9=97,99,99,95,95,100,99,97,100,0,91,98,98,100,98,0,99,60,92,97,96,78,0,44,84,75,85,53,0,0,49,21,0,0,0,0,0,0,0,0,0,0,0,2,0
l10,9=16,37,76,92,93,99,99,96,100,94,0,98,98,100,100,0,99,64,96,35,96,85,59,35,31,85,98,0,0,0,31,40,0,0,0,0,0,0,1,0,62,71,57,31,30
l11,9=98,99,100,87,98,100,99,98,100,99,92,0,98,100,98,0,99,69,94,98,76,0,0,30,40,48,92,65,0,0,0,0,0,0,0,0,0,0,0,0,0,0,1,7,1
l12,9=35,36,92,96,99,98,98,99,100,99,100,98,0,100,98,0,99,75,61,51,88,63,47,0,25,77,95,35,0,0,30,14,0,0,0,0,0,0,0,0,0,0,6,5,0
l13,9=24,99,99,95,98,100,98,97,100,99,91,98,98,0,98,0,98,71,94,60,96,88,0,32,58,91,96,26,0,0,21,42,0,0,0,0,0,0,0,0,63,0,0,0,0
l14,9=0,14,44,1,75,66,36,31,66,61,62,59,61,42,0,0,99,71,96,36,100,57,29,33,35,89,97,44,0,0,36,39,0,9,0,0,0,0,72,60,85,38,18,0,26
l15,9=8,36,54,51,95,82,64,98,65,74,62,66,98,70,100,0,0,75,96,62,96,62,42,33,33,89,91,44,0,0,0,38,0,20,0,0,0,0,78,48,46,34,1,7,23
l16,9=0,36,37,24,29,96,35,54,63,23,51,55,61,44,77,0,99,0,37,36,100,0,0,29,33,90,52,0,0,0,63,43,36,38,0,0,13,2,88,98,100,89,19,22,1
l17,9=0,0,44,0,0,61,39,0,66,61,61,60,61,47,100,0,99,69,0,62,100,63,47,26,34,90,98,45,0,0,35,39,0,0,0,0,0,0,0,82,78,36,18,11,22
l18,9=0,2,47,11,61,2,33,96,91,55,60,60,96,44,99,0,98,96,94,0,99,98,84,94,96,92,96,98,0,0,62,41,56,58,0,38,26,8,91,80,96,97,47,84,48
l19,9=0,26,0,0,0,59,73,99,64,54,60,45,59,45,100,0,96,98,96,99,0,59,0,59,42,92,96,44,0,0,36,41,0,39,0,0,0,0,93,98,99,97,7,44,32
l20,9=0,0,0,0,0,0,1,92,81,81,78,0,93,89,90,0,94,8,81,97,82,0,99,95,94,96,96,98,0,0,0,0,80,78,0,49,78,0,94,79,0,80,77,81,72
l21,9=0,0,0,0,0,0,0,44,0,0,78,2,96,0,96,0,94,0,94,97,0,100,0,94,95,96,96,98,0,0,0,0,0,95,0,0,53,0,97,0,0,0,94,93,87
l22,9=0,0,0,0,0,0,0,0,80,51,82,79,0,86,77,0,81,75,71,96,93,99,79,0,96,96,97,99,0,0,0,0,78,78,0,81,74,74,90,77,72,81,95,93,85
l23,9=0,0,0,0,0,0,0,75,54,45,46,49,29,44,96,0,92,61,81,97,93,93,81,96,0,97,98,98,0,0,25,32,52,72,0,49,41,48,91,74,75,77,97,94,92
l24,9=0,38,0,0,0,62,48,90,83,57,79,50,84,86,89,0,88,96,94,97,97,98,97,95,97,0,98,92,0,0,26,1,84,0,0,63,79,67,84,80,84,67,97,93,76
l25,9=0,0,0,0,0,0,0,72,83,46,93,49,91,64,89,0,75,40,88,94,96,92,66,96,97,97,0,98,0,0,2,30,93,86,0,56,93,48,91,71,79,37,97,94,92
l26,9=0,0,0,0,0,0,0,62,85,38,0,87,68,31,94,0,87,0,93,97,92,98,98,96,95,96,96,0,0,0,0,0,92,97,0,80,97,0,98,87,0,90,97,93,86
l27,9=3,37,40,9,98,97,57,0,14,13,46,0,59,9,69,0,0,98,37,36,59,0,0,0,30,41,21,0,0,0,0,100,0,60,0,51,47,51,95,100,97,100,7,0,3
l28,9=1,0,47,60,65,15,82,0,0,5,29,0,40,47,34,0,36,55,37,36,37,0,0,0,28,0,49,0,0,0,100,0,64,59,0,24,31,0,95,100,100,100,0,26,0
l29,9=0,0,0,0,0,0,0,0,0,0,0,0,0,0,0,0,0,54,0,56,0,63,0,52,94,62,97,97,0,0,0,98,0,100,0,100,100,100,100,100,100,100,67,48,0
l30,9=0,0,0,0,10,0,0,0,0,0,0,0,0,0,10,0,14,47,0,86,17,35,45,95,93,0,57,98,0,0,91,54,100,0,0,100,100,100,100,100,100,99,56,0,26
l31,9=0,0,0,0,0,0,0,0,0,0,0,0,0,0,0,0,0,0,0,75,0,35,0,81,83,46,48,83,0,0,78,37,100,100,0,0,100,100,99,82,100,88,0,0,0
l32,9=0,0,0,0,0,0,0,0,0,0,0,0,0,0,0,0,0,47,0,88,0,58,10,94,82,56,97,99,0,0,96,97,100,100,0,100,0,100,100,97,100,100,60,27,17
l33,9=0,0,0,0,0,0,0,0,0,0,0,0,0,0,0,0,0,0,0,0,0,0,0,45,54,45,50,0,0,0,91,0,100,100,0,100,100,0,100,100,99,100,0,0,0
l34,9=0,0,0,0,0,0,0,0,0,0,0,0,0,0,22,0,28,36,0,34,34,57,44,96,96,51,60,99,0,0,32,100,100,100,0,100,100,100,0,100,100,100,0,23,0
l35,9=0,0,0,0,0,0,0,0,0,0,0,0,0,0,25,0,23,70,48,50,33,35,0,34,60,57,54,91,0,0,100,98,100,100,0,73,40,100,100,0,100,100,0,0,0
l36,9=0,0,0,0,5,57,0,0,0,0,23,0,0,39,32,0,24,72,35,99,37,0,0,27,29,56,53,0,0,0,53,100,100,100,0,76,41,38,100,100,0,100,0,0,0
l37,9=0,0,0,0,0,0,0,0,0,0,24,0,4,0,31,0,32,39,34,97,34,35,0,27,28,46,37,39,0,0,100,94,100,100,0,46,41,38,100,100,100,0,0,0,0
l38,9=0,0,0,0,0,0,0,0,0,0,35,2,4,0,90,0,0,19,43,57,9,64,31,86,94,96,96,98,0,0,0,0,28,36,0,0,15,0,0,0,0,0,0,94,92
l39,9=0,0,0,0,0,0,0,0,11,0,52,19,0,0,33,0,25,48,82,91,87,51,32,89,95,91,96,84,0,0,0,18,28,0,0,0,0,0,7,0,0,0,98,0,92
l40,9=0,0,0,0,0,0,0,0,0,0,14,3,0,0,68,0,25,0,33,87,55,46,22,82,88,82,88,84,0,0,0,0,0,12,0,0,3,0,0,0,0,0,96,93,0
l41,9=0,0,0,0,0,3,0,9,51,0,0,43,46,30,99,0,90,60,77,97,74,84,38,82,95,96,96,35,0,0,17,35,0,0,0,16,20,0,69,1,0,0,97,93,92
l42,9=0,0,0,0,0,0,0,0,0,0,0,0,0,0,55,0,48,41,57,95,86,91,77,90,94,96,96,98,0,0,0,0,16,0,0,0,0,0,79,0,0,0,97,93,91
l43,9=0,0,0,0,0,0,0,0,0,0,0,0,0,0,70,0,0,0,72,73,68,27,4,78,69,72,95,85,0,0,0,0,53,4,0,33,67,0,44,0,13,0,97,89,88
l44,9=0,0,0,0,0,0,0,0,0,0,0,0,32,36,85,0,23,47,24,91,74,0,74,90,95,96,96,81,0,0,0,0,0,46,0,35,0,0,60,0,0,1,97,92,86

l0,10=0,85,89,80,87,90,84,0,59,82,64,78,88,86,24,0,27,53,71,8,0,0,0,0,0,0,0,0,0,0,28,49,0,0,0,0,0,0,0,0,0,0,0,0,0
l1,10=88,0,88,82,87,90,86,0,86,72,65,80,88,86,67,0,31,65,54,55,1,0,0,0,0,11,1,0,0,0,29,44,0,0,0,0,0,0,0,0,0,0,0,0,0
l2,10=88,85,0,76,84,90,86,0,88,85,65,72,89,90,44,0,21,46,66,44,5,0,0,0,18,6,5,0,0,0,0,25,0,0,0,0,0,0,0,0,0,0,0,34,0
l3,10=88,85,88,0,87,89,88,2,85,81,65,83,88,86,5,0,7,0,62,0,0,0,0,0,0,0,0,0,0,0,35,36,0,0,0,0,0,0,0,0,0,0,0,0,0
l4,10=88,85,88,82,0,90,87,0,85,80,65,81,89,88,43,0,34,45,5,0,0,0,0,0,0,0,0,0,0,0,13,1,0,0,0,0,0,0,0,0,0,0,0,0,0
l5,10=88,85,89,82,87,0,88,0,87,83,65,88,88,91,33,0,25,59,64,5,0,0,0,0,0,0,0,0,0,0,33,36,0,0,0,0,0,0,0,0,19,0,0,0,0
l6,10=79,85,89,78,84,87,0,1,88,83,65,87,88,87,32,0,40,56,55,40,11,0,0,0,20,11,11,0,0,0,22,34,0,0,0,0,0,0,0,0,0,0,0,0,0
l7,10=86,85,89,77,81,90,87,0,90,90,73,87,89,91,70,0,84,69,41,76,56,57,0,0,12,77,47,41,0,0,0,34,0,0,0,0,0,0,0,0,0,0,0,8,0
l8,10=80,85,87,75,80,89,88,1,0,85,70,86,89,88,59,0,15,45,70,72,38,40,0,35,27,29,40,38,0,0,17,0,0,0,0,0,0,0,0,0,0,0,0,1,0
l9,10=86,79,87,75,75,68,86,0,87,0,73,89,89,90,76,0,80,70,81,50,43,50,0,50,34,42,33,47,0,0,1,32,0,0,0,0,0,0,0,0,0,0,0,0,0
l10,10=86,85,85,71,84,88,86,0,88,86,0,86,89,90,87,0,88,81,87,44,77,42,0,70,50,46,74,45,0,0,6,49,0,0,0,0,0,0,0,0,13,0,45,33,19
l11,10=57,62,59,72,67,88,86,0,87,89,71,0,89,91,73,0,81,53,81,65,33,17,0,26,31,33,45,41,0,0,12,23,0,0,0,0,0,0,0,0,0,0,0,26,0
l12,10=84,81,87,72,83,60,77,0,88,86,84,89,0,90,80,0,81,83,80,47,24,40,12,35,39,51,64,25,0,0,25,0,0,0,0,0,0,0,0,0,0,0,34,0,0
l13,10=86,85,87,75,79,89,86,0,86,90,71,89,89,0,76,0,80,54,81,73,71,3,0,39,9,20,18,31,0,0,0,34,0,0,0,0,0,0,0,0,0,0,0,19,0
l14,10=10,80,50,5,47,60,14,0,65,80,84,86,89,38,0,0,88,90,90,51,92,37,25,17,45,45,45,58,0,0,80,49,0,24,0,0,0,0,0,0,5,25,68,74,42
l15,10=45,48,58,1,42,37,50,0,35,86,86,88,89,55,90,0,0,83,90,53,45,49,5,35,47,44,37,59,0,0,76,51,0,7,0,0,0,4,0,3,19,18,42,71,1
l16,10=12,73,1,0,34,66,3,1,19,31,72,75,89,18,58,0,67,0,80,56,63,2,2,51,43,31,61,0,0,0,97,56,22,6,0,0,16,5,38,4,51,9,43,83,47
l17,10=63,48,63,20,25,58,35,1,43,43,85,87,82,89,92,0,90,84,0,87,94,7,44,53,69,28,47,49,0,0,83,53,0,0,0,0,0,0,0,0,0,32,20,56,70
l18,10=0,11,52,0,1,1,4,0,48,20,28,40,14,28,38,0,84,88,87,0,91,70,66,74,81,91,62,84,0,0,75,43,8,45,0,0,22,0,27,41,39,72,54,53,72
l19,10=1,0,0,0,0,0,11,1,43,12,82,40,49,47,92,0,71,95,89,91,0,53,8,78,53,58,82,80,0,0,86,52,0,17,0,0,0,0,30,41,46,60,48,85,61
l20,10=0,0,0,0,0,0,0,7,69,67,46,56,72,65,72,0,73,53,54,85,78,0,100,90,79,89,81,92,0,0,0,0,65,53,0,69,50,0,80,63,2,0,71,55,62
l21,10=0,0,0,0,0,0,0,0,0,0,29,2,80,69,76,0,76,7,80,91,13,96,0,92,85,93,83,93,0,0,0,0,2,71,0,28,0,0,10,0,0,0,78,72,73
l22,10=0,0,0,0,0,0,0,4,7,6,70,63,35,18,46,0,44,68,71,79,82,96,91,0,86,92,88,94,0,0,0,0,72,83,0,57,77,68,83,67,45,49,85,76,76
l23,10=0,0,15,0,0,0,14,2,58,59,53,67,47,40,76,0,82,70,79,89,84,79,88,89,0,93,89,90,0,0,52,43,64,75,0,72,61,61,76,72,65,65,89,86,83
l24,10=0,14,3,0,0,0,0,1,64,45,59,38,72,48,83,0,72,79,76,88,86,90,91,91,86,0,89,85,0,0,44,47,65,42,0,48,73,50,61,44,70,53,68,85,51
l25,10=0,0,0,0,0,0,5,4,57,0,67,53,67,19,55,0,62,60,76,83,86,81,57,91,86,93,0,91,0,0,46,0,78,57,0,64,80,63,71,62,32,30,90,86,83
l26,10=0,0,0,0,0,0,0,5,65,39,38,66,64,66,72,0,74,15,70,85,74,95,85,90,82,77,88,0,0,0,0,0,74,81,0,76,81,79,75,61,28,83,79,71,66
l27,10=35,42,0,61,49,75,19,0,9,3,3,13,53,10,48,0,63,95,81,47,42,0,0,1,28,9,35,0,0,0,0,90,26,37,0,39,25,76,82,59,96,70,31,0,0
l28,10=41,33,36,49,34,59,35,1,0,34,71,63,8,29,51,0,74,95,59,41,41,0,0,0,19,16,0,0,0,0,97,0,50,34,0,0,0,0,90,37,96,94,0,52,0
l29,10=0,0,0,0,0,0,0,0,0,0,0,0,0,0,0,0,0,66,0,26,0,73,0,75,66,71,81,72,0,0,52,75,0,95,0,93,92,94,92,90,90,93,68,61,2
l30,10=0,0,0,0,0,0,0,0,0,0,0,0,0,0,32,0,29,4,0,43,5,52,71,85,79,26,60,89,0,0,68,40,91,0,0,93,92,94,92,90,92,94,60,55,16
l31,10=0,0,0,0,0,0,0,0,0,0,0,0,0,0,0,0,0,0,0,0,0,83,12,75,76,47,78,75,0,0,74,0,91,95,0,0,92,94,92,87,91,94,0,1,10
l32,10=0,0,0,0,0,0,0,0,0,0,0,0,0,0,0,0,0,61,0,35,0,20,0,73,57,72,75,82,0,0,55,0,91,95,0,93,0,94,92,88,81,86,0,2,0
l33,10=0,0,0,0,0,0,0,0,0,0,0,0,0,0,0,0,4,0,0,0,0,0,0,72,41,0,72,78,0,0,69,0,91,95,0,93,92,0,92,90,88,93,0,0,0
l34,10=0,0,0,0,0,7,0,0,0,0,0,0,2,0,0,0,0,67,0,24,26,80,0,69,72,38,74,77,0,0,80,82,91,95,0,93,92,94,0,90,96,94,45,40,0
l35,10=0,0,0,0,3,0,0,0,0,0,0,0,0,0,5,0,43,57,4,61,39,59,0,65,79,29,70,74,0,0,89,43,91,95,0,91,92,94,92,0,96,94,0,46,0
l36,10=0,0,0,0,0,45,0,0,0,0,6,0,0,0,5,0,57,85,9,29,23,0,0,35,30,47,52,52,0,0,97,88,89,95,0,55,45,90,92,96,0,94,0,42,0
l37,10=0,0,0,0,0,0,0,0,0,0,0,0,0,0,36,0,48,34,57,54,41,0,0,58,38,35,52,80,0,0,86,83,91,95,0,55,53,94,92,96,96,0,8,0,0
l38,10=0,0,0,0,0,0,0,0,0,0,23,0,17,0,71,0,51,51,31,74,30,69,36,82,83,71,85,76,0,0,16,0,54,30,0,0,0,0,20,0,0,0,0,88,83
l39,10=0,0,0,0,0,4,0,0,0,0,8,6,0,9,43,0,68,72,30,71,76,33,60,74,82,88,84,72,0,0,0,25,47,37,0,0,0,0,10,2,6,0,90,0,83
l40,10=0,0,0,0,0,0,0,0,0,0,3,0,0,0,19,0,10,65,67,81,65,62,50,69,81,43,83,67,0,0,0,0,0,0,0,0,0,0,0,0,0,0,88,86,0
l41,10=0,0,0,0,0,0,0,0,11,15,16,36,37,0,66,0,73,71,61,89,63,60,0,73,81,90,85,11,0,0,0,63,0,0,0,0,0,0,0,0,15,0,86,86,83
l42,10=0,0,0,0,0,0,0,0,0,0,0,0,0,0,35,0,52,25,60,84,66,68,54,84,83,88,83,85,0,0,0,0,1,0,0,0,0,0,57,0,0,0,88,86,82
l43,10=0,0,0,0,0,0,0,0,0,0,0,0,0,0,13,0,0,9,63,73,57,76,5,86,63,86,89,87,0,0,0,0,55,31,0,0,0,0,41,0,18,0,88,81,81
l44,10=0,0,0,0,0,0,0,0,0,0,0,12,1,0,11,0,36,45,55,74,48,0,68,90,83,92,88,71,0,0,4,0,28,37,0,0,41,0,53,0,0,0,89,86,81

l0,11=0,81,77,79,88,84,82,0,78,87,63,51,79,83,29,0,69,0,68,5,0,0,0,0,0,0,0,0,0,0,78,42,0,0,0,0,0,0,0,0,0,0,0,0,0
l1,11=82,0,77,85,88,83,82,0,80,87,63,84,79,83,56,0,2,65,58,47,0,0,0,0,0,4,0,0,0,0,69,0,0,0,0,0,0,0,0,0,0,0,0,0,0
l2,11=81,81,0,77,86,84,82,0,77,86,70,49,79,83,53,0,68,39,3,56,8,0,0,0,30,9,0,0,0,0,49,24,0,0,0,0,0,0,0,0,0,0,0,7,0
l3,11=81,82,75,0,88,84,82,2,74,86,48,26,47,50,11,0,12,35,62,0,0,0,0,0,0,0,0,0,0,0,71,43,0,0,0,0,0,0,0,0,0,0,0,0,0
l4,11=89,82,78,85,0,84,82,0,80,87,1,47,51,11,22,0,17,17,0,0,0,0,0,0,0,0,0,0,0,0,77,45,0,0,0,0,0,0,0,0,0,0,0,0,0
l5,11=87,82,77,81,88,0,82,0,75,87,64,84,79,83,0,0,36,35,20,20,0,0,0,0,0,0,0,0,0,0,71,37,0,0,0,0,0,0,1,0,0,0,0,0,0
l6,11=81,81,77,81,86,82,0,0,80,74,71,86,79,83,27,0,62,30,62,50,0,0,0,0,0,11,0,0,0,0,45,0,0,0,0,0,0,0,0,0,0,0,0,0,0
l7,11=81,82,78,77,54,83,82,0,80,88,64,86,79,85,59,0,69,56,0,55,48,49,0,28,22,56,36,38,0,0,0,30,0,0,0,0,0,0,0,0,0,0,0,17,0
l8,11=71,81,76,62,83,75,82,0,0,87,71,84,79,83,49,0,63,27,68,51,12,13,0,30,38,5,16,20,0,0,40,0,0,0,0,0,0,0,0,0,0,0,0,0,0
l9,11=81,80,48,77,86,82,80,0,78,0,71,87,80,84,64,0,69,33,71,31,14,16,0,28,51,19,8,20,0,0,6,0,0,0,0,0,0,0,0,0,0,0,4,3,0
l10,11=77,80,25,25,13,82,82,0,78,88,0,84,81,70,69,0,79,39,83,62,23,12,21,55,38,26,18,35,0,0,54,0,0,0,0,0,0,0,0,0,0,0,21,44,0
l11,11=68,78,44,3,73,82,82,0,78,88,71,0,81,84,64,0,69,30,74,60,17,0,0,29,11,20,22,0,0,0,0,6,0,0,0,0,0,0,0,0,0,0,1,0,0
l12,11=81,80,74,11,71,82,82,0,78,87,73,85,0,83,68,0,74,26,77,27,35,3,13,29,48,77,18,17,0,0,10,21,0,0,0,0,0,0,0,0,0,0,7,5,0
l13,11=77,73,76,43,0,82,82,0,78,88,71,87,81,0,57,0,69,45,74,43,54,43,25,36,18,51,38,15,0,0,47,33,0,0,0,0,0,0,0,0,13,0,0,35,0
l14,11=24,75,8,0,12,0,43,0,70,79,72,62,52,49,0,0,78,83,84,77,89,23,5,37,65,25,25,39,0,0,69,49,0,0,0,0,0,0,0,33,48,57,68,71,24
l15,11=56,0,22,1,18,46,76,0,53,88,73,85,81,83,84,0,0,14,84,73,83,16,6,42,44,30,39,18,0,0,57,33,0,0,0,0,0,0,0,19,0,10,8,59,17
l16,11=0,40,2,1,3,54,20,0,36,10,23,10,21,13,79,0,2,0,84,80,29,1,0,44,23,0,18,6,0,0,92,61,0,5,0,0,0,11,12,31,74,72,41,70,51
l17,11=23,6,0,3,0,14,60,0,55,21,73,79,52,52,87,0,79,82,0,77,89,22,4,58,73,25,23,38,0,0,58,31,0,0,0,0,0,0,0,0,6,29,17,49,24
l18,11=0,29,10,0,0,18,34,0,51,24,39,45,31,36,68,0,72,84,84,0,92,26,37,59,75,81,23,47,0,0,60,30,14,10,0,36,23,0,27,37,54,72,34,75,63
l19,11=0,0,1,0,4,0,0,0,6,9,70,42,48,43,87,0,79,87,84,80,0,24,0,30,80,79,79,41,0,0,31,37,0,0,0,0,0,0,1,26,45,42,21,71,54
l20,11=0,0,0,0,0,0,0,0,54,48,38,45,41,64,62,0,57,48,65,73,72,0,96,87,74,81,80,89,0,0,0,0,63,60,0,55,0,0,65,53,0,0,63,63,68
l21,11=0,0,0,0,0,0,0,0,3,0,49,48,63,60,55,0,57,0,56,78,0,89,0,88,78,83,85,90,0,0,0,0,0,71,0,36,0,0,22,0,6,0,72,61,57
l22,11=0,0,0,0,0,0,0,1,50,41,48,61,55,65,62,0,62,60,69,67,41,86,85,0,80,81,85,90,0,0,0,36,74,83,0,55,63,66,65,1,43,50,68,74,58
l23,11=0,0,1,0,0,0,0,0,43,47,36,16,36,17,58,0,65,34,77,78,82,57,72,88,0,84,86,87,0,0,53,4,48,37,0,70,29,0,42,40,35,1,69,82,85
l24,11=0,0,0,0,0,0,7,0,12,38,48,64,72,61,62,0,61,39,64,79,77,86,71,87,80,0,86,72,0,0,27,20,61,29,0,53,59,37,53,23,2,32,70,81,68
l25,11=0,0,0,0,0,0,0,0,24,24,41,59,32,34,68,0,60,33,64,66,75,70,65,86,80,84,0,85,0,0,0,20,71,11,0,42,51,33,28,30,35,53,79,82,78
l26,11=0,0,0,0,0,0,0,1,52,44,48,22,53,30,64,0,60,48,63,72,63,88,84,88,78,73,80,0,0,0,0,14,67,69,0,61,73,75,67,0,31,67,69,67,69
l27,11=26,57,3,20,30,63,27,0,25,1,49,5,9,28,34,0,38,87,24,45,15,0,0,0,36,16,0,0,0,0,0,82,0,7,0,63,35,37,44,52,95,76,0,16,13
l28,11=18,10,3,19,29,59,0,0,0,0,0,10,13,33,41,0,37,87,40,41,15,0,0,13,11,15,16,4,0,0,92,0,13,0,0,46,42,19,44,42,85,64,0,23,0
l29,11=0,0,0,0,0,0,0,0,0,0,0,0,0,0,0,0,0,16,0,35,0,37,0,63,66,56,68,41,0,0,0,48,0,95,0,91,87,93,89,90,91,87,25,16,0
l30,11=0,0,0,0,0,0,0,0,0,0,0,0,0,0,0,0,0,19,0,36,0,41,16,53,41,17,18,44,0,0,36,4,87,0,0,91,87,93,90,69,92,87,0,16,0
l31,11=0,0,0,0,0,0,0,0,0,0,0,0,0,0,0,0,0,0,0,39,0,39,7,43,70,32,21,36,0,0,70,25,86,95,0,0,87,93,87,85,73,82,0,26,11
l32,11=0,0,0,0,0,0,0,0,0,0,0,0,0,0,0,0,0,0,0,32,0,0,0,65,49,52,58,67,0,0,47,59,87,94,0,91,0,93,89,84,86,85,43,26,0
l33,11=0,0,0,0,0,0,0,0,0,0,0,0,0,0,0,0,0,17,0,0,0,0,0,71,0,15,36,67,0,0,55,6,86,95,0,91,87,0,89,89,85,85,0,0,0
l34,11=0,0,0,0,0,5,0,0,0,0,0,0,0,0,0,0,0,19,0,39,0,70,0,25,55,31,19,46,0,0,44,73,87,95,0,89,87,93,0,90,95,92,0,0,0
l35,11=0,0,0,0,0,0,0,0,0,0,0,0,0,0,30,0,26,21,0,60,11,19,0,3,61,16,24,0,0,0,83,50,87,19,0,89,87,90,90,0,95,92,0,0,0
l36,11=0,0,0,0,0,0,0,0,0,0,0,0,0,9,35,0,0,28,2,56,39,0,0,15,34,0,13,19,0,0,66,47,55,95,0,74,87,93,90,93,0,92,0,0,0
l37,11=0,0,0,0,0,0,0,0,0,0,0,0,0,0,30,0,24,72,18,73,22,0,0,19,22,18,26,32,0,0,83,49,87,95,0,88,87,92,90,93,95,0,0,17,0
l38,11=0,0,0,0,0,0,0,0,0,0,2,0,14,0,67,0,6,60,26,72,12,57,35,64,71,73,78,70,0,0,0,0,3,0,0,0,17,0,0,0,0,0,0,86,83
l39,11=0,0,0,0,0,0,0,0,0,0,21,0,11,12,64,0,61,70,62,75,48,67,29,67,75,75,84,70,0,0,21,15,41,13,0,0,8,0,0,0,0,0,82,0,90
l40,11=0,0,0,0,0,0,0,0,0,0,0,0,0,0,9,0,17,70,53,73,64,71,1,52,74,69,80,69,0,0,5,0,0,0,0,0,0,0,0,0,0,0,80,83,0
l41,11=0,0,0,0,0,0,0,0,31,35,33,29,31,30,10,0,66,65,80,79,80,30,27,68,65,78,83,68,0,0,6,25,0,0,0,29,0,0,0,0,37,30,80,83,86
l42,11=0,0,0,0,0,0,0,0,0,0,0,0,0,0,61,0,55,0,4,75,65,73,60,70,78,79,84,81,0,0,0,0,51,0,0,5,0,0,48,0,0,14,80,83,86
l43,11=0,0,0,0,0,0,0,0,0,0,0,0,0,0,53,0,0,49,38,64,61,72,48,80,71,79,85,65,0,0,0,0,52,44,0,39,39,0,49,0,0,0,79,80,85
l44,11=0,0,0,0,0,0,0,0,0,0,11,0,26,0,55,0,27,0,63,72,10,73,50,86,78,81,73,66,0,0,0,0,59,0,0,0,27,0,9,20,0,0,80,70,85

l0,12=0,87,75,74,88,86,81,0,67,85,35,85,85,85,66,0,70,39,0,56,0,0,0,0,0,0,0,0,0,0,32,31,0,0,0,0,0,0,0,0,0,0,0,0,0
l1,12=92,0,56,75,88,86,79,52,70,50,55,86,86,54,67,0,67,60,0,69,0,0,0,0,0,4,0,0,0,0,1,34,0,0,0,0,0,0,0,0,0,0,0,0,0
l2,12=91,83,0,72,82,84,77,1,67,79,74,84,84,84,62,0,62,1,13,61,0,13,0,1,30,23,25,0,0,0,26,34,0,0,0,0,0,0,0,0,0,0,0,0,0
l3,12=56,87,56,0,88,55,69,3,67,18,37,23,84,55,49,0,0,0,0,32,0,0,0,0,0,0,0,0,0,0,34,32,0,0,0,0,0,0,0,0,7,0,0,0,0
l4,12=91,87,75,75,0,86,80,4,67,20,26,85,82,55,0,0,63,0,0,0,0,0,0,0,0,0,0,0,0,0,37,43,0,0,0,0,0,0,0,0,0,0,0,0,0
l5,12=92,89,76,75,88,0,81,1,63,16,60,84,86,55,61,0,65,46,16,68,0,0,0,0,28,0,0,0,0,0,0,37,0,0,0,0,0,0,0,0,0,0,0,0,0
l6,12=89,87,75,73,83,84,0,3,69,21,67,85,86,55,53,0,67,55,15,71,36,0,0,0,17,9,0,0,0,0,32,0,0,0,0,0,0,0,0,0,0,0,0,0,0
l7,12=86,62,76,72,77,84,77,0,74,85,57,86,86,86,77,0,63,50,44,67,0,22,0,58,42,32,22,32,0,0,0,1,0,0,0,0,0,0,0,0,0,0,0,0,0
l8,12=86,85,73,71,84,78,80,0,0,84,76,86,84,84,71,0,69,51,73,56,35,6,4,30,34,25,24,29,0,0,0,0,0,0,0,0,0,0,0,0,0,0,0,9,0
l9,12=87,83,55,69,81,53,63,3,70,0,76,86,87,86,67,0,72,47,16,71,40,25,0,38,50,44,32,40,0,0,28,0,0,0,0,0,0,0,0,0,0,0,0,1,0
l10,12=43,83,75,61,68,85,78,3,73,50,0,86,87,86,79,0,86,61,82,75,76,20,8,38,65,62,11,23,0,0,19,56,0,0,0,0,0,0,0,0,0,0,3,6,0
l11,12=60,83,75,1,81,81,77,2,59,87,79,0,86,86,72,0,70,54,72,72,70,0,0,15,30,34,32,31,0,0,30,25,0,0,0,0,0,0,0,0,0,0,0,28,0
l12,12=88,84,61,67,59,82,77,4,67,83,84,86,0,86,77,0,76,46,77,74,70,30,24,50,76,73,30,6,0,0,31,1,0,0,0,0,0,0,0,0,0,0,19,21,0
l13,12=87,73,74,71,81,85,75,0,67,88,81,86,87,0,71,0,75,32,74,58,33,0,21,27,34,27,28,26,0,0,14,1,0,0,0,0,0,0,0,0,2,0,0,10,0
l14,12=29,77,45,14,0,72,62,1,44,39,55,81,80,81,0,0,86,84,88,80,93,11,0,14,77,73,47,32,0,0,51,71,0,0,0,0,0,0,25,0,14,5,53,54,8
l15,12=50,69,64,0,71,74,72,1,44,47,84,83,86,86,83,0,0,72,88,80,85,22,10,0,78,49,31,41,0,0,45,41,0,0,0,0,0,0,0,2,0,0,18,48,12
l16,12=18,43,0,0,0,44,62,8,23,0,31,48,38,24,84,0,82,0,57,83,93,0,0,10,48,0,10,7,0,0,68,88,0,0,0,0,0,0,38,23,51,58,12,46,31
l17,12=0,0,5,0,0,58,39,11,47,9,84,85,86,85,84,0,85,86,0,80,89,22,7,45,81,77,31,41,0,0,51,64,0,0,0,0,0,0,12,15,7,0,28,34,1
l18,12=27,38,41,6,0,63,62,3,39,28,54,72,74,69,82,0,80,89,88,0,93,60,39,48,85,79,41,49,0,0,50,52,45,34,0,23,0,0,39,40,41,35,49,50,73
l19,12=0,0,2,0,0,0,30,0,36,14,74,75,78,50,84,0,86,91,88,83,0,47,0,79,89,82,79,29,0,0,69,55,0,27,0,0,0,0,24,5,57,8,76,37,9
l20,12=0,0,28,0,0,1,0,6,20,66,56,40,61,0,57,0,58,34,69,80,73,0,96,89,83,81,74,92,0,0,0,0,48,78,0,57,57,51,74,64,5,0,70,69,62
l21,12=0,0,0,0,0,0,0,0,33,0,60,16,74,70,0,0,61,0,76,81,0,86,0,88,87,81,83,92,0,0,0,0,0,68,0,0,0,0,58,0,0,0,74,0,70
l22,12=0,0,0,0,0,0,0,1,58,44,66,53,62,60,59,0,0,60,77,74,82,86,78,0,89,82,83,92,0,0,1,0,70,83,0,73,65,58,75,75,0,57,67,78,53
l23,12=0,0,0,0,0,30,1,8,33,35,43,49,71,44,70,0,74,51,83,83,90,79,69,90,0,82,83,88,0,0,28,31,58,39,0,72,15,0,60,41,31,35,63,88,76
l24,12=0,6,22,0,0,0,19,4,48,55,58,56,75,55,71,0,68,0,77,82,91,85,61,90,89,0,83,81,0,0,29,27,58,63,0,49,0,13,62,62,59,0,83,74,74
l25,12=0,0,24,0,0,0,0,10,37,33,36,58,54,58,69,0,65,57,66,64,80,62,62,90,89,82,0,82,0,0,0,48,49,37,0,28,65,0,44,33,0,59,84,85,69
l26,12=0,0,0,0,0,0,0,7,54,60,57,59,58,58,63,0,63,64,68,73,71,86,87,90,82,69,76,0,0,0,0,14,68,71,0,79,76,29,79,59,32,53,62,60,68
l27,12=17,0,39,51,56,5,47,0,0,3,22,40,58,33,57,0,42,91,51,70,31,0,0,0,52,28,0,0,0,0,0,88,47,4,0,37,26,61,58,53,55,37,0,16,20
l28,12=17,33,46,32,59,53,0,1,0,0,30,33,10,0,80,0,51,91,55,54,40,0,0,0,3,3,19,2,0,0,88,0,49,0,0,38,43,0,80,45,54,62,1,22,0
l29,12=0,0,0,0,0,0,0,0,0,0,0,0,0,0,0,0,0,0,0,52,0,35,0,69,68,57,55,70,0,0,63,54,0,89,0,92,89,93,91,92,83,91,0,28,24
l30,12=0,0,0,0,0,0,0,0,0,0,0,0,0,0,0,0,0,0,0,51,45,41,21,75,61,48,23,42,0,0,32,0,81,0,0,92,89,93,91,92,91,91,0,0,4
l31,12=0,0,0,0,0,0,0,0,0,0,0,0,0,0,0,0,0,12,0,49,4,37,0,73,75,42,23,81,0,0,74,59,81,89,0,0,91,93,83,81,80,87,20,0,0
l32,12=0,0,0,0,0,0,0,0,0,0,0,0,0,0,0,0,0,0,0,0,0,58,0,67,55,0,61,70,0,0,63,62,81,86,0,92,0,94,91,88,82,87,19,0,0
l33,12=0,0,0,0,0,0,0,0,0,0,0,0,0,0,0,0,0,0,0,0,0,30,0,69,0,0,0,0,0,0,71,0,81,85,0,92,91,0,91,86,81,81,0,0,0
l34,12=0,0,0,0,0,0,0,0,0,0,0,0,0,0,27,0,0,29,24,53,16,43,6,64,69,47,27,83,0,0,67,82,81,89,0,92,90,94,0,94,92,96,19,26,0
l35,12=0,0,0,0,0,0,0,0,0,0,0,0,0,0,0,0,1,48,33,67,1,36,0,46,72,50,27,28,0,0,81,80,81,89,0,92,89,94,91,0,92,96,17,18,0
l36,12=0,0,0,33,0,2,0,0,0,0,0,10,0,15,41,0,0,54,32,76,57,0,0,0,65,51,0,15,0,0,88,83,79,89,0,87,90,91,91,94,0,96,0,0,0
l37,12=0,0,0,0,47,0,0,0,0,0,0,0,0,0,42,0,0,85,25,67,39,0,0,37,68,0,35,31,0,0,78,83,81,89,0,92,90,92,91,94,92,0,0,15,0
l38,12=0,0,0,0,0,0,0,0,0,0,0,0,17,0,74,0,21,53,58,76,75,66,26,72,48,73,81,53,0,0,16,0,0,0,0,0,3,0,12,1,0,0,0,88,77
l39,12=0,0,0,0,0,0,0,0,22,0,0,39,45,53,73,0,50,75,62,78,48,39,0,75,88,73,81,44,0,0,17,34,29,0,0,0,0,0,36,0,0,0,87,0,79
l40,12=0,0,0,0,0,0,0,0,0,0,0,0,4,0,29,0,12,62,24,77,13,64,34,39,75,74,76,79,0,0,0,0,0,0,0,0,0,0,0,0,0,0,82,85,0
l41,12=0,0,0,0,0,0,0,0,30,23,32,0,53,42,64,0,59,77,82,82,85,48,29,82,86,77,81,80,0,0,30,35,0,0,0,0,0,0,37,0,0,31,86,88,79
l42,12=0,0,0,0,0,0,0,0,0,0,0,0,43,0,11,0,34,32,0,80,76,69,55,88,83,80,82,85,0,0,0,0,55,64,0,2,0,6,67,0,0,30,86,85,79
l43,12=0,0,0,0,0,0,0,0,0,0,0,0,46,0,64,0,49,55,58,77,59,65,14,82,81,76,82,69,0,0,0,0,52,37,0,45,0,0,59,0,0,0,82,82,67
l44,12=0,0,0,0,0,0,0,0,0,0,46,0,40,0,42,0,66,0,6,72,74,76,0,78,82,80,81,73,0,0,0,0,58,68,0,0,0,0,0,0,14,0,85,83,77

l0,13=0,87,89,81,99,94,90,85,90,91,48,92,89,90,41,0,46,3,0,25,0,0,0,0,0,0,0,0,0,0,43,3,0,0,0,0,0,0,0,0,0,0,0,0,0
l1,13=85,0,89,81,99,94,89,89,90,91,44,81,90,87,45,0,81,74,0,24,0,0,0,0,0,0,0,0,0,0,48,47,0,0,0,0,0,0,0,0,0,0,0,0,0
l2,13=83,85,0,77,96,92,89,85,90,92,81,89,88,90,28,0,55,47,0,36,68,0,0,11,0,55,42,0,0,0,0,2,0,0,0,0,0,0,0,0,0,0,0,0,0
l3,13=85,87,89,0,99,94,90,64,66,85,40,1,87,75,24,0,47,56,15,15,0,0,0,0,0,0,0,0,0,0,0,49,0,0,0,0,0,0,0,0,0,0,0,0,0
l4,13=85,87,89,81,0,93,90,69,90,92,47,86,87,88,0,0,0,3,0,0,0,0,0,0,0,0,0,0,0,0,27,1,0,0,0,0,0,0,0,0,0,0,0,0,0
l5,13=85,87,89,81,99,0,90,68,65,91,57,86,87,89,26,0,33,48,40,14,4,0,0,0,0,0,0,0,0,0,5,29,0,0,0,0,0,0,0,6,14,0,0,0,0
l6,13=85,83,91,80,94,94,0,91,91,91,54,91,89,91,45,0,76,70,69,36,68,0,0,0,16,12,0,0,0,0,43,0,0,0,0,0,0,0,0,0,0,0,0,0,0
l7,13=84,83,87,80,90,92,89,0,91,92,86,92,90,91,86,0,84,55,82,46,0,41,3,64,45,73,44,0,0,0,13,17,0,0,0,0,0,0,0,0,0,0,0,4,0
l8,13=83,83,91,79,92,87,90,93,0,92,85,92,89,84,84,0,84,43,81,25,52,29,14,24,0,51,50,28,0,0,0,0,0,0,0,0,0,0,0,0,0,0,18,4,0
l9,13=82,77,89,60,88,89,89,80,90,0,88,93,92,91,77,0,85,38,47,59,84,69,0,22,19,78,32,35,0,0,11,21,0,0,0,0,0,0,0,0,0,0,0,0,0
l10,13=82,76,87,46,48,53,52,88,89,91,0,93,92,91,33,0,96,53,50,55,87,0,0,25,37,84,63,17,0,0,20,29,0,0,0,0,0,0,0,0,9,0,10,75,0
l11,13=83,77,90,19,88,89,89,85,91,92,91,0,92,91,80,0,85,17,81,50,62,45,0,20,10,0,71,37,0,0,15,28,0,0,0,0,0,0,0,0,0,0,0,50,0
l12,13=82,79,87,76,59,30,90,88,89,90,94,93,0,91,81,0,93,48,84,77,90,0,14,20,52,84,26,11,0,0,13,5,0,0,0,0,0,0,0,0,0,0,4,0,0
l13,13=84,77,90,75,87,53,90,89,87,92,93,93,92,0,54,0,90,35,84,41,80,13,29,22,36,80,60,31,0,0,0,25,0,0,0,0,0,0,0,0,0,0,0,72,0
l14,13=73,70,64,28,0,11,27,76,90,86,87,88,91,88,0,0,96,57,91,56,100,39,1,0,41,90,81,16,0,0,32,33,0,0,0,0,0,0,1,0,45,41,59,85,68
l15,13=78,76,73,29,0,11,31,86,89,90,93,89,92,90,97,0,0,29,91,88,94,29,21,17,39,86,14,18,0,0,12,31,0,0,0,0,0,0,0,0,0,3,54,63,58
l16,13=0,75,64,33,0,13,6,10,52,45,78,6,86,14,36,0,38,0,55,91,96,8,0,8,14,35,17,17,0,0,36,37,0,30,0,0,1,3,32,77,56,58,0,88,72
l17,13=0,0,0,0,0,11,26,87,89,83,84,75,92,90,97,0,96,72,0,92,100,31,14,31,41,89,29,12,0,0,12,34,0,0,0,0,0,0,0,53,29,17,56,85,0
l18,13=47,55,47,30,0,3,28,77,65,77,84,79,87,29,92,0,89,97,91,0,99,92,34,32,90,94,85,92,0,0,34,33,24,25,0,3,0,0,40,65,73,51,63,78,71
l19,13=0,0,33,0,0,4,23,0,48,72,86,37,91,60,97,0,96,98,91,92,0,75,16,51,97,98,84,35,0,0,50,26,0,1,0,0,0,0,25,51,40,30,56,57,55
l20,13=0,0,0,0,0,0,0,64,54,64,0,71,48,30,79,0,82,39,74,91,81,0,96,92,96,96,78,98,0,0,0,0,76,78,0,56,52,73,85,0,18,53,74,71,82
l21,13=0,0,0,0,0,0,0,61,81,8,0,0,80,80,66,0,86,0,79,86,80,95,0,90,96,87,86,98,0,0,0,0,67,51,0,29,0,0,79,0,0,0,80,79,86
l22,13=0,0,0,0,0,0,0,67,76,63,75,64,71,68,0,0,62,43,75,76,82,95,82,0,97,98,91,99,0,0,0,0,77,76,0,48,79,52,79,76,5,35,83,90,0
l23,13=0,0,0,0,0,0,20,68,0,75,77,59,83,65,85,0,84,41,89,87,98,90,92,92,0,98,91,94,0,0,0,20,73,70,0,54,20,0,83,69,26,84,89,93,90
l24,13=0,0,26,0,0,0,5,72,56,69,84,0,87,71,94,0,87,70,87,91,98,93,52,92,97,0,91,97,0,0,26,19,77,82,0,36,32,0,75,50,44,33,89,92,95
l25,13=0,0,26,0,0,0,0,60,78,55,71,72,70,67,87,0,17,33,66,89,90,57,55,92,97,98,0,75,0,0,21,0,78,54,0,49,44,45,52,69,0,43,90,92,91
l26,13=0,0,0,0,0,0,0,23,76,63,70,72,70,61,65,0,88,72,68,89,74,93,94,92,92,94,82,0,0,0,8,4,89,88,0,90,76,64,91,79,39,18,11,86,93
l27,13=65,63,0,0,54,0,7,18,1,35,68,68,79,0,20,0,36,98,51,31,35,0,0,0,3,30,49,3,0,0,0,99,52,61,0,32,26,17,88,74,57,21,22,0,0
l28,13=10,62,0,51,24,18,0,16,0,31,59,78,43,32,37,0,40,74,55,42,33,0,0,0,17,20,0,1,0,0,100,0,15,62,0,32,32,41,95,71,57,59,38,74,2
l29,13=0,0,0,0,0,0,0,0,0,0,0,0,0,0,0,0,0,0,0,23,0,59,1,53,49,77,79,84,0,0,71,3,0,91,0,92,89,94,95,92,90,55,13,60,0
l30,13=0,0,0,0,0,0,0,0,0,0,0,0,0,0,0,0,0,72,0,24,0,60,4,80,31,32,46,84,0,0,78,33,92,0,0,92,89,66,95,93,91,93,0,38,0
l31,13=0,0,0,0,0,0,0,0,0,0,0,0,0,0,0,0,0,0,0,38,0,59,2,63,72,71,73,73,0,0,72,72,92,91,0,0,90,94,92,77,84,85,0,0,0
l32,13=0,0,0,0,0,0,0,0,0,0,0,0,0,0,0,0,0,30,0,0,0,48,0,61,30,41,69,67,0,0,50,65,91,88,0,92,0,94,94,93,85,93,0,0,0
l33,13=0,0,0,0,0,0,0,0,0,0,0,0,0,0,0,0,0,63,0,0,0,52,0,60,0,0,64,67,0,0,51,57,92,81,0,92,90,0,94,85,84,62,0,0,0
l34,13=0,0,0,0,0,0,0,0,0,0,0,0,0,0,0,0,0,75,0,30,21,67,19,85,35,32,51,93,0,0,91,57,92,91,0,92,90,94,0,95,99,98,0,54,25
l35,13=0,0,0,0,0,8,0,0,0,0,0,0,0,0,0,0,0,92,34,30,21,0,0,43,19,27,53,44,0,0,95,23,91,91,0,84,89,94,95,0,99,98,41,58,0
l36,13=0,0,0,0,0,6,0,0,0,0,2,0,0,0,15,0,0,74,44,55,32,23,0,3,15,32,0,29,0,0,100,32,92,89,0,69,53,56,95,95,0,98,1,52,0
l37,13=0,0,0,0,35,0,0,0,0,0,0,0,0,0,21,0,5,97,30,31,20,44,0,22,33,29,53,10,0,0,97,58,56,91,0,92,90,47,95,95,99,0,0,0,0
l38,13=0,0,0,0,0,0,0,0,1,0,0,0,7,0,65,0,12,0,39,79,67,24,2,79,94,90,89,0,0,0,0,14,0,0,0,0,0,0,0,33,0,0,0,93,95
l39,13=0,0,0,0,0,0,0,2,0,0,47,33,0,67,83,0,7,62,81,65,52,25,2,87,96,93,89,59,0,0,0,24,44,0,0,0,0,0,13,41,12,0,90,0,95
l40,13=0,0,0,0,0,0,0,0,0,0,0,0,0,0,72,0,5,46,0,80,68,76,58,0,81,94,89,86,0,0,0,0,0,0,0,0,0,0,0,0,0,0,89,92,0
l41,13=0,0,0,0,0,0,0,1,0,0,75,30,77,29,29,0,44,88,87,90,95,78,18,74,94,89,83,87,0,0,16,0,43,13,0,0,0,0,30,0,19,36,90,94,91
l42,13=0,0,0,0,0,0,0,0,0,0,0,0,0,0,79,0,0,0,0,90,48,75,28,90,96,95,89,88,0,0,0,0,2,33,0,0,0,0,62,0,0,0,89,92,94
l43,13=0,0,0,0,0,0,0,0,0,0,0,0,56,0,64,0,42,18,64,76,75,86,57,85,89,91,88,87,0,0,0,0,44,0,0,0,40,0,51,0,0,0,89,92,83
l44,13=0,0,0,0,0,0,0,0,0,0,5,0,0,0,72,0,63,0,28,83,82,88,62,89,93,95,89,77,0,0,0,0,35,51,0,0,0,0,0,0,0,0,89,92,93

l0,14=0,100,58,100,100,83,94,98,63,77,93,92,48,86,68,0,0,43,83,0,0,0,0,0,0,0,0,0,0,0,67,26,0,0,0,0,0,0,0,0,0,0,0,0,0
l1,14=97,0,100,100,97,100,94,98,44,77,95,98,98,100,0,0,97,60,94,82,0,0,0,0,0,0,26,0,0,0,45,28,0,0,0,0,0,0,0,0,0,0,0,0,0
l2,14=95,100,0,99,97,97,94,98,96,98,91,98,98,88,92,0,95,60,91,89,0,0,0,0,0,20,2,0,0,0,26,0,0,0,0,0,0,0,0,0,0,0,0,0,0
l3,14=98,100,46,0,100,100,60,98,52,50,61,52,35,85,74,0,90,55,0,46,0,0,0,0,0,0,0,0,0,0,49,1,0,0,0,0,0,0,0,0,0,0,0,0,0
l4,14=98,89,46,100,0,83,60,98,53,77,63,98,36,86,80,0,96,59,84,0,0,0,0,0,0,0,0,0,0,0,52,12,0,0,0,0,0,0,0,0,0,0,0,0,0
l5,14=97,100,100,100,98,0,94,99,52,78,97,99,48,100,97,0,93,48,93,91,49,0,0,0,0,0,0,0,0,0,56,33,0,0,0,0,0,0,0,4,55,0,0,0,0
l6,14=97,91,100,100,97,99,0,98,97,82,96,98,98,89,68,0,97,21,89,86,0,0,0,0,0,5,0,0,0,0,47,0,0,0,0,0,0,0,0,0,0,0,0,0,0
l7,14=95,100,100,100,97,97,94,0,99,96,96,98,99,100,97,0,98,0,95,81,83,0,0,90,28,35,90,0,0,0,0,6,0,0,0,0,0,0,0,0,0,0,0,0,0
l8,14=95,45,100,100,97,95,94,100,0,98,96,99,98,89,98,0,97,58,100,84,0,40,0,83,47,28,98,84,0,0,46,0,0,0,0,0,0,0,0,0,0,0,0,74,0
l9,14=95,95,100,76,97,97,94,98,96,0,99,99,100,100,97,0,97,61,0,97,72,37,0,43,52,33,92,90,0,0,0,0,0,0,0,0,0,0,0,0,0,0,0,0,0
l10,14=75,61,61,99,97,100,94,99,97,100,0,99,100,100,97,0,100,96,100,97,90,0,0,72,58,61,98,43,0,0,61,38,0,0,0,0,0,0,0,0,68,0,56,14,9
l11,14=95,100,100,93,97,97,94,99,99,100,97,0,100,100,97,0,97,54,100,97,98,41,0,43,55,28,97,89,0,0,7,30,0,0,0,0,0,0,0,0,0,0,0,37,0
l12,14=96,100,100,89,95,99,94,100,99,100,99,99,0,100,98,0,100,59,100,97,89,37,76,65,99,98,92,0,0,0,44,30,0,0,0,0,0,0,0,0,0,0,0,85,0
l13,14=76,97,62,100,97,100,94,100,96,100,99,99,100,0,97,0,100,23,100,97,88,0,0,0,58,62,82,48,0,0,39,31,0,0,0,0,0,0,0,0,0,0,0,53,0
l14,14=21,0,61,71,94,98,73,98,98,83,52,58,68,98,0,0,100,99,100,100,100,68,0,69,58,63,97,58,0,0,61,62,0,89,0,0,0,0,0,67,89,64,30,89,43
l15,14=0,61,51,97,95,94,94,98,94,100,65,59,100,100,100,0,0,60,100,98,91,98,0,59,38,61,98,98,0,0,62,62,0,0,0,0,0,0,23,0,12,0,16,40,42
l16,14=18,34,29,74,58,59,37,0,95,96,64,24,38,47,100,0,89,0,100,99,92,0,0,36,29,38,97,68,0,0,65,64,53,20,0,9,0,0,28,65,90,64,47,65,38
l17,14=36,35,61,0,92,95,94,99,99,0,99,99,100,100,100,0,100,100,0,100,100,0,69,48,71,100,96,58,0,0,50,100,0,32,0,0,0,0,18,21,1,62,34,92,42
l18,14=0,34,60,3,14,61,93,97,96,98,64,58,80,77,99,0,100,100,100,0,98,98,96,92,97,99,97,98,0,0,60,65,0,0,0,66,0,0,50,55,97,63,62,91,64
l19,14=0,0,0,0,0,75,0,98,0,96,64,58,67,98,100,0,100,100,100,100,0,98,0,90,99,99,98,98,0,0,61,62,0,0,0,0,0,0,0,97,89,64,60,89,64
l20,14=0,0,0,0,0,0,0,0,90,66,0,88,89,1,92,0,99,0,0,98,88,0,97,99,97,99,94,98,0,0,0,0,87,97,0,14,95,89,98,86,0,89,91,86,93
l21,14=0,0,0,0,0,0,0,0,0,0,0,0,97,0,13,0,8,0,97,98,11,99,0,99,97,99,97,100,0,0,0,0,98,0,0,0,0,0,89,0,0,0,90,76,97
l22,14=0,0,0,0,0,0,0,93,94,78,93,52,93,0,97,0,100,93,97,98,98,98,94,0,99,99,98,100,0,0,0,52,92,92,0,93,100,56,98,92,90,28,98,98,93
l23,14=0,0,0,0,0,0,0,82,79,89,95,69,98,97,99,0,95,96,97,98,98,97,97,99,0,100,100,98,0,0,53,94,97,98,0,97,60,55,96,94,68,98,98,98,98
l24,14=0,0,2,0,0,0,52,96,88,88,97,57,98,98,99,0,100,99,97,98,98,98,95,99,99,0,100,98,0,0,56,50,98,98,0,0,63,0,40,86,89,100,98,98,98
l25,14=0,1,0,0,0,0,0,94,97,84,92,93,95,76,99,0,98,96,92,98,98,94,95,99,99,100,0,98,0,0,32,0,95,98,0,96,98,91,79,92,77,93,98,98,98
l26,14=0,0,0,0,0,0,0,26,95,94,58,96,41,89,95,0,99,94,95,98,89,98,97,99,97,99,97,0,0,0,46,0,98,98,0,97,97,97,98,95,95,98,96,94,98
l27,14=56,35,0,77,59,63,92,19,45,0,63,0,29,76,100,0,100,100,64,72,92,0,0,0,32,19,61,41,0,0,0,100,77,99,0,64,42,48,47,60,100,64,0,85,0
l28,14=42,53,0,24,47,99,8,78,0,0,47,34,67,74,100,0,100,100,100,100,91,0,0,28,53,16,0,0,0,0,100,0,72,92,0,98,62,17,36,97,85,64,0,0,0
l29,14=0,0,0,0,0,0,0,0,0,0,0,0,0,0,0,0,0,50,0,0,0,72,49,50,96,91,97,99,0,0,98,92,0,100,0,100,100,99,99,100,100,100,0,83,0
l30,14=0,0,0,0,0,0,0,0,0,0,0,0,0,0,80,0,0,49,41,0,0,88,0,54,69,95,86,70,0,0,59,51,100,0,0,100,100,99,99,100,100,100,13,0,75
l31,14=0,0,0,0,0,0,0,0,0,0,0,0,0,0,0,0,0,50,0,69,0,9,0,59,85,0,80,84,0,0,78,85,100,100,0,0,100,99,99,85,96,100,0,0,0
l32,14=0,0,0,0,0,0,0,0,0,0,0,0,0,0,0,0,0,1,0,0,0,78,0,92,80,79,89,80,0,0,87,91,100,100,0,100,0,99,99,100,88,100,0,0,0
l33,14=0,0,0,0,0,0,0,0,0,0,0,0,0,0,0,0,0,0,0,0,0,66,0,64,84,0,82,86,0,0,92,33,100,84,0,100,100,0,85,88,93,86,0,0,0
l34,14=0,0,0,0,0,0,0,0,0,0,0,0,0,0,0,0,29,57,25,66,0,98,44,62,69,2,86,70,0,0,64,52,100,100,0,100,100,98,0,100,100,100,0,0,16
l35,14=0,0,0,0,0,33,0,0,0,0,0,0,0,0,89,0,1,72,37,58,97,82,0,58,61,55,95,67,0,0,64,63,100,100,0,70,100,99,99,0,100,100,0,78,0
l36,14=0,0,0,0,35,53,0,0,0,0,62,0,2,0,100,0,4,100,6,100,92,0,0,51,41,63,86,69,0,0,100,47,100,100,0,100,52,99,99,100,0,100,0,79,0
l37,14=0,0,0,0,16,0,0,0,0,0,0,1,0,0,91,0,0,65,52,71,85,77,0,11,69,74,85,59,0,0,64,66,100,100,0,100,100,51,99,100,100,0,6,0,0
l38,14=0,0,0,0,0,0,0,0,0,0,71,0,0,0,92,0,0,51,62,95,88,93,37,96,97,99,97,95,0,0,0,0,0,0,0,0,0,0,0,0,0,0,0,99,98
l39,14=0,0,0,0,0,0,0,0,88,0,0,4,72,57,95,0,0,82,95,94,82,90,0,95,96,98,97,55,0,0,39,0,72,0,0,0,0,0,0,30,68,0,98,0,98
l40,14=0,0,0,0,0,0,0,0,0,0,0,0,0,0,92,0,90,89,88,94,87,89,75,90,95,98,96,97,0,0,0,0,0,0,0,0,0,0,0,0,0,0,98,98,0
l41,14=0,0,0,0,0,0,0,0,0,55,90,63,96,0,96,0,99,99,97,98,98,74,0,99,97,99,97,98,0,0,0,54,95,85,0,0,0,0,0,32,0,97,98,99,98
l42,14=0,0,0,0,0,0,0,0,0,0,0,0,40,0,94,0,90,0,91,98,43,89,92,99,97,99,97,95,0,0,0,0,55,0,0,0,48,0,0,0,0,0,98,98,98
l43,14=0,0,0,0,0,0,0,0,0,0,1,0,0,0,40,0,0,81,84,83,82,94,84,94,95,98,96,97,0,0,0,0,85,84,0,83,85,0,79,82,0,29,98,98,98
l44,14=0,0,0,0,0,0,0,0,0,0,0,0,91,0,92,0,91,85,90,97,88,97,92,90,97,98,97,95,0,0,0,0,10,59,0,0,0,0,0,0,0,17,98,98,98

l0,15=0,100,100,100,100,100,100,100,89,59,100,100,82,67,92,0,98,60,59,88,0,0,0,0,0,0,0,0,0,0,54,94,0,0,0,0,0,0,0,0,0,0,0,0,0
l1,15=100,0,100,100,100,100,100,100,86,59,99,100,100,100,93,0,98,77,71,85,0,0,0,0,0,0,0,0,0,0,23,57,0,0,0,0,0,0,0,0,0,0,0,0,0
l2,15=99,100,0,100,99,100,100,100,97,100,98,100,91,95,97,0,98,77,70,82,0,0,0,0,0,0,0,0,0,0,56,0,0,0,0,0,0,0,0,0,0,0,0,0,0
l3,15=100,100,100,0,100,100,100,100,88,59,100,100,82,66,99,0,44,53,39,16,0,0,0,0,0,0,0,0,0,0,58,98,0,0,0,0,0,0,0,0,0,0,0,0,0
l4,15=100,100,100,100,0,100,100,100,88,27,98,100,77,67,92,0,98,65,38,83,0,0,0,0,0,0,0,0,0,0,58,0,0,0,0,0,0,0,0,0,0,0,0,0,0
l5,15=100,100,100,100,100,0,100,100,80,61,100,100,100,100,99,0,98,53,71,22,51,0,0,0,0,0,0,0,0,0,58,72,0,0,0,0,0,0,0,0,77,0,0,0,0
l6,15=100,100,100,100,100,100,0,100,99,99,99,100,83,100,63,0,99,72,70,85,0,23,0,0,2,0,0,0,0,0,33,0,0,0,0,0,0,0,0,0,0,0,0,0,0
l7,15=99,100,100,100,100,100,100,0,99,100,99,100,100,100,99,0,99,67,99,97,98,85,0,92,0,60,65,92,0,0,0,4,0,0,0,0,0,0,0,0,0,0,0,0,0
l8,15=100,100,100,98,100,100,100,100,0,100,100,100,100,100,100,0,99,65,99,99,94,65,0,95,60,56,96,93,0,0,0,93,0,0,0,0,0,0,0,0,0,0,10,47,0
l9,15=100,100,100,100,89,100,100,100,99,0,100,100,100,100,94,0,94,74,94,99,21,49,0,95,9,60,59,97,0,0,0,60,0,0,0,0,0,0,0,0,0,0,62,51,0
l10,15=97,94,89,98,92,99,97,60,98,100,0,100,100,100,97,0,96,96,99,83,48,4,0,94,61,64,64,89,0,0,86,0,0,0,0,0,0,0,0,0,28,0,91,87,84
l11,15=100,100,100,98,100,100,100,100,99,100,100,0,100,100,98,0,99,72,99,99,99,51,0,0,34,50,56,80,0,0,24,64,0,0,0,0,0,0,0,0,0,0,0,41,0
l12,15=100,100,99,100,90,100,100,100,99,100,100,100,0,100,96,0,99,72,99,99,54,50,88,93,99,97,60,0,0,0,31,0,0,0,0,0,0,0,0,0,0,0,1,56,0
l13,15=100,100,100,91,100,100,100,100,99,100,100,100,100,0,97,0,99,85,95,82,0,55,0,56,59,55,0,91,0,0,73,60,0,0,0,0,0,0,0,0,0,0,0,0,0
l14,15=70,78,74,66,63,94,33,56,60,86,97,95,93,93,0,0,99,98,99,88,59,17,0,96,63,56,60,91,0,0,86,71,0,47,0,0,0,0,0,31,35,38,86,91,79
l15,15=94,97,89,4,92,97,75,59,60,61,99,100,100,100,100,0,0,87,99,88,60,56,89,68,63,55,61,93,0,0,79,73,0,34,0,0,0,0,21,3,27,13,90,91,88
l16,15=72,93,57,7,74,74,72,51,39,65,61,61,97,93,100,0,60,0,99,99,99,21,0,79,63,50,43,56,0,0,100,100,61,1,0,72,0,0,44,81,81,64,24,91,90
l17,15=67,95,70,0,69,98,45,100,99,98,100,100,100,100,100,0,99,100,0,99,99,57,84,87,99,97,61,82,0,0,100,100,0,0,0,0,0,0,0,0,39,44,97,94,14
l18,15=71,77,68,0,64,41,61,59,60,99,99,99,99,99,99,0,98,99,98,0,98,64,93,100,98,59,97,97,0,0,99,73,0,52,0,18,0,0,62,78,81,42,97,94,95
l19,15=0,0,0,0,0,81,21,58,50,53,71,99,99,0,100,0,99,100,99,99,0,52,44,100,99,97,99,76,0,0,84,99,22,0,0,0,0,0,52,69,68,52,84,83,85
l20,15=0,0,0,0,0,0,51,91,57,62,0,87,80,69,49,0,91,54,93,99,90,0,100,94,95,97,91,100,0,0,0,0,68,87,0,0,94,77,94,85,0,0,93,89,84
l21,15=0,0,0,0,0,0,0,28,0,0,0,0,88,59,0,0,92,0,93,99,76,99,0,100,98,97,97,100,0,0,0,0,92,0,0,0,92,0,80,0,0,0,93,92,84
l22,15=0,0,0,0,0,0,0,54,51,68,78,0,74,70,78,0,81,63,79,99,78,98,82,0,99,97,99,100,0,0,0,5,91,43,0,73,96,42,83,54,51,43,97,62,79
l23,15=0,0,0,0,0,0,0,0,79,0,77,73,83,82,83,0,81,72,81,82,79,77,83,100,0,97,99,82,0,0,57,65,94,87,0,94,74,15,72,80,57,70,84,82,85
l24,15=0,0,0,0,0,0,0,78,45,81,86,75,85,86,86,0,87,78,84,84,80,81,84,100,99,0,99,85,0,0,80,77,79,83,0,91,95,0,81,5,83,83,84,82,85
l25,15=0,0,0,0,0,0,0,41,86,56,79,53,75,0,80,0,81,75,76,99,92,77,81,100,99,97,0,86,0,0,8,0,91,47,0,88,95,48,84,80,56,43,97,94,78
l26,15=0,0,0,0,0,0,0,87,93,91,75,53,1,94,82,0,91,78,83,97,47,98,99,100,98,95,97,0,0,0,0,0,93,89,0,86,59,88,96,92,92,85,97,87,95
l27,15=100,57,56,59,88,100,57,0,0,0,57,45,87,59,80,0,61,100,99,88,48,0,0,0,65,47,6,0,0,0,0,100,0,57,0,99,65,38,46,81,96,64,2,93,0
l28,15=92,85,0,59,0,100,0,46,59,31,0,61,85,85,100,0,99,100,99,88,60,0,0,5,67,53,0,0,0,0,100,0,63,61,0,99,100,38,62,81,91,64,30,0,0
l29,15=0,0,0,0,0,0,0,0,0,0,0,0,0,0,0,0,0,58,0,0,0,51,44,100,99,76,99,100,0,0,0,100,0,100,0,99,100,100,99,100,100,100,95,75,0
l30,15=0,0,0,0,0,0,0,0,0,0,0,0,0,0,74,0,54,48,14,99,0,65,0,97,98,83,61,100,0,0,92,99,100,0,0,99,100,100,99,100,100,100,0,75,88
l31,15=0,0,0,0,0,0,0,0,0,0,0,0,0,0,0,0,0,55,0,41,0,0,0,88,94,91,94,97,0,0,97,92,100,100,0,0,100,100,99,100,100,100,70,13,82
l32,15=0,0,0,0,0,0,0,0,0,0,0,0,0,0,0,0,0,0,0,0,0,91,40,100,93,91,99,56,0,0,96,97,100,100,0,99,0,100,99,100,100,100,0,0,84
l33,15=0,0,0,0,0,0,0,0,0,0,0,0,0,0,0,0,0,0,0,0,0,89,0,81,44,0,92,97,0,0,96,91,100,94,0,99,100,0,91,92,94,94,0,0,0
l34,15=0,0,0,0,0,0,0,0,0,0,0,0,0,0,0,0,27,54,0,99,45,58,17,100,69,54,61,66,0,0,96,99,100,100,0,99,100,100,0,100,100,100,65,0,87
l35,15=0,0,0,0,0,0,0,0,0,0,0,0,0,0,73,0,13,100,0,99,49,38,0,97,91,11,98,66,0,0,100,100,100,100,0,99,100,100,99,0,100,100,0,16,0
l36,15=0,0,0,0,79,93,0,0,0,0,15,0,0,0,80,0,56,61,98,47,43,0,0,100,67,53,43,66,0,0,100,100,100,100,0,99,66,63,99,100,0,100,3,0,0
l37,15=0,0,0,0,0,0,0,0,0,0,0,2,0,0,74,0,25,61,90,82,50,0,0,96,68,84,44,63,0,0,99,100,100,100,0,99,100,63,99,100,100,0,0,6,37
l38,15=0,0,0,0,0,0,0,0,0,2,56,0,14,0,39,0,46,0,69,96,42,72,52,89,96,93,95,93,0,0,0,0,44,0,0,16,0,0,5,0,0,0,0,95,95
l39,15=0,0,0,0,0,0,0,1,2,0,54,5,37,0,72,0,49,55,73,80,53,63,55,30,87,77,76,64,0,0,56,0,35,0,0,0,0,0,0,0,0,0,97,0,85
l40,15=0,0,0,0,0,0,0,0,0,0,53,0,0,0,63,0,65,61,15,82,66,64,36,67,97,81,68,79,0,0,0,0,0,11,0,11,11,0,48,0,0,0,97,94,0
l41,15=0,0,0,0,0,0,0,0,26,2,64,58,39,48,83,0,77,80,81,82,80,66,12,82,98,86,97,81,0,0,64,55,46,49,0,0,0,0,0,0,6,6,93,95,84
l42,15=0,0,0,0,0,0,0,0,0,0,0,0,17,0,58,0,47,50,47,82,45,76,55,82,98,83,77,80,0,0,0,0,50,0,0,1,65,0,38,0,0,13,97,82,95
l43,15=0,0,0,0,0,0,0,0,0,0,0,0,0,0,48,0,0,38,44,67,56,67,41,76,81,81,94,69,0,0,0,0,0,56,0,65,60,0,48,56,1,33,95,94,80
l44,15=0,0,0,0,0,0,0,0,0,0,0,0,1,0,13,0,57,2,9,81,46,78,54,73,98,80,97,77,0,0,0,0,55,59,0,0,63,0,0,0,0,0,97,94,95

