l0,0=0,86,90,87,92,91,87,73,85,80,86,81,87,88,77,0,81,0,70,8,0,0,0,0,0,0,0,0,0,0,72,70,0,0,0,0,0,0,0,0,0,0,0,0,0
l1,0=86,0,82,87,91,91,87,68,90,80,82,81,87,92,2,0,26,0,66,60,60,0,0,0,0,1,0,0,0,0,30,41,0,0,0,0,0,0,0,0,21,0,0,0,0
l2,0=90,86,0,86,85,91,87,93,90,75,85,81,87,92,52,0,81,68,0,73,65,0,0,0,0,12,2,0,0,0,0,61,0,0,0,0,0,0,0,0,0,0,0,0,0
l3,0=90,86,90,0,92,91,87,49,86,78,80,81,87,88,26,0,70,40,69,23,54,0,0,0,0,0,0,0,0,0,65,70,0,0,0,0,0,0,0,0,0,0,0,0,0
l4,0=90,86,89,88,0,91,87,80,76,81,82,70,84,91,51,0,44,0,3,0,0,0,0,0,0,0,0,0,0,0,55,69,0,0,0,0,0,0,0,0,0,0,0,0,0
l5,0=90,86,90,87,91,0,86,93,56,49,72,82,87,92,34,0,23,19,59,0,59,0,0,0,0,0,0,0,0,0,0,0,0,0,0,0,0,0,0,0,33,9,0,0,0
l6,0=90,86,90,86,90,89,0,93,90,86,86,81,87,90,61,0,53,20,84,75,70,0,0,0,0,2,0,0,0,0,38,0,0,0,0,0,0,0,0,0,0,0,0,0,0
l7,0=17,86,90,79,86,91,87,0,90,86,86,81,87,92,81,0,81,21,84,83,82,0,65,77,65,71,64,0,0,0,11,0,0,0,0,0,0,0,0,0,0,0,0,28,0
l8,0=90,86,90,82,66,88,87,93,0,86,86,82,87,92,81,0,81,28,84,79,82,0,85,75,50,20,40,14,0,0,6,0,0,0,0,0,0,0,0,0,0,0,0,28,0
l9,0=90,81,80,50,87,86,87,92,90,0,86,82,84,92,82,0,78,22,77,50,81,65,0,79,62,26,23,0,0,0,36,32,0,0,0,0,0,0,0,0,0,0,0,0,0
l10,0=83,77,59,18,35,46,84,63,52,80,0,81,87,77,46,0,85,24,86,84,85,6,76,76,64,50,42,41,0,0,3,41,0,0,0,0,0,0,0,0,0,0,18,38,0
l11,0=85,86,86,72,20,88,84,89,90,86,85,0,87,92,83,0,81,34,62,78,82,43,20,0,58,0,31,37,0,0,0,23,0,0,0,0,0,0,0,0,0,0,0,0,0
l12,0=84,86,86,37,26,86,84,84,85,80,89,82,0,92,81,0,81,66,83,78,86,0,0,43,47,29,72,45,0,0,0,25,0,0,0,0,0,0,0,0,21,0,0,0,26
l13,0=82,86,90,47,88,89,85,93,90,86,76,82,87,0,85,0,81,47,84,60,73,53,28,70,0,32,0,7,0,0,28,22,0,0,0,0,0,0,0,0,0,0,4,6,0
l14,0=69,1,32,0,24,39,48,51,48,48,75,81,85,90,0,0,85,84,89,91,100,0,59,81,63,29,36,44,0,0,56,46,0,44,0,0,0,0,0,5,37,11,28,78,68
l15,0=64,60,40,19,31,41,53,56,50,49,89,82,83,91,85,0,0,23,89,75,94,82,73,84,64,52,46,57,0,0,48,41,8,0,0,0,0,0,0,10,29,0,28,76,18
l16,0=0,2,31,4,1,24,11,0,41,14,81,76,75,75,56,0,23,0,89,91,94,0,0,46,77,28,41,0,0,0,62,66,0,50,0,7,0,3,75,25,46,30,27,76,38
l17,0=66,20,0,15,9,43,48,49,46,45,89,65,78,86,97,0,85,87,0,90,100,78,14,69,78,29,43,44,0,0,45,44,0,0,0,0,0,0,0,0,32,26,27,76,64
l18,0=14,33,29,0,0,0,42,49,44,18,88,75,83,36,79,0,25,87,88,0,100,98,85,93,86,92,56,47,0,0,44,33,52,58,0,28,0,0,64,1,43,27,25,88,79
l19,0=0,54,30,0,0,37,26,44,34,39,88,81,86,73,97,0,84,87,89,91,0,73,69,76,80,57,53,44,0,0,91,82,0,47,0,0,0,0,0,4,65,26,0,80,69
l20,0=0,0,0,0,0,0,0,3,0,49,34,48,0,35,0,0,81,2,87,88,77,0,100,97,86,92,90,98,0,0,0,0,81,2,0,92,83,0,83,38,1,71,90,46,87
l21,0=0,0,0,0,0,0,0,68,87,0,83,4,0,0,64,0,77,0,20,88,76,100,0,92,86,89,90,98,0,0,0,0,0,92,0,0,10,0,90,54,0,0,81,0,86
l22,0=0,0,0,0,0,0,0,57,57,57,65,0,17,35,72,0,66,73,56,80,69,97,66,0,86,40,91,97,0,0,0,3,91,97,0,70,73,36,77,44,59,64,64,65,79
l23,0=0,0,0,0,0,0,0,35,25,27,80,62,54,0,57,0,38,82,83,80,88,88,87,95,0,92,91,92,0,0,0,31,80,1,0,25,0,0,83,51,57,78,90,90,90
l24,0=0,0,12,0,0,0,0,40,23,30,83,25,57,73,78,0,79,44,80,86,87,97,65,91,86,0,91,87,0,0,0,3,31,86,0,31,22,1,69,81,35,0,90,90,74
l25,0=0,0,3,0,0,0,0,37,29,20,72,51,70,0,41,0,79,46,75,88,84,88,84,98,86,92,0,92,0,0,22,0,84,71,0,49,49,33,22,72,36,69,90,90,90
l26,0=0,0,0,0,0,0,0,0,27,1,68,62,66,16,73,0,80,8,69,72,65,99,99,97,86,90,90,0,0,0,33,2,78,85,0,88,84,71,87,80,40,54,90,60,90
l27,0=48,23,0,9,10,0,15,0,1,7,34,0,0,21,63,0,41,85,64,25,56,0,0,0,0,0,11,4,0,0,0,88,48,83,0,42,10,19,86,86,62,69,0,0,30
l28,0=30,4,16,5,6,15,0,0,0,5,38,44,50,11,12,0,11,87,63,22,50,0,0,21,26,0,0,0,0,0,93,0,60,86,0,32,23,22,28,57,90,91,0,0,31
l29,0=0,0,0,0,0,0,0,0,0,0,0,0,0,0,0,0,0,0,0,25,0,77,5,97,65,2,90,84,0,0,82,83,0,99,0,99,99,100,96,96,91,96,0,53,0
l30,0=0,0,0,0,0,0,0,0,0,0,0,0,0,0,2,0,0,14,0,6,3,0,36,91,0,81,63,85,0,0,92,88,100,0,0,99,99,100,96,98,92,96,53,35,0
l31,0=0,0,0,0,0,0,0,0,0,0,0,0,0,0,0,0,0,0,0,22,0,66,0,59,24,16,51,94,0,0,88,75,100,99,0,0,99,100,96,98,92,96,6,0,0
l32,0=0,0,0,0,0,0,0,0,0,0,0,0,0,0,0,0,0,0,0,0,0,66,46,75,1,25,55,89,0,0,47,65,100,99,0,99,0,100,96,98,89,89,0,0,0
l33,0=0,0,0,0,0,0,0,0,0,0,0,0,0,0,0,0,0,35,0,0,0,0,0,51,0,0,44,61,0,0,42,36,100,99,0,99,99,0,96,90,92,56,0,0,0
l34,0=0,0,0,0,0,0,0,0,0,0,0,0,0,0,0,0,0,72,0,48,0,68,52,85,72,49,6,89,0,0,92,84,100,99,0,99,99,100,0,98,92,96,33,1,0
l35,0=0,0,0,0,0,0,0,0,0,0,0,0,0,0,0,0,7,64,0,1,0,4,32,48,42,28,46,37,0,0,93,75,100,99,0,99,99,96,96,0,92,96,8,5,0
l36,0=0,0,0,0,0,17,0,0,0,0,0,0,4,0,13,0,12,45,63,32,33,0,0,47,54,7,30,7,0,0,70,88,82,97,0,92,48,89,86,98,0,96,0,18,0
l37,0=0,0,0,0,0,28,0,0,0,0,0,0,0,0,17,0,15,83,59,82,36,26,0,72,76,0,77,69,0,0,93,88,99,99,0,99,89,71,96,98,92,0,22,0,0
l38,0=0,0,0,0,0,0,0,0,0,0,63,0,0,0,76,0,68,81,71,70,0,82,37,84,84,90,86,84,0,0,3,0,0,66,0,0,0,0,68,1,0,43,0,90,90
l39,0=0,0,0,0,0,0,0,7,6,0,54,0,0,0,75,0,68,80,69,76,75,50,16,61,86,89,90,50,0,0,0,0,51,59,0,0,0,0,0,1,33,0,90,0,90
l40,0=0,0,0,0,0,0,0,0,0,0,0,0,15,0,73,0,1,45,53,70,69,78,67,83,85,78,82,90,0,0,26,43,0,0,0,0,0,0,0,0,0,0,90,90,0
l41,0=0,0,0,0,0,0,0,0,0,54,78,0,58,22,77,0,78,82,86,88,95,20,77,89,86,90,86,90,0,0,72,58,41,0,0,0,0,0,0,0,44,73,91,91,90
l42,0=0,0,0,0,0,0,0,0,0,0,22,0,0,0,63,0,62,75,54,73,57,69,8,90,86,90,90,86,0,0,0,0,6,65,0,0,0,0,64,0,0,0,90,90,90
l43,0=0,0,0,0,0,0,0,0,0,0,44,0,0,0,64,0,42,56,47,62,52,79,68,81,84,86,79,84,0,0,0,0,59,73,0,5,47,0,54,0,0,0,87,87,87
l44,0=0,0,0,0,0,0,0,0,0,0,0,47,51,0,68,0,58,76,58,64,49,85,73,86,84,89,84,89,0,0,0,4,0,10,0,0,0,0,33,0,0,0,90,80,90

l0,1=0,85,83,87,87,87,87,69,67,69,69,74,75,80,50,0,70,63,2,0,0,0,0,0,0,0,0,0,0,0,69,58,0,0,0,0,0,0,0,0,1,0,0,0,0
l1,1=91,0,82,80,89,87,87,58,70,69,39,70,63,82,53,0,52,32,0,59,62,0,0,0,0,0,0,0,0,0,64,5,0,0,0,0,0,0,0,0,0,0,0,0,0
l2,1=94,86,0,85,88,87,87,92,77,72,69,76,78,85,54,0,73,70,60,59,58,0,0,0,0,46,0,0,0,0,3,2,0,0,0,0,0,0,0,0,0,0,0,0,0
l3,1=94,86,83,0,89,87,86,37,68,69,69,67,77,80,47,0,13,58,43,0,36,0,0,0,0,0,0,0,0,0,70,42,0,0,0,0,0,0,0,0,2,0,0,0,0
l4,1=94,86,78,90,0,87,47,76,63,70,51,69,77,81,7,0,58,66,0,21,0,0,0,0,0,0,0,0,0,0,70,26,0,0,0,0,0,0,0,0,0,0,0,0,0
l5,1=94,86,84,87,89,0,87,73,67,64,45,54,77,79,53,0,69,0,0,27,0,0,0,0,0,0,0,0,0,0,3,0,0,0,0,0,0,0,0,0,31,8,0,0,0
l6,1=94,86,82,78,84,87,0,91,72,69,69,46,77,78,48,0,81,68,64,63,55,0,0,0,0,0,0,0,0,0,65,1,0,0,0,0,0,0,0,0,0,0,0,0,0
l7,1=89,80,82,66,87,87,87,0,77,74,69,76,77,85,63,0,81,0,63,63,71,46,28,63,0,66,57,60,0,0,1,4,0,0,0,0,0,0,0,0,0,0,0,16,0
l8,1=93,86,83,85,83,87,87,92,0,74,69,76,53,85,63,0,80,69,69,72,44,58,22,51,40,43,57,43,0,0,58,8,0,0,0,0,0,0,0,0,0,0,0,0,0
l9,1=90,85,79,60,72,74,82,92,77,0,70,77,79,86,64,0,70,65,63,61,57,25,0,0,66,1,38,19,0,0,9,53,0,0,0,0,0,0,0,0,0,0,0,0,0
l10,1=85,62,70,51,38,84,80,71,67,72,0,74,82,83,54,0,84,72,70,71,68,19,34,8,33,67,69,68,0,0,66,39,0,0,0,0,0,0,0,0,6,0,9,22,6
l11,1=87,77,79,31,71,86,58,83,77,76,70,0,82,87,65,0,82,59,72,67,60,0,0,8,45,58,57,0,0,0,17,52,0,0,0,0,0,0,0,0,0,0,0,17,0
l12,1=78,81,79,68,75,85,84,77,49,71,86,77,0,87,68,0,82,69,72,69,70,49,0,35,43,61,58,61,0,0,43,7,0,0,0,0,0,0,0,0,0,0,1,0,0
l13,1=71,86,82,49,85,82,66,87,77,76,73,77,82,0,64,0,82,57,69,63,55,23,25,31,61,59,35,27,0,0,5,29,0,0,0,0,0,0,0,0,0,0,7,0,0
l14,1=36,58,63,20,0,56,69,50,62,62,37,72,80,73,0,0,84,74,81,81,88,27,34,53,66,58,64,51,0,0,76,65,0,4,0,0,0,0,26,0,37,18,17,70,9
l15,1=61,41,71,0,15,25,78,58,60,59,84,76,82,83,80,0,0,72,77,71,84,46,38,58,76,68,72,69,0,0,75,24,0,0,0,0,0,0,0,2,31,11,10,31,7
l16,1=0,24,59,14,10,1,62,0,30,32,41,12,35,40,66,0,71,0,75,87,79,4,0,35,75,43,42,40,0,0,90,83,6,14,0,0,0,0,28,11,52,6,6,0,0
l17,1=0,0,56,3,0,4,64,37,52,58,49,42,55,71,80,0,80,83,0,79,87,19,21,51,66,2,66,64,0,0,73,3,0,0,0,0,0,0,0,31,28,22,12,24,9
l18,1=1,20,42,0,0,4,34,13,52,18,49,39,51,58,74,0,80,86,74,0,88,60,42,36,90,82,86,80,0,0,61,77,9,13,0,5,0,0,36,34,69,32,20,74,6
l19,1=0,61,62,1,0,0,68,50,48,53,48,40,51,65,80,0,81,84,81,87,0,42,35,50,81,68,74,69,0,0,80,77,0,59,0,0,0,0,42,0,70,13,8,70,14
l20,1=0,0,0,0,0,0,0,49,54,34,48,1,67,49,49,0,68,52,53,78,71,0,89,84,86,83,82,86,0,0,1,0,70,59,0,67,73,0,72,0,38,29,72,69,64
l21,1=0,0,0,0,0,0,0,12,32,0,74,0,0,47,52,0,73,0,59,72,58,95,0,79,88,77,82,84,0,0,0,0,0,60,0,0,49,0,63,52,0,0,74,77,85
l22,1=0,0,0,0,0,0,0,46,41,0,7,10,51,43,56,0,66,60,57,54,45,83,69,0,89,68,86,84,0,0,0,0,74,65,0,71,67,24,65,63,63,62,76,60,77
l23,1=0,0,0,0,0,0,0,0,31,49,40,44,58,52,62,0,71,78,67,78,75,85,76,85,0,83,86,84,0,0,5,53,68,48,0,57,39,47,70,56,65,72,80,88,90
l24,1=0,0,59,0,0,0,0,48,32,0,76,66,75,64,64,0,73,76,24,77,76,89,75,73,90,0,86,80,0,0,0,57,22,42,0,0,30,0,0,73,74,68,88,81,86
l25,1=0,0,0,0,0,0,0,38,36,32,72,53,67,44,44,0,70,55,65,78,71,88,81,90,90,84,0,84,0,0,0,0,71,51,0,59,65,23,57,52,33,48,88,88,88
l26,1=0,0,0,0,0,0,0,21,17,25,71,0,66,50,46,0,66,61,59,70,68,90,76,85,85,77,81,0,0,0,0,0,74,71,0,71,76,53,77,68,17,67,76,76,86
l27,1=26,21,0,30,30,5,25,0,16,0,25,1,15,22,41,0,75,88,40,69,66,0,0,0,0,0,0,0,0,0,0,89,39,74,0,29,17,24,42,88,90,61,0,13,0
l28,1=23,7,6,15,10,0,10,4,7,11,26,7,1,31,25,0,35,90,4,79,71,0,0,0,19,24,0,0,0,0,90,0,40,40,0,53,34,9,58,79,92,52,0,9,2
l29,1=0,0,0,0,0,0,0,0,0,0,0,0,0,0,0,0,0,9,0,37,0,55,1,90,56,11,79,83,0,0,64,78,0,89,0,86,87,94,98,92,92,89,4,0,12
l30,1=0,0,0,0,0,0,0,0,0,0,0,0,0,0,0,0,0,22,0,38,34,43,19,82,29,31,35,80,0,0,86,57,81,0,0,86,87,85,98,92,92,90,10,39,0
l31,1=0,0,0,0,0,0,0,0,0,0,0,0,0,0,0,0,0,15,0,45,0,60,0,84,56,4,63,76,0,0,61,70,81,89,0,0,87,94,98,75,92,90,9,21,0
l32,1=0,0,0,0,0,0,0,0,0,0,0,0,0,0,0,0,0,26,0,0,0,43,26,53,22,21,43,73,0,0,23,58,81,89,0,86,0,94,98,91,56,84,0,0,0
l33,1=0,0,0,0,0,0,0,0,0,0,0,0,0,0,0,0,0,24,0,0,0,0,0,33,52,0,40,60,0,0,54,43,81,86,0,86,87,0,98,72,89,49,0,0,0
l34,1=0,0,0,0,0,0,0,0,0,0,0,0,0,0,13,0,0,51,0,60,27,52,24,44,67,0,39,80,0,0,44,79,81,89,0,86,87,94,0,92,92,90,28,43,0
l35,1=0,0,0,0,0,0,0,0,0,0,0,0,0,0,0,0,4,17,1,40,0,0,12,35,30,40,31,40,0,0,90,75,81,89,0,51,87,74,98,0,92,90,0,0,0
l36,1=0,0,0,0,0,19,0,0,0,0,0,0,0,0,18,0,35,49,17,75,74,19,0,32,39,37,25,1,0,0,90,89,71,87,0,57,68,86,93,88,0,88,0,1,0
l37,1=0,1,0,0,0,15,0,0,0,0,0,0,1,0,15,0,25,49,29,67,32,18,0,32,75,43,34,38,0,0,89,89,78,89,0,86,81,75,98,92,92,0,0,2,0
l38,1=0,0,0,0,0,0,0,0,0,0,48,0,1,1,61,0,11,68,56,61,41,74,61,71,80,80,82,70,0,0,0,0,1,23,0,0,0,0,36,0,0,0,0,88,90
l39,1=0,0,0,0,0,0,0,21,0,0,20,6,0,0,62,0,70,25,49,70,77,69,40,71,89,71,84,80,0,0,22,8,0,38,0,0,0,0,21,0,4,0,90,0,90
l40,1=0,0,0,0,0,0,0,0,0,0,50,1,0,0,55,0,53,8,56,0,68,73,60,63,88,73,77,80,0,0,0,0,0,0,0,0,0,0,0,0,0,0,88,87,0
l41,1=0,0,0,0,0,0,0,0,21,32,74,22,51,44,72,0,71,74,61,78,73,84,61,83,89,81,76,80,0,0,65,67,0,34,0,18,0,0,0,32,0,31,91,90,90
l42,1=0,0,0,0,0,0,0,0,0,0,0,0,0,0,50,0,61,65,43,70,53,73,65,77,89,81,84,73,0,0,0,0,61,24,0,0,6,0,0,0,0,0,88,88,90
l43,1=0,0,0,0,0,0,0,0,0,0,23,0,0,0,44,0,45,47,0,54,48,78,56,59,83,75,80,69,0,0,0,0,51,42,0,0,0,0,0,0,0,0,81,86,90
l44,1=0,0,0,0,0,0,0,0,0,0,0,0,31,1,53,0,0,18,50,57,64,73,54,64,83,76,78,79,0,0,51,1,0,0,0,0,0,0,50,0,0,0,88,85,90

l0,2=0,79,80,77,79,73,86,64,68,79,67,78,37,76,0,0,74,24,31,29,0,0,0,0,0,0,0,0,0,0,44,0,0,0,0,0,0,0,0,0,0,0,0,0,0
l1,2=87,0,81,71,82,73,86,68,67,80,61,81,70,76,53,0,66,23,35,25,23,0,0,0,0,0,0,0,0,0,45,22,0,0,0,0,0,0,0,0,0,0,0,0,0
l2,2=77,78,0,60,65,73,86,77,76,83,69,79,76,75,63,0,66,47,62,41,0,0,0,1,0,23,0,0,0,0,53,36,0,0,0,0,0,0,0,0,0,0,0,0,0
l3,2=89,80,80,0,82,73,83,55,70,75,67,67,76,72,42,0,40,0,33,0,3,0,0,0,0,0,0,0,0,0,50,29,0,0,0,0,0,0,0,0,0,0,0,0,0
l4,2=86,80,79,77,0,73,86,70,65,71,65,62,73,77,46,0,39,0,8,4,0,0,0,0,0,0,0,0,0,0,56,2,0,0,0,0,0,0,0,0,0,0,0,0,0
l5,2=86,80,83,72,79,0,86,71,73,80,69,68,76,76,60,0,44,0,26,24,15,0,0,0,0,0,0,0,0,0,53,19,0,0,0,0,0,0,0,0,0,0,0,0,0
l6,2=86,79,84,59,71,73,0,73,74,81,68,81,76,78,66,0,78,45,66,0,45,4,0,1,0,0,0,0,0,0,58,29,0,0,0,0,0,0,0,0,0,0,0,0,0
l7,2=75,70,82,59,69,73,86,0,76,86,69,81,76,80,68,0,80,0,72,46,56,33,16,61,25,62,39,0,0,0,0,0,0,0,0,0,0,0,0,0,0,0,0,0,0
l8,2=77,66,83,63,63,67,85,78,0,84,60,81,77,83,73,0,77,0,72,48,0,30,39,64,0,46,35,45,0,0,53,25,0,0,0,0,0,0,0,0,0,0,0,0,0
l9,2=72,66,81,44,42,61,81,72,73,0,69,82,76,83,73,0,69,49,72,39,41,37,8,0,48,26,34,50,0,0,34,31,0,0,0,0,0,0,0,0,0,0,0,20,0
l10,2=66,52,73,49,54,59,65,51,63,78,0,82,78,79,67,0,82,36,73,50,64,0,34,49,15,64,51,43,0,0,0,16,0,0,0,0,0,0,0,0,15,0,16,38,38
l11,2=64,66,61,49,36,49,78,77,74,87,68,0,78,83,74,0,79,36,72,2,62,46,31,40,28,61,38,0,0,0,56,20,0,0,0,0,0,0,0,0,0,0,25,38,28
l12,2=47,51,79,51,43,65,78,56,69,77,79,82,0,83,70,0,81,41,72,42,57,0,31,49,42,54,33,61,0,0,42,25,0,0,0,0,0,0,0,0,0,14,29,35,0
l13,2=68,66,63,35,68,65,81,70,73,87,71,82,78,0,73,0,80,30,64,35,51,0,0,52,13,38,0,0,0,0,47,31,0,0,0,0,0,0,0,0,0,0,0,0,0
l14,2=0,19,58,33,38,51,59,44,67,72,57,78,63,77,0,0,84,37,85,63,87,45,38,70,20,83,68,37,0,0,75,51,0,0,0,0,0,0,29,28,23,21,40,74,57
l15,2=53,22,55,33,35,27,73,68,64,60,79,82,78,79,88,0,0,46,71,43,72,52,47,67,23,64,23,46,0,0,55,21,0,4,0,0,0,0,0,24,21,43,39,55,34
l16,2=24,11,64,0,16,20,42,0,0,67,63,61,64,36,70,0,70,0,76,71,86,3,0,30,52,71,8,30,0,0,86,83,3,29,0,10,0,0,26,10,23,67,25,36,27
l17,2=26,25,59,25,21,40,55,50,62,70,70,78,62,64,88,0,77,48,0,52,87,47,38,63,48,18,16,55,0,0,61,11,0,4,0,0,0,0,0,9,17,0,53,51,54
l18,2=27,2,41,0,0,21,0,36,59,51,58,19,49,38,83,0,71,71,67,0,87,76,34,74,68,78,87,71,0,0,77,55,0,0,0,0,1,0,57,44,51,51,69,52,42
l19,2=0,0,0,0,0,0,30,48,0,64,64,69,60,64,88,0,83,71,85,71,0,53,0,64,51,83,55,73,0,0,65,63,10,19,0,0,0,0,21,0,62,23,53,64,61
l20,2=0,0,0,0,0,0,0,37,51,59,0,58,0,0,68,0,71,15,61,65,73,0,85,86,59,90,79,89,0,0,0,0,60,67,0,53,36,55,58,50,55,54,75,65,74
l21,2=0,0,0,0,0,0,0,0,44,0,52,53,44,0,59,0,75,0,58,51,0,87,0,80,60,83,74,83,0,0,0,0,0,15,0,0,0,0,0,0,2,0,72,75,70
l22,2=0,0,1,0,0,0,0,40,43,17,27,41,35,47,63,0,70,9,60,54,65,75,65,0,64,85,87,88,0,0,0,0,66,70,0,56,52,0,74,57,57,0,78,61,30
l23,2=0,0,0,0,0,0,0,3,19,51,41,42,46,45,76,0,76,64,73,65,78,71,73,86,0,90,85,79,0,0,0,0,58,63,0,44,30,47,77,0,53,69,84,82,85
l24,2=0,0,40,0,0,0,1,48,31,36,61,69,54,48,78,0,77,64,35,59,80,77,71,82,69,0,85,77,0,0,39,29,40,7,0,27,16,19,43,51,67,68,83,79,85
l25,2=0,0,0,0,0,0,0,36,43,41,58,45,34,0,80,0,77,19,30,61,80,75,71,88,67,90,0,78,0,0,31,26,40,62,0,33,50,33,59,4,61,42,84,79,85
l26,2=0,0,0,0,0,0,0,0,24,43,49,20,54,0,54,0,71,26,65,59,80,83,74,86,61,85,79,0,0,0,0,0,69,77,0,60,55,50,80,0,51,0,84,78,79
l27,2=51,19,43,41,36,52,59,0,39,6,0,49,29,28,61,0,49,70,42,65,51,0,0,0,0,17,5,0,0,0,0,83,41,53,0,51,16,46,62,78,92,72,0,25,0
l28,2=0,9,35,17,18,26,33,0,22,47,23,27,26,21,69,0,28,75,25,66,74,0,0,0,0,23,10,0,0,0,87,0,53,72,0,54,21,16,81,75,92,87,0,0,11
l29,2=0,0,0,0,0,0,0,0,0,0,0,0,0,0,0,0,0,18,0,0,6,63,0,88,46,48,34,79,0,0,63,60,0,88,0,80,80,94,91,89,92,94,0,0,0
l30,2=0,0,0,0,0,0,0,0,0,0,0,0,0,0,0,0,9,28,3,0,24,34,14,84,11,6,19,84,0,0,80,61,82,0,0,80,80,94,91,89,93,94,0,50,0
l31,2=0,0,0,0,0,0,0,0,0,0,0,0,0,0,0,0,0,18,0,2,0,38,0,74,35,21,28,57,0,0,43,47,82,88,0,0,80,94,91,89,93,94,36,0,0
l32,2=0,0,0,0,0,0,0,0,0,0,0,0,0,0,0,0,0,0,0,3,0,35,0,83,35,26,40,71,0,0,27,29,82,88,0,80,0,94,91,89,14,90,0,43,0
l33,2=0,0,0,0,0,0,0,0,0,0,0,0,0,0,0,0,0,0,0,0,0,36,0,0,36,0,32,47,0,0,55,26,82,88,0,80,80,0,91,88,93,69,0,0,0
l34,2=0,0,0,0,0,0,0,0,0,0,0,0,0,0,4,0,0,21,0,35,20,23,0,79,52,12,36,79,0,0,79,82,82,88,0,80,80,92,0,89,93,94,37,39,0
l35,2=0,0,0,0,0,0,0,0,0,0,0,0,0,0,38,0,27,32,2,47,14,29,6,62,1,63,0,0,0,0,54,60,82,88,0,76,80,92,91,0,93,94,0,0,0
l36,2=0,0,0,0,0,0,0,0,0,0,11,0,0,0,63,0,22,34,14,58,76,34,19,56,8,75,59,41,0,0,87,82,75,84,0,76,14,63,90,89,0,94,0,3,0
l37,2=0,0,0,0,0,0,0,0,0,0,0,0,8,0,30,0,24,46,0,65,24,41,1,1,54,77,16,0,0,0,57,83,81,88,0,78,51,62,91,89,93,0,1,35,0
l38,2=0,0,0,0,0,0,0,0,0,0,0,5,14,0,64,0,55,28,68,59,57,50,30,78,59,83,76,64,0,0,0,0,0,0,0,5,0,0,56,0,0,0,0,84,88
l39,2=0,0,0,0,0,0,0,0,0,2,28,48,27,0,75,0,73,38,59,45,78,31,53,76,65,87,83,72,0,0,25,0,0,47,0,0,3,0,43,0,6,0,89,0,89
l40,2=0,0,0,0,0,0,0,0,0,0,33,13,0,0,70,0,26,22,63,33,70,60,35,0,60,84,73,65,0,0,0,1,0,0,0,0,0,0,0,0,0,0,87,82,0
l41,2=0,0,0,0,0,0,0,0,6,0,56,22,32,66,80,0,75,60,71,60,79,64,1,79,62,84,76,70,0,0,0,35,0,3,0,0,0,0,7,0,0,30,89,84,85
l42,2=0,0,0,0,0,0,0,0,0,0,0,0,0,0,58,0,67,36,51,56,58,59,56,79,62,82,72,59,0,0,0,0,47,65,0,0,13,0,64,17,0,0,82,79,85
l43,2=0,0,0,0,0,0,0,0,0,0,0,0,0,0,52,0,34,0,47,42,26,65,35,50,46,80,74,66,0,0,0,0,0,7,0,0,16,0,36,0,0,0,81,78,85
l44,2=0,0,0,0,0,0,0,0,0,0,0,0,0,0,48,0,46,25,47,48,59,40,48,61,59,81,72,65,0,0,0,0,3,48,0,0,0,0,55,24,0,0,84,79,82

l0,3=0,61,78,58,70,92,77,61,61,81,0,90,81,72,49,0,73,65,11,0,0,0,0,0,0,0,0,0,0,0,10,4,0,0,0,0,0,0,0,0,0,0,0,0,0
l1,3=36,0,84,37,81,93,83,65,65,68,69,89,81,71,40,0,70,65,62,50,54,0,0,0,28,0,0,0,0,0,9,28,0,0,0,0,0,0,0,0,0,0,0,0,0
l2,3=36,58,0,13,70,87,81,73,72,75,70,91,81,74,43,0,72,67,59,57,0,0,0,0,0,0,0,0,0,0,10,25,0,0,0,0,0,0,0,0,0,0,0,0,0
l3,3=54,75,82,0,81,93,75,64,62,69,69,81,81,66,37,0,73,49,0,0,47,0,0,0,0,0,0,0,0,0,10,27,0,0,0,0,0,0,0,0,0,0,0,0,0
l4,3=37,73,79,58,0,92,81,68,68,66,69,86,16,71,46,0,53,0,62,0,0,0,0,0,0,0,0,0,0,0,4,0,0,0,0,0,0,0,0,0,0,0,0,0,0
l5,3=40,75,83,49,81,0,83,82,68,74,70,88,81,72,44,0,55,65,53,50,37,0,0,0,0,0,0,0,0,0,13,26,0,0,0,0,0,0,0,0,0,0,0,0,0
l6,3=35,75,83,11,78,92,0,79,69,81,69,91,81,74,47,0,74,71,64,0,0,0,0,0,0,3,0,0,0,0,5,0,0,0,0,0,0,0,0,0,0,0,0,0,0
l7,3=35,57,76,11,69,88,79,0,67,79,62,92,83,79,52,0,74,34,65,68,59,0,0,11,31,27,18,0,0,0,0,0,0,0,0,0,0,0,0,0,0,0,0,0,0
l8,3=34,57,78,11,70,85,78,71,0,75,66,91,81,74,51,0,74,51,67,70,68,0,45,11,0,20,10,13,0,0,7,0,0,0,0,0,0,0,0,0,0,0,0,21,0
l9,3=41,58,75,11,68,86,78,75,61,0,69,92,85,82,47,0,75,65,66,66,67,33,0,11,36,21,9,9,0,0,9,21,0,0,0,0,0,0,0,0,0,0,0,0,0
l10,3=12,66,72,10,69,82,75,52,48,69,0,85,86,80,63,0,86,71,76,71,73,68,27,11,35,27,14,22,0,0,3,27,0,0,0,0,0,0,0,0,0,0,0,19,0
l11,3=35,57,75,9,69,82,78,75,61,75,69,0,86,82,50,0,79,71,66,67,70,57,35,8,31,24,9,9,0,0,10,24,0,0,0,0,0,0,0,0,0,0,0,20,0
l12,3=30,56,72,10,7,80,76,65,57,71,72,92,0,82,54,0,85,61,67,53,64,37,30,8,31,21,11,17,0,0,2,2,0,0,0,0,0,0,0,0,0,4,0,19,0
l13,3=36,56,74,9,70,85,78,74,61,76,70,92,86,0,46,0,75,68,62,49,60,51,0,11,30,21,0,0,0,0,9,23,0,0,0,0,0,0,0,0,0,0,0,0,0
l14,3=34,50,57,5,57,65,66,62,53,58,68,89,84,74,0,0,87,91,89,87,96,64,39,10,32,27,21,16,0,0,0,31,0,0,0,0,0,0,0,32,31,0,14,27,11
l15,3=36,27,62,8,32,53,79,72,54,68,72,92,85,79,69,0,0,78,79,78,84,76,45,11,35,29,18,14,0,0,12,24,0,0,0,0,0,0,0,0,28,4,14,21,10
l16,3=19,25,48,0,0,59,60,19,29,51,60,58,72,36,85,0,87,0,81,93,96,32,0,4,32,60,41,14,0,0,91,90,0,52,0,0,2,0,9,26,91,2,9,37,11
l17,3=7,48,48,0,59,52,66,51,56,69,72,89,83,57,85,0,85,79,0,89,88,62,39,11,44,21,9,0,0,0,10,27,0,0,0,0,0,0,0,0,36,6,14,24,0
l18,3=0,16,35,0,0,35,0,59,59,57,64,78,73,18,79,0,78,93,87,0,96,85,46,12,83,75,73,74,0,0,83,40,3,0,0,2,0,0,8,0,45,14,16,29,12
l19,3=0,13,0,1,21,44,0,38,45,48,69,87,81,44,85,0,87,94,89,93,0,70,34,9,57,58,20,23,0,0,16,30,6,0,0,2,0,0,0,1,47,0,16,28,0
l20,3=0,0,0,0,0,0,0,0,0,6,58,62,33,37,64,0,74,46,65,85,75,0,98,85,55,77,69,90,0,0,0,0,89,79,0,66,24,57,74,21,0,0,66,56,65
l21,3=0,0,0,0,0,0,0,0,53,0,38,58,57,0,56,0,72,0,67,84,73,96,0,84,82,69,70,90,0,0,0,0,0,5,0,31,0,9,0,0,0,0,22,55,0
l22,3=0,0,0,0,0,0,0,48,28,33,39,33,36,53,56,0,59,15,66,70,51,93,70,0,78,77,73,90,0,0,4,0,71,78,0,64,81,21,68,25,9,7,65,54,0
l23,3=0,20,0,0,0,0,0,32,0,46,38,51,59,46,48,0,55,54,45,92,64,63,54,84,0,79,73,85,0,0,8,0,59,58,0,49,48,9,55,54,53,65,69,58,81
l24,3=0,0,0,0,0,0,10,54,37,44,62,58,58,51,60,0,64,61,33,86,80,92,28,84,83,0,72,81,0,0,0,0,28,12,0,8,21,2,5,36,45,24,14,57,80
l25,3=0,0,0,0,0,0,0,54,39,38,49,54,59,0,77,0,65,66,14,86,56,91,53,85,83,77,0,82,0,0,0,12,20,39,0,2,57,0,49,0,53,0,69,57,80
l26,3=0,0,0,0,0,0,0,18,35,33,48,38,67,0,40,0,47,46,6,83,79,96,91,85,79,74,69,0,0,0,0,0,81,91,0,78,75,25,62,70,40,1,55,31,67
l27,3=9,14,29,1,47,78,0,0,40,52,41,37,0,28,16,0,45,94,66,87,81,0,0,4,20,0,0,0,0,0,0,90,50,83,0,5,23,13,84,57,97,86,2,17,7
l28,3=0,18,33,16,1,64,0,0,9,52,51,36,11,30,42,0,42,94,55,61,61,0,0,0,0,0,11,0,0,0,91,0,38,94,0,7,34,23,85,96,97,96,4,21,0
l29,3=0,0,0,0,0,0,0,0,0,0,0,0,0,0,0,0,0,0,0,13,34,91,0,81,76,72,52,83,0,0,83,76,0,100,0,95,96,100,99,96,91,100,0,0,0
l30,3=0,0,0,0,1,0,0,0,0,0,0,0,0,0,0,0,0,83,0,0,0,85,11,85,68,55,48,90,0,0,88,90,98,0,0,95,96,100,99,96,97,100,34,0,7
l31,3=0,0,0,0,0,0,0,0,0,0,0,0,0,0,0,0,0,0,0,14,31,76,58,82,69,54,32,85,0,0,54,39,98,100,0,0,96,99,99,96,97,100,0,25,0
l32,3=0,0,0,0,0,0,0,0,0,0,0,0,0,0,0,0,0,5,0,0,0,51,0,85,62,43,62,88,0,0,66,66,98,100,0,95,0,100,99,96,97,100,0,26,0
l33,3=0,0,0,0,0,0,0,0,0,0,0,0,0,0,0,0,0,0,0,0,0,66,4,61,23,0,0,63,0,0,8,67,98,100,0,95,96,0,99,96,95,79,0,0,0
l34,3=0,0,0,0,0,0,0,0,0,0,0,0,0,0,0,0,14,58,0,52,0,85,0,81,67,43,56,76,0,0,91,90,98,100,0,95,96,100,0,96,97,100,18,0,39
l35,3=0,0,0,0,0,0,0,0,0,0,0,0,0,0,34,0,0,49,0,0,1,47,0,65,68,66,0,71,0,0,91,65,98,100,0,60,60,83,99,0,97,100,0,0,0
l36,3=0,0,0,0,0,0,0,0,0,0,0,2,0,0,35,0,47,57,68,38,85,0,0,13,66,71,54,39,0,0,91,90,56,100,0,57,51,56,99,96,0,100,0,13,0
l37,3=0,0,0,0,0,0,0,0,0,0,3,0,23,0,0,0,33,0,38,39,12,0,0,70,77,76,0,16,0,0,91,90,98,100,0,60,63,56,99,96,97,0,0,37,0
l38,3=0,0,0,0,0,0,0,0,0,0,0,0,0,0,53,0,46,49,38,65,49,61,16,55,69,15,62,2,0,0,4,5,0,9,0,0,0,0,1,0,0,0,0,57,85
l39,3=0,0,0,0,0,0,0,0,30,0,36,50,43,0,56,0,57,56,35,63,49,60,27,34,74,62,62,11,0,0,2,11,0,0,0,0,8,0,0,0,4,0,73,0,84
l40,3=0,0,0,0,0,0,0,0,0,0,0,0,0,0,50,0,49,51,0,57,0,61,0,0,69,65,60,60,0,0,4,0,0,0,0,0,0,0,3,0,0,0,73,57,0
l41,3=0,0,0,0,0,0,1,0,0,0,37,30,47,46,70,0,62,78,63,83,69,50,5,72,82,74,69,53,0,0,2,15,10,0,0,0,0,0,2,2,0,0,73,57,81
l42,3=0,0,0,0,0,0,0,0,0,0,15,0,0,0,34,0,36,37,28,68,50,71,37,58,76,63,60,69,0,0,0,0,26,0,0,3,0,13,4,15,0,0,55,57,79
l43,3=0,0,0,0,0,0,0,0,0,0,6,0,0,0,33,0,0,29,0,42,44,63,23,27,58,52,59,63,0,0,0,0,29,0,0,0,0,0,23,0,0,0,63,57,70
l44,3=0,0,0,0,0,0,0,0,0,0,0,0,0,0,31,0,33,45,26,53,40,57,36,59,70,64,63,50,0,0,0,0,0,34,0,0,0,0,10,16,1,0,69,57,77

l0,4=0,82,17,82,86,71,41,74,56,74,41,83,71,57,26,0,36,16,24,0,0,0,0,0,0,0,0,0,0,0,11,10,0,0,0,0,0,0,0,0,0,0,0,0,0
l1,4=85,0,71,82,90,76,59,66,64,73,45,83,72,57,26,0,35,4,22,28,9,0,0,0,29,0,0,0,0,0,41,61,0,0,0,0,0,0,0,0,0,0,0,0,0
l2,4=38,82,0,37,91,21,57,69,64,74,45,83,74,57,9,0,35,14,28,27,0,0,0,0,0,0,11,0,0,0,23,36,0,0,0,0,0,0,0,0,0,0,0,0,0
l3,4=85,82,65,0,93,76,53,71,57,72,44,82,27,57,25,0,36,16,23,0,0,0,0,0,0,0,0,0,0,0,59,69,0,0,0,0,0,0,0,0,0,0,0,0,0
l4,4=85,82,69,82,0,76,59,80,63,69,50,83,70,61,23,0,35,16,26,0,0,0,0,0,0,0,0,0,0,0,0,71,0,0,0,0,0,0,0,0,0,0,0,0,0
l5,4=85,82,26,82,90,0,59,81,64,74,49,83,72,58,2,0,29,13,24,0,8,0,0,0,0,0,0,0,0,0,63,1,0,0,0,0,0,0,0,0,28,0,0,0,0
l6,4=38,79,23,29,64,67,0,64,56,74,44,83,71,57,23,0,36,16,28,2,13,0,0,0,0,26,3,0,0,0,58,29,0,0,0,0,0,0,0,0,0,0,0,0,0
l7,4=38,21,17,27,49,21,32,0,64,73,44,83,71,57,27,0,36,0,28,28,12,8,0,28,21,45,14,26,0,0,0,0,0,0,0,0,0,0,0,0,0,0,0,0,0
l8,4=38,27,67,28,47,22,32,77,0,74,37,83,71,57,27,0,35,0,28,29,6,8,2,22,26,0,12,22,0,0,20,0,0,0,0,0,0,0,0,0,0,0,4,62,0
l9,4=38,24,16,18,39,20,32,65,56,0,45,83,71,57,26,0,36,11,28,22,10,6,0,24,32,31,12,23,0,0,24,31,0,0,0,0,0,0,0,0,0,0,0,60,0
l10,4=32,20,13,22,40,19,24,47,43,66,0,62,76,50,26,0,40,11,28,26,13,3,5,27,31,45,13,22,0,0,0,35,0,0,0,0,0,0,0,0,0,25,49,69,0
l11,4=37,23,16,22,49,20,32,65,56,74,45,0,79,57,23,0,36,12,28,27,13,0,1,33,29,34,13,23,0,0,0,64,0,0,0,0,0,0,0,0,0,0,0,8,0
l12,4=36,22,35,11,39,20,43,67,63,71,50,83,0,61,28,0,40,16,20,26,13,0,5,27,33,39,14,30,0,0,0,5,0,0,0,0,0,0,0,0,0,0,1,68,58
l13,4=39,23,16,25,50,20,31,65,56,74,45,83,72,0,28,0,36,15,28,20,13,6,0,28,30,40,13,23,0,0,9,32,0,0,0,0,0,0,0,0,0,0,0,67,0
l14,4=31,17,3,12,31,15,25,47,45,60,45,63,60,50,0,0,40,74,67,30,64,8,0,29,29,39,17,24,0,0,25,8,0,1,0,0,0,0,0,32,7,45,59,75,61
l15,4=32,15,9,16,31,6,25,56,43,65,48,82,71,42,29,0,0,15,31,27,14,8,6,29,34,34,13,24,0,0,27,37,0,35,0,0,0,0,6,0,34,0,49,70,3
l16,4=22,0,10,13,25,18,31,0,0,60,43,63,63,49,50,0,39,0,62,74,70,2,0,0,57,55,39,0,0,0,84,87,0,42,0,0,0,0,68,71,67,49,52,78,0
l17,4=27,6,9,9,22,16,21,45,44,61,48,69,31,46,50,0,40,62,0,59,10,0,5,28,34,34,13,20,0,0,26,39,0,0,0,0,0,0,12,0,34,39,51,73,61
l18,4=0,5,7,0,0,1,0,49,50,42,39,58,39,32,48,0,39,84,60,0,74,9,12,37,77,69,55,35,0,0,27,48,9,31,0,31,1,0,18,21,33,44,47,70,53
l19,4=0,6,0,0,0,18,24,44,37,58,45,66,56,47,50,0,40,85,25,74,0,9,7,29,71,49,18,27,0,0,26,42,10,5,0,6,0,0,23,27,30,47,61,79,59
l20,4=0,0,0,0,0,0,0,22,28,8,17,0,0,26,20,0,36,0,0,63,30,0,88,75,69,81,61,65,0,0,0,0,32,41,0,49,34,47,67,14,23,35,76,77,24
l21,4=0,0,0,0,0,0,0,0,0,0,22,44,32,0,0,0,36,0,32,67,56,89,0,75,69,68,56,61,0,0,0,0,0,3,0,60,0,0,46,0,0,0,49,58,47
l22,4=0,0,0,0,0,0,0,29,32,40,29,53,29,28,17,0,31,0,24,48,10,63,59,0,77,82,62,64,0,0,0,0,25,50,0,59,70,44,39,30,33,41,70,71,46
l23,4=0,3,0,0,0,0,0,24,29,43,32,50,44,26,29,0,38,18,54,71,64,70,57,89,0,83,62,48,0,0,6,0,16,25,0,62,32,21,34,52,6,70,76,87,83
l24,4=0,0,0,0,0,0,16,52,25,48,45,54,39,37,47,0,37,57,57,69,63,75,78,79,76,0,57,49,0,0,0,3,21,34,0,47,31,1,54,54,29,67,83,87,87
l25,4=0,0,0,0,0,0,0,40,31,4,37,54,44,27,39,0,35,51,30,67,11,69,63,89,77,81,0,43,0,0,5,1,27,52,0,38,39,37,34,23,31,37,35,85,69
l26,4=0,0,0,0,0,0,0,40,32,42,29,54,41,28,35,0,32,0,35,64,53,85,79,89,72,66,56,0,0,0,12,17,21,55,0,62,73,52,64,52,48,35,17,66,62
l27,4=2,2,2,0,21,64,26,0,29,55,0,20,0,9,25,0,34,85,43,71,37,0,0,0,19,0,4,12,0,0,0,87,38,42,0,34,24,0,48,99,98,100,24,23,0
l28,4=0,6,7,14,33,9,9,0,0,39,37,67,14,43,0,0,39,85,36,73,45,0,0,0,0,0,5,11,0,0,85,0,2,77,0,40,59,44,85,100,98,100,39,48,40
l29,4=0,0,0,0,0,0,0,0,0,0,0,0,0,0,0,0,0,0,0,2,2,80,0,78,70,64,60,45,0,0,41,0,0,79,0,99,100,100,95,100,98,100,77,49,0
l30,4=0,0,0,0,0,0,0,0,0,0,0,0,0,0,0,0,34,70,0,63,0,63,3,78,69,62,53,49,0,0,35,56,45,0,0,99,100,86,95,100,98,100,41,0,3
l31,4=0,0,0,0,0,0,0,0,0,0,0,0,0,0,0,0,0,0,0,66,12,53,53,89,77,61,50,49,0,0,37,56,45,79,0,0,100,100,95,100,98,100,0,41,0
l32,4=0,0,0,0,0,0,0,0,0,0,0,0,0,0,0,0,0,0,0,0,0,24,0,89,71,63,52,63,0,0,37,85,45,79,0,99,0,100,95,100,98,100,0,47,0
l33,4=0,0,0,0,0,0,0,0,0,0,0,0,0,0,0,0,0,0,0,0,0,84,0,89,73,0,50,48,0,0,0,87,45,79,0,99,100,0,95,100,98,100,0,0,0
l34,4=0,0,0,0,0,0,0,0,0,0,0,0,0,0,0,0,2,63,2,68,38,57,40,77,71,68,52,49,0,0,47,55,45,79,0,99,100,100,0,100,98,100,0,0,59
l35,4=0,0,0,0,0,0,0,0,0,0,0,0,0,0,32,0,0,69,0,73,15,0,0,88,75,79,52,63,0,0,84,87,45,79,0,99,91,87,95,0,98,100,0,0,1
l36,4=0,0,0,0,0,19,0,0,0,0,0,0,0,0,0,0,35,69,42,73,7,4,0,62,0,61,49,38,0,0,84,87,45,79,0,61,84,87,95,100,0,100,0,0,0
l37,4=0,0,0,0,0,0,0,0,0,0,17,0,0,0,25,0,0,67,28,74,41,23,0,77,75,80,45,18,0,0,85,87,45,79,0,99,100,75,95,100,98,0,0,0,59
l38,4=0,0,0,0,0,0,0,0,0,0,21,0,3,0,39,0,25,12,13,36,34,31,2,65,56,52,17,1,0,0,2,5,10,6,0,0,0,0,1,0,0,0,0,86,85
l39,4=0,0,0,0,0,0,0,0,25,1,23,24,24,15,26,0,28,32,36,47,60,48,3,70,66,65,52,27,0,0,4,11,10,0,0,0,18,0,2,0,0,0,81,0,85
l40,4=0,0,0,0,0,0,0,0,0,0,0,0,26,0,27,0,12,0,31,53,31,3,7,49,60,58,46,34,0,0,0,5,0,3,0,0,0,0,11,0,0,8,87,87,0
l41,4=0,0,0,0,0,0,0,0,0,0,26,46,39,35,41,0,30,62,48,62,59,31,5,72,68,66,52,18,0,0,17,27,16,0,0,0,0,0,18,0,23,0,81,83,73
l42,4=0,0,0,0,0,0,0,0,0,0,13,0,0,0,28,0,0,39,37,54,51,57,45,64,68,59,47,38,0,0,0,0,12,3,0,3,15,2,34,0,0,0,76,87,73
l43,4=0,0,0,0,0,0,0,0,0,0,0,0,0,0,6,0,21,23,20,38,47,57,38,63,52,54,51,13,0,0,0,0,11,25,0,17,1,0,9,0,0,0,72,86,77
l44,4=0,0,0,0,0,0,0,0,0,0,0,0,0,0,36,0,29,32,1,56,38,58,22,62,63,61,52,29,0,0,0,0,2,33,0,0,3,0,0,0,0,0,87,77,77

l0,5=0,90,89,78,81,86,75,60,53,54,45,54,54,31,15,0,32,6,0,6,0,0,0,0,0,0,0,0,0,0,23,30,0,0,0,0,0,0,0,0,0,0,0,0,0
l1,5=92,0,91,77,71,86,86,68,55,55,54,56,57,41,20,0,48,8,0,18,14,0,0,0,0,0,0,0,0,0,27,24,0,0,0,0,0,0,0,0,3,0,0,0,0
l2,5=89,93,0,74,78,86,86,67,55,50,48,57,58,68,29,0,45,22,0,3,0,0,0,0,2,0,0,0,0,0,29,35,0,0,0,0,0,0,0,0,0,0,0,0,0
l3,5=92,93,91,0,83,87,86,67,52,52,45,55,54,67,9,0,29,9,0,0,0,0,0,0,0,0,0,0,0,0,29,35,0,0,0,0,0,0,0,0,0,0,0,0,0
l4,5=92,87,90,78,0,87,86,67,31,39,40,45,58,58,0,0,42,12,1,24,0,0,0,0,0,0,0,0,0,0,28,32,0,0,0,0,0,0,0,0,0,0,0,0,0
l5,5=87,90,89,75,81,0,86,67,50,49,55,57,49,60,16,0,34,17,2,5,14,0,0,0,0,0,0,0,0,0,53,33,0,0,0,0,0,0,0,0,4,0,0,0,0
l6,5=69,90,70,42,70,52,0,66,40,58,51,55,53,62,27,0,48,12,9,20,6,0,0,5,0,5,6,0,0,0,24,30,0,0,0,0,0,0,0,0,0,0,0,0,0
l7,5=69,89,77,38,23,57,85,0,55,57,47,58,52,63,47,0,52,0,35,30,0,0,0,0,0,16,12,15,0,0,0,0,0,0,0,0,0,0,0,0,0,0,0,0,0
l8,5=83,93,91,38,17,39,77,69,0,58,50,58,58,71,50,0,51,15,11,28,23,5,3,25,0,10,15,24,0,0,20,0,0,0,0,0,0,0,0,0,0,0,0,0,0
l9,5=67,67,43,36,19,40,79,58,43,0,51,57,52,67,49,0,54,13,35,7,23,0,0,0,6,6,12,20,0,0,23,0,0,0,0,0,0,0,0,0,0,0,0,17,0
l10,5=57,69,18,15,22,37,56,23,19,46,0,33,58,62,73,0,64,15,17,22,33,9,5,17,6,7,12,24,0,0,31,25,0,0,0,0,0,0,0,0,0,3,12,24,0
l11,5=64,65,37,14,14,36,51,63,53,57,48,0,58,70,33,0,53,12,24,9,26,0,0,16,5,4,8,28,0,0,22,28,0,0,0,0,0,0,0,0,0,0,12,0,0
l12,5=67,51,50,37,18,38,79,58,53,50,58,58,0,71,52,0,59,37,31,25,32,10,1,16,17,7,21,29,0,0,0,9,0,0,0,0,0,0,0,0,0,0,12,24,0
l13,5=64,64,50,34,22,37,79,58,39,56,51,58,58,0,51,0,50,38,30,26,30,7,0,22,17,16,13,30,0,0,29,21,0,0,0,0,0,0,0,0,0,0,4,16,0
l14,5=33,25,16,4,5,20,34,15,13,47,56,9,35,48,0,0,62,84,69,66,79,8,6,13,6,6,12,23,0,0,30,24,0,0,0,0,0,0,0,2,9,13,12,28,6
l15,5=43,34,17,9,16,29,36,21,10,41,58,30,53,44,69,0,0,24,65,22,34,9,6,17,6,5,12,24,0,0,29,35,0,17,0,0,0,0,0,0,17,5,7,25,5
l16,5=31,19,18,3,7,24,16,0,8,33,19,4,12,45,75,0,62,0,36,53,79,0,0,30,18,11,33,0,0,0,80,89,0,19,0,0,0,0,23,34,70,34,19,16,2
l17,5=29,27,11,9,7,27,34,16,9,48,39,19,11,33,75,0,62,31,0,48,67,5,6,17,5,8,11,0,0,0,39,26,0,0,0,0,0,0,4,1,17,2,12,25,6
l18,5=14,3,7,0,9,5,15,37,38,16,40,23,40,37,68,0,49,82,43,0,79,70,21,50,72,77,74,61,0,0,58,61,21,0,0,18,6,0,25,8,59,0,9,70,42
l19,5=0,2,0,0,0,0,14,0,9,29,49,15,16,36,73,0,62,82,65,75,0,8,1,31,73,28,14,56,0,0,25,76,0,23,0,0,0,0,5,4,17,15,18,70,6
l20,5=0,0,0,0,0,0,0,2,0,2,20,1,19,23,33,0,38,0,29,59,41,0,78,76,77,76,78,74,0,0,0,0,55,38,0,10,44,30,55,3,19,18,32,69,0
l21,5=0,0,0,0,0,0,0,0,21,0,12,0,17,0,48,0,30,0,28,53,18,84,0,51,69,74,74,70,0,0,0,0,0,0,0,0,0,0,8,0,0,0,35,1,17
l22,5=0,0,0,0,0,0,0,0,32,0,24,22,6,18,31,0,32,33,24,62,45,81,47,0,79,85,85,74,0,0,8,2,33,56,0,50,63,53,0,44,35,18,50,73,34
l23,5=0,0,0,0,0,0,3,1,3,11,31,8,28,20,52,0,42,47,24,65,70,76,38,83,0,85,86,68,0,0,9,0,50,26,0,47,0,0,3,51,10,41,46,54,55
l24,5=0,0,1,0,0,1,14,26,19,18,41,9,30,21,48,0,38,53,51,64,64,73,64,84,81,0,85,64,0,0,7,26,31,28,0,26,20,0,10,42,25,17,45,78,55
l25,5=0,0,2,0,0,0,1,14,19,10,24,8,34,18,46,0,39,54,46,60,37,76,49,84,81,80,0,61,0,0,16,3,48,46,0,14,9,33,29,0,0,21,23,76,43
l26,5=0,0,0,0,0,0,0,9,18,7,23,17,21,19,39,0,31,1,11,63,58,84,68,83,77,80,76,0,0,0,0,0,33,51,0,10,50,7,52,0,28,28,40,66,40
l27,5=16,18,21,14,37,48,18,0,7,27,12,5,0,29,69,0,41,51,35,47,59,0,0,8,6,2,10,0,0,0,0,90,67,74,0,22,2,12,23,61,85,77,0,0,0
l28,5=29,0,23,8,28,27,15,0,0,0,10,4,5,31,63,0,53,85,24,54,76,0,0,0,2,13,1,0,0,0,85,0,71,74,0,21,43,16,17,81,85,72,9,26,0
l29,5=0,0,0,0,0,0,0,0,0,0,0,0,0,0,0,0,0,0,0,30,0,70,0,39,50,19,63,18,0,0,24,30,0,93,0,81,91,96,92,89,84,90,17,21,0
l30,5=0,0,0,0,0,0,0,0,0,0,0,0,0,0,0,0,9,12,0,0,22,35,0,60,16,7,65,60,0,0,49,56,86,0,0,81,91,96,92,89,91,91,23,38,5
l31,5=0,0,0,0,0,0,0,0,0,0,0,0,0,0,0,0,0,0,0,31,0,18,6,55,55,36,34,11,0,0,49,47,86,93,0,0,91,96,92,89,91,90,13,3,1
l32,5=0,0,0,0,0,0,0,0,0,0,0,0,0,0,0,0,0,0,0,32,0,44,0,70,2,14,33,61,0,0,3,33,86,93,0,81,0,96,90,89,90,56,0,6,0
l33,5=0,0,0,0,0,0,0,0,0,0,0,0,0,0,0,0,0,0,0,0,0,33,0,53,0,0,55,0,0,0,25,26,86,93,0,81,91,0,92,78,81,47,0,0,0
l34,5=0,0,0,0,0,0,0,0,0,0,0,0,0,0,0,0,12,43,20,32,45,38,7,0,11,11,48,34,0,0,33,32,86,93,0,81,85,93,0,89,91,91,0,29,3
l35,5=0,0,0,0,0,0,0,0,0,0,0,0,0,0,50,0,1,8,8,27,50,8,0,57,25,23,7,0,0,0,31,73,86,93,0,46,50,18,92,0,91,91,7,0,2
l36,5=0,1,0,0,0,3,0,0,0,0,0,0,0,0,43,0,43,31,23,30,54,24,0,50,13,12,0,21,0,0,83,78,79,93,0,43,34,50,89,89,0,91,0,0,0
l37,5=0,0,0,0,4,0,0,0,0,0,5,0,0,0,55,0,24,39,11,11,61,39,0,50,26,13,45,26,0,0,85,80,86,93,0,80,34,44,92,89,91,0,0,0,0
l38,5=0,0,0,0,0,0,0,0,0,0,14,5,15,0,28,0,5,27,33,11,28,29,22,57,65,55,30,38,0,0,0,4,8,11,0,0,0,0,0,0,0,0,0,68,58
l39,5=0,0,0,0,0,0,0,0,0,6,27,0,9,8,57,0,30,14,45,58,61,67,0,62,39,71,79,59,0,0,0,12,2,13,0,0,0,0,3,0,0,0,44,0,60
l40,5=0,0,0,0,0,0,0,0,0,0,0,0,0,0,36,0,10,10,15,44,27,0,0,16,74,63,53,31,0,0,0,0,0,5,0,0,0,0,1,1,0,0,52,81,0
l41,5=0,0,0,0,0,0,0,0,1,8,10,3,25,16,58,0,42,68,37,57,62,2,19,65,76,69,76,12,0,0,8,12,11,0,0,0,0,0,1,0,21,0,55,75,52
l42,5=0,0,0,0,0,0,0,0,0,0,0,0,0,0,23,0,5,23,28,50,35,29,0,60,73,71,68,55,0,0,0,0,0,21,0,0,22,0,6,0,0,0,48,72,56
l43,5=0,0,0,0,0,0,0,0,0,0,6,0,0,0,19,0,2,0,26,28,27,55,4,55,20,60,70,58,0,0,0,0,22,19,0,22,0,0,0,0,0,0,47,72,51
l44,5=0,0,0,0,0,0,0,0,0,0,0,0,8,0,44,0,23,5,24,57,18,74,21,34,74,73,75,62,0,0,0,0,0,18,0,0,0,0,0,0,0,0,49,72,57

l0,6=0,89,71,95,89,83,84,80,79,80,66,83,81,84,52,0,64,29,31,17,0,0,0,0,0,0,0,0,0,0,13,14,0,0,0,0,0,0,0,0,0,0,0,0,0
l1,6=87,0,70,90,86,94,86,87,82,76,78,81,84,88,36,0,70,50,28,33,9,0,0,0,0,0,0,0,0,0,80,0,0,0,0,0,0,0,0,0,0,0,0,0,0
l2,6=91,93,0,93,83,95,89,88,83,79,49,84,84,85,37,0,72,82,28,6,0,0,0,0,0,47,0,0,0,0,0,0,0,0,0,0,0,0,0,0,0,0,0,0,0
l3,6=91,93,71,0,89,96,84,16,72,80,76,83,48,84,27,0,67,54,26,0,0,0,0,0,0,0,0,0,0,0,60,62,0,0,0,0,0,0,0,0,0,0,0,0,0
l4,6=91,88,59,95,0,96,88,85,72,80,0,83,82,26,62,0,66,0,41,47,0,0,0,0,0,0,0,0,0,0,70,73,0,0,0,0,0,0,0,0,0,0,0,0,0
l5,6=79,93,57,93,89,0,83,88,82,55,76,84,76,78,56,0,67,54,29,15,0,0,0,0,0,0,0,0,0,0,75,57,0,0,0,0,0,0,0,0,0,0,0,0,0
l6,6=77,88,69,81,87,92,0,89,81,86,77,80,85,78,69,0,68,62,47,21,30,26,0,0,0,46,20,0,0,0,35,43,0,0,0,0,0,0,0,0,0,0,0,0,0
l7,6=80,92,66,54,72,81,89,0,83,89,69,87,76,90,73,0,68,54,44,57,14,0,0,0,0,55,41,9,0,0,0,0,0,0,0,0,0,0,0,0,0,0,0,0,0
l8,6=83,87,69,66,65,92,85,92,0,88,64,87,85,87,73,0,68,42,32,53,0,41,31,19,2,55,52,25,0,0,0,0,0,0,0,0,0,0,0,0,0,0,0,0,0
l9,6=84,66,54,83,82,74,89,92,83,0,79,87,87,91,83,0,73,59,53,5,33,0,8,0,47,47,45,0,0,0,17,19,0,0,0,0,0,0,0,0,0,0,13,0,0
l10,6=36,76,13,30,7,80,74,42,38,76,0,81,82,78,85,0,77,61,29,36,59,44,15,43,62,69,53,3,0,0,12,41,0,0,0,0,0,0,0,0,0,8,29,34,0
l11,6=76,77,52,70,67,84,70,85,78,81,75,0,87,84,77,0,72,59,49,55,29,30,0,32,62,41,35,32,0,0,18,30,0,0,0,0,0,0,0,0,0,0,0,24,0
l12,6=69,79,63,27,71,71,86,73,81,85,85,87,0,91,85,0,75,69,51,53,47,5,0,8,62,51,50,6,0,0,21,22,0,0,0,0,0,0,0,0,0,0,25,32,0
l13,6=75,85,52,80,31,77,76,90,83,89,83,87,87,0,83,0,73,60,53,59,28,6,0,18,51,45,42,34,0,0,27,32,0,0,0,0,0,0,0,0,0,0,3,14,0
l14,6=20,5,6,0,19,50,40,39,38,55,79,70,52,51,0,0,70,83,58,58,59,54,32,29,56,58,27,30,0,0,67,42,0,1,0,0,0,0,12,0,10,0,39,39,30
l15,6=16,30,16,25,30,56,47,43,38,45,83,77,48,47,75,0,0,53,54,36,57,62,25,40,59,30,58,39,0,0,30,51,0,0,0,0,0,0,13,20,45,1,0,30,0
l16,6=19,30,13,13,0,53,26,5,5,21,64,54,6,0,65,0,69,0,31,38,62,21,0,30,47,53,57,21,0,0,78,78,0,0,0,9,6,0,26,24,74,22,25,21,20
l17,6=24,52,19,23,28,53,39,26,15,46,63,77,73,42,90,0,76,77,0,55,59,57,23,48,36,67,51,40,0,0,60,41,0,9,0,0,0,0,0,0,34,0,36,40,30
l18,6=11,17,0,0,19,29,4,47,48,0,47,44,55,59,71,0,56,66,41,0,67,64,38,50,66,70,59,50,0,0,33,39,19,17,0,27,23,3,29,44,49,0,47,63,46
l19,6=0,0,0,0,0,0,35,22,0,46,70,48,54,53,80,0,70,81,53,65,0,56,33,48,73,76,49,46,0,0,43,65,0,29,0,0,0,0,35,48,40,44,42,56,45
l20,6=0,0,0,0,0,0,11,0,19,0,15,17,0,12,34,0,52,17,19,49,27,0,63,72,72,71,66,60,0,0,0,0,49,22,0,28,25,0,40,22,26,28,54,0,20
l21,6=0,0,0,0,0,0,0,0,26,15,11,12,0,0,56,0,52,0,20,45,23,81,0,68,64,67,44,51,0,0,0,0,9,12,0,0,0,0,13,0,0,0,39,27,21
l22,6=0,0,0,0,0,0,0,0,15,0,19,21,19,22,36,0,34,24,20,31,26,80,36,0,77,73,70,60,0,0,2,10,25,52,0,37,52,26,31,26,29,38,58,32,20
l23,6=0,0,0,0,0,0,0,0,10,15,33,27,34,13,48,0,42,40,21,49,55,71,33,75,0,77,73,53,0,0,17,21,33,21,0,36,15,0,17,25,26,33,56,65,13
l24,6=0,0,8,0,0,0,17,45,37,18,44,21,25,30,38,0,17,20,36,50,52,71,41,76,80,0,73,49,0,0,16,24,0,25,0,27,18,1,0,23,0,38,53,68,57
l25,6=0,0,0,0,0,0,10,28,25,15,28,16,32,22,35,0,45,31,29,46,20,72,24,80,80,74,0,52,0,0,0,0,27,24,0,29,18,21,21,23,27,29,45,71,41
l26,6=0,0,0,0,0,0,0,0,18,11,11,22,15,22,45,0,50,19,33,54,48,81,60,80,72,72,66,0,0,0,5,0,45,50,0,19,50,25,46,35,32,43,57,63,52
l27,6=17,38,0,14,17,75,30,0,0,21,39,58,3,0,65,0,42,66,32,21,23,0,0,10,25,44,0,0,0,0,0,79,4,24,0,34,58,29,54,79,80,75,0,16,0
l28,6=16,0,0,22,26,47,22,0,0,0,52,38,16,12,24,0,64,87,43,39,42,0,0,18,26,48,0,0,0,0,86,0,28,41,0,38,57,31,29,47,78,72,29,23,0
l29,6=0,0,0,0,0,0,0,0,0,0,0,0,0,0,0,0,0,0,0,31,0,66,9,48,57,0,57,44,0,0,41,47,0,80,0,82,84,79,68,87,71,63,0,8,0
l30,6=0,0,0,0,0,1,0,0,0,0,0,0,0,0,6,0,0,0,3,16,34,45,8,59,55,42,56,37,0,0,41,48,67,0,0,82,84,76,68,65,92,84,16,15,0
l31,6=0,0,0,0,0,0,0,0,0,0,0,0,0,0,0,0,0,23,0,21,0,49,0,50,69,56,51,22,0,0,36,32,67,77,0,0,84,81,66,79,87,78,0,0,0
l32,6=0,0,0,0,0,0,0,0,0,0,0,0,0,0,0,0,0,0,0,25,0,56,0,65,24,36,31,46,0,0,42,41,67,76,0,82,0,77,65,77,82,68,16,0,0
l33,6=0,0,0,0,0,0,0,0,0,0,0,0,0,0,0,0,0,0,0,0,0,0,0,58,0,0,41,38,0,0,40,37,66,78,0,82,82,0,63,51,69,75,0,0,0
l34,6=0,0,0,0,0,0,0,0,0,0,0,0,0,0,18,0,40,40,0,33,24,56,16,52,33,0,53,46,0,0,43,34,67,80,0,81,72,64,0,88,92,84,20,17,0
l35,6=0,0,0,0,0,10,0,0,0,0,0,0,0,0,0,0,34,15,0,32,23,47,0,50,36,51,45,29,0,0,78,57,67,46,0,72,77,42,68,0,92,84,1,0,0
l36,6=0,4,0,0,0,0,0,0,0,0,0,0,1,0,14,0,50,84,20,52,7,40,0,51,33,0,45,26,0,0,89,61,36,80,0,79,76,53,68,88,0,84,0,0,0
l37,6=0,0,0,0,0,0,0,0,0,0,30,0,4,0,0,0,12,54,0,1,18,45,0,54,34,56,42,27,0,0,72,60,58,79,0,74,61,60,68,88,92,0,0,0,0
l38,6=0,0,0,0,0,0,0,0,0,0,8,0,8,0,40,0,0,22,4,29,15,22,19,65,58,56,45,37,0,0,0,10,0,7,0,0,5,0,7,0,0,0,0,68,61
l39,6=0,0,0,0,0,0,0,0,0,0,17,11,9,0,52,0,43,41,20,49,39,0,14,49,56,64,70,30,0,0,11,10,5,8,0,0,0,0,7,0,0,0,60,0,67
l40,6=0,0,0,0,0,0,0,0,0,0,0,0,0,0,45,0,0,21,16,34,24,19,11,20,23,60,42,30,0,0,0,0,0,0,0,0,0,0,0,0,0,0,60,72,0
l41,6=0,0,0,0,0,0,0,0,0,2,0,0,43,13,61,0,33,48,34,47,53,39,22,54,71,70,62,16,0,0,10,12,0,0,0,0,0,0,0,0,23,19,55,78,52
l42,6=0,0,0,0,0,0,0,0,0,0,0,3,0,0,27,0,23,21,9,43,20,38,0,65,56,70,63,44,0,0,0,0,20,0,0,25,17,0,16,0,0,0,60,69,46
l43,6=0,0,0,0,0,0,0,0,0,0,0,3,0,0,2,0,16,0,9,27,8,21,23,64,35,65,58,50,0,0,0,0,0,0,0,25,0,0,11,0,0,0,60,72,63
l44,6=0,0,0,0,0,0,0,0,0,0,0,0,10,0,34,0,25,22,8,22,16,28,26,58,69,66,52,37,0,0,0,0,0,0,0,0,0,0,0,0,0,0,54,68,61

l0,7=0,96,93,89,90,90,91,86,87,85,58,90,94,85,0,0,57,81,0,12,0,0,0,0,0,0,0,0,0,0,0,61,0,0,0,0,0,0,0,0,0,0,0,0,0
l1,7=90,0,93,89,90,90,91,96,90,86,60,90,95,84,0,0,45,80,64,17,0,0,0,0,0,0,0,0,0,0,55,39,0,0,0,0,0,0,0,0,0,0,0,0,0
l2,7=90,96,0,89,90,90,91,96,90,76,41,90,95,83,19,0,59,84,53,14,14,7,0,0,0,8,0,0,0,0,55,0,0,0,0,0,0,0,0,0,0,0,0,0,0
l3,7=90,96,93,0,90,90,91,81,87,86,2,90,94,85,0,0,62,74,55,0,0,0,0,0,0,0,0,0,0,0,60,63,0,0,0,0,0,0,0,0,0,0,0,0,0
l4,7=87,96,93,89,0,90,91,79,83,84,55,90,89,12,2,0,6,51,0,22,0,0,0,0,0,0,0,0,0,0,70,0,0,0,0,0,0,0,0,0,0,0,0,0,0
l5,7=88,96,93,86,90,0,91,80,90,84,78,90,89,81,16,0,51,55,74,16,6,0,0,0,0,0,0,0,0,0,0,6,0,0,0,0,0,0,0,0,0,0,0,0,0
l6,7=90,94,93,86,90,90,0,96,90,91,79,90,90,28,68,0,53,78,61,45,8,0,0,4,0,28,0,0,0,0,6,41,0,0,0,0,0,0,0,0,0,0,0,0,0
l7,7=78,84,86,80,77,74,91,0,90,91,78,90,84,85,72,0,68,63,3,60,30,33,3,0,29,53,20,19,0,0,0,0,0,0,0,0,0,0,0,0,0,0,0,0,0
l8,7=79,93,89,77,70,87,86,96,0,86,72,90,90,82,70,0,66,0,60,53,21,46,56,37,42,52,56,22,0,0,9,15,0,0,0,0,0,0,0,0,0,0,0,0,0
l9,7=81,92,85,70,87,86,91,96,90,0,79,90,95,87,76,0,62,2,74,16,35,25,0,18,0,34,22,0,0,0,20,23,0,0,0,0,0,0,0,0,0,0,0,27,0
l10,7=33,67,71,3,29,64,86,80,49,28,0,90,90,84,77,0,70,82,71,20,29,24,33,50,37,40,28,0,0,0,43,52,0,0,0,0,0,0,0,0,2,0,0,42,0
l11,7=53,71,89,83,68,87,86,90,86,86,83,0,95,84,67,0,68,49,76,46,0,9,0,31,31,20,22,17,0,0,0,25,0,0,0,0,0,0,0,0,0,0,0,40,6
l12,7=82,93,86,62,61,79,86,77,86,86,83,90,0,87,77,0,70,0,76,42,16,0,37,20,41,44,45,11,0,0,41,39,0,0,0,0,0,0,0,0,1,0,40,0,0
l13,7=83,93,86,75,35,87,63,90,86,86,83,90,95,0,78,0,25,59,75,63,58,0,38,34,28,40,0,11,0,0,51,25,0,0,0,0,0,0,0,0,0,0,0,0,0
l14,7=0,4,17,0,4,20,46,64,17,21,64,87,79,30,0,0,74,94,82,63,29,36,0,44,36,39,28,18,0,0,59,56,0,0,0,0,0,0,24,4,5,10,58,57,0
l15,7=13,20,32,23,0,27,23,70,26,16,80,85,79,0,51,0,0,55,77,25,31,33,43,27,38,26,25,9,0,0,32,39,0,3,0,0,0,0,0,2,7,0,0,0,16
l16,7=13,25,28,11,6,16,31,29,0,0,32,23,0,3,30,0,52,0,72,27,33,18,0,20,35,34,21,4,0,0,71,88,0,23,0,0,10,9,47,17,34,18,21,57,20
l17,7=0,40,42,24,0,33,45,0,13,19,63,87,78,29,81,0,64,88,0,25,29,32,12,41,37,45,28,19,0,0,62,48,0,15,0,0,0,0,2,0,3,26,0,61,31
l18,7=11,14,4,0,10,20,22,40,22,6,23,42,41,33,79,0,56,92,66,0,76,55,47,26,62,58,71,58,0,0,42,46,24,0,0,0,0,0,41,15,31,25,3,72,32
l19,7=0,0,34,0,0,29,25,43,13,16,67,0,41,15,76,0,73,95,79,69,0,38,45,51,75,73,27,21,0,0,34,46,0,46,0,0,0,7,40,18,20,9,57,60,42
l20,7=0,0,0,0,0,0,0,21,24,4,11,13,1,0,41,0,40,15,29,51,24,0,78,76,65,69,69,63,0,0,0,0,44,53,0,22,29,17,58,0,0,0,21,67,52
l21,7=0,0,0,0,0,0,0,24,42,0,22,0,43,25,0,0,46,0,14,48,38,75,0,71,64,58,16,59,0,0,0,0,5,0,0,0,18,0,30,4,0,0,54,55,0
l22,7=0,0,0,0,0,0,0,0,11,4,27,19,17,17,22,0,27,18,36,21,60,73,70,0,74,69,80,66,0,0,0,0,39,59,0,39,59,55,62,29,32,42,64,76,55
l23,7=0,0,0,0,0,0,0,19,7,0,17,24,32,4,20,0,49,37,43,48,63,67,54,86,0,78,82,62,0,0,9,12,30,44,0,53,18,0,31,7,15,22,62,79,46
l24,7=0,0,3,0,0,0,16,49,7,6,36,19,56,7,49,0,28,47,61,48,61,71,57,77,75,0,82,59,0,0,12,4,8,27,0,34,17,0,13,9,12,34,65,78,53
l25,7=0,0,0,0,0,0,0,19,12,8,36,20,38,0,47,0,46,31,53,50,25,57,9,85,75,78,0,56,0,0,0,5,30,44,0,29,27,27,45,9,39,22,66,81,32
l26,7=0,0,0,0,0,2,0,22,19,0,0,22,20,10,29,0,22,16,41,51,39,76,76,83,69,69,76,0,0,0,5,0,44,31,0,20,58,31,62,20,14,20,46,25,56
l27,7=0,14,32,18,28,21,0,0,2,0,26,0,40,8,30,0,27,94,72,27,15,0,0,0,28,24,0,0,0,0,0,88,33,62,0,34,27,21,64,29,34,79,5,13,0
l28,7=12,15,0,24,0,12,26,2,4,7,31,24,31,7,43,0,20,95,31,33,11,0,0,0,19,12,16,0,0,0,97,0,37,60,0,24,28,30,57,86,58,26,0,15,0
l29,7=0,0,0,0,0,0,0,0,0,0,0,0,0,0,0,0,0,0,0,31,0,50,1,45,43,5,50,34,0,0,35,37,0,68,0,77,86,83,84,89,82,68,0,7,23
l30,7=0,0,0,0,0,0,0,0,0,0,0,0,0,0,0,0,7,17,8,0,8,27,0,70,57,11,43,1,0,0,65,54,66,0,0,72,79,78,84,64,90,77,0,2,0
l31,7=0,0,0,0,0,0,0,0,0,0,0,0,0,0,0,0,0,2,0,0,0,27,0,62,67,50,57,7,0,0,41,32,66,66,0,0,86,91,82,67,89,65,0,21,0
l32,7=0,0,0,0,0,0,0,0,0,0,0,0,0,0,0,0,0,11,0,0,0,37,7,51,39,25,20,34,0,0,67,50,66,65,0,77,0,91,82,78,61,64,0,0,0
l33,7=0,0,0,0,0,0,0,0,0,0,0,0,0,0,0,0,0,1,0,0,0,0,0,45,0,0,36,19,0,0,38,48,66,67,0,77,86,0,84,58,61,69,0,0,0
l34,7=0,0,0,0,0,0,0,0,0,0,0,0,0,0,3,0,0,24,0,39,7,47,41,71,38,17,44,48,0,0,77,31,66,68,0,77,82,82,0,89,90,80,24,17,0
l35,7=0,0,0,0,0,2,0,0,0,0,0,0,0,0,2,0,6,22,0,22,16,0,4,27,35,35,24,16,0,0,46,51,66,39,0,34,48,34,84,0,90,80,3,0,0
l36,7=0,0,0,0,0,0,0,0,0,0,0,0,10,0,15,0,24,59,10,37,14,0,0,25,47,25,30,1,0,0,97,47,39,68,0,74,26,37,84,89,0,80,0,0,0
l37,7=3,0,0,0,0,0,0,0,0,0,0,0,0,0,14,0,3,18,20,10,7,0,0,25,33,23,23,11,0,0,84,31,62,64,0,36,26,37,84,89,90,0,23,0,0
l38,7=0,0,0,0,0,0,0,0,0,0,0,0,9,0,16,0,0,21,0,1,10,16,20,58,51,50,68,32,0,0,0,0,0,0,0,0,0,0,13,0,0,15,0,78,64
l39,7=0,0,0,0,0,0,0,0,0,2,9,24,0,0,9,0,0,31,36,42,15,43,16,52,60,45,80,5,0,0,8,9,2,2,0,10,0,0,12,0,0,0,71,0,52
l40,7=0,0,0,0,0,0,0,0,0,0,0,5,0,0,0,0,15,11,30,31,42,46,0,52,50,48,55,41,0,0,0,0,15,0,0,0,0,0,0,0,0,0,71,77,0
l41,7=0,0,0,0,0,0,0,18,7,0,11,0,37,2,48,0,44,20,62,42,60,23,14,25,66,61,72,5,0,0,0,30,8,0,0,0,0,0,0,1,0,12,63,84,51
l42,7=0,0,0,0,0,0,0,0,0,0,0,0,0,0,27,0,14,15,0,36,11,52,23,50,65,70,78,45,0,0,0,0,17,26,0,0,0,1,1,0,0,0,67,79,41
l43,7=0,0,0,0,0,0,0,0,0,0,0,0,1,0,2,0,11,0,15,34,19,39,6,61,38,66,76,57,0,0,0,0,15,21,0,22,14,0,13,0,0,0,64,77,57
l44,7=0,0,0,0,0,0,0,0,0,0,0,0,14,0,14,0,16,18,17,24,23,51,23,62,65,61,56,48,0,0,0,0,15,21,0,0,0,0,16,0,0,15,67,82,62

l0,8=0,96,99,100,98,97,98,99,98,97,92,97,98,99,47,0,97,0,51,36,0,0,0,0,0,0,0,0,0,0,0,6,0,0,0,0,0,0,0,0,0,0,0,0,0
l1,8=99,0,100,100,98,98,96,99,99,97,61,91,98,99,53,0,54,83,56,52,0,0,0,0,0,0,0,0,0,0,87,0,0,0,0,0,0,0,0,0,0,0,0,0,0
l2,8=100,94,0,100,98,98,99,55,99,98,97,97,59,99,54,0,97,90,75,0,45,0,0,0,0,0,0,0,0,0,23,0,0,0,0,0,0,0,0,0,0,0,0,16,0
l3,8=100,98,100,0,98,98,98,99,98,63,95,97,98,99,28,0,93,89,28,48,0,0,0,0,0,0,0,0,0,0,88,63,0,0,0,0,0,0,0,0,0,0,0,0,0
l4,8=99,96,99,100,0,98,97,95,96,97,59,97,95,99,0,0,56,91,65,49,0,0,0,0,0,0,0,0,0,0,88,91,0,0,0,0,0,0,0,0,0,0,0,0,0
l5,8=69,98,99,100,98,0,98,99,97,96,88,97,97,99,44,0,79,86,22,48,52,0,0,0,0,0,0,0,0,0,81,65,0,0,0,0,0,0,0,0,0,0,0,0,0
l6,8=100,95,100,100,98,98,0,99,99,98,97,97,99,51,99,0,100,83,91,0,95,0,0,0,0,85,0,0,0,0,85,79,0,0,0,0,0,0,0,0,0,0,0,0,0
l7,8=94,93,68,99,94,98,98,0,99,98,97,97,99,99,95,0,99,90,78,91,60,53,0,43,76,87,80,0,0,0,0,0,0,0,0,0,0,0,0,0,0,0,0,0,0
l8,8=94,96,97,95,94,97,93,99,0,98,93,97,99,98,90,0,95,77,76,90,93,83,5,60,72,0,69,82,0,0,64,0,0,0,0,0,0,0,0,0,0,0,0,42,0
l9,8=94,94,94,83,96,95,99,99,99,0,94,97,99,99,65,0,100,74,23,54,59,52,0,49,70,85,85,0,0,0,0,67,0,0,0,0,0,0,0,0,0,0,0,79,0
l10,8=56,69,93,83,50,56,88,95,69,60,0,92,99,99,100,0,100,61,84,52,59,53,38,57,74,81,87,0,0,0,69,87,0,0,0,0,0,0,0,0,21,0,0,76,0
l11,8=94,83,94,77,93,92,93,99,99,98,93,0,99,99,96,0,95,70,84,53,46,40,0,49,74,74,83,82,0,0,69,0,0,0,0,0,0,0,0,0,0,0,0,49,21
l12,8=63,89,17,84,56,57,92,95,99,98,97,97,0,99,95,0,100,89,84,55,60,0,54,0,76,87,87,80,0,0,80,55,0,0,0,0,0,0,0,0,0,0,70,55,0
l13,8=94,90,100,95,92,97,88,99,99,98,97,97,99,0,95,0,95,81,84,72,53,59,48,51,74,81,0,81,0,0,60,71,0,0,0,0,0,0,0,0,9,0,0,0,0
l14,8=34,33,10,0,19,12,82,94,32,48,66,97,99,70,0,0,60,99,94,95,64,56,28,57,76,88,87,66,0,0,96,92,0,0,0,0,0,0,0,37,41,51,40,80,27
l15,8=64,17,36,30,54,57,92,98,66,62,97,97,99,74,59,0,0,98,93,49,62,60,0,53,84,89,88,92,0,0,67,95,0,0,0,0,0,0,38,3,74,0,22,78,30
l16,8=0,31,46,25,45,21,15,91,16,2,19,25,92,46,59,0,59,0,93,57,97,16,0,0,61,91,73,0,0,0,100,99,0,17,0,0,20,30,85,94,99,89,82,36,29
l17,8=1,0,29,9,38,12,62,84,34,0,66,97,99,71,100,0,60,100,0,56,93,53,47,34,77,90,86,87,0,0,96,88,0,0,0,0,0,0,0,39,72,40,0,79,29
l18,8=9,28,0,8,34,26,0,85,58,45,50,63,85,59,100,0,47,100,84,0,97,89,55,90,85,90,89,94,0,0,89,81,42,23,0,5,15,0,82,23,45,77,81,79,50
l19,8=0,0,20,0,0,53,81,86,90,94,95,39,97,90,100,0,99,100,94,95,0,83,23,95,85,90,90,92,0,0,99,72,0,31,0,0,6,0,65,83,96,80,82,87,81
l20,8=0,0,0,0,0,0,0,51,48,21,54,12,15,47,73,0,71,31,59,83,38,0,96,96,82,90,69,94,0,0,0,0,63,58,0,8,50,0,68,0,0,46,43,67,64
l21,8=0,0,0,0,0,0,0,0,26,0,53,1,60,47,54,0,4,0,58,76,20,90,0,87,83,63,10,90,0,0,0,0,38,49,0,0,52,0,53,2,0,0,51,56,9
l22,8=0,0,0,0,0,0,0,26,17,12,66,20,0,32,61,0,36,0,26,83,52,88,56,0,85,86,90,94,0,0,0,0,55,70,0,56,62,60,83,29,16,56,64,78,58
l23,8=0,0,0,0,0,0,0,39,12,5,33,40,56,31,68,0,64,60,66,85,68,85,57,95,0,91,91,94,0,0,17,0,59,36,0,44,22,13,62,20,56,22,54,87,78
l24,8=0,0,0,0,0,2,20,69,0,50,53,27,67,46,79,0,62,72,78,84,51,88,46,91,85,0,91,90,0,0,19,23,54,0,0,12,47,25,62,19,59,32,72,81,58
l25,8=0,0,0,0,0,0,0,51,21,35,67,44,66,0,68,0,57,61,64,83,50,65,0,95,85,91,0,55,0,0,0,25,48,72,0,48,57,56,64,39,45,50,74,87,62
l26,8=0,0,0,0,0,0,0,5,20,0,0,40,27,26,25,0,57,1,64,88,53,89,80,93,84,84,57,0,0,0,0,0,67,32,0,38,76,31,80,20,9,18,59,31,61
l27,8=0,55,32,47,38,25,46,33,9,0,12,57,78,24,57,0,20,100,82,53,46,0,0,0,43,42,0,0,0,0,0,99,0,59,0,28,37,73,94,91,98,96,0,24,0
l28,8=0,0,0,0,51,1,36,0,0,9,63,0,81,47,59,0,56,100,69,53,53,0,0,0,0,33,43,0,0,0,100,0,82,59,0,0,68,14,56,94,99,95,10,65,0
l29,8=0,0,0,0,0,0,0,0,0,0,0,0,0,0,0,0,0,0,0,50,0,79,7,77,79,74,50,84,0,0,0,80,0,98,0,96,98,96,98,97,91,90,30,0,0
l30,8=0,0,0,0,0,0,0,0,0,0,0,0,0,0,0,0,0,67,0,15,19,62,12,90,78,0,85,68,0,0,92,84,95,0,0,96,98,100,98,97,99,97,26,31,0
l31,8=0,0,0,0,0,0,0,0,0,0,0,0,0,0,0,0,0,0,0,22,0,29,0,87,79,40,74,87,0,0,76,0,95,98,0,0,98,100,98,93,99,96,0,43,0
l32,8=0,0,0,0,0,0,0,0,0,0,0,0,0,0,0,0,0,67,0,6,0,39,22,64,79,75,59,93,0,0,68,81,95,96,0,96,0,100,98,81,89,90,13,0,0
l33,8=0,0,0,0,0,0,0,0,0,0,0,0,0,0,0,0,0,60,0,0,0,0,0,68,28,55,64,60,0,0,82,0,95,98,0,96,98,0,86,97,68,74,0,0,0
l34,8=0,0,0,0,0,0,0,0,0,0,0,0,0,0,0,0,45,84,0,53,46,57,44,96,77,76,72,92,0,0,94,86,95,98,0,96,98,100,0,97,99,97,50,55,0
l35,8=0,0,0,0,0,0,0,0,0,0,0,0,0,0,16,0,18,92,36,46,48,0,0,48,70,54,62,52,0,0,97,61,95,98,0,59,96,100,98,0,99,97,0,0,0
l36,8=0,0,0,0,0,15,0,0,0,0,0,0,0,2,9,0,76,99,56,55,91,0,0,32,79,77,64,0,0,0,100,63,86,98,0,72,98,76,98,97,0,97,35,0,0
l37,8=0,0,0,0,0,0,0,0,0,0,0,0,0,0,30,0,0,95,45,72,52,47,0,51,72,71,65,45,0,0,99,92,91,98,0,91,93,56,98,97,99,0,0,0,0
l38,8=0,0,0,0,0,0,0,0,0,0,0,0,43,0,27,0,21,54,0,55,28,53,32,57,64,80,79,51,0,0,0,0,28,11,0,0,3,0,33,0,23,0,0,87,82
l39,8=0,0,0,0,0,0,0,0,5,6,24,4,17,0,45,0,24,19,43,63,51,55,23,66,83,67,89,41,0,0,11,18,0,2,0,6,0,0,17,0,0,0,85,0,82
l40,8=0,0,0,0,0,0,0,0,0,0,0,4,0,0,45,0,19,31,37,45,31,53,0,54,77,52,58,48,0,0,0,0,0,0,0,0,0,0,0,0,0,0,85,83,0
l41,8=0,0,0,0,0,0,0,25,21,0,0,33,65,31,69,0,58,2,80,57,59,47,40,74,84,89,89,50,0,0,6,55,0,0,0,0,0,0,0,0,21,15,85,87,83
l42,8=0,0,0,0,0,0,0,0,0,0,0,0,0,0,55,0,16,4,47,54,41,70,46,81,73,85,82,69,0,0,0,0,22,22,0,0,11,1,0,0,0,0,77,87,30
l43,8=0,0,0,0,0,0,0,0,0,0,0,0,0,0,21,0,0,0,0,51,15,61,0,66,64,61,80,53,0,0,0,0,22,19,0,0,0,0,23,2,0,0,73,79,60
l44,8=0,0,0,0,0,0,0,0,0,0,0,0,1,6,52,0,0,25,48,53,6,25,28,69,77,60,65,55,0,0,0,0,17,13,0,0,0,0,11,0,0,0,79,69,74

l0,9=0,100,100,29,100,100,100,96,100,97,78,100,100,89,39,0,78,0,88,0,34,0,0,0,0,0,0,0,0,0,45,65,0,0,0,0,0,0,0,0,0,0,0,0,0
l1,9=88,0,100,100,100,100,100,91,100,69,31,80,86,74,6,0,32,87,86,74,48,0,0,0,0,82,0,0,0,0,36,39,0,0,0,0,0,0,0,0,0,0,0,0,0
l2,9=87,100,0,100,100,100,100,98,100,100,56,100,100,96,35,0,61,0,97,72,0,0,0,0,32,0,0,0,0,0,59,73,0,0,0,0,0,0,0,0,0,0,0,0,0
l3,9=87,100,100,0,100,100,100,97,100,47,51,85,100,96,21,0,29,55,12,74,0,0,0,0,0,0,0,0,0,0,31,40,0,0,0,0,0,0,0,0,16,0,0,0,0
l4,9=87,100,100,100,0,100,99,99,100,98,55,100,92,78,4,0,60,43,86,75,0,0,0,0,0,0,0,0,0,0,19,83,0,0,0,0,0,0,0,0,0,0,0,0,0
l5,9=87,100,100,100,100,0,100,93,100,87,32,100,100,96,30,0,44,99,0,0,54,0,0,0,0,78,0,0,0,0,0,54,0,0,0,0,0,0,0,16,13,0,0,0,0
l6,9=88,100,100,100,100,100,0,98,100,100,93,100,100,96,35,0,90,100,100,71,61,0,0,0,0,0,0,0,0,0,0,88,0,0,0,0,0,0,0,0,0,0,0,0,0
l7,9=87,100,100,100,100,100,100,0,100,100,94,100,100,98,31,0,93,99,0,100,59,95,0,0,64,98,76,33,0,0,0,0,0,0,0,0,0,0,0,0,0,0,0,37,0
l8,9=87,100,100,100,100,100,100,98,0,100,95,100,100,96,91,0,93,99,100,100,60,56,0,97,61,97,82,58,0,0,0,0,0,0,0,0,0,0,0,0,0,0,0,32,0
l9,9=88,100,100,99,99,100,100,96,100,0,96,100,100,97,92,0,93,100,99,100,99,52,0,91,73,86,73,31,0,0,0,41,0,0,0,0,0,0,0,0,0,0,0,0,0
l10,9=48,69,98,85,36,37,81,96,100,58,0,100,100,96,93,0,93,100,100,73,60,52,76,98,59,91,82,0,0,0,34,85,0,0,0,0,0,0,0,0,20,21,79,72,51
l11,9=84,97,100,89,99,100,100,99,100,100,98,0,100,98,92,0,93,100,100,100,52,0,0,93,61,6,75,40,0,0,31,0,0,0,0,0,0,0,0,0,0,0,0,64,31
l12,9=73,40,100,92,34,37,92,92,100,100,98,100,0,98,61,0,93,100,100,79,50,49,81,0,22,90,74,28,0,0,32,43,0,0,0,0,0,0,0,0,0,0,84,55,0
l13,9=82,100,100,99,98,100,100,98,100,100,96,100,100,0,92,0,93,99,100,100,99,55,0,96,96,91,76,27,0,0,0,77,0,0,0,0,0,0,0,0,25,0,0,39,0
l14,9=21,7,81,30,0,26,78,83,99,34,35,72,100,60,0,0,37,100,100,76,61,56,68,97,62,98,81,34,0,0,37,85,0,0,0,0,0,0,30,28,31,24,65,73,64
l15,9=34,56,91,51,35,35,75,98,99,59,60,83,100,60,66,0,0,98,100,85,59,56,56,99,61,96,73,33,0,0,35,84,0,0,0,0,0,0,89,0,28,4,61,67,0
l16,9=0,25,0,4,0,35,75,87,63,18,33,53,100,41,57,0,35,0,100,76,61,0,0,53,32,99,76,0,0,0,96,84,57,0,0,0,57,5,20,60,35,32,88,73,34
l17,9=31,0,52,0,12,0,77,0,97,28,35,83,99,60,93,0,83,100,0,85,100,56,69,67,61,98,83,33,0,0,37,83,0,0,0,0,0,0,0,47,20,0,0,73,0
l18,9=0,34,33,26,34,8,42,96,97,30,33,70,97,59,91,0,92,98,99,0,99,57,96,98,96,97,83,98,0,0,36,83,93,59,0,72,56,0,97,53,36,34,96,72,69
l19,9=21,42,0,0,0,35,77,92,97,30,34,62,96,65,93,0,34,100,100,100,0,56,0,99,61,97,87,58,0,0,59,88,0,54,0,0,0,0,89,59,55,34,96,96,86
l20,9=0,0,0,0,0,0,0,82,83,78,64,0,86,82,77,0,82,0,89,98,82,0,100,100,96,97,90,98,0,0,0,0,91,84,0,74,77,0,81,65,0,79,75,96,80
l21,9=0,0,0,0,0,0,0,8,0,0,43,1,96,0,71,0,73,0,98,98,0,100,0,98,96,97,74,98,0,0,0,0,0,92,0,0,84,0,91,0,0,6,96,96,89
l22,9=0,0,0,0,0,0,0,0,81,10,70,75,0,80,70,0,80,80,82,95,98,98,81,0,96,97,95,100,0,0,0,0,92,97,0,77,82,49,96,84,64,69,83,96,81
l23,9=0,0,0,0,0,0,0,72,71,16,18,62,22,60,87,0,91,80,96,98,94,98,90,100,0,99,98,98,0,0,28,0,84,69,0,78,67,34,79,59,26,36,96,96,89
l24,9=0,57,0,0,0,43,0,88,76,39,66,49,67,78,86,0,90,98,99,98,97,98,98,99,97,0,96,98,0,0,0,0,80,76,0,0,90,55,88,77,86,71,96,91,84
l25,9=0,0,0,0,0,0,0,66,74,17,85,65,91,57,82,0,25,79,91,86,91,89,57,99,97,99,0,92,0,0,0,13,82,89,0,87,91,72,88,47,49,42,94,96,85
l26,9=0,0,0,0,0,0,0,68,82,41,0,90,80,43,89,0,82,0,99,98,97,98,99,100,96,97,95,0,0,0,0,0,89,98,0,93,99,66,97,55,40,81,87,86,73
l27,9=0,50,34,3,10,0,0,0,0,0,6,33,90,0,31,0,31,100,99,75,59,0,0,0,31,0,0,0,0,0,0,98,51,98,0,61,71,28,69,60,33,35,3,40,23
l28,9=36,32,18,8,35,27,70,0,0,1,25,0,88,30,31,0,35,72,96,53,60,0,0,0,0,0,50,0,0,0,96,0,59,52,0,0,73,17,95,53,83,33,36,2,0
l29,9=0,0,0,0,0,0,0,0,0,0,0,0,0,0,0,0,0,53,0,79,0,95,0,100,96,90,87,57,0,0,22,91,0,100,0,100,100,100,99,100,93,100,83,57,0
l30,9=0,0,0,0,0,0,0,0,0,0,0,0,0,0,0,0,1,0,0,58,30,29,41,99,24,35,94,100,0,0,82,20,100,0,0,100,100,99,99,100,93,100,56,44,7
l31,9=0,0,0,0,0,0,0,0,0,0,0,0,0,0,0,0,0,0,0,86,0,30,0,91,65,0,86,93,0,0,64,0,100,100,0,0,100,100,99,70,93,70,0,0,0
l32,9=0,0,0,0,0,0,0,0,0,0,0,0,0,0,0,0,0,44,0,81,0,78,42,94,63,96,95,98,0,0,53,95,100,100,0,100,0,100,99,99,92,99,0,55,0
l33,9=0,0,0,0,0,0,0,0,0,0,0,0,0,0,0,0,0,0,0,0,0,0,0,44,23,36,74,19,0,0,37,0,100,99,0,100,100,0,99,76,47,71,0,0,0
l34,9=0,0,0,0,0,0,0,0,0,0,0,0,0,0,0,0,15,12,0,60,49,29,46,100,32,37,83,60,0,0,23,52,100,100,0,100,100,100,0,100,93,100,21,13,13
l35,9=0,0,0,0,0,30,0,0,0,0,0,0,0,0,21,0,0,30,70,60,51,28,0,53,37,36,83,22,0,0,86,61,100,100,0,59,72,93,99,0,93,100,0,0,0
l36,9=0,0,0,22,5,31,0,0,0,0,8,0,0,25,23,0,31,30,55,61,63,0,0,52,30,35,78,20,0,0,31,98,60,100,0,62,73,30,99,100,0,100,0,2,0
l37,9=0,0,0,0,0,0,0,0,0,0,16,0,0,0,22,0,10,61,0,98,58,29,1,52,31,35,76,20,0,0,95,92,98,98,0,75,94,94,99,100,93,0,0,1,0
l38,9=0,0,0,0,0,0,0,0,0,0,8,0,52,0,45,0,28,70,0,90,41,57,55,70,96,87,95,69,0,0,0,3,54,59,0,0,0,0,0,0,0,0,0,97,89
l39,9=0,0,0,0,0,0,0,1,2,0,18,33,34,0,53,0,16,89,90,82,84,84,66,95,96,73,95,24,0,0,25,0,36,47,0,0,11,0,0,0,0,0,96,0,89
l40,9=0,0,0,0,0,0,0,0,0,0,4,2,0,0,49,0,0,19,0,86,79,52,52,69,88,84,89,38,0,0,8,0,0,0,0,0,0,0,0,0,0,0,96,96,0
l41,9=0,0,0,0,0,0,0,50,41,0,26,55,68,47,89,0,80,92,99,98,82,49,25,47,96,97,95,84,0,0,30,66,0,17,0,0,1,0,68,4,0,10,96,96,89
l42,9=0,0,0,0,0,0,0,0,0,0,0,0,0,0,21,0,52,32,50,78,74,82,66,76,96,97,86,81,0,0,0,0,0,62,0,0,57,0,64,0,0,0,96,96,89
l43,9=0,0,0,0,0,0,0,0,0,0,1,0,0,0,69,0,0,36,68,75,69,78,44,89,90,87,89,69,0,0,0,0,0,0,0,55,0,0,63,0,0,0,96,90,84
l44,9=0,0,0,0,0,0,0,0,0,0,0,0,36,25,69,0,17,66,72,80,42,75,69,99,96,97,95,22,0,0,0,0,56,0,0,46,0,0,0,0,0,1,96,95,78

l0,10=0,88,86,94,91,79,98,1,90,87,87,53,85,20,4,0,36,0,14,17,6,0,0,0,0,0,0,0,0,0,3,18,0,0,0,0,0,0,0,0,0,0,0,0,0
l1,10=90,0,89,95,91,78,98,0,91,17,8,9,83,67,4,0,24,25,17,30,7,0,0,0,0,0,0,0,0,0,3,2,0,0,0,0,0,0,0,0,0,0,0,0,0
l2,10=90,88,0,93,91,79,98,0,93,91,82,88,87,94,6,0,54,12,17,47,14,0,0,0,8,3,2,0,0,0,0,0,0,0,0,0,0,0,0,0,0,0,0,20,0
l3,10=90,88,84,0,91,79,98,0,91,87,75,83,89,88,1,0,1,0,0,0,0,0,0,0,0,0,0,0,0,0,72,16,0,0,0,0,0,0,0,0,2,0,0,0,0
l4,10=90,88,85,95,0,79,95,0,90,84,86,79,81,89,6,0,83,38,18,0,0,0,0,0,0,0,0,0,0,0,0,52,0,0,0,0,0,0,0,0,0,0,0,0,0
l5,10=90,87,89,95,91,0,96,0,93,33,87,89,87,98,3,0,14,6,16,18,0,0,0,0,0,0,0,0,0,0,7,13,0,0,0,0,0,0,3,0,0,0,0,0,0
l6,10=90,88,89,95,88,75,0,0,93,95,88,89,84,92,2,0,88,52,69,69,5,0,0,0,2,0,0,0,0,0,25,52,0,0,0,0,0,0,0,0,0,0,0,0,0
l7,10=90,88,89,95,91,79,98,0,93,96,96,89,94,98,82,0,94,76,62,92,83,47,0,43,0,80,54,37,0,0,0,37,0,0,0,0,0,0,0,0,0,0,0,10,0
l8,10=85,84,89,92,88,79,98,1,0,93,95,89,94,96,80,0,74,43,73,83,81,41,0,20,46,22,49,35,0,0,30,0,0,0,0,0,0,0,0,0,0,0,0,7,0
l9,10=86,75,86,91,86,73,92,0,91,0,90,89,96,97,87,0,93,47,78,88,40,27,0,8,40,40,10,15,0,0,0,32,0,0,0,0,0,0,0,0,0,0,0,0,0
l10,10=79,72,79,79,76,73,89,1,91,91,0,88,97,93,87,0,93,53,83,41,86,34,1,58,39,61,72,22,0,0,26,64,0,0,0,0,0,0,0,0,11,0,12,59,4
l11,10=52,82,86,87,73,73,92,0,91,96,90,0,97,98,87,0,93,23,84,91,48,8,0,11,30,5,13,24,0,0,22,21,0,0,0,0,0,0,0,0,0,0,0,0,0
l12,10=86,79,80,86,74,74,54,1,89,91,91,88,0,94,87,0,93,59,82,74,30,23,14,6,31,72,54,7,0,0,29,11,0,0,0,0,0,0,0,0,0,0,43,0,2
l13,10=16,77,86,88,88,73,92,0,91,96,91,89,97,0,75,0,93,21,84,75,85,1,11,30,1,5,29,2,0,0,6,20,0,0,0,0,0,0,0,0,0,0,0,22,0
l14,10=23,54,29,1,28,14,0,1,78,65,55,51,90,78,0,0,94,59,90,17,97,31,27,24,46,70,45,49,0,0,81,76,0,4,0,0,0,0,0,28,28,59,75,86,34
l15,10=64,74,29,16,54,15,51,0,65,72,92,54,94,92,87,0,0,53,90,93,51,42,10,48,46,68,28,43,0,0,84,79,0,40,0,0,0,0,0,15,39,22,45,84,1
l16,10=0,54,22,0,28,1,14,1,49,23,25,8,92,58,86,0,58,0,83,93,75,7,0,36,42,54,15,2,0,0,95,86,41,0,0,0,0,0,21,0,80,66,0,84,25
l17,10=4,27,11,0,16,50,59,1,85,78,90,81,85,91,90,0,94,86,0,93,96,3,25,59,72,76,73,51,0,0,80,68,0,0,0,0,0,0,0,0,3,4,17,84,81
l18,10=1,41,47,0,0,11,26,0,70,48,20,44,59,67,12,0,93,93,88,0,97,48,43,56,79,83,58,75,0,0,78,58,1,54,0,0,0,0,33,59,64,75,85,71,76
l19,10=26,28,26,0,0,0,21,1,64,41,54,40,61,83,90,0,55,96,90,93,0,44,0,58,48,79,78,68,0,0,87,83,0,37,0,0,0,0,26,61,64,67,42,91,71
l20,10=0,0,0,0,0,0,0,0,66,63,59,62,65,27,64,0,68,55,41,90,71,0,96,69,72,83,77,79,0,0,0,0,72,62,0,2,0,0,70,55,1,51,66,73,0
l21,10=0,0,0,0,0,0,0,0,0,0,41,0,81,82,78,0,80,0,73,89,0,92,0,69,79,84,80,80,0,0,0,0,34,57,0,0,0,0,0,0,0,0,82,84,80
l22,10=0,0,0,0,0,0,0,3,39,37,69,51,47,62,53,0,61,67,59,73,75,91,79,0,80,83,81,82,0,0,0,0,75,75,0,70,77,54,73,69,0,50,74,72,71
l23,10=0,0,28,0,0,0,0,0,47,55,48,49,53,0,65,0,71,65,58,90,78,66,69,70,0,85,82,79,0,0,49,0,54,64,0,68,24,22,64,65,55,56,68,91,89
l24,10=0,0,35,0,0,0,5,1,46,51,63,57,74,57,70,0,63,64,64,91,83,88,83,69,80,0,81,64,0,0,0,22,67,59,0,39,71,26,68,0,64,68,76,79,69
l25,10=0,0,16,0,0,0,0,5,52,30,65,49,55,58,53,0,48,55,66,61,89,84,58,69,80,84,0,79,0,0,28,0,73,55,0,64,71,40,64,54,0,57,88,91,86
l26,10=0,0,0,0,0,0,0,3,60,28,52,65,54,43,66,0,68,26,58,87,73,91,78,69,77,70,80,0,0,0,0,0,74,76,0,78,78,68,67,56,40,75,62,74,73
l27,10=4,2,0,14,0,1,1,0,13,0,2,1,2,0,67,0,54,96,85,84,52,0,0,0,3,0,1,0,0,0,0,86,21,31,0,18,10,12,46,84,92,82,0,6,0
l28,10=5,3,0,3,3,6,7,0,0,5,5,4,2,1,69,0,55,96,46,29,44,0,0,0,0,0,0,0,0,0,95,0,33,35,0,2,0,0,83,34,92,88,11,0,0
l29,10=0,0,0,0,0,0,0,0,0,0,0,0,0,0,0,0,0,51,0,0,0,79,3,65,46,68,65,43,0,0,48,62,0,86,0,88,91,94,88,90,78,84,47,61,0
l30,10=0,0,0,0,0,0,0,0,0,0,0,0,0,0,1,0,33,0,0,43,10,28,9,62,69,56,30,72,0,0,37,56,85,0,0,88,91,94,88,90,88,89,34,30,0
l31,10=0,0,0,0,0,0,0,0,0,0,0,0,0,0,0,0,0,0,0,0,0,10,0,54,76,55,66,52,0,0,53,42,85,86,0,0,91,94,88,81,88,85,0,0,46
l32,10=0,0,0,0,0,0,0,0,0,0,0,0,0,0,0,0,0,1,0,0,0,0,0,65,51,75,65,71,0,0,53,0,85,86,0,88,0,94,88,89,76,85,0,0,0
l33,10=0,0,0,0,0,0,0,0,0,0,0,0,0,0,0,0,0,0,0,0,0,0,0,46,22,2,57,52,0,0,50,0,85,86,0,87,91,0,88,90,60,63,0,0,0
l34,10=0,0,0,0,0,6,0,0,0,0,0,0,2,0,0,0,0,14,0,41,2,44,0,55,66,61,47,32,0,0,54,66,85,86,0,87,91,94,0,90,92,89,33,0,0
l35,10=0,0,0,0,0,0,0,0,0,0,0,0,0,0,6,0,6,0,3,50,29,22,0,40,65,0,34,30,0,0,87,61,85,86,0,67,89,93,88,0,92,89,11,0,0
l36,10=0,0,0,0,0,0,0,0,0,0,5,0,0,0,27,0,38,47,21,55,30,0,0,0,50,63,0,3,0,0,95,85,53,86,0,67,47,85,88,94,0,89,0,0,0
l37,10=0,0,0,0,0,0,0,0,0,0,0,0,0,0,49,0,34,16,21,68,30,33,0,37,38,62,31,35,0,0,68,70,82,86,0,59,41,71,88,94,92,0,0,0,0
l38,10=0,0,0,0,0,0,0,0,0,0,0,0,50,0,77,0,44,0,10,84,17,60,34,66,72,75,76,36,0,0,0,28,45,35,0,0,0,0,31,0,0,0,0,92,90
l39,10=0,0,4,0,0,0,0,0,2,0,37,0,0,43,78,0,68,71,55,71,75,68,37,57,76,74,78,65,0,0,30,0,45,16,0,0,0,0,0,0,0,0,88,0,90
l40,10=0,0,0,0,0,0,0,0,0,0,0,0,3,0,52,0,0,50,44,74,53,0,26,59,78,67,78,67,0,0,0,0,0,0,0,0,0,0,0,0,0,0,88,91,0
l41,10=0,0,0,0,0,0,0,0,0,15,36,30,43,27,79,0,69,76,75,90,81,68,7,64,74,80,79,72,0,0,41,72,0,0,0,0,0,0,15,0,0,29,88,91,88
l42,10=0,0,0,0,0,0,0,0,0,0,0,0,0,0,64,0,42,49,24,83,70,78,37,67,76,78,73,68,0,0,0,0,0,26,0,0,7,0,41,0,0,0,88,91,83
l43,10=0,0,0,0,0,0,0,0,0,0,9,0,0,0,53,0,0,0,64,64,67,75,18,68,74,69,80,69,0,0,0,0,0,3,0,19,0,3,25,0,0,0,87,86,85
l44,10=0,0,0,0,0,0,0,0,0,0,0,15,0,0,40,0,19,22,0,78,63,78,62,69,79,82,78,68,0,0,0,0,50,0,0,0,26,0,39,2,0,0,88,91,84

l0,11=0,84,86,90,83,76,90,0,80,91,83,89,83,80,49,0,72,10,0,6,1,0,0,0,0,0,0,0,0,0,0,9,0,0,0,0,0,0,0,0,0,0,0,0,0
l1,11=93,0,86,90,83,76,90,0,86,86,61,86,83,49,58,0,50,30,15,35,21,0,0,0,0,0,0,0,0,0,14,6,0,0,0,0,0,0,0,0,0,0,0,0,0
l2,11=92,84,0,40,81,76,90,0,86,86,83,89,81,81,52,0,83,2,26,64,36,0,0,0,28,24,4,0,0,0,30,6,0,0,0,0,0,0,0,0,0,0,0,0,0
l3,11=90,84,19,0,84,76,90,0,84,79,55,48,72,67,35,0,13,17,13,0,0,0,0,0,0,0,0,0,0,0,36,0,0,0,0,0,0,0,0,0,0,0,0,0,0
l4,11=91,84,85,90,0,76,90,1,82,28,32,18,49,78,47,0,13,5,13,0,0,0,0,0,0,0,0,0,0,0,28,7,0,0,0,0,0,0,0,0,0,0,0,0,0
l5,11=93,82,86,89,85,0,88,0,85,86,83,90,81,81,19,0,8,11,1,24,0,0,0,0,0,0,0,0,0,0,28,6,0,0,0,0,0,0,10,0,0,0,0,0,0
l6,11=92,84,86,90,83,74,0,0,86,86,72,90,82,82,30,0,33,14,31,67,33,0,0,0,0,23,0,0,0,0,42,2,0,0,0,0,0,0,0,0,0,0,0,0,0
l7,11=93,84,86,86,80,76,90,0,86,92,84,90,83,84,83,0,84,44,23,67,55,49,0,35,30,52,29,34,0,0,19,2,0,0,0,0,0,0,0,0,0,0,0,0,0
l8,11=51,81,85,84,76,73,87,0,0,86,84,89,81,80,80,0,67,20,78,65,4,30,0,36,57,19,16,31,0,0,22,0,0,0,0,0,0,0,0,0,0,0,0,6,0
l9,11=86,81,81,80,69,72,86,0,82,0,83,92,83,82,82,0,84,11,33,52,52,36,0,38,72,54,28,36,0,0,23,0,0,0,0,0,0,0,0,0,0,0,0,0,0
l10,11=27,43,42,56,57,73,49,1,81,86,0,86,85,80,91,0,85,20,77,65,71,11,19,40,61,52,23,45,0,0,2,4,0,0,0,0,0,0,0,0,0,0,9,6,0
l11,11=28,81,45,39,36,73,86,0,82,89,86,0,84,83,82,0,83,11,80,68,65,1,0,20,10,41,32,7,0,0,0,5,0,0,0,0,0,0,0,0,0,0,0,0,0
l12,11=81,81,76,48,56,71,86,1,82,87,88,92,0,82,86,0,84,16,80,35,68,9,9,16,64,61,18,14,0,0,0,8,0,0,0,0,0,0,0,0,0,0,3,4,0
l13,11=60,10,84,37,76,73,86,0,81,92,86,92,85,0,81,0,84,32,79,47,62,45,8,64,17,42,26,13,0,0,0,12,0,0,0,0,0,0,0,0,0,0,0,5,0
l14,11=15,37,17,18,29,1,4,0,69,71,64,31,30,67,0,0,85,81,84,81,85,35,8,39,72,62,43,49,0,0,40,20,0,0,0,0,0,0,0,38,25,5,23,36,52
l15,11=24,40,42,43,41,31,45,1,71,87,88,90,82,81,92,0,0,26,84,81,81,36,14,43,73,59,38,37,0,0,47,21,0,3,0,0,0,0,0,32,6,4,6,31,1
l16,11=5,29,0,47,17,34,23,0,20,1,40,15,21,26,92,0,29,0,39,80,85,12,0,25,55,0,18,30,0,0,76,23,1,29,0,0,0,0,39,43,68,20,4,32,53
l17,11=0,15,1,40,13,7,42,0,72,44,88,82,47,74,92,0,85,81,0,81,84,33,4,44,75,59,37,42,0,0,49,16,0,0,0,0,0,0,18,0,0,6,6,35,59
l18,11=0,26,33,0,0,17,34,0,55,31,49,21,21,48,85,0,51,48,84,0,85,38,29,40,78,70,23,50,0,0,43,14,12,52,0,27,43,0,55,56,60,23,22,30,51
l19,11=2,19,22,0,0,0,32,0,2,33,69,21,38,54,92,0,84,84,84,83,0,33,0,32,79,69,65,44,0,0,41,15,0,0,0,0,0,0,42,45,53,18,6,29,57
l20,11=0,0,0,0,0,0,0,0,49,50,38,22,43,52,63,0,60,47,60,67,65,0,87,82,68,69,62,85,0,0,0,0,67,56,0,62,54,0,65,51,0,1,64,65,35
l21,11=0,0,0,0,0,0,0,0,0,0,65,15,64,53,68,0,70,0,46,77,0,84,0,81,78,70,70,81,0,0,0,0,0,67,0,6,0,1,65,0,34,0,66,48,69
l22,11=0,0,0,0,0,0,0,0,45,44,59,53,47,51,59,0,64,52,64,65,48,79,73,0,79,69,69,86,0,0,0,29,61,72,0,0,70,47,75,45,22,21,66,65,57
l23,11=0,0,22,0,0,0,0,0,43,51,40,3,38,20,65,0,68,35,70,79,74,53,65,81,0,73,74,76,0,0,39,0,59,54,0,69,37,0,68,58,47,18,63,77,77
l24,11=0,0,12,0,0,0,28,1,16,37,58,36,66,47,64,0,64,0,63,78,67,78,66,79,79,0,74,67,0,0,22,8,56,49,0,37,61,25,64,36,1,13,73,63,67
l25,11=0,0,0,0,0,0,0,1,39,39,36,28,28,38,68,0,39,16,55,42,62,58,58,79,79,73,0,76,0,0,0,10,65,51,0,52,57,33,50,46,39,27,74,73,74
l26,11=0,0,0,0,0,0,0,0,49,50,59,11,49,33,70,0,61,34,57,67,61,83,74,84,73,55,64,0,0,0,0,1,67,69,0,70,72,59,71,43,0,58,60,58,68
l27,11=0,0,4,18,4,14,11,0,2,6,14,0,0,0,21,0,32,83,27,49,19,0,0,0,27,13,0,0,0,0,0,78,6,18,0,30,28,24,41,71,86,21,0,5,10
l28,11=3,12,0,0,9,14,0,0,0,0,12,12,17,18,53,0,28,53,20,41,21,0,0,6,0,15,10,0,0,0,91,0,6,18,0,16,35,8,52,47,78,23,2,5,0
l29,11=0,0,0,0,0,0,0,0,0,0,0,0,0,0,0,0,0,0,0,41,0,63,0,65,66,49,61,67,0,0,37,29,0,81,0,87,82,83,85,78,77,71,0,22,10
l30,11=0,0,0,0,0,0,0,0,0,0,0,0,0,0,0,0,0,33,0,45,0,54,18,71,52,42,50,70,0,0,53,26,81,0,0,87,82,83,85,65,77,71,0,0,0
l31,11=0,0,0,0,0,0,0,0,0,0,0,0,0,0,0,0,0,0,0,38,0,38,0,7,67,24,18,46,0,0,51,10,82,83,0,0,87,92,84,73,63,69,0,10,0
l32,11=0,0,0,0,0,0,0,0,0,0,0,0,0,0,0,0,0,0,0,37,0,34,0,69,23,47,42,66,0,0,30,40,82,81,0,87,0,93,85,77,75,71,0,0,0
l33,11=0,0,0,0,0,0,0,0,0,0,0,0,0,0,0,0,0,0,0,0,0,0,0,46,0,21,13,42,0,0,42,0,82,86,0,87,87,0,85,80,70,58,0,0,0
l34,11=0,0,0,0,0,13,0,0,0,0,0,0,0,0,0,0,0,0,4,37,13,34,6,54,44,29,21,68,0,0,58,43,82,83,0,80,82,77,0,78,83,75,2,0,0
l35,11=0,0,0,0,0,0,0,0,0,0,0,0,0,0,25,0,16,3,0,50,18,24,0,30,61,31,30,33,0,0,74,22,82,51,0,77,78,77,85,0,88,81,0,0,0
l36,11=0,0,0,0,0,0,0,0,0,0,0,0,6,4,29,0,15,24,0,49,25,0,0,17,39,9,15,0,0,0,91,34,28,86,0,46,48,44,85,86,0,81,0,5,0
l37,11=0,0,0,0,0,0,0,0,0,0,0,0,0,0,24,0,18,2,18,62,21,4,0,24,36,4,22,45,0,0,41,42,77,79,0,52,75,72,85,86,88,0,0,0,0
l38,11=0,0,0,0,0,0,0,0,0,0,20,0,11,0,75,0,12,11,25,71,14,65,9,73,69,64,64,42,0,0,0,2,0,0,0,0,0,0,19,0,0,0,0,81,73
l39,11=0,0,0,0,0,0,0,0,5,0,13,0,16,6,75,0,68,63,68,70,61,67,0,74,75,63,69,61,0,0,5,17,28,0,0,0,0,0,0,0,0,0,80,0,80
l40,11=0,0,0,0,0,0,0,0,0,0,0,0,0,0,45,0,0,60,62,53,54,3,14,65,75,63,64,71,0,0,0,0,0,0,0,0,0,0,0,0,0,0,72,81,0
l41,11=0,0,0,0,0,0,0,0,28,41,21,20,0,41,67,0,66,61,73,79,67,64,15,78,73,69,69,70,0,0,10,20,0,8,0,9,0,0,0,0,0,17,80,82,77
l42,11=0,0,0,0,0,0,0,0,0,0,0,0,0,0,66,0,53,0,16,68,61,65,56,72,74,65,64,68,0,0,0,0,57,0,0,43,0,0,52,0,0,0,74,80,76
l43,11=0,0,0,0,0,0,0,0,0,0,0,0,0,0,0,0,0,0,9,64,52,65,41,82,41,57,72,76,0,0,0,0,0,51,0,0,0,0,48,0,0,0,80,81,78
l44,11=0,0,0,0,0,0,0,0,0,0,0,1,12,0,69,0,22,0,20,68,0,68,23,77,78,71,67,64,0,0,0,0,19,0,0,0,47,0,0,0,0,0,80,76,67

l0,12=0,86,94,87,86,87,85,2,92,90,48,86,88,93,71,0,53,42,4,26,0,0,0,0,0,0,0,0,0,0,0,0,0,0,0,0,0,0,0,0,0,0,0,0,0
l1,12=93,0,94,87,86,87,85,3,89,86,67,86,86,67,74,0,66,2,2,46,0,0,0,0,0,0,0,0,0,0,2,23,0,0,0,0,0,0,0,0,0,0,0,0,0
l2,12=93,86,0,82,84,87,74,0,92,86,75,85,83,88,26,0,66,0,65,67,39,26,0,0,10,10,21,0,0,0,0,42,0,0,0,0,0,0,0,0,0,0,0,0,0
l3,12=93,86,94,0,87,87,85,5,88,59,74,81,84,91,7,0,18,0,0,0,0,0,0,0,0,0,0,0,0,0,33,11,0,0,0,0,0,0,0,0,0,0,0,0,0
l4,12=93,86,90,87,0,87,85,5,88,83,27,55,38,64,0,0,39,17,0,1,0,0,0,0,0,0,0,0,0,0,13,0,0,0,0,0,0,0,0,0,0,0,0,0,0
l5,12=93,86,94,87,88,0,85,1,92,85,75,88,85,90,22,0,28,17,18,16,7,0,0,0,0,0,0,0,0,0,13,23,0,0,0,0,0,0,0,0,0,0,0,0,0
l6,12=93,87,77,87,86,87,0,4,92,86,77,88,86,87,11,0,63,29,35,69,11,0,0,0,7,6,0,0,0,0,23,0,0,0,0,0,0,0,0,0,0,0,0,0,0
l7,12=88,83,93,82,82,82,83,0,93,90,68,92,88,93,74,0,66,35,66,67,0,47,0,30,54,58,39,33,0,0,0,0,0,0,0,0,0,0,0,0,0,0,0,0,0
l8,12=88,83,90,81,80,84,85,4,0,86,76,84,42,84,74,0,66,62,67,39,32,1,1,26,39,46,42,37,0,0,1,0,0,0,0,0,0,0,0,0,0,0,0,10,0
l9,12=88,83,89,74,81,81,81,3,90,0,78,93,88,94,73,0,79,36,32,39,55,57,0,29,58,65,53,44,0,0,73,1,0,0,0,0,0,0,0,0,0,0,0,0,0
l10,12=61,78,75,71,51,49,63,5,55,87,0,91,88,91,90,0,87,41,64,56,76,32,1,31,52,62,26,24,0,0,0,51,0,0,0,0,0,0,0,0,0,3,45,34,0
l11,12=87,82,89,80,54,82,80,0,88,87,80,0,84,93,83,0,78,32,78,52,77,7,0,3,32,56,51,31,0,0,46,16,0,0,0,0,0,0,0,0,2,0,10,37,16
l12,12=88,84,81,77,57,81,80,4,33,87,80,89,0,92,79,0,84,55,75,70,76,11,3,21,64,69,18,2,0,0,15,8,0,0,0,0,0,0,0,0,0,0,17,18,0
l13,12=87,39,88,81,83,81,75,1,85,91,80,93,88,0,74,0,81,0,70,46,37,0,21,24,40,55,50,29,0,0,5,19,0,0,0,0,0,0,0,0,0,0,0,52,0
l14,12=65,55,5,8,3,13,0,1,55,83,80,55,49,70,0,0,87,48,84,56,84,47,0,17,67,74,66,29,0,0,83,73,0,0,0,0,0,0,0,0,47,48,77,83,56
l15,12=23,75,81,0,50,20,57,4,54,86,82,53,86,74,92,0,0,48,84,56,80,52,5,0,66,72,61,47,0,0,84,70,0,0,0,0,0,0,0,0,0,21,42,75,7
l16,12=39,0,0,0,14,16,22,3,41,41,39,0,7,0,92,0,78,0,48,56,85,14,0,16,22,31,15,17,0,0,90,76,0,5,0,0,0,0,0,29,85,76,32,74,45
l17,12=0,0,46,0,0,17,50,6,75,45,78,84,80,72,92,0,87,79,0,77,81,54,4,40,73,74,57,44,0,0,78,69,0,0,0,0,0,0,0,0,26,15,60,75,45
l18,12=57,36,47,0,6,27,48,2,37,52,72,47,47,46,87,0,78,83,84,0,85,70,33,40,74,76,56,59,0,0,68,45,52,32,0,25,0,0,4,43,69,65,59,77,60
l19,12=0,0,53,0,0,21,35,0,34,54,68,54,72,46,92,0,83,83,84,79,0,55,0,71,74,77,67,38,0,0,63,43,0,33,0,0,0,0,14,31,54,51,56,60,54
l20,12=0,0,24,0,0,0,0,4,15,56,50,42,49,0,55,0,57,29,59,76,59,0,81,78,70,76,61,77,0,0,0,0,60,66,0,61,51,12,55,50,9,0,66,65,51
l21,12=0,0,0,0,0,0,0,0,51,0,55,0,71,73,0,0,66,0,66,73,0,84,0,77,73,74,69,76,0,0,0,0,0,61,0,0,0,0,55,0,0,0,59,0,53
l22,12=0,0,0,0,0,0,0,3,53,56,60,25,40,40,56,0,0,56,65,64,66,83,62,0,74,77,69,77,0,0,0,0,63,73,0,64,67,26,65,69,39,48,71,70,46
l23,12=0,0,3,0,0,2,22,8,22,55,46,23,70,30,72,0,70,22,73,73,80,71,58,77,0,77,70,71,0,0,37,0,63,52,0,69,31,0,59,2,55,48,73,80,71
l24,12=0,0,13,0,0,0,21,8,26,51,55,44,66,44,66,0,63,35,67,72,78,77,53,78,74,0,70,66,0,0,47,38,59,46,0,2,27,5,56,29,45,0,76,67,67
l25,12=0,0,17,0,0,0,0,3,25,43,40,31,24,53,64,0,50,25,60,57,62,55,41,77,74,77,0,69,0,0,0,41,55,59,0,47,48,22,21,35,0,43,75,77,61
l26,12=0,0,0,0,0,0,0,10,59,58,49,54,50,53,59,0,58,47,59,64,49,79,63,77,69,61,65,0,0,0,0,4,71,67,0,73,63,18,72,51,50,56,16,16,60
l27,12=0,0,0,8,14,9,24,0,2,40,0,0,20,0,62,0,52,82,32,37,44,0,0,0,7,17,0,0,0,0,0,76,53,27,0,39,13,30,21,67,85,62,0,26,14
l28,12=0,1,6,0,1,13,0,0,1,0,9,0,1,11,73,0,38,79,41,21,9,0,0,0,0,4,7,0,0,0,90,0,0,0,0,17,38,0,45,57,68,81,13,16,4
l29,12=0,0,0,0,0,0,0,0,0,0,0,0,0,0,0,0,0,0,0,55,0,63,0,64,61,59,59,66,0,0,50,0,0,84,0,81,85,87,81,78,73,75,0,42,0
l30,12=0,0,0,0,0,0,0,0,0,0,0,0,0,0,0,0,0,23,0,42,37,69,13,69,49,40,57,64,0,0,40,3,78,0,0,81,80,85,81,78,77,76,27,0,0
l31,12=0,0,0,0,0,0,0,0,0,0,0,0,0,0,0,0,0,1,0,35,0,56,0,42,59,5,31,65,0,0,64,33,78,84,0,0,85,91,79,73,72,73,0,28,0
l32,12=0,0,0,0,0,0,0,0,0,0,0,0,0,0,0,0,0,13,0,0,0,57,0,44,43,51,56,65,0,0,59,44,78,78,0,81,0,91,81,74,73,72,0,0,0
l33,12=0,0,0,0,0,0,0,0,0,0,0,0,0,0,0,0,0,0,0,0,0,0,0,26,0,0,40,0,0,0,78,0,78,81,0,81,85,0,81,78,77,75,0,0,0
l34,12=0,0,0,0,0,3,0,0,0,0,0,0,0,0,0,0,0,0,8,27,36,58,22,57,45,40,31,65,0,0,49,63,78,84,0,81,85,87,0,81,81,81,8,9,0
l35,12=0,0,0,0,0,0,0,0,0,0,0,0,0,0,0,0,0,37,0,35,38,48,0,38,21,37,34,33,0,0,78,61,78,84,0,79,84,84,81,0,87,85,0,0,0
l36,12=0,0,0,0,0,0,0,0,0,0,0,0,9,0,49,0,0,70,30,36,47,2,0,8,41,39,0,15,0,0,87,59,74,84,0,49,51,45,81,86,0,85,0,0,0
l37,12=0,0,0,0,0,0,0,0,0,0,0,0,0,0,44,0,35,67,25,49,43,0,0,28,41,0,33,35,0,0,50,63,75,84,0,79,79,77,81,86,87,0,25,0,0
l38,12=0,0,0,0,0,0,0,0,0,0,32,0,15,0,73,0,34,18,26,54,50,65,5,69,69,72,67,0,0,0,0,0,0,0,0,0,0,0,0,0,0,0,0,84,75
l39,12=0,0,0,0,0,0,0,0,0,0,33,24,16,23,77,0,54,68,72,70,63,61,0,69,73,67,68,28,0,0,37,28,40,0,0,0,0,0,0,0,0,0,80,0,78
l40,12=0,0,0,0,0,0,0,0,0,0,0,13,0,0,62,0,0,45,44,65,52,16,6,20,72,70,66,64,0,0,23,0,0,0,0,0,0,0,0,0,0,0,78,82,0
l41,12=0,0,0,0,0,0,3,0,17,50,30,12,0,28,45,0,58,62,65,77,66,59,19,70,73,72,66,60,0,0,0,0,0,31,0,0,0,0,0,15,0,46,79,85,75
l42,12=0,0,0,0,0,0,0,0,0,0,0,0,42,0,45,0,40,0,0,72,61,66,35,74,72,69,68,51,0,0,0,0,50,0,0,4,0,0,45,0,0,0,78,83,77
l43,12=0,0,0,0,0,0,0,0,0,0,0,0,18,0,2,0,46,6,18,59,43,0,21,65,71,58,69,66,0,0,0,0,42,24,0,0,25,0,18,0,0,0,77,84,72
l44,12=0,0,0,0,0,0,0,0,0,0,36,0,0,0,42,0,49,0,2,66,59,66,0,69,71,69,66,57,0,0,0,0,49,2,0,0,14,0,20,0,0,0,79,81,72

l0,13=0,98,100,99,99,93,100,95,90,91,88,94,83,96,58,0,79,57,0,18,0,0,0,0,0,0,0,0,0,0,4,12,0,0,0,0,0,0,0,0,0,0,0,0,0
l1,13=98,0,100,99,99,93,100,94,97,61,90,95,91,94,45,0,80,77,0,21,0,0,0,0,0,0,0,0,0,0,39,13,0,0,0,0,0,0,0,0,0,0,0,0,0
l2,13=98,98,0,99,99,93,100,84,97,97,94,96,93,98,37,0,87,77,4,30,46,0,0,0,5,0,15,0,0,0,0,21,0,0,0,0,0,0,0,0,0,0,0,0,0
l3,13=98,98,100,0,99,93,100,95,91,85,88,91,59,94,26,0,8,65,0,13,0,0,0,0,0,0,0,0,0,0,5,45,0,0,0,0,0,0,0,0,0,0,0,0,0
l4,13=98,98,100,99,0,93,100,26,97,96,62,96,90,92,0,0,0,16,1,0,0,0,0,0,0,0,0,0,0,0,27,21,0,0,0,0,0,0,0,0,0,0,0,0,0
l5,13=98,98,100,99,99,0,100,96,95,80,94,66,86,97,17,0,54,41,13,13,0,1,0,0,0,0,0,0,0,0,4,11,0,0,0,0,0,0,0,3,37,0,0,0,0
l6,13=98,98,100,99,99,93,0,97,97,97,96,95,94,98,48,0,89,75,58,89,0,0,0,0,5,0,0,0,0,0,2,0,0,0,0,0,0,0,0,0,8,0,0,0,0
l7,13=97,98,94,97,10,93,100,0,97,93,92,96,97,99,94,0,88,31,90,72,13,5,0,74,64,72,58,45,0,0,9,49,0,0,0,0,0,0,0,0,0,0,0,31,0
l8,13=56,98,100,98,97,92,100,98,0,97,92,96,95,60,94,0,88,84,91,33,43,27,0,27,4,13,71,53,0,0,0,0,0,0,0,0,0,0,0,0,0,0,32,19,0
l9,13=63,39,93,93,96,87,98,92,96,0,96,96,97,99,84,0,89,87,46,40,68,51,0,13,31,58,64,67,0,0,28,3,0,0,0,0,0,0,0,0,0,0,0,16,0
l10,13=36,35,61,88,88,85,95,56,57,89,0,96,97,96,38,0,92,80,36,36,69,18,0,31,31,62,80,64,0,0,49,5,0,0,0,0,0,0,0,0,8,0,40,31,0
l11,13=93,92,93,93,93,86,93,93,96,97,94,0,97,99,94,0,88,47,72,29,67,63,0,30,1,0,83,70,0,0,25,44,0,0,0,0,0,0,0,0,0,0,0,20,0
l12,13=60,92,93,76,93,86,93,90,92,93,96,96,0,99,94,0,90,63,93,56,74,23,12,14,56,75,77,59,0,0,34,14,0,0,0,0,0,0,0,0,0,0,0,0,0
l13,13=93,54,93,92,94,87,96,94,92,97,96,96,97,0,94,0,90,61,92,34,54,62,43,29,29,55,65,26,0,0,0,35,0,0,0,0,0,0,0,0,0,0,0,30,0
l14,13=33,31,46,29,15,78,87,52,56,55,91,88,44,36,0,0,92,88,97,36,99,69,8,0,31,62,85,66,0,0,52,51,0,0,0,0,0,0,0,7,82,77,80,31,25
l15,13=49,46,70,1,0,81,90,90,56,91,96,91,97,98,94,0,0,88,97,94,93,78,78,37,55,72,61,84,0,0,82,82,0,0,0,0,0,0,0,0,48,55,26,0,16
l16,13=8,21,28,31,16,63,63,2,51,29,78,23,10,11,33,0,62,0,37,47,75,0,0,26,28,56,64,60,0,0,58,57,0,5,0,0,0,19,25,39,98,92,51,26,31
l17,13=0,0,0,0,1,80,87,56,56,54,92,90,66,36,94,0,92,94,0,96,99,75,78,30,31,62,85,69,0,0,53,55,0,0,0,0,0,0,0,36,81,70,78,31,33
l18,13=15,8,28,36,46,45,84,50,51,49,90,79,34,1,68,0,84,97,97,0,99,86,82,28,49,74,90,72,0,0,50,51,2,9,0,16,12,0,22,69,89,82,79,26,24
l19,13=0,0,31,0,0,0,1,11,27,46,91,59,42,9,94,0,81,97,97,96,0,74,69,44,92,93,89,64,0,0,54,36,0,0,0,0,0,0,5,40,90,67,76,31,30
l20,13=0,0,0,0,0,0,0,31,43,69,0,68,22,61,34,0,65,9,82,94,80,0,98,92,90,93,82,95,0,0,0,2,46,76,0,80,55,64,80,49,16,73,86,79,42
l21,13=0,0,0,0,0,0,0,29,0,0,0,0,81,69,17,0,83,24,90,86,84,91,0,90,91,88,87,94,0,0,0,0,77,66,0,0,0,0,84,0,0,0,86,1,86
l22,13=0,0,0,0,0,0,0,64,58,45,74,0,2,27,9,0,34,61,81,78,83,91,85,0,92,93,91,95,0,0,0,0,45,76,0,46,78,60,80,78,0,30,81,83,82
l23,13=0,0,0,0,0,0,47,48,8,65,64,35,45,26,63,0,61,64,91,89,97,88,93,92,0,93,91,90,0,0,0,27,72,53,0,52,49,7,86,53,47,70,91,92,80
l24,13=0,0,6,0,0,0,28,65,26,60,78,23,63,39,91,0,76,71,96,93,97,88,76,91,92,0,91,93,0,0,42,29,65,55,0,19,57,10,75,39,69,63,91,92,94
l25,13=0,0,10,0,0,0,0,36,66,29,64,59,23,27,80,0,26,34,50,92,81,57,75,90,92,93,0,66,0,0,29,0,77,45,0,51,52,59,32,61,0,54,91,90,91
l26,13=0,0,0,0,0,0,0,16,55,60,65,67,59,46,50,0,72,61,68,90,63,91,95,92,87,92,70,0,0,0,14,25,81,71,0,86,68,63,88,72,61,64,0,86,88
l27,13=2,13,0,2,75,43,12,4,0,2,36,25,24,1,26,0,79,97,34,32,64,0,0,0,0,14,17,1,0,0,0,94,4,11,0,44,41,7,31,61,96,89,0,0,1
l28,13=5,1,4,66,78,66,0,22,0,0,17,67,14,19,29,0,67,94,37,33,51,0,0,0,24,50,0,25,0,0,94,0,4,17,0,44,74,29,32,42,97,93,54,26,0
l29,13=0,0,0,0,0,0,0,0,0,0,0,0,0,0,0,0,0,0,0,11,0,46,52,46,69,66,74,77,0,0,75,14,0,93,0,92,89,95,92,86,88,7,46,44,0
l30,13=0,0,0,0,0,0,0,0,0,0,0,0,0,0,0,0,3,60,0,24,0,59,49,81,60,76,66,83,0,0,74,25,86,0,0,92,89,95,92,89,91,88,59,8,0
l31,13=0,0,0,0,0,0,0,0,0,0,0,0,0,0,0,0,0,0,0,16,0,62,0,70,76,38,77,84,0,0,58,31,86,93,0,0,89,95,92,85,86,87,0,0,0
l32,13=0,0,0,0,0,0,0,0,0,0,0,0,0,0,0,0,0,1,0,1,0,53,0,79,72,70,52,57,0,0,59,52,86,70,0,92,0,95,92,89,64,89,0,0,0
l33,13=0,0,0,0,0,0,0,0,0,0,0,0,0,0,0,0,0,68,0,0,0,54,0,74,4,0,53,51,0,0,55,48,86,93,0,92,89,0,92,89,91,70,0,0,0
l34,13=0,0,0,0,0,0,0,0,0,0,0,0,0,0,0,0,0,60,0,26,29,56,57,71,84,69,20,89,0,0,75,43,86,93,0,92,89,95,0,89,98,93,0,0,6
l35,13=0,0,0,0,0,46,0,0,0,0,0,0,0,0,8,0,0,75,25,78,45,27,0,58,24,49,76,67,0,0,85,41,61,93,0,80,89,61,92,0,98,93,13,20,0
l36,13=0,0,0,0,0,48,3,0,0,0,6,0,0,0,18,0,36,88,26,32,59,1,0,0,23,49,0,52,0,0,94,44,28,47,0,65,85,34,92,89,0,93,0,0,0
l37,13=0,0,0,0,0,0,0,0,0,0,0,0,0,0,18,0,55,85,36,73,45,56,0,8,72,50,69,56,0,0,87,88,44,93,0,92,89,24,92,89,98,0,0,0,0
l38,13=0,0,0,0,0,0,0,0,1,0,13,0,0,0,76,0,0,41,67,86,70,79,50,79,89,91,89,0,0,0,0,21,0,1,0,0,0,0,0,0,0,0,0,93,94
l39,13=0,0,0,0,0,0,0,14,3,4,61,32,2,33,84,0,0,77,77,39,63,75,0,83,89,88,88,82,0,0,0,34,40,3,0,0,0,0,0,17,0,0,92,0,94
l40,13=0,0,0,0,0,0,0,0,0,0,0,0,0,0,66,0,24,75,80,75,76,0,67,84,86,90,88,83,0,0,0,0,0,0,0,0,0,0,0,0,0,0,91,92,0
l41,13=0,0,0,0,0,0,0,0,5,0,76,0,30,31,28,0,64,85,87,93,89,75,62,82,92,88,85,81,0,0,33,0,0,0,0,0,0,0,1,0,29,61,93,94,94
l42,13=0,0,0,0,0,0,0,0,0,0,0,0,0,0,79,0,65,17,0,91,75,82,71,90,90,89,90,76,0,0,0,0,41,0,0,0,15,0,32,0,0,6,91,92,91
l43,13=0,0,0,0,0,0,0,0,0,0,0,0,12,0,52,0,59,28,7,84,38,78,65,85,85,84,88,86,0,0,0,0,43,55,0,55,38,0,26,0,0,2,91,92,89
l44,13=0,0,0,0,0,0,0,0,0,0,41,0,1,0,75,0,31,4,1,51,70,80,0,82,89,87,85,68,0,0,0,0,0,0,0,0,0,0,0,37,0,33,91,92,94

l0,14=0,98,100,100,100,100,100,97,100,67,90,100,100,98,85,0,89,11,16,57,0,0,0,0,0,0,0,0,0,0,0,0,0,0,0,0,0,0,0,0,0,0,0,0,0
l1,14=97,0,100,100,100,100,99,99,97,68,100,100,100,100,31,0,100,87,72,64,0,0,0,0,0,0,0,0,0,0,46,6,0,0,0,0,0,0,0,0,0,0,0,0,0
l2,14=97,96,0,100,90,100,99,92,100,100,100,100,100,100,97,0,100,100,88,1,25,0,0,0,0,23,2,0,0,0,30,0,0,0,0,0,0,0,0,0,0,0,0,0,0
l3,14=99,96,100,0,100,100,99,66,89,68,62,100,99,62,44,0,47,84,82,0,0,0,0,0,0,0,0,0,0,0,90,26,0,0,0,0,0,0,0,0,0,0,0,0,0
l4,14=98,96,100,100,0,55,100,27,74,62,58,100,100,100,45,0,71,72,82,0,0,0,0,0,0,0,0,0,0,0,88,46,0,0,0,0,0,0,0,0,0,0,0,0,0
l5,14=99,98,100,100,80,0,100,46,85,100,100,100,100,100,54,0,81,77,87,62,14,0,0,0,0,0,0,0,0,0,91,57,0,0,0,0,0,0,0,8,3,0,0,0,0
l6,14=97,96,100,100,100,100,0,100,100,100,100,100,100,100,58,0,100,0,89,100,0,0,0,0,0,0,0,0,0,0,86,7,0,0,0,0,0,0,0,0,0,0,0,0,0
l7,14=97,96,100,100,68,100,99,0,100,98,100,100,100,100,98,0,99,40,89,96,67,12,0,58,46,54,90,0,0,0,0,4,0,0,0,0,0,0,0,0,0,0,0,68,0
l8,14=97,96,100,100,100,100,99,100,0,100,100,100,100,100,98,0,99,100,89,99,0,21,0,75,54,55,97,95,0,0,0,2,0,0,0,0,0,0,0,0,0,0,0,71,0
l9,14=97,89,100,92,100,98,99,99,100,0,100,100,100,100,98,0,100,100,83,100,0,22,13,42,60,57,92,94,0,0,85,0,0,0,0,0,0,0,0,0,0,0,0,0,0
l10,14=97,96,100,92,100,100,100,100,100,100,0,100,100,100,55,0,100,100,100,64,55,37,0,87,61,58,94,86,0,0,86,50,0,0,0,0,0,0,0,0,51,0,82,84,0
l11,14=97,98,100,97,99,100,100,100,100,100,100,0,100,100,98,0,100,94,100,100,58,63,0,42,60,54,92,96,0,0,45,36,0,0,0,0,0,0,0,0,0,0,0,0,89
l12,14=96,96,100,90,100,78,99,100,100,100,100,100,0,100,98,0,100,88,100,100,56,11,52,79,100,93,81,32,0,0,55,50,0,0,0,0,0,0,0,0,0,0,44,91,0
l13,14=96,98,100,86,100,100,100,100,100,100,100,100,100,0,98,0,100,94,90,65,34,15,0,0,60,57,80,86,0,0,67,35,0,0,0,0,0,0,0,0,0,0,0,91,57
l14,14=95,0,99,67,71,95,45,63,79,62,42,98,99,62,0,0,100,99,100,96,99,31,15,87,60,62,94,88,0,0,91,58,0,74,0,0,0,0,0,20,36,73,97,99,97
l15,14=97,95,99,93,94,95,61,63,80,62,60,100,100,87,98,0,0,98,100,64,61,76,2,87,49,62,94,97,0,0,91,57,0,37,0,0,0,0,59,4,0,0,89,90,97
l16,14=0,66,66,79,51,58,1,18,49,36,36,95,96,26,57,0,44,0,100,100,61,0,0,71,60,53,61,55,0,0,93,58,57,0,0,0,0,0,0,62,62,45,77,96,95
l17,14=0,50,98,68,90,88,61,63,82,30,100,99,100,63,98,0,100,100,0,100,99,42,93,87,94,100,94,94,0,0,91,86,0,40,0,0,0,0,71,0,8,41,97,97,96
l18,14=45,96,71,9,0,90,61,63,79,62,61,98,99,62,98,0,80,100,100,0,99,91,99,87,98,62,100,97,0,0,91,57,32,0,0,21,0,0,98,61,61,84,97,99,97
l19,14=0,0,18,0,0,94,0,63,35,2,59,98,99,62,98,0,100,100,100,100,0,76,6,87,100,100,95,97,0,0,92,57,0,0,0,0,0,0,16,61,61,83,97,98,97
l20,14=0,0,0,0,0,0,0,0,93,78,0,93,26,91,65,0,96,34,17,99,94,0,100,100,98,100,93,99,0,0,0,0,88,93,0,91,87,79,99,91,0,94,97,99,97
l21,14=0,0,0,0,0,0,0,18,0,10,0,0,90,0,62,0,35,0,98,98,34,100,0,98,98,99,99,98,0,0,0,0,97,0,0,0,0,0,32,0,0,0,96,97,92
l22,14=0,0,0,0,0,0,0,95,96,38,98,77,92,2,94,0,96,96,98,98,98,100,98,0,100,100,100,99,0,0,0,61,91,93,0,0,91,92,92,91,91,0,89,99,97
l23,14=0,0,0,0,0,0,0,43,91,81,97,94,99,96,95,0,88,98,98,98,98,95,99,100,0,100,100,97,0,0,87,87,96,99,0,96,90,94,99,59,86,99,97,99,97
l24,14=0,0,2,0,0,0,0,63,74,56,97,91,99,70,96,0,96,98,99,98,98,99,85,99,100,0,100,98,0,0,84,54,92,99,0,90,87,0,90,57,61,85,97,99,97
l25,14=0,0,0,0,0,0,0,62,96,55,96,93,92,46,96,0,95,96,97,98,98,74,99,98,100,100,0,95,0,0,17,0,96,91,0,95,85,93,86,69,0,88,97,99,97
l26,14=0,0,0,0,0,0,0,3,98,97,51,98,4,91,81,0,97,90,97,99,82,100,99,100,98,100,99,0,0,0,76,0,98,99,0,96,95,99,99,97,0,99,0,99,98
l27,14=0,66,8,86,93,91,19,11,4,36,52,2,58,25,57,0,65,100,75,64,61,0,0,0,48,43,28,34,0,0,0,96,81,89,0,52,54,75,98,60,97,84,0,88,0
l28,14=0,1,0,47,95,96,36,27,0,0,41,79,96,3,57,0,57,95,81,64,58,0,0,63,47,44,0,0,0,0,100,0,59,79,0,61,55,78,92,15,23,45,58,50,0
l29,14=0,0,0,0,0,0,0,0,0,0,0,0,0,0,0,0,0,48,0,32,0,27,83,91,98,98,99,98,0,0,98,84,0,100,0,99,98,100,100,100,99,100,0,92,0
l30,14=0,0,0,0,0,0,0,0,0,0,0,0,0,0,49,0,0,5,68,0,0,96,0,98,98,99,98,97,0,0,98,75,100,0,0,99,97,99,100,98,99,100,46,63,41
l31,14=0,0,0,0,0,0,0,0,0,0,0,0,0,0,0,0,0,5,0,49,0,78,0,0,92,54,88,84,0,0,75,80,100,100,0,0,98,100,100,95,99,100,72,0,0
l32,14=0,0,0,0,0,0,0,0,0,0,0,0,0,0,0,0,0,0,0,0,0,80,0,94,59,56,68,90,0,0,62,81,100,100,0,99,0,100,100,100,63,100,0,0,0
l33,14=0,0,0,0,0,0,0,0,0,0,0,0,0,0,0,0,0,0,0,0,0,2,0,84,92,0,92,97,0,0,75,78,100,100,0,99,98,0,100,100,99,98,0,0,0
l34,14=0,0,0,0,0,0,0,0,0,0,0,0,0,0,0,0,20,2,52,95,1,92,0,92,94,75,89,98,0,0,96,70,100,100,0,99,98,100,0,100,99,100,53,0,0
l35,14=0,0,0,0,0,69,0,0,0,0,0,0,0,0,51,0,5,63,0,93,75,74,0,93,58,60,94,92,0,0,95,53,100,98,0,61,98,97,100,0,99,100,0,91,0
l36,14=0,0,0,0,8,72,0,0,0,0,51,0,26,0,52,0,0,93,53,96,57,0,0,81,57,59,0,0,0,0,96,54,95,95,0,67,54,84,100,100,0,100,0,7,0
l37,14=0,0,0,0,0,2,0,0,0,0,0,0,0,0,52,0,0,93,71,68,54,73,0,0,58,59,90,93,0,0,100,96,100,100,0,99,98,83,100,100,99,0,6,0,0
l38,14=0,0,0,0,0,0,0,0,0,0,20,0,61,0,94,0,25,93,95,97,75,94,61,93,98,99,99,0,0,0,0,5,0,0,0,90,0,0,11,0,0,0,0,99,97
l39,14=0,0,0,0,0,0,0,56,68,0,16,0,98,62,94,0,76,95,95,96,67,94,12,93,96,99,99,94,0,0,87,0,90,1,0,0,0,0,0,53,0,0,98,0,97
l40,14=0,0,0,0,0,0,0,0,0,0,0,72,0,1,91,0,92,93,93,94,89,92,76,94,95,97,98,94,0,0,0,0,0,1,0,0,0,0,0,0,0,0,97,99,0
l41,14=0,0,0,0,0,0,49,0,0,64,96,0,99,55,95,0,96,99,97,96,98,94,0,97,99,99,99,97,0,0,96,0,3,0,0,3,0,0,0,0,59,94,98,99,97
l42,14=0,0,0,0,0,0,0,0,0,0,0,0,64,0,93,0,3,4,93,98,90,95,96,98,98,99,99,96,0,0,0,0,91,89,0,0,79,0,0,0,0,0,97,99,97
l43,14=0,0,0,0,0,0,0,0,0,0,2,0,0,0,0,0,1,88,2,87,85,93,89,95,93,95,97,94,0,0,0,0,83,85,0,88,27,0,84,34,0,17,97,99,97
l44,14=0,0,0,0,0,0,0,0,0,0,0,0,32,0,90,0,89,54,31,94,92,94,86,95,98,98,97,93,0,0,0,0,0,0,0,0,0,0,4,0,0,86,97,99,97

l0,15=0,98,100,100,100,99,100,99,100,99,91,100,97,100,94,0,95,83,77,40,0,0,0,0,0,0,0,0,0,0,97,96,0,0,0,0,0,0,0,0,0,0,0,0,0
l1,15=100,0,100,100,100,99,100,100,100,100,99,100,100,100,7,0,95,35,96,74,15,0,0,0,0,0,0,0,0,0,0,90,0,0,0,0,0,0,0,0,0,0,0,0,0
l2,15=100,98,0,100,96,99,100,81,100,100,61,100,100,100,58,0,58,78,96,63,2,0,0,0,0,55,0,0,0,0,89,4,0,0,0,0,0,0,0,0,0,0,0,0,0
l3,15=100,98,76,0,100,99,82,99,98,100,98,99,100,99,53,0,10,64,84,60,0,0,0,0,0,0,0,0,0,0,100,100,0,0,0,0,0,0,0,0,0,0,0,0,0
l4,15=100,98,58,100,0,99,88,99,100,59,61,12,100,100,38,0,44,62,89,0,0,0,0,0,0,0,0,0,0,0,100,0,0,0,0,0,0,0,0,0,0,0,0,0,0
l5,15=100,90,74,100,100,0,100,97,98,60,61,100,100,100,58,0,58,0,99,61,37,0,0,0,0,0,0,0,0,0,37,100,0,0,0,0,0,0,0,0,47,9,0,0,0
l6,15=100,98,97,100,100,99,0,100,100,100,99,100,100,100,82,0,95,54,97,94,16,4,0,0,0,0,0,0,0,0,96,0,0,0,0,0,0,0,0,0,0,0,0,0,0
l7,15=100,98,100,100,100,99,100,0,100,100,99,100,100,100,100,0,96,96,100,100,99,98,0,97,0,79,93,98,0,0,0,0,0,0,0,0,0,0,0,0,0,0,0,0,0
l8,15=100,57,100,99,100,99,100,100,0,100,99,100,100,100,100,0,96,69,100,100,55,52,0,94,84,8,98,95,0,0,0,92,0,0,0,0,0,0,0,0,0,0,0,45,0
l9,15=100,90,100,100,100,99,100,100,100,0,99,100,100,100,99,0,96,80,100,100,52,52,18,98,10,61,74,100,0,0,82,0,0,0,0,0,0,0,0,0,0,0,0,72,0
l10,15=97,85,56,62,85,83,100,98,100,100,0,100,100,100,85,0,59,76,100,77,58,0,0,98,83,66,89,94,0,0,86,0,0,0,0,0,0,0,0,0,72,0,88,93,71
l11,15=100,98,100,98,72,99,100,100,100,100,99,0,100,100,100,0,96,72,100,100,100,50,0,0,94,58,78,88,0,0,88,94,0,0,0,0,0,0,0,0,0,0,43,0,0
l12,15=94,98,70,57,77,99,100,100,100,100,99,100,0,100,54,0,96,75,100,71,56,52,89,90,100,93,83,0,0,0,81,13,0,0,0,0,0,0,0,0,0,0,0,86,0
l13,15=100,98,100,69,100,99,92,100,100,100,99,100,100,0,96,0,96,80,95,96,45,52,39,64,76,59,0,92,0,0,47,81,0,0,0,0,0,0,0,0,0,0,0,0,0
l14,15=77,13,54,51,47,59,57,90,92,54,58,81,92,89,0,0,96,79,100,83,61,4,0,94,77,61,84,91,0,0,95,99,0,77,0,0,0,0,0,10,91,82,91,94,71
l15,15=94,83,40,0,80,60,65,100,96,59,50,85,100,100,100,0,0,78,100,80,62,53,89,94,81,58,89,94,0,0,95,100,0,76,0,0,0,0,9,18,68,76,88,94,71
l16,15=83,12,48,53,53,2,16,90,74,44,58,76,99,89,94,0,59,0,100,100,75,46,0,85,78,52,84,89,0,0,100,100,89,76,0,22,0,1,58,50,100,98,71,57,44
l17,15=33,75,54,53,79,51,58,97,100,55,99,100,100,89,100,0,96,100,0,100,100,51,85,93,100,100,84,85,0,0,95,96,0,26,0,0,0,0,0,0,95,70,97,94,64
l18,15=76,51,31,0,54,50,53,100,96,58,53,85,99,99,100,0,59,100,100,0,100,60,96,99,87,61,99,98,0,0,98,98,64,67,0,50,0,0,97,82,99,86,98,100,77
l19,15=0,6,1,0,0,54,25,100,96,37,60,85,99,69,100,0,96,100,100,100,0,52,64,100,100,100,99,89,0,0,99,100,0,0,0,0,0,0,99,90,99,98,97,99,78
l20,15=0,0,1,0,0,34,63,93,65,78,23,83,92,82,82,0,89,65,93,98,87,0,100,99,97,100,97,100,0,0,0,0,94,87,0,93,94,85,95,83,0,69,88,95,90
l21,15=0,0,0,0,0,0,0,8,0,0,0,20,92,7,0,0,89,0,93,99,1,99,0,99,98,96,98,100,0,0,0,0,93,0,0,0,67,0,0,0,0,24,88,95,51
l22,15=0,0,0,0,0,0,0,78,84,53,98,0,92,57,82,0,89,71,93,99,91,98,99,0,100,100,99,100,0,0,0,2,94,87,0,46,95,77,95,94,94,92,96,0,0
l23,15=0,0,0,0,0,0,0,0,82,1,93,83,97,64,96,0,87,95,97,93,96,96,97,99,0,100,99,96,0,0,89,81,97,93,0,98,0,75,97,81,80,91,97,99,99
l24,15=0,0,8,0,0,0,3,90,31,66,99,93,97,97,99,0,94,81,99,94,99,98,97,99,100,0,99,99,0,0,95,85,95,94,0,98,96,0,77,89,97,95,97,98,95
l25,15=0,0,0,0,0,0,0,77,90,33,91,20,90,9,91,0,89,93,90,99,98,82,94,99,100,100,0,99,0,0,0,0,94,59,0,42,93,78,0,93,74,78,97,99,85
l26,15=0,0,3,0,0,0,0,86,95,93,60,42,86,82,91,0,89,80,80,93,86,99,99,99,98,98,99,0,0,0,0,0,100,87,0,79,75,87,94,64,88,87,89,97,97
l27,15=77,42,26,61,77,28,59,0,96,0,48,82,56,89,58,0,56,100,98,77,43,0,0,0,83,55,0,0,0,0,0,100,96,27,0,60,57,32,79,90,100,96,0,57,0
l28,15=66,71,0,44,22,60,0,36,86,0,0,81,52,63,58,0,59,100,86,45,30,0,0,0,80,49,0,0,0,0,100,0,100,89,0,62,62,64,63,57,100,99,68,39,0
l29,15=0,0,0,0,0,0,0,0,0,0,0,0,0,0,0,0,0,90,0,11,0,95,83,100,100,87,99,100,0,0,63,100,0,99,0,100,100,99,100,99,100,99,0,53,0
l30,15=0,0,0,0,0,0,0,0,0,0,0,0,0,0,60,0,17,88,74,78,0,98,0,98,98,94,90,99,0,0,0,88,100,0,0,100,100,99,100,99,100,99,0,1,34
l31,15=0,0,0,0,0,0,0,0,0,0,0,0,0,0,0,0,0,76,0,24,0,64,3,63,87,87,76,55,0,0,57,83,100,99,0,0,100,99,100,99,100,99,65,0,4
l32,15=0,0,0,0,0,0,0,0,0,0,0,0,0,0,0,0,0,0,0,12,0,83,23,98,0,84,93,56,0,0,51,92,100,99,0,100,0,99,100,99,100,99,0,0,0
l33,15=0,0,0,0,0,0,0,0,0,0,0,0,0,0,0,0,0,7,0,0,0,64,0,80,83,0,80,56,0,0,0,63,100,98,0,100,100,0,89,92,87,87,0,0,0
l34,15=0,0,0,0,0,0,0,0,0,0,0,0,0,0,0,0,0,66,49,58,35,98,2,95,92,45,0,93,0,0,94,98,100,99,0,100,100,99,0,99,100,99,36,0,30
l35,15=0,0,0,0,0,0,0,0,0,0,0,0,0,0,37,0,45,85,0,59,24,55,0,91,91,49,91,81,0,0,100,99,100,99,0,100,100,99,100,0,100,99,0,0,0
l36,15=0,0,0,0,0,8,0,0,0,0,16,0,0,0,55,0,40,86,84,93,51,0,0,91,74,90,78,94,0,0,94,96,96,89,0,96,93,72,100,99,0,99,0,0,0
l37,15=0,0,0,0,0,46,0,0,0,0,0,0,0,0,45,0,0,86,72,58,59,53,3,90,89,90,76,82,0,0,94,98,100,99,0,100,100,72,100,99,100,0,0,0,8
l38,15=0,0,0,0,0,0,0,0,0,0,45,0,0,0,87,0,48,66,85,94,64,77,72,89,96,90,95,81,0,0,0,56,0,0,0,43,0,0,15,0,0,0,0,100,95
l39,15=0,0,0,0,0,0,0,0,0,20,66,1,69,0,91,0,77,83,83,94,80,83,67,4,98,83,99,86,0,0,70,11,66,0,0,0,0,0,0,0,0,0,98,0,99
l40,15=0,0,0,0,0,0,0,0,0,0,64,0,0,0,86,0,80,81,66,91,70,89,8,2,97,89,88,95,0,0,0,0,0,11,0,0,0,0,20,0,0,0,97,97,0
l41,15=0,0,0,0,0,0,0,56,56,0,71,22,83,75,99,0,83,99,99,91,99,23,11,95,98,98,99,96,0,0,87,0,19,0,0,2,0,0,68,0,79,0,97,100,99
l42,15=0,0,0,0,0,0,0,0,0,0,0,0,50,0,70,0,35,74,43,98,13,93,80,99,98,98,94,94,0,0,0,0,0,60,0,0,0,0,1,0,0,0,97,99,99
l43,15=0,0,0,0,0,0,0,0,0,0,41,0,0,8,65,0,61,67,1,56,59,73,67,95,90,90,95,88,0,0,0,0,63,55,0,64,0,0,58,48,0,0,94,98,90
l44,15=0,0,0,0,0,0,0,0,0,0,0,0,7,0,68,0,63,0,39,95,58,93,60,55,98,61,99,91,0,0,0,0,59,0,0,0,0,0,0,0,0,52,97,99,99

