l0,0=0,91,94,98,96,93,93,93,93,84,94,93,94,89,90,0,95,82,73,64,0,0,0,0,0,0,0,0,0,0,90,66,0,0,0,0,0,0,0,0,0,0,0,0,0
l1,0=91,0,94,98,96,94,97,96,97,76,90,94,84,90,22,0,65,55,72,5,0,0,0,0,0,0,0,0,0,0,72,23,0,0,0,0,0,0,0,0,0,0,0,0,0
l2,0=91,91,0,92,91,94,97,100,97,83,94,94,94,91,5,0,95,82,33,82,53,0,0,0,0,22,67,0,0,0,71,45,0,0,0,0,0,0,0,0,0,0,0,0,0
l3,0=91,91,94,0,96,93,96,91,97,83,83,90,88,43,54,0,57,56,0,32,0,0,0,0,0,0,0,0,0,0,80,50,0,0,0,0,0,0,0,0,0,0,0,0,0
l4,0=91,91,92,98,0,95,97,76,92,79,90,0,86,82,52,0,68,0,0,0,0,0,0,0,0,0,0,0,0,0,79,8,0,0,0,0,0,0,0,0,0,0,0,0,0
l5,0=91,91,94,98,96,0,97,99,97,79,94,94,95,80,48,0,67,55,70,0,30,0,0,0,0,0,0,0,0,0,33,27,0,0,0,0,0,0,0,0,52,22,0,0,0
l6,0=91,91,94,98,96,94,0,100,97,90,94,94,95,89,57,0,64,54,73,33,30,0,0,0,0,0,0,0,0,0,1,26,0,0,0,0,0,0,0,0,0,0,0,0,0
l7,0=91,91,94,98,95,94,97,0,97,91,95,94,95,91,96,0,95,0,84,92,90,0,77,71,69,74,79,0,0,0,0,0,0,0,0,0,0,0,0,0,0,0,0,40,0
l8,0=91,91,94,98,94,94,97,100,0,92,95,94,95,91,94,0,71,54,78,83,29,0,87,54,14,25,75,59,0,0,0,0,0,0,0,0,0,0,0,0,0,0,0,22,0
l9,0=89,86,94,92,92,87,97,97,97,0,95,94,95,91,94,0,95,41,68,10,28,46,0,42,6,6,36,0,0,0,2,14,0,0,0,0,0,0,0,0,0,0,0,14,0
l10,0=88,86,93,0,90,74,58,56,86,84,0,94,95,25,24,0,95,57,81,60,32,7,80,39,8,50,76,59,0,0,39,25,0,0,0,0,0,0,0,0,0,0,61,6,0
l11,0=89,88,94,92,0,94,93,93,97,92,95,0,95,91,92,0,95,50,45,56,32,25,14,0,7,0,71,70,0,0,46,14,0,0,0,0,0,0,0,0,0,0,56,0,0
l12,0=90,72,94,89,76,91,93,92,92,83,95,94,0,91,92,0,95,57,80,85,94,0,0,15,23,23,75,69,0,0,0,23,0,0,0,0,0,0,0,0,0,0,0,42,43
l13,0=90,91,94,15,91,82,93,97,97,92,89,94,95,0,92,0,95,57,88,31,31,43,28,50,0,27,0,0,0,0,0,16,0,0,0,0,0,0,0,0,0,0,43,19,0
l14,0=32,1,3,23,30,30,11,25,76,76,64,87,91,55,0,0,94,55,93,90,99,0,61,31,8,5,45,44,0,0,70,2,0,24,0,0,0,0,0,0,14,36,74,27,26
l15,0=54,47,82,5,36,61,36,59,76,84,95,94,94,91,96,0,0,52,93,32,57,53,49,58,9,78,75,82,0,0,71,26,5,0,0,0,0,0,0,2,11,0,66,39,38
l16,0=28,47,54,30,0,31,1,0,66,30,85,28,82,48,59,0,57,0,83,36,32,0,0,12,32,6,52,0,0,0,72,29,0,18,0,0,0,17,15,16,55,60,73,49,0
l17,0=34,22,20,1,4,42,14,24,76,58,95,57,82,79,96,0,95,91,0,92,100,49,1,29,28,5,75,43,0,0,69,26,0,0,0,0,0,0,0,0,14,41,73,30,28
l18,0=41,1,50,0,0,2,16,30,78,13,94,69,89,40,94,0,45,91,82,0,100,66,77,65,36,62,88,84,0,0,46,20,24,0,0,34,0,0,13,20,51,42,86,48,81
l19,0=0,1,43,0,0,28,13,22,62,50,94,89,94,62,96,0,93,90,93,92,0,32,28,73,91,92,81,39,0,0,90,85,0,1,0,0,0,0,0,2,92,43,65,81,74
l20,0=0,0,0,0,0,0,0,0,0,41,35,37,0,52,0,0,83,0,83,90,82,0,99,95,91,92,88,91,0,0,0,0,84,86,0,77,76,36,71,59,0,34,77,55,83
l21,0=0,0,0,0,0,0,0,60,93,0,83,0,0,0,54,0,80,0,0,90,89,97,0,95,91,73,88,92,0,0,0,0,52,92,0,0,48,0,77,58,0,0,78,0,80
l22,0=0,0,0,0,0,0,0,46,54,59,57,0,38,57,63,0,67,41,60,85,80,96,76,0,91,78,89,91,0,0,0,27,90,85,0,66,80,62,81,50,61,62,65,77,79
l23,0=0,0,0,0,0,0,0,17,45,22,66,51,36,0,30,0,59,77,83,86,91,89,89,95,0,93,89,85,0,0,0,0,28,78,0,0,20,11,80,27,64,62,85,79,89
l24,0=0,0,30,0,0,0,0,48,49,41,81,22,53,71,72,0,85,29,67,90,91,96,47,88,93,0,89,85,0,0,0,13,5,87,0,46,24,11,44,65,24,23,89,79,88
l25,0=0,0,52,0,0,0,0,39,56,37,65,55,72,0,59,0,77,55,78,86,88,87,88,97,92,93,0,84,0,0,36,0,91,68,0,63,70,42,72,64,58,71,80,81,88
l26,0=0,0,0,0,0,0,0,0,5,0,62,66,71,20,62,0,89,6,74,86,48,96,98,95,91,92,88,0,0,0,14,0,0,82,0,96,78,76,98,66,45,7,86,61,90
l27,0=75,26,32,54,32,36,17,0,0,0,29,23,0,7,87,0,66,91,72,33,54,0,0,0,0,0,34,0,0,0,0,86,33,90,0,80,27,24,55,76,92,76,3,24,56
l28,0=41,12,49,33,8,33,14,0,0,53,29,26,50,40,44,0,14,91,41,31,30,0,0,18,0,23,0,0,0,0,91,0,35,79,0,72,37,24,17,54,94,80,24,10,55
l29,0=0,0,0,0,0,0,0,0,0,0,0,0,0,0,0,0,10,6,0,57,0,33,22,96,50,13,89,0,0,0,75,86,0,96,0,98,100,99,100,97,94,95,1,5,0
l30,0=0,0,0,0,0,0,0,0,0,0,0,0,0,0,0,0,0,0,0,0,0,44,31,92,85,83,48,54,0,0,91,86,100,0,0,98,100,99,100,98,94,95,64,47,1
l31,0=0,0,0,0,0,0,0,0,0,0,0,0,0,0,0,0,0,3,0,28,0,79,0,30,2,15,53,91,0,0,79,70,100,96,0,0,100,99,100,98,94,95,59,2,0
l32,0=0,0,0,0,0,0,0,0,0,0,0,0,0,0,0,0,0,0,0,0,0,47,19,88,35,44,74,76,0,0,44,76,100,96,0,98,0,99,100,96,88,87,0,0,0
l33,0=0,0,0,0,0,0,0,0,0,0,0,0,0,0,0,0,0,26,0,0,0,8,0,39,13,3,54,73,0,0,71,63,100,96,0,98,100,0,97,82,87,71,0,0,0
l34,0=0,0,0,0,0,0,0,0,0,0,0,0,0,0,0,0,0,48,0,52,0,85,47,92,91,23,77,90,0,0,91,85,100,96,0,98,100,99,0,98,94,95,67,42,0
l35,0=0,0,0,0,0,0,0,0,0,0,0,0,0,0,1,0,1,20,0,48,0,16,27,31,58,86,58,56,0,0,91,86,100,96,0,98,100,99,100,0,94,95,0,0,0
l36,0=0,0,0,0,0,31,0,0,0,0,1,0,0,0,47,0,9,28,37,56,53,0,0,24,34,3,48,7,0,0,52,86,94,96,0,89,47,38,57,98,0,95,0,27,0
l37,0=0,0,0,0,0,29,0,0,0,0,0,0,0,0,40,0,0,32,42,72,24,9,0,29,64,19,58,25,0,0,64,86,100,96,0,98,86,22,100,98,94,0,57,0,0
l38,0=0,0,0,0,0,0,0,0,0,0,47,28,0,4,67,0,58,64,75,72,72,59,68,78,84,92,82,74,0,0,0,0,0,53,0,29,0,0,51,0,0,3,0,79,89
l39,0=0,0,0,0,0,0,0,1,24,1,34,3,28,3,37,0,54,42,68,56,87,38,4,87,91,92,87,70,0,0,15,0,0,20,0,0,0,0,19,0,8,0,89,0,89
l40,0=0,0,0,0,0,0,0,0,0,0,0,0,23,0,40,0,64,0,64,75,83,62,65,88,91,81,84,78,0,0,34,21,0,16,0,0,0,0,0,0,0,0,89,81,0
l41,0=0,0,0,0,0,0,0,0,0,47,57,37,0,18,94,0,86,86,92,90,98,48,62,95,91,92,88,84,0,0,49,33,0,25,0,0,0,0,0,0,11,0,89,81,90
l42,0=0,0,0,0,0,0,0,0,0,0,6,0,0,0,63,0,46,53,56,72,81,65,60,89,91,86,87,70,0,0,0,0,0,0,0,40,22,0,40,0,0,0,89,80,89
l43,0=0,0,0,0,0,0,0,0,0,0,43,0,0,0,0,0,23,31,66,74,74,35,70,86,88,85,80,78,0,0,0,0,1,65,0,0,31,0,11,0,0,0,81,81,90
l44,0=0,0,0,0,0,0,0,0,0,0,3,44,0,0,60,0,3,34,70,64,81,77,74,84,90,91,85,78,0,0,0,0,20,17,0,0,0,0,12,0,0,0,84,73,89

l0,1=0,91,94,95,87,94,93,92,77,91,89,90,95,94,79,0,72,75,0,0,0,0,0,0,0,0,0,0,0,0,75,41,0,0,0,0,0,0,0,0,0,0,0,0,0
l1,1=96,0,94,93,92,94,93,92,81,91,89,90,93,94,84,0,75,4,67,53,47,0,0,0,28,0,0,0,0,0,74,0,0,0,0,0,0,0,0,0,0,0,0,0,0
l2,1=96,90,0,95,91,94,93,98,81,94,86,90,95,94,66,0,75,81,72,55,65,0,0,0,0,52,0,0,0,0,56,64,0,0,0,0,0,0,0,0,0,0,0,0,0
l3,1=96,91,94,0,92,94,92,91,80,31,85,86,92,89,80,0,75,87,73,51,7,0,0,0,0,0,0,0,0,0,75,0,0,0,0,0,0,0,0,0,0,20,0,0,0
l4,1=93,91,94,95,0,94,93,85,75,91,0,87,94,93,0,0,71,82,49,0,0,0,0,0,0,0,0,0,0,0,72,0,0,0,0,0,0,0,0,0,0,0,0,0,0
l5,1=96,90,94,93,92,0,93,94,77,90,89,65,60,59,77,0,78,61,69,30,0,0,0,0,0,0,0,0,0,0,5,0,0,0,0,0,0,0,0,0,75,7,0,0,0
l6,1=95,91,94,58,90,94,0,94,80,91,89,78,95,94,60,0,75,27,83,53,42,0,0,0,0,0,0,0,0,0,75,50,0,0,0,0,0,0,0,0,0,0,0,0,0
l7,1=96,90,94,86,76,94,93,0,81,94,90,90,95,94,84,0,78,0,76,59,68,65,66,72,0,73,74,0,0,0,0,0,0,0,0,0,0,0,0,0,0,0,0,64,0
l8,1=94,90,94,94,87,94,93,98,0,94,89,90,95,94,87,0,78,51,83,77,1,58,62,62,46,39,71,0,0,0,34,31,0,0,0,0,0,0,0,0,0,0,0,0,0
l9,1=92,90,94,3,87,89,93,99,81,0,90,90,95,94,87,0,61,62,83,43,56,14,0,0,59,1,37,29,0,0,0,41,0,0,0,0,0,0,0,0,0,0,4,27,0
l10,1=88,81,46,33,4,93,93,90,62,91,0,90,95,94,80,0,79,82,82,71,78,10,74,35,12,77,80,66,0,0,41,46,0,19,0,0,0,0,0,0,8,1,73,61,36
l11,1=94,90,94,43,79,94,93,94,81,94,89,0,95,94,87,0,79,56,83,76,64,0,0,0,39,45,44,0,0,0,36,41,0,0,0,0,0,0,0,0,0,0,0,46,0
l12,1=94,81,94,50,85,90,93,92,72,92,90,90,0,94,87,0,79,89,83,76,77,38,0,50,53,65,49,65,0,0,0,0,0,0,0,0,0,0,0,0,0,0,42,33,2
l13,1=94,90,94,89,87,94,93,92,81,94,90,90,95,0,87,0,79,55,83,48,31,15,55,42,54,45,40,39,0,0,8,33,0,0,0,0,0,0,0,0,0,0,36,0,0
l14,1=50,43,14,6,0,60,56,72,57,58,47,58,83,50,0,0,78,68,84,72,84,15,61,65,64,41,39,37,0,0,60,32,0,0,0,0,0,0,27,0,41,34,79,81,40
l15,1=42,44,41,15,62,72,71,91,55,68,90,90,95,94,89,0,0,63,83,73,81,45,76,65,64,48,48,55,0,0,62,43,0,0,0,0,0,0,4,0,39,6,72,77,12
l16,1=33,0,0,8,51,54,42,0,43,34,73,23,33,18,82,0,75,0,83,64,50,1,0,55,62,8,0,41,0,0,79,53,1,16,0,0,15,14,29,27,90,49,39,32,26
l17,1=0,30,14,0,48,54,58,68,56,71,81,59,61,49,89,0,77,67,0,55,84,12,64,60,61,5,46,44,0,0,58,35,0,0,0,0,0,0,0,0,42,35,67,76,40
l18,1=0,19,13,0,0,33,41,42,56,28,80,46,51,23,84,0,71,90,79,0,84,51,66,60,89,85,90,72,0,0,43,48,15,0,0,24,0,0,39,44,76,51,85,91,48
l19,1=0,25,21,0,0,0,48,62,1,56,73,43,64,20,89,0,71,81,83,80,0,40,45,58,71,41,53,51,0,0,55,57,0,37,0,0,0,0,37,0,74,45,69,88,51
l20,1=0,0,0,0,0,0,0,63,47,43,47,1,70,44,61,0,69,46,44,71,73,0,92,81,87,85,85,87,0,0,0,0,76,65,0,62,63,55,73,17,0,16,78,65,64
l21,1=0,0,0,0,0,0,0,37,40,0,80,0,0,56,74,0,67,0,75,71,52,93,0,81,87,81,88,85,0,0,0,0,0,73,0,0,44,0,64,52,0,0,79,79,71
l22,1=0,0,0,0,0,0,0,64,48,0,16,2,61,20,75,0,61,53,67,58,60,80,74,0,88,74,90,88,0,0,0,0,83,73,0,75,50,59,62,59,60,44,73,72,0
l23,1=0,0,0,0,0,0,0,0,38,65,28,40,61,50,78,0,66,79,76,71,80,85,86,82,0,85,90,83,0,0,0,1,30,46,0,47,0,47,61,50,69,51,64,91,88
l24,1=0,0,32,0,0,0,0,66,38,0,81,59,79,69,79,0,69,66,37,72,75,88,83,76,90,0,90,83,0,0,0,51,2,31,0,41,41,25,54,72,67,38,89,87,84
l25,1=0,0,0,0,0,0,0,59,46,38,72,48,68,32,49,0,59,47,72,72,74,82,83,86,89,85,0,83,0,0,0,26,75,53,0,56,54,32,53,27,49,34,87,91,78
l26,1=0,0,0,0,0,0,0,19,22,41,69,0,71,40,62,0,59,46,64,71,68,90,87,82,87,81,87,0,0,0,0,0,77,77,0,79,63,49,78,64,61,52,76,80,77
l27,1=56,28,13,42,52,7,66,0,40,0,48,39,0,0,81,0,75,89,77,23,47,0,0,0,0,0,0,0,0,0,0,84,44,57,0,40,0,4,47,87,94,82,0,14,0
l28,1=10,0,15,0,0,0,61,1,39,35,52,40,0,17,43,0,42,93,61,57,19,0,0,0,7,19,2,0,0,0,79,0,45,51,0,41,44,4,52,49,94,84,0,0,23
l29,1=0,0,0,0,0,0,0,0,0,0,0,0,0,0,0,0,0,17,0,26,0,68,0,82,25,0,88,68,0,0,55,76,0,95,0,93,86,98,93,95,94,70,49,0,0
l30,1=0,0,0,0,0,0,0,0,0,0,12,0,0,0,0,0,0,49,0,0,37,45,49,74,27,20,57,81,0,0,79,70,88,0,0,93,86,95,93,95,93,96,0,43,0
l31,1=0,0,0,0,0,0,0,0,0,0,0,0,0,0,0,0,0,0,0,19,0,31,0,67,54,14,71,73,0,0,53,64,88,95,0,0,86,98,93,80,94,96,0,0,0
l32,1=0,0,0,0,0,0,0,0,0,0,0,0,0,0,0,0,0,48,0,0,0,38,52,53,0,33,71,58,0,0,0,36,88,95,0,93,0,98,93,95,61,92,0,0,0
l33,1=0,0,0,0,0,0,0,0,0,0,0,0,0,0,0,0,0,17,0,0,0,27,0,50,62,14,69,50,0,0,0,0,88,75,0,93,86,0,91,82,81,57,0,0,0
l34,1=0,0,0,0,0,0,0,0,0,0,0,0,0,0,34,0,6,80,0,40,15,54,48,74,54,37,59,80,0,0,59,81,88,95,0,93,86,97,0,95,94,96,55,33,0
l35,1=0,0,0,0,0,0,0,0,0,0,0,0,0,0,0,0,0,32,0,41,0,0,48,66,36,49,16,61,0,0,79,57,88,95,0,49,86,77,93,0,94,96,0,0,0
l36,1=0,0,0,0,0,43,0,0,0,0,7,0,0,0,11,0,8,88,56,45,27,0,0,52,42,20,4,40,0,0,79,61,88,94,0,51,52,75,92,90,0,94,0,0,0
l37,1=0,0,0,0,0,26,0,0,0,0,17,0,0,0,34,0,19,59,54,45,24,4,8,54,60,34,31,43,0,0,79,61,88,95,0,93,55,57,93,95,94,0,0,0,0
l38,1=0,0,0,0,0,0,0,0,0,0,46,0,21,3,68,0,42,53,54,64,60,63,62,77,61,85,84,75,0,0,0,0,39,0,0,0,0,0,38,0,0,0,0,91,88
l39,1=0,0,0,0,0,0,0,35,0,0,28,26,13,0,70,0,37,19,61,71,80,34,63,75,87,81,88,81,0,0,0,0,0,21,0,0,0,0,9,0,0,0,89,0,88
l40,1=0,0,0,0,0,0,0,0,0,0,32,0,0,0,65,0,15,38,68,55,73,66,59,0,85,81,81,80,0,0,0,6,0,0,0,0,0,0,0,0,0,0,88,91,0
l41,1=0,0,0,0,0,0,0,0,15,29,47,35,24,27,84,0,69,62,69,72,74,41,45,82,88,83,84,82,0,0,9,56,0,0,0,18,18,0,28,17,0,0,90,92,88
l42,1=0,0,0,0,0,0,0,0,0,0,0,0,0,0,52,0,42,53,45,64,58,51,66,80,87,83,88,74,0,0,0,0,0,0,0,12,21,0,3,0,0,0,89,91,88
l43,1=0,0,0,0,0,0,0,0,0,0,42,0,0,0,55,0,30,38,32,54,54,68,53,80,85,79,85,77,0,0,0,0,40,39,0,19,8,0,7,2,0,0,88,91,88
l44,1=0,0,0,0,0,0,0,0,0,0,0,0,51,27,60,0,1,51,55,48,67,79,64,58,78,84,87,82,0,0,0,0,51,0,0,23,0,0,21,0,0,0,89,91,88

l0,2=0,94,93,88,95,88,87,88,87,88,74,85,90,91,0,0,68,70,48,68,0,0,0,0,0,0,0,0,0,0,73,10,0,0,0,0,0,0,0,0,0,0,0,0,0
l1,2=91,0,93,84,95,92,90,90,87,88,74,90,89,88,67,0,64,71,65,73,71,0,0,0,0,0,0,0,0,0,74,53,0,0,0,0,0,0,0,0,0,0,0,0,0
l2,2=93,94,0,83,81,90,90,98,89,92,78,89,92,90,67,0,71,69,47,73,70,0,0,3,0,56,0,0,0,0,69,0,0,0,0,0,0,0,0,0,0,0,0,0,0
l3,2=93,94,93,0,95,92,90,88,87,88,77,89,92,91,0,0,0,0,63,0,68,0,0,0,0,0,0,0,0,0,74,34,0,0,0,0,0,0,0,0,0,0,0,0,0
l4,2=93,94,89,88,0,92,90,88,88,88,74,85,88,87,61,0,71,35,54,0,0,0,0,0,0,0,0,0,0,0,71,6,0,0,0,0,0,0,0,0,0,0,0,0,0
l5,2=89,94,93,83,95,0,90,89,85,88,78,85,92,91,70,0,67,0,62,66,0,0,0,0,0,0,0,0,0,0,74,30,0,0,0,0,0,0,0,0,0,0,0,0,0
l6,2=91,94,93,84,95,92,0,99,88,90,77,89,92,91,71,0,72,71,67,0,47,4,0,0,0,0,0,0,0,0,75,46,0,0,0,0,0,0,0,0,0,0,0,0,0
l7,2=91,92,93,80,86,89,90,0,89,92,78,91,91,91,62,0,76,0,69,70,61,22,21,59,26,71,47,0,0,0,0,0,0,0,0,0,0,0,0,0,0,0,0,0,0
l8,2=89,92,93,81,86,88,83,99,0,92,77,89,92,91,72,0,72,1,67,78,0,37,39,53,0,35,33,48,0,0,30,26,0,0,0,0,0,0,0,0,0,0,0,0,0
l9,2=89,90,91,59,81,88,85,96,87,0,78,90,91,91,72,0,49,63,67,65,52,50,4,1,30,36,31,47,0,0,0,24,0,0,0,0,0,0,0,0,0,0,0,44,0
l10,2=81,89,89,54,68,88,73,71,77,87,0,89,92,91,67,0,77,60,68,79,77,0,49,51,59,71,68,63,0,0,53,52,0,0,0,0,0,0,0,0,30,0,55,38,9
l11,2=89,90,90,57,79,88,82,98,87,92,78,0,92,91,73,0,74,59,67,53,73,60,43,20,21,71,46,0,0,0,56,21,0,0,0,0,0,0,0,0,0,0,51,53,0
l12,2=89,88,89,79,79,88,82,86,83,88,80,91,0,91,72,0,77,70,67,79,78,0,43,44,71,70,66,66,0,0,54,30,0,0,0,0,0,0,0,0,0,1,51,37,0
l13,2=89,90,87,79,79,88,83,87,87,92,78,91,92,0,72,0,75,54,52,58,63,0,0,38,19,39,0,0,0,0,41,11,0,0,0,0,0,0,0,0,0,0,0,0,0
l14,2=0,61,55,0,48,63,58,59,78,76,71,79,79,82,0,0,81,68,77,83,86,62,53,64,70,80,75,61,0,0,79,63,0,0,0,0,0,0,45,57,60,59,70,74,72
l15,2=75,59,56,0,55,57,69,68,76,70,78,89,92,91,92,0,0,60,59,72,80,67,57,65,69,70,68,64,0,0,66,54,0,0,0,0,0,0,7,48,18,55,72,67,59
l16,2=57,58,59,0,42,0,65,0,0,47,58,45,76,63,81,0,74,0,69,85,85,13,0,11,78,78,36,0,0,0,88,72,25,58,0,0,0,0,47,51,72,45,40,47,2
l17,2=46,57,42,16,48,54,56,62,76,77,74,79,81,64,92,0,74,61,0,74,86,59,54,63,75,11,42,63,0,0,67,47,0,52,0,0,0,0,0,26,35,0,66,29,74
l18,2=42,37,40,0,0,30,0,48,75,62,71,42,73,46,87,0,72,73,57,0,86,89,50,80,91,88,86,73,0,0,83,66,25,44,0,0,0,0,42,51,61,63,73,81,60
l19,2=0,59,46,0,0,0,7,53,0,62,66,69,75,70,92,0,81,82,77,85,0,58,0,61,67,86,67,68,0,0,63,57,5,59,0,0,0,0,37,0,72,63,71,71,68
l20,2=0,0,0,0,0,0,2,27,43,50,0,69,0,0,71,0,71,41,51,78,67,0,90,84,87,90,80,82,0,0,0,0,79,18,0,74,24,68,0,37,47,53,74,67,79
l21,2=0,0,0,0,0,0,0,6,54,0,52,59,49,0,55,0,72,0,43,61,0,92,0,83,86,83,74,82,0,0,0,0,0,0,0,0,16,0,0,0,3,0,75,74,67
l22,2=0,0,0,0,0,0,0,43,62,0,47,47,47,47,68,0,71,3,44,71,63,88,77,0,90,88,86,82,0,0,15,0,80,79,0,68,63,0,66,59,60,47,73,64,69
l23,2=0,0,0,0,0,0,0,23,0,58,46,51,66,42,73,0,67,69,63,79,80,88,84,86,0,91,86,79,0,0,0,32,56,61,0,52,1,52,68,0,60,68,84,85,88
l24,2=0,0,31,0,0,0,0,56,52,46,71,78,76,46,85,0,76,70,7,78,82,88,83,83,91,0,86,79,0,0,43,50,53,78,0,11,37,37,22,42,81,79,84,84,87
l25,2=0,0,0,0,0,0,0,35,54,47,71,53,52,0,84,0,75,39,27,79,74,87,79,92,90,91,0,79,0,0,0,34,67,75,0,61,68,40,39,39,68,40,84,86,87
l26,2=0,0,0,0,0,0,0,0,57,53,56,41,64,0,61,0,67,0,50,76,77,91,84,92,89,89,82,0,0,0,0,0,83,88,0,80,61,66,77,45,64,46,83,83,66
l27,2=72,67,62,42,58,62,64,0,61,0,64,67,67,69,75,0,72,88,57,85,73,0,0,38,0,62,0,0,0,0,0,72,68,93,0,67,57,63,77,87,94,93,7,20,0
l28,2=0,58,0,0,12,29,55,0,62,58,58,53,50,32,73,0,63,88,46,83,74,0,0,0,52,73,57,0,0,0,90,0,74,84,0,66,57,55,79,78,94,90,0,9,24
l29,2=0,0,0,0,0,0,0,0,0,0,0,0,0,0,0,0,0,34,0,23,21,88,0,88,68,75,69,78,0,0,69,65,0,97,0,86,95,100,90,90,93,95,37,28,0
l30,2=0,0,0,0,0,1,0,0,0,0,0,0,0,0,0,0,9,61,21,64,64,0,0,89,67,76,77,81,0,0,90,72,91,0,0,86,95,100,90,90,94,95,47,0,0
l31,2=0,0,0,0,0,0,0,0,0,0,0,0,0,0,0,0,0,0,0,48,0,70,0,68,69,28,67,79,0,0,69,54,91,97,0,0,95,100,90,90,94,95,47,0,0
l32,2=0,0,0,0,0,0,0,0,0,0,0,0,0,0,0,0,0,0,0,0,0,6,54,85,14,67,79,67,0,0,72,61,91,97,0,86,0,100,90,90,38,93,17,0,0
l33,2=0,0,0,0,0,0,0,0,0,0,0,0,0,0,0,0,0,0,0,0,0,72,0,0,74,29,64,61,0,0,76,53,91,97,0,86,95,0,90,89,93,83,0,0,0
l34,2=0,0,0,0,0,0,0,0,0,0,0,0,0,0,50,0,34,53,0,57,54,0,0,77,72,0,55,80,0,0,89,72,91,97,0,86,95,96,0,90,94,95,47,15,0
l35,2=0,0,0,0,0,0,0,0,0,0,0,0,0,0,56,0,52,52,21,58,0,42,0,63,0,59,52,47,0,0,90,67,91,97,0,81,95,99,90,0,94,95,6,0,0
l36,2=0,0,0,0,0,0,0,0,0,0,44,0,0,0,59,0,38,75,37,74,82,30,29,62,70,85,80,58,0,0,90,72,85,93,0,83,17,89,90,90,0,95,0,23,0
l37,2=0,0,0,0,0,0,0,0,0,0,0,0,42,0,57,0,53,86,0,84,66,58,29,51,84,86,53,52,0,0,90,72,90,97,0,85,87,91,90,90,94,0,49,0,0
l38,2=0,0,0,0,0,0,0,0,0,0,34,35,22,0,67,0,60,41,40,62,65,55,52,68,83,90,82,73,0,0,0,0,15,24,0,18,0,0,30,0,0,1,0,87,90
l39,2=0,0,0,0,0,0,0,0,0,30,31,56,26,0,77,0,54,40,7,75,70,62,61,70,86,87,81,79,0,0,4,0,36,0,0,0,0,0,6,0,17,0,88,0,90
l40,2=0,0,0,0,0,0,0,0,0,0,0,0,0,0,72,0,36,0,59,53,52,80,47,75,86,87,75,53,0,0,0,0,0,0,0,0,0,0,0,0,0,0,87,86,0
l41,2=0,0,0,0,0,0,0,0,0,3,55,51,8,58,85,0,75,66,48,78,68,75,23,80,88,88,81,68,0,0,34,43,0,0,0,0,20,0,52,0,47,12,88,87,87
l42,2=0,0,0,0,0,0,0,0,0,0,0,0,0,0,69,0,3,45,43,76,42,66,69,74,86,87,79,53,0,0,0,0,57,0,0,0,1,36,1,0,0,0,85,86,86
l43,2=0,0,0,0,0,0,0,0,0,0,0,0,0,0,65,0,31,15,31,63,37,76,51,81,84,82,76,77,0,0,0,0,0,0,0,6,0,0,21,0,0,0,86,79,89
l44,2=0,0,0,0,0,0,0,0,0,0,0,0,0,0,42,0,0,8,39,58,61,61,57,69,86,82,79,77,0,0,0,0,0,44,0,0,0,0,43,0,0,0,80,87,89

l0,3=0,96,77,97,93,90,85,94,92,88,88,88,90,87,76,0,58,65,62,0,0,0,0,0,0,0,0,0,0,0,5,0,0,0,0,0,0,0,0,0,0,0,0,0,0
l1,3=95,0,85,97,93,92,88,93,93,89,94,93,87,84,77,0,85,78,74,61,61,0,0,0,41,0,1,0,0,0,74,73,0,0,0,0,0,0,0,0,0,0,0,0,0
l2,3=93,95,0,93,82,86,88,94,93,88,94,94,91,84,80,0,89,77,32,60,44,0,0,29,0,0,63,0,0,0,52,0,0,0,0,0,0,0,0,0,0,0,0,0,0
l3,3=95,96,85,0,93,92,85,86,92,85,94,93,91,88,0,0,89,75,0,0,44,0,0,0,0,0,0,0,0,0,70,72,0,0,0,0,0,0,0,0,0,0,0,0,0
l4,3=95,96,74,97,0,92,88,88,93,86,45,92,87,79,74,0,38,0,70,0,0,0,0,0,0,0,0,0,0,0,0,72,0,0,0,0,0,0,0,0,0,0,0,0,0
l5,3=95,96,72,97,91,0,88,97,93,86,94,90,90,81,78,0,72,71,67,65,46,0,0,0,0,0,0,0,0,0,76,73,0,0,0,0,0,0,0,0,0,0,0,0,0
l6,3=92,96,86,89,86,92,0,92,92,88,94,93,91,87,79,0,89,82,79,62,28,0,0,31,0,0,0,0,0,0,2,0,0,0,0,0,0,0,0,0,0,0,0,0,0
l7,3=91,89,76,80,83,87,85,0,92,88,85,94,91,84,85,0,89,34,80,75,57,0,0,75,3,54,75,3,0,0,46,0,0,0,0,0,0,0,0,0,0,0,0,0,0
l8,3=92,90,80,91,83,87,85,94,0,88,92,94,91,87,85,0,89,59,80,72,67,0,88,42,28,48,71,71,0,0,62,0,0,0,0,0,0,0,0,0,0,0,0,72,0
l9,3=91,89,76,77,83,86,85,94,91,0,94,94,91,90,81,0,89,70,81,66,48,15,0,41,36,45,47,49,0,0,60,50,0,0,0,0,0,0,0,0,0,0,0,0,0
l10,3=69,86,76,75,36,86,84,71,88,89,0,93,92,89,84,0,90,79,86,69,72,72,64,70,42,56,72,72,0,0,32,72,0,0,0,0,0,0,0,0,0,0,0,63,0
l11,3=86,87,76,80,82,83,85,94,92,89,92,0,92,92,82,0,89,79,80,67,64,64,76,50,42,47,70,49,0,0,74,68,0,0,0,0,0,0,0,0,0,0,0,74,0
l12,3=87,76,77,83,73,86,85,89,89,88,94,94,0,93,82,0,89,77,78,68,64,37,74,37,48,47,74,76,0,0,71,24,0,0,0,0,0,0,0,0,0,31,0,49,0
l13,3=91,89,77,86,82,87,85,94,91,89,94,94,91,0,81,0,89,80,73,57,58,59,11,73,41,45,0,0,0,0,66,64,0,0,0,0,0,0,0,0,0,0,0,0,0
l14,3=66,61,53,0,54,66,69,84,90,80,94,89,91,83,0,0,91,86,91,84,95,67,58,62,44,58,75,48,0,0,4,79,0,0,0,0,0,0,0,58,51,49,75,80,68
l15,3=1,70,61,64,51,58,84,89,83,79,94,94,91,88,85,0,0,83,87,80,86,75,84,71,50,46,72,57,0,0,76,70,0,0,0,0,0,0,0,0,69,54,69,75,3
l16,3=20,67,47,29,0,63,77,26,58,66,84,71,72,67,91,0,91,0,78,88,94,40,0,39,40,55,74,46,0,0,86,93,0,72,0,0,14,0,76,74,90,51,64,75,58
l17,3=60,67,1,0,59,60,71,68,86,86,94,86,83,56,91,0,90,80,0,89,91,63,71,72,62,39,58,0,0,0,76,72,0,30,0,0,0,0,0,0,77,54,66,72,60
l18,3=0,49,39,0,0,55,37,71,85,74,87,70,67,33,89,0,90,91,91,0,95,89,83,69,73,76,85,85,0,0,84,76,7,50,0,32,0,2,52,0,61,57,6,79,50
l19,3=0,60,33,9,1,55,40,62,69,46,87,76,82,55,91,0,91,91,91,90,0,66,61,65,66,65,66,74,0,0,80,75,60,13,0,5,0,0,0,0,78,42,78,84,60
l20,3=0,0,0,0,0,0,0,0,0,0,77,50,41,41,70,0,76,50,67,82,73,0,99,83,36,72,80,92,0,0,0,0,92,59,0,57,55,70,65,41,0,0,83,75,80
l21,3=0,0,0,0,0,0,0,0,86,0,48,70,59,0,60,0,77,0,81,82,77,92,0,83,69,71,80,91,0,0,0,0,2,0,0,55,2,9,0,0,2,0,83,82,62
l22,3=0,0,1,0,0,0,0,69,46,25,65,44,27,57,55,0,64,41,62,65,67,86,72,0,69,72,85,91,0,0,3,0,64,80,0,51,71,57,58,42,35,54,63,64,63
l23,3=0,47,0,0,0,0,0,2,33,37,54,57,58,46,54,0,65,56,79,86,82,51,67,83,0,78,85,88,0,0,42,16,70,58,0,62,61,47,60,66,59,73,83,83,82
l24,3=0,0,0,0,0,0,0,69,56,38,83,69,62,52,62,0,77,64,48,78,80,86,61,84,73,0,85,78,0,0,11,36,64,69,0,37,41,32,48,64,69,72,83,75,80
l25,3=0,0,32,0,0,0,0,65,59,24,75,61,59,0,79,0,76,67,50,82,63,86,82,88,73,76,0,86,0,0,0,45,79,67,0,59,77,45,55,51,59,8,85,82,80
l26,3=0,0,0,0,0,0,0,40,54,21,67,49,67,1,39,0,56,55,0,79,77,92,92,88,69,72,80,0,0,0,4,0,69,95,0,81,71,55,76,66,51,50,83,69,71
l27,3=48,75,42,33,22,81,0,17,74,48,81,67,75,60,27,0,77,91,75,87,80,0,0,41,36,2,0,0,0,0,0,93,79,84,0,13,50,38,96,91,93,94,60,54,0
l28,3=0,65,0,32,51,67,0,0,0,64,79,61,5,62,81,0,74,91,70,82,76,0,0,0,28,26,62,0,0,0,86,0,78,91,0,37,78,61,97,97,93,98,48,62,0
l29,3=0,0,0,0,0,0,0,0,0,0,0,0,0,0,0,0,0,0,0,0,69,91,2,79,67,69,82,81,0,0,79,83,0,100,0,100,100,99,98,97,88,99,48,0,0
l30,3=0,0,0,0,0,0,0,0,0,0,0,0,0,0,0,0,0,87,0,66,9,71,0,83,56,75,83,91,0,0,84,92,98,0,0,100,100,97,98,97,93,99,70,0,1
l31,3=0,0,0,0,0,0,0,0,0,0,0,0,0,0,0,0,0,4,0,71,13,84,77,75,64,50,85,92,0,0,21,34,98,100,0,0,100,91,98,97,93,99,3,62,10
l32,3=0,0,0,0,0,0,0,0,0,0,0,0,0,0,0,0,0,16,0,0,0,81,1,88,64,57,85,87,0,0,64,83,98,100,0,100,0,99,98,97,93,99,0,0,0
l33,3=0,0,0,0,0,0,0,0,0,0,0,0,0,0,0,0,0,0,0,0,0,82,0,73,63,23,38,49,0,0,70,43,98,99,0,100,100,0,98,97,91,94,0,0,0
l34,3=0,0,0,0,0,0,0,0,0,0,0,0,0,0,10,0,0,79,0,71,0,73,0,73,63,47,74,78,0,0,86,93,98,100,0,98,100,97,0,97,93,99,0,0,2
l35,3=0,0,0,0,0,0,0,0,0,0,0,0,0,0,65,0,0,85,0,0,0,53,0,59,69,68,69,74,0,0,86,93,98,100,0,100,100,99,98,0,93,99,0,0,0
l36,3=0,0,0,0,0,0,0,0,0,0,0,0,0,0,50,0,79,91,74,82,79,0,7,31,57,64,78,70,0,0,86,92,93,100,0,100,91,90,98,97,0,99,2,39,0
l37,3=0,0,0,0,12,4,0,0,0,0,0,0,58,0,52,0,65,80,66,79,42,0,0,73,72,75,47,44,0,0,86,93,98,100,0,100,96,96,98,97,93,0,62,0,0
l38,3=0,0,0,0,0,0,0,0,0,0,0,0,0,0,47,0,50,45,44,6,60,67,55,42,58,55,74,60,0,0,42,6,7,45,0,0,0,0,0,0,0,21,0,86,86
l39,3=0,0,0,0,0,0,0,0,45,0,35,43,31,0,59,0,61,46,48,60,69,60,57,58,60,68,73,52,0,0,40,39,0,0,0,6,0,0,0,0,9,0,86,0,86
l40,3=0,0,0,0,0,0,0,0,0,0,0,0,0,0,51,0,0,29,43,30,28,63,44,55,63,67,72,48,0,0,0,0,0,3,0,0,0,0,0,0,0,0,86,86,0
l41,3=0,0,0,0,0,0,0,0,0,22,0,0,45,54,69,0,68,77,74,77,73,55,0,69,72,72,80,50,0,0,0,43,49,0,0,0,0,0,28,13,22,0,86,82,80
l42,3=0,0,0,0,0,0,0,0,0,0,8,0,0,0,43,0,43,37,43,64,58,62,62,44,64,72,78,59,0,0,0,0,58,42,0,9,31,47,38,0,0,0,86,86,84
l43,3=0,0,0,0,0,0,0,0,0,0,27,0,0,0,34,0,29,41,0,53,46,72,34,55,51,53,73,72,0,0,0,0,42,32,0,15,3,0,27,0,0,0,86,77,81
l44,3=0,0,0,0,0,0,0,0,0,0,0,0,0,0,46,0,0,33,41,57,0,41,58,35,60,68,75,67,0,0,0,0,0,44,0,0,5,0,35,0,0,0,85,81,81

l0,4=0,99,94,96,100,90,98,98,92,92,94,94,83,97,91,0,87,27,63,0,55,0,0,0,0,0,0,0,0,0,75,84,0,0,0,0,0,0,0,0,0,0,0,0,0
l1,4=99,0,97,96,98,91,98,98,92,92,94,94,83,97,43,0,84,73,0,85,29,0,0,0,57,0,0,0,0,0,69,6,0,0,0,0,0,0,0,0,60,0,0,0,0
l2,4=95,99,0,94,100,25,98,98,92,92,92,94,83,97,68,0,84,69,74,78,7,0,0,0,2,0,57,0,0,0,0,84,0,0,0,0,0,0,0,0,0,0,0,0,0
l3,4=99,99,97,0,100,91,98,98,92,92,94,94,83,97,79,0,88,70,70,42,27,0,0,0,0,0,0,0,0,0,53,94,0,0,0,0,0,0,0,0,0,0,0,0,0
l4,4=99,99,97,96,0,91,98,98,92,92,94,94,84,97,81,0,77,75,81,0,0,0,0,0,0,0,0,0,0,0,0,94,0,0,0,0,0,0,0,0,0,0,0,0,0
l5,4=95,99,76,96,100,0,98,98,92,92,94,94,87,97,29,0,75,71,75,13,64,0,0,0,0,6,0,0,0,0,77,84,0,0,0,0,0,0,0,0,62,0,0,0,0
l6,4=94,99,94,93,97,91,0,98,92,92,92,93,84,97,90,0,88,77,87,76,66,0,0,0,2,72,0,0,0,0,60,0,0,0,0,0,0,0,0,0,0,0,0,0,0
l7,4=94,95,93,93,96,89,97,0,92,92,91,94,84,97,93,0,88,0,84,88,72,13,0,70,22,86,68,66,0,0,18,0,0,0,0,0,0,0,0,0,0,0,0,0,0
l8,4=94,96,97,93,97,89,90,98,0,92,0,94,84,97,90,0,87,0,87,88,65,0,3,68,61,69,54,61,0,0,45,0,0,0,0,0,0,0,0,0,0,0,4,73,0
l9,4=94,95,93,79,86,89,98,98,92,0,94,94,83,97,91,0,88,71,86,78,71,48,0,67,66,78,5,59,0,0,55,74,0,0,0,0,0,0,0,0,0,0,0,0,0
l10,4=72,78,81,72,85,89,79,83,0,86,0,86,89,95,91,0,88,75,87,80,74,63,53,65,67,86,63,51,0,0,35,77,0,0,0,0,0,0,0,0,0,0,52,74,0
l11,4=89,96,93,89,93,89,84,98,92,92,86,0,89,97,82,0,88,63,87,82,71,0,0,70,61,79,53,60,0,0,3,80,0,0,0,0,0,0,0,0,0,0,0,46,0
l12,4=81,85,94,70,86,90,97,98,92,89,94,94,0,97,93,0,89,77,77,78,78,0,56,64,68,74,66,69,0,0,49,0,0,0,0,0,0,0,0,0,0,0,37,71,2
l13,4=87,96,93,81,93,84,91,98,92,92,94,94,84,0,93,0,85,77,86,79,76,70,0,69,66,84,65,62,0,0,53,11,0,0,0,0,0,0,0,0,0,0,0,73,0
l14,4=62,29,59,61,73,21,79,78,80,78,89,77,78,90,0,0,85,89,93,83,88,70,6,65,63,80,62,62,0,0,62,79,0,0,0,0,0,0,0,58,0,65,69,76,79
l15,4=62,64,75,69,75,56,85,76,74,79,94,94,84,81,94,0,0,81,87,83,84,73,61,69,67,75,53,59,0,0,61,79,0,0,0,0,0,0,0,0,63,0,53,72,56
l16,4=0,67,75,37,74,53,72,0,0,59,72,69,73,78,95,0,82,0,83,90,84,20,0,12,65,68,56,26,0,0,87,97,0,66,0,0,0,0,57,68,67,70,56,73,50
l17,4=44,0,70,10,76,55,75,73,79,77,87,78,68,81,95,0,89,86,0,85,69,68,2,68,68,70,52,53,0,0,62,79,0,0,0,0,0,0,0,0,65,65,53,81,44
l18,4=0,50,62,0,0,28,58,72,73,47,71,71,63,64,85,0,76,83,83,0,91,77,68,79,80,74,60,66,0,0,65,83,0,52,0,42,0,0,37,46,57,63,1,84,55
l19,4=23,2,0,0,0,54,70,70,65,57,75,70,74,80,95,0,88,88,63,90,0,74,60,66,84,79,59,72,0,0,65,81,57,60,0,0,0,0,41,48,63,67,67,86,62
l20,4=0,0,0,0,0,0,0,26,45,0,46,0,0,53,55,0,65,32,0,51,68,0,96,78,80,95,69,87,0,0,0,0,76,67,0,45,14,67,61,36,37,44,72,82,73
l21,4=0,0,0,0,0,0,0,0,0,0,29,43,53,0,0,0,71,0,47,81,76,99,0,87,84,90,78,86,0,0,0,0,0,0,0,47,0,0,53,0,0,0,72,79,84
l22,4=0,0,0,0,0,0,0,45,52,45,50,48,44,59,55,0,48,0,46,59,56,79,59,0,86,92,82,87,0,0,0,0,52,57,0,44,53,55,57,38,41,47,53,65,57
l23,4=0,33,0,0,0,0,0,0,50,46,61,47,56,62,62,0,63,51,67,85,82,85,56,91,0,96,82,79,0,0,32,0,51,41,0,47,25,54,41,62,0,57,71,90,78
l24,4=0,0,0,0,0,25,46,68,46,52,80,52,51,64,84,0,71,59,67,83,76,91,70,86,82,0,71,79,0,0,20,0,51,55,0,30,20,44,47,72,47,59,81,90,93
l25,4=0,0,39,0,0,0,0,58,51,0,61,51,58,60,65,0,57,64,59,76,66,79,58,91,88,95,0,78,0,0,0,1,64,65,0,50,35,57,63,51,53,50,64,87,64
l26,4=0,0,0,0,0,0,0,45,50,44,45,48,56,60,56,0,47,17,44,54,72,99,85,92,80,85,71,0,0,0,26,44,55,81,0,53,45,57,63,49,47,0,65,62,63
l27,4=65,64,0,12,20,72,68,27,63,57,66,11,61,72,92,0,87,89,90,89,81,0,0,0,53,31,0,22,0,0,0,98,80,64,0,36,21,17,70,97,99,99,51,24,0
l28,4=66,0,77,75,87,69,0,0,0,24,76,77,3,23,85,0,81,89,82,87,79,0,0,0,0,0,2,36,0,0,92,0,68,88,0,65,76,88,76,100,99,100,0,75,0
l29,4=0,0,0,0,0,0,0,0,0,0,0,0,0,0,0,0,0,0,0,0,21,94,0,87,78,71,78,67,0,0,80,81,0,97,0,97,93,100,100,100,96,100,66,5,22
l30,4=0,0,0,0,0,0,0,0,0,0,0,0,0,0,0,0,0,69,0,72,47,89,1,84,67,75,64,81,0,0,76,93,92,0,0,97,93,94,100,100,99,99,70,10,0
l31,4=0,0,0,0,0,0,0,0,0,0,0,0,0,0,0,0,0,0,0,80,0,84,76,89,81,66,67,79,0,0,70,89,92,97,0,0,93,100,100,100,99,100,0,79,27
l32,4=0,0,0,0,0,0,0,0,0,0,0,0,0,0,0,0,0,7,0,0,0,2,0,88,74,12,64,76,0,0,1,93,92,97,0,97,0,100,100,100,97,99,32,30,0
l33,4=0,0,0,0,0,0,0,0,0,0,0,0,0,0,0,0,0,0,0,0,0,88,0,84,74,18,70,67,0,0,5,89,92,97,0,97,93,0,100,100,99,88,0,0,0
l34,4=0,0,0,0,0,0,0,0,0,0,0,0,0,0,0,0,0,73,0,72,80,88,64,84,79,78,64,74,0,0,88,93,92,97,0,80,82,97,0,100,99,100,7,0,0
l35,4=0,0,0,0,0,0,0,0,0,0,0,0,0,0,90,0,63,73,0,85,77,88,0,83,86,84,72,74,0,0,89,97,89,97,0,80,82,96,100,0,97,100,0,0,0
l36,4=0,41,0,0,0,57,0,0,0,0,0,0,0,0,0,0,71,73,75,78,71,48,0,80,2,68,61,65,0,0,89,97,89,94,0,79,82,96,97,97,0,100,0,1,0
l37,4=0,0,0,0,0,4,0,0,0,0,0,0,0,0,79,0,0,73,72,85,80,71,0,85,86,84,59,0,0,0,92,98,92,97,0,97,82,82,100,100,99,0,0,0,56
l38,4=0,0,0,0,0,0,0,0,0,0,40,0,20,0,58,0,46,33,35,30,65,56,42,51,75,81,47,56,0,0,24,0,32,36,0,0,0,0,0,0,0,0,0,91,96
l39,4=0,0,0,0,0,0,0,0,46,0,46,20,39,52,56,0,55,43,71,78,74,73,39,67,79,80,70,47,0,0,0,46,0,13,0,28,3,0,0,0,0,0,81,0,92
l40,4=0,0,0,0,0,0,0,0,0,0,0,0,0,0,68,0,32,11,7,51,57,53,46,44,72,79,50,61,0,0,0,0,0,0,0,0,0,0,0,0,0,0,81,90,0
l41,4=0,0,0,0,0,0,0,0,7,0,23,44,53,68,65,0,50,72,71,74,73,67,48,83,79,81,67,48,0,0,30,61,47,0,0,0,0,0,28,0,37,0,79,88,71
l42,4=0,0,0,0,0,0,0,0,0,0,52,0,0,1,63,0,42,0,53,73,69,72,55,85,81,88,57,65,0,0,0,0,51,0,0,32,25,0,46,0,0,0,81,90,94
l43,4=0,0,0,0,0,0,0,0,0,0,38,0,0,0,40,0,1,42,44,52,57,71,0,70,68,73,66,66,0,0,11,0,48,10,0,0,7,0,34,9,0,0,79,89,92
l44,4=0,0,0,0,0,0,0,0,0,0,12,0,0,0,57,0,44,2,46,63,59,66,44,69,80,86,70,65,0,0,0,0,0,47,0,0,15,0,43,0,0,0,79,89,93

l0,5=0,92,87,97,82,89,90,79,89,92,49,87,95,90,86,0,69,21,25,17,0,0,0,0,0,0,0,0,0,0,44,4,0,0,0,0,0,0,0,0,0,0,0,0,0
l1,5=83,0,87,97,81,90,91,77,92,86,81,79,95,90,63,0,72,23,0,30,53,0,0,0,0,0,0,0,0,0,41,37,0,0,0,0,0,0,0,0,48,0,0,0,0
l2,5=83,92,0,91,80,89,90,82,93,85,49,87,95,90,72,0,68,21,0,0,0,0,0,0,0,0,18,0,0,0,31,47,0,0,0,0,0,0,0,0,0,0,0,0,0
l3,5=94,93,87,0,88,91,91,83,89,39,7,87,81,90,64,0,79,38,36,0,0,0,0,0,0,0,0,0,0,0,41,63,0,0,0,0,0,0,0,0,0,0,0,0,0
l4,5=87,92,87,97,0,92,90,83,89,80,42,80,95,85,0,0,70,39,49,40,0,0,0,0,0,0,0,0,0,0,39,67,0,0,0,0,0,0,0,0,0,0,0,0,0
l5,5=82,92,87,91,88,0,90,83,73,93,86,87,91,86,69,0,62,37,28,32,61,0,0,0,0,0,0,0,0,0,78,46,0,0,0,0,0,0,0,0,4,0,0,0,0
l6,5=84,93,87,91,80,88,0,83,89,93,79,75,95,89,81,0,80,23,82,39,0,0,0,0,30,61,10,0,0,0,35,60,0,0,0,0,0,0,0,0,0,0,0,0,0
l7,5=58,84,87,90,77,86,90,0,93,94,75,88,93,90,81,0,72,14,84,72,0,0,0,0,0,60,53,22,0,0,0,0,0,0,0,0,0,0,0,0,0,0,0,0,0
l8,5=85,93,90,82,71,57,91,87,0,96,79,88,95,91,81,0,72,28,67,70,60,0,32,49,34,63,58,26,0,0,4,5,0,0,0,0,0,0,0,0,0,0,0,1,0
l9,5=70,83,76,42,43,85,87,83,90,0,86,87,92,91,81,0,72,27,83,27,63,26,0,0,61,66,50,28,0,0,26,0,0,0,0,0,0,0,0,0,0,0,0,18,0
l10,5=15,31,48,0,17,35,47,36,52,55,0,84,95,90,89,0,82,24,29,35,79,52,27,43,63,71,64,27,0,0,30,35,0,0,0,0,0,0,0,0,0,8,24,18,0
l11,5=58,46,75,78,39,77,49,82,89,93,79,0,95,90,0,0,72,20,43,34,68,0,0,48,62,39,46,38,0,0,4,37,0,0,0,0,0,0,0,0,0,0,0,4,0
l12,5=45,86,84,35,43,42,87,83,89,91,87,88,0,91,87,0,81,24,50,34,81,38,23,13,67,68,65,34,0,0,22,0,0,0,0,0,0,0,0,0,12,0,23,18,0
l13,5=68,85,79,78,65,76,78,79,87,94,86,88,95,0,83,0,71,64,51,48,79,52,0,47,67,71,43,37,0,0,43,42,0,0,0,0,0,0,0,0,0,0,0,20,0
l14,5=16,18,11,25,0,6,36,43,55,51,71,0,90,87,0,0,78,86,89,80,85,44,31,41,64,63,58,32,0,0,35,35,0,0,0,0,0,0,0,36,45,17,25,24,25
l15,5=16,24,10,37,18,6,49,41,51,41,84,80,91,60,87,0,0,55,87,50,84,64,25,49,64,67,66,28,0,0,30,44,0,0,0,0,0,0,0,0,51,0,6,20,11
l16,5=2,24,11,29,15,6,9,25,44,41,49,40,88,82,87,0,78,0,30,45,85,2,0,52,73,39,72,13,0,0,52,75,2,25,0,1,0,0,25,52,84,43,5,7,7
l17,5=13,0,0,5,13,20,41,39,41,48,42,64,77,53,90,0,78,31,0,47,85,44,24,43,57,69,59,0,0,0,45,37,0,0,0,0,0,0,0,0,46,8,25,28,21
l18,5=1,17,0,0,7,4,6,59,69,10,66,47,70,54,86,0,63,84,68,0,86,67,58,62,74,76,68,67,0,0,65,66,7,32,0,46,15,0,60,34,55,4,76,67,60
l19,5=0,10,0,0,0,20,0,0,45,39,47,58,79,63,87,0,78,87,87,91,0,57,0,54,74,69,56,37,0,0,40,47,0,18,0,0,0,0,16,37,48,46,27,28,31
l20,5=0,0,0,0,0,0,0,0,0,3,16,0,17,18,34,0,49,7,34,65,34,0,76,79,67,76,71,77,0,0,0,0,51,54,0,2,29,36,49,26,20,30,53,56,52
l21,5=0,0,0,0,0,0,0,0,38,0,10,0,24,0,46,0,42,0,33,64,0,83,0,36,62,84,73,76,0,0,0,0,24,0,0,21,0,0,7,0,0,0,66,47,48
l22,5=0,0,0,0,0,0,0,0,57,0,39,46,10,27,36,0,52,50,43,71,50,70,25,0,73,85,82,77,0,0,12,0,23,63,0,45,56,48,39,37,43,13,72,68,45
l23,5=0,0,0,0,0,0,0,0,12,20,27,26,57,27,52,0,50,61,35,77,65,68,50,82,0,88,83,67,0,0,11,2,20,21,0,47,21,1,0,61,26,48,76,65,62
l24,5=0,0,0,0,0,1,20,53,43,42,66,31,46,26,44,0,56,46,70,75,64,69,66,80,77,0,76,69,0,0,4,33,13,41,0,28,13,0,3,40,0,0,75,67,64
l25,5=0,0,0,0,0,0,1,25,36,22,42,28,63,22,49,0,52,65,59,73,29,68,57,82,77,75,0,66,0,0,8,1,55,60,0,32,25,33,51,28,12,38,74,71,33
l26,5=0,0,0,0,0,0,0,17,25,16,11,27,29,24,29,0,32,10,0,72,57,82,66,82,67,77,63,0,0,0,1,1,30,55,0,31,33,0,30,13,24,32,58,44,39
l27,5=21,34,31,63,16,7,14,0,23,1,42,37,84,78,72,0,26,34,31,44,53,0,0,36,35,3,49,0,0,0,0,94,3,47,0,67,33,5,5,59,92,90,3,0,3
l28,5=0,8,41,44,15,6,11,0,1,0,37,56,0,54,69,0,47,89,22,45,85,0,0,0,25,29,0,0,0,0,97,0,4,50,0,64,39,6,5,71,92,88,3,7,0
l29,5=0,0,0,0,0,0,0,0,0,0,0,0,0,0,0,0,0,8,0,39,0,59,33,21,44,25,78,47,0,0,24,27,0,97,0,89,89,96,91,95,78,93,0,0,42
l30,5=0,0,0,0,0,0,0,0,0,0,0,0,0,0,0,0,0,0,0,10,7,57,0,72,24,28,76,64,0,0,66,63,89,0,0,89,89,96,91,95,95,94,5,9,23
l31,5=0,0,0,0,0,0,0,0,0,0,0,0,0,0,0,0,0,1,0,29,0,0,19,39,51,37,68,45,0,0,44,29,89,97,0,0,89,96,91,94,94,93,7,0,0
l32,5=0,0,0,0,0,0,0,0,0,0,0,0,0,0,0,0,0,0,0,24,0,58,0,50,37,0,44,42,0,0,34,48,89,97,0,89,0,96,89,95,94,92,0,0,0
l33,5=0,0,0,0,0,0,0,0,0,0,0,0,0,0,0,0,0,0,0,0,0,65,0,46,36,0,77,0,0,0,43,54,89,95,0,89,89,0,89,56,89,70,0,0,0
l34,5=0,0,0,0,0,0,0,0,0,0,0,0,0,0,23,0,12,27,11,65,32,62,1,36,11,17,69,57,0,0,31,16,89,97,0,89,79,74,0,95,95,94,0,5,0
l35,5=0,0,0,0,0,0,0,0,0,0,0,0,0,0,42,0,0,8,2,36,38,53,0,41,48,32,61,5,0,0,72,59,89,97,0,89,64,8,91,0,95,94,0,0,0
l36,5=0,17,0,0,0,0,0,0,0,0,0,0,13,0,38,0,25,29,18,42,36,50,0,40,40,0,24,37,0,0,97,92,27,97,0,84,60,50,87,95,0,94,0,0,0
l37,5=0,0,0,0,0,1,0,0,0,0,32,0,0,0,38,0,13,7,14,27,42,60,0,36,44,0,71,34,0,0,95,35,35,97,0,89,44,9,91,95,95,0,0,0,0
l38,5=0,0,0,0,0,0,0,0,0,0,8,0,10,0,27,0,26,7,36,41,28,24,18,54,65,52,41,33,0,0,0,0,0,28,0,12,0,0,0,0,0,0,0,70,64
l39,5=0,0,0,0,0,0,0,0,0,13,8,0,18,17,57,0,56,7,65,68,60,64,16,61,64,67,68,54,0,0,0,14,0,20,0,0,0,0,4,0,0,0,76,0,65
l40,5=0,0,0,0,0,0,0,0,0,0,0,0,0,0,45,0,23,1,11,53,33,38,17,36,63,61,30,45,0,0,0,0,21,24,0,0,0,0,0,0,0,0,77,75,0
l41,5=0,0,0,0,0,0,0,0,0,19,4,19,59,12,62,0,54,67,68,69,62,0,26,63,71,68,70,32,0,0,2,18,5,0,0,0,0,0,0,18,35,0,78,73,54
l42,5=0,0,0,0,0,0,0,0,0,0,6,0,0,0,46,0,0,16,39,70,42,60,16,72,70,74,68,67,0,0,0,0,10,12,0,22,20,0,0,0,18,0,78,75,65
l43,5=0,0,0,0,0,0,0,0,0,0,12,0,0,0,21,0,0,15,35,32,27,25,0,63,61,58,63,64,0,0,0,0,21,0,0,17,0,0,23,8,0,0,77,72,64
l44,5=0,0,0,0,0,0,0,0,0,0,9,2,0,0,25,0,25,25,26,63,22,55,17,41,66,73,68,37,0,0,0,0,19,30,0,0,0,0,10,0,0,0,76,70,64

l0,6=0,95,64,91,91,92,72,79,72,71,64,83,78,63,56,0,49,58,0,22,1,0,0,0,0,0,0,0,0,0,69,19,0,0,0,0,0,0,0,0,0,0,0,0,0
l1,6=93,0,72,88,93,93,80,85,81,71,64,81,85,66,0,0,54,43,55,55,0,0,0,0,0,0,0,0,0,0,70,0,0,0,0,0,0,0,0,0,0,1,0,0,0
l2,6=93,95,0,91,75,94,80,86,82,70,53,77,85,66,26,0,48,46,36,55,0,0,0,0,0,42,0,0,0,0,20,31,0,0,0,0,0,0,0,0,0,0,0,0,0
l3,6=94,95,72,0,93,94,68,78,81,78,52,88,62,63,28,0,52,57,50,0,0,0,0,0,0,0,0,0,0,0,71,1,0,0,0,0,0,0,0,0,0,0,0,0,0
l4,6=94,95,55,91,0,94,80,80,73,77,43,88,82,56,0,0,43,0,50,44,0,0,0,0,0,0,0,0,0,0,0,52,0,0,0,0,0,0,0,0,0,0,0,0,0
l5,6=91,95,68,87,93,0,79,76,75,71,70,84,70,60,32,0,55,34,60,41,26,0,0,0,5,0,0,0,0,0,71,54,0,0,0,0,0,0,0,15,0,0,0,0,0
l6,6=93,95,72,71,87,92,0,85,73,83,69,62,85,46,45,0,49,32,48,32,45,27,0,0,0,40,0,0,0,0,48,32,0,0,0,0,0,0,0,0,0,0,0,0,0
l7,6=86,94,62,59,78,69,76,0,82,86,58,94,75,67,49,0,55,39,52,59,29,0,0,0,0,60,44,0,0,0,0,0,0,0,0,0,0,0,0,0,0,0,0,0,0
l8,6=89,92,73,80,84,88,68,87,0,84,58,94,86,67,59,0,56,35,41,61,0,39,36,35,29,59,44,40,0,0,0,0,0,0,0,0,0,0,0,0,0,0,0,0,0
l9,6=84,90,57,76,82,87,80,87,82,0,73,94,86,70,63,0,52,47,71,37,50,0,31,12,33,55,39,26,0,0,47,0,0,0,0,0,0,0,0,0,0,0,21,0,0
l10,6=33,41,20,30,41,67,38,52,59,70,0,85,85,63,68,0,67,57,63,62,66,43,23,36,40,52,54,22,0,0,45,38,0,0,0,0,0,0,0,0,0,23,41,30,0
l11,6=83,73,53,72,77,82,46,82,77,77,72,0,86,63,59,0,59,44,73,64,42,40,10,47,62,49,37,44,0,0,40,0,0,0,0,0,0,0,0,0,0,0,0,21,0
l12,6=61,88,62,47,80,45,72,73,82,80,81,94,0,70,66,0,62,48,75,68,64,0,0,24,40,52,52,27,0,0,0,36,0,0,0,0,0,0,0,0,0,0,42,28,0
l13,6=90,87,60,66,65,87,49,86,82,86,81,94,86,0,67,0,57,47,71,62,47,22,0,53,52,60,41,47,0,0,53,31,0,0,0,0,0,0,0,0,0,0,7,14,0
l14,6=7,0,6,18,15,33,23,46,60,65,76,74,56,36,0,0,61,77,81,73,69,45,47,28,40,41,0,33,0,0,72,42,0,0,0,0,0,0,18,0,8,0,48,35,40
l15,6=19,33,30,44,34,35,26,48,56,54,78,72,73,31,58,0,0,55,69,63,64,52,48,38,40,30,52,62,0,0,50,41,0,0,0,0,0,0,22,4,27,0,46,35,8
l16,6=7,5,10,34,0,28,15,32,56,52,64,42,32,22,43,0,53,0,71,72,72,19,0,8,40,31,57,8,0,0,83,68,12,0,0,0,0,0,24,2,45,35,56,26,5
l17,6=0,28,2,4,35,31,16,38,29,60,63,72,71,34,75,0,54,64,0,63,65,50,31,38,40,51,52,62,0,0,70,46,0,0,0,0,0,0,8,0,9,0,53,51,25
l18,6=0,19,12,0,17,17,1,50,47,13,48,50,51,35,63,0,42,62,51,0,71,57,50,61,68,72,54,66,0,0,1,40,56,11,0,17,10,0,52,28,42,0,62,74,55
l19,6=3,1,0,0,0,31,21,31,0,45,57,51,52,20,67,0,52,76,71,79,0,50,50,40,71,69,43,63,0,0,53,50,0,17,0,0,0,0,33,30,27,42,45,65,27
l20,6=0,0,0,0,0,0,8,0,18,0,18,27,0,5,18,0,34,12,36,65,43,0,72,74,69,71,50,78,0,0,3,0,59,48,0,16,36,14,51,20,5,23,63,34,43
l21,6=0,0,0,0,0,0,0,0,24,22,23,21,0,0,35,0,32,0,21,67,31,76,0,64,61,61,45,77,0,0,0,0,28,27,0,0,0,0,26,0,0,0,58,47,42
l22,6=0,0,0,0,0,0,0,0,14,0,20,25,18,6,19,0,35,21,34,62,23,74,45,0,74,77,63,78,0,0,0,6,0,59,0,40,57,34,53,11,6,35,67,54,39
l23,6=0,0,0,0,0,0,0,0,14,23,34,39,45,11,41,0,36,42,31,64,61,61,42,85,0,79,64,72,0,0,26,22,28,34,0,41,17,0,35,23,9,27,66,73,38
l24,6=0,0,9,0,0,0,8,45,34,23,53,23,34,14,13,0,15,26,47,68,58,61,46,86,76,0,64,76,0,0,0,19,0,47,0,17,19,2,14,6,2,42,53,73,70
l25,6=0,0,0,0,0,0,0,24,28,21,40,22,37,6,0,0,35,35,38,64,20,57,32,87,76,79,0,63,0,0,0,0,53,40,0,41,20,25,26,19,6,31,66,77,35
l26,6=0,0,0,0,0,0,0,0,18,8,13,18,21,6,18,0,20,13,20,70,55,75,66,83,69,71,54,0,0,0,0,0,52,57,0,18,39,22,52,22,5,26,71,35,36
l27,6=7,5,2,35,0,28,18,0,0,49,32,34,25,8,24,0,40,74,71,50,65,0,0,0,8,0,0,0,0,0,0,75,43,25,0,18,36,32,47,43,52,72,37,0,1
l28,6=0,0,7,0,42,67,21,4,0,0,54,3,45,14,24,0,54,81,68,72,67,0,0,14,35,47,0,0,0,0,85,0,72,76,0,21,39,60,51,50,70,72,39,0,0
l29,6=0,0,0,0,0,0,0,0,0,0,0,0,0,0,0,0,0,12,0,40,0,68,35,0,44,0,52,71,0,0,38,49,0,86,0,86,79,82,88,90,53,70,0,0,0
l30,6=0,0,0,0,0,0,0,0,0,0,0,0,0,0,0,0,3,0,0,42,25,63,30,71,65,68,51,70,0,0,46,54,88,0,0,81,76,75,86,68,78,84,43,19,18
l31,6=0,0,0,0,0,0,0,0,0,0,0,0,0,0,0,0,0,31,0,40,0,46,0,50,65,44,50,59,0,0,34,40,88,86,0,0,79,84,88,87,77,88,0,0,0
l32,6=0,0,0,0,0,0,0,0,0,0,0,0,0,0,0,0,0,5,0,25,0,60,0,58,43,41,43,70,0,0,41,39,88,82,0,86,0,81,84,80,73,63,40,0,0
l33,6=0,0,0,0,0,0,0,0,0,0,0,0,0,0,0,0,0,0,0,0,0,6,0,52,0,0,47,61,0,0,19,38,85,80,0,86,76,0,84,67,69,80,0,0,0
l34,6=0,0,0,0,0,9,0,0,0,0,0,0,0,0,13,0,27,46,18,68,56,64,45,72,68,50,51,73,0,0,65,55,88,86,0,84,77,80,0,90,80,89,32,34,0
l35,6=0,0,0,0,0,12,0,0,0,0,0,0,0,0,0,0,27,26,0,61,58,56,0,30,40,16,41,45,0,0,48,63,88,81,0,81,46,58,88,0,80,89,43,14,0
l36,6=0,0,0,0,0,0,0,0,0,0,0,0,0,0,4,0,33,80,31,72,55,51,0,39,42,14,39,42,0,0,86,77,85,86,0,55,46,65,88,90,0,89,0,0,0
l37,6=0,1,0,0,0,0,0,0,0,0,40,0,0,0,0,0,0,49,0,0,51,52,0,43,39,56,47,42,0,0,85,76,88,86,0,85,40,78,88,90,80,0,29,0,0
l38,6=0,0,0,0,0,0,0,0,0,0,12,0,12,0,7,0,13,15,11,34,5,24,10,37,51,25,34,52,0,0,1,1,0,4,0,0,8,0,5,5,0,0,0,77,70
l39,6=0,0,0,0,0,0,0,0,0,0,13,8,12,3,31,0,26,31,40,54,48,26,8,49,64,55,55,21,0,0,0,0,0,6,0,0,0,0,12,2,0,0,73,0,70
l40,6=0,0,0,0,0,0,0,0,0,0,0,0,0,0,27,0,10,17,17,43,13,26,16,39,30,58,27,21,0,0,0,0,0,10,0,0,0,0,0,0,0,0,72,75,0
l41,6=0,0,0,0,0,0,0,0,8,0,0,14,41,6,51,0,28,31,52,64,62,42,14,63,72,70,53,48,0,0,27,23,0,0,0,0,0,0,13,0,6,19,73,80,70
l42,6=0,0,0,0,0,0,0,0,0,0,16,0,0,0,20,0,0,18,18,62,27,23,1,61,53,67,53,65,0,0,0,0,19,9,0,17,15,9,21,0,4,0,75,78,61
l43,6=0,0,0,0,0,0,0,0,0,0,7,0,0,0,15,0,0,13,15,26,21,20,0,62,50,62,40,59,0,0,0,0,16,23,0,17,0,0,24,0,0,0,74,71,70
l44,6=0,0,0,0,0,0,0,0,0,0,0,0,14,0,16,0,15,18,1,28,0,23,22,51,67,62,48,54,0,0,0,0,0,9,0,0,0,0,9,0,1,0,73,79,70

l0,7=0,98,94,94,96,96,97,88,83,86,59,59,98,87,35,0,71,71,35,0,0,0,0,0,0,0,0,0,0,0,6,30,0,0,0,0,0,0,0,0,0,0,0,0,0
l1,7=92,0,94,94,96,96,97,86,85,89,53,80,97,84,42,0,75,1,65,19,0,0,0,0,0,0,0,0,0,0,64,0,0,0,0,0,0,0,0,0,0,4,0,0,0
l2,7=92,98,0,94,96,96,97,94,85,83,37,84,93,87,49,0,72,65,56,18,9,4,0,0,0,0,0,0,0,0,53,0,0,0,0,0,0,0,0,0,0,0,0,0,0
l3,7=92,98,94,0,96,96,95,75,82,89,34,74,96,84,21,0,61,54,51,7,0,0,0,0,0,0,0,0,0,0,85,20,0,0,0,0,0,0,0,0,4,0,0,0,0
l4,7=91,98,92,95,0,96,92,81,82,86,76,88,89,82,25,0,54,48,0,35,0,0,0,0,0,0,0,0,0,0,77,41,0,0,0,0,0,0,0,0,0,0,0,0,0
l5,7=92,98,94,94,96,0,97,89,84,84,85,86,46,83,47,0,75,61,67,30,5,0,0,0,1,0,0,0,0,0,68,26,0,0,0,0,0,0,0,0,0,2,0,0,0
l6,7=92,98,94,93,90,96,0,95,85,90,85,80,92,86,54,0,64,66,59,0,33,0,0,9,0,55,0,0,0,0,48,9,0,0,0,0,0,0,0,0,0,0,0,0,0
l7,7=78,89,83,75,77,91,97,0,85,90,78,90,90,87,61,0,71,63,0,62,63,40,30,0,59,73,54,63,0,0,0,0,0,0,0,0,0,0,0,0,0,0,0,0,0
l8,7=84,94,88,88,90,93,93,95,0,87,87,87,93,85,55,0,75,18,55,61,51,74,57,53,50,41,59,37,0,0,0,24,0,0,0,0,0,0,0,0,0,0,0,0,0
l9,7=69,94,82,89,91,72,97,95,85,0,70,90,98,87,56,0,66,0,66,28,40,49,0,41,0,61,57,0,0,0,42,20,0,0,0,0,0,0,0,0,0,0,0,46,0
l10,7=58,24,22,15,57,77,58,53,74,47,0,53,93,84,77,0,76,68,72,20,26,39,45,65,60,75,60,0,0,0,24,27,0,0,0,0,0,0,0,0,0,1,43,44,0
l11,7=77,56,81,39,91,93,58,90,81,87,87,0,98,85,68,0,75,30,72,40,0,37,0,54,63,32,55,63,0,0,1,12,0,0,0,0,0,0,0,0,0,0,0,49,0
l12,7=84,93,61,61,79,27,33,50,81,87,87,90,0,87,76,0,76,43,70,22,7,0,52,13,71,83,67,24,0,0,27,21,0,0,0,0,0,0,0,0,0,0,25,41,0
l13,7=89,93,88,85,91,93,92,90,81,87,87,90,98,0,73,0,60,52,70,70,67,3,49,61,60,63,0,17,0,0,35,0,0,0,0,0,0,0,0,0,0,0,0,0,0
l14,7=4,14,18,0,12,18,23,25,40,41,87,52,57,70,0,0,81,79,76,77,26,54,13,58,65,71,69,66,0,0,62,25,0,0,0,0,0,0,18,0,3,0,49,54,0
l15,7=25,24,23,10,11,23,18,27,47,16,87,51,61,13,81,0,0,68,70,22,26,44,43,34,65,46,50,21,0,0,11,21,0,0,0,0,0,0,0,0,3,0,39,48,1
l16,7=59,0,23,25,30,43,22,19,1,0,43,29,41,50,81,0,72,0,74,28,51,13,0,48,64,71,57,1,0,0,73,89,0,17,0,0,10,7,56,4,27,19,55,54,2
l17,7=14,16,21,8,0,32,23,0,18,17,81,55,57,71,81,0,75,79,0,25,28,40,2,39,56,84,46,37,0,0,54,27,0,0,0,0,0,0,6,0,4,32,43,55,14
l18,7=0,15,16,0,19,17,0,32,55,28,47,35,31,44,77,0,62,56,54,0,71,76,55,25,70,70,77,75,0,0,41,31,17,0,0,0,0,0,53,3,24,30,49,56,4
l19,7=0,0,11,0,0,22,17,16,32,31,57,0,32,44,73,0,77,75,73,75,0,44,22,64,76,79,72,65,0,0,40,22,0,8,0,0,0,0,19,4,12,0,51,46,4
l20,7=0,0,0,0,0,0,0,11,35,15,16,17,4,3,56,0,52,9,37,68,27,0,76,81,71,83,59,83,0,0,0,0,69,60,0,10,36,0,67,2,0,2,53,47,51
l21,7=0,0,0,0,0,0,0,19,59,0,37,0,51,34,15,0,62,0,5,59,32,88,0,67,66,77,72,81,0,0,0,0,33,0,0,0,0,0,59,3,0,0,61,46,49
l22,7=0,0,0,0,0,0,0,0,25,9,47,37,11,24,36,0,47,12,48,31,55,83,65,0,74,83,81,82,0,0,0,0,20,73,0,41,67,36,69,8,33,32,66,55,17
l23,7=0,0,0,0,0,0,0,11,16,0,26,27,34,18,48,0,54,33,45,63,63,80,53,81,0,89,82,81,0,0,4,3,9,53,0,49,1,0,29,8,17,15,61,63,58
l24,7=0,0,0,0,0,0,6,60,14,13,44,26,61,21,59,0,52,27,57,63,60,83,42,81,76,0,82,81,0,0,11,0,0,30,0,12,17,0,3,23,12,41,65,58,62
l25,7=0,0,0,0,0,0,0,19,30,22,44,36,51,0,61,0,59,23,54,66,56,28,19,83,76,89,0,71,0,0,1,9,55,40,0,52,39,28,46,30,40,24,67,67,59
l26,7=0,0,0,0,0,0,0,24,20,0,0,37,14,10,32,0,31,4,48,66,53,86,69,80,71,83,78,0,0,0,7,0,55,60,0,23,64,28,70,31,19,17,66,16,29
l27,7=0,19,24,17,45,38,20,0,0,22,15,0,22,38,79,0,10,81,72,26,30,0,0,0,40,48,2,7,0,0,0,89,10,11,0,30,56,52,46,7,29,73,11,10,0
l28,7=25,0,0,6,42,35,20,0,35,27,42,20,29,0,71,0,68,82,72,24,24,0,0,0,38,0,33,0,0,0,96,0,28,22,0,41,59,58,25,28,23,67,0,0,0
l29,7=0,0,0,0,0,0,0,0,0,0,0,0,0,0,0,0,0,0,0,23,0,50,29,38,24,0,72,75,0,0,2,45,0,88,0,81,91,90,88,90,76,79,31,23,0
l30,7=0,0,0,0,0,0,0,0,0,0,0,0,0,0,0,0,0,33,0,0,3,30,0,65,62,38,63,74,0,0,62,67,87,0,0,77,84,87,86,65,89,83,0,0,3
l31,7=0,0,0,0,0,0,0,0,0,0,0,0,0,0,0,0,0,29,0,3,0,20,0,38,68,36,71,74,0,0,39,21,87,88,0,0,91,97,87,36,82,61,0,0,0
l32,7=0,0,0,0,0,0,0,0,0,0,0,0,0,0,0,0,0,28,0,0,0,40,0,63,4,32,53,74,0,0,53,51,87,88,0,81,0,97,83,77,47,39,0,0,0
l33,7=0,0,0,0,0,0,0,0,0,0,0,0,0,0,0,0,0,0,0,0,0,0,0,36,0,0,53,74,0,0,29,32,84,83,0,81,91,0,82,57,52,42,29,0,0
l34,7=0,0,0,0,0,0,0,0,0,0,0,0,0,0,36,0,0,61,32,64,9,83,34,45,46,0,52,79,0,0,82,17,87,88,0,80,91,96,0,90,89,89,49,14,0
l35,7=0,0,0,0,0,1,0,0,0,0,0,0,0,0,9,0,23,41,0,18,13,8,0,35,44,50,50,73,0,0,80,71,87,51,0,69,86,82,89,0,89,89,41,0,0
l36,7=0,0,0,2,0,0,0,0,0,0,0,0,5,0,45,0,64,82,52,71,20,0,0,40,48,45,51,71,0,0,96,65,34,88,0,79,83,76,89,90,0,89,0,1,0
l37,7=0,13,0,0,0,3,0,0,0,0,0,0,0,0,4,0,0,36,51,53,0,50,0,39,48,49,51,69,0,0,86,62,55,88,0,71,79,71,89,90,89,0,0,0,0
l38,7=0,0,0,0,0,0,0,0,0,0,2,1,10,0,9,0,17,12,17,20,8,18,17,64,65,72,73,71,0,0,0,0,4,0,0,0,0,12,12,1,0,0,0,67,69
l39,7=0,0,0,0,0,0,0,0,0,0,7,26,15,0,35,0,30,24,45,59,12,49,12,53,67,70,80,8,0,0,0,0,7,0,0,0,0,0,20,0,0,0,69,0,56
l40,7=0,0,0,0,0,0,0,0,0,0,0,0,0,0,0,0,6,3,19,5,0,35,12,18,59,63,63,25,0,0,3,0,0,7,0,0,0,0,0,0,0,0,66,58,0
l41,7=0,0,0,0,0,0,0,3,3,0,13,0,53,0,63,0,53,15,50,61,61,58,11,51,76,78,75,58,0,0,0,16,7,0,0,0,0,0,17,0,0,5,63,68,57
l42,7=0,0,0,0,0,0,0,0,0,0,0,0,0,0,31,0,23,12,12,43,25,61,18,32,58,83,79,62,0,0,0,0,6,22,0,0,6,4,1,0,0,0,67,65,47
l43,7=0,0,0,0,0,0,0,0,0,0,1,0,12,0,0,0,18,2,17,28,17,39,0,28,66,77,78,44,0,0,0,0,14,0,0,13,0,0,22,15,10,0,67,59,59
l44,7=0,0,0,0,0,0,0,0,0,0,0,0,7,0,18,0,23,12,10,33,14,34,28,71,68,81,75,61,0,0,0,0,6,22,0,0,0,0,14,0,0,0,67,62,63

l0,8=0,100,98,100,100,100,96,98,55,97,2,98,99,95,45,0,64,80,24,0,0,0,0,0,0,0,0,0,0,0,98,0,0,0,0,0,0,0,0,0,0,0,0,0,0
l1,8=100,0,98,100,100,100,94,99,98,97,97,98,99,87,89,0,95,12,86,94,0,0,0,0,0,0,0,0,0,0,94,0,0,0,0,0,0,0,0,0,34,0,0,0,0
l2,8=100,100,0,100,100,100,96,0,98,97,89,98,0,97,1,0,60,77,52,82,86,0,0,0,0,0,0,0,0,0,95,0,0,0,0,0,0,0,0,0,0,0,0,52,0
l3,8=100,100,98,0,100,100,95,99,98,96,95,94,99,95,0,0,47,72,43,60,0,0,0,0,0,0,0,0,0,0,94,85,0,0,0,0,0,0,0,0,0,0,0,0,0
l4,8=100,100,98,100,0,100,95,99,98,97,88,98,0,95,0,0,0,77,82,96,0,0,0,0,0,0,0,0,0,0,88,74,0,0,0,0,0,0,0,0,0,0,0,0,0
l5,8=100,100,98,100,100,0,96,99,98,98,94,98,97,98,32,0,94,0,13,83,81,0,0,0,0,0,0,0,0,0,96,87,0,0,0,0,0,0,0,0,0,0,0,0,0
l6,8=100,100,98,100,100,100,0,99,98,98,97,98,99,95,96,0,61,75,91,0,94,0,0,0,0,36,0,0,0,0,92,0,0,0,0,0,0,0,0,0,0,0,0,0,0
l7,8=94,100,94,99,96,100,95,0,98,98,97,98,99,98,91,0,99,94,90,96,94,71,0,81,87,74,85,0,0,0,0,0,0,0,0,0,0,0,0,0,0,0,0,0,0
l8,8=91,100,99,96,94,100,88,99,0,98,96,98,99,96,90,0,95,70,92,96,94,79,1,86,80,0,71,84,0,0,0,53,0,0,0,0,0,0,0,0,0,0,40,33,0
l9,8=93,100,87,70,96,94,96,99,98,0,97,98,99,98,91,0,99,0,36,95,95,75,0,91,57,42,55,0,0,0,1,0,0,0,0,0,0,0,0,0,0,0,0,74,0
l10,8=3,82,43,54,83,88,83,55,53,85,0,94,99,93,93,0,99,55,96,89,94,79,38,92,66,42,56,0,0,0,0,87,0,0,0,0,0,0,0,0,0,0,39,76,0
l11,8=94,92,55,53,92,95,90,99,98,93,94,0,99,98,91,0,95,72,94,91,47,35,0,54,68,24,53,83,0,0,87,0,0,0,0,0,0,0,0,0,0,0,51,0,0
l12,8=94,95,0,91,0,93,83,91,98,98,99,98,0,98,91,0,99,76,97,96,95,14,51,0,56,48,56,85,0,0,17,61,0,0,0,0,0,0,0,0,0,0,71,15,0
l13,8=94,80,98,95,94,100,90,99,95,98,98,98,99,0,91,0,95,85,94,94,94,79,76,91,68,45,0,87,0,0,79,85,0,0,0,0,0,0,0,0,47,0,0,0,0
l14,8=36,47,0,0,0,27,82,54,30,83,99,94,99,89,0,0,63,81,99,99,100,83,29,93,71,47,57,77,0,0,96,94,0,0,0,0,0,0,0,0,14,13,52,78,64
l15,8=81,63,36,10,19,97,57,99,97,97,99,98,99,97,96,0,0,97,99,98,98,89,0,57,90,81,57,91,0,0,45,91,0,0,0,0,0,0,29,37,54,0,71,79,32
l16,8=81,0,18,14,73,0,30,31,15,0,40,55,62,60,58,0,63,0,99,99,100,9,0,0,73,51,39,0,0,0,100,97,0,27,0,0,13,0,57,92,63,36,62,73,0
l17,8=4,40,1,4,40,28,52,41,25,0,98,98,99,87,96,0,70,82,0,98,100,68,47,54,69,48,56,88,0,0,94,24,0,0,0,0,0,0,0,46,20,13,66,76,23
l18,8=0,31,2,8,41,49,0,56,51,49,33,75,91,69,96,0,57,99,95,0,100,89,85,98,95,51,95,96,0,0,89,81,27,27,0,7,0,0,83,18,35,55,73,78,50
l19,8=0,0,19,0,0,75,59,50,48,80,86,46,92,77,96,0,96,99,99,99,0,86,1,96,93,53,79,89,0,0,97,15,0,46,0,0,0,0,60,77,56,26,72,83,44
l20,8=0,0,0,0,0,0,0,42,56,27,55,39,23,63,59,0,76,28,64,94,59,0,92,98,87,82,77,96,0,0,0,0,58,55,0,27,0,0,74,64,0,59,45,65,59
l21,8=0,0,0,0,0,0,0,0,12,0,53,8,46,61,56,0,0,0,62,85,0,92,0,97,88,77,78,92,0,0,0,0,60,53,0,0,48,0,65,41,0,0,70,69,56
l22,8=0,0,0,0,0,0,0,17,24,23,53,29,0,36,47,0,40,0,32,84,65,88,69,0,95,78,95,95,0,0,0,4,16,71,0,51,26,51,83,33,0,30,59,75,52
l23,8=0,0,0,0,0,0,0,28,17,3,55,66,36,51,61,0,72,66,61,88,75,87,64,98,0,87,96,93,0,0,30,0,62,61,0,50,11,22,68,68,54,35,55,81,84
l24,8=0,0,0,0,0,1,22,63,0,46,46,29,46,58,76,0,70,67,73,84,61,88,63,95,95,0,96,90,0,0,48,10,36,0,0,15,31,30,60,29,53,51,85,75,1
l25,8=0,0,0,0,0,0,0,42,14,49,61,58,46,0,51,0,64,60,57,84,59,63,37,98,95,87,0,73,0,0,18,23,53,59,0,49,49,57,43,0,42,48,56,83,62
l26,8=0,0,0,0,0,0,0,5,26,0,0,38,20,26,24,0,66,0,56,87,57,91,73,98,90,79,75,0,0,0,17,0,30,63,0,27,54,23,78,33,11,26,72,67,28
l27,8=94,55,20,19,82,95,50,0,0,0,8,48,18,52,58,0,21,98,98,99,97,0,0,0,43,17,19,17,0,0,0,97,71,90,0,36,20,50,97,92,63,63,31,43,12
l28,8=0,0,0,54,77,98,22,0,39,0,59,0,91,87,88,0,62,99,77,98,28,0,0,11,11,12,51,0,0,0,100,0,91,88,0,36,34,0,88,98,99,41,29,66,0
l29,8=0,0,0,0,0,0,0,0,0,0,0,0,0,0,0,0,0,7,0,53,0,85,37,45,92,50,93,93,0,0,42,86,0,100,0,100,99,100,100,100,99,100,47,59,0
l30,8=0,0,0,0,0,0,0,0,0,0,0,0,0,0,0,0,11,33,0,57,30,64,36,96,90,0,95,94,0,0,97,86,100,0,0,98,99,100,99,100,100,100,0,0,0
l31,8=0,0,0,0,0,0,0,0,0,0,0,0,0,0,0,0,0,1,0,52,0,47,0,92,90,23,77,67,0,0,80,35,100,100,0,0,99,100,100,92,100,100,0,30,0
l32,8=0,0,0,0,0,0,0,0,0,0,0,0,0,0,0,0,0,46,0,0,0,0,48,81,61,50,74,95,0,0,78,83,100,100,0,100,0,100,100,84,99,100,0,42,0
l33,8=0,0,0,0,0,0,0,0,0,0,0,0,0,0,0,0,0,0,0,0,0,0,0,83,51,44,51,58,0,0,69,0,100,100,0,100,99,0,95,99,95,51,0,0,0
l34,8=0,0,0,0,0,0,0,0,0,0,0,0,0,0,0,0,31,65,0,99,48,60,55,98,62,50,55,92,0,0,65,53,100,100,0,100,99,100,0,100,100,100,11,65,0
l35,8=0,0,0,0,0,0,0,0,0,0,0,0,0,0,0,0,53,97,72,74,56,53,21,78,61,48,0,83,0,0,64,59,100,100,0,94,57,100,100,0,100,100,0,0,0
l36,8=0,9,0,0,0,0,0,0,0,0,0,0,0,74,42,0,87,99,90,98,62,0,0,0,60,80,58,58,0,0,64,59,94,100,0,95,60,63,100,100,0,100,0,0,0
l37,8=0,0,0,0,0,0,0,0,0,0,0,0,0,0,48,0,0,80,80,98,36,46,0,77,48,49,57,79,0,0,99,51,95,100,0,95,61,53,100,100,100,0,14,0,0
l38,8=0,0,0,0,0,0,0,0,2,0,5,15,17,0,23,0,25,39,37,53,29,23,24,65,60,62,75,67,0,0,6,7,34,0,0,0,0,4,3,0,0,0,0,83,84
l39,8=0,0,0,0,0,0,0,0,0,7,37,0,1,0,21,0,34,25,45,54,54,44,28,77,92,59,95,63,0,0,0,9,15,0,0,0,3,0,27,0,0,0,88,0,84
l40,8=0,0,0,0,0,0,0,0,0,0,0,0,0,0,39,0,22,0,22,48,11,53,6,60,84,0,72,38,0,0,0,0,0,0,0,0,0,0,0,0,0,0,86,78,0
l41,8=0,0,0,0,0,14,2,9,13,4,21,33,49,55,76,0,74,23,73,83,71,76,44,91,92,86,95,80,0,0,15,58,0,0,0,3,0,0,0,0,0,13,86,81,84
l42,8=0,0,0,0,0,0,0,0,0,0,0,0,0,0,28,0,24,0,22,74,44,82,17,69,64,85,94,86,0,0,0,0,0,0,0,0,0,5,19,0,0,0,86,83,57
l43,8=0,0,0,0,0,0,0,0,0,0,0,0,0,0,0,0,0,28,24,38,34,52,22,53,59,54,82,37,0,0,0,0,23,14,0,0,16,0,18,24,0,0,84,74,81
l44,8=0,0,0,0,0,0,0,0,0,0,0,0,0,0,39,0,16,23,37,55,22,51,42,83,78,63,71,56,0,0,0,0,19,20,0,8,0,0,0,0,0,0,78,81,64

l0,9=0,97,100,100,100,99,100,99,96,98,90,100,97,99,87,0,73,11,0,0,0,0,0,0,0,0,0,0,0,0,86,0,0,0,0,0,0,0,0,0,0,0,0,0,0
l1,9=100,0,100,100,100,97,100,93,96,98,97,100,97,100,67,0,81,91,0,2,0,0,0,0,0,69,0,0,0,0,0,55,0,0,0,0,0,0,0,0,0,0,0,0,0
l2,9=100,97,0,100,100,99,100,100,98,98,54,100,97,100,99,0,69,92,100,93,0,0,0,0,2,0,0,0,0,0,99,79,0,0,0,0,0,0,0,0,0,0,0,0,0
l3,9=100,98,100,0,100,99,100,99,96,59,59,100,97,100,0,0,83,84,85,79,0,0,0,0,0,0,0,0,0,0,87,86,0,0,0,0,0,0,0,0,2,0,0,0,0
l4,9=100,96,100,100,0,99,100,99,60,60,56,100,81,100,84,0,99,85,88,81,0,0,0,0,0,0,0,0,0,0,99,89,0,0,0,0,0,0,0,0,0,0,0,0,0
l5,9=100,97,100,100,100,0,100,96,96,60,3,100,80,100,95,0,95,91,2,83,63,0,0,0,0,69,0,0,0,0,95,4,0,0,0,0,0,0,0,0,54,0,0,0,0
l6,9=100,97,100,100,100,97,0,100,96,98,97,100,97,100,95,0,93,95,100,0,74,0,0,0,0,53,0,0,0,0,7,93,0,0,0,0,0,0,0,0,0,0,0,0,0
l7,9=100,97,100,100,99,97,100,0,98,98,97,100,97,100,96,0,99,94,0,100,72,81,0,0,91,97,85,77,0,0,0,0,0,0,0,0,0,0,0,0,0,0,0,48,0
l8,9=100,97,100,100,99,97,100,100,0,98,97,100,97,100,99,0,99,91,96,100,71,54,0,84,83,91,89,76,0,0,68,1,0,0,0,0,0,0,0,0,0,0,0,28,0
l9,9=100,97,100,99,100,99,100,96,98,0,97,100,99,100,99,0,100,87,99,100,87,30,0,41,84,80,83,77,0,0,76,0,0,0,0,0,0,0,0,0,0,0,0,0,0
l10,9=72,97,48,36,35,0,100,76,67,59,0,100,99,99,100,0,100,95,100,99,82,32,25,86,89,89,96,0,0,0,94,96,0,0,0,0,0,0,0,0,0,19,30,97,85
l11,9=100,97,100,61,99,98,100,98,98,98,97,0,98,100,99,0,100,95,100,100,64,0,0,79,87,40,90,93,0,0,18,4,0,0,0,0,0,0,0,0,0,0,0,86,9
l12,9=90,95,99,61,39,70,100,98,98,98,97,100,0,100,99,0,100,97,100,100,66,31,31,0,0,56,93,69,0,0,29,28,0,0,0,0,0,0,0,0,0,0,10,72,0
l13,9=82,97,100,99,100,97,100,98,97,98,97,100,99,0,99,0,100,94,100,97,83,43,0,83,91,93,92,62,0,0,89,90,0,0,0,0,0,0,0,0,42,0,0,0,0
l14,9=20,18,86,0,29,13,60,22,49,58,60,59,61,79,0,0,100,99,100,100,86,34,9,82,96,95,93,96,0,0,96,95,0,1,0,0,0,0,42,0,14,25,34,87,94
l15,9=30,56,1,35,38,44,63,71,51,59,96,100,99,81,100,0,0,99,100,100,78,34,30,86,93,85,90,90,0,0,47,96,1,0,0,0,0,0,56,0,8,0,9,0,51
l16,9=0,96,55,32,30,38,64,47,49,58,49,59,61,79,100,0,100,0,100,100,91,0,0,86,97,98,92,0,0,0,100,96,52,33,0,0,7,0,49,98,67,36,34,95,0
l17,9=0,0,59,20,31,0,36,0,49,58,61,92,61,81,100,0,100,99,0,100,100,32,31,84,94,97,94,92,0,0,90,58,0,0,0,0,0,0,0,54,8,7,12,97,55
l18,9=0,0,62,25,32,10,0,66,50,39,59,60,78,78,99,0,98,96,99,0,99,36,32,97,97,96,94,99,0,0,96,95,52,27,0,34,31,0,61,37,65,56,34,95,94
l19,9=0,0,0,0,0,28,95,38,28,57,59,59,57,79,100,0,98,99,100,100,0,35,0,91,96,96,94,99,0,0,96,95,0,0,0,0,0,0,59,40,65,25,34,95,57
l20,9=0,0,0,0,0,0,0,81,74,76,74,0,78,80,80,0,87,0,83,93,69,0,99,97,91,96,88,99,0,0,0,0,74,65,0,41,77,0,89,80,0,61,77,88,0
l21,9=0,0,0,0,0,0,0,8,0,0,82,0,97,6,94,0,87,0,98,99,3,100,0,97,96,96,93,99,0,0,0,0,0,74,0,0,79,0,78,40,0,0,95,96,93
l22,9=0,0,0,0,0,0,0,0,73,0,78,75,0,78,80,0,67,76,79,99,92,99,75,0,97,96,95,100,0,0,0,0,70,80,0,81,78,69,97,78,70,41,79,88,75
l23,9=0,0,0,0,0,0,0,51,36,28,40,76,0,79,94,0,88,87,93,99,90,87,89,98,0,98,97,99,0,0,64,0,60,38,0,47,27,39,93,65,43,52,95,96,95
l24,9=0,67,0,0,0,61,61,93,81,61,85,71,80,91,93,0,77,93,98,99,98,97,92,98,97,0,97,97,0,0,71,0,84,42,0,17,86,78,88,77,85,85,95,96,85
l25,9=0,0,0,0,0,0,0,37,45,30,88,76,87,65,92,0,62,70,90,97,91,86,53,97,97,98,0,95,0,0,0,71,87,80,0,51,91,70,90,56,65,0,95,96,95
l26,9=0,0,0,0,0,0,0,57,82,45,0,84,70,58,88,0,86,0,95,99,89,97,96,98,96,96,94,0,0,0,0,0,81,96,0,82,97,37,98,82,0,84,95,90,94
l27,9=27,0,85,31,38,56,0,0,21,3,58,0,53,75,98,0,98,99,100,100,85,0,0,0,91,65,0,0,0,0,0,100,46,60,0,53,62,59,60,99,67,38,0,4,0
l28,9=0,0,26,42,38,7,98,0,0,0,97,52,56,81,100,0,100,99,52,61,41,0,0,0,0,0,57,0,0,0,100,0,75,32,0,30,39,58,97,38,94,77,0,91,0
l29,9=0,0,0,0,0,0,0,0,0,0,0,0,0,0,0,0,0,90,0,78,0,52,0,82,96,92,94,99,0,0,60,98,0,100,0,100,100,100,100,99,94,98,50,90,0
l30,9=0,0,0,0,0,0,0,0,0,0,0,0,0,0,0,0,0,91,0,36,0,39,30,97,96,90,94,99,0,0,81,88,100,0,0,100,100,100,100,99,94,99,32,0,33
l31,9=0,0,0,0,0,0,0,0,0,0,0,0,0,0,0,0,0,0,0,58,0,78,0,91,89,74,87,71,0,0,75,89,100,100,0,0,100,100,100,87,94,93,32,0,1
l32,9=0,0,0,0,0,0,0,0,0,0,0,0,0,0,0,0,0,19,0,33,0,92,52,97,93,96,95,100,0,0,81,98,100,100,0,100,0,100,100,82,92,99,47,0,0
l33,9=0,0,0,0,0,0,0,0,0,0,0,0,0,0,0,0,0,0,0,0,0,0,0,73,88,88,53,0,0,0,68,88,100,100,0,100,100,0,100,99,94,99,0,0,0
l34,9=0,0,0,0,0,0,0,0,0,0,0,0,0,0,76,0,99,90,0,37,34,56,28,97,97,97,58,79,0,0,72,100,100,100,0,100,100,100,0,99,94,99,0,12,0
l35,9=0,0,0,0,0,0,0,0,0,0,0,0,0,0,0,0,0,97,48,37,39,55,9,80,96,95,56,48,0,0,85,98,100,100,0,36,64,100,100,0,94,99,0,0,0
l36,9=0,0,0,0,0,26,0,0,0,0,0,0,16,71,95,0,97,99,18,38,40,0,0,79,95,98,57,0,0,0,73,100,100,100,0,39,65,100,100,99,0,78,0,0,0
l37,9=0,0,0,0,0,0,0,0,0,0,52,0,0,0,97,0,0,96,43,38,35,33,0,76,96,96,7,48,0,0,99,100,100,61,0,36,65,100,100,99,94,0,0,0,0
l38,9=0,0,0,0,0,0,0,0,0,0,1,1,14,0,65,0,22,35,65,69,55,22,20,70,96,95,94,85,0,0,0,0,32,19,0,0,23,0,0,0,0,0,0,97,96
l39,9=0,0,0,0,0,0,0,0,0,0,55,2,14,0,50,0,0,84,91,96,85,31,20,90,96,93,94,77,0,0,0,20,32,0,0,0,0,0,0,0,0,0,95,0,95
l40,9=0,0,0,0,0,0,0,0,0,0,0,0,0,0,84,0,15,0,84,82,62,0,19,84,92,44,93,78,0,0,0,0,0,17,0,0,0,0,0,0,0,0,95,96,0
l41,9=0,0,40,0,0,0,0,14,7,0,0,39,50,58,96,0,94,93,96,99,73,53,19,95,96,96,94,60,0,0,46,89,0,5,0,0,0,0,35,0,0,7,95,96,95
l42,9=0,0,0,0,0,0,0,0,0,0,0,0,0,0,0,0,9,66,75,99,69,87,4,93,96,96,94,99,0,0,0,0,7,0,0,0,4,0,67,0,0,0,95,96,88
l43,9=0,0,0,0,0,0,0,0,0,0,0,0,0,0,68,0,0,0,74,0,61,62,66,71,84,72,94,74,0,0,0,0,51,0,0,32,61,0,0,0,4,0,95,84,93
l44,9=0,0,0,0,0,0,0,0,0,0,0,0,24,49,74,0,60,71,75,99,56,23,74,97,96,96,94,60,0,0,0,0,0,30,0,42,1,0,30,0,0,0,96,96,87

l0,10=0,90,89,84,90,89,85,0,81,85,42,82,55,81,46,0,53,46,26,0,1,0,0,0,0,0,0,0,0,0,6,65,0,0,0,0,0,0,0,0,0,0,0,0,0
l1,10=91,0,88,84,90,89,85,0,86,84,39,76,53,77,62,0,51,78,0,52,0,0,0,0,0,39,0,0,0,0,43,31,0,0,0,0,0,0,0,0,0,0,0,0,0
l2,10=91,90,0,82,90,89,85,1,86,86,42,87,60,88,65,0,55,41,29,72,0,0,0,0,47,2,0,0,0,0,39,38,0,0,0,0,0,0,0,0,0,0,0,24,0
l3,10=91,90,85,0,90,89,85,3,84,85,42,84,56,81,0,0,52,38,23,0,0,0,0,0,0,0,0,0,0,0,51,56,0,0,0,0,0,0,0,0,0,0,0,0,0
l4,10=91,90,88,85,0,89,85,0,81,82,39,0,53,79,0,0,69,77,0,0,0,0,0,0,0,0,0,0,0,0,51,0,0,0,0,0,0,0,0,0,0,0,0,0,0
l5,10=91,90,89,84,90,0,84,0,86,85,44,88,58,92,50,0,4,45,27,3,0,0,0,0,0,0,0,0,0,0,45,0,0,0,0,0,0,0,0,0,9,0,0,0,0
l6,10=88,90,87,84,90,89,0,1,86,85,42,88,55,81,0,0,71,38,24,50,0,0,0,0,14,7,0,0,0,0,0,57,0,0,0,0,0,0,0,0,0,0,0,6,0
l7,10=84,90,87,77,84,89,85,0,86,88,44,88,63,92,64,0,81,70,25,80,69,64,0,8,4,72,31,9,0,0,0,2,0,0,0,0,0,0,0,0,0,0,0,6,0
l8,10=84,88,87,82,84,87,85,0,0,88,46,88,62,88,64,0,49,6,42,71,64,57,0,3,54,7,29,11,0,0,0,3,0,0,0,0,0,0,0,0,0,0,0,4,0
l9,10=87,88,84,81,76,86,82,2,81,0,46,88,63,91,79,0,78,43,46,16,9,16,0,4,65,6,3,1,0,0,0,5,0,0,0,0,0,0,0,0,0,0,0,0,0
l10,10=46,83,27,42,40,87,81,0,81,88,0,87,63,88,83,0,82,44,75,2,86,2,3,70,7,16,41,1,0,0,5,30,0,0,0,0,0,0,0,0,2,0,2,6,5
l11,10=20,7,84,79,1,87,82,0,81,88,46,0,63,92,78,0,78,3,68,79,5,1,0,4,5,5,2,1,0,0,0,4,0,0,0,0,0,0,0,0,0,0,0,3,0
l12,10=75,88,84,67,86,86,80,4,81,88,49,87,0,89,79,0,79,85,66,4,8,3,3,3,6,55,3,1,0,0,4,2,0,0,0,0,0,0,0,0,0,0,2,0,0
l13,10=87,88,84,81,80,87,81,0,81,88,46,88,63,0,62,0,78,3,66,26,83,0,7,5,4,4,2,1,0,0,4,4,0,0,0,0,0,0,0,0,0,0,0,3,0
l14,10=1,32,10,0,1,1,0,0,39,49,27,82,60,53,0,0,82,53,82,74,97,30,8,4,74,71,22,30,0,0,47,82,0,1,0,0,0,0,0,5,0,5,36,4,31
l15,10=1,7,2,1,22,1,74,0,11,55,49,87,60,89,88,0,0,50,81,88,83,5,4,26,77,60,2,38,0,0,49,79,0,0,0,0,0,0,0,5,8,1,0,43,0
l16,10=2,74,6,1,5,11,14,1,9,13,18,28,58,11,88,0,61,0,47,90,98,2,0,54,78,51,25,1,0,0,96,96,8,0,0,0,0,0,16,7,88,0,6,46,18
l17,10=2,0,14,3,0,23,18,1,36,31,48,84,53,86,88,0,83,83,0,88,98,0,4,63,72,68,37,35,0,0,64,41,0,0,0,0,0,0,0,0,4,1,23,29,49
l18,10=0,8,18,0,0,1,3,0,30,21,3,38,17,42,49,0,78,91,81,0,98,61,58,77,83,84,35,80,0,0,41,47,0,34,0,0,2,0,25,42,59,57,34,36,61
l19,10=1,0,0,0,0,0,0,0,20,8,24,25,15,50,88,0,60,95,82,90,0,22,0,82,81,86,49,32,0,0,61,70,0,3,0,0,0,0,3,21,27,24,6,55,37
l20,10=0,0,0,0,0,0,0,1,66,66,37,64,45,9,69,0,60,57,0,86,79,0,100,83,72,85,73,86,0,0,0,0,70,57,0,64,0,0,80,68,0,0,58,57,67
l21,10=0,0,0,0,0,0,0,0,0,0,24,0,56,74,74,0,66,11,60,87,0,81,0,84,81,86,69,85,0,0,0,0,64,64,0,0,0,0,34,0,0,0,71,72,75
l22,10=0,0,0,0,0,0,0,0,10,8,40,54,22,62,5,0,57,67,57,75,78,79,82,0,83,82,74,87,0,0,0,0,74,77,0,25,68,71,80,72,48,28,70,69,69
l23,10=0,0,2,0,0,0,0,0,16,24,19,20,27,2,69,0,63,67,56,88,82,62,80,83,0,88,75,84,0,0,31,0,73,45,0,64,12,12,75,72,31,37,75,86,87
l24,10=0,41,0,0,0,0,13,3,36,26,40,54,45,37,75,0,63,65,60,88,85,76,83,84,83,0,75,76,0,0,33,30,67,51,0,0,63,27,69,31,70,65,60,85,0
l25,10=0,0,0,0,0,0,0,2,35,9,32,28,17,32,39,0,40,44,58,68,88,68,45,85,83,88,0,84,0,0,25,0,80,52,0,42,67,44,54,39,46,35,83,87,84
l26,10=0,0,0,0,0,0,0,3,65,5,18,62,39,51,71,0,64,17,57,86,78,77,81,84,78,79,74,0,0,0,0,0,75,81,0,63,78,74,82,1,0,77,67,64,76
l27,10=3,58,36,34,8,9,3,0,0,0,17,0,40,48,77,0,39,95,45,83,94,0,0,0,68,16,8,0,0,0,0,96,12,53,0,55,30,36,37,95,94,69,0,0,0
l28,10=34,27,4,9,4,7,38,1,11,3,19,55,31,48,85,0,63,95,27,69,84,0,0,0,0,19,0,0,0,0,96,0,45,56,0,0,0,0,85,5,95,90,0,11,0
l29,10=0,0,0,0,0,0,0,0,0,0,0,0,0,0,0,0,0,55,0,0,0,38,43,69,68,39,67,54,0,0,22,74,0,89,0,78,88,92,89,92,82,85,46,53,0
l30,10=0,0,0,0,0,0,0,0,0,0,0,0,0,0,56,0,0,0,0,38,35,29,47,81,69,37,63,80,0,0,37,61,82,0,0,78,88,92,89,92,93,90,19,5,40
l31,10=0,0,0,0,0,0,0,0,0,0,0,0,0,0,0,0,0,0,0,0,0,34,0,51,71,0,47,55,0,0,39,9,82,89,0,0,88,92,89,80,93,86,0,19,40
l32,10=0,0,0,0,0,0,0,0,0,0,0,0,0,0,0,0,0,14,0,28,0,0,0,57,63,41,51,68,0,0,32,0,82,89,0,78,0,92,89,90,69,82,7,21,0
l33,10=0,0,0,0,0,0,0,0,0,0,0,0,0,0,0,0,0,0,0,0,0,0,0,56,63,29,43,56,0,0,37,0,82,89,0,78,88,0,89,92,80,87,0,0,0
l34,10=0,0,0,0,0,3,0,0,0,0,0,0,0,0,12,0,0,27,0,61,55,64,0,77,71,67,38,78,0,0,53,78,82,89,0,77,88,92,0,94,95,90,19,20,0
l35,10=0,0,0,0,0,0,0,0,0,0,0,0,0,0,56,0,17,20,14,70,80,56,0,74,74,29,38,0,0,0,94,27,82,89,0,74,87,92,89,0,95,90,0,0,0
l36,10=0,0,0,0,0,12,0,0,0,0,6,0,26,0,0,0,12,54,4,79,81,0,0,63,64,74,19,0,0,0,95,58,52,89,0,78,76,54,89,96,0,90,0,5,0
l37,10=0,0,0,0,0,0,0,0,0,0,0,0,0,0,59,0,0,8,10,78,75,0,0,58,70,71,32,46,0,0,69,87,82,89,0,74,61,39,89,96,95,0,0,0,0
l38,10=0,0,0,0,0,0,0,0,0,0,6,0,24,0,80,0,8,43,43,76,67,18,23,77,76,64,72,70,0,0,0,0,41,3,0,0,1,0,9,0,0,0,0,86,88
l39,10=0,0,0,0,0,0,0,0,3,0,15,4,0,0,52,0,60,71,41,69,80,24,5,69,81,79,73,54,0,0,1,10,33,0,0,0,2,0,5,0,11,0,84,0,88
l40,10=0,0,0,0,0,0,0,0,0,0,2,0,0,0,37,0,0,4,49,80,72,27,14,68,81,0,74,72,0,0,0,0,0,1,0,0,0,0,0,0,0,0,84,86,0
l41,10=0,0,0,0,0,0,0,0,0,7,0,14,21,0,81,0,68,83,70,86,80,27,0,71,78,84,69,0,0,0,10,65,0,0,0,0,0,0,0,0,3,5,84,86,87
l42,10=0,0,0,0,0,0,0,0,0,0,0,0,0,0,27,0,19,12,30,79,38,43,0,80,80,82,69,77,0,0,0,0,0,1,0,0,1,0,13,0,0,1,83,86,82
l43,10=0,0,0,0,0,0,0,0,0,0,0,0,0,0,20,0,0,0,60,67,44,59,31,79,77,77,74,80,0,0,0,0,35,0,0,0,0,0,0,0,0,0,82,78,85
l44,10=0,0,0,0,0,0,0,0,0,0,0,2,0,0,42,0,9,20,0,74,66,1,74,83,81,86,74,76,0,0,0,0,24,26,0,0,8,0,0,12,0,0,84,82,86

l0,11=0,85,85,86,86,74,79,0,82,82,25,44,65,69,40,0,41,35,0,43,0,0,0,0,0,0,0,0,0,0,19,43,0,0,0,0,0,0,0,0,0,0,0,0,0
l1,11=84,0,84,86,86,74,79,0,85,83,30,39,63,68,49,0,0,34,63,5,0,0,0,0,0,0,0,0,0,0,41,0,0,0,0,0,0,0,0,0,0,0,0,0,0
l2,11=84,80,0,83,84,74,79,0,82,55,30,72,63,69,50,0,46,25,12,62,0,0,0,0,4,0,0,0,0,0,30,47,0,0,0,0,0,0,0,0,0,0,0,0,0
l3,11=86,85,85,0,86,74,79,0,85,76,27,66,47,0,2,0,25,0,58,0,0,0,0,0,0,0,0,0,0,0,54,50,0,0,0,0,0,0,0,0,0,0,0,0,0
l4,11=86,85,85,86,0,74,79,0,85,62,11,41,35,26,28,0,44,10,0,0,0,0,0,0,0,0,0,0,0,0,0,0,0,0,0,0,0,0,0,0,0,0,0,0,0
l5,11=85,82,85,83,86,0,76,0,31,80,31,72,63,70,0,0,61,47,58,44,0,0,0,0,0,0,0,0,0,0,51,53,0,0,0,0,0,0,0,0,1,0,0,0,0
l6,11=84,84,85,85,86,72,0,0,85,44,30,74,63,70,23,0,44,36,68,55,40,0,0,0,0,32,0,0,0,0,10,0,0,0,0,0,0,0,0,0,0,0,0,0,0
l7,11=82,84,86,80,80,72,79,0,85,83,28,74,67,72,65,0,71,60,3,59,37,56,0,17,2,46,44,56,0,0,0,0,0,0,0,0,0,0,0,0,0,0,0,0,0
l8,11=75,80,80,79,82,4,76,0,0,77,31,71,63,65,53,0,69,26,70,59,2,43,0,15,9,3,4,49,0,0,0,4,0,0,0,0,0,0,0,0,0,0,0,0,0
l9,11=82,79,72,81,82,69,32,0,82,0,30,75,65,71,72,0,74,17,70,8,26,48,0,9,18,49,34,50,0,0,12,4,0,0,0,0,0,0,0,0,0,0,0,0,0
l10,11=16,37,72,37,4,45,46,0,83,60,0,70,67,71,56,0,83,4,83,11,65,2,5,8,1,18,3,8,0,0,3,4,0,0,0,0,0,0,0,0,0,0,1,1,0
l11,11=16,0,71,62,57,68,75,0,82,83,30,0,64,71,72,0,74,0,74,58,18,0,0,1,1,10,36,0,0,0,0,1,0,0,0,0,0,0,0,0,0,0,0,0,0
l12,11=82,78,84,2,2,68,75,1,82,80,31,72,0,71,77,0,79,5,79,4,46,3,5,2,20,61,3,4,0,0,0,8,0,0,0,0,0,0,0,0,0,0,0,0,0
l13,11=66,76,84,0,2,70,76,0,82,83,30,75,67,0,60,0,74,2,75,4,2,4,4,6,0,5,4,2,0,0,2,7,0,0,0,0,0,0,0,0,3,0,0,0,0
l14,11=0,0,5,0,2,0,0,0,53,35,12,42,37,35,0,0,80,80,85,78,86,9,4,1,16,45,58,45,0,0,13,66,0,0,0,0,0,0,0,2,10,4,41,23,2
l15,11=2,0,20,0,24,18,17,0,56,81,32,71,63,63,79,0,0,24,85,74,78,44,5,12,18,57,47,12,0,0,14,42,0,2,0,0,0,0,0,3,1,4,1,10,1
l16,11=1,8,7,0,1,3,2,1,12,2,3,0,22,3,61,0,28,0,85,70,91,1,0,6,5,11,13,3,0,0,80,76,0,12,0,0,0,3,9,10,64,70,29,21,19
l17,11=0,0,0,1,0,0,4,0,64,2,31,48,57,62,82,0,83,79,0,78,85,14,1,20,34,23,29,11,0,0,53,28,0,0,0,0,0,0,1,0,4,4,5,1,0
l18,11=1,0,19,0,0,0,0,0,15,1,3,7,5,5,71,0,43,32,83,0,91,40,13,6,71,79,48,52,0,0,38,15,9,15,0,4,0,0,12,7,36,47,18,37,14
l19,11=0,0,0,0,0,0,0,0,3,3,12,4,24,11,82,0,83,87,85,80,0,24,0,3,72,73,71,33,0,0,32,28,0,7,0,0,0,0,3,6,20,8,0,46,3
l20,11=0,0,0,0,0,0,0,0,60,57,13,20,46,51,58,0,60,47,65,66,69,0,91,82,66,77,70,84,0,0,0,0,64,67,0,16,41,35,76,57,13,0,52,61,64
l21,11=0,0,0,0,0,0,0,0,0,0,21,31,50,51,55,0,63,0,63,70,0,85,0,82,72,78,73,86,0,0,0,0,0,69,0,0,0,1,65,0,37,0,67,69,63
l22,11=0,0,0,0,0,0,0,0,60,41,22,52,48,55,55,0,66,56,72,61,49,82,79,0,72,78,73,87,0,0,0,55,58,77,0,64,61,60,74,14,33,57,63,71,18
l23,11=0,0,1,0,0,0,0,0,13,18,3,4,45,0,43,0,63,23,72,71,74,66,77,82,0,79,78,83,0,0,25,1,63,49,0,43,0,0,64,66,24,7,50,78,69
l24,11=0,0,0,0,0,0,0,0,8,9,21,45,53,18,59,0,60,25,64,73,73,81,75,81,72,0,78,23,0,0,8,14,54,16,0,16,38,7,52,16,1,6,72,78,62
l25,11=0,0,0,0,0,0,0,0,10,4,3,19,21,18,61,0,31,14,58,67,74,71,58,81,72,79,0,82,0,0,9,12,69,7,0,7,24,10,22,10,10,16,75,81,71
l26,11=0,0,0,0,0,0,0,1,56,39,22,5,46,3,65,0,49,35,65,68,73,83,81,83,70,61,71,0,0,0,0,0,66,75,0,70,76,67,71,23,5,72,65,69,70
l27,11=5,7,4,24,1,17,2,0,0,18,6,0,0,11,12,0,18,87,68,61,56,0,0,0,13,11,18,0,0,0,0,76,3,56,0,22,15,19,38,72,89,46,0,7,0
l28,11=14,0,6,22,0,15,0,0,2,4,1,17,27,20,36,0,24,87,58,50,50,0,0,14,4,23,31,0,0,0,80,0,47,56,0,5,19,0,57,37,85,43,0,20,0
l29,11=0,0,0,0,0,0,0,0,0,0,0,0,0,0,0,0,0,0,0,56,1,60,0,58,58,31,63,42,0,0,0,56,0,86,0,83,80,85,85,85,81,84,19,60,0
l30,11=0,0,0,0,0,0,0,0,0,0,0,0,0,0,0,0,14,46,0,53,21,55,36,78,53,30,6,41,0,0,33,32,77,0,0,81,80,85,85,45,82,84,4,7,0
l31,11=0,0,0,0,0,0,0,0,0,0,0,0,0,0,0,0,0,0,0,54,0,51,0,64,61,42,37,63,0,0,58,47,78,87,0,0,82,88,84,82,58,82,0,25,18
l32,11=0,0,0,0,0,0,0,0,0,0,0,0,0,0,0,0,0,0,0,50,0,51,0,57,6,53,50,62,0,0,35,55,78,86,0,83,0,89,85,81,75,82,2,36,0
l33,11=0,0,0,0,0,0,0,0,0,0,0,0,0,0,0,0,0,36,0,0,0,0,0,61,0,22,38,54,0,0,43,0,78,88,0,83,82,0,85,87,83,84,0,0,0
l34,11=0,0,0,0,0,0,0,0,0,0,0,0,0,0,0,0,0,34,13,60,7,69,38,69,59,38,36,45,0,0,37,65,77,86,0,80,80,85,0,85,85,85,1,0,0
l35,11=0,0,0,0,0,0,0,0,0,0,0,0,0,0,10,0,15,32,0,61,54,45,0,11,40,28,34,27,0,0,69,39,77,57,0,52,51,64,85,0,87,87,0,0,0
l36,11=0,0,0,0,0,5,0,0,0,0,0,0,17,5,14,0,1,66,38,69,71,8,1,11,41,0,30,1,0,0,80,46,78,88,0,32,32,31,85,90,0,87,0,5,0
l37,11=0,0,0,0,0,1,0,0,0,0,0,0,0,0,11,0,15,43,51,69,66,0,0,18,13,27,37,52,0,0,68,66,77,86,0,48,76,79,85,90,89,0,0,0,0
l38,11=0,0,0,0,0,0,0,0,0,0,2,0,0,0,63,0,24,36,28,64,0,5,21,69,59,70,69,42,0,0,0,0,1,0,0,0,0,0,0,0,0,0,0,83,80
l39,11=0,0,0,0,0,0,0,0,0,0,5,1,1,0,57,0,60,15,3,65,66,9,4,68,70,71,71,8,0,0,0,7,3,0,0,0,4,0,0,0,0,0,78,0,80
l40,11=0,0,0,0,0,0,0,0,0,0,0,0,0,0,45,0,6,45,0,64,64,63,1,0,65,66,68,71,0,0,0,0,0,0,0,0,0,0,0,0,0,0,77,82,0
l41,11=0,0,0,0,0,0,0,0,8,3,2,4,8,6,3,0,57,32,72,78,24,45,9,70,68,75,73,58,0,0,0,15,0,0,0,1,0,0,0,0,11,16,77,82,75
l42,11=0,0,0,0,0,0,0,0,0,0,0,0,0,0,59,0,22,0,55,65,63,64,56,70,69,76,70,75,0,0,0,0,31,0,0,24,1,0,39,16,0,1,78,82,77
l43,11=0,0,0,0,0,0,0,0,0,0,0,0,0,0,1,0,0,1,17,63,46,53,7,72,59,75,76,77,0,0,0,0,0,14,0,0,0,0,11,0,0,0,77,72,80
l44,11=0,0,0,0,0,0,0,0,0,0,2,0,4,0,61,0,6,0,16,64,14,69,6,76,68,77,68,73,0,0,0,0,17,12,0,0,1,0,0,8,0,0,78,75,77

l0,12=0,88,84,81,86,88,84,1,76,87,36,75,77,79,65,0,63,21,0,49,0,0,0,0,0,0,0,0,0,0,0,0,0,0,0,0,0,0,0,0,0,0,0,0,0
l1,12=92,0,83,81,86,88,83,2,78,85,36,75,76,77,69,0,49,6,51,38,0,0,0,0,0,16,0,0,0,0,2,33,0,0,0,0,0,0,0,0,0,0,0,0,0
l2,12=92,86,0,77,82,88,80,0,78,85,36,75,73,77,61,0,49,0,51,58,27,2,0,0,42,13,0,0,0,0,38,35,0,0,0,0,0,0,0,0,0,0,0,0,0
l3,12=92,88,83,0,86,88,84,2,76,85,33,35,63,77,0,0,37,0,57,5,0,0,0,0,0,0,0,0,0,0,60,0,0,0,0,0,0,0,0,0,5,0,0,0,0
l4,12=92,88,84,81,0,88,84,1,77,86,0,75,32,77,0,0,40,43,0,0,0,0,0,0,0,0,0,0,0,0,63,39,0,0,0,0,0,0,0,0,0,0,0,0,0
l5,12=92,88,84,81,86,0,84,2,76,76,37,73,73,78,60,0,36,34,66,37,0,0,0,0,3,0,0,0,0,0,54,0,0,0,0,0,0,0,0,0,0,0,0,0,0
l6,12=92,88,84,81,83,88,0,0,78,87,38,77,77,79,38,0,46,50,72,36,0,0,0,0,22,3,0,0,0,0,61,0,0,0,0,0,0,0,0,0,0,0,0,0,0
l7,12=92,81,84,77,81,88,84,0,78,87,31,78,77,79,68,0,62,61,72,61,0,43,0,45,52,52,13,30,0,0,0,0,0,0,0,0,0,0,0,0,0,0,0,0,0
l8,12=65,87,83,74,81,80,83,0,0,85,37,68,26,73,66,0,60,60,73,15,2,3,0,45,0,17,3,38,0,0,0,0,0,0,0,0,0,0,0,0,0,0,0,2,0
l9,12=86,86,77,76,79,84,79,1,76,0,38,78,77,79,71,0,70,1,32,29,5,41,0,12,63,53,20,54,0,0,15,0,0,0,0,0,0,0,0,0,0,0,0,0,0
l10,12=7,51,54,7,0,83,47,1,75,85,0,75,77,77,80,0,80,35,83,44,41,4,3,47,1,13,4,4,0,0,12,2,0,0,0,0,0,0,0,0,0,0,7,0,0
l11,12=86,81,82,5,79,84,65,5,69,88,37,0,74,79,71,0,60,1,77,40,27,1,0,3,1,8,7,4,0,0,7,3,0,0,0,0,0,0,0,0,0,0,0,3,0
l12,12=87,85,80,8,11,84,78,1,3,85,39,75,0,77,79,0,75,3,79,56,53,4,3,5,63,66,4,4,0,0,9,1,0,0,0,0,0,0,0,0,0,0,15,0,0
l13,12=86,86,83,77,79,86,80,1,76,88,40,78,77,0,71,0,74,1,78,2,1,0,2,4,0,8,4,4,0,0,5,1,0,0,0,0,0,0,0,0,0,0,0,1,0
l14,12=8,30,4,0,4,8,0,0,62,75,35,49,38,57,0,0,80,64,84,47,83,8,0,9,37,72,69,33,0,0,66,48,0,0,0,0,0,0,1,0,18,9,72,75,9
l15,12=63,44,3,3,25,7,19,6,64,85,41,48,75,76,81,0,0,65,84,63,68,35,2,2,69,60,43,49,0,0,52,21,0,0,0,0,0,0,0,0,0,0,19,65,4
l16,12=3,0,0,0,14,7,8,1,45,16,31,5,21,1,83,0,59,0,84,49,53,0,0,36,7,11,15,22,0,0,81,53,0,9,0,0,0,0,0,29,83,70,24,44,14
l17,12=0,0,3,1,0,13,3,1,56,7,37,51,50,64,83,0,80,84,0,75,79,15,3,64,69,68,41,17,0,0,48,43,0,0,0,0,0,0,0,0,1,3,36,19,0
l18,12=10,7,9,0,0,14,3,0,11,14,17,16,18,9,66,0,71,82,83,0,84,62,30,51,70,74,57,65,0,0,43,10,6,10,0,3,0,0,34,43,34,39,47,34,31
l19,12=0,0,4,0,0,0,0,0,4,9,32,42,45,1,83,0,74,88,84,79,0,17,0,80,81,80,78,13,0,0,24,6,0,12,0,0,0,0,4,23,39,0,51,73,8
l20,12=0,0,3,0,0,0,0,2,44,60,27,9,20,0,57,0,59,24,66,71,60,0,96,87,80,78,73,80,0,0,0,0,59,77,0,0,56,50,74,58,4,15,63,61,60
l21,12=0,0,0,0,0,0,0,0,0,0,24,0,67,58,14,0,62,4,70,75,0,86,0,86,80,79,78,82,0,0,0,0,0,54,0,0,0,0,73,0,0,0,69,0,67
l22,12=0,0,3,0,0,0,0,1,56,55,31,32,58,45,50,0,7,65,71,69,70,83,80,0,81,80,79,80,0,0,0,2,63,80,0,71,64,48,80,73,0,65,60,67,60
l23,12=0,0,2,0,0,4,2,0,10,19,11,2,62,8,38,0,66,13,74,72,77,79,52,86,0,82,80,79,0,0,14,0,55,11,0,55,0,0,62,34,23,31,68,76,13
l24,12=0,3,0,0,0,0,3,1,27,55,24,17,59,38,59,0,59,35,70,74,78,82,67,88,81,0,80,77,0,0,46,14,62,61,0,34,24,0,59,46,56,0,72,68,67
l25,12=0,0,1,0,0,0,0,0,10,12,9,1,0,10,60,0,26,15,59,70,71,62,33,86,81,82,0,79,0,0,0,6,57,23,0,11,27,0,34,27,2,40,74,72,66
l26,12=0,0,0,0,0,0,0,7,51,52,4,50,22,20,55,0,55,61,64,69,53,84,82,87,77,75,73,0,0,0,0,3,68,68,0,79,72,42,79,0,23,45,61,62,64
l27,12=0,0,0,16,56,28,20,0,0,54,26,13,13,12,43,0,32,67,73,43,22,0,0,0,30,30,0,0,0,0,0,84,21,27,0,39,22,47,65,85,86,46,0,9,1
l28,12=5,13,30,0,47,2,0,0,0,0,24,30,16,5,68,0,38,88,77,36,22,0,0,5,0,27,43,1,0,0,86,0,30,0,0,34,44,0,86,80,85,85,29,45,0
l29,12=0,0,0,0,0,0,0,0,0,0,0,0,0,0,0,0,0,0,0,60,0,54,0,61,63,65,64,66,0,0,59,55,0,86,0,83,83,84,86,85,79,83,5,47,0
l30,12=0,0,0,0,6,0,0,0,0,0,0,0,0,0,0,0,22,53,0,53,44,66,49,63,27,38,58,66,0,0,60,8,79,0,0,83,83,83,86,85,81,83,35,0,6
l31,12=0,0,0,0,0,0,0,0,0,0,0,0,0,0,0,0,0,0,0,54,0,0,0,68,68,56,56,71,0,0,64,57,79,89,0,0,85,86,86,80,75,82,1,6,0
l32,12=0,0,0,0,0,0,0,0,0,0,0,0,0,0,0,0,0,0,0,0,0,52,0,54,0,35,55,67,0,0,56,56,79,85,0,83,0,87,86,79,73,82,39,0,0
l33,12=0,0,0,0,0,0,0,0,0,0,0,0,0,0,0,0,0,0,0,0,0,36,0,49,0,0,0,44,0,0,59,0,79,84,0,83,85,0,86,84,71,80,0,0,0
l34,12=0,0,0,0,0,0,0,0,0,0,0,0,0,0,24,0,6,47,47,60,3,67,60,60,49,37,62,74,0,0,66,74,79,86,0,81,83,83,0,86,84,84,49,57,7
l35,12=0,0,0,0,0,0,0,0,0,0,0,0,0,0,1,0,2,59,37,45,22,34,0,63,35,38,50,0,0,0,78,75,79,86,0,81,83,83,86,0,86,89,39,0,0
l36,12=0,0,0,1,0,0,0,0,0,0,0,1,0,0,38,0,9,82,28,43,37,0,0,0,36,46,6,13,0,0,81,79,79,86,0,51,67,80,86,87,0,89,0,0,0
l37,12=0,0,0,0,35,0,0,0,0,0,0,0,0,0,32,0,3,79,50,63,0,23,0,53,41,0,66,35,0,0,73,76,79,86,0,78,68,77,86,87,86,0,0,0,0
l38,12=0,0,0,0,0,0,0,0,0,0,0,0,10,0,59,0,14,39,57,64,60,61,24,69,69,72,72,63,0,0,0,3,0,0,0,0,2,0,29,5,0,0,0,79,78
l39,12=0,0,0,0,0,0,0,0,3,0,0,7,0,2,59,0,45,59,24,64,61,20,0,72,80,67,71,35,0,0,8,5,7,0,0,0,0,0,32,0,0,0,77,0,82
l40,12=0,0,0,0,0,0,0,0,0,0,0,0,0,0,51,0,25,64,2,70,2,61,35,74,61,72,70,71,0,0,6,0,0,0,0,0,0,0,0,0,0,0,76,76,0
l41,12=0,0,0,0,0,0,3,0,3,13,11,0,3,6,21,0,14,59,55,77,21,18,8,73,76,77,69,46,0,0,1,0,0,0,0,0,0,0,30,8,0,26,77,78,83
l42,12=0,0,0,0,0,0,0,0,0,0,0,0,9,0,16,0,6,0,34,71,61,62,24,86,77,78,76,79,0,0,0,0,51,34,0,32,0,0,61,44,0,0,76,77,81
l43,12=0,0,0,0,0,0,0,0,0,0,0,0,4,0,2,0,12,4,6,63,16,58,0,79,73,69,76,70,0,0,0,0,5,0,0,7,0,0,27,0,0,0,76,71,72
l44,12=0,0,0,0,0,0,0,0,0,0,13,0,0,0,14,0,46,0,0,65,46,72,0,81,79,77,69,72,0,0,0,0,31,39,0,0,0,0,0,0,5,0,77,73,71

l0,13=0,90,94,92,94,91,90,89,91,58,77,93,85,88,60,0,54,0,40,38,0,0,0,0,0,0,0,0,0,0,0,0,0,0,0,0,0,0,0,0,0,0,0,0,0
l1,13=91,0,94,92,94,91,90,91,91,91,74,89,89,87,71,0,85,70,23,34,0,0,0,0,0,0,0,0,0,0,50,72,0,0,0,0,0,0,0,0,1,0,0,0,0
l2,13=91,89,0,54,94,91,90,84,92,93,76,93,89,88,58,0,76,43,42,42,51,0,0,22,0,1,14,0,0,0,34,65,0,0,0,0,0,0,0,0,0,0,0,0,0
l3,13=91,90,56,0,94,91,90,89,92,71,68,86,85,88,51,0,73,40,0,29,0,0,0,0,0,0,0,0,0,0,0,76,0,0,0,0,0,0,0,0,0,0,0,0,0
l4,13=91,90,94,92,0,91,90,83,64,93,72,93,56,84,0,0,56,0,28,0,0,0,0,0,0,0,0,0,0,0,62,36,0,0,0,0,0,0,0,0,0,0,0,0,0
l5,13=91,90,94,92,94,0,90,91,53,52,82,89,51,55,50,0,65,39,45,36,0,0,0,0,0,0,0,0,0,0,7,72,0,0,0,0,0,0,0,0,0,0,0,0,0
l6,13=91,88,94,88,92,91,0,91,92,87,82,93,89,88,53,0,78,43,52,72,0,0,0,0,37,0,0,0,0,0,57,0,0,0,0,0,0,0,0,0,0,0,0,0,0
l7,13=91,89,73,88,89,91,90,0,92,93,81,93,89,88,89,0,83,64,91,77,0,47,3,81,75,74,70,2,0,0,0,8,0,0,0,0,0,0,0,0,0,0,0,0,0
l8,13=87,89,94,86,87,85,90,93,0,93,80,93,89,41,88,0,85,45,91,40,0,2,13,75,0,25,26,38,0,0,0,0,0,0,0,0,0,0,0,0,0,0,0,5,0
l9,13=82,82,89,84,86,83,80,81,91,0,81,93,89,88,85,0,86,34,76,47,23,52,0,10,80,13,4,14,0,0,5,13,0,0,0,0,0,0,0,0,0,0,0,0,0
l10,13=79,74,34,0,30,88,85,55,32,93,0,93,90,88,64,0,90,31,56,49,68,0,0,82,31,33,7,1,0,0,19,10,0,0,0,0,0,0,0,0,7,0,4,4,0
l11,13=86,80,89,9,86,83,85,91,92,93,81,0,90,88,85,0,85,11,55,47,8,18,0,2,11,0,28,37,0,0,3,77,0,0,0,0,0,0,0,0,0,0,0,71,0
l12,13=82,82,61,42,58,82,85,85,91,90,83,93,0,88,86,0,88,1,92,47,65,1,4,8,80,53,1,1,0,0,12,0,0,0,0,0,0,0,0,0,0,0,3,3,0
l13,13=86,81,89,48,84,85,85,89,42,93,83,93,90,0,81,0,89,1,92,3,10,3,9,11,5,20,3,0,0,0,3,9,0,0,0,0,0,0,0,0,0,0,0,10,0
l14,13=7,53,2,0,0,41,5,42,32,28,76,87,35,27,0,0,90,55,94,51,93,27,1,0,81,36,22,1,0,0,89,84,0,0,0,0,0,0,0,0,41,24,16,85,28
l15,13=5,80,12,2,4,64,84,55,31,58,83,88,90,87,94,0,0,2,94,76,92,13,6,48,84,35,1,17,0,0,85,83,0,2,0,0,0,0,0,0,0,0,7,3,2
l16,13=0,71,5,0,0,36,42,11,19,3,32,39,2,1,66,0,71,0,57,54,79,2,0,23,55,35,0,34,0,0,100,97,0,8,0,0,0,2,19,23,59,58,0,58,32
l17,13=7,0,3,0,4,22,13,44,32,8,61,81,56,29,94,0,90,92,0,89,100,52,29,83,87,36,1,17,0,0,89,93,0,0,0,0,0,0,0,7,41,35,52,83,29
l18,13=5,9,5,3,0,13,21,11,0,8,68,24,33,4,90,0,87,95,93,0,100,93,16,34,16,64,29,66,0,0,27,23,16,5,0,17,0,0,3,11,37,31,18,60,44
l19,13=0,0,3,0,0,0,6,0,0,10,80,9,56,6,94,0,90,96,94,89,0,86,30,92,96,97,92,44,0,0,93,83,0,30,0,0,0,0,0,30,81,23,89,87,90
l20,13=0,0,0,0,0,0,0,37,15,73,0,72,41,20,75,0,72,37,81,89,83,0,96,91,95,97,75,95,0,0,0,0,77,86,0,15,67,77,88,27,0,38,0,77,81
l21,13=0,0,0,0,0,0,0,63,76,3,0,0,76,75,74,0,77,0,85,85,85,96,0,90,96,88,88,95,0,0,0,0,77,16,0,74,0,0,88,0,0,0,86,81,86
l22,13=0,0,2,0,0,0,0,51,64,27,62,59,36,41,0,0,70,39,82,76,87,95,87,0,96,97,94,96,0,0,0,0,74,84,0,69,78,58,86,79,0,31,83,89,75
l23,13=0,0,0,0,0,0,10,45,0,38,36,15,77,15,69,0,77,55,91,61,100,95,91,93,0,97,95,94,0,0,15,0,81,0,0,72,0,0,88,29,11,77,92,91,93
l24,13=0,0,0,0,0,0,0,47,25,37,70,0,88,49,92,0,87,72,93,89,99,95,71,91,96,0,95,94,0,0,36,21,78,85,0,66,60,0,85,8,33,34,90,90,94
l25,13=0,0,3,0,0,0,0,14,36,7,53,69,44,37,88,0,27,0,46,86,92,53,86,93,96,97,0,85,0,0,15,0,83,1,0,78,72,27,45,8,6,26,94,93,93
l26,13=0,0,0,0,0,0,0,26,62,65,54,69,67,56,64,0,80,60,74,89,69,95,95,91,95,97,78,0,0,0,52,0,81,88,0,86,87,67,92,80,50,60,0,84,92
l27,13=0,68,0,0,23,3,65,22,0,3,43,37,30,23,64,0,78,96,54,50,74,0,0,0,36,26,3,2,0,0,0,97,49,30,0,47,36,0,21,24,60,58,0,0,0
l28,13=5,63,4,19,16,33,0,13,0,21,25,52,0,22,65,0,80,96,57,49,62,0,0,0,13,31,0,0,0,0,100,0,28,52,0,50,56,48,25,22,85,86,20,16,0
l29,13=0,0,0,0,0,0,0,0,0,0,0,0,0,0,0,0,0,1,0,36,0,70,17,71,76,78,74,80,0,0,77,50,0,94,0,91,93,94,95,93,94,3,34,54,0
l30,13=0,0,0,0,0,0,0,0,0,0,0,0,0,0,0,0,35,56,0,43,45,83,1,28,36,80,14,86,0,0,68,66,86,0,0,91,93,93,95,93,94,92,0,20,0
l31,13=0,0,0,0,0,0,0,0,0,0,0,0,0,0,0,0,0,0,0,36,0,43,19,76,76,79,75,82,0,0,77,79,86,93,0,0,93,94,94,81,88,92,0,0,0
l32,13=0,0,0,0,0,0,0,0,0,0,0,0,0,0,0,0,0,0,0,0,0,68,0,73,3,65,66,85,0,0,67,80,86,91,0,91,0,94,95,93,88,92,0,0,0
l33,13=0,0,0,0,0,0,0,0,0,0,0,0,0,0,0,0,0,56,0,0,0,69,0,54,0,0,62,53,0,0,0,72,86,87,0,91,93,0,95,89,90,65,0,0,0
l34,13=0,0,0,0,0,0,0,0,0,0,0,0,0,0,30,0,0,62,0,44,0,83,26,28,79,80,68,90,0,0,83,89,86,94,0,91,93,94,0,93,98,96,41,28,20
l35,13=0,0,0,0,0,3,0,0,0,0,0,0,0,0,13,0,0,84,42,81,69,67,0,29,51,27,24,86,0,0,99,75,86,93,0,53,93,94,95,0,98,96,28,10,0
l36,13=0,0,0,0,0,10,0,0,0,0,26,0,0,0,60,0,0,96,48,50,72,0,0,0,38,29,17,32,0,0,100,97,86,94,0,91,63,91,95,93,0,96,11,0,0
l37,13=0,0,0,0,0,0,0,0,0,0,0,0,0,0,47,0,0,92,40,64,55,70,0,23,57,29,24,38,0,0,99,86,41,83,0,55,59,39,95,93,98,0,0,0,0
l38,13=0,0,0,0,0,0,0,0,0,0,3,0,2,0,18,0,3,0,69,83,58,0,28,81,95,90,92,0,0,0,0,8,26,0,0,0,0,0,22,10,0,0,0,91,94
l39,13=0,0,0,0,0,0,0,0,0,0,3,7,3,6,75,0,1,70,47,49,38,31,11,79,95,87,92,65,0,0,0,0,32,6,0,0,0,0,9,0,0,0,92,0,94
l40,13=0,0,0,0,0,0,0,0,0,0,0,0,0,0,51,0,0,71,16,84,60,69,63,59,94,97,90,86,0,0,0,0,0,0,0,0,0,0,1,0,0,0,92,90,0
l41,13=0,0,0,0,0,0,0,1,0,0,22,4,34,0,36,0,43,87,87,89,92,56,7,79,96,92,86,87,0,0,21,0,1,0,0,0,0,0,5,0,1,8,94,93,91
l42,13=0,0,0,0,0,0,0,0,0,0,0,0,0,0,80,0,0,0,0,89,57,1,7,90,95,97,92,90,0,0,0,0,8,14,0,0,8,0,16,0,0,0,92,90,94
l43,13=0,0,0,0,0,0,0,0,0,0,0,5,1,0,13,0,7,2,51,73,66,85,47,72,89,85,92,86,0,0,0,0,0,9,0,0,49,0,25,0,0,0,92,90,84
l44,13=0,0,0,0,0,0,0,0,0,0,18,0,0,0,74,0,50,0,27,79,78,93,60,88,92,94,90,79,0,0,0,0,10,51,0,0,0,0,0,1,0,12,92,90,89

l0,14=0,100,100,100,100,100,100,100,100,100,100,100,100,100,47,0,49,48,0,0,0,0,0,0,0,0,0,0,0,0,86,0,0,0,0,0,0,0,0,0,0,0,0,0,0
l1,14=96,0,100,100,100,100,100,100,100,71,100,100,100,100,41,0,100,99,99,59,0,0,0,0,0,0,32,0,0,0,97,22,0,0,0,0,0,0,0,0,0,0,0,0,0
l2,14=96,100,0,100,100,100,100,100,100,100,100,100,100,100,96,0,97,97,88,61,0,0,0,0,0,0,0,0,0,0,0,0,0,0,0,0,0,0,0,0,0,0,0,0,0
l3,14=96,100,100,0,100,100,100,100,100,60,62,86,100,100,46,0,54,89,91,0,0,0,0,0,0,0,0,0,0,0,96,82,0,0,0,0,0,0,0,0,0,0,0,0,0
l4,14=96,100,100,100,0,0,100,100,100,60,61,100,100,97,59,0,59,95,93,0,0,0,0,0,0,0,0,0,0,0,100,19,0,0,0,0,0,0,0,0,21,0,0,0,0
l5,14=96,100,100,100,0,0,100,100,100,100,100,100,100,100,56,0,49,0,98,60,52,0,0,0,0,0,0,0,0,0,100,100,0,0,0,0,0,0,0,0,2,0,0,0,0
l6,14=96,100,100,100,100,100,0,100,100,100,100,100,100,100,2,0,100,68,99,87,1,2,0,0,0,0,0,0,0,0,90,35,0,0,0,0,0,0,0,0,0,0,0,57,0
l7,14=96,100,100,100,100,100,100,0,100,100,100,100,100,100,98,0,100,0,100,86,88,0,0,61,84,72,84,0,0,0,0,0,0,0,0,0,0,0,0,0,0,0,0,0,0
l8,14=96,100,100,100,100,100,100,100,0,100,100,100,100,100,98,0,100,90,100,91,0,63,0,96,89,81,98,92,0,0,0,0,0,0,0,0,0,0,0,0,0,0,0,82,0
l9,14=96,90,100,100,100,100,100,100,100,0,100,100,100,100,95,0,100,95,0,100,38,65,0,49,95,88,91,98,0,0,68,0,0,0,0,0,0,0,0,0,0,0,0,0,0
l10,14=57,96,92,82,71,100,100,100,100,100,0,100,100,100,58,0,100,91,100,64,61,0,0,60,98,99,98,56,0,0,95,25,0,0,0,0,0,0,0,0,88,0,89,25,0
l11,14=96,100,100,77,100,100,100,100,100,100,100,0,100,100,98,0,100,91,100,100,75,74,0,47,91,92,99,94,0,0,71,82,0,0,0,0,0,0,0,0,0,0,0,55,46
l12,14=55,100,100,85,62,98,100,100,100,100,100,100,0,100,98,0,100,0,100,81,65,67,54,51,100,99,95,0,0,0,0,93,0,0,0,0,0,0,0,0,0,0,0,95,0
l13,14=87,100,100,100,100,100,100,100,100,100,100,100,100,0,98,0,100,26,100,62,61,61,0,0,99,99,54,56,0,0,73,81,0,0,0,0,0,0,0,0,0,0,0,70,0
l14,14=31,47,93,37,29,33,25,97,69,31,23,96,99,65,0,0,100,99,100,65,100,35,1,42,98,97,98,60,0,0,82,98,0,21,0,0,0,0,0,80,94,53,41,94,86
l15,14=48,96,98,78,54,44,94,99,69,60,61,100,100,99,98,0,0,96,100,64,66,79,2,57,92,98,99,97,0,0,99,99,0,0,0,0,0,0,0,1,63,0,55,56,68
l16,14=4,62,59,32,23,0,50,0,26,22,32,90,0,0,60,0,55,0,100,100,66,0,0,27,95,94,96,91,0,0,100,100,79,8,0,10,0,0,69,100,100,48,1,33,58
l17,14=0,91,57,66,42,56,92,99,70,0,100,100,100,72,98,0,100,100,0,100,100,0,53,59,98,97,94,88,0,0,99,99,0,0,0,0,0,0,69,0,0,59,84,97,85
l18,14=0,86,59,0,0,58,94,82,68,61,60,97,98,70,98,0,62,100,100,0,97,96,63,63,99,97,98,97,0,0,97,98,76,10,0,0,0,0,75,97,98,97,98,98,90
l19,14=0,0,0,0,0,56,46,97,0,23,60,97,98,67,98,0,100,100,100,100,0,80,0,91,100,99,100,96,0,0,97,98,0,0,0,0,0,0,0,98,98,97,98,98,90
l20,14=0,0,0,0,0,0,43,0,93,85,0,90,92,51,89,0,100,0,0,98,90,0,99,99,99,97,98,99,0,0,0,0,90,97,0,81,90,85,98,92,0,91,98,93,92
l21,14=0,0,0,0,0,0,0,33,0,0,0,0,98,0,85,0,39,0,97,98,0,100,0,99,99,97,98,100,0,0,0,0,98,0,0,0,0,0,93,0,0,0,0,95,93
l22,14=0,0,0,0,0,0,0,91,98,51,99,83,88,0,98,0,100,90,97,98,97,100,99,0,100,99,100,100,0,0,0,86,95,91,0,61,98,91,79,92,66,72,98,94,94
l23,14=0,0,0,0,0,0,0,74,86,91,99,97,98,96,98,0,45,99,97,98,97,98,99,100,0,99,100,97,0,0,93,94,98,97,0,95,89,90,96,93,1,97,98,98,97
l24,14=0,0,0,0,0,0,0,82,64,55,99,88,98,96,98,0,100,94,97,98,97,99,99,100,100,0,100,97,0,0,90,88,98,97,0,52,90,10,97,85,89,97,98,98,97
l25,14=0,2,0,0,0,0,0,81,98,87,99,97,96,50,98,0,100,99,97,98,97,98,99,100,100,99,0,97,0,0,35,0,98,96,0,95,96,94,92,84,87,93,98,99,97
l26,14=0,0,0,0,0,0,0,20,95,97,70,95,56,54,95,0,98,70,93,98,85,98,99,99,98,96,98,0,0,0,79,0,96,95,0,92,97,86,98,96,85,91,70,94,97
l27,14=50,61,0,53,58,58,81,9,0,16,29,87,0,44,60,0,62,100,100,64,56,0,0,0,98,95,4,92,0,0,0,100,84,49,0,28,36,64,75,100,99,100,0,30,0
l28,14=3,1,0,45,22,63,15,0,0,0,1,87,84,37,60,0,62,100,100,64,55,0,0,27,96,83,0,0,0,0,100,0,83,47,0,50,59,62,70,100,99,100,9,3,0
l29,14=0,0,0,0,0,0,0,0,0,0,0,0,0,0,0,0,0,84,0,59,0,48,45,99,99,97,98,99,0,0,97,97,0,99,0,98,100,100,100,100,100,100,0,68,0
l30,14=0,0,0,0,0,0,0,0,0,0,0,0,0,0,48,0,0,82,33,47,0,87,0,94,99,96,98,97,0,0,95,96,100,0,0,98,100,100,100,100,100,100,48,58,72
l31,14=0,0,0,0,0,0,0,0,0,0,0,0,0,0,0,0,0,80,0,0,0,50,0,60,90,78,94,91,0,0,79,91,100,99,0,0,100,100,100,93,100,100,28,1,0
l32,14=0,0,0,0,0,0,0,0,0,0,0,0,0,0,0,0,0,0,0,0,0,76,0,96,86,94,97,99,0,0,85,95,100,99,0,98,0,100,100,100,82,100,0,0,0
l33,14=0,0,0,0,0,0,0,0,0,0,0,0,0,0,0,0,0,0,0,0,0,39,0,90,87,0,95,87,0,0,91,77,100,93,0,98,100,0,92,93,91,81,0,0,0
l34,14=0,0,0,0,0,0,0,0,0,0,0,0,0,0,0,0,0,70,74,94,0,62,39,51,99,89,97,100,0,0,99,89,100,99,0,98,100,100,0,100,100,100,29,0,0
l35,14=0,0,0,0,0,0,0,0,0,0,0,0,0,0,91,0,0,100,0,98,75,58,0,97,91,92,95,97,0,0,100,98,100,91,0,60,100,65,100,0,100,100,0,56,0
l36,14=0,0,0,0,51,49,0,0,0,0,58,0,0,0,60,0,29,100,0,100,59,0,0,57,98,97,98,97,0,0,100,100,100,99,0,69,63,65,100,100,0,100,0,62,0
l37,14=0,0,0,0,0,0,0,0,0,0,0,0,0,0,58,0,0,100,86,100,53,21,0,32,100,97,94,91,0,0,100,100,99,80,0,96,99,35,100,100,100,0,18,36,0
l38,14=0,0,0,0,0,0,0,0,0,0,57,0,0,0,93,0,34,5,79,89,85,90,0,96,99,96,98,6,0,0,0,14,0,4,0,0,0,0,14,0,0,6,0,98,97
l39,14=0,0,0,0,0,0,30,6,42,0,1,55,55,35,93,0,12,49,88,95,56,70,32,49,99,96,98,59,0,0,35,0,87,15,0,0,0,0,0,14,73,19,99,0,97
l40,14=0,0,0,0,0,0,0,0,0,0,0,0,0,0,96,0,81,89,89,95,93,74,4,93,98,96,97,96,0,0,0,0,0,50,0,0,0,0,0,0,0,0,98,98,0
l41,14=0,0,0,0,0,0,2,0,0,57,95,62,98,0,97,0,94,99,96,97,97,59,0,99,99,97,98,97,0,0,66,67,88,0,0,0,0,0,0,2,0,84,99,99,97
l42,14=0,0,0,0,0,0,0,0,0,0,0,0,49,0,95,0,0,13,88,98,40,94,62,99,99,97,98,97,0,0,0,0,3,3,0,0,28,0,0,0,0,0,98,98,97
l43,14=0,0,0,0,0,0,0,0,0,0,0,0,0,0,81,0,0,61,79,85,80,95,84,95,98,96,98,96,0,0,0,0,60,86,0,76,84,0,75,64,0,29,98,98,97
l44,14=0,0,0,0,0,0,0,0,0,0,0,0,74,0,92,0,84,62,85,97,85,97,86,96,99,96,98,92,0,0,0,0,0,83,0,0,0,0,0,0,0,0,98,98,97

l0,15=0,100,100,100,100,100,100,100,100,100,100,100,100,99,80,0,100,88,93,61,0,0,0,0,0,0,0,0,0,0,94,76,0,0,0,0,0,0,0,0,0,0,0,0,0
l1,15=100,0,100,100,100,100,100,100,100,100,100,100,100,99,0,0,100,78,98,60,0,0,0,0,0,0,0,0,0,0,65,50,0,0,0,0,0,0,0,0,0,0,0,0,0
l2,15=100,100,0,100,100,100,100,100,100,100,100,100,97,99,78,0,100,78,60,62,2,0,0,0,0,0,0,0,0,0,11,0,0,0,0,0,0,0,0,0,0,0,0,0,0
l3,15=100,100,100,0,100,100,100,100,100,94,100,100,100,99,59,0,58,76,57,42,0,0,0,0,0,0,0,0,0,0,72,74,0,0,0,0,0,0,0,0,0,0,0,0,0
l4,15=100,100,98,100,0,100,100,100,100,98,61,90,100,99,61,0,62,78,15,59,0,0,0,0,0,0,0,0,0,0,64,14,0,0,0,0,0,0,0,0,0,0,0,0,0
l5,15=100,100,100,100,100,0,100,100,100,100,97,100,100,99,62,0,62,71,58,57,90,0,0,0,0,0,0,0,0,0,62,69,0,0,0,0,0,0,0,0,43,0,0,0,0
l6,15=100,100,100,100,100,100,0,100,100,100,100,100,100,99,0,0,100,94,100,98,47,9,0,0,2,0,0,0,0,0,57,0,0,0,0,0,0,0,0,0,0,0,0,0,0
l7,15=100,100,100,100,100,100,100,0,100,100,100,100,100,99,100,0,100,99,100,99,99,99,0,92,0,98,95,98,0,0,0,0,0,0,0,0,0,0,0,0,0,0,0,0,0
l8,15=100,100,100,100,100,100,100,100,0,100,100,100,100,99,100,0,100,96,100,99,98,34,0,97,98,37,98,97,0,0,0,85,0,0,0,0,0,0,0,0,0,0,13,0,0
l9,15=100,100,100,100,100,100,100,100,100,0,100,100,100,99,100,0,100,78,100,99,92,95,0,97,11,99,94,99,0,0,0,41,0,0,0,0,0,0,0,0,0,0,3,57,0
l10,15=62,61,97,98,65,98,66,97,100,100,0,100,100,99,98,0,62,75,100,58,87,0,0,97,98,97,98,60,0,0,20,38,0,0,0,0,0,0,0,0,3,0,67,60,57
l11,15=100,100,100,97,100,100,100,100,100,100,100,0,100,99,100,0,100,76,100,99,99,97,0,32,96,93,88,27,0,0,26,67,0,0,0,0,0,0,0,0,0,0,0,7,0
l12,15=100,100,93,99,39,100,100,100,100,100,100,100,0,99,76,0,100,77,100,68,98,97,76,96,99,100,97,0,0,0,30,64,0,0,0,0,0,0,0,0,0,0,0,58,0
l13,15=100,100,100,96,100,100,100,100,100,100,100,100,100,0,61,0,100,76,58,58,48,96,0,69,95,96,41,61,0,0,37,40,0,0,0,0,0,0,0,0,0,0,0,0,0
l14,15=57,0,93,90,42,45,0,98,99,65,57,58,97,90,0,0,100,93,100,73,99,94,0,71,96,99,96,28,0,0,62,86,0,83,0,0,0,0,0,11,77,7,68,62,59
l15,15=61,64,94,91,45,62,66,100,99,71,61,62,100,97,100,0,0,78,100,60,100,98,59,89,99,97,99,63,0,0,35,72,0,16,0,0,0,0,0,36,78,16,67,62,59
l16,15=46,52,86,95,61,50,50,91,75,54,61,61,100,97,100,0,63,0,100,99,100,37,0,83,99,1,100,41,0,0,100,99,93,57,0,0,0,0,96,57,87,77,0,62,52
l17,15=57,64,95,90,43,62,66,99,99,71,100,100,100,97,100,0,100,100,0,99,100,98,91,97,99,100,99,62,0,0,100,92,0,0,0,0,0,0,54,0,86,91,77,83,57
l18,15=48,50,87,49,57,48,48,99,99,72,61,62,99,97,100,0,62,100,100,0,99,99,99,97,99,99,99,64,0,0,64,87,71,94,0,0,0,0,96,90,86,0,74,99,59
l19,15=0,0,0,0,0,59,56,99,99,63,61,97,99,74,100,0,100,100,100,99,0,99,50,97,99,100,100,59,0,0,75,89,54,0,0,0,0,0,99,93,86,99,74,62,59
l20,15=0,0,0,0,0,0,66,95,57,71,0,93,96,78,2,0,92,64,94,98,96,0,100,97,96,100,92,99,0,0,0,0,90,92,0,40,93,86,92,87,0,0,94,96,67
l21,15=0,0,0,0,0,0,0,59,0,0,0,0,96,79,0,0,92,0,94,97,52,100,0,99,99,91,95,99,0,0,0,0,86,0,0,0,11,0,65,0,0,0,78,97,95
l22,15=0,0,0,0,0,0,0,88,87,56,96,4,96,67,92,0,92,53,92,97,98,99,95,0,99,100,99,99,0,0,0,7,90,66,0,73,94,91,92,73,65,73,98,96,96
l23,15=0,0,0,0,0,0,0,0,81,0,96,92,96,90,99,0,94,97,96,90,98,95,97,97,0,100,100,97,0,0,74,75,97,97,0,96,0,85,89,92,69,94,98,99,100
l24,15=0,0,0,0,0,0,0,95,73,94,100,94,99,98,100,0,97,76,98,98,99,99,99,97,99,0,100,98,0,0,76,87,90,95,0,97,98,0,97,91,94,99,98,99,98
l25,15=0,0,0,0,0,0,0,84,88,48,96,38,95,16,100,0,92,79,84,98,99,95,94,97,99,100,0,97,0,0,0,0,90,57,0,93,94,90,77,91,59,73,98,99,98
l26,15=0,0,0,0,0,0,0,92,84,85,91,49,19,89,88,0,90,73,87,97,59,99,99,97,99,98,98,0,0,0,0,0,89,89,0,91,88,80,94,80,85,54,92,95,100
l27,15=53,55,58,99,64,51,34,0,0,0,1,60,99,87,61,0,61,100,60,51,61,0,0,0,98,96,0,0,0,0,0,100,92,61,0,63,64,82,100,83,87,100,47,61,0
l28,15=52,1,0,99,15,52,0,0,76,0,0,62,99,70,61,0,62,100,56,51,67,0,0,35,98,97,2,0,0,0,100,0,99,62,0,63,74,99,100,57,87,100,6,56,0
l29,15=0,0,0,0,0,0,0,0,0,0,0,0,0,0,0,0,0,95,0,3,4,97,88,99,99,87,100,99,0,0,69,100,0,100,0,100,100,100,100,97,98,100,92,95,9
l30,15=0,0,0,0,0,0,0,0,0,0,0,0,0,0,76,0,30,95,4,93,0,99,0,92,99,88,96,98,0,0,91,99,100,0,0,100,100,100,100,97,98,100,6,0,50
l31,15=0,0,0,0,0,0,0,0,0,0,0,0,0,0,0,0,0,37,0,2,0,52,0,94,94,92,99,95,0,0,94,89,100,100,0,0,100,100,100,97,98,100,45,0,47
l32,15=0,0,0,0,0,0,0,0,0,0,0,0,0,0,0,0,0,0,0,0,0,95,0,96,0,91,99,95,0,0,94,88,100,100,0,100,0,100,100,97,97,100,0,14,0
l33,15=0,0,0,0,0,0,0,0,0,0,0,0,0,0,0,0,0,0,0,0,0,95,0,94,94,0,99,94,0,0,94,88,100,93,0,100,100,0,100,96,93,100,0,0,0
l34,15=0,0,0,0,0,0,0,0,0,0,0,0,0,0,0,0,0,78,19,60,61,99,5,97,99,98,98,98,0,0,83,99,100,100,0,100,100,100,0,97,98,100,66,0,49
l35,15=0,0,0,0,0,0,0,0,0,0,0,0,0,0,48,0,59,100,0,56,61,99,0,97,99,97,100,64,0,0,83,63,100,100,0,63,100,100,100,0,98,100,1,0,0
l36,15=0,0,0,0,3,58,0,0,0,0,0,0,0,0,98,0,91,100,74,60,61,0,0,96,93,97,99,99,0,0,83,63,99,97,0,63,74,100,100,97,0,100,0,17,0
l37,15=0,0,0,0,0,0,0,0,0,0,0,0,0,0,8,0,3,100,51,7,61,0,0,94,94,100,99,31,0,0,83,63,100,100,0,100,100,100,100,97,98,0,0,0,0
l38,15=0,0,0,0,0,0,0,6,3,0,54,0,0,0,66,0,48,0,76,93,78,89,29,87,98,91,96,80,0,0,10,0,70,0,0,0,0,0,32,0,0,0,0,99,100
l39,15=0,0,0,0,0,0,0,0,0,40,35,0,43,0,88,0,58,64,89,91,77,75,66,70,93,80,99,47,0,0,31,37,66,0,0,0,0,0,0,0,0,0,99,0,100
l40,15=0,0,0,0,0,0,0,0,0,0,67,0,0,0,83,0,79,78,84,92,84,18,65,81,99,83,87,94,0,0,0,0,0,61,0,37,0,0,63,0,0,0,98,99,0
l41,15=0,0,0,0,0,0,0,0,35,4,73,32,55,62,99,0,87,97,96,91,99,87,0,95,99,99,99,96,0,0,55,23,6,68,0,0,0,0,0,0,0,26,98,100,100
l42,15=0,0,0,0,0,0,0,0,0,0,0,0,55,0,66,0,0,65,68,94,63,91,66,92,99,99,91,93,0,0,0,0,2,27,0,1,59,0,59,0,0,0,98,99,100
l43,15=0,0,0,0,0,0,0,0,0,0,0,0,0,0,4,0,36,35,63,59,75,74,62,88,95,89,92,72,0,0,0,0,0,54,0,59,53,0,58,58,0,0,96,98,98
l44,15=0,0,0,0,0,0,0,0,0,0,0,0,23,0,62,0,54,4,15,93,49,95,59,85,98,87,96,91,0,0,0,0,65,53,0,0,53,0,0,0,0,0,96,99,100

