l0,0=0,98,95,94,99,93,67,100,92,95,93,52,94,75,26,0,86,0,45,36,0,0,0,0,0,0,0,0,0,0,60,58,0,0,0,0,0,0,0,0,19,0,0,0,0
l1,0=95,0,95,94,91,94,92,100,95,94,55,92,59,94,45,0,31,30,40,40,2,0,0,0,0,33,0,0,0,0,25,28,0,0,0,0,0,0,0,0,0,0,0,0,0
l2,0=95,99,0,94,95,94,92,100,95,95,93,92,95,94,54,0,86,77,58,59,84,6,0,0,0,6,72,0,0,0,26,63,0,0,0,0,0,0,0,0,0,0,0,0,0
l3,0=76,99,57,0,99,86,53,87,92,90,63,52,90,70,37,0,84,79,0,0,1,0,0,0,0,0,0,0,0,0,62,81,0,0,0,0,0,0,0,0,65,0,0,0,0
l4,0=95,93,57,94,0,94,51,87,88,91,90,20,73,71,28,0,47,0,0,0,0,0,0,0,0,0,0,0,0,0,19,28,0,0,0,0,0,0,0,0,0,0,0,0,0
l5,0=95,98,61,91,99,0,88,100,91,91,55,52,94,75,0,0,52,30,53,0,27,0,0,0,0,0,0,0,0,0,19,25,0,0,0,0,0,0,0,0,45,22,0,0,0
l6,0=76,99,95,92,91,94,0,100,95,97,93,28,95,75,41,0,53,29,48,52,33,0,0,0,0,0,3,0,0,0,23,0,0,0,0,0,0,0,0,0,0,0,0,0,0
l7,0=95,99,95,94,99,94,92,0,95,97,93,92,95,94,94,0,87,0,90,93,84,0,66,72,54,77,76,0,0,0,60,0,0,0,0,0,0,0,0,0,0,0,0,9,0
l8,0=75,99,95,94,94,94,92,100,0,97,93,92,95,94,52,0,78,29,63,82,50,0,28,51,36,63,63,37,0,0,10,0,0,0,0,0,0,0,0,0,0,0,0,16,0
l9,0=94,98,94,87,96,90,92,100,95,0,93,92,95,94,91,0,87,27,48,38,35,16,0,60,34,61,57,0,0,0,0,17,0,0,0,0,0,0,0,0,0,0,0,11,0
l10,0=58,45,41,0,84,34,54,83,92,94,0,53,95,79,53,0,87,31,86,86,59,13,17,75,65,83,79,43,0,0,1,17,0,0,0,0,0,0,0,0,16,0,4,2,0
l11,0=92,98,93,93,54,94,87,96,95,97,93,0,95,94,89,0,87,42,36,85,93,9,1,0,61,38,62,39,0,0,0,14,0,0,0,0,0,0,0,0,0,0,11,10,0
l12,0=71,61,93,68,66,94,90,92,92,94,93,92,0,94,89,0,87,48,86,86,93,0,1,31,4,61,74,42,0,0,19,25,0,0,0,0,0,0,0,0,0,0,0,27,29
l13,0=92,99,95,91,95,94,89,100,95,97,56,92,95,0,89,0,87,51,86,58,75,17,0,54,0,81,0,0,0,0,9,17,0,0,0,0,0,0,0,0,0,0,1,0,5
l14,0=7,15,13,34,59,2,23,60,83,74,19,27,62,85,0,0,82,37,90,92,99,0,12,54,0,61,66,34,0,0,12,18,0,53,0,0,0,0,0,0,24,3,13,13,17
l15,0=14,14,23,25,26,31,27,86,87,89,93,92,78,94,92,0,0,20,90,46,82,20,12,81,68,84,79,60,0,0,11,18,21,0,0,0,0,0,0,38,23,1,17,2,8
l16,0=0,11,16,35,0,9,4,0,78,32,31,26,56,82,63,0,28,0,53,58,61,0,0,57,69,67,67,0,0,0,30,33,13,5,0,29,0,35,58,13,52,42,30,32,11
l17,0=17,13,10,0,0,31,26,63,78,64,57,24,59,90,94,0,87,83,0,93,86,25,1,76,74,52,74,44,0,0,27,20,0,0,0,0,0,0,0,0,17,14,30,0,9
l18,0=24,21,20,0,0,0,23,58,87,25,56,27,62,40,81,0,21,83,86,0,99,53,43,92,77,87,88,82,0,0,14,3,25,36,0,44,0,0,54,0,52,30,35,39,38
l19,0=0,0,17,0,0,24,19,40,32,48,55,52,77,47,94,0,86,83,90,93,0,49,34,89,84,88,82,21,0,0,55,54,0,18,0,0,0,0,0,17,72,36,23,67,32
l20,0=0,0,4,0,0,0,0,0,1,48,31,23,0,59,0,0,79,1,75,91,84,0,91,99,72,88,90,96,0,0,0,0,72,78,0,86,82,28,77,64,0,46,62,60,54
l21,0=0,0,0,0,0,0,0,65,82,0,79,2,0,0,35,0,75,0,0,83,81,95,0,88,84,67,75,96,0,0,0,0,63,80,0,0,5,0,68,59,0,0,33,0,72
l22,0=0,0,0,0,0,0,0,52,65,58,71,0,20,65,77,0,75,30,54,89,87,93,76,0,84,75,92,96,0,0,0,24,93,89,0,86,85,39,82,55,75,50,50,67,77
l23,0=0,0,0,0,0,0,0,22,11,23,72,44,0,0,0,0,77,76,76,82,85,75,91,99,0,90,92,96,0,0,0,20,73,65,0,29,31,0,61,0,0,38,62,67,93
l24,0=0,10,0,0,0,0,0,52,55,51,86,18,45,77,83,0,84,42,39,91,88,93,60,78,86,0,92,88,0,0,0,19,0,78,0,46,35,20,36,63,22,40,63,67,77
l25,0=0,0,23,0,0,0,0,57,72,41,76,38,82,0,52,0,76,51,71,91,80,72,83,100,86,90,0,93,0,0,18,0,90,58,0,53,58,44,55,60,43,47,63,67,74
l26,0=0,0,0,0,0,0,0,0,54,1,67,64,71,15,59,0,82,0,67,91,62,94,91,99,84,87,90,0,0,0,0,0,85,87,0,97,54,36,91,76,39,28,63,53,90
l27,0=43,30,5,33,23,27,27,33,18,0,24,0,31,23,56,0,16,83,24,50,55,0,0,0,0,0,20,0,0,0,0,89,50,85,0,85,20,43,45,92,67,53,1,0,29
l28,0=41,31,19,29,24,29,0,0,0,43,27,21,39,46,51,0,14,83,21,4,75,0,0,57,62,70,0,0,0,0,92,0,81,91,0,81,70,49,43,89,95,89,0,0,16
l29,0=0,0,0,0,0,0,0,0,0,0,0,0,0,0,0,0,19,11,0,47,0,67,65,98,66,0,91,74,0,0,45,88,0,97,0,99,97,100,94,98,95,96,3,0,0
l30,0=0,0,0,0,0,0,0,0,0,0,0,0,0,0,4,0,0,0,0,41,1,75,49,90,67,77,39,47,0,0,92,84,100,0,0,99,97,100,94,98,95,96,16,18,21
l31,0=0,0,0,0,0,0,0,0,0,0,0,0,0,0,0,0,0,18,0,47,0,83,33,89,58,64,29,89,0,0,82,78,100,97,0,0,97,100,94,98,95,96,16,0,36
l32,0=0,0,0,0,0,0,0,0,0,0,0,0,0,0,0,0,0,0,0,0,0,74,33,88,62,63,67,62,0,0,9,72,100,97,0,99,0,100,94,98,85,88,16,0,0
l33,0=0,0,0,0,0,0,0,0,0,0,0,0,0,0,0,0,0,27,0,0,0,45,0,82,0,50,67,69,0,0,62,76,100,97,0,99,97,0,92,91,89,39,0,0,0
l34,0=0,0,0,0,0,0,0,0,0,0,0,0,0,0,0,0,0,24,0,83,0,85,41,91,76,64,36,90,0,0,90,83,100,97,0,99,97,97,0,98,95,96,16,8,0
l35,0=0,0,0,0,0,0,0,0,0,0,0,0,0,0,0,0,14,14,0,0,12,46,37,82,0,81,37,29,0,0,92,88,100,97,0,99,97,99,94,0,95,96,0,0,0
l36,0=0,0,0,0,0,25,0,0,0,0,21,0,0,0,57,0,16,32,23,57,57,0,0,88,0,72,36,22,0,0,34,88,91,97,0,93,86,58,81,98,0,96,0,2,0
l37,0=0,0,0,0,0,25,0,0,0,0,0,0,0,0,11,0,13,34,23,84,49,43,0,83,65,73,37,20,0,0,92,88,98,97,0,97,86,47,94,98,95,0,14,0,0
l38,0=0,0,0,0,0,0,0,0,0,0,37,27,0,0,61,0,65,46,54,78,61,57,24,59,74,86,87,80,0,0,0,0,0,38,0,27,9,0,39,0,0,0,0,67,93
l39,0=0,0,0,0,0,0,0,1,21,7,18,7,46,0,51,0,55,46,1,81,78,38,0,80,84,80,92,33,0,0,0,0,0,41,0,0,0,0,25,0,7,0,66,0,93
l40,0=0,0,0,0,0,0,0,0,0,0,0,0,31,0,56,0,46,28,16,75,72,23,47,79,83,81,85,92,0,0,15,4,0,39,0,26,0,0,0,0,0,0,63,65,0
l41,0=0,0,0,0,0,0,0,0,0,37,48,3,0,49,82,0,80,79,85,91,90,13,8,92,83,83,82,83,0,0,24,9,0,33,0,0,0,0,0,15,14,0,63,67,90
l42,0=0,0,0,0,0,0,0,0,0,2,23,0,0,0,38,0,25,37,40,70,64,57,63,94,84,82,90,62,0,0,0,0,0,35,0,0,0,0,0,0,0,0,63,67,83
l43,0=0,0,0,0,0,0,0,0,0,0,23,0,0,0,0,0,17,5,53,76,51,62,56,95,83,86,79,81,0,0,0,0,35,38,0,0,10,0,0,0,0,0,63,64,93
l44,0=0,0,0,0,0,0,0,0,0,0,8,11,0,0,52,0,11,17,44,63,53,59,65,65,82,88,90,84,0,0,0,0,39,0,0,0,0,0,0,0,0,0,58,65,90

l0,1=0,94,98,95,94,97,93,94,93,60,46,79,84,93,65,0,84,41,0,4,0,0,0,0,0,0,0,0,0,0,52,0,0,0,0,0,0,0,0,0,0,0,0,0,0
l1,1=94,0,90,95,94,97,96,94,93,60,42,94,47,93,60,0,83,0,31,10,59,0,0,0,0,0,0,0,0,0,80,0,0,0,0,0,0,0,0,0,0,0,0,0,0
l2,1=95,94,0,95,95,97,96,99,98,62,46,94,84,93,67,0,85,72,40,8,56,0,0,4,0,46,15,0,0,0,31,37,0,0,0,0,0,0,0,0,0,0,0,0,0
l3,1=95,94,98,0,95,97,92,89,97,57,43,78,83,92,66,0,84,71,57,0,52,0,0,0,0,0,0,0,0,0,83,50,0,0,0,0,0,0,0,0,28,0,0,0,0
l4,1=95,94,94,95,0,97,90,89,93,58,40,77,84,89,0,0,82,59,1,0,0,0,0,0,0,0,0,0,0,0,82,11,0,0,0,0,0,0,0,0,0,0,0,0,0
l5,1=95,94,98,95,95,0,96,98,94,57,42,42,47,81,67,0,86,15,35,0,0,0,0,0,0,0,0,0,0,0,82,9,0,2,0,0,0,0,0,0,51,34,0,0,0
l6,1=95,94,98,70,90,97,0,99,98,60,46,44,84,93,61,0,84,39,30,9,53,0,0,0,0,0,0,0,0,0,83,28,0,0,0,0,0,0,0,0,0,0,0,0,0
l7,1=95,94,98,85,83,97,96,0,98,95,77,94,84,93,62,0,87,0,47,8,47,54,46,12,1,61,55,3,0,0,0,2,0,0,0,0,0,0,0,0,0,0,0,44,0
l8,1=93,94,98,95,90,97,96,99,0,95,74,94,84,93,71,0,86,52,65,43,18,61,39,17,33,50,62,12,0,0,44,33,0,0,0,0,0,0,0,0,0,0,0,0,0
l9,1=93,94,92,95,90,87,92,99,98,0,77,94,84,93,71,0,85,29,75,5,54,36,0,5,59,0,36,32,0,0,0,29,0,0,0,0,0,0,0,0,0,0,0,0,0
l10,1=91,86,78,56,56,94,92,94,87,93,0,93,84,93,56,0,86,79,75,59,71,43,54,15,2,73,74,56,0,0,63,0,0,1,0,0,0,0,0,0,0,0,38,32,7
l11,1=90,94,91,87,65,95,89,96,98,95,77,0,84,93,71,0,87,44,75,57,65,0,0,0,36,63,63,0,0,0,0,31,0,0,0,0,0,0,0,0,0,0,15,34,0
l12,1=93,42,90,60,88,94,92,94,84,93,77,94,0,93,71,0,86,81,75,59,77,44,0,13,32,68,47,58,0,0,0,12,0,0,0,0,0,0,0,0,0,0,43,0,6
l13,1=93,94,90,91,88,94,92,95,98,95,77,94,84,0,71,0,86,24,75,41,43,43,41,11,33,54,43,39,0,0,8,39,0,0,0,0,0,0,0,0,0,0,25,0,0
l14,1=28,31,40,44,3,51,25,38,55,68,57,59,72,73,0,0,87,40,76,64,80,54,53,59,34,40,42,44,0,0,73,39,0,0,0,0,0,0,1,0,48,31,40,40,64
l15,1=29,26,32,38,48,57,50,54,61,66,77,94,84,91,75,0,0,46,75,47,77,58,56,65,42,47,51,51,0,0,77,29,0,0,0,0,0,0,0,34,36,0,37,34,47
l16,1=26,0,27,31,37,16,9,0,14,57,60,4,15,44,60,0,77,0,40,53,74,47,0,32,41,23,35,48,0,0,89,90,0,47,0,0,19,0,6,46,71,35,61,59,29
l17,1=0,11,24,17,5,40,11,18,44,70,65,39,45,63,75,0,87,51,0,48,80,45,41,54,42,0,52,48,0,0,60,25,0,0,0,0,0,0,0,0,20,42,61,58,62
l18,1=2,20,9,0,0,20,16,10,35,41,48,24,34,39,63,0,49,85,38,0,80,59,55,55,72,73,81,51,0,0,67,63,47,42,0,22,0,0,36,57,38,25,66,70,1
l19,1=0,28,25,0,0,0,17,29,7,55,49,27,37,32,75,0,67,74,76,65,0,56,51,57,44,38,50,48,0,0,68,72,0,49,0,0,0,0,33,0,57,19,60,71,62
l20,1=0,0,0,0,0,0,0,47,55,45,39,0,55,48,50,0,47,44,56,56,71,0,82,75,67,72,76,72,0,0,4,0,65,55,0,44,67,61,73,26,40,32,71,68,68
l21,1=0,0,0,0,0,0,0,19,38,0,48,0,0,47,46,0,47,0,65,54,63,87,0,73,67,71,76,69,0,0,0,0,0,58,0,0,23,0,65,55,0,0,68,67,0
l22,1=0,0,0,0,0,0,0,44,48,0,23,1,43,32,53,0,45,41,56,47,61,80,67,0,73,57,84,75,0,0,0,0,66,61,0,54,59,51,60,59,47,32,66,66,62
l23,1=0,0,0,0,0,0,0,0,27,52,6,30,43,45,53,0,48,56,64,61,72,81,72,78,0,78,84,64,0,0,43,43,0,31,0,38,0,48,62,50,27,45,73,75,73
l24,1=0,0,28,0,0,4,0,50,30,0,54,45,60,61,53,0,50,53,0,61,68,82,65,66,74,0,84,62,0,0,0,51,0,42,0,0,38,0,29,68,50,45,74,69,72
l25,1=0,0,1,0,0,0,0,32,41,34,48,36,49,45,38,0,46,41,60,61,68,81,66,84,73,78,0,68,0,0,4,0,64,34,0,46,56,36,49,34,34,26,73,74,73
l26,1=0,0,0,0,0,0,0,15,19,39,51,0,54,47,48,0,41,43,57,52,66,87,72,84,65,71,76,0,0,0,0,0,63,62,0,55,62,20,73,64,52,44,73,69,73
l27,1=24,29,0,48,63,47,27,0,17,0,55,0,0,0,43,0,56,83,33,46,72,0,0,0,29,0,0,0,0,0,0,90,66,79,0,67,7,20,40,90,92,44,0,0,0
l28,1=0,0,19,22,11,20,1,0,25,34,1,13,1,41,41,0,40,84,19,52,74,0,0,1,36,31,0,0,0,0,90,0,73,74,0,66,67,0,47,75,92,91,9,15,16
l29,1=0,0,0,0,0,0,0,0,0,0,0,0,0,0,0,0,0,0,0,42,0,59,0,83,14,0,82,54,0,0,64,86,0,92,0,94,92,97,89,96,92,93,0,0,0
l30,1=0,0,0,0,0,0,0,0,0,0,0,0,0,0,0,0,0,45,0,42,56,55,50,74,33,36,35,60,0,0,87,64,79,0,0,94,92,97,89,96,92,94,32,50,0
l31,1=0,0,0,0,0,0,0,0,0,0,0,0,0,0,0,0,0,0,0,32,0,46,2,77,48,0,66,70,0,0,69,72,79,92,0,0,92,97,89,80,92,94,0,0,28
l32,1=0,0,0,0,0,0,0,0,0,0,0,0,0,0,0,0,0,44,0,0,0,61,45,67,0,34,64,51,0,0,46,67,79,92,0,94,0,97,89,96,67,89,0,0,0
l33,1=0,0,0,0,0,0,0,0,0,0,0,0,0,0,0,0,0,1,0,0,0,55,0,60,48,0,60,0,0,0,56,0,79,81,0,94,92,0,83,83,81,54,0,0,0
l34,1=0,0,0,0,0,0,0,0,0,0,0,0,0,0,20,0,0,56,0,53,58,74,54,63,63,50,64,70,0,0,67,79,79,92,0,94,92,93,0,96,92,94,28,49,0
l35,1=0,0,0,0,0,0,0,0,0,0,0,0,0,0,0,0,18,31,0,58,0,17,51,66,33,43,31,57,0,0,90,82,79,92,0,82,88,78,89,0,92,94,0,0,0
l36,1=0,0,0,0,0,33,0,0,0,0,0,0,0,0,17,0,33,83,4,50,75,29,0,56,20,14,9,41,0,0,90,89,76,91,0,86,81,81,87,91,0,93,0,44,0
l37,1=0,0,0,0,0,29,0,0,0,0,0,0,0,0,27,0,0,70,34,60,55,44,1,57,64,45,34,45,0,0,90,89,76,92,0,94,86,70,89,96,92,0,0,0,0
l38,1=0,0,0,0,0,0,0,0,0,0,28,5,21,9,51,0,43,32,57,51,47,73,45,56,60,71,65,56,0,0,0,0,0,29,0,0,0,0,14,0,0,0,0,74,74
l39,1=0,0,0,0,0,0,0,17,0,0,26,17,0,0,49,0,34,29,49,61,69,70,59,64,72,63,82,56,0,0,0,0,0,30,0,0,0,0,7,0,20,0,75,0,76
l40,1=0,0,0,0,0,0,0,0,0,0,4,0,0,0,39,0,29,9,56,1,58,57,0,45,62,67,68,55,0,0,0,9,0,0,0,0,0,0,0,0,0,0,73,73,0
l41,1=0,0,0,0,0,0,0,0,0,31,48,30,25,0,62,0,46,49,61,61,70,64,34,71,71,72,72,56,0,0,32,39,0,0,0,5,2,0,14,26,0,0,75,76,74
l42,1=0,0,0,0,0,0,0,0,0,0,0,0,0,0,43,0,32,41,52,51,47,63,56,64,72,70,82,56,0,0,0,0,0,0,0,0,5,0,0,0,0,8,72,74,74
l43,1=0,0,0,0,0,0,0,0,0,0,21,0,0,0,37,0,27,16,0,47,44,67,45,66,65,63,70,52,0,0,0,0,29,32,0,19,20,0,11,0,0,0,72,70,75
l44,1=0,0,0,0,0,0,0,0,0,0,0,0,21,20,41,0,13,26,46,44,58,67,51,47,61,70,76,62,0,0,19,0,24,0,0,0,0,0,25,0,0,0,73,70,74

l0,2=0,94,90,94,95,94,93,88,82,91,77,88,82,89,0,0,77,73,18,63,0,0,0,0,0,0,0,0,0,0,30,69,0,0,0,0,0,0,0,0,0,0,0,0,0
l1,2=95,0,90,88,91,94,96,85,85,91,76,91,82,89,77,0,77,75,74,57,40,0,0,0,0,0,0,0,0,0,68,65,0,0,0,0,0,0,0,0,0,0,0,0,0
l2,2=92,94,0,94,76,93,96,96,93,97,77,91,88,89,78,0,75,76,67,64,0,0,0,31,0,55,0,0,0,0,51,60,0,0,0,0,0,0,0,0,0,0,0,0,0
l3,2=95,94,90,0,95,94,94,89,89,91,77,91,87,89,78,0,3,0,71,0,0,0,0,0,0,0,0,0,0,0,64,56,0,0,0,0,0,0,0,0,0,0,0,0,0
l4,2=75,94,86,94,0,94,92,83,90,90,76,88,82,74,75,0,75,71,69,0,0,0,0,0,0,0,0,0,0,0,68,34,0,0,0,0,0,0,0,0,0,0,0,0,0
l5,2=72,94,90,53,93,0,96,85,93,91,78,88,87,89,80,0,75,71,71,63,0,0,0,0,0,0,0,0,0,0,68,64,0,0,0,0,0,0,0,0,0,0,0,0,0
l6,2=74,94,90,53,76,94,0,95,93,93,77,91,88,89,74,0,78,75,71,0,37,38,0,0,0,0,0,0,0,0,66,60,0,0,0,0,0,0,0,0,1,0,0,0,0
l7,2=92,90,90,52,74,88,96,0,93,97,77,91,87,89,62,0,79,0,78,57,58,1,17,49,44,65,50,0,0,0,0,0,0,0,0,0,0,0,0,0,0,0,0,0,0
l8,2=90,90,90,90,93,89,93,96,0,97,77,91,88,89,82,0,78,12,78,63,0,30,48,54,0,46,43,24,0,0,53,50,0,0,0,0,0,0,0,0,0,0,0,0,0
l9,2=89,90,88,83,88,87,93,94,92,0,77,91,88,89,82,0,74,76,78,61,57,38,5,0,57,50,49,36,0,0,35,47,0,0,0,0,0,0,0,0,0,0,0,40,0
l10,2=79,83,87,55,73,88,52,76,75,91,0,91,88,89,73,0,79,67,78,65,65,0,45,47,44,66,56,32,0,0,35,14,0,0,0,0,0,0,0,0,31,0,41,44,0
l11,2=89,90,88,76,87,87,89,96,92,97,77,0,88,89,82,0,79,71,78,42,70,56,53,7,47,66,51,0,0,0,63,28,0,0,0,0,0,0,0,0,0,0,46,53,0
l12,2=78,82,88,81,86,87,89,80,84,91,78,91,0,89,78,0,79,70,78,60,66,0,45,46,54,63,49,42,0,0,44,37,0,0,0,0,0,0,0,0,0,11,39,17,0
l13,2=91,90,88,81,53,87,93,92,92,97,77,91,88,0,80,0,79,68,65,47,63,0,0,48,46,51,0,0,0,0,48,42,0,0,0,0,0,0,0,0,0,0,0,0,0
l14,2=0,47,52,43,51,65,36,48,58,73,72,90,73,79,0,0,79,74,84,75,87,47,45,57,55,70,63,31,0,0,66,58,0,0,0,0,0,0,37,50,45,0,50,54,58
l15,2=46,55,47,0,48,51,81,80,70,57,77,91,88,89,88,0,0,72,78,65,71,55,59,62,55,66,57,36,0,0,67,58,0,0,0,0,0,0,0,37,48,49,50,49,38
l16,2=51,51,38,0,36,55,74,0,2,62,73,62,73,41,73,0,74,0,79,75,87,9,0,0,64,66,49,16,0,0,83,83,3,38,0,0,0,0,46,53,75,5,38,54,48
l17,2=0,49,35,19,42,59,40,60,52,66,78,91,88,66,89,0,78,76,0,66,87,49,52,57,59,42,0,35,0,0,59,37,0,5,0,0,0,0,0,3,54,36,51,52,58
l18,2=27,12,51,0,0,47,0,48,42,46,61,24,48,34,79,0,63,87,42,0,87,68,48,62,77,75,74,35,0,0,55,48,7,0,0,0,0,2,48,48,53,60,59,54,0
l19,2=0,1,0,0,0,0,0,52,0,54,72,61,64,57,89,0,78,88,84,75,0,51,0,55,71,74,52,43,0,0,44,59,0,25,0,0,0,0,0,0,57,58,55,61,58
l20,2=0,0,0,0,0,0,22,23,37,38,0,63,0,0,67,0,65,53,42,70,50,0,84,80,71,72,66,63,0,0,0,0,65,52,0,49,22,66,53,7,57,60,70,57,72
l21,2=0,0,0,0,0,0,0,1,43,0,51,52,48,0,46,0,61,0,39,62,0,78,0,79,70,68,64,55,0,0,0,0,0,0,0,0,31,0,0,0,5,0,57,57,0
l22,2=0,0,0,0,0,0,0,39,40,0,38,7,42,37,66,0,63,0,35,65,37,67,63,0,75,70,74,63,0,0,5,0,66,71,0,57,68,45,60,50,51,0,71,61,62
l23,2=0,0,0,0,0,0,0,27,0,42,38,40,54,36,62,0,60,71,44,70,60,64,61,81,0,79,74,55,0,0,22,23,52,49,0,37,52,40,51,30,36,65,72,66,77
l24,2=0,0,41,0,0,0,0,61,27,36,70,68,62,44,78,0,71,77,28,70,67,72,66,79,77,0,74,55,0,0,38,41,45,68,0,6,45,31,42,47,69,68,73,64,76
l25,2=0,0,0,0,0,0,0,31,24,31,60,39,39,0,71,0,63,42,0,71,41,67,57,85,77,79,0,51,0,0,13,0,48,56,0,37,69,33,37,0,55,32,72,63,75
l26,2=0,0,0,0,0,0,0,0,38,42,50,30,55,0,45,0,57,43,38,62,54,78,74,85,76,76,72,0,0,0,0,0,67,76,0,62,63,46,68,2,58,53,73,63,70
l27,2=2,82,41,15,76,78,56,0,47,51,68,76,56,58,77,0,76,88,74,75,70,0,0,20,54,63,10,0,0,0,0,83,66,82,0,70,26,67,75,86,94,82,38,21,0
l28,2=57,45,50,8,47,64,48,0,46,61,32,50,51,55,71,0,75,88,56,74,77,0,0,0,47,65,0,0,0,0,85,0,72,83,0,73,60,56,85,73,94,94,0,28,41
l29,2=0,0,0,0,0,0,0,0,0,0,0,0,0,0,0,0,0,0,0,18,0,69,0,85,64,57,54,62,0,0,46,58,0,92,0,94,94,97,93,88,94,96,0,13,0
l30,2=0,0,0,0,0,0,0,0,0,0,0,0,0,0,0,0,0,66,1,0,30,42,0,77,60,60,53,52,0,0,82,83,83,0,0,94,94,97,93,88,94,96,44,16,0
l31,2=0,0,0,0,0,0,0,0,0,0,0,0,0,0,0,0,0,0,0,28,0,52,0,77,63,37,60,61,0,0,47,66,83,92,0,0,94,97,93,87,94,96,60,0,0
l32,2=0,0,0,0,0,0,0,0,0,0,0,0,0,0,0,0,0,0,0,0,0,1,48,81,65,58,70,45,0,0,24,40,83,92,0,94,0,97,93,88,2,94,30,0,0
l33,2=0,0,0,0,0,0,0,0,0,0,0,0,0,0,0,0,0,0,0,0,0,57,0,56,63,1,34,32,0,0,67,24,83,92,0,94,94,0,93,83,93,89,0,0,0
l34,2=0,0,0,0,0,0,0,0,0,0,0,0,0,0,23,0,23,56,0,55,0,48,0,73,65,54,48,57,0,0,82,83,83,92,0,94,94,95,0,88,94,96,54,46,0
l35,2=0,0,0,0,0,0,0,0,0,0,0,0,0,0,54,0,53,60,3,54,0,9,0,64,51,53,0,0,0,0,81,78,83,92,0,87,94,96,93,0,94,96,0,0,0
l36,2=0,0,0,0,0,0,0,0,0,0,48,0,0,0,34,0,65,86,61,59,79,51,33,61,41,75,63,40,0,0,85,83,78,87,0,88,12,90,93,88,0,96,0,0,0
l37,2=0,0,0,0,0,0,0,0,0,0,0,0,32,0,12,0,60,53,34,75,54,50,9,1,73,75,42,35,0,0,85,83,81,92,0,90,90,90,93,88,94,0,54,0,0
l38,2=0,0,0,0,0,0,0,0,0,0,13,27,17,0,55,0,49,45,35,60,44,49,21,65,65,68,57,42,0,0,10,0,0,18,0,16,2,0,16,0,0,22,0,65,76
l39,2=0,0,0,0,0,0,0,0,0,16,20,47,3,0,60,0,54,65,39,65,61,54,48,67,75,73,72,45,0,0,5,4,4,5,0,0,0,0,34,0,0,0,73,0,78
l40,2=0,0,0,0,0,0,0,0,0,0,0,0,0,0,53,0,24,11,36,0,44,53,0,60,69,69,60,39,0,0,0,3,0,0,0,0,0,0,0,0,0,0,73,65,0
l41,2=0,0,0,0,0,0,0,0,0,0,59,42,41,51,73,0,67,74,60,69,38,58,22,71,74,72,66,36,0,0,32,25,0,0,0,0,1,0,38,0,29,0,74,67,74
l42,2=0,0,0,0,0,0,0,0,0,0,0,0,0,0,50,0,38,27,28,65,36,37,50,70,75,70,72,39,0,0,0,0,39,32,0,0,0,34,3,0,0,0,72,65,76
l43,2=0,0,0,0,0,0,0,0,0,0,0,0,0,0,51,0,10,0,27,41,25,64,39,72,66,66,64,45,0,0,0,0,0,0,0,0,0,0,30,0,0,0,70,59,75
l44,2=0,0,0,0,0,0,0,0,0,0,0,0,0,0,42,0,13,2,20,43,33,44,43,60,70,65,59,41,0,0,0,0,11,28,0,0,0,7,38,0,0,0,72,62,76

l0,3=0,95,85,97,92,92,85,98,97,91,0,41,84,93,72,0,2,11,11,0,0,0,0,0,0,0,0,0,0,0,11,70,0,0,0,0,0,0,0,0,0,0,0,0,0
l1,3=92,0,96,97,92,94,93,92,98,88,91,41,84,87,0,0,42,84,82,74,75,0,0,0,65,0,0,0,0,0,73,71,0,0,0,0,0,0,0,0,0,0,0,0,0
l2,3=67,94,0,95,86,92,93,98,98,91,91,78,88,93,80,0,42,85,0,75,3,0,0,0,0,0,23,0,0,0,80,0,0,0,0,0,0,0,0,0,0,0,0,0,0
l3,3=92,95,96,0,92,94,81,94,97,89,90,41,85,89,5,0,42,75,74,72,50,0,0,0,0,0,0,0,0,0,72,73,0,0,0,0,0,0,0,0,0,0,0,0,0
l4,3=92,95,94,97,0,94,90,89,98,89,81,41,83,86,76,0,34,0,82,0,0,0,0,0,0,0,0,0,0,0,3,0,0,0,0,0,0,0,0,0,0,0,0,0,0
l5,3=90,95,96,97,92,0,93,98,98,83,91,41,84,90,76,0,38,76,79,73,0,0,0,0,0,0,0,0,0,0,77,74,0,0,0,0,0,0,0,0,0,0,0,0,0
l6,3=85,95,96,86,88,94,0,98,97,91,89,41,85,93,79,0,43,85,85,0,72,0,0,40,0,47,0,0,0,0,66,0,0,0,0,0,0,0,0,0,0,0,0,0,0
l7,3=82,89,93,89,85,92,81,0,97,91,90,91,88,93,87,0,89,32,86,83,79,0,0,81,61,87,85,4,0,0,0,0,0,0,0,0,0,0,0,0,0,0,0,0,0
l8,3=82,89,94,90,87,92,81,98,0,91,90,91,88,93,88,0,52,82,86,84,83,0,81,72,44,76,79,67,0,0,75,0,0,0,0,0,0,0,0,0,0,0,0,67,0
l9,3=82,89,93,83,85,91,81,98,97,0,90,91,88,93,86,0,87,85,87,78,73,16,0,65,74,81,61,51,0,0,74,45,0,0,0,0,0,0,0,0,0,0,0,0,0
l10,3=0,88,93,77,58,92,76,84,92,89,0,90,89,93,89,0,89,72,89,75,83,75,51,70,52,82,79,66,0,0,65,74,0,0,0,0,0,0,0,0,0,0,0,53,0
l11,3=80,87,93,83,85,92,81,98,97,91,90,0,89,93,89,0,89,85,86,76,83,69,63,59,69,82,75,43,0,0,80,65,0,0,0,0,0,0,0,0,0,0,0,69,0
l12,3=74,83,93,80,71,92,81,94,94,91,91,92,0,93,90,0,89,82,85,72,79,24,67,37,71,75,75,68,0,0,62,56,0,0,0,0,0,0,0,0,0,49,3,48,0
l13,3=82,89,93,86,85,92,81,98,97,91,90,91,88,0,90,0,89,82,81,68,70,56,0,73,67,73,0,0,0,0,54,0,0,0,0,0,0,0,0,0,0,0,0,0,0
l14,3=59,0,72,0,65,76,62,80,94,79,89,91,87,89,0,0,89,90,93,84,97,62,67,62,61,86,84,10,0,0,62,76,0,0,0,0,0,0,16,69,4,0,68,63,67
l15,3=0,79,73,62,55,68,79,94,84,82,91,91,88,92,92,0,0,86,90,85,91,85,71,73,76,82,81,52,0,0,76,65,0,19,0,0,0,0,23,0,44,44,58,66,18
l16,3=0,82,61,38,0,61,69,27,63,61,68,78,72,71,95,0,88,0,71,89,97,51,0,46,61,87,68,56,0,0,95,92,0,70,0,0,0,0,68,78,85,63,56,65,53
l17,3=0,77,0,16,61,74,63,76,89,87,91,89,84,64,95,0,89,75,0,86,94,58,67,70,83,63,47,0,0,0,79,72,0,0,0,0,0,0,0,0,57,58,54,64,62
l18,3=0,53,65,2,0,64,0,72,79,75,79,74,60,57,92,0,87,94,92,0,97,81,78,70,89,90,96,76,0,0,90,71,0,29,0,39,0,21,58,12,62,72,53,68,51
l19,3=0,66,0,0,0,0,49,66,75,58,85,84,84,68,95,0,89,94,93,89,0,71,68,77,85,93,78,73,0,0,86,80,42,0,0,0,0,0,44,56,64,49,69,75,59
l20,3=0,0,0,0,0,0,0,0,0,2,68,67,35,54,74,0,82,60,59,82,70,0,98,86,72,87,79,90,0,0,0,0,74,59,0,49,72,60,77,29,27,0,71,71,78
l21,3=0,0,0,0,0,0,0,0,64,0,27,61,62,0,76,0,82,0,59,81,53,97,0,86,83,79,85,89,0,0,0,0,0,32,0,64,0,8,0,0,4,0,47,76,54
l22,3=0,0,0,0,0,0,3,72,34,37,60,43,24,69,69,0,67,46,60,64,64,89,79,0,83,87,96,91,0,0,28,0,58,72,0,68,80,50,76,49,30,40,71,63,50
l23,3=0,28,0,0,0,0,0,40,15,49,50,57,64,56,61,0,74,62,85,88,82,61,78,86,0,94,96,86,0,0,46,33,50,46,0,47,54,35,66,68,36,72,73,78,89
l24,3=0,0,0,0,0,0,29,73,54,54,79,71,67,62,82,0,77,78,44,86,79,95,70,91,89,0,95,80,0,0,0,35,46,65,0,56,46,44,60,60,54,65,70,81,87
l25,3=0,0,1,0,0,0,0,69,53,33,80,60,69,0,88,0,82,82,38,83,71,89,87,93,89,94,0,86,0,0,0,26,48,52,0,61,79,29,66,42,39,52,76,78,82
l26,3=0,0,0,0,0,0,0,39,47,34,76,49,71,1,33,0,59,63,7,79,77,97,93,93,84,82,86,0,0,0,0,0,70,78,0,85,80,38,83,77,48,56,73,68,84
l27,3=0,70,75,41,38,84,41,0,74,65,65,81,72,62,68,0,82,89,81,89,85,0,0,49,60,0,0,0,0,0,0,92,72,90,0,59,65,42,93,96,93,93,48,46,0
l28,3=56,67,0,62,7,81,0,0,0,26,71,52,64,0,85,0,83,94,79,87,86,1,0,0,56,56,50,0,0,0,95,0,78,95,0,56,82,74,95,98,93,96,44,50,0
l29,3=0,0,0,0,0,0,0,0,0,0,0,0,0,0,0,0,0,0,0,0,59,56,17,88,80,86,69,83,0,0,87,87,0,100,0,100,100,100,98,98,80,98,39,0,2
l30,3=0,0,0,0,0,0,0,0,0,0,0,0,0,0,0,0,43,88,0,60,0,85,57,91,77,89,85,89,0,0,94,92,97,0,0,100,100,100,98,98,93,98,63,0,52
l31,3=0,0,0,0,0,0,0,0,0,0,0,0,0,0,0,0,0,0,0,68,0,66,77,80,65,75,87,90,0,0,72,60,97,100,0,0,100,100,98,98,93,98,50,56,0
l32,3=0,0,0,0,0,0,0,0,0,0,0,0,0,0,0,0,0,0,0,0,0,84,0,93,88,72,96,90,0,0,84,91,97,100,0,100,0,100,98,98,93,98,0,0,0
l33,3=0,0,0,0,0,0,0,0,0,0,0,0,0,0,0,0,0,0,0,22,0,79,1,71,55,74,23,48,0,0,15,78,97,100,0,100,100,0,98,98,91,83,0,0,0
l34,3=0,0,0,0,0,0,0,0,0,0,0,0,0,0,0,0,39,80,0,71,23,81,0,84,75,78,76,84,0,0,95,92,97,100,0,100,100,99,0,98,93,98,0,0,2
l35,3=0,0,0,0,0,0,0,0,0,0,0,0,0,0,74,0,0,86,0,41,65,17,0,60,82,83,59,77,0,0,95,92,97,100,0,100,100,100,98,0,93,98,0,20,0
l36,3=0,0,0,0,3,0,0,0,0,0,0,0,0,0,0,0,82,89,85,88,89,18,28,60,74,84,84,73,0,0,95,92,86,100,0,98,93,92,98,98,0,98,41,0,0
l37,3=0,0,0,0,0,0,0,0,0,0,0,0,66,0,0,0,65,88,78,89,46,0,0,59,84,88,74,78,0,0,95,92,97,100,0,100,45,34,98,98,93,0,29,0,0
l38,3=0,0,0,0,0,0,0,0,0,0,0,0,0,0,65,0,53,43,33,44,46,56,39,62,70,56,66,39,0,0,28,8,9,24,0,0,0,0,0,0,17,0,0,77,91
l39,3=0,0,0,0,0,0,0,0,43,0,41,56,43,0,65,0,64,60,45,65,53,62,58,65,71,65,65,42,0,0,30,22,0,0,0,26,0,0,0,1,0,0,82,0,94
l40,3=0,0,0,0,0,0,0,0,0,0,0,0,0,0,69,0,4,23,34,49,18,65,40,55,77,79,68,61,0,0,0,0,0,12,0,0,0,0,0,0,0,0,82,84,0
l41,3=0,0,0,0,0,0,0,0,0,0,44,0,50,66,73,0,72,80,70,80,61,66,0,77,88,87,86,0,0,0,36,30,35,0,0,0,0,0,0,0,0,0,82,78,84
l42,3=0,0,0,0,0,0,0,0,0,0,0,0,0,0,45,0,46,40,37,62,42,50,66,59,78,82,72,47,0,0,0,0,31,35,0,0,0,40,46,0,0,2,76,84,86
l43,3=0,0,0,0,0,0,0,0,0,0,0,0,0,0,55,0,0,42,38,51,32,78,56,65,69,67,71,68,0,0,0,0,27,17,0,0,20,0,38,0,0,0,82,71,88
l44,3=0,0,0,0,0,0,0,0,0,0,0,0,0,0,43,0,0,43,27,62,0,16,62,59,76,81,73,59,0,0,0,0,6,21,0,0,0,12,39,0,0,0,76,72,88

l0,4=0,96,94,96,93,67,97,97,85,68,72,92,56,93,90,0,74,0,0,14,0,0,0,0,0,0,0,0,0,0,57,3,0,0,0,0,0,0,0,0,0,0,0,0,0
l1,4=99,0,96,96,97,90,97,97,85,63,72,92,56,94,0,0,68,51,0,68,8,0,0,0,39,0,0,0,0,0,55,0,0,0,0,0,0,0,0,0,0,0,0,0,0
l2,4=98,96,0,96,93,90,97,97,85,98,91,94,93,94,87,0,80,81,78,79,0,0,0,0,0,0,10,0,0,0,24,54,0,0,0,0,0,0,0,0,0,0,0,0,0
l3,4=99,96,68,0,99,90,70,97,56,62,71,92,54,93,64,0,74,38,46,66,1,0,0,0,0,0,0,0,0,0,0,37,0,0,0,0,0,0,0,0,0,0,0,0,0
l4,4=99,96,67,96,0,67,96,97,56,63,74,92,56,93,58,0,74,30,49,0,0,0,0,0,0,0,0,0,0,0,0,50,0,0,0,0,0,0,0,0,0,0,0,0,0
l5,4=99,96,76,96,88,0,97,99,56,61,74,92,56,93,53,0,71,40,59,66,63,0,0,0,0,0,0,0,0,0,61,31,0,0,0,0,0,0,0,0,30,0,0,0,0
l6,4=98,96,95,92,92,90,0,97,56,68,74,92,57,93,93,0,74,50,86,0,67,0,0,0,0,3,0,0,0,0,31,0,0,0,0,0,0,0,0,0,0,0,0,0,0
l7,4=98,95,93,92,91,84,97,0,85,98,91,94,93,94,93,0,83,0,86,83,68,44,0,70,16,75,70,72,0,0,0,0,0,0,0,0,0,0,0,0,0,0,0,0,0
l8,4=98,95,95,92,91,83,62,97,0,98,53,94,93,94,91,0,70,47,86,81,61,34,0,63,46,44,67,69,0,0,43,0,0,0,0,0,0,0,0,0,0,0,9,70,0
l9,4=98,93,93,78,90,84,97,97,85,0,89,94,93,94,93,0,83,77,86,69,64,1,0,61,64,68,0,70,0,0,50,51,0,0,0,0,0,0,0,0,0,0,0,0,23
l10,4=83,84,84,67,76,81,86,82,73,91,0,83,95,92,91,0,84,80,83,77,69,57,13,63,65,71,68,41,0,0,0,76,0,0,0,0,0,0,0,0,0,7,53,74,0
l11,4=98,95,93,86,79,84,96,97,85,98,68,0,95,94,83,0,83,48,86,80,68,0,15,69,47,48,67,69,0,0,37,61,0,0,0,0,0,0,0,0,0,0,0,70,0
l12,4=89,87,94,66,78,86,97,96,85,94,91,94,0,94,93,0,85,84,72,73,76,0,40,63,68,62,70,73,0,0,64,53,0,0,0,0,0,0,0,0,0,0,56,72,54
l13,4=96,95,93,89,90,84,97,96,85,98,91,94,93,0,93,0,82,83,83,74,74,66,0,68,59,68,66,72,0,0,0,0,0,0,0,0,0,0,0,0,0,0,0,70,0
l14,4=66,0,63,50,60,51,82,81,72,80,80,75,86,75,0,0,84,91,91,80,90,57,0,68,58,72,75,58,0,0,74,59,0,0,0,0,0,0,0,53,47,57,76,74,81
l15,4=78,68,76,66,68,68,89,81,69,84,91,93,93,74,93,0,0,85,86,79,80,67,71,66,68,67,69,70,0,0,79,75,0,75,0,0,0,0,18,0,69,37,70,74,68
l16,4=0,75,69,55,55,69,81,0,55,77,69,71,81,70,94,0,84,0,89,90,93,0,0,0,62,69,71,51,0,0,98,99,0,75,0,0,0,0,73,68,80,72,72,73,78
l17,4=0,0,62,51,63,56,70,66,72,78,81,78,67,66,94,0,85,89,0,80,62,0,54,58,66,65,59,55,0,0,75,61,0,0,0,0,0,0,0,0,58,57,49,62,68
l18,4=0,45,53,0,1,47,0,79,72,52,69,75,77,50,81,0,77,88,78,0,95,73,80,77,80,74,81,79,0,0,83,80,1,49,0,46,0,24,57,25,53,71,68,81,62
l19,4=0,0,0,0,0,54,64,64,51,66,70,68,83,73,94,0,85,92,74,90,0,63,62,58,85,72,75,79,0,0,76,76,38,0,0,0,0,0,60,50,56,58,76,76,68
l20,4=0,0,0,0,0,0,0,45,34,0,37,0,0,43,51,0,72,1,0,70,57,0,96,81,78,84,81,93,0,0,0,0,83,64,0,32,41,57,64,40,37,48,73,80,71
l21,4=0,0,0,0,0,0,0,0,0,0,19,54,59,0,0,0,72,0,51,77,70,95,0,85,78,82,84,90,0,0,0,0,0,0,0,53,0,0,51,0,0,0,54,74,77
l22,4=0,0,0,0,0,0,0,47,45,45,36,49,51,40,46,0,48,0,43,59,39,70,71,0,86,89,89,93,0,0,0,0,48,63,0,49,62,47,52,0,39,48,18,58,56
l23,4=0,26,0,0,0,0,0,11,45,52,41,48,61,42,50,0,56,53,60,80,67,70,59,93,0,90,89,74,0,0,46,0,49,40,0,46,40,40,51,51,12,57,68,87,79
l24,4=0,0,0,0,0,0,24,67,44,46,58,53,62,50,69,0,60,67,68,68,61,79,74,86,84,0,87,74,0,0,42,0,40,42,0,26,37,38,59,60,39,50,63,76,82
l25,4=0,0,0,0,0,0,0,60,46,0,41,52,61,42,58,0,51,59,53,79,50,63,63,93,88,89,0,85,0,0,47,0,56,56,0,49,46,49,51,52,49,38,58,84,64
l26,4=0,0,0,0,0,0,0,54,43,43,36,53,66,43,56,0,59,45,47,77,68,95,92,93,84,85,88,0,0,0,15,38,66,66,0,60,65,52,62,59,43,44,72,58,70
l27,4=82,63,0,0,0,89,78,0,73,59,0,71,56,0,94,0,85,92,91,90,90,0,0,0,51,36,64,0,0,0,0,99,81,78,0,44,49,31,94,100,100,100,50,0,0
l28,4=4,0,45,72,86,59,1,0,0,50,85,87,54,0,78,0,84,92,91,88,88,0,0,0,0,0,0,43,0,0,98,0,67,98,0,87,90,93,92,100,100,100,0,74,0
l29,4=0,0,0,0,0,0,0,0,0,0,0,0,0,0,0,0,0,0,0,6,31,90,0,86,78,66,88,87,0,0,89,74,0,100,0,99,98,100,98,100,97,100,19,61,0
l30,4=0,0,0,0,6,0,0,0,0,0,0,0,0,0,0,0,67,74,0,66,0,79,0,92,67,77,86,92,0,0,82,97,94,0,0,99,98,98,98,100,100,100,76,0,5
l31,4=0,0,0,0,0,0,0,0,0,0,0,0,0,0,0,0,0,0,0,72,0,58,74,93,80,53,85,93,0,0,82,86,94,100,0,0,98,100,98,100,100,100,1,74,56
l32,4=0,0,0,0,0,0,0,0,0,0,0,0,0,0,0,0,0,0,0,0,0,66,0,93,76,76,86,92,0,0,81,87,94,100,0,99,0,100,98,99,98,100,0,0,0
l33,4=0,0,0,0,0,0,0,0,0,0,0,0,0,0,0,0,0,0,0,1,0,89,0,88,73,46,88,77,0,0,2,97,94,100,0,99,98,0,98,100,100,93,0,0,0
l34,4=0,0,0,0,0,0,0,0,0,0,0,0,0,0,0,0,28,80,0,73,63,81,53,86,73,78,82,81,0,0,90,88,94,100,0,99,98,100,0,100,100,100,2,0,0
l35,4=0,0,0,0,0,0,0,0,0,0,0,0,0,0,84,0,0,92,0,59,73,75,0,0,88,84,89,89,0,0,98,99,94,100,0,99,98,100,98,0,100,100,0,0,0
l36,4=0,0,0,0,0,52,0,0,0,0,0,0,0,0,54,0,71,92,86,85,82,58,0,82,35,80,89,78,0,0,98,99,94,100,0,99,98,100,98,100,0,100,0,0,0
l37,4=0,0,0,0,48,0,0,0,0,0,27,0,0,0,73,0,66,83,77,90,88,53,2,87,88,86,57,68,0,0,98,99,94,100,0,99,98,94,98,100,100,0,0,0,71
l38,4=0,0,0,0,0,0,0,0,0,0,29,0,37,0,67,0,58,65,34,59,66,61,36,16,77,60,71,74,0,0,22,0,1,38,0,0,0,0,1,0,0,0,0,87,92
l39,4=0,0,0,0,0,0,0,0,34,0,37,38,49,34,58,0,56,60,61,65,61,68,37,66,65,70,67,36,0,0,0,35,28,0,0,27,0,0,0,0,0,0,74,0,82
l40,4=0,0,0,0,0,0,0,0,0,0,0,0,31,0,55,0,43,45,41,52,40,55,46,59,78,78,66,57,0,0,0,0,0,0,0,0,0,0,0,0,0,16,89,86,0
l41,4=0,0,0,0,0,0,0,0,0,8,33,46,53,53,58,0,55,65,64,59,53,53,38,67,78,72,81,57,0,0,49,49,43,0,0,0,0,0,35,21,0,0,83,83,71
l42,4=0,0,0,0,0,0,0,0,0,0,30,0,0,0,52,0,42,48,54,58,47,59,57,70,67,72,65,54,0,0,0,0,33,0,0,33,33,0,41,0,0,1,63,76,82
l43,4=0,0,0,0,0,0,0,0,0,0,27,0,0,0,35,0,33,46,40,51,41,58,38,58,52,62,65,60,0,0,13,0,48,38,0,2,35,0,2,8,0,0,82,86,91
l44,4=0,0,0,0,0,0,0,0,0,0,0,0,0,0,49,0,46,0,47,59,39,58,50,62,78,66,67,37,0,0,0,0,3,43,0,0,0,0,39,0,0,0,89,87,90

l0,5=0,89,92,97,92,90,88,88,83,88,81,50,55,72,37,0,16,36,0,54,0,0,0,0,0,0,0,0,0,0,42,0,0,0,0,0,0,0,0,0,0,0,0,0,0
l1,5=84,0,92,93,92,90,90,88,83,41,50,51,85,86,0,0,9,35,63,0,0,0,0,0,0,0,0,0,0,0,35,0,0,0,0,0,0,0,0,0,32,0,0,0,0
l2,5=84,89,0,92,92,90,88,89,84,85,48,84,85,89,15,0,0,0,55,33,0,0,0,0,38,0,0,0,0,0,39,42,0,0,0,0,0,0,0,0,0,0,0,0,0
l3,5=88,93,92,0,97,93,90,91,83,56,79,50,25,71,29,0,17,56,66,0,0,0,0,0,0,0,0,0,0,0,47,40,0,0,0,0,0,0,0,0,0,0,0,0,0
l4,5=88,93,92,98,0,93,90,91,84,88,78,51,53,72,0,0,18,50,70,58,0,0,0,0,0,0,0,0,0,0,46,44,0,0,0,0,0,0,0,0,0,0,0,0,0
l5,5=84,89,92,92,92,0,89,88,83,88,84,49,15,71,55,0,17,52,70,59,11,0,0,0,0,0,0,0,0,0,44,43,0,0,0,0,0,0,3,0,35,0,0,0,0
l6,5=84,93,90,92,92,90,0,89,79,88,83,50,73,70,73,0,18,20,72,59,11,0,0,0,21,18,15,0,0,0,3,41,0,0,0,0,0,0,0,0,0,0,0,0,0
l7,5=82,88,91,88,90,89,90,0,84,89,58,86,84,89,76,0,45,0,73,76,0,0,0,0,0,44,29,6,0,0,0,0,0,0,0,0,0,0,0,0,0,0,0,0,0
l8,5=84,93,92,89,92,84,82,92,0,90,80,86,86,90,79,0,80,37,61,72,14,0,29,59,41,22,38,35,0,0,29,0,0,0,0,0,0,0,0,0,0,0,0,1,0
l9,5=82,53,84,65,88,89,85,89,82,0,82,86,84,90,82,0,81,30,78,48,15,8,0,4,63,20,21,29,0,0,31,0,0,0,0,0,0,0,0,0,0,0,13,37,0
l10,5=69,75,58,49,64,84,80,12,41,50,0,80,85,85,87,0,84,36,78,72,52,17,16,61,66,21,22,38,0,0,55,35,0,0,0,0,0,0,0,0,0,17,23,59,0
l11,5=73,80,84,80,84,84,80,89,83,88,81,0,86,89,23,0,79,28,76,64,36,0,0,68,64,20,21,40,0,0,31,42,0,0,0,0,0,0,0,0,0,0,0,0,0
l12,5=75,83,92,15,83,55,87,87,83,86,87,86,0,90,87,0,84,36,77,69,54,3,7,0,71,21,41,42,0,0,55,0,0,0,0,0,0,0,0,0,0,0,22,57,6
l13,5=73,80,85,81,84,84,83,88,80,88,83,86,86,0,84,0,45,76,72,72,74,12,0,64,69,25,22,35,0,0,42,28,0,0,0,0,0,0,0,0,0,0,0,43,0
l14,5=44,0,14,7,0,54,60,12,38,37,84,23,80,83,0,0,81,90,86,81,85,2,7,58,65,19,22,38,0,0,66,30,0,0,0,0,0,0,0,42,3,4,18,75,68
l15,5=57,52,0,68,65,72,73,31,26,36,85,82,80,67,84,0,0,57,86,75,56,21,8,67,69,19,23,38,0,0,39,69,0,0,0,0,0,0,18,0,25,3,26,66,62
l16,5=55,52,0,55,62,64,20,0,16,23,49,23,66,68,63,0,31,0,76,81,46,7,0,65,78,16,26,0,0,0,85,89,0,0,0,27,0,0,39,59,35,16,19,61,55
l17,5=0,41,23,13,18,55,61,12,17,44,44,35,47,35,89,0,81,38,0,16,60,1,7,58,62,22,22,0,0,0,83,55,0,0,0,0,0,0,0,18,2,3,33,72,65
l18,5=30,0,0,0,33,45,54,40,36,9,65,41,60,57,77,0,70,88,49,0,84,70,38,69,84,70,75,69,0,0,60,65,3,3,0,28,3,0,41,48,43,5,48,75,71
l19,5=0,0,0,0,0,35,38,0,20,28,51,30,72,66,84,0,83,89,85,84,0,21,1,65,86,26,16,48,0,0,64,86,0,11,0,0,0,0,35,46,28,19,34,80,64
l20,5=0,0,0,0,0,0,0,0,0,1,29,0,28,24,30,0,67,35,26,69,47,0,86,88,84,79,79,79,0,0,0,0,70,63,0,31,54,38,66,12,26,22,66,74,57
l21,5=0,0,0,0,0,0,0,0,32,0,27,0,30,0,64,0,62,0,29,68,0,89,0,42,76,80,79,79,0,0,0,0,26,0,0,27,0,0,23,0,0,0,77,46,52
l22,5=0,0,0,0,0,0,0,0,50,0,49,36,0,28,54,0,64,48,43,73,60,79,27,0,87,81,85,79,0,0,15,0,45,74,0,30,74,42,37,17,49,40,79,77,65
l23,5=0,0,0,0,0,0,0,0,4,12,54,17,58,34,64,0,66,60,41,70,70,70,46,90,0,79,86,66,0,0,11,17,13,6,0,46,32,17,22,54,18,21,79,74,71
l24,5=0,0,0,0,0,4,21,53,27,25,63,20,45,29,32,0,60,28,55,72,66,72,63,85,86,0,78,68,0,0,0,30,10,15,0,25,24,11,22,28,0,12,36,73,67
l25,5=0,0,0,0,0,0,7,20,29,13,48,17,61,22,49,0,69,57,53,74,7,72,67,90,89,78,0,70,0,0,6,12,69,51,0,31,28,41,36,23,7,23,78,80,68
l26,5=0,0,0,0,0,0,0,11,18,12,31,17,39,28,37,0,52,0,0,76,67,88,77,90,86,81,77,0,0,0,6,0,58,63,0,61,65,12,32,0,33,31,75,44,53
l27,5=47,38,60,53,46,49,2,0,13,15,21,29,49,58,23,0,8,42,84,76,24,0,0,51,55,0,3,3,0,0,0,91,30,48,0,51,41,53,43,80,59,31,0,0,0
l28,5=0,0,68,48,43,45,38,0,0,0,20,32,0,42,22,0,22,91,69,77,52,0,0,0,48,20,9,0,0,0,91,0,30,55,0,48,72,52,43,81,90,84,0,64,0
l29,5=0,0,0,0,0,0,0,0,0,0,0,0,0,0,0,0,0,0,0,53,0,72,41,66,59,21,73,65,0,0,53,60,0,93,0,87,89,82,81,79,71,81,0,47,26
l30,5=0,0,0,0,0,0,0,0,0,0,0,0,0,0,0,0,9,0,0,34,0,19,0,74,34,16,54,57,0,0,31,70,87,0,0,87,85,82,81,78,84,84,16,50,53
l31,5=0,0,0,0,0,0,0,0,0,0,0,0,0,0,0,0,0,33,0,57,0,33,20,59,75,59,61,66,0,0,67,66,87,93,0,0,93,90,81,78,83,82,18,25,5
l32,5=0,0,0,0,0,0,0,0,0,0,0,0,0,0,0,0,0,0,0,20,0,65,0,79,63,42,60,69,0,0,46,66,87,93,0,87,0,90,81,78,82,81,0,0,0
l33,5=0,0,0,0,0,0,0,0,0,0,0,0,0,0,0,0,0,0,0,0,0,67,0,71,65,0,70,0,0,0,65,66,87,93,0,87,93,0,81,70,83,69,0,0,0
l34,5=0,0,0,0,0,3,0,0,0,0,0,0,0,0,0,0,13,38,0,61,37,67,27,59,60,35,36,48,0,0,54,57,86,93,0,78,75,77,0,87,83,85,0,39,30
l35,5=0,0,0,0,0,12,0,0,0,0,0,0,0,0,18,0,0,27,40,64,20,4,0,64,81,20,19,0,0,0,54,43,87,93,0,83,83,55,81,0,91,92,0,0,0
l36,5=0,37,0,0,0,32,0,0,0,0,0,0,0,0,16,0,20,40,14,64,23,16,0,68,70,0,15,31,0,0,91,86,79,93,0,78,81,78,81,88,0,92,0,0,0
l37,5=0,0,0,0,10,0,0,0,0,0,18,0,0,0,19,0,19,25,53,63,25,18,0,64,75,20,19,34,0,0,84,77,86,93,0,83,83,50,81,88,91,0,0,0,0
l38,5=0,0,0,0,0,0,0,0,0,0,27,0,26,0,26,0,46,23,40,29,28,27,26,45,69,27,50,33,0,0,0,0,0,16,0,4,0,0,0,0,0,0,0,1,75
l39,5=0,0,0,0,0,0,0,0,0,1,27,0,26,16,66,0,53,20,55,70,67,57,6,69,77,67,78,30,0,0,0,21,0,3,0,0,0,0,7,0,0,0,77,0,75
l40,5=0,0,0,0,0,0,0,0,0,0,0,0,3,0,58,0,28,17,28,62,12,18,18,58,77,62,63,51,0,0,0,0,0,6,0,0,0,0,3,0,0,0,86,81,0
l41,5=0,0,0,0,0,0,0,0,0,9,0,17,60,13,68,0,49,65,60,70,49,0,13,69,85,67,78,36,0,0,19,28,3,0,0,0,0,0,14,14,13,1,85,80,72
l42,5=0,0,0,0,0,0,0,0,0,0,18,0,0,0,37,0,0,31,31,70,30,44,22,76,79,72,76,66,0,0,0,0,0,21,0,24,23,0,12,0,1,0,83,80,77
l43,5=0,0,0,0,0,0,0,0,0,0,20,0,0,0,0,0,0,0,30,28,28,32,23,55,40,46,76,30,0,0,0,0,29,13,0,23,0,9,25,14,0,0,79,78,75
l44,5=0,0,0,0,0,0,0,0,0,0,9,0,0,0,28,0,46,39,26,61,17,38,27,70,79,72,77,42,0,0,6,0,0,24,0,0,0,0,20,0,0,0,82,78,75

l0,6=0,88,59,93,90,93,85,60,56,76,70,81,83,85,34,0,70,61,5,58,0,0,0,0,0,0,0,0,0,0,0,0,0,0,0,0,0,0,0,0,0,0,0,0,0
l1,6=90,0,77,93,90,95,90,86,60,79,64,80,89,48,0,0,49,2,18,48,19,0,0,0,0,0,0,0,0,0,52,0,0,0,0,0,0,0,0,0,9,0,0,0,0
l2,6=82,92,0,93,87,95,90,87,62,47,0,58,89,83,20,0,68,41,16,53,0,0,0,0,0,47,0,0,0,0,0,0,0,0,0,0,0,0,0,0,0,0,0,0,0
l3,6=90,92,63,0,90,95,62,54,57,49,44,81,70,47,15,0,82,64,31,0,0,0,0,0,0,0,0,0,0,0,61,22,0,0,0,0,0,0,0,0,0,0,0,0,0
l4,6=90,74,59,93,0,95,59,54,56,48,26,85,87,42,5,0,50,0,29,17,0,0,0,0,0,0,0,0,0,0,70,47,0,0,0,0,0,0,0,0,0,0,0,0,0
l5,6=87,92,61,91,90,0,57,53,57,48,72,84,76,49,59,0,72,45,25,5,0,0,0,0,0,24,0,0,0,0,0,35,0,0,0,0,0,0,1,36,1,0,0,0,0
l6,6=90,92,77,92,88,95,0,84,44,84,73,74,89,41,76,0,75,57,36,53,41,4,0,0,0,44,0,0,0,0,59,18,0,0,0,0,0,0,0,0,0,0,0,0,0
l7,6=79,91,77,77,76,83,90,0,62,84,65,88,77,89,75,0,75,53,33,64,24,0,0,0,0,54,58,0,0,0,0,0,0,0,0,0,0,0,0,0,0,0,0,0,0
l8,6=84,88,77,73,82,91,47,87,0,84,59,88,88,89,76,0,71,51,22,60,0,39,43,33,36,54,59,22,0,0,0,0,0,0,0,0,0,0,0,0,0,0,0,0,0
l9,6=88,87,57,71,84,89,89,87,62,0,80,88,89,89,84,0,77,52,74,42,46,0,27,18,46,48,34,10,0,0,44,0,0,0,0,0,0,0,0,0,0,0,25,0,0
l10,6=72,54,0,26,8,78,71,71,44,69,0,77,89,79,84,0,85,41,66,61,58,29,18,50,64,61,40,16,0,0,17,41,0,0,0,0,0,0,0,0,2,35,28,37,0
l11,6=75,78,38,74,81,86,76,82,57,79,77,0,89,84,81,0,81,41,68,60,31,30,5,45,63,49,34,26,0,0,34,31,0,0,0,0,0,0,0,0,0,0,0,18,0
l12,6=70,84,73,29,76,69,82,78,59,79,85,88,0,89,84,0,81,61,73,61,52,0,0,28,60,52,61,9,0,0,36,28,0,0,0,0,0,0,0,0,0,0,24,35,0
l13,6=88,76,69,72,61,89,39,87,62,84,86,88,89,0,84,0,80,60,74,62,46,26,0,37,53,50,23,27,0,0,34,31,0,0,0,0,0,0,0,0,0,0,0,0,0
l14,6=39,0,23,0,0,29,58,62,43,60,79,61,85,79,0,0,80,73,80,67,59,31,35,30,65,56,1,19,0,0,53,64,0,24,0,0,0,0,18,0,28,0,30,47,50
l15,6=40,50,38,33,12,47,67,70,44,64,84,70,78,74,80,0,0,41,70,62,57,37,30,56,65,25,40,23,0,0,43,57,0,0,0,0,0,0,8,2,43,0,32,52,40
l16,6=63,0,42,6,0,22,57,37,22,42,69,34,46,46,84,0,54,0,47,66,61,9,0,37,69,45,38,3,0,0,62,79,2,0,0,16,0,0,29,12,75,59,56,41,50
l17,6=3,56,42,6,10,27,58,60,18,61,66,70,77,69,87,0,71,68,0,62,58,34,23,55,65,61,36,19,0,0,51,66,0,0,0,0,0,0,0,0,0,5,36,50,47
l18,6=46,28,29,0,3,0,33,61,38,8,56,50,67,57,76,0,66,72,63,0,62,56,35,72,76,61,67,59,0,0,42,57,38,39,0,30,0,0,39,54,57,56,57,58,48
l19,6=0,23,0,0,0,0,52,49,0,48,68,45,67,53,84,0,77,73,75,75,0,35,35,54,79,59,34,57,0,0,58,65,0,37,0,0,0,0,40,51,57,59,23,44,0
l20,6=0,0,0,0,0,0,4,0,12,0,28,22,0,10,23,0,57,24,46,63,32,0,75,85,81,70,65,75,0,0,5,0,63,48,0,31,53,27,60,21,30,29,57,0,44
l21,6=0,0,0,0,0,0,0,0,16,20,29,18,0,0,54,0,57,0,28,56,25,79,0,67,71,60,58,75,0,0,0,0,30,26,0,0,0,0,24,0,0,0,49,0,27
l22,6=0,0,0,0,0,0,0,0,14,0,27,24,20,17,21,0,55,46,45,64,24,70,47,0,81,70,75,75,0,0,0,0,0,73,0,34,61,34,62,18,27,36,64,32,36
l23,6=0,0,0,0,0,0,0,0,7,18,39,33,51,17,54,0,60,60,47,65,55,63,51,88,0,72,77,65,0,0,21,30,21,30,0,46,27,0,40,35,41,32,62,61,42
l24,6=0,0,16,0,0,6,19,57,27,24,58,24,30,19,26,0,15,30,63,66,58,69,50,87,83,0,77,69,0,0,4,31,25,42,0,29,25,6,35,19,23,44,63,44,56
l25,6=0,0,0,0,0,0,0,29,19,13,44,19,40,12,1,0,54,47,53,68,23,60,30,88,83,72,0,60,0,0,0,0,45,36,0,30,27,34,28,21,36,30,29,66,23
l26,6=0,0,0,0,0,0,0,0,13,7,25,20,22,17,26,0,45,21,32,67,45,77,69,88,81,70,68,0,0,0,9,0,59,57,0,51,55,29,62,22,29,38,60,14,23
l27,6=0,53,0,4,12,0,43,0,0,46,9,27,18,27,62,0,38,47,40,34,42,0,0,0,41,2,0,0,0,0,0,80,44,27,0,19,53,31,42,48,80,72,0,35,0
l28,6=0,0,0,18,32,42,35,0,0,0,58,47,37,31,56,0,43,78,33,34,42,0,0,2,41,38,0,0,0,0,84,0,53,42,0,32,62,52,36,40,75,72,20,5,0
l29,6=0,0,0,0,0,0,0,0,0,0,0,0,0,0,0,0,0,12,0,41,0,60,46,0,33,50,63,62,0,0,59,65,0,87,0,86,79,81,76,71,73,68,40,29,0
l30,6=0,0,0,0,0,2,0,0,0,0,0,0,0,0,39,0,2,1,0,35,34,37,25,80,43,56,61,34,0,0,64,67,82,0,0,82,74,80,77,67,75,73,36,29,43
l31,6=0,0,0,0,0,0,0,0,0,0,0,0,0,0,0,0,0,47,0,55,0,56,0,68,74,61,58,58,0,0,61,59,82,85,0,0,85,86,75,64,74,69,40,0,0
l32,6=0,0,0,0,0,0,0,0,0,0,0,0,0,0,0,0,0,0,0,0,0,58,0,75,65,61,57,60,0,0,62,63,82,86,0,86,0,82,72,64,72,69,44,0,0
l33,6=0,0,0,0,0,0,0,0,0,0,0,0,0,0,0,0,0,0,0,0,0,30,0,68,0,0,58,50,0,0,47,62,82,85,0,86,74,0,73,58,73,69,0,0,0
l34,6=0,0,0,0,0,1,0,0,0,0,0,0,0,0,38,0,30,36,0,59,43,57,32,71,67,47,52,58,0,0,65,64,81,85,0,76,72,76,0,74,75,73,48,44,0
l35,6=0,0,0,0,0,22,0,0,0,0,0,0,0,0,0,0,20,29,0,34,39,33,0,32,43,39,38,28,0,0,67,66,82,83,0,72,69,55,78,0,86,80,28,0,0
l36,6=0,11,0,0,0,9,0,0,0,0,0,0,0,0,43,0,42,70,0,34,33,32,0,23,41,14,38,28,0,0,74,71,81,86,0,76,74,57,78,78,0,77,0,0,0
l37,6=0,0,0,0,0,0,0,0,0,0,54,0,0,0,0,0,15,38,8,33,40,33,0,37,41,45,38,28,0,0,65,66,75,85,0,72,69,70,78,80,78,0,35,0,0
l38,6=0,0,0,0,0,0,0,0,0,0,18,0,17,0,11,0,23,26,19,23,0,21,15,33,66,26,21,40,0,0,0,2,12,5,0,0,14,0,9,3,0,2,0,69,69
l39,6=0,0,0,0,0,0,0,0,0,0,19,7,20,0,49,0,42,8,44,68,25,0,0,33,78,42,70,7,0,0,5,0,12,3,0,0,0,0,8,0,0,0,68,0,65
l40,6=0,0,0,0,0,0,0,0,0,0,0,0,0,0,41,0,9,26,9,39,0,30,12,48,41,56,21,12,0,0,0,0,0,11,0,0,0,0,0,0,0,0,73,67,0
l41,6=0,0,0,0,0,0,0,0,0,0,0,21,54,13,73,0,52,7,62,68,54,48,11,67,80,63,70,20,0,0,11,29,2,0,0,0,0,0,12,0,23,0,64,66,60
l42,6=0,0,0,0,0,0,0,0,0,0,20,0,0,0,23,0,0,30,18,68,20,0,0,73,77,63,72,64,0,0,0,0,27,22,0,23,19,20,26,0,17,0,72,69,0
l43,6=0,0,0,0,0,0,0,0,0,0,21,0,0,0,18,0,20,0,17,25,21,24,16,45,30,58,55,42,0,0,0,0,29,18,0,23,0,20,21,0,0,0,67,59,63
l44,6=0,0,0,0,0,0,0,0,0,0,0,0,0,0,21,0,25,28,18,25,0,19,18,58,78,63,67,63,0,0,0,0,0,0,0,0,0,0,0,0,0,0,67,66,63

l0,7=0,99,92,96,96,96,98,87,58,61,53,89,81,91,36,0,68,78,0,44,0,0,0,0,0,0,0,0,0,0,0,55,0,0,0,0,0,0,0,0,0,7,0,0,0
l1,7=98,0,92,96,96,96,98,95,94,67,34,74,85,75,0,0,70,41,21,41,0,0,0,0,0,0,0,0,0,0,15,0,0,0,0,0,0,0,0,0,0,0,0,0,0
l2,7=93,99,0,96,96,96,98,87,94,36,21,88,85,90,70,0,65,48,25,53,51,0,0,0,0,19,0,0,0,0,22,0,0,0,0,0,0,0,0,0,0,0,0,0,0
l3,7=98,99,91,0,96,73,81,91,51,57,0,69,54,74,47,0,65,41,19,16,0,0,0,0,0,0,0,0,0,0,38,63,0,0,0,0,0,0,0,0,13,0,0,0,0
l4,7=78,99,92,96,0,93,92,89,53,59,54,85,51,69,0,0,59,2,0,54,0,0,0,0,0,0,0,0,0,0,46,61,0,0,0,0,0,0,0,0,0,0,0,0,0
l5,7=78,99,92,95,96,0,98,89,55,54,87,90,51,75,50,0,71,69,43,39,52,0,0,0,0,0,0,0,0,0,43,0,0,0,0,0,0,0,0,0,0,3,0,0,0
l6,7=98,99,92,79,76,96,0,95,92,95,90,58,54,85,73,0,72,76,78,16,54,0,0,19,0,67,0,0,0,0,25,35,0,0,0,0,0,0,0,0,0,0,0,0,0
l7,7=93,92,85,83,88,90,98,0,94,95,87,93,81,91,76,0,74,76,11,81,73,71,10,0,50,78,56,33,0,0,0,0,0,0,0,0,0,0,0,0,0,0,0,0,0
l8,7=76,95,88,74,92,90,93,95,0,95,82,93,81,86,68,0,72,9,75,76,60,76,57,37,52,62,65,22,0,0,2,1,0,0,0,0,0,0,0,0,0,0,0,0,0
l9,7=86,98,83,90,92,90,98,95,94,0,85,93,85,91,78,0,64,22,76,48,72,59,0,17,0,75,54,0,0,0,19,50,0,0,0,0,0,0,0,0,0,0,0,18,0
l10,7=20,40,46,0,74,84,81,82,73,28,0,71,81,85,82,0,76,47,78,52,81,48,1,27,45,73,61,0,0,0,19,61,0,0,0,0,0,0,0,0,0,14,21,19,0
l11,7=55,66,88,60,91,90,36,89,88,91,85,0,85,86,82,0,72,38,78,64,0,43,0,18,48,59,49,22,0,0,0,25,0,0,0,0,0,0,0,0,0,0,0,16,0
l12,7=51,95,87,83,86,83,79,79,88,91,89,93,0,91,82,0,76,21,78,63,69,6,1,0,47,79,63,15,0,0,14,33,0,0,0,0,0,0,0,0,16,0,11,15,0
l13,7=92,95,87,90,90,90,92,89,88,91,89,93,85,0,82,0,27,46,78,81,73,0,16,25,41,78,0,9,0,0,17,44,0,0,0,0,0,0,0,0,1,0,0,12,0
l14,7=0,0,42,8,0,14,37,77,59,17,59,56,81,70,0,0,77,84,80,86,83,72,0,0,29,74,61,22,0,0,27,58,0,0,0,0,0,0,18,3,27,0,23,20,19
l15,7=0,29,51,53,5,68,52,78,70,16,92,56,82,8,89,0,0,51,46,55,82,67,1,0,46,68,58,17,0,0,15,51,0,8,0,0,0,0,0,16,25,0,12,0,0
l16,7=18,16,36,14,8,67,63,57,0,0,25,24,9,30,89,0,62,0,25,68,85,23,0,4,47,69,57,2,0,0,37,85,0,11,0,0,2,0,40,42,43,0,22,17,34
l17,7=0,19,58,52,0,25,37,43,44,15,54,72,80,59,89,0,73,79,0,53,82,61,0,0,29,82,60,21,0,0,26,55,0,0,0,0,0,0,44,0,0,38,8,18,25
l18,7=5,18,28,0,25,19,2,61,58,15,51,65,60,62,85,0,53,84,60,0,86,77,66,77,75,74,79,66,0,0,70,45,47,48,0,0,0,2,65,55,58,55,66,73,34
l19,7=0,0,56,0,0,45,43,65,47,23,28,0,40,35,76,0,64,87,77,89,0,69,23,28,85,75,60,21,0,0,21,0,0,53,0,0,0,25,57,45,30,0,24,17,37
l20,7=0,0,0,0,0,0,0,32,41,7,9,15,9,0,60,0,39,23,29,84,43,0,83,91,84,87,46,73,0,0,0,0,75,49,0,14,45,20,72,10,0,3,34,66,56
l21,7=0,0,0,0,0,0,0,36,63,0,38,0,48,40,34,0,50,0,3,80,63,92,0,84,85,81,71,71,0,0,0,0,3,0,0,0,3,0,54,1,0,0,69,0,60
l22,7=0,0,0,0,0,0,11,0,23,7,57,37,19,29,51,0,51,27,51,81,74,89,75,0,85,86,81,72,0,0,0,0,38,77,0,68,73,20,75,53,10,52,74,68,21
l23,7=0,0,0,0,0,0,0,28,20,0,21,34,48,12,53,0,46,65,58,79,77,80,73,91,0,88,85,70,0,0,5,20,31,59,0,54,0,0,41,19,36,30,76,75,68
l24,7=0,0,2,0,0,3,24,63,22,9,30,17,64,18,67,0,39,32,64,80,76,80,47,90,85,0,85,70,0,0,9,5,10,51,0,15,22,0,24,65,12,46,75,72,66
l25,7=0,0,0,0,0,0,0,28,27,14,59,39,49,0,73,0,50,51,60,87,75,42,19,91,85,88,0,66,0,0,0,19,57,61,0,51,45,29,43,33,42,22,73,77,67
l26,7=0,0,0,0,0,0,0,28,20,0,0,30,16,13,53,0,19,13,44,82,61,88,77,90,85,86,80,0,0,0,7,0,54,60,0,56,75,36,76,31,3,21,73,43,44
l27,7=0,23,35,22,41,45,22,0,0,17,19,0,11,16,78,0,7,53,25,58,72,0,0,0,21,53,0,0,0,0,0,84,6,77,0,24,42,20,36,44,46,76,0,2,0
l28,7=18,0,0,22,38,0,29,0,11,18,20,12,25,29,72,0,16,87,20,49,0,0,0,0,44,11,33,0,0,0,92,0,80,74,0,22,43,21,27,51,40,68,0,0,0
l29,7=0,0,0,0,0,0,0,0,0,0,0,0,0,0,0,0,0,0,0,41,0,69,0,46,73,8,70,59,0,0,6,59,0,85,0,89,85,75,81,88,66,71,10,6,0
l30,7=0,0,0,0,0,0,0,0,0,0,0,0,0,0,0,0,2,7,0,35,55,32,0,78,57,72,53,34,0,0,71,61,86,0,0,84,79,70,80,80,72,74,9,0,6
l31,7=0,0,0,0,0,0,0,0,0,0,0,0,0,0,0,0,0,0,0,15,0,22,0,81,80,75,73,63,0,0,38,55,86,85,0,0,85,86,80,79,70,70,0,0,0
l32,7=0,0,0,0,0,0,0,0,0,0,0,0,0,0,0,0,0,1,0,0,0,74,0,84,0,80,76,65,0,0,70,62,86,85,0,89,0,84,79,82,65,70,0,0,0
l33,7=0,0,0,0,0,0,0,0,0,0,0,0,0,0,0,0,0,0,0,0,0,9,0,49,0,0,69,59,0,0,41,61,85,82,0,89,85,0,79,81,65,70,45,0,0
l34,7=0,0,0,0,0,0,0,0,0,0,0,0,0,0,23,0,0,22,3,76,44,48,19,78,57,52,43,66,0,0,71,52,85,85,0,85,78,72,0,85,73,75,23,17,0
l35,7=0,0,0,0,0,0,0,0,0,0,0,0,0,0,0,0,6,21,0,64,27,4,0,27,27,60,41,13,0,0,43,61,86,84,0,79,76,43,82,0,78,85,11,5,0
l36,7=0,0,0,0,0,0,0,0,0,0,0,0,9,1,48,0,13,25,0,78,72,0,0,28,76,60,47,0,0,0,52,61,83,85,0,85,74,24,81,88,0,74,0,0,0
l37,7=2,0,0,0,0,17,0,0,0,0,8,0,0,0,0,0,0,0,7,68,0,6,0,41,76,60,44,10,0,0,47,62,83,84,0,79,74,25,82,88,74,0,0,0,0
l38,7=0,0,0,0,0,0,0,0,0,0,7,0,4,0,26,0,6,13,3,34,25,26,5,62,63,51,36,29,0,0,3,0,3,17,0,0,0,9,23,8,0,0,0,76,72
l39,7=0,0,0,0,0,0,0,0,0,3,8,17,13,4,63,0,0,29,47,76,25,35,0,43,80,47,83,13,0,0,6,0,11,0,0,0,0,0,23,0,0,0,79,0,71
l40,7=0,0,0,0,0,0,0,0,0,0,0,0,0,0,14,0,0,25,7,16,28,34,12,21,69,39,64,17,0,0,0,0,0,1,0,0,0,0,0,0,0,0,81,75,0
l41,7=0,0,0,0,0,0,0,9,23,0,12,13,54,0,71,0,45,48,62,70,78,55,3,22,85,80,78,29,0,0,7,42,24,0,0,0,0,0,21,9,0,9,77,77,70
l42,7=0,0,0,0,0,0,0,0,0,0,0,0,0,0,41,0,21,32,0,61,47,61,16,15,68,85,80,50,0,0,0,0,19,33,0,0,13,0,25,0,0,0,80,76,62
l43,7=0,0,0,0,0,0,0,0,0,0,0,0,6,0,0,0,17,23,18,30,34,35,24,35,52,52,76,22,0,0,0,0,19,0,0,12,21,0,23,13,4,0,80,75,67
l44,7=0,0,0,0,0,0,0,0,0,0,0,0,5,0,25,0,20,31,26,33,33,46,39,70,84,83,74,58,0,0,0,0,25,31,0,0,0,0,23,0,0,0,81,77,65

l0,8=0,100,99,99,66,99,100,96,62,99,90,88,59,99,37,0,60,62,72,42,0,0,0,0,0,0,0,0,0,0,34,0,0,0,0,0,0,0,0,0,0,0,0,0,0
l1,8=100,0,99,99,99,100,100,95,63,99,99,88,60,94,37,0,42,54,56,54,0,0,0,0,0,4,0,0,0,0,52,0,0,0,0,0,0,0,0,0,33,0,0,0,0
l2,8=100,100,0,99,99,99,100,97,99,99,94,97,59,99,25,0,57,60,89,52,55,2,0,0,0,0,0,0,0,0,36,0,0,0,0,0,0,0,0,0,0,0,0,40,0
l3,8=100,100,99,0,99,100,100,95,62,99,99,88,59,99,0,0,60,57,82,45,0,0,0,0,0,0,0,0,0,0,36,41,0,0,0,0,0,0,0,0,0,0,0,0,0
l4,8=100,95,99,99,0,100,100,94,62,99,99,88,58,99,0,0,8,61,1,54,0,0,0,0,0,0,0,0,0,0,57,40,0,0,0,0,0,0,0,0,0,0,0,0,0
l5,8=100,100,87,99,99,0,100,95,62,99,92,89,59,99,26,0,58,55,67,52,53,0,0,0,0,0,0,0,0,0,37,43,0,0,0,0,0,0,0,0,0,0,0,0,0
l6,8=100,89,99,99,99,100,0,99,62,99,99,97,59,99,69,0,60,60,88,0,60,0,0,1,0,47,0,0,0,0,39,0,0,0,0,0,0,0,0,0,0,0,0,0,0
l7,8=100,95,99,99,62,100,100,0,99,99,99,97,98,99,71,0,98,60,95,70,68,73,0,44,68,79,88,0,0,0,0,0,0,0,0,0,0,0,0,0,0,0,0,0,0
l8,8=95,96,98,93,96,100,93,99,0,99,97,97,98,99,64,0,95,43,94,93,74,85,1,50,69,0,78,46,0,0,24,0,0,0,0,0,0,0,0,0,0,0,20,0,0
l9,8=56,100,95,56,99,99,100,99,99,0,99,97,98,99,80,0,100,56,75,55,64,76,0,50,43,46,86,0,0,0,30,33,0,0,0,0,0,0,0,0,0,0,0,41,0
l10,8=75,90,88,91,96,74,57,55,93,94,0,91,98,97,99,0,100,54,95,55,59,79,70,60,50,47,87,0,0,0,0,50,0,0,0,0,0,0,0,0,0,0,22,74,0
l11,8=94,92,95,92,96,97,93,98,99,99,96,0,98,99,93,0,95,49,95,53,2,54,0,46,51,34,83,52,0,0,29,0,0,0,0,0,0,0,0,0,0,0,29,0,13
l12,8=94,92,95,92,95,75,48,90,99,99,99,97,0,99,93,0,100,93,95,55,60,43,83,0,51,46,87,79,0,0,71,34,0,0,0,0,0,0,0,0,0,0,53,0,0
l13,8=94,90,95,92,96,100,93,99,96,99,99,97,98,0,93,0,95,59,95,72,59,85,77,55,51,46,64,47,0,0,1,42,0,0,0,0,0,0,0,0,32,0,0,0,0
l14,8=54,34,0,0,0,29,29,34,79,94,99,95,98,75,0,0,96,100,98,99,62,77,50,49,50,48,86,52,0,0,70,52,0,0,0,0,0,0,0,12,17,35,44,68,50
l15,8=92,9,56,78,49,77,58,58,97,99,99,97,98,81,98,0,0,100,98,57,60,85,0,46,52,51,88,89,0,0,70,56,0,60,0,0,0,0,35,27,44,0,47,61,37
l16,8=84,27,59,41,87,47,16,32,42,45,82,78,88,56,62,0,96,0,90,59,100,31,0,0,52,53,86,0,0,0,100,61,3,0,0,0,19,18,55,59,61,53,47,0,80
l17,8=31,5,58,41,41,27,25,26,84,33,99,97,98,78,99,0,96,100,0,56,94,78,84,36,51,50,88,82,0,0,71,6,0,0,0,0,0,0,0,28,0,32,53,68,48
l18,8=13,40,19,4,56,36,0,54,86,51,79,64,86,65,99,0,82,100,83,0,100,87,88,94,87,83,93,88,0,0,88,40,23,50,0,6,0,0,64,29,57,86,78,74,81
l19,8=0,0,39,0,0,59,45,46,81,90,83,46,94,71,99,0,97,100,98,99,0,78,8,93,87,84,91,82,0,0,95,47,0,69,0,0,0,0,39,50,58,68,76,83,81
l20,8=0,0,0,0,0,0,0,44,67,34,55,29,30,65,62,0,65,32,53,91,76,0,92,94,88,86,76,91,0,0,0,0,77,70,0,11,29,0,65,57,2,47,57,55,73
l21,8=0,0,0,0,0,0,0,0,2,0,47,3,66,61,56,0,0,0,54,88,5,94,0,93,88,86,73,86,0,0,0,0,52,59,0,0,57,0,61,0,0,0,64,56,66
l22,8=0,0,0,0,0,0,0,26,22,23,49,31,1,45,57,0,27,0,26,84,71,86,70,0,90,86,91,86,0,0,0,0,39,72,0,73,40,31,76,38,0,40,66,71,65
l23,8=0,0,0,0,0,0,0,36,24,18,45,61,59,42,71,0,66,62,70,84,87,84,77,94,0,89,93,85,0,0,26,0,74,72,0,52,11,15,62,36,53,20,61,81,84
l24,8=0,0,0,0,0,0,7,64,0,62,43,27,64,52,75,0,66,63,72,83,75,84,67,92,90,0,93,81,0,0,35,6,66,24,0,32,24,15,50,50,54,45,76,42,30
l25,8=0,0,0,0,0,0,0,44,27,62,52,55,61,13,58,0,54,55,52,86,69,65,57,94,90,89,0,53,0,0,16,0,62,71,0,28,64,55,0,26,45,20,74,84,72
l26,8=0,0,0,0,0,0,0,5,25,0,0,37,25,26,27,0,54,24,60,84,68,93,80,94,88,85,80,0,0,0,0,0,53,74,0,35,87,29,73,26,0,21,74,66,58
l27,8=75,81,51,48,90,49,19,2,50,18,0,65,72,0,61,0,46,100,88,58,61,0,0,0,21,17,44,0,0,0,0,98,15,99,0,83,35,29,80,61,61,99,34,0,15
l28,8=0,0,0,27,60,65,0,0,0,31,54,0,65,75,58,0,55,100,26,56,53,0,0,0,15,8,0,0,0,0,100,0,56,93,0,1,60,18,74,65,98,88,21,7,0
l29,8=0,0,0,0,0,0,0,0,0,0,0,0,0,0,0,0,0,34,0,43,0,80,40,74,88,76,79,78,0,0,40,76,0,99,0,99,100,86,96,100,91,87,51,48,0
l30,8=0,0,0,0,16,0,0,0,0,0,0,0,0,0,0,0,29,0,0,41,39,48,38,84,73,31,85,64,0,0,88,72,96,0,0,87,98,85,90,89,98,87,28,0,0
l31,8=0,0,0,0,0,0,0,0,0,0,0,0,0,0,0,0,0,23,0,29,0,24,0,93,72,40,36,58,0,0,75,5,97,96,0,0,100,100,96,88,91,87,0,0,0
l32,8=0,0,0,0,0,0,0,0,0,0,0,0,0,0,0,0,0,49,0,1,0,37,49,79,46,59,80,83,0,0,78,73,97,95,0,99,0,100,96,83,91,87,0,0,0
l33,8=0,0,0,0,0,0,0,0,0,0,0,0,0,0,0,0,0,40,0,0,0,0,0,74,63,38,85,63,0,0,83,56,93,96,0,99,100,0,87,89,88,70,0,0,0
l34,8=0,0,0,0,0,0,0,0,0,0,0,0,0,0,0,0,33,61,0,49,18,53,53,94,85,45,0,84,0,0,88,75,93,94,0,88,99,86,0,92,99,97,42,55,0
l35,8=0,0,0,0,0,0,0,0,0,0,0,0,0,0,21,0,30,67,63,49,56,47,0,64,86,49,50,68,0,0,90,89,97,99,0,78,63,88,96,0,99,99,0,0,5
l36,8=0,10,0,0,0,0,0,0,0,0,0,0,0,54,16,0,25,69,3,90,58,0,0,0,89,54,50,0,0,0,89,89,92,99,0,78,64,56,96,100,0,96,0,0,0
l37,8=0,0,0,0,0,0,0,0,0,0,0,0,0,0,23,0,0,64,57,90,50,37,0,63,41,45,28,40,0,0,89,56,92,96,0,78,64,48,96,100,99,0,0,46,0
l38,8=0,0,0,0,0,0,0,0,5,0,3,18,10,0,25,0,14,25,39,52,61,32,57,55,57,74,71,52,0,0,11,5,22,10,0,0,0,2,11,0,0,0,0,83,87
l39,8=0,0,7,0,0,0,0,0,0,27,32,0,0,0,51,0,24,0,45,54,62,45,25,62,88,28,91,44,0,0,0,0,16,0,0,0,0,0,12,0,0,0,87,0,87
l40,8=0,0,0,0,0,0,0,0,0,0,0,15,0,0,44,0,19,35,25,43,29,49,23,43,83,39,68,38,0,0,0,0,0,0,0,0,0,0,0,0,0,0,87,82,0
l41,8=0,0,0,0,0,16,0,7,24,0,18,29,61,31,79,0,65,49,72,88,80,66,34,92,88,87,90,64,0,0,15,52,12,0,0,0,0,0,11,0,0,20,87,84,86
l42,8=0,0,0,0,0,0,0,0,0,0,0,0,0,0,49,0,28,13,27,63,60,65,26,60,79,86,90,48,0,0,0,0,23,2,0,4,0,1,0,0,0,15,84,83,68
l43,8=0,0,0,0,0,0,0,0,0,0,4,0,0,0,22,0,10,30,25,35,30,31,27,42,59,73,78,28,0,0,0,0,34,20,0,0,25,0,17,21,0,0,81,67,79
l44,8=0,0,0,0,0,0,0,0,0,0,0,0,4,5,49,0,23,29,32,60,22,58,58,67,88,76,68,47,0,0,0,0,18,30,0,0,0,0,0,0,0,0,84,78,67

l0,9=0,100,100,100,100,100,100,98,100,100,93,100,100,91,44,0,72,0,87,0,0,0,0,0,0,0,0,0,0,0,0,5,0,0,0,0,0,0,0,0,0,0,0,0,0
l1,9=100,0,98,100,100,100,99,94,100,100,98,100,99,97,46,0,82,91,1,57,0,0,0,0,0,26,0,0,0,0,96,36,0,0,0,0,0,0,0,0,13,0,0,0,0
l2,9=100,94,0,100,100,100,100,99,100,100,95,100,83,99,51,0,57,68,97,75,0,0,0,0,0,0,0,0,0,0,96,49,0,0,0,0,0,0,0,0,0,0,0,0,0
l3,9=100,100,100,0,100,100,100,96,100,100,99,64,100,99,20,0,57,69,0,68,0,0,0,0,0,0,0,0,0,0,91,51,0,0,0,0,0,0,0,0,0,0,0,0,0
l4,9=100,100,100,100,0,100,100,100,100,100,97,66,60,79,49,0,62,67,0,69,0,0,0,0,0,0,0,0,0,0,99,53,0,0,0,0,0,0,0,0,0,0,0,0,0
l5,9=100,100,100,100,100,0,100,98,100,100,96,100,47,99,42,0,59,73,0,62,31,0,0,0,0,21,0,0,0,0,92,44,0,0,0,0,0,0,0,0,87,0,0,0,0
l6,9=100,100,100,100,100,100,0,100,100,100,99,100,100,99,81,0,100,97,97,0,63,13,0,0,0,19,0,0,0,0,91,72,0,0,0,0,0,0,0,0,0,0,0,0,0
l7,9=100,100,100,100,100,100,100,0,100,100,99,100,100,99,92,0,100,96,0,100,61,100,0,0,94,98,29,83,0,0,0,0,0,0,0,0,0,0,0,0,0,0,0,3,0
l8,9=100,100,100,100,100,100,100,100,0,100,99,100,100,99,98,0,100,93,93,99,55,35,0,90,85,56,55,84,0,0,0,0,0,0,0,0,0,0,0,0,0,0,0,72,0
l9,9=100,100,100,100,100,99,100,96,100,0,99,100,100,99,98,0,100,71,96,99,96,53,0,72,89,53,50,75,0,0,89,19,0,0,0,0,0,0,0,0,0,0,0,60,0
l10,9=96,89,36,36,81,98,100,99,100,100,0,100,100,99,98,0,100,75,97,77,38,35,82,94,84,32,33,0,0,0,97,51,0,0,0,0,0,0,0,0,84,47,95,96,61
l11,9=100,94,100,30,82,100,100,99,100,100,99,0,100,99,98,0,100,75,97,86,34,0,0,89,85,0,2,85,0,0,0,0,0,0,0,0,0,0,0,0,0,0,32,84,41
l12,9=100,87,37,36,82,99,99,97,100,100,99,100,0,99,98,0,100,75,97,77,36,35,90,0,29,2,32,67,0,0,89,31,0,0,0,0,0,0,0,0,0,0,31,74,0
l13,9=96,100,100,100,100,100,100,100,100,100,99,100,100,0,98,0,100,92,98,87,64,44,0,93,97,34,50,44,0,0,91,50,0,0,0,0,0,0,0,0,51,0,0,0,0
l14,9=17,37,0,0,73,93,93,37,59,86,99,65,47,49,0,0,87,81,98,77,39,38,79,87,85,2,2,78,0,0,99,51,0,1,0,0,0,0,0,3,62,58,80,97,66
l15,9=50,79,0,0,75,97,96,100,61,100,99,79,100,57,98,0,0,75,98,86,38,36,85,93,85,2,1,76,0,0,0,51,0,18,0,0,0,0,26,0,60,51,62,96,0
l16,9=0,37,0,3,71,100,99,63,81,50,98,65,47,55,98,0,59,0,98,77,63,0,0,75,85,32,0,0,0,0,100,51,33,32,0,0,8,0,29,61,100,97,80,97,0
l17,9=57,0,0,0,0,0,96,0,36,71,98,67,47,57,98,0,100,75,0,86,99,37,90,89,77,32,2,76,0,0,98,50,0,0,0,0,0,0,0,25,55,56,78,96,63
l18,9=0,8,13,3,71,78,0,98,98,97,96,77,72,56,97,0,99,97,97,0,98,37,94,96,97,55,93,99,0,0,97,40,32,33,0,29,41,27,60,18,98,96,96,96,69
l19,9=0,0,0,0,0,97,98,95,97,98,97,64,46,56,97,0,59,97,98,100,0,37,4,96,87,55,57,83,0,0,98,50,0,9,0,0,0,0,48,22,98,97,97,96,55
l20,9=0,0,0,0,0,0,35,95,76,80,73,0,87,78,78,0,96,20,89,99,75,0,99,96,96,96,94,98,0,0,0,0,77,85,0,44,79,0,97,76,0,62,79,88,19
l21,9=0,0,0,0,0,0,0,10,0,0,84,7,97,0,94,0,92,0,96,99,4,100,0,96,96,96,94,98,0,0,0,0,0,93,0,0,77,0,92,0,0,0,97,96,94
l22,9=0,0,0,0,0,0,0,0,71,27,76,82,7,75,77,0,74,81,76,99,97,98,79,0,97,96,94,99,0,0,0,0,77,80,0,72,79,72,92,70,80,63,90,93,81
l23,9=0,0,0,0,0,0,0,78,71,76,68,56,13,46,95,0,91,95,94,99,96,92,87,96,0,98,96,98,0,0,72,36,29,45,0,64,48,43,89,46,76,67,97,96,94
l24,9=0,51,0,0,0,71,42,89,80,73,73,63,46,73,91,0,90,94,96,99,98,98,97,96,97,0,96,98,0,0,68,0,80,0,0,41,78,61,80,77,91,66,97,96,78
l25,9=0,0,0,0,0,0,0,72,78,78,88,67,85,54,87,0,66,0,90,99,95,90,89,96,97,98,0,98,0,0,0,12,89,90,0,68,90,62,92,44,89,0,97,96,94
l26,9=0,0,0,0,0,0,0,73,85,74,0,90,35,39,92,0,80,27,95,99,92,98,99,96,96,96,94,0,0,0,0,0,86,97,0,76,96,0,97,82,0,79,97,96,89
l27,9=0,57,8,11,80,88,83,0,0,32,90,0,35,32,59,0,0,97,98,77,38,0,0,0,39,9,0,0,0,0,0,97,0,35,0,56,61,59,60,61,98,99,62,2,0
l28,9=3,15,34,36,79,97,100,0,0,3,98,0,29,33,38,0,59,75,64,39,38,0,0,0,35,0,0,0,0,0,100,0,34,30,0,25,55,0,62,60,100,99,0,95,0
l29,9=0,0,0,0,0,0,0,0,0,0,0,0,0,0,0,0,0,80,0,57,0,72,0,70,82,59,94,92,0,0,0,88,0,98,0,99,100,100,99,100,99,98,79,84,0
l30,9=0,0,0,0,3,0,0,0,0,0,0,0,0,0,0,0,33,62,0,30,0,84,81,94,57,0,90,100,0,0,78,35,100,0,0,98,100,100,99,100,100,99,65,0,38
l31,9=0,0,0,0,0,0,0,0,0,0,0,0,0,0,0,0,0,0,0,49,0,46,0,85,66,28,76,80,0,0,82,42,100,98,0,0,100,100,98,75,99,88,0,0,2
l32,9=0,0,0,0,0,0,0,0,0,0,0,0,0,0,0,0,0,24,0,29,0,89,30,78,29,52,95,99,0,0,80,62,100,98,0,99,0,100,99,61,99,99,4,0,26
l33,9=0,0,0,0,0,0,0,0,0,0,0,0,0,0,0,0,0,0,0,4,0,0,0,58,29,27,79,0,0,0,74,0,100,98,0,99,100,0,99,100,95,99,0,0,0
l34,9=0,0,0,0,0,0,0,0,0,0,0,0,0,0,0,0,43,63,0,32,25,98,76,97,57,30,57,100,0,0,73,57,100,98,0,99,100,100,0,100,100,99,0,71,0
l35,9=0,0,0,0,0,26,0,0,0,0,0,0,0,0,1,0,1,96,51,28,28,63,0,63,38,32,53,98,0,0,84,57,100,98,0,30,51,100,99,0,100,99,0,0,0
l36,9=0,0,0,0,0,84,0,0,0,0,70,0,1,13,34,0,49,97,35,39,39,0,0,61,34,32,55,0,0,0,82,58,63,98,0,34,53,100,99,100,0,99,0,0,0
l37,9=0,0,0,0,0,0,0,0,0,0,43,0,0,0,33,0,50,72,53,39,35,25,0,63,37,31,0,82,0,0,84,58,63,45,0,33,55,99,99,100,100,0,0,0,0
l38,9=0,0,0,0,0,0,0,0,0,0,62,26,14,0,83,0,30,40,50,55,28,44,75,93,96,96,94,98,0,0,20,0,26,11,0,0,3,0,0,0,0,0,0,97,94
l39,9=0,0,0,0,0,0,0,0,4,0,88,40,17,0,46,0,46,67,85,92,88,39,72,84,96,90,94,81,0,0,0,35,24,0,0,0,0,0,6,0,0,0,98,0,94
l40,9=0,0,0,0,0,0,0,0,0,0,34,31,0,0,76,0,0,0,45,89,39,0,65,82,87,46,84,70,0,0,0,0,0,23,0,0,5,0,0,0,0,0,97,96,0
l41,9=0,0,0,0,0,0,0,5,42,0,0,52,35,35,95,0,93,95,95,99,46,55,64,92,96,96,94,57,0,0,57,42,0,11,0,0,0,0,3,13,0,22,97,96,94
l42,9=0,0,0,0,0,0,0,0,0,0,0,0,0,0,9,0,53,80,80,99,88,91,86,92,96,96,91,98,0,0,0,0,42,0,0,0,0,0,28,0,0,0,97,96,90
l43,9=0,0,0,0,0,0,0,0,0,0,0,0,0,0,72,0,0,0,70,72,66,72,0,72,77,77,93,77,0,0,0,0,3,0,0,55,67,0,26,0,54,0,97,86,88
l44,9=0,0,0,0,0,0,0,0,0,0,0,0,17,37,77,0,42,73,49,99,43,79,84,96,96,96,94,77,0,0,0,0,0,27,0,21,0,0,24,0,0,9,97,96,94

l0,10=0,92,88,91,90,87,85,1,81,58,59,83,87,83,74,0,70,50,74,0,0,0,0,0,0,0,0,0,0,0,50,71,0,0,0,0,0,0,0,0,0,0,0,0,0
l1,10=88,0,88,91,90,87,85,1,85,55,57,70,89,79,80,0,73,69,0,66,0,0,0,0,0,42,14,0,0,0,72,60,0,0,0,0,0,0,0,0,15,0,0,0,0
l2,10=87,92,0,87,90,87,85,0,87,65,59,83,90,91,72,0,80,42,82,74,1,0,0,0,58,0,26,0,0,0,0,50,0,0,0,0,0,0,0,0,0,0,0,52,0
l3,10=88,92,88,0,90,87,85,0,82,58,57,84,87,85,49,0,72,29,67,0,0,0,0,0,0,0,0,0,0,0,73,65,0,0,0,0,0,0,0,0,0,0,0,0,0
l4,10=88,92,88,91,0,87,85,0,86,59,61,83,89,75,65,0,78,40,0,0,0,0,0,0,0,0,0,0,0,0,0,1,0,0,0,0,0,0,0,0,0,0,0,0,0
l5,10=88,92,88,91,90,0,85,0,86,81,83,90,89,90,62,0,77,46,77,47,0,0,0,0,0,0,0,0,0,0,72,62,0,0,0,0,0,0,6,0,33,0,0,0,0
l6,10=87,92,88,88,90,87,0,1,87,90,60,89,87,90,50,0,83,50,77,67,0,0,0,0,50,35,11,0,0,0,56,71,0,0,0,0,0,0,0,0,0,0,0,51,0
l7,10=84,92,88,88,90,87,85,0,87,92,83,89,91,91,81,0,86,60,72,85,58,20,0,63,51,78,42,43,0,0,1,55,0,0,0,0,0,0,0,0,0,0,0,36,0
l8,10=85,88,88,84,85,87,85,0,0,91,86,89,91,89,80,0,63,36,82,77,61,17,0,53,64,37,40,37,0,0,34,0,0,0,0,0,0,0,0,0,0,0,0,38,0
l9,10=85,80,84,84,85,80,80,0,83,0,83,90,91,91,86,0,85,72,86,73,56,24,0,61,76,41,36,29,0,0,0,55,0,0,0,0,0,0,0,0,0,0,0,0,0
l10,10=82,81,83,79,85,81,77,0,83,88,0,86,91,88,92,0,91,75,90,64,81,17,1,74,67,50,78,39,0,0,2,71,0,0,0,0,0,0,0,0,37,0,31,65,54
l11,10=79,56,84,83,82,82,80,0,83,92,83,0,91,91,86,0,85,45,86,82,59,13,0,61,60,45,39,40,0,0,60,61,0,0,0,0,0,0,0,0,0,0,0,0,0
l12,10=84,86,84,84,85,80,80,0,83,88,90,90,0,88,86,0,85,85,86,61,49,14,30,55,61,49,43,36,0,0,60,0,0,0,0,0,0,0,0,0,1,0,33,0,5
l13,10=84,83,85,84,74,81,80,0,83,92,84,90,91,0,76,0,85,36,86,74,76,1,30,60,50,41,36,31,0,0,0,57,0,0,0,0,0,0,0,0,0,0,0,8,0
l14,10=32,83,61,8,41,58,40,0,16,52,90,86,89,75,0,0,91,97,93,55,99,46,6,39,79,52,37,49,0,0,86,81,0,1,0,0,0,0,0,0,27,21,48,81,26
l15,10=31,60,74,43,52,65,79,0,8,53,92,86,91,88,95,0,0,59,93,90,75,42,8,70,76,49,40,49,0,0,80,78,0,0,0,0,0,17,0,15,38,21,36,66,0
l16,10=29,80,53,4,53,74,57,0,1,21,89,72,91,37,95,0,91,0,93,93,99,21,0,78,85,18,36,0,0,0,98,95,13,0,0,0,31,0,27,0,62,0,43,57,25
l17,10=56,0,75,39,0,64,68,2,38,37,90,84,89,87,95,0,91,90,0,92,99,0,15,74,79,76,77,48,0,0,85,70,0,0,0,0,0,0,0,0,0,37,0,43,68
l18,10=0,58,67,0,7,50,54,1,43,37,45,73,39,69,69,0,91,96,92,0,99,53,45,87,87,93,64,91,0,0,72,62,16,42,0,0,2,7,39,41,52,64,44,17,86
l19,10=0,0,0,0,0,0,0,0,43,20,90,74,52,82,95,0,90,98,93,93,0,56,0,87,86,59,56,58,0,0,93,91,0,0,0,0,0,0,23,40,61,50,47,90,80
l20,10=0,0,0,0,0,0,0,0,70,70,67,66,73,13,75,0,70,65,0,90,83,0,98,90,80,92,84,91,0,0,0,0,69,75,0,70,34,0,86,76,0,0,77,38,74
l21,10=0,0,0,0,0,0,0,0,0,0,52,0,76,69,82,0,73,5,79,91,0,97,0,91,87,94,81,92,0,0,0,0,0,80,0,4,0,0,53,0,0,0,86,84,88
l22,10=0,0,0,0,0,0,0,4,52,48,73,61,61,64,68,0,70,75,75,86,88,96,88,0,88,92,89,93,0,0,0,0,82,79,0,65,81,85,85,76,68,68,88,70,88
l23,10=0,0,8,0,0,0,1,9,62,59,61,60,65,56,77,0,78,84,80,91,88,81,84,90,0,95,91,90,0,0,60,0,72,81,0,76,66,63,84,77,68,69,91,91,94
l24,10=0,52,0,0,0,0,51,1,49,40,75,69,80,65,85,0,83,76,82,91,92,90,91,90,88,0,91,90,0,0,64,0,75,63,0,0,78,66,66,68,79,69,76,91,67
l25,10=0,1,0,0,0,0,6,0,62,36,77,61,70,64,70,0,69,83,79,86,90,83,58,90,88,95,0,90,0,0,22,0,85,83,0,67,88,78,85,78,1,0,90,91,95
l26,10=0,0,0,0,0,0,0,1,70,28,63,72,69,49,76,0,76,22,76,91,84,93,83,91,86,85,89,0,0,0,0,0,84,85,0,71,88,91,85,61,47,84,83,79,85
l27,10=25,65,0,72,0,70,35,2,5,0,2,22,35,0,92,0,69,98,93,87,84,0,0,0,67,24,10,0,0,0,0,95,25,29,0,52,56,80,52,60,94,54,12,0,0
l28,10=57,57,18,67,51,61,58,0,0,16,60,38,0,62,92,0,74,98,49,58,77,0,0,0,24,0,0,0,0,0,98,0,49,43,0,0,0,0,59,39,94,58,0,0,0
l29,10=0,0,0,0,0,0,0,0,0,0,0,0,0,0,0,0,0,50,0,55,0,44,0,74,65,69,77,64,0,0,38,80,0,96,0,93,91,96,94,91,88,93,61,63,0
l30,10=0,0,0,0,0,0,0,0,0,0,0,0,0,0,56,0,7,0,0,75,7,42,37,86,83,40,83,86,0,0,45,70,92,0,0,93,91,96,95,91,91,95,27,33,40
l31,10=0,0,0,0,0,0,0,0,0,0,0,0,0,0,0,0,0,0,0,0,0,77,3,69,81,1,72,68,0,0,79,0,92,95,0,0,91,96,94,89,91,94,0,0,48
l32,10=0,0,0,0,0,0,0,0,0,0,0,0,0,0,0,0,0,27,0,0,0,0,0,76,64,73,79,77,0,0,43,0,92,95,0,93,0,96,94,90,74,89,0,1,0
l33,10=0,0,0,0,0,0,0,0,0,0,0,0,0,0,0,0,0,0,0,0,0,0,0,42,58,40,60,66,0,0,49,0,92,95,0,93,91,0,94,89,77,89,0,0,0
l34,10=0,0,0,0,0,15,0,0,0,0,0,0,0,0,0,0,0,48,0,59,53,70,6,73,77,41,62,48,0,0,53,84,92,96,0,93,91,96,0,91,94,95,34,0,0
l35,10=0,0,0,0,7,0,0,0,0,0,0,0,0,0,3,0,43,0,0,80,68,46,0,47,78,47,48,37,0,0,92,73,92,96,0,69,91,96,95,0,94,95,0,27,0
l36,10=0,8,0,0,0,33,0,0,0,0,26,0,13,0,62,0,40,55,0,75,71,0,0,8,68,49,0,18,0,0,61,91,51,96,0,93,50,90,95,97,0,95,0,0,0
l37,10=0,0,0,0,0,0,0,0,0,0,0,0,0,0,66,0,48,0,43,86,71,0,0,40,72,44,0,47,0,0,56,87,78,96,0,60,90,94,95,97,94,0,0,0,0
l38,10=0,0,0,0,0,0,0,0,0,0,50,0,53,0,82,0,62,77,0,84,59,36,35,87,85,75,89,85,0,0,45,0,41,14,0,0,0,0,44,0,0,0,0,93,97
l39,10=0,0,14,0,0,0,14,0,5,0,55,0,0,0,76,0,76,80,70,39,85,0,30,73,86,93,89,78,0,0,0,0,43,12,0,0,1,0,0,6,0,0,92,0,95
l40,10=0,0,0,0,0,0,0,0,0,0,4,0,17,0,52,0,0,41,76,83,79,39,36,80,83,36,88,82,0,0,0,0,0,9,0,0,0,0,0,0,0,0,92,91,0
l41,10=0,0,0,0,0,0,0,0,9,13,13,59,64,0,69,0,81,80,74,91,86,70,0,88,86,93,89,27,0,0,0,71,0,0,0,0,0,0,0,0,17,0,91,91,95
l42,10=0,0,0,0,0,0,0,0,0,0,0,0,10,0,64,0,66,64,58,88,74,85,65,89,86,92,84,89,0,0,0,0,13,0,0,0,0,0,74,0,0,0,90,91,93
l43,10=0,0,0,0,0,0,0,0,0,0,0,0,0,0,5,0,0,0,72,78,65,72,0,86,81,86,89,89,0,0,0,0,68,14,0,0,0,0,21,0,22,0,91,71,95
l44,10=0,0,0,0,0,0,0,0,0,0,0,45,21,0,40,0,19,42,58,87,56,2,73,90,86,93,89,89,0,0,4,0,40,27,0,0,66,0,39,0,0,0,92,91,74

l0,11=0,82,85,82,88,85,88,0,82,84,75,75,75,83,21,0,42,33,21,35,0,0,0,0,0,0,0,0,0,0,0,62,0,0,0,0,0,0,0,0,0,0,0,0,0
l1,11=84,0,85,87,88,85,88,0,83,84,74,72,76,81,47,0,21,70,31,60,0,0,0,0,0,0,0,0,0,0,20,53,0,0,0,0,0,0,0,0,0,0,0,0,0
l2,11=86,82,0,49,87,85,88,1,83,81,75,75,73,84,44,0,42,35,0,71,0,0,0,0,58,0,6,0,0,0,12,54,0,0,0,0,0,0,0,0,0,0,0,5,0
l3,11=87,82,49,0,88,85,88,0,75,68,75,75,59,72,0,0,12,23,29,0,0,0,0,0,0,0,0,0,0,0,42,61,0,0,0,0,0,0,0,0,0,0,0,0,0
l4,11=87,82,73,87,0,85,88,0,83,83,0,75,67,47,15,0,42,31,0,0,0,0,0,0,0,0,0,0,0,0,28,61,0,0,0,0,0,0,0,0,0,0,0,0,0
l5,11=86,82,85,85,88,0,59,0,80,82,77,75,74,87,11,0,25,35,24,38,0,0,0,0,0,0,0,0,0,0,15,54,0,0,0,0,0,0,9,0,3,0,0,0,0
l6,11=84,82,85,86,88,35,0,0,83,68,75,75,75,86,26,0,43,37,61,68,0,0,0,0,0,1,0,0,0,0,12,43,0,0,0,0,0,0,0,0,0,0,0,0,0
l7,11=80,82,85,84,39,85,89,0,83,87,68,75,77,87,72,0,81,66,2,67,63,65,0,41,8,63,33,45,0,0,0,44,0,0,0,0,0,0,0,0,0,0,0,5,0
l8,11=80,79,83,26,81,77,85,0,0,82,77,75,74,83,58,0,78,36,65,66,53,36,0,34,58,54,18,20,0,0,15,0,0,0,0,0,0,0,0,0,0,0,0,0,0
l9,11=80,77,66,24,82,80,74,0,80,0,75,78,79,87,71,0,81,32,60,34,35,42,0,35,69,64,18,12,0,0,0,0,0,0,0,0,0,0,0,0,0,0,8,0,0
l10,11=80,77,81,29,0,57,83,0,81,83,0,78,80,86,48,0,92,42,79,73,79,27,21,44,44,72,19,21,0,0,33,0,0,0,0,0,0,0,0,0,0,0,29,51,0
l11,11=79,75,80,51,50,81,83,0,80,86,75,0,79,87,73,0,83,37,69,73,57,1,0,31,0,58,23,0,0,0,0,44,0,0,0,0,0,0,0,0,0,0,5,0,0
l12,11=81,77,76,20,26,80,84,0,80,83,82,78,0,86,74,0,83,34,71,35,71,22,19,31,66,77,19,11,0,0,0,54,0,0,0,0,0,0,0,0,0,0,21,38,0
l13,11=77,75,82,69,73,82,86,0,80,86,76,78,80,0,69,0,81,39,69,67,72,65,17,68,9,62,59,4,0,0,17,53,0,0,0,0,0,0,0,0,5,0,0,8,0
l14,11=39,75,78,0,0,9,28,0,78,81,79,78,76,29,0,0,89,90,80,85,92,25,5,40,58,73,22,23,0,0,32,73,0,13,0,0,0,0,0,11,4,11,81,60,47
l15,11=46,60,79,13,0,16,84,0,59,84,82,78,78,85,80,0,0,34,80,82,87,28,21,34,48,58,13,10,0,0,41,69,0,12,0,0,0,0,0,9,0,7,12,70,38
l16,11=33,64,32,2,0,17,68,0,52,1,39,56,57,0,54,0,24,0,50,91,93,7,0,31,78,8,15,4,0,0,63,84,2,23,0,0,0,27,29,18,57,67,66,56,50
l17,11=4,40,0,14,0,11,78,0,58,25,81,78,76,53,81,0,92,89,0,87,91,44,2,38,81,66,12,11,0,0,36,67,0,0,0,0,0,0,0,0,0,22,0,29,41
l18,11=16,39,72,0,0,17,72,1,68,18,70,63,59,27,50,0,76,93,80,0,93,49,23,51,88,88,26,35,0,0,38,64,44,27,0,17,3,0,57,42,51,67,80,62,49
l19,11=0,0,0,0,0,0,0,0,13,0,82,64,69,26,81,0,92,94,80,91,0,53,0,38,89,89,87,26,0,0,23,73,11,2,0,0,0,0,53,11,48,53,14,57,47
l20,11=0,0,0,0,0,0,0,0,68,64,55,40,59,68,63,0,73,57,64,79,75,0,99,90,80,86,84,90,0,0,0,0,62,72,0,66,5,18,77,58,0,0,73,75,73
l21,11=0,0,0,0,0,0,0,0,0,0,69,54,68,72,64,0,74,0,62,89,0,95,0,92,87,87,87,91,0,0,0,0,0,80,0,41,0,2,70,0,8,0,81,71,63
l22,11=0,0,0,0,0,0,0,0,65,58,69,53,60,71,62,0,74,64,68,77,61,88,85,0,89,86,87,91,0,0,0,50,74,82,0,65,71,74,80,29,37,53,80,82,41
l23,11=0,0,19,0,0,0,0,0,66,68,58,0,61,0,43,0,71,74,75,88,83,76,63,92,0,89,89,88,0,0,32,49,66,48,0,47,46,0,75,45,48,33,73,92,84
l24,11=0,0,0,0,0,0,12,1,61,59,69,61,73,61,63,0,72,38,66,89,83,91,82,90,89,0,89,72,0,0,44,35,65,56,0,34,48,53,64,0,0,0,73,90,77
l25,11=0,0,0,0,0,0,0,0,44,56,56,58,54,25,69,0,69,29,67,84,84,80,54,90,89,89,0,85,0,0,16,45,77,35,0,15,47,61,50,37,24,35,89,91,86
l26,11=0,0,0,0,0,0,0,0,67,65,68,41,61,18,64,0,71,67,62,83,70,95,87,92,87,76,84,0,0,0,0,16,73,79,0,80,77,78,79,0,43,73,77,75,76
l27,11=0,60,44,23,22,33,21,0,36,0,36,0,2,20,21,0,20,94,44,50,24,0,0,0,38,23,10,0,0,0,0,84,0,23,0,22,49,62,65,52,94,24,0,40,20
l28,11=46,39,50,21,20,31,17,2,0,0,0,49,53,22,31,0,21,94,38,46,25,0,0,37,36,17,14,0,0,0,88,0,39,22,0,11,56,31,76,44,56,23,13,36,0
l29,11=0,0,0,0,0,0,0,0,0,0,0,0,0,0,0,0,0,18,0,43,0,19,0,71,69,41,74,52,0,0,0,57,0,93,0,91,84,93,92,86,89,87,28,45,0
l30,11=0,0,0,0,0,0,0,0,0,0,0,0,0,0,1,0,4,53,0,48,0,21,19,82,57,26,21,51,0,0,33,36,84,0,0,91,84,93,92,71,89,87,0,16,0
l31,11=0,0,0,0,0,0,0,0,0,0,0,0,0,0,0,0,0,0,0,67,0,38,15,70,78,47,16,62,0,0,73,53,84,93,0,0,85,93,90,82,78,81,0,0,39
l32,11=0,0,0,0,0,0,0,0,0,0,0,0,0,0,0,0,0,0,0,2,0,0,0,70,61,48,67,74,0,0,63,64,84,93,0,91,0,93,92,77,83,84,59,52,0
l33,11=0,0,0,0,0,0,0,0,0,0,0,0,0,0,0,0,0,20,0,0,0,0,0,77,0,13,25,81,0,0,58,0,84,93,0,91,85,0,92,86,87,87,0,0,0
l34,11=0,0,0,0,0,17,0,0,0,0,0,0,0,0,0,0,0,35,0,47,18,25,13,78,51,27,14,73,0,0,55,67,84,93,0,90,84,93,0,86,94,90,0,0,0
l35,11=0,0,0,0,0,0,0,0,0,0,0,0,0,0,19,0,15,40,0,55,17,19,0,31,51,0,20,0,0,0,62,69,84,21,0,56,76,92,92,0,94,90,0,1,0
l36,11=0,0,0,0,0,6,0,0,0,0,0,0,0,7,21,0,1,87,0,61,25,0,0,39,48,0,12,3,0,0,88,52,53,93,0,25,77,86,92,89,0,90,0,0,0
l37,11=0,0,0,0,0,1,0,0,0,0,0,0,0,0,18,0,14,46,33,83,23,0,0,41,35,0,17,27,0,0,65,73,83,93,0,59,83,93,92,89,94,0,0,42,0
l38,11=0,0,0,0,0,0,0,0,0,0,15,8,44,0,71,0,27,68,0,79,30,44,18,83,48,77,86,50,0,0,0,3,47,0,0,0,27,0,0,0,0,0,0,94,93
l39,11=0,0,0,0,0,0,0,0,0,0,23,0,48,0,71,0,80,77,51,80,50,62,6,84,87,82,87,73,0,0,20,38,50,0,0,0,28,0,0,0,0,31,92,0,94
l40,11=0,0,0,0,0,0,0,0,0,0,0,0,0,0,20,0,27,76,34,79,79,79,0,1,85,78,86,78,0,0,0,0,0,0,0,0,0,0,0,0,0,0,90,92,0
l41,11=0,0,0,0,0,0,0,0,48,47,51,61,57,1,20,0,77,79,77,89,84,50,14,84,84,86,87,67,0,0,0,60,0,0,0,9,0,0,0,0,30,50,90,93,94
l42,11=0,0,0,0,0,0,0,0,0,0,0,0,0,0,59,0,63,45,0,83,76,82,70,86,87,84,87,87,0,0,0,0,66,0,0,4,0,0,66,4,0,42,90,94,92
l43,11=0,0,0,0,0,0,0,0,0,0,0,0,15,0,53,0,0,59,50,73,70,83,66,89,74,81,87,84,0,0,0,0,61,61,0,52,53,0,63,2,0,0,89,87,89
l44,11=0,0,0,0,0,0,0,0,0,0,3,13,42,0,59,0,38,30,37,77,64,82,18,90,87,86,87,36,0,0,0,0,69,0,0,0,45,0,0,14,0,0,90,87,89

l0,12=0,87,84,75,84,79,85,1,79,87,16,75,84,87,15,0,75,58,0,14,0,0,0,0,0,0,0,0,0,0,0,0,0,0,0,0,0,0,0,0,0,0,0,0,0
l1,12=88,0,79,79,84,79,85,0,79,83,10,80,84,78,15,0,70,64,0,15,0,0,0,0,0,4,0,0,0,0,25,32,0,0,0,0,0,0,0,0,0,0,0,0,0
l2,12=88,85,0,72,84,79,83,0,79,81,80,83,82,83,13,0,75,0,64,77,25,28,0,26,10,28,26,0,0,0,25,37,0,0,0,0,0,0,0,0,0,0,0,0,0
l3,12=88,87,81,0,84,79,85,1,78,74,6,40,80,82,0,0,19,52,46,3,0,0,0,0,0,0,0,0,0,0,43,23,0,0,0,0,0,0,0,0,13,0,0,0,0
l4,12=88,87,82,79,0,79,85,1,79,83,6,69,77,84,0,0,70,0,0,0,0,0,0,0,0,0,0,0,0,0,39,32,0,0,0,0,0,0,0,0,0,3,0,0,0
l5,12=88,87,84,80,84,0,86,0,79,48,21,53,82,84,15,0,70,59,59,17,0,0,0,0,22,0,0,0,0,0,0,31,0,0,0,0,0,0,0,0,0,0,0,0,0
l6,12=88,87,81,75,84,79,0,0,79,87,21,81,84,82,12,0,63,69,66,18,10,0,0,0,33,0,0,0,0,0,33,0,0,0,0,0,0,0,0,0,0,0,0,0,0
l7,12=82,86,84,75,81,79,86,0,79,87,44,87,84,88,82,0,74,57,73,77,0,34,0,42,53,39,29,24,0,0,4,0,0,0,0,0,0,0,0,0,0,0,0,0,0
l8,12=84,86,82,69,81,77,85,1,0,82,81,82,73,83,79,0,77,65,81,51,33,29,14,36,32,35,34,26,0,0,0,0,0,0,0,0,0,0,0,0,0,0,0,27,0
l9,12=84,85,80,68,81,77,83,1,79,0,80,87,85,88,17,0,77,63,60,18,24,40,0,39,48,46,35,34,0,0,29,6,0,0,0,0,0,0,0,0,0,0,0,0,0
l10,12=41,55,80,61,77,77,84,1,76,54,0,83,85,85,86,0,87,71,87,76,49,36,16,49,40,72,48,23,0,0,17,44,0,0,0,0,0,0,0,0,0,0,7,42,0
l11,12=70,78,79,49,78,76,82,4,76,82,81,0,83,88,83,0,77,61,83,73,49,8,0,34,36,43,40,26,0,0,35,26,0,0,0,0,0,0,0,0,0,0,0,57,0
l12,12=83,84,80,63,70,76,83,1,67,81,83,82,0,85,82,0,79,54,83,79,80,20,20,34,77,75,32,18,0,0,26,0,0,0,0,0,0,0,0,0,0,0,46,0,0
l13,12=84,79,81,72,82,79,83,1,76,87,87,87,85,0,80,0,81,16,83,17,34,0,20,37,35,42,33,23,0,0,21,0,0,0,0,0,0,0,0,0,7,0,0,50,0
l14,12=38,51,18,0,0,49,39,1,76,45,52,64,83,83,0,0,87,89,93,82,98,38,0,42,41,76,77,36,0,0,40,62,0,3,0,0,0,0,10,0,16,24,82,87,32
l15,12=52,53,50,2,62,53,41,2,76,51,86,63,84,83,93,0,0,78,93,82,66,40,24,0,49,75,65,46,0,0,37,52,0,0,0,0,0,0,0,0,0,0,56,69,25
l16,12=22,26,0,25,0,33,45,6,74,8,8,28,48,0,94,0,83,0,93,82,59,9,0,27,23,44,25,9,0,0,51,68,0,41,0,0,0,0,36,56,58,53,34,64,39
l17,12=0,0,22,16,0,43,44,6,76,12,81,63,82,83,94,0,87,89,0,88,93,42,16,48,55,78,73,46,0,0,42,61,0,0,0,0,0,0,10,29,15,10,0,60,0
l18,12=36,38,64,9,4,62,70,2,65,35,50,56,80,68,93,0,82,93,93,0,98,84,56,53,85,81,76,54,0,0,43,51,61,54,0,26,0,0,59,57,53,42,72,86,70
l19,12=0,0,11,0,0,0,28,0,60,23,84,84,83,61,94,0,87,93,93,90,0,77,0,87,88,87,84,45,0,0,69,51,0,55,0,0,0,0,58,50,85,0,86,83,52
l20,12=0,0,25,0,0,0,0,6,59,66,65,59,61,0,69,0,67,58,71,87,72,0,97,87,82,83,74,91,0,0,0,0,61,71,0,60,61,64,74,64,21,0,68,75,75
l21,12=0,0,0,0,0,0,0,0,68,0,71,0,70,75,0,0,75,0,77,88,0,90,0,87,87,85,82,92,0,0,0,0,0,67,0,0,0,0,64,44,0,0,77,0,87
l22,12=0,0,2,0,0,0,0,2,61,64,71,45,64,67,68,0,0,66,79,78,81,90,78,0,88,86,83,91,0,0,2,0,72,79,0,68,73,69,76,68,0,57,75,81,72
l23,12=0,0,0,0,0,26,45,10,54,42,33,42,75,52,72,0,76,59,84,89,93,85,84,88,0,87,84,88,0,0,20,0,69,64,0,76,9,0,72,48,34,38,71,94,75
l24,12=0,0,1,0,0,4,0,1,56,48,66,48,80,57,73,0,71,57,81,89,95,90,70,88,88,0,84,79,0,0,26,29,69,70,0,31,0,0,64,30,67,33,90,70,89
l25,12=0,0,6,0,0,0,0,4,56,34,25,48,56,60,76,0,61,39,69,72,83,74,66,88,88,87,0,81,0,0,0,43,67,54,0,34,71,0,42,48,26,44,86,89,83
l26,12=0,0,0,0,0,0,0,14,59,62,67,61,62,62,70,0,65,70,70,78,72,90,84,87,81,74,75,0,0,0,0,19,76,75,0,75,77,49,75,60,67,65,72,71,79
l27,12=0,19,6,37,39,2,36,10,0,7,9,39,39,17,81,0,71,93,55,45,27,0,0,2,15,35,2,0,0,0,0,81,51,54,0,38,19,52,64,76,83,55,0,28,26
l28,12=2,24,36,22,34,36,0,4,0,0,9,24,0,0,80,0,64,93,87,27,23,0,0,0,0,38,46,1,0,0,85,0,49,0,0,23,34,0,90,53,59,56,0,34,0
l29,12=0,0,0,0,0,0,0,0,0,0,0,0,0,0,0,0,0,0,0,50,0,61,0,69,67,72,64,78,0,0,57,36,0,92,0,90,87,93,90,89,83,88,0,58,0
l30,12=0,0,0,0,0,0,0,0,0,0,0,0,0,0,19,0,0,58,0,29,37,72,38,51,43,65,59,75,0,0,25,0,87,0,0,90,87,93,90,89,89,88,0,48,1
l31,12=0,0,0,0,0,0,0,0,0,0,0,0,0,0,0,0,0,0,0,38,0,62,0,78,78,54,61,83,0,0,68,63,87,92,0,0,87,93,85,83,84,85,56,0,0
l32,12=0,0,0,0,0,0,0,0,0,0,0,0,0,0,0,0,0,0,0,0,0,65,0,70,31,0,65,73,0,0,60,63,86,92,0,90,0,93,90,88,82,87,56,0,0
l33,12=0,0,0,0,0,0,0,0,0,0,0,0,0,0,0,0,0,0,0,0,0,61,0,70,0,0,0,6,0,0,72,0,87,92,0,90,87,0,90,89,86,84,0,0,0
l34,12=0,0,0,0,0,0,0,0,0,0,0,0,0,0,13,0,0,58,29,31,36,74,36,72,56,56,51,85,0,0,35,78,87,92,0,90,87,93,0,92,93,92,57,61,50
l35,12=0,0,0,0,0,0,0,0,0,0,0,0,0,0,0,0,1,79,37,38,39,68,16,48,38,40,67,37,0,0,77,47,87,92,0,90,87,93,90,0,93,92,0,13,0
l36,12=0,0,0,1,0,0,0,0,0,0,0,0,0,5,61,0,6,89,31,45,51,2,0,0,38,64,51,25,0,0,85,48,69,92,0,54,50,71,90,94,0,92,0,0,0
l37,12=0,0,0,0,31,0,0,0,0,0,0,0,0,0,67,0,1,86,32,70,0,0,0,44,50,52,66,37,0,0,72,78,87,92,0,90,87,89,90,94,93,0,0,54,0
l38,12=0,0,0,0,0,0,0,0,0,0,0,0,57,0,83,0,37,67,0,78,77,75,44,81,72,80,83,74,0,0,0,0,0,0,0,0,7,0,41,0,0,0,0,94,90
l39,12=0,0,0,0,0,0,0,0,3,0,12,44,1,52,84,0,63,74,72,80,53,64,0,80,86,71,83,64,0,0,22,50,59,0,0,0,0,0,59,0,0,8,91,0,93
l40,12=0,0,0,0,0,0,0,0,0,0,0,0,1,0,68,0,29,78,0,81,56,78,56,77,77,79,80,76,0,0,20,0,0,0,0,0,0,0,27,0,0,0,85,91,0
l41,12=0,0,0,0,0,0,1,0,53,27,59,0,65,4,83,0,73,81,84,89,91,73,34,86,87,85,83,78,0,0,34,0,0,35,0,0,0,0,59,0,33,35,91,93,93
l42,12=0,0,0,0,0,0,0,0,0,0,0,0,55,0,0,0,0,65,6,84,80,88,71,86,81,81,83,83,0,0,0,0,69,67,0,56,0,15,74,48,0,0,90,93,92
l43,12=0,0,0,0,0,0,0,0,0,0,0,0,53,0,57,0,46,51,61,80,35,84,0,85,78,76,82,64,0,0,0,0,59,29,0,34,0,0,54,0,0,0,85,86,89
l44,12=0,0,0,0,0,0,0,0,0,0,63,0,33,0,69,0,66,0,71,80,76,88,0,85,83,82,81,76,0,0,0,0,69,55,0,0,0,0,0,5,0,0,90,91,84

l0,13=0,84,94,95,98,95,90,64,70,89,84,80,71,89,83,0,26,0,0,75,0,0,0,0,0,0,0,0,0,0,34,4,0,0,0,0,0,0,0,0,0,0,0,0,0
l1,13=95,0,94,96,98,95,90,87,92,87,81,76,87,89,84,0,50,47,0,68,0,0,0,0,0,0,0,0,0,0,24,23,0,0,0,0,0,0,0,0,0,0,0,0,0
l2,13=95,84,0,93,98,95,90,87,92,89,84,92,86,89,77,0,20,22,43,83,34,0,0,11,12,25,39,0,0,0,6,8,0,0,0,0,0,0,0,0,0,0,0,0,0
l3,13=95,84,94,0,98,95,90,67,70,33,79,52,70,87,79,0,24,25,0,73,0,0,0,0,0,0,0,0,0,0,5,40,0,0,0,0,0,0,0,0,7,0,0,0,0
l4,13=95,84,94,96,0,95,90,33,83,89,81,80,71,89,0,0,8,0,0,0,0,0,0,0,0,0,0,0,0,0,26,22,0,0,0,0,0,0,0,0,0,0,0,0,0
l5,13=95,84,94,96,98,0,90,65,71,82,85,80,70,86,77,0,21,19,44,61,9,0,0,0,0,0,0,0,0,0,0,22,0,0,0,0,0,0,0,44,13,0,0,0,0
l6,13=94,84,94,91,96,95,0,89,92,89,83,77,85,89,83,0,51,47,62,85,0,0,0,0,9,0,0,0,0,0,40,0,0,0,0,0,0,0,0,0,0,0,0,0,0
l7,13=87,84,90,91,89,95,90,0,92,89,85,92,86,89,89,0,85,37,83,87,0,19,6,65,43,58,49,2,0,0,2,0,0,0,0,0,0,0,0,0,0,0,0,15,0
l8,13=93,84,94,91,91,95,90,93,0,89,83,92,86,83,89,0,84,22,82,73,24,17,36,44,4,21,54,64,0,0,0,0,0,0,0,0,0,0,0,0,0,0,0,0,0
l9,13=87,81,88,35,86,68,84,73,92,0,85,92,86,89,86,0,84,20,57,88,40,58,0,32,78,34,33,71,0,0,8,2,0,0,0,0,0,0,0,0,0,0,0,0,0
l10,13=55,77,74,61,85,82,30,51,84,89,0,92,87,90,86,0,89,25,51,85,53,0,0,47,47,47,74,41,0,0,14,1,0,0,0,0,0,0,0,0,0,0,0,43,0
l11,13=86,69,88,60,85,93,50,84,92,89,87,0,87,90,86,0,77,0,61,80,36,54,0,21,18,0,74,70,0,0,21,20,0,0,0,0,0,0,0,0,0,0,0,56,0
l12,13=58,81,88,63,85,47,84,80,87,88,90,92,0,90,85,0,89,24,84,87,54,0,9,31,47,47,46,39,0,0,17,1,0,0,0,0,0,0,0,0,0,0,0,24,0
l13,13=68,82,89,64,86,65,88,84,83,89,90,92,87,0,89,0,89,16,85,72,35,32,48,38,18,44,51,56,0,0,0,22,0,0,0,0,0,0,0,0,0,0,0,54,0
l14,13=23,71,31,17,9,47,24,30,88,85,86,88,87,86,0,0,89,28,90,98,100,57,3,12,53,50,88,20,0,0,46,32,0,0,0,0,0,0,2,0,54,2,18,67,76
l15,13=21,71,38,37,32,44,59,24,86,88,90,86,87,90,98,0,0,1,90,95,96,40,6,26,51,64,29,45,0,0,33,4,0,0,0,0,0,0,0,0,13,0,0,28,74
l16,13=0,67,32,17,0,39,7,2,69,74,73,0,49,32,94,0,21,0,57,100,61,10,0,10,33,31,0,17,0,0,48,35,0,38,0,0,0,0,35,66,81,32,0,69,80
l17,13=0,0,6,0,0,34,16,19,79,79,65,48,86,83,98,0,89,66,0,100,100,31,6,36,51,46,50,42,0,0,15,24,0,0,0,0,0,0,0,61,55,0,0,32,1
l18,13=28,48,52,14,0,31,26,32,72,75,84,78,86,43,95,0,87,90,90,0,99,97,52,55,57,48,91,95,0,0,45,32,8,32,0,15,0,0,51,67,97,29,30,60,81
l19,13=0,0,27,0,0,29,0,0,60,77,85,41,86,72,98,0,89,91,90,100,0,86,32,91,94,96,94,73,0,0,65,31,0,37,0,0,0,0,51,84,93,24,32,75,86
l20,13=0,0,0,0,0,0,0,30,60,67,0,75,62,42,79,0,74,26,73,98,80,0,97,91,92,94,78,95,0,0,0,2,71,80,0,63,65,72,87,23,11,20,81,83,88
l21,13=0,0,0,0,0,0,0,52,79,11,0,0,80,80,67,0,79,0,81,92,84,98,0,91,92,90,89,95,0,0,0,0,64,78,0,23,0,0,80,0,0,0,86,68,91
l22,13=0,0,0,0,0,0,0,72,73,66,69,64,68,68,62,0,71,23,76,90,81,98,88,0,94,96,94,95,0,0,0,15,83,81,0,79,81,54,84,79,15,16,87,93,75
l23,13=0,0,0,0,0,0,18,67,0,71,65,64,82,69,85,0,81,31,86,97,98,97,95,92,0,96,94,95,0,0,25,24,84,74,0,84,0,0,91,69,65,80,92,97,93
l24,13=0,0,32,0,0,0,0,48,68,70,79,0,85,74,95,0,86,37,88,95,98,98,85,92,94,0,94,95,0,0,30,29,55,82,0,75,52,0,71,72,79,20,92,97,96
l25,13=0,0,3,0,0,0,0,23,68,54,61,73,66,63,88,0,21,2,56,97,91,65,84,91,94,96,0,77,0,0,26,0,67,0,0,78,53,21,0,66,51,20,92,97,93
l26,13=0,0,0,0,0,0,0,28,69,67,64,73,70,64,74,0,82,69,74,97,72,97,96,91,90,90,79,0,0,0,26,2,91,89,0,90,81,73,94,81,63,37,77,91,92
l27,13=29,67,0,5,34,0,27,4,0,51,64,42,49,0,60,0,27,91,35,94,58,0,0,0,11,18,34,6,0,0,0,93,37,37,0,35,26,6,42,58,99,33,0,0,0
l28,13=5,69,0,21,31,43,0,5,0,53,66,52,37,39,61,0,28,30,57,94,54,0,0,3,42,36,0,1,0,0,97,0,0,43,0,35,34,22,71,54,88,32,19,53,23
l29,13=0,0,0,0,0,0,0,0,0,0,0,0,0,0,0,0,0,0,0,56,0,69,16,77,78,61,77,85,0,0,69,0,0,92,0,93,93,94,95,91,92,45,14,56,0
l30,13=0,0,0,0,0,0,0,0,0,0,0,0,0,0,0,0,0,29,19,74,23,42,21,35,80,84,0,33,0,0,29,69,91,0,0,93,60,89,95,94,93,92,0,2,0
l31,13=0,0,0,0,0,0,0,0,0,0,0,0,0,0,0,0,0,0,0,47,0,42,0,67,64,63,71,69,0,0,75,65,91,92,0,0,94,94,94,68,80,86,0,0,0
l32,13=0,0,0,0,0,0,0,0,0,0,0,0,0,0,0,0,0,3,0,0,0,48,0,71,26,66,69,67,0,0,34,64,91,87,0,93,0,94,95,94,87,93,4,0,0
l33,13=0,0,0,0,0,0,0,0,0,0,0,0,0,0,0,0,0,25,0,0,0,68,0,62,0,0,67,64,0,0,31,58,91,83,0,93,94,0,95,79,77,66,0,0,0
l34,13=0,0,0,0,0,0,0,0,0,0,0,0,0,0,1,0,0,32,0,85,62,45,20,47,88,82,0,59,0,0,38,86,91,92,0,93,94,94,0,95,99,96,0,55,67
l35,13=0,0,0,0,0,30,0,0,0,0,0,0,0,0,0,0,0,32,27,88,46,16,0,30,43,39,39,32,0,0,58,28,91,92,0,42,93,93,95,0,99,96,18,49,0
l36,13=0,0,0,0,0,27,0,0,0,0,0,0,6,0,52,0,8,30,26,99,55,1,0,6,47,45,42,24,0,0,97,35,60,92,0,92,36,37,95,95,0,96,5,0,0
l37,13=0,0,0,0,23,0,0,0,0,0,0,0,0,0,47,0,6,88,22,86,48,31,0,20,81,35,38,24,0,0,60,90,55,92,0,93,94,47,95,95,99,0,18,50,0
l38,13=0,0,0,0,0,0,0,0,0,0,0,0,0,0,81,0,1,0,21,84,80,56,23,89,92,88,93,45,0,0,0,1,1,0,0,0,0,0,0,29,0,0,0,97,96
l39,13=0,0,0,0,0,0,0,0,0,0,41,37,20,68,81,0,1,35,34,77,51,35,0,79,92,78,93,81,0,0,0,1,3,0,0,0,0,0,27,23,0,0,92,0,96
l40,13=0,0,0,0,0,0,0,0,0,0,0,0,0,0,75,0,15,71,0,79,71,84,73,64,87,93,93,93,0,0,0,0,0,0,0,0,0,0,50,0,0,0,92,97,0
l41,13=0,0,0,0,0,0,0,0,0,0,70,0,69,49,85,0,53,89,90,100,99,81,11,80,94,96,91,86,0,0,18,0,21,4,0,0,0,0,41,0,55,22,93,98,98
l42,13=0,0,0,0,0,0,0,0,0,0,0,0,0,0,87,0,0,0,6,98,47,52,68,91,92,91,94,90,0,0,0,0,2,66,0,2,0,0,60,1,0,0,93,98,97
l43,13=0,0,0,0,0,0,0,0,0,0,0,0,45,0,65,0,54,0,58,82,67,90,62,88,88,84,92,89,0,0,0,0,17,0,0,0,53,0,61,0,0,0,92,97,90
l44,13=0,0,0,0,0,0,0,0,0,0,2,0,0,0,84,0,74,2,68,89,77,94,71,90,92,90,92,87,0,0,0,0,34,63,0,0,0,0,0,42,48,6,92,97,93

l0,14=0,100,100,73,100,100,100,100,100,85,100,100,96,98,94,0,0,91,91,31,0,0,0,0,0,0,0,0,0,0,57,0,0,0,0,0,0,0,0,0,0,0,0,0,0
l1,14=96,0,100,99,100,100,100,100,100,97,100,100,100,99,0,0,99,98,89,91,0,0,0,0,0,0,0,0,0,0,0,52,0,0,0,0,0,0,0,0,0,0,0,0,0
l2,14=96,100,0,32,100,100,100,100,100,100,100,100,100,99,100,0,99,96,90,95,2,0,0,0,0,53,34,0,0,0,56,0,0,0,0,0,0,0,0,0,0,0,0,0,0
l3,14=61,100,80,0,100,100,100,100,100,74,100,0,61,61,89,0,98,0,87,0,0,0,0,0,0,0,0,0,0,0,57,7,0,0,0,0,0,0,0,0,0,0,0,0,0
l4,14=96,100,100,99,0,100,100,100,100,100,100,100,100,99,100,0,98,98,95,0,0,0,0,0,0,0,0,0,0,0,63,53,0,0,0,0,0,0,0,0,0,0,0,0,0
l5,14=96,100,100,99,100,0,100,100,100,100,100,100,100,99,100,0,77,88,90,78,0,0,0,0,0,0,0,0,0,0,64,68,0,0,0,0,0,0,0,0,76,0,0,0,0
l6,14=93,100,100,66,69,100,0,100,100,100,100,100,100,99,0,0,99,38,100,95,0,0,0,0,0,0,0,0,0,0,59,14,0,0,0,0,0,0,0,0,0,0,0,0,0
l7,14=96,100,100,99,100,100,100,0,100,100,100,100,100,99,100,0,99,0,100,81,94,0,0,60,72,50,58,0,0,0,0,0,0,0,0,0,0,0,0,0,0,0,0,0,0
l8,14=96,100,100,99,100,97,100,100,0,100,100,100,100,99,100,0,99,87,100,85,0,75,0,56,74,52,95,52,0,0,48,0,0,0,0,0,0,0,0,0,0,0,0,42,0
l9,14=53,83,100,26,100,100,100,100,100,0,100,100,100,99,97,0,99,92,0,100,61,76,0,51,80,56,55,84,0,0,52,0,0,0,0,0,0,0,0,0,0,0,0,0,0
l10,14=51,65,75,53,98,100,100,100,100,100,0,100,100,99,89,0,99,92,100,92,92,3,0,57,80,61,58,48,0,0,86,45,0,0,0,0,0,0,0,0,83,0,54,9,1
l11,14=96,100,100,0,100,100,100,100,100,100,100,0,100,99,100,0,99,90,100,100,95,89,0,48,81,59,64,69,0,0,0,49,0,0,0,0,0,0,0,0,0,0,0,47,0
l12,14=50,100,99,33,100,100,100,100,100,100,100,100,0,99,100,0,99,89,100,100,100,76,41,49,100,100,59,0,0,0,42,49,0,0,0,0,0,0,0,0,0,0,0,51,0
l13,14=54,100,84,56,100,100,100,100,100,100,100,100,100,0,99,0,99,78,100,92,89,65,0,0,80,61,41,49,0,0,58,48,0,0,0,0,0,0,0,0,0,0,0,48,0
l14,14=39,0,75,12,61,88,0,93,98,84,89,61,59,55,0,0,99,98,100,100,100,42,0,53,79,60,57,66,0,0,87,55,0,27,0,0,0,0,0,15,86,83,40,56,74
l15,14=1,67,75,39,29,53,94,98,97,100,100,71,100,61,100,0,0,77,100,95,100,93,0,52,42,61,58,89,0,0,94,57,0,0,0,0,0,0,0,5,0,0,0,46,73
l16,14=39,36,41,0,56,88,15,0,89,85,89,30,28,26,100,0,54,0,100,100,100,0,0,44,68,33,34,70,0,0,100,64,24,24,0,60,0,0,0,58,99,83,37,56,50
l17,14=48,36,54,36,63,55,90,91,99,0,100,99,100,97,100,0,99,99,0,100,100,0,39,57,96,100,58,71,0,0,98,99,0,30,0,0,0,0,22,0,84,81,55,60,80
l18,14=16,45,53,0,0,85,87,90,91,98,99,79,98,48,98,0,97,99,100,0,99,99,52,98,99,97,97,98,0,0,98,82,3,0,0,75,0,0,41,48,98,92,97,98,87
l19,14=3,0,0,0,0,35,0,98,12,46,100,70,59,59,100,0,99,99,100,100,0,99,0,61,100,100,96,98,0,0,98,62,0,0,0,0,0,0,2,64,98,95,60,61,85
l20,14=0,0,0,0,0,0,0,0,95,90,0,92,93,53,91,0,97,0,0,99,93,0,98,98,99,99,96,99,0,0,0,0,90,96,0,87,94,80,96,91,0,86,96,70,93
l21,14=0,0,0,0,0,0,0,10,0,0,0,0,98,0,63,0,8,0,97,99,20,100,0,98,99,98,97,99,0,0,0,0,99,0,0,0,15,0,86,0,0,0,1,0,98
l22,14=0,0,0,0,0,0,0,92,96,82,93,59,93,0,92,0,96,90,97,99,99,99,91,0,100,100,98,100,0,0,0,55,91,92,0,92,99,67,90,91,91,57,97,91,1
l23,14=0,0,0,0,0,0,0,80,87,79,96,65,98,92,98,0,67,90,97,99,99,99,97,99,0,100,100,98,0,0,66,77,99,96,0,98,80,58,95,50,0,97,97,98,99
l24,14=0,0,50,0,0,0,0,86,92,85,100,65,98,76,98,0,97,82,97,99,100,99,57,99,100,0,100,98,0,0,80,53,64,94,0,0,93,0,53,63,95,94,98,98,99
l25,14=0,0,0,0,0,0,0,85,98,71,100,99,98,46,98,0,97,98,97,99,99,99,98,99,100,100,0,98,0,0,0,0,99,94,0,98,99,84,95,97,95,73,97,99,99
l26,14=0,0,0,0,0,0,0,10,96,94,78,97,8,86,94,0,97,91,95,99,96,99,98,99,99,98,97,0,0,0,82,0,99,97,0,96,96,95,96,93,93,94,95,95,99
l27,14=57,0,40,38,99,100,99,0,94,92,100,0,38,43,100,0,67,99,100,89,62,0,0,0,61,49,0,53,0,0,0,100,55,50,0,76,98,58,48,60,100,98,0,42,0
l28,14=0,34,0,11,63,100,59,72,0,0,88,33,41,27,100,0,99,99,100,100,100,0,0,35,63,34,0,0,0,0,100,0,43,31,0,88,100,19,28,66,100,98,0,0,0
l29,14=0,0,0,0,0,0,0,0,0,0,0,0,0,0,0,0,0,74,0,3,0,76,49,89,97,87,89,99,0,0,86,84,0,100,0,100,100,100,99,100,100,100,0,71,0
l30,14=0,0,0,0,0,0,0,0,0,0,0,0,0,0,76,0,0,76,72,0,0,56,0,89,95,62,54,87,0,0,87,71,99,0,0,100,100,100,99,99,100,100,0,65,81
l31,14=0,0,0,0,0,0,0,0,0,0,0,0,0,0,0,0,0,72,0,72,0,68,0,50,84,0,81,84,0,0,70,78,99,100,0,0,100,100,99,85,96,100,0,0,59
l32,14=0,0,0,0,0,0,0,0,0,0,0,0,0,0,0,0,0,0,0,0,0,83,0,95,79,81,93,82,0,0,76,88,99,100,0,100,0,100,99,100,83,100,0,0,0
l33,14=0,0,0,0,0,0,0,0,0,0,0,0,0,0,0,0,0,0,0,0,0,74,0,69,85,0,83,85,0,0,83,39,99,85,0,100,100,0,87,87,91,89,0,0,0
l34,14=0,0,0,0,0,0,0,0,0,0,0,0,0,0,0,0,32,0,75,82,0,60,41,94,96,41,59,88,0,0,99,55,99,100,0,100,100,100,0,100,100,100,0,0,0
l35,14=0,0,0,0,0,64,0,0,0,0,0,0,0,0,79,0,16,93,38,76,60,52,0,90,81,58,59,87,0,0,99,92,99,100,0,87,100,100,99,0,100,100,0,51,0
l36,14=0,0,0,0,26,83,0,0,0,0,80,0,0,0,97,0,0,99,87,100,61,0,0,58,0,51,49,75,0,0,100,62,99,100,0,100,99,100,99,100,0,100,0,46,0
l37,14=0,0,0,0,71,0,0,0,0,0,0,4,0,0,86,0,0,93,85,86,54,50,0,42,96,46,44,74,0,0,100,100,99,100,0,100,100,62,99,100,100,0,54,45,0
l38,14=0,0,0,0,0,0,0,0,0,0,84,0,0,0,84,0,0,69,80,91,86,89,0,93,99,98,97,81,0,0,0,0,0,0,0,0,0,0,0,0,0,30,0,99,99
l39,14=0,0,0,0,0,0,0,0,20,0,0,41,51,27,86,0,80,87,85,89,88,30,0,53,94,91,97,81,0,0,81,0,51,14,0,0,0,0,0,22,53,24,98,0,99
l40,14=0,0,0,0,0,0,0,0,0,0,0,0,0,0,93,0,81,85,85,97,94,86,57,0,97,96,96,96,0,0,0,0,0,24,0,0,0,0,0,0,0,0,97,98,0
l41,14=0,0,0,0,0,0,0,0,0,76,89,42,85,0,90,0,87,98,94,91,99,89,0,96,100,98,97,94,0,0,85,0,79,31,0,0,0,0,0,18,38,84,98,100,90
l42,14=0,0,0,0,0,0,0,0,0,0,0,0,19,0,98,0,92,0,93,99,0,81,79,98,99,99,97,98,0,0,0,0,72,17,0,0,58,0,0,0,0,0,97,98,99
l43,14=0,0,0,0,0,0,0,0,0,0,12,0,0,0,0,0,0,77,79,77,79,94,22,93,97,95,96,96,0,0,0,0,77,78,0,74,75,0,83,74,0,5,97,96,99
l44,14=0,0,0,0,0,0,0,0,0,0,0,0,83,0,91,0,90,0,92,97,85,98,83,96,99,97,96,91,0,0,0,0,33,65,0,0,12,0,0,0,56,0,97,98,99

l0,15=0,100,100,100,100,100,100,100,100,100,62,95,100,98,47,0,99,12,85,43,0,0,0,0,0,0,0,0,0,0,100,44,0,0,0,0,0,0,0,0,0,0,0,0,0
l1,15=100,0,100,100,100,100,100,100,100,100,61,100,100,100,11,0,99,98,93,61,0,0,0,0,0,0,0,0,0,0,99,0,0,0,0,0,0,0,0,0,0,0,0,0,0
l2,15=100,100,0,100,100,100,100,100,100,100,62,100,100,98,58,0,99,91,56,35,5,0,0,0,0,28,0,5,0,0,99,0,0,0,0,0,0,0,0,0,0,0,0,0,0
l3,15=100,100,100,0,100,100,100,100,100,100,62,95,100,98,51,0,47,78,55,1,0,0,0,0,0,0,0,0,0,0,100,47,0,0,0,0,0,0,0,0,0,0,0,0,0
l4,15=100,100,100,100,0,100,100,100,100,84,61,95,100,98,48,0,99,88,55,34,0,0,0,0,0,0,0,0,0,0,100,0,0,0,0,0,0,0,0,0,0,0,0,0,0
l5,15=100,100,100,100,100,0,100,100,58,100,62,95,100,99,58,0,97,4,56,33,58,0,0,0,0,0,0,0,0,0,97,62,0,0,0,0,0,0,0,0,50,0,0,0,0
l6,15=100,100,100,100,100,100,0,100,100,100,62,95,100,98,43,0,99,91,56,34,6,54,0,0,1,0,0,0,0,0,98,0,0,0,0,0,0,0,0,0,0,0,0,0,0
l7,15=100,100,100,100,100,100,100,0,100,100,100,100,100,100,100,0,100,95,99,100,100,99,0,67,0,62,71,99,0,0,0,49,0,0,0,0,0,0,0,0,0,0,0,0,0
l8,15=100,100,100,100,100,96,100,100,0,100,98,100,100,100,100,0,97,78,99,61,95,57,0,63,98,6,76,98,0,0,0,58,0,0,0,0,0,0,0,0,0,0,17,0,0
l9,15=100,100,100,100,100,100,100,100,100,0,100,100,100,100,95,0,97,85,99,100,22,56,0,96,89,62,38,98,0,0,0,0,0,0,0,0,0,0,0,0,0,0,64,42,0
l10,15=96,93,89,97,95,100,98,84,100,100,0,100,100,100,99,0,95,88,99,61,27,0,0,99,95,64,59,77,0,0,0,35,0,0,0,0,0,0,0,0,85,0,83,77,84
l11,15=100,100,100,97,100,100,100,100,100,100,100,0,100,100,100,0,100,89,99,100,99,60,0,0,97,29,39,70,0,0,63,55,0,0,0,0,0,0,0,0,0,5,17,52,0
l12,15=100,100,91,100,96,100,100,100,52,100,100,100,0,100,99,0,100,85,99,90,69,59,47,60,99,98,55,0,0,0,91,31,0,0,0,0,0,0,0,0,0,0,18,43,0
l13,15=100,100,100,95,100,100,100,100,100,100,100,100,100,0,96,0,100,85,60,61,0,57,0,60,92,62,1,77,0,0,90,84,0,0,0,0,0,0,0,0,0,0,0,0,0
l14,15=40,0,78,52,49,96,69,59,52,69,94,91,92,98,0,0,100,90,99,63,72,0,0,92,96,63,54,72,0,0,91,97,0,23,0,0,0,0,0,37,78,72,85,81,16
l15,15=55,93,91,13,96,96,99,61,52,55,94,100,100,100,100,0,0,82,99,63,73,58,56,91,95,59,59,78,0,0,64,91,0,7,0,0,0,0,30,26,82,0,85,80,82
l16,15=0,79,91,50,96,3,93,59,33,52,59,74,62,64,100,0,99,0,99,100,95,43,0,48,60,1,59,61,0,0,100,100,57,61,0,30,0,0,61,63,99,100,85,57,56
l17,15=42,52,74,54,49,97,92,100,100,71,100,100,100,100,100,0,100,100,0,100,100,61,50,70,99,99,59,75,0,0,99,99,0,0,0,0,0,0,0,0,97,76,90,89,29
l18,15=40,66,73,0,48,65,73,61,54,73,90,98,99,99,99,0,99,100,99,0,98,91,60,99,98,75,97,83,0,0,93,99,0,26,0,26,0,0,63,50,99,76,90,95,98
l19,15=0,0,8,0,0,77,71,61,53,27,48,98,99,0,100,0,99,100,99,100,0,52,12,99,98,98,97,66,0,0,79,99,28,0,0,0,0,0,55,51,86,89,71,89,97
l20,15=0,0,0,0,0,0,63,99,61,56,0,82,99,75,0,0,97,56,96,100,91,0,98,100,94,99,87,99,0,0,0,0,67,95,0,0,89,71,89,89,0,42,95,89,94
l21,15=0,0,0,0,0,0,0,44,0,3,0,0,97,42,0,0,95,0,93,99,24,100,0,99,98,94,97,99,0,0,0,0,87,0,0,0,64,0,73,0,0,0,93,93,94
l22,15=0,0,0,0,0,0,0,59,52,47,85,0,79,57,76,0,85,50,63,100,80,99,74,0,99,99,98,99,0,0,0,0,79,37,0,25,76,44,78,37,72,61,100,75,83
l23,15=0,0,0,0,0,0,0,0,55,0,84,70,79,85,80,0,86,85,86,85,83,79,77,100,0,99,98,82,0,0,58,78,82,82,0,80,69,57,31,81,28,58,80,81,86
l24,15=0,0,58,0,0,0,0,59,18,62,87,67,81,84,82,0,85,50,88,85,84,83,74,98,99,0,98,82,0,0,76,72,48,59,0,69,78,0,50,81,81,80,80,78,84
l25,15=0,0,0,0,0,0,0,36,82,39,85,50,79,7,81,0,85,77,84,99,85,76,74,100,99,99,0,83,0,0,27,0,79,47,0,58,76,59,63,77,82,38,99,95,80
l26,15=0,0,0,0,0,0,0,88,91,91,76,50,34,92,85,0,93,49,78,97,49,99,95,99,98,95,97,0,0,0,0,0,94,92,0,58,53,79,85,89,90,53,99,0,96
l27,15=62,82,95,97,100,97,96,0,0,0,0,67,62,62,100,0,91,100,60,48,72,0,0,0,57,61,27,0,0,0,0,100,14,12,0,67,97,81,64,63,99,100,0,64,0
l28,15=60,0,0,98,0,100,0,60,52,0,12,79,54,61,100,0,100,100,60,63,73,0,0,0,60,62,0,0,0,0,100,0,63,61,0,67,100,84,64,62,99,100,1,51,0
l29,15=0,0,0,0,0,0,0,0,0,0,0,0,0,0,0,0,0,73,0,0,1,76,40,100,99,79,98,99,0,0,25,100,0,100,0,100,100,100,100,100,100,100,88,54,0
l30,15=0,0,0,0,0,0,0,0,0,0,0,0,0,0,92,0,92,74,29,58,0,99,0,54,60,95,97,89,0,0,45,62,100,0,0,100,100,100,100,100,100,100,7,61,57
l31,15=0,0,0,0,0,0,0,0,0,0,0,0,0,0,0,0,0,69,0,41,0,0,0,45,91,91,88,84,0,0,95,90,100,100,0,0,100,100,100,100,100,100,64,1,57
l32,15=0,0,0,0,0,0,0,0,0,0,0,0,0,0,0,0,0,0,0,0,0,94,48,99,81,93,97,80,0,0,95,98,100,100,0,100,0,100,100,100,100,100,0,0,17
l33,15=0,0,0,0,0,0,0,0,0,0,0,0,0,0,0,0,0,0,0,0,0,91,0,86,80,0,88,93,0,0,95,90,100,93,0,100,100,0,94,89,94,94,0,0,0
l34,15=0,0,0,0,0,0,0,0,0,0,0,0,0,0,0,0,15,72,0,64,89,99,23,57,46,76,97,88,0,0,65,62,100,100,0,100,100,100,0,100,100,100,86,0,57
l35,15=0,0,0,0,0,0,0,0,0,0,0,0,0,0,94,0,64,100,0,64,72,61,0,57,60,81,97,73,0,0,66,74,100,100,0,100,100,100,100,0,100,100,30,51,43
l36,15=0,0,0,0,0,95,0,0,0,0,46,0,0,0,99,0,94,79,47,64,72,0,0,57,51,64,59,73,0,0,100,100,95,100,0,98,100,100,100,100,0,100,0,0,0
l37,15=0,0,0,0,0,0,0,0,0,0,0,8,0,0,93,0,0,82,40,46,90,38,0,55,49,96,48,66,0,0,100,85,100,100,0,100,100,85,100,100,100,0,3,0,0
l38,15=0,0,0,0,0,0,0,0,0,0,62,1,28,0,55,0,62,47,91,96,49,89,47,90,95,97,95,90,0,0,0,0,49,0,0,10,0,0,44,0,0,0,0,95,97
l39,15=0,0,0,0,0,0,0,0,0,0,52,41,39,0,73,0,75,50,73,85,68,38,51,60,80,70,78,0,0,0,52,40,16,13,0,0,0,0,0,2,0,0,100,0,86
l40,15=0,0,0,0,0,0,0,0,0,0,53,0,0,0,26,0,80,75,41,82,78,57,49,75,97,78,66,77,0,0,0,0,0,32,0,16,0,0,48,0,0,0,99,94,0
l41,15=0,0,0,0,0,0,0,3,17,29,74,50,45,69,80,0,80,87,88,84,84,39,28,80,99,87,84,81,0,0,66,0,9,27,0,0,0,0,0,0,7,24,98,97,86
l42,15=0,0,0,0,0,0,0,0,0,0,0,0,22,0,50,0,59,47,68,84,0,75,51,80,98,83,70,77,0,0,0,0,39,0,0,0,53,0,38,0,0,0,99,95,99
l43,15=0,0,0,0,0,0,0,0,0,0,0,0,0,0,51,0,0,40,63,57,54,36,0,79,73,80,85,61,0,0,0,0,0,45,0,46,48,0,53,44,10,0,97,92,96
l44,15=0,0,0,0,0,0,0,0,0,0,0,0,2,0,53,0,71,3,34,82,47,92,53,80,98,80,95,76,0,0,0,0,47,46,0,0,51,0,0,0,29,0,99,92,98

