l0,0=0,90,94,94,93,96,92,95,91,93,93,95,92,88,85,0,88,0,72,78,0,0,0,0,0,0,0,0,0,0,72,84,0,0,0,0,0,0,0,0,0,0,0,0,0
l1,0=95,0,94,95,92,96,93,97,94,53,52,95,89,90,33,0,89,79,30,0,0,0,0,0,0,0,0,0,0,0,0,50,0,0,0,0,0,0,0,0,18,0,0,0,0
l2,0=95,90,0,92,92,94,93,100,94,92,93,95,93,92,0,0,92,84,10,82,75,0,0,0,0,49,77,0,0,0,45,53,0,0,0,0,0,0,0,0,0,0,0,0,0
l3,0=95,90,94,0,94,96,92,93,94,92,80,95,90,85,80,0,91,84,0,49,0,0,0,0,0,0,0,0,0,0,79,81,0,0,0,0,0,0,0,0,68,0,0,0,0
l4,0=95,89,92,95,0,96,92,88,92,90,56,66,84,85,81,0,82,0,0,0,0,0,0,0,0,0,0,0,0,0,46,53,0,0,0,0,0,0,0,0,0,0,0,0,0
l5,0=95,90,94,93,94,0,93,99,94,56,54,73,93,86,83,0,89,63,28,0,63,0,0,0,0,0,0,0,0,0,45,0,0,0,0,0,0,0,0,0,66,69,0,0,0
l6,0=61,90,94,95,93,96,0,100,94,94,77,72,93,90,90,0,92,82,30,29,59,0,0,0,0,0,0,0,0,0,45,45,0,0,0,0,0,0,0,0,0,0,0,0,0
l7,0=95,90,94,92,94,94,93,0,94,94,93,95,93,92,96,0,93,0,91,92,86,11,77,71,73,74,76,0,0,0,67,0,0,0,0,0,0,0,0,0,0,0,0,30,0
l8,0=93,90,94,95,94,94,93,100,0,94,93,95,93,92,92,0,93,80,74,87,62,0,86,75,41,67,75,49,0,0,0,0,0,0,0,0,0,0,0,0,0,0,0,21,0
l9,0=94,20,94,90,94,92,93,99,94,0,93,95,93,92,93,0,93,48,27,0,37,26,0,78,51,38,18,9,0,0,0,26,0,0,0,0,0,0,0,0,0,0,0,0,0
l10,0=37,32,66,18,67,35,57,90,91,92,0,71,93,84,57,0,93,80,86,83,68,14,84,81,57,80,81,60,0,0,40,26,0,0,0,0,0,0,0,0,0,0,53,5,0
l11,0=94,89,94,93,54,94,93,96,94,94,93,0,93,92,92,0,93,77,27,85,90,20,20,0,60,15,47,55,0,0,36,19,0,0,0,0,0,0,0,0,0,0,59,15,0
l12,0=94,49,94,80,77,92,93,94,91,92,93,95,0,92,92,0,93,84,84,85,96,0,0,58,52,56,83,68,0,0,0,49,0,0,0,0,0,0,0,0,0,0,0,11,17
l13,0=60,90,94,83,92,57,93,99,94,94,56,95,93,0,92,0,93,83,87,30,71,25,21,83,0,80,0,1,0,0,33,0,0,0,0,0,0,0,0,0,0,0,18,20,0
l14,0=24,10,0,23,35,10,14,53,55,57,13,67,91,89,0,0,92,85,94,92,98,0,62,80,52,29,25,54,0,0,54,24,0,19,0,0,0,0,0,0,50,59,68,24,13
l15,0=26,25,37,30,50,31,43,96,64,86,93,95,92,92,96,0,0,51,94,26,97,71,72,83,62,84,78,75,0,0,46,20,8,0,0,0,0,0,4,0,36,0,62,25,15
l16,0=0,4,34,44,5,6,30,0,50,15,47,61,81,76,92,0,78,0,32,33,71,0,0,52,79,64,72,0,0,0,56,55,22,9,0,0,0,54,21,9,74,84,66,25,0
l17,0=23,18,2,0,1,16,14,50,52,16,56,39,86,90,96,0,93,88,0,64,87,28,7,68,75,25,47,50,0,0,50,22,0,0,0,0,0,0,0,0,47,57,63,30,13
l18,0=19,0,34,0,0,1,23,49,48,0,56,59,89,41,95,0,76,87,57,0,99,88,83,89,93,87,88,55,0,0,37,22,37,21,0,37,0,0,22,10,69,40,76,27,28
l19,0=0,0,34,0,0,18,23,33,24,21,61,66,90,34,96,0,92,86,92,94,0,60,65,65,85,87,88,24,0,0,88,70,0,14,0,0,0,0,0,0,88,27,59,91,51
l20,0=0,0,1,0,0,0,0,6,0,68,61,59,0,57,0,0,83,0,79,92,89,0,99,92,93,87,88,97,0,0,0,0,80,71,0,81,70,73,80,74,0,58,86,81,87
l21,0=0,0,0,0,0,0,0,82,89,0,92,0,0,0,62,0,90,0,0,92,86,91,0,92,93,79,88,98,0,0,0,0,70,96,0,0,15,0,89,0,0,0,89,37,89
l22,0=0,0,0,0,0,0,0,58,61,62,72,0,43,59,76,0,83,45,62,92,76,88,78,0,93,66,90,97,0,0,0,24,83,80,0,68,71,74,78,63,52,58,81,91,79
l23,0=0,0,0,0,0,0,0,35,9,22,49,56,38,0,36,0,72,75,80,89,91,78,91,91,0,89,90,85,0,0,0,32,74,31,0,44,6,0,52,28,66,73,86,90,89
l24,0=0,0,14,0,0,0,0,66,36,38,84,35,61,70,87,0,85,63,46,92,91,88,64,65,93,0,89,50,0,0,6,29,0,76,0,44,48,0,29,41,54,35,90,91,89
l25,0=0,0,26,0,0,0,0,66,57,11,76,54,70,0,71,0,83,54,73,91,90,76,89,95,93,89,0,84,0,0,18,0,86,65,0,10,56,58,47,58,0,65,87,91,87
l26,0=0,0,0,0,0,0,0,0,53,8,73,75,69,17,75,0,90,1,70,87,66,88,98,92,93,76,88,0,0,0,33,1,74,93,0,96,65,79,93,75,48,59,85,85,93
l27,0=17,0,35,42,29,26,25,30,0,0,43,37,0,17,83,0,79,88,22,10,49,0,0,0,0,4,32,12,0,0,0,89,49,56,0,55,9,65,33,87,80,87,42,1,22
l28,0=28,15,35,40,30,0,26,0,0,24,44,45,42,0,31,0,58,88,18,7,49,0,0,48,46,37,0,0,0,0,92,0,86,89,0,50,79,68,30,63,92,94,0,13,24
l29,0=0,0,0,0,0,0,0,0,0,0,0,0,0,0,0,0,20,35,0,40,0,65,38,93,61,0,89,52,0,0,76,88,0,99,0,100,98,99,95,100,92,94,0,0,64
l30,0=0,0,0,0,0,0,0,0,0,0,0,0,0,0,11,0,0,0,0,9,0,70,85,82,40,48,46,92,0,0,92,89,97,0,0,100,98,99,95,100,92,94,66,0,0
l31,0=0,0,0,0,0,0,0,0,0,0,0,0,0,0,0,0,0,8,0,11,0,42,0,50,36,25,9,97,0,0,90,75,97,99,0,0,98,99,95,100,92,94,1,0,8
l32,0=0,0,0,0,0,0,0,0,0,0,0,0,0,0,0,0,0,0,0,0,0,45,36,90,23,30,55,58,0,0,9,76,97,99,0,100,0,99,95,100,87,91,5,0,0
l33,0=0,0,0,0,0,0,0,0,0,0,0,0,0,0,0,0,0,34,0,0,0,28,0,54,0,0,34,51,0,0,48,51,97,99,0,100,98,0,95,100,92,5,0,0,0
l34,0=0,0,0,0,0,0,0,0,0,0,0,0,0,0,0,0,9,81,0,38,0,75,85,87,80,75,81,99,0,0,92,86,97,99,0,100,98,99,0,100,92,94,50,1,0
l35,0=0,0,0,0,0,0,0,0,0,0,0,0,0,0,0,0,0,74,0,8,0,66,21,55,45,42,42,35,0,0,92,86,97,99,0,100,98,99,95,0,92,94,0,0,0
l36,0=0,0,0,0,0,26,0,0,0,0,1,0,0,0,32,0,71,86,16,12,27,0,0,53,50,44,0,10,0,0,28,85,92,99,0,94,87,93,92,100,0,80,2,0,0
l37,0=0,0,0,0,0,23,0,0,0,0,0,0,0,0,28,0,32,86,19,32,22,63,0,53,50,37,48,31,0,0,90,89,96,99,0,99,93,58,95,100,92,0,54,0,0
l38,0=0,0,0,0,0,0,0,0,0,0,50,46,0,0,80,0,78,63,71,82,81,65,74,79,85,87,84,77,0,0,10,0,0,53,0,0,0,0,42,0,0,25,0,90,89
l39,0=0,0,0,0,0,0,0,12,18,0,8,21,4,19,47,0,25,45,66,59,88,17,45,83,93,87,88,75,0,0,0,12,0,16,0,0,0,0,2,0,16,0,90,0,90
l40,0=0,0,0,0,0,0,0,0,0,0,0,0,43,0,55,0,65,0,60,79,80,62,70,76,92,83,81,80,0,0,40,22,19,13,0,0,0,0,0,0,0,0,90,91,0
l41,0=0,0,0,0,0,0,0,0,0,29,47,15,33,50,94,0,63,83,91,92,98,41,68,92,93,87,88,87,0,0,54,19,0,32,0,0,0,0,0,0,47,6,90,91,94
l42,0=0,0,0,0,0,0,0,0,0,0,0,0,0,0,69,0,65,50,46,78,84,68,62,85,93,87,88,74,0,0,0,0,30,46,0,50,17,0,45,0,0,0,87,90,89
l43,0=0,0,0,0,0,0,0,0,0,0,37,0,0,0,18,0,6,46,51,81,59,55,77,83,87,85,79,77,0,0,0,0,8,54,0,0,23,0,28,0,0,0,88,91,94
l44,0=0,0,0,0,0,0,0,0,0,0,1,37,0,0,74,0,0,56,62,72,79,73,77,80,93,86,85,82,0,0,0,0,14,0,0,0,0,0,0,0,21,0,87,88,90

l0,1=0,92,97,95,90,94,90,92,82,93,87,91,93,92,73,0,69,0,0,3,0,0,0,0,0,0,0,0,0,0,77,0,0,0,0,0,0,0,0,0,0,0,0,0,0
l1,1=96,0,97,92,91,94,90,92,84,93,87,91,93,93,52,0,48,0,56,77,74,0,0,0,33,0,0,0,0,0,76,0,0,0,0,0,0,0,0,0,26,0,0,0,0
l2,1=96,91,0,95,90,94,90,98,86,97,84,91,93,93,71,0,70,76,72,73,71,0,0,0,0,66,16,0,0,0,68,53,0,0,0,0,0,0,0,0,0,0,0,0,0
l3,1=96,92,97,0,91,94,90,92,83,92,79,85,88,82,78,0,70,79,72,11,53,0,0,0,0,0,0,0,0,0,83,72,0,0,0,0,0,0,0,0,0,0,0,0,0
l4,1=96,92,93,95,0,94,90,92,82,93,78,85,93,92,0,0,63,75,63,0,0,0,0,0,0,0,0,0,0,0,83,44,0,0,0,0,0,0,0,0,0,0,0,0,0
l5,1=96,90,96,92,91,0,90,93,74,93,87,91,93,60,53,0,50,48,63,5,0,0,0,0,0,0,0,0,0,0,83,0,0,0,0,0,0,0,0,0,45,30,0,0,0
l6,1=96,92,97,92,91,94,0,93,84,93,87,91,93,93,45,0,49,71,71,81,66,0,0,0,0,0,0,0,0,0,83,58,0,0,0,0,0,0,0,0,0,0,0,0,0
l7,1=96,91,97,84,89,94,90,0,86,97,87,91,93,93,81,0,73,0,74,74,72,70,66,76,0,74,78,0,0,0,0,0,0,0,0,0,0,0,0,0,0,0,0,76,0
l8,1=92,91,97,95,90,94,90,98,0,97,87,91,88,93,86,0,72,71,80,86,0,73,62,67,46,43,78,0,0,0,66,50,0,0,0,0,0,0,0,0,0,0,0,0,0
l9,1=94,90,95,86,90,91,90,98,86,0,87,91,93,93,85,0,67,72,80,68,60,38,0,0,73,4,55,32,0,0,0,54,0,0,0,0,0,0,0,0,0,0,0,0,0
l10,1=84,90,57,59,67,94,90,89,71,93,0,91,93,92,50,0,74,75,80,86,74,38,47,43,30,78,80,67,0,0,75,62,0,46,0,0,0,0,0,0,17,0,37,54,45
l11,1=96,90,93,87,76,92,89,93,85,97,87,0,93,93,86,0,73,71,80,85,72,0,0,44,67,74,80,0,0,0,0,55,0,0,0,0,0,0,0,0,0,0,0,71,12
l12,1=96,89,93,60,90,94,90,92,67,93,87,91,0,93,86,0,74,79,80,86,77,68,0,60,36,76,67,63,0,0,57,37,0,0,0,0,0,0,0,0,0,0,25,50,0
l13,1=96,92,95,50,90,92,90,92,86,97,87,91,93,0,86,0,73,64,80,80,59,37,55,44,41,47,62,45,0,0,63,46,0,0,0,0,0,0,0,0,0,0,23,0,0
l14,1=52,36,39,50,0,69,24,39,61,52,53,79,85,60,0,0,73,75,82,86,85,46,43,55,46,38,47,37,0,0,75,59,0,0,0,0,0,0,50,0,39,23,40,59,46
l15,1=50,30,51,51,49,76,39,56,54,76,87,91,93,92,89,0,0,75,81,85,83,74,55,69,46,47,62,46,0,0,76,52,0,1,0,0,0,0,0,14,18,0,46,48,12
l16,1=0,0,7,25,33,19,16,0,33,68,60,33,46,24,49,0,47,0,76,91,86,45,0,35,27,9,1,30,0,0,87,85,48,44,0,0,5,14,45,16,38,20,62,34,8
l17,1=0,2,30,43,57,53,23,20,53,77,82,80,85,48,89,0,68,82,0,82,88,41,45,62,45,6,62,36,0,0,70,0,0,0,0,0,0,0,0,20,21,15,55,66,44
l18,1=0,17,23,0,0,0,23,20,50,51,81,69,79,37,86,0,67,85,76,0,88,84,72,35,88,83,91,67,0,0,70,65,0,26,0,10,0,0,24,22,51,42,74,84,42
l19,1=0,38,49,0,0,0,23,29,0,71,76,71,76,37,89,0,71,79,79,91,0,71,40,58,46,47,62,57,0,0,73,65,0,71,0,0,0,0,41,5,43,26,67,88,45
l20,1=0,0,0,0,0,0,0,61,61,49,53,2,65,51,69,0,70,45,46,85,71,0,93,81,88,83,85,81,0,0,0,0,66,72,0,58,74,53,77,56,47,53,74,70,75
l21,1=0,0,0,0,0,0,0,12,53,0,72,0,0,49,70,0,64,0,64,79,58,89,0,76,86,78,86,80,0,0,0,0,0,76,0,0,15,0,75,58,0,0,75,79,79
l22,1=0,0,0,0,0,0,0,60,53,0,40,38,51,24,73,0,58,55,54,65,59,79,79,0,88,0,91,81,0,0,0,0,67,75,0,73,68,45,70,58,61,45,69,75,74
l23,1=0,17,0,0,0,0,0,0,42,62,47,46,54,52,76,0,65,75,62,84,77,82,87,81,0,85,91,75,0,0,0,33,41,55,0,44,0,47,72,37,65,70,62,92,88
l24,1=0,0,39,0,0,0,0,68,42,0,77,62,77,65,79,0,66,73,41,82,78,86,85,0,88,0,91,75,0,0,0,45,47,55,0,21,38,47,0,66,70,62,81,90,84
l25,1=0,0,1,0,0,0,0,45,49,44,70,54,63,43,56,0,62,7,58,85,75,73,83,86,88,85,0,79,0,0,0,0,64,53,0,57,62,42,60,35,34,64,77,92,81
l26,1=0,0,0,0,0,0,0,14,10,42,66,0,67,38,67,0,58,58,52,77,62,88,87,83,84,78,84,0,0,0,0,0,68,81,0,75,68,56,82,62,32,70,74,84,83
l27,1=53,36,41,39,38,42,28,0,41,0,62,0,38,38,48,0,46,85,38,62,70,0,0,0,0,0,0,0,0,0,0,85,65,88,0,41,4,48,42,82,93,69,0,0,0
l28,1=0,0,12,20,30,0,14,0,34,65,57,17,11,31,46,0,40,85,0,85,79,0,0,0,22,41,0,0,0,0,87,0,75,83,0,44,55,9,76,51,93,61,0,9,13
l29,1=0,0,0,0,0,0,0,0,0,0,0,0,0,0,0,0,0,23,0,0,0,67,8,88,51,53,89,74,0,0,64,67,0,97,0,89,91,98,89,91,93,91,47,0,0
l30,1=0,0,0,0,0,0,0,0,0,0,30,0,0,0,0,0,0,31,0,15,55,58,37,83,40,45,65,76,0,0,87,80,90,0,0,89,91,96,89,91,93,99,40,22,13
l31,1=0,0,0,0,0,0,0,0,0,0,0,0,0,0,0,0,0,0,0,31,0,55,0,73,44,25,74,74,0,0,65,59,90,97,0,0,91,98,89,72,93,99,0,0,0
l32,1=0,0,0,0,0,0,0,0,0,0,0,0,0,0,0,0,0,7,0,0,0,64,20,41,0,57,72,46,0,0,17,49,90,97,0,89,0,98,89,91,67,96,21,0,0
l33,1=0,0,0,0,0,0,0,0,0,0,0,0,0,0,0,0,0,4,0,0,0,29,0,36,53,13,59,30,0,0,43,0,90,94,0,89,91,0,89,87,89,65,0,0,0
l34,1=0,0,0,0,0,0,0,0,0,0,0,0,0,0,32,0,0,66,0,46,50,63,36,71,67,0,70,72,0,0,72,64,90,97,0,89,91,95,0,91,93,99,42,48,0
l35,1=0,0,0,0,0,0,0,0,0,0,0,0,0,0,0,0,21,26,22,58,7,49,32,41,24,56,42,37,0,0,87,82,90,97,0,44,90,74,89,0,93,99,0,0,0
l36,1=0,1,0,0,0,28,0,0,0,0,17,0,0,0,47,0,28,49,6,72,78,32,0,33,35,69,14,14,0,0,87,85,86,97,0,83,74,77,85,88,0,95,0,0,0
l37,1=0,0,0,0,0,33,0,0,0,0,0,0,0,0,35,0,11,31,29,64,52,49,10,33,68,56,73,40,0,0,87,85,86,97,0,89,86,49,89,91,93,0,0,0,0
l38,1=0,0,0,0,0,0,0,0,0,0,48,0,2,0,70,0,52,53,52,74,55,71,68,68,69,82,82,72,0,0,0,0,32,34,0,0,0,0,54,0,0,0,0,92,91
l39,1=0,0,0,0,0,0,0,36,0,0,36,29,27,0,75,0,38,20,60,79,78,42,63,75,88,82,89,75,0,0,0,0,0,34,0,0,0,0,45,0,0,0,81,0,91
l40,1=0,0,0,0,0,0,0,0,0,0,36,3,0,0,62,0,17,40,54,69,66,65,39,71,87,77,80,73,0,0,0,23,0,16,0,0,0,0,0,0,0,0,81,91,0
l41,1=0,0,0,0,0,0,0,0,16,35,47,31,34,25,85,0,63,63,53,85,71,67,36,79,88,82,72,73,0,0,48,49,0,0,0,6,26,0,51,24,0,0,82,93,91
l42,1=0,0,0,0,0,0,0,0,0,0,0,0,0,0,55,0,52,53,34,73,61,66,69,73,88,82,89,71,0,0,0,0,0,0,0,49,18,0,0,0,2,0,81,92,91
l43,1=0,0,0,0,0,0,0,0,0,0,41,0,0,0,51,0,39,40,31,68,47,70,49,78,87,76,84,73,0,0,0,0,35,42,0,0,24,0,0,18,0,0,81,90,91
l44,1=0,0,0,0,0,0,0,0,0,0,0,0,43,34,59,0,0,50,49,61,62,75,64,58,84,77,82,74,0,0,0,0,39,0,0,2,0,0,0,0,24,0,79,85,91

l0,2=0,92,93,89,93,91,87,85,83,90,69,93,91,90,0,0,72,66,5,65,0,0,0,0,0,0,0,0,0,0,41,0,0,0,0,0,0,0,0,0,0,0,0,0,0
l1,2=94,0,93,86,94,91,88,90,87,90,74,93,93,90,69,0,72,60,63,58,63,0,0,0,0,0,0,0,0,0,75,45,0,0,0,0,0,0,0,0,0,0,0,0,0
l2,2=90,92,0,87,90,90,88,98,88,93,72,93,93,87,64,0,70,70,62,64,63,0,0,21,0,67,0,0,0,0,75,47,0,0,0,0,0,0,0,0,0,0,0,0,0
l3,2=94,92,93,0,94,0,88,89,86,90,72,93,93,89,34,0,66,0,63,0,49,0,0,0,0,0,0,0,0,0,72,53,0,0,0,0,0,0,0,0,0,0,0,0,0
l4,2=93,92,91,89,0,91,88,88,86,90,69,90,88,84,66,0,73,59,62,0,0,0,0,0,0,0,0,0,0,0,74,47,0,0,0,0,0,0,0,0,0,0,0,0,0
l5,2=90,92,93,1,94,0,88,90,86,90,74,91,93,90,73,0,63,0,62,58,5,0,0,0,0,0,0,0,0,0,74,51,0,0,0,0,0,0,0,0,0,0,0,0,0
l6,2=82,92,93,86,94,91,0,98,88,91,72,93,93,90,71,0,81,71,64,0,56,0,0,0,0,0,0,0,0,0,68,48,0,0,0,0,0,0,0,0,0,0,0,0,0
l7,2=82,92,93,82,91,88,88,0,88,93,72,93,93,89,70,0,81,0,69,67,65,38,34,69,58,74,58,0,0,0,37,0,0,0,0,0,0,0,0,0,0,0,0,0,0
l8,2=80,92,93,79,91,84,81,98,0,93,71,93,93,89,74,0,77,0,65,65,0,41,51,68,0,61,61,64,0,0,62,45,0,0,0,0,0,0,0,0,0,0,0,0,0
l9,2=82,92,89,77,90,84,80,92,86,0,72,93,93,89,74,0,73,71,65,67,64,61,14,16,73,63,57,64,0,0,59,48,0,0,0,0,0,0,0,0,0,0,0,57,0
l10,2=68,91,86,61,80,84,65,73,80,90,0,93,93,89,68,0,84,65,65,71,69,0,49,59,58,72,69,69,0,0,43,48,0,0,0,0,0,0,0,0,41,0,48,26,0
l11,2=81,92,88,71,88,84,79,98,87,93,72,0,93,90,74,0,82,64,65,54,67,70,53,55,61,72,62,0,0,0,71,45,0,0,0,0,0,0,0,0,0,0,46,54,0
l12,2=80,92,88,77,88,84,80,85,83,90,74,93,0,90,74,0,81,71,65,70,68,0,44,49,72,72,59,75,0,0,48,38,0,0,0,0,0,0,0,0,0,0,39,46,0
l13,2=81,92,73,76,88,84,81,85,86,93,72,93,93,0,74,0,81,59,63,46,64,0,0,62,57,48,0,0,0,0,49,34,0,0,0,0,0,0,0,0,0,0,0,31,0
l14,2=0,63,61,0,65,63,52,60,79,82,67,82,83,81,0,0,84,70,77,76,83,59,46,77,73,78,73,58,0,0,76,57,0,0,0,0,0,0,55,58,58,46,59,66,54
l15,2=58,64,58,12,65,45,59,67,68,66,72,93,93,89,91,0,0,64,65,65,73,62,50,65,62,71,61,62,0,0,68,48,0,49,0,0,0,0,0,56,53,48,53,51,44
l16,2=35,50,34,0,53,0,56,0,0,46,46,41,71,60,70,0,71,0,68,80,83,0,0,3,71,69,50,3,0,0,89,81,28,50,0,0,0,0,0,49,36,33,44,47,15
l17,2=0,65,49,35,65,57,50,61,70,76,69,83,85,64,91,0,80,64,0,62,83,59,48,60,74,48,57,63,0,0,65,44,0,37,0,0,0,0,0,14,0,0,51,0,46
l18,2=23,36,54,0,0,42,0,47,64,61,60,49,65,57,84,0,72,83,65,0,83,87,43,73,90,70,85,64,0,0,81,72,20,2,0,0,8,0,53,39,50,51,51,67,37
l19,2=0,59,56,0,0,1,23,56,0,67,59,73,72,67,91,0,81,82,77,80,0,59,7,58,77,78,71,72,0,0,65,62,0,31,0,0,0,0,0,0,66,18,67,69,45
l20,2=0,0,0,0,0,0,0,32,32,51,0,69,0,0,70,0,72,0,65,69,67,0,90,81,82,84,81,88,0,0,0,0,63,60,0,74,0,69,24,58,42,47,70,65,65
l21,2=0,0,0,0,0,0,0,3,49,0,44,61,52,0,60,0,73,0,59,64,0,93,0,81,82,78,80,86,0,0,0,0,0,0,0,0,33,0,0,0,0,0,71,74,57
l22,2=0,0,0,0,0,0,0,37,47,0,33,40,37,52,68,0,71,4,59,65,44,84,74,0,89,78,85,89,0,0,1,0,61,72,0,70,65,2,70,58,56,0,74,67,68
l23,2=0,0,0,0,0,0,0,26,0,54,31,46,67,47,71,0,71,65,71,69,73,82,78,85,0,85,85,83,0,0,0,0,50,40,0,50,0,47,62,31,41,61,79,77,74
l24,2=0,0,38,0,0,0,0,60,38,48,60,68,70,48,78,0,75,70,35,68,74,86,77,81,90,0,85,83,0,0,35,37,29,35,0,10,30,36,36,49,71,60,79,73,74
l25,2=0,0,0,0,0,0,0,32,35,46,59,45,41,0,77,0,72,30,38,69,73,82,74,89,89,85,0,84,0,0,0,2,23,56,0,45,67,37,61,0,53,41,79,77,74
l26,2=0,0,0,0,0,0,0,0,41,53,45,21,66,0,56,0,65,27,66,66,72,91,80,89,83,78,83,0,0,0,0,0,66,77,0,80,59,67,77,16,50,51,78,75,59
l27,2=8,63,67,56,65,60,53,36,61,49,29,67,49,46,68,0,72,85,62,80,63,0,0,16,0,42,0,0,0,0,0,81,52,84,0,58,52,65,76,89,94,83,0,14,0
l28,2=0,40,56,37,54,52,46,0,56,60,52,62,58,48,71,0,70,85,54,75,72,0,0,0,10,61,10,0,0,0,89,0,56,78,0,57,52,51,82,78,94,87,0,43,24
l29,2=0,0,0,0,0,0,0,0,0,0,0,0,0,0,0,0,0,30,0,44,0,81,0,84,67,60,58,83,0,0,65,71,0,94,0,93,97,97,92,91,93,92,57,0,0
l30,2=0,0,0,0,0,0,0,0,0,0,0,0,0,0,0,0,52,59,29,5,36,57,5,86,50,55,66,88,0,0,87,80,79,0,0,93,97,97,92,91,94,93,3,6,0
l31,2=0,0,0,0,0,0,0,0,0,0,0,0,0,0,0,0,0,1,0,0,0,65,0,68,53,34,58,85,0,0,61,56,79,94,0,0,97,97,92,91,94,93,49,0,0
l32,2=0,0,0,0,0,0,0,0,0,0,0,0,0,0,0,0,0,0,0,15,0,0,58,81,0,58,71,66,0,0,61,52,79,94,0,93,0,97,92,91,0,91,49,0,0
l33,2=0,0,0,0,0,0,0,0,0,0,0,0,0,0,0,0,0,0,0,0,0,65,0,0,61,54,53,64,0,0,68,53,79,94,0,93,97,0,92,88,94,72,0,0,0
l34,2=0,0,0,0,0,0,0,0,0,0,0,0,0,0,43,0,0,0,0,49,2,0,0,72,56,52,53,74,0,0,80,80,79,94,0,93,97,95,0,91,94,93,51,40,0
l35,2=0,0,0,0,0,0,0,0,0,0,0,0,0,0,44,0,48,44,17,44,0,48,0,58,42,55,0,0,0,0,88,75,79,94,0,85,97,95,92,0,94,93,0,0,0
l36,2=0,0,0,0,0,0,0,0,0,0,24,0,0,0,62,0,52,65,0,62,75,45,11,71,50,76,68,51,0,0,89,81,74,91,0,87,1,86,89,91,0,92,0,0,0
l37,2=0,0,0,0,0,0,0,0,0,0,0,0,27,0,43,0,52,69,0,74,45,50,0,18,79,74,63,51,0,0,89,81,79,94,0,92,91,88,92,91,94,0,45,0,0
l38,2=0,0,0,0,0,0,0,0,0,0,22,41,29,0,62,0,59,43,59,52,69,48,36,69,78,76,78,73,0,0,0,0,18,0,0,0,2,0,39,0,0,0,0,80,78
l39,2=0,0,0,0,0,0,0,0,0,37,0,49,35,14,75,0,43,22,0,67,71,63,54,78,88,76,83,81,0,0,5,18,0,5,0,0,0,0,30,0,0,0,83,0,79
l40,2=0,0,0,0,0,0,0,0,0,0,0,0,0,0,63,0,44,25,64,49,55,78,41,76,82,76,79,67,0,0,0,6,0,0,0,0,0,0,0,0,0,0,83,76,0
l41,2=0,0,0,0,0,0,0,0,0,6,42,55,0,62,79,0,75,70,57,69,72,73,33,77,83,78,81,71,0,0,43,36,0,0,0,0,1,0,47,0,38,1,84,80,74
l42,2=0,0,0,0,0,0,0,0,0,0,0,0,0,0,60,0,2,49,56,65,0,61,58,77,85,77,81,63,0,0,0,0,35,21,0,0,0,30,49,0,1,0,80,78,74
l43,2=0,0,0,0,0,0,0,0,0,0,0,0,0,0,56,0,34,21,47,47,41,72,40,75,79,74,78,79,0,0,0,0,10,0,0,0,9,0,0,0,0,0,83,71,79
l44,2=0,0,0,0,0,0,0,0,0,0,0,0,3,0,39,0,0,17,47,40,44,55,42,70,82,77,78,79,0,0,0,0,0,37,0,0,0,0,39,0,0,0,79,76,74

l0,3=0,93,91,91,88,99,87,96,82,95,0,84,91,93,84,0,0,0,32,0,0,0,0,0,0,0,0,0,0,0,37,0,0,0,0,0,0,0,0,0,0,0,0,0,0
l1,3=93,0,93,91,89,99,93,95,83,92,92,88,90,90,78,0,74,76,80,79,72,0,0,0,68,0,0,0,0,0,79,68,0,0,0,0,0,0,0,0,0,0,0,0,0
l2,3=88,93,0,91,76,93,93,97,83,95,92,88,90,93,90,0,77,79,71,83,71,0,0,17,0,0,60,0,0,0,80,20,0,0,0,0,0,0,0,0,0,0,0,0,0
l3,3=94,93,93,0,90,98,82,88,82,90,92,88,90,91,0,0,78,0,0,0,69,0,0,0,0,0,0,0,0,0,0,72,0,0,0,0,0,0,0,0,0,0,0,0,0
l4,3=94,93,91,91,0,99,93,90,83,92,68,88,12,88,87,0,0,16,80,0,0,0,0,0,0,0,0,0,0,0,79,0,0,0,0,0,0,0,0,0,0,0,0,0,0
l5,3=93,93,91,91,89,0,93,97,83,95,92,88,91,93,84,0,71,72,79,80,71,0,0,0,0,0,0,0,0,0,81,70,0,0,0,0,0,0,0,0,0,0,0,0,0
l6,3=90,93,93,80,80,99,0,95,82,96,92,88,91,93,90,0,77,79,83,79,59,0,0,44,0,0,0,0,0,0,0,0,0,0,0,0,0,0,0,0,0,0,0,0,0
l7,3=88,88,91,79,76,94,82,0,82,96,66,90,90,93,94,0,78,0,83,88,73,0,0,70,50,71,68,2,0,0,0,0,0,0,0,0,0,0,0,0,0,0,0,0,0
l8,3=86,88,91,82,77,94,82,96,0,95,92,90,90,93,95,0,76,67,84,87,79,0,82,63,0,65,63,73,0,0,76,0,0,0,0,0,0,0,0,0,0,0,0,66,0
l9,3=87,88,91,79,76,94,82,96,82,0,92,91,90,93,92,0,77,76,83,85,77,9,0,61,71,68,59,57,0,0,74,61,0,0,0,0,0,0,0,0,0,0,0,0,0
l10,3=0,88,90,76,49,92,81,49,79,91,0,89,92,93,93,0,82,76,84,84,83,79,61,67,68,68,64,72,0,0,10,72,0,0,0,0,0,0,0,0,0,0,0,55,0
l11,3=81,88,91,79,76,88,82,96,82,95,92,0,92,93,93,0,79,79,83,85,80,75,71,58,67,68,59,61,0,0,80,71,0,0,0,0,0,0,0,0,0,0,0,64,0
l12,3=82,87,91,79,35,89,82,93,81,95,93,91,0,93,93,0,82,73,83,83,79,23,73,0,72,67,64,73,0,0,1,19,0,0,0,0,0,0,0,0,8,40,0,57,0
l13,3=90,88,91,80,77,94,83,96,82,95,92,91,91,0,93,0,79,78,71,25,76,65,3,67,71,63,0,0,0,0,73,0,0,0,0,0,0,0,0,0,0,0,0,0,0
l14,3=56,46,77,0,61,76,71,85,81,81,92,91,90,91,0,0,82,86,89,89,96,73,67,65,63,66,67,51,0,0,6,71,0,0,0,0,0,0,0,59,62,0,67,76,63
l15,3=0,57,78,63,0,59,78,93,71,82,92,91,91,93,95,0,0,80,84,88,90,83,74,65,71,68,67,64,0,0,75,68,0,2,0,0,0,0,0,0,54,28,67,68,13
l16,3=0,60,73,0,36,65,70,0,48,70,71,74,74,73,98,0,82,0,82,96,96,58,0,12,59,65,59,59,0,0,94,91,0,71,0,0,37,0,66,68,86,51,63,62,47
l17,3=4,67,29,0,61,66,75,79,80,87,92,91,89,25,98,0,82,81,0,94,93,72,68,70,79,57,55,0,0,0,78,71,0,0,0,0,0,0,0,0,65,49,65,70,57
l18,3=0,30,50,0,0,55,38,72,76,81,80,76,75,2,95,0,81,90,88,0,96,93,79,74,84,77,86,90,0,0,93,79,0,28,0,0,0,0,47,0,72,58,52,78,0
l19,3=0,55,58,25,0,59,47,67,64,63,88,80,81,69,98,0,82,91,89,96,0,70,65,60,81,75,59,75,0,0,86,74,44,0,0,29,0,0,49,1,69,0,77,80,49
l20,3=0,0,0,0,0,0,0,0,0,0,57,57,25,42,70,0,76,48,67,86,72,0,98,84,61,73,81,95,0,0,0,0,79,80,0,63,50,70,82,0,0,0,83,76,79
l21,3=0,0,0,0,0,0,0,0,74,0,33,74,72,0,82,0,77,0,80,85,84,96,0,84,77,68,80,90,0,0,0,0,0,0,0,56,13,7,0,0,1,0,79,78,0
l22,3=0,0,0,0,0,0,3,53,38,36,38,45,0,64,61,0,58,10,63,66,65,90,78,0,77,71,86,94,0,0,35,0,52,80,0,55,78,52,76,36,41,52,68,68,66
l23,3=0,30,0,0,0,0,0,15,0,50,39,56,59,56,56,0,58,51,71,96,84,56,70,84,0,78,86,91,0,0,0,0,61,60,0,43,64,44,66,65,40,64,82,79,80
l24,3=0,0,0,0,0,0,0,68,48,51,68,65,59,53,68,0,64,63,52,94,78,95,68,89,83,0,86,87,0,0,0,0,49,23,0,31,39,28,52,63,59,55,83,77,80
l25,3=0,0,32,0,0,0,0,53,50,33,57,55,59,0,85,0,74,59,54,86,62,88,70,90,84,77,0,90,0,0,0,46,56,61,0,43,75,30,61,0,58,51,83,79,80
l26,3=0,0,0,0,0,0,0,28,47,34,51,50,74,3,43,0,54,49,0,83,78,96,92,90,77,71,81,0,0,0,10,0,77,89,0,78,67,0,74,78,36,27,83,74,77
l27,3=5,73,69,0,67,85,0,0,62,60,4,74,5,61,3,0,72,91,77,91,86,0,0,44,0,0,0,0,0,0,0,91,70,85,0,9,75,0,87,86,93,92,49,53,3
l28,3=0,53,1,51,0,78,0,0,0,53,67,71,48,0,85,0,73,91,72,90,84,0,0,0,14,0,49,0,0,0,94,0,73,97,0,60,78,62,94,95,93,96,32,61,0
l29,3=0,0,0,0,0,0,0,0,0,0,0,0,0,0,0,0,0,0,0,0,58,91,16,81,78,71,80,91,0,0,87,86,0,100,0,100,100,100,99,99,88,100,52,0,0
l30,3=0,0,0,0,1,0,0,0,0,0,0,0,0,0,0,0,8,89,0,58,0,92,0,89,65,0,75,94,0,0,93,90,98,0,0,100,100,100,99,99,93,100,66,0,52
l31,3=0,0,0,0,0,0,0,0,0,0,0,0,0,0,0,0,0,0,0,0,57,92,70,88,76,52,76,94,0,0,55,61,98,100,0,0,100,100,99,99,93,100,5,56,0
l32,3=0,0,0,0,0,0,0,0,0,0,0,0,0,0,0,0,0,51,0,0,0,75,24,90,68,50,84,82,0,0,87,82,98,100,0,100,0,100,99,99,93,100,0,0,0
l33,3=0,0,0,0,0,0,0,0,0,0,0,0,0,0,0,0,0,0,0,0,0,79,0,77,66,0,52,0,0,0,0,77,98,100,0,100,100,0,99,99,93,83,0,0,0
l34,3=0,0,0,0,0,0,0,0,0,0,0,0,0,0,0,0,0,78,0,72,46,81,0,85,72,60,69,78,0,0,94,91,98,100,0,100,100,100,0,99,93,100,0,0,48
l35,3=0,0,0,0,0,0,0,0,0,0,0,0,0,0,76,0,0,87,0,0,0,0,0,59,77,75,0,82,0,0,94,91,98,100,0,100,100,100,99,0,93,100,0,0,0
l36,3=0,0,0,0,2,0,0,0,0,0,0,0,6,0,83,0,73,90,77,90,87,0,9,74,56,71,78,43,0,0,94,91,84,100,0,96,93,90,99,99,0,100,36,55,0
l37,3=0,0,0,0,0,0,0,0,0,0,0,0,63,0,7,0,53,81,68,91,1,0,0,73,80,74,73,53,0,0,94,91,98,100,0,100,100,83,99,99,93,0,50,0,0
l38,3=0,0,0,0,0,0,0,0,0,0,0,0,0,0,59,0,53,54,48,31,63,61,53,55,69,58,75,64,0,0,39,0,2,51,0,0,0,0,0,0,2,0,0,84,83
l39,3=0,0,0,0,0,0,0,0,40,0,22,47,22,0,64,0,57,50,57,66,66,60,67,65,76,60,82,60,0,0,27,43,0,0,0,17,0,0,0,0,27,0,86,0,84
l40,3=0,0,0,0,0,0,0,0,0,0,0,0,0,0,64,0,8,31,48,0,34,65,0,65,69,62,77,59,0,0,0,0,0,34,0,0,0,0,26,0,0,0,86,84,0
l41,3=0,0,0,0,0,0,0,0,0,36,0,8,43,57,72,0,63,77,72,83,75,63,0,80,83,71,81,61,0,0,0,46,31,0,0,0,0,0,0,0,0,0,86,79,80
l42,3=0,0,0,0,0,0,0,0,0,0,0,0,0,0,52,0,36,36,37,63,52,50,62,51,77,68,83,57,0,0,0,0,37,43,0,23,34,39,43,0,0,0,86,84,83
l43,3=0,0,0,0,0,0,0,0,0,0,6,0,0,0,48,0,28,36,32,46,51,64,40,65,66,56,75,77,0,0,0,0,45,40,0,0,0,0,48,5,0,0,84,77,80
l44,3=0,0,0,0,0,0,0,0,0,0,0,0,0,0,51,0,0,40,39,61,0,56,65,0,71,66,77,72,0,0,0,0,0,50,0,0,20,0,40,0,0,0,84,79,80

l0,4=0,88,89,96,92,84,91,95,83,90,87,93,74,96,87,0,85,0,1,0,44,0,0,0,0,0,0,0,0,0,70,83,0,0,0,0,0,0,0,0,5,0,0,0,0
l1,4=99,0,89,95,92,87,92,94,88,90,87,93,74,96,0,0,65,67,39,84,1,0,0,0,64,0,0,0,0,0,62,0,0,0,0,0,0,0,0,0,0,0,0,0,0
l2,4=96,87,0,85,88,75,92,95,88,90,86,93,75,96,68,0,82,70,56,80,57,0,0,0,0,0,62,0,0,0,0,72,0,0,0,0,0,0,0,0,0,0,0,0,0
l3,4=99,89,89,0,96,87,82,94,86,90,87,93,76,96,82,0,85,0,57,67,0,0,0,0,0,0,0,0,0,0,57,89,0,0,0,0,0,0,0,0,0,0,0,0,0
l4,4=99,89,89,98,0,87,92,95,88,90,87,93,76,96,85,0,83,60,82,0,0,0,0,0,0,0,0,0,0,0,70,89,0,0,0,0,0,0,0,0,0,0,0,0,0
l5,4=99,89,84,95,96,0,92,97,82,90,88,93,80,96,0,0,62,56,78,73,60,0,0,0,0,0,0,0,0,0,70,71,0,0,0,0,0,0,0,0,68,0,0,0,0
l6,4=94,88,89,82,85,86,0,92,78,89,86,93,74,96,85,0,85,69,84,78,60,0,0,0,0,71,0,0,0,0,63,26,0,0,0,0,0,0,0,0,4,0,0,0,0
l7,4=94,84,87,82,83,81,80,0,86,90,86,93,75,96,86,0,85,0,82,88,67,7,0,49,30,86,72,47,0,0,8,0,0,0,0,0,0,0,0,0,0,0,0,0,0
l8,4=94,85,89,82,83,78,72,98,0,90,0,93,75,96,85,0,83,0,84,88,63,44,0,42,66,75,60,47,0,0,55,0,0,0,0,0,0,0,0,0,0,0,0,64,0
l9,4=93,83,87,79,73,80,80,93,82,0,87,93,73,96,86,0,85,69,84,77,67,5,0,40,71,82,0,47,0,0,56,70,0,0,0,0,0,0,0,0,0,0,0,0,0
l10,4=68,70,78,60,63,79,61,80,0,87,0,68,83,95,85,0,85,66,80,82,71,49,43,45,69,82,67,35,0,0,0,71,0,0,0,0,0,0,0,0,0,0,56,68,68
l11,4=85,85,87,81,65,81,63,93,82,89,81,0,83,96,79,0,85,60,84,82,65,0,34,50,64,79,64,45,0,0,54,81,0,0,0,0,0,0,0,0,0,0,0,20,0
l12,4=81,78,87,58,64,79,79,92,82,88,88,93,0,96,88,0,85,71,74,79,74,0,53,42,76,77,70,47,0,0,46,0,0,0,0,0,0,0,0,0,0,0,2,65,0
l13,4=88,85,87,66,71,78,71,93,82,89,87,93,77,0,88,0,81,70,80,81,72,54,0,46,67,80,66,48,0,0,0,0,0,0,0,0,0,0,0,0,0,0,0,64,0
l14,4=69,0,63,55,56,2,61,75,73,76,85,62,68,90,0,0,84,86,87,84,88,57,0,52,69,80,68,52,0,0,61,72,0,0,0,0,0,0,42,71,12,70,67,70,81
l15,4=69,44,71,58,56,46,62,77,70,77,87,92,76,79,88,0,0,73,84,84,83,58,58,49,74,80,66,48,0,0,64,73,0,51,0,0,0,0,0,0,66,0,58,68,73
l16,4=0,62,70,0,53,43,61,0,0,77,75,68,64,79,90,0,84,0,87,92,90,26,0,0,70,78,68,0,0,0,90,96,0,62,0,0,37,0,67,72,72,80,61,70,74
l17,4=0,1,4,0,56,61,57,73,71,76,85,83,58,79,90,0,85,82,0,88,65,0,50,50,73,79,63,44,0,0,62,74,0,0,0,0,0,0,0,0,67,73,58,73,75
l18,4=0,54,59,0,0,42,47,79,76,64,75,80,60,66,79,0,73,83,81,0,93,64,66,65,79,88,76,65,0,0,72,81,0,48,0,42,0,0,58,0,68,82,59,79,62
l19,4=19,0,20,0,0,54,47,74,61,76,76,81,65,80,90,0,80,89,76,92,0,63,58,51,78,79,68,64,0,0,62,76,35,0,0,0,0,0,58,51,68,77,66,77,78
l20,4=0,0,0,0,0,0,0,30,37,1,48,0,0,48,46,0,70,36,0,77,58,0,97,66,76,89,81,91,0,0,0,0,75,62,0,47,0,45,56,0,0,53,78,75,69
l21,4=0,0,0,0,0,0,0,0,0,0,41,61,47,0,0,0,68,0,57,89,66,97,0,79,77,88,83,90,0,0,0,0,0,0,0,59,0,0,51,0,0,0,61,59,66
l22,4=0,0,0,0,0,0,0,56,49,48,54,61,38,59,43,0,44,0,60,76,51,79,77,0,83,91,87,91,0,0,0,0,46,66,0,59,68,43,61,53,40,61,55,65,1
l23,4=0,35,0,0,0,0,0,15,41,50,61,55,47,59,56,0,58,60,63,88,82,83,55,81,0,94,87,86,0,0,34,11,49,35,0,45,54,30,57,69,34,66,76,82,84
l24,4=0,0,0,0,0,9,39,73,39,62,77,66,45,70,78,0,71,63,79,87,77,91,80,75,82,0,81,81,0,0,8,13,49,49,0,43,56,25,54,71,49,67,77,78,90
l25,4=0,0,37,0,0,0,0,65,49,0,63,63,47,55,62,0,51,68,58,79,53,78,68,81,86,92,0,78,0,0,11,13,61,65,0,40,52,33,56,52,53,62,67,73,67
l26,4=0,0,0,0,0,0,0,58,46,47,45,61,44,58,53,0,46,0,58,81,63,97,91,81,80,81,81,0,0,0,27,51,47,72,0,61,57,31,55,58,51,0,67,57,74
l27,4=85,59,0,24,67,81,64,35,71,81,0,80,44,0,87,0,85,89,87,91,82,0,0,0,57,1,12,1,0,0,0,96,81,82,0,58,51,46,89,100,99,100,42,0,0
l28,4=67,0,56,66,76,62,7,0,2,74,77,92,0,0,84,0,83,89,87,91,81,0,0,0,51,12,22,37,0,0,90,0,60,94,0,72,95,91,89,100,99,100,0,69,10
l29,4=0,0,0,0,0,0,0,0,0,0,0,0,0,0,0,0,0,0,0,2,46,92,0,69,74,82,82,78,0,0,78,80,0,97,0,93,100,100,99,100,93,100,72,0,2
l30,4=0,0,0,0,0,0,0,0,0,0,0,0,0,0,0,0,69,84,0,85,0,91,0,75,75,87,81,86,0,0,82,93,96,0,0,93,100,77,99,100,100,100,81,77,28
l31,4=0,0,0,0,0,0,0,0,0,0,0,0,0,0,0,0,0,0,0,87,0,89,92,80,82,89,79,88,0,0,83,87,96,97,0,0,100,100,99,100,100,100,0,81,0
l32,4=0,0,0,0,0,0,0,0,0,0,0,0,0,0,0,0,0,30,0,0,0,0,0,81,80,82,81,86,0,0,66,92,96,97,0,93,0,100,99,100,99,100,0,0,0
l33,4=0,0,0,0,0,0,0,0,0,0,0,0,0,0,0,0,0,0,0,0,0,92,0,77,82,47,81,75,0,0,32,92,96,97,0,93,100,0,99,100,100,88,0,0,0
l34,4=0,0,0,0,0,0,0,0,0,0,0,0,0,0,5,0,0,85,0,81,75,90,60,76,80,88,81,86,0,0,86,96,96,97,0,93,100,100,0,100,100,100,63,0,72
l35,4=0,0,0,0,0,0,0,0,0,0,0,0,0,0,82,0,0,89,0,0,58,0,0,79,85,94,83,89,0,0,90,96,96,97,0,93,100,100,99,0,100,100,0,0,0
l36,4=0,0,0,0,0,64,0,0,0,0,0,0,0,0,0,0,70,89,82,88,74,0,0,63,69,87,81,67,0,0,90,96,96,97,0,93,100,100,99,100,0,100,0,17,0
l37,4=0,0,0,0,0,0,0,0,0,0,0,0,0,0,77,0,0,84,82,92,83,64,0,73,85,94,84,0,0,0,90,96,96,97,0,93,100,72,99,100,100,0,0,0,81
l38,4=0,0,0,0,0,0,0,0,0,0,46,0,0,0,49,0,44,45,49,48,54,59,33,34,70,74,65,57,0,0,8,0,29,34,0,0,0,0,19,0,0,0,0,80,90
l39,4=0,0,0,0,0,0,0,0,37,0,47,5,28,47,53,0,48,45,76,78,75,52,32,50,77,84,81,33,0,0,0,42,0,31,0,31,0,0,0,0,1,0,83,0,89
l40,4=0,0,0,0,0,0,0,0,0,0,7,0,0,0,59,0,27,24,45,38,46,52,35,1,70,78,58,68,0,0,0,0,0,3,0,0,0,0,21,0,0,40,83,80,0
l41,4=0,0,0,0,0,0,0,0,1,0,7,46,44,64,56,0,44,78,75,77,71,72,41,66,76,80,76,41,0,0,40,57,36,0,0,0,0,0,25,12,0,0,77,77,78
l42,4=0,0,0,0,0,0,0,0,0,0,47,0,0,0,49,0,30,0,57,74,55,70,65,71,80,88,67,69,0,0,0,0,41,0,0,31,40,0,41,0,0,0,83,80,90
l43,4=0,0,0,0,0,0,0,0,0,0,40,0,0,0,28,0,22,47,49,52,53,74,0,59,61,70,72,67,0,0,30,0,45,0,0,33,39,0,44,0,0,0,74,78,89
l44,4=0,0,0,0,0,0,0,0,0,0,0,0,0,0,47,0,33,3,52,70,52,64,43,58,79,83,80,65,0,0,0,0,0,51,0,0,18,0,36,0,0,0,79,78,87

l0,5=0,81,88,97,89,72,89,89,87,85,48,87,77,72,56,0,23,25,2,16,0,0,0,0,0,0,0,0,0,0,54,0,0,0,0,0,0,0,0,0,0,0,0,0,0
l1,5=93,0,89,97,89,72,92,89,87,83,86,86,77,72,10,0,55,25,0,45,15,0,0,0,0,0,0,0,0,0,36,22,0,0,0,0,0,0,0,0,54,0,0,0,0
l2,5=92,80,0,94,89,71,89,89,87,80,50,87,77,73,56,0,38,13,0,0,0,0,0,0,0,0,33,0,0,0,10,23,0,0,0,0,0,0,0,0,0,0,0,0,0
l3,5=93,86,90,0,95,76,89,89,87,77,45,87,71,72,50,0,50,34,42,0,0,0,0,0,0,0,0,0,0,0,78,42,0,0,0,0,0,0,0,0,0,0,0,0,0
l4,5=93,86,90,97,0,76,92,89,87,81,68,80,77,74,0,0,60,35,44,53,0,0,0,0,0,0,0,0,0,0,52,40,0,0,0,0,0,0,0,0,0,0,0,0,0
l5,5=93,81,88,94,95,0,89,89,83,85,89,87,72,70,45,0,6,21,42,44,38,0,0,0,0,15,0,0,0,0,73,23,0,0,0,0,0,0,0,0,60,0,0,0,0
l6,5=93,86,88,85,89,71,0,89,87,85,81,78,77,74,56,0,75,18,56,42,0,0,0,0,0,38,0,0,0,0,0,34,0,0,0,0,0,0,0,0,0,0,0,0,0
l7,5=90,78,88,84,82,68,89,0,87,86,71,90,77,74,58,0,70,13,63,63,0,0,0,1,0,51,46,22,0,0,0,0,0,0,0,0,0,0,0,0,0,0,0,0,0
l8,5=92,86,90,81,68,57,90,91,0,87,82,90,79,78,58,0,68,35,58,60,42,0,30,73,22,51,61,32,0,0,24,0,0,0,0,0,0,0,0,0,0,0,0,8,0
l9,5=82,71,80,62,68,64,89,89,87,0,88,90,77,78,58,0,67,27,65,10,42,1,0,5,36,49,42,46,0,0,24,1,0,0,0,0,0,0,0,0,0,0,0,38,0
l10,5=37,42,33,2,52,34,25,26,78,79,0,52,78,75,70,0,79,25,40,61,60,16,26,45,41,50,44,51,0,0,26,14,0,0,0,0,0,0,0,0,0,12,24,35,0
l11,5=81,70,80,73,65,57,24,87,87,85,82,0,79,75,0,0,72,15,51,51,51,0,0,50,29,36,29,32,0,0,27,18,0,0,0,0,0,0,0,0,0,0,0,2,0
l12,5=73,81,88,52,75,32,89,89,87,85,89,90,0,78,62,0,78,25,52,54,63,3,13,19,45,47,49,48,0,0,28,0,0,0,0,0,0,0,0,0,0,0,20,13,0
l13,5=81,77,83,73,68,57,81,84,87,85,89,90,79,0,60,0,67,63,63,60,60,17,0,47,45,49,45,56,0,0,48,0,0,0,0,0,0,0,0,0,0,0,0,45,0
l14,5=18,1,25,23,2,18,21,25,73,68,86,12,63,69,0,0,75,82,81,78,79,11,29,28,43,44,43,30,0,0,31,13,0,0,0,0,0,0,6,6,30,2,28,48,53
l15,5=23,20,27,29,45,1,29,31,82,64,88,53,72,46,69,0,0,44,76,68,72,19,18,52,46,45,50,32,0,0,30,21,0,0,0,0,0,0,1,0,44,5,24,43,39
l16,5=17,29,18,37,47,18,20,1,15,49,50,6,22,64,71,0,28,0,29,78,79,3,0,50,50,31,27,9,0,0,39,52,0,0,0,3,0,0,32,36,54,3,1,18,27
l17,5=1,0,0,25,36,18,24,29,59,73,47,21,31,36,75,0,75,26,0,67,79,12,14,29,35,59,43,0,0,0,46,12,0,0,0,0,0,0,3,0,27,18,29,49,23
l18,5=1,11,0,0,29,10,16,40,62,0,53,26,34,44,70,0,67,82,50,0,80,34,36,62,49,71,70,67,0,0,47,40,11,13,0,10,33,18,38,6,31,3,48,82,39
l19,5=0,2,0,0,0,16,0,0,54,59,48,21,19,53,71,0,75,84,76,84,0,15,16,54,50,63,41,67,0,0,31,23,0,15,0,0,0,0,40,23,59,26,30,51,56
l20,5=0,0,0,0,0,0,0,0,0,0,28,0,15,15,26,0,47,14,34,60,36,0,83,84,52,61,66,81,0,0,0,0,53,51,0,0,52,41,54,16,19,20,32,70,60
l21,5=0,0,0,0,0,0,0,0,37,0,27,0,17,0,39,0,44,0,28,59,10,72,0,0,38,64,66,81,0,0,0,0,14,0,0,9,0,0,22,0,0,0,57,62,46
l22,5=0,0,0,0,0,0,0,0,57,0,40,32,11,15,24,0,52,45,50,70,66,64,0,0,54,74,77,81,0,0,23,0,10,60,0,45,66,57,23,46,60,6,74,79,35
l23,5=0,0,0,0,0,0,0,0,18,26,36,7,41,22,39,0,48,46,50,72,70,59,23,89,0,78,78,68,0,0,4,9,19,29,0,27,18,15,0,40,27,53,73,79,71
l24,5=0,0,0,0,0,7,9,54,25,31,65,9,32,23,39,0,49,38,61,73,73,59,68,87,54,0,73,70,0,0,8,19,10,46,0,24,21,8,34,38,33,0,72,82,72
l25,5=0,0,0,0,0,0,0,20,26,23,54,17,44,17,39,0,49,46,52,70,37,61,59,89,55,71,0,71,0,0,5,5,50,54,0,19,22,37,37,14,26,27,64,82,68
l26,5=0,0,0,0,0,0,0,4,25,24,24,16,24,20,23,0,24,10,0,70,59,70,77,87,50,65,62,0,0,0,0,6,17,52,0,23,27,12,38,0,29,11,54,58,52
l27,5=23,43,0,69,70,27,0,0,12,33,50,23,18,52,66,0,24,51,39,42,41,0,0,45,28,13,5,0,0,0,0,91,20,25,0,21,53,64,45,74,92,36,0,0,0
l28,5=0,22,41,55,67,22,24,0,0,0,46,23,0,0,66,0,25,85,25,46,60,0,0,0,35,32,5,7,0,0,90,0,19,25,0,21,73,72,40,79,92,52,1,21,0
l29,5=0,0,0,0,0,0,0,0,0,0,0,0,0,0,0,0,0,0,0,32,0,56,20,45,41,30,71,17,0,0,42,57,0,91,0,84,90,92,93,85,76,95,0,22,30
l30,5=0,0,0,0,0,0,0,0,0,0,0,0,0,0,0,0,0,0,0,56,7,19,0,71,35,50,71,71,0,0,30,70,89,0,0,84,90,90,93,85,95,96,25,47,10
l31,5=0,0,0,0,0,0,0,0,0,0,0,0,0,0,0,0,0,12,0,40,0,0,10,72,43,59,60,66,0,0,64,69,89,91,0,0,90,92,93,85,95,96,0,14,0
l32,5=0,0,0,0,0,0,0,0,0,0,0,0,0,0,0,0,0,0,0,46,0,44,0,86,26,24,34,34,0,0,27,58,89,91,0,84,0,92,92,85,93,69,0,0,0
l33,5=0,0,0,0,0,0,0,0,0,0,0,0,0,0,0,0,0,0,0,23,0,44,0,61,29,0,68,0,0,0,31,64,89,91,0,84,90,0,93,62,84,54,0,0,0
l34,5=0,0,0,0,0,0,0,0,0,0,0,0,0,0,2,0,4,30,5,42,39,11,10,47,5,32,8,22,0,0,45,18,89,91,0,84,85,89,0,85,95,96,1,0,0
l35,5=0,0,0,0,0,0,0,0,0,0,0,0,0,0,48,0,0,28,0,46,39,5,0,60,52,40,8,0,0,0,90,93,89,91,0,83,88,82,93,0,95,96,0,0,0
l36,5=0,0,0,0,0,24,0,0,0,0,0,0,0,0,54,0,24,39,19,38,40,6,0,55,47,36,9,27,0,0,90,91,35,91,0,44,82,85,93,85,0,96,0,0,0
l37,5=0,0,0,0,0,0,0,0,0,0,27,0,0,0,46,0,16,18,23,44,42,5,0,44,52,0,9,21,0,0,90,92,89,91,0,83,82,76,93,85,95,0,1,0,10
l38,5=0,0,0,0,0,0,0,0,0,0,29,0,1,0,26,0,22,17,37,49,34,6,30,67,44,45,59,57,0,0,0,0,0,14,0,0,0,0,4,0,0,0,0,79,74
l39,5=0,0,0,0,0,0,0,0,0,9,22,0,5,18,47,0,45,7,55,68,64,52,18,74,43,58,66,61,0,0,0,6,0,24,0,0,0,0,0,0,0,0,72,0,74
l40,5=0,0,0,0,0,0,0,0,0,0,0,0,0,0,25,0,21,5,10,28,27,26,13,11,44,48,52,40,0,0,0,0,1,1,0,0,0,0,0,0,0,0,76,83,0
l41,5=0,0,0,0,0,0,0,0,0,26,3,4,31,0,48,0,32,60,60,69,70,4,21,74,47,64,70,60,0,0,0,6,6,0,0,0,0,0,0,0,26,0,77,81,71
l42,5=0,0,0,0,0,0,0,0,0,0,23,0,0,0,31,0,0,10,23,67,39,52,0,75,47,63,66,67,0,0,0,0,4,17,0,16,18,0,17,0,4,0,77,83,74
l43,5=0,0,0,0,0,0,0,0,0,0,27,0,0,0,16,0,3,9,21,24,28,29,16,45,33,48,60,67,0,0,0,0,14,0,0,16,0,5,17,0,0,0,72,83,72
l44,5=0,0,0,0,0,0,0,0,0,0,7,1,0,0,18,0,20,15,15,52,29,53,30,42,45,62,66,37,0,0,4,0,7,25,0,0,0,0,0,0,6,0,76,79,74

l0,6=0,87,79,93,85,92,86,86,76,83,78,79,75,86,61,0,57,70,0,37,0,0,0,0,0,0,0,0,0,0,82,0,0,0,0,0,0,0,0,0,0,0,0,0,0
l1,6=94,0,88,91,85,93,91,87,78,87,83,77,81,87,38,0,57,43,37,31,12,0,0,0,0,0,0,0,0,0,68,61,0,0,0,0,0,0,0,0,10,0,0,0,0
l2,6=91,88,0,92,67,94,91,88,79,76,70,72,82,87,61,0,53,44,31,30,0,0,0,0,0,52,0,0,0,0,36,44,0,0,0,0,0,0,0,0,0,0,0,0,0
l3,6=97,88,88,0,86,94,89,78,77,84,78,80,41,82,66,0,57,48,38,0,0,0,0,0,0,0,0,0,0,0,79,0,0,0,0,0,0,0,0,0,0,0,0,0,0
l4,6=97,88,73,93,0,94,85,82,73,83,56,80,79,76,1,0,46,0,30,11,0,0,0,0,0,0,0,0,0,0,72,70,0,0,0,0,0,0,0,0,0,0,0,0,0
l5,6=94,84,84,86,86,0,89,79,74,85,85,79,38,81,70,0,57,43,34,18,38,0,0,0,14,0,1,0,0,0,59,66,0,5,0,0,0,0,3,20,0,0,0,0,0
l6,6=94,88,88,78,82,93,0,87,70,87,86,70,81,0,61,0,53,31,45,24,44,27,0,0,0,26,0,0,0,0,61,49,0,0,0,0,0,0,0,0,0,0,0,0,0
l7,6=94,86,82,70,77,76,90,0,79,89,71,87,78,87,64,0,55,57,59,55,40,0,0,0,0,66,48,0,0,0,0,0,0,0,0,0,0,0,0,0,0,0,0,0,0
l8,6=93,87,88,89,82,91,82,90,0,88,73,87,81,86,72,0,55,33,43,58,0,51,23,43,42,66,48,19,0,0,0,0,0,0,0,0,0,0,0,0,0,0,0,0,0
l9,6=85,87,72,77,79,91,91,90,79,0,86,87,83,89,75,0,54,40,73,16,49,0,12,1,43,24,29,10,0,0,48,0,0,0,0,0,0,0,0,0,0,0,13,0,0
l10,6=66,70,60,55,27,77,75,45,37,76,0,83,82,84,79,0,65,43,61,37,60,51,7,30,62,54,29,3,0,0,61,51,0,0,0,0,0,0,0,0,0,30,31,49,7
l11,6=86,67,74,75,79,77,72,87,77,86,79,0,83,84,74,0,59,45,74,62,41,52,3,30,69,41,27,18,0,0,60,41,0,0,0,0,0,0,0,0,0,0,0,36,0
l12,6=77,86,84,43,82,47,90,86,78,88,91,87,0,89,81,0,61,41,78,66,55,0,0,25,73,18,49,16,0,0,45,44,0,0,0,0,0,0,0,0,0,0,21,47,0
l13,6=90,79,79,77,71,83,0,87,79,89,85,87,83,0,79,0,57,55,74,65,45,29,0,26,58,38,21,24,0,0,52,47,0,0,0,0,0,0,0,0,0,0,2,31,0
l14,6=46,7,22,14,19,43,26,39,34,67,84,40,55,54,0,0,59,72,85,68,69,40,19,27,60,48,0,6,0,0,79,51,0,28,0,0,0,0,0,0,31,0,37,60,53
l15,6=43,55,54,29,25,51,51,44,33,63,89,44,70,48,71,0,0,41,73,37,59,59,15,33,58,3,28,31,0,0,32,55,0,0,0,0,0,0,0,0,31,0,33,58,20
l16,6=58,44,36,32,0,14,11,17,16,56,70,7,11,18,81,0,54,0,41,43,71,5,0,17,55,20,22,15,0,0,83,80,0,0,0,3,0,0,2,1,78,48,33,47,34
l17,6=0,37,21,27,37,37,41,40,15,68,71,69,68,54,87,0,55,66,0,64,62,49,12,35,61,55,27,20,0,0,76,67,0,0,0,0,0,0,0,0,0,0,45,61,37
l18,6=17,47,24,0,20,10,10,54,25,4,51,33,51,52,77,0,44,68,59,0,70,59,19,61,73,75,60,37,0,0,45,52,47,41,0,12,20,5,17,16,55,37,48,62,50
l19,6=0,9,0,0,0,37,39,30,0,54,65,31,56,37,76,0,57,72,75,77,0,53,19,32,78,75,15,41,0,0,60,62,0,40,0,0,0,0,30,30,53,43,0,60,22
l20,6=0,0,0,0,0,0,11,0,26,0,26,20,0,11,27,0,39,14,45,61,30,0,67,77,74,76,54,60,0,0,0,0,58,27,0,19,35,24,59,27,21,24,47,36,37
l21,6=0,0,0,0,0,0,0,0,38,26,28,14,0,0,52,0,39,0,32,59,41,78,0,58,63,69,48,59,0,0,0,0,29,0,0,0,0,0,34,1,0,0,33,49,36
l22,6=0,0,0,0,0,0,0,0,23,0,30,22,16,20,29,0,29,33,46,60,25,73,35,0,80,81,69,63,0,0,3,0,0,57,0,19,53,34,45,23,26,29,53,55,27
l23,6=0,0,0,0,0,1,0,0,22,27,42,41,44,31,58,0,40,49,38,62,66,68,35,83,0,85,72,55,0,0,37,26,30,24,0,34,23,15,48,26,25,33,47,66,53
l24,6=0,0,16,0,0,0,10,50,43,32,50,16,30,33,31,0,14,15,52,70,58,63,42,82,83,0,72,59,0,0,0,20,24,34,0,18,22,0,21,0,7,27,46,61,56
l25,6=0,0,0,0,0,0,0,21,26,24,50,19,44,19,0,0,41,46,44,62,14,58,30,83,83,85,0,44,0,0,0,0,53,37,0,19,23,30,39,30,23,28,46,67,16
l26,6=0,0,0,0,0,0,0,0,24,12,20,16,13,20,26,0,25,24,30,67,63,74,60,79,74,76,63,0,0,0,3,0,57,49,0,21,35,21,66,31,22,22,56,44,17
l27,6=63,45,8,30,41,15,12,0,0,44,66,11,6,20,80,0,34,52,42,5,64,0,0,7,20,0,0,0,0,0,0,83,45,56,0,51,61,1,17,42,87,68,20,0,0
l28,6=0,55,24,0,69,43,17,0,0,0,65,32,36,35,63,0,42,77,30,40,69,0,0,0,30,25,0,0,0,0,90,0,45,56,0,45,63,11,17,49,86,69,29,0,0
l29,6=0,0,0,0,0,0,0,0,0,0,0,0,0,0,0,0,0,0,0,59,0,63,20,0,41,20,55,35,0,0,45,59,0,76,0,73,81,83,83,89,78,66,0,0,0
l30,6=0,0,0,0,0,0,0,0,0,0,0,0,0,0,40,0,0,0,2,41,39,61,1,66,43,65,55,41,0,0,64,60,80,0,0,73,80,81,83,66,96,78,0,18,30
l31,6=0,0,0,0,0,0,0,0,0,0,0,0,0,0,0,0,0,20,0,49,0,61,0,57,64,62,53,38,0,0,55,50,80,76,0,0,81,86,83,82,91,76,0,0,0
l32,6=0,0,0,0,0,0,0,0,0,0,0,0,0,0,0,0,0,0,0,51,0,66,0,68,47,45,51,39,0,0,46,42,80,75,0,73,0,83,80,75,85,49,12,0,0
l33,6=0,0,0,0,0,0,0,0,0,0,0,0,0,0,0,0,0,0,0,25,0,43,0,63,19,0,56,32,0,0,30,37,78,74,0,73,78,0,79,64,85,71,0,0,0
l34,6=0,0,0,0,0,0,0,0,0,0,0,0,0,0,50,0,11,16,0,36,60,67,20,55,39,24,28,43,0,0,64,36,80,76,0,72,77,70,0,89,96,81,18,22,0
l35,6=0,0,0,0,0,11,0,0,0,0,0,0,0,0,0,0,6,8,0,33,61,56,0,32,28,0,24,35,0,0,84,53,80,65,0,70,78,10,83,0,96,81,14,0,0
l36,6=0,0,0,0,0,0,0,0,0,0,0,0,0,0,63,0,26,48,0,37,56,56,0,35,31,1,23,37,0,0,90,54,47,76,0,73,76,16,83,89,0,81,0,15,0
l37,6=0,0,0,0,0,0,0,0,0,0,39,0,0,0,0,0,0,18,0,37,59,57,0,34,33,28,26,35,0,0,86,81,77,75,0,70,75,68,83,89,96,0,1,2,0
l38,6=0,0,0,0,0,0,0,0,0,0,14,0,12,0,21,0,15,21,14,38,0,32,9,47,66,42,35,38,0,0,5,13,0,0,0,0,3,0,15,1,0,0,0,70,64
l39,6=0,0,0,0,0,0,0,0,0,0,18,11,20,1,47,0,28,40,42,50,43,18,18,46,71,52,63,18,0,0,0,0,0,7,0,0,0,0,13,0,8,0,58,0,67
l40,6=0,0,0,0,0,0,0,0,0,0,0,0,0,0,40,0,15,16,20,37,0,23,11,35,60,60,17,11,0,0,0,0,0,11,0,0,0,0,0,0,0,0,54,66,0
l41,6=0,0,0,0,0,0,0,0,7,0,0,11,48,21,67,0,27,24,56,63,62,46,10,54,79,69,60,26,0,0,26,22,21,0,0,0,0,0,5,0,12,15,54,69,60
l42,6=0,0,0,0,0,0,0,0,0,0,22,0,0,0,28,0,0,28,24,52,21,18,0,60,67,73,65,51,0,0,0,0,20,0,0,1,19,6,24,0,13,0,61,71,47
l43,6=0,0,0,0,0,0,0,0,0,0,16,0,0,0,21,0,0,21,22,15,19,19,0,65,58,68,50,49,0,0,0,0,23,17,0,12,0,0,23,0,0,0,57,66,65
l44,6=0,0,0,0,0,0,0,0,0,0,0,0,10,0,17,0,16,26,0,15,0,19,17,39,72,72,59,46,0,0,0,1,0,0,0,0,0,0,0,0,3,0,57,67,69

l0,7=0,92,92,94,97,95,96,87,89,45,65,85,91,91,10,0,74,83,18,16,0,0,0,0,0,0,0,0,0,0,0,49,0,0,0,0,0,0,0,0,0,2,0,0,0
l1,7=95,0,92,94,97,95,96,92,95,93,76,89,93,91,0,0,80,0,35,22,0,0,0,0,0,0,0,0,0,0,0,0,0,0,0,0,0,0,0,0,0,0,0,0,0
l2,7=95,92,0,92,97,95,96,93,95,31,65,90,93,91,19,0,66,77,28,22,18,0,0,0,0,5,0,0,0,0,46,0,0,0,0,0,0,0,0,0,0,0,0,0,0
l3,7=95,92,92,0,97,95,92,80,88,89,67,85,90,89,14,0,62,67,35,15,0,0,0,0,0,0,0,0,0,0,46,49,0,0,0,0,0,0,0,0,1,0,0,0,0
l4,7=95,92,91,94,0,95,95,91,89,67,74,95,83,60,0,0,62,63,0,23,0,0,0,0,0,0,0,0,0,0,52,7,0,0,0,0,0,0,0,0,0,0,0,0,0
l5,7=95,92,92,94,97,0,96,84,95,70,80,91,67,89,21,0,70,75,48,20,23,0,0,0,0,0,0,0,0,0,52,8,0,0,0,0,0,0,0,0,0,0,0,0,0
l6,7=95,92,92,89,97,95,0,93,95,94,78,83,86,86,35,0,61,73,70,0,32,0,0,4,0,40,0,0,0,0,47,27,0,0,0,0,0,0,0,0,0,0,0,0,0
l7,7=83,72,85,61,84,87,96,0,95,94,71,96,87,91,59,0,76,75,0,70,55,52,22,0,35,68,45,65,0,0,0,0,0,0,0,0,0,0,0,0,0,0,0,0,0
l8,7=91,86,87,87,91,91,93,93,0,89,80,92,88,86,56,0,79,46,52,67,31,64,46,36,30,36,53,49,0,0,0,0,0,0,0,0,0,0,0,0,0,0,0,0,0
l9,7=47,86,73,85,92,82,96,93,95,0,70,96,93,91,58,0,72,0,72,37,40,65,0,19,0,40,53,0,0,0,21,34,0,0,0,0,0,0,0,0,0,0,0,8,0
l10,7=27,24,20,21,38,89,91,86,53,26,0,89,87,86,73,0,80,78,60,24,33,52,46,37,35,42,67,0,0,0,31,47,0,0,0,0,0,0,0,0,0,0,29,12,0
l11,7=54,49,82,29,92,91,81,89,91,89,79,0,93,86,65,0,75,17,80,44,0,52,0,29,34,27,51,67,0,0,8,0,0,0,0,0,0,0,0,0,0,0,0,11,0
l12,7=64,83,81,48,57,43,80,76,91,89,80,96,0,91,72,0,79,25,81,26,25,11,34,25,37,45,69,37,0,0,29,20,0,0,0,0,0,0,0,0,0,0,14,8,0
l13,7=90,83,87,79,84,91,90,89,91,89,80,96,93,0,70,0,16,61,77,74,56,16,41,28,47,62,0,25,0,0,15,13,0,0,0,0,0,0,0,0,0,0,0,1,0
l14,7=18,0,1,1,9,28,46,52,21,25,79,72,75,45,0,0,82,87,87,81,32,69,0,34,31,41,67,70,0,0,43,35,0,0,0,0,0,0,32,0,3,0,18,12,1
l15,7=27,20,6,10,16,31,23,61,28,23,84,78,80,0,50,0,0,70,57,27,33,60,51,29,33,26,64,30,0,0,29,24,0,0,0,0,0,0,0,24,13,0,5,12,0
l16,7=28,0,9,4,6,17,44,41,4,0,61,23,23,10,30,0,61,0,40,30,54,25,0,10,31,19,61,21,0,0,56,89,0,4,0,0,0,1,46,52,82,10,21,16,21
l17,7=7,18,0,18,1,35,47,0,22,27,76,83,75,25,76,0,74,85,0,26,36,63,15,34,33,44,38,49,0,0,51,42,0,0,0,0,0,0,2,26,0,7,11,15,22
l18,7=7,11,7,0,8,15,0,51,31,19,49,56,54,57,69,0,59,74,63,0,71,76,60,24,73,68,69,76,0,0,52,32,27,10,0,0,1,0,53,55,51,18,64,45,21
l19,7=0,0,5,0,0,15,38,38,14,23,60,0,43,16,49,0,76,88,82,78,0,64,41,41,86,54,63,66,0,0,27,20,0,17,0,0,0,1,46,57,36,0,62,13,21
l20,7=0,0,0,0,0,0,0,18,30,13,14,19,8,1,42,0,44,24,31,67,29,0,81,80,81,71,65,82,0,0,0,0,45,28,0,10,33,6,61,19,0,0,50,40,65
l21,7=0,0,0,0,0,0,0,28,65,0,33,0,42,32,0,0,57,0,11,65,53,86,0,74,81,63,67,81,0,0,0,0,19,0,0,0,13,0,26,25,0,0,51,39,56
l22,7=0,0,0,0,0,0,0,0,26,1,43,25,13,17,31,0,49,31,59,34,66,80,73,0,82,71,77,82,0,0,0,0,52,64,0,48,55,30,63,33,21,54,64,48,34
l23,7=0,0,0,0,0,0,0,18,13,0,29,29,52,5,46,0,56,63,54,68,68,79,67,83,0,79,80,80,0,0,5,10,18,23,0,41,11,0,43,26,28,27,68,50,70
l24,7=0,0,0,0,0,0,18,55,7,10,45,20,58,6,44,0,41,61,62,72,67,82,61,82,86,0,80,83,0,0,10,0,9,10,0,16,5,0,0,45,27,41,71,45,66
l25,7=0,0,0,0,0,0,0,19,30,21,43,27,53,0,46,0,52,54,51,68,39,62,28,83,86,79,0,72,0,0,0,2,27,39,0,33,20,27,41,32,29,31,68,57,66
l26,7=0,0,0,0,0,0,0,18,11,0,0,22,12,2,30,0,29,26,47,68,50,85,76,82,81,72,71,0,0,0,3,0,45,49,0,34,52,32,67,33,17,30,69,12,35
l27,7=0,0,16,24,20,28,76,0,0,2,64,25,55,0,30,0,27,91,40,30,36,0,0,0,3,21,2,27,0,0,0,89,29,27,0,5,21,22,90,90,87,92,2,0,8
l28,7=43,0,0,25,9,17,44,0,0,23,76,0,52,9,9,0,24,91,55,46,34,0,0,1,12,0,35,0,0,0,95,0,41,55,0,4,28,24,80,90,50,36,0,0,0
l29,7=0,0,0,0,0,0,0,0,0,0,0,0,0,0,0,0,0,0,0,63,0,74,17,52,56,13,62,73,0,0,14,14,0,83,0,83,85,91,90,91,84,85,0,18,0
l30,7=0,0,0,0,0,0,0,0,0,0,0,0,0,0,0,0,0,57,0,16,29,73,0,73,32,17,68,75,0,0,70,59,76,0,0,78,80,85,88,76,89,85,0,0,18
l31,7=0,0,0,0,0,0,0,0,0,0,0,0,0,0,0,0,0,23,0,3,0,65,0,72,77,62,68,74,0,0,30,32,76,83,0,0,85,93,91,71,87,82,0,0,0
l32,7=0,0,0,0,0,0,0,0,0,0,0,0,0,0,0,0,0,0,0,0,0,73,3,49,53,39,46,75,0,0,63,39,76,79,0,83,0,93,87,86,76,74,0,20,0
l33,7=0,0,0,0,0,0,0,0,0,0,0,0,0,0,0,0,0,0,0,0,0,0,0,49,0,0,49,64,0,0,15,12,75,79,0,83,84,0,87,61,83,85,3,0,0
l34,7=0,0,0,0,0,0,0,0,0,0,0,0,0,0,0,0,0,59,0,46,29,82,20,74,43,0,71,78,0,0,85,9,76,83,0,83,79,90,0,91,89,93,3,8,0
l35,7=0,0,0,0,0,1,0,0,0,0,0,0,0,0,0,0,15,62,13,67,30,74,28,14,10,44,69,41,0,0,50,79,76,79,0,50,77,54,91,0,89,93,22,1,0
l36,7=0,0,0,0,0,0,0,0,0,0,0,0,1,0,0,0,23,85,0,76,31,0,0,15,29,21,72,41,0,0,62,34,71,83,0,43,28,34,91,91,0,62,0,0,0
l37,7=8,0,0,0,0,0,0,0,0,0,0,0,0,0,0,0,0,62,33,45,0,0,0,44,33,47,71,41,0,0,41,33,71,83,0,40,28,33,91,91,89,0,1,0,0
l38,7=0,0,0,0,0,0,0,0,0,0,19,0,5,0,7,0,9,13,7,53,22,35,28,56,78,65,65,65,0,0,0,0,0,0,0,0,0,7,15,23,0,0,0,53,71
l39,7=0,0,0,0,0,0,0,0,0,7,18,18,11,0,32,0,36,56,38,57,36,57,27,55,78,51,77,25,0,0,0,0,7,0,0,0,1,0,16,0,0,0,76,0,70
l40,7=0,0,0,0,0,0,0,0,0,0,0,0,0,0,0,0,0,20,25,24,9,53,20,35,68,49,58,46,0,0,3,0,0,5,0,0,0,0,0,0,0,0,72,49,0
l41,7=0,0,0,0,0,0,0,0,9,0,23,0,47,0,59,0,46,32,53,65,61,62,3,19,86,69,72,57,0,0,0,15,13,0,0,0,2,0,12,0,0,14,68,59,71
l42,7=0,0,0,0,0,0,0,0,0,0,0,3,0,0,35,0,23,31,8,50,24,63,22,31,74,71,75,70,0,0,0,0,12,9,0,0,0,8,0,0,0,0,71,54,62
l43,7=0,0,0,0,0,0,0,0,0,0,4,0,0,0,4,0,6,24,19,34,30,47,0,28,77,70,72,50,0,0,0,0,17,0,0,21,0,0,24,18,13,0,72,49,71
l44,7=0,0,0,0,0,0,0,0,0,0,0,0,4,0,22,0,22,28,4,23,29,34,27,63,80,70,67,67,0,0,0,0,1,9,0,0,0,0,21,0,0,0,70,51,71

l0,8=0,100,100,100,100,99,100,99,90,96,0,98,98,96,47,0,95,79,49,0,0,0,0,0,0,0,0,0,0,0,42,0,0,0,0,0,0,0,0,0,0,0,0,0,0
l1,8=99,0,100,100,100,99,100,99,100,96,96,98,98,89,82,0,89,81,89,83,0,0,0,0,0,0,0,0,0,0,79,0,0,0,0,0,0,0,0,0,38,0,0,0,0
l2,8=99,100,0,100,100,98,100,0,100,96,62,98,1,96,6,0,59,79,88,60,49,0,0,0,13,0,0,0,0,0,48,0,0,0,0,0,0,0,0,0,0,0,0,14,0
l3,8=99,100,100,0,100,100,100,99,100,97,91,96,98,96,1,0,93,15,91,79,0,0,0,0,0,0,0,0,0,0,88,77,0,0,0,0,0,0,0,0,0,0,0,0,0
l4,8=99,100,100,100,0,99,100,99,100,96,53,98,98,84,0,0,58,84,70,81,0,0,0,0,0,0,0,0,0,0,58,44,0,0,0,0,0,0,0,0,0,0,0,0,0
l5,8=99,100,100,100,100,0,100,99,100,97,96,98,94,96,43,0,95,80,85,80,53,0,0,0,0,0,0,0,0,0,48,75,0,0,0,0,0,0,0,0,0,0,0,0,0
l6,8=99,100,100,100,100,99,0,99,100,97,96,98,98,96,97,0,95,73,100,0,55,0,0,0,0,46,0,0,0,0,39,65,0,0,0,0,0,0,0,0,0,0,0,0,0
l7,8=95,100,97,95,97,99,100,0,100,97,97,98,98,96,92,0,95,84,92,91,91,37,0,66,85,82,81,0,0,0,0,0,0,0,0,0,0,0,0,0,0,0,0,0,0
l8,8=93,100,100,96,97,98,95,99,0,97,92,98,98,94,91,0,91,64,91,91,93,72,2,87,77,0,79,87,0,0,16,0,0,0,0,0,0,0,0,0,0,0,12,0,0
l9,8=95,100,95,95,98,92,100,99,100,0,95,98,98,96,92,0,95,0,55,86,94,38,0,68,52,50,82,0,0,0,35,63,0,0,0,0,0,0,0,0,0,0,0,83,0
l10,8=0,93,91,92,57,52,75,94,96,57,0,67,98,96,97,0,95,70,95,80,55,44,28,91,63,46,85,0,0,0,5,74,0,0,0,0,0,0,0,0,0,0,0,84,0
l11,8=95,94,95,88,97,92,95,99,100,93,93,0,98,96,91,0,91,64,95,84,4,19,0,60,60,38,82,48,0,0,34,0,0,0,0,0,0,0,0,0,0,0,11,46,8
l12,8=95,94,0,95,63,53,75,94,100,98,98,98,0,96,92,0,95,84,96,86,56,14,42,27,62,52,86,49,0,0,39,31,0,0,0,0,0,0,0,0,0,0,50,58,31
l13,8=95,84,99,95,90,99,95,99,96,97,98,98,98,0,92,0,91,73,95,83,52,42,67,88,60,50,0,49,0,0,29,68,0,0,0,0,0,0,0,0,32,0,0,0,0
l14,8=37,59,0,0,0,21,67,92,52,50,61,65,96,78,0,0,59,94,100,98,60,44,31,87,64,53,83,36,0,0,54,77,0,0,0,0,0,0,15,2,13,7,59,83,78
l15,8=94,69,77,77,54,56,73,98,98,78,98,98,98,81,97,0,0,93,100,90,54,46,0,79,64,52,84,51,0,0,56,78,0,6,0,0,0,0,23,25,38,0,36,90,54
l16,8=48,73,42,0,34,30,39,59,33,0,17,18,93,42,56,0,58,0,100,94,96,0,0,0,53,55,82,0,0,0,99,81,0,16,0,0,45,25,92,80,55,30,73,84,43
l17,8=4,77,52,31,21,28,55,62,58,0,60,71,98,77,97,0,59,95,0,92,97,30,37,58,62,53,81,49,0,0,51,37,0,0,0,0,0,0,0,47,4,0,49,62,77
l18,8=0,38,0,18,35,25,0,86,87,41,38,60,86,63,97,0,83,100,97,0,98,85,75,97,93,88,91,91,0,0,88,72,47,0,0,0,0,0,89,20,32,46,74,88,82
l19,8=0,0,24,0,0,47,50,80,79,52,54,24,91,66,97,0,93,100,100,99,0,46,0,96,92,84,90,54,0,0,93,0,0,29,0,0,0,0,77,65,50,39,75,90,39
l20,8=0,0,0,0,0,0,0,38,60,29,59,29,26,62,60,0,61,19,68,91,66,0,96,96,84,85,77,92,0,0,0,0,60,46,0,0,54,0,73,29,15,25,49,75,80
l21,8=0,0,0,0,0,0,0,0,14,0,54,14,66,55,56,0,0,0,69,85,0,85,0,95,87,78,62,90,0,0,0,0,49,44,0,0,70,0,68,17,0,0,62,69,72
l22,8=0,0,0,0,0,0,0,22,26,9,57,34,27,42,51,0,46,0,41,86,72,84,71,0,93,85,92,92,0,0,0,11,46,58,0,61,34,33,88,34,14,55,55,87,67
l23,8=0,0,0,0,0,0,0,51,23,6,38,47,59,39,59,0,63,63,71,90,79,84,65,97,0,89,92,90,0,0,27,0,59,42,0,58,49,0,74,43,59,33,61,90,88
l24,8=0,0,0,0,0,0,26,64,0,41,48,25,66,51,70,0,56,71,77,89,70,84,62,93,93,0,92,90,0,0,32,21,22,23,0,27,35,35,42,19,61,24,81,34,71
l25,8=0,0,0,0,0,0,0,52,25,39,63,54,66,0,56,0,55,71,63,85,70,61,22,97,93,89,0,72,0,0,14,0,32,54,0,50,58,35,68,0,16,45,78,91,78
l26,8=0,0,0,0,0,0,0,3,27,0,0,38,29,30,27,0,55,19,68,92,58,84,78,97,88,85,40,0,0,0,17,0,34,51,0,26,81,24,87,24,22,24,74,74,50
l27,8=58,86,54,58,73,40,47,0,29,8,0,44,54,27,55,0,42,100,99,94,60,0,0,1,42,27,17,7,0,0,0,100,0,97,0,51,80,93,99,83,56,59,15,9,14
l28,8=0,0,0,55,52,55,52,0,0,36,60,0,33,40,69,0,60,100,98,99,0,0,0,25,0,15,0,0,0,0,99,0,93,59,0,43,87,74,100,55,97,40,50,87,0
l29,8=0,0,0,0,0,0,0,0,0,0,0,0,0,0,0,0,0,0,0,77,0,84,27,91,88,52,40,89,0,0,0,86,0,99,0,100,100,100,100,100,96,99,73,48,0
l30,8=0,0,0,0,10,0,0,0,0,0,0,0,0,0,0,0,5,24,0,0,24,44,16,93,64,43,88,87,0,0,94,92,99,0,0,99,99,100,100,100,97,99,0,0,0
l31,8=0,0,0,0,0,0,0,0,0,0,0,0,0,0,0,0,0,26,0,0,0,1,0,93,84,45,72,38,0,0,84,62,100,99,0,0,100,100,100,90,97,100,0,0,0
l32,8=0,0,0,0,0,0,0,0,0,0,0,0,0,0,0,0,0,47,0,0,0,76,37,80,80,72,55,89,0,0,80,87,100,99,0,100,0,100,100,60,81,98,0,29,0
l33,8=0,0,0,0,0,0,0,0,0,0,0,0,0,0,0,0,0,67,0,0,0,0,0,81,0,75,32,36,0,0,79,3,100,99,0,100,100,0,87,100,65,67,0,0,0
l34,8=0,0,0,0,0,0,0,0,0,0,0,0,0,0,1,0,25,86,0,95,51,82,44,97,92,53,56,92,0,0,99,90,100,99,0,99,100,100,0,100,97,100,0,84,0
l35,8=0,0,0,0,0,0,0,0,0,0,0,0,0,0,0,0,36,100,62,87,63,34,3,86,91,34,0,22,0,0,88,100,100,99,0,60,88,100,100,0,97,100,2,0,0
l36,8=0,3,0,0,0,0,0,0,0,0,0,0,0,5,14,0,58,100,33,94,100,12,0,21,87,80,34,10,0,0,88,100,93,99,0,60,88,100,100,100,0,100,2,0,0
l37,8=0,0,0,0,0,0,0,0,0,0,0,0,0,0,11,0,1,95,19,93,53,12,0,89,66,20,54,21,0,0,98,79,93,99,0,60,89,88,100,100,97,0,0,19,0
l38,8=0,0,0,0,0,0,0,0,0,0,0,3,20,0,17,0,9,26,41,49,17,9,17,50,58,72,69,70,0,0,0,11,14,0,0,0,0,4,0,0,0,0,0,90,89
l39,8=0,0,0,0,0,0,0,0,0,11,24,3,12,0,23,0,24,43,57,54,55,28,21,69,90,18,91,60,0,0,0,15,10,0,0,0,20,0,13,0,0,0,88,0,88
l40,8=0,0,0,0,0,0,0,0,0,0,0,2,5,0,34,0,16,18,29,42,0,42,20,50,85,47,61,54,0,0,0,0,0,0,0,0,0,0,0,0,0,0,87,89,0
l41,8=0,0,0,0,0,9,0,20,19,8,9,11,62,23,75,0,39,18,77,73,71,71,43,86,91,86,90,81,0,0,17,65,2,0,0,12,14,0,0,0,0,9,87,90,89
l42,8=0,0,0,0,0,0,0,0,0,0,0,0,0,0,42,0,18,21,26,75,50,60,21,77,77,87,89,84,0,0,0,0,1,16,0,0,0,13,24,0,0,0,84,91,40
l43,8=0,0,0,0,0,0,0,0,0,0,1,0,0,0,19,0,0,25,29,52,55,44,0,69,64,62,87,32,0,0,0,0,35,16,0,0,23,0,22,18,0,0,78,87,86
l44,8=0,0,0,0,0,0,0,0,0,0,0,0,2,5,37,0,14,21,30,59,27,15,41,80,81,64,66,59,0,0,0,0,0,14,0,0,0,0,0,0,0,0,72,86,77

l0,9=0,100,99,100,98,99,100,0,100,100,95,96,100,88,75,0,0,0,0,0,0,0,0,0,0,0,0,0,0,0,0,0,0,0,0,0,0,0,0,0,0,0,0,0,0
l1,9=95,0,99,100,100,99,100,98,100,100,99,96,100,99,67,0,57,52,0,13,0,0,0,0,0,52,0,0,0,0,89,92,0,0,0,0,0,0,0,0,0,0,0,0,0
l2,9=95,100,0,100,98,99,100,100,100,100,35,96,100,100,83,0,1,28,95,85,0,0,0,0,27,0,0,0,0,0,87,96,0,0,0,0,0,0,0,0,0,0,0,0,0
l3,9=97,100,99,0,100,99,100,99,100,100,37,48,100,100,0,0,34,0,0,93,0,0,0,0,0,0,0,0,0,0,93,94,0,0,0,0,0,0,0,0,0,0,0,0,0
l4,9=95,100,99,100,0,99,100,95,100,81,37,65,100,100,56,0,31,23,81,84,0,0,0,0,0,0,0,0,0,0,95,97,0,0,0,0,0,0,0,0,0,0,0,0,0
l5,9=96,100,99,100,100,0,100,96,100,88,39,99,99,100,73,0,59,27,0,73,42,0,0,0,0,50,0,0,0,0,95,0,0,0,0,0,0,0,0,0,41,0,0,0,0
l6,9=94,100,99,100,98,99,0,100,100,100,100,96,100,100,84,0,78,53,97,0,62,0,0,0,0,38,0,0,0,0,79,99,0,0,0,0,0,0,0,0,0,0,0,0,0
l7,9=86,100,99,100,98,99,100,0,100,100,100,96,100,100,80,0,97,52,0,98,65,92,1,0,98,99,46,55,0,0,0,0,0,0,0,0,0,0,0,0,0,0,0,10,0
l8,9=94,100,99,100,98,99,100,99,0,99,100,97,100,100,99,0,97,61,90,98,69,49,0,81,92,70,49,59,0,0,0,0,0,0,0,0,0,0,0,0,0,0,0,15,0
l9,9=93,100,99,100,98,99,100,98,100,0,99,100,100,100,98,0,99,30,99,98,100,28,0,74,89,52,55,52,0,0,86,80,0,0,0,0,0,0,0,0,0,0,0,0,0
l10,9=70,100,46,53,56,59,100,98,100,80,0,99,100,100,99,0,99,28,99,96,45,34,42,92,85,57,58,0,0,0,90,96,0,0,0,0,0,0,0,0,11,4,69,97,44
l11,9=93,100,99,54,92,99,100,100,100,100,99,0,100,100,99,0,97,28,99,98,40,0,0,88,87,53,53,58,0,0,0,0,0,0,0,0,0,0,0,0,0,0,11,60,25
l12,9=93,100,75,56,60,33,60,99,100,100,100,100,0,100,96,0,99,36,95,98,41,34,44,0,47,56,56,51,0,0,54,33,0,0,0,0,0,0,0,0,51,3,36,28,0
l13,9=87,100,99,99,98,99,100,98,100,100,99,100,100,0,99,0,97,26,99,95,67,33,0,82,97,56,52,48,0,0,88,92,0,0,0,0,0,0,0,0,68,0,0,0,0
l14,9=2,1,37,0,35,16,43,71,97,68,38,35,100,98,0,0,44,30,99,100,46,35,20,92,89,58,55,59,0,0,95,100,0,2,0,0,0,0,7,0,89,93,93,0,67
l15,9=0,57,0,52,55,56,48,99,99,81,63,65,100,100,90,0,0,30,99,100,45,37,43,93,91,60,53,54,0,0,52,99,0,13,0,0,0,0,31,34,88,92,46,34,43
l16,9=0,88,27,0,43,38,47,51,80,59,38,35,100,97,87,0,37,0,91,100,67,0,0,93,88,60,56,0,0,0,100,100,15,10,0,0,11,2,56,98,99,98,70,96,0
l17,9=0,0,48,0,42,0,44,0,51,64,38,43,100,100,99,0,72,30,0,100,100,37,43,76,91,60,58,57,0,0,64,68,0,0,0,0,0,0,0,50,0,0,43,63,41
l18,9=0,0,16,13,33,24,0,99,97,69,38,61,99,95,98,0,98,92,98,0,100,49,48,95,97,70,92,98,0,0,96,96,44,76,0,56,14,0,96,64,96,98,96,96,93
l19,9=0,0,0,0,0,54,60,77,97,69,38,15,98,97,99,0,37,93,99,100,0,26,0,96,91,70,57,60,0,0,97,97,0,24,0,0,0,0,64,79,96,98,76,96,93
l20,9=0,0,0,0,0,0,0,84,78,76,78,0,86,78,83,0,85,3,83,97,77,0,99,97,95,98,93,98,0,0,0,0,79,85,0,0,62,0,90,79,51,62,75,87,68
l21,9=0,0,0,0,0,0,0,32,0,0,52,1,99,9,89,0,76,0,98,98,0,100,0,96,96,98,92,98,0,0,0,0,0,85,0,0,45,0,92,61,0,0,96,96,81
l22,9=0,0,0,0,0,0,0,0,77,38,80,82,0,78,83,0,80,71,79,97,95,98,66,0,98,98,94,99,0,0,0,0,79,87,0,85,64,0,96,72,78,77,77,96,75
l23,9=0,0,0,0,0,0,0,77,70,46,25,47,28,89,91,0,98,58,97,98,95,96,79,97,0,99,95,98,0,0,81,0,90,78,0,88,21,8,86,77,75,88,96,96,94
l24,9=0,59,0,0,0,70,48,93,80,59,84,78,89,90,90,0,95,92,98,95,98,98,98,96,98,0,95,98,0,0,69,0,88,82,0,48,79,67,88,87,92,86,96,96,87
l25,9=0,0,0,0,0,0,0,68,77,47,92,47,90,73,90,0,47,42,91,94,91,94,15,96,98,99,0,97,0,0,0,0,92,89,0,64,79,47,92,22,64,11,96,97,94
l26,9=0,0,0,0,0,0,0,63,81,52,0,87,80,68,91,0,83,0,92,98,89,98,98,97,96,98,93,0,0,0,0,0,79,98,0,78,82,35,98,76,68,84,96,92,92
l27,9=0,45,12,19,40,59,12,0,2,51,3,0,55,92,78,0,18,93,91,97,46,0,0,0,50,26,0,0,0,0,0,100,27,75,0,65,38,0,38,100,99,100,4,0,15
l28,9=0,56,24,20,38,1,58,0,0,49,2,0,52,98,86,0,48,30,91,100,45,0,0,0,0,0,3,0,0,0,100,0,38,72,0,64,37,0,39,70,100,100,0,33,0
l29,9=0,0,0,0,0,0,0,0,0,0,0,0,0,0,0,0,1,47,0,91,0,63,0,58,95,68,93,57,0,0,37,95,0,100,0,100,100,100,100,100,98,100,55,38,0
l30,9=0,0,0,0,22,0,0,0,0,0,0,0,0,0,11,0,22,22,0,98,16,58,20,88,52,30,51,99,0,0,89,26,99,0,0,100,100,100,100,100,100,100,28,25,2
l31,9=0,0,0,0,0,0,0,0,0,0,0,0,0,0,0,0,0,2,0,89,0,0,0,88,89,29,55,77,0,0,83,41,99,100,0,0,100,100,100,73,99,66,8,0,32
l32,9=0,0,0,0,0,0,0,0,0,0,0,0,0,0,0,0,0,46,0,26,0,68,27,60,69,69,94,99,0,0,62,60,99,100,0,100,0,100,100,64,97,100,0,0,0
l33,9=0,0,0,0,0,0,0,0,0,0,0,0,0,0,0,0,0,1,0,0,0,0,0,0,38,44,45,39,0,0,63,0,99,100,0,100,100,0,100,90,54,66,0,0,0
l34,9=0,0,0,0,0,0,0,0,0,0,0,0,0,0,40,0,26,30,0,98,42,25,20,97,59,30,62,100,0,0,90,39,99,100,0,100,100,100,0,100,100,100,0,31,0
l35,9=0,0,0,0,0,0,0,0,0,0,0,0,0,0,1,0,36,92,91,97,44,13,11,63,57,40,33,60,0,0,94,38,99,100,0,65,61,100,100,0,100,100,0,0,0
l36,9=0,0,0,0,0,47,0,0,0,0,0,0,23,84,84,0,62,93,0,100,98,8,0,62,57,63,41,56,0,0,93,39,38,92,0,99,100,37,100,100,0,100,0,7,0
l37,9=0,0,0,0,0,0,0,0,0,0,0,0,40,0,76,0,35,30,0,99,44,10,0,63,52,30,25,61,0,0,100,39,64,86,0,65,100,62,100,100,100,0,0,0,0
l38,9=0,0,0,0,0,0,0,0,0,0,18,0,60,0,86,0,18,30,21,32,36,26,20,73,97,92,93,94,0,0,0,0,23,1,0,0,0,0,0,0,0,0,0,97,95
l39,9=0,0,0,0,0,0,0,0,0,0,71,24,54,0,0,0,21,51,85,93,89,77,19,94,96,91,93,92,0,0,0,22,22,1,0,0,0,0,14,0,0,0,96,0,94
l40,9=0,0,0,0,0,0,0,0,0,0,15,19,0,0,74,0,18,2,39,85,53,26,14,85,95,85,90,89,0,0,1,0,0,0,0,3,0,0,0,0,0,0,96,95,0
l41,9=0,0,20,0,0,0,0,27,33,0,0,28,72,61,95,0,95,53,96,98,61,52,24,93,96,98,93,51,0,0,32,77,0,0,0,27,13,0,49,3,0,16,96,96,94
l42,9=0,0,0,0,0,0,0,0,0,0,0,0,0,0,70,0,0,11,67,98,81,94,0,92,95,98,93,98,0,0,0,0,0,0,0,0,0,0,73,0,0,34,96,96,86
l43,9=0,0,0,0,0,0,0,0,0,0,0,0,0,0,74,0,0,0,67,35,69,73,28,81,86,82,93,84,0,0,0,0,59,0,0,0,32,0,0,0,0,0,96,84,86
l44,9=0,0,0,0,0,0,0,0,0,0,0,0,54,55,78,0,22,18,60,97,49,26,59,96,96,98,93,52,0,0,0,0,0,3,0,29,4,0,0,0,0,0,96,96,86

l0,10=0,90,91,88,94,89,79,1,88,91,81,83,91,85,47,0,63,49,40,0,7,0,0,0,0,0,0,0,0,0,0,56,0,0,0,0,0,0,0,0,0,0,0,0,0
l1,10=94,0,89,85,94,89,80,0,88,91,74,45,91,52,52,0,54,48,11,50,0,0,0,0,0,30,0,0,0,0,43,39,0,0,0,0,0,0,0,0,0,0,0,0,0
l2,10=94,90,0,82,94,90,80,0,88,92,83,92,92,88,63,0,75,47,49,68,0,0,0,0,35,3,0,0,0,0,5,35,0,0,0,0,0,0,0,0,0,0,0,25,0
l3,10=94,90,87,0,94,90,80,2,88,92,77,88,91,86,0,0,72,26,41,0,0,0,0,0,0,0,0,0,0,0,80,68,0,0,0,0,0,0,0,0,0,0,0,0,0
l4,10=94,90,93,88,0,90,79,2,83,85,69,65,90,81,48,0,75,68,0,0,0,0,0,0,0,0,0,0,0,0,49,59,0,0,0,0,0,0,0,0,0,0,0,0,0
l5,10=94,90,93,88,94,0,79,0,88,90,83,92,91,89,52,0,50,43,42,35,0,0,0,0,0,0,0,0,0,0,46,0,0,0,0,0,0,0,2,0,19,0,0,0,0
l6,10=92,90,89,82,94,89,0,0,88,92,83,92,91,86,0,0,75,44,31,0,0,0,0,0,14,5,0,0,0,0,35,41,0,0,0,0,0,0,0,0,0,0,0,0,0
l7,10=86,90,89,70,89,90,80,0,88,92,85,92,92,90,65,0,87,67,44,81,66,58,0,24,16,70,43,30,0,0,0,31,0,0,0,0,0,0,0,0,0,0,0,13,0
l8,10=92,90,88,79,83,89,80,0,0,92,88,92,92,88,57,0,44,27,70,72,58,51,0,12,36,29,35,25,0,0,10,0,0,0,0,0,0,0,0,0,0,0,0,4,0
l9,10=89,86,86,78,86,84,75,0,85,0,87,92,92,90,72,0,87,63,80,60,55,50,0,16,49,39,24,15,0,0,0,21,0,0,0,0,0,0,0,0,0,0,0,0,0
l10,10=57,68,63,62,75,84,75,0,86,89,0,89,92,86,76,0,91,54,83,35,87,57,4,42,50,64,62,29,0,0,24,45,0,0,0,0,0,0,0,0,14,0,34,33,49
l11,10=53,33,86,72,40,89,79,0,85,92,87,0,92,90,71,0,87,30,83,83,61,31,0,20,34,34,30,30,0,0,1,32,0,0,0,0,0,0,0,0,0,0,0,0,0
l12,10=58,81,86,75,84,83,73,0,85,92,90,92,0,90,72,0,89,87,82,51,48,52,23,10,39,71,41,17,0,0,25,0,0,0,0,0,0,0,0,0,0,0,33,0,1
l13,10=88,54,86,76,67,88,75,0,85,92,88,92,92,0,60,0,87,23,83,63,83,1,22,16,13,29,27,17,0,0,15,28,0,0,0,0,0,0,0,0,0,0,0,3,0
l14,10=7,34,37,0,75,62,0,0,59,81,92,53,56,41,0,0,91,73,85,33,98,68,11,1,61,73,42,41,0,0,50,51,0,15,0,0,0,0,0,23,0,36,49,9,44
l15,10=27,26,37,62,74,48,72,0,41,90,92,55,92,63,86,0,0,55,85,92,86,60,8,34,62,70,35,45,0,0,51,51,0,1,0,0,0,0,0,7,38,33,1,48,11
l16,10=11,70,22,0,67,74,29,1,30,46,49,25,57,16,86,0,78,0,52,93,98,26,0,28,66,68,40,15,0,0,97,56,20,0,0,0,5,0,68,32,90,38,11,52,32
l17,10=17,0,46,22,0,62,31,2,61,80,90,86,78,82,86,0,91,85,0,97,98,0,17,38,69,71,51,46,0,0,85,43,0,0,0,0,0,0,0,29,14,2,42,37,46
l18,10=0,15,61,0,27,39,0,0,60,70,30,52,45,55,5,0,88,94,85,0,98,75,47,48,87,85,52,83,0,0,49,41,21,46,0,0,0,0,60,74,74,73,51,45,82
l19,10=3,0,0,0,0,0,0,1,60,41,86,53,51,64,86,0,74,97,85,97,0,78,0,51,77,85,64,53,0,0,57,52,0,19,0,0,0,0,55,78,77,64,14,52,86
l20,10=0,0,0,0,0,0,0,1,72,73,76,77,70,11,69,0,71,66,0,92,77,0,98,87,79,83,82,86,0,0,0,0,73,74,0,72,63,0,76,71,0,0,69,68,74
l21,10=0,0,0,0,0,0,0,0,0,0,51,0,81,75,77,0,81,0,70,96,0,89,0,89,87,86,87,88,0,0,0,0,5,74,0,0,0,0,21,0,0,14,67,81,76
l22,10=0,0,0,0,0,0,0,2,55,51,77,73,55,68,28,0,67,68,70,78,78,86,78,0,87,82,88,88,0,0,0,0,75,76,0,67,70,66,76,69,67,71,79,75,70
l23,10=0,0,42,0,0,0,0,8,63,65,68,71,58,2,68,0,79,77,74,95,82,77,80,87,0,86,89,85,0,0,63,17,74,79,0,74,63,48,73,74,64,69,85,86,88
l24,10=0,55,0,0,0,0,31,0,60,61,76,75,73,62,73,0,75,75,75,95,85,81,84,87,87,0,89,67,0,0,2,53,70,68,0,58,73,0,66,66,75,72,80,86,67
l25,10=0,0,0,0,0,0,0,0,64,36,82,69,67,63,54,0,63,64,80,79,85,80,63,89,87,86,0,86,0,0,0,1,76,71,0,64,81,66,75,67,46,46,88,88,86
l26,10=0,0,0,0,0,0,0,5,72,35,61,78,56,43,71,0,75,40,72,91,78,86,77,88,85,71,88,0,0,0,0,0,0,80,0,72,76,74,76,61,52,80,77,70,78
l27,10=0,29,0,46,58,70,28,0,11,0,18,6,35,21,84,0,74,97,53,82,58,0,0,0,49,0,3,0,0,0,0,91,23,14,0,58,15,40,81,95,95,78,2,0,0
l28,10=40,21,23,39,67,0,46,2,0,2,43,34,2,41,86,0,80,97,44,68,59,0,0,0,27,23,4,0,0,0,97,0,46,50,0,40,0,0,91,57,95,86,0,22,1
l29,10=0,0,0,0,0,0,0,0,0,0,0,0,0,0,0,0,0,50,0,44,0,51,0,74,73,70,74,0,0,0,40,70,0,95,0,84,91,93,91,92,78,87,44,39,0
l30,10=0,0,0,0,0,0,0,0,0,0,0,0,0,0,56,0,26,0,0,60,34,33,24,76,82,68,52,82,0,0,11,35,82,0,0,84,91,93,91,92,91,89,11,1,61
l31,10=0,0,0,0,0,0,0,0,0,0,0,0,0,0,0,0,0,0,0,0,0,51,0,65,77,64,71,70,0,0,56,15,82,95,0,0,91,93,91,79,91,83,0,17,61
l32,10=0,0,0,0,0,0,0,0,0,0,0,0,0,0,0,0,0,18,0,0,0,22,0,66,66,67,78,78,0,0,25,0,82,95,0,84,0,93,91,87,72,81,0,52,0
l33,10=0,0,0,0,0,0,0,0,0,0,0,0,0,0,0,0,0,0,0,0,0,0,0,49,54,0,77,59,0,0,17,0,82,95,0,84,91,0,91,92,85,65,0,0,0
l34,10=0,0,0,0,0,15,0,0,0,0,0,0,0,0,0,0,0,41,0,59,40,41,1,76,69,68,71,51,0,0,45,51,82,95,0,84,91,93,0,92,95,89,4,1,0
l35,10=0,0,0,0,0,0,0,0,0,0,0,0,0,0,40,0,38,37,34,73,72,57,0,45,76,68,55,37,0,0,92,39,82,95,0,83,91,93,91,0,95,89,1,0,0
l36,10=0,0,0,0,0,47,0,0,0,0,1,0,13,0,0,0,62,86,33,83,29,0,0,24,43,72,46,18,0,0,62,56,82,95,0,68,32,53,91,96,0,89,1,20,0
l37,10=0,0,0,0,0,0,0,0,0,0,0,0,0,0,61,0,58,41,20,87,45,0,1,42,58,68,48,26,0,0,60,82,82,95,0,68,56,86,91,96,95,0,0,0,0
l38,10=0,0,0,0,0,0,0,0,0,0,52,0,46,0,72,0,23,61,57,78,56,62,2,82,84,74,88,78,0,0,0,0,45,3,0,0,0,0,0,0,0,0,0,86,89
l39,10=0,0,4,0,0,0,0,1,0,0,62,3,0,0,55,0,74,81,70,70,84,56,53,78,86,83,87,72,0,0,0,20,40,0,0,0,37,0,0,0,1,0,86,0,89
l40,10=0,0,0,0,0,0,0,0,0,0,38,0,12,0,64,0,0,28,73,88,78,70,29,69,85,63,87,79,0,0,0,0,0,10,0,0,0,0,0,0,0,0,86,86,0
l41,10=0,0,0,0,0,0,0,0,0,46,0,46,40,39,71,0,76,86,82,93,87,75,26,79,82,85,88,0,0,0,41,70,0,0,0,0,0,0,0,0,1,14,86,86,89
l42,10=0,0,0,0,0,0,0,0,0,0,0,0,0,0,55,0,54,57,73,85,75,79,0,81,85,82,86,82,0,0,0,0,16,0,0,0,0,0,59,0,0,4,85,86,86
l43,10=0,0,0,0,0,0,0,0,0,0,3,0,0,0,40,0,0,0,76,77,57,78,35,86,84,82,88,83,0,0,0,0,55,48,0,0,0,0,0,0,0,0,85,83,87
l44,10=0,0,0,0,0,0,0,0,0,0,3,0,1,5,51,0,18,35,0,79,73,56,78,87,86,85,88,65,0,0,0,0,37,46,0,0,50,0,0,0,38,0,86,85,87

l0,11=0,89,91,77,87,88,87,0,73,73,79,75,68,67,47,0,69,76,9,21,0,0,0,0,0,0,0,0,0,0,26,39,0,0,0,0,0,0,0,0,0,0,0,0,0
l1,11=74,0,89,72,87,88,87,0,73,73,78,38,68,65,55,0,62,70,28,16,0,0,0,0,0,2,0,0,0,0,29,26,0,0,0,0,0,0,0,0,0,0,0,0,0
l2,11=74,86,0,68,87,88,87,0,73,17,78,72,68,67,60,0,68,52,11,40,0,0,0,0,11,0,0,0,0,0,25,23,0,0,0,0,0,0,0,0,0,0,0,23,0
l3,11=76,89,89,0,87,88,87,0,73,67,68,57,31,56,0,0,26,0,16,0,0,0,0,0,0,0,0,0,0,0,39,35,0,0,0,0,0,0,0,0,0,0,0,0,0
l4,11=76,89,89,77,0,88,87,0,73,73,0,69,63,34,43,0,58,61,0,0,0,0,0,0,0,0,0,0,0,0,30,32,0,0,0,0,0,0,0,0,0,0,0,0,0
l5,11=76,89,91,72,87,0,87,0,2,72,80,75,68,67,0,0,57,66,10,17,0,0,0,0,0,0,0,0,0,0,36,29,0,0,0,0,0,0,10,0,0,0,0,0,0
l6,11=74,89,89,72,86,88,0,0,73,0,80,75,68,67,31,0,68,50,33,25,18,0,0,0,0,24,0,0,0,0,30,0,0,0,0,0,0,0,0,0,0,0,0,0,0
l7,11=72,90,89,69,80,88,87,0,73,75,72,75,68,68,70,0,68,65,9,57,31,56,0,19,13,47,37,41,0,0,0,0,0,0,0,0,0,0,0,0,0,0,0,5,0
l8,11=69,89,80,70,77,3,87,0,0,67,79,75,68,64,59,0,62,47,58,51,5,40,0,10,12,23,22,32,0,0,15,0,0,0,0,0,0,0,0,0,0,0,0,0,0
l9,11=69,84,30,62,80,86,0,0,71,0,79,75,68,68,70,0,74,47,18,12,11,41,0,7,40,33,32,36,0,0,5,0,0,0,0,0,0,0,0,0,0,0,0,0,3
l10,11=60,80,75,49,0,50,54,0,73,70,0,75,68,66,72,0,80,50,76,22,64,8,21,17,17,54,38,46,0,0,12,0,0,0,0,0,0,0,0,0,0,0,34,44,0
l11,11=49,1,74,11,51,87,85,0,71,74,78,0,68,68,72,0,73,22,64,40,24,0,0,8,7,34,32,0,0,0,0,2,0,0,0,0,0,0,0,0,0,0,0,15,0
l12,11=68,83,84,18,46,85,85,0,70,72,81,75,0,68,74,0,79,54,62,14,51,18,15,7,33,67,29,23,0,0,0,27,0,0,0,0,0,0,0,0,0,0,34,31,0
l13,11=61,81,86,51,28,88,87,0,72,74,80,75,68,0,63,0,74,35,63,12,34,32,16,22,7,28,26,19,0,0,20,10,0,0,0,0,0,0,0,0,1,0,0,26,0
l14,11=18,43,22,0,24,0,9,0,20,38,76,67,42,19,0,0,80,93,79,29,93,23,17,19,28,69,65,60,0,0,26,44,0,4,0,0,0,0,0,0,10,12,77,77,35
l15,11=44,59,26,0,41,23,43,1,29,71,81,72,68,64,88,0,0,72,79,74,79,28,27,18,28,61,55,51,0,0,44,37,0,7,0,0,0,0,0,3,7,8,53,73,25
l16,11=34,68,10,0,32,22,12,0,16,15,51,30,34,16,75,0,64,0,28,30,65,9,0,15,24,42,42,15,0,0,49,50,1,46,0,0,0,11,13,1,67,76,62,76,57
l17,11=2,61,5,10,0,5,32,0,32,30,80,67,61,36,88,0,80,93,0,82,93,24,10,20,51,67,63,58,0,0,41,22,0,0,0,0,0,0,9,0,7,9,57,71,4
l18,11=16,15,64,0,0,5,28,1,34,16,63,68,33,15,73,0,75,82,79,0,93,72,45,18,86,80,60,71,0,0,43,19,31,31,0,7,1,0,18,24,58,74,74,79,77
l19,11=0,0,0,0,0,0,8,2,7,14,69,68,40,19,88,0,80,93,79,82,0,78,0,18,87,79,76,64,0,0,44,46,0,16,0,0,0,0,4,4,55,54,64,82,75
l20,11=0,0,0,0,0,0,0,0,53,56,37,38,46,60,66,0,68,54,63,73,74,0,94,84,79,80,65,86,0,0,0,0,66,72,0,22,0,0,71,57,0,0,65,65,75
l21,11=0,0,0,0,0,0,0,0,0,0,62,52,59,60,66,0,70,0,55,80,0,86,0,85,86,81,77,87,0,0,0,0,0,73,0,0,0,0,70,3,27,16,72,74,70
l22,11=0,0,0,0,0,0,0,1,48,44,61,59,50,64,63,0,68,68,68,65,60,83,78,0,87,79,77,86,0,0,0,37,71,78,0,68,62,59,72,0,54,56,71,76,62
l23,11=0,0,15,0,0,0,0,0,26,58,47,40,56,0,61,0,72,72,68,81,85,77,81,86,0,82,80,84,0,0,36,21,73,73,0,51,25,0,35,38,46,0,71,82,82
l24,11=0,1,0,0,0,0,13,2,21,44,60,60,62,51,71,0,67,61,56,80,78,84,77,84,87,0,80,68,0,0,13,23,70,63,0,42,59,19,13,20,15,57,79,82,28
l25,11=0,0,0,0,0,0,0,0,24,20,43,57,39,31,72,0,66,57,43,62,81,72,62,83,87,82,0,81,0,0,0,12,73,0,0,17,65,40,37,15,12,54,80,82,81
l26,11=0,0,0,0,0,0,0,0,51,55,54,32,48,13,70,0,65,59,61,75,73,86,81,86,86,68,75,0,0,0,0,0,70,65,0,52,77,61,72,57,41,66,71,69,78
l27,11=14,16,37,47,36,7,10,0,9,5,36,14,0,13,47,0,71,93,15,3,26,0,0,0,20,32,0,0,0,0,0,81,26,23,0,12,16,49,18,26,91,70,0,45,3
l28,11=16,15,7,38,38,5,0,0,0,0,3,36,28,13,58,0,66,93,0,1,24,0,0,10,16,34,27,0,0,0,81,0,38,20,0,12,22,21,30,4,78,53,0,55,0
l29,11=0,0,0,0,0,0,0,0,0,0,0,0,0,0,0,0,0,11,0,8,0,54,0,59,69,55,65,66,0,0,8,44,0,84,0,83,82,80,80,79,81,77,6,55,0
l30,11=0,0,0,0,0,0,0,0,0,0,0,0,0,0,0,0,0,59,0,2,0,54,32,75,62,46,0,30,0,0,21,11,76,0,0,82,82,80,80,0,84,80,18,32,0
l31,11=0,0,0,0,0,0,0,0,0,0,0,0,0,0,0,0,0,0,0,3,0,44,0,63,72,54,50,46,0,0,43,10,76,84,0,0,86,85,79,73,63,74,0,25,0
l32,11=0,0,0,0,0,0,0,0,0,0,0,0,0,0,0,0,0,0,0,1,0,0,0,59,56,54,56,66,0,0,15,46,76,82,0,83,0,85,80,72,78,76,0,28,0
l33,11=0,0,0,0,0,0,0,0,0,0,0,0,0,0,0,0,0,3,0,0,0,0,0,44,0,0,26,50,0,0,41,0,76,84,0,83,86,0,80,67,78,77,0,0,0
l34,11=0,0,0,0,0,4,0,0,0,0,0,0,0,0,4,0,0,38,0,9,0,63,37,67,56,44,40,43,0,0,39,41,76,84,0,51,82,78,0,79,87,86,0,0,0
l35,11=0,0,0,0,0,0,0,0,0,0,0,0,0,0,39,0,48,38,0,1,26,50,0,0,26,41,38,31,0,0,47,20,76,4,0,27,44,80,80,0,91,90,0,0,0
l36,11=0,0,0,0,0,2,0,0,0,0,0,0,0,3,49,0,56,83,0,11,29,0,0,16,23,19,10,19,0,0,50,51,56,77,0,12,42,76,80,88,0,90,0,23,0
l37,11=0,0,0,0,0,0,0,0,0,0,0,0,0,0,39,0,52,67,0,53,27,0,0,15,0,48,40,33,0,0,43,23,76,84,0,53,79,71,80,88,91,0,0,30,0
l38,11=0,0,0,0,0,0,0,0,0,0,1,0,10,0,76,0,51,68,28,70,7,20,25,68,79,75,79,72,0,0,0,0,0,1,0,0,0,0,0,0,0,0,0,83,87
l39,11=0,0,0,0,0,0,0,0,0,0,11,7,17,0,72,0,71,71,58,76,75,21,24,76,84,77,76,70,0,0,6,12,37,25,0,0,12,0,0,0,8,0,81,0,87
l40,11=0,0,0,0,0,0,0,0,0,0,0,0,0,0,74,0,49,75,0,76,71,72,12,29,82,8,73,77,0,0,0,0,0,0,0,0,0,0,0,0,0,0,81,82,0
l41,11=0,0,0,0,0,0,0,0,14,25,59,60,33,34,56,0,74,77,74,80,78,71,34,78,83,78,79,71,0,0,0,38,0,1,0,4,0,0,0,0,28,57,81,82,85
l42,11=0,0,0,0,0,0,0,0,0,0,0,0,0,0,67,0,51,0,52,77,68,74,61,78,84,79,75,79,0,0,0,0,56,0,0,54,4,0,63,2,0,17,81,82,85
l43,11=0,0,0,0,0,0,0,0,0,0,0,0,0,0,16,0,0,14,43,76,66,69,50,78,79,76,80,78,0,0,0,0,51,54,0,52,19,0,50,0,0,0,78,64,86
l44,11=0,0,0,0,0,0,0,0,0,0,28,0,17,0,70,0,58,38,13,72,0,78,34,82,85,79,74,78,0,0,0,0,56,43,0,0,24,0,2,2,0,0,81,80,85

l0,12=0,87,82,81,86,87,86,1,77,84,67,78,86,81,38,0,58,0,1,35,0,0,0,0,0,0,0,0,0,0,0,19,0,0,0,0,0,0,0,0,0,0,0,0,0
l1,12=81,0,79,81,86,87,86,0,78,83,66,77,86,79,46,0,34,43,53,31,0,0,0,0,19,16,0,0,0,0,0,29,0,0,0,0,0,0,0,0,0,0,0,0,0
l2,12=82,86,0,77,84,87,86,0,78,82,66,78,84,81,44,0,30,0,55,68,20,14,0,7,25,3,12,0,0,0,51,31,0,0,0,0,0,0,0,0,0,0,0,0,0
l3,12=82,87,83,0,86,87,86,5,78,81,58,47,74,81,0,0,16,0,0,14,0,0,0,0,0,0,0,0,0,0,63,24,0,0,0,0,0,0,0,0,49,0,0,0,0
l4,12=82,87,83,84,0,87,86,4,78,84,56,77,78,80,0,0,29,48,0,0,0,0,0,0,0,0,0,0,0,0,66,35,0,0,0,0,0,0,0,0,0,10,0,0,0
l5,12=82,87,83,82,86,0,86,1,72,77,68,78,86,81,41,0,9,1,67,36,0,0,0,0,10,0,0,0,0,0,34,0,0,0,0,0,0,0,2,0,0,0,0,0,0
l6,12=81,87,82,77,85,87,0,3,78,84,68,78,86,81,29,0,35,51,72,41,0,0,0,0,19,0,0,0,0,0,62,14,0,0,0,0,0,0,0,0,0,0,0,0,0
l7,12=80,83,83,76,81,87,86,0,80,84,60,78,86,82,76,0,55,51,75,71,0,33,0,61,36,27,18,31,0,0,0,0,0,0,0,0,0,0,0,0,0,0,0,0,0
l8,12=65,87,82,76,82,79,86,1,0,84,66,68,69,78,73,0,53,51,78,34,10,7,9,49,21,14,23,44,0,0,0,0,0,0,0,0,0,0,0,0,0,0,0,31,0
l9,12=75,82,45,67,82,80,83,1,78,0,68,78,88,85,72,0,60,41,50,37,17,31,0,67,42,33,35,58,0,0,47,2,0,0,0,0,0,0,0,0,0,0,0,0,0
l10,12=60,54,49,30,63,85,80,2,69,88,0,79,88,85,51,0,72,68,81,44,40,19,24,67,31,31,22,47,0,0,49,26,0,0,0,0,0,0,0,0,0,6,31,1,0
l11,12=75,63,76,18,82,83,78,3,69,89,67,0,88,85,76,0,34,39,80,42,39,2,0,22,11,22,42,47,0,0,40,19,0,0,0,0,0,0,0,0,0,0,0,47,0
l12,12=75,83,78,48,74,83,79,2,64,88,69,79,0,85,76,0,65,57,80,73,68,9,24,41,69,63,32,6,0,0,35,14,0,0,0,0,0,0,0,0,0,0,17,9,0
l13,12=79,82,78,77,82,87,86,0,75,89,69,79,88,0,76,0,60,0,81,48,15,0,26,37,20,19,43,35,0,0,27,3,0,0,0,0,0,0,0,0,0,0,0,36,0
l14,12=28,51,17,0,0,46,47,0,62,74,62,48,80,57,0,0,72,82,83,49,90,32,0,66,44,40,52,38,0,0,66,51,0,0,0,0,0,0,2,0,67,36,73,81,9
l15,12=48,53,26,0,40,14,69,3,64,87,69,46,88,83,85,0,0,73,83,80,81,37,36,3,45,39,23,41,0,0,71,43,0,0,0,0,0,0,0,0,17,0,28,63,29
l16,12=0,11,0,0,25,2,58,4,56,32,59,20,55,0,52,0,41,0,83,50,53,0,0,69,10,3,8,27,0,0,84,55,0,18,0,0,0,0,12,33,89,82,37,66,4
l17,12=0,13,11,0,0,55,65,4,61,37,63,71,81,72,85,0,72,81,0,82,90,38,34,71,73,49,49,37,0,0,55,52,0,0,0,0,0,0,1,5,49,14,44,50,2
l18,12=45,48,40,0,0,69,67,0,51,70,63,41,81,53,79,0,70,83,83,0,90,77,73,80,79,76,54,81,0,0,64,34,25,32,0,16,0,0,49,66,76,72,74,78,50
l19,12=0,0,34,0,0,6,0,0,32,41,64,55,83,48,85,0,71,86,83,83,0,47,0,81,80,78,80,59,0,0,63,38,0,34,0,10,0,0,24,42,75,27,81,83,19
l20,12=0,0,2,0,0,0,0,4,40,69,57,46,62,0,64,0,55,16,65,81,69,0,94,89,79,76,71,85,0,0,0,0,1,71,0,0,0,59,67,65,49,52,67,65,68
l21,12=0,0,0,0,0,0,0,0,51,0,57,0,77,74,0,0,57,0,69,82,0,88,0,88,80,76,80,86,0,0,0,0,1,69,0,0,0,0,71,0,0,5,68,68,77
l22,12=0,0,0,0,0,0,0,4,53,71,64,31,74,53,49,0,0,62,70,72,75,86,76,0,80,76,80,85,0,0,0,0,69,77,0,74,68,59,77,73,52,70,72,77,74
l23,12=0,0,2,0,0,14,20,15,34,66,53,30,77,42,69,0,64,49,81,83,85,84,80,88,0,79,86,84,0,0,44,0,64,56,0,67,46,0,65,44,65,63,72,85,78
l24,12=0,31,0,0,0,0,9,10,44,65,54,48,82,57,71,0,62,50,74,81,86,85,67,88,80,0,86,76,0,0,52,3,64,67,0,49,43,15,64,58,66,47,81,77,77
l25,12=0,0,0,0,0,0,0,9,35,57,46,36,57,58,70,0,57,44,69,65,74,71,67,88,80,79,0,77,0,0,1,33,65,67,0,50,67,1,67,46,46,63,79,83,77
l26,12=0,0,0,0,0,0,0,14,49,66,53,56,60,62,63,0,57,55,65,71,65,86,80,88,79,73,77,0,0,0,0,0,69,70,0,71,73,52,77,62,59,58,69,71,77
l27,12=0,0,7,7,42,32,57,11,0,45,36,19,42,19,44,0,36,86,43,38,18,0,0,0,9,10,1,0,0,0,0,83,11,29,0,60,26,52,40,87,90,68,0,29,1
l28,12=23,11,5,1,38,0,36,0,0,0,37,18,36,6,45,0,28,86,76,20,13,0,0,0,0,0,20,0,0,0,90,0,8,0,0,51,55,0,80,66,85,80,35,26,0
l29,12=0,0,0,0,0,0,0,0,0,0,0,0,0,0,0,0,0,0,0,56,0,0,0,66,68,60,63,67,0,0,46,19,0,85,0,85,78,83,81,82,73,78,37,38,0
l30,12=0,0,0,0,0,0,0,0,0,0,0,0,0,0,0,0,4,33,0,23,33,64,48,78,50,61,66,41,0,0,36,0,76,0,0,85,78,83,82,82,82,78,32,18,3
l31,12=0,0,0,0,0,0,0,0,0,0,0,0,0,0,0,0,0,4,0,25,12,0,0,73,71,36,55,72,0,0,64,51,76,85,0,0,82,87,80,76,72,78,0,4,0
l32,12=0,0,0,0,0,0,0,0,0,0,0,0,0,0,0,0,0,0,0,0,0,0,0,55,46,35,56,64,0,0,55,53,76,81,0,85,0,87,82,81,75,76,40,2,0
l33,12=0,0,0,0,0,0,0,0,0,0,0,0,0,0,0,0,0,0,0,0,0,7,0,42,0,0,0,27,0,0,64,0,76,81,0,85,82,0,82,81,75,71,0,0,0
l34,12=0,0,0,0,0,16,0,0,0,0,0,0,0,0,9,0,0,26,8,51,40,62,58,74,63,59,61,73,0,0,43,68,76,85,0,82,78,83,0,84,85,82,0,39,0
l35,12=0,0,0,0,0,0,0,0,0,0,0,0,0,0,0,0,0,39,3,35,32,48,0,79,44,42,45,34,0,0,71,48,76,85,0,82,78,83,81,0,90,84,34,1,0
l36,12=0,0,0,2,0,0,0,0,0,0,0,3,26,0,36,0,11,47,4,36,41,16,0,44,43,37,21,15,0,0,75,24,22,58,0,77,66,64,82,91,0,84,1,0,0
l37,12=0,0,0,0,22,0,0,0,0,0,4,0,0,0,32,0,0,48,18,51,20,33,0,62,44,30,43,36,0,0,38,74,76,85,0,82,78,63,82,91,90,0,0,0,0
l38,12=0,0,0,0,0,0,0,0,0,0,2,0,51,0,75,0,19,43,68,71,72,60,43,71,76,77,82,72,0,0,0,1,0,0,0,0,2,0,0,3,0,0,0,84,82
l39,12=0,0,0,0,0,0,0,0,7,0,0,36,36,31,70,0,37,62,45,71,70,30,5,76,79,73,79,69,0,0,25,21,39,12,0,0,0,0,48,0,0,0,81,0,83
l40,12=0,0,0,0,0,0,0,0,0,0,0,0,0,0,54,0,32,58,0,75,10,58,66,74,76,78,82,77,0,0,16,0,0,0,0,0,0,0,0,0,0,0,80,83,0
l41,12=0,0,0,0,0,0,35,0,0,56,58,0,63,43,73,0,58,73,78,79,72,70,59,80,79,78,82,72,0,0,0,0,0,0,0,0,0,0,49,0,0,53,81,84,83
l42,12=0,0,0,0,0,0,0,0,0,0,0,0,42,0,42,0,0,0,44,76,67,69,47,86,78,78,82,76,0,0,0,0,54,0,0,0,0,0,56,46,0,0,81,83,82
l43,12=0,0,0,0,0,0,0,0,0,0,0,0,47,0,0,0,23,3,53,73,67,64,34,78,77,76,81,74,0,0,0,0,32,41,0,49,0,0,51,0,0,0,80,81,80
l44,12=0,0,0,0,0,0,0,0,0,0,56,0,0,0,19,0,55,6,0,76,69,79,0,82,78,78,82,75,0,0,0,0,58,43,0,0,0,0,0,0,2,0,81,81,80

l0,13=0,92,95,95,90,96,94,94,91,91,92,90,91,94,85,0,55,0,77,75,0,0,0,0,14,0,0,0,0,0,0,30,0,0,0,0,0,0,0,0,0,0,0,0,0
l1,13=93,0,95,95,90,96,94,93,91,91,72,81,92,91,71,0,70,82,48,51,0,0,0,0,11,0,0,0,0,0,75,63,0,0,0,0,0,0,0,0,0,0,0,0,0
l2,13=93,92,0,90,90,96,94,64,91,91,93,90,92,94,49,0,34,60,0,77,19,0,0,15,11,0,15,0,0,0,68,1,0,0,0,0,0,0,0,0,0,0,0,0,0
l3,13=93,92,92,0,90,96,94,92,90,90,73,84,91,93,49,0,35,56,0,57,0,0,0,0,0,0,0,0,0,0,0,59,0,0,0,0,0,0,0,0,18,0,0,0,0
l4,13=93,92,95,95,0,96,94,88,88,91,92,84,86,92,0,0,1,47,0,0,0,0,0,0,0,0,0,0,0,0,81,52,0,0,0,0,0,0,0,0,0,1,0,0,0
l5,13=93,92,95,95,90,0,94,89,13,85,93,78,83,93,72,0,48,65,79,55,0,0,0,0,0,0,0,0,0,0,3,48,0,0,0,0,0,0,0,34,5,0,0,0,0
l6,13=93,91,95,90,86,96,0,94,91,94,93,89,92,94,41,0,80,53,83,81,0,0,0,0,47,0,0,0,0,0,67,29,0,0,0,0,0,0,0,0,12,0,0,0,0
l7,13=89,91,94,90,79,95,94,0,91,94,93,89,92,94,90,0,80,47,90,79,0,26,5,71,80,81,57,1,0,0,0,5,0,0,0,0,0,0,0,0,0,0,0,0,0
l8,13=89,91,95,90,79,53,94,93,0,94,93,89,92,94,90,0,81,58,91,59,17,0,19,64,0,21,26,47,0,0,0,0,0,0,0,0,0,0,0,0,0,0,0,13,0
l9,13=58,89,91,82,79,92,90,80,91,0,93,90,92,94,85,0,84,63,86,70,24,25,0,52,70,26,25,63,0,0,70,45,0,0,0,0,0,0,0,0,0,0,0,0,0
l10,13=89,85,89,67,76,96,83,51,29,94,0,90,92,94,52,0,88,72,92,87,32,0,0,84,61,33,29,67,0,0,79,2,0,0,0,0,0,0,0,0,0,0,28,39,0
l11,13=86,87,95,86,82,88,93,89,91,94,93,0,92,94,87,0,69,0,88,77,21,28,0,29,58,0,29,72,0,0,82,63,0,0,0,0,0,0,0,0,0,0,1,74,0
l12,13=83,88,87,88,77,88,94,93,88,94,93,90,0,94,87,0,88,0,92,78,32,0,8,43,62,46,27,67,0,0,77,0,0,0,0,0,0,0,0,0,0,0,3,15,0
l13,13=91,88,95,90,77,95,94,92,55,94,93,90,92,0,88,0,85,46,93,69,24,10,21,73,55,33,27,36,0,0,0,26,0,0,0,0,0,0,0,0,0,0,0,77,0
l14,13=28,77,73,58,1,32,20,29,31,31,67,55,90,82,0,0,88,79,95,94,99,25,6,0,59,34,29,66,0,0,94,70,0,0,0,0,0,0,0,2,25,20,13,84,76
l15,13=25,86,42,51,22,34,80,67,84,93,93,89,92,94,92,0,0,68,95,94,99,26,21,32,82,85,3,73,0,0,94,67,0,0,0,0,0,0,0,7,9,0,3,26,69
l16,13=0,52,21,43,29,82,18,0,14,47,67,0,0,47,55,0,15,0,95,94,35,4,0,79,58,2,0,52,0,0,100,77,0,22,0,0,0,2,44,57,35,36,7,89,85
l17,13=21,4,0,0,0,54,52,30,30,43,65,54,92,91,92,0,88,93,0,94,99,26,20,79,63,35,27,72,0,0,87,79,0,0,0,0,0,0,0,38,21,0,36,57,69
l18,13=67,12,47,41,0,68,70,31,28,80,69,52,83,61,90,0,84,99,94,0,98,65,59,85,89,57,50,83,0,0,88,65,16,0,0,0,0,0,39,54,32,33,73,89,89
l19,13=0,0,33,0,0,0,8,0,21,70,77,39,90,79,92,0,88,100,95,94,0,35,42,90,94,97,51,81,0,0,100,73,0,0,0,0,0,0,5,51,40,32,79,89,92
l20,13=0,0,0,0,0,0,0,29,11,77,0,76,70,63,79,0,74,54,81,92,79,0,96,91,92,95,81,89,0,0,0,0,50,78,0,68,64,61,75,0,23,23,0,27,80
l21,13=0,0,0,0,0,0,0,59,73,8,0,0,84,85,73,0,82,0,85,87,82,95,0,90,94,89,85,89,0,0,0,0,52,38,0,68,0,0,81,0,0,0,76,81,88
l22,13=0,0,0,0,0,0,0,48,64,63,78,38,75,73,0,0,59,62,82,78,84,94,85,0,94,96,89,90,0,0,0,0,25,77,0,70,80,39,77,77,0,24,78,80,75
l23,13=0,0,0,0,0,0,54,64,0,75,68,42,87,67,84,0,82,70,89,91,96,93,92,93,0,97,89,87,0,0,5,44,59,21,0,69,53,0,78,52,24,81,91,89,93
l24,13=0,0,0,0,0,0,0,47,25,65,86,0,90,75,91,0,86,74,92,92,96,94,60,91,94,0,89,88,0,0,71,52,46,50,0,66,65,4,47,50,25,32,80,89,94
l25,13=0,0,3,0,0,0,0,24,41,59,72,66,74,68,91,0,28,48,77,87,79,60,77,93,94,97,0,85,0,0,63,0,58,22,0,71,72,46,43,54,19,44,93,90,93
l26,13=0,0,0,0,0,0,0,26,69,70,67,67,74,66,67,0,79,73,69,92,71,94,95,91,93,93,82,0,0,0,1,0,73,87,0,86,88,65,92,83,47,52,82,86,89
l27,13=0,27,22,0,80,6,20,0,0,56,63,25,74,0,24,0,14,100,90,88,33,0,0,0,25,0,1,0,0,0,0,99,24,26,0,53,24,0,52,60,84,1,4,0,0
l28,13=38,33,0,61,74,78,14,0,0,48,1,30,0,43,27,0,3,81,95,94,32,0,0,0,43,0,0,0,0,0,100,0,0,27,0,56,37,21,57,58,18,34,17,4,0
l29,13=0,0,0,0,0,0,0,0,0,0,0,0,0,0,0,0,0,0,0,26,0,15,30,60,72,61,68,76,0,0,77,0,0,93,0,93,92,93,94,93,88,17,10,57,0
l30,13=0,0,0,0,0,0,0,0,0,0,0,0,0,0,1,0,0,64,0,0,0,82,20,79,54,58,21,81,0,0,52,20,81,0,0,93,92,88,94,96,88,90,0,50,0
l31,13=0,0,0,0,0,0,0,0,0,0,0,0,0,0,0,0,0,0,0,0,0,22,39,62,70,50,63,69,0,0,75,44,81,93,0,0,93,93,94,73,82,90,0,27,0
l32,13=0,0,0,0,0,0,0,0,0,0,0,0,0,0,0,0,0,0,0,0,0,14,0,69,40,26,55,72,0,0,66,35,81,93,0,93,0,93,94,96,58,90,13,0,0
l33,13=0,0,0,0,0,0,0,0,0,0,0,0,0,0,0,0,0,44,0,0,0,16,0,47,0,0,51,53,0,0,0,27,81,81,0,93,93,0,90,80,80,26,0,0,0
l34,13=0,0,0,0,0,0,0,0,0,0,0,0,0,0,0,0,0,71,0,46,0,65,49,80,71,22,24,77,0,0,51,66,81,93,0,93,92,93,0,96,93,97,0,58,39
l35,13=0,0,0,0,0,58,0,0,0,0,0,0,0,0,2,0,1,76,64,84,28,0,0,81,54,0,1,68,0,0,82,48,81,93,0,60,92,62,94,0,93,97,18,59,0
l36,13=0,0,0,4,1,44,14,0,0,0,0,1,28,0,2,0,3,81,70,92,30,9,0,0,41,0,1,49,0,0,100,50,68,55,0,60,39,24,94,96,0,97,0,43,0
l37,13=0,0,0,0,44,0,0,0,0,0,0,0,0,0,2,0,0,96,61,93,22,16,0,58,72,0,23,50,0,0,62,64,43,93,0,93,93,16,94,96,93,0,0,0,0
l38,13=0,0,0,0,0,0,0,0,0,0,4,0,28,0,23,0,22,48,77,88,83,0,2,86,93,83,89,78,0,0,0,16,0,0,0,0,0,0,0,15,0,0,0,89,94
l39,13=0,0,0,0,0,0,0,0,3,0,34,43,39,50,77,0,21,71,80,82,49,0,20,82,93,83,88,75,0,0,0,0,21,5,0,0,0,0,16,27,2,0,90,0,94
l40,13=0,0,0,0,0,0,0,0,0,0,0,0,0,0,75,0,36,78,65,87,73,79,71,82,91,93,88,81,0,0,0,0,0,0,0,0,0,0,17,0,0,0,90,89,0
l41,13=0,0,0,0,0,0,0,2,0,0,82,33,81,1,83,0,66,89,88,92,88,57,41,85,93,88,84,81,0,0,70,0,21,0,0,0,0,0,22,0,15,30,90,89,89
l42,13=0,0,0,0,0,0,0,0,0,0,0,0,0,0,88,0,0,50,0,88,74,25,22,90,93,94,89,87,0,0,0,0,0,0,0,0,34,0,39,0,0,0,90,89,94
l43,13=0,0,0,0,0,0,0,0,0,0,0,21,47,0,30,0,41,19,64,66,69,87,63,82,89,75,88,85,0,0,0,0,0,24,0,0,60,0,11,0,0,0,90,89,87
l44,13=0,0,0,0,0,0,0,0,0,0,31,0,36,0,79,0,51,0,56,81,79,92,59,90,92,93,89,78,0,0,0,0,17,57,0,0,42,0,0,0,3,0,90,89,94

l0,14=0,100,99,93,100,100,98,100,99,100,100,99,100,99,16,0,44,0,5,0,0,0,0,0,0,0,0,0,0,0,94,0,0,0,0,0,0,0,0,0,0,0,0,0,0
l1,14=100,0,99,93,100,100,98,100,99,97,89,100,100,100,60,0,99,57,76,94,0,0,0,0,0,0,32,0,0,0,0,84,0,0,0,0,0,0,0,0,0,0,0,0,0
l2,14=100,100,0,93,100,100,98,100,99,100,100,100,100,100,100,0,59,59,82,100,0,0,0,0,0,0,0,0,0,0,0,0,0,0,0,0,0,0,0,0,0,0,0,0,0
l3,14=100,100,99,0,100,100,98,100,99,100,100,92,89,61,81,0,57,54,38,0,0,0,0,0,0,0,0,0,0,0,90,0,0,0,0,0,0,0,0,0,0,0,0,0,0
l4,14=100,100,99,93,0,100,98,99,99,100,100,100,100,100,87,0,58,40,79,0,0,0,0,0,0,0,0,0,0,0,93,89,0,0,0,0,0,0,0,0,54,0,0,0,0
l5,14=100,100,99,93,100,0,98,100,99,100,100,100,100,100,89,0,0,54,81,82,62,0,0,0,0,0,0,0,0,0,98,97,0,0,0,0,0,0,0,15,18,10,0,0,0
l6,14=100,100,99,93,100,100,0,100,99,100,100,100,100,100,0,0,99,0,99,100,0,0,0,0,0,0,0,0,0,0,99,0,0,0,0,0,0,0,0,0,0,0,0,64,0
l7,14=100,100,99,93,100,100,98,0,99,100,100,100,100,100,100,0,99,0,99,79,80,0,0,90,79,64,55,0,0,0,0,0,0,0,0,0,0,0,0,0,0,0,0,0,0
l8,14=100,100,99,93,100,100,98,100,0,100,100,100,100,100,100,0,99,75,99,92,0,46,0,92,84,48,98,56,0,0,0,0,0,0,0,0,0,0,0,0,0,0,0,77,0
l9,14=100,100,99,93,100,100,98,100,99,0,100,100,100,100,100,0,99,60,15,100,20,51,0,84,97,75,60,60,0,0,53,0,0,0,0,0,0,0,0,0,0,0,0,0,0
l10,14=100,93,82,57,99,100,98,100,99,100,0,100,100,100,91,0,99,61,99,97,76,0,0,93,92,87,61,16,0,0,99,73,0,0,0,0,0,0,0,0,82,0,92,1,0
l11,14=100,100,99,56,100,100,98,100,99,100,100,0,100,100,100,0,99,58,99,100,89,55,0,78,91,74,61,63,0,0,0,90,0,0,0,0,0,0,0,0,0,0,0,65,25
l12,14=98,100,99,83,100,100,98,100,99,100,100,100,0,100,100,0,99,0,99,100,78,52,48,80,100,99,53,0,0,0,94,83,0,0,0,0,0,0,0,0,0,0,0,94,0
l13,14=100,100,99,93,100,100,98,100,99,100,100,100,100,0,100,0,99,13,99,97,75,48,0,0,97,82,58,29,0,0,59,62,0,0,0,0,0,0,0,0,0,0,0,70,0
l14,14=17,26,79,17,27,60,0,96,98,92,56,97,70,57,0,0,99,59,99,99,100,23,1,90,97,80,60,16,0,0,98,99,0,47,0,0,0,0,0,56,87,95,75,94,95
l15,14=40,97,69,46,27,5,97,98,98,100,100,100,100,74,100,0,0,46,99,100,78,61,0,95,89,82,57,58,0,0,99,99,0,0,0,0,0,0,0,35,0,0,42,57,61
l16,14=0,72,67,24,0,56,0,0,91,56,88,49,0,1,93,0,56,0,99,100,78,0,0,58,62,60,36,22,0,0,100,100,29,47,0,0,0,0,34,62,99,98,94,71,57
l17,14=0,51,70,0,35,74,91,97,98,0,100,100,100,59,100,0,99,100,0,100,100,0,56,95,100,99,58,56,0,0,98,99,0,47,0,0,0,0,49,0,0,95,93,96,95
l18,14=0,77,80,0,12,57,97,10,96,100,98,97,89,58,99,0,95,99,99,0,98,99,58,98,99,97,97,93,0,0,98,99,40,24,0,33,0,0,77,68,98,99,98,97,98
l19,14=0,0,0,0,0,62,0,97,8,2,98,97,70,52,100,0,99,100,99,100,0,61,14,99,100,99,99,57,0,0,98,99,0,0,0,0,0,0,0,97,98,99,97,97,98
l20,14=0,0,0,0,0,0,0,0,90,88,0,91,93,85,89,0,97,0,0,98,93,0,99,98,99,97,97,99,0,0,0,0,1,97,0,91,91,89,98,91,67,93,91,53,91
l21,14=0,0,0,0,0,0,0,25,0,24,0,0,98,0,77,0,28,0,97,98,82,100,0,98,100,97,97,100,0,0,0,0,93,0,0,0,0,0,91,0,0,0,0,93,94
l22,14=0,0,0,0,0,0,0,91,92,75,93,82,92,0,98,0,95,91,97,98,98,100,98,0,100,99,100,100,0,0,0,84,97,97,0,93,98,90,93,91,83,69,98,92,92
l23,14=0,0,0,0,0,0,0,77,79,86,95,92,98,96,99,0,82,97,97,98,98,98,98,99,0,99,100,98,0,0,87,95,94,97,0,98,85,90,98,83,25,99,98,97,98
l24,14=0,0,0,0,0,0,0,89,74,89,98,92,98,57,99,0,92,56,97,98,98,99,58,99,100,0,100,98,0,0,98,92,60,58,0,66,95,0,71,96,95,99,98,97,98
l25,14=0,4,0,0,0,0,0,88,95,80,97,97,91,44,99,0,97,95,97,98,98,99,98,99,100,99,0,98,0,0,0,0,97,71,0,98,79,98,96,97,89,99,98,98,98
l26,14=0,0,0,0,0,0,0,31,94,96,76,95,8,85,96,0,96,83,95,98,89,99,98,98,97,96,97,0,0,0,25,0,97,96,0,96,97,96,99,95,84,97,96,90,98
l27,14=57,0,0,42,23,62,73,0,4,47,89,0,33,12,89,0,59,100,83,100,78,0,0,0,52,63,0,6,0,0,0,100,62,57,0,32,98,98,56,63,99,100,0,62,0
l28,14=0,63,0,0,12,88,0,60,0,0,41,45,27,14,93,0,59,60,85,100,78,0,0,55,62,50,0,0,0,0,100,0,49,43,0,56,99,57,51,47,99,100,13,0,0
l29,14=0,0,0,0,0,0,0,0,0,0,0,0,0,0,0,0,0,37,0,57,0,0,57,98,96,97,97,99,0,0,98,91,0,100,0,100,100,100,100,100,99,100,0,70,0
l30,14=0,0,0,0,0,0,0,0,0,0,0,0,0,0,62,0,0,73,64,57,0,94,0,98,99,97,70,98,0,0,98,85,100,0,0,100,100,99,100,98,99,100,55,59,41
l31,14=0,0,0,0,0,0,0,0,0,0,0,0,0,0,0,0,0,0,0,64,0,61,0,68,81,52,82,60,0,0,65,80,100,100,0,0,100,100,100,84,99,100,1,0,0
l32,14=0,0,0,0,0,0,0,0,0,0,0,0,0,0,0,0,0,0,0,0,0,71,0,85,63,46,53,66,0,0,69,78,100,100,0,100,0,100,100,100,38,100,0,0,0
l33,14=0,0,0,0,0,0,0,0,0,0,0,0,0,0,0,0,0,0,0,0,0,38,0,79,73,0,83,88,0,0,72,64,100,91,0,100,100,0,78,88,87,81,0,0,0
l34,14=0,0,0,0,0,0,0,0,0,0,0,0,0,0,0,0,0,48,59,94,0,98,29,62,63,48,96,100,0,0,99,94,100,100,0,100,100,100,0,100,99,100,23,0,9
l35,14=0,0,0,0,0,40,0,0,0,0,0,0,0,0,89,0,53,100,0,98,100,94,0,62,63,83,98,99,0,0,100,99,100,100,0,66,100,100,100,0,99,100,53,66,0
l36,14=0,0,0,0,7,31,0,0,0,0,49,0,0,0,88,0,0,100,0,100,77,29,0,22,19,71,60,44,0,0,100,100,100,95,0,65,77,100,100,100,0,100,0,48,0
l37,14=0,0,0,0,0,35,0,0,0,0,0,0,0,0,75,0,0,99,64,100,59,52,0,19,63,76,60,52,0,0,100,100,100,100,0,100,100,87,100,100,99,0,73,29,0
l38,14=0,0,0,0,0,0,0,0,0,0,53,0,0,0,55,0,0,33,64,94,75,90,0,98,99,96,97,88,0,0,0,0,0,19,0,0,0,0,0,0,0,0,0,98,98
l39,14=0,0,0,0,0,0,29,9,72,0,0,34,67,48,92,0,55,41,94,95,69,31,25,87,99,94,97,21,0,0,49,0,53,45,0,0,0,0,0,51,7,0,99,0,98
l40,14=0,0,0,0,0,0,0,0,0,0,0,0,0,0,94,0,95,87,95,96,94,88,78,82,96,96,96,96,0,0,0,0,0,5,0,0,0,0,0,0,0,0,98,97,0
l41,14=0,0,0,0,0,0,0,0,0,70,93,46,97,0,99,0,96,97,97,98,100,0,0,98,100,97,98,98,0,0,80,13,82,0,0,0,0,0,0,0,7,86,99,100,98
l42,14=0,0,0,0,0,0,0,0,0,0,0,0,60,0,97,0,0,29,93,98,87,97,71,98,99,97,97,98,0,0,0,0,0,0,0,4,69,0,0,0,0,24,98,97,98
l43,14=0,0,0,0,0,0,0,0,0,0,0,0,0,0,84,0,0,35,86,78,76,98,73,95,97,96,97,96,0,0,0,0,77,87,0,82,72,0,81,63,0,61,98,97,96
l44,14=0,0,0,0,0,0,0,0,0,0,0,0,88,0,95,0,94,81,93,98,78,99,83,97,99,96,97,93,0,0,0,0,0,80,0,0,0,0,0,0,0,40,98,97,98

l0,15=0,100,100,100,100,100,100,100,100,100,99,100,99,100,92,0,98,98,38,94,0,0,0,0,0,0,0,0,0,0,99,100,0,0,0,0,0,0,0,0,0,0,0,0,0
l1,15=100,0,100,100,100,100,100,100,100,100,98,100,99,100,0,0,99,88,98,87,0,0,0,0,0,0,0,0,0,0,80,0,0,0,0,0,0,0,0,0,0,0,0,0,0
l2,15=100,100,0,100,100,100,100,100,100,100,98,100,93,100,100,0,81,62,59,91,1,0,0,0,0,0,0,0,0,0,62,97,0,0,0,0,0,0,0,0,0,0,0,0,0
l3,15=100,100,100,0,100,100,100,100,100,100,99,61,99,74,99,0,86,64,62,71,0,0,0,0,0,0,0,0,0,0,62,58,0,0,0,0,0,0,0,0,0,0,0,0,0
l4,15=100,100,100,100,0,100,100,100,100,64,78,70,58,100,100,0,86,61,0,77,0,0,0,0,0,0,0,0,0,0,62,0,0,0,0,0,0,0,0,0,0,0,0,0,0
l5,15=100,100,100,100,100,0,100,100,100,100,99,100,99,100,100,0,86,64,63,54,84,0,0,0,0,0,0,0,0,0,62,100,0,0,0,0,0,0,0,0,90,0,0,0,0
l6,15=100,100,100,100,100,100,0,100,100,100,99,100,99,100,0,0,99,97,94,80,25,84,0,0,0,0,0,0,0,0,82,0,0,0,0,0,0,0,0,0,0,0,0,0,0
l7,15=100,100,100,100,100,100,100,0,100,100,99,100,99,100,100,0,99,99,100,100,99,99,0,99,0,99,97,97,0,0,0,0,0,0,0,0,0,0,0,0,0,0,0,0,0
l8,15=100,100,100,100,100,100,100,100,0,100,99,100,99,100,100,0,99,58,100,100,98,88,0,97,98,78,99,93,0,0,0,97,0,0,0,0,0,0,0,0,0,0,30,0,0
l9,15=100,100,100,100,99,100,100,100,100,0,99,100,99,100,100,0,99,70,99,100,89,88,0,58,0,99,67,97,0,0,0,0,0,0,0,0,0,0,0,0,0,0,3,58,0
l10,15=56,81,98,98,98,100,100,99,100,100,0,100,99,100,99,0,84,62,100,92,95,0,0,59,87,98,69,54,0,0,56,92,0,0,0,0,0,0,0,0,0,0,55,60,93
l11,15=100,100,100,98,98,100,100,100,100,100,99,0,99,100,100,0,99,62,100,100,100,90,0,0,96,97,68,52,0,0,59,96,0,0,0,0,0,0,0,0,0,0,0,1,0
l12,15=100,100,74,100,96,100,100,100,100,100,99,100,0,100,100,0,99,63,100,94,97,88,60,56,100,100,68,7,0,0,55,13,0,0,0,0,0,0,0,0,0,0,0,33,0
l13,15=100,100,100,95,100,100,100,100,100,100,99,100,99,0,100,0,99,62,98,97,13,88,7,41,86,97,17,54,0,0,56,92,0,0,0,0,0,0,0,0,0,0,0,0,0
l14,15=34,0,64,63,95,92,0,97,79,61,75,58,54,73,0,0,99,64,100,94,99,0,0,59,86,99,68,54,0,0,58,99,0,67,0,0,0,0,0,30,55,64,58,62,61
l15,15=36,83,64,80,97,99,99,100,79,63,77,61,99,74,100,0,0,64,100,94,100,91,60,41,87,94,69,58,0,0,62,99,0,42,0,0,0,0,28,50,56,77,56,63,66
l16,15=56,83,77,62,60,96,99,98,76,63,41,24,38,74,100,0,97,0,100,100,100,53,0,31,87,96,69,58,0,0,100,100,61,71,0,92,0,0,60,88,100,86,1,27,87
l17,15=19,83,88,74,0,99,99,98,99,64,99,100,99,74,100,0,99,100,0,100,100,92,61,62,100,100,66,58,0,0,66,99,0,0,0,0,0,0,0,0,99,66,60,63,81
l18,15=51,77,81,10,58,82,84,98,79,64,77,61,58,74,100,0,85,100,100,0,99,99,63,64,98,99,97,61,0,0,62,99,0,74,0,40,39,0,97,93,99,70,93,99,98
l19,15=0,0,0,0,0,92,87,98,79,60,56,60,58,55,100,0,99,100,100,100,0,92,24,65,100,100,99,61,0,0,62,99,35,0,0,0,0,0,67,89,99,86,60,63,98
l20,15=0,0,0,0,0,0,74,88,69,77,0,96,89,87,0,0,95,82,90,99,92,0,100,99,89,100,90,97,0,0,0,0,92,92,0,0,94,88,93,93,0,0,92,91,95
l21,15=0,0,0,0,0,0,0,76,0,0,0,0,91,81,0,0,93,0,90,99,76,100,0,99,98,93,96,97,0,0,0,0,31,0,0,0,10,0,79,0,0,0,76,91,96
l22,15=0,0,0,0,0,0,0,83,77,46,88,0,90,52,88,0,95,56,90,95,92,99,95,0,100,99,97,97,0,0,0,0,93,92,0,70,94,90,0,72,65,61,97,91,64
l23,15=0,0,0,0,0,0,0,0,91,0,92,95,95,90,96,0,96,95,97,98,97,95,95,99,0,100,99,94,0,0,92,84,93,94,0,98,0,41,94,86,82,93,97,99,99
l24,15=0,0,0,0,0,0,0,91,67,96,98,80,98,99,99,0,98,62,99,99,99,99,97,99,100,0,99,97,0,0,58,95,94,97,0,99,94,0,93,0,99,99,97,99,100
l25,15=0,0,0,0,0,0,0,80,94,38,88,43,91,21,98,0,95,92,79,99,99,95,94,99,100,100,0,90,0,0,0,0,92,39,0,84,94,84,81,92,81,68,97,99,96
l26,15=0,0,0,0,0,0,0,84,90,89,84,50,40,92,87,0,95,89,86,90,84,99,97,99,98,99,96,0,0,0,0,0,96,94,0,83,93,77,91,91,86,68,80,89,100
l27,15=60,83,78,61,61,99,99,0,0,0,38,24,38,72,100,0,86,100,63,95,99,0,0,0,87,98,0,0,0,0,0,100,61,75,0,100,94,61,60,88,100,81,25,25,0
l28,15=54,0,70,13,15,100,0,23,76,0,38,24,11,63,100,0,86,100,63,95,100,0,0,0,84,99,0,0,0,0,100,0,62,75,0,100,95,61,89,88,100,86,2,6,0
l29,15=0,0,0,0,0,0,0,0,0,0,0,0,0,0,0,0,0,83,0,0,1,98,0,100,98,94,99,97,0,0,74,100,0,100,0,100,100,98,100,100,100,100,51,57,36
l30,15=0,0,0,0,0,0,0,0,0,0,0,0,0,0,84,0,66,82,0,97,0,99,0,99,98,98,51,97,0,0,91,99,100,0,0,100,100,98,100,100,100,100,0,12,78
l31,15=0,0,0,0,0,0,0,0,0,0,0,0,0,0,0,0,0,55,0,52,0,0,0,53,87,79,80,81,0,0,80,87,100,100,0,0,100,98,100,98,100,100,0,0,62
l32,15=0,0,0,0,0,0,0,0,0,0,0,0,0,0,0,0,0,0,0,34,0,92,0,97,0,80,88,86,0,0,80,89,100,100,0,100,0,98,100,100,99,100,0,13,0
l33,15=0,0,0,0,0,0,0,0,0,0,0,0,0,0,0,0,0,0,0,0,0,71,0,61,67,0,80,69,0,0,77,83,100,95,0,100,100,0,88,86,92,84,0,0,0
l34,15=0,0,0,0,0,0,0,0,0,0,0,0,0,0,0,0,14,99,0,99,93,74,6,0,98,98,97,97,0,0,90,99,100,100,0,100,100,98,0,100,100,100,1,0,83
l35,15=0,0,0,0,0,0,0,0,0,0,0,0,0,0,82,0,79,100,0,94,99,56,0,33,87,0,99,61,0,0,91,62,100,100,0,100,100,98,100,0,100,100,7,0,0
l36,15=0,0,0,0,0,85,0,0,0,0,0,0,0,0,100,0,81,100,99,100,100,0,0,28,87,100,70,79,0,0,91,62,62,96,0,100,95,61,100,100,0,100,0,0,0
l37,15=0,0,0,0,0,9,0,0,0,0,0,1,0,0,87,0,81,100,56,85,100,0,0,31,90,100,63,56,0,0,100,100,100,100,0,100,100,61,100,100,100,0,0,0,12
l38,15=0,0,0,0,0,0,0,0,0,0,35,0,0,0,65,0,64,0,70,89,68,68,1,97,96,95,96,70,0,0,28,3,57,0,0,0,0,0,0,0,0,0,0,100,100
l39,15=0,0,0,0,0,0,0,0,0,31,33,0,29,0,88,0,73,81,85,89,67,68,39,76,95,86,97,48,0,0,31,25,55,40,0,0,0,0,0,0,0,0,98,0,100
l40,15=0,0,0,0,0,0,0,0,0,0,69,0,0,0,76,0,83,89,36,90,80,84,65,52,95,88,81,91,0,0,0,0,1,56,0,6,0,0,65,0,0,0,97,98,0
l41,15=0,0,0,0,0,0,0,0,72,37,61,25,54,78,96,0,95,96,97,98,99,90,0,98,98,99,97,94,0,0,90,80,0,0,0,0,0,0,49,0,7,0,97,100,99
l42,15=0,0,0,0,0,0,0,0,0,0,0,0,55,0,69,0,0,81,68,98,62,92,66,99,98,99,8,96,0,0,0,0,0,2,0,0,72,0,72,0,0,3,97,99,100
l43,15=0,0,0,0,0,0,0,0,0,0,0,0,0,7,0,0,36,21,51,41,60,59,55,96,78,90,89,64,0,0,0,0,0,57,0,55,64,0,63,57,0,33,95,91,95
l44,15=0,0,0,0,0,0,0,0,0,0,0,0,34,0,59,0,69,0,51,89,58,93,59,97,98,81,97,86,0,0,0,0,49,57,0,0,64,0,0,0,0,27,97,99,100

