l0,0=0,87,91,91,90,84,89,89,85,72,86,86,82,81,46,0,77,28,7,37,0,0,0,0,0,0,0,0,0,0,76,69,0,0,0,0,0,0,0,0,0,0,0,0,0
l1,0=89,0,89,89,88,84,89,92,89,67,86,86,86,83,26,0,63,59,40,2,18,0,0,0,0,15,0,0,0,0,48,45,0,0,0,0,0,0,0,0,9,0,0,0,0
l2,0=89,87,0,86,87,84,69,92,89,81,86,86,86,83,49,0,82,67,0,23,45,0,0,0,0,3,30,0,0,0,0,42,0,0,0,0,0,0,0,0,0,0,0,0,0
l3,0=89,87,85,0,90,84,89,89,87,74,81,87,80,33,29,0,76,72,43,20,0,0,0,0,0,0,0,0,0,0,77,70,0,0,0,0,0,0,0,0,0,0,0,0,0
l4,0=89,87,88,91,0,84,89,59,89,74,74,84,29,82,29,0,77,62,40,0,0,0,0,0,0,0,0,0,0,0,48,46,0,0,0,0,0,0,0,0,0,0,0,0,0
l5,0=89,87,91,82,90,0,84,93,85,43,70,86,86,49,21,0,77,67,47,0,1,0,0,0,0,0,0,0,0,0,46,31,0,0,0,0,0,0,0,0,23,0,0,0,0
l6,0=88,87,85,89,90,84,0,96,89,66,86,84,86,48,32,0,79,76,52,22,27,0,0,0,0,0,1,0,0,0,46,21,0,0,0,0,0,0,0,0,0,0,0,0,0
l7,0=89,87,90,86,83,84,89,0,89,83,86,86,86,83,80,0,83,0,80,69,76,39,0,12,29,67,75,0,0,0,24,0,0,0,0,0,0,0,0,0,0,0,0,13,0
l8,0=89,87,90,88,89,84,89,96,0,84,86,86,86,83,68,0,81,69,76,67,33,21,50,12,12,12,47,0,0,0,0,0,0,0,0,0,0,0,0,0,0,0,0,1,0
l9,0=86,76,90,87,89,84,89,95,89,0,86,87,86,83,83,0,82,59,49,11,30,12,0,8,11,8,3,0,0,0,9,13,0,0,0,0,0,0,0,0,0,0,0,0,0
l10,0=86,84,86,48,50,52,58,55,85,75,0,86,87,18,27,0,89,75,85,72,50,0,13,29,22,55,46,14,0,0,22,20,0,0,0,0,0,0,0,0,0,0,19,11,0
l11,0=84,85,85,87,69,84,82,90,89,84,85,0,87,83,79,0,82,67,29,65,86,1,25,0,21,34,30,32,0,0,31,5,0,0,0,0,0,0,0,0,0,0,0,2,2
l12,0=78,85,85,45,51,84,85,89,85,74,91,88,0,83,79,0,81,76,80,65,86,5,46,24,10,48,63,54,0,0,10,31,0,0,0,0,0,0,0,0,1,0,0,51,47
l13,0=83,87,91,46,87,84,85,95,89,84,63,88,87,0,79,0,87,75,80,32,37,18,1,24,5,40,6,0,0,0,27,12,0,0,0,0,0,0,0,0,0,0,0,10,0
l14,0=21,56,58,6,12,6,31,44,40,19,64,78,50,24,0,0,88,82,88,58,99,19,4,23,13,34,40,34,0,0,44,29,0,49,0,0,0,0,0,4,22,23,71,63,58
l15,0=63,28,71,33,30,37,45,83,54,45,91,88,71,83,92,0,0,44,88,38,95,43,43,21,23,51,58,42,0,0,42,30,8,35,0,0,0,0,3,0,20,12,61,56,54
l16,0=4,25,59,43,16,22,38,7,24,5,60,62,42,22,36,0,66,0,58,29,36,0,1,7,25,36,20,6,0,0,59,54,27,37,0,0,0,4,27,6,31,78,66,68,44
l17,0=22,42,30,5,13,26,33,44,44,14,79,55,53,35,92,0,90,86,0,54,64,56,25,11,29,34,46,31,0,0,51,25,0,0,0,0,0,0,0,0,15,37,42,53,0
l18,0=19,1,1,17,0,14,29,32,39,3,75,63,35,17,73,0,74,85,69,0,100,88,70,63,28,88,89,54,0,0,23,12,26,42,0,30,0,0,13,17,30,32,78,72,76
l19,0=0,0,34,0,0,13,19,22,51,3,85,47,72,30,92,0,89,86,88,82,0,53,21,49,31,83,89,23,0,0,75,75,0,49,0,0,0,0,0,0,64,19,29,84,74
l20,0=0,0,0,0,0,0,0,9,46,29,30,45,22,33,12,0,37,1,70,80,66,0,99,96,86,89,86,95,0,0,0,0,69,76,0,80,71,19,71,52,1,59,74,57,83
l21,0=0,0,0,0,0,0,0,33,70,5,65,3,6,0,43,0,71,0,51,75,73,97,0,48,90,52,89,96,0,0,0,0,27,84,0,7,2,0,68,10,0,0,61,30,72
l22,0=0,0,0,0,0,0,0,4,21,44,62,10,10,50,67,0,55,41,40,80,45,94,10,0,90,73,90,95,0,0,0,13,82,86,0,78,80,41,71,58,50,64,74,83,77
l23,0=0,0,0,0,0,0,0,2,27,4,50,5,10,0,49,0,60,67,73,72,85,86,84,96,0,91,90,83,0,0,0,7,67,43,0,31,9,0,68,25,54,78,78,82,87
l24,0=0,7,0,0,0,0,0,24,0,10,78,30,5,17,76,0,73,45,52,81,91,94,33,41,92,0,89,77,0,0,6,6,16,84,0,41,22,0,33,35,0,40,84,82,86
l25,0=0,0,26,0,0,0,0,23,23,5,65,21,41,0,50,0,63,49,63,75,64,88,83,98,92,91,0,81,0,0,21,6,81,69,0,4,61,32,38,59,22,77,83,84,86
l26,0=0,0,0,0,0,0,0,8,58,8,68,66,26,32,73,0,81,1,63,64,58,94,98,96,89,76,88,0,0,0,25,3,72,85,0,95,73,74,91,78,4,71,78,70,86
l27,0=42,30,4,48,34,36,36,26,5,1,6,29,28,15,32,0,79,86,50,21,15,0,0,0,0,4,16,19,0,0,0,85,58,89,0,76,1,22,37,93,58,90,6,0,56
l28,0=40,27,28,46,35,32,22,0,1,1,12,30,34,13,25,0,45,86,42,17,33,0,0,19,18,15,7,0,0,0,95,0,75,90,0,63,30,22,36,32,93,92,0,0,44
l29,0=0,0,0,0,0,0,0,0,0,0,0,0,0,0,0,0,1,29,0,20,0,43,27,97,77,0,89,53,0,0,58,84,0,99,0,99,100,98,95,100,93,92,0,0,10
l30,0=0,0,0,0,0,0,0,0,0,0,0,0,0,0,3,0,10,1,0,0,4,31,50,92,25,74,75,85,0,0,94,83,97,0,0,99,100,98,95,100,93,92,19,0,0
l31,0=0,0,0,0,0,0,0,0,0,0,0,0,0,0,0,0,0,0,0,14,0,54,0,74,30,36,9,92,0,0,83,53,97,99,0,0,100,98,95,100,93,92,5,0,7
l32,0=0,0,0,0,0,0,0,0,0,0,0,0,0,0,0,0,0,0,0,0,0,75,27,92,51,38,73,59,0,0,0,50,97,99,0,99,0,98,95,100,89,83,19,0,0
l33,0=0,0,0,0,0,0,0,0,0,0,0,0,0,0,0,0,0,31,0,0,0,29,0,71,0,0,43,53,0,0,51,51,97,99,0,99,100,0,94,90,91,10,0,0,0
l34,0=0,0,0,0,0,0,0,0,0,0,0,0,0,0,0,0,7,68,0,26,0,84,73,92,85,64,74,95,0,0,95,85,97,99,0,99,100,96,0,100,93,92,37,6,0
l35,0=0,0,0,0,0,0,0,0,0,0,0,0,0,0,0,0,8,73,0,27,0,29,21,47,24,60,83,82,0,0,95,58,97,99,0,99,100,93,95,0,93,92,0,0,0
l36,0=0,0,0,0,0,17,0,0,0,0,0,0,0,0,12,0,31,83,9,44,17,0,0,26,14,6,19,0,0,0,33,34,85,99,0,96,34,36,78,100,0,92,0,14,0
l37,0=0,0,0,0,0,12,0,0,0,0,0,0,0,0,40,0,40,84,52,66,17,26,0,37,51,34,84,42,0,0,69,85,96,99,0,99,37,11,95,100,93,0,15,0,0
l38,0=0,0,0,0,0,0,0,0,0,0,18,0,0,0,71,0,58,49,58,73,65,56,51,73,63,88,77,63,0,0,15,1,0,45,0,0,0,0,29,0,0,3,0,82,87
l39,0=0,0,0,0,0,0,0,0,1,0,0,2,15,0,66,0,35,49,46,62,84,15,5,79,89,84,89,59,0,0,0,0,0,22,0,0,0,0,0,0,11,0,84,0,87
l40,0=0,0,0,0,0,0,0,0,0,0,5,0,3,0,54,0,51,2,2,70,77,62,46,72,88,76,70,73,0,0,9,0,3,10,0,0,0,0,0,0,0,0,84,84,0
l41,0=0,0,0,0,0,0,0,0,0,5,36,4,3,30,82,0,63,71,82,80,92,38,43,87,90,84,82,66,0,0,63,40,0,40,0,0,0,0,0,0,10,0,84,84,86
l42,0=0,0,0,0,0,0,0,0,0,0,1,0,0,0,49,0,52,14,13,68,42,79,31,85,90,87,89,58,0,0,0,0,7,7,0,14,4,0,13,0,0,0,84,82,87
l43,0=0,0,0,0,0,0,0,0,0,0,11,0,0,0,6,0,9,11,19,37,14,11,37,83,86,85,72,74,0,0,0,0,0,35,0,0,8,0,5,0,0,0,82,84,86
l44,0=0,0,0,0,0,0,0,0,0,0,1,1,0,0,60,0,5,14,35,62,65,80,57,51,88,87,87,71,0,0,0,0,0,1,0,0,0,0,0,0,2,0,84,78,87

l0,1=0,87,91,90,91,88,93,87,76,83,74,86,82,87,63,0,63,55,1,3,0,0,0,0,0,0,0,0,0,0,66,19,0,0,0,0,0,0,0,0,0,0,0,0,0
l1,1=89,0,88,80,90,86,93,87,77,83,74,86,82,88,38,0,25,10,35,31,36,0,0,0,23,0,0,0,0,0,71,43,0,0,0,0,0,0,0,0,0,0,0,0,0
l2,1=89,85,0,81,90,88,93,93,79,88,72,86,83,87,71,0,64,66,59,36,34,0,0,0,0,33,0,0,0,0,53,42,0,0,0,0,0,0,0,0,0,0,0,0,0
l3,1=89,87,88,0,91,83,93,77,79,82,69,86,40,85,37,0,62,71,0,0,2,0,0,0,0,0,0,0,0,0,72,32,0,0,0,0,0,0,0,0,0,0,0,0,0
l4,1=89,87,88,91,0,88,92,72,75,82,70,83,82,86,7,0,63,70,7,0,0,0,0,0,0,0,0,0,0,0,71,71,0,0,0,0,0,0,0,0,0,0,0,0,0
l5,1=88,86,90,62,86,0,90,87,75,48,46,85,82,76,45,0,39,34,3,35,0,0,0,0,0,0,0,0,0,0,64,4,0,0,0,0,0,0,0,0,32,23,0,0,0
l6,1=88,86,91,83,90,87,0,93,79,48,74,82,82,85,41,0,41,35,58,37,14,0,0,0,0,0,0,0,0,0,65,3,0,0,0,0,0,0,0,0,0,0,0,0,0
l7,1=82,85,90,71,84,87,92,0,79,88,74,86,83,87,69,0,67,4,38,13,29,26,6,52,0,64,42,0,0,0,0,14,0,0,0,0,0,0,0,0,0,0,0,58,0
l8,1=85,86,90,85,85,87,92,93,0,88,71,86,83,87,72,0,65,48,53,63,27,34,42,47,23,59,39,20,0,0,31,38,0,0,0,0,0,0,0,0,0,0,0,0,0
l9,1=73,85,88,74,82,70,78,93,79,0,74,86,83,87,71,0,64,50,59,29,29,30,27,48,37,1,17,36,0,0,0,35,0,0,0,0,0,0,0,0,0,0,3,0,0
l10,1=66,70,43,32,73,79,80,75,59,83,0,86,83,87,39,0,70,55,59,63,54,19,49,42,37,66,34,50,0,0,32,44,0,0,0,0,0,0,0,0,21,0,38,12,24
l11,1=70,82,89,75,73,87,87,87,79,88,74,0,83,88,71,0,67,53,60,64,61,8,0,9,21,55,43,0,0,0,1,35,0,0,0,0,0,0,0,0,0,0,1,55,9
l12,1=72,84,88,18,85,87,87,87,75,84,77,86,0,88,71,0,67,72,61,67,66,27,0,48,31,58,22,36,0,0,6,27,0,0,0,0,0,0,0,0,0,0,8,23,0
l13,1=83,87,90,66,86,75,87,88,79,88,75,86,83,0,71,0,70,39,58,42,26,18,42,37,50,37,20,0,0,0,29,30,0,0,0,0,0,0,0,0,0,0,22,0,0
l14,1=26,16,35,15,5,38,38,50,42,39,30,63,72,61,0,0,71,60,71,78,79,24,47,60,44,30,16,25,0,0,50,34,0,0,0,0,0,0,19,0,40,33,64,64,30
l15,1=50,13,32,16,56,59,62,74,44,37,77,86,82,87,79,0,0,53,63,42,70,36,52,61,48,41,36,40,0,0,59,30,0,0,0,0,0,0,4,13,36,26,59,38,0
l16,1=28,6,8,17,32,8,11,0,16,5,20,29,40,32,36,0,15,0,58,54,50,5,0,48,44,19,1,26,0,0,85,72,0,18,0,0,2,0,50,24,63,23,8,37,7
l17,1=8,0,25,0,7,5,40,45,38,35,45,67,74,55,79,0,69,57,0,38,79,9,45,53,42,20,31,31,0,0,39,17,0,1,0,0,0,0,0,0,37,30,60,31,28
l18,1=0,13,15,0,0,24,47,23,41,13,39,49,61,49,73,0,53,81,61,0,79,48,56,37,84,73,82,61,0,0,50,58,0,15,0,5,0,0,28,25,61,31,63,81,21
l19,1=0,28,28,0,0,0,50,43,1,31,33,50,59,46,79,0,64,73,70,85,0,28,44,14,52,33,39,40,0,0,67,66,0,31,0,0,0,0,28,4,55,4,53,83,33
l20,1=0,0,0,0,0,0,0,40,62,3,27,8,63,15,57,0,61,34,11,76,47,0,95,88,82,78,70,84,0,0,0,0,64,62,0,43,72,15,61,35,1,23,78,62,70
l21,1=0,0,0,0,0,0,0,1,22,0,48,0,0,42,47,0,56,0,47,68,36,90,0,81,81,68,76,82,0,0,0,0,0,63,0,0,12,0,47,50,0,0,72,74,66
l22,1=0,0,0,0,0,0,0,39,38,0,8,2,36,8,61,0,54,37,50,28,4,75,74,0,82,63,82,83,0,0,0,0,69,68,0,68,56,10,58,53,35,12,75,72,67
l23,1=0,0,0,0,0,0,0,0,10,47,7,14,24,26,64,0,57,65,57,76,65,77,84,89,0,77,82,74,0,0,0,16,24,32,0,5,0,15,53,3,43,64,29,86,83
l24,1=0,0,24,0,0,0,0,43,26,0,61,47,59,58,62,0,59,59,20,77,64,83,75,77,84,0,82,73,0,0,0,52,33,38,0,0,21,4,25,62,61,40,84,83,78
l25,1=0,0,0,0,0,0,0,23,26,6,54,39,52,32,31,0,56,2,54,77,65,63,80,92,84,77,0,76,0,0,0,4,65,46,0,35,52,13,32,7,4,41,80,86,76
l26,1=0,0,0,0,0,0,0,2,0,5,53,0,62,37,44,0,51,37,47,69,52,85,84,89,78,71,76,0,0,0,0,1,67,76,0,69,60,40,67,62,22,60,76,79,73
l27,1=34,19,5,17,59,37,49,0,13,0,31,1,0,0,36,0,30,81,44,27,44,0,0,0,0,0,0,0,0,0,0,87,61,70,0,23,0,38,51,85,94,85,0,2,0
l28,1=2,1,10,13,44,11,0,0,24,18,37,38,32,26,30,0,25,81,19,45,45,0,0,0,37,33,2,0,0,0,85,0,73,58,0,38,37,0,73,78,94,84,0,24,14
l29,1=0,0,0,0,0,0,0,0,0,0,0,0,0,0,0,0,0,0,0,0,0,66,8,89,60,31,80,71,0,0,70,80,0,96,0,88,93,97,87,97,94,85,44,0,0
l30,1=0,0,0,0,0,0,0,0,0,0,0,0,0,0,0,0,0,39,0,24,20,54,52,87,49,41,42,79,0,0,85,85,84,0,0,88,93,96,87,97,94,93,52,17,12
l31,1=0,0,0,0,0,0,0,0,0,0,0,0,0,0,0,0,0,0,0,17,0,34,0,81,24,0,64,77,0,0,66,71,84,96,0,0,93,97,87,58,94,93,0,0,0
l32,1=0,0,0,0,0,0,0,0,0,0,0,0,0,0,0,0,0,40,0,0,0,68,41,65,0,30,65,60,0,0,7,70,84,96,0,88,0,97,87,97,48,90,0,0,0
l33,1=0,0,0,0,0,0,0,0,0,0,0,0,0,0,0,0,0,0,0,0,0,3,0,51,32,0,50,41,0,0,55,0,84,86,0,88,93,0,83,79,88,55,0,0,0
l34,1=0,0,0,0,0,0,0,0,0,0,0,0,0,0,24,0,2,65,0,31,17,68,56,81,70,26,34,78,0,0,41,85,84,96,0,88,93,94,0,97,94,93,52,50,0
l35,1=0,0,0,0,0,0,0,0,0,0,0,0,0,0,0,0,19,40,7,35,0,29,50,63,34,64,17,40,0,0,85,81,84,96,0,46,93,86,87,0,94,93,0,0,0
l36,1=0,0,0,0,0,35,0,0,0,0,21,0,0,0,35,0,19,68,25,29,26,14,0,47,43,37,12,16,0,0,85,87,80,95,0,52,35,89,82,90,0,88,0,39,0
l37,1=0,0,0,0,0,47,0,0,0,0,0,0,0,0,42,0,22,52,35,30,16,34,1,51,78,61,37,36,0,0,85,87,80,96,0,88,88,66,87,97,94,0,0,0,0
l38,1=0,0,0,0,0,0,0,0,0,0,11,0,0,0,54,0,49,0,52,65,43,53,50,74,10,76,66,64,0,0,0,0,2,6,0,0,0,0,15,0,0,0,0,86,87
l39,1=0,0,0,0,0,0,0,11,0,0,0,32,3,0,58,0,48,14,28,71,68,43,61,71,82,72,80,69,0,0,0,2,0,3,0,0,0,0,1,0,0,0,84,0,87
l40,1=0,0,0,0,0,0,0,0,0,0,23,1,0,0,53,0,0,8,51,55,53,59,48,71,81,64,62,65,0,0,0,0,0,1,0,0,0,0,0,0,0,0,84,86,0
l41,1=0,0,0,0,0,0,0,0,0,35,39,35,44,0,71,0,56,56,57,75,20,58,25,81,82,71,46,64,0,0,5,43,0,0,0,0,6,0,1,10,0,0,85,87,83
l42,1=0,0,0,0,0,0,0,0,0,0,0,0,0,0,25,0,36,33,12,62,17,42,56,72,82,76,81,61,0,0,0,0,0,0,0,8,5,0,0,0,0,0,84,86,87
l43,1=0,0,0,0,0,0,0,0,0,0,5,0,0,0,18,0,19,12,0,29,22,42,16,84,82,66,69,70,0,0,0,0,7,12,0,0,4,0,0,2,0,0,84,85,87
l44,1=0,0,0,0,0,0,0,0,0,0,0,0,11,9,34,0,0,22,16,18,47,68,26,35,78,71,76,74,0,0,0,0,12,0,0,0,0,0,2,0,0,0,84,81,85

l0,2=0,88,88,88,85,78,90,14,78,82,67,78,65,57,24,0,59,68,17,23,0,0,0,0,0,0,0,0,0,0,67,0,0,0,0,0,0,0,0,0,0,0,0,0,0
l1,2=85,0,87,86,86,78,90,85,80,84,67,82,75,67,38,0,61,59,28,62,60,0,0,0,0,0,5,0,0,0,68,61,0,0,0,0,0,0,0,0,0,0,0,0,0
l2,2=85,88,0,84,81,79,90,85,81,86,70,82,87,64,71,0,56,67,62,62,61,0,0,0,0,49,0,0,0,0,29,34,0,0,0,0,0,0,0,0,0,0,0,0,0
l3,2=88,88,88,0,87,80,90,81,80,82,71,78,66,57,54,0,28,61,56,0,38,0,0,0,0,0,0,0,0,0,64,36,0,0,0,0,0,0,0,0,0,0,0,0,0
l4,2=83,88,86,88,0,78,90,84,78,80,67,77,73,62,56,0,59,44,54,0,0,0,0,0,0,0,0,0,0,0,67,37,0,0,0,0,0,0,0,0,0,0,0,0,0
l5,2=74,88,86,86,87,0,90,85,80,81,70,71,78,56,63,0,37,55,61,50,0,0,0,0,0,0,0,0,0,0,67,0,0,0,0,0,0,0,0,0,0,0,0,0,0
l6,2=86,87,87,88,87,79,0,88,81,84,67,79,87,86,60,0,63,65,55,6,41,0,0,0,0,0,0,0,0,0,63,57,0,0,0,0,0,0,0,0,0,0,0,0,0
l7,2=42,87,87,80,80,77,90,0,81,86,70,82,74,87,65,0,65,18,65,50,60,30,21,38,30,74,31,0,0,0,23,0,0,0,0,0,0,0,0,0,0,0,0,0,0
l8,2=83,87,87,84,74,75,86,88,0,83,69,80,83,87,69,0,58,35,63,50,4,13,48,42,9,43,35,46,0,0,31,41,0,0,0,0,0,0,0,0,0,0,0,0,0
l9,2=83,87,87,80,75,75,86,84,81,0,70,82,83,87,71,0,63,67,64,44,54,37,0,2,59,45,35,53,0,0,2,43,0,0,0,0,0,0,0,0,0,0,0,51,0
l10,2=50,79,83,64,71,77,65,70,63,82,0,80,87,85,46,0,68,58,67,63,62,0,41,28,51,74,42,48,0,0,45,40,0,0,0,0,0,0,0,0,40,0,36,13,38
l11,2=79,87,85,63,75,68,84,88,80,86,70,0,87,87,71,0,65,57,63,33,61,51,45,17,45,69,37,0,0,0,53,42,0,0,0,0,0,0,0,0,0,0,53,55,1
l12,2=56,87,85,80,77,77,84,74,79,80,75,82,0,87,71,0,66,66,63,63,67,0,42,29,64,70,34,71,0,0,0,39,0,0,0,0,0,0,0,0,0,3,41,3,0
l13,2=81,87,85,82,79,75,84,81,81,86,73,82,87,0,71,0,66,57,63,49,55,0,0,33,44,42,0,0,0,0,44,14,0,0,0,0,0,0,0,0,0,0,0,0,0
l14,2=5,22,50,31,38,35,44,44,65,62,48,70,71,53,0,0,70,68,77,72,78,34,40,37,54,66,51,39,0,0,53,49,0,12,0,0,0,0,29,38,46,30,52,72,48
l15,2=43,54,0,6,45,1,64,67,61,52,75,80,82,85,82,0,0,58,58,62,74,49,45,39,52,71,40,44,0,0,55,43,0,0,0,0,0,0,0,38,47,16,49,43,15
l16,2=39,21,33,39,28,19,28,12,39,44,43,28,54,37,68,0,59,0,68,72,76,7,0,1,67,68,24,0,0,0,84,81,0,39,0,0,0,0,19,36,71,38,30,52,3
l17,2=0,45,44,1,36,39,50,50,57,52,72,70,68,56,82,0,50,61,0,59,78,36,40,32,60,45,32,45,0,0,49,37,0,21,0,0,0,0,0,0,1,0,49,43,49
l18,2=3,37,31,0,2,30,2,31,48,21,62,7,49,36,73,0,53,74,60,0,78,71,36,49,86,69,74,47,0,0,73,64,0,10,0,0,0,0,34,32,42,43,44,43,36
l19,2=0,52,38,0,0,2,28,42,15,46,60,55,54,50,82,0,62,77,77,73,0,35,13,27,64,77,41,49,0,0,51,55,0,28,0,0,0,0,0,0,48,23,42,54,45
l20,2=0,0,0,0,0,0,0,1,0,0,53,63,29,7,63,0,56,13,53,66,56,0,88,78,80,87,69,91,0,0,0,0,73,62,0,67,0,40,0,45,47,28,62,69,76
l21,2=0,0,0,0,0,0,0,0,51,0,39,47,12,0,39,0,56,0,43,47,1,84,0,72,81,82,71,86,0,0,0,0,0,2,0,0,24,0,0,0,0,0,59,74,44
l22,2=0,0,0,0,0,0,0,1,53,0,10,1,12,14,60,0,55,3,50,58,29,70,66,0,86,84,75,91,0,0,4,0,71,74,0,64,58,0,68,45,57,1,64,66,71
l23,2=0,0,0,0,0,0,0,3,3,11,0,10,17,11,52,0,51,59,59,68,61,67,69,79,0,88,74,81,0,0,0,11,42,16,0,12,0,7,41,0,8,62,76,77,81
l24,2=0,0,30,0,0,0,0,55,29,26,67,56,53,42,72,0,56,61,9,66,66,73,67,75,86,0,74,80,0,0,35,41,32,39,0,0,24,9,2,30,65,59,77,75,80
l25,2=0,0,0,0,0,0,0,1,5,9,35,36,13,2,70,0,55,20,12,69,51,69,67,86,86,88,0,81,0,0,2,16,27,55,0,24,60,5,36,4,42,26,77,77,81
l26,2=0,0,0,0,0,0,0,0,12,32,42,14,61,5,22,0,52,0,53,60,61,77,75,84,83,84,72,0,0,0,0,0,75,81,0,74,51,36,76,1,28,34,67,75,56
l27,2=56,67,52,59,57,59,46,15,33,9,54,58,24,42,67,0,59,81,64,72,57,0,0,4,0,53,19,0,0,0,0,83,54,83,0,32,37,46,72,79,92,87,8,43,0
l28,2=0,57,28,30,32,15,54,0,47,39,53,53,24,37,67,0,56,81,55,70,60,0,0,0,14,61,3,0,0,0,86,0,64,84,0,33,41,33,80,69,92,90,0,39,18
l29,2=0,0,0,0,0,0,0,0,0,0,0,0,0,0,0,0,0,2,0,2,0,64,0,76,63,51,52,82,0,0,49,66,0,98,0,94,94,97,88,86,92,96,46,4,0
l30,2=0,0,0,0,0,0,0,0,0,0,0,0,0,0,0,0,0,45,2,1,28,39,3,80,50,44,49,89,0,0,85,82,89,0,0,94,94,97,88,86,92,97,0,0,0
l31,2=0,0,0,0,0,0,0,0,0,0,0,0,0,0,0,0,0,0,0,0,0,50,0,59,58,1,53,82,0,0,48,47,89,98,0,0,94,97,88,85,92,97,20,0,0
l32,2=0,0,0,0,0,0,0,0,0,0,0,0,0,0,0,0,0,0,0,12,0,0,37,80,0,56,73,69,0,0,43,41,89,98,0,94,0,97,88,86,0,95,10,0,0
l33,2=0,0,0,0,0,0,0,0,0,0,0,0,0,0,0,0,0,0,0,0,0,51,0,0,58,18,54,61,0,0,68,50,89,98,0,94,94,0,87,78,88,77,0,0,0
l34,2=0,0,0,0,0,0,0,0,0,0,0,0,0,0,23,0,0,36,0,33,0,0,0,67,60,38,45,82,0,0,82,81,89,98,0,94,94,96,0,86,92,97,41,43,0
l35,2=0,0,0,0,0,0,0,0,0,0,0,0,0,0,30,0,31,44,1,30,0,24,0,49,0,46,1,1,0,0,83,74,89,98,0,87,94,96,88,0,92,97,0,0,0
l36,2=0,0,0,0,0,0,0,0,0,0,17,0,0,0,40,0,33,72,3,41,64,25,19,50,56,67,53,38,0,0,86,80,80,93,0,88,0,85,88,86,0,96,0,4,0
l37,2=0,0,0,0,0,0,0,0,0,0,0,0,27,0,25,0,26,76,21,65,29,25,0,0,81,83,51,39,0,0,86,82,88,98,0,93,91,87,88,86,92,0,36,6,0
l38,2=0,0,0,0,0,0,0,0,0,0,1,9,1,0,43,0,43,24,41,42,44,11,26,51,69,80,64,51,0,0,0,0,2,0,0,0,0,0,5,0,0,0,0,83,84
l39,2=0,0,0,0,0,0,0,0,0,2,1,39,11,0,65,0,28,47,31,52,52,46,50,53,83,71,73,65,0,0,15,14,1,0,0,0,0,0,23,0,0,0,80,0,84
l40,2=0,0,0,0,0,0,0,0,0,0,4,0,0,0,54,0,1,1,50,14,36,58,16,59,81,76,62,45,0,0,0,0,0,0,0,0,0,0,0,0,0,0,79,81,0
l41,2=0,0,0,0,0,0,0,0,0,5,42,31,7,21,68,0,51,63,42,66,59,55,28,60,85,81,63,57,0,0,0,50,0,0,0,0,0,0,26,0,20,0,81,83,79
l42,2=0,0,0,0,0,0,0,0,0,0,0,0,0,0,40,0,1,26,21,57,0,39,40,70,83,81,73,37,0,0,0,0,9,11,0,0,0,5,15,0,0,0,78,80,81
l43,2=0,0,0,0,0,0,0,0,0,0,0,0,0,0,11,0,0,6,10,12,10,51,11,67,74,78,69,76,0,0,0,0,0,0,0,0,0,0,0,0,0,0,79,74,81
l44,2=0,0,0,0,0,0,0,0,0,0,0,0,0,0,10,0,0,10,12,17,12,34,30,60,81,77,64,69,0,0,0,0,0,13,0,0,0,0,3,0,0,0,77,77,81

l0,3=0,82,88,96,83,88,81,92,90,88,0,71,79,83,74,0,76,74,12,0,0,0,0,0,0,0,0,0,0,0,25,0,0,0,0,0,0,0,0,0,0,0,0,0,0
l1,3=86,0,88,96,83,88,81,87,91,85,85,74,81,79,15,0,76,74,71,69,70,0,0,0,60,0,0,0,0,0,63,69,0,0,0,0,0,0,0,0,0,0,0,0,0
l2,3=79,78,0,93,75,81,76,91,91,86,85,77,79,82,76,0,81,74,3,71,0,0,0,32,0,0,0,0,0,0,62,18,0,0,0,0,0,0,0,0,0,0,0,0,0
l3,3=86,81,89,0,83,85,73,85,90,88,84,77,81,82,0,0,78,3,67,56,62,0,0,0,0,0,0,0,0,0,64,41,0,0,0,0,0,0,0,0,0,0,0,0,0
l4,3=86,82,89,96,0,88,81,86,88,84,72,75,75,79,73,0,5,0,73,0,0,0,0,0,0,0,0,0,0,0,63,0,0,0,0,0,0,0,0,0,0,0,0,0,0
l5,3=86,81,88,96,83,0,81,92,89,79,88,67,82,82,71,0,76,72,67,64,52,0,0,0,0,0,0,0,0,0,63,1,0,0,0,0,0,0,0,0,0,0,0,0,0
l6,3=76,82,88,88,78,86,0,88,91,89,83,75,79,81,75,0,81,74,71,7,61,0,0,0,0,20,0,0,0,0,0,64,0,0,0,0,0,0,0,0,0,0,0,0,0
l7,3=73,78,87,81,71,81,70,0,91,89,85,80,83,84,81,0,82,58,74,75,51,0,0,72,49,68,70,12,0,0,0,0,0,0,0,0,0,0,0,0,0,0,0,0,0
l8,3=72,78,88,90,71,80,70,90,0,89,86,80,81,84,80,0,80,65,76,74,69,0,75,59,18,56,60,59,0,0,7,0,0,0,0,0,0,0,0,0,0,0,0,38,0
l9,3=73,77,86,84,69,77,70,90,91,0,86,80,83,85,80,0,81,69,74,74,63,20,0,57,55,55,53,49,0,0,48,42,0,0,0,0,0,0,0,0,0,0,0,0,0
l10,3=0,77,80,78,41,77,65,74,83,86,0,75,86,85,88,0,88,61,84,82,79,68,50,62,54,75,71,61,0,0,54,60,0,0,0,0,0,0,0,0,0,0,0,30,0
l11,3=69,78,85,81,70,75,70,91,91,89,85,0,86,85,81,0,84,72,74,70,73,60,59,55,59,61,60,55,0,0,59,61,0,0,0,0,0,0,0,0,0,0,0,45,0
l12,3=68,77,82,82,40,76,70,89,89,89,89,80,0,85,87,0,88,75,74,69,74,35,60,51,64,67,68,68,0,0,0,44,0,0,0,0,0,0,0,0,0,14,0,29,0
l13,3=74,77,84,81,69,78,70,89,91,89,89,80,84,0,80,0,83,74,62,59,73,56,36,71,62,65,0,0,0,0,63,50,0,0,0,0,0,0,0,0,0,0,0,25,0
l14,3=31,0,61,0,37,59,41,76,89,74,89,74,83,78,0,0,89,88,95,84,92,67,58,64,60,69,76,40,0,0,42,66,0,0,0,0,0,0,0,58,41,19,62,65,60
l15,3=40,39,57,48,16,62,69,87,74,85,89,80,84,84,91,0,0,86,85,84,90,80,72,65,69,63,71,48,0,0,60,56,0,0,0,0,0,0,20,0,42,0,56,46,0
l16,3=34,54,51,0,0,48,50,40,47,51,41,54,62,57,94,0,89,0,88,90,93,52,0,3,50,73,65,45,0,0,92,90,0,74,0,0,0,0,46,70,92,34,48,31,42
l17,3=0,47,28,1,41,59,42,65,83,81,89,69,77,31,94,0,88,80,0,85,90,63,61,66,72,51,55,0,0,0,66,58,0,0,0,0,0,0,0,0,59,41,38,53,39
l18,3=0,27,44,0,1,25,0,65,72,63,64,52,50,21,92,0,87,87,95,0,93,83,74,68,83,80,82,82,0,0,80,68,0,28,0,0,0,0,35,0,63,41,4,46,37
l19,3=0,43,0,23,0,34,23,49,57,47,75,57,70,43,94,0,89,92,95,90,0,68,58,50,77,76,59,68,0,0,74,66,37,0,0,0,0,0,29,29,67,0,65,61,39
l20,3=0,0,0,0,0,1,0,0,0,0,59,45,26,40,69,0,82,39,69,82,69,0,98,87,54,82,80,94,0,0,0,0,85,82,0,79,46,73,77,0,0,0,70,66,73
l21,3=0,0,0,0,0,0,0,0,82,0,42,51,51,0,75,0,80,0,81,78,77,91,0,87,81,73,76,93,0,0,0,0,0,0,0,69,4,0,0,0,0,0,63,70,0
l22,3=0,0,0,0,0,0,0,62,32,12,49,16,7,52,60,0,64,0,66,67,50,87,86,0,81,81,83,93,0,0,0,0,66,78,0,72,80,58,73,2,36,37,47,55,59
l23,3=0,9,0,0,0,0,0,15,0,31,15,37,46,45,50,0,61,43,79,90,68,47,78,88,0,84,83,90,0,0,7,0,64,32,0,51,48,24,66,56,43,56,67,64,72
l24,3=0,0,0,0,0,0,5,65,47,42,63,51,48,44,71,0,71,60,51,89,70,89,71,88,83,0,82,85,0,0,0,0,61,27,0,42,31,18,44,63,48,58,64,61,72
l25,3=0,0,1,0,0,0,0,58,55,10,54,41,47,0,81,0,79,57,55,82,55,84,78,89,83,83,0,88,0,0,0,14,63,54,0,57,77,16,67,26,44,46,67,64,72
l26,3=0,0,0,0,0,0,0,15,53,9,51,34,59,0,27,0,45,31,0,81,71,91,94,89,81,82,80,0,0,0,0,0,82,88,0,82,61,0,73,63,11,1,62,56,55
l27,3=32,62,58,54,42,72,21,0,3,35,59,53,12,55,40,0,78,92,84,84,80,0,0,27,46,0,0,0,0,0,0,90,75,87,0,9,72,66,87,86,95,87,47,26,0
l28,3=0,54,0,29,3,52,33,0,0,43,54,44,47,40,84,0,77,92,76,84,78,0,0,0,4,0,50,0,0,0,92,0,74,95,0,57,79,72,93,95,95,96,0,0,0
l29,3=0,0,0,0,0,0,0,0,0,0,0,0,0,0,0,0,0,0,0,0,57,89,1,84,80,79,76,90,0,0,82,82,0,100,0,99,99,100,100,98,90,99,25,0,0
l30,3=0,0,0,0,0,0,0,0,0,0,0,0,0,0,0,0,8,84,0,68,0,84,0,88,73,58,74,91,0,0,85,90,99,0,0,98,99,99,100,98,95,99,65,0,34
l31,3=0,0,0,0,0,0,0,0,0,0,0,0,0,0,0,0,0,0,0,0,0,87,76,87,71,57,71,94,0,0,24,52,99,100,0,0,99,100,100,98,95,99,0,37,0
l32,3=0,0,0,0,0,0,0,0,0,0,0,0,0,0,0,0,0,0,0,2,0,64,12,85,71,58,72,70,0,0,75,77,99,100,0,99,0,100,100,98,94,98,0,0,0
l33,3=0,0,0,0,0,0,0,0,0,0,0,0,0,0,0,0,0,0,0,0,0,71,0,71,69,1,26,0,0,0,67,71,99,100,0,99,99,0,100,98,95,73,0,0,0
l34,3=0,0,0,0,0,0,0,0,0,0,0,0,0,0,0,0,7,63,0,71,49,76,0,87,72,62,70,81,0,0,91,90,99,100,0,99,99,100,0,98,95,99,0,0,21
l35,3=0,0,0,0,0,0,0,0,0,0,0,0,0,0,71,0,0,89,0,0,34,3,0,7,77,80,59,79,0,0,92,90,99,100,0,99,99,100,100,0,95,99,0,29,0
l36,3=0,0,0,0,0,0,0,0,0,0,0,0,5,0,74,0,79,90,83,88,82,0,2,81,72,73,71,45,0,0,92,90,86,100,0,97,95,94,100,98,0,99,52,36,0
l37,3=0,0,0,0,0,0,0,0,0,0,0,0,56,0,66,0,0,65,73,83,0,0,0,85,80,83,73,27,0,0,92,90,99,100,0,99,99,90,100,98,95,0,25,9,0
l38,3=0,0,0,0,0,0,0,0,0,0,0,0,0,0,59,0,48,38,27,4,56,53,33,43,72,55,73,36,0,0,4,0,0,30,0,0,0,0,0,0,6,0,0,78,79
l39,3=0,0,0,0,0,0,0,0,33,0,18,30,7,1,69,0,48,39,53,58,55,46,53,61,78,64,76,46,0,0,22,0,0,0,0,23,0,0,0,3,27,0,76,0,80
l40,3=0,0,0,0,0,0,0,0,0,0,0,0,0,0,58,0,0,12,5,30,23,52,0,59,76,63,75,44,0,0,0,0,0,5,0,0,0,0,5,0,0,0,76,78,0
l41,3=0,0,0,0,0,0,3,0,0,12,2,19,29,46,77,0,66,78,77,80,70,48,4,84,83,82,80,51,0,0,2,26,17,0,0,0,0,0,0,0,2,0,76,75,77
l42,3=0,0,0,0,0,0,0,0,0,0,3,0,0,0,48,0,18,0,33,61,36,45,57,0,80,67,78,43,0,0,0,0,34,6,0,17,7,18,33,0,0,0,75,78,79
l43,3=0,0,0,0,0,0,0,0,0,0,1,0,0,0,20,0,2,4,9,23,11,65,0,55,66,61,74,76,0,0,0,0,7,0,0,0,0,0,10,0,0,0,73,71,77
l44,3=0,0,0,0,0,0,0,0,0,0,0,0,0,0,33,0,0,9,0,51,12,42,52,20,78,72,75,71,0,0,0,0,0,10,0,0,0,0,8,0,0,0,73,75,77

l0,4=0,96,98,96,98,88,94,98,91,96,81,84,87,90,79,0,75,71,37,0,0,0,0,0,0,0,0,0,0,0,76,54,0,0,0,0,0,0,0,0,0,0,0,0,0
l1,4=89,0,97,96,96,87,94,97,92,94,82,84,87,91,26,0,3,22,0,72,29,0,0,0,4,0,0,0,0,0,65,65,0,0,0,0,0,0,0,0,0,0,0,0,0
l2,4=87,96,0,93,96,76,94,97,92,94,79,84,87,90,75,0,71,79,75,71,0,0,0,0,0,0,33,0,0,0,56,65,0,0,0,0,0,0,0,0,0,0,1,0,0
l3,4=88,97,96,0,98,88,94,96,92,92,84,84,87,90,6,0,75,85,0,35,0,0,0,0,0,0,0,0,0,0,70,82,0,0,0,0,0,0,0,0,0,0,0,0,0
l4,4=86,97,98,96,0,80,94,98,92,90,85,84,85,91,81,0,75,86,84,0,0,0,0,0,0,0,0,0,0,0,75,78,0,0,0,0,0,0,0,0,0,0,0,0,0
l5,4=86,97,97,96,97,0,94,98,91,95,87,87,92,91,62,0,73,82,75,52,53,0,0,0,0,0,0,0,0,0,84,60,0,0,0,0,0,0,0,0,58,0,0,0,0
l6,4=84,97,94,93,92,77,0,39,89,94,81,84,87,90,81,0,80,81,84,25,60,0,0,0,0,9,0,0,0,0,55,0,0,0,0,0,0,0,0,0,0,0,0,0,0
l7,4=81,93,95,93,92,75,94,0,92,94,84,84,87,90,84,0,83,0,84,79,63,0,0,59,51,52,63,54,0,0,36,0,0,0,0,0,0,0,0,0,0,0,0,0,0
l8,4=81,94,98,93,72,75,93,98,0,94,60,87,87,90,84,0,83,66,84,78,56,11,0,57,51,34,52,29,0,0,1,24,0,0,0,0,0,0,0,0,0,0,0,25,0
l9,4=84,94,95,80,67,77,94,96,89,0,82,84,88,91,90,0,83,78,85,63,65,14,0,58,57,47,0,38,0,0,49,58,0,0,0,0,0,0,0,0,0,0,0,0,0
l10,4=59,82,83,78,69,70,85,82,72,91,0,73,94,87,88,0,86,77,85,71,67,3,65,61,56,51,64,51,0,0,50,61,0,0,0,0,0,0,0,0,0,0,5,30,0
l11,4=76,94,95,78,74,77,94,96,89,94,75,0,96,92,78,0,85,77,85,73,65,0,22,66,59,52,45,54,0,0,51,71,0,0,0,0,0,0,0,0,0,0,0,23,0
l12,4=71,89,95,83,62,77,93,96,89,93,87,88,0,93,90,0,86,84,72,69,73,0,57,10,65,47,66,59,0,0,0,6,0,0,0,0,0,0,0,0,0,0,4,27,10
l13,4=76,94,87,85,79,69,87,96,89,93,84,84,88,0,90,0,76,85,83,63,69,24,0,64,55,49,59,58,0,0,5,39,0,0,0,0,0,0,0,0,0,0,0,24,0
l14,4=58,40,64,37,55,52,77,80,83,74,78,67,82,83,0,0,85,90,88,76,86,29,5,53,67,62,65,56,0,0,57,61,0,0,0,0,0,0,50,54,44,10,48,47,40
l15,4=60,72,74,72,60,57,81,79,75,75,84,79,88,74,90,0,0,85,84,76,81,61,68,64,65,49,59,58,0,0,57,63,0,34,0,0,0,0,23,0,60,0,8,33,27
l16,4=27,0,76,67,64,63,79,0,63,74,69,69,82,74,93,0,86,0,87,90,90,23,0,0,63,48,68,34,0,0,93,94,0,69,0,0,0,0,66,62,61,47,44,46,37
l17,4=0,0,69,0,60,57,78,76,79,73,78,76,74,71,93,0,86,88,0,81,64,34,66,65,66,48,61,53,0,0,59,67,0,0,0,0,0,0,0,25,61,10,5,44,25
l18,4=0,58,63,21,0,48,10,78,81,62,74,72,74,44,82,0,74,83,78,0,91,68,76,72,80,69,79,77,0,0,67,78,50,61,0,55,0,0,54,42,67,54,50,73,38
l19,4=0,11,0,0,0,54,74,76,61,74,71,69,82,74,93,0,86,90,74,90,0,62,69,71,83,57,63,70,0,0,61,69,49,0,0,0,0,0,61,48,60,40,49,71,46
l20,4=0,0,0,0,0,0,0,48,39,2,45,0,0,23,59,0,72,0,48,81,61,0,95,74,82,77,81,92,0,0,0,0,82,71,0,46,0,53,67,2,15,29,65,73,47
l21,4=0,0,0,0,0,0,0,0,0,0,10,1,51,0,0,0,70,0,19,81,41,93,0,81,80,78,84,90,0,0,0,0,0,0,0,54,0,0,54,0,0,0,43,66,54
l22,4=0,0,0,0,0,0,0,56,49,52,53,51,57,36,65,0,57,6,53,75,58,65,77,0,85,81,88,92,0,0,0,0,61,70,0,52,78,48,57,34,38,33,37,63,0
l23,4=0,1,0,0,0,0,0,10,48,60,67,48,71,35,66,0,68,64,66,86,82,75,67,87,0,83,88,84,0,0,27,0,59,44,0,61,50,39,51,44,0,50,74,82,83
l24,4=0,0,0,0,0,0,48,74,52,63,78,60,64,49,86,0,77,74,81,85,85,84,86,82,85,0,81,88,0,0,11,50,61,60,0,57,48,29,55,43,48,64,74,81,91
l25,4=0,0,1,0,0,0,0,65,45,2,69,53,74,29,72,0,64,67,59,79,43,74,70,87,88,82,0,77,0,0,0,0,72,75,0,51,51,38,55,31,61,50,62,76,66
l26,4=0,0,0,0,0,0,0,57,45,52,36,51,70,31,57,0,29,3,55,78,64,93,86,87,82,75,81,0,0,0,25,47,62,86,0,61,60,31,57,38,56,0,55,42,72
l27,4=73,70,69,65,75,77,72,49,53,68,70,65,9,47,88,0,79,90,86,88,75,0,0,1,60,17,0,16,0,0,0,94,80,76,0,59,64,0,94,100,100,100,34,0,0
l28,4=60,76,68,74,74,30,0,0,53,62,79,80,44,20,79,0,79,90,86,90,77,0,0,0,0,39,6,45,0,0,93,0,65,94,0,91,91,77,96,100,100,100,0,45,0
l29,4=0,0,0,0,0,0,0,0,0,0,0,0,0,0,0,0,0,0,0,22,13,85,0,81,80,73,83,82,0,0,82,78,0,96,0,100,100,100,100,100,95,100,63,0,0
l30,4=0,0,0,0,1,0,0,0,0,0,0,0,0,0,0,0,69,83,0,74,1,82,25,82,78,77,81,89,0,0,82,91,96,0,0,100,100,93,100,100,100,99,72,79,24
l31,4=0,0,0,0,0,0,0,0,0,0,0,0,0,0,0,0,0,0,0,79,0,69,80,86,83,77,81,92,0,0,72,86,96,96,0,0,100,100,100,100,100,100,0,81,0
l32,4=0,0,0,0,0,0,0,0,0,0,0,0,0,0,0,0,0,0,0,0,0,22,0,86,81,71,81,88,0,0,80,93,96,96,0,100,0,100,100,100,100,100,0,0,0
l33,4=0,0,0,0,0,0,0,0,0,0,0,0,0,0,0,0,0,0,0,0,0,86,0,87,81,55,82,74,0,0,0,89,96,96,0,100,100,0,100,100,98,79,0,0,0
l34,4=0,0,0,0,0,0,0,0,0,0,0,0,0,0,1,0,37,83,15,81,69,84,71,81,81,76,81,88,0,0,91,89,96,96,0,100,100,100,0,100,100,100,53,0,65
l35,4=0,0,0,0,0,0,0,0,0,0,0,0,0,0,86,0,0,90,47,84,45,29,0,83,88,82,81,89,0,0,93,94,96,96,0,100,100,100,100,0,100,100,0,4,0
l36,4=0,0,0,0,0,68,0,0,0,0,0,0,0,0,22,0,77,90,82,88,76,7,0,52,26,65,82,85,0,0,93,94,96,96,0,100,100,100,100,100,0,100,0,66,0
l37,4=0,0,0,0,0,0,0,0,0,0,0,0,0,0,88,0,0,90,84,90,86,71,2,86,87,83,88,0,0,0,93,94,96,96,0,100,100,94,100,100,100,0,10,0,53
l38,4=0,0,0,0,0,0,0,0,0,0,23,0,31,0,68,0,54,48,47,45,51,55,21,37,72,55,73,54,0,0,9,0,33,44,0,0,0,0,6,0,0,0,0,81,92
l39,4=0,0,0,0,0,0,0,0,33,0,48,35,51,20,73,0,54,47,71,73,73,66,36,63,81,68,79,35,0,0,0,41,0,39,0,45,0,0,0,0,28,0,77,0,91
l40,4=0,0,0,0,0,0,0,0,0,0,0,0,4,0,70,0,45,49,30,41,52,52,41,0,73,59,63,73,0,0,0,0,0,9,0,0,0,0,28,0,0,0,77,80,0
l41,4=0,0,0,0,0,0,0,0,0,0,17,42,64,51,78,0,59,78,73,78,78,54,42,75,78,66,79,51,0,0,25,45,47,0,0,0,0,0,41,23,0,0,74,76,79
l42,4=0,0,0,0,0,0,0,0,0,0,44,0,0,0,63,0,48,47,57,71,55,65,59,73,82,75,74,73,0,0,0,0,50,0,0,41,27,0,49,0,0,0,77,81,92
l43,4=0,0,0,0,0,0,0,0,0,0,33,0,0,0,30,0,9,38,29,57,50,62,23,69,75,61,78,57,0,0,4,0,57,0,0,39,33,0,45,0,0,0,73,81,91
l44,4=0,0,0,0,0,0,0,0,0,0,0,0,0,0,64,0,52,0,46,68,53,61,41,67,82,72,79,52,0,0,0,0,0,60,0,0,22,0,40,0,0,0,73,79,87

l0,5=0,87,91,92,88,87,78,72,69,88,37,76,79,84,24,0,14,7,0,11,0,0,0,0,0,0,0,0,0,0,23,0,0,0,0,0,0,0,0,0,0,0,0,0,0
l1,5=89,0,90,98,28,87,81,81,77,83,48,75,79,83,0,0,13,23,43,0,0,0,0,0,0,0,0,0,0,0,19,22,0,0,0,0,0,0,0,0,0,0,0,0,0
l2,5=88,89,0,88,85,86,81,82,77,86,51,74,79,84,4,0,18,0,28,25,0,0,0,0,1,0,7,0,0,0,11,23,0,0,0,0,0,0,0,0,0,0,0,0,0
l3,5=92,91,90,0,91,87,81,85,73,83,37,76,68,72,5,0,43,40,35,0,0,0,0,0,0,0,0,0,0,0,27,20,0,0,0,0,0,0,0,0,0,0,0,0,0
l4,5=92,89,90,98,0,87,81,81,70,85,40,76,79,77,4,0,46,27,70,71,0,0,0,0,0,0,0,0,0,0,36,8,0,0,0,0,0,0,0,0,0,0,0,0,0
l5,5=89,89,91,92,88,0,78,81,69,86,55,76,59,81,36,0,3,42,65,35,1,0,0,0,0,0,0,0,0,0,70,43,0,0,0,0,0,0,1,0,5,0,0,0,0
l6,5=89,91,90,75,85,41,0,62,70,88,41,71,79,76,41,0,47,0,80,66,0,0,0,0,0,40,45,0,0,0,13,21,0,0,0,0,0,0,0,0,0,0,0,0,0
l7,5=65,62,91,58,28,75,53,0,77,92,38,80,70,84,45,0,48,3,76,73,0,0,0,3,0,57,57,30,0,0,0,0,0,0,0,0,0,0,0,0,0,0,0,0,0
l8,5=78,91,94,56,74,83,81,86,0,92,41,81,80,87,46,0,48,33,68,71,39,0,45,57,28,53,57,58,0,0,9,0,0,0,0,0,0,0,0,0,0,0,0,0,0
l9,5=65,57,52,47,23,39,53,65,73,0,43,81,69,86,47,0,47,37,76,12,40,35,0,1,21,49,51,56,0,0,12,0,0,0,0,0,0,0,0,0,0,0,0,38,0
l10,5=0,52,41,19,3,12,26,21,28,70,0,75,81,84,70,0,59,22,49,41,76,41,23,24,21,48,56,59,0,0,13,18,0,0,0,0,0,0,0,0,0,1,36,66,0
l11,5=49,56,48,49,22,32,48,81,73,88,40,0,82,86,19,0,49,16,69,32,43,0,0,26,22,38,56,68,0,0,15,20,0,0,0,0,0,0,0,0,0,0,0,0,0
l12,5=49,58,55,7,23,10,54,59,70,78,58,81,0,87,49,0,54,29,72,39,79,13,15,0,31,38,62,63,0,0,13,0,0,0,0,0,0,0,0,0,0,0,29,37,0
l13,5=63,57,52,53,5,36,51,62,43,88,43,81,82,0,47,0,46,71,75,71,76,47,0,35,62,58,51,68,0,0,50,20,0,0,0,0,0,0,0,0,0,0,0,67,0
l14,5=0,10,3,3,0,6,13,26,28,65,53,29,77,81,0,0,59,89,89,84,92,32,33,17,22,44,57,59,0,0,17,20,0,0,0,0,0,0,31,39,32,22,36,75,48
l15,5=1,26,26,14,10,0,16,27,29,64,52,74,77,52,67,0,0,49,83,68,85,60,36,20,23,40,65,58,0,0,14,23,0,0,0,0,0,0,39,0,32,0,36,65,32
l16,5=25,41,0,12,9,25,0,3,9,23,46,46,77,50,63,0,17,0,40,49,58,17,0,22,24,38,70,37,0,0,28,54,0,15,0,0,0,0,44,74,64,38,26,13,0
l17,5=0,27,3,2,6,6,15,29,22,77,48,63,68,58,78,0,56,28,0,71,86,31,18,23,21,60,58,0,0,0,51,17,0,0,0,0,0,0,3,0,31,26,42,74,22
l18,5=0,0,1,0,5,4,13,37,51,3,42,53,52,46,68,0,46,84,57,0,87,62,22,47,69,73,68,70,0,0,18,43,35,23,0,9,10,8,61,47,40,0,50,79,52
l19,5=0,0,0,0,0,0,5,2,26,53,48,60,70,69,75,0,56,84,83,88,0,53,4,29,71,59,62,74,0,0,20,39,0,33,0,0,0,0,61,45,33,27,43,79,60
l20,5=0,0,0,0,0,0,0,0,0,1,13,0,16,20,24,0,36,8,33,57,28,0,66,87,81,76,66,82,0,0,0,0,58,51,0,0,45,40,56,15,14,17,44,52,49
l21,5=0,0,0,0,0,0,0,0,29,0,14,0,21,0,34,0,31,0,27,54,0,77,0,25,64,62,68,80,0,0,0,0,20,0,0,1,0,0,25,0,0,0,62,43,35
l22,5=0,0,0,0,0,0,0,0,50,0,25,44,0,23,31,0,41,49,42,67,60,69,4,0,83,80,82,80,0,0,8,0,0,63,0,38,64,60,21,50,45,5,76,77,31
l23,5=0,0,0,0,0,0,0,0,15,25,28,29,50,32,45,0,36,55,45,75,64,64,25,91,0,80,83,69,0,0,5,0,30,37,0,25,7,8,0,51,18,42,79,78,67
l24,5=0,0,0,0,0,0,6,46,21,33,41,28,41,33,40,0,35,29,60,76,64,64,52,89,83,0,76,72,0,0,0,16,25,47,0,17,7,6,35,29,19,0,76,77,64
l25,5=0,0,0,0,0,0,2,14,21,25,31,32,50,24,43,0,35,53,50,70,40,64,44,91,83,74,0,69,0,0,0,4,56,54,0,14,9,33,36,23,16,28,69,82,57
l26,5=0,0,0,0,0,0,0,4,17,8,19,27,38,29,28,0,19,6,0,68,51,76,57,89,81,76,72,0,0,0,0,2,26,54,0,27,24,3,47,0,24,11,50,46,48
l27,5=65,40,7,25,9,32,13,0,4,20,49,65,44,45,31,0,16,53,50,37,56,0,0,18,23,0,0,0,0,0,0,92,53,39,0,23,17,22,48,81,77,44,2,0,0
l28,5=0,26,54,11,7,32,18,0,0,0,46,53,5,29,20,0,17,89,23,39,59,0,0,0,11,52,41,11,0,0,85,0,54,39,0,23,20,28,47,90,93,43,13,23,0
l29,5=0,0,0,0,0,0,0,0,0,0,0,0,0,0,0,0,0,0,0,48,0,42,8,11,70,51,73,61,0,0,30,46,0,96,0,90,93,95,92,98,72,93,0,7,32
l30,5=0,0,0,0,0,0,0,0,0,0,0,0,0,0,0,0,0,12,0,24,7,47,0,79,23,59,70,69,0,0,48,61,94,0,0,90,93,95,92,98,96,94,38,38,15
l31,5=0,0,0,0,0,0,0,0,0,0,0,0,0,0,0,0,0,9,0,52,0,0,5,73,72,64,57,71,0,0,60,62,94,96,0,0,93,95,92,98,95,94,0,5,0
l32,5=0,0,0,0,0,0,0,0,0,0,0,0,0,0,0,0,0,0,0,33,0,47,0,88,41,45,55,59,0,0,24,33,94,96,0,90,0,95,92,98,94,64,0,0,0
l33,5=0,0,0,0,0,0,0,0,0,0,0,0,0,0,0,0,0,0,0,26,0,50,0,85,61,3,74,0,0,0,30,33,94,96,0,90,93,0,92,81,90,55,0,0,0
l34,5=0,0,0,0,0,1,0,0,0,0,0,0,0,0,15,0,8,40,2,54,53,25,10,27,3,54,60,66,0,0,55,54,94,96,0,90,85,94,0,98,96,94,9,0,0
l35,5=0,0,0,0,0,0,0,0,0,0,0,0,0,0,22,0,0,48,0,41,40,27,0,25,80,57,62,0,0,0,85,92,94,96,0,90,61,81,92,0,96,94,0,0,0
l36,5=0,12,0,0,0,10,0,0,0,0,0,0,0,0,22,0,15,87,23,41,40,23,0,24,24,55,58,72,0,0,85,92,89,96,0,51,40,82,91,98,0,94,0,0,0
l37,5=0,0,0,0,3,5,0,0,0,0,19,0,0,0,25,0,0,67,24,0,71,26,0,18,70,0,71,61,0,0,85,92,94,96,0,90,40,72,92,98,96,0,12,0,0
l38,5=0,0,0,0,0,0,0,0,0,0,6,0,20,0,23,0,14,10,34,42,28,28,17,68,71,53,65,32,0,0,0,0,0,22,0,0,0,0,1,0,0,0,0,76,67
l39,5=0,0,0,0,0,0,0,0,0,3,14,0,19,15,52,0,29,3,58,68,63,61,12,70,68,66,70,48,0,0,0,5,0,20,0,0,0,0,0,0,0,0,79,0,68
l40,5=0,0,0,0,0,0,0,0,0,0,0,0,0,0,32,0,11,0,0,31,24,27,14,13,70,60,50,46,0,0,0,0,10,1,0,0,0,0,0,0,0,0,82,79,0
l41,5=0,0,0,0,0,0,0,0,0,0,11,25,52,3,54,0,26,59,61,71,64,20,19,67,74,66,70,54,0,0,3,0,13,0,0,0,0,0,4,0,17,0,84,81,60
l42,5=0,0,0,0,0,0,0,0,0,0,13,0,0,0,32,0,0,21,32,66,30,58,1,78,73,70,70,67,0,0,0,0,0,10,0,7,17,0,21,0,13,0,83,81,66
l43,5=0,0,0,0,0,0,0,0,0,0,10,0,0,0,6,0,0,0,24,34,33,33,0,68,63,55,65,62,0,0,0,0,18,0,0,9,0,4,23,0,0,0,78,80,68
l44,5=0,0,0,0,0,0,0,0,0,0,0,0,0,0,31,0,17,19,24,55,27,61,18,51,72,70,70,30,0,0,0,0,14,23,0,0,1,0,9,0,2,0,81,77,67

l0,6=0,90,86,92,89,92,86,84,88,82,59,81,74,84,14,0,17,66,0,44,0,0,0,0,0,0,0,0,0,0,75,0,0,0,0,0,0,0,0,0,0,0,0,0,0
l1,6=87,0,92,88,87,94,90,83,89,83,66,75,79,81,0,0,53,27,60,54,0,0,0,0,0,0,0,0,0,0,68,0,0,0,0,0,0,0,0,0,0,0,0,0,0
l2,6=89,95,0,89,88,93,88,86,89,88,67,73,79,82,43,0,47,48,55,60,0,0,0,0,0,25,0,0,0,0,51,30,0,0,0,0,0,0,0,0,0,0,0,0,0
l3,6=91,96,83,0,90,94,89,81,49,80,55,77,62,85,37,0,54,52,45,0,0,0,0,0,0,0,0,0,0,0,28,9,0,0,0,0,0,0,0,0,0,0,0,0,0
l4,6=89,93,80,91,0,94,89,84,80,80,0,81,74,74,33,0,49,0,36,43,0,0,0,0,0,0,0,0,0,0,48,60,0,0,0,0,0,0,0,0,0,0,0,0,0
l5,6=88,92,79,92,90,0,87,85,87,79,74,77,70,82,58,0,54,48,40,18,0,0,0,0,0,3,0,0,0,0,67,53,0,0,0,0,0,0,0,0,0,0,0,0,0
l6,6=87,95,93,88,87,90,0,86,39,86,78,60,79,71,47,0,56,55,56,32,25,0,0,0,22,16,1,0,0,0,0,35,0,0,0,0,0,0,0,0,0,0,0,0,0
l7,6=79,88,93,69,84,91,86,0,90,90,69,84,68,87,56,0,56,61,59,67,21,0,0,0,0,49,43,0,0,0,0,1,0,0,0,0,0,0,0,0,0,0,0,0,0
l8,6=83,90,93,24,78,88,69,87,0,89,67,84,76,84,62,0,55,35,39,68,0,36,38,43,31,48,46,34,0,0,0,0,0,0,0,0,0,0,0,0,0,0,0,0,0
l9,6=79,86,88,78,75,89,90,87,90,0,83,84,81,87,78,0,55,44,71,26,27,0,29,0,34,45,26,20,0,0,40,9,0,0,0,0,0,0,0,0,0,0,24,0,0
l10,6=57,69,67,32,14,75,72,41,44,73,0,76,81,83,78,0,62,53,64,65,36,26,27,32,45,36,36,39,0,0,39,48,0,0,0,0,0,0,0,0,19,0,29,48,0
l11,6=71,70,64,59,80,87,60,84,86,84,81,0,81,83,67,0,59,50,71,70,13,28,4,47,60,31,26,43,0,0,37,0,0,0,0,0,0,0,0,0,0,0,0,27,0
l12,6=71,89,86,26,71,69,84,69,87,86,90,85,0,87,79,0,58,36,71,68,48,0,0,21,59,25,53,35,0,0,24,41,0,0,0,0,0,0,0,0,0,0,29,26,0
l13,6=88,83,69,71,59,79,69,87,89,90,84,85,81,0,77,0,55,66,65,70,25,21,0,44,55,47,25,46,0,0,56,35,0,0,0,0,0,0,0,0,0,0,0,0,0
l14,6=19,0,17,16,30,52,28,36,44,66,83,64,74,77,0,0,59,78,76,74,39,26,29,33,40,25,0,53,0,0,71,36,0,6,0,0,0,0,9,0,30,0,7,53,34
l15,6=10,18,45,31,38,61,50,39,40,60,87,73,68,72,71,0,0,48,70,65,36,33,36,50,39,6,32,55,0,0,46,41,0,0,0,0,0,0,2,7,33,1,10,48,15
l16,6=33,2,27,20,4,62,32,4,6,50,66,55,33,63,79,0,56,0,65,69,39,7,0,54,42,6,34,38,0,0,84,88,1,0,0,5,8,0,14,23,78,16,23,29,36
l17,6=0,29,44,7,19,46,26,25,18,60,66,71,60,72,85,0,55,73,0,69,55,32,29,53,39,48,33,58,0,0,73,58,0,1,0,0,0,0,0,0,41,0,41,53,33
l18,6=18,19,18,0,32,13,5,46,26,0,43,47,41,46,67,0,44,69,51,0,62,52,35,59,63,51,59,65,0,0,13,38,25,26,0,11,31,6,13,32,39,0,48,57,50
l19,6=7,0,0,0,0,23,28,21,0,49,71,44,47,43,73,0,58,78,70,77,0,32,37,37,69,57,0,66,0,0,52,62,0,27,0,0,0,0,17,36,40,23,0,59,0
l20,6=0,0,0,0,0,0,4,0,15,0,24,25,0,10,20,0,40,13,36,62,17,0,73,75,63,51,61,86,0,0,0,0,47,21,0,30,39,19,38,20,11,22,53,21,36
l21,6=0,0,0,0,0,0,0,0,21,24,21,21,0,0,45,0,39,0,20,60,22,75,0,57,55,43,57,84,0,0,0,0,24,2,0,0,0,0,13,1,0,0,34,39,43
l22,6=0,0,0,0,0,0,0,0,15,0,21,26,11,17,22,0,30,25,35,60,11,72,31,0,72,58,72,84,0,0,0,0,0,55,0,32,48,34,23,19,27,28,53,35,33
l23,6=0,0,0,0,0,0,0,0,10,20,36,40,37,24,47,0,38,52,42,63,49,66,35,77,0,61,73,75,0,0,21,18,25,21,0,36,24,11,20,22,33,28,57,63,59
l24,6=0,0,12,0,0,20,7,45,37,23,49,29,19,23,33,0,17,15,53,69,50,63,42,78,72,0,73,82,0,0,12,17,8,33,0,27,23,0,8,3,11,15,57,64,61
l25,6=0,0,0,0,0,0,0,19,20,18,49,25,42,15,0,0,38,53,46,64,0,59,29,78,72,63,0,70,0,0,0,0,42,32,0,30,32,31,18,19,20,29,56,65,30
l26,6=0,0,0,0,0,0,0,0,11,16,13,20,11,15,20,0,33,20,35,66,38,75,57,77,63,51,63,0,0,0,0,0,49,49,0,31,34,23,42,27,17,20,60,34,9
l27,6=32,39,5,1,69,65,2,0,0,38,60,41,1,55,65,0,32,64,68,6,39,0,0,0,28,6,0,0,0,0,0,73,10,32,0,37,58,9,29,57,87,48,3,9,0
l28,6=1,1,28,3,67,67,24,0,1,0,67,17,32,38,35,0,50,85,60,62,52,0,0,2,35,21,0,0,0,0,91,0,38,37,0,36,61,41,29,56,84,57,27,0,0
l29,6=0,0,0,0,0,0,0,0,0,0,0,0,0,0,0,0,0,6,0,57,0,56,21,0,48,23,57,67,0,0,40,49,0,76,0,80,79,89,62,95,66,67,0,0,0
l30,6=0,0,0,0,0,12,0,0,0,0,0,0,0,0,20,0,3,0,1,52,16,35,0,61,49,40,56,68,0,0,55,58,78,0,0,80,78,83,62,72,88,82,9,21,45
l31,6=0,0,0,0,0,0,0,0,0,0,0,0,0,0,0,0,0,29,0,44,0,51,0,62,57,41,56,67,0,0,50,43,78,76,0,0,79,93,62,88,79,85,0,0,0
l32,6=0,0,0,0,0,0,0,0,0,0,0,0,0,0,0,0,0,0,0,45,0,41,0,66,46,33,50,66,0,0,47,45,78,74,0,80,0,88,58,82,68,43,7,0,0
l33,6=0,0,0,0,0,0,0,0,0,0,0,0,0,0,0,0,0,0,0,12,0,26,0,59,13,0,51,38,0,0,20,43,75,72,0,78,75,0,58,65,73,79,0,0,0
l34,6=0,0,0,0,0,0,0,0,0,0,0,0,0,0,22,0,17,35,0,56,27,57,30,61,55,23,36,73,0,0,55,54,78,76,0,78,73,76,0,95,90,89,33,36,0
l35,6=0,0,0,0,0,0,0,0,0,0,0,0,0,0,0,0,14,22,0,62,41,36,1,56,43,1,38,41,0,0,85,80,78,75,0,71,77,45,62,0,90,89,19,0,0
l36,6=0,0,0,0,0,0,0,0,0,0,14,0,0,0,20,0,24,61,25,58,21,31,0,58,45,16,19,28,0,0,94,87,75,76,0,78,78,56,62,95,0,89,0,6,0
l37,6=0,0,0,0,0,0,0,0,0,0,9,0,0,0,0,0,0,45,22,0,24,40,0,59,58,36,37,42,0,0,90,85,77,76,0,71,70,82,62,95,90,0,0,4,0
l38,6=0,0,0,0,0,0,0,0,0,0,1,0,2,0,0,0,0,19,8,46,0,24,10,33,54,31,46,59,0,0,0,2,0,0,0,0,0,0,1,0,0,0,0,69,69
l39,6=0,0,0,0,0,0,0,0,0,0,21,5,3,0,42,0,32,29,37,53,37,13,11,23,63,38,64,26,0,0,5,0,0,0,0,0,0,0,1,0,0,0,65,0,75
l40,6=0,0,0,0,0,0,0,0,0,0,0,0,0,0,27,0,1,9,8,46,0,21,12,16,37,44,14,2,0,0,0,0,0,0,0,0,0,0,0,0,0,0,58,65,0
l41,6=0,0,0,0,0,0,0,0,0,0,0,4,42,10,57,0,31,17,51,65,49,39,12,44,64,48,64,43,0,0,17,28,4,0,0,0,0,0,1,0,12,13,60,69,65
l42,6=0,0,0,0,0,0,0,0,0,0,1,0,0,0,24,0,0,22,21,57,9,22,0,52,54,49,62,73,0,0,0,0,6,0,0,1,4,6,5,0,8,0,65,65,54
l43,6=0,0,0,0,0,0,0,0,0,0,2,0,0,0,11,0,0,0,2,26,14,24,0,35,29,47,59,63,0,0,0,0,15,13,0,11,0,0,7,0,0,0,60,61,72
l44,6=0,0,0,0,0,0,0,0,0,0,0,0,5,0,3,0,20,24,12,25,2,25,18,29,66,48,60,58,0,0,0,0,0,0,0,0,0,0,0,0,0,1,61,69,70

l0,7=0,95,48,92,97,89,92,83,81,79,7,88,85,81,17,0,65,59,0,24,0,0,0,0,0,0,0,0,0,0,78,24,0,0,0,0,0,0,0,0,0,0,0,0,0
l1,7=96,0,77,92,97,89,92,31,85,89,76,87,86,81,9,0,75,0,62,28,0,0,0,0,0,0,0,0,0,0,81,10,0,0,0,0,0,0,0,0,0,0,0,0,0
l2,7=95,56,0,90,96,88,90,87,85,88,77,88,80,81,46,0,40,58,64,29,0,0,0,0,0,1,0,0,0,0,80,5,0,0,0,0,0,0,0,0,0,0,0,0,0
l3,7=97,95,84,0,97,89,90,65,76,87,71,66,25,81,9,0,60,8,56,0,0,0,0,0,0,0,0,0,0,0,84,24,0,0,0,0,0,0,0,0,0,0,0,0,0
l4,7=94,90,81,92,0,89,91,87,81,82,55,91,60,79,0,0,21,0,0,14,0,0,0,0,0,0,0,0,0,0,77,0,0,0,0,0,0,0,0,0,0,0,0,0,0
l5,7=96,95,80,92,97,0,92,84,81,84,85,89,84,80,43,0,37,47,58,17,15,0,0,0,0,0,0,0,0,0,82,12,0,0,0,0,0,0,0,0,0,0,0,0,0
l6,7=96,94,85,90,96,89,0,89,84,91,84,87,45,67,49,0,16,66,59,22,2,0,0,0,0,6,0,0,0,0,72,12,0,0,0,0,0,0,0,0,0,0,0,0,0
l7,7=37,78,87,76,77,87,92,0,87,92,80,91,75,83,69,0,68,64,0,53,60,0,2,0,50,48,27,39,0,0,0,0,0,0,0,0,0,0,0,0,0,0,0,0,0
l8,7=85,89,84,77,88,85,87,90,0,87,76,90,83,80,63,0,64,10,48,50,4,40,43,41,35,19,45,23,0,0,0,2,0,0,0,0,0,0,0,0,0,0,0,0,0
l9,7=64,93,80,79,90,85,92,89,87,0,80,91,86,83,69,0,70,0,65,32,42,12,0,29,0,16,16,0,0,0,25,12,0,0,0,0,0,0,0,0,0,0,0,35,0
l10,7=10,27,26,18,38,77,85,82,75,74,0,51,84,80,74,0,78,60,70,33,34,10,28,49,36,20,18,0,0,0,39,7,0,0,0,0,0,0,0,0,19,0,6,8,0
l11,7=87,67,83,35,89,85,86,87,83,86,87,0,86,81,72,0,76,19,70,55,0,7,0,44,37,5,17,38,0,0,1,1,0,0,0,0,0,0,0,0,0,0,0,38,0
l12,7=87,89,66,17,82,77,43,74,82,86,87,91,0,83,73,0,78,17,70,33,3,6,29,34,43,24,19,11,0,0,42,5,0,0,0,0,0,0,0,0,18,0,2,9,0
l13,7=92,80,81,84,88,84,60,86,81,87,87,91,86,0,72,0,0,27,68,54,57,5,39,45,48,42,0,4,0,0,45,40,0,0,0,0,0,0,0,0,0,0,0,10,0
l14,7=7,0,15,0,6,4,13,60,36,33,86,32,48,40,0,0,81,79,75,62,4,14,1,43,30,18,18,26,0,0,81,7,0,0,0,0,0,0,10,15,0,0,10,37,10
l15,7=21,34,16,13,2,11,11,70,68,35,87,31,52,0,76,0,0,57,71,34,34,12,23,39,30,16,17,25,0,0,27,9,0,6,0,0,0,0,0,2,21,0,3,35,0
l16,7=26,0,12,0,0,4,45,56,27,0,37,17,15,20,66,0,42,0,72,45,63,4,0,14,40,19,17,5,0,0,96,89,0,7,0,0,1,0,12,23,87,47,25,38,4
l17,7=0,22,19,13,0,7,12,0,42,21,87,53,50,49,78,0,78,76,0,47,41,13,20,48,30,23,19,29,0,0,83,9,0,0,0,0,0,0,5,12,21,16,7,40,2
l18,7=4,26,11,0,14,6,17,41,36,14,49,31,18,30,75,0,60,61,42,0,75,53,39,20,62,48,53,57,0,0,57,31,10,2,0,0,5,0,20,25,53,28,25,65,14
l19,7=0,0,0,0,0,10,8,41,34,57,72,0,16,24,66,0,78,77,70,60,0,14,28,54,72,38,18,51,0,0,64,17,0,9,0,0,0,6,15,33,48,3,25,36,14
l20,7=0,0,0,0,0,0,0,14,30,11,6,7,2,3,42,0,54,15,24,52,13,0,70,74,58,59,45,67,0,0,0,0,50,33,0,12,35,0,59,9,0,0,46,68,64
l21,7=0,0,0,0,0,0,0,18,47,0,28,0,29,24,3,0,64,0,20,49,37,68,0,67,54,55,38,64,0,0,0,0,21,0,0,0,10,0,21,7,0,0,27,63,45
l22,7=0,0,0,0,0,0,0,0,28,0,37,27,8,16,26,0,48,17,44,19,62,54,53,0,70,61,59,66,0,0,0,0,43,65,0,33,62,25,59,13,35,39,55,69,26
l23,7=0,0,0,0,0,0,0,15,15,0,22,19,38,11,37,0,62,39,41,49,65,49,57,79,0,66,61,65,0,0,0,4,18,29,0,46,6,0,27,0,49,19,56,69,63
l24,7=0,0,1,0,0,3,5,44,17,17,40,8,52,13,49,0,39,39,48,55,65,59,45,78,72,0,61,66,0,0,17,1,3,18,0,28,7,0,0,18,31,18,59,66,58
l25,7=0,0,0,0,0,0,0,15,22,15,35,27,43,0,46,0,57,33,41,50,28,36,15,79,72,66,0,54,0,0,4,8,32,46,0,27,31,21,28,16,30,17,56,77,57
l26,7=0,0,0,0,0,0,0,16,16,0,0,23,5,4,23,0,25,10,32,52,33,63,64,78,63,59,52,0,0,0,9,0,48,55,0,23,59,19,60,22,23,15,56,37,29
l27,7=29,28,25,18,31,32,69,0,0,0,34,0,22,31,53,0,20,72,71,39,36,0,0,1,0,16,0,34,0,0,0,88,3,46,0,28,40,14,37,60,90,71,0,0,0
l28,7=30,21,5,15,0,10,4,24,13,21,39,23,20,26,27,0,26,79,70,34,31,0,0,4,17,6,7,0,0,0,98,0,20,45,0,39,43,12,29,60,61,66,0,0,0
l29,7=0,0,0,0,0,0,0,0,0,0,0,0,0,0,0,0,0,0,0,45,0,45,14,43,45,13,33,57,0,0,52,57,0,77,0,81,79,82,89,85,83,79,21,29,0
l30,7=0,0,0,0,0,0,0,0,0,0,0,0,0,0,0,0,7,35,0,7,21,17,0,63,30,17,30,57,0,0,60,48,79,0,0,75,74,82,83,68,93,82,0,0,10
l31,7=0,0,0,0,0,0,0,0,0,0,0,0,0,0,0,0,0,11,0,1,0,23,0,67,62,52,51,58,0,0,52,43,79,77,0,0,79,90,89,66,91,75,0,0,0
l32,7=0,0,0,0,0,0,0,0,0,0,0,0,0,0,0,0,0,13,0,19,0,45,1,63,34,19,24,57,0,0,55,57,79,71,0,81,0,90,78,74,74,45,0,43,0
l33,7=0,0,0,0,0,0,0,0,0,0,0,0,0,0,0,0,0,0,0,0,0,0,0,36,0,0,25,53,0,0,12,14,77,73,0,81,78,0,80,60,83,76,21,0,0
l34,7=0,0,0,0,0,0,0,0,0,0,0,0,0,0,8,0,0,43,2,52,39,53,14,72,37,0,46,63,0,0,76,60,79,77,0,81,73,82,0,85,93,91,25,21,0
l35,7=0,0,0,0,0,0,0,0,0,0,0,0,0,0,17,0,26,43,35,50,39,15,10,22,0,31,20,57,0,0,83,79,79,70,0,56,73,62,89,0,93,91,26,0,0
l36,7=0,0,0,0,4,7,0,0,0,0,0,0,13,0,0,0,28,78,7,35,28,0,0,22,26,21,22,55,0,0,98,82,63,77,0,52,45,55,89,85,0,91,18,0,0
l37,7=0,0,0,0,0,0,0,0,0,0,0,0,0,0,0,0,0,53,37,28,20,0,0,23,22,27,20,54,0,0,90,74,76,76,0,43,42,50,89,85,93,0,2,2,0
l38,7=0,0,0,0,0,0,0,0,0,0,2,0,0,0,6,0,9,7,4,21,3,11,9,54,54,54,44,53,0,0,1,0,0,0,0,0,0,0,6,2,0,0,0,76,73
l39,7=0,0,0,0,0,0,0,0,0,4,5,14,0,0,17,0,29,12,20,40,6,39,14,50,59,37,60,19,0,0,3,0,2,0,0,0,3,0,5,0,0,0,63,0,68
l40,7=0,0,0,0,0,0,0,0,0,0,0,0,0,0,3,0,0,1,0,11,0,30,10,24,47,42,36,33,0,0,0,0,0,0,0,0,0,0,0,0,0,0,59,69,0
l41,7=0,0,0,0,0,0,0,0,16,0,14,0,33,1,53,0,49,8,42,40,62,40,1,23,71,54,56,48,0,0,0,25,4,0,0,0,4,0,6,0,0,6,58,78,65
l42,7=0,0,0,0,0,0,0,0,0,0,0,0,0,0,16,0,22,8,0,33,2,41,10,22,50,61,58,58,0,0,0,0,8,3,0,0,0,0,0,0,0,0,59,74,59
l43,7=0,0,0,0,0,0,0,0,0,0,1,0,0,0,0,0,0,3,7,13,2,24,5,25,54,53,55,26,0,0,0,0,11,0,0,2,0,0,13,1,5,0,57,69,66
l44,7=0,0,0,0,0,0,0,0,0,0,0,0,6,0,14,0,18,7,8,12,2,20,22,62,60,58,47,56,0,0,0,0,0,1,0,0,0,0,7,0,0,0,58,76,67

l0,8=0,98,98,99,100,98,100,76,89,94,49,92,91,90,53,0,88,37,40,0,0,0,0,0,0,0,0,0,0,0,78,0,0,0,0,0,0,0,0,0,0,0,0,0,0
l1,8=97,0,98,99,100,99,100,97,96,98,87,92,95,79,57,0,69,40,85,77,0,0,0,0,0,0,0,0,0,0,88,0,0,0,0,0,0,0,0,0,19,0,0,0,0
l2,8=97,99,0,99,100,96,100,91,95,97,88,98,93,96,74,0,75,52,91,75,48,0,0,0,53,0,0,0,0,0,90,0,0,0,0,0,0,0,0,0,0,0,0,0,0
l3,8=99,100,99,0,100,98,100,49,89,94,94,82,91,89,46,0,66,30,82,0,0,0,0,0,0,0,0,0,0,0,94,66,0,0,0,0,0,0,0,0,0,0,0,0,0
l4,8=96,98,98,99,0,98,100,78,89,94,71,91,91,86,24,0,22,4,0,81,0,0,0,0,0,0,0,0,0,0,84,28,0,0,0,0,0,0,0,0,0,0,0,0,0
l5,8=98,100,97,99,100,0,100,95,93,59,93,98,91,94,63,0,86,46,0,86,65,0,0,0,0,0,0,0,0,0,94,69,0,0,0,0,0,0,0,0,0,0,0,0,0
l6,8=97,99,98,99,100,98,0,97,95,98,98,98,95,96,85,0,86,48,90,3,89,0,0,0,0,51,0,0,0,0,92,0,0,0,0,0,0,0,0,0,0,0,0,0,0
l7,8=99,100,98,96,97,97,100,0,96,99,98,99,95,97,82,0,95,86,86,90,87,50,0,58,84,83,69,0,0,0,0,0,0,0,0,0,0,0,0,0,0,0,0,0,0
l8,8=91,99,98,96,97,97,100,97,0,98,93,99,95,94,81,0,89,38,86,90,87,76,0,74,78,0,39,84,0,0,20,0,0,0,0,0,0,0,0,0,0,0,0,31,0
l9,8=91,99,98,96,100,90,100,99,96,0,98,99,97,97,90,0,95,41,5,90,93,45,0,68,67,47,46,0,0,0,0,67,0,0,0,0,0,0,0,0,0,0,0,70,0
l10,8=0,94,86,94,89,91,96,66,90,65,0,96,97,96,99,0,97,6,95,89,75,51,18,88,83,44,47,0,0,0,78,85,0,0,0,0,0,0,0,0,0,0,15,62,0
l11,8=93,95,92,94,97,92,96,99,97,98,93,0,97,97,94,0,91,0,95,89,11,40,0,53,82,39,40,61,0,0,54,0,0,0,0,0,0,0,0,0,0,0,16,17,0
l12,8=93,96,88,95,96,91,96,94,97,100,99,99,0,97,95,0,97,55,95,90,76,35,41,22,86,47,47,59,0,0,78,53,0,0,0,0,0,0,0,0,0,0,37,0,21
l13,8=91,91,99,96,97,91,96,99,93,100,99,99,97,0,93,0,89,56,92,90,73,72,37,81,83,52,0,63,0,0,80,71,0,0,0,0,0,0,0,0,36,0,0,0,0
l14,8=10,38,47,30,43,44,94,63,24,62,99,94,97,87,0,0,86,60,98,100,81,54,15,89,87,51,50,51,0,0,95,88,0,0,0,0,0,0,14,1,14,0,27,70,34
l15,8=57,50,56,49,62,96,60,68,55,94,99,98,97,90,98,0,0,58,98,97,76,53,0,57,90,50,48,64,0,0,81,96,0,0,0,0,0,0,0,27,49,0,29,64,22
l16,8=43,49,35,0,35,84,57,46,13,1,0,0,80,71,99,0,85,0,98,100,99,0,0,0,89,56,46,1,0,0,100,100,0,16,0,3,44,10,31,60,72,61,46,37,27
l17,8=9,52,60,64,9,7,60,27,32,0,99,99,97,88,99,0,86,60,0,97,99,50,25,55,86,51,48,64,0,0,95,84,0,0,0,0,0,0,0,33,22,6,32,56,16
l18,8=0,42,0,0,43,66,2,60,47,46,64,72,80,69,99,0,83,97,90,0,97,92,50,94,94,92,86,92,0,0,92,85,28,9,0,0,0,0,50,32,35,48,45,83,72
l19,8=0,35,33,0,7,66,76,61,48,58,85,44,84,72,99,0,96,98,98,100,0,49,0,94,93,77,82,64,0,0,94,50,0,29,0,0,0,0,44,48,65,48,45,86,56
l20,8=0,0,0,0,0,0,0,3,52,19,56,22,28,64,74,0,69,4,65,95,66,0,90,92,88,90,72,92,0,0,0,0,55,62,0,0,60,0,79,50,19,21,59,75,63
l21,8=0,0,0,0,0,0,0,0,0,0,46,14,55,61,60,0,0,0,58,82,0,94,0,89,91,67,0,92,0,0,0,0,43,47,0,0,56,0,64,22,0,0,45,74,43
l22,8=0,0,0,0,0,0,0,22,17,16,52,41,21,51,68,0,44,0,40,88,75,90,69,0,94,87,87,92,0,0,0,16,31,82,0,48,24,43,84,40,6,52,35,84,48
l23,8=0,0,1,0,0,0,0,36,15,6,42,62,46,50,75,0,61,59,61,92,80,86,66,95,0,93,87,91,0,0,31,0,54,37,0,25,33,0,73,36,54,32,53,86,81
l24,8=0,0,0,0,0,0,21,67,0,37,48,31,53,51,81,0,60,62,76,92,68,89,65,88,94,0,87,89,0,0,28,21,26,23,0,16,34,47,55,29,54,33,78,73,59
l25,8=0,0,0,0,0,0,0,58,20,40,57,60,55,0,71,0,60,59,58,88,66,68,0,95,94,93,0,25,0,0,13,0,43,62,0,27,48,54,71,19,27,26,69,86,60
l26,8=0,0,0,0,0,0,0,9,22,0,0,45,26,33,32,0,53,10,59,93,51,92,73,95,88,86,21,0,0,0,15,0,34,56,0,15,74,29,78,27,11,21,74,74,34
l27,8=46,90,26,55,77,86,71,0,0,0,47,52,4,51,96,0,17,97,98,100,77,0,0,0,79,20,3,16,0,0,0,100,0,58,0,35,71,75,56,62,72,64,1,25,0
l28,8=0,0,7,30,68,89,0,0,0,18,99,0,62,37,99,0,80,98,98,100,39,0,0,59,3,26,0,0,0,0,100,0,57,57,0,27,74,24,50,62,100,59,10,32,0
l29,8=0,0,0,0,0,0,0,0,0,0,0,0,0,0,0,0,0,0,0,86,0,87,30,83,89,69,80,90,0,0,0,88,0,100,0,99,100,100,100,100,100,100,34,34,0
l30,8=0,0,0,0,0,0,0,0,0,0,0,0,0,0,0,0,0,39,0,64,51,39,29,94,90,41,86,91,0,0,97,93,100,0,0,98,99,99,99,100,100,99,0,1,0
l31,8=0,0,0,0,0,0,0,0,0,0,0,0,0,0,0,0,0,7,0,37,0,0,0,90,85,47,71,48,0,0,88,72,100,100,0,0,100,100,100,92,100,100,0,0,0
l32,8=0,0,0,0,0,0,0,0,0,0,0,0,0,0,0,0,0,45,0,0,0,47,32,74,82,80,77,92,0,0,87,90,100,100,0,99,0,100,100,88,95,98,0,42,0
l33,8=0,0,0,0,0,0,0,0,0,0,0,0,0,0,0,0,0,17,0,0,0,0,0,77,0,86,81,82,0,0,85,21,100,100,0,99,100,0,100,100,86,40,1,0,0
l34,8=0,0,0,0,0,0,0,0,0,0,0,0,0,0,64,0,2,49,0,100,62,58,39,95,94,55,64,92,0,0,99,90,100,100,0,99,100,100,0,100,100,100,10,53,0
l35,8=0,0,0,0,0,0,0,0,0,0,0,0,0,0,8,0,63,91,83,93,65,39,2,86,89,52,41,63,0,0,100,100,100,100,0,59,70,100,100,0,100,100,0,0,0
l36,8=0,0,0,0,0,0,0,0,0,0,0,0,0,36,7,0,75,98,92,97,73,15,0,53,94,89,49,69,0,0,100,100,83,100,0,60,75,64,100,100,0,100,9,0,0
l37,8=0,0,0,0,0,0,0,0,0,0,0,0,0,0,4,0,0,59,67,100,67,23,0,93,89,53,49,62,0,0,100,99,83,100,0,60,75,57,100,100,100,0,0,30,0
l38,8=0,0,0,0,0,0,0,0,0,0,2,3,14,0,17,0,6,42,23,63,25,53,28,40,45,64,62,61,0,0,0,0,8,0,0,0,0,0,1,0,0,0,0,86,81
l39,8=0,0,0,0,0,0,0,0,2,6,23,3,0,0,31,0,35,9,49,56,57,34,13,63,90,20,86,56,0,0,7,12,4,0,0,0,3,0,5,0,0,1,80,0,76
l40,8=0,0,0,0,0,0,0,0,0,0,0,0,7,0,30,0,18,17,15,59,20,57,17,42,84,37,53,48,0,0,0,0,0,0,0,0,0,0,0,0,0,0,79,85,0
l41,8=0,0,0,0,0,17,2,6,12,11,13,12,41,20,81,0,53,50,74,66,75,82,36,80,91,91,86,70,0,0,25,50,0,0,0,4,4,0,4,8,0,13,79,86,81
l42,8=0,0,0,0,0,0,0,0,0,0,0,0,0,0,39,0,19,17,9,71,48,63,9,57,62,91,86,83,0,0,0,0,0,21,0,0,0,12,26,0,0,0,77,88,18
l43,8=0,0,0,0,0,0,0,0,0,0,0,0,0,0,2,0,0,21,22,54,46,61,0,44,55,49,80,55,0,0,0,0,23,19,0,1,8,0,11,8,0,0,74,84,70
l44,8=0,0,0,0,0,0,0,0,0,0,0,0,0,1,57,0,14,15,38,73,24,17,52,65,72,62,57,57,0,0,0,0,0,11,0,0,0,0,0,0,0,0,54,84,60

l0,9=0,100,100,100,100,99,100,96,98,98,81,98,99,82,34,0,67,0,2,22,0,0,0,0,0,0,0,0,0,0,46,74,0,0,0,0,0,0,0,0,0,0,0,0,0
l1,9=99,0,100,100,98,99,100,99,98,98,97,98,95,92,0,0,73,89,49,77,66,0,0,0,0,58,0,0,0,0,1,68,0,0,0,0,0,0,0,0,0,0,0,0,0
l2,9=96,97,0,98,97,99,99,99,98,97,86,96,98,92,53,0,56,52,91,88,0,0,0,0,32,0,0,0,0,0,26,81,0,0,0,0,0,0,0,0,0,0,0,0,0
l3,9=99,100,100,0,100,100,100,96,97,98,84,86,99,96,8,0,56,54,77,72,0,0,0,0,0,0,0,0,0,0,62,78,0,0,0,0,0,0,0,0,0,0,0,0,0
l4,9=99,100,100,100,0,100,100,99,98,98,97,98,99,54,35,0,74,71,0,89,0,0,0,0,0,0,0,0,0,0,67,90,0,0,0,0,0,0,0,0,0,0,0,0,0
l5,9=99,100,100,100,100,0,100,99,98,98,98,98,99,95,0,0,74,76,0,60,54,0,0,0,0,22,0,0,0,0,53,82,0,0,0,0,0,0,0,0,6,0,0,0,0
l6,9=99,100,100,100,98,100,0,100,98,98,99,98,99,94,59,0,74,86,95,0,93,0,0,0,0,0,0,0,0,0,44,90,0,0,0,0,0,0,0,0,0,0,0,0,0
l7,9=99,100,100,100,98,99,100,0,98,100,99,99,99,98,59,0,98,90,43,98,95,92,0,0,95,84,61,58,0,0,36,0,0,0,0,0,0,0,0,0,0,0,0,29,0
l8,9=99,100,100,97,97,99,100,100,0,96,98,98,99,94,92,0,96,88,95,98,92,95,0,84,94,78,79,99,0,0,38,0,0,0,0,0,0,0,0,0,0,0,0,32,0
l9,9=99,100,100,99,98,99,100,100,97,0,99,99,100,99,94,0,98,88,93,98,96,71,0,30,92,74,77,41,0,0,36,0,0,0,0,0,0,0,0,0,0,0,0,0,0
l10,9=97,99,65,54,35,38,100,100,98,100,0,99,100,83,94,0,97,56,100,94,95,36,22,45,91,80,49,0,0,0,37,88,0,0,0,0,0,0,0,0,15,13,73,70,78
l11,9=99,100,100,29,97,100,100,99,98,100,99,0,100,99,93,0,98,85,100,98,87,0,0,39,94,65,46,61,0,0,0,10,0,0,0,0,0,0,0,0,0,0,8,38,31
l12,9=99,94,95,54,37,38,100,100,98,100,100,99,0,99,67,0,98,96,100,99,60,34,33,0,80,69,47,30,0,0,31,20,0,0,0,0,0,0,0,0,0,0,39,36,0
l13,9=99,100,100,100,68,100,100,99,98,100,99,99,100,0,93,0,98,74,99,94,95,59,0,42,96,81,45,29,0,0,26,85,0,0,0,0,0,0,0,0,35,0,0,0,0
l14,9=36,0,17,10,14,2,60,51,84,99,100,98,100,35,0,0,76,65,100,99,100,33,12,45,96,87,48,37,0,0,39,91,0,0,0,0,0,0,0,0,50,39,52,43,79
l15,9=51,69,45,25,36,36,62,100,97,100,100,99,100,60,94,0,0,66,100,100,95,34,32,45,96,88,47,36,0,0,35,90,0,0,0,0,0,0,36,15,44,49,48,43,57
l16,9=1,96,29,15,35,37,61,89,86,99,97,96,100,30,61,0,61,0,62,99,100,0,0,46,96,89,49,0,0,0,99,91,45,25,0,0,37,0,97,56,59,75,64,68,0
l17,9=13,26,36,16,0,0,39,10,70,97,100,99,100,35,94,0,82,61,0,100,100,29,31,42,96,88,49,37,0,0,39,58,0,0,0,0,0,0,0,41,0,36,33,47,57
l18,9=2,11,29,10,31,22,0,97,95,98,96,96,98,35,94,0,97,97,99,0,99,42,35,94,96,87,94,98,0,0,41,90,43,26,0,32,17,29,98,55,58,75,72,74,95
l19,9=0,26,0,0,0,36,61,84,94,99,97,59,98,35,94,0,60,99,100,100,0,37,0,64,95,89,66,38,0,0,41,90,0,0,0,0,0,0,96,54,58,74,78,74,95
l20,9=0,0,0,0,0,0,0,83,78,78,77,0,87,84,76,0,80,1,80,99,72,0,99,94,95,89,94,98,0,0,0,0,80,80,0,0,73,16,91,75,36,36,59,81,69
l21,9=0,0,0,0,0,0,0,19,0,0,74,1,98,9,89,0,96,0,97,99,0,100,0,94,95,89,94,98,0,0,0,0,0,64,0,0,83,0,94,35,0,0,78,90,82
l22,9=0,0,0,0,0,0,0,0,76,15,80,72,0,82,72,0,77,80,80,99,92,99,83,0,96,89,94,99,0,0,0,0,77,88,0,82,73,0,95,51,69,77,56,90,77
l23,9=0,0,0,0,0,0,0,79,64,70,74,81,50,56,91,0,96,89,96,99,91,98,93,94,0,89,96,98,0,0,24,37,90,48,0,84,36,37,90,43,46,64,80,90,95
l24,9=0,52,0,0,0,38,0,89,76,71,82,71,77,81,86,0,88,96,98,94,97,98,97,94,96,0,96,98,0,0,0,0,84,83,0,43,78,57,80,67,75,83,80,88,86
l25,9=0,0,0,0,0,0,0,53,73,74,90,76,89,46,82,0,53,52,91,98,82,95,28,94,96,89,0,98,0,0,0,1,91,89,0,42,90,69,91,34,44,25,80,91,95
l26,9=0,0,0,0,0,0,0,59,79,70,0,80,77,25,87,0,83,0,91,99,90,98,98,94,95,89,94,0,0,0,0,0,76,96,0,76,96,56,98,41,42,84,80,90,94
l27,9=4,2,61,7,36,18,5,26,2,85,30,0,29,30,50,0,50,99,62,67,63,0,0,0,94,0,0,0,0,0,0,91,12,32,0,38,51,95,99,58,59,78,0,69,50
l28,9=1,13,55,50,36,33,33,0,0,0,40,18,67,34,50,0,57,98,54,38,38,0,0,0,85,0,8,0,0,0,99,0,35,0,0,0,51,38,100,38,65,38,0,1,0
l29,9=0,0,0,0,0,0,0,0,0,0,0,0,0,0,0,0,0,90,0,55,0,88,0,58,95,88,94,59,0,0,37,86,0,100,0,98,100,100,100,100,93,98,74,58,0
l30,9=0,0,0,0,0,0,0,0,0,0,0,0,0,0,0,0,0,50,0,34,0,56,32,94,95,87,91,99,0,0,84,0,100,0,0,98,100,100,100,100,93,95,20,34,0
l31,9=0,0,0,0,0,0,0,0,0,0,0,0,0,0,0,0,0,0,0,45,0,0,0,89,92,72,78,67,0,0,62,0,100,100,0,0,100,100,100,61,93,66,0,0,39
l32,9=0,0,0,0,0,0,0,0,0,0,0,0,0,0,0,0,0,65,0,29,0,93,78,94,94,89,95,99,0,0,44,55,100,100,0,98,0,100,100,67,92,99,14,0,9
l33,9=0,0,0,0,0,0,0,0,0,0,0,0,0,0,0,0,0,0,0,0,0,0,0,0,80,82,56,17,0,0,27,17,100,100,0,98,100,0,100,78,71,72,0,0,0
l34,9=0,0,0,0,0,0,0,0,0,0,0,0,0,0,0,0,32,61,0,37,37,55,32,95,96,89,86,100,0,0,33,33,100,100,0,98,100,100,0,100,93,99,0,44,0
l35,9=0,0,0,0,0,0,0,0,0,0,0,0,0,0,0,0,41,97,75,38,38,39,18,64,94,89,51,38,0,0,99,33,100,100,0,46,53,100,100,0,93,99,0,0,0
l36,9=0,0,0,0,0,3,0,0,0,0,2,0,9,36,66,0,63,99,0,37,38,7,0,64,94,89,75,13,0,0,86,33,35,95,0,63,62,100,100,100,0,39,0,0,0
l37,9=0,0,0,0,0,0,0,0,0,0,15,0,0,0,47,0,49,60,52,38,38,29,0,46,95,89,43,38,0,0,97,33,65,91,0,39,90,100,100,100,93,0,0,0,0
l38,9=0,0,0,0,0,0,0,0,0,0,54,0,23,0,81,0,42,36,0,42,24,28,67,68,95,79,94,93,0,0,0,0,19,0,0,0,0,0,0,0,0,0,0,92,97
l39,9=0,0,0,0,0,0,0,1,1,0,75,15,23,0,32,0,18,22,81,87,70,31,21,88,95,76,94,87,0,0,12,0,21,2,0,0,0,0,48,0,0,0,80,0,95
l40,9=0,0,0,0,0,0,0,0,0,0,24,5,0,0,41,0,23,0,24,84,78,8,13,86,79,74,82,88,0,0,11,0,0,0,0,3,1,0,0,0,0,0,80,90,0
l41,9=0,0,10,0,0,16,0,22,52,3,0,66,81,25,91,0,96,93,97,99,83,87,25,93,95,88,94,45,0,0,20,81,0,0,0,11,25,0,66,27,1,0,80,90,95
l42,9=0,0,0,0,0,0,0,0,0,0,0,0,0,0,40,0,31,0,71,99,68,93,23,86,95,88,94,97,0,0,0,0,0,0,0,0,0,0,68,0,0,0,80,91,83
l43,9=0,0,0,0,0,0,0,0,0,0,0,0,0,0,63,0,0,0,68,62,54,74,65,85,75,70,94,72,0,0,0,0,55,0,0,8,21,0,0,0,16,0,80,81,85
l44,9=0,0,0,0,0,0,0,0,0,0,0,0,29,21,68,0,36,21,45,99,58,26,78,94,95,88,94,36,0,0,0,0,0,9,0,3,2,0,0,0,0,0,81,90,84

l0,10=0,89,88,96,88,88,86,2,84,87,76,77,72,86,27,0,56,50,52,44,38,0,0,0,0,0,0,0,0,0,7,59,0,0,0,0,0,0,0,0,0,0,0,0,0
l1,10=78,0,95,96,89,88,90,0,86,86,24,49,70,41,31,0,40,56,0,32,0,0,0,0,0,41,4,0,0,0,17,10,0,0,0,0,0,0,0,0,0,0,0,0,0
l2,10=80,88,0,94,88,87,90,0,92,92,82,85,79,89,50,0,38,45,69,56,0,0,0,0,43,1,0,0,0,0,1,30,0,0,0,0,0,0,0,0,0,0,0,16,0
l3,10=79,90,88,0,89,88,90,1,86,87,55,36,73,84,22,0,41,10,34,0,0,0,0,0,0,0,0,0,0,0,45,34,0,0,0,0,0,0,0,0,0,0,0,0,0
l4,10=80,90,91,96,0,88,86,2,80,75,77,74,70,28,28,0,46,43,27,0,0,0,0,0,0,0,0,0,0,0,7,63,0,0,0,0,0,0,0,0,0,0,0,0,0
l5,10=76,89,96,96,89,0,89,1,86,48,81,88,70,96,25,0,36,36,44,0,2,0,0,0,0,0,0,0,0,0,32,15,0,0,0,0,0,0,0,0,1,0,0,0,0
l6,10=76,89,96,96,83,87,0,0,92,94,82,88,70,84,20,0,79,60,51,0,0,0,0,0,20,19,0,0,0,0,6,39,0,0,0,0,0,0,0,0,0,0,0,0,0
l7,10=76,90,96,91,82,88,91,0,92,97,87,90,84,97,75,0,92,68,69,76,77,66,0,28,20,74,65,34,0,0,13,19,0,0,0,0,0,0,0,0,0,0,0,4,0
l8,10=77,86,96,90,74,84,90,0,0,90,86,88,83,89,79,0,45,30,74,71,69,58,0,21,42,37,55,31,0,0,5,4,0,0,0,0,0,0,0,0,0,0,0,2,0
l9,10=76,85,91,90,83,83,87,0,90,0,86,94,92,93,91,0,92,64,86,48,48,63,0,25,42,38,43,11,0,0,0,23,0,0,0,0,0,0,0,0,0,0,0,0,0
l10,10=40,45,74,84,83,85,87,0,90,92,0,91,92,91,92,0,94,70,92,6,85,55,11,52,40,70,82,38,0,0,1,31,0,0,0,0,0,0,0,0,3,0,31,37,7
l11,10=72,44,91,65,83,85,87,0,90,96,89,0,92,97,92,0,92,36,92,69,49,32,0,30,32,44,50,37,0,0,24,21,0,0,0,0,0,0,0,0,0,0,0,0,0
l12,10=42,86,91,89,84,84,83,0,90,92,89,93,0,92,92,0,92,88,86,45,39,52,16,24,36,71,65,20,0,0,29,20,0,0,0,0,0,0,0,0,1,0,39,0,6
l13,10=76,73,91,90,56,85,86,1,90,97,86,94,92,0,77,0,89,35,90,60,84,0,18,29,17,34,49,26,0,0,5,19,0,0,0,0,0,0,0,0,0,0,0,0,0
l14,10=13,29,22,15,27,72,2,0,50,70,54,53,89,57,0,0,96,91,95,29,98,55,39,24,46,71,49,29,0,0,55,55,0,33,0,0,0,1,2,11,10,26,70,55,21
l15,10=28,42,20,32,47,69,82,1,32,71,90,55,90,92,97,0,0,91,95,80,84,70,20,42,46,69,38,39,0,0,53,55,0,0,0,0,0,0,7,4,11,20,19,53,14
l16,10=12,55,34,15,53,32,78,0,29,47,30,10,90,39,98,0,92,0,93,81,99,27,0,47,46,64,82,6,0,0,97,59,60,11,0,3,1,4,70,11,57,11,34,47,0
l17,10=31,0,50,9,25,75,58,4,74,47,89,91,87,90,98,0,96,90,0,88,100,29,34,51,76,71,87,30,0,0,90,82,0,0,0,0,0,0,0,7,2,29,11,54,40
l18,10=8,28,63,0,0,0,0,0,78,60,22,50,79,81,53,0,95,91,95,0,100,80,77,78,79,84,88,80,0,0,53,48,25,62,0,1,27,0,74,84,49,77,57,55,73
l19,10=16,0,0,0,0,18,0,1,80,43,53,51,79,87,98,0,94,94,95,91,0,85,0,49,46,77,90,55,0,0,60,56,0,37,0,0,0,0,39,82,53,52,69,58,50
l20,10=0,0,0,0,0,0,0,0,63,67,64,68,69,0,72,0,68,67,47,82,69,0,97,82,75,81,75,82,0,0,0,0,70,55,0,67,58,0,76,60,33,0,64,66,60
l21,10=0,0,0,0,0,0,0,0,0,0,42,0,79,80,86,0,79,1,55,90,0,91,0,83,79,85,76,77,0,0,0,0,6,58,0,4,4,0,26,0,0,20,63,76,53
l22,10=0,0,0,0,0,0,0,2,44,56,62,64,64,62,61,0,63,67,56,68,74,89,81,0,79,79,90,85,0,0,0,2,72,53,0,66,67,67,78,66,64,66,73,71,59
l23,10=0,0,43,0,0,0,30,5,52,64,62,63,69,43,72,0,74,73,55,82,81,76,77,83,0,86,90,81,0,0,56,35,70,57,0,72,64,22,75,71,62,57,88,90,81
l24,10=0,48,2,0,0,0,30,0,51,62,65,70,73,66,76,0,73,72,58,86,82,82,84,82,79,0,90,69,0,0,0,33,70,55,0,38,70,0,68,66,68,72,67,88,60
l25,10=0,0,0,0,0,0,0,1,56,34,73,63,74,61,72,0,60,68,64,71,87,77,64,83,79,86,0,82,0,0,11,19,73,46,0,63,80,67,76,60,57,26,89,91,81
l26,10=0,0,0,0,0,0,0,2,62,25,46,69,68,53,75,0,70,60,50,82,71,86,76,83,78,67,90,0,0,0,0,0,37,60,0,70,74,74,76,57,16,74,74,68,64
l27,10=15,8,0,50,0,36,32,4,23,0,2,10,48,11,55,0,90,94,81,57,86,0,0,0,39,0,17,0,0,0,0,94,63,37,0,46,30,44,85,95,95,57,0,13,0
l28,10=32,0,15,35,32,0,56,2,0,10,21,16,36,26,67,0,94,94,43,47,79,0,0,0,22,30,38,0,0,0,97,0,72,67,0,6,0,22,81,42,72,54,16,15,4
l29,10=0,0,0,0,0,0,0,0,0,0,0,0,0,0,0,0,0,40,0,0,0,65,0,68,68,54,73,1,0,0,52,71,0,94,0,84,90,93,86,93,81,80,59,35,0
l30,10=0,0,0,0,0,0,0,0,0,0,0,0,0,0,34,0,0,0,0,56,0,70,55,74,77,62,72,79,0,0,24,42,86,0,0,84,90,93,86,93,91,87,44,2,23
l31,10=0,0,0,0,0,0,0,0,0,0,0,0,0,0,0,0,0,0,0,0,0,63,0,52,70,44,68,67,0,0,67,26,86,94,0,0,90,93,86,80,91,81,0,16,20
l32,10=0,0,0,0,0,0,0,0,0,0,0,0,0,0,0,0,0,0,0,0,0,58,0,65,63,63,76,73,0,0,32,0,86,94,0,84,0,93,86,91,71,83,0,25,0
l33,10=0,0,0,0,0,0,0,0,0,0,0,0,0,0,0,0,0,0,0,0,0,0,0,51,20,0,78,51,0,0,63,0,86,94,0,84,90,0,86,93,88,87,0,0,0
l34,10=0,0,0,0,0,0,0,0,0,0,0,0,0,0,0,0,0,34,0,43,49,75,4,69,64,55,72,46,0,0,42,51,86,94,0,84,90,93,0,93,95,87,27,8,0
l35,10=0,0,0,0,0,0,0,0,0,0,0,0,0,0,13,0,0,6,12,71,63,53,0,45,77,60,59,39,0,0,91,51,86,94,0,80,90,93,87,0,95,87,0,24,0
l36,10=0,0,0,0,0,2,0,0,0,0,4,0,36,0,0,0,44,57,18,55,41,12,0,66,69,72,74,4,0,0,60,63,84,94,0,84,83,90,87,97,0,87,0,16,0
l37,10=0,0,0,0,0,0,0,0,0,0,0,0,0,0,44,0,68,12,26,74,65,0,6,39,41,64,70,46,0,0,49,79,86,94,0,61,52,84,87,97,95,0,0,0,0
l38,10=0,0,0,0,0,0,0,0,0,0,19,0,38,0,83,0,1,66,0,71,46,68,8,76,75,63,88,78,0,0,0,19,56,1,0,0,0,0,0,0,0,0,0,91,87
l39,10=0,0,0,0,0,0,0,0,0,0,43,0,0,0,70,0,63,69,42,49,80,49,45,72,78,83,90,49,0,0,1,5,51,9,0,1,29,0,8,23,22,0,89,0,87
l40,10=0,0,0,0,0,0,0,0,0,0,1,0,8,0,47,0,7,0,62,79,81,66,3,73,78,54,89,77,0,0,0,0,0,9,0,0,0,0,0,0,0,0,89,89,0
l41,10=0,0,0,0,0,0,0,0,31,28,0,45,68,29,81,0,71,84,71,88,81,73,7,77,78,84,90,16,0,0,37,65,0,0,0,0,0,0,0,18,0,0,89,90,87
l42,10=0,0,0,0,0,0,0,0,0,0,0,0,0,0,73,0,55,63,56,80,74,76,35,81,78,79,89,81,0,0,0,0,4,0,0,0,0,0,64,0,0,0,88,90,81
l43,10=0,0,0,0,0,0,0,0,0,0,0,0,0,0,50,0,0,0,62,70,54,72,28,79,64,69,90,80,0,0,0,0,60,33,0,1,0,0,4,0,4,0,84,84,79
l44,10=0,0,0,0,0,0,0,0,0,0,1,0,3,0,51,0,40,37,0,63,62,55,76,81,78,83,87,68,0,0,0,0,58,28,0,0,28,0,0,2,8,0,89,85,79

l0,11=0,91,93,85,87,87,90,0,84,80,82,80,83,80,70,0,58,30,47,4,0,0,0,0,0,0,0,0,0,0,23,9,0,0,0,0,0,0,0,0,0,0,0,0,0
l1,11=86,0,94,86,88,84,89,0,81,79,68,69,81,78,64,0,39,63,49,14,10,0,0,0,0,13,0,0,0,0,19,22,0,0,0,0,0,0,0,0,0,0,0,0,0
l2,11=88,92,0,81,83,88,90,0,83,80,84,80,81,79,62,0,53,9,8,20,23,0,0,0,20,9,0,0,0,0,4,8,0,0,0,0,0,0,0,0,0,0,0,17,0
l3,11=78,92,62,0,89,88,90,1,74,64,63,63,64,67,52,0,19,16,34,0,0,0,0,0,0,0,0,0,0,0,28,14,0,0,0,0,0,0,0,0,0,0,0,0,0
l4,11=87,91,92,88,0,88,89,0,78,58,50,76,72,68,50,0,19,17,1,0,0,0,0,0,0,0,0,0,0,0,25,14,0,0,0,0,0,0,0,0,0,0,0,0,0
l5,11=88,85,94,88,88,0,90,0,72,76,84,82,81,80,50,0,19,18,20,10,0,0,0,0,0,0,0,0,0,0,30,18,0,0,0,0,0,0,15,0,35,5,0,0,0
l6,11=88,92,95,88,84,88,0,0,85,78,85,82,82,80,53,0,19,13,57,13,1,0,0,0,0,19,0,0,0,0,18,2,0,0,0,0,0,0,0,0,0,0,0,0,0
l7,11=84,91,90,80,83,88,90,0,88,86,81,83,85,82,80,0,76,64,22,19,40,20,0,12,19,48,26,47,0,0,0,0,0,0,0,0,0,0,0,0,0,0,0,14,0
l8,11=82,87,87,77,76,72,87,0,0,81,85,80,82,78,70,0,71,28,79,17,6,2,0,17,5,5,20,49,0,0,14,0,0,0,0,0,0,0,0,0,0,0,0,0,0
l9,11=84,87,88,73,79,86,86,0,83,0,85,85,85,81,79,0,81,15,37,7,18,21,0,21,34,26,32,52,0,0,4,0,0,0,0,0,0,0,0,0,0,0,0,0,0
l10,11=51,39,72,62,19,61,53,1,84,85,0,83,87,81,86,0,88,16,87,15,51,9,14,38,15,36,47,66,0,0,10,13,0,0,0,0,0,0,0,0,0,0,0,24,0
l11,11=34,62,81,13,75,86,87,0,81,86,83,0,85,83,80,0,81,2,82,23,23,0,0,5,7,11,43,0,0,0,0,6,0,0,0,0,0,0,0,0,0,0,0,0,0
l12,11=81,86,82,35,59,85,56,0,81,85,86,83,0,81,81,0,85,16,82,9,55,6,15,24,23,59,36,46,0,0,0,20,0,0,0,0,0,0,0,0,0,0,17,1,0
l13,11=83,87,88,46,70,87,88,0,81,87,85,85,87,0,74,0,81,14,85,6,52,19,5,39,3,16,47,0,0,0,2,11,0,0,0,0,0,0,0,0,26,0,0,16,0
l14,11=30,35,4,12,31,2,20,0,42,79,85,82,83,73,0,0,88,79,87,19,85,0,0,15,34,9,72,54,0,0,25,28,0,0,0,0,0,0,1,0,27,12,46,67,38
l15,11=38,44,43,27,34,13,24,0,49,85,86,82,84,81,87,0,0,17,87,27,84,27,25,18,25,18,64,69,0,0,37,28,0,0,0,0,0,0,0,5,28,0,34,46,39
l16,11=32,70,8,6,61,29,9,0,40,36,45,20,55,27,90,0,22,0,49,20,56,10,0,38,7,9,5,11,0,0,61,30,0,45,0,0,0,0,28,19,79,29,37,58,68
l17,11=10,24,0,18,23,14,23,0,73,26,86,79,77,74,90,0,88,78,0,27,85,25,0,37,66,21,74,80,0,0,44,26,0,0,0,0,0,0,11,0,0,9,36,43,40
l18,11=0,36,43,0,2,31,22,0,65,52,68,66,43,32,55,0,53,38,87,0,86,18,55,35,73,79,76,81,0,0,27,22,14,30,0,20,7,0,55,65,60,19,44,63,78
l19,11=2,10,3,0,0,0,6,0,12,31,82,63,74,59,90,0,87,80,87,29,0,28,2,34,73,44,82,77,0,0,29,23,0,10,0,0,0,0,0,25,65,17,9,77,80
l20,11=0,0,0,0,0,0,0,1,28,57,17,47,43,47,29,0,46,26,57,4,12,0,86,69,53,78,69,87,0,0,0,0,52,38,0,21,0,0,64,51,0,0,63,67,75
l21,11=0,0,0,0,0,0,0,0,0,0,57,52,48,49,20,0,48,0,51,18,0,44,0,67,73,78,80,88,0,0,0,0,0,39,0,0,0,0,63,2,0,8,67,70,68
l22,11=0,0,0,0,0,0,0,2,48,49,62,51,25,47,31,0,45,45,57,3,5,25,58,0,72,77,78,86,0,0,0,39,56,42,0,27,42,49,65,0,44,38,69,72,56
l23,11=0,0,0,0,0,0,0,0,57,61,53,48,47,30,31,0,45,21,61,10,12,17,55,67,0,79,84,84,0,0,27,7,51,42,0,28,10,0,53,60,42,0,70,82,77
l24,11=0,0,0,0,0,0,21,0,47,55,61,57,48,49,31,0,45,40,56,29,12,40,57,67,73,0,84,73,0,0,19,21,56,35,0,23,43,1,26,0,0,14,77,82,54
l25,11=0,0,0,0,0,0,0,0,37,46,49,33,31,42,32,0,38,7,56,2,11,17,54,61,73,79,0,80,0,0,0,20,56,34,0,24,36,15,60,42,33,22,78,81,78
l26,11=0,0,0,0,0,0,0,0,57,54,57,6,43,35,29,0,46,16,47,3,11,43,62,67,60,68,77,0,0,0,0,0,55,37,0,26,46,52,67,58,40,44,69,66,78
l27,11=37,9,0,18,45,32,14,0,5,16,18,0,1,19,38,0,20,80,35,10,36,0,0,0,23,10,1,0,0,0,0,75,12,50,0,56,11,24,38,79,88,22,0,30,26
l28,11=9,27,7,10,47,27,7,0,0,0,40,32,20,17,78,0,25,50,28,6,33,0,0,34,0,2,17,0,0,0,88,0,18,46,0,38,13,0,41,35,87,20,10,36,0
l29,11=0,0,0,0,0,0,0,0,0,0,0,0,0,0,0,0,0,4,0,0,0,30,0,51,61,56,63,66,0,0,7,48,0,86,0,82,80,83,84,83,81,77,4,38,0
l30,11=0,0,0,0,0,0,0,0,0,0,0,0,0,0,0,0,0,16,0,12,1,30,22,65,49,14,15,22,0,0,44,17,76,0,0,77,80,83,84,16,81,77,0,16,0
l31,11=0,0,0,0,0,0,0,0,0,0,0,0,0,0,0,0,0,0,0,2,0,8,0,38,58,32,32,38,0,0,56,13,78,86,0,0,84,87,84,79,51,70,0,20,0
l32,11=0,0,0,0,0,0,0,0,0,0,0,0,0,0,0,0,0,0,0,0,0,0,0,32,35,56,57,68,0,0,15,32,78,83,0,82,0,87,84,77,77,74,0,20,0
l33,11=0,0,0,0,0,0,0,0,0,0,0,0,0,0,0,0,0,0,0,0,0,0,0,38,0,0,27,61,0,0,42,0,77,87,0,82,84,0,81,75,73,62,0,0,0
l34,11=0,0,0,0,0,5,0,0,0,0,0,0,0,0,1,0,0,8,8,15,0,35,26,61,59,14,22,36,0,0,61,62,74,85,0,76,80,83,0,84,84,79,0,0,0
l35,11=0,0,0,0,0,0,0,0,0,0,0,0,0,0,13,0,7,11,0,12,8,16,0,0,57,0,19,30,0,0,68,44,75,40,0,74,57,82,84,0,88,81,0,0,0
l36,11=0,0,0,0,0,16,0,0,0,0,0,0,1,12,24,0,1,42,6,15,59,0,0,25,17,0,6,11,0,0,88,72,74,87,0,56,76,83,84,91,0,81,0,17,0
l37,11=0,0,0,0,0,0,0,0,0,0,0,0,0,0,16,0,6,23,21,24,29,0,1,33,0,14,22,32,0,0,32,27,72,85,0,71,79,74,84,91,88,0,0,19,0
l38,11=0,0,0,0,0,0,0,0,0,0,0,0,40,0,32,0,8,31,15,3,0,9,7,43,52,75,80,75,0,0,0,9,0,0,0,0,0,0,0,0,0,0,0,88,90
l39,11=0,0,0,0,0,0,0,0,0,0,25,0,0,0,32,0,38,33,40,3,11,11,17,50,70,76,81,73,0,0,3,18,16,2,0,0,4,0,0,0,1,11,83,0,91
l40,11=0,0,0,0,0,0,0,0,0,0,0,0,0,0,27,0,20,50,36,3,13,16,9,16,53,21,77,79,0,0,0,0,0,0,0,0,0,0,0,0,0,0,82,86,0
l41,11=0,0,0,0,0,0,0,0,56,23,63,64,43,49,32,0,51,40,76,28,14,19,46,62,60,77,83,77,0,0,12,31,0,0,0,2,0,0,0,0,27,10,82,87,87
l42,11=0,0,0,0,0,0,0,0,0,0,0,0,0,0,30,0,37,0,55,3,11,17,52,48,55,76,78,81,0,0,0,0,40,0,0,21,2,0,55,0,0,0,82,87,86
l43,11=0,0,0,0,0,0,0,0,0,0,0,0,0,0,27,0,0,7,48,2,7,11,43,45,52,76,82,78,0,0,0,0,36,35,0,23,17,0,47,0,0,0,78,74,85
l44,11=0,0,0,0,0,0,0,0,0,0,34,0,38,0,32,0,17,3,25,2,5,17,33,58,57,77,77,78,0,0,0,0,23,37,0,0,9,0,1,18,0,0,83,72,84

l0,12=0,89,89,82,93,88,84,0,86,90,70,82,72,82,66,0,86,3,0,56,0,0,0,0,0,0,0,0,0,0,2,1,0,0,0,0,0,0,0,0,0,0,0,0,0
l1,12=84,0,88,84,93,84,83,5,86,88,75,69,80,78,86,0,82,31,59,64,0,0,0,0,0,0,0,0,0,0,35,45,0,0,0,0,0,0,0,0,0,0,0,0,0
l2,12=85,89,0,78,92,86,83,1,86,89,75,81,80,78,71,0,74,29,65,73,45,0,0,0,0,2,14,0,0,0,19,47,0,0,0,0,0,0,0,0,0,0,0,0,0
l3,12=88,90,86,0,93,88,84,1,76,78,49,74,55,79,57,0,67,0,0,11,0,0,0,0,0,0,0,0,0,0,69,0,0,0,0,0,0,0,0,0,46,0,0,0,0
l4,12=85,89,89,83,0,86,83,3,85,87,62,82,56,78,0,0,80,42,0,0,0,0,0,0,0,0,0,0,0,0,73,43,0,0,0,0,0,0,0,0,0,0,0,0,0
l5,12=85,89,89,82,92,0,85,2,75,79,76,84,83,72,59,0,74,46,55,66,0,0,0,0,25,0,0,0,0,0,75,32,0,0,0,0,0,0,10,0,0,0,0,0,0
l6,12=87,89,89,83,92,88,0,2,86,90,76,82,83,83,64,0,83,61,75,78,34,0,0,0,0,18,2,0,0,0,61,0,0,0,0,0,0,0,0,0,0,0,0,0,0
l7,12=82,84,79,79,92,86,84,0,88,90,63,84,83,87,91,0,84,62,69,76,6,41,0,27,32,18,0,18,0,0,0,0,0,0,0,0,0,0,0,0,0,0,0,0,0
l8,12=82,88,86,38,88,84,84,3,0,90,77,74,18,79,87,0,86,59,75,58,25,11,0,28,16,11,10,29,0,0,0,0,0,0,0,0,0,0,0,0,0,0,0,10,0
l9,12=81,84,84,53,88,84,82,0,85,0,77,87,87,87,86,0,86,37,71,64,53,64,0,31,46,21,30,40,0,0,46,0,0,0,0,0,0,0,0,0,0,0,0,0,0
l10,12=33,42,68,11,45,85,82,4,85,88,0,84,87,83,94,0,92,67,86,81,70,40,3,36,35,26,27,51,0,0,25,39,0,0,0,0,0,0,0,0,0,0,12,11,0
l11,12=61,54,82,35,89,85,82,4,78,89,81,0,85,87,93,0,85,25,77,78,70,0,0,13,39,21,29,32,0,0,45,24,0,0,0,0,0,0,0,0,1,0,0,24,0
l12,12=79,84,65,44,88,83,81,0,39,88,81,84,0,83,88,0,88,46,75,77,70,29,26,18,68,67,33,32,0,0,47,37,0,0,0,0,0,0,0,0,1,0,21,0,0
l13,12=81,84,84,78,87,82,81,0,83,90,82,87,87,0,87,0,86,0,75,58,46,0,17,25,16,12,27,28,0,0,30,32,0,0,0,0,0,0,0,0,0,0,0,21,0
l14,12=18,42,22,1,6,4,1,0,84,84,81,71,52,47,0,0,92,83,88,88,93,15,0,13,74,34,45,48,0,0,85,60,0,0,0,0,0,0,0,0,46,36,52,52,23
l15,12=35,37,41,21,59,52,80,4,84,88,83,70,86,83,97,0,0,73,88,86,83,46,13,29,70,49,38,45,0,0,85,41,0,0,0,0,0,0,0,0,0,0,30,44,33
l16,12=0,8,0,0,29,2,22,4,72,52,67,12,12,0,97,0,89,0,88,89,93,26,0,24,18,18,20,39,0,0,92,62,1,9,0,0,0,0,9,1,85,82,15,35,24
l17,12=0,15,0,0,0,14,68,12,82,61,81,82,83,81,98,0,91,83,0,87,85,69,17,48,77,47,45,60,0,0,77,60,0,0,0,0,0,0,1,14,25,14,48,49,43
l18,12=4,34,38,23,0,66,64,0,67,60,68,56,39,41,96,0,83,87,88,0,93,78,51,53,80,77,43,68,0,0,78,50,39,38,0,44,0,0,36,32,75,75,47,49,62
l19,12=0,0,24,0,0,14,14,0,65,53,72,69,68,36,98,0,92,87,88,89,0,75,10,78,80,79,77,65,0,0,74,46,0,44,0,9,0,0,37,33,73,10,79,81,37
l20,12=0,0,0,0,0,0,0,7,57,56,51,41,22,28,57,0,63,31,61,85,63,0,94,80,77,76,66,83,0,0,0,0,0,70,0,0,1,53,58,65,52,58,64,64,64
l21,12=0,0,0,0,0,0,0,0,50,0,0,0,60,60,27,0,65,0,65,86,29,85,0,79,80,77,76,84,0,0,0,0,6,68,0,0,0,0,63,0,0,12,71,66,73
l22,12=0,0,0,0,0,0,0,13,60,52,57,41,33,36,69,0,67,57,69,77,72,81,76,0,81,77,77,82,0,0,0,0,69,77,0,71,59,38,70,71,54,70,68,74,73
l23,12=0,0,0,0,0,0,0,17,54,53,49,32,59,32,71,0,68,46,76,86,81,75,71,80,0,79,78,79,0,0,61,2,65,59,0,63,51,0,59,45,57,64,72,87,70
l24,12=0,0,0,0,0,0,28,16,28,52,51,53,59,45,71,0,70,46,69,85,88,80,67,80,81,0,78,73,0,0,57,0,66,70,0,53,43,1,38,27,62,8,84,72,77
l25,12=0,0,3,0,0,0,0,17,52,48,33,53,32,59,71,0,44,47,69,68,71,68,67,80,81,79,0,72,0,0,11,38,64,70,0,60,55,0,52,41,0,62,81,80,78
l26,12=0,0,0,0,0,0,0,11,57,55,51,53,52,43,56,0,64,47,60,75,61,80,76,80,76,70,71,0,0,0,0,16,68,70,0,66,56,42,71,66,59,62,64,65,74
l27,12=6,2,0,18,45,21,14,2,0,51,29,23,13,6,86,0,85,87,43,77,61,0,0,0,20,19,10,0,0,0,0,84,19,11,0,62,47,34,33,46,88,62,0,18,12
l28,12=2,26,21,0,52,22,3,0,0,0,34,25,6,7,84,0,51,87,81,48,27,0,0,0,0,0,27,9,0,0,92,0,26,0,0,60,56,0,51,45,85,84,9,17,3
l29,12=0,0,0,0,0,0,0,0,0,0,0,0,0,0,0,0,0,8,0,59,0,0,0,57,64,60,57,66,0,0,51,31,0,84,0,86,70,82,78,82,77,81,0,45,0
l30,12=0,0,0,0,0,0,0,0,0,0,0,0,0,0,0,0,2,26,0,45,31,65,35,75,34,41,56,69,0,0,53,0,77,0,0,86,70,82,78,82,83,81,28,24,5
l31,12=0,0,0,0,0,0,0,0,0,0,0,0,0,0,0,0,0,0,0,35,9,0,0,67,69,20,36,73,0,0,67,43,77,86,0,0,78,87,76,76,77,81,0,10,0
l32,12=0,0,0,0,0,0,0,0,0,0,0,0,0,0,0,0,0,0,0,0,0,0,0,49,51,18,38,44,0,0,50,46,77,82,0,86,0,87,78,84,74,80,32,0,0
l33,12=0,0,0,0,0,0,0,0,0,0,0,0,0,0,0,0,0,0,0,0,0,2,0,33,0,0,0,1,0,0,62,0,77,81,0,86,78,0,78,82,77,75,0,0,0
l34,12=0,0,0,0,0,10,0,0,0,0,0,0,0,0,9,0,0,20,2,65,41,60,64,70,39,37,52,77,0,0,63,72,77,84,0,84,70,82,0,82,85,84,0,54,6
l35,12=0,0,0,0,0,0,0,0,0,0,0,0,0,0,0,0,0,6,20,75,58,53,0,47,45,25,30,50,0,0,79,72,77,84,0,84,70,81,78,0,88,87,24,0,0
l36,12=0,0,0,4,0,0,0,0,0,0,0,2,3,0,59,0,4,49,19,78,68,12,0,19,23,36,0,40,0,0,86,76,77,84,0,76,69,46,78,88,0,87,7,0,0
l37,12=0,0,0,0,0,0,0,0,0,0,0,0,0,0,59,0,0,63,25,74,23,30,2,38,42,0,37,55,0,0,67,74,77,84,0,84,70,49,78,88,88,0,0,0,0
l38,12=0,0,0,0,0,0,0,0,0,0,7,0,25,0,72,0,62,32,68,74,66,64,34,72,70,72,77,74,0,0,0,0,0,0,0,0,2,0,0,2,0,0,0,90,85
l39,12=0,0,0,0,0,0,0,0,3,0,0,21,0,27,76,0,44,55,68,77,49,39,11,73,79,71,76,54,0,0,25,26,37,4,0,0,0,0,38,0,0,0,88,0,88
l40,12=0,0,0,0,0,0,0,0,0,0,0,0,0,0,64,0,50,58,51,82,0,67,64,73,72,73,77,78,0,0,0,0,0,0,0,0,0,0,0,0,0,0,87,88,0
l41,12=0,0,0,0,0,0,3,0,55,45,45,4,21,24,83,0,71,71,79,87,74,71,41,77,79,75,77,75,0,0,0,0,0,2,0,0,0,0,28,0,0,63,88,89,88
l42,12=0,0,0,0,0,0,0,0,0,0,0,0,24,0,1,0,20,0,57,80,64,68,56,78,75,74,77,78,0,0,0,0,49,0,0,1,0,0,49,51,0,0,86,89,84
l43,12=0,0,0,0,0,0,0,0,0,0,0,0,22,0,59,0,58,27,60,74,69,70,0,75,70,70,77,72,0,0,0,0,15,36,0,55,0,0,30,0,0,0,86,82,78
l44,12=0,0,0,0,0,0,0,0,0,0,47,0,0,0,57,0,67,13,6,76,67,79,0,77,75,75,77,76,0,0,0,0,44,38,0,0,0,0,0,0,24,0,88,83,80

l0,13=0,92,97,95,95,91,96,91,93,66,87,91,96,94,82,0,73,2,0,23,0,0,0,0,0,0,0,0,0,0,0,7,0,0,0,0,0,0,0,0,0,0,0,0,0
l1,13=94,0,97,95,93,91,89,93,96,87,84,85,94,90,82,0,84,82,0,23,0,0,0,0,0,0,0,0,0,0,71,61,0,0,0,0,0,0,0,0,0,0,0,0,0
l2,13=93,91,0,89,92,89,97,93,94,92,89,97,93,93,77,0,80,72,0,21,20,0,0,38,22,40,29,0,0,0,56,30,0,0,0,0,0,0,0,0,0,0,0,0,0
l3,13=94,92,64,0,95,91,89,73,89,29,85,88,92,87,75,0,82,69,23,18,0,0,0,0,0,0,0,0,0,0,70,61,0,0,0,0,0,0,0,0,0,0,0,0,0
l4,13=94,92,96,95,0,91,89,90,96,96,80,89,96,87,0,0,39,65,0,0,0,0,0,0,0,0,0,0,0,0,79,38,0,0,0,0,0,0,0,0,0,0,0,0,0
l5,13=94,92,96,95,95,0,98,94,94,21,95,90,96,94,71,0,79,75,24,28,0,0,0,0,0,0,0,0,0,0,75,38,0,0,0,0,0,0,0,12,28,0,0,0,0
l6,13=94,92,97,95,95,91,0,96,96,95,95,95,97,95,82,0,93,76,71,91,15,0,0,0,12,45,0,0,0,0,67,0,0,0,0,0,0,0,0,0,1,0,0,0,0
l7,13=93,92,95,93,93,91,98,0,96,96,91,99,97,95,93,0,92,59,89,88,0,42,11,74,75,77,41,0,0,0,0,25,0,0,0,0,0,0,0,0,0,0,0,0,0
l8,13=46,91,96,90,93,75,98,97,0,96,90,95,97,92,96,0,92,75,89,26,19,0,21,60,0,45,44,38,0,0,0,0,0,0,0,0,0,0,0,0,0,0,0,17,0
l9,13=84,87,93,60,89,42,92,82,93,0,95,99,97,95,92,0,93,85,88,54,23,79,0,52,83,70,25,44,0,0,55,47,0,0,0,0,0,0,0,0,0,0,0,0,0
l10,13=63,50,55,83,84,51,81,77,36,96,0,98,97,95,93,0,94,88,46,30,31,0,0,67,79,75,22,12,0,0,57,30,0,0,0,0,0,0,0,0,9,0,67,39,0
l11,13=90,51,93,86,86,51,92,93,96,97,96,0,97,95,93,0,93,0,65,29,18,74,0,43,72,0,48,43,0,0,76,69,0,0,0,0,0,0,0,0,0,0,0,45,0
l12,13=83,88,92,87,86,57,93,91,93,95,97,99,0,95,93,0,94,0,92,58,36,1,9,50,83,92,36,27,0,0,84,7,0,0,0,0,0,0,0,0,0,0,0,0,0
l13,13=89,88,92,89,86,86,94,94,59,97,97,99,97,0,92,0,93,71,91,29,22,25,40,60,70,71,40,31,0,0,0,48,0,0,0,0,0,0,0,0,0,0,0,44,0
l14,13=56,45,40,38,0,27,39,71,36,33,87,94,92,94,0,0,95,95,95,32,98,36,0,0,82,78,54,13,0,0,91,91,0,0,0,0,0,0,1,0,42,83,87,48,30
l15,13=31,51,39,50,26,22,85,75,73,95,97,94,97,95,96,0,0,93,95,93,95,42,28,45,83,93,16,80,0,0,92,90,0,0,0,0,0,0,0,18,0,0,78,17,23
l16,13=0,38,9,29,29,23,32,31,25,18,34,0,2,57,95,0,61,0,50,59,34,0,0,45,52,66,27,43,0,0,99,100,0,9,0,0,4,30,33,34,51,92,28,48,18
l17,13=0,0,0,4,0,26,76,70,33,32,79,92,96,95,96,0,95,100,0,95,98,49,25,67,81,75,19,14,0,0,88,94,0,0,0,0,0,0,0,31,42,72,83,48,19
l18,13=35,0,22,22,0,46,78,70,29,30,90,90,94,90,93,0,94,100,93,0,98,98,76,74,88,98,89,76,0,0,91,94,19,0,0,0,0,0,33,33,51,91,90,49,35
l19,13=0,0,40,0,0,13,41,0,26,32,87,53,92,93,96,0,95,100,95,96,0,91,64,89,90,99,55,49,0,0,94,92,0,0,0,0,0,0,30,35,47,88,90,48,32
l20,13=0,0,0,0,0,0,0,66,0,71,0,78,55,56,76,0,76,15,72,95,79,0,98,90,86,98,85,91,0,0,0,0,69,73,0,57,56,71,78,0,20,64,0,41,79
l21,13=0,0,0,0,0,0,0,63,81,2,0,0,78,83,77,0,82,0,79,91,81,99,0,89,88,93,87,91,0,0,0,0,71,45,0,67,0,0,85,0,0,0,84,90,86
l22,13=0,0,0,0,0,0,0,59,71,22,73,50,64,66,0,0,65,73,75,81,82,98,86,0,90,98,89,91,0,0,0,0,46,78,0,46,75,61,78,73,4,68,88,90,42
l23,13=0,0,0,0,0,0,3,65,0,63,69,55,78,56,80,0,78,74,89,94,96,96,92,91,0,99,90,89,0,0,0,53,68,62,0,71,57,0,74,69,31,73,97,97,90
l24,13=0,0,0,0,0,0,34,65,29,37,82,0,94,79,93,0,93,83,92,95,96,98,78,90,90,0,90,90,0,0,67,60,62,50,0,31,67,3,51,29,59,63,96,96,92
l25,13=0,0,4,0,0,0,0,38,46,13,68,65,60,63,85,0,42,42,43,93,54,76,79,91,90,99,0,86,0,0,55,0,58,23,0,48,66,59,23,33,27,62,99,97,93
l26,13=0,0,0,0,0,0,0,33,66,58,64,63,60,64,65,0,82,70,59,93,64,98,97,90,86,95,87,0,0,0,20,0,83,82,0,86,84,65,91,78,59,65,80,93,89
l27,13=7,33,27,37,29,22,49,8,0,15,29,61,74,10,61,0,62,100,47,32,33,0,0,0,0,51,30,0,0,0,0,100,19,0,0,5,29,22,33,36,61,90,0,0,0
l28,13=2,40,8,49,27,22,0,38,0,19,26,77,0,58,56,0,36,100,50,33,31,0,0,0,37,49,0,0,0,0,99,0,0,29,0,21,34,38,38,36,51,94,41,14,0
l29,13=0,0,0,0,0,0,0,0,0,0,0,0,0,0,0,0,0,0,0,6,0,20,14,62,66,67,71,78,0,0,73,0,0,90,0,90,91,92,93,90,94,70,41,45,0
l30,13=0,0,0,0,0,0,0,0,0,0,0,0,0,0,0,0,0,55,0,1,0,53,3,79,34,85,70,84,0,0,40,63,90,0,0,90,91,87,93,96,94,92,0,20,0
l31,13=0,0,0,0,0,0,0,0,0,0,0,0,0,0,0,0,0,0,0,0,0,24,28,67,58,43,53,78,0,0,70,67,90,90,0,0,91,92,93,71,87,92,0,20,0
l32,13=0,0,0,0,0,0,0,0,0,0,0,0,0,0,0,0,0,15,0,0,0,8,0,53,28,40,46,80,0,0,63,79,90,88,0,90,0,92,93,96,87,92,39,0,0
l33,13=0,0,0,0,0,0,0,0,0,0,0,0,0,0,0,0,0,49,0,0,0,17,0,25,0,0,41,63,0,0,0,64,90,85,0,90,91,0,89,85,80,69,0,0,0
l34,13=0,0,0,0,0,0,0,0,0,0,0,0,0,0,14,0,0,70,0,43,6,40,25,55,46,64,60,87,0,0,75,92,90,90,0,90,91,92,0,96,100,94,0,32,7
l35,13=0,0,0,0,0,12,0,0,0,0,0,0,0,0,16,0,23,87,35,44,28,0,0,54,43,57,50,86,0,0,93,86,90,90,0,40,91,64,93,0,100,94,61,25,0
l36,13=0,0,0,0,2,18,0,0,0,0,0,0,0,0,26,0,2,100,36,42,31,3,0,1,30,65,33,39,0,0,99,98,90,78,0,34,36,44,93,96,0,94,38,0,0
l37,13=0,0,0,0,6,0,0,0,0,0,0,0,0,0,26,0,0,96,25,74,24,26,0,34,41,37,62,44,0,0,94,98,62,90,0,90,91,28,93,96,100,0,0,0,0
l38,13=0,0,0,0,0,0,0,0,0,0,15,0,0,0,81,0,18,13,79,79,84,0,0,82,88,89,89,74,0,0,0,0,0,0,0,0,2,0,0,15,0,0,0,97,92
l39,13=0,0,0,0,0,0,0,1,3,0,25,31,0,77,86,0,0,70,77,32,26,2,11,80,88,86,89,79,0,0,0,1,41,9,0,0,0,0,14,25,0,0,96,0,92
l40,13=0,0,0,0,0,0,0,0,0,0,0,0,0,0,59,0,0,63,14,92,34,62,68,73,86,93,87,86,0,0,0,0,0,0,0,0,0,0,17,0,0,0,96,96,0
l41,13=0,0,0,0,0,0,0,0,8,0,62,0,46,0,87,0,58,100,92,95,96,53,18,72,88,98,89,88,0,0,46,0,42,0,0,0,0,0,16,0,10,77,96,97,92
l42,13=0,0,0,0,0,0,0,0,0,0,0,0,0,0,82,0,0,51,0,94,35,27,1,89,88,94,89,90,0,0,0,0,0,0,0,0,20,0,48,0,0,0,96,96,92
l43,13=0,0,0,0,0,0,0,0,0,0,0,17,33,0,0,0,45,1,42,27,45,90,29,80,84,77,89,86,0,0,0,0,0,36,0,0,66,0,7,0,0,0,96,96,82
l44,13=0,0,0,0,0,0,0,0,0,0,5,0,24,0,65,0,53,0,25,81,48,97,33,89,88,92,88,83,0,0,0,0,30,72,0,0,27,0,0,0,8,0,96,96,92

l0,14=0,100,100,100,100,98,100,99,99,99,84,98,94,80,49,0,21,17,64,12,0,0,0,0,0,0,0,0,0,0,0,2,0,0,0,0,0,0,0,0,0,0,0,0,0
l1,14=100,0,100,100,100,97,99,99,99,81,96,99,97,99,35,0,94,87,50,71,0,0,0,0,0,0,2,0,0,0,39,6,0,0,0,0,0,0,0,0,0,0,0,0,0
l2,14=99,100,0,99,99,97,99,99,99,99,91,98,97,99,49,0,82,89,64,45,10,0,0,0,0,1,0,0,0,0,0,0,0,0,0,0,0,0,0,0,0,0,0,0,0
l3,14=100,100,93,0,100,98,99,42,89,76,83,70,85,88,15,0,47,60,62,11,0,0,0,0,0,0,0,0,0,0,40,51,0,0,0,0,0,0,0,0,0,0,0,0,0
l4,14=100,100,96,100,0,97,99,77,99,80,86,98,96,86,9,0,51,0,61,0,0,0,0,0,0,0,0,0,0,0,33,24,0,0,0,0,0,0,0,0,25,0,0,0,0
l5,14=99,100,91,100,100,0,99,99,99,83,98,98,94,99,39,0,55,72,55,58,0,0,0,0,0,0,0,0,0,0,35,78,0,0,0,0,0,0,0,47,2,0,0,0,0
l6,14=100,100,100,100,99,98,0,99,99,99,98,98,98,99,21,0,94,75,99,86,0,0,0,0,0,12,0,0,0,0,60,51,0,0,0,0,0,0,0,0,0,0,0,25,0
l7,14=99,100,99,32,98,97,99,0,100,98,98,98,99,99,67,0,94,0,99,99,96,0,0,88,0,13,73,2,0,0,0,0,0,0,0,0,0,0,0,0,0,0,0,17,0
l8,14=99,100,99,100,99,97,99,99,0,99,98,99,96,99,67,0,94,86,99,99,0,29,0,72,32,30,92,48,0,0,4,0,0,0,0,0,0,0,0,0,0,0,0,38,0
l9,14=99,79,100,100,100,86,99,99,99,0,100,100,100,100,62,0,95,96,93,99,85,85,23,58,26,51,56,59,0,0,24,4,0,0,0,0,0,0,0,0,0,0,0,0,0
l10,14=92,74,58,57,100,98,100,99,100,100,0,100,100,100,43,0,99,90,100,100,96,41,0,87,62,53,60,0,0,0,52,56,0,0,0,0,0,0,0,0,37,0,68,0,0
l11,14=99,100,100,66,100,97,100,99,100,100,100,0,100,100,67,0,96,85,100,99,98,87,0,57,61,48,65,50,0,0,37,27,0,0,0,0,0,0,0,0,0,0,0,84,3
l12,14=98,100,99,33,99,92,100,99,100,100,100,100,0,100,99,0,99,34,100,99,96,80,83,81,98,99,59,26,0,0,51,67,0,0,0,0,0,0,0,0,0,0,0,93,0
l13,14=98,79,99,100,100,98,99,99,99,100,100,100,100,0,54,0,98,16,99,96,49,0,0,0,69,53,48,28,0,0,44,67,0,0,0,0,0,0,0,0,0,0,0,58,4
l14,14=54,22,58,2,57,60,11,95,99,92,86,98,99,81,0,0,99,90,100,100,100,75,2,87,66,55,59,38,0,0,54,79,0,38,0,0,0,0,0,58,27,26,18,92,59
l15,14=55,72,42,40,94,64,76,99,100,100,100,100,100,89,100,0,0,57,100,100,100,93,4,64,32,50,52,55,0,0,60,80,0,0,0,0,0,0,44,44,0,0,20,60,22
l16,14=0,51,45,25,3,37,37,0,59,78,95,95,20,7,59,0,59,0,100,100,100,0,0,64,63,51,57,27,0,0,100,82,64,41,0,0,0,0,90,85,63,51,10,84,36
l17,14=52,26,21,33,89,64,70,97,100,22,100,100,100,86,100,0,99,100,0,100,100,0,91,92,70,96,58,50,0,0,55,83,0,15,0,0,0,0,58,44,0,49,72,93,59
l18,14=0,72,33,0,0,59,77,95,99,100,98,98,98,87,100,0,98,98,100,0,99,97,98,97,98,96,97,59,0,0,68,81,14,55,0,20,0,0,97,67,98,57,95,98,66
l19,14=0,0,0,0,0,0,1,96,53,8,98,98,98,79,100,0,99,100,100,100,0,97,29,98,100,100,90,55,0,0,68,80,0,0,0,0,0,0,0,85,61,55,26,98,63
l20,14=0,0,0,0,0,0,0,0,90,81,0,91,77,81,89,0,98,7,0,100,96,0,99,97,94,98,91,99,0,0,0,0,14,97,0,87,93,84,94,86,14,83,91,61,90
l21,14=0,0,0,0,0,0,0,7,0,17,0,0,98,0,69,0,0,0,98,100,67,100,0,97,100,98,97,100,0,0,0,0,96,0,0,0,0,0,88,0,0,0,5,78,95
l22,14=0,0,0,0,0,0,0,89,93,81,92,63,84,18,99,0,98,91,98,100,99,98,96,0,100,100,99,100,0,0,0,66,98,98,0,84,99,90,92,90,43,43,98,94,93
l23,14=0,0,0,0,0,0,0,62,69,90,96,88,96,95,98,0,73,92,97,100,99,90,97,98,0,100,99,98,0,0,61,84,94,98,0,95,88,80,94,92,77,96,98,98,98
l24,14=0,0,0,0,0,0,21,82,80,92,98,90,98,95,100,0,98,90,98,100,99,97,95,98,100,0,99,98,0,0,57,58,98,98,0,49,57,0,81,73,58,79,98,98,98
l25,14=0,0,0,0,0,0,0,82,99,83,96,97,93,65,100,0,95,92,96,100,98,97,96,98,100,100,0,98,0,0,14,0,98,86,0,95,83,92,93,96,54,93,98,99,98
l26,14=0,0,0,0,0,0,0,65,94,95,70,95,68,86,96,0,96,80,93,100,97,97,98,97,97,98,96,0,0,0,17,0,98,96,0,93,96,92,97,95,75,90,94,90,98
l27,14=0,36,4,36,81,64,59,2,0,24,98,87,62,50,53,0,62,100,63,65,81,0,0,0,63,48,26,12,0,0,0,100,85,54,0,32,48,97,100,87,100,60,0,83,0
l28,14=0,42,0,27,31,72,27,0,0,0,92,33,61,55,61,0,62,100,100,100,99,0,0,84,74,46,1,0,0,0,100,0,85,50,0,53,56,86,95,87,52,60,72,0,0
l29,14=0,0,0,0,0,0,0,0,0,0,0,0,0,0,0,0,0,67,0,0,0,0,61,97,98,98,97,99,0,0,98,98,0,100,0,100,100,99,100,100,100,100,0,80,0
l30,14=0,0,0,0,0,0,0,0,0,0,0,0,0,0,61,0,0,77,16,55,0,90,0,97,98,98,89,98,0,0,96,86,100,0,0,100,100,98,100,99,100,100,29,71,35
l31,14=0,0,0,0,0,0,0,0,0,0,0,0,0,0,0,0,0,19,0,52,0,54,0,71,91,56,85,78,0,0,44,82,100,100,0,0,100,99,100,75,100,100,0,6,0
l32,14=0,0,0,0,0,0,0,0,0,0,0,0,0,0,0,0,0,0,0,0,0,59,0,87,84,62,81,92,0,0,52,70,100,100,0,100,0,99,100,100,73,100,0,0,0
l33,14=0,0,0,0,0,0,0,0,0,0,0,0,0,0,0,0,0,0,0,0,0,48,0,78,82,0,85,82,0,0,86,41,100,87,0,100,100,0,94,80,87,85,0,0,0
l34,14=0,0,0,0,0,0,0,0,0,0,0,0,0,0,0,0,1,86,43,65,0,97,51,97,100,69,95,100,0,0,99,93,100,100,0,100,100,99,0,100,100,100,23,0,1
l35,14=0,0,0,0,0,46,0,0,0,0,0,0,0,0,52,0,49,100,29,64,80,95,0,98,78,61,98,99,0,0,100,99,100,92,0,60,100,99,100,0,100,100,23,81,0
l36,14=0,0,0,0,56,57,0,0,0,0,75,0,0,0,52,0,19,100,0,65,81,35,0,52,58,60,59,54,0,0,100,82,87,61,0,62,59,99,100,100,0,100,0,21,0
l37,14=0,0,0,0,20,0,0,0,0,0,0,4,0,0,48,0,0,93,46,65,68,65,0,69,98,56,59,49,0,0,100,100,100,100,0,100,100,94,100,100,100,0,10,4,0
l38,14=0,0,0,0,0,0,0,0,0,0,74,0,0,0,65,0,0,54,86,98,0,87,0,97,98,98,97,89,0,0,0,0,0,0,0,0,0,0,0,0,0,0,0,99,98
l39,14=0,0,0,0,0,0,8,28,33,0,0,80,54,33,92,0,55,85,88,98,89,66,39,61,98,91,97,44,0,0,26,0,48,39,0,0,0,0,0,60,0,0,99,0,98
l40,14=0,0,0,0,0,0,0,0,0,0,0,13,0,1,93,0,90,90,91,98,85,84,84,82,96,98,90,95,0,0,0,0,0,1,0,0,0,0,0,0,0,0,98,98,0
l41,14=0,0,0,0,0,0,0,0,0,83,86,1,94,0,92,0,97,98,97,100,99,88,0,96,100,90,98,98,0,0,51,1,82,0,0,0,0,0,0,1,0,48,99,100,93
l42,14=0,0,0,0,0,0,0,0,0,0,0,0,0,0,94,0,0,0,91,100,61,86,61,96,98,98,97,98,0,0,0,0,0,0,0,0,56,0,0,0,0,45,98,98,98
l43,14=0,0,0,0,0,0,0,0,0,0,17,0,0,0,53,0,0,79,69,77,81,95,85,94,95,98,96,95,0,0,0,0,73,80,0,75,72,0,75,55,0,38,98,98,95
l44,14=0,0,0,0,0,0,0,0,0,0,0,0,82,0,93,0,91,87,76,99,95,97,89,93,98,98,97,87,0,0,0,0,0,80,0,0,1,0,0,0,0,28,98,98,98

l0,15=0,100,100,100,100,100,100,100,100,100,97,100,99,98,95,0,100,65,95,0,0,0,0,0,0,0,0,0,0,0,23,44,0,0,0,0,0,0,0,0,0,0,0,0,0
l1,15=100,0,100,100,100,100,100,100,99,100,80,100,99,98,5,0,100,99,97,91,0,0,0,0,0,0,0,0,0,0,16,8,0,0,0,0,0,0,0,0,0,0,0,0,0
l2,15=99,100,0,100,99,100,100,100,100,100,59,100,100,99,98,0,99,98,94,94,0,0,0,0,0,13,0,41,0,0,59,0,0,0,0,0,0,0,0,0,0,0,0,0,0
l3,15=100,100,99,0,100,100,100,100,99,100,99,73,83,98,82,0,73,97,74,0,0,0,0,0,0,0,0,0,0,0,60,41,0,0,0,0,0,0,0,0,0,0,0,0,0
l4,15=100,100,100,100,0,100,100,47,99,89,56,100,99,98,91,0,98,96,46,85,0,0,0,0,0,0,0,0,0,0,43,44,0,0,0,0,0,0,0,0,0,0,0,0,0
l5,15=100,100,100,100,100,0,100,100,99,100,99,87,99,98,99,0,100,96,99,84,45,0,0,0,0,0,0,0,0,0,60,61,0,0,0,0,0,0,0,0,61,0,0,0,0
l6,15=100,100,100,100,100,100,0,100,100,100,99,100,100,99,47,0,100,99,99,98,0,1,0,0,5,0,0,0,0,0,5,0,0,0,0,0,0,0,0,0,0,0,0,0,0
l7,15=98,100,100,100,95,100,100,0,100,100,99,100,100,99,99,0,100,94,99,99,99,97,0,86,0,96,93,94,0,0,1,0,0,0,0,0,0,0,0,0,0,0,0,0,0
l8,15=100,100,100,99,100,100,100,100,0,100,98,100,100,99,99,0,99,94,99,97,88,60,0,97,95,50,95,94,0,0,0,58,0,0,0,0,0,0,0,0,0,0,33,52,0
l9,15=100,100,100,100,95,100,100,100,100,0,99,100,100,99,99,0,100,99,100,100,77,57,0,66,0,68,90,88,0,0,0,0,0,0,0,0,0,0,0,0,0,0,0,0,0
l10,15=94,87,62,93,86,100,100,99,99,100,0,100,100,99,97,0,96,97,100,98,78,0,0,66,60,97,96,77,0,0,38,60,0,0,0,0,0,0,0,0,0,0,58,92,87
l11,15=100,100,100,97,99,100,100,100,100,100,99,0,100,99,97,0,100,97,100,100,100,60,0,0,73,68,57,50,0,0,55,61,0,0,0,0,0,0,0,0,0,0,0,54,0
l12,15=100,100,64,88,90,100,100,100,100,100,99,100,0,99,99,0,100,98,100,99,84,57,52,62,99,94,96,0,0,0,54,0,0,0,0,0,0,0,0,0,0,0,10,86,0
l13,15=100,100,82,91,100,100,100,100,100,100,99,100,100,0,97,0,100,95,100,98,71,57,3,59,57,68,0,84,0,0,33,36,0,0,0,0,0,0,0,0,0,0,0,0,0
l14,15=92,2,63,0,53,91,9,97,100,93,61,56,80,94,0,0,100,99,100,100,84,0,0,64,63,68,96,79,0,0,59,62,0,83,0,0,0,0,0,2,44,58,56,99,92
l15,15=93,87,64,9,57,96,99,100,98,98,63,60,100,99,99,0,0,99,100,99,85,60,53,47,61,67,96,60,0,0,60,62,0,34,0,0,0,0,47,0,45,45,57,99,98
l16,15=1,57,52,94,91,57,56,67,68,95,52,42,59,96,99,0,100,0,100,100,100,50,0,63,63,69,96,87,0,0,100,100,59,77,0,70,0,0,85,100,100,97,1,99,86
l17,15=89,80,5,68,71,99,98,99,100,99,99,100,100,99,99,0,100,100,0,100,100,62,58,68,99,99,93,85,0,0,100,100,0,0,0,0,0,0,13,0,76,59,60,98,0
l18,15=3,58,53,0,83,53,93,99,100,99,63,60,82,99,99,0,99,100,100,0,99,92,60,68,98,68,96,87,0,0,61,61,0,94,0,70,0,0,85,96,76,58,60,99,99
l19,15=0,0,0,0,0,55,0,99,96,89,60,60,82,94,99,0,100,100,100,100,0,62,56,69,99,99,98,83,0,0,61,62,17,0,0,0,0,0,84,97,76,63,60,99,98
l20,15=0,0,0,0,0,0,9,97,74,69,0,85,90,84,0,0,93,69,99,99,86,0,99,99,93,99,91,97,0,0,0,0,92,90,0,0,93,89,96,88,0,0,94,92,76
l21,15=0,0,0,0,0,0,0,65,0,0,0,0,95,76,0,0,92,0,99,99,72,99,0,99,98,97,96,97,0,0,0,0,31,0,0,0,26,0,89,0,0,0,89,96,87
l22,15=0,0,0,0,0,0,0,95,86,77,86,1,89,75,92,0,91,76,98,98,88,96,94,0,99,98,96,97,0,0,0,4,93,88,0,62,93,88,0,70,50,50,95,89,0
l23,15=0,0,0,0,0,0,29,0,87,0,85,88,97,95,97,0,92,91,99,98,97,95,96,99,0,99,98,95,0,0,90,86,90,86,0,92,0,34,94,84,86,88,99,97,99
l24,15=0,0,10,0,0,0,0,97,81,89,98,86,99,99,99,0,96,86,100,98,99,98,96,99,99,0,98,96,0,0,56,91,94,93,0,94,89,0,95,0,98,97,99,99,97
l25,15=0,0,0,0,0,0,0,80,92,64,87,43,96,0,96,0,93,86,86,99,99,92,94,99,99,99,0,88,0,0,0,0,91,53,0,83,93,89,87,89,48,93,99,99,85
l26,15=0,0,11,0,0,0,0,91,85,86,79,45,13,91,88,0,94,79,97,88,77,98,98,99,98,93,95,0,0,0,0,0,96,93,0,83,89,53,94,89,85,82,92,88,99
l27,15=51,44,52,98,100,64,56,44,0,0,40,45,56,80,99,0,69,100,66,79,58,0,0,0,63,65,2,0,0,0,0,100,59,71,0,96,58,62,86,100,76,63,0,99,0
l28,15=58,1,0,73,22,64,0,7,93,0,49,45,8,82,99,0,92,100,100,79,85,0,0,4,61,66,0,0,0,0,100,0,65,79,0,96,58,60,86,100,98,63,40,1,0
l29,15=0,0,0,0,0,0,0,0,0,0,0,0,0,0,0,0,0,57,0,0,0,99,0,100,99,95,98,97,0,0,97,100,0,100,0,99,100,100,100,100,100,100,49,96,41
l30,15=0,0,0,0,0,0,0,0,0,0,0,0,0,0,84,0,51,88,3,98,0,98,0,99,96,96,82,96,0,0,46,97,100,0,0,99,100,100,100,100,100,100,35,88,74
l31,15=0,0,0,0,0,0,0,0,0,0,0,0,0,0,0,0,0,30,0,51,0,0,0,83,90,57,65,82,0,0,91,85,100,100,0,0,100,100,100,98,100,100,0,0,57
l32,15=0,0,0,0,0,0,0,0,0,0,0,0,0,0,0,0,0,0,0,0,0,85,0,94,0,56,85,89,0,0,89,90,100,100,0,99,0,100,100,100,96,100,0,5,0
l33,15=0,0,0,0,0,0,0,0,0,0,0,0,0,0,0,0,0,0,0,0,0,75,0,83,42,0,63,82,0,0,89,82,100,88,0,99,100,0,91,92,93,90,0,0,0
l34,15=0,0,0,0,0,0,0,0,0,0,0,0,0,0,0,0,63,60,2,79,57,86,26,0,98,68,95,96,0,0,98,99,100,100,0,99,100,100,0,100,100,100,0,53,72
l35,15=0,0,0,0,0,0,0,0,0,0,0,0,0,0,34,0,3,61,0,79,62,74,0,68,98,0,98,96,0,0,100,64,100,100,0,99,100,100,100,0,100,100,35,68,0
l36,15=0,0,0,0,0,52,0,0,0,0,0,0,3,0,90,0,68,61,67,79,64,0,0,65,63,73,87,87,0,0,100,64,62,79,0,99,100,100,100,100,0,100,0,0,0
l37,15=0,0,0,0,1,11,0,0,0,0,0,1,0,0,89,0,51,96,62,73,64,0,0,65,58,73,97,82,0,0,100,100,100,100,0,99,100,95,100,100,100,0,0,0,73
l38,15=0,0,0,0,0,0,0,0,0,0,53,0,6,0,38,0,63,0,95,89,67,70,12,97,98,93,95,76,0,0,0,27,52,0,0,0,0,0,0,0,0,0,0,99,99
l39,15=0,0,0,0,0,0,0,0,0,0,44,0,54,0,90,0,83,78,88,95,74,73,53,75,98,88,96,58,0,0,37,0,58,42,0,0,0,0,0,0,0,0,99,0,98
l40,15=0,0,0,0,0,0,0,0,0,0,59,0,0,0,73,0,66,69,0,87,66,66,57,0,98,83,76,86,0,0,0,0,0,54,0,3,0,0,54,0,0,4,99,95,0
l41,15=0,0,0,0,0,0,0,0,0,24,82,46,42,90,97,0,91,96,99,98,99,52,0,99,98,98,96,95,0,0,84,0,0,18,0,0,0,0,7,0,27,0,99,99,97
l42,15=0,0,0,0,0,0,0,0,0,0,0,0,67,0,87,0,60,66,89,99,27,91,57,98,98,98,0,92,0,0,0,0,0,35,0,0,66,0,79,0,0,1,99,99,99
l43,15=0,0,0,0,0,0,0,0,0,0,2,0,0,0,0,0,57,60,63,55,63,28,43,96,92,90,89,62,0,0,0,0,0,62,0,53,61,0,67,62,0,10,97,97,73
l44,15=0,0,0,0,0,0,0,0,0,0,0,0,44,0,71,0,67,0,54,89,60,92,39,97,98,51,95,86,0,0,0,0,55,51,0,0,57,0,0,0,3,21,99,99,99

