l0,0=0,87,88,91,91,86,88,86,85,88,85,87,84,84,24,0,77,0,54,44,0,0,0,0,0,0,0,0,0,0,76,75,0,0,0,0,0,0,0,0,0,0,0,0,0
l1,0=89,0,87,92,89,86,88,90,85,84,46,86,68,89,14,0,61,0,59,64,62,0,0,0,0,0,0,0,0,0,61,41,0,0,0,0,0,0,0,0,10,0,0,0,0
l2,0=89,87,0,89,85,86,88,93,90,79,85,87,84,89,43,0,78,55,52,69,71,0,0,0,0,19,34,0,0,0,0,38,0,0,0,0,0,0,0,0,0,0,0,9,0
l3,0=89,87,88,0,91,86,88,87,85,88,74,86,84,84,0,0,70,69,62,29,37,0,0,0,0,0,0,0,0,0,73,54,0,0,0,0,0,0,0,0,0,45,0,0,0
l4,0=89,87,51,94,0,86,88,1,85,88,68,83,82,86,0,0,0,12,51,0,0,0,0,0,0,0,0,0,0,0,76,50,0,0,0,0,0,0,0,0,0,0,0,0,0
l5,0=89,87,88,90,91,0,88,93,82,85,47,54,84,86,1,0,67,0,54,45,60,0,0,0,0,0,0,0,0,0,65,38,0,0,0,0,0,0,0,0,16,28,0,0,0
l6,0=89,87,88,94,89,86,0,93,90,88,85,53,84,87,52,0,78,69,81,71,67,0,0,0,0,0,0,0,0,0,71,40,0,0,0,0,0,0,0,0,0,0,0,0,0
l7,0=89,87,88,90,28,86,88,0,90,88,85,87,84,89,90,0,78,0,86,89,79,0,63,71,72,81,78,0,0,0,18,0,0,0,0,0,0,0,0,0,0,0,0,0,0
l8,0=89,87,88,90,88,86,88,93,0,88,85,87,84,89,85,0,78,72,83,88,69,0,70,20,19,19,63,43,0,0,0,0,0,0,0,0,0,0,0,0,0,0,0,17,0
l9,0=89,87,42,84,87,86,88,89,90,0,85,87,84,89,88,0,78,60,81,0,76,64,0,33,23,31,56,0,0,0,38,42,0,0,0,0,0,0,0,0,0,0,0,0,0
l10,0=64,25,52,63,80,49,51,51,85,88,0,53,85,74,27,0,86,76,88,88,87,7,72,27,25,56,75,55,0,0,14,40,0,0,0,0,0,0,0,0,0,0,50,6,0
l11,0=89,87,88,88,84,86,87,89,90,88,84,0,85,90,87,0,78,64,64,82,84,37,20,0,24,0,59,52,0,0,30,29,0,0,0,0,0,0,0,0,0,0,0,0,0
l12,0=89,87,87,62,84,85,87,86,85,88,88,87,0,90,86,0,78,64,80,82,86,0,0,7,18,31,73,50,0,0,20,30,0,0,0,0,0,0,0,0,10,0,0,0,15
l13,0=58,87,88,82,87,86,88,93,89,88,49,87,85,0,89,0,81,71,86,67,75,58,33,22,0,32,0,0,0,0,31,36,0,0,0,0,0,0,0,0,0,0,22,17,0
l14,0=33,4,22,0,0,10,26,24,74,81,48,53,55,53,0,0,85,87,93,93,98,0,60,35,25,36,65,62,0,0,80,71,0,37,0,0,0,0,0,4,23,54,75,30,28
l15,0=24,10,29,51,0,44,28,35,82,85,88,87,54,90,86,0,0,26,93,81,94,78,50,36,26,59,81,74,0,0,82,0,9,0,0,0,0,0,0,1,3,0,71,26,1
l16,0=0,0,2,58,20,0,10,0,73,59,49,45,52,44,36,0,32,0,93,95,95,0,0,11,29,23,71,0,0,0,93,86,18,18,0,2,0,11,39,28,31,83,71,26,0
l17,0=33,18,14,54,59,38,25,25,76,78,67,41,53,71,98,0,86,88,0,95,100,75,0,27,30,34,78,62,0,0,67,63,0,0,0,0,0,0,0,0,18,57,73,26,21
l18,0=3,12,21,0,0,14,20,25,79,0,54,47,48,41,97,0,72,88,93,0,100,95,86,36,58,94,91,78,0,0,61,39,35,15,0,14,0,5,31,12,30,53,80,34,26
l19,0=0,13,24,0,0,32,20,19,65,69,54,50,67,43,98,0,86,88,93,95,0,67,66,35,53,82,87,63,0,0,93,86,0,29,0,0,0,0,0,11,56,59,6,36,31
l20,0=0,0,0,0,0,0,0,0,0,50,50,58,0,51,0,0,78,0,73,93,85,0,100,97,90,94,90,92,0,0,0,0,81,2,0,68,78,0,75,40,33,51,88,70,71
l21,0=0,0,0,0,0,0,0,74,87,0,83,9,0,0,70,0,83,0,0,93,93,97,0,89,92,89,90,91,0,0,0,0,0,90,0,0,28,0,89,56,0,0,83,0,98
l22,0=0,0,0,0,0,0,0,64,57,57,67,0,10,57,75,0,78,60,49,93,82,95,64,0,92,0,91,91,0,0,0,15,96,93,0,60,72,37,90,17,60,53,71,75,67
l23,0=0,0,0,0,0,0,0,16,40,46,55,43,33,0,49,0,72,78,77,89,88,84,90,98,0,94,91,88,0,0,0,0,79,33,0,22,0,0,60,16,52,74,90,88,82
l24,0=0,0,11,0,0,0,0,37,47,51,78,10,38,75,84,0,75,64,76,93,90,95,79,0,94,0,90,84,0,0,27,21,0,85,0,31,38,2,51,47,22,15,89,88,20
l25,0=0,0,7,0,0,0,0,42,53,44,75,35,67,0,24,0,74,59,72,92,84,81,88,99,94,94,0,86,0,0,34,1,87,74,0,59,50,30,4,62,26,57,90,88,82
l26,0=0,0,0,0,0,0,0,0,54,1,71,66,61,9,70,0,77,0,62,89,83,96,99,97,92,92,90,0,0,0,45,11,80,82,0,70,80,60,88,73,45,61,82,54,97
l27,0=9,0,0,62,69,23,5,6,0,46,32,3,0,30,29,0,76,88,74,77,88,0,0,0,0,1,13,8,0,0,0,86,54,57,0,44,0,18,34,94,54,92,17,0,14
l28,0=10,12,9,61,68,14,5,0,0,53,32,31,28,31,25,0,0,88,61,7,80,0,0,8,2,9,0,0,0,0,93,0,85,86,0,30,48,20,30,42,92,92,11,10,21
l29,0=0,0,0,0,0,0,0,0,0,0,0,0,0,0,0,0,15,15,0,52,0,85,0,97,66,0,90,68,0,0,82,86,0,97,0,97,98,99,97,96,92,95,0,27,11
l30,0=0,0,0,0,0,0,0,0,0,0,0,0,0,0,10,0,0,18,0,30,0,0,28,96,11,84,64,70,0,0,93,83,99,0,0,97,98,99,97,97,93,95,62,17,0
l31,0=0,0,0,0,0,0,0,0,0,0,0,0,0,0,0,0,0,18,0,50,0,74,0,48,19,34,59,91,0,0,87,64,99,97,0,0,98,99,97,97,93,95,19,0,0
l32,0=0,0,0,0,0,0,0,0,0,0,0,0,0,0,0,0,0,0,0,0,0,64,17,57,0,47,58,84,0,0,0,68,99,97,0,97,0,99,97,97,88,89,0,0,0
l33,0=0,0,0,0,0,0,0,0,0,0,0,0,0,0,0,0,0,25,0,16,0,0,0,29,0,0,45,24,0,0,32,63,99,97,0,97,98,0,97,91,92,33,0,0,0
l34,0=0,0,0,0,0,0,0,0,0,0,0,0,0,0,0,0,0,28,0,71,0,35,32,92,50,75,0,83,0,0,92,48,99,97,0,97,98,99,0,97,93,95,59,0,0
l35,0=0,0,0,0,0,0,0,0,0,0,0,0,0,0,0,0,2,31,0,72,29,20,23,19,36,82,49,65,0,0,93,53,99,97,0,97,98,60,97,0,93,95,34,0,0
l36,0=0,0,0,0,0,17,0,0,0,0,1,0,6,0,22,0,24,55,48,85,78,1,0,21,28,29,36,23,0,0,93,86,93,97,0,89,58,52,93,97,0,95,0,18,0
l37,0=0,0,0,30,0,24,0,0,0,0,0,0,0,0,51,0,1,54,70,72,67,23,0,46,58,17,48,51,0,0,93,86,99,97,0,97,94,41,97,97,93,0,52,0,0
l38,0=0,0,0,0,0,0,0,0,0,0,65,0,0,0,79,0,68,66,67,87,0,77,60,57,84,88,85,71,0,0,0,0,0,72,0,7,0,0,58,6,0,3,0,88,82
l39,0=0,0,1,0,0,0,0,0,28,0,42,0,0,5,80,0,69,64,68,89,85,67,0,67,92,92,91,12,0,0,0,0,25,50,0,0,0,0,0,0,30,0,92,0,83
l40,0=0,0,0,0,0,0,0,0,0,0,0,0,26,0,78,0,1,46,57,88,84,74,81,68,92,77,86,89,0,0,10,51,0,0,0,0,0,0,0,0,0,0,89,87,0
l41,0=0,0,0,0,0,0,0,0,0,56,75,0,60,59,85,0,75,78,80,92,90,0,76,82,93,92,90,82,0,0,62,66,35,0,0,3,0,0,0,0,16,40,92,90,99
l42,0=0,0,0,0,0,0,0,0,0,3,15,0,0,0,45,0,63,62,60,85,79,76,0,73,91,91,89,77,0,0,0,0,37,60,0,0,0,0,57,0,0,0,90,88,82
l43,0=0,0,0,0,0,0,0,0,0,0,23,0,0,0,62,0,44,46,48,76,69,72,63,72,91,91,82,83,0,0,0,0,65,64,0,30,62,0,46,0,0,0,87,86,97
l44,0=0,0,0,0,0,0,0,0,0,0,0,32,36,0,72,0,60,64,64,79,80,77,79,67,90,88,86,77,0,0,0,0,0,4,0,0,0,0,1,0,0,0,88,84,88

l0,1=0,88,88,88,81,89,88,85,81,83,79,72,78,81,32,0,57,0,0,0,0,0,0,0,0,0,0,0,0,0,52,23,0,0,0,0,0,0,0,0,0,0,0,0,0
l1,1=88,0,83,85,84,88,88,39,82,83,68,64,61,81,35,0,51,37,18,41,27,0,0,0,0,0,0,0,0,0,41,25,0,0,0,0,0,0,0,0,4,0,0,0,0
l2,1=88,86,0,86,84,90,88,91,84,84,79,74,81,81,39,0,60,46,44,13,25,0,0,0,0,42,6,0,0,0,14,15,0,0,0,0,0,0,0,0,0,0,0,0,0
l3,1=88,88,87,0,85,89,88,34,82,72,75,67,69,81,30,0,72,52,42,0,37,0,0,0,0,0,0,0,0,0,67,44,0,0,0,0,0,0,0,0,19,3,0,0,0
l4,1=87,88,86,90,0,90,85,81,77,81,71,68,80,81,0,0,44,24,1,0,0,0,0,0,0,0,0,0,0,0,69,0,0,0,0,0,0,0,0,0,0,0,0,0,0
l5,1=88,87,88,85,85,0,88,88,81,72,76,37,80,74,32,0,62,0,38,0,0,0,0,0,0,0,0,0,0,0,44,0,0,24,0,0,0,0,0,0,22,4,0,0,0
l6,1=88,88,88,87,81,89,0,90,84,72,79,44,81,79,66,0,74,61,66,40,35,0,0,0,0,0,0,0,0,0,48,2,0,0,0,0,0,0,0,0,0,0,0,0,0
l7,1=88,85,88,75,70,89,88,0,84,87,79,74,81,81,76,0,79,0,66,46,56,36,14,66,0,68,51,0,0,0,0,0,0,0,0,0,0,0,0,0,0,0,0,34,0
l8,1=88,87,88,87,73,87,88,90,0,87,74,74,70,81,74,0,74,57,63,71,24,46,27,50,23,42,46,0,0,0,27,20,0,0,0,0,0,0,0,0,0,0,0,0,0
l9,1=87,87,85,60,67,74,26,90,84,0,79,75,81,82,69,0,72,46,74,38,40,28,0,4,60,10,33,6,0,0,5,29,0,0,0,0,0,0,0,0,0,0,2,0,0
l10,1=78,63,72,45,52,76,78,78,78,82,0,65,81,84,42,0,83,63,73,77,64,28,42,27,11,80,67,55,0,0,37,17,0,0,0,0,0,0,0,0,0,0,46,31,26
l11,1=87,85,84,67,56,67,63,87,84,87,79,0,81,84,77,0,79,37,73,73,56,2,0,20,30,57,55,0,0,0,0,23,0,0,0,0,0,0,0,0,0,0,0,0,0
l12,1=65,65,85,59,78,86,84,85,69,83,81,75,0,84,77,0,79,51,74,75,72,31,0,34,30,51,48,15,0,0,4,14,0,0,0,0,0,0,0,0,0,0,0,0,15
l13,1=76,88,87,81,80,82,59,89,84,87,80,75,81,0,72,0,83,34,68,36,22,30,29,28,40,60,41,9,0,0,0,19,0,0,0,0,0,0,0,0,0,0,26,7,14
l14,1=49,42,35,4,27,58,40,38,67,65,62,54,66,68,0,0,83,72,78,87,90,35,44,60,66,67,55,13,0,0,49,38,0,0,0,0,0,0,38,0,30,35,67,75,37
l15,1=53,10,34,11,39,61,45,56,64,50,80,75,80,84,86,0,0,68,77,41,83,47,54,69,75,80,69,44,0,0,66,16,0,0,0,0,0,0,0,0,28,37,30,69,1
l16,1=0,10,6,8,15,13,5,0,33,30,46,16,28,37,64,0,60,0,74,52,45,10,0,49,76,69,59,25,0,0,77,53,1,27,0,0,15,9,54,0,36,26,65,41,2
l17,1=0,2,11,0,21,36,17,27,57,62,72,37,57,68,86,0,77,81,0,48,84,29,48,57,66,50,66,42,0,0,35,6,0,0,0,0,0,0,0,5,8,30,62,51,34
l18,1=0,35,7,0,3,15,32,3,56,48,71,32,49,52,78,0,70,81,71,0,87,59,69,62,90,91,84,72,0,0,54,48,7,27,0,29,0,0,49,31,36,52,70,71,8
l19,1=0,38,28,3,0,13,30,31,44,61,70,33,54,55,86,0,77,79,78,89,0,47,51,51,79,81,73,55,0,0,64,47,0,59,0,0,0,0,20,0,37,0,64,78,39
l20,1=0,0,0,0,0,0,0,55,65,60,50,30,53,47,54,0,69,52,49,86,68,0,93,84,85,91,84,86,0,0,41,0,57,56,0,63,65,0,68,0,47,40,77,76,57
l21,1=0,0,0,0,0,0,0,0,61,0,64,3,0,47,61,0,69,0,64,81,59,89,0,84,88,88,83,83,0,0,0,0,0,64,0,0,45,0,56,50,0,0,45,76,66
l22,1=0,0,0,0,0,0,0,54,43,31,26,15,45,29,58,0,59,58,51,62,44,69,72,0,88,65,86,83,0,0,0,0,69,73,0,64,55,34,60,55,55,50,68,65,52
l23,1=0,0,0,0,0,0,0,18,1,56,31,34,49,50,65,0,68,77,64,85,73,77,86,85,0,91,84,83,0,0,0,39,61,48,0,51,10,40,65,51,56,72,15,89,81
l24,1=0,0,22,0,0,0,0,60,51,6,71,55,60,62,70,0,70,71,41,85,75,81,83,76,90,0,85,81,0,0,0,43,13,54,0,0,31,0,5,73,65,68,84,81,73
l25,1=0,0,0,0,0,0,0,24,43,30,63,46,54,41,49,0,63,60,62,87,71,81,85,86,90,91,0,85,0,0,0,0,71,59,0,56,52,37,48,21,28,34,86,91,73
l26,1=0,0,0,0,0,0,0,0,48,13,59,7,52,46,47,0,58,56,53,81,64,83,84,85,80,88,80,0,0,0,0,0,68,78,0,69,66,51,69,63,0,54,76,68,71
l27,1=44,16,5,19,47,47,26,0,20,0,36,4,0,4,44,0,76,84,29,35,41,14,0,0,0,0,0,0,0,0,0,83,36,78,0,42,15,26,31,86,87,74,0,11,0
l28,1=40,10,1,7,0,0,2,0,15,19,27,12,5,22,54,0,17,86,16,51,48,0,0,0,19,35,0,0,0,0,87,0,39,70,0,62,30,20,79,45,89,73,0,0,0
l29,1=0,0,0,0,0,0,0,0,0,0,0,0,0,0,0,0,0,11,0,22,0,48,1,86,38,17,81,73,0,0,59,72,0,92,0,85,79,95,96,92,91,85,0,0,15
l30,1=0,0,0,0,0,6,0,0,0,0,0,0,0,0,0,0,0,21,0,23,22,33,38,82,30,36,32,74,0,0,78,67,83,0,0,85,79,83,96,92,91,86,28,30,0
l31,1=0,0,0,0,0,0,0,0,0,0,0,0,0,0,0,0,0,0,0,32,0,58,0,79,33,0,62,64,0,0,72,65,83,92,0,0,79,95,96,67,91,86,16,0,0
l32,1=0,0,0,0,0,0,0,0,0,0,0,0,0,0,0,0,0,30,0,0,0,56,34,44,19,31,61,64,0,0,24,39,83,92,0,85,0,95,96,91,62,81,23,0,0
l33,1=0,0,0,0,0,0,0,0,0,0,0,0,0,0,0,0,0,2,0,0,0,0,0,20,44,0,57,21,0,0,46,28,83,86,0,85,79,0,95,79,88,59,0,0,0
l34,1=0,0,0,0,0,0,0,0,0,0,0,0,0,0,20,0,0,55,0,45,9,68,50,58,80,0,34,72,0,0,32,76,83,92,0,85,79,95,0,92,91,86,28,27,0
l35,1=0,0,0,0,0,0,0,0,0,0,0,0,0,0,0,0,0,0,7,41,0,0,34,31,18,54,22,32,0,0,87,76,83,92,0,44,79,54,96,0,91,86,0,0,0
l36,1=0,0,0,0,0,38,0,0,0,0,5,0,0,0,36,0,30,38,7,41,41,22,0,35,25,52,23,0,0,0,87,82,59,92,0,58,41,83,92,88,0,86,0,10,0
l37,1=0,0,0,1,0,24,0,0,0,0,0,0,0,0,29,0,26,31,24,32,1,26,0,33,51,49,25,28,0,0,87,83,81,92,0,85,60,39,96,92,91,0,0,0,0
l38,1=0,0,0,0,0,0,0,0,0,0,52,0,0,8,66,0,1,67,51,69,58,68,35,77,10,87,80,74,0,0,0,0,0,53,0,0,3,0,34,0,0,0,0,89,81
l39,1=0,0,0,0,0,0,0,14,0,0,18,4,0,0,70,0,69,45,50,80,75,73,42,71,88,86,83,72,0,0,1,0,0,42,0,0,0,0,22,0,11,0,86,0,81
l40,1=0,0,0,0,0,0,0,0,0,0,51,4,1,1,61,0,8,47,51,0,69,44,59,56,86,85,77,80,0,0,0,0,0,0,0,0,0,0,0,0,0,0,84,89,0
l41,1=0,0,0,0,0,0,0,0,0,45,70,17,41,43,77,0,70,73,57,85,64,76,60,83,89,91,79,80,0,0,57,65,0,23,0,30,0,0,2,0,0,37,86,91,81
l42,1=0,0,0,0,0,0,0,0,0,0,0,0,0,0,51,0,58,63,40,77,0,63,58,79,88,89,83,73,0,0,0,0,51,4,0,0,7,0,0,0,0,4,84,89,74
l43,1=0,0,0,0,0,0,0,0,0,0,32,0,0,0,45,0,50,51,0,62,58,66,58,75,82,88,81,62,0,0,0,0,39,46,0,26,0,0,0,8,0,0,84,85,80
l44,1=0,0,0,0,0,0,0,0,0,0,0,0,27,2,54,0,0,35,51,65,67,66,42,75,79,86,77,80,0,0,28,0,0,48,0,0,0,0,36,0,0,0,84,80,81

l0,2=0,76,82,84,87,84,86,74,69,72,48,11,16,61,0,0,58,48,46,8,0,0,0,0,0,0,0,0,0,0,57,36,0,0,0,0,0,0,0,0,0,0,0,0,0
l1,2=77,0,83,82,89,84,87,74,69,72,39,18,26,52,7,0,47,58,44,0,34,0,0,0,0,0,0,0,0,0,52,44,0,0,0,0,0,0,0,0,0,0,0,0,0
l2,2=48,76,0,43,88,82,87,92,70,72,38,15,35,45,6,0,57,63,25,32,0,0,0,17,0,33,0,0,0,0,45,46,0,0,0,0,0,0,0,0,0,0,0,0,0
l3,2=79,76,52,0,89,84,87,78,70,53,38,0,29,61,0,0,42,0,43,0,0,0,0,0,0,0,0,0,0,0,56,52,0,0,0,0,0,0,0,0,11,0,0,0,0
l4,2=64,76,83,84,0,84,87,83,70,66,41,15,26,61,10,0,47,30,31,0,0,0,0,0,0,0,0,0,0,0,42,47,0,0,0,0,0,0,0,0,0,0,0,0,0
l5,2=78,76,83,81,89,0,87,87,70,71,50,11,35,51,14,0,40,35,48,31,35,0,0,0,0,0,0,0,0,0,57,41,0,0,0,0,0,0,0,0,0,0,0,0,0
l6,2=78,76,83,66,88,84,0,92,70,72,38,16,33,61,12,0,67,65,41,9,33,0,0,0,0,0,0,0,0,0,35,41,0,0,0,0,0,0,0,0,0,0,0,0,0
l7,2=36,47,83,61,78,73,86,0,70,72,40,34,25,58,15,0,66,0,63,33,35,26,34,42,29,49,20,4,0,0,0,0,0,0,0,0,0,0,0,0,0,0,0,0,0
l8,2=48,47,83,65,78,74,79,92,0,68,37,18,25,51,14,0,64,0,52,43,0,25,40,45,2,29,17,39,0,0,32,31,0,0,0,0,0,0,0,0,0,0,0,0,0
l9,2=47,47,59,37,76,71,78,91,67,0,39,19,21,51,15,0,59,63,58,32,46,21,0,6,46,18,23,43,0,0,13,37,0,0,0,0,0,0,0,0,0,0,0,14,0
l10,2=40,42,49,45,66,66,66,74,58,64,0,14,36,50,13,0,72,59,63,48,53,2,9,25,39,52,32,42,0,0,0,40,0,0,0,0,0,0,0,0,12,0,0,35,40
l11,2=26,47,57,0,77,42,78,92,63,72,38,0,36,61,15,0,66,48,58,30,55,30,32,10,19,52,21,1,0,0,41,36,0,0,0,0,0,0,0,0,0,0,32,38,24
l12,2=32,46,58,51,63,71,78,80,63,65,52,34,0,57,14,0,68,57,58,36,46,15,23,28,47,43,18,57,0,0,4,30,0,0,0,0,0,0,0,0,0,0,15,19,0
l13,2=42,46,43,64,77,62,78,87,66,72,39,33,36,0,15,0,65,39,46,19,36,0,0,17,29,30,0,0,0,0,35,35,0,0,0,0,0,0,0,0,0,0,0,0,0
l14,2=0,34,30,0,50,45,49,52,48,59,35,33,29,51,0,0,74,56,77,71,83,39,40,49,46,67,61,39,0,0,68,64,0,0,0,0,0,0,24,48,47,31,53,84,58
l15,2=31,36,33,5,48,31,77,85,60,46,44,16,26,45,50,0,0,62,58,41,62,45,52,53,52,52,33,54,0,0,61,52,0,1,0,0,0,0,0,42,47,47,56,60,17
l16,2=9,32,26,0,14,9,36,0,0,51,44,10,29,16,28,0,64,0,68,76,82,0,0,9,70,61,11,24,0,0,84,86,10,36,0,2,0,0,22,35,31,32,45,56,36
l17,2=28,33,18,15,23,43,48,63,54,55,41,17,21,36,62,0,66,68,0,47,83,41,25,44,54,39,25,51,0,0,53,39,0,18,0,0,0,0,2,19,33,0,58,52,56
l18,2=0,0,27,0,0,28,8,48,47,36,44,8,20,9,51,0,53,80,55,0,83,75,46,69,86,77,89,71,0,0,73,70,0,0,0,0,8,0,51,51,48,49,59,45,44
l19,2=0,29,0,0,0,43,47,61,0,47,44,15,28,41,62,0,71,77,77,76,0,46,4,46,50,78,41,69,0,0,60,72,3,31,0,0,0,0,0,22,63,0,48,64,55
l20,2=0,0,0,0,0,0,3,46,41,35,0,26,0,0,32,0,59,2,51,73,57,0,90,87,83,84,86,92,0,0,0,0,70,60,0,67,41,55,26,49,44,43,60,71,75
l21,2=0,0,0,0,0,0,0,9,49,0,38,25,18,0,32,0,66,0,46,63,4,85,0,80,81,77,75,84,0,0,0,0,0,14,0,0,0,0,0,0,3,0,8,77,71
l22,2=0,0,1,0,0,0,0,48,45,0,31,11,14,32,38,0,58,47,45,50,53,76,70,0,84,78,89,88,0,0,0,0,77,64,0,65,65,0,71,62,44,0,64,70,16
l23,2=0,0,0,0,0,0,0,35,0,44,38,12,23,24,43,0,64,68,62,73,57,76,73,85,0,84,88,81,0,0,0,0,64,45,0,52,41,56,74,12,40,71,79,85,84
l24,2=0,0,25,0,0,0,0,61,35,29,50,25,27,28,49,0,67,61,43,67,72,78,76,79,86,0,87,80,0,0,32,40,57,0,0,33,20,21,39,63,67,70,78,83,84
l25,2=0,0,0,0,0,0,0,42,37,37,48,12,12,0,50,0,65,33,28,68,68,76,70,89,86,84,0,82,0,0,21,23,60,54,0,33,58,38,41,0,54,24,79,84,85
l26,2=0,0,0,0,0,0,0,0,45,46,37,10,25,0,33,0,58,44,48,66,69,83,77,89,81,78,82,0,0,0,0,0,78,70,0,70,71,53,80,0,49,0,52,83,79
l27,2=32,59,34,26,50,64,30,0,31,4,0,21,3,29,50,0,65,81,57,73,67,0,0,0,0,28,0,0,0,0,0,86,47,73,0,37,20,62,49,76,94,82,0,4,0
l28,2=13,34,36,25,42,36,47,0,30,20,23,4,10,27,42,0,50,81,17,73,72,0,0,0,0,45,12,0,0,0,84,0,49,72,0,41,27,36,83,73,94,92,0,0,2
l29,2=0,0,0,0,0,0,0,0,0,0,0,0,0,0,0,0,0,27,0,2,9,68,0,87,66,57,62,82,0,0,65,67,0,86,0,94,90,95,93,93,94,98,0,0,0
l30,2=0,0,0,0,0,0,0,0,0,0,0,0,0,0,0,0,10,59,11,14,33,52,9,82,47,0,62,85,0,0,76,70,90,0,0,94,90,94,93,93,94,98,0,49,0
l31,2=0,0,0,0,0,0,0,0,0,0,0,0,0,0,0,0,0,34,0,25,0,53,0,75,54,43,37,78,0,0,64,71,90,86,0,0,90,95,93,93,94,98,26,19,0
l32,2=0,0,0,0,0,0,0,0,0,0,0,0,0,0,0,0,0,2,0,12,0,45,5,81,48,40,62,75,0,0,45,45,90,86,0,94,0,95,93,93,30,93,0,39,0
l33,2=0,0,0,0,0,0,0,0,0,0,0,0,0,0,0,0,0,0,0,0,0,48,0,2,53,1,50,50,0,0,61,44,90,86,0,94,90,0,93,91,94,71,0,0,0
l34,2=0,0,0,0,0,0,0,0,0,0,0,0,0,0,9,0,0,31,2,52,0,18,2,76,69,31,33,77,0,0,74,85,90,86,0,94,90,95,0,93,94,98,31,34,0
l35,2=0,0,0,0,0,0,0,0,0,0,0,0,0,0,12,0,27,40,8,56,27,33,5,63,28,60,0,0,0,0,84,84,90,86,0,89,90,93,93,0,94,98,0,0,0
l36,2=0,0,0,0,0,0,0,0,0,0,7,0,0,0,20,0,19,55,6,53,71,32,20,49,48,70,59,43,0,0,84,86,57,80,0,85,19,81,93,93,0,95,0,0,0
l37,2=0,0,0,0,0,0,0,0,0,0,0,0,0,0,6,0,41,72,6,65,0,37,2,6,77,72,32,0,0,0,77,86,87,85,0,94,73,78,93,93,94,0,5,33,0
l38,2=0,0,0,0,0,0,0,0,0,0,0,5,0,0,19,0,44,42,53,62,38,55,35,76,81,75,81,59,0,0,0,0,0,0,0,3,0,0,35,0,0,0,0,88,87
l39,2=0,0,0,0,0,0,0,0,0,0,14,9,8,0,54,0,62,59,43,42,55,59,62,73,85,82,87,75,0,0,0,0,0,41,0,0,10,0,34,0,0,0,85,0,90
l40,2=0,0,0,0,0,0,0,0,0,0,17,5,0,0,44,0,6,39,49,34,49,61,48,9,76,76,79,73,0,0,0,0,0,0,0,0,0,0,0,0,0,0,83,87,0
l41,2=0,0,0,0,0,0,0,0,20,8,37,0,6,36,50,0,66,68,60,67,64,72,21,79,86,77,81,64,0,0,0,51,0,0,0,0,0,0,34,0,0,27,84,89,84
l42,2=0,0,0,0,0,0,0,0,0,0,0,0,0,0,39,0,47,49,46,65,56,71,67,78,82,77,81,70,0,0,0,0,51,44,0,0,21,1,66,0,0,0,74,83,84
l43,2=0,0,0,0,0,0,0,0,0,0,0,0,0,0,35,0,27,0,41,29,40,69,54,67,64,75,81,67,0,0,0,0,0,2,0,0,31,0,0,0,0,0,78,80,83
l44,2=0,0,0,0,0,0,0,0,0,0,0,0,0,0,10,0,29,47,40,52,50,54,57,74,79,76,78,72,0,0,0,0,24,33,0,0,0,0,43,25,0,0,79,82,82

l0,3=0,83,79,91,84,88,76,76,90,88,81,82,86,86,68,0,83,61,65,0,0,0,0,0,0,0,0,0,0,0,66,42,0,0,0,0,0,0,0,0,0,0,0,0,0
l1,3=82,0,86,91,88,89,80,84,90,85,84,84,89,86,0,0,50,68,74,54,3,0,0,0,30,0,0,0,0,0,59,38,0,0,0,0,0,0,0,0,0,0,0,0,0
l2,3=82,87,0,83,85,88,80,90,91,87,82,87,89,86,63,0,86,66,62,63,0,0,0,0,0,0,14,0,0,0,62,36,0,0,0,0,0,0,0,0,0,0,0,0,0
l3,3=87,87,81,0,89,89,77,79,90,80,83,84,89,86,37,0,64,46,0,0,5,0,0,0,0,0,0,0,0,0,62,51,0,0,0,0,0,0,0,0,0,0,0,0,0
l4,3=87,87,86,91,0,89,80,84,91,79,76,85,86,86,72,0,59,0,64,0,0,0,0,0,0,0,0,0,0,0,37,0,0,0,0,0,0,0,0,0,0,0,0,0,0
l5,3=82,87,80,91,88,0,80,89,90,65,87,56,89,86,68,0,68,69,68,61,42,0,0,0,0,0,0,0,0,0,68,44,0,0,0,0,0,0,0,0,57,0,0,0,0
l6,3=83,87,86,77,86,89,0,85,89,88,81,87,88,86,78,0,86,75,78,0,0,0,0,2,0,23,0,0,0,0,66,0,0,0,0,0,0,0,0,0,3,0,0,0,0
l7,3=82,82,80,78,80,88,76,0,89,88,81,89,89,86,82,0,86,0,75,74,48,0,0,61,22,77,70,0,0,0,0,0,0,0,0,0,0,0,0,0,0,0,0,0,0
l8,3=82,81,79,81,80,88,76,88,0,87,81,88,88,86,82,0,86,43,78,74,52,0,62,28,3,35,59,35,0,0,48,0,0,0,0,0,0,0,0,0,0,0,0,32,0
l9,3=82,82,79,72,76,84,76,87,88,0,81,89,88,86,80,0,86,70,78,67,55,13,0,25,51,67,54,29,0,0,53,37,0,0,0,0,0,0,0,0,0,0,0,0,0
l10,3=77,81,76,72,77,88,67,73,85,86,0,84,89,86,90,0,93,73,86,75,72,62,46,54,41,80,71,40,0,0,1,43,0,0,0,0,0,0,0,0,0,0,0,20,0
l11,3=81,81,78,76,80,2,76,87,89,87,81,0,89,86,81,0,90,64,78,73,68,52,48,21,32,62,54,25,0,0,46,43,0,0,0,0,0,0,0,0,0,0,0,35,0
l12,3=43,76,77,76,70,88,74,81,86,86,89,89,0,86,85,0,93,53,78,58,56,19,48,19,36,29,60,35,0,0,44,12,0,0,0,0,0,0,0,0,0,41,0,27,0
l13,3=82,81,78,76,78,88,76,86,87,87,87,89,89,0,80,0,88,61,70,62,52,43,6,34,29,31,0,0,0,0,54,31,0,0,0,0,0,0,0,0,0,0,0,0,0
l14,3=52,0,45,10,72,71,61,67,84,75,88,87,88,81,0,0,94,96,93,82,96,63,67,56,59,77,75,23,0,0,61,51,0,0,0,0,0,0,0,63,69,0,63,62,64
l15,3=60,33,66,50,48,63,73,78,85,83,89,89,89,86,93,0,0,89,88,79,86,73,71,60,68,79,72,25,0,0,65,47,0,0,0,0,0,0,7,0,61,38,48,59,58
l16,3=5,69,32,26,0,62,55,0,37,61,73,61,70,52,96,0,94,0,87,93,96,40,0,33,61,73,68,25,0,0,95,82,0,70,0,0,4,0,49,69,87,25,31,67,60
l17,3=11,71,27,0,61,71,65,63,86,85,89,84,89,76,96,0,93,90,0,84,87,57,68,64,77,68,52,7,0,0,74,48,0,5,0,0,0,0,0,0,68,63,59,48,15
l18,3=0,19,34,0,0,61,0,62,79,70,80,73,71,60,90,0,88,97,87,0,96,79,78,60,90,89,84,53,0,0,83,62,16,0,0,0,0,0,51,1,80,72,58,62,59
l19,3=0,0,0,0,21,72,0,43,71,71,82,79,82,74,96,0,94,97,93,93,0,67,69,59,80,86,74,48,0,0,81,56,20,1,0,8,0,0,41,56,85,0,69,65,0
l20,3=0,0,0,0,0,0,0,0,0,0,71,54,39,40,80,0,89,38,61,87,79,0,97,90,67,93,79,63,0,0,0,0,90,78,0,75,40,76,84,41,0,0,74,69,72
l21,3=0,0,0,0,0,0,0,0,68,0,43,49,58,0,75,0,90,0,67,90,76,87,0,88,89,80,83,63,0,0,0,0,0,14,0,61,0,33,0,0,0,0,0,66,2
l22,3=0,0,0,0,0,0,0,45,39,36,49,39,40,51,68,0,64,33,64,68,53,84,71,0,84,90,84,63,0,0,34,2,73,73,0,71,86,58,78,55,21,49,69,69,47
l23,3=0,41,0,0,0,0,0,18,0,51,47,45,67,47,68,0,58,69,85,90,79,60,77,89,0,94,84,62,0,0,0,0,75,65,0,65,53,48,69,60,61,72,79,81,94
l24,3=0,0,0,0,0,0,25,51,43,51,76,57,58,53,81,0,79,53,53,87,83,84,59,89,90,0,83,55,0,0,0,0,58,52,0,52,35,0,49,62,64,65,59,76,88
l25,3=0,0,0,0,0,0,0,50,46,43,57,51,59,0,80,0,70,56,36,87,61,82,65,91,90,93,0,60,0,0,2,38,54,63,0,40,61,4,59,0,65,2,76,75,87
l26,3=0,0,0,0,0,0,0,24,35,33,59,36,67,0,56,0,48,43,22,81,82,87,91,91,84,88,79,0,0,0,6,0,79,88,0,78,82,50,79,61,43,22,58,21,75
l27,3=36,47,35,63,46,73,52,0,42,44,5,66,41,48,62,0,54,97,72,90,45,0,0,25,0,0,0,0,0,0,0,86,48,60,0,23,27,9,69,73,93,89,20,16,28
l28,3=20,34,21,59,0,63,0,0,0,54,61,62,10,39,69,0,32,97,49,53,33,0,0,7,0,0,49,0,0,0,95,0,34,76,0,50,29,59,72,94,93,93,34,35,0
l29,3=0,0,0,0,0,0,0,0,0,0,0,0,0,0,0,0,0,0,0,50,27,84,0,86,82,88,73,58,0,0,85,75,0,98,0,99,98,100,100,99,86,97,0,0,0
l30,3=0,0,0,0,0,0,0,0,0,0,0,0,0,0,0,0,0,75,2,0,0,76,3,90,76,71,72,63,0,0,89,86,98,0,0,99,98,100,100,99,93,97,39,27,13
l31,3=0,0,0,0,0,0,0,0,0,0,0,0,0,0,0,0,0,0,0,8,22,76,71,89,82,74,53,61,0,0,57,73,98,98,0,0,98,90,100,99,93,97,0,41,49
l32,3=0,0,0,0,0,0,0,0,0,0,0,0,0,0,0,0,0,9,0,0,0,36,0,91,75,62,82,63,0,0,72,74,98,98,0,99,0,100,100,99,92,97,0,16,0
l33,3=0,0,0,0,0,0,0,0,0,0,0,0,0,0,0,0,0,0,0,0,0,68,23,76,65,0,0,49,0,0,0,72,98,98,0,90,98,0,100,99,92,86,0,0,0
l34,3=0,0,0,0,0,0,0,0,0,0,0,0,0,0,0,0,16,70,0,47,22,73,0,87,75,63,64,51,0,0,95,86,98,98,0,99,98,100,0,99,93,97,0,0,46
l35,3=0,0,0,0,0,0,0,0,0,0,0,0,0,0,67,0,0,80,0,15,33,28,0,73,76,85,0,52,0,0,94,86,98,98,0,96,63,99,100,0,93,97,4,0,0
l36,3=0,0,0,0,0,34,0,0,0,0,0,1,0,0,63,0,29,82,52,52,45,0,0,28,63,80,65,29,0,0,95,86,42,98,0,95,36,90,100,99,0,97,0,34,0
l37,3=0,0,0,0,0,1,0,0,0,0,0,0,30,0,0,0,23,56,47,53,0,0,0,73,84,84,23,6,0,0,95,86,98,98,0,96,61,88,100,99,93,0,32,19,0
l38,3=0,0,0,0,0,0,0,0,0,0,0,0,0,0,74,0,42,40,54,52,63,61,0,66,77,49,70,36,0,0,30,31,0,46,0,0,0,0,0,0,0,0,0,81,91
l39,3=0,0,0,0,0,0,0,0,38,0,43,44,48,0,74,0,60,53,54,64,60,62,55,67,80,68,75,18,0,0,7,24,0,11,0,29,2,0,0,0,39,0,81,0,94
l40,3=0,0,0,0,0,0,0,0,0,0,0,0,0,0,73,0,47,50,29,61,0,54,0,44,77,83,72,44,0,0,37,0,0,3,0,0,0,0,26,0,0,0,77,75,0
l41,3=0,0,0,0,0,0,0,0,17,0,46,18,49,52,85,0,74,75,67,87,84,54,20,80,89,88,79,36,0,0,22,35,31,0,0,0,0,0,10,40,0,0,80,81,88
l42,3=0,0,0,0,0,0,0,0,0,0,0,0,0,0,65,0,42,37,48,70,56,64,58,63,84,63,75,47,0,0,0,0,46,0,0,43,0,47,35,0,0,0,74,76,88
l43,3=0,0,0,0,0,0,0,0,0,0,0,0,0,0,60,0,21,19,0,42,51,62,16,42,57,56,67,48,0,0,0,0,49,0,0,22,0,0,31,0,0,0,70,65,84
l44,3=0,0,0,0,0,0,0,0,0,0,0,0,0,0,60,0,32,41,0,60,54,53,55,68,77,77,73,47,0,0,0,0,38,47,0,42,7,0,32,38,0,0,77,71,88

l0,4=0,82,89,98,97,98,88,99,95,93,90,95,88,79,74,0,85,50,20,8,0,0,0,0,0,0,0,0,0,0,61,74,0,0,0,0,0,0,0,0,0,0,0,0,0
l1,4=95,0,96,98,94,98,88,91,95,90,90,95,88,85,51,0,78,22,54,31,30,0,0,0,54,0,0,0,0,0,68,66,0,0,0,0,0,0,0,0,0,0,0,0,0
l2,4=95,82,0,94,97,96,88,99,95,93,89,95,88,88,69,0,84,66,61,39,0,0,0,0,0,0,22,0,0,0,4,80,0,0,0,0,0,0,0,0,0,0,0,0,0
l3,4=99,82,89,0,97,98,84,99,94,87,90,95,88,79,65,0,81,30,51,0,0,0,0,0,0,0,0,0,0,0,76,60,0,0,0,0,0,0,0,0,0,0,0,0,0
l4,4=99,82,96,98,0,98,88,100,95,56,91,96,85,83,71,0,81,70,54,0,0,0,0,0,0,0,0,0,0,0,20,88,0,0,0,0,0,0,0,0,0,0,0,0,0
l5,4=99,82,92,98,97,0,88,100,95,93,91,95,88,76,3,0,69,56,45,0,65,0,0,0,0,0,0,0,0,0,83,0,0,0,0,0,0,0,0,0,65,0,0,0,0
l6,4=94,82,89,90,95,98,0,97,94,93,90,95,88,84,77,0,86,68,63,0,56,0,0,0,0,49,0,0,0,0,82,0,0,0,0,0,0,0,0,0,0,0,0,0,0
l7,4=95,75,86,93,91,95,88,0,94,93,90,95,88,88,80,0,86,0,63,45,62,15,0,64,41,72,67,46,0,0,0,0,0,0,0,0,0,0,0,0,0,0,0,0,0
l8,4=95,81,89,93,91,96,88,99,0,93,67,95,88,88,84,0,83,52,66,43,49,28,0,58,62,32,55,45,0,0,58,0,0,0,0,0,0,0,0,0,0,0,32,57,0
l9,4=93,76,86,70,62,95,88,99,94,0,90,95,88,89,81,0,85,61,67,31,59,24,0,59,68,61,37,48,0,0,67,66,0,0,0,0,0,0,0,0,0,0,0,1,7
l10,4=76,73,65,82,78,93,75,81,77,85,0,87,89,87,82,0,86,62,66,38,68,12,49,67,75,71,62,50,0,0,23,59,0,0,0,0,0,0,0,0,0,8,51,67,0
l11,4=90,78,84,82,88,95,88,99,94,93,86,0,89,89,76,0,86,51,68,37,65,0,32,70,62,61,57,52,0,0,0,77,0,0,0,0,0,0,0,0,0,0,11,50,0
l12,4=84,76,86,83,58,92,88,99,93,90,92,96,0,90,83,0,87,64,46,36,69,0,55,62,77,65,62,57,0,0,3,0,0,0,0,0,0,0,0,0,0,0,21,70,7
l13,4=88,78,86,88,89,80,81,99,94,93,90,95,88,0,82,0,83,67,64,31,69,25,0,68,70,69,56,53,0,0,19,49,0,0,0,0,0,0,0,0,0,0,0,58,0
l14,4=67,27,46,44,56,43,62,74,74,72,86,81,84,84,0,0,86,84,82,42,75,36,0,64,69,63,65,55,0,0,66,62,0,0,0,0,0,0,1,26,25,54,75,77,60
l15,4=70,57,54,35,63,49,74,85,69,82,91,95,88,69,84,0,0,67,70,40,70,42,60,64,76,65,62,55,0,0,78,71,0,37,0,0,0,0,0,0,58,0,60,70,26
l16,4=31,17,53,0,63,52,60,0,55,71,72,74,78,71,88,0,87,0,74,73,78,4,0,0,74,63,71,0,0,0,96,95,0,49,0,0,0,0,74,27,73,46,57,76,30
l17,4=0,58,52,41,60,58,63,71,71,73,83,86,69,69,88,0,86,72,0,53,59,0,52,61,71,61,57,51,0,0,73,72,0,0,0,0,0,0,41,0,58,47,49,71,57
l18,4=0,25,44,0,0,0,0,70,69,45,68,78,62,56,79,0,79,88,73,0,83,38,62,65,89,82,82,71,0,0,74,77,51,38,0,53,0,0,58,18,57,52,52,66,54
l19,4=0,11,0,0,0,60,55,73,52,72,80,85,85,71,88,0,87,88,56,73,0,41,63,66,89,72,65,67,0,0,80,73,0,17,0,0,0,0,64,0,49,58,75,86,60
l20,4=0,0,0,0,0,0,0,37,35,16,7,0,0,45,48,0,71,21,0,59,51,0,93,76,79,89,84,90,0,0,0,0,80,52,0,52,35,53,64,1,30,35,51,75,37
l21,4=0,0,0,0,0,0,0,0,0,0,13,50,56,0,0,0,71,0,39,64,59,87,0,78,79,78,81,85,0,0,0,0,0,10,0,66,0,0,57,0,0,0,0,69,62
l22,4=0,0,0,0,0,0,0,54,45,48,24,59,53,50,47,0,53,0,40,50,41,51,55,0,87,89,87,89,0,0,0,0,52,58,0,62,70,49,51,18,45,48,52,78,43
l23,4=0,13,0,0,0,0,0,25,39,53,35,55,65,50,60,0,70,50,64,65,76,72,60,86,0,90,87,83,0,0,0,30,44,40,0,68,44,36,57,23,0,59,78,89,85
l24,4=0,0,0,0,0,0,39,68,27,55,78,67,57,56,77,0,74,51,64,65,71,79,81,84,88,0,85,84,0,0,19,12,62,43,0,48,44,0,60,24,43,44,78,89,80
l25,4=0,0,0,0,0,0,0,63,47,4,35,59,61,48,61,0,61,57,50,59,45,59,62,87,89,89,0,73,0,0,8,12,68,64,0,44,48,46,52,19,54,22,62,88,65
l26,4=0,0,0,0,0,0,0,50,40,41,18,55,57,50,54,0,49,0,41,60,56,87,83,87,81,73,83,0,0,0,28,42,56,63,0,62,68,49,60,19,49,33,22,68,58
l27,4=0,37,1,19,0,64,67,0,56,70,0,0,0,36,79,0,55,88,69,67,72,0,0,0,3,4,7,11,0,0,0,95,76,43,0,68,37,0,62,94,100,99,55,20,0
l28,4=39,36,47,37,68,0,11,0,0,64,57,77,0,61,53,0,47,88,43,66,74,0,0,0,29,0,28,36,0,0,96,0,0,80,0,69,56,70,67,96,100,99,1,43,5
l29,4=0,0,0,0,0,0,0,0,0,0,0,0,0,0,0,0,0,0,0,28,0,81,0,79,53,79,85,76,0,0,83,0,0,92,0,100,100,100,90,96,100,100,75,69,0
l30,4=0,0,0,0,0,0,0,0,0,0,0,0,0,0,0,0,38,70,0,31,15,50,6,75,49,73,78,80,0,0,69,95,95,0,0,100,100,96,90,96,100,100,64,0,21
l31,4=0,0,0,0,0,0,0,0,0,0,0,0,0,0,0,0,0,0,0,58,2,69,76,87,86,74,79,86,0,0,81,84,95,92,0,0,100,100,90,96,100,100,59,75,36
l32,4=0,0,0,0,0,0,0,0,0,0,0,0,0,0,0,0,0,0,0,0,0,46,0,87,83,78,84,89,0,0,75,94,95,92,0,100,0,100,90,96,99,100,0,62,0
l33,4=0,0,0,0,0,0,0,0,0,0,0,0,0,0,0,0,0,0,0,0,0,84,0,86,84,0,85,88,0,0,0,93,95,92,0,100,100,0,90,96,100,96,0,0,0
l34,4=0,0,0,0,0,0,0,0,0,0,0,0,0,0,0,0,3,70,26,50,66,55,59,67,75,77,76,80,0,0,75,78,95,92,0,100,100,100,0,96,100,100,23,53,45
l35,4=0,0,0,0,0,0,0,0,0,0,0,0,0,0,78,0,0,76,0,42,0,0,0,63,57,87,79,83,0,0,83,95,95,92,0,100,98,98,90,0,100,100,25,0,15
l36,4=0,0,0,0,0,51,0,0,0,0,0,0,0,0,35,0,44,79,50,43,36,9,0,49,0,71,74,70,0,0,96,95,94,92,0,100,61,94,90,96,0,100,0,0,0
l37,4=0,0,0,0,19,0,0,0,0,0,44,0,30,0,70,0,0,74,45,41,65,37,0,60,57,78,56,54,0,0,83,90,95,88,0,95,94,78,90,96,100,0,52,0,22
l38,4=0,0,0,0,0,0,0,0,0,0,11,0,0,0,57,0,41,32,17,7,39,19,0,56,73,69,50,15,0,0,15,15,41,21,0,0,0,0,0,0,0,1,0,89,85
l39,4=0,0,0,0,0,0,0,0,26,0,11,24,48,34,60,0,47,37,53,47,68,19,36,75,76,73,77,40,0,0,0,25,35,0,0,3,14,0,7,0,0,0,81,0,85
l40,4=0,0,0,0,0,0,0,0,0,0,0,0,30,0,46,0,21,0,20,52,41,5,39,54,78,66,62,63,0,0,0,1,0,4,0,0,0,0,29,4,0,2,84,89,0
l41,4=0,0,0,0,0,0,0,0,0,0,30,51,58,55,61,0,55,65,55,61,61,40,45,71,78,73,78,0,0,0,47,52,50,0,0,0,0,0,18,0,14,1,78,86,54
l42,4=0,0,0,0,0,0,0,0,0,0,7,0,0,0,46,0,0,47,36,55,57,51,38,69,80,67,73,71,0,0,0,0,40,2,0,33,35,0,48,0,0,0,72,90,71
l43,4=0,0,0,0,0,0,0,0,0,0,0,0,0,0,2,0,25,23,17,37,45,49,37,64,36,65,73,42,0,0,0,0,47,30,0,9,22,0,0,0,0,0,68,88,82
l44,4=0,0,0,0,0,0,0,0,0,0,0,0,0,0,53,0,44,45,30,52,42,48,0,64,77,78,80,64,0,0,0,0,47,48,0,24,22,0,0,0,0,0,84,89,80

l0,5=0,94,86,92,95,89,83,91,73,75,69,90,87,52,2,0,60,46,7,24,0,0,0,0,0,0,0,0,0,0,32,2,0,0,0,0,0,0,0,0,12,0,0,0,0
l1,5=92,0,86,91,95,87,93,92,77,74,87,90,87,90,15,0,51,45,32,19,2,0,0,0,0,0,0,0,0,0,27,0,0,0,0,0,0,0,0,0,8,0,0,0,0
l2,5=92,94,0,89,95,87,91,92,77,74,62,90,87,91,14,0,62,54,0,0,0,0,0,0,1,4,0,0,0,0,36,29,0,0,0,0,0,0,0,0,0,0,0,0,0
l3,5=94,95,90,0,95,92,90,93,75,74,54,89,79,89,0,0,43,35,59,15,0,0,0,0,0,0,0,0,0,0,44,27,0,0,0,0,0,0,0,0,0,0,0,0,0
l4,5=94,90,89,92,0,92,93,92,62,64,82,78,84,91,1,0,78,48,38,51,0,0,0,0,0,0,0,0,0,0,28,11,0,0,0,0,0,0,0,0,0,0,0,0,0
l5,5=92,94,86,89,95,0,91,92,73,75,84,90,83,89,62,0,57,43,38,22,11,0,0,0,0,0,0,0,0,0,48,16,0,0,0,0,0,0,0,0,9,0,0,0,0
l6,5=83,94,86,81,95,88,0,92,58,75,72,88,87,90,21,0,84,40,45,23,1,0,0,2,0,26,19,0,0,0,39,26,0,0,0,0,0,0,0,0,0,0,0,0,0
l7,5=84,91,86,81,90,86,92,0,77,77,74,91,87,91,77,0,85,0,76,87,0,0,0,11,3,67,51,7,0,0,0,0,0,0,0,0,0,0,0,0,0,0,0,0,0
l8,5=93,95,90,72,74,80,74,96,0,78,78,91,88,92,71,0,76,50,52,78,21,0,30,52,10,46,51,46,0,0,28,0,0,0,0,0,0,0,0,0,0,0,0,0,0
l9,5=81,84,69,58,44,79,88,89,77,0,86,91,87,92,76,0,76,52,75,16,17,20,0,18,29,37,56,31,0,0,29,0,0,0,0,0,0,0,0,0,0,0,0,19,0
l10,5=45,47,18,14,44,51,74,58,46,44,0,89,87,70,82,0,88,54,45,28,37,27,19,38,32,39,59,46,0,0,25,27,0,0,0,0,0,0,0,0,0,8,24,20,0
l11,5=68,62,67,63,61,70,73,92,73,75,78,0,88,91,0,0,81,33,61,26,15,0,1,41,32,28,55,51,0,0,33,27,0,0,0,0,0,0,0,0,0,0,18,0,0
l12,5=66,92,84,34,77,66,85,88,73,74,87,91,0,92,80,0,87,57,69,62,62,17,15,31,58,30,62,52,0,0,12,18,0,0,0,0,0,0,0,0,0,0,23,21,0
l13,5=74,75,68,67,78,64,74,81,75,78,86,91,88,0,75,0,75,54,67,73,56,34,0,55,38,53,48,52,0,0,37,20,0,0,0,0,0,0,0,0,0,0,0,15,0
l14,5=14,13,12,0,7,21,38,67,27,26,83,0,81,53,0,0,83,76,83,49,79,28,23,32,32,34,58,47,0,0,39,21,0,0,0,0,0,0,4,19,15,16,32,29,11
l15,5=41,26,17,26,39,21,68,51,23,21,87,84,81,22,78,0,0,60,82,31,41,33,20,38,34,32,62,38,0,0,16,35,0,1,0,0,0,0,1,0,28,0,15,22,6
l16,5=31,16,12,19,9,21,36,0,15,18,55,20,69,19,48,0,55,0,51,49,28,0,0,36,35,10,64,0,0,0,80,87,0,7,0,0,0,0,30,35,42,32,16,16,8
l17,5=6,15,0,28,10,17,57,60,18,29,45,64,61,17,84,0,83,56,0,21,49,27,12,32,27,40,60,0,0,0,59,27,0,0,0,0,0,0,13,12,9,10,28,22,10
l18,5=8,6,0,0,18,17,38,62,49,0,62,39,57,18,77,0,69,71,28,0,79,69,37,74,69,73,68,65,0,0,44,38,19,4,0,7,3,0,40,24,36,2,14,31,32
l19,5=0,8,0,0,0,13,5,1,17,17,59,55,74,19,79,0,83,71,79,91,0,30,15,38,69,44,63,64,0,0,40,62,0,5,0,0,0,0,25,15,13,25,26,35,10
l20,5=0,0,0,0,0,0,0,3,0,4,17,0,20,20,24,0,41,8,18,47,19,0,81,84,64,63,67,80,0,0,0,0,44,20,0,5,38,21,49,14,14,27,52,57,0
l21,5=0,0,0,0,0,0,0,0,26,0,20,0,23,0,44,0,40,0,21,44,3,83,0,43,55,66,62,78,0,0,0,0,0,0,0,0,0,0,6,0,0,0,17,4,21
l22,5=0,0,0,0,0,0,0,0,23,0,23,24,13,18,23,0,37,28,20,61,27,74,35,0,75,81,75,78,0,0,1,0,14,48,0,43,73,48,0,39,34,11,62,56,20
l23,5=0,0,0,0,0,0,0,0,5,7,36,22,46,5,48,0,43,48,23,72,59,68,53,93,0,85,76,66,0,0,6,9,33,5,0,27,0,0,25,55,3,47,58,57,63
l24,5=0,0,0,0,0,1,24,48,18,18,58,19,27,22,40,0,54,32,52,76,61,72,68,93,76,0,74,70,0,0,2,19,16,9,0,10,3,0,18,45,7,9,20,59,63
l25,5=0,0,0,0,0,0,10,19,19,7,32,19,46,3,41,0,45,46,31,69,26,70,46,93,76,74,0,64,0,0,14,0,40,50,0,4,0,27,39,8,5,10,56,60,43
l26,5=0,0,0,0,0,0,0,13,16,3,20,22,27,20,38,0,32,6,0,68,42,83,71,93,66,74,67,0,0,0,0,0,25,47,0,0,50,18,47,2,18,33,57,56,42
l27,5=17,32,24,47,30,33,63,0,22,13,53,45,4,27,24,0,51,74,50,25,22,0,0,7,14,0,40,0,0,0,0,88,22,12,0,12,2,17,37,47,89,84,0,0,0
l28,5=0,0,20,27,8,20,41,0,0,0,32,20,13,11,19,0,56,76,24,62,48,0,0,0,4,5,0,0,0,0,84,0,22,12,0,7,12,11,25,69,57,44,10,14,0
l29,5=0,0,0,0,0,0,0,0,0,0,0,0,0,0,0,0,0,0,0,36,0,73,0,11,57,26,65,41,0,0,24,18,0,81,0,82,100,92,84,93,74,90,4,10,0
l30,5=0,0,0,0,0,0,0,0,0,0,0,0,0,0,0,0,2,23,0,9,5,23,0,69,30,10,68,68,0,0,39,35,79,0,0,82,100,92,84,94,93,93,4,3,6
l31,5=0,0,0,0,0,0,0,0,0,0,0,0,0,0,0,0,0,0,0,39,0,21,16,64,63,32,57,0,0,0,33,19,79,81,0,0,100,92,84,94,93,93,8,5,4
l32,5=0,0,0,0,0,0,0,0,0,0,0,0,0,0,0,0,0,0,0,22,0,56,0,91,3,0,0,65,0,0,0,72,79,81,0,82,0,92,81,92,93,90,0,1,0
l33,5=0,0,0,0,0,0,0,0,0,0,0,0,0,0,0,0,0,0,0,0,0,50,0,73,0,0,39,14,0,0,26,30,79,81,0,82,100,0,84,30,84,40,0,0,0
l34,5=0,0,0,0,0,0,0,0,0,0,0,0,0,0,0,0,7,34,5,58,8,60,17,0,13,7,60,63,0,0,36,12,79,81,0,79,78,84,0,94,93,93,0,16,1
l35,5=0,0,0,0,0,0,0,0,0,0,0,0,0,0,13,0,0,38,11,17,6,3,0,22,21,8,43,0,0,0,47,54,79,81,0,82,91,25,84,0,93,93,0,0,5
l36,5=0,0,0,0,0,16,0,0,0,0,0,0,1,0,12,0,53,49,12,50,9,19,0,34,13,6,56,29,0,0,84,33,44,81,0,56,31,29,84,94,0,93,0,0,0
l37,5=0,0,0,0,0,0,0,0,0,0,21,0,0,0,12,0,20,32,14,13,12,22,0,19,43,8,59,36,0,0,84,63,79,81,0,81,47,23,84,94,93,0,0,1,0
l38,5=0,0,0,0,0,0,0,0,0,0,15,8,15,0,23,0,14,23,21,7,14,28,15,56,57,15,61,55,0,0,0,9,8,2,0,0,0,0,0,0,0,0,0,57,68
l39,5=0,0,0,0,0,0,0,0,0,4,11,0,26,2,47,0,38,26,31,62,42,54,0,56,61,66,67,58,0,0,0,12,5,1,0,0,1,0,14,0,0,0,59,0,70
l40,5=0,0,0,0,0,0,0,0,0,0,0,0,0,0,44,0,12,18,9,61,4,0,10,14,61,62,56,52,0,0,0,0,0,1,0,0,0,0,0,1,0,0,63,61,0
l41,5=0,0,0,0,0,0,0,0,1,4,7,13,52,3,55,0,54,55,38,61,29,24,26,73,65,65,67,44,0,0,15,20,9,0,0,0,0,0,15,0,14,0,63,59,38
l42,5=0,0,0,0,0,0,0,0,0,0,8,0,0,0,25,0,8,21,17,38,22,23,0,64,62,68,60,57,0,0,0,0,0,5,0,2,22,0,17,0,2,0,63,59,68
l43,5=0,0,0,0,0,0,0,0,0,0,9,0,0,0,0,0,0,0,11,27,17,56,16,53,40,56,62,58,0,0,0,0,15,1,0,15,0,0,8,0,0,0,57,58,48
l44,5=0,0,0,0,0,0,0,0,0,0,0,1,15,0,44,0,32,19,9,57,11,59,12,50,62,67,64,61,0,0,0,0,0,7,0,2,14,0,0,0,0,0,61,59,67

l0,6=0,36,46,52,48,38,45,43,39,33,18,29,29,45,1,0,15,6,13,17,0,0,0,0,0,0,0,0,0,0,27,0,0,0,0,0,0,0,0,0,0,0,0,0,0
l1,6=33,0,46,51,47,38,41,45,40,31,36,30,32,45,0,0,19,7,20,10,0,0,0,0,0,0,0,0,0,0,20,8,0,0,0,0,0,0,0,0,0,0,0,0,0
l2,6=38,37,0,51,47,38,47,45,56,39,2,30,32,45,8,0,9,23,7,18,0,0,0,0,1,20,0,0,0,0,0,0,0,0,0,0,0,0,0,0,0,0,0,0,0
l3,6=52,37,54,0,86,38,43,44,40,42,18,30,20,44,1,0,8,18,15,0,0,0,0,0,0,0,0,0,0,0,11,0,0,0,0,0,0,0,0,0,0,0,0,0,0
l4,6=40,32,46,52,0,39,47,46,39,35,0,24,30,29,2,0,23,2,11,10,0,0,0,0,0,0,0,0,0,0,14,24,0,0,0,0,0,0,0,0,0,0,0,0,0
l5,6=33,36,45,52,48,0,47,45,40,32,36,31,15,41,14,0,11,15,21,2,0,0,0,0,0,0,0,0,0,0,27,12,0,0,0,0,0,0,0,1,0,0,0,0,0
l6,6=32,33,47,45,48,38,0,46,40,45,39,31,32,40,19,0,25,16,17,12,0,0,0,0,5,12,0,0,0,0,0,14,0,0,0,0,0,0,0,0,1,0,0,0,0
l7,6=31,36,47,41,45,36,50,0,83,44,34,37,31,48,24,0,23,17,26,31,22,0,0,0,0,29,11,0,0,0,0,0,0,0,0,0,0,0,0,0,0,0,0,0,0
l8,6=37,37,78,49,43,38,43,85,0,67,35,48,37,48,24,0,23,9,15,28,0,0,14,16,27,29,15,8,0,0,0,0,0,0,0,0,0,0,0,0,0,0,0,0,0
l9,6=53,33,27,49,63,36,84,87,83,0,62,72,76,92,32,0,23,16,35,10,18,0,11,5,18,26,10,4,0,0,11,0,0,0,0,0,0,0,0,0,0,0,4,0,0
l10,6=15,26,0,21,0,20,42,41,37,37,0,33,52,53,39,0,30,24,27,24,22,7,11,17,24,35,15,4,0,0,8,15,0,0,0,0,0,0,0,0,0,4,17,25,0
l11,6=27,32,34,44,38,36,42,76,80,78,39,0,76,88,15,0,28,22,33,32,14,5,1,17,34,22,8,7,0,0,22,15,0,0,0,0,0,0,0,0,0,0,0,16,0
l12,6=21,33,46,18,42,11,44,43,83,44,51,72,0,92,31,0,28,20,29,31,31,1,0,13,32,27,11,2,0,0,11,4,0,0,0,0,0,0,0,0,0,0,18,22,0
l13,6=32,31,44,49,35,31,38,45,40,65,42,38,76,0,30,0,23,20,30,35,23,10,0,18,29,23,9,5,0,0,14,12,0,0,0,0,0,0,0,0,0,0,0,12,0
l14,6=2,0,18,0,10,11,24,32,30,16,64,20,36,28,0,0,42,61,69,71,24,4,20,14,22,19,2,8,0,0,19,13,0,5,0,0,0,0,18,0,1,0,23,32,19
l15,6=12,12,19,24,19,9,30,48,36,15,83,26,37,19,43,0,0,22,66,29,30,9,19,19,21,1,14,11,0,0,7,17,0,0,0,0,0,0,5,1,2,0,1,29,0
l16,6=5,3,25,15,6,2,12,17,7,1,22,11,22,5,36,0,16,0,67,54,38,3,0,13,38,19,15,2,0,0,51,72,0,0,0,8,17,0,20,3,21,0,22,12,13
l17,6=0,11,12,14,16,12,21,38,21,15,43,30,52,25,63,0,40,45,0,54,52,10,17,21,27,56,15,11,0,0,37,20,0,8,0,0,0,0,0,0,9,3,23,34,20
l18,6=8,4,14,0,9,4,13,22,24,1,13,12,21,24,55,0,29,55,32,0,62,19,20,22,64,58,25,36,0,0,0,15,18,10,0,6,11,0,27,13,22,11,21,42,20
l19,6=0,9,5,0,0,0,16,25,25,7,26,13,19,10,52,0,34,61,66,75,0,16,20,16,71,52,9,19,0,0,19,26,0,10,0,0,0,0,28,15,5,20,21,33,17
l20,6=0,0,0,0,0,0,0,0,11,0,15,3,12,4,13,0,37,7,22,60,26,0,59,56,69,63,39,47,0,0,0,0,29,6,0,5,23,0,36,16,7,18,28,1,12
l21,6=0,0,0,0,0,0,0,0,14,4,14,2,1,0,35,0,45,0,23,54,34,44,0,46,57,55,26,43,0,0,0,0,9,4,0,0,0,0,26,0,0,0,37,21,26
l22,6=0,0,0,0,0,0,0,5,12,0,18,5,12,6,14,0,33,18,26,60,10,40,35,0,71,64,46,48,0,0,0,5,14,39,0,26,45,33,45,16,12,24,67,18,34
l23,6=0,0,0,0,0,0,0,0,9,0,15,6,36,10,34,0,29,21,13,61,54,39,18,60,0,63,48,38,0,0,6,8,18,7,0,22,1,0,16,18,9,19,65,65,35
l24,6=0,0,8,0,0,0,9,23,20,3,34,4,37,17,9,0,3,9,54,62,52,38,41,60,74,0,47,39,0,0,4,8,8,9,0,12,11,0,12,10,2,24,54,66,44
l25,6=0,0,0,0,0,0,2,10,22,4,31,5,38,7,10,0,49,37,45,62,10,39,10,66,74,66,0,38,0,0,0,0,26,15,0,13,21,23,36,19,8,20,1,70,38
l26,6=0,0,0,0,0,0,0,7,1,0,11,12,13,8,19,0,40,9,43,64,48,45,54,62,68,64,39,0,0,0,4,0,36,18,0,0,42,26,62,33,6,37,60,57,33
l27,6=6,15,0,9,8,18,2,1,0,0,3,11,22,2,17,0,1,26,32,18,8,0,0,0,12,3,0,0,0,0,0,71,24,24,0,16,24,15,35,17,23,28,0,6,0
l28,6=0,0,0,0,20,6,12,2,0,1,18,9,13,13,7,0,13,28,28,26,26,0,0,3,17,20,0,0,0,0,50,0,18,17,0,14,26,23,24,15,40,37,11,12,0
l29,6=0,0,0,0,0,0,0,0,0,0,0,0,0,0,0,0,0,0,0,30,0,33,6,17,50,9,14,13,0,0,26,22,0,69,0,75,74,82,80,81,33,63,7,9,0
l30,6=0,0,0,0,0,0,0,0,0,0,0,0,0,0,0,0,0,0,13,22,12,12,5,23,32,28,14,9,0,0,29,23,59,0,0,74,69,72,80,29,86,75,9,3,0
l31,6=0,0,0,0,0,0,0,0,0,0,0,0,0,0,0,0,0,12,0,26,0,22,0,22,62,28,15,0,0,0,24,19,59,67,0,0,74,84,73,71,73,71,11,0,0
l32,6=0,0,0,0,0,0,0,0,0,0,0,0,0,0,0,0,0,16,0,26,0,33,0,34,4,27,8,13,0,0,42,44,59,66,0,75,0,78,72,64,70,60,17,0,0
l33,6=0,0,0,0,0,0,0,0,0,0,0,0,0,0,0,0,0,0,0,0,0,0,0,21,0,0,11,12,0,0,17,22,59,66,0,75,74,0,72,18,33,47,0,0,0
l34,6=0,0,0,0,0,0,0,0,0,0,0,0,0,0,9,0,0,19,0,25,16,18,17,36,26,26,14,21,0,0,38,21,59,68,0,75,60,55,0,82,87,80,19,20,0
l35,6=0,0,0,0,0,2,0,0,0,0,0,0,0,0,0,0,10,14,0,23,15,7,0,15,31,35,6,7,0,0,72,39,59,55,0,68,68,35,80,0,89,81,0,1,0
l36,6=0,0,0,0,0,0,0,0,0,0,0,0,6,0,4,0,13,61,22,46,4,5,0,14,18,13,7,1,0,0,92,70,33,69,0,55,65,55,80,82,0,81,0,0,0
l37,6=0,0,0,0,0,0,0,0,0,0,7,0,0,0,0,0,3,22,14,21,15,6,0,15,32,29,6,14,0,0,62,35,54,69,0,67,59,74,80,82,89,0,0,4,0
l38,6=0,0,0,0,0,0,0,0,0,0,8,0,5,0,14,0,0,7,4,30,8,7,8,49,59,31,0,26,0,0,0,4,0,1,0,0,8,0,9,0,0,0,0,67,50
l39,6=0,0,0,0,0,0,0,0,0,0,8,1,17,4,34,0,29,17,43,56,42,0,5,12,58,52,44,23,0,0,3,7,5,1,0,0,0,0,13,0,0,0,67,0,57
l40,6=0,0,0,0,0,0,0,0,0,0,0,0,0,0,34,0,0,14,35,52,29,6,9,34,42,49,23,14,0,0,0,0,0,0,0,0,0,0,0,0,0,0,70,73,0
l41,6=0,0,0,0,0,0,0,0,2,0,9,1,35,2,51,0,15,17,49,61,52,12,8,48,71,67,41,4,0,0,6,8,0,0,0,0,0,0,1,0,1,6,60,76,46
l42,6=0,0,0,0,0,0,0,0,0,0,8,0,2,0,9,0,6,9,14,55,11,11,1,45,48,59,39,22,0,0,0,0,10,1,0,6,10,0,11,0,1,0,65,70,14
l43,6=0,0,0,0,0,0,0,0,0,0,0,0,2,0,10,0,1,0,13,51,21,7,17,47,48,59,36,33,0,0,0,0,0,0,0,17,0,0,10,0,0,0,66,68,49
l44,6=0,0,0,0,0,0,0,0,0,0,0,0,10,0,10,0,10,8,9,33,8,7,7,42,66,57,32,24,0,0,0,0,0,0,0,0,0,0,0,0,0,9,26,59,50

l0,7=0,51,46,66,40,48,41,69,37,59,14,32,37,58,9,0,24,3,0,3,0,0,0,0,0,0,0,0,0,0,28,0,0,0,0,0,0,0,0,0,5,1,0,0,0
l1,7=51,0,46,62,40,51,38,56,39,82,20,45,46,49,0,0,31,4,29,19,0,0,0,0,0,0,0,0,0,0,1,24,0,0,0,0,0,0,0,0,0,0,0,0,0
l2,7=52,51,0,62,40,52,47,94,47,24,15,48,46,62,21,0,18,13,38,24,10,0,0,0,0,2,0,0,0,0,59,0,0,0,0,0,0,0,0,0,0,0,0,0,0
l3,7=59,51,46,0,41,52,40,88,30,61,0,37,9,56,0,0,25,12,18,0,0,0,0,0,0,0,0,0,0,0,22,20,0,0,0,0,0,0,0,0,0,0,0,0,0
l4,7=52,49,43,69,0,68,41,89,30,62,6,43,2,36,1,0,13,2,0,20,0,0,0,0,0,0,0,0,0,0,25,0,0,0,0,0,0,0,0,0,0,0,0,0,0
l5,7=51,51,46,53,40,0,41,78,33,61,40,45,35,45,6,0,9,0,15,23,3,0,0,0,0,0,0,0,0,0,1,0,0,0,0,0,0,0,0,0,0,0,0,0,0
l6,7=52,46,46,47,40,49,0,95,39,95,42,32,23,47,26,0,9,13,46,22,1,0,0,0,0,9,0,0,0,0,0,10,0,0,0,0,0,0,0,0,0,0,0,0,0
l7,7=46,42,42,55,40,54,69,0,66,94,46,83,41,77,42,0,51,10,10,40,32,15,0,0,14,24,20,14,0,0,0,0,0,0,0,0,0,0,0,0,0,0,0,0,0
l8,7=49,54,45,43,36,46,42,95,0,92,44,61,44,60,37,0,41,0,58,31,36,40,25,24,17,10,37,2,0,0,0,9,0,0,0,0,0,0,0,0,0,0,0,0,0
l9,7=47,56,28,55,38,47,76,95,66,0,44,81,85,65,48,0,35,0,64,31,51,11,0,21,0,9,24,0,0,0,19,20,0,0,0,0,0,0,0,0,0,0,0,26,0
l10,7=24,26,26,5,9,34,38,76,33,65,0,27,82,60,49,0,56,13,55,29,48,7,11,37,15,11,21,0,0,0,48,27,0,0,0,0,0,0,0,0,16,0,12,33,0
l11,7=45,40,45,28,33,46,21,92,63,87,45,0,85,61,46,0,32,9,66,41,0,5,0,30,12,5,23,12,0,0,0,15,0,0,0,0,0,0,0,0,0,0,0,42,7
l12,7=47,50,44,13,8,47,12,91,47,88,47,83,0,77,48,0,69,1,66,36,29,0,7,22,34,14,25,8,0,0,59,9,0,0,0,0,0,0,0,0,13,0,18,0,0
l13,7=48,49,44,49,35,42,37,93,41,88,47,82,85,0,47,0,1,3,64,37,58,0,12,31,10,13,0,5,0,0,40,22,0,0,0,0,0,0,0,0,0,0,0,0,0
l14,7=8,0,7,2,5,11,13,42,23,53,55,19,69,58,0,0,78,82,70,74,44,13,0,31,23,13,32,14,0,0,73,45,0,0,0,0,0,0,7,20,18,0,55,42,0
l15,7=18,22,4,17,13,18,11,46,33,36,74,22,47,6,70,0,0,9,57,36,48,13,11,27,22,11,23,10,0,0,40,17,0,0,0,0,0,0,0,21,27,1,0,0,8
l16,7=11,6,22,10,9,0,4,27,0,0,12,3,6,17,50,0,18,0,46,65,57,10,0,15,22,12,24,0,0,0,90,79,0,21,0,0,0,0,9,22,46,42,32,55,4
l17,7=0,30,19,15,0,19,14,19,22,33,38,41,60,58,92,0,48,50,0,54,51,12,0,31,24,16,28,14,0,0,74,46,0,6,0,0,0,0,0,5,26,28,16,52,22
l18,7=0,8,10,0,11,13,9,39,18,17,20,7,13,33,87,0,36,85,49,0,79,46,24,23,43,26,63,30,0,0,42,28,38,16,0,0,0,0,17,24,32,0,26,59,23
l19,7=0,0,4,0,0,14,0,27,11,33,28,7,16,33,47,0,57,89,67,70,0,15,11,37,49,22,23,16,0,0,56,28,0,27,0,0,0,0,15,33,32,20,55,51,24
l20,7=0,0,0,0,0,0,0,17,11,9,20,4,2,0,52,0,21,8,19,58,18,0,64,73,60,56,63,65,0,0,0,0,41,30,0,11,19,3,34,20,0,0,28,48,38
l21,7=0,0,0,0,0,0,0,0,23,0,13,0,25,28,1,0,48,1,0,57,32,80,0,66,60,51,11,63,0,0,0,0,0,0,0,0,11,0,13,9,0,0,62,45,18
l22,7=0,0,0,0,0,0,0,0,7,4,17,7,5,18,18,0,37,1,22,50,42,73,56,0,66,58,75,67,0,0,1,0,39,61,0,29,51,33,40,24,12,41,72,52,39
l23,7=0,0,0,0,0,0,0,17,2,0,2,16,19,15,25,0,35,13,36,61,51,69,52,83,0,74,78,61,0,0,10,13,41,40,0,43,7,0,15,6,28,24,70,53,32
l24,7=0,0,0,0,0,0,1,42,11,13,16,3,26,19,30,0,26,35,50,59,46,72,34,75,66,0,78,64,0,0,18,0,20,19,0,15,4,0,7,34,26,39,70,52,22
l25,7=0,0,0,0,0,0,0,16,9,12,34,7,27,0,29,0,39,12,45,64,23,54,1,83,66,74,0,60,0,0,0,12,42,35,0,19,13,16,13,19,16,20,73,62,28
l26,7=0,0,0,0,0,0,0,20,0,0,7,10,14,2,11,0,6,2,46,62,23,76,59,81,61,57,68,0,0,0,7,0,53,21,0,0,53,19,42,22,2,17,54,24,44
l27,7=5,3,15,6,14,1,0,2,0,3,4,0,10,14,46,0,16,31,41,30,48,0,0,0,1,7,0,0,0,0,0,79,63,39,0,20,0,0,26,44,63,51,1,7,0
l28,7=0,8,0,11,0,0,8,0,2,12,5,7,3,15,39,0,19,64,27,28,22,0,0,0,3,1,1,0,0,0,95,0,56,38,0,17,3,1,14,44,37,31,2,9,0
l29,7=0,0,0,0,0,0,0,0,0,0,0,0,0,0,0,0,0,0,0,40,0,24,0,32,42,12,53,38,0,0,32,28,0,77,0,77,76,75,75,85,70,66,0,0,12
l30,7=0,0,0,0,0,0,0,0,0,0,0,0,0,0,0,0,0,3,0,9,7,10,0,49,40,3,27,3,0,0,49,51,80,0,0,75,70,74,73,54,83,71,0,0,0
l31,7=0,0,0,0,0,0,0,0,0,0,0,0,0,0,0,0,0,0,0,0,0,11,0,34,49,18,50,0,0,0,47,27,80,73,0,0,76,81,72,52,79,65,0,22,0
l32,7=0,0,0,0,0,0,0,0,0,0,0,0,0,0,0,0,0,6,0,0,0,24,10,68,29,14,49,60,0,0,41,41,80,72,0,77,0,81,68,75,44,31,0,0,0
l33,7=0,0,0,0,0,0,0,0,0,0,0,0,0,0,0,0,0,0,0,0,0,0,0,32,0,0,52,22,0,0,31,21,78,76,0,77,76,0,71,60,48,47,0,0,0
l34,7=0,0,0,0,0,0,0,0,0,0,0,0,0,0,8,0,0,4,0,42,10,61,7,43,45,10,29,54,0,0,64,21,80,77,0,77,74,77,0,85,83,78,23,24,0
l35,7=0,0,0,0,0,3,0,0,0,0,0,0,0,0,13,0,16,5,0,22,34,1,0,26,0,22,24,14,0,0,59,37,80,52,0,27,44,27,74,0,83,78,6,0,0
l36,7=0,0,0,0,0,0,0,0,0,0,0,0,2,0,20,0,23,44,9,25,35,0,0,27,18,15,19,0,0,0,94,15,74,77,0,77,16,27,75,85,0,76,0,0,0
l37,7=0,0,0,0,0,0,0,0,0,0,1,0,0,0,1,0,0,10,3,3,12,0,0,28,15,14,11,2,0,0,80,14,78,75,0,46,9,17,75,85,81,0,5,0,0
l38,7=0,0,0,0,0,0,0,0,0,0,1,0,4,0,15,0,0,6,0,19,8,3,7,55,55,45,61,22,0,0,0,0,0,0,0,0,0,0,7,3,0,0,0,60,50
l39,7=0,0,0,0,0,0,0,0,0,3,4,6,0,0,7,0,0,35,33,50,12,33,4,58,59,44,77,11,0,0,2,7,0,0,0,5,0,0,6,0,0,0,76,0,46
l40,7=0,0,0,0,0,0,0,0,0,0,0,1,0,0,0,0,6,1,9,41,13,49,1,45,49,34,39,42,0,0,0,0,12,0,0,0,0,0,0,0,0,0,75,60,0
l41,7=0,0,0,0,0,0,0,0,9,0,1,1,25,16,62,0,35,14,45,47,48,15,2,28,65,59,67,1,0,0,0,20,20,0,0,0,0,0,4,0,0,15,74,68,48
l42,7=0,0,0,0,0,0,0,0,0,0,0,0,0,0,26,0,11,0,0,49,0,54,10,47,56,59,75,44,0,0,0,0,21,16,0,0,0,0,7,0,0,0,74,66,39
l43,7=0,0,0,0,0,0,0,0,0,0,0,0,2,0,8,0,5,0,9,54,10,37,0,64,24,55,68,63,0,0,0,0,21,0,0,18,0,0,3,0,1,0,73,57,49
l44,7=0,0,0,0,0,0,0,0,0,0,0,0,4,0,8,0,6,6,10,49,14,50,14,57,60,53,40,54,0,0,0,0,0,19,0,0,0,0,7,0,0,13,74,59,49

l0,8=0,53,47,54,74,99,99,99,53,25,39,56,50,49,58,0,96,11,50,67,0,0,0,0,0,0,0,0,0,0,55,0,0,0,0,0,0,0,0,0,0,0,0,0,0
l1,8=72,0,47,54,74,100,99,99,53,52,51,23,51,49,26,0,4,39,54,88,0,0,0,0,0,0,0,0,0,0,64,12,0,0,0,0,0,0,0,0,0,0,0,0,0
l2,8=72,53,0,54,74,100,99,99,53,52,57,57,22,50,74,0,99,94,78,67,82,0,0,0,0,0,0,0,0,0,90,0,0,0,0,0,0,0,0,0,0,0,0,32,0
l3,8=72,53,47,0,93,100,99,99,53,51,48,47,50,50,0,0,65,64,51,74,0,0,0,0,0,0,0,0,0,0,87,16,0,0,0,0,0,0,0,0,0,0,0,0,0
l4,8=62,53,47,54,0,100,98,72,49,38,0,54,29,39,19,0,87,95,0,87,0,0,0,0,0,0,0,0,0,0,78,20,0,0,0,0,0,0,0,0,0,0,0,0,0
l5,8=70,53,46,54,74,0,99,99,53,51,25,56,47,49,40,0,99,47,0,91,89,0,0,0,0,0,0,0,0,0,89,50,0,0,0,0,0,0,0,0,0,0,0,0,0
l6,8=72,53,50,54,74,100,0,99,53,97,70,56,51,33,79,0,94,55,57,0,96,0,0,3,0,84,0,0,0,0,89,42,0,0,0,0,0,0,0,0,0,0,0,0,0
l7,8=71,52,47,50,38,100,99,0,99,63,69,75,51,94,85,0,99,56,59,93,90,67,0,36,66,86,88,0,0,0,0,0,0,0,0,0,0,0,0,0,0,0,0,0,0
l8,8=66,53,47,50,73,87,94,99,0,55,68,59,51,49,82,0,95,53,95,93,93,87,41,60,64,0,71,86,0,0,30,16,0,0,0,0,0,0,0,0,0,0,1,36,0
l9,8=37,52,46,50,73,87,99,99,99,0,72,59,51,50,84,0,100,42,34,91,97,72,0,39,56,82,87,0,0,0,0,42,0,0,0,0,0,0,0,0,0,0,0,42,0
l10,8=32,46,39,48,1,78,55,57,42,53,0,36,52,50,86,0,100,11,96,90,97,73,24,47,65,76,88,0,0,0,39,55,0,0,0,0,0,0,0,0,21,0,0,41,0
l11,8=65,40,46,45,72,89,94,99,79,55,67,0,94,51,85,0,95,8,96,90,89,40,0,41,62,73,77,79,0,0,44,0,0,0,0,0,0,0,0,0,0,0,0,0,30
l12,8=45,52,38,48,64,86,94,94,53,55,77,91,0,94,85,0,100,55,97,93,97,40,51,0,65,84,88,77,0,0,82,34,0,0,0,0,0,0,0,0,0,0,45,0,0
l13,8=63,52,47,50,68,100,35,99,50,55,73,59,51,0,85,0,95,52,96,92,94,79,47,46,65,74,0,76,0,0,47,49,0,0,0,0,0,0,0,0,0,0,0,0,0
l14,8=6,4,0,0,30,51,52,53,28,53,89,39,30,41,0,0,81,59,99,98,100,74,13,28,66,89,88,37,0,0,90,56,0,0,0,0,0,0,0,19,55,23,17,43,59
l15,8=38,0,33,10,31,92,47,57,44,54,79,39,51,38,86,0,0,59,64,94,98,79,0,29,67,86,87,87,0,0,74,58,0,3,0,0,0,0,49,0,74,0,0,27,24
l16,8=0,17,15,16,65,34,20,52,0,4,0,0,18,15,84,0,80,0,61,98,100,8,0,0,60,88,74,0,0,0,99,59,0,10,0,0,21,29,82,86,99,72,46,13,24
l17,8=7,23,11,21,0,0,24,45,31,2,78,40,44,40,97,0,81,59,0,96,100,72,22,26,66,89,84,83,0,0,91,48,0,0,0,0,0,0,0,18,76,2,0,29,54
l18,8=0,6,0,0,20,37,0,44,36,22,51,22,30,31,97,0,62,98,88,0,96,86,52,84,71,90,91,91,0,0,77,46,9,17,0,0,0,0,63,8,73,55,54,46,62
l19,8=0,0,10,0,0,58,82,73,49,49,65,21,50,42,86,0,96,98,99,98,0,86,0,89,71,91,93,91,0,0,90,70,0,52,0,0,0,0,40,75,93,76,87,84,64
l20,8=0,0,0,0,0,0,0,22,40,36,37,11,10,49,51,0,68,15,64,83,55,0,95,89,65,90,70,92,0,0,0,0,54,43,0,10,29,0,68,19,0,15,46,37,37
l21,8=0,0,0,0,0,0,0,0,19,0,25,0,33,35,28,0,0,0,54,82,20,93,0,83,63,72,53,85,0,0,0,0,21,34,0,0,28,0,53,0,0,0,51,52,26
l22,8=0,0,0,0,0,0,0,13,10,4,30,16,0,19,34,0,38,0,27,58,64,90,50,0,69,90,92,91,0,0,0,0,49,56,0,57,51,50,75,24,0,41,60,61,36
l23,8=0,0,0,0,0,0,0,20,10,0,29,24,8,11,51,0,62,38,59,86,77,83,54,91,0,92,93,90,0,0,45,0,53,41,0,45,41,13,58,26,48,3,81,86,63
l24,8=0,0,0,0,0,1,15,56,0,18,29,20,19,18,63,0,62,55,80,87,68,86,47,86,71,0,93,86,0,0,30,5,49,0,0,4,39,17,58,7,53,6,89,79,40
l25,8=0,0,0,0,0,0,0,30,11,22,39,30,17,0,47,0,59,48,56,80,62,58,11,90,71,92,0,67,0,0,0,6,43,56,0,24,57,49,60,12,11,31,85,85,41
l26,8=0,0,0,0,0,0,0,0,15,0,0,23,8,7,13,0,53,0,69,86,72,88,72,91,66,90,71,0,0,0,0,0,52,19,0,42,64,12,79,13,0,3,64,45,40
l27,8=0,7,12,24,16,71,13,0,4,0,6,3,9,14,77,0,38,98,58,94,95,0,0,0,52,36,0,0,0,0,0,95,0,86,0,72,53,63,95,91,98,78,0,7,0
l28,8=0,3,0,0,16,73,16,0,0,12,36,0,3,11,78,0,57,98,52,90,39,0,0,0,0,2,2,0,0,0,99,0,24,60,0,0,60,19,85,93,98,66,6,34,0
l29,8=0,0,0,0,0,0,0,0,0,0,0,0,0,0,0,0,0,0,0,51,0,78,2,78,63,71,67,83,0,0,2,64,0,99,0,99,99,97,98,97,88,87,23,3,0
l30,8=0,0,0,0,0,0,0,0,0,0,0,0,0,0,0,0,10,12,0,59,57,70,20,87,60,0,88,75,0,0,90,82,93,0,0,99,98,100,98,97,100,97,0,18,0
l31,8=0,0,0,0,0,0,0,0,0,0,0,0,0,0,0,0,0,0,0,45,0,24,0,84,60,48,56,85,0,0,70,0,93,99,0,0,99,100,98,92,100,97,0,26,0
l32,8=0,0,0,0,0,0,0,0,0,0,0,0,0,0,0,0,0,24,0,0,0,72,39,76,60,64,83,89,0,0,54,59,93,99,0,99,0,100,98,79,78,85,33,0,0
l33,8=0,0,0,0,0,0,0,0,0,0,0,0,0,0,0,0,0,40,0,0,0,0,0,84,46,53,83,61,0,0,61,7,93,99,0,99,99,0,90,97,99,44,0,0,0
l34,8=0,0,0,0,0,0,0,0,0,0,0,0,0,0,0,0,20,46,0,82,47,72,24,91,62,82,79,90,0,0,93,48,93,99,0,99,99,95,0,97,100,98,44,40,0
l35,8=0,0,0,0,0,0,0,0,0,0,0,0,0,0,21,0,0,78,20,71,51,11,0,48,57,23,49,27,0,0,94,54,93,99,0,84,52,100,98,0,100,98,0,0,0
l36,8=0,0,0,0,0,0,0,0,0,0,0,0,0,0,29,0,44,98,45,85,56,0,0,2,63,82,16,0,0,0,99,56,59,99,0,95,60,95,98,97,0,98,28,0,0
l37,8=0,0,0,0,0,0,0,0,0,0,0,0,0,0,50,0,1,53,36,84,54,39,0,49,53,76,63,47,0,0,95,20,89,94,0,87,91,72,98,97,100,0,0,0,0
l38,8=0,0,0,0,0,0,0,0,0,0,0,0,2,0,8,0,0,30,0,37,41,30,17,42,46,62,79,50,0,0,0,4,7,0,0,0,6,2,21,0,7,0,0,86,69
l39,8=0,0,0,0,0,0,0,0,1,7,21,0,0,0,29,0,16,11,18,42,62,24,15,59,66,65,92,56,0,0,20,8,0,0,0,6,0,0,19,0,0,0,91,0,69
l40,8=0,0,0,0,0,0,0,0,0,0,0,3,0,0,31,0,27,12,23,35,48,40,19,44,63,52,56,54,0,0,0,0,0,0,0,0,0,0,0,0,0,0,91,85,0
l41,8=0,0,0,0,0,0,0,12,16,0,0,27,47,10,63,0,59,23,87,43,73,39,23,67,67,91,92,58,0,0,19,49,5,0,0,0,0,0,19,0,0,0,90,86,66
l42,8=0,0,0,0,0,0,0,0,0,0,0,0,0,0,42,0,21,0,17,48,52,54,50,60,48,90,85,72,0,0,0,0,15,27,0,0,7,0,0,0,1,0,90,87,42
l43,8=0,0,0,0,0,0,0,0,0,0,0,0,0,0,16,0,10,0,8,39,42,38,10,56,44,68,83,56,0,0,0,0,14,25,0,0,0,0,33,0,0,0,86,50,43
l44,8=0,0,0,0,0,0,0,0,0,0,0,0,1,0,31,0,0,7,36,49,17,34,16,58,55,69,63,65,0,0,0,0,0,16,0,0,0,0,1,0,0,0,90,77,37

l0,9=0,96,100,100,99,100,100,99,100,98,100,99,100,87,79,0,85,62,22,18,14,0,0,0,32,0,0,0,0,0,18,93,0,0,0,0,0,0,0,0,0,0,0,0,0
l1,9=99,0,98,100,99,100,100,96,100,99,96,72,61,70,21,0,88,66,11,21,0,0,0,0,0,49,0,0,0,0,57,50,0,0,0,0,0,0,0,0,0,0,0,0,0
l2,9=100,98,0,100,99,100,100,99,100,99,91,100,100,98,91,0,97,25,28,22,0,0,0,0,1,0,0,0,0,0,57,0,0,0,0,0,0,0,0,0,0,0,0,0,0
l3,9=100,100,100,0,99,100,100,100,67,87,100,85,100,96,54,0,85,61,0,23,0,0,0,0,0,0,0,0,0,0,55,76,0,0,0,0,0,0,0,0,0,0,0,0,0
l4,9=100,100,100,100,0,100,100,87,100,99,100,99,62,81,78,0,95,62,1,22,0,0,0,0,0,0,0,0,0,0,61,96,0,0,0,0,0,0,0,0,0,0,0,0,0
l5,9=100,100,100,100,99,0,100,100,100,99,100,100,99,98,92,0,97,76,22,2,63,0,0,0,0,45,0,0,0,0,3,50,0,0,0,0,0,0,0,0,34,0,0,0,0
l6,9=100,100,100,100,99,100,0,100,100,99,100,100,100,98,93,0,99,75,33,23,85,0,0,0,0,0,0,0,0,0,0,98,0,0,0,0,0,0,0,0,0,0,0,0,0
l7,9=100,98,100,100,99,100,100,0,100,99,100,100,100,98,87,0,99,79,0,100,77,99,0,0,52,99,53,58,0,0,0,0,0,0,0,0,0,0,0,0,0,0,0,12,0
l8,9=100,98,100,100,99,100,100,99,0,99,100,100,100,98,98,0,99,91,59,98,87,91,0,59,57,94,94,74,0,0,53,0,0,0,0,0,0,0,0,0,0,0,0,54,0
l9,9=94,97,100,89,99,100,100,99,100,0,100,100,100,98,99,0,99,74,26,91,92,78,0,33,52,46,51,51,0,0,1,78,0,0,0,0,0,0,0,0,0,0,0,0,0
l10,9=94,92,60,56,55,60,60,89,99,73,0,100,100,64,99,0,99,81,91,35,76,84,37,38,51,49,60,1,0,0,57,91,0,0,0,0,0,0,0,0,69,28,73,80,57
l11,9=100,83,100,80,99,100,98,99,100,99,100,0,100,98,99,0,99,74,99,100,74,0,1,35,51,22,51,63,0,0,45,0,0,0,0,0,0,0,0,0,0,0,0,67,62
l12,9=94,87,100,63,55,60,61,98,36,99,100,100,0,98,97,0,99,87,57,37,73,83,41,0,21,48,52,46,0,0,55,0,0,0,0,0,0,0,0,0,0,0,65,0,0
l13,9=93,97,100,100,99,100,99,98,100,99,100,100,100,0,99,0,99,79,97,98,99,94,0,55,97,53,54,43,0,0,8,81,0,0,0,0,0,0,0,0,69,0,0,5,0
l14,9=72,22,68,0,44,54,43,21,34,54,100,66,36,31,0,0,99,86,99,36,86,86,38,35,56,52,52,57,0,0,57,89,0,0,0,0,0,0,5,0,85,74,70,79,86
l15,9=74,68,71,21,61,59,55,53,36,73,99,94,100,34,97,0,0,85,99,62,80,92,30,37,61,59,46,60,0,0,59,98,0,2,0,0,0,0,24,0,48,33,50,83,0
l16,9=73,58,0,26,30,59,22,35,28,13,97,61,36,14,96,0,98,0,34,36,91,0,0,34,61,61,25,0,0,0,99,98,62,0,0,0,0,1,6,35,98,94,71,92,0
l17,9=34,6,21,0,33,42,41,0,33,48,97,86,34,31,99,0,99,86,0,63,100,86,42,33,56,59,52,57,0,0,58,88,0,0,0,0,0,0,0,2,11,0,0,86,6
l18,9=45,50,26,19,34,0,4,52,35,52,91,77,36,29,99,0,97,98,98,0,99,91,44,38,97,58,59,98,0,0,55,66,19,21,0,5,0,0,27,0,96,98,86,92,89
l19,9=52,5,0,0,16,42,26,35,33,56,97,62,36,56,99,0,97,100,99,100,0,95,0,65,63,97,94,76,0,0,61,98,0,0,0,0,0,0,25,3,98,98,73,94,91
l20,9=0,0,0,0,0,0,0,90,77,49,80,0,86,78,85,0,96,0,89,97,86,0,100,99,96,97,89,98,0,0,0,0,90,74,0,76,81,0,87,71,0,78,72,92,85
l21,9=0,0,0,0,0,0,0,4,0,0,87,36,97,6,89,0,88,0,97,98,0,100,0,97,96,97,84,98,0,0,0,0,0,74,0,0,81,0,59,0,0,0,83,96,91
l22,9=0,0,0,0,0,0,0,0,75,45,82,78,0,71,75,0,82,74,73,98,96,98,77,0,97,97,94,99,0,0,0,0,76,87,0,80,80,66,98,78,59,76,71,96,73
l23,9=8,0,0,0,0,0,0,63,26,26,73,70,11,50,95,0,97,82,91,98,90,97,82,98,0,100,95,98,0,0,43,0,75,49,0,80,64,43,73,50,73,78,91,96,91
l24,9=0,50,0,0,0,41,0,95,83,55,77,53,87,69,92,0,94,97,97,96,98,98,97,98,98,0,95,98,0,0,7,0,79,53,0,0,91,70,82,75,94,64,91,86,78
l25,9=0,0,0,0,0,0,0,50,50,39,91,70,91,42,85,0,78,58,90,91,91,89,36,98,98,100,0,91,0,0,0,19,83,82,0,88,93,65,91,22,85,77,91,96,91
l26,9=0,0,0,0,0,0,0,63,82,55,0,82,48,22,90,0,84,0,94,98,93,98,97,99,96,97,94,0,0,0,0,0,68,97,0,96,97,66,97,46,65,80,74,78,4
l27,9=68,37,17,17,41,8,0,0,5,0,92,25,16,1,94,0,60,100,32,33,81,0,0,0,27,0,0,0,0,0,0,99,49,96,0,20,37,40,24,36,91,100,0,19,11
l28,9=76,9,0,18,37,22,28,0,0,9,98,0,0,9,95,0,64,79,10,7,83,0,0,0,0,0,5,0,0,0,99,0,66,3,0,0,63,0,25,3,99,78,0,0,0
l29,9=0,0,0,0,0,0,0,0,0,0,0,0,0,0,0,0,0,78,0,53,0,95,0,99,98,89,91,68,0,0,53,91,0,100,0,100,100,100,100,99,99,100,61,36,6
l30,9=0,0,0,0,0,0,0,0,0,0,0,0,0,0,0,0,44,0,0,31,5,88,7,99,18,19,91,99,0,0,97,7,100,0,0,100,100,100,100,99,99,100,5,6,10
l31,9=0,0,0,0,0,0,0,0,0,0,0,0,0,0,0,0,0,0,0,89,0,78,0,61,89,0,90,91,0,0,90,0,100,100,0,0,100,100,100,74,99,82,0,1,0
l32,9=0,0,0,0,0,0,0,0,0,0,0,0,0,0,0,0,0,63,0,38,0,89,8,92,66,93,94,98,0,0,97,87,100,100,0,100,0,100,100,97,98,100,8,26,0
l33,9=0,0,0,0,0,0,0,0,0,0,0,0,0,0,0,0,0,34,0,0,0,0,0,5,20,40,64,63,0,0,90,0,100,100,0,100,100,0,100,85,98,91,0,0,0
l34,9=0,0,0,0,0,0,0,0,0,0,0,0,0,0,35,0,59,35,0,15,63,95,7,99,36,36,94,77,0,0,61,86,100,100,0,100,100,100,0,99,99,100,0,0,0
l35,9=0,0,0,0,0,0,0,0,0,0,0,0,0,0,43,0,0,58,17,0,64,86,0,9,47,40,28,35,0,0,98,37,100,100,0,23,63,90,100,0,99,100,0,0,0
l36,9=0,0,0,0,9,20,0,0,0,0,62,0,0,10,56,0,55,59,1,34,96,0,0,2,44,57,56,19,0,0,88,54,69,100,0,27,61,60,100,99,0,100,0,0,0
l37,9=0,0,0,0,0,0,0,0,0,0,68,0,0,0,82,0,51,77,0,83,81,92,0,22,36,58,57,63,0,0,95,98,98,99,0,59,100,96,100,99,99,0,0,7,0
l38,9=0,0,0,0,0,0,0,0,0,0,55,0,26,0,57,0,60,57,7,87,46,61,25,79,96,83,94,77,0,0,0,0,50,26,0,0,0,0,0,0,0,0,0,96,91
l39,9=0,0,0,0,0,0,0,2,6,0,67,38,0,1,74,0,65,75,77,82,81,76,40,94,96,60,94,40,0,0,26,0,33,21,0,0,21,0,0,0,0,1,91,0,91
l40,9=0,0,0,0,0,0,0,0,0,0,2,10,0,0,73,0,0,3,3,85,71,72,53,79,88,67,87,0,0,0,5,0,0,0,0,0,0,0,0,0,0,0,91,96,0
l41,9=0,0,0,0,0,0,0,22,13,0,64,47,75,22,95,0,92,90,97,98,90,67,0,18,96,97,94,92,0,0,31,75,0,29,0,0,0,0,29,10,0,57,91,96,91
l42,9=0,0,0,0,0,0,0,0,0,0,0,0,0,0,41,0,31,42,1,87,83,91,70,88,96,97,92,92,0,0,0,0,0,57,0,0,60,0,56,0,0,0,91,96,90
l43,9=0,0,0,0,0,0,0,0,0,0,0,0,0,0,65,0,0,8,32,80,57,82,0,81,91,76,93,82,0,0,0,0,36,0,0,47,0,0,25,0,0,0,90,84,83
l44,9=0,0,0,0,0,0,0,0,0,0,0,0,21,9,68,0,13,46,57,85,59,83,54,98,96,96,94,54,0,0,0,0,46,0,0,19,0,0,0,0,0,19,91,95,68

l0,10=0,86,94,93,87,42,87,0,90,93,84,59,88,85,0,0,38,50,10,12,26,0,0,0,0,0,0,0,0,0,0,73,0,0,0,0,0,0,0,0,0,0,0,0,0
l1,10=82,0,95,95,87,56,89,0,90,27,34,65,88,84,27,0,34,49,15,9,0,0,0,0,0,14,0,0,0,0,64,60,0,0,0,0,0,0,0,0,0,0,0,0,0
l2,10=85,87,0,92,87,43,89,0,97,94,84,84,91,93,40,0,27,40,19,36,36,0,0,0,12,22,20,0,0,0,0,14,0,0,0,0,0,0,0,0,0,0,0,18,0
l3,10=84,87,94,0,87,61,89,0,95,92,53,80,91,86,13,0,18,0,0,0,0,0,0,0,0,0,0,0,0,0,82,72,0,0,0,0,0,0,0,0,0,0,0,0,0
l4,10=85,87,94,95,0,62,80,4,95,93,84,77,87,85,5,0,70,39,12,0,0,0,0,0,0,0,0,0,0,0,70,75,0,0,0,0,0,0,0,0,0,0,0,0,0
l5,10=25,87,95,95,87,0,86,3,93,42,73,88,87,95,13,0,21,23,9,0,0,0,0,0,0,0,0,0,0,0,66,74,0,0,0,0,0,0,6,0,0,0,0,0,0
l6,10=83,87,95,95,85,41,0,0,97,97,85,88,88,91,24,0,82,70,18,3,29,0,0,0,18,0,12,0,0,0,48,75,0,0,0,0,0,0,0,0,0,0,0,0,0
l7,10=86,87,95,95,75,43,90,0,97,98,90,90,94,96,72,0,86,75,43,77,79,69,0,45,17,75,54,67,0,0,0,53,0,0,0,0,0,0,0,0,0,0,0,4,0
l8,10=81,83,95,91,85,41,90,0,0,97,93,94,94,94,78,0,79,73,73,65,79,64,0,35,61,30,54,66,0,0,40,0,0,0,0,0,0,0,0,0,0,0,0,10,0
l9,10=81,51,91,89,85,40,85,1,92,0,90,94,94,95,84,0,93,63,58,34,43,64,0,31,34,29,42,49,0,0,0,49,0,0,0,0,0,0,0,0,0,0,0,0,0
l10,10=82,41,55,66,81,40,84,0,92,94,0,92,94,93,84,0,96,82,84,14,90,49,26,66,34,48,60,53,0,0,57,70,0,0,0,0,0,0,0,0,36,0,11,22,4
l11,10=18,83,91,84,83,43,85,0,92,98,92,0,94,96,84,0,94,38,84,69,49,41,0,37,26,27,36,56,0,0,14,63,0,0,0,0,0,0,0,0,0,0,0,0,0
l12,10=57,60,59,89,78,39,68,0,92,95,93,93,0,94,84,0,94,89,75,40,35,53,46,30,34,50,55,40,0,0,44,16,0,0,0,0,0,0,0,0,0,0,48,0,0
l13,10=76,82,92,90,83,41,85,0,92,98,92,94,94,0,81,0,86,44,82,58,92,0,47,45,0,40,43,26,0,0,2,50,0,0,0,0,0,0,0,0,0,0,0,26,0
l14,10=0,24,26,0,19,8,43,0,48,52,89,85,85,33,0,0,95,93,89,41,96,67,52,29,38,51,52,78,0,0,77,78,0,0,0,0,0,0,0,40,34,38,73,52,7
l15,10=22,19,16,16,75,32,81,0,46,57,93,92,90,58,85,0,0,91,88,47,60,66,36,55,40,49,51,76,0,0,88,86,0,15,0,0,0,0,0,33,15,26,38,56,0
l16,10=22,39,7,0,28,8,46,0,12,18,49,35,85,7,88,0,83,0,59,47,96,16,0,46,40,28,26,1,0,0,96,90,20,0,0,0,0,0,24,0,83,65,0,57,3
l17,10=7,47,41,0,42,14,0,0,77,82,91,87,82,88,89,0,96,88,0,79,96,0,44,68,72,78,73,78,0,0,78,76,0,0,0,0,0,0,0,7,2,5,0,0,79
l18,10=2,2,17,0,0,0,0,1,27,35,7,73,48,28,45,0,94,95,88,0,96,73,56,62,74,87,27,87,0,0,42,6,0,12,0,0,0,0,8,52,17,74,80,45,41
l19,10=1,0,8,0,0,0,0,1,42,36,80,75,67,54,89,0,85,96,89,79,0,71,0,63,40,54,82,80,0,0,84,82,0,5,0,0,0,0,0,67,68,67,0,57,43
l20,10=0,0,0,0,0,0,0,2,63,65,59,66,67,0,60,0,73,56,2,77,75,0,95,82,70,87,78,88,0,0,0,0,78,64,0,24,0,0,71,63,0,47,53,66,66
l21,10=0,0,0,0,0,0,0,0,0,0,43,0,79,76,74,0,80,51,69,76,0,83,0,83,74,87,82,88,0,0,0,0,23,55,0,0,0,0,0,0,0,0,68,76,82
l22,10=0,0,0,0,0,0,0,4,38,26,64,55,47,48,51,0,69,70,63,61,73,82,74,0,75,87,82,90,0,0,0,0,76,71,0,67,77,63,74,69,0,43,70,68,66
l23,10=0,0,20,0,0,0,4,0,44,48,51,55,57,0,55,0,71,65,62,78,70,71,64,83,0,87,84,88,0,0,46,2,46,53,0,60,43,46,60,65,52,40,58,84,88
l24,10=0,41,9,0,0,2,0,1,39,43,58,59,70,46,60,0,66,64,65,78,81,82,70,82,75,0,83,69,0,0,15,38,62,50,0,46,51,45,59,6,57,56,73,84,0
l25,10=0,0,7,0,0,0,0,0,43,23,64,49,60,40,52,0,57,45,68,41,82,80,52,83,75,87,0,88,0,0,0,0,76,41,0,65,75,47,68,54,35,47,82,83,85
l26,10=0,0,0,0,0,0,0,5,54,26,46,60,47,10,59,0,71,39,60,74,67,81,70,82,74,72,82,0,0,0,0,0,51,78,0,69,77,74,54,44,39,71,62,65,76
l27,10=0,0,0,21,6,4,0,0,1,0,11,0,8,0,45,0,82,96,51,36,37,0,0,0,11,0,0,0,0,0,0,90,15,2,0,6,28,20,45,88,91,81,0,0,0
l28,10=6,0,0,1,10,1,1,0,0,1,17,16,0,9,49,0,85,96,0,1,29,0,0,0,0,0,0,0,0,0,96,0,39,37,0,0,0,0,56,32,91,76,1,0,0
l29,10=0,0,0,0,0,0,0,0,0,0,0,0,0,0,0,0,0,70,0,0,0,79,1,78,64,73,77,67,0,0,65,78,0,87,0,86,91,96,89,92,80,81,62,44,5
l30,10=0,0,0,0,0,0,0,0,0,0,0,0,0,0,9,0,58,0,0,32,5,51,39,77,70,41,43,78,0,0,37,51,87,0,0,86,91,96,89,92,88,87,45,0,0
l31,10=0,0,0,0,0,0,0,0,0,0,0,0,0,0,0,0,0,0,0,0,0,55,0,78,71,49,76,73,0,0,72,20,87,87,0,0,91,96,89,83,88,82,0,0,13
l32,10=0,0,0,0,0,0,0,0,0,0,0,0,0,0,0,0,0,0,0,0,0,0,0,77,45,82,75,77,0,0,68,0,87,87,0,86,0,96,89,90,78,79,0,2,0
l33,10=0,0,0,0,0,0,0,0,0,0,0,0,0,0,0,0,0,0,0,0,0,0,0,73,64,5,47,75,0,0,43,0,87,87,0,86,91,0,89,91,81,87,0,0,0
l34,10=0,0,0,0,0,0,0,0,0,0,0,0,0,0,0,0,0,54,0,14,0,53,0,75,69,44,44,44,0,0,43,75,87,88,0,86,91,96,0,92,91,88,45,0,0
l35,10=0,0,0,0,0,0,0,0,0,0,0,0,0,0,0,0,11,0,0,34,26,40,0,58,69,0,42,7,0,0,61,51,87,88,0,50,89,96,89,0,91,88,0,0,0
l36,10=0,0,0,0,0,0,0,0,0,0,1,0,0,0,3,0,3,60,0,24,30,0,0,0,27,46,4,0,0,0,86,58,69,88,0,52,78,70,89,96,0,88,0,0,0
l37,10=0,0,0,0,0,0,0,0,0,0,0,0,0,0,32,0,29,53,0,47,26,15,0,45,38,44,34,49,0,0,43,80,85,87,0,36,76,84,89,96,91,0,0,0,0
l38,10=0,0,0,0,0,0,0,0,0,0,0,0,61,0,68,0,39,0,9,61,0,57,32,77,70,66,78,72,0,0,0,8,44,17,0,0,0,0,33,0,0,0,0,84,89
l39,10=0,0,3,0,0,0,0,0,3,0,33,0,0,35,70,0,72,73,26,56,73,64,46,72,73,79,79,75,0,0,9,0,44,0,0,0,0,0,0,0,0,0,82,0,89
l40,10=0,0,0,0,0,0,0,0,0,0,0,0,0,0,44,0,5,46,66,65,75,64,54,71,74,0,81,77,0,0,0,0,0,0,0,1,0,0,0,0,0,0,82,84,0
l41,10=0,0,0,0,0,0,0,0,0,13,53,62,58,15,75,0,73,68,68,76,78,64,0,74,72,83,81,75,0,0,47,67,0,0,0,3,0,0,7,1,0,4,81,84,86
l42,10=0,0,0,0,0,0,0,0,0,0,0,0,0,0,64,0,62,48,46,71,75,75,50,78,74,82,77,79,0,0,0,0,0,34,0,0,0,0,47,0,0,0,82,84,84
l43,10=0,0,0,0,0,0,0,0,0,0,2,0,0,0,18,0,0,18,58,12,63,74,14,83,72,60,83,81,0,0,0,0,0,18,0,9,0,0,3,0,0,0,81,76,84
l44,10=0,0,0,0,0,0,0,0,0,0,0,22,0,0,27,0,25,39,0,71,56,79,50,82,74,80,82,84,0,0,0,0,37,0,0,0,43,0,33,0,3,0,83,79,84

l0,11=0,73,85,84,88,89,94,0,85,83,82,67,72,76,1,0,48,22,9,0,0,0,0,0,0,0,0,0,0,0,3,1,0,0,0,0,0,0,0,0,0,0,0,0,0
l1,11=90,0,85,89,88,89,94,0,86,83,7,52,71,53,2,0,7,12,22,11,0,0,0,0,0,0,0,0,0,0,2,0,0,0,0,0,0,0,0,0,0,0,0,0,0
l2,11=88,75,0,85,87,89,94,0,86,83,82,76,71,76,4,0,40,10,27,47,5,0,0,0,4,6,0,0,0,0,3,0,0,0,0,0,0,0,0,0,0,0,0,0,0
l3,11=87,75,85,0,88,89,94,0,86,68,51,41,23,39,1,0,5,10,20,0,0,0,0,0,0,0,0,0,0,0,11,0,0,0,0,0,0,0,0,0,0,0,0,0,0
l4,11=90,75,84,89,0,89,94,0,15,73,5,72,63,52,1,0,6,2,1,0,0,0,0,0,0,0,0,0,0,0,1,0,0,0,0,0,0,0,0,0,0,0,0,0,0
l5,11=87,76,84,89,88,0,91,1,85,82,82,82,71,76,0,0,7,13,0,9,0,0,0,0,0,0,0,0,0,0,3,5,0,0,0,0,0,0,0,0,0,0,0,0,0
l6,11=90,75,87,88,88,86,0,0,86,83,82,80,72,76,0,0,39,15,67,28,0,0,0,0,0,3,0,0,0,0,3,0,0,0,0,0,0,0,0,0,0,0,0,0,0
l7,11=89,75,87,82,87,88,94,0,87,84,77,82,74,77,11,0,71,57,0,56,21,40,0,56,0,41,26,53,0,0,0,0,0,0,0,0,0,0,0,0,0,0,0,6,0
l8,11=87,72,84,82,55,86,90,0,0,83,83,79,72,75,4,0,71,39,72,44,1,15,0,61,20,3,18,31,0,0,3,0,0,0,0,0,0,0,0,0,0,0,0,2,0
l9,11=86,73,79,80,85,86,90,0,85,0,83,84,77,82,11,0,75,0,62,14,2,19,0,41,43,16,17,29,0,0,1,0,0,0,0,0,0,0,0,0,0,0,0,0,0
l10,11=85,58,79,72,68,86,56,0,66,83,0,81,84,61,27,0,83,30,78,32,25,0,15,65,23,24,18,29,0,0,8,12,0,0,0,0,0,0,0,0,0,0,11,3,0
l11,11=65,71,71,59,84,87,89,0,85,87,84,0,82,83,11,0,72,9,75,42,20,0,0,13,0,6,19,0,0,0,0,0,0,0,0,0,0,0,0,0,0,0,0,0,0
l12,11=84,73,80,26,68,87,88,1,85,86,85,81,0,83,12,0,80,22,78,11,24,1,9,13,22,50,5,6,0,0,0,5,0,0,0,0,0,0,0,0,0,0,5,4,0
l13,11=86,50,84,44,85,88,90,0,85,88,85,84,84,0,10,0,72,29,73,30,61,31,16,61,2,29,30,4,0,0,0,15,0,0,0,0,0,0,0,0,0,0,0,12,0
l14,11=10,63,65,7,37,0,0,0,43,42,50,72,82,33,0,0,82,75,82,44,83,19,22,58,27,24,33,36,0,0,15,34,0,0,0,0,0,0,0,2,19,0,75,70,45
l15,11=52,36,68,4,47,38,38,2,53,87,86,78,82,76,71,0,0,50,82,78,83,13,35,61,40,24,30,29,0,0,31,43,0,0,0,0,0,0,0,6,0,8,14,53,0
l16,11=38,52,17,15,20,39,10,2,29,0,19,41,64,25,42,0,25,0,82,39,30,2,0,57,22,6,23,9,0,0,86,42,0,41,0,0,0,0,9,12,26,33,32,69,60
l17,11=5,28,26,25,9,0,27,0,43,34,84,73,74,52,74,0,83,75,0,78,83,19,4,65,47,24,31,34,0,0,37,30,0,0,0,0,0,0,0,0,0,2,25,57,56
l18,11=0,27,54,0,0,31,28,1,40,17,42,59,55,25,48,0,46,60,80,0,85,24,69,71,79,76,28,69,0,0,35,29,24,34,0,19,41,0,29,24,22,29,75,64,50
l19,11=0,0,21,0,0,0,11,0,20,18,45,58,70,30,74,0,80,78,82,80,0,23,0,68,78,73,44,36,0,0,34,30,0,25,0,0,0,0,11,12,23,19,34,64,34
l20,11=0,0,0,0,0,0,0,0,56,57,24,20,44,59,52,0,61,37,60,64,63,0,88,85,71,78,65,81,0,0,0,0,65,60,0,50,52,0,64,48,0,0,68,59,47
l21,11=0,0,0,0,0,0,0,0,0,0,67,9,67,56,27,0,62,0,53,72,0,89,0,84,81,79,73,77,0,0,0,0,0,68,0,11,0,3,48,0,21,0,69,56,62
l22,11=0,0,0,0,0,0,0,0,53,40,58,45,51,56,40,0,53,45,62,63,28,85,74,0,81,79,72,79,0,0,0,21,56,75,0,1,65,47,69,25,0,42,70,62,44
l23,11=0,0,10,0,0,0,0,0,33,57,47,1,56,20,35,0,60,44,67,72,73,41,67,84,0,81,77,73,0,0,34,0,57,41,0,62,42,0,36,38,34,0,75,72,71
l24,11=0,0,2,0,0,0,12,0,18,47,61,53,69,37,53,0,58,33,58,73,65,84,66,82,81,0,77,63,0,0,3,9,50,39,0,41,62,29,44,0,0,17,70,61,63
l25,11=0,0,0,0,0,0,0,0,24,24,24,35,39,21,58,0,30,28,54,24,70,65,69,80,81,81,0,73,0,0,0,13,64,43,0,35,55,35,17,29,11,32,76,70,71
l26,11=0,0,0,0,0,0,0,0,54,52,58,28,54,19,53,0,54,42,55,64,57,88,74,86,74,63,66,0,0,0,0,0,65,72,0,66,68,64,67,15,0,63,62,43,65
l27,11=28,15,23,24,19,46,4,0,8,8,1,3,3,11,1,0,25,77,45,17,17,0,0,0,1,3,0,0,0,0,0,69,7,0,0,11,7,12,25,39,86,23,0,12,1
l28,11=34,10,0,0,17,13,0,0,0,0,1,11,25,15,10,0,24,77,31,13,20,0,0,10,0,4,0,0,0,0,86,0,12,3,0,6,39,5,18,12,45,19,11,13,0
l29,11=0,0,0,0,0,0,0,0,0,0,0,0,0,0,0,0,0,0,0,20,0,66,0,67,73,53,62,65,0,0,33,31,0,83,0,81,83,86,79,77,77,80,4,49,0
l30,11=0,0,0,0,0,0,0,0,0,0,0,0,0,0,0,0,0,37,0,24,4,17,38,73,51,53,55,63,0,0,6,28,75,0,0,81,83,86,80,15,77,80,0,0,0
l31,11=0,0,0,0,0,0,0,0,0,0,0,0,0,0,0,0,0,0,0,18,0,22,10,33,72,16,21,59,0,0,39,15,75,84,0,0,86,91,77,70,52,78,0,23,0
l32,11=0,0,0,0,0,0,0,0,0,0,0,0,0,0,0,0,0,0,0,27,0,38,0,64,10,45,54,67,0,0,36,48,75,83,0,81,0,91,79,73,77,79,0,1,0
l33,11=0,0,0,0,0,0,0,0,0,0,0,0,0,0,0,0,0,0,0,0,0,0,0,49,0,4,7,47,0,0,49,0,75,86,0,81,86,0,77,77,58,72,0,0,0
l34,11=0,0,0,0,0,5,0,0,0,0,0,0,0,0,0,0,0,28,7,21,10,13,21,72,31,17,7,43,0,0,39,33,75,83,0,73,83,80,0,77,82,85,35,0,0
l35,11=0,0,0,0,0,0,0,0,0,0,0,0,0,0,4,0,21,38,0,23,5,8,0,34,5,3,26,6,0,0,70,21,75,47,0,71,74,80,80,0,87,89,0,0,0
l36,11=0,0,0,0,0,0,0,0,0,0,0,0,0,15,7,0,17,41,8,23,24,0,0,0,5,0,17,0,0,0,72,42,40,86,0,41,76,52,80,87,0,89,0,9,0
l37,11=0,0,0,0,0,1,0,0,0,0,0,0,0,0,4,0,16,53,22,39,19,0,0,57,0,12,25,24,0,0,17,22,69,80,0,68,75,61,80,87,84,0,0,1,0
l38,11=0,0,0,0,0,0,0,0,0,0,9,0,29,0,59,0,12,32,36,61,0,45,37,70,70,67,66,63,0,0,0,8,0,0,0,0,0,0,36,0,0,0,0,78,64
l39,11=0,0,0,0,0,0,0,0,1,0,20,0,20,15,58,0,65,53,64,61,65,61,0,71,77,68,71,59,0,0,36,14,19,0,0,0,0,0,0,0,0,0,78,0,77
l40,11=0,0,0,0,0,0,0,0,0,0,0,0,0,0,33,0,0,51,59,57,53,43,34,59,78,66,65,68,0,0,7,0,0,0,0,0,0,0,0,0,0,0,74,78,0
l41,11=0,0,1,0,0,0,0,0,21,22,18,54,0,26,18,0,66,54,70,76,68,67,41,72,76,75,71,68,0,0,11,29,0,1,0,11,0,0,0,0,0,18,77,78,73
l42,11=0,0,0,0,0,0,0,0,0,0,0,0,0,0,51,0,55,14,48,67,61,67,60,74,76,70,66,68,0,0,0,0,47,0,0,42,0,0,51,0,0,0,72,77,72
l43,11=0,0,0,0,0,0,0,0,0,0,0,0,0,0,0,0,19,0,0,52,49,60,10,83,60,68,74,78,0,0,0,0,0,47,0,0,0,0,43,0,0,0,78,70,73
l44,11=0,0,0,0,0,0,0,0,0,0,0,11,17,0,41,0,17,0,24,67,0,68,55,80,78,78,69,36,0,0,0,0,21,0,0,0,46,0,0,0,0,0,78,58,33

l0,12=0,84,72,92,86,79,94,2,76,80,44,89,84,87,65,0,67,21,3,1,0,0,0,0,0,0,0,0,0,0,0,0,0,0,0,0,0,0,0,0,0,0,0,0,0
l1,12=95,0,70,92,86,79,94,9,73,78,54,87,82,86,58,0,27,1,0,41,0,0,0,0,3,0,0,0,0,0,24,24,0,0,0,0,0,0,0,0,0,0,0,0,0
l2,12=95,81,0,89,83,79,88,0,78,77,81,89,81,86,24,0,18,16,32,67,7,4,0,0,2,19,2,0,0,0,18,23,0,0,0,0,0,0,0,0,0,0,0,0,0
l3,12=88,85,72,0,86,79,94,9,75,75,12,85,81,88,7,0,7,14,0,5,0,0,0,0,0,0,0,0,0,0,60,0,0,0,0,0,0,0,0,0,1,0,0,0,0
l4,12=89,85,70,92,0,79,94,10,73,79,11,87,30,86,0,0,16,20,0,3,0,0,0,0,0,0,0,0,0,0,38,0,0,0,0,0,0,0,0,0,0,0,0,0,0
l5,12=89,85,72,93,86,0,94,5,76,79,81,87,81,86,6,0,5,21,13,6,0,0,0,0,4,0,0,0,0,0,34,18,0,0,0,0,0,0,1,0,0,0,0,0,0
l6,12=95,84,70,93,86,79,0,0,79,77,82,87,82,86,8,0,43,51,78,68,0,0,0,0,5,1,0,0,0,0,70,0,0,0,0,0,0,0,0,0,0,0,0,0,0
l7,12=85,77,72,88,82,77,92,0,80,84,66,94,84,89,76,0,69,48,77,70,0,20,0,68,61,41,20,14,0,0,0,0,0,0,0,0,0,0,0,0,0,0,0,0,0
l8,12=83,79,70,87,82,77,92,3,0,79,80,85,54,84,70,0,70,49,78,64,10,11,0,58,41,19,17,25,0,0,4,0,0,0,0,0,0,0,0,0,0,0,0,1,0
l9,12=85,79,44,53,82,77,88,5,76,0,78,94,84,89,69,0,73,47,67,56,31,22,0,58,74,36,24,31,0,0,67,5,0,0,0,0,0,0,0,0,0,0,0,0,0
l10,12=52,62,40,30,21,77,88,5,77,82,0,91,84,87,66,0,78,44,82,83,46,0,1,60,57,34,9,18,0,0,1,40,0,0,0,0,0,0,0,0,0,0,38,9,0
l11,12=83,79,51,56,82,76,88,0,73,82,86,0,81,87,70,0,44,41,77,70,47,2,0,7,24,35,27,18,0,0,56,7,0,0,0,0,0,0,0,0,0,0,0,8,1
l12,12=89,79,67,77,58,76,88,8,20,82,86,91,0,88,70,0,75,59,77,71,66,1,5,30,75,66,14,8,0,0,18,7,0,0,0,0,0,0,0,0,0,0,3,8,0
l13,12=66,78,66,86,81,77,87,0,73,86,84,94,84,0,68,0,72,0,78,55,5,1,32,45,44,29,23,20,0,0,0,12,0,0,0,0,0,0,0,0,0,0,0,40,0
l14,12=62,62,3,7,0,23,26,1,68,66,54,53,76,75,0,0,79,54,84,85,91,9,0,50,69,42,35,25,0,0,72,59,0,0,0,0,0,0,0,0,38,41,74,72,36
l15,12=68,41,4,1,38,6,80,4,71,82,88,49,83,86,83,0,0,53,84,85,55,7,3,5,77,43,29,25,0,0,74,50,0,0,0,0,0,1,0,0,8,28,16,53,0
l16,12=3,0,0,0,6,37,39,9,54,22,25,26,50,0,71,0,45,0,84,86,59,0,0,67,19,9,0,11,0,0,85,69,0,5,0,0,0,0,3,33,77,84,12,57,30
l17,12=0,0,7,0,0,58,69,12,64,57,81,79,76,75,84,0,79,91,0,85,88,19,3,69,76,49,29,24,0,0,66,55,0,0,0,0,0,0,2,3,32,5,55,63,49
l18,12=0,58,21,6,14,59,65,2,52,50,51,42,73,60,74,0,54,76,84,0,92,53,50,73,78,72,30,46,0,0,68,50,40,27,0,31,0,0,39,63,62,74,70,72,66
l19,12=0,0,19,0,0,35,22,0,42,53,71,65,73,33,84,0,78,93,84,86,0,23,0,74,81,76,65,41,0,0,62,29,0,34,0,5,0,0,51,51,56,54,38,56,36
l20,12=0,0,3,0,0,0,0,6,28,57,39,42,50,3,54,0,51,22,59,84,63,0,96,82,74,71,58,83,0,0,0,0,61,69,0,61,65,10,61,50,23,19,65,60,56
l21,12=0,0,0,0,0,0,0,0,43,0,57,1,68,61,15,0,59,0,66,83,2,85,0,82,80,71,69,84,0,0,0,0,3,65,0,0,0,0,59,0,0,0,68,0,38
l22,12=0,0,0,0,0,0,0,6,55,55,67,25,61,55,52,0,0,67,64,69,68,79,71,0,80,72,69,82,0,0,15,0,65,73,0,69,74,37,73,75,36,57,66,71,56
l23,12=0,0,0,0,0,29,24,14,32,55,37,24,73,38,58,0,63,28,71,80,78,73,62,82,0,77,70,81,0,0,17,14,67,58,0,65,29,0,60,44,56,60,74,77,71
l24,12=0,0,0,0,0,0,3,7,35,51,57,49,69,52,54,0,56,45,64,80,80,74,58,82,81,0,70,73,0,0,51,28,64,39,0,27,34,0,59,36,53,16,75,63,72
l25,12=0,0,0,0,0,0,0,3,30,38,26,35,42,44,59,0,46,20,57,67,66,56,30,82,81,77,0,79,0,0,3,29,64,65,0,31,48,31,42,48,0,46,72,75,67
l26,12=0,0,0,0,0,0,0,12,51,59,56,55,53,53,55,0,55,54,59,68,41,81,75,83,72,59,60,0,0,0,0,5,67,69,0,70,70,27,69,60,49,64,53,56,63
l27,12=0,6,1,26,9,53,30,0,0,27,0,28,5,0,55,0,41,92,39,62,2,0,0,0,2,8,0,0,0,0,0,72,19,0,0,32,10,16,27,75,81,47,0,6,1
l28,12=2,11,2,0,1,11,0,0,0,0,6,2,4,6,56,0,35,80,66,60,0,0,0,0,2,3,11,0,0,0,85,0,11,1,0,14,21,0,46,69,66,83,8,1,0
l29,12=0,0,0,0,0,0,0,0,0,0,0,0,0,0,0,0,0,0,0,68,0,53,2,70,70,59,60,74,0,0,57,33,0,82,0,84,87,87,82,82,70,80,0,38,0
l30,12=0,0,0,0,0,0,0,0,0,0,0,0,0,0,0,0,0,30,0,67,13,65,32,77,60,41,62,74,0,0,38,32,80,0,0,84,80,83,82,82,74,81,20,20,39
l31,12=0,0,0,0,0,0,0,0,0,0,0,0,0,0,0,0,0,3,0,54,1,31,0,60,68,15,33,73,0,0,62,37,81,82,0,0,88,90,77,75,68,80,0,19,0
l32,12=0,0,0,0,0,0,0,0,0,0,0,0,0,0,0,0,0,13,0,0,0,46,0,68,44,51,50,62,0,0,55,43,80,78,0,84,0,91,82,75,68,76,0,0,0
l33,12=0,0,0,0,0,0,0,0,0,0,0,0,0,0,0,0,0,0,0,0,0,0,0,50,3,0,34,2,0,0,70,0,81,76,0,84,88,0,82,79,65,67,0,0,0
l34,12=0,0,0,0,0,11,0,0,0,0,0,0,0,0,0,0,0,37,5,61,17,49,40,47,41,48,47,66,0,0,71,59,80,83,0,79,87,87,0,83,77,86,22,1,7
l35,12=0,0,0,0,0,0,0,0,0,0,0,0,0,0,0,0,0,37,0,71,10,17,0,49,41,28,36,25,0,0,75,59,80,83,0,76,84,83,83,0,82,89,0,0,0
l36,12=0,0,0,0,0,0,0,0,0,0,0,0,0,0,51,0,15,73,38,72,21,0,0,16,43,35,0,21,0,0,82,59,44,83,0,53,26,20,83,88,0,89,0,0,0
l37,12=0,0,0,0,0,0,0,0,0,0,1,0,0,0,44,0,32,76,20,72,19,1,0,42,42,10,31,31,0,0,69,59,77,83,0,76,77,48,83,88,82,0,15,0,0
l38,12=0,0,0,0,0,0,0,0,0,0,25,0,0,0,58,0,18,24,51,72,37,63,5,72,72,64,59,64,0,0,0,0,0,3,0,0,0,0,3,0,0,0,0,80,75
l39,12=0,0,0,0,0,0,0,0,0,0,19,20,43,34,53,0,29,59,53,69,43,30,0,69,79,57,67,6,0,0,27,26,3,5,0,3,0,0,0,0,0,0,80,0,74
l40,12=0,0,0,0,0,0,0,0,0,0,0,1,0,0,38,0,0,58,52,69,35,10,7,32,72,70,58,73,0,0,20,0,0,6,0,0,0,0,0,0,0,0,78,78,0
l41,12=0,0,0,0,0,0,9,0,33,42,31,22,31,45,32,0,47,64,67,83,68,57,37,73,76,69,58,65,0,0,0,0,0,34,0,0,0,0,6,0,0,53,79,80,75
l42,12=0,0,0,0,0,0,0,0,0,0,0,0,36,0,33,0,30,0,15,75,59,62,34,82,75,65,63,68,0,0,0,0,50,42,0,0,0,0,43,0,0,0,78,78,77
l43,12=0,0,0,0,0,0,0,0,0,0,0,0,37,0,0,0,36,4,30,44,15,24,4,78,70,64,64,81,0,0,0,0,0,18,0,2,0,0,33,0,0,0,79,79,70
l44,12=0,0,0,0,0,0,0,0,0,0,25,0,0,0,16,0,39,0,0,78,56,69,16,74,77,71,57,39,0,0,0,0,19,0,0,0,7,0,15,0,0,0,79,78,62

l0,13=0,92,96,96,99,87,97,93,65,95,80,93,88,97,54,0,54,9,7,17,0,0,0,0,0,0,0,0,0,0,0,8,0,0,0,0,0,0,0,0,0,0,0,0,0
l1,13=98,0,91,98,99,87,96,94,59,56,42,86,91,92,67,0,10,20,0,15,0,0,0,0,0,0,0,0,0,0,3,14,0,0,0,0,0,0,0,0,0,0,0,0,0
l2,13=98,89,0,80,99,79,97,94,73,93,69,93,85,97,48,0,40,22,18,74,66,0,0,1,7,17,2,0,0,0,4,52,0,0,0,0,0,0,0,0,0,0,0,0,0
l3,13=98,92,81,0,99,87,96,91,34,73,49,90,90,93,29,0,18,30,0,10,0,0,0,0,0,0,0,0,0,0,0,74,0,0,0,0,0,0,0,0,0,0,0,0,0
l4,13=98,92,96,98,0,87,96,69,63,96,44,90,84,93,1,0,0,0,0,0,0,0,0,0,0,0,0,0,0,0,19,20,0,0,0,0,0,0,0,0,0,0,0,0,0
l5,13=98,92,96,98,99,0,96,61,67,23,75,24,89,97,14,0,12,14,8,8,0,0,0,0,0,0,0,0,0,0,8,12,0,0,0,0,0,0,0,1,11,0,0,0,0
l6,13=98,92,98,97,99,79,0,94,73,92,81,93,92,97,61,0,78,62,75,81,17,0,0,0,16,1,0,0,0,0,74,5,0,0,0,0,0,0,0,0,0,0,0,0,0
l7,13=95,92,97,98,94,76,97,0,73,93,80,93,96,97,93,0,79,4,84,75,39,0,0,76,76,64,60,30,0,0,0,30,0,0,0,0,0,0,0,0,0,0,0,11,0
l8,13=94,89,98,78,97,78,97,95,0,94,82,93,94,89,85,0,72,20,84,48,16,8,0,24,16,35,24,22,0,0,0,0,0,0,0,0,0,0,0,0,0,0,3,5,0
l9,13=73,74,92,85,96,74,91,91,71,0,87,93,96,97,83,0,85,22,49,73,79,37,0,25,69,66,19,26,0,0,44,17,0,0,0,0,0,0,0,0,0,0,0,9,0
l10,13=33,83,93,89,94,82,93,93,36,88,0,93,96,95,95,0,92,27,29,89,93,2,0,29,75,88,24,17,0,0,48,1,0,0,0,0,0,0,0,0,7,0,11,26,0
l11,13=92,89,93,87,94,71,94,93,71,97,90,0,96,97,93,0,78,22,50,76,35,23,0,7,49,3,24,27,0,0,52,72,0,0,0,0,0,0,0,0,0,0,0,10,0
l12,13=91,89,92,92,93,80,93,93,70,94,90,93,0,97,94,0,91,8,85,85,91,36,0,3,85,88,29,23,0,0,49,27,0,0,0,0,0,0,0,0,0,0,0,0,0
l13,13=91,89,92,92,94,76,95,93,54,97,90,93,96,0,83,0,90,19,85,51,70,0,0,21,57,67,18,16,0,0,0,50,0,0,0,0,0,0,0,0,0,0,0,27,0
l14,13=24,73,19,70,4,59,74,80,35,47,49,52,52,84,0,0,92,32,89,90,100,23,0,9,71,92,27,19,0,0,56,86,0,0,0,0,0,0,0,0,69,19,27,31,76
l15,13=31,74,73,64,65,70,87,93,52,94,90,87,96,97,97,0,0,61,89,91,96,58,1,28,70,86,16,47,0,0,84,71,0,0,0,0,0,0,0,0,0,41,0,0,72
l16,13=0,76,70,70,10,65,58,8,32,29,32,23,14,36,73,0,30,0,32,96,100,0,0,24,62,82,4,20,0,0,60,96,0,17,0,0,0,18,45,50,99,47,3,29,79
l17,13=22,0,62,0,1,70,76,87,35,47,46,49,93,80,97,0,92,57,0,96,100,44,4,29,75,87,24,26,0,0,53,84,0,0,0,0,0,0,0,13,46,12,26,29,78
l18,13=14,51,60,52,4,61,77,68,25,38,57,40,55,35,92,0,86,93,87,0,99,54,13,57,78,93,52,78,0,0,40,68,23,14,0,9,0,0,39,48,81,43,31,28,71
l19,13=0,0,52,0,49,1,51,43,3,36,47,38,84,67,97,0,91,94,89,96,0,42,18,57,88,94,53,15,0,0,69,67,0,0,0,0,0,0,37,67,80,38,28,30,75
l20,13=0,0,0,0,0,0,0,46,19,68,20,70,56,40,80,0,29,25,53,94,83,0,98,92,80,94,82,91,0,0,0,18,38,77,0,72,25,62,78,0,1,60,83,75,28
l21,13=0,0,0,0,0,0,0,40,50,3,0,0,84,68,58,0,69,2,69,87,86,92,0,92,85,85,83,91,0,0,0,0,70,51,0,0,0,0,80,0,0,0,82,2,83
l22,13=0,0,0,0,0,0,0,58,39,30,59,14,65,56,50,0,36,40,53,72,74,91,84,0,88,94,90,91,0,0,0,0,52,68,0,49,57,55,68,67,0,24,82,82,78
l23,13=0,0,0,0,0,0,48,50,0,59,62,21,67,39,84,0,71,24,55,84,97,85,92,92,0,94,90,81,0,0,0,29,67,38,0,43,19,4,66,31,54,52,93,93,91
l24,13=0,0,33,0,0,0,0,61,26,37,68,9,84,66,91,0,76,72,83,94,99,90,35,92,88,0,90,89,0,0,24,34,45,53,0,22,24,7,60,37,69,51,87,92,90
l25,13=0,0,0,0,0,0,0,52,34,22,38,51,70,41,81,0,46,17,42,88,84,61,49,92,88,94,0,62,0,0,15,0,65,42,0,36,25,56,28,40,0,31,93,93,90
l26,13=0,0,0,0,0,0,0,50,45,63,38,64,67,3,67,0,67,45,35,81,38,91,94,92,81,90,77,0,0,0,11,24,67,71,0,72,54,53,85,66,59,54,59,90,85
l27,13=0,53,23,0,74,29,59,2,0,9,21,27,17,2,39,0,12,72,29,79,91,0,0,0,0,16,2,0,0,0,0,96,53,16,0,12,6,6,59,87,98,46,0,0,10
l28,13=0,56,40,77,83,62,18,19,0,4,3,40,16,36,53,0,12,33,32,86,85,0,0,0,48,42,0,2,0,0,96,0,12,21,0,14,29,30,54,37,57,38,18,21,0
l29,13=0,0,0,0,0,0,0,0,0,0,0,0,0,0,0,0,0,0,0,22,0,41,28,49,56,63,66,72,0,0,62,49,0,94,0,91,89,93,92,88,89,32,4,51,0
l30,13=0,0,0,0,0,0,0,0,0,0,0,0,0,0,2,0,7,14,0,38,0,67,28,73,55,65,59,79,0,0,58,59,83,0,0,91,89,92,92,92,92,89,10,18,10
l31,13=0,0,0,0,0,0,0,0,0,0,0,0,0,0,0,0,0,0,0,24,0,65,0,74,56,30,47,67,0,0,50,59,83,94,0,0,89,93,92,84,84,87,0,0,0
l32,13=0,0,0,0,0,0,0,0,0,0,0,0,0,0,0,0,0,0,0,7,0,40,0,73,50,61,30,30,0,0,38,69,83,88,0,91,0,93,92,92,82,90,0,0,0
l33,13=0,0,0,0,0,0,0,0,0,0,0,0,0,0,0,0,0,21,0,0,0,50,0,52,11,2,34,15,0,0,33,57,83,85,0,91,89,0,86,87,84,31,0,0,0
l34,13=0,0,0,0,0,2,0,0,0,0,0,0,0,0,1,0,0,21,0,56,29,56,11,70,62,64,4,83,0,0,59,70,83,94,0,91,89,93,0,93,99,96,0,0,55
l35,13=0,0,0,0,0,47,0,0,0,0,0,0,0,0,16,0,0,35,21,71,68,0,0,79,59,55,26,40,0,0,87,81,83,94,0,52,89,93,92,0,99,96,0,22,0
l36,13=0,0,0,0,49,40,0,0,0,0,4,2,0,0,28,0,0,22,21,75,84,0,0,0,58,70,0,16,0,0,95,94,82,27,0,19,31,54,92,93,0,96,0,0,0
l37,13=0,0,0,0,0,0,0,0,0,0,0,0,0,0,24,0,10,88,18,77,65,39,0,23,72,59,41,31,0,0,86,92,71,94,0,91,89,39,92,93,99,0,0,7,0
l38,13=0,0,0,0,0,0,0,0,0,0,1,0,0,0,79,0,12,14,21,80,76,71,9,75,77,85,78,30,0,0,0,18,2,1,0,0,0,0,0,0,0,0,0,94,94
l39,13=0,0,0,0,0,0,0,26,6,3,31,24,21,61,86,0,19,44,57,67,68,36,3,73,85,81,76,48,0,0,0,25,18,6,0,0,0,0,0,4,0,1,94,0,94
l40,13=0,0,0,0,0,0,0,0,0,0,0,0,0,0,78,0,39,74,58,77,75,9,63,84,77,87,76,51,0,0,0,0,0,0,0,0,0,0,37,0,0,0,92,93,0
l41,13=0,0,0,0,0,0,0,0,0,0,43,1,66,52,70,0,46,83,76,91,92,48,24,77,85,93,73,71,0,0,17,15,0,0,0,0,0,0,0,0,13,40,93,94,89
l42,13=0,0,0,0,0,0,0,0,0,0,0,0,0,0,83,0,41,41,10,91,80,83,35,91,85,92,81,40,0,0,0,0,17,4,0,0,2,0,10,0,0,0,91,91,93
l43,13=0,0,0,0,0,0,0,0,0,0,0,0,2,0,58,0,58,4,18,72,9,75,46,88,71,85,86,80,0,0,0,0,28,50,0,9,0,0,0,0,0,0,88,93,69
l44,13=0,0,0,0,0,0,0,0,0,0,27,0,19,0,83,0,47,2,17,37,81,87,1,88,85,86,49,44,0,0,0,0,0,24,0,0,0,0,0,7,0,32,93,93,89

l0,14=0,100,100,100,100,100,100,100,100,100,99,100,98,100,0,0,94,83,65,0,0,0,0,0,0,0,0,0,0,0,51,0,0,0,0,0,0,0,0,0,0,0,0,0,0
l1,14=100,0,100,100,100,100,100,100,100,100,94,100,100,100,75,0,88,93,87,90,0,0,0,0,0,0,0,0,0,0,86,0,0,0,0,0,0,0,0,0,0,0,0,0,0
l2,14=100,100,0,100,100,100,100,100,100,100,100,100,100,100,100,0,100,77,56,54,0,0,0,0,0,0,0,0,0,0,19,0,0,0,0,0,0,0,0,0,0,0,0,0,0
l3,14=100,100,100,0,100,100,100,98,97,93,99,96,98,63,22,0,82,15,52,0,0,0,0,0,0,0,0,0,0,0,49,62,0,0,0,0,0,0,0,0,0,0,0,0,0
l4,14=100,100,98,100,0,100,100,92,100,100,96,100,92,100,66,0,86,56,53,0,0,0,0,0,0,0,0,0,0,0,51,65,0,0,0,0,0,0,0,0,0,0,0,0,0
l5,14=100,100,100,100,100,0,100,100,100,100,100,100,100,100,99,0,95,69,61,54,85,0,0,0,0,0,0,0,0,0,58,71,0,0,0,0,0,0,0,0,17,0,0,0,0
l6,14=100,100,100,100,100,100,0,100,100,100,100,100,100,100,0,0,100,73,100,98,0,0,0,0,0,0,0,0,0,0,48,0,0,0,0,0,0,0,0,0,0,0,0,7,0
l7,14=100,100,100,100,100,100,100,0,100,100,100,100,100,100,100,0,100,4,100,97,96,0,0,78,64,92,97,0,0,0,0,0,0,0,0,0,0,0,0,0,0,0,0,54,0
l8,14=100,100,100,100,100,100,100,100,0,100,100,100,100,100,100,0,100,73,100,96,65,87,0,62,65,94,100,58,0,0,0,0,0,0,0,0,0,0,0,0,0,0,0,89,0
l9,14=100,100,100,98,100,100,100,100,100,0,100,100,100,100,100,0,100,74,54,97,61,87,0,37,66,93,91,60,0,0,56,0,0,0,0,0,0,0,0,0,0,0,0,0,0
l10,14=97,100,100,100,59,100,100,100,100,100,0,100,100,100,92,0,100,72,100,55,96,0,0,61,70,100,97,49,0,0,55,59,0,0,0,0,0,0,0,0,85,0,80,64,0
l11,14=100,100,100,92,100,100,100,100,100,100,100,0,100,100,100,0,100,68,100,97,94,86,0,52,64,89,94,56,0,0,0,56,0,0,0,0,0,0,0,0,0,0,0,0,70
l12,14=98,100,99,100,56,99,100,100,100,100,100,100,0,100,100,0,100,64,100,96,94,75,46,49,99,100,86,0,0,0,30,58,0,0,0,0,0,0,0,0,0,0,46,91,0
l13,14=100,100,99,99,100,100,100,100,100,100,100,100,100,0,100,0,100,31,100,55,58,0,0,0,73,99,36,35,0,0,24,8,0,0,0,0,0,0,0,0,0,0,0,94,19
l14,14=0,67,85,35,28,52,0,93,97,96,92,93,97,60,0,0,100,74,100,97,100,77,0,60,65,94,94,52,0,0,56,66,0,71,0,0,0,0,0,34,87,88,97,96,88
l15,14=96,95,94,87,52,43,65,99,100,100,100,100,100,66,100,0,0,59,100,57,100,96,0,61,56,97,97,64,0,0,59,68,0,57,0,0,0,0,0,3,82,0,85,91,91
l16,14=87,60,60,41,27,18,34,81,59,88,96,69,60,34,100,0,68,0,63,98,100,0,0,27,66,94,95,23,0,0,80,70,89,0,0,1,0,0,28,65,100,100,0,57,72
l17,14=83,90,58,46,38,54,61,98,100,78,100,100,100,63,100,0,100,98,0,98,100,0,50,61,90,100,93,54,0,0,59,97,0,42,0,0,0,0,7,0,61,82,96,96,99
l18,14=10,91,79,0,0,50,60,89,92,92,92,93,95,56,99,0,98,97,100,0,97,97,51,60,97,97,98,64,0,0,54,65,87,0,0,11,0,0,55,55,95,96,96,95,95
l19,14=0,0,0,0,0,51,0,97,90,27,99,99,98,60,100,0,100,98,100,98,0,92,1,62,99,100,100,55,0,0,60,70,0,0,0,0,0,0,36,64,99,98,97,96,98
l20,14=0,0,0,0,0,0,5,2,80,82,0,88,85,0,87,0,99,5,0,98,94,0,100,100,97,100,68,100,0,0,0,0,90,90,0,89,90,44,99,87,0,92,97,96,27
l21,14=0,0,0,0,0,0,0,0,0,4,0,0,97,1,29,0,0,0,97,98,35,99,0,99,97,99,98,99,0,0,0,0,99,0,0,0,0,0,69,0,0,0,25,95,97
l22,14=0,0,0,0,0,0,0,89,90,73,91,70,88,0,97,0,96,87,95,97,96,99,94,0,99,100,100,100,0,0,0,75,91,89,0,89,92,89,91,93,89,80,95,92,95
l23,14=0,0,0,0,0,0,0,78,85,84,94,79,96,92,97,0,82,92,94,97,96,92,97,100,0,100,100,96,0,0,75,87,96,93,0,92,70,83,95,45,86,96,96,95,98
l24,14=0,0,0,0,0,0,0,84,87,86,95,86,96,63,98,0,96,82,95,97,97,98,59,100,99,0,100,99,0,0,52,55,96,86,0,54,55,0,52,56,93,96,97,96,97
l25,14=0,0,0,0,0,0,0,75,95,80,94,87,89,45,98,0,95,91,91,98,95,19,94,99,99,100,0,96,0,0,2,0,96,86,0,91,84,89,85,86,0,89,97,96,95
l26,14=0,0,0,0,0,0,0,71,94,94,85,93,18,75,96,0,98,69,93,98,83,97,98,100,96,99,98,0,0,0,41,0,99,98,0,92,95,93,99,90,0,96,93,96,98
l27,14=95,63,24,71,64,15,34,0,6,93,100,0,65,15,100,0,100,98,60,57,99,0,0,0,62,99,2,22,0,0,0,99,100,85,0,49,45,66,59,65,100,100,0,54,0
l28,14=0,0,0,62,63,59,0,2,0,0,98,62,87,11,100,0,100,76,61,25,80,0,0,12,65,60,0,0,0,0,98,0,98,81,0,56,50,43,0,36,100,100,37,30,0
l29,14=0,0,0,0,0,0,0,0,0,0,0,0,0,0,0,0,0,70,0,25,0,73,85,81,97,98,100,100,0,0,96,91,0,100,0,98,98,100,100,100,100,100,0,89,0
l30,14=0,0,0,0,0,0,0,0,0,0,0,0,0,0,84,0,63,0,21,0,0,94,0,92,96,99,98,99,0,0,96,93,100,0,0,98,98,99,100,100,100,100,4,19,49
l31,14=0,0,0,0,0,0,0,0,0,0,0,0,0,0,0,0,0,40,0,19,0,68,0,49,78,76,80,74,0,0,71,75,100,100,0,0,98,100,100,94,100,100,49,0,27
l32,14=0,0,0,0,0,0,0,0,0,0,0,0,0,0,0,0,0,0,0,0,0,69,0,60,60,80,76,84,0,0,76,71,100,100,0,98,0,100,100,100,77,100,0,0,0
l33,14=0,0,0,0,0,0,0,0,0,0,0,0,0,0,0,0,0,0,0,0,0,1,0,44,76,0,87,81,0,0,79,67,100,89,0,98,98,0,88,90,92,91,0,0,0
l34,14=0,0,0,0,0,0,0,0,0,0,0,0,0,0,0,0,0,72,3,63,0,97,0,98,96,86,93,99,0,0,96,0,100,100,0,98,98,100,0,100,100,100,1,0,0
l35,14=0,0,0,0,0,2,0,0,0,0,0,0,0,0,95,0,25,97,3,62,77,94,0,99,64,99,99,99,0,0,97,64,100,100,0,98,98,100,100,0,100,100,0,48,0
l36,14=0,0,0,0,0,17,0,0,0,0,94,0,0,0,100,0,77,98,7,32,80,0,0,60,73,100,0,0,0,0,98,70,100,100,0,98,59,78,100,100,0,100,0,5,0
l37,14=0,0,0,0,0,35,0,0,0,0,0,0,0,0,89,0,0,98,21,63,67,81,0,45,81,99,88,60,0,0,98,99,100,100,0,98,98,66,100,100,100,0,7,0,0
l38,14=0,0,0,0,0,0,0,0,0,0,23,0,71,0,92,0,76,0,83,88,88,87,1,91,93,91,95,83,0,0,0,12,0,0,0,46,0,0,0,0,0,0,0,96,98
l39,14=0,0,0,0,0,0,0,54,70,0,63,0,84,53,92,0,88,84,67,91,84,88,35,88,84,96,95,86,0,0,47,4,86,8,0,0,0,0,0,20,0,0,100,0,95
l40,14=0,0,0,0,0,0,0,0,0,0,0,15,0,0,94,0,91,87,93,93,87,89,66,95,93,92,93,94,0,0,0,0,0,28,0,0,0,0,0,0,0,0,97,95,0
l41,14=0,0,0,0,0,0,58,0,0,7,90,1,89,41,97,0,92,95,94,90,96,58,0,93,99,96,95,97,0,0,81,1,0,0,0,1,0,0,0,34,77,83,100,99,95
l42,14=0,0,0,0,0,0,0,0,0,0,0,0,1,0,94,0,0,57,47,96,88,93,83,97,94,96,95,94,0,0,0,0,85,65,0,0,45,0,0,0,0,0,96,95,96
l43,14=0,0,0,0,0,0,0,0,0,0,0,0,0,0,84,0,0,78,0,92,81,78,78,97,76,95,97,94,0,0,0,0,81,83,0,80,0,0,47,16,0,0,97,96,98
l44,14=0,0,0,0,0,0,0,0,0,0,0,0,75,0,93,0,92,54,0,93,92,94,37,96,95,94,95,93,0,0,0,0,0,0,0,0,0,0,0,0,0,85,97,95,97

l0,15=0,100,100,100,100,100,100,100,100,100,90,100,99,100,0,0,27,93,43,33,0,0,0,0,0,0,0,0,0,0,85,58,0,0,0,0,0,0,0,0,0,0,0,0,0
l1,15=100,0,98,100,100,100,100,100,100,100,100,100,99,100,66,0,100,99,96,57,0,0,0,0,0,0,0,0,0,0,99,69,0,0,0,0,0,0,0,0,0,0,0,0,0
l2,15=100,90,0,100,100,100,100,100,100,100,0,100,99,63,70,0,100,92,61,60,0,0,0,0,0,0,0,0,0,0,59,0,0,0,0,0,0,0,0,0,0,0,0,0,0
l3,15=100,100,100,0,100,100,100,100,62,100,100,61,99,49,68,0,0,92,61,10,0,0,0,0,0,0,0,0,0,0,59,60,0,0,0,0,0,0,0,0,0,0,0,0,0
l4,15=100,100,100,100,0,100,100,99,100,96,99,100,99,100,45,0,100,85,25,42,0,0,0,0,0,0,0,0,0,0,60,0,0,0,0,0,0,0,0,0,0,0,0,0,0
l5,15=100,100,100,100,100,0,100,100,100,75,100,100,99,100,70,0,100,0,61,0,87,0,0,0,0,0,0,0,0,0,59,60,0,0,0,0,0,0,0,0,92,27,0,0,0
l6,15=100,91,100,100,100,100,0,100,100,100,100,100,99,100,67,0,100,90,98,90,0,1,0,0,0,0,0,0,0,0,59,0,0,0,0,0,0,0,0,0,0,0,0,0,0
l7,15=100,100,100,100,99,100,100,0,100,100,100,100,99,100,100,0,100,99,98,99,100,99,0,97,0,96,97,99,0,0,0,51,0,0,0,0,0,0,0,0,0,0,0,0,0
l8,15=100,100,100,83,100,100,100,100,0,100,100,100,99,100,100,0,100,80,98,99,86,84,0,96,96,0,97,98,0,0,0,59,0,0,0,0,0,0,0,0,0,0,0,0,0
l9,15=100,100,100,100,100,100,100,100,100,0,100,100,99,100,100,0,100,91,98,99,77,78,0,58,0,85,79,99,0,0,46,0,0,0,0,0,0,0,0,0,0,0,0,54,0
l10,15=62,62,40,98,96,100,100,100,100,100,0,100,99,100,98,0,98,89,98,58,85,0,0,57,59,87,96,76,0,0,48,0,0,0,0,0,0,0,0,0,62,0,84,59,55
l11,15=100,100,100,71,97,100,100,100,100,100,100,0,99,100,100,0,100,89,98,99,100,98,0,0,93,85,87,69,0,0,52,59,0,0,0,0,0,0,0,0,0,0,15,0,0
l12,15=100,100,78,98,93,100,100,100,100,100,100,100,0,100,63,0,100,85,98,59,80,84,85,52,100,99,91,0,0,0,0,0,0,0,0,0,0,0,0,0,0,0,0,50,0
l13,15=100,100,56,98,100,100,100,100,100,100,100,100,99,0,98,0,100,90,94,97,2,80,35,49,57,95,0,77,0,0,48,37,0,0,0,0,0,0,0,0,0,0,3,0,0
l14,15=0,44,54,66,44,92,76,100,100,63,98,94,62,57,0,0,100,92,98,71,90,29,0,51,61,84,96,64,0,0,54,59,0,55,0,0,0,0,0,0,71,53,84,58,47
l15,15=30,62,76,12,96,100,100,100,100,72,96,100,99,64,100,0,0,90,98,59,90,88,85,57,61,82,98,75,0,0,57,59,0,1,0,0,0,0,0,76,0,6,82,57,61
l16,15=17,51,69,73,55,0,76,98,75,69,100,91,64,62,100,0,92,0,98,99,90,47,0,48,60,65,97,70,0,0,99,100,62,58,0,54,0,0,92,65,99,99,74,55,34
l17,15=21,56,64,85,76,91,100,100,100,68,100,100,99,60,100,0,100,100,0,99,100,89,78,54,100,100,93,67,0,0,56,92,0,0,0,0,0,0,0,0,86,54,99,62,53
l18,15=19,45,61,0,73,43,82,100,98,72,96,98,62,60,99,0,99,100,98,0,100,99,97,58,99,79,98,77,0,0,58,59,54,55,0,53,0,0,97,94,98,76,87,100,59
l19,15=0,0,0,0,0,65,2,100,97,65,97,99,64,43,100,0,100,100,98,99,0,99,42,58,100,100,98,66,0,0,59,59,0,0,0,0,0,0,95,76,98,97,87,61,62
l20,15=0,0,0,0,0,0,23,88,58,57,0,88,97,80,60,0,97,70,93,98,94,0,99,98,97,100,98,99,0,0,0,0,92,95,0,86,91,83,95,78,0,83,97,93,95
l21,15=0,0,0,0,0,0,0,29,0,0,0,0,99,83,53,0,96,0,94,98,79,100,0,98,99,99,98,99,0,0,0,0,86,0,0,0,80,0,15,0,0,30,98,96,48
l22,15=0,0,0,0,0,0,0,86,79,61,94,0,94,51,95,0,96,78,65,98,97,99,91,0,100,100,98,99,0,0,0,0,90,93,0,62,94,69,94,94,82,81,90,90,47
l23,15=0,0,0,0,0,0,0,0,80,0,91,89,96,92,96,0,94,97,97,97,95,85,87,99,0,100,98,99,0,0,89,83,95,92,0,91,1,69,89,81,54,74,99,100,99
l24,15=0,0,0,0,0,0,0,87,3,85,95,87,96,94,99,0,95,76,98,95,99,99,87,98,100,0,98,99,0,0,88,52,86,94,0,91,91,0,90,0,87,85,99,100,91
l25,15=0,0,0,0,0,0,0,77,78,40,92,70,94,11,99,0,96,94,89,98,99,86,82,98,100,100,0,99,0,0,32,0,90,79,0,62,94,85,87,96,0,76,96,100,81
l26,15=0,0,0,0,0,0,0,85,80,85,89,65,0,95,90,0,80,89,84,94,3,100,98,98,99,99,98,0,0,0,0,0,99,95,0,62,94,91,92,83,79,83,90,91,99
l27,15=21,59,81,80,64,53,87,0,0,65,96,98,0,63,61,0,86,100,60,60,63,0,0,0,50,75,60,0,0,0,0,100,72,63,0,75,89,81,98,97,99,98,0,57,0
l28,15=1,40,0,80,0,56,0,90,98,0,2,99,0,33,70,0,86,100,60,60,64,0,0,0,50,63,0,0,0,0,99,0,73,63,0,75,89,83,98,65,99,99,76,48,0
l29,15=0,0,0,0,0,0,0,0,0,0,0,0,0,0,0,0,0,94,0,81,0,100,44,99,100,84,98,99,0,0,80,100,0,100,0,100,100,100,100,100,99,99,9,80,0
l30,15=0,0,0,0,0,0,0,0,0,0,0,0,0,0,76,0,4,89,28,86,0,96,0,95,84,86,89,99,0,0,92,85,100,0,0,100,100,100,100,100,99,99,0,11,25
l31,15=0,0,0,0,0,0,0,0,0,0,0,0,0,0,0,0,0,81,0,28,0,88,0,82,87,92,89,70,0,0,66,92,100,100,0,0,100,100,100,100,99,99,85,0,0
l32,15=0,0,0,0,0,0,0,0,0,0,0,0,0,0,0,0,0,0,0,0,0,89,15,87,31,80,93,77,0,0,64,91,100,100,0,100,0,100,100,100,92,99,0,0,0
l33,15=0,0,0,0,0,0,0,0,0,0,0,0,0,0,0,0,0,0,0,0,0,89,0,83,85,0,89,78,0,0,64,65,100,97,0,100,100,0,96,92,92,92,0,0,0
l34,15=0,0,0,0,0,0,0,0,0,0,0,0,0,0,0,0,0,95,0,97,65,100,0,96,84,65,95,98,0,0,96,100,100,100,0,100,100,100,0,100,99,99,82,1,25
l35,15=0,0,0,0,0,0,0,0,0,0,0,0,0,0,9,0,67,96,0,97,59,56,0,95,83,0,95,70,0,0,96,96,100,100,0,99,100,84,100,0,99,99,0,0,0
l36,15=0,0,0,0,0,54,0,0,0,0,73,0,0,0,61,0,0,97,65,98,73,0,0,57,45,87,1,77,0,0,96,96,97,99,0,99,89,83,100,100,0,99,0,19,0
l37,15=0,0,0,0,0,54,0,0,0,0,0,0,0,0,59,0,32,97,50,61,74,56,0,54,45,87,94,82,0,0,96,96,100,100,0,99,89,83,100,100,99,0,0,0,2
l38,15=0,0,0,0,0,0,0,0,0,0,56,4,0,0,91,0,59,53,90,92,56,70,46,81,93,89,86,74,0,0,0,37,0,0,0,46,0,0,56,0,0,0,0,100,83
l39,15=0,0,0,0,0,0,0,0,0,20,63,0,80,0,88,0,88,74,88,96,83,75,66,81,97,93,87,72,0,0,71,33,42,0,0,0,0,0,0,0,0,0,99,0,83
l40,15=0,0,0,0,0,0,0,0,0,0,59,0,0,0,89,0,90,73,77,93,57,80,0,60,97,89,86,82,0,0,0,0,0,0,0,0,0,0,49,0,0,0,97,97,0
l41,15=0,0,0,0,0,0,0,62,25,0,84,0,53,54,97,0,89,97,95,93,96,62,0,92,99,98,93,85,0,0,45,0,15,9,0,0,0,0,63,0,39,0,99,100,88
l42,15=0,0,0,0,0,0,0,0,0,0,0,0,71,0,77,0,32,63,0,94,0,82,51,94,97,93,70,78,0,0,0,0,0,68,0,0,0,0,1,0,0,0,92,97,84
l43,15=0,0,0,0,0,0,0,0,0,0,0,0,3,3,72,0,51,60,0,67,60,65,50,92,56,89,88,81,0,0,0,0,66,72,0,69,0,0,65,39,0,0,98,97,82
l44,15=0,0,0,0,0,0,0,0,0,0,0,0,62,0,88,0,64,0,51,94,48,87,44,71,99,83,98,82,0,0,0,0,56,0,0,20,1,0,0,0,0,51,99,96,99

