l0,0=0,94,93,95,95,97,97,90,88,86,92,94,95,94,73,0,87,0,66,58,0,0,0,0,0,0,0,0,0,0,86,77,0,0,0,0,0,0,0,0,0,0,0,0,0
l1,0=95,0,94,95,95,97,98,94,94,65,88,94,58,94,40,0,33,28,77,47,9,0,0,0,0,0,0,0,0,0,0,64,0,0,0,0,0,0,0,0,0,0,0,0,0
l2,0=95,94,0,93,91,98,98,98,94,86,92,95,95,94,3,0,90,75,10,69,52,0,0,0,0,44,47,0,0,0,81,81,0,0,0,0,0,0,0,0,0,0,0,0,0
l3,0=95,94,93,0,96,97,98,90,93,86,41,94,95,72,62,0,53,49,0,55,1,0,0,0,0,0,0,0,0,0,86,81,0,0,0,0,0,0,0,0,77,0,0,0,0
l4,0=95,94,88,95,0,98,98,89,89,84,88,0,57,91,56,0,48,0,1,0,0,0,0,0,0,0,0,0,0,0,86,82,0,0,0,0,0,0,0,0,0,0,0,0,0
l5,0=95,94,93,95,96,0,98,98,93,65,92,94,95,87,51,0,43,28,74,0,27,0,0,0,0,0,0,0,0,0,0,0,0,0,0,0,0,0,0,0,79,25,0,0,0
l6,0=95,94,94,95,95,98,0,98,94,88,92,94,95,89,62,0,44,28,77,69,27,0,0,0,0,0,0,0,0,0,80,56,0,0,0,0,0,0,0,0,0,0,0,0,0
l7,0=95,94,94,95,94,98,98,0,94,89,92,95,95,94,91,0,90,0,83,79,82,0,75,71,64,79,75,0,0,0,67,0,0,0,0,0,0,0,0,0,0,0,0,46,0
l8,0=95,94,94,95,94,98,98,98,0,89,92,95,95,94,79,0,57,29,81,72,30,0,50,71,12,30,28,18,0,0,24,0,0,0,0,0,0,0,0,0,0,0,0,19,0
l9,0=94,93,94,93,95,91,98,96,94,0,92,95,94,94,89,0,90,15,70,0,28,18,0,42,52,31,8,0,0,0,0,40,0,0,0,0,0,0,0,0,0,0,0,13,0
l10,0=93,93,46,0,37,92,92,88,89,87,0,95,95,62,60,0,90,28,81,70,34,12,16,49,71,56,30,12,0,0,53,47,0,0,0,0,0,0,0,0,1,0,19,0,0
l11,0=94,94,94,93,0,93,92,90,94,89,92,0,95,94,86,0,90,27,36,70,83,15,4,0,67,16,17,14,0,0,29,41,0,0,0,0,0,0,0,0,0,0,25,1,0
l12,0=94,83,94,57,43,92,96,90,89,87,92,95,0,94,85,0,90,53,78,70,88,0,0,33,29,28,50,33,0,0,0,67,0,0,0,0,0,0,0,0,0,0,0,50,43
l13,0=94,94,94,20,92,91,93,97,94,89,82,95,95,0,86,0,90,31,78,68,33,22,9,71,0,44,0,0,0,0,0,17,0,0,0,0,0,0,0,0,0,0,12,19,0
l14,0=7,29,0,18,25,58,60,59,62,55,17,52,58,81,0,0,89,60,89,83,99,0,9,34,56,35,7,2,0,0,83,41,0,11,0,0,0,0,0,0,63,39,49,30,60
l15,0=29,49,36,21,29,77,75,90,77,84,92,95,94,94,90,0,0,1,89,65,95,44,13,76,69,87,48,57,0,0,82,37,0,0,0,0,0,0,0,35,69,0,42,34,44
l16,0=0,42,19,19,1,44,45,0,76,30,45,46,50,75,64,0,18,0,89,83,37,0,0,31,72,23,26,0,0,0,94,89,9,0,0,10,0,17,77,75,85,80,68,64,0
l17,0=25,51,3,0,6,69,61,57,59,33,92,17,54,82,91,0,90,83,0,83,83,21,5,25,77,27,15,2,0,0,53,39,0,0,0,0,0,0,0,0,61,42,27,43,60
l18,0=29,5,31,2,0,0,52,65,72,0,80,39,53,57,81,0,23,83,85,0,100,29,41,79,84,88,50,30,0,0,67,27,10,15,0,27,0,0,59,60,77,60,77,41,46
l19,0=0,0,28,0,0,53,48,62,62,42,91,87,92,62,91,0,89,83,88,83,0,24,32,83,88,88,51,20,0,0,92,88,0,13,0,0,0,0,0,23,91,49,57,84,79
l20,0=0,0,0,0,0,0,0,0,0,56,55,48,0,65,0,0,79,0,61,83,78,0,98,93,88,88,86,93,0,0,0,0,73,75,0,83,75,50,78,77,0,39,83,75,76
l21,0=0,0,0,0,0,0,0,80,92,0,90,0,0,0,42,0,84,0,1,83,90,94,0,93,88,76,86,94,0,0,0,0,63,89,0,0,1,0,85,72,0,0,84,0,81
l22,0=0,0,0,0,0,0,0,58,60,59,72,0,28,67,73,0,72,54,51,83,73,92,75,0,88,81,89,93,0,0,0,44,83,80,0,73,71,65,75,72,64,58,76,84,79
l23,0=0,0,0,0,0,0,0,56,2,39,76,70,9,0,46,0,77,73,66,79,90,86,88,93,0,89,89,81,0,0,0,31,74,74,0,0,25,23,80,53,9,55,83,84,85
l24,0=0,0,21,0,0,0,0,59,47,42,84,8,34,64,83,0,79,21,34,83,90,92,29,77,89,0,88,77,0,0,8,30,18,83,0,29,33,12,58,81,53,46,87,84,79
l25,0=0,0,28,0,0,0,0,68,63,33,80,71,77,0,61,0,77,68,61,79,83,85,87,94,89,89,0,81,0,0,57,0,85,40,0,52,58,48,68,75,60,58,87,84,81
l26,0=0,0,0,0,0,0,0,0,55,4,76,73,70,7,74,0,87,0,55,83,45,92,97,93,88,88,86,0,0,0,0,0,0,80,0,97,69,73,89,83,53,55,86,80,84
l27,0=41,0,25,29,27,0,66,47,14,0,19,2,0,0,56,0,15,83,51,57,33,0,0,0,0,0,13,0,0,0,0,91,18,57,0,49,1,36,88,91,90,89,23,0,23
l28,0=37,44,29,27,27,0,52,0,0,46,19,2,16,16,50,0,14,83,29,56,50,0,0,39,55,18,0,0,0,0,94,0,21,52,0,45,48,40,80,88,92,95,7,11,25
l29,0=0,0,0,0,0,0,0,0,0,0,0,0,0,0,0,0,8,6,0,62,0,74,32,93,72,26,88,0,0,0,78,90,0,97,0,100,98,99,93,99,92,95,0,1,0
l30,0=0,0,0,0,0,0,0,0,0,0,0,0,0,0,5,0,0,0,0,38,4,41,20,87,67,79,15,73,0,0,94,91,99,0,0,100,98,99,93,100,92,95,27,21,1
l31,0=0,0,0,0,0,0,0,0,0,0,0,0,0,0,0,0,0,0,0,62,0,85,0,78,8,31,24,92,0,0,80,78,98,97,0,0,98,99,93,100,92,95,15,5,5
l32,0=0,0,0,0,0,0,0,0,0,0,0,0,0,0,0,0,0,0,0,0,0,81,15,90,63,50,49,50,0,0,21,85,98,97,0,100,0,99,93,99,88,91,0,0,0
l33,0=0,0,0,0,0,0,0,0,0,0,0,0,0,0,0,0,0,14,0,0,0,21,0,80,20,0,32,43,0,0,60,57,99,97,0,100,98,0,92,96,91,43,0,0,0
l34,0=0,0,0,0,0,0,0,0,0,0,0,0,0,0,0,0,0,56,0,64,0,70,17,85,78,33,70,90,0,0,92,86,98,97,0,100,98,98,0,100,92,95,21,10,0
l35,0=0,0,0,0,0,0,0,0,0,0,0,0,0,0,0,0,3,16,0,62,10,17,12,50,46,52,41,64,0,0,94,91,99,97,0,100,98,98,93,0,92,95,0,0,0
l36,0=0,0,0,0,0,28,0,0,0,0,3,0,0,0,35,0,4,27,13,74,33,0,0,49,0,14,6,11,0,0,94,87,58,97,0,96,55,82,93,100,0,95,0,0,0
l37,0=0,0,0,0,0,28,0,0,0,0,0,0,0,0,48,0,4,51,30,69,23,7,0,50,67,29,42,22,0,0,94,91,98,97,0,100,90,43,93,100,92,0,8,0,0
l38,0=0,0,0,0,0,0,0,0,0,0,54,39,0,4,75,0,67,64,53,73,62,70,67,66,79,87,86,66,0,0,29,0,0,54,0,39,0,0,50,0,0,9,0,84,84
l39,0=0,0,0,0,0,0,0,26,6,0,4,0,14,27,75,0,53,23,35,70,78,54,0,74,85,86,86,44,0,0,1,6,0,21,0,0,0,0,49,0,1,0,87,0,84
l40,0=0,0,0,0,0,0,0,0,0,0,0,0,23,0,73,0,66,0,51,71,73,65,51,76,88,80,77,71,0,0,28,37,0,15,0,0,0,0,0,0,0,0,87,84,0
l41,0=0,0,0,0,0,0,0,0,0,35,38,23,0,34,87,0,80,77,81,83,91,54,20,85,87,88,81,79,0,0,28,38,0,18,0,0,0,0,0,11,52,9,87,84,86
l42,0=0,0,0,0,0,0,0,0,0,0,0,0,0,0,64,0,52,56,34,73,68,70,62,77,88,84,86,64,0,0,0,0,0,0,0,35,29,0,48,0,0,0,87,84,83
l43,0=0,0,0,0,0,0,0,0,0,0,52,0,0,0,0,0,18,48,48,73,60,0,68,80,86,83,79,72,0,0,0,0,0,63,0,0,26,0,5,0,0,0,86,83,84
l44,0=0,0,0,0,0,0,0,0,0,0,13,32,0,0,66,0,2,38,46,63,65,78,70,68,86,86,86,76,0,0,0,0,26,21,0,0,0,0,1,0,21,0,86,81,82

l0,1=0,92,96,97,90,93,95,93,83,92,83,94,86,93,69,0,41,37,0,0,0,0,0,0,0,0,0,0,0,0,68,0,0,0,0,0,0,0,0,0,0,0,0,0,0
l1,1=97,0,96,93,94,93,95,93,89,91,81,94,57,93,76,0,51,0,45,53,71,0,0,0,0,0,0,0,0,0,76,0,0,0,0,0,0,0,0,0,11,0,0,0,0
l2,1=97,92,0,97,94,93,95,97,89,97,80,94,87,93,61,0,80,73,66,56,66,0,0,0,0,64,0,0,0,0,63,52,0,0,0,0,0,0,0,0,0,0,0,0,0
l3,1=97,92,96,0,94,93,95,91,85,16,79,91,83,88,67,0,77,77,57,52,32,0,0,0,0,0,0,0,0,0,81,71,0,0,0,0,0,0,0,0,0,0,0,0,0
l4,1=90,92,96,97,0,93,95,88,83,92,11,92,84,89,0,0,62,55,41,0,0,0,0,0,0,0,0,0,0,0,81,55,0,0,0,0,0,0,0,0,0,0,0,0,0
l5,1=95,91,93,93,94,0,95,94,59,58,71,86,55,93,75,0,53,36,41,0,0,0,0,0,0,0,0,0,0,0,68,13,0,0,0,0,0,0,0,0,57,25,0,0,0
l6,1=94,92,96,93,94,93,0,94,88,88,83,93,87,93,55,0,51,43,51,66,63,0,0,0,0,0,0,0,0,0,79,39,0,0,0,0,0,0,0,0,0,0,0,0,0
l7,1=97,91,96,83,80,93,95,0,89,97,84,94,87,93,77,0,84,0,67,58,64,65,45,70,0,74,70,0,0,0,0,3,0,0,0,0,0,0,0,0,0,0,0,12,0
l8,1=93,92,96,96,90,93,95,97,0,97,83,94,85,93,81,0,84,62,76,72,0,58,30,62,54,55,71,0,0,0,53,44,0,0,0,0,0,0,0,0,0,0,0,0,0
l9,1=90,91,94,0,90,85,95,97,89,0,83,94,87,93,80,0,83,45,76,54,50,25,0,0,65,10,34,13,0,0,0,50,0,0,0,0,0,0,0,0,0,0,0,4,0
l10,1=73,80,72,70,24,87,93,87,76,92,0,93,87,93,71,0,84,53,75,66,72,7,31,9,0,78,77,42,0,0,73,46,0,3,0,0,0,0,0,0,0,0,8,7,6
l11,1=90,91,92,76,86,92,95,94,89,97,83,0,87,93,80,0,84,68,76,72,75,0,0,0,49,76,69,0,0,0,25,51,0,0,0,0,0,0,0,0,0,0,0,10,0
l12,1=90,88,93,87,89,92,95,93,82,93,84,94,0,93,80,0,84,81,76,73,78,34,0,41,53,78,45,44,0,0,46,0,0,0,0,0,0,0,0,0,0,0,3,3,0
l13,1=90,92,95,92,90,92,95,94,89,97,83,94,87,0,80,0,84,35,76,61,46,25,29,18,59,68,40,28,0,0,35,32,0,0,0,0,0,0,0,0,0,0,2,0,0
l14,1=33,54,59,65,4,37,34,60,69,43,52,79,76,63,0,0,82,72,79,72,82,36,24,40,49,65,38,18,0,0,67,44,0,0,0,0,0,0,11,0,64,13,9,10,11
l15,1=21,54,67,66,40,69,74,79,40,43,83,94,87,93,85,0,0,44,78,70,81,42,36,55,69,70,46,40,0,0,72,43,0,0,0,0,0,0,0,0,5,0,8,4,3
l16,1=8,0,58,56,39,37,50,0,14,13,33,39,44,46,72,0,47,0,58,79,80,0,0,23,68,48,7,3,0,0,84,86,8,19,0,0,21,5,41,27,54,8,3,3,8
l17,1=0,48,60,28,36,29,35,51,39,41,64,74,48,65,85,0,79,46,0,70,87,4,16,42,67,0,46,13,0,0,47,0,0,0,0,0,0,0,0,1,6,4,9,6,10
l18,1=0,35,42,4,0,0,45,30,38,13,59,63,41,51,79,0,74,79,58,0,87,48,41,42,83,82,85,45,0,0,43,72,33,4,0,4,0,0,34,44,65,20,11,12,8
l19,1=0,49,56,0,0,0,54,54,0,36,52,63,46,45,84,0,79,77,78,79,0,36,31,46,76,64,43,37,0,0,67,74,0,34,0,0,0,0,24,0,65,0,9,14,10
l20,1=0,0,0,0,0,0,0,53,63,53,54,11,63,44,67,0,72,57,45,66,69,0,94,84,81,84,79,84,0,0,0,0,51,11,0,1,5,0,13,1,0,0,7,0,4
l21,1=0,0,0,0,0,0,0,29,44,0,70,0,0,51,66,0,71,0,60,63,62,94,0,83,86,81,82,81,0,0,0,0,0,9,0,0,0,0,1,1,0,0,5,0,4
l22,1=0,0,0,0,0,0,0,54,54,0,18,0,56,29,71,0,69,56,55,52,59,84,77,0,87,75,87,84,0,0,0,0,61,14,0,2,4,0,1,2,0,0,4,0,0
l23,1=0,0,0,0,0,0,0,0,44,58,1,57,51,47,75,0,69,73,64,70,73,81,83,89,0,85,87,76,0,0,0,43,28,5,0,1,0,0,2,2,0,2,3,16,9
l24,1=0,0,46,0,0,0,0,56,28,2,72,70,64,60,76,0,73,64,0,69,70,88,75,77,89,0,87,74,0,0,0,59,0,5,0,0,2,0,2,3,1,0,23,0,4
l25,1=0,0,0,0,0,0,0,46,47,31,69,59,60,39,45,0,67,59,61,70,67,80,81,92,88,85,0,79,0,0,30,0,54,8,0,1,4,0,1,1,0,0,12,16,4
l26,1=0,0,0,0,0,0,0,23,19,34,70,0,62,55,63,0,66,57,58,64,65,90,83,90,81,80,81,0,0,0,0,0,53,12,0,2,5,0,4,5,0,1,5,0,4
l27,1=27,51,55,66,47,41,63,0,23,0,29,46,30,27,68,0,48,83,41,39,41,0,0,0,0,0,3,0,0,0,0,86,47,50,0,37,29,54,68,90,88,92,0,0,0
l28,1=0,0,44,39,36,25,34,1,12,13,24,55,0,27,37,0,19,84,0,71,73,0,0,0,41,38,0,0,0,0,86,0,62,45,0,39,62,21,78,78,88,57,0,0,8
l29,1=0,0,0,0,0,0,0,0,0,0,0,0,0,0,0,0,0,35,0,40,0,57,0,87,40,0,85,71,0,0,67,76,0,93,0,90,94,97,93,96,88,88,1,0,0
l30,1=0,0,0,0,0,0,0,0,0,0,6,0,0,0,0,0,0,32,0,31,33,35,30,84,43,33,67,79,0,0,86,78,84,0,0,90,94,96,93,96,88,97,0,0,0
l31,1=0,0,0,0,0,0,0,0,0,0,0,0,0,0,0,0,0,0,0,50,0,61,0,84,65,18,69,84,0,0,72,76,84,93,0,0,94,97,93,82,88,97,0,0,0
l32,1=0,0,0,0,0,0,0,0,0,0,0,0,0,0,0,0,0,60,0,0,0,49,31,47,0,43,76,65,0,0,32,66,84,93,0,90,0,97,93,96,79,94,0,0,0
l33,1=0,0,0,0,0,0,0,0,0,0,0,0,0,0,0,0,0,29,0,0,0,43,0,44,61,43,57,54,0,0,53,2,84,86,0,90,94,0,93,88,86,17,0,0,0
l34,1=0,0,0,0,0,0,0,0,0,0,0,0,0,0,31,0,0,67,0,55,31,75,32,74,72,52,71,79,0,0,46,82,84,93,0,90,94,95,0,96,88,97,0,0,0
l35,1=0,0,0,0,0,0,0,0,0,0,0,0,0,0,0,0,0,31,32,54,0,4,29,54,54,46,36,30,0,0,86,82,84,93,0,56,92,93,93,0,88,97,0,0,0
l36,1=0,0,0,0,0,39,0,0,0,0,0,0,0,0,34,0,8,79,40,49,43,0,0,47,40,37,2,12,0,0,86,82,79,93,0,86,72,89,91,92,0,96,0,0,0
l37,1=0,0,0,0,0,41,0,0,0,0,0,0,0,0,34,0,0,69,40,44,6,9,26,48,59,44,44,15,0,0,86,82,77,93,0,90,86,71,93,96,88,0,0,0,0
l38,1=0,0,0,0,0,0,0,0,0,0,48,0,21,0,71,0,52,53,51,63,53,63,58,71,52,84,81,69,0,0,0,0,22,2,0,0,0,0,0,0,0,0,0,16,13
l39,1=0,0,0,0,0,0,0,34,0,0,43,33,7,0,73,0,60,37,35,68,72,60,41,71,86,82,85,70,0,0,0,0,0,3,0,0,0,0,0,0,0,0,23,0,13
l40,1=0,0,0,0,0,0,0,0,0,0,35,0,0,0,63,0,24,28,52,56,63,66,30,0,82,83,75,67,0,0,0,10,0,0,0,0,0,0,0,0,0,0,22,16,0
l41,1=0,0,0,0,0,0,0,0,3,35,59,47,14,24,78,0,69,59,57,70,64,57,14,82,83,82,76,68,0,0,22,42,0,0,0,0,1,0,0,1,0,0,24,16,11
l42,1=0,0,0,0,0,0,0,0,0,0,0,0,0,0,53,0,45,56,18,57,55,57,58,77,86,84,84,63,0,0,0,0,0,0,0,0,3,0,0,0,0,0,22,16,12
l43,1=0,0,0,0,0,0,0,0,0,0,43,0,0,0,58,0,47,39,14,50,55,61,52,80,84,76,82,68,0,0,0,0,18,6,0,0,2,0,0,0,0,0,17,16,13
l44,1=0,0,0,0,0,0,0,0,0,0,0,0,49,19,61,0,0,53,44,47,59,65,56,45,61,83,84,77,0,0,0,0,25,0,0,0,0,0,0,0,0,0,12,10,13

l0,2=0,91,90,90,87,83,90,79,87,88,77,81,85,84,0,0,56,68,2,25,0,0,0,0,0,0,0,0,0,0,46,46,0,0,0,0,0,0,0,0,0,0,0,0,0
l1,2=86,0,90,87,87,86,92,81,87,88,79,85,85,81,56,0,59,70,9,28,58,0,0,0,0,0,0,0,0,0,68,48,0,0,0,0,0,0,0,0,0,0,0,0,0
l2,2=86,91,0,88,77,86,92,90,88,90,79,84,89,81,54,0,56,73,7,32,56,0,0,2,0,28,0,0,0,0,63,42,0,0,0,0,0,0,0,0,0,0,0,0,0
l3,2=87,91,90,0,87,86,92,77,88,86,80,83,89,84,0,0,0,0,9,0,49,0,0,0,0,0,0,0,0,0,66,22,0,0,0,0,0,0,0,0,0,0,0,0,0
l4,2=87,91,86,90,0,86,92,77,88,86,77,82,85,79,46,0,59,57,9,0,0,0,0,0,0,0,0,0,0,0,67,61,0,0,0,0,0,0,0,0,0,0,0,0,0
l5,2=77,91,90,87,87,0,92,79,87,85,81,83,89,82,57,0,49,0,10,25,0,0,0,0,0,0,0,0,0,0,67,54,0,0,0,0,0,0,0,0,0,0,0,0,0
l6,2=84,91,90,88,87,86,0,91,87,89,79,83,89,84,57,0,62,73,11,0,2,0,0,0,0,0,0,0,0,0,60,35,0,0,0,0,0,0,0,0,0,0,0,0,0
l7,2=77,82,86,81,79,84,87,0,88,90,78,85,86,81,49,0,62,0,12,30,36,1,1,19,23,34,3,0,0,0,0,0,0,0,0,0,0,0,0,0,0,0,0,0,0
l8,2=77,89,90,84,79,81,79,91,0,90,78,85,88,84,58,0,62,0,11,34,0,0,4,20,0,18,2,12,0,0,36,11,0,0,0,0,0,0,0,0,0,0,0,0,0
l9,2=75,83,83,74,76,81,81,88,86,0,80,86,86,84,58,0,58,71,11,28,48,6,1,0,37,20,7,17,0,0,20,49,0,0,0,0,0,0,0,0,0,0,0,7,0
l10,2=56,73,77,57,57,81,67,65,70,87,0,83,89,84,54,0,63,62,11,36,68,0,1,13,21,33,10,13,0,0,1,42,0,0,0,0,0,0,0,0,0,0,4,1,0
l11,2=75,82,82,78,76,81,77,89,83,90,78,0,89,84,58,0,62,44,11,1,72,6,1,3,18,33,2,0,0,0,50,0,0,0,0,0,0,0,0,0,0,0,3,2,0
l12,2=75,82,82,82,76,81,77,74,82,85,84,86,0,84,58,0,62,73,11,35,72,0,1,12,39,33,5,24,0,0,2,0,0,0,0,0,0,0,0,0,0,0,2,1,0
l13,2=75,82,76,83,71,81,80,77,83,90,80,86,89,0,58,0,62,51,8,26,49,0,0,13,26,21,0,0,0,0,26,17,0,0,0,0,0,0,0,0,0,0,0,0,0
l14,2=0,4,2,0,5,8,6,6,71,67,59,76,75,69,0,0,64,15,13,39,88,1,1,18,36,36,10,6,0,0,45,49,0,0,0,0,0,0,2,2,3,1,5,9,5
l15,2=12,4,2,0,18,3,66,68,52,33,83,84,88,81,70,0,0,63,10,34,77,8,6,19,33,33,9,12,0,0,56,40,0,1,0,0,0,0,0,1,4,1,9,3,1
l16,2=2,3,17,0,1,0,31,0,0,37,51,16,72,0,40,0,57,0,10,41,87,0,0,0,41,36,0,0,0,0,85,77,0,13,0,0,0,0,0,2,74,33,3,2,0
l17,2=0,1,1,1,3,5,4,6,38,41,76,73,78,0,70,0,55,50,0,3,88,1,1,15,41,21,0,6,0,0,7,1,0,0,0,0,0,0,0,0,3,0,3,1,2
l18,2=1,0,1,0,0,4,0,4,21,18,57,1,21,0,65,0,44,80,3,0,88,12,1,19,55,42,18,9,0,0,50,45,0,0,0,0,0,0,2,2,3,2,4,7,2
l19,2=0,0,1,0,0,0,3,11,0,19,65,57,69,20,70,0,61,78,13,42,0,6,0,14,47,41,2,22,0,0,43,60,0,1,0,0,0,0,1,0,48,1,11,8,5
l20,2=0,0,0,0,0,0,0,4,2,20,0,1,0,0,4,0,2,0,1,3,2,0,17,23,46,45,6,27,0,0,0,0,4,0,0,2,0,0,0,0,2,0,4,1,3
l21,2=0,0,0,0,0,0,0,0,5,0,27,1,2,0,2,0,2,0,0,1,0,14,0,21,46,33,6,20,0,0,0,0,0,0,0,0,0,0,0,0,0,0,4,1,3
l22,2=0,0,0,0,0,0,0,4,3,0,15,1,0,0,3,0,2,0,1,1,1,1,1,0,56,35,19,27,0,0,0,0,2,2,0,2,2,0,2,0,3,0,3,1,3
l23,2=0,0,0,0,0,0,0,3,0,18,12,1,3,0,4,0,2,2,2,8,2,1,2,32,0,46,19,7,0,0,0,0,1,0,0,1,0,0,3,0,2,0,4,2,3
l24,2=0,0,1,0,0,0,0,5,2,17,29,1,4,0,5,0,2,1,0,2,3,4,2,21,57,0,19,7,0,0,2,1,2,1,0,0,0,0,2,0,4,1,4,1,3
l25,2=0,0,0,0,0,0,0,4,2,16,28,1,0,0,5,0,2,0,0,9,1,1,2,37,56,46,0,8,0,0,0,1,1,1,0,1,2,0,2,0,3,0,4,3,3
l26,2=0,0,0,0,0,0,0,0,4,24,25,1,4,0,2,0,1,0,1,2,3,5,3,32,48,36,6,0,0,0,0,0,4,3,0,3,1,0,3,0,3,0,4,1,2
l27,2=33,58,53,56,58,65,57,0,58,27,16,64,27,44,56,0,56,85,11,39,62,0,0,2,0,27,0,0,0,0,0,77,53,92,0,33,50,50,31,87,92,84,0,1,0
l28,2=27,31,36,0,38,46,51,0,56,47,57,50,47,39,54,0,55,85,8,34,69,0,0,0,19,33,2,0,0,0,85,0,55,83,0,33,54,41,32,77,92,87,0,0,2
l29,2=0,0,0,0,0,0,0,0,0,0,0,0,0,0,0,0,0,0,0,0,0,11,0,33,36,37,11,21,0,0,37,55,0,95,0,59,97,83,34,88,91,94,1,1,0
l30,2=0,0,0,0,0,0,0,0,0,0,0,0,0,0,0,0,2,20,0,0,1,1,0,34,38,35,11,26,0,0,81,77,72,0,0,59,97,83,34,88,92,94,2,0,0
l31,2=0,0,0,0,0,0,0,0,0,0,0,0,0,0,0,0,0,0,0,0,0,3,0,24,38,8,8,26,0,0,9,28,72,95,0,0,97,83,34,88,92,94,2,0,0
l32,2=0,0,0,0,0,0,0,0,0,0,0,0,0,0,0,0,0,0,0,0,0,1,0,34,39,29,17,23,0,0,4,7,72,95,0,59,0,83,34,88,4,91,0,0,0
l33,2=0,0,0,0,0,0,0,0,0,0,0,0,0,0,0,0,0,0,0,0,0,1,0,0,41,1,5,6,0,0,4,1,72,95,0,59,97,0,34,85,92,45,0,0,0
l34,2=0,0,0,0,0,0,0,0,0,0,0,0,0,0,4,0,0,2,0,0,1,0,0,22,39,25,2,22,0,0,20,43,72,95,0,59,97,81,0,88,92,94,2,1,0
l35,2=0,0,0,0,0,0,0,0,0,0,0,0,0,0,4,0,2,2,1,4,0,1,0,17,30,26,2,6,0,0,84,73,72,95,0,58,97,82,34,0,92,94,0,0,0
l36,2=0,0,0,0,0,0,0,0,0,0,0,0,0,0,46,0,29,78,4,14,69,3,0,23,26,39,12,12,0,0,82,75,63,93,0,55,19,74,34,87,0,94,2,0,0
l37,2=0,0,0,0,0,0,0,0,0,0,0,0,5,0,4,0,3,56,0,11,1,1,0,0,50,36,2,7,0,0,77,77,69,95,0,55,90,71,34,88,92,0,2,0,0
l38,2=0,0,0,0,0,0,0,0,0,0,6,1,0,0,2,0,0,0,1,2,1,1,0,13,40,35,5,6,0,0,0,0,0,0,0,1,0,0,1,0,2,0,0,10,12
l39,2=0,0,0,0,0,0,0,0,0,10,4,1,0,0,3,0,0,0,0,2,2,1,0,14,49,33,14,6,0,0,0,0,0,0,0,0,0,0,2,0,0,0,13,0,13
l40,2=0,0,0,0,0,0,0,0,0,0,0,0,0,0,3,0,0,0,1,2,0,1,0,14,45,34,3,5,0,0,0,0,0,0,0,0,0,0,0,0,0,0,13,10,0
l41,2=0,0,0,0,0,0,0,0,0,0,17,1,0,0,3,0,0,0,1,2,1,1,0,14,47,35,3,6,0,0,1,1,0,0,0,0,0,0,2,0,1,0,10,6,3
l42,2=0,0,0,0,0,0,0,0,0,0,0,0,0,0,2,0,0,0,1,2,0,1,2,20,48,34,14,4,0,0,0,0,1,0,0,0,0,0,2,0,0,0,7,7,7
l43,2=0,0,0,0,0,0,0,0,0,0,0,0,0,0,2,0,0,0,1,1,0,1,0,17,45,29,6,6,0,0,0,0,0,0,0,0,0,0,0,0,0,0,7,1,12
l44,2=0,0,0,0,0,0,0,0,0,0,0,0,0,0,0,0,0,0,1,1,1,1,0,16,43,35,3,7,0,0,0,0,0,0,0,0,0,0,2,0,0,0,4,3,3

l0,3=0,95,92,94,91,96,85,85,85,94,78,83,84,92,41,0,39,0,20,0,0,0,0,0,0,0,0,0,0,0,0,1,0,0,0,0,0,0,0,0,0,0,0,0,0
l1,3=91,0,94,94,91,97,89,81,87,91,88,84,79,89,37,0,50,37,22,17,72,0,0,0,11,0,0,0,0,0,83,10,0,0,0,0,0,0,0,0,0,0,0,0,0
l2,3=87,95,0,93,81,96,89,87,87,94,87,84,84,92,42,0,48,38,0,18,36,0,0,5,0,0,14,0,0,0,78,0,0,0,0,0,0,0,0,0,0,0,0,0,0
l3,3=91,95,93,0,91,97,86,70,86,89,87,83,84,90,0,0,50,31,0,0,59,0,0,0,0,0,0,0,0,0,0,78,0,0,0,0,0,0,0,0,0,0,0,0,0
l4,3=91,95,86,94,0,97,89,77,87,92,7,84,77,86,41,0,34,0,21,0,0,0,0,0,0,0,0,0,0,0,82,47,0,0,0,0,0,0,0,0,0,0,0,0,0
l5,3=89,95,90,94,90,0,89,91,85,92,88,83,84,92,41,0,42,34,21,17,35,0,0,0,0,0,0,0,0,0,87,78,0,0,0,0,0,0,0,0,0,0,0,0,0
l6,3=86,95,94,92,85,97,0,85,87,94,84,83,84,92,42,0,50,39,21,15,5,0,0,1,0,0,0,0,0,0,0,0,0,0,0,0,0,0,0,0,0,0,0,0,0
l7,3=85,90,92,53,79,96,84,0,87,94,13,84,82,89,42,0,47,0,23,18,19,0,0,13,1,13,14,0,0,0,0,0,0,0,0,0,0,0,0,0,0,0,0,0,0
l8,3=88,92,92,93,84,96,86,85,0,94,84,84,84,92,42,0,47,7,23,18,66,0,22,1,2,9,12,8,0,0,11,0,0,0,0,0,0,0,0,0,0,0,0,1,0
l9,3=85,88,90,81,79,92,86,85,86,0,87,84,84,92,42,0,47,38,23,18,67,2,0,10,11,13,11,5,0,0,64,28,0,0,0,0,0,0,0,0,0,0,0,0,0
l10,3=10,85,85,68,4,95,77,3,84,89,0,77,84,92,42,0,50,33,24,18,79,24,5,10,4,13,14,11,0,0,0,60,0,0,0,0,0,0,0,0,0,0,0,1,0
l11,3=79,88,90,83,80,92,82,85,87,94,84,0,84,92,42,0,50,38,23,18,76,21,6,1,5,13,7,2,0,0,79,30,0,0,0,0,0,0,0,0,0,0,0,0,0
l12,3=77,28,91,66,34,92,84,75,82,93,88,84,0,92,42,0,50,35,23,14,76,11,5,2,11,9,12,12,0,0,4,0,0,0,0,0,0,0,0,0,0,3,0,0,0
l13,3=89,87,89,84,79,92,83,82,88,94,87,84,84,0,42,0,50,38,21,1,69,18,0,14,11,12,0,1,0,0,69,0,0,0,0,0,0,0,0,0,0,0,0,0,0
l14,3=0,3,2,0,2,6,8,20,81,21,88,77,82,61,0,0,50,40,26,18,93,15,3,2,5,9,13,1,0,0,0,45,0,0,0,0,0,0,0,14,5,1,5,1,3
l15,3=0,10,21,11,3,2,80,71,21,70,88,83,84,86,43,0,0,39,25,18,90,30,12,10,12,13,14,3,0,0,56,46,0,0,0,0,0,0,0,0,6,4,5,0,0
l16,3=0,8,2,3,0,2,38,0,3,4,1,10,20,10,44,0,50,0,23,19,93,12,0,1,1,14,5,3,0,0,94,91,0,12,0,0,0,0,56,32,90,5,1,0,1
l17,3=1,8,0,0,4,4,7,6,78,87,89,74,76,7,44,0,50,37,0,19,91,15,4,9,14,1,0,0,0,0,63,7,0,0,0,0,0,0,0,0,6,6,1,0,1
l18,3=0,0,1,0,0,1,1,4,15,2,16,5,4,0,40,0,45,40,25,0,93,29,7,3,15,12,17,10,0,0,76,24,0,0,0,0,0,5,37,0,6,1,0,0,1
l19,3=0,6,0,0,0,2,1,3,25,6,84,58,66,21,44,0,50,41,26,19,0,24,5,8,15,15,15,11,0,0,89,66,0,0,0,0,0,0,3,0,37,0,8,4,1
l20,3=0,0,0,0,0,0,0,0,0,0,1,3,0,3,5,0,6,0,0,4,3,0,32,7,2,6,0,20,0,0,0,0,6,0,0,2,2,23,69,6,0,0,2,0,1
l21,3=0,0,0,0,0,0,0,0,9,0,1,5,3,0,7,0,6,0,1,4,1,40,0,4,5,3,0,15,0,0,0,0,0,0,0,0,0,1,0,0,0,0,2,0,0
l22,3=0,0,0,0,0,0,0,2,1,1,0,1,0,5,4,0,3,0,0,1,1,21,0,0,5,5,17,20,0,0,0,0,1,1,0,0,2,17,65,6,0,1,0,0,1
l23,3=0,0,0,0,0,0,0,1,0,1,0,2,1,3,2,0,1,0,1,14,3,12,0,4,0,15,17,4,0,0,0,1,1,0,0,1,0,15,68,11,2,4,2,0,1
l24,3=0,0,0,0,0,0,0,1,1,1,1,3,1,2,3,0,2,0,0,2,3,23,1,14,15,0,17,4,0,0,0,1,1,1,0,0,0,10,51,11,3,3,2,0,1
l25,3=0,0,0,0,0,0,0,1,1,0,1,2,0,0,6,0,6,0,0,4,1,17,3,19,15,15,0,4,0,0,0,1,1,0,0,0,5,11,68,9,3,1,2,0,1
l26,3=0,0,0,0,0,0,0,0,1,0,0,2,2,0,1,0,1,0,0,4,3,39,6,19,5,3,0,0,0,0,0,0,1,10,0,2,2,14,79,12,2,2,2,0,1
l27,3=0,73,55,0,62,84,0,0,57,57,0,63,51,66,0,0,46,40,23,19,85,0,0,2,4,0,0,0,0,0,0,91,22,90,0,7,35,0,91,89,94,81,2,3,2
l28,3=0,2,0,52,23,70,0,0,0,13,62,57,3,0,37,0,44,41,21,19,76,0,0,0,3,7,12,0,0,0,94,0,20,94,0,21,40,61,94,95,94,83,3,3,0
l29,3=0,0,0,0,0,0,0,0,0,0,0,0,0,0,0,0,0,0,0,0,3,27,2,3,4,3,2,4,0,0,8,9,0,98,0,100,48,98,99,97,9,84,1,0,0
l30,3=0,0,0,0,0,0,0,0,0,0,0,0,0,0,0,0,0,22,0,1,0,18,0,16,8,10,0,20,0,0,81,91,24,0,0,100,48,97,99,97,94,84,4,0,0
l31,3=0,0,0,0,0,0,0,0,0,0,0,0,0,0,0,0,0,0,0,3,0,30,5,10,9,2,17,20,0,0,3,4,24,98,0,0,48,98,99,97,94,84,0,0,0
l32,3=0,0,0,0,0,0,0,0,0,0,0,0,0,0,0,0,0,3,0,0,0,19,0,19,5,2,16,4,0,0,7,10,24,98,0,100,0,98,99,97,94,84,0,0,0
l33,3=0,0,0,0,0,0,0,0,0,0,0,0,0,0,0,0,0,0,0,0,0,20,0,3,3,1,0,4,0,0,0,10,24,98,0,100,48,0,99,97,78,26,0,0,0
l34,3=0,0,0,0,0,0,0,0,0,0,0,0,0,0,0,0,0,2,0,1,0,18,0,2,4,1,0,4,0,0,79,91,24,98,0,100,48,93,0,97,94,84,0,0,0
l35,3=0,0,0,0,0,0,0,0,0,0,0,0,0,0,18,0,1,37,0,0,0,4,0,1,13,14,6,13,0,0,89,90,24,98,0,99,47,97,99,0,94,84,0,0,0
l36,3=0,0,0,0,0,0,0,0,0,0,0,0,0,0,27,0,35,38,21,17,78,0,0,0,9,12,13,8,0,0,89,85,19,98,0,94,42,87,96,95,0,84,1,0,0
l37,3=0,0,0,0,0,0,0,0,0,0,0,0,4,0,5,0,5,13,2,4,0,0,0,2,10,4,0,4,0,0,90,91,24,98,0,98,46,49,99,97,94,0,0,0,0
l38,3=0,0,0,0,0,0,0,0,0,0,0,0,0,0,2,0,1,0,0,0,1,16,0,0,3,2,0,1,0,0,0,0,0,0,0,0,0,0,0,0,0,0,0,4,9
l39,3=0,0,0,0,0,0,0,0,0,0,0,2,0,0,2,0,1,0,0,0,1,12,1,3,8,5,4,1,0,0,0,1,0,0,0,0,0,0,0,0,0,0,8,0,8
l40,3=0,0,0,0,0,0,0,0,0,0,0,0,0,0,2,0,0,0,0,0,0,15,0,2,4,2,0,1,0,0,0,0,0,0,0,0,0,0,0,0,0,0,8,2,0
l41,3=0,0,0,0,0,0,0,0,0,0,0,0,0,2,3,0,1,2,1,1,3,11,0,3,12,3,1,1,0,0,0,1,1,0,0,0,0,0,33,0,0,0,7,0,1
l42,3=0,0,0,0,0,0,0,0,0,0,0,0,0,0,2,0,1,0,0,0,1,13,1,1,14,9,17,3,0,0,0,0,1,0,0,0,0,10,45,0,0,0,8,4,5
l43,3=0,0,0,0,0,0,0,0,0,0,0,0,0,0,1,0,0,0,0,0,0,16,0,1,3,2,0,3,0,0,0,0,0,0,0,0,0,0,36,2,0,0,6,0,2
l44,3=0,0,0,0,0,0,0,0,0,0,0,0,0,0,1,0,0,0,0,0,0,10,0,0,3,2,0,3,0,0,0,0,0,0,0,0,0,0,38,0,0,0,3,0,1

l0,4=0,97,93,93,100,89,97,97,93,95,75,97,94,95,83,0,86,0,66,0,65,0,0,0,0,0,0,0,0,0,95,66,0,0,0,0,0,0,0,0,0,0,0,0,0
l1,4=97,0,96,93,96,95,97,97,94,95,75,97,94,95,0,0,83,77,0,69,44,0,0,0,11,0,0,0,0,0,89,0,0,0,0,0,0,0,0,0,0,0,0,0,0
l2,4=92,97,0,90,100,3,97,97,94,95,72,97,94,95,74,0,82,78,58,65,35,0,0,0,0,0,19,0,0,0,0,68,0,0,0,0,0,0,0,0,0,0,0,0,0
l3,4=99,97,96,0,100,95,97,97,94,95,75,97,94,95,74,0,86,0,52,59,2,0,0,0,0,0,0,0,0,0,93,86,0,0,0,0,0,0,0,0,0,0,0,0,0
l4,4=99,97,96,93,0,95,97,97,94,94,76,97,94,95,77,0,84,75,80,0,0,0,0,0,0,0,0,0,0,0,93,86,0,0,0,0,0,0,0,0,0,0,0,0,0
l5,4=91,97,70,92,100,0,97,97,94,95,79,97,97,95,68,0,82,66,68,57,71,0,0,0,0,0,0,0,0,0,95,13,0,0,0,0,0,0,0,0,61,26,0,0,0
l6,4=92,97,95,87,95,92,0,97,93,95,71,97,94,95,84,0,86,80,80,63,76,0,0,0,0,56,0,0,0,0,81,0,0,0,0,0,0,0,0,0,9,0,0,0,0
l7,4=92,96,93,87,94,88,97,0,94,95,70,97,94,95,83,0,86,0,74,74,78,1,0,14,4,65,21,13,0,0,0,0,0,0,0,0,0,0,0,0,0,0,0,0,0
l8,4=92,96,96,87,95,88,94,97,0,95,0,97,94,95,84,0,86,0,79,72,73,6,0,13,12,57,19,11,0,0,79,0,0,0,0,0,0,0,0,0,0,0,11,56,0
l9,4=92,96,93,80,82,88,97,97,93,0,74,97,94,95,83,0,85,75,82,64,76,0,0,12,15,60,0,13,0,0,80,64,0,0,0,0,0,0,0,0,0,0,0,0,0
l10,4=78,88,83,75,82,85,85,78,0,92,0,87,97,93,87,0,87,76,84,65,78,11,29,13,14,61,21,12,0,0,0,73,0,0,0,0,0,0,0,0,0,0,58,58,0
l11,4=86,96,93,83,90,88,87,97,93,95,69,0,97,95,79,0,86,70,85,66,78,0,16,14,11,60,21,13,0,0,70,78,0,0,0,0,0,0,0,0,0,0,0,27,0
l12,4=81,94,93,71,84,88,97,97,93,92,79,97,0,96,86,0,87,78,67,65,82,0,33,12,14,59,21,13,0,0,79,0,0,0,0,0,0,0,0,0,0,0,58,58,0
l13,4=88,96,93,80,90,84,96,97,93,95,77,97,94,0,86,0,84,80,81,65,81,12,0,13,13,59,20,13,0,0,0,0,0,0,0,0,0,0,0,0,0,0,0,56,0
l14,4=69,0,5,12,49,5,81,73,84,79,74,77,88,88,0,0,85,91,90,70,88,10,0,13,13,64,21,13,0,0,81,75,0,0,0,0,0,0,1,66,53,65,67,70,83
l15,4=74,75,73,71,73,69,88,74,82,82,78,97,94,81,88,0,0,80,85,70,82,11,44,13,14,64,21,13,0,0,89,76,0,20,0,0,0,0,0,0,60,4,60,60,72
l16,4=0,38,68,0,51,14,78,0,0,77,70,35,86,79,91,0,87,0,87,83,90,3,0,0,12,63,21,0,0,0,99,98,0,74,0,0,0,0,70,78,73,79,60,60,72
l17,4=9,0,2,0,73,64,80,72,83,79,75,85,78,80,91,0,87,85,0,76,74,0,6,13,13,63,20,10,0,0,83,77,0,0,0,0,0,0,1,0,67,69,57,65,71
l18,4=0,34,12,0,0,16,22,64,82,30,58,64,37,26,85,0,80,87,80,0,93,10,51,13,15,70,23,13,0,0,84,85,0,42,0,47,0,4,55,20,59,62,5,71,66
l19,4=12,2,0,0,0,29,48,70,42,74,72,82,85,79,91,0,87,92,71,83,0,11,41,13,16,64,21,13,0,0,81,76,5,0,0,0,0,0,65,60,69,69,71,78,79
l20,4=0,0,0,0,0,0,0,15,0,0,1,0,0,2,2,0,12,1,0,31,19,0,81,9,13,71,21,14,0,0,0,0,7,16,0,39,45,68,55,25,34,45,82,79,68
l21,4=0,0,0,0,0,0,0,0,0,0,2,2,3,0,0,0,21,0,1,78,18,20,0,14,15,71,26,14,0,0,0,0,0,0,0,52,0,0,57,0,0,0,79,73,70
l22,4=0,0,0,0,0,0,0,18,2,1,2,2,3,2,2,0,2,0,2,25,15,6,7,0,17,71,27,14,0,0,0,0,2,15,0,44,79,55,54,33,40,53,64,63,60
l23,4=0,2,0,0,0,0,0,8,1,1,2,1,27,2,4,0,52,2,32,81,87,15,14,14,0,72,27,13,0,0,7,0,2,8,0,47,54,53,52,59,28,63,82,84,87
l24,4=0,0,0,0,0,0,1,54,2,4,69,12,20,19,83,0,75,47,77,81,68,17,64,13,16,0,25,13,0,0,0,0,4,12,0,44,46,47,51,67,49,58,85,84,92
l25,4=0,0,0,0,0,0,0,21,2,0,3,2,3,2,9,0,6,2,2,49,18,9,11,14,18,71,0,13,0,0,5,0,7,19,0,48,68,58,57,46,45,51,75,83,74
l26,4=0,0,0,0,0,0,0,18,2,1,2,2,4,3,2,0,2,0,2,44,20,20,74,14,13,59,25,0,0,0,4,0,2,35,0,57,66,59,59,37,40,0,74,65,73
l27,4=75,65,0,69,75,81,64,0,67,63,0,66,68,0,86,0,85,92,81,80,76,0,0,0,10,0,13,7,0,0,0,98,24,79,0,53,39,0,87,99,97,100,7,0,0
l28,4=56,0,67,76,84,11,0,0,0,44,66,92,0,0,75,0,86,92,85,82,77,0,0,0,0,0,0,8,0,0,99,0,23,94,0,87,77,89,91,99,97,100,0,56,0
l29,4=0,0,0,0,0,0,0,0,0,0,0,0,0,0,0,0,0,0,0,0,7,17,0,8,2,3,26,6,0,0,47,1,0,98,0,98,99,100,99,100,96,100,71,47,26
l30,4=0,0,0,0,0,0,0,0,0,0,0,0,0,0,0,0,31,61,0,53,0,14,0,13,7,25,22,14,0,0,76,94,34,0,0,98,99,95,99,100,97,100,67,0,0
l31,4=0,0,0,0,0,0,0,0,0,0,0,0,0,0,0,0,0,0,0,64,0,14,38,14,17,56,25,14,0,0,77,88,34,98,0,0,99,100,99,100,97,100,0,78,46
l32,4=0,0,0,0,0,0,0,0,0,0,0,0,0,0,0,0,0,0,0,0,0,5,0,14,11,1,24,14,0,0,7,84,34,98,0,98,0,100,99,100,96,100,50,4,0
l33,4=0,0,0,0,0,0,0,0,0,0,0,0,0,0,0,0,0,0,0,0,0,15,0,12,11,0,17,7,0,0,0,82,34,98,0,98,99,0,99,100,97,76,0,0,0
l34,4=0,0,0,0,0,0,0,0,0,0,0,0,0,0,0,0,0,70,0,69,39,16,4,13,15,56,22,13,0,0,91,87,34,98,0,98,99,100,0,100,97,100,0,0,0
l35,4=0,0,0,0,0,0,0,0,0,0,0,0,0,0,74,0,0,73,0,19,30,10,0,13,17,61,23,13,0,0,96,89,34,98,0,98,94,93,99,0,97,100,0,0,0
l36,4=0,0,0,0,0,53,0,0,0,0,0,0,0,0,56,0,62,73,67,61,59,6,0,13,4,58,23,12,0,0,89,81,28,89,0,87,89,90,92,92,0,99,0,0,0
l37,4=0,0,0,0,0,31,0,0,0,0,0,0,0,0,52,0,24,75,64,67,60,10,0,13,17,53,16,0,0,0,99,98,34,98,0,98,97,84,99,100,97,0,0,0,14
l38,4=0,0,0,0,0,0,0,0,0,0,1,0,1,0,2,0,2,0,1,0,16,3,2,3,4,40,3,3,0,0,0,0,0,7,0,0,12,0,0,0,0,0,0,85,92
l39,4=0,0,0,0,0,0,0,0,0,0,2,0,1,2,7,0,17,0,74,70,79,5,2,9,15,67,24,1,0,0,0,0,0,0,0,28,0,0,0,0,0,0,88,0,90
l40,4=0,0,0,0,0,0,0,0,0,0,0,0,0,0,4,0,1,0,0,16,14,2,4,2,11,64,3,3,0,0,0,0,0,0,0,0,0,0,0,0,0,0,88,84,0
l41,4=0,0,0,0,0,0,0,0,0,0,0,2,3,3,5,0,3,8,3,24,21,2,2,8,14,59,23,3,0,0,7,1,2,0,0,0,0,0,41,0,14,0,84,81,81
l42,4=0,0,0,0,0,0,0,0,0,0,2,0,0,0,4,0,1,0,2,37,19,6,7,13,16,70,14,5,0,0,0,0,1,0,0,36,49,0,50,0,0,0,88,84,92
l43,4=0,0,0,0,0,0,0,0,0,0,1,0,0,0,1,0,0,0,1,16,16,3,0,4,0,13,22,3,0,0,4,0,0,0,0,8,30,0,41,12,0,0,86,85,90
l44,4=0,0,0,0,0,0,0,0,0,0,0,0,0,0,2,0,1,0,1,23,16,3,2,4,15,46,20,3,0,0,0,0,0,12,0,0,33,0,44,0,0,0,87,84,90

l0,5=0,87,79,97,91,94,91,88,90,75,77,97,91,75,29,0,47,67,45,35,0,0,0,0,0,3,0,0,0,0,38,0,0,0,0,0,0,0,0,0,0,0,0,0,0
l1,5=93,0,79,97,91,94,91,87,91,71,84,93,91,75,21,0,47,72,0,66,53,0,0,0,0,0,0,0,0,0,36,52,0,0,0,0,0,0,0,0,17,0,0,0,0
l2,5=95,88,0,94,91,93,91,90,91,68,78,97,91,75,28,0,57,40,0,0,0,0,0,0,0,0,11,0,0,0,22,77,0,0,0,0,0,0,0,0,0,0,0,0,0
l3,5=95,92,82,0,94,96,91,90,91,43,0,97,82,75,46,0,84,59,61,0,0,0,0,0,0,0,0,0,0,0,76,81,0,0,0,0,0,0,0,0,0,0,0,0,0
l4,5=95,88,80,97,0,96,91,90,90,66,77,92,91,59,0,0,57,69,73,63,0,0,0,0,0,0,0,0,0,0,22,80,0,0,0,0,0,0,0,0,0,0,0,0,0
l5,5=95,88,79,94,94,0,91,90,74,75,88,97,90,70,46,0,52,64,71,61,48,0,0,0,0,0,0,0,0,0,72,75,0,0,0,0,0,0,0,0,13,0,0,0,0
l6,5=95,92,79,90,91,90,0,90,90,75,79,89,91,72,78,0,85,50,75,64,0,0,0,0,12,33,15,0,0,0,3,69,0,0,0,0,0,0,0,0,0,0,0,0,0
l7,5=76,73,78,89,87,87,90,0,91,76,66,97,90,73,80,0,77,20,75,72,0,0,0,0,0,57,55,32,0,0,0,0,0,0,0,0,0,0,0,0,0,0,0,0,0
l8,5=92,92,83,87,80,62,90,92,0,77,79,97,92,77,79,0,76,45,56,70,52,0,29,70,20,52,65,60,0,0,31,0,0,0,0,0,0,0,0,0,0,0,0,12,0
l9,5=81,73,66,25,79,84,87,89,90,0,86,97,90,77,79,0,76,62,77,49,59,16,0,1,42,39,38,39,0,0,19,0,0,0,0,0,0,0,0,0,0,0,0,47,0
l10,5=40,21,25,0,34,76,44,66,81,71,0,94,91,55,89,0,85,68,74,70,78,31,24,50,36,42,43,41,0,0,22,63,0,0,0,0,0,0,0,0,0,6,40,49,0
l11,5=81,42,67,76,78,75,49,90,90,75,79,0,92,75,0,0,77,39,73,65,67,0,0,59,43,35,45,43,0,0,25,45,0,0,0,0,0,0,0,0,0,0,0,1,0
l12,5=80,75,77,31,79,77,87,88,89,74,88,97,0,77,86,0,85,75,75,67,82,7,20,6,46,38,66,41,0,0,21,0,0,0,0,0,0,0,0,0,0,0,21,50,0
l13,5=81,77,75,80,80,75,79,87,89,77,85,97,92,0,81,0,76,73,74,70,78,18,0,66,73,62,41,67,0,0,53,0,0,0,0,0,0,0,0,0,0,0,0,56,0
l14,5=22,2,5,26,0,31,28,73,82,63,85,0,86,45,0,0,82,87,88,81,88,17,36,46,43,34,41,41,0,0,30,61,0,0,0,0,0,0,10,10,15,22,41,58,27
l15,5=20,17,12,29,34,31,46,73,80,54,85,94,86,21,86,0,0,80,81,73,85,46,27,56,46,38,45,39,0,0,28,74,0,0,0,0,0,0,0,0,13,11,21,51,25
l16,5=14,2,4,23,40,35,18,19,65,51,83,20,86,27,55,0,51,0,80,81,88,6,0,55,47,20,46,0,0,0,44,87,13,0,0,5,0,0,70,19,33,56,27,24,0
l17,5=22,0,0,11,29,33,36,68,66,64,73,79,74,17,91,0,82,64,0,72,88,22,30,48,36,44,43,0,0,0,34,56,0,0,0,0,0,0,15,0,9,24,42,55,26
l18,5=1,1,0,0,24,16,24,61,66,26,66,30,62,31,83,0,73,78,63,0,88,53,62,77,77,77,74,74,0,0,55,70,24,17,0,5,6,4,68,25,31,6,58,80,41
l19,5=0,12,0,0,0,24,0,0,62,48,74,70,77,21,89,0,82,86,81,84,0,41,3,56,77,44,40,47,0,0,28,78,0,18,0,0,0,0,59,19,17,33,52,59,28
l20,5=0,0,0,0,0,0,0,0,0,0,26,0,20,21,35,0,53,7,31,56,44,0,80,87,73,70,74,81,0,0,0,0,65,58,0,0,46,47,57,26,30,35,52,67,58
l21,5=0,0,0,0,0,0,0,0,44,0,20,0,32,0,54,0,51,0,38,55,0,75,0,31,59,77,76,79,0,0,0,0,28,0,0,6,0,0,3,0,0,0,54,61,50
l22,5=0,0,0,0,0,0,0,0,61,0,53,48,5,20,45,0,55,41,54,63,60,66,25,0,82,80,82,79,0,0,21,0,26,70,0,46,66,62,57,42,54,27,57,78,62
l23,5=0,0,0,0,0,0,0,3,11,23,45,19,56,17,59,0,56,45,52,69,71,55,45,95,0,83,82,72,0,0,11,15,28,11,0,23,14,24,0,57,8,27,58,81,66
l24,5=1,0,0,0,0,5,17,55,37,28,65,25,52,32,47,0,62,25,66,70,72,56,68,95,83,0,81,76,0,0,4,39,23,15,0,24,14,0,16,42,8,23,65,85,71
l25,5=0,0,0,0,0,0,1,29,37,19,52,20,57,10,58,0,56,47,54,65,28,61,58,95,85,79,0,71,0,0,0,0,68,66,0,35,26,48,61,23,11,26,56,81,28
l26,5=0,0,0,0,0,0,0,22,31,21,26,25,36,21,33,0,37,3,0,64,61,75,69,95,73,73,68,0,0,0,5,0,40,59,0,35,34,0,35,14,32,24,42,54,43
l27,5=29,5,6,47,28,58,0,0,57,40,41,30,33,23,30,0,48,93,81,77,50,0,0,47,20,4,4,10,0,0,0,87,24,17,0,22,6,30,26,30,55,61,0,9,0
l28,5=0,0,16,42,45,47,37,0,0,0,41,28,0,0,29,0,62,94,75,79,88,0,0,0,15,23,0,0,0,0,86,0,24,17,0,22,59,33,22,85,96,86,1,25,0
l29,5=0,0,0,0,0,0,0,0,0,0,0,0,0,0,0,0,0,19,0,48,0,58,36,48,51,8,77,50,0,0,32,50,0,90,0,83,95,96,90,92,76,96,0,0,26
l30,5=0,0,0,0,0,0,0,0,0,0,0,0,0,0,0,0,0,0,0,32,2,21,0,81,10,5,75,77,0,0,22,65,91,0,0,83,95,96,90,91,97,96,25,29,6
l31,5=0,0,0,0,0,0,0,0,0,0,0,0,0,0,0,0,0,28,0,56,0,0,32,75,69,61,58,67,0,0,51,60,91,90,0,0,95,96,90,92,97,96,21,3,0
l32,5=0,0,0,0,0,0,0,0,0,0,0,0,0,0,0,0,0,0,0,46,0,23,0,95,49,3,44,32,0,0,3,43,91,90,0,83,0,96,90,92,95,70,0,0,0
l33,5=0,0,0,0,0,0,0,0,0,0,0,0,0,0,0,0,0,0,0,0,0,27,0,86,35,0,53,0,0,0,28,46,91,90,0,83,95,0,89,78,88,38,0,0,0
l34,5=0,0,0,0,0,0,0,0,0,0,0,0,0,0,1,0,0,47,11,66,34,50,9,66,0,4,68,64,0,0,39,14,91,90,0,78,79,81,0,92,97,96,0,17,1
l35,5=0,0,0,0,0,0,0,0,0,0,0,0,0,0,18,0,0,82,15,48,33,30,0,62,27,24,31,38,0,0,86,51,91,86,0,83,95,34,90,0,97,96,0,0,0
l36,5=0,0,0,0,0,30,0,0,0,0,0,0,0,0,19,0,40,85,51,42,42,33,0,64,17,4,23,44,0,0,86,51,26,90,0,76,89,35,69,92,0,96,0,0,0
l37,5=0,0,0,0,0,1,0,0,0,0,23,0,0,0,18,0,31,85,55,26,42,35,0,54,24,20,30,43,0,0,86,87,91,90,0,83,90,44,90,92,97,0,0,0,0
l38,5=0,0,0,0,0,0,0,0,0,0,18,0,20,0,26,0,24,12,41,32,27,15,22,59,70,56,40,33,0,0,0,0,0,24,0,0,0,0,0,0,0,0,0,81,71
l39,5=0,0,0,0,0,0,0,0,0,17,25,3,27,6,65,0,59,8,60,64,67,49,28,74,66,65,75,58,0,0,0,20,0,11,0,0,0,0,9,0,0,0,58,0,72
l40,5=0,0,0,0,0,0,0,0,0,0,0,0,0,0,54,0,20,0,28,48,36,29,16,47,68,62,32,51,0,0,0,0,21,14,0,0,0,0,0,0,0,0,59,86,0
l41,5=0,0,0,0,0,0,0,0,0,20,0,16,59,3,66,0,41,53,61,64,67,0,20,76,73,66,78,63,0,0,11,13,21,0,0,0,0,0,16,8,9,0,62,82,53
l42,5=0,0,0,0,0,0,0,0,0,0,22,0,0,0,51,0,0,16,45,63,46,42,25,81,70,70,74,72,0,0,0,0,1,6,0,13,21,5,0,0,7,0,62,87,73
l43,5=0,0,0,0,0,0,0,0,0,0,24,0,0,0,24,0,0,8,34,27,29,27,0,70,62,62,70,67,0,0,0,0,22,0,0,20,0,1,28,20,0,0,60,82,70
l44,5=0,0,0,0,0,0,0,0,0,0,13,0,0,0,27,0,26,12,32,59,25,44,25,42,70,70,74,31,0,0,1,0,21,24,0,0,0,0,20,0,0,0,61,81,71

l0,6=0,97,85,92,78,92,87,82,75,58,73,76,83,86,70,0,60,79,0,31,0,0,0,0,0,0,0,0,0,0,58,0,0,0,0,0,0,0,0,0,0,0,0,0,0
l1,6=87,0,88,91,78,93,89,82,78,58,54,72,87,86,0,0,65,65,59,46,9,0,0,0,0,0,0,0,0,0,33,34,0,0,0,0,0,0,0,0,0,0,0,0,0
l2,6=87,97,0,92,63,94,89,82,79,59,34,69,87,87,67,0,58,72,43,45,0,0,0,0,0,44,0,0,0,0,25,33,0,0,0,0,0,0,0,0,0,0,0,0,0
l3,6=88,97,88,0,78,94,82,76,76,60,37,77,75,85,66,0,65,78,49,0,0,0,0,0,0,0,0,0,0,0,44,0,0,0,0,0,0,0,0,0,0,0,0,0,0
l4,6=88,97,77,92,0,94,88,79,76,61,27,76,87,79,42,0,55,0,61,27,0,0,0,0,0,0,0,0,0,0,35,80,0,0,0,0,0,0,0,0,0,0,0,0,0
l5,6=85,97,88,90,78,0,89,74,77,58,79,73,78,83,77,0,65,67,67,26,6,0,0,0,0,0,0,0,0,0,36,62,0,3,0,0,0,0,0,12,0,0,0,0,0
l6,6=87,97,88,72,78,92,0,82,72,64,82,60,87,75,73,0,60,51,56,0,17,15,0,0,0,42,0,0,0,0,40,42,0,0,0,0,0,0,0,0,0,0,0,0,0
l7,6=78,96,85,48,68,67,89,0,79,65,65,79,78,89,73,0,65,65,57,52,20,0,0,0,0,53,64,0,0,0,0,0,0,0,0,0,0,0,0,0,0,0,0,0,0
l8,6=80,91,88,74,69,91,80,83,0,64,64,79,87,87,79,0,63,53,51,56,0,35,32,41,20,51,62,27,0,0,0,0,0,0,0,0,0,0,0,0,0,0,0,0,0
l9,6=76,88,72,72,71,89,89,83,79,0,81,79,88,89,84,0,67,57,72,29,32,0,20,7,30,48,56,17,0,0,22,0,0,0,0,0,0,0,0,0,0,0,1,0,0
l10,6=54,72,26,17,27,86,76,65,62,54,0,73,87,82,84,0,79,79,67,54,29,24,23,42,47,61,71,21,0,0,20,42,0,0,0,0,0,0,0,0,0,5,26,35,0
l11,6=75,71,74,75,69,83,64,79,73,61,80,0,88,83,82,0,70,56,74,57,11,26,4,47,42,46,57,31,0,0,20,30,0,0,0,0,0,0,0,0,0,0,0,24,0
l12,6=72,86,83,31,65,67,84,71,75,62,84,79,0,89,84,0,73,74,72,56,42,0,0,29,45,58,69,11,0,0,8,28,0,0,0,0,0,0,0,0,0,0,27,40,0
l13,6=81,88,82,63,59,90,66,80,79,65,84,79,88,0,84,0,72,70,72,56,14,10,0,47,40,53,51,30,0,0,22,22,0,0,0,0,0,0,0,0,0,0,0,11,0
l14,6=17,0,18,7,12,54,58,55,66,35,79,45,83,82,0,0,75,88,83,63,30,22,43,32,46,48,0,16,0,0,37,40,0,28,0,0,0,0,36,0,6,0,18,46,48
l15,6=25,47,36,26,13,54,64,61,58,32,84,47,75,71,79,0,0,68,72,55,29,36,41,52,43,34,67,33,0,0,26,51,0,0,0,0,0,0,24,0,5,0,20,44,23
l16,6=29,36,19,20,0,52,45,21,29,4,38,19,65,66,84,0,69,0,74,60,30,5,0,30,50,55,72,2,0,0,49,83,23,0,0,0,0,0,56,0,38,5,46,46,26
l17,6=0,47,13,1,16,54,34,39,32,36,38,65,73,77,90,0,70,80,0,57,47,34,30,49,44,60,68,33,0,0,46,52,0,0,0,0,0,0,0,0,7,0,31,48,47
l18,6=4,40,18,0,8,11,0,34,46,7,50,48,51,61,78,0,55,82,60,0,48,57,43,48,52,61,74,52,0,0,4,50,49,54,0,12,7,0,51,31,36,10,48,50,45
l19,6=0,27,0,0,0,41,57,29,0,26,64,33,55,59,80,0,67,88,76,67,0,35,42,46,60,53,61,49,0,0,50,59,0,56,0,0,0,0,51,30,21,22,0,45,44
l20,6=0,0,0,0,0,0,21,0,25,0,23,18,0,11,21,0,54,26,47,54,25,0,73,65,58,64,70,61,0,0,1,0,59,52,0,14,38,16,54,20,15,11,59,27,42
l21,6=0,0,0,0,0,0,0,0,30,12,19,13,0,0,54,0,53,0,32,52,25,75,0,58,54,59,62,60,0,0,0,0,23,20,0,0,0,0,30,0,0,0,51,37,38
l22,6=0,0,0,0,0,0,0,0,21,0,19,11,20,23,21,0,46,34,29,48,13,71,38,0,64,70,77,63,0,0,0,0,17,63,0,20,56,30,43,2,14,19,60,32,25
l23,6=0,0,0,0,0,0,0,0,18,10,42,34,48,29,54,0,50,58,39,53,40,66,40,76,0,69,77,58,0,0,19,22,22,33,0,42,15,0,29,23,17,19,53,56,34
l24,6=0,0,14,0,0,0,24,35,35,20,55,14,28,37,30,0,20,39,56,54,34,65,43,77,65,0,77,61,0,0,5,16,0,53,0,10,13,1,25,10,4,36,46,53,57
l25,6=0,0,0,0,0,0,0,9,25,15,35,12,29,23,0,0,49,49,46,53,10,57,18,77,65,72,0,53,0,0,0,0,50,37,0,23,13,23,26,17,14,18,52,59,24
l26,6=0,0,0,0,0,0,0,0,21,8,8,16,17,24,23,0,41,22,36,55,33,71,67,71,58,64,71,0,0,0,1,0,48,58,0,21,42,23,56,20,14,18,65,24,27
l27,6=32,44,9,26,37,74,61,0,0,4,6,20,45,69,84,0,65,88,74,28,18,0,0,0,13,28,0,0,0,0,0,71,36,54,0,6,18,19,61,60,48,46,14,0,17
l28,6=0,11,7,0,49,74,51,0,0,0,18,33,51,53,69,0,69,90,66,46,46,0,0,0,32,52,0,0,0,0,87,0,68,71,0,15,23,31,59,69,72,48,9,0,0
l29,6=0,0,0,0,0,0,0,0,0,0,0,0,0,0,0,0,0,27,0,46,0,66,12,18,40,0,68,54,0,0,46,57,0,84,0,80,71,88,77,87,51,68,0,0,0
l30,6=0,0,0,0,0,6,0,0,0,0,0,0,0,0,42,0,0,0,0,45,16,44,6,58,43,53,67,50,0,0,49,56,81,0,0,76,70,85,72,69,75,85,30,28,42
l31,6=0,0,0,0,0,0,0,0,0,0,0,0,0,0,0,0,0,10,0,39,0,44,0,49,56,45,67,44,0,0,44,50,81,84,0,0,71,92,76,84,73,89,0,0,0
l32,6=0,0,0,0,0,0,0,0,0,0,0,0,0,0,0,0,0,0,0,35,0,43,0,61,40,45,54,49,0,0,45,56,81,77,0,80,0,86,69,79,65,60,34,0,0
l33,6=0,0,0,0,0,0,0,0,0,0,0,0,0,0,0,0,0,0,0,0,0,1,0,44,0,0,63,41,0,0,22,51,81,77,0,80,70,0,68,44,60,78,0,0,0
l34,6=0,0,0,0,0,0,0,0,0,0,0,0,0,0,58,0,35,62,0,51,23,59,23,53,44,52,67,50,0,0,53,45,81,84,0,80,67,89,0,87,78,91,38,43,0
l35,6=0,0,0,0,0,38,0,0,0,0,0,0,0,0,0,0,10,0,0,48,18,32,0,6,36,48,67,22,0,0,50,60,81,83,0,50,43,33,77,0,78,91,20,7,0
l36,6=0,0,0,0,0,0,0,0,0,0,0,0,0,0,61,0,55,90,31,48,11,14,0,32,32,37,67,8,0,0,88,65,79,84,0,56,44,41,77,87,0,91,0,0,0
l37,6=0,0,0,0,0,0,0,0,0,0,6,0,0,0,0,0,0,73,0,40,14,32,0,35,34,60,71,22,0,0,71,78,78,84,0,69,69,85,77,87,78,0,22,0,0
l38,6=0,0,0,0,0,0,0,0,0,0,8,0,19,0,14,0,13,17,12,24,0,26,12,23,46,29,51,49,0,0,0,0,0,11,0,0,6,0,9,6,0,0,0,57,64
l39,6=0,0,0,0,0,0,0,0,0,0,18,7,20,0,49,0,44,49,52,42,28,23,10,35,54,47,70,25,0,0,0,0,0,15,0,0,0,0,16,1,0,0,67,0,66
l40,6=0,0,0,0,0,0,0,0,0,0,0,0,0,0,41,0,14,30,22,28,7,35,17,23,28,58,43,29,0,0,0,0,0,20,0,0,0,0,0,0,0,0,66,57,0
l41,6=0,0,0,0,0,0,0,0,8,0,0,8,48,25,64,0,46,32,60,52,37,44,14,56,62,58,71,31,0,0,12,14,0,0,0,0,0,0,16,0,4,0,67,60,64
l42,6=0,0,0,0,0,0,0,0,0,0,18,0,0,0,26,0,0,34,30,46,11,29,9,50,51,60,70,53,0,0,0,0,17,17,0,18,12,17,18,0,13,0,69,59,57
l43,6=0,0,0,0,0,0,0,0,0,0,11,0,0,0,20,0,0,23,20,15,9,23,0,52,45,62,57,52,0,0,0,0,15,17,0,13,0,0,20,0,0,0,65,55,64
l44,6=0,0,0,0,0,0,0,0,0,0,0,0,17,0,20,0,22,31,3,16,0,26,19,40,60,62,69,46,0,0,0,0,2,0,0,0,0,0,1,0,0,0,69,58,68

l0,7=0,94,90,86,87,86,80,79,75,79,73,89,85,90,47,0,42,38,23,13,0,0,0,0,0,0,0,0,0,0,0,80,0,0,0,0,0,0,0,0,2,0,0,0,0
l1,7=93,0,90,86,87,86,80,76,82,86,88,89,86,90,49,0,78,0,41,71,0,0,0,0,0,0,0,0,0,0,37,0,0,0,0,0,0,0,0,0,0,0,0,0,0
l2,7=93,94,0,85,86,86,80,80,81,47,81,91,81,90,74,0,25,16,36,63,31,2,0,0,0,0,0,0,0,0,46,0,0,0,0,0,0,0,0,0,0,0,0,0,0
l3,7=93,94,90,0,88,86,76,68,76,85,57,87,85,90,6,0,25,9,36,3,0,0,0,0,0,0,0,0,0,0,76,41,0,0,0,0,0,0,0,0,0,0,0,0,0
l4,7=93,94,86,87,0,89,74,76,76,54,85,92,80,87,55,0,17,8,0,61,0,0,0,0,0,0,0,0,0,0,82,46,0,0,0,0,0,0,0,0,0,0,0,0,0
l5,7=93,94,90,86,88,0,81,78,81,52,88,92,73,87,66,0,42,37,54,48,31,0,0,0,0,0,0,0,0,0,77,3,0,0,0,0,0,0,0,0,0,0,0,0,0
l6,7=93,94,90,85,84,86,0,84,81,87,89,89,80,89,76,0,37,28,63,0,48,0,0,21,0,32,0,0,0,0,74,43,0,0,0,0,0,0,0,0,0,0,0,0,0
l7,7=82,84,76,61,73,81,80,0,82,87,86,94,76,90,78,0,77,41,0,64,55,33,25,0,44,52,29,22,0,0,0,0,0,0,0,0,0,0,0,0,0,0,0,0,0
l8,7=79,89,84,79,85,85,76,84,0,84,84,92,82,87,70,0,78,0,56,58,40,47,60,53,41,31,42,11,0,0,0,3,0,0,0,0,0,0,0,0,0,0,0,0,0
l9,7=61,89,81,82,84,70,80,84,82,0,84,94,87,90,80,0,50,0,70,55,59,34,0,32,0,43,28,0,0,0,20,35,0,0,0,0,0,0,0,0,0,0,0,27,0
l10,7=8,51,45,9,24,65,73,73,42,42,0,89,82,87,83,0,80,21,67,72,71,41,30,65,52,49,31,0,0,0,32,49,0,0,0,0,0,0,0,0,0,0,9,26,0
l11,7=52,86,84,23,85,82,71,79,80,81,88,0,87,87,83,0,59,0,79,79,0,28,0,52,49,31,25,25,0,0,18,13,0,0,0,0,0,0,0,0,0,0,0,31,0
l12,7=56,86,77,49,33,13,61,66,80,81,88,94,0,90,83,0,80,2,79,74,53,0,34,11,53,58,35,10,0,0,31,32,0,0,0,0,0,0,0,0,0,0,6,19,0
l13,7=87,87,84,74,84,81,75,79,80,81,88,94,87,0,83,0,23,14,76,70,60,4,46,61,40,46,0,3,0,0,30,6,0,0,0,0,0,0,0,0,0,0,0,1,0
l14,7=2,11,43,0,13,23,25,31,33,35,88,80,80,79,0,0,84,77,83,82,68,63,9,61,48,55,33,28,0,0,39,44,0,0,0,0,0,0,20,0,0,6,14,38,3
l15,7=3,49,53,15,7,13,7,36,41,11,89,83,80,22,87,0,0,23,56,74,71,50,28,21,57,44,30,8,0,0,30,26,0,0,0,0,0,0,0,0,28,0,6,25,2
l16,7=7,0,47,0,6,23,15,22,6,0,73,16,13,48,87,0,25,0,52,82,79,22,0,51,58,38,21,7,0,0,56,95,0,13,0,0,0,0,40,28,86,18,12,36,12
l17,7=2,18,47,12,1,13,16,1,29,16,88,90,82,87,87,0,49,47,0,79,73,47,3,31,45,60,34,25,0,0,52,46,0,0,0,0,0,0,5,0,32,17,10,40,27
l18,7=0,18,38,0,8,9,0,46,29,21,56,57,52,55,84,0,60,63,53,0,76,65,59,60,54,61,68,50,0,0,54,61,20,9,0,1,0,0,54,30,51,0,25,65,10
l19,7=0,0,16,0,0,23,19,27,26,32,75,0,52,54,80,0,81,77,75,81,0,56,54,67,73,60,40,26,0,0,32,37,0,44,0,0,0,6,38,32,51,15,14,33,14
l20,7=0,0,0,0,0,0,0,18,31,10,24,21,13,6,57,0,46,5,28,62,26,0,81,83,69,75,53,67,0,0,0,0,61,47,0,19,30,0,73,16,0,0,46,70,63
l21,7=0,0,0,0,0,0,0,22,52,0,35,0,44,36,29,0,59,0,12,59,34,83,0,75,67,67,64,67,0,0,0,0,38,0,0,0,0,0,48,0,0,0,52,63,55
l22,7=0,0,0,0,0,0,0,0,20,4,45,34,19,21,41,0,47,21,42,54,53,82,66,0,72,75,73,67,0,0,0,0,32,63,0,24,59,35,73,25,21,42,58,70,24
l23,7=0,0,0,0,0,0,0,14,15,0,39,37,45,18,42,0,52,42,47,61,60,77,65,87,0,84,75,67,0,0,7,16,25,49,0,56,0,0,51,19,26,22,58,73,71
l24,7=0,0,0,0,0,0,4,55,16,13,52,28,59,33,64,0,51,24,54,66,60,81,58,85,74,0,75,66,0,0,16,0,0,48,0,24,8,0,0,56,22,52,59,69,73
l25,7=0,0,0,0,0,0,0,16,24,24,51,34,48,0,63,0,54,25,53,67,54,33,28,87,74,84,0,60,0,0,1,23,56,37,0,51,41,32,41,28,29,24,61,77,68
l26,7=0,0,0,0,0,0,0,15,12,0,0,31,21,16,39,0,33,3,44,62,32,83,73,86,70,74,68,0,0,0,10,0,43,59,0,28,58,33,72,28,15,23,60,17,28
l27,7=0,34,67,24,36,50,38,0,0,6,66,45,62,44,83,0,26,25,51,50,46,0,0,0,16,27,4,7,0,0,0,95,14,28,0,26,26,9,51,35,91,33,0,2,28
l28,7=13,0,0,15,28,16,24,0,7,20,74,51,62,28,74,0,23,77,29,48,43,0,0,0,44,0,15,0,0,0,97,0,32,28,0,29,27,15,43,52,28,30,0,0,0
l29,7=0,0,0,0,0,0,0,0,0,0,0,0,0,0,0,0,0,0,0,32,0,73,33,33,37,0,66,53,0,0,25,47,0,79,0,87,90,89,93,89,80,84,2,16,0
l30,7=0,0,0,0,0,0,0,0,0,0,0,0,0,0,0,0,0,2,0,20,23,63,0,71,54,56,38,41,0,0,67,70,84,0,0,82,84,81,89,73,93,88,0,0,16
l31,7=0,0,0,0,0,0,0,0,0,0,0,0,0,0,0,0,0,0,0,17,0,56,0,66,70,65,67,41,0,0,51,66,84,76,0,0,90,93,93,65,89,74,0,0,0
l32,7=0,0,0,0,0,0,0,0,0,0,0,0,0,0,0,0,0,0,0,0,0,67,0,40,0,54,59,42,0,0,40,56,84,75,0,87,0,93,87,83,72,71,0,0,0
l33,7=0,0,0,0,0,0,0,0,0,0,0,0,0,0,0,0,0,0,0,0,0,0,0,36,0,0,59,41,0,0,37,27,81,72,0,87,90,0,87,83,81,84,1,0,0
l34,7=0,0,0,0,0,0,0,0,0,0,0,0,0,0,50,0,0,31,1,47,34,67,22,71,58,0,23,55,0,0,77,61,84,79,0,87,90,93,0,89,93,90,4,24,0
l35,7=0,0,0,0,0,0,0,0,0,0,0,0,0,0,0,0,4,21,0,40,19,17,0,36,54,47,22,16,0,0,79,80,84,26,0,30,84,80,93,0,93,90,8,0,0
l36,7=0,0,0,0,0,0,0,0,0,0,0,0,9,0,0,0,20,73,8,48,38,0,0,65,58,44,22,2,0,0,93,79,62,79,0,53,75,81,93,89,0,89,0,0,0
l37,7=0,0,0,0,0,7,0,0,0,0,0,0,0,0,20,0,0,46,8,0,18,0,0,68,60,47,22,6,0,0,96,80,84,79,0,30,76,80,93,89,93,0,0,0,0
l38,7=0,0,0,0,0,0,0,0,0,0,24,0,8,0,25,0,4,12,11,40,23,28,15,67,63,69,67,60,0,0,0,0,3,0,0,0,0,5,6,4,0,0,0,76,76
l39,7=0,0,0,0,0,0,0,0,0,5,31,23,7,0,52,0,31,35,41,58,25,52,20,56,68,56,74,1,0,0,0,0,6,0,0,0,0,0,16,0,0,0,62,0,71
l40,7=0,0,0,0,0,0,0,0,0,0,0,0,0,0,0,0,5,11,18,16,3,34,21,20,55,52,61,19,0,0,11,0,0,18,0,0,0,0,0,0,0,0,61,73,0
l41,7=0,0,0,0,0,0,0,6,14,0,33,0,48,0,67,0,46,12,46,59,56,52,2,53,74,68,70,48,0,0,1,48,8,0,0,0,0,0,11,0,0,2,56,78,72
l42,7=0,0,0,0,0,0,0,0,0,0,0,0,0,0,35,0,17,12,3,49,29,52,29,30,56,74,71,50,0,0,0,0,22,26,0,0,3,2,2,0,0,0,62,76,63
l43,7=0,0,0,0,0,0,0,0,0,0,1,0,11,0,0,0,21,13,24,34,21,38,0,29,61,71,68,31,0,0,0,0,22,0,0,12,0,0,23,18,10,0,61,73,73
l44,7=0,0,0,0,0,0,0,0,0,0,0,0,10,0,31,0,25,17,9,46,22,38,42,76,67,75,67,58,0,0,15,0,25,20,0,2,0,0,19,0,0,0,62,76,75

l0,8=0,100,100,99,100,100,98,98,99,100,14,100,99,96,55,0,100,90,0,0,0,0,0,0,0,0,0,0,0,0,85,0,0,0,0,0,0,0,0,0,0,0,0,0,0
l1,8=99,0,100,99,100,100,97,98,99,100,90,100,99,87,86,0,97,83,77,87,0,0,0,0,0,0,0,0,0,0,92,0,0,0,0,0,0,0,0,0,0,0,0,0,0
l2,8=99,100,0,99,100,100,98,0,99,100,79,100,0,96,17,0,97,92,67,87,89,0,0,0,0,0,0,0,0,0,93,0,0,0,0,0,0,0,0,0,0,0,0,23,0
l3,8=99,100,100,0,100,100,98,98,99,100,89,99,99,96,0,0,99,0,85,83,0,0,0,0,0,0,0,0,0,0,95,71,0,0,0,0,0,0,0,0,0,0,0,0,0
l4,8=99,100,100,99,0,100,98,98,99,100,80,100,0,90,32,0,80,95,69,90,0,0,0,0,0,0,0,0,0,0,98,45,0,0,0,0,0,0,0,0,0,0,0,0,0
l5,8=99,100,100,99,100,0,98,98,99,99,83,100,71,97,87,0,100,61,0,87,92,0,0,0,0,0,0,0,0,0,90,54,0,0,0,0,0,0,0,0,0,0,0,0,0
l6,8=99,100,100,99,100,100,0,98,99,100,90,100,99,96,93,0,99,90,92,0,94,0,0,0,0,52,0,0,0,0,80,0,0,0,0,0,0,0,0,0,0,0,0,0,0
l7,8=97,100,100,96,95,100,98,0,99,100,90,100,99,97,93,0,100,92,90,91,94,79,0,43,91,70,81,0,0,0,0,0,0,0,0,0,0,0,0,0,0,0,0,0,0
l8,8=95,100,100,94,95,100,95,98,0,100,90,100,99,96,92,0,95,65,90,91,94,89,1,60,88,0,64,85,0,0,1,0,0,0,0,0,0,0,0,0,0,0,29,18,0
l9,8=96,100,96,94,95,95,98,98,99,0,94,100,99,97,93,0,100,0,5,91,94,81,0,53,73,68,82,0,0,0,43,28,0,0,0,0,0,0,0,0,0,0,0,48,0
l10,8=2,79,81,92,53,47,96,96,94,96,0,57,99,94,98,0,100,81,92,88,94,82,18,56,76,66,86,0,0,0,0,57,0,0,0,0,0,0,0,0,0,0,6,48,0
l11,8=95,96,96,91,59,97,96,98,99,100,86,0,99,97,93,0,97,87,92,91,52,63,0,56,77,57,84,84,0,0,84,0,0,0,0,0,0,0,0,0,0,0,25,2,3
l12,8=97,96,0,94,0,60,96,96,99,100,98,100,0,97,94,0,100,90,97,91,94,43,47,0,78,74,83,80,0,0,90,7,0,0,0,0,0,0,0,0,0,0,48,0,0
l13,8=96,77,100,94,94,99,96,98,94,100,93,100,99,0,93,0,97,89,92,91,94,87,45,56,77,65,0,85,0,0,79,50,0,0,0,0,0,0,0,0,62,0,0,0,0
l14,8=7,46,1,0,17,14,92,96,66,82,98,60,62,64,0,0,100,100,98,96,99,86,10,41,78,82,86,56,0,0,93,58,0,0,0,0,0,0,0,12,30,0,24,55,74
l15,8=57,59,52,72,25,63,70,97,98,100,98,100,99,67,99,0,0,100,98,96,99,90,0,45,83,85,82,92,0,0,85,59,0,19,0,0,0,0,0,14,52,0,44,52,41
l16,8=18,28,70,0,29,3,37,88,9,0,27,17,45,32,99,0,100,0,98,96,99,10,0,9,84,88,51,0,0,0,99,62,0,0,0,0,32,12,24,70,99,79,20,22,0
l17,8=0,33,0,42,17,0,57,86,48,0,98,61,62,65,99,0,100,100,0,96,99,85,30,22,78,81,84,85,0,0,92,49,0,0,0,0,0,0,0,22,35,48,29,47,46
l18,8=0,37,12,24,27,16,0,87,85,72,61,42,77,50,99,0,86,100,93,0,99,91,51,96,96,87,94,95,0,0,86,53,6,11,0,0,0,0,48,25,82,80,55,54,66
l19,8=0,0,53,0,0,37,63,74,85,88,90,31,77,54,99,0,97,100,98,96,0,86,0,96,98,88,93,88,0,0,91,18,0,45,0,0,0,0,23,50,90,63,55,93,50
l20,8=0,0,0,0,0,0,0,32,49,26,51,15,23,66,62,0,70,25,70,94,75,0,93,96,93,89,69,95,0,0,0,0,61,53,0,26,0,0,55,43,0,51,54,69,60
l21,8=0,0,0,0,0,0,0,0,7,0,44,4,60,59,50,0,0,0,68,90,0,93,0,96,93,82,71,92,0,0,0,0,52,38,0,0,30,0,50,7,0,0,68,68,57
l22,8=0,0,0,0,0,0,0,15,21,21,48,18,0,39,44,0,37,27,27,88,84,88,71,0,98,87,92,95,0,0,0,0,25,62,0,58,27,51,69,30,0,58,65,90,55
l23,8=0,0,0,0,0,0,0,35,28,9,49,51,41,48,57,0,72,65,70,88,82,89,64,96,0,94,94,93,0,0,41,0,64,57,0,62,14,11,53,51,67,33,70,91,82
l24,8=0,0,0,0,0,0,23,55,0,49,43,13,59,51,68,0,73,66,80,88,78,88,62,96,98,0,94,90,0,0,40,0,43,10,0,26,29,15,44,33,60,56,84,67,5
l25,8=0,0,0,0,0,0,0,36,22,51,59,50,58,0,56,0,60,57,67,88,76,67,51,96,98,94,0,60,0,0,25,3,55,56,0,56,41,62,31,0,56,32,71,92,60
l26,8=0,0,0,0,0,0,0,4,26,0,0,29,22,25,19,0,67,0,67,92,52,91,73,96,95,87,73,0,0,0,0,0,34,58,0,28,55,33,67,27,33,32,75,67,45
l27,8=22,54,88,71,42,32,35,4,0,3,0,22,22,33,95,0,64,100,94,96,96,0,0,0,47,18,40,0,0,0,0,99,15,74,0,74,90,22,60,64,99,91,0,0,39
l28,8=0,0,0,84,52,36,0,0,0,28,95,0,25,57,99,0,68,100,64,96,54,0,0,9,0,0,30,0,0,0,99,0,37,66,0,81,97,16,74,99,99,86,24,23,0
l29,8=0,0,0,0,0,0,0,0,0,0,0,0,0,0,0,0,0,0,0,45,0,88,35,31,98,83,89,88,0,0,46,88,0,100,0,100,100,100,100,99,99,98,72,32,0
l30,8=0,0,0,0,13,0,0,0,0,0,0,0,0,0,0,0,45,9,0,47,56,85,29,96,96,6,92,92,0,0,97,89,100,0,0,99,100,99,99,99,99,98,0,0,0
l31,8=0,0,0,0,0,0,0,0,0,0,0,0,0,0,0,0,0,22,0,14,0,62,0,95,95,66,75,67,0,0,85,43,100,100,0,0,100,100,100,95,99,98,0,0,0
l32,8=0,0,0,0,0,0,0,0,0,0,0,0,0,0,0,0,0,43,0,0,0,0,42,65,52,65,64,94,0,0,76,87,100,100,0,100,0,100,100,69,99,98,0,30,0
l33,8=0,0,0,0,0,0,0,0,0,0,0,0,0,0,0,0,0,41,0,0,0,0,0,64,39,27,64,54,0,0,79,0,100,100,0,100,100,0,83,99,71,72,1,0,0
l34,8=0,0,0,0,0,0,0,0,0,0,0,0,0,0,0,0,0,49,0,93,52,82,49,96,62,52,74,95,0,0,99,58,100,100,0,100,100,100,0,99,99,100,0,39,0
l35,8=0,0,0,0,0,0,0,0,0,0,0,0,0,0,59,0,42,58,52,92,57,75,1,54,61,52,0,89,0,0,95,62,100,100,0,99,91,100,100,0,99,100,3,0,0
l36,8=0,0,0,0,0,0,0,0,0,0,0,0,0,36,54,0,60,58,35,92,63,0,0,0,62,54,82,76,0,0,95,76,60,99,0,100,97,59,100,99,0,97,0,0,0
l37,8=0,0,0,0,0,0,0,0,0,0,0,0,0,0,0,0,0,56,54,93,54,75,0,53,50,52,74,85,0,0,99,28,100,100,0,100,98,32,100,99,99,0,0,2,0
l38,8=0,0,0,0,0,0,0,0,2,0,3,5,18,0,40,0,38,50,43,60,36,22,39,58,77,68,67,57,0,0,2,7,20,0,0,0,2,2,0,1,0,0,0,93,83
l39,8=0,0,0,0,0,0,0,0,2,14,40,1,1,0,48,0,55,31,62,61,72,50,21,66,96,66,93,50,0,0,0,4,9,0,0,0,6,0,7,0,0,0,88,0,84
l40,8=0,0,0,0,0,0,0,0,0,0,0,0,0,0,45,0,24,0,20,56,19,57,16,48,86,0,63,36,0,0,3,0,0,0,0,0,0,0,0,0,0,0,86,93,0
l41,8=0,0,0,0,0,11,1,11,14,4,27,14,60,62,72,0,67,25,80,84,81,76,50,94,97,91,92,75,0,0,34,63,0,0,0,7,0,0,5,0,0,22,86,93,83
l42,8=0,0,0,0,0,0,0,0,0,0,0,0,0,0,34,0,28,7,24,77,61,76,13,70,77,89,91,83,0,0,0,0,0,0,0,0,0,6,14,0,8,0,85,94,57
l43,8=0,0,0,0,0,0,0,0,0,0,0,0,0,0,6,0,0,26,22,57,40,59,19,53,68,62,76,34,0,0,0,0,25,16,0,0,9,0,9,21,0,0,84,82,80
l44,8=0,0,0,0,0,0,0,0,0,0,0,0,0,0,48,0,26,25,47,59,27,51,44,65,87,74,60,51,0,0,0,0,11,14,0,18,0,0,0,0,0,0,78,91,62

l0,9=0,100,100,100,100,98,100,100,100,92,89,99,98,98,65,0,0,0,0,0,0,0,0,0,0,0,0,0,0,0,0,0,0,0,0,0,0,0,0,0,0,0,0,0,0
l1,9=100,0,100,100,100,95,100,94,100,92,100,99,97,99,62,0,93,87,0,1,0,0,0,0,0,77,0,0,0,0,52,52,0,0,0,0,0,0,0,0,0,0,0,0,0
l2,9=100,100,0,100,100,98,100,98,100,92,78,99,97,99,97,0,76,73,57,35,0,0,0,0,0,0,0,0,0,0,44,39,0,0,0,0,0,0,0,0,0,0,0,0,0
l3,9=100,100,100,0,100,98,100,99,100,92,90,99,99,99,2,0,92,72,24,32,0,0,0,0,0,0,0,0,0,0,57,53,0,0,0,0,0,0,0,0,0,0,0,0,0
l4,9=100,100,100,100,0,98,100,100,100,92,84,99,97,99,6,0,97,81,28,33,0,0,0,0,0,0,0,0,0,0,59,59,0,1,0,0,0,0,0,0,0,0,0,0,0
l5,9=100,100,100,100,100,0,100,97,100,92,43,99,96,99,70,0,95,86,0,35,40,0,0,0,0,75,0,0,0,0,56,0,0,0,0,0,0,0,0,0,29,0,0,0,0
l6,9=100,100,100,100,100,95,0,99,100,92,100,99,94,99,96,0,99,86,85,0,60,0,0,0,0,63,0,0,0,0,43,59,0,0,0,0,0,0,0,0,0,0,0,0,0
l7,9=100,100,100,100,100,95,100,0,100,95,100,99,97,99,89,0,100,81,0,100,57,88,0,0,79,98,74,81,0,0,0,0,0,0,0,0,0,0,0,0,0,0,0,16,0
l8,9=100,100,100,100,100,95,100,99,0,92,100,99,97,99,97,0,99,77,92,100,78,83,0,84,74,91,91,87,0,0,2,0,0,0,0,0,0,0,0,0,0,0,0,7,0
l9,9=100,100,100,100,100,97,100,98,100,0,100,99,100,99,99,0,100,79,89,92,92,76,0,70,76,71,65,50,0,0,67,37,0,0,0,0,0,0,0,0,0,0,0,0,0
l10,9=48,38,2,92,85,2,63,87,100,95,0,99,100,99,100,0,100,90,62,35,49,83,79,90,84,92,79,0,0,0,54,60,0,0,0,0,0,0,0,0,13,7,84,35,8
l11,9=100,100,100,90,99,97,100,99,100,95,100,0,100,99,98,0,99,85,97,98,36,0,0,83,84,40,45,60,0,0,0,0,0,0,0,0,0,0,0,0,0,0,0,28,3
l12,9=68,35,64,100,95,59,58,98,100,96,100,99,0,99,100,0,100,93,56,51,45,83,86,0,34,28,74,24,0,0,41,40,0,0,0,0,0,0,0,0,1,0,59,26,0
l13,9=62,62,100,100,100,96,100,95,100,96,100,99,100,0,99,0,100,82,97,36,66,83,0,83,86,87,73,16,0,0,52,53,0,0,0,0,0,0,0,0,2,0,0,0,0
l14,9=24,8,4,0,71,55,42,35,53,54,99,97,100,95,0,0,100,100,97,35,53,87,41,87,92,88,70,55,0,0,57,60,0,0,0,0,0,0,0,0,28,60,86,17,31
l15,9=0,12,0,34,86,57,42,86,60,96,99,99,100,99,100,0,0,96,97,61,45,84,85,87,92,97,18,56,0,0,53,61,1,20,0,0,0,0,30,0,17,38,82,0,4
l16,9=0,13,2,5,85,58,51,37,34,52,97,99,100,92,100,0,100,0,33,35,72,0,0,86,95,97,13,0,0,0,100,61,54,5,0,0,16,2,33,33,67,79,86,36,0
l17,9=0,0,2,12,83,0,37,0,34,53,99,99,100,99,100,0,100,100,0,61,100,85,84,84,74,98,58,59,0,0,59,58,0,0,0,0,0,0,0,11,4,0,84,37,4
l18,9=0,0,3,20,35,32,0,82,60,52,96,98,97,94,98,0,97,99,96,0,99,95,96,93,93,97,97,99,0,0,59,59,57,45,0,7,15,24,36,32,61,98,64,39,33
l19,9=0,0,0,0,0,39,58,59,59,56,98,98,97,97,100,0,97,100,97,100,0,95,0,93,93,97,97,59,0,0,61,60,0,18,0,0,0,0,35,26,65,98,91,37,33
l20,9=0,0,0,0,0,0,0,84,77,78,80,0,82,76,80,0,87,0,85,94,77,0,99,93,89,97,91,99,0,0,0,0,87,79,0,19,68,7,88,86,0,77,71,85,16
l21,9=0,0,0,0,0,0,0,15,0,0,87,0,98,6,91,0,92,0,95,99,0,99,0,93,93,97,97,99,0,0,0,0,0,92,0,0,79,0,56,1,0,0,90,96,94
l22,9=0,0,0,0,0,0,0,0,77,15,81,81,0,76,79,0,81,82,81,99,94,98,83,0,94,97,97,99,0,0,0,0,85,92,0,79,71,74,90,84,81,81,72,87,85
l23,9=0,0,0,0,0,0,0,65,53,46,71,81,41,82,94,0,97,98,93,99,95,91,91,93,0,98,98,99,0,0,50,9,71,59,0,48,38,63,89,39,62,80,91,96,96
l24,9=0,27,0,0,0,37,36,89,87,38,84,73,75,84,91,0,92,96,95,99,96,97,94,93,95,0,98,99,0,0,50,0,86,28,0,3,71,75,84,71,85,78,91,96,79
l25,9=0,0,0,0,0,0,0,53,68,43,91,72,89,78,86,0,67,50,87,97,91,89,76,93,95,98,0,98,0,0,0,31,92,89,0,45,82,77,86,19,85,0,91,96,96
l26,9=0,0,0,0,0,0,0,62,79,63,0,86,75,40,90,0,84,0,91,99,85,97,97,93,93,97,97,0,0,0,0,0,90,98,0,75,97,13,98,90,0,84,91,85,96
l27,9=0,13,10,60,37,37,46,1,0,28,94,0,89,65,62,0,35,100,33,35,51,0,0,0,48,57,0,0,0,0,0,99,14,47,0,14,26,44,35,34,33,100,9,0,1
l28,9=0,10,4,38,37,0,57,0,0,18,98,0,80,72,91,0,63,99,32,35,52,0,0,0,39,0,63,0,0,0,100,0,61,43,0,12,30,0,36,34,80,63,0,33,0
l29,9=0,0,0,0,0,0,0,0,0,0,0,0,0,0,0,0,0,78,0,61,0,69,0,77,83,65,97,92,0,0,15,90,0,100,0,100,100,100,100,99,98,99,84,82,0
l30,9=0,0,0,0,30,0,0,0,0,0,0,0,0,0,1,0,12,64,0,20,0,55,90,93,69,59,97,99,0,0,94,21,100,0,0,100,100,100,100,99,99,100,52,0,18
l31,9=0,0,0,0,0,0,0,0,0,0,0,0,0,0,0,0,0,0,0,72,0,34,0,83,77,46,66,88,0,0,90,21,100,100,0,0,100,100,100,90,98,91,42,0,0
l32,9=0,0,0,0,0,0,0,0,0,0,0,0,0,0,0,0,0,73,0,33,0,54,69,92,60,68,98,99,0,0,84,73,100,100,0,100,0,100,100,98,98,99,43,2,0
l33,9=0,0,0,0,0,0,0,0,0,0,0,0,0,0,0,0,0,0,0,0,0,0,0,51,37,64,66,0,0,0,63,0,100,100,0,100,100,0,100,99,99,100,0,0,0
l34,9=0,0,0,0,0,0,0,0,0,0,0,0,0,0,3,0,16,95,0,45,31,97,50,93,68,92,96,98,0,0,36,56,100,100,0,100,100,100,0,99,99,100,0,2,0
l35,9=0,0,0,0,0,1,0,0,0,0,0,0,0,0,0,0,0,94,59,69,67,91,0,54,49,92,83,41,0,0,38,42,100,100,0,47,36,68,100,0,99,100,12,0,0
l36,9=0,0,0,0,0,32,0,0,0,0,60,0,58,7,31,0,34,96,24,69,81,0,0,54,47,92,87,0,0,0,37,62,94,100,0,47,36,44,100,99,0,96,0,0,0
l37,9=0,0,0,0,0,0,0,0,0,0,11,0,54,0,36,0,30,92,1,99,50,80,0,85,86,92,0,48,0,0,100,98,100,100,0,32,99,99,100,99,99,0,0,0,0
l38,9=0,0,0,0,0,0,0,0,0,0,62,0,42,0,54,0,24,70,31,41,55,62,63,73,93,90,96,96,0,0,1,0,41,25,0,0,13,0,0,0,0,0,0,98,97
l39,9=0,0,0,0,0,0,0,3,0,0,75,59,43,0,28,0,0,84,86,90,82,77,70,81,93,97,97,55,0,0,0,29,45,0,0,0,0,0,0,0,0,0,91,0,96
l40,9=0,0,0,0,0,0,0,0,0,0,47,3,0,0,82,0,21,0,42,85,52,0,60,80,91,49,94,90,0,0,0,0,0,11,0,0,0,0,0,0,0,0,91,96,0
l41,9=0,0,6,0,0,0,0,19,5,0,0,76,78,68,96,0,96,94,94,99,56,89,68,89,93,97,97,50,0,0,43,51,0,22,0,1,0,0,21,18,0,65,91,96,96
l42,9=0,0,0,0,0,0,0,0,0,0,0,0,0,0,0,0,17,65,73,99,78,91,44,87,93,97,96,99,0,0,0,0,0,0,0,0,0,0,64,0,12,0,91,97,89
l43,9=0,0,0,0,0,0,0,0,0,0,0,0,0,0,73,0,0,0,72,23,70,74,62,75,77,74,97,85,0,0,0,0,51,0,0,27,48,0,0,0,31,0,91,82,95
l44,9=0,0,0,0,0,0,0,0,0,0,0,0,42,57,79,0,65,72,26,97,44,69,74,93,93,97,97,77,0,0,1,0,29,35,0,17,1,0,20,0,0,11,92,96,81

l0,10=0,89,80,88,91,92,83,0,83,84,87,85,85,72,43,0,61,72,64,0,23,0,0,0,0,0,0,0,0,0,68,79,0,0,0,0,0,0,0,0,0,0,0,0,0
l1,10=90,0,80,88,91,92,83,2,88,83,84,76,87,63,44,0,54,71,0,62,10,0,0,0,0,23,5,0,0,0,67,66,0,0,0,0,0,0,0,0,0,0,0,0,0
l2,10=90,89,0,85,91,92,83,0,88,84,87,89,92,84,43,0,61,62,69,73,0,0,0,0,29,1,9,0,0,0,0,65,0,0,0,0,0,0,0,0,0,0,0,22,0
l3,10=90,89,78,0,91,92,83,1,88,87,85,90,86,73,0,0,76,60,49,0,0,0,0,0,0,0,0,0,0,0,82,62,0,0,0,0,0,0,0,0,0,0,0,0,0
l4,10=90,89,81,88,0,92,83,0,85,84,86,34,87,72,0,0,81,70,0,0,0,0,0,0,0,0,0,0,0,0,0,20,0,0,0,0,0,0,0,0,0,0,0,0,0
l5,10=90,89,82,88,91,0,83,0,88,84,89,93,85,84,42,0,51,67,61,33,0,0,0,0,0,0,0,0,0,0,75,44,0,0,0,0,0,0,3,0,6,0,0,0,0
l6,10=90,89,79,88,91,92,0,0,88,87,87,93,85,72,0,0,83,66,64,51,0,0,0,0,12,3,0,0,0,0,65,71,0,0,0,0,0,0,0,0,0,0,0,13,0
l7,10=89,89,79,87,91,92,83,0,88,87,93,93,92,85,72,0,92,70,67,90,78,56,0,46,23,56,55,52,0,0,4,59,0,0,0,0,0,0,0,0,0,0,0,13,0
l8,10=87,86,79,85,89,89,83,0,0,86,93,93,92,81,75,0,67,63,73,85,76,53,0,39,35,24,51,51,0,0,59,0,0,0,0,0,0,0,0,0,0,0,0,16,0
l9,10=86,85,75,84,87,86,78,2,83,0,91,93,92,87,85,0,89,77,79,74,76,57,0,47,43,27,46,38,0,0,0,61,0,0,0,0,0,0,0,0,0,0,0,0,0
l10,10=79,82,48,76,85,86,78,0,84,83,0,89,92,83,85,0,92,77,83,0,87,51,18,72,37,34,66,45,0,0,2,80,0,0,0,0,0,0,0,0,25,0,47,33,27
l11,10=67,44,75,84,36,86,79,0,84,87,91,0,92,87,85,0,89,66,80,87,67,31,0,48,33,29,51,52,0,0,0,66,0,0,0,0,0,0,0,0,0,0,0,19,0
l12,10=72,86,75,78,87,86,77,0,82,84,92,93,0,86,85,0,89,80,80,67,63,56,53,37,35,34,59,45,0,0,57,1,0,0,0,0,0,0,0,0,0,0,42,0,0
l13,10=83,83,75,81,85,88,79,0,83,87,91,93,92,0,70,0,89,57,80,80,87,1,61,48,23,27,51,40,0,0,56,64,0,0,0,0,0,0,0,0,0,0,0,12,0
l14,10=46,13,2,0,20,48,0,0,47,82,92,88,88,45,0,0,93,96,88,88,100,39,59,48,43,43,42,65,0,0,89,86,0,9,0,0,0,0,0,7,4,34,68,30,7
l15,10=58,10,16,34,78,39,47,0,47,83,93,89,92,52,89,0,0,84,88,94,86,35,49,57,46,35,55,65,0,0,87,82,0,3,0,0,0,0,0,0,13,23,34,44,2
l16,10=51,48,2,10,75,69,23,1,43,72,74,56,89,8,89,0,72,0,86,96,100,29,0,57,47,8,73,10,0,0,97,90,28,0,0,0,12,0,32,5,57,13,63,56,9
l17,10=33,0,29,20,0,77,36,2,53,56,91,89,84,82,89,0,93,85,0,94,100,0,45,61,72,38,70,65,0,0,88,80,0,0,0,0,0,0,0,8,2,0,50,40,39
l18,10=0,20,22,0,17,38,7,0,68,67,0,81,75,45,48,0,92,94,88,0,100,77,82,77,79,86,78,81,0,0,85,80,7,33,0,0,13,0,64,47,52,73,74,48,50
l19,10=16,1,0,0,0,0,0,1,68,46,91,83,76,52,89,0,73,97,88,96,0,79,0,72,45,48,83,80,0,0,96,88,0,8,0,0,0,0,34,48,50,69,80,65,51
l20,10=0,0,0,0,0,0,0,0,68,62,66,67,69,10,66,0,65,56,0,88,75,0,99,84,73,85,82,85,0,0,0,0,72,47,0,63,2,0,78,64,0,0,57,51,67
l21,10=0,0,0,0,0,0,0,0,0,0,43,0,74,66,68,0,70,10,68,90,0,83,0,85,79,86,75,84,0,0,0,0,61,59,0,0,4,0,45,0,0,0,83,67,77
l22,10=0,0,0,0,0,0,0,5,54,47,67,62,54,57,54,0,64,65,66,80,80,82,82,0,81,83,86,87,0,0,0,0,69,71,0,53,71,57,76,62,63,68,83,67,68
l23,10=0,0,15,0,0,0,0,11,57,54,58,60,60,44,65,0,74,73,71,93,85,72,79,84,0,87,87,83,0,0,61,54,68,63,0,66,60,53,65,61,59,64,85,86,91
l24,10=0,44,0,0,0,0,16,1,61,55,71,61,73,57,69,0,77,49,69,93,87,81,84,84,81,0,87,74,0,0,61,55,66,48,0,0,70,53,58,13,61,69,71,86,0
l25,10=0,0,0,0,0,0,0,0,60,49,65,60,64,56,51,0,61,65,68,80,82,73,62,86,81,87,0,81,0,0,0,0,71,64,0,64,72,59,67,57,45,49,94,87,88
l26,10=0,0,0,0,0,0,0,2,69,37,52,70,61,34,67,0,70,47,63,89,78,82,79,85,78,79,86,0,0,0,0,0,72,74,0,69,76,73,79,0,0,79,81,64,77
l27,10=15,19,0,42,12,75,23,2,35,0,6,4,36,2,53,0,71,97,88,92,96,0,0,0,31,17,0,0,0,0,0,91,27,10,0,30,39,67,54,59,97,72,13,0,0
l28,10=31,16,10,23,43,26,36,3,0,45,70,53,7,19,59,0,74,97,70,74,89,0,0,0,15,10,0,0,0,0,97,0,43,21,0,4,0,0,90,22,97,80,17,11,0
l29,10=0,0,0,0,0,0,0,0,0,0,0,0,0,0,0,0,0,50,0,35,0,49,33,73,68,53,74,54,0,0,63,71,0,83,0,85,89,95,92,92,81,86,53,57,0
l30,10=0,0,0,0,0,0,0,0,0,0,0,0,0,0,13,0,22,0,0,64,14,38,41,79,69,20,74,80,0,0,64,59,83,0,0,85,89,95,92,92,93,89,44,0,36
l31,10=0,0,0,0,0,0,0,0,0,0,0,0,0,0,0,0,0,0,0,0,0,42,0,72,77,0,48,53,0,0,72,49,83,83,0,0,89,95,92,78,92,86,0,43,53
l32,10=0,0,0,0,0,0,0,0,0,0,0,0,0,0,0,0,0,54,0,55,0,0,0,72,64,73,68,72,0,0,64,0,83,83,0,85,0,95,92,91,75,83,19,55,0
l33,10=0,0,0,0,0,0,0,0,0,0,0,0,0,0,0,0,0,0,0,0,0,0,0,62,38,9,45,54,0,0,71,0,83,83,0,85,89,0,92,92,74,65,0,0,0
l34,10=0,0,0,0,0,3,0,0,0,0,0,0,0,0,0,0,0,47,0,62,53,68,3,76,60,26,38,75,0,0,74,76,83,83,0,85,89,95,0,93,97,89,43,0,0
l35,10=0,0,0,0,0,0,0,0,0,0,0,0,0,0,29,0,0,59,47,73,71,60,0,62,66,12,40,0,0,0,89,61,83,83,0,51,85,93,92,0,97,89,39,9,0
l36,10=0,0,0,0,0,22,0,0,0,0,34,0,5,0,19,0,54,89,38,78,79,0,0,56,31,31,23,0,0,0,95,86,51,83,0,56,77,89,92,97,0,89,0,16,0
l37,10=0,0,0,0,0,0,0,0,0,0,0,0,0,0,34,0,52,57,14,87,72,0,0,58,30,26,36,70,0,0,88,88,83,83,0,52,73,83,92,97,97,0,0,0,0
l38,10=0,0,0,0,0,0,0,0,0,0,28,0,63,0,72,0,36,66,62,78,50,30,39,83,76,70,86,66,0,0,0,1,36,27,0,0,1,0,38,0,0,0,0,87,91
l39,10=0,0,4,0,0,0,0,2,1,0,57,32,0,2,54,0,70,70,64,73,87,65,39,77,78,85,86,62,0,0,0,28,61,0,0,0,21,0,0,0,12,0,94,0,91
l40,10=0,0,0,0,0,0,0,0,0,0,48,0,0,0,34,0,1,59,70,86,82,67,61,76,77,0,84,68,0,0,0,0,0,9,0,0,0,0,0,0,0,0,94,86,0
l41,10=0,0,0,0,0,0,0,0,0,44,0,69,68,1,78,0,82,84,80,93,88,75,20,81,78,86,86,27,0,0,67,80,0,0,0,0,0,0,0,33,32,7,94,86,91
l42,10=0,0,0,0,0,0,0,0,0,0,0,0,12,0,52,0,59,54,66,86,72,78,5,83,78,82,85,80,0,0,0,0,0,0,0,0,7,0,58,0,0,44,94,86,89
l43,10=0,0,0,0,0,0,0,0,0,0,0,0,0,0,34,0,0,0,69,78,65,71,52,79,70,74,86,73,0,0,0,0,58,0,0,0,0,0,0,0,9,0,90,77,89
l44,10=0,0,0,0,0,0,0,0,0,0,0,16,3,8,29,0,38,55,0,76,84,0,78,81,78,82,83,67,0,0,0,0,50,37,0,0,50,0,0,10,0,0,94,77,85

l0,11=0,61,87,85,84,83,86,0,79,87,81,61,78,80,69,0,59,57,0,46,0,0,0,0,0,0,0,0,0,0,49,32,0,0,0,0,0,0,0,0,0,0,0,0,0
l1,11=91,0,87,84,84,83,86,1,80,87,79,54,76,82,69,0,0,61,64,45,0,0,0,0,0,1,0,0,0,0,37,25,0,0,0,0,0,0,0,0,0,0,0,0,0
l2,11=93,60,0,82,84,83,86,0,80,80,80,77,73,81,72,0,65,52,48,63,0,0,0,0,46,0,0,0,0,0,55,22,0,0,0,0,0,0,0,0,0,0,0,15,0
l3,11=93,61,87,0,84,83,86,1,80,77,71,74,31,0,0,0,49,0,55,0,0,0,0,0,0,0,0,0,0,0,68,41,0,0,0,0,0,0,0,0,0,0,0,0,0
l4,11=93,61,87,85,0,83,86,0,80,85,33,58,33,35,54,0,58,58,0,0,0,0,0,0,0,0,0,0,0,0,0,22,0,0,0,0,0,0,0,0,0,0,0,0,0
l5,11=93,61,87,82,84,0,84,0,31,85,81,79,74,81,0,0,55,59,51,41,0,0,0,0,0,0,0,0,0,0,66,29,0,0,0,0,0,0,22,0,0,0,0,0,0
l6,11=91,61,87,84,84,83,0,0,80,72,81,81,75,82,58,0,66,55,74,49,15,0,0,0,0,45,0,0,0,0,58,0,0,0,0,0,0,0,0,0,0,0,0,0,0
l7,11=90,61,88,82,81,83,86,0,80,89,79,81,78,82,77,0,73,63,34,72,33,61,0,55,0,60,56,54,0,0,0,1,0,0,0,0,0,0,0,0,0,0,0,2,0
l8,11=85,61,87,82,81,37,84,0,0,85,81,79,75,80,74,0,70,53,82,61,13,15,0,61,54,40,40,54,0,0,19,0,0,0,0,0,0,0,0,0,0,0,0,0,0
l9,11=88,59,32,81,79,79,55,0,79,0,81,81,77,81,76,0,71,34,78,40,13,15,0,48,61,51,28,41,0,0,25,0,0,0,0,0,0,0,0,0,0,0,2,0,4
l10,11=81,56,25,25,26,80,62,0,76,86,0,78,78,78,82,0,84,55,88,48,23,6,28,67,44,60,49,47,0,0,6,2,0,0,0,0,0,0,0,0,0,0,13,36,0
l11,11=60,23,46,30,63,79,83,0,79,86,80,0,76,82,76,0,71,11,82,59,15,0,0,45,0,50,53,0,0,0,0,11,0,0,0,0,0,0,0,0,0,0,0,6,0
l12,11=88,59,87,16,27,79,82,0,79,86,81,79,0,81,79,0,75,51,82,38,31,7,33,46,46,72,47,24,0,0,0,25,0,0,0,0,0,0,0,0,0,0,20,17,0
l13,11=79,57,88,0,29,80,84,0,79,88,81,81,78,0,69,0,72,47,84,50,33,19,31,53,1,49,49,6,0,0,43,18,0,0,0,0,0,0,0,0,11,0,0,11,0
l14,11=23,47,19,0,10,0,33,0,42,46,49,48,44,46,0,0,83,80,90,66,91,11,22,68,68,70,59,46,0,0,53,44,0,0,0,0,0,0,0,30,20,5,78,77,57
l15,11=19,0,20,4,19,46,41,0,47,86,83,72,75,77,88,0,0,45,90,83,78,18,28,66,69,66,41,13,0,0,74,43,0,0,0,0,0,0,0,21,16,2,16,68,46
l16,11=25,39,1,0,24,62,33,1,36,4,5,11,39,19,89,0,62,0,90,63,31,1,0,57,65,43,40,17,0,0,86,50,1,34,0,0,0,3,10,38,27,21,54,61,51
l17,11=0,30,11,13,0,33,40,1,42,14,82,72,50,51,89,0,85,80,0,86,89,22,3,68,76,66,46,19,0,0,66,35,0,0,0,0,0,0,20,0,0,9,21,30,1
l18,11=46,23,22,0,0,49,35,0,38,23,41,42,36,38,86,0,76,76,90,0,92,23,62,71,84,81,82,75,0,0,64,36,24,33,0,30,10,0,56,45,26,21,79,79,60
l19,11=0,0,0,0,0,0,35,0,32,8,46,42,41,42,89,0,81,83,90,88,0,25,0,38,84,77,82,74,0,0,66,39,4,22,0,0,0,0,0,40,26,15,0,80,55
l20,11=0,0,0,0,0,0,0,0,54,57,39,28,52,57,60,0,57,47,73,72,70,0,94,79,73,77,78,84,0,0,0,0,60,55,0,45,48,39,66,62,17,0,36,65,64
l21,11=0,0,0,0,0,0,0,0,0,0,66,47,62,58,67,0,63,0,67,80,0,89,0,77,84,79,82,85,0,0,0,0,0,60,0,0,0,0,59,0,36,0,72,71,67
l22,11=0,0,0,0,0,0,0,1,49,49,62,52,54,55,60,0,61,49,73,67,7,85,79,0,83,79,82,87,0,0,0,34,53,73,0,57,61,50,63,37,41,42,70,72,50
l23,11=0,0,10,0,0,0,0,0,34,54,32,0,32,0,63,0,57,59,73,82,73,36,66,77,0,83,85,78,0,0,53,26,35,39,0,66,0,0,70,52,25,0,67,80,70
l24,11=0,1,0,0,0,0,40,2,33,45,59,53,65,54,64,0,58,48,71,82,80,83,79,76,84,0,85,56,0,0,36,43,55,38,0,55,62,20,52,41,0,0,76,79,64
l25,11=0,0,0,0,0,0,0,0,28,20,31,42,32,35,64,0,56,47,69,75,74,66,68,73,84,83,0,74,0,0,0,28,68,28,0,28,65,37,49,40,19,13,76,79,72
l26,11=0,0,0,0,0,0,0,1,54,58,64,26,57,31,66,0,60,51,68,76,68,84,80,77,80,65,80,0,0,0,0,0,62,70,0,69,73,64,68,37,6,68,64,65,72
l27,11=32,8,5,6,0,66,35,0,23,9,1,0,0,34,60,0,77,83,82,57,16,0,0,0,35,28,0,0,0,0,0,80,9,31,0,34,17,12,19,71,88,16,0,15,12
l28,11=34,14,1,6,26,54,0,0,0,0,0,12,32,25,80,0,70,83,63,45,15,0,0,29,28,32,48,0,0,0,86,0,17,23,0,20,17,3,43,46,54,10,1,17,0
l29,11=0,0,0,0,0,0,0,0,0,0,0,0,0,0,0,0,0,21,0,41,0,54,0,56,68,57,71,63,0,0,27,58,0,85,0,83,80,83,83,83,82,77,20,54,0
l30,11=0,0,0,0,0,0,0,0,0,0,0,0,0,0,0,0,0,56,0,50,8,36,18,73,46,48,48,60,0,0,48,21,81,0,0,81,80,83,84,62,82,78,34,38,0
l31,11=0,0,0,0,0,0,0,0,0,0,0,0,0,0,0,0,0,0,0,45,0,2,0,34,70,53,43,41,0,0,39,16,83,88,0,0,84,86,82,81,61,77,0,34,35
l32,11=0,0,0,0,0,0,0,0,0,0,0,0,0,0,0,0,0,0,0,36,0,21,0,42,2,55,50,64,0,0,24,60,83,84,0,83,0,86,83,77,77,75,1,40,0
l33,11=0,0,0,0,0,0,0,0,0,0,0,0,0,0,0,0,0,12,0,0,0,0,0,27,0,23,41,33,0,0,40,2,83,91,0,83,84,0,81,84,78,78,0,0,0
l34,11=0,0,0,0,0,23,0,0,0,0,0,0,0,0,0,0,0,23,24,44,0,35,17,39,42,34,47,70,0,0,30,40,80,85,0,79,80,83,0,83,85,83,0,0,0
l35,11=0,0,0,0,0,0,0,0,0,0,0,0,0,0,46,0,34,56,0,53,15,5,0,26,76,26,45,43,0,0,73,35,80,38,0,81,64,83,83,0,87,86,0,0,0
l36,11=0,0,0,0,0,0,0,0,0,0,0,0,0,21,57,0,38,74,0,69,42,1,2,33,40,0,45,7,0,0,84,28,32,91,0,37,45,28,84,89,0,86,0,0,0
l37,11=0,0,0,0,0,0,0,0,0,0,0,0,0,0,55,0,32,66,45,77,17,0,0,32,0,0,52,65,0,0,48,18,79,85,0,79,80,80,84,89,88,0,0,14,0
l38,11=0,0,0,0,0,0,0,0,0,0,0,0,19,0,76,0,16,57,38,75,0,0,49,70,67,70,84,49,0,0,0,0,6,2,0,0,0,0,0,0,0,0,0,86,83
l39,11=0,0,0,0,0,0,0,0,0,0,35,12,18,4,70,0,62,40,24,77,72,53,26,73,81,72,82,19,0,0,18,25,33,5,0,19,17,0,0,0,0,0,82,0,84
l40,11=0,0,0,0,0,0,0,0,0,0,0,0,0,0,73,0,43,64,0,74,48,38,20,28,75,66,79,70,0,0,0,0,0,0,0,0,0,0,0,0,0,0,82,85,0
l41,11=0,0,0,0,0,0,0,0,29,36,46,48,35,35,48,0,65,68,82,86,48,67,52,74,77,81,84,72,0,0,0,32,0,0,0,1,0,0,0,0,21,12,82,85,81
l42,11=0,0,0,0,0,0,0,0,0,0,0,0,0,0,61,0,52,0,68,78,63,68,66,76,78,75,81,74,0,0,0,0,51,0,0,39,14,0,65,50,0,13,82,85,82
l43,11=0,0,0,0,0,0,0,0,0,0,0,0,0,0,0,0,0,25,67,72,60,62,53,72,68,68,84,70,0,0,0,0,0,30,0,0,2,0,58,1,0,0,74,72,80
l44,11=0,0,0,0,0,0,0,0,0,0,7,0,23,0,64,0,20,0,58,72,19,70,47,72,75,73,78,71,0,0,0,0,34,34,0,0,19,0,0,28,0,0,82,72,79

l0,12=0,83,77,77,85,83,85,0,79,84,76,83,84,89,59,0,80,28,0,61,0,0,0,0,0,0,0,0,0,0,0,46,0,0,0,0,0,0,0,0,0,0,0,0,0
l1,12=77,0,76,77,85,83,85,0,81,80,60,83,81,88,46,0,55,51,59,69,0,0,0,0,15,25,0,0,0,0,0,56,0,0,0,0,0,0,0,0,0,0,0,0,0
l2,12=77,82,0,75,85,83,82,1,81,80,78,82,79,87,53,0,51,0,60,73,63,25,0,19,36,6,33,0,0,0,55,55,0,0,0,0,0,0,0,0,0,0,0,0,0
l3,12=77,83,75,0,85,83,85,1,79,79,70,60,69,87,4,0,45,0,55,49,0,0,0,0,0,0,0,0,0,0,59,49,0,0,0,0,0,0,0,0,33,0,0,0,0
l4,12=77,83,77,77,0,83,85,3,80,80,0,81,70,88,0,0,44,52,0,0,0,0,0,0,0,0,0,0,0,0,63,57,0,0,0,0,0,0,0,0,0,10,0,0,0
l5,12=77,83,77,77,85,0,85,0,78,75,79,77,80,87,42,0,44,40,64,70,0,0,0,0,29,0,0,0,0,0,50,0,0,0,0,0,0,0,5,0,0,0,0,0,0
l6,12=77,83,77,77,85,83,0,1,81,84,82,81,84,89,32,0,55,54,71,73,2,0,0,0,32,0,0,0,0,0,60,45,0,0,0,0,0,0,0,0,0,0,0,0,0
l7,12=77,81,77,78,84,83,85,0,81,86,75,83,84,90,84,0,80,59,77,76,0,52,0,59,44,37,31,36,0,0,20,0,0,0,0,0,0,0,0,0,0,0,0,0,0
l8,12=68,83,77,75,82,78,85,2,0,80,78,81,49,87,77,0,80,61,78,70,45,20,17,58,35,28,39,49,0,0,0,0,0,0,0,0,0,0,0,0,0,0,0,30,0
l9,12=77,82,71,74,82,78,80,3,79,0,78,84,84,90,77,0,83,59,62,72,50,51,0,54,44,36,47,59,0,0,67,4,0,0,0,0,0,0,0,0,0,0,0,0,0
l10,12=57,48,46,53,10,78,49,0,77,82,0,82,84,88,54,0,89,66,84,84,81,32,26,64,36,34,29,39,0,0,57,52,0,0,0,0,0,0,0,0,0,3,43,0,0
l11,12=72,68,74,21,82,77,49,6,64,86,81,0,81,90,77,0,58,48,78,76,78,5,0,30,22,31,42,43,0,0,49,44,0,0,0,0,0,0,0,0,0,0,0,45,0
l12,12=75,81,74,57,60,77,79,3,28,80,82,82,0,89,81,0,84,58,81,76,77,15,38,50,70,63,35,31,0,0,48,38,0,0,0,0,0,0,0,0,0,0,32,0,0
l13,12=77,81,74,75,82,81,81,0,78,86,83,84,84,0,77,0,84,0,79,65,52,0,37,48,33,28,41,33,0,0,34,8,0,0,0,0,0,0,0,0,0,0,0,36,0
l14,12=34,44,13,0,21,63,18,1,63,79,66,82,77,53,0,0,89,86,87,88,97,37,0,58,28,43,66,54,0,0,76,78,0,0,0,0,0,0,4,0,20,27,80,74,26
l15,12=68,50,23,21,41,58,43,2,64,82,85,81,81,88,90,0,0,76,87,88,91,29,24,1,45,41,54,60,0,0,76,69,0,1,0,0,0,0,0,1,13,2,37,70,18
l16,12=10,5,0,0,39,47,23,0,43,49,49,34,51,0,56,0,63,0,87,90,97,0,0,50,8,7,13,26,0,0,84,85,0,10,0,0,0,0,0,13,51,63,38,64,9
l17,12=0,16,17,5,0,60,42,7,76,44,82,80,77,87,90,0,89,86,0,88,92,37,30,67,80,46,60,58,0,0,70,68,0,0,0,0,0,0,13,12,18,18,49,60,10
l18,12=30,39,35,7,0,64,39,2,50,66,57,66,68,47,80,0,80,90,87,0,97,80,68,71,80,70,67,78,0,0,68,59,55,33,0,26,0,0,34,41,43,54,74,59,47
l19,12=0,0,25,0,0,37,3,0,21,43,77,73,75,39,90,0,83,90,87,90,0,63,0,81,82,73,77,63,0,0,69,52,0,13,0,0,0,0,27,31,52,0,79,82,34
l20,12=0,0,3,0,0,0,0,1,42,64,55,49,58,0,60,0,65,25,63,82,75,0,96,81,78,69,67,84,0,0,0,0,57,65,0,0,49,50,61,55,30,14,65,65,64
l21,12=0,0,0,0,0,0,0,0,52,0,58,4,64,67,0,0,68,0,67,85,0,87,0,81,82,70,76,85,0,0,0,0,0,58,0,0,0,0,61,0,0,0,70,0,69
l22,12=0,0,0,0,0,0,0,6,59,66,65,45,59,43,62,0,0,60,70,75,81,83,75,0,84,71,77,84,0,0,0,0,58,74,0,64,56,49,64,75,0,63,69,73,70
l23,12=0,0,13,0,0,34,17,10,39,56,45,44,60,37,35,0,68,54,76,82,87,75,68,83,0,76,79,80,0,0,44,0,61,55,0,62,26,0,60,40,32,49,77,83,36
l24,12=0,25,0,0,0,0,4,5,38,56,56,50,68,45,65,0,65,49,70,84,91,81,60,82,84,0,79,74,0,0,52,0,66,56,0,34,43,0,54,39,63,2,80,73,77
l25,12=0,0,5,0,0,0,0,4,38,53,39,50,53,47,63,0,53,27,63,71,81,68,59,83,84,76,0,74,0,0,0,51,64,54,0,43,59,36,55,39,0,40,81,79,75
l26,12=0,0,0,0,0,0,0,11,54,61,61,52,59,62,61,0,64,62,64,76,72,82,80,81,78,68,72,0,0,0,0,17,67,68,0,68,64,56,68,16,43,62,65,66,71
l27,12=0,0,6,42,60,52,20,3,0,55,38,32,35,18,45,0,61,90,42,52,66,0,0,0,5,7,0,0,0,0,0,85,29,13,0,36,24,55,40,52,55,56,0,22,3
l28,12=26,5,10,27,58,0,17,0,0,1,39,33,32,11,48,0,49,90,51,39,39,0,0,0,1,0,26,1,0,0,84,0,34,1,0,30,51,0,53,38,44,65,22,12,0
l29,12=0,0,0,0,0,0,0,0,0,0,0,0,0,0,0,0,0,0,0,64,0,40,0,60,66,59,61,66,0,0,53,55,0,82,0,85,76,82,79,83,76,82,0,53,0
l30,12=0,0,0,0,0,0,0,0,0,0,0,0,0,0,0,0,2,29,0,40,55,60,34,75,47,37,36,58,0,0,49,38,80,0,0,84,76,81,79,83,81,82,28,0,13
l31,12=0,0,0,0,0,0,0,0,0,0,0,0,0,0,0,0,0,0,0,58,0,0,0,58,67,32,44,69,0,0,65,57,80,88,0,0,78,84,77,79,76,81,4,12,0
l32,12=0,0,0,0,0,0,0,0,0,0,0,0,0,0,0,0,0,0,0,0,0,43,0,49,47,49,45,45,0,0,55,60,80,76,0,85,0,84,79,79,72,80,33,0,0
l33,12=0,0,0,0,0,0,0,0,0,0,0,0,0,0,0,0,0,0,0,0,0,21,0,13,0,0,1,29,0,0,61,0,80,77,0,85,78,0,79,74,70,64,0,0,0
l34,12=0,0,0,0,0,29,0,0,0,0,0,0,0,0,22,0,0,0,19,40,38,61,50,65,63,35,35,75,0,0,63,77,80,82,0,80,76,81,0,84,84,86,47,36,0
l35,12=0,0,0,0,0,0,0,0,0,0,0,0,0,0,0,0,2,47,24,46,54,46,0,72,42,24,36,19,0,0,74,76,80,82,0,80,76,81,79,0,88,89,32,27,0
l36,12=0,0,0,30,0,0,0,0,0,0,0,0,7,0,38,0,28,84,29,49,79,20,0,0,24,33,0,32,0,0,80,79,80,82,0,49,65,79,79,85,0,90,0,0,0
l37,12=0,0,0,0,45,0,0,0,0,0,8,0,0,0,39,0,0,80,26,49,0,7,0,50,42,2,33,40,0,0,71,78,80,82,0,80,76,78,79,85,88,0,0,8,0
l38,12=0,0,0,0,0,0,0,0,0,0,4,0,42,0,69,0,26,51,65,76,72,67,30,71,72,71,78,62,0,0,0,0,0,0,0,0,5,0,43,0,0,0,0,89,84
l39,12=0,0,0,0,0,0,0,0,10,0,0,50,0,18,68,0,67,68,68,75,79,45,0,74,81,65,76,65,0,0,41,21,35,0,0,0,0,0,44,14,0,0,86,0,92
l40,12=0,0,0,0,0,0,0,0,0,0,0,0,0,0,64,0,35,72,14,85,65,76,63,74,69,73,78,74,0,0,14,0,0,0,0,0,0,0,0,0,0,0,83,86,0
l41,12=0,0,0,0,0,0,28,0,5,58,53,0,57,32,66,0,72,76,75,89,81,74,57,79,82,75,78,75,0,0,0,0,0,3,0,0,0,0,42,0,2,43,86,88,93
l42,12=0,0,0,0,0,0,0,0,0,0,0,0,47,0,15,0,0,0,55,81,75,70,44,79,78,74,78,78,0,0,0,0,56,59,0,41,0,0,58,58,0,2,85,87,89
l43,12=0,0,0,0,0,0,0,0,0,0,0,0,46,0,0,0,41,10,59,74,72,68,0,78,77,67,75,66,0,0,0,0,43,0,0,35,0,0,50,0,0,0,84,77,78
l44,12=0,0,0,0,0,0,0,0,0,0,49,0,0,0,28,0,61,0,7,73,77,73,0,76,76,72,74,73,0,0,0,0,60,64,0,0,0,0,0,0,7,0,86,83,78

l0,13=0,93,95,96,99,94,95,86,84,89,92,79,88,92,70,0,22,0,73,80,0,0,0,0,0,0,0,0,0,0,0,46,0,0,0,0,0,0,0,0,0,0,0,0,0
l1,13=84,0,95,96,97,94,95,88,88,87,89,76,92,88,85,0,81,84,0,58,0,0,0,0,1,0,0,0,0,0,69,70,0,0,0,0,0,0,0,0,0,0,0,0,0
l2,13=84,93,0,66,95,94,95,41,88,91,94,88,91,92,70,0,68,77,0,83,24,0,0,25,56,0,62,0,0,0,78,7,0,0,0,0,0,0,0,0,0,0,0,0,0
l3,13=84,93,74,0,99,94,95,88,88,80,47,42,64,74,67,0,68,74,0,61,0,0,0,0,0,0,0,0,0,0,61,64,0,0,0,0,0,0,0,0,20,0,0,0,0
l4,13=84,93,95,96,0,94,95,85,88,91,89,87,59,73,0,0,42,0,0,0,0,0,0,0,0,0,0,0,0,0,85,55,0,0,0,0,0,0,0,0,0,3,0,0,0
l5,13=82,93,95,96,99,0,95,88,41,70,94,87,59,58,65,0,66,71,74,68,0,0,0,0,0,0,0,0,0,0,10,55,0,0,0,0,0,0,0,44,22,0,0,0,0
l6,13=84,93,94,92,88,94,0,89,88,91,93,87,91,92,64,0,82,61,82,83,0,0,0,0,74,0,0,0,0,0,85,48,0,0,0,0,0,0,0,0,11,0,0,0,0
l7,13=84,93,94,92,80,94,95,0,88,92,94,88,91,92,92,0,90,72,91,86,0,29,24,76,85,85,76,0,0,0,0,0,0,0,0,0,0,0,0,0,0,0,0,0,0
l8,13=81,93,94,92,80,86,95,90,0,92,91,88,91,88,92,0,88,80,91,79,17,0,39,72,12,69,83,68,0,0,0,0,0,0,0,0,0,0,0,0,0,0,0,40,0
l9,13=74,87,90,86,78,87,90,72,88,0,94,88,91,92,88,0,90,80,88,86,27,30,0,76,85,85,55,72,0,0,33,59,0,0,0,0,0,0,0,0,0,0,0,0,0
l10,13=77,87,42,23,39,93,87,49,32,92,0,88,92,92,77,0,97,86,93,91,35,0,0,79,84,87,87,40,0,0,85,0,0,0,0,0,0,0,0,0,0,0,28,41,0
l11,13=76,87,91,24,81,87,91,85,88,92,94,0,92,92,87,0,88,41,88,86,26,31,0,61,79,0,87,74,0,0,84,73,0,0,0,0,0,0,0,0,0,0,0,84,0
l12,13=75,87,61,32,54,87,90,83,84,87,96,88,0,92,77,0,97,0,93,86,33,7,31,71,85,87,64,42,0,0,45,0,0,0,0,0,0,0,0,0,0,0,8,16,0
l13,13=76,87,93,49,42,87,95,87,52,92,96,88,92,0,86,0,96,37,93,78,27,14,40,71,78,84,81,46,0,0,0,51,0,0,0,0,0,0,0,0,0,0,0,79,0
l14,13=23,75,22,17,0,28,39,23,32,38,57,52,57,53,0,0,97,94,97,100,99,32,24,53,88,91,85,29,0,0,92,79,0,0,0,0,0,0,0,0,14,18,9,90,81
l15,13=9,83,38,24,16,50,85,53,84,87,96,85,92,92,98,0,0,56,97,99,96,32,53,79,86,89,41,51,0,0,95,75,0,22,0,0,0,0,0,0,0,0,20,15,63
l16,13=0,79,5,0,0,49,37,13,31,39,53,19,6,32,81,0,36,0,97,100,38,0,0,77,49,49,34,34,0,0,100,85,0,41,0,0,0,2,32,83,34,37,0,34,87
l17,13=23,0,0,0,1,49,78,24,32,46,57,51,58,55,98,0,97,100,0,100,99,32,52,85,88,89,68,50,0,0,72,82,0,0,0,0,0,0,0,46,24,8,35,52,23
l18,13=59,26,23,7,0,72,79,24,31,68,60,51,56,50,95,0,96,99,96,0,98,55,55,90,92,94,94,92,0,0,93,83,13,40,0,10,0,0,26,87,34,37,74,97,94
l19,13=0,0,15,0,0,0,15,0,19,68,94,43,87,52,98,0,97,100,97,100,0,48,50,93,94,96,95,75,0,0,97,75,0,1,0,0,0,0,4,85,60,25,82,98,91
l20,13=0,0,0,0,0,0,0,19,8,69,0,70,39,35,81,0,80,60,73,99,80,0,97,92,89,94,81,93,0,0,0,0,60,78,0,37,67,56,82,73,11,24,0,80,86
l21,13=0,0,0,0,0,0,0,58,74,3,0,0,79,82,76,0,89,0,80,93,84,95,0,90,93,92,92,93,0,0,0,0,57,30,0,54,0,0,80,0,0,0,88,86,88
l22,13=0,0,0,0,0,0,0,59,65,49,71,33,37,46,47,0,74,64,78,86,87,94,87,0,94,96,94,93,0,0,0,2,25,77,0,37,73,38,76,76,21,25,87,90,75
l23,13=0,0,0,0,0,0,53,65,0,66,64,34,82,64,77,0,86,57,88,92,98,91,96,93,0,96,95,92,0,0,49,13,77,64,0,74,14,0,87,72,47,83,97,98,90
l24,13=0,0,0,0,0,0,0,42,23,60,87,0,88,46,95,0,94,83,93,97,97,94,55,92,94,0,95,92,0,0,50,17,45,50,0,44,53,0,76,75,42,18,93,97,94
l25,13=0,0,3,0,0,0,0,15,44,44,69,69,45,41,88,0,65,54,72,96,95,25,72,93,94,96,0,75,0,0,61,0,76,28,0,69,52,38,70,62,23,20,98,99,94
l26,13=0,0,0,0,0,0,0,13,68,64,64,63,65,50,68,0,88,68,70,99,70,94,97,92,92,94,75,0,0,0,26,0,79,89,0,88,89,64,91,78,37,67,31,92,93
l27,13=0,58,5,0,28,9,38,0,0,49,45,39,45,0,59,0,37,100,88,89,35,0,0,0,35,42,41,3,0,0,0,98,17,40,0,47,20,1,34,94,100,27,0,0,0
l28,13=40,75,0,17,24,49,26,0,0,44,1,44,6,44,66,0,36,100,97,93,25,0,0,6,31,29,0,0,0,0,100,0,11,45,0,51,22,15,39,81,35,27,19,18,8
l29,13=0,0,0,0,0,0,0,0,0,0,0,0,0,0,0,0,0,0,0,30,0,25,5,38,71,76,73,76,0,0,72,16,0,91,0,90,94,94,93,96,91,38,23,39,0
l30,13=0,0,0,0,0,0,0,0,0,0,0,0,0,0,8,0,18,19,0,31,0,76,2,73,33,49,34,84,0,0,21,18,85,0,0,90,94,93,93,96,94,90,0,19,0
l31,13=0,0,0,0,0,0,0,0,0,0,0,0,0,0,0,0,0,0,0,17,0,26,5,28,66,61,71,83,0,0,62,55,85,91,0,0,94,94,93,82,88,90,0,0,0
l32,13=0,0,0,0,0,0,0,0,0,0,0,0,0,0,0,0,0,0,0,0,0,24,0,32,40,66,68,42,0,0,43,56,85,83,0,90,0,94,93,96,86,92,0,0,0
l33,13=0,0,0,0,0,0,0,0,0,0,0,0,0,0,0,0,0,39,0,0,0,54,0,26,0,0,65,24,0,0,20,45,85,85,0,90,94,0,93,91,89,74,0,0,0
l34,13=0,0,0,0,0,0,0,0,0,0,0,0,0,0,0,0,0,25,0,41,0,75,14,75,87,39,42,88,0,0,73,89,85,91,0,90,94,94,0,97,100,97,23,21,55
l35,13=0,0,0,0,0,32,0,0,0,0,0,0,0,0,0,0,0,30,62,86,27,24,0,77,49,42,46,46,0,0,87,25,85,91,0,87,94,93,93,0,100,97,19,22,0
l36,13=0,0,0,0,0,31,10,0,0,0,0,0,1,0,37,0,1,63,72,93,31,5,0,48,49,48,43,35,0,0,100,32,51,55,0,84,25,33,93,97,0,97,18,0,0
l37,13=0,0,0,0,17,0,0,0,0,0,0,0,0,0,39,0,0,60,55,85,24,22,0,59,49,33,39,38,0,0,60,56,27,91,0,90,94,13,93,96,100,0,0,0,0
l38,13=0,0,0,0,0,0,0,0,0,0,15,0,26,0,47,0,39,0,48,96,89,0,48,88,92,90,94,1,0,0,0,8,29,0,0,0,0,0,40,30,10,0,0,98,94
l39,13=0,0,0,0,0,0,0,0,11,0,15,41,31,48,74,0,39,59,53,92,55,28,22,86,92,87,94,89,0,0,0,14,26,21,0,0,0,0,33,30,0,0,96,0,94
l40,13=0,0,0,0,0,0,0,0,0,0,0,0,0,0,74,0,18,81,0,93,85,86,82,83,91,91,93,89,0,0,0,0,0,0,0,0,0,0,10,0,0,0,96,97,0
l41,13=0,0,0,0,0,0,0,0,0,0,87,0,52,6,87,0,90,98,95,99,97,48,42,90,93,94,93,90,0,0,55,0,19,0,0,0,0,0,50,0,14,31,98,99,94
l42,13=0,0,0,0,0,0,0,0,0,0,0,0,0,0,78,0,0,38,0,98,55,29,35,90,92,93,94,90,0,0,0,0,27,42,0,0,0,0,70,0,0,0,96,97,94
l43,13=0,0,0,0,0,0,0,0,0,0,0,22,4,0,59,0,67,0,68,88,87,88,66,81,90,84,94,88,0,0,0,0,0,28,0,0,62,0,57,0,0,0,96,97,86
l44,13=0,0,0,0,0,0,0,0,0,0,19,0,0,0,84,0,72,0,55,90,85,92,54,89,92,91,93,86,0,0,0,0,4,63,0,0,0,0,0,0,27,13,96,97,91

l0,14=0,100,100,99,100,100,100,100,100,99,94,100,90,96,84,0,48,0,0,0,0,0,0,0,0,0,0,0,0,0,81,0,0,0,0,0,0,0,0,0,0,0,0,0,0
l1,14=94,0,100,99,100,100,100,100,100,55,97,100,100,100,66,0,100,55,57,76,0,0,0,0,0,0,30,0,0,0,0,94,0,0,0,0,0,0,0,0,0,0,0,0,0
l2,14=94,100,0,99,100,100,100,100,100,100,97,100,100,100,97,0,79,59,54,89,0,0,0,0,0,0,0,0,0,0,48,0,0,0,0,0,0,0,0,0,0,0,0,0,0
l3,14=94,100,100,0,100,100,100,100,100,59,58,85,98,77,81,0,81,26,52,0,0,0,0,0,0,0,0,0,0,0,52,17,0,0,0,0,0,0,0,0,0,0,0,0,0
l4,14=94,100,100,99,0,100,100,100,100,59,60,100,100,100,93,0,82,49,55,0,0,0,0,0,0,0,0,0,0,0,65,94,0,0,0,0,0,0,0,0,1,0,0,0,0
l5,14=94,100,100,99,100,0,100,100,100,98,97,100,99,100,92,0,0,19,51,67,78,0,0,0,0,0,0,0,0,0,65,90,0,0,0,0,0,0,0,60,1,0,0,0,0
l6,14=94,100,100,99,100,100,0,100,100,100,97,100,100,100,0,0,100,0,100,91,0,0,0,0,0,0,0,0,0,0,85,0,0,0,0,0,0,0,0,0,0,0,0,40,0
l7,14=94,100,100,99,100,100,100,0,100,100,97,100,100,100,97,0,100,0,100,85,92,0,0,87,79,0,57,0,0,0,0,0,0,0,0,0,0,0,0,0,0,0,0,0,0
l8,14=94,100,100,99,100,100,100,100,0,100,97,100,99,100,97,0,100,61,100,89,0,62,0,90,85,78,99,56,0,0,0,0,0,0,0,0,0,0,0,0,0,0,0,48,0
l9,14=94,89,100,99,100,100,100,100,100,0,97,100,100,100,94,0,100,60,0,100,24,70,0,64,93,85,61,59,0,0,51,0,0,0,0,0,0,0,0,0,0,0,0,0,0
l10,14=70,87,93,67,96,100,99,100,100,100,0,100,100,100,83,0,100,57,100,92,93,9,0,93,92,91,61,48,0,0,63,75,0,0,0,0,0,0,0,0,50,0,57,33,0
l11,14=94,97,100,64,100,100,100,100,100,100,97,0,100,100,97,0,100,57,100,100,94,84,0,51,90,83,61,58,0,0,52,82,0,0,0,0,0,0,0,0,0,0,0,31,27
l12,14=56,100,100,68,100,100,100,100,100,100,97,100,0,100,97,0,100,0,100,100,98,73,77,81,100,100,64,0,0,0,46,79,0,0,0,0,0,0,0,0,0,0,0,56,0
l13,14=92,100,100,98,100,100,100,100,100,100,97,100,100,0,97,0,100,43,100,86,91,55,0,0,96,93,58,54,0,0,56,75,0,0,0,0,0,0,0,0,0,0,0,37,0
l14,14=0,17,84,36,51,28,0,91,73,36,21,94,98,57,0,0,100,63,100,99,100,82,33,58,95,93,62,33,0,0,63,89,0,80,0,0,0,0,0,51,60,56,25,55,93
l15,14=4,90,80,57,44,0,97,99,73,59,60,100,100,69,97,0,0,57,100,100,100,97,4,67,0,96,65,59,0,0,64,90,0,0,0,0,0,0,0,44,0,0,35,32,58
l16,14=0,54,58,0,21,13,0,0,50,43,50,92,0,25,95,0,50,0,100,100,100,3,0,92,68,1,27,25,0,0,95,98,68,76,0,0,0,0,43,90,95,52,12,24,92
l17,14=0,45,53,64,56,35,91,90,94,0,97,100,100,59,97,0,100,100,0,100,100,0,86,92,95,100,60,58,0,0,63,91,0,37,0,0,0,0,60,0,0,68,57,55,93
l18,14=0,56,57,0,36,54,68,90,71,59,59,99,98,51,95,0,82,100,100,0,99,98,96,97,99,99,99,63,0,0,65,95,83,82,0,2,0,0,76,85,98,72,61,98,98
l19,14=0,0,0,0,0,57,1,97,0,4,59,99,98,53,97,0,100,100,100,100,0,96,0,99,100,100,100,60,0,0,67,96,0,0,0,0,0,0,0,91,93,71,56,59,98
l20,14=0,0,0,0,0,0,0,0,82,60,1,95,92,56,89,0,98,35,0,98,93,0,99,97,99,99,99,99,0,0,0,0,91,97,0,90,91,91,98,90,0,89,99,91,90
l21,14=0,0,0,0,0,0,0,52,0,0,0,0,98,0,82,0,46,0,99,98,31,100,0,97,99,99,99,100,0,0,0,0,96,0,0,0,0,0,92,0,0,0,0,92,92
l22,14=0,0,0,0,0,0,0,94,99,42,93,83,93,0,92,0,98,93,99,98,99,100,99,0,100,100,100,100,0,0,0,82,97,93,0,90,98,93,88,92,75,43,99,92,93
l23,14=0,0,0,0,0,0,0,78,81,70,93,89,98,98,95,0,0,97,99,98,99,98,99,98,0,100,100,99,0,0,85,81,97,98,0,97,84,86,91,73,0,98,99,99,98
l24,14=0,0,0,0,0,0,1,36,62,45,94,91,98,67,95,0,98,30,99,98,99,99,97,99,100,0,100,99,0,0,62,75,97,98,0,85,98,68,75,89,86,83,99,99,98
l25,14=0,0,0,0,0,0,0,88,99,67,94,96,98,78,95,0,98,94,99,98,99,98,99,98,100,100,0,99,0,0,2,0,97,97,0,97,98,94,95,70,89,78,99,99,98
l26,14=0,0,0,0,0,0,0,3,94,93,50,95,31,79,93,0,96,90,97,96,96,98,99,97,96,99,99,0,0,0,50,0,95,97,0,95,96,87,98,96,89,90,0,98,98
l27,14=42,0,35,56,59,60,66,0,0,37,51,89,82,44,60,0,59,100,57,100,99,0,0,0,71,53,4,42,0,0,0,98,96,89,0,51,62,81,82,97,100,70,0,44,0
l28,14=0,49,0,0,35,51,2,0,0,0,25,85,91,38,92,0,81,63,58,98,92,0,0,77,69,39,0,0,0,0,98,0,92,75,0,58,62,29,79,96,58,78,4,0,0
l29,14=0,0,0,0,0,0,0,0,0,0,0,0,0,0,0,0,0,59,0,65,0,88,77,95,99,99,100,99,0,0,96,81,0,100,0,100,99,100,100,100,100,100,0,88,22
l30,14=0,0,0,0,0,0,0,0,0,0,0,0,0,0,48,0,0,77,39,66,0,98,0,93,96,93,98,99,0,0,92,70,100,0,0,100,99,100,100,100,100,100,44,37,54
l31,14=0,0,0,0,0,0,0,0,0,0,0,0,0,0,0,0,0,0,0,9,0,79,0,66,89,43,83,97,0,0,43,63,100,100,0,0,99,100,100,92,100,100,1,2,0
l32,14=0,0,0,0,0,0,0,0,0,0,0,0,0,0,0,0,0,0,0,0,0,89,0,82,62,63,85,98,0,0,64,60,100,100,0,100,0,100,100,100,87,100,0,0,0
l33,14=0,0,0,0,0,0,0,0,0,0,0,0,0,0,0,0,0,0,0,0,0,64,0,79,64,0,87,91,0,0,82,17,100,92,0,100,99,0,91,90,95,79,0,0,0
l34,14=0,0,0,0,0,0,0,0,0,0,0,0,0,0,0,0,0,80,48,96,0,98,54,87,73,48,61,100,0,0,65,77,100,100,0,100,99,100,0,100,100,100,39,0,0
l35,14=0,0,0,0,0,50,0,0,0,0,0,0,0,0,54,0,27,100,0,96,91,98,0,93,68,56,40,98,0,0,65,79,100,100,0,60,99,83,100,0,100,100,2,59,0
l36,14=0,0,0,0,40,9,0,0,0,0,44,0,0,0,52,0,0,100,0,100,91,0,0,67,0,46,42,61,0,0,98,77,100,100,0,61,58,82,100,100,0,100,0,56,0
l37,14=0,0,0,0,2,12,0,0,0,0,0,0,0,0,51,0,0,99,54,97,83,90,0,57,75,58,45,63,0,0,70,81,100,100,0,100,99,70,100,100,100,0,2,45,0
l38,14=0,0,0,0,0,0,0,0,0,0,52,0,0,0,74,0,47,28,89,87,87,84,0,93,99,99,99,0,0,0,0,0,0,57,0,0,0,0,40,0,0,0,0,99,98
l39,14=0,0,0,0,0,0,9,0,50,0,0,41,88,54,83,0,56,57,82,90,87,81,53,58,99,94,99,58,0,0,41,0,86,1,0,0,0,0,0,35,54,1,100,0,98
l40,14=0,0,0,0,0,0,0,0,0,0,0,0,0,0,92,0,84,84,90,95,88,1,2,89,96,97,97,98,0,0,0,0,0,40,0,0,0,0,0,0,0,0,99,99,0
l41,14=0,0,0,0,0,0,1,0,0,67,83,52,95,0,90,0,94,98,96,93,99,86,0,95,100,99,99,93,0,0,92,76,85,18,0,0,0,0,0,0,61,90,100,100,98
l42,14=0,0,0,0,0,0,0,0,0,0,0,0,29,0,94,0,0,50,71,97,39,84,81,96,99,99,99,99,0,0,0,0,17,58,0,0,1,0,0,0,0,0,99,99,98
l43,14=0,0,0,0,0,0,0,0,0,0,0,0,0,0,73,0,0,78,81,69,81,95,77,96,97,98,99,98,0,0,0,0,60,78,0,69,78,0,85,71,0,0,99,99,97
l44,14=0,0,0,0,0,0,0,0,0,0,0,0,86,0,84,0,88,59,86,95,82,97,82,96,99,98,99,89,0,0,0,0,0,77,0,0,0,0,0,16,59,62,99,99,98

l0,15=0,100,100,100,100,100,100,100,100,100,100,100,100,100,92,0,100,90,88,94,0,0,0,0,0,0,0,0,0,0,95,98,0,0,0,0,0,0,0,0,0,0,0,0,0
l1,15=100,0,100,100,100,100,100,100,100,100,100,100,100,100,0,0,100,99,100,100,0,0,0,0,0,0,0,0,0,0,100,85,0,0,0,0,0,0,0,0,0,0,0,0,0
l2,15=100,100,0,4,88,100,100,100,100,100,100,100,93,100,97,0,100,98,100,100,24,0,0,0,0,0,0,0,0,0,97,98,0,0,0,0,0,0,0,0,0,0,0,0,0
l3,15=100,100,8,0,100,100,100,100,100,67,100,94,100,59,87,0,82,97,99,84,0,0,0,0,0,0,0,0,0,0,100,100,0,0,0,0,0,0,0,0,0,0,0,0,0
l4,15=100,100,100,100,0,100,100,100,100,100,79,100,0,100,91,0,100,99,76,99,0,0,0,0,0,0,0,0,0,0,100,9,0,0,0,0,0,0,0,0,0,0,0,0,0
l5,15=100,100,100,100,100,0,100,100,100,100,92,100,100,100,91,0,100,94,99,94,87,0,0,0,0,0,0,0,0,0,96,100,0,0,0,0,0,0,0,0,83,0,0,0,0
l6,15=100,100,100,100,100,100,0,100,100,100,100,100,100,100,0,0,100,99,100,95,40,83,0,0,0,0,0,0,0,0,91,0,0,0,0,0,0,0,0,0,0,0,0,0,0
l7,15=100,100,100,100,100,100,100,0,100,100,100,100,100,100,99,0,100,99,100,100,100,98,0,96,0,96,95,97,0,0,0,0,0,0,0,0,0,0,0,0,0,0,0,0,0
l8,15=100,100,100,100,100,100,100,100,0,100,100,100,100,100,99,0,100,95,100,100,97,90,0,98,99,78,98,98,0,0,0,97,0,0,0,0,0,0,0,0,0,0,45,0,0
l9,15=100,100,100,100,100,100,100,100,100,0,100,100,100,100,99,0,100,100,100,100,91,93,1,59,2,96,91,99,0,0,0,0,0,0,0,0,0,0,0,0,0,0,3,52,0
l10,15=62,61,99,99,85,100,62,95,99,100,0,100,100,100,98,0,99,97,100,97,94,0,0,58,61,97,98,94,0,0,43,43,0,0,0,0,0,0,0,0,9,0,67,50,58
l11,15=100,100,100,99,100,100,100,100,100,100,100,0,100,100,99,0,100,97,100,100,100,97,0,1,64,91,91,90,0,0,92,97,0,0,0,0,0,0,0,0,0,6,4,26,0
l12,15=93,100,82,99,0,100,100,100,100,100,100,100,0,100,91,0,100,99,100,99,100,79,66,53,100,100,95,0,0,0,80,36,0,0,0,0,0,0,0,0,0,0,0,48,0
l13,15=100,100,100,98,100,100,100,100,100,100,100,100,100,0,98,0,100,95,98,97,44,71,16,50,57,96,53,95,0,0,84,55,0,0,0,0,0,0,0,0,0,0,0,0,0
l14,15=55,0,60,61,80,57,0,91,99,64,72,68,58,54,0,0,100,100,100,100,100,3,0,55,61,100,95,92,0,0,97,98,0,81,0,0,0,0,0,0,48,0,68,57,26
l15,15=58,63,71,35,84,61,60,96,99,64,78,94,100,59,99,0,0,100,100,100,100,80,67,56,61,95,99,96,0,0,100,99,0,25,0,0,0,0,0,10,36,73,67,57,36
l16,15=46,56,91,60,84,57,59,91,87,63,78,80,49,50,99,0,100,0,100,100,100,85,0,44,56,63,57,56,0,0,100,100,61,58,0,34,0,0,50,49,82,100,0,51,49
l17,15=54,62,85,90,72,61,60,99,99,66,100,100,100,78,99,0,100,100,0,100,100,98,72,58,100,100,99,97,0,0,100,99,0,0,0,0,0,0,20,0,91,73,70,96,63
l18,15=43,50,88,39,77,52,55,95,99,66,78,93,59,58,99,0,99,100,100,0,100,98,77,58,97,100,99,98,0,0,100,99,51,57,0,42,0,0,58,52,93,76,69,66,64
l19,15=0,0,9,0,0,59,52,95,97,58,69,93,59,42,99,0,100,100,100,100,0,98,34,97,100,100,100,2,0,0,100,99,24,0,0,0,0,0,58,58,93,100,68,58,64
l20,15=0,0,0,0,0,0,65,90,68,58,0,91,92,77,27,0,90,71,94,99,92,0,100,98,94,100,92,99,0,0,0,0,95,94,0,63,97,91,94,91,0,25,94,94,65
l21,15=0,0,0,0,0,0,0,82,0,5,0,0,94,74,0,0,88,0,94,98,67,100,0,98,99,96,96,99,0,0,0,0,86,0,0,0,25,0,48,0,0,0,84,94,93
l22,15=0,0,0,0,0,0,0,85,86,43,93,9,91,35,87,0,90,72,94,99,95,98,91,0,100,100,99,99,0,0,0,0,96,72,0,83,97,86,94,48,61,78,100,94,85
l23,15=0,0,0,0,0,0,0,0,83,0,94,94,96,90,95,0,93,97,97,96,98,95,96,99,0,100,100,96,0,0,88,90,97,94,0,91,0,77,94,93,54,89,100,96,98
l24,15=0,0,0,0,0,0,0,90,80,87,99,87,99,98,98,0,96,95,99,99,100,98,96,98,100,0,100,98,0,0,92,94,95,94,0,92,97,0,95,97,97,99,100,97,96
l25,15=0,0,0,0,0,0,0,78,92,32,95,67,94,24,97,0,91,92,92,99,100,97,91,98,100,100,0,98,0,0,0,0,97,86,0,84,97,82,50,92,94,84,100,97,95
l26,15=0,0,0,0,0,0,0,87,87,83,78,73,10,88,79,0,88,80,92,93,0,98,99,98,99,99,98,0,0,0,0,0,94,91,0,89,94,80,94,87,91,63,95,93,98
l27,15=49,55,95,64,85,59,56,27,0,0,18,78,47,45,89,0,96,100,99,98,100,0,0,0,53,68,0,0,0,0,0,100,64,59,0,62,97,87,54,49,93,99,64,52,0
l28,15=46,16,83,60,39,60,0,53,98,0,5,80,37,26,91,0,98,100,99,98,100,0,0,0,53,68,0,0,0,0,100,0,66,61,0,63,97,89,55,49,93,99,29,21,0
l29,15=0,0,0,0,0,0,0,0,0,0,0,0,0,0,0,0,0,94,0,81,0,99,45,100,100,64,100,99,0,0,91,100,0,99,0,100,99,100,100,100,100,100,97,71,44
l30,15=0,0,0,0,0,0,0,0,0,0,0,0,0,0,80,0,57,93,59,97,0,98,0,50,74,65,55,97,0,0,90,98,100,0,0,100,99,100,100,100,100,100,0,0,53
l31,15=0,0,0,0,0,0,0,0,0,0,0,0,0,0,0,0,0,80,0,89,0,61,0,89,94,66,66,96,0,0,97,93,100,99,0,0,99,100,100,100,100,100,41,0,45
l32,15=0,0,0,0,0,0,0,0,0,0,0,0,0,0,0,0,0,0,0,0,0,94,0,89,0,95,94,94,0,0,97,92,100,99,0,100,0,100,100,100,97,100,0,46,0
l33,15=0,0,0,0,0,0,0,0,0,0,0,0,0,0,0,0,0,0,0,0,0,67,0,89,67,0,66,94,0,0,96,87,100,97,0,100,99,0,99,95,90,92,0,0,0
l34,15=0,0,0,0,0,0,0,0,0,0,0,0,0,0,0,0,0,99,61,99,100,98,0,60,76,69,60,60,0,0,100,99,100,99,0,100,99,100,0,100,100,100,44,0,53
l35,15=0,0,0,0,0,0,0,0,0,0,0,0,0,0,2,0,95,100,0,97,100,97,0,46,75,68,59,59,0,0,100,100,100,99,0,85,99,100,100,0,100,100,36,52,0
l36,15=0,0,0,0,0,57,0,0,0,0,0,0,0,0,88,0,90,99,99,100,100,0,0,47,52,68,60,60,0,0,100,100,68,62,0,63,99,100,100,100,0,100,0,30,0
l37,15=0,0,0,0,0,0,0,0,0,0,0,4,0,0,0,0,89,98,94,87,100,34,0,41,51,98,56,40,0,0,100,100,100,99,0,100,99,100,100,100,100,0,0,0,0
l38,15=0,0,0,0,0,0,0,15,13,0,65,0,0,0,67,0,63,0,76,92,46,90,38,91,97,96,97,88,0,0,51,3,41,0,0,1,0,0,16,0,0,0,0,97,98
l39,15=0,0,0,0,0,0,0,0,0,28,45,0,34,0,82,0,69,68,89,89,47,60,50,69,95,83,99,60,0,0,65,5,42,0,0,0,1,0,0,5,0,0,100,0,98
l40,15=0,0,0,0,0,0,0,0,0,0,65,0,0,0,75,0,81,80,85,91,82,50,56,81,98,93,89,95,0,0,0,0,6,59,0,28,0,0,60,0,0,0,100,97,0
l41,15=0,0,0,0,0,0,0,0,52,23,84,61,80,86,95,0,84,97,97,88,100,67,0,95,99,100,99,96,0,0,86,48,5,62,0,0,0,0,0,0,27,7,100,98,97
l42,15=0,0,0,0,0,0,0,0,0,0,0,0,62,0,65,0,0,72,75,93,57,92,58,97,99,100,91,93,0,0,0,0,7,51,0,1,70,0,63,0,4,0,100,97,98
l43,15=0,0,0,0,0,0,0,0,0,0,0,0,0,2,37,0,53,16,68,73,70,63,53,89,92,95,91,62,0,0,0,0,0,63,0,52,59,0,59,61,0,0,98,96,94
l44,15=0,0,0,0,0,0,0,0,0,0,0,0,42,0,64,0,61,43,57,92,65,94,51,87,99,94,97,92,0,0,0,0,57,58,0,0,55,0,0,0,7,0,98,97,98

