l0,0=0,93,93,93,97,93,98,100,93,94,75,95,92,86,50,0,92,4,59,78,0,0,0,0,0,0,0,0,0,0,84,42,0,0,0,0,0,0,0,0,2,0,0,0,0
l1,0=54,0,93,94,92,93,99,99,97,53,66,95,53,92,40,0,83,64,53,76,0,0,0,0,0,0,0,0,0,0,81,42,0,0,0,0,0,0,0,0,6,0,0,0,0
l2,0=95,93,0,94,91,93,99,100,97,55,75,96,93,92,27,0,92,60,58,81,86,0,0,0,0,0,45,0,0,0,0,36,0,0,0,0,0,0,0,0,0,0,0,0,0
l3,0=95,93,93,0,98,93,97,94,83,52,47,92,92,81,29,0,89,59,0,0,0,0,0,0,0,0,0,0,0,0,84,41,0,0,0,0,0,0,0,0,0,0,0,0,0
l4,0=95,93,88,94,0,93,93,92,82,55,71,80,54,81,27,0,89,1,0,0,0,0,0,0,0,0,0,0,0,0,84,40,0,0,0,0,0,0,0,0,0,0,0,0,0
l5,0=95,93,94,94,98,0,99,99,80,45,45,93,93,52,0,0,89,58,60,0,75,0,0,0,0,0,0,0,0,0,81,33,0,0,0,0,0,0,0,0,22,35,0,0,0
l6,0=95,93,94,93,97,93,0,100,97,57,93,96,93,70,40,0,92,61,55,79,73,0,0,0,0,2,0,0,0,0,84,25,0,0,0,0,0,0,0,0,0,0,0,0,0
l7,0=95,93,94,94,98,93,99,0,97,96,95,96,93,92,94,0,92,0,91,90,89,0,48,71,34,70,85,0,0,0,61,0,0,0,0,0,0,0,0,0,0,0,0,2,0
l8,0=94,93,94,94,98,93,99,100,0,96,95,96,93,92,66,0,92,64,63,87,79,0,49,21,20,65,57,28,0,0,3,0,0,0,0,0,0,0,0,0,0,0,0,0,0
l9,0=94,93,86,90,95,93,98,100,97,0,95,96,93,92,91,0,92,41,60,54,90,26,0,25,27,59,50,0,0,0,14,31,0,0,0,0,0,0,0,0,0,0,0,15,0
l10,0=33,32,84,17,90,35,64,80,93,93,0,88,93,33,51,0,92,85,86,86,93,0,16,24,29,79,84,0,0,0,0,23,0,0,0,0,0,0,0,0,7,0,23,8,0
l11,0=92,93,94,92,66,93,98,95,97,96,95,0,93,92,90,0,92,78,1,85,90,25,38,0,29,55,51,53,0,0,0,10,0,0,0,0,0,0,0,0,0,0,38,13,0
l12,0=92,93,94,87,82,93,98,94,93,93,95,96,0,92,89,0,92,77,82,86,96,0,0,0,17,59,77,47,0,0,51,34,0,0,0,0,0,0,0,0,0,0,0,13,12
l13,0=92,93,94,91,92,93,98,100,97,96,58,96,93,0,89,0,92,89,86,75,88,57,39,22,3,72,30,0,0,0,24,36,0,0,0,0,0,0,0,0,0,0,38,0,7
l14,0=20,16,2,15,59,0,38,51,52,67,24,64,31,34,0,0,91,84,92,89,99,23,2,25,24,69,66,60,0,0,79,43,0,34,0,0,0,0,0,1,18,2,53,21,11
l15,0=25,15,37,16,62,28,53,80,54,71,95,96,56,92,92,0,0,70,90,79,95,45,2,18,28,85,82,64,0,0,71,13,0,0,0,0,0,0,0,0,14,3,45,19,7
l16,0=0,9,12,34,11,22,34,0,77,17,49,71,26,28,56,0,72,0,91,93,98,14,0,0,24,60,63,0,0,0,92,86,10,0,0,2,0,1,13,7,60,74,46,22,0
l17,0=23,17,16,0,0,30,46,61,83,59,60,0,30,49,94,0,92,89,0,93,99,54,30,13,30,47,78,61,0,0,75,47,0,0,0,0,0,0,0,0,6,15,50,0,4
l18,0=10,16,37,0,0,0,40,56,86,32,58,68,29,22,93,0,82,86,86,0,96,81,47,29,66,87,84,72,0,0,0,36,22,2,0,0,11,0,23,0,48,70,56,30,24
l19,0=0,0,41,0,0,22,36,65,77,42,56,81,56,31,94,0,91,87,91,93,0,48,31,27,55,90,89,51,0,0,86,80,0,41,0,0,0,0,0,16,74,27,35,81,20
l20,0=0,0,0,0,0,0,0,0,0,17,0,47,0,58,65,0,79,6,76,89,76,0,91,98,91,89,88,94,0,0,0,0,79,67,0,90,85,63,75,67,0,48,79,73,45
l21,0=0,0,0,0,0,0,0,58,69,0,60,50,0,0,10,0,19,0,71,86,79,93,0,85,92,81,82,95,0,0,0,0,66,77,0,0,0,0,47,40,0,0,21,66,61
l22,0=0,0,0,0,0,0,0,68,49,67,75,0,4,59,83,0,79,22,0,87,74,91,66,0,92,85,91,94,0,0,0,0,90,88,0,89,83,79,87,59,76,46,71,80,71
l23,0=0,0,0,0,0,0,0,35,12,58,80,76,9,4,55,0,84,76,80,89,80,85,82,99,0,92,91,80,0,0,0,14,47,73,0,62,37,8,73,0,6,48,79,82,88
l24,0=0,0,0,0,0,0,0,47,71,42,88,51,42,52,83,0,91,72,43,89,95,89,67,83,93,0,91,80,0,0,5,48,26,85,0,0,16,12,32,76,45,62,80,81,81
l25,0=0,0,31,0,0,0,0,54,66,45,76,47,69,12,41,0,83,64,79,89,80,73,68,99,93,92,0,92,0,0,1,0,88,65,0,3,63,65,42,35,45,61,80,81,80
l26,0=0,0,0,0,0,0,0,13,42,0,13,57,59,0,71,0,82,36,60,84,37,92,89,98,92,89,89,0,0,0,4,0,87,59,0,98,71,33,94,79,26,33,79,55,84
l27,0=15,18,0,68,69,27,52,57,3,0,0,0,19,6,50,0,86,89,72,5,67,0,0,0,0,0,0,0,0,0,0,88,36,86,0,53,22,29,28,91,71,88,7,0,13
l28,0=15,18,35,64,72,29,32,0,0,37,19,5,26,28,47,0,64,89,73,68,63,0,0,0,14,36,0,0,0,0,92,0,67,91,0,60,31,32,19,53,93,98,0,0,2
l29,0=0,0,0,0,0,0,0,0,0,0,0,0,0,0,0,0,0,44,0,54,0,58,33,94,72,2,90,90,0,0,52,82,0,97,0,100,98,100,96,98,93,98,0,0,0
l30,0=0,0,0,0,0,0,0,0,0,0,0,0,0,0,9,0,0,0,0,0,6,45,43,86,24,74,76,57,0,0,92,75,98,0,0,100,98,100,96,98,93,98,16,0,0
l31,0=0,0,0,0,0,0,0,0,0,0,0,0,0,0,0,0,0,23,0,16,0,81,0,87,43,0,33,89,0,0,83,55,98,97,0,0,98,100,96,97,92,98,10,0,13
l32,0=0,0,0,0,0,0,0,0,0,0,0,0,0,0,0,0,0,0,0,27,0,74,25,82,71,24,73,74,0,0,25,71,98,97,0,100,0,100,96,98,84,87,28,0,0
l33,0=0,0,0,0,0,0,0,0,0,0,0,0,0,0,0,0,0,62,0,0,0,49,0,83,0,0,78,42,0,0,69,73,98,97,0,100,98,0,92,89,89,24,0,0,0
l34,0=0,0,0,0,0,0,0,0,0,0,0,0,0,0,0,0,0,70,0,85,0,52,25,91,26,41,73,91,0,0,91,27,98,97,0,100,98,98,0,98,93,98,20,5,0
l35,0=0,0,0,0,0,0,0,0,0,0,0,0,0,0,0,0,0,72,0,0,28,46,21,21,0,55,84,85,0,0,92,45,75,97,0,100,61,64,96,0,93,98,0,0,0
l36,0=0,0,0,0,0,27,0,0,0,0,8,0,0,0,52,0,83,87,3,85,51,0,0,21,0,43,79,0,0,0,36,46,57,97,0,92,34,34,67,98,0,98,0,0,0
l37,0=0,0,0,0,0,22,0,0,0,0,0,0,0,0,15,0,51,87,66,85,43,40,0,20,41,47,80,52,0,0,92,88,98,97,0,100,34,26,96,98,93,0,3,0,0
l38,0=0,0,0,0,0,0,0,0,0,0,37,36,0,9,70,0,68,55,65,62,53,64,0,59,80,87,84,67,0,0,5,0,0,43,0,0,51,0,46,0,0,0,0,83,88
l39,0=0,0,0,0,0,0,0,0,0,10,8,28,7,0,74,0,66,59,0,66,71,40,38,75,89,82,89,43,0,0,0,0,0,16,0,0,0,0,7,0,0,0,81,0,87
l40,0=0,0,0,0,0,0,0,0,0,0,0,0,22,2,65,0,62,40,45,60,57,37,53,66,87,80,86,81,0,0,42,0,0,10,0,2,0,0,0,0,0,0,80,83,0
l41,0=0,0,0,0,0,0,0,0,0,15,68,0,0,20,69,0,81,78,83,88,90,37,40,90,91,84,82,81,0,0,45,21,3,42,0,0,0,0,0,7,4,0,80,83,81
l42,0=0,0,0,0,0,0,0,0,0,0,44,0,0,0,65,0,64,51,56,55,57,63,48,95,92,88,89,54,0,0,0,0,0,0,0,0,0,0,21,0,0,0,80,83,86
l43,0=0,0,0,0,0,0,0,0,0,0,40,0,0,0,3,0,27,37,49,55,40,52,54,86,90,87,74,68,0,0,0,0,0,40,0,0,0,0,0,0,0,0,80,82,86
l44,0=0,0,0,0,0,0,0,0,0,0,11,33,0,0,68,0,39,51,55,50,54,72,57,63,91,89,88,59,0,0,0,0,18,4,0,1,0,0,0,0,2,0,80,80,79

l0,1=0,94,96,93,95,93,97,92,94,93,91,62,58,92,40,0,47,50,0,0,0,0,0,0,0,0,0,0,0,0,44,0,0,0,0,0,0,0,0,0,0,0,0,0,0
l1,1=95,0,90,92,94,93,98,92,95,93,89,76,28,93,40,0,44,0,49,34,45,0,0,0,0,0,0,0,0,0,54,0,0,0,0,0,0,0,0,0,0,0,0,0,0
l2,1=98,94,0,93,95,93,98,98,98,98,91,93,88,93,44,0,46,56,57,34,53,0,0,12,0,54,3,0,0,0,5,38,0,0,0,0,0,0,0,0,0,0,0,0,0
l3,1=98,94,96,0,95,93,94,81,98,91,89,61,27,89,41,0,44,53,0,0,1,0,0,0,0,0,0,0,0,0,81,39,0,0,0,0,0,0,0,0,0,0,0,0,0
l4,1=98,94,92,93,0,93,94,86,93,92,71,57,29,87,0,0,34,50,0,0,0,0,0,0,0,0,0,0,0,0,81,31,0,0,0,0,0,0,0,0,0,0,0,0,0
l5,1=98,94,96,93,95,0,98,94,93,0,80,62,28,92,44,0,45,12,50,0,0,0,0,0,0,7,0,0,0,0,55,23,0,2,0,0,0,0,0,0,41,32,0,0,0
l6,1=97,94,96,92,94,93,0,96,98,93,92,69,59,92,36,0,46,52,54,32,37,0,0,0,0,0,0,0,0,0,53,3,0,0,0,0,0,0,0,0,0,0,0,0,0
l7,1=98,94,96,57,95,93,98,0,98,98,92,93,88,93,65,0,75,0,47,49,54,30,42,60,0,57,52,0,0,0,0,9,0,0,0,0,0,0,0,0,0,0,0,35,0
l8,1=94,94,96,93,94,93,98,98,0,98,91,93,88,93,73,0,75,50,77,66,3,8,25,33,31,57,57,5,0,0,33,29,0,0,0,0,0,0,0,0,0,0,0,0,0
l9,1=93,93,93,92,93,0,94,98,98,0,92,93,88,93,73,0,47,42,77,54,49,33,0,0,43,0,41,5,0,0,0,32,0,0,0,0,0,0,0,0,0,0,2,0,0
l10,1=88,94,90,73,25,93,93,92,93,93,0,93,88,92,61,0,75,78,77,66,71,36,0,38,38,77,69,41,0,0,45,26,0,0,0,0,0,0,0,0,0,0,41,43,19
l11,1=93,94,91,86,57,93,93,92,98,98,91,0,88,93,73,0,75,43,77,61,67,0,0,1,60,69,54,0,0,0,8,23,0,0,0,0,0,0,0,0,0,0,0,45,0
l12,1=93,56,91,61,93,92,93,92,92,93,92,93,0,93,73,0,75,77,77,66,75,37,0,32,34,68,60,37,0,0,0,26,0,0,0,0,0,0,0,0,0,0,26,0,0
l13,1=93,94,92,88,92,93,93,92,98,98,92,93,88,0,73,0,75,37,76,37,31,0,0,27,41,63,2,0,0,0,32,32,0,0,0,0,0,0,0,0,0,0,1,0,17
l14,1=41,18,21,26,0,38,28,18,63,46,40,67,84,63,0,0,75,43,78,69,79,37,0,60,51,40,28,26,0,0,65,32,0,0,0,0,0,0,35,10,20,30,44,60,38
l15,1=36,27,24,35,29,30,40,57,83,28,92,93,88,92,77,0,0,62,77,37,75,56,43,65,74,74,34,20,0,0,51,0,0,0,0,0,0,0,0,0,14,0,45,30,11
l16,1=31,0,9,44,47,18,18,0,33,25,39,29,44,50,66,0,64,0,55,40,47,0,0,58,66,63,6,7,0,0,58,52,0,26,0,0,27,23,42,2,33,74,56,31,9
l17,1=0,4,15,0,2,25,16,15,67,57,71,86,88,78,78,0,75,83,0,37,79,38,0,60,66,55,61,55,0,0,31,0,0,0,0,0,0,0,0,8,4,53,64,29,25
l18,1=0,25,17,0,0,0,25,17,59,23,34,47,49,50,71,0,49,83,44,0,79,44,60,59,79,77,68,40,0,0,44,58,8,0,0,16,0,0,44,25,25,52,64,69,23
l19,1=0,27,29,0,0,0,24,22,7,36,34,46,58,47,78,0,71,77,78,71,0,37,52,56,63,78,58,26,0,0,43,42,0,39,0,0,0,0,39,1,36,30,64,53,34
l20,1=0,0,0,0,0,0,0,47,30,42,41,0,48,0,57,0,55,15,50,64,52,0,90,73,79,78,66,86,0,0,0,0,61,68,0,57,70,61,66,54,0,62,68,70,65
l21,1=0,0,0,0,0,0,0,4,2,0,0,0,0,0,0,0,47,0,0,56,57,72,0,70,79,73,66,83,0,0,0,0,0,67,0,22,60,0,50,1,0,0,68,68,63
l22,1=0,0,0,0,0,0,0,55,44,0,21,4,30,33,56,0,46,45,49,49,50,56,70,0,80,66,75,87,0,0,0,0,59,62,0,54,67,50,58,58,49,0,63,62,0
l23,1=0,0,0,0,0,0,0,0,23,44,27,42,34,40,16,0,53,58,57,67,58,55,77,80,0,84,75,76,0,0,43,16,5,30,0,46,38,47,63,49,24,67,69,76,73
l24,1=0,0,27,0,0,21,0,49,48,0,44,46,51,56,57,0,54,52,45,67,63,63,69,66,81,0,75,78,0,0,0,38,49,60,0,0,41,0,33,61,43,56,75,70,73
l25,1=0,0,0,0,0,0,0,34,52,22,43,40,44,0,48,0,46,36,55,62,54,52,63,85,81,84,0,82,0,0,11,0,60,65,0,49,50,42,40,49,23,40,70,75,63
l26,1=0,0,0,0,0,0,0,2,29,5,42,0,50,0,48,0,46,45,53,49,25,72,78,85,75,73,69,0,0,0,0,0,61,63,0,59,67,0,64,63,52,56,67,65,68
l27,1=23,34,0,64,63,44,41,0,21,0,47,16,0,35,69,0,68,82,43,25,37,0,0,0,61,0,0,0,0,0,0,88,45,47,0,32,14,47,48,84,94,75,0,0,0
l28,1=0,0,20,4,35,21,0,0,35,30,34,24,14,55,61,0,9,84,0,37,40,0,0,0,22,51,0,0,0,0,90,0,55,40,0,37,48,2,61,38,94,91,0,29,3
l29,1=0,0,0,0,0,0,0,0,0,0,0,0,0,0,0,0,0,0,0,12,0,51,24,84,45,64,74,70,0,0,58,87,0,95,0,95,94,97,93,91,94,95,0,0,0
l30,1=0,0,0,0,0,0,0,0,0,0,0,0,0,0,0,0,0,50,0,0,35,51,60,73,58,71,68,52,0,0,90,67,84,0,0,95,94,96,93,91,94,96,42,46,0
l31,1=0,0,0,0,0,0,0,0,0,0,0,0,0,0,0,0,0,0,0,22,0,54,60,71,67,5,72,86,0,0,73,78,84,95,0,0,94,97,93,85,94,96,0,0,0
l32,1=0,0,0,0,0,0,0,0,0,0,0,0,0,0,0,0,0,52,0,0,0,57,65,75,66,59,62,74,0,0,32,75,84,95,0,95,0,97,93,91,82,92,0,0,0
l33,1=0,0,0,0,0,0,0,0,0,0,0,0,0,0,0,0,0,16,0,0,0,49,0,67,67,0,59,0,0,0,40,0,84,91,0,95,94,0,92,88,92,81,0,0,0
l34,1=0,0,0,0,0,0,0,0,0,0,0,0,0,0,45,0,0,51,0,53,18,53,48,64,70,37,52,80,0,0,55,82,84,95,0,95,94,93,0,91,94,96,48,36,0
l35,1=0,0,0,0,0,0,0,0,0,0,0,0,0,0,1,0,5,35,26,36,4,24,14,65,59,76,41,44,0,0,90,82,84,95,0,54,91,87,93,0,94,96,0,0,0
l36,1=0,0,0,0,0,23,0,0,0,0,0,0,0,0,55,0,54,78,29,20,35,0,0,63,2,60,16,17,0,0,88,88,82,89,0,57,52,90,91,86,0,94,0,12,0
l37,1=0,0,0,0,0,33,0,0,0,0,0,0,0,0,51,0,0,72,45,38,20,42,0,4,74,77,36,30,0,0,90,88,84,95,0,95,86,80,93,91,94,0,0,0,0
l38,1=0,0,0,0,0,0,0,0,0,0,28,0,23,0,56,0,46,34,44,50,44,50,50,62,72,76,60,66,0,0,0,0,0,18,0,0,0,0,34,0,0,0,0,75,79
l39,1=0,0,0,0,0,0,0,14,0,0,31,37,0,0,54,0,19,43,30,59,59,46,65,63,79,66,73,65,0,0,0,20,0,45,0,0,0,0,28,0,13,0,75,0,79
l40,1=0,0,0,0,0,0,0,0,0,0,10,0,0,0,54,0,20,30,49,34,48,42,47,0,74,68,59,64,0,0,0,0,0,0,0,0,0,0,0,0,0,0,75,75,0
l41,1=0,0,0,0,0,0,0,0,0,19,37,38,25,0,70,0,60,50,44,66,69,41,47,72,80,76,68,69,0,0,0,46,0,0,0,0,7,0,19,18,0,5,76,75,71
l42,1=0,0,0,0,0,0,0,0,0,0,0,0,0,0,52,0,41,48,46,54,39,47,64,69,79,77,74,66,0,0,0,0,0,0,0,0,0,0,0,0,23,10,74,75,79
l43,1=0,0,0,0,0,0,0,0,0,0,22,0,0,0,50,0,31,27,31,40,39,49,51,69,79,69,65,62,0,0,0,0,41,34,0,38,0,0,48,0,0,0,73,74,79
l44,1=0,0,0,0,0,0,0,0,0,0,0,0,24,25,52,0,0,35,41,0,51,43,59,61,72,72,67,73,0,0,34,0,9,0,0,0,0,0,0,0,0,0,74,71,78

l0,2=0,93,93,92,94,91,87,85,88,87,50,87,87,89,0,0,73,74,32,38,0,0,0,0,0,0,0,0,0,0,0,43,0,0,0,0,0,0,0,0,0,0,0,0,0
l1,2=91,0,92,90,94,91,89,73,90,86,52,90,93,88,74,0,76,77,60,39,65,0,0,0,0,0,0,0,0,0,77,25,0,0,0,0,0,0,0,0,0,0,0,0,0
l2,2=91,93,0,91,85,91,89,95,93,93,56,90,93,87,80,0,60,79,59,39,16,0,0,14,0,58,0,0,0,0,65,43,0,0,0,0,0,0,0,0,0,0,0,0,0
l3,2=92,93,93,0,94,90,55,77,93,85,52,90,93,88,47,0,74,0,36,0,0,0,0,0,0,0,0,0,0,0,0,6,0,0,0,0,0,0,0,0,0,0,0,0,0
l4,2=92,93,80,92,0,91,53,73,91,81,47,87,90,84,72,0,73,50,31,0,0,0,0,0,0,0,0,0,0,0,73,19,0,0,0,0,0,0,0,0,0,0,0,0,0
l5,2=92,93,93,92,94,0,89,75,93,81,52,87,93,88,75,0,68,43,36,38,0,0,0,0,0,0,0,0,0,0,73,26,0,0,0,0,0,0,0,0,0,0,0,0,0
l6,2=92,93,93,90,89,91,0,93,93,89,50,90,93,91,70,0,80,78,42,0,0,5,0,0,0,0,0,0,0,0,66,31,0,0,0,0,0,0,0,0,0,0,0,0,0
l7,2=82,88,93,82,84,84,88,0,93,94,83,91,93,91,65,0,80,0,77,61,58,0,0,46,39,69,43,0,0,0,0,0,0,0,0,0,0,0,0,0,0,0,0,0,0
l8,2=81,89,93,83,87,83,81,93,0,89,82,91,93,90,80,0,80,0,77,61,0,0,33,46,9,48,57,48,0,0,68,38,0,0,0,0,0,0,0,0,0,0,0,17,0
l9,2=81,88,86,81,85,83,81,83,88,0,83,91,93,91,81,0,77,79,76,39,62,0,4,0,59,50,59,58,0,0,60,35,0,0,0,0,0,0,0,0,0,0,0,41,0
l10,2=67,81,85,66,72,83,69,67,67,87,0,90,93,89,74,0,80,60,77,61,72,0,0,34,12,69,67,48,0,0,49,47,0,0,0,0,0,0,0,0,32,0,34,32,11
l11,2=81,88,81,81,85,83,80,95,93,94,83,0,93,91,80,0,80,58,77,29,76,35,42,36,51,69,56,0,0,0,71,31,0,0,0,0,0,0,0,0,0,0,35,38,0
l12,2=73,84,85,78,85,83,80,66,84,87,83,91,0,91,75,0,80,73,77,58,74,3,36,29,61,65,61,67,0,0,53,29,0,0,0,0,0,0,0,0,0,9,30,0,0
l13,2=81,88,84,72,72,83,81,78,88,93,83,91,93,0,80,0,80,57,63,0,60,24,0,36,54,0,0,2,0,0,57,30,0,0,0,0,0,0,0,0,0,0,0,0,0
l14,2=0,46,58,0,51,63,46,46,72,80,69,87,81,80,0,0,80,71,84,68,88,52,53,46,52,72,69,50,0,0,72,66,0,0,0,0,0,0,38,39,40,11,42,47,55
l15,2=50,49,34,34,53,47,73,71,73,63,83,91,93,87,90,0,0,77,77,61,80,64,56,53,59,69,66,56,0,0,76,69,0,0,0,0,0,0,25,33,42,32,47,40,37
l16,2=44,32,34,0,31,20,51,0,0,73,69,49,75,54,75,0,71,0,71,69,87,29,0,5,57,67,54,0,0,0,85,84,43,57,0,0,0,0,34,33,59,18,40,53,3
l17,2=18,49,49,26,26,46,50,57,65,72,83,91,93,58,90,0,80,74,0,62,88,46,0,43,70,54,59,53,0,0,65,50,0,36,0,0,0,0,0,20,46,5,42,43,54
l18,2=32,16,50,0,0,50,0,48,46,56,63,8,53,15,79,0,56,83,63,0,88,66,50,52,76,79,80,37,0,0,70,65,4,44,0,29,0,0,39,37,42,37,47,47,46
l19,2=0,25,0,0,0,0,0,48,0,54,68,54,69,55,90,0,80,87,84,69,0,52,46,40,63,77,57,47,0,0,61,60,0,46,0,0,0,0,0,0,47,35,45,56,45
l20,2=0,0,0,0,0,0,8,0,0,42,6,40,6,42,66,0,58,38,53,60,58,0,85,64,71,76,78,80,0,0,0,9,64,57,0,56,40,49,48,0,8,35,59,51,61
l21,2=0,0,0,0,0,0,0,0,41,0,0,32,0,0,67,0,59,0,0,57,29,85,0,59,71,71,76,76,0,0,0,0,3,38,0,0,0,0,0,0,0,0,48,57,24
l22,2=0,0,0,0,0,0,0,45,30,0,47,27,21,36,55,0,53,9,63,52,45,74,62,0,76,74,84,80,0,0,0,0,64,61,0,42,48,35,48,50,52,7,56,52,50
l23,2=0,0,0,0,0,0,0,7,5,45,41,16,52,45,55,0,57,56,70,64,58,72,69,68,0,82,84,69,0,0,43,41,39,20,0,46,37,36,44,0,1,46,63,61,74
l24,2=0,0,38,0,0,0,0,58,36,6,73,61,63,2,77,0,71,58,48,64,76,79,64,65,78,0,84,71,0,0,48,44,55,55,0,39,32,28,39,36,53,45,64,61,74
l25,2=0,0,0,0,0,0,0,33,32,40,63,2,48,0,70,0,53,41,61,65,43,74,64,70,78,82,0,72,0,0,41,1,64,67,0,55,51,25,33,28,45,0,63,61,74
l26,2=0,0,0,0,0,0,0,14,24,41,46,0,58,8,65,0,52,27,62,48,54,85,77,70,73,77,80,0,0,0,0,0,65,72,0,68,52,40,59,45,44,15,63,59,62
l27,2=0,74,54,0,69,72,65,0,61,54,65,72,64,53,76,0,73,87,69,65,71,0,0,0,56,59,51,0,0,0,0,84,60,85,0,65,32,56,77,86,93,86,14,0,0
l28,2=71,40,56,1,48,57,50,0,54,59,54,49,56,47,74,0,71,87,68,67,76,7,0,0,50,62,11,0,0,0,89,0,66,85,0,68,53,34,88,77,93,92,0,2,46
l29,2=0,0,0,0,0,0,0,0,0,0,0,0,0,0,0,0,0,18,0,26,0,76,23,66,60,67,77,74,0,0,59,74,0,94,0,90,96,97,93,91,93,94,0,0,0
l30,2=0,0,0,0,0,0,0,0,0,0,0,0,0,0,0,0,0,54,43,43,40,65,47,58,0,67,72,67,0,0,86,79,81,0,0,90,96,97,93,91,93,95,0,37,41
l31,2=0,0,0,0,0,0,0,0,0,0,0,0,0,0,0,0,0,9,0,45,0,64,0,54,60,63,68,79,0,0,60,66,81,94,0,0,96,97,93,91,93,95,33,0,1
l32,2=0,0,0,0,0,0,0,0,0,0,0,0,0,0,0,0,0,0,0,0,0,62,0,69,69,70,79,73,0,0,45,62,81,94,0,90,0,97,93,91,0,92,0,0,0
l33,2=0,0,0,0,0,0,0,0,0,0,0,0,0,0,0,0,0,0,0,0,0,67,0,56,66,56,16,61,0,0,67,17,81,94,0,90,96,0,93,89,90,89,0,0,0
l34,2=0,0,0,0,0,0,0,0,0,0,0,0,0,0,51,0,41,47,0,43,0,59,11,62,61,57,57,73,0,0,83,81,81,94,0,90,96,92,0,91,93,95,43,42,0
l35,2=0,0,0,0,0,0,0,0,0,0,0,0,0,0,49,0,44,44,40,41,4,0,7,54,26,58,49,56,0,0,87,76,81,94,0,87,96,94,93,0,93,95,0,0,0
l36,2=0,0,0,0,0,0,0,0,0,0,45,0,0,0,50,0,59,80,63,62,80,0,11,58,19,75,71,55,0,0,89,84,77,89,0,86,0,90,93,91,0,95,21,0,0
l37,2=0,0,0,0,0,0,0,0,0,0,0,0,42,0,39,0,46,44,44,65,50,48,0,35,72,76,0,43,0,0,89,83,81,94,0,90,91,90,93,91,93,0,36,6,0
l38,2=0,0,0,0,0,0,0,0,0,0,43,21,34,0,64,0,53,44,60,56,53,61,36,52,65,68,71,56,0,0,0,0,0,0,0,0,0,0,35,0,10,18,0,66,77
l39,2=0,0,0,0,0,0,0,0,0,22,30,28,0,0,63,0,49,53,58,59,59,60,57,53,74,71,80,57,0,0,0,0,0,29,0,0,0,0,34,0,0,0,69,0,78
l40,2=0,0,0,0,0,0,0,0,0,0,0,0,0,0,62,0,32,0,58,43,29,55,16,49,70,71,71,53,0,0,0,19,0,24,0,0,0,0,0,0,0,0,65,65,0
l41,2=0,0,0,0,0,0,0,0,18,0,58,27,48,59,76,0,60,54,63,64,49,63,46,55,74,75,73,54,0,0,51,37,0,0,0,0,21,0,41,0,29,0,69,67,73
l42,2=0,0,0,0,0,0,0,0,0,0,0,0,0,0,60,0,44,44,58,57,50,57,61,60,74,74,81,61,0,0,0,0,44,21,0,0,1,6,0,0,1,0,63,65,74
l43,2=0,0,0,0,0,0,0,0,0,0,0,0,0,0,55,0,2,0,51,43,38,67,46,58,68,72,79,64,0,0,0,0,1,0,0,28,0,0,40,0,0,0,64,60,76
l44,2=0,0,0,0,0,0,0,0,0,0,0,0,28,0,56,0,32,0,45,51,40,52,56,53,71,68,72,60,0,0,0,0,0,0,0,0,0,0,0,0,0,0,63,61,74

l0,3=0,95,87,90,84,95,94,97,97,99,79,93,67,54,76,0,0,66,79,68,0,0,0,0,0,0,0,0,0,0,0,50,0,0,0,0,0,0,0,0,0,0,0,0,0
l1,3=98,0,92,89,93,97,96,93,97,95,84,93,69,50,68,0,82,84,84,70,37,0,0,0,37,0,0,0,0,0,76,17,0,0,0,0,0,0,0,0,0,0,0,0,0
l2,3=92,88,0,83,85,94,96,98,97,99,86,93,93,95,82,0,84,79,7,76,0,0,0,5,0,0,67,0,0,0,75,0,0,0,0,0,0,0,0,0,0,0,0,0,0
l3,3=98,94,88,0,93,96,93,89,97,95,83,93,69,51,0,0,83,68,76,71,7,0,0,0,0,0,0,0,0,0,70,41,0,0,0,0,0,0,0,0,0,0,0,0,0
l4,3=80,95,87,90,0,97,96,84,97,98,81,93,67,52,80,0,54,0,76,0,0,0,0,0,0,0,0,0,0,0,0,4,0,0,0,0,0,0,0,0,0,0,0,0,0
l5,3=98,95,92,89,93,0,96,100,97,91,89,93,69,51,76,0,72,69,78,71,0,0,0,0,0,0,0,0,0,0,79,64,0,0,0,0,0,0,0,0,0,0,0,0,0
l6,3=92,95,92,80,87,97,0,97,97,99,83,93,71,61,82,0,84,85,84,0,29,0,0,47,0,72,0,0,0,0,67,0,0,0,0,0,0,0,0,0,0,0,0,0,0
l7,3=92,88,86,81,84,94,93,0,97,99,84,93,93,95,88,0,84,75,87,81,86,0,0,79,44,85,83,0,0,0,0,0,0,0,0,0,0,0,0,0,0,0,0,0,0
l8,3=92,88,87,83,85,94,93,96,0,99,84,93,92,95,88,0,84,73,87,81,42,69,67,55,0,80,79,69,0,0,68,0,0,0,0,0,0,0,0,0,0,0,0,72,0
l9,3=92,88,87,77,84,94,93,96,97,0,84,93,93,95,82,0,84,84,87,78,38,8,0,70,40,82,46,0,0,0,74,47,0,0,0,0,0,0,0,0,0,0,0,0,0
l10,3=74,88,85,70,77,93,90,86,93,97,0,91,94,95,85,0,85,78,87,77,87,59,0,65,56,83,79,67,0,0,64,63,0,0,0,0,0,0,0,0,0,0,0,54,0
l11,3=85,86,85,74,84,94,93,96,97,99,81,0,94,95,83,0,84,84,86,78,47,62,64,65,40,82,72,67,0,0,79,62,0,0,0,0,0,0,0,0,0,0,0,66,0
l12,3=77,88,85,67,77,94,93,94,94,97,89,93,0,95,83,0,84,84,85,74,52,50,62,54,47,80,79,68,0,0,61,39,0,0,0,0,0,0,0,0,0,49,29,50,0
l13,3=92,88,85,70,85,94,93,96,97,99,84,93,94,0,85,0,84,83,80,62,53,37,0,73,51,59,0,51,0,0,68,12,0,0,0,0,0,0,0,0,0,0,0,0,18
l14,3=60,56,72,0,67,80,76,80,95,82,87,90,92,90,0,0,87,92,93,82,98,70,67,67,1,84,80,52,0,0,62,72,0,0,0,0,0,0,39,69,49,0,73,67,75
l15,3=0,78,65,61,62,62,92,94,86,87,88,92,93,93,91,0,0,87,87,81,96,77,67,72,71,80,76,56,0,0,75,60,0,1,0,0,0,0,33,0,52,47,66,68,0
l16,3=37,75,60,45,0,64,83,59,69,69,63,73,81,64,94,0,86,0,79,91,98,60,0,62,66,82,86,63,0,0,93,92,0,70,0,0,0,0,68,75,87,68,62,63,69
l17,3=62,78,0,16,66,72,77,74,90,94,87,89,91,59,94,0,87,79,0,86,97,68,53,73,81,78,65,48,0,0,78,67,0,0,0,0,0,0,0,0,71,65,59,64,68
l18,3=23,69,60,15,0,69,0,74,81,76,72,74,73,42,91,0,85,94,91,0,98,75,75,65,93,94,95,77,0,0,88,67,0,60,0,64,0,9,34,33,74,61,62,71,74
l19,3=0,71,0,35,0,0,63,68,75,73,81,85,86,63,94,0,87,94,93,91,0,62,69,78,80,87,82,76,0,0,86,76,59,0,0,0,0,0,58,50,84,27,77,76,67
l20,3=0,0,0,0,0,0,0,0,61,0,49,55,41,16,78,0,79,56,74,80,66,0,97,87,76,91,89,92,0,0,0,7,88,63,0,0,79,68,75,0,0,0,77,80,84
l21,3=0,0,0,0,0,0,0,0,64,0,0,58,52,0,80,0,76,0,52,78,84,91,0,83,87,90,90,91,0,0,0,0,61,59,0,36,0,22,2,2,18,0,60,74,73
l22,3=0,0,0,0,0,0,2,60,39,30,42,43,30,40,68,0,61,55,68,56,73,84,66,0,87,91,96,92,0,0,0,0,78,75,0,33,82,36,5,45,42,47,71,66,57
l23,3=0,49,0,0,0,0,0,41,0,56,63,55,65,42,0,0,65,66,84,83,76,62,72,87,0,94,96,88,0,0,58,42,50,58,0,60,68,54,53,66,47,73,76,81,87
l24,3=0,0,0,0,0,0,48,67,66,68,80,69,71,37,77,0,70,79,68,89,84,84,53,91,93,0,95,82,0,0,0,38,63,72,0,54,27,23,52,63,72,72,78,84,86
l25,3=0,0,27,0,0,0,0,67,65,6,76,62,75,0,83,0,77,82,66,82,88,84,83,94,93,94,0,88,0,0,0,0,31,66,0,81,83,62,50,55,62,56,78,81,86
l26,3=0,0,0,0,0,0,0,0,60,0,66,57,80,21,38,0,43,65,38,72,82,91,90,94,87,90,90,0,0,0,28,0,82,88,0,90,89,73,81,81,42,57,77,72,85
l27,3=0,78,65,26,25,89,68,0,71,72,71,80,75,69,67,0,79,88,85,90,90,0,0,3,64,0,0,1,0,0,0,92,72,87,0,64,71,1,91,95,94,93,57,45,0
l28,3=71,38,0,57,41,83,0,0,0,46,73,71,70,5,88,0,79,94,82,90,86,7,0,0,66,68,0,0,0,0,93,0,81,93,0,73,82,74,95,99,94,97,47,58,0
l29,3=0,0,0,0,0,0,0,0,0,0,0,0,0,0,0,0,0,0,0,0,57,85,59,89,59,91,59,84,0,0,83,87,0,99,0,100,100,100,98,100,86,100,45,0,58
l30,3=0,0,0,0,0,0,0,0,0,0,0,0,0,0,0,0,14,80,0,67,0,75,62,80,74,84,83,85,0,0,84,92,99,0,0,100,100,100,98,100,94,100,52,0,47
l31,3=0,0,0,0,0,0,0,0,0,0,0,0,0,0,0,0,0,0,0,77,0,1,57,63,66,72,94,92,0,0,68,62,99,99,0,0,100,100,98,100,94,100,0,0,13
l32,3=0,0,0,0,0,0,0,0,0,0,0,0,0,0,0,0,0,0,0,0,0,86,0,94,88,15,93,93,0,0,73,90,99,99,0,100,0,100,98,100,94,100,0,0,0
l33,3=0,0,0,0,0,0,0,0,0,0,0,0,0,0,0,0,0,0,0,0,0,78,4,65,70,0,79,73,0,0,0,80,99,99,0,98,100,0,98,100,90,82,0,0,0
l34,3=0,0,0,0,0,0,0,0,0,0,0,0,0,0,31,0,41,75,0,44,44,79,2,8,83,82,69,85,0,0,89,92,99,99,0,100,100,100,0,100,94,100,0,0,0
l35,3=0,0,0,0,0,0,0,0,0,0,0,0,0,0,73,0,0,80,0,62,53,0,19,74,82,81,76,86,0,0,93,92,99,99,0,100,100,100,98,0,94,100,0,50,0
l36,3=0,0,0,0,33,0,0,0,0,0,0,0,0,0,51,0,77,86,87,89,91,0,26,73,63,87,87,60,0,0,93,92,91,99,0,97,93,91,98,100,0,100,39,0,0
l37,3=0,0,0,0,0,5,0,0,0,0,0,0,65,0,0,0,58,86,76,84,52,0,31,83,91,88,82,72,0,0,93,92,99,99,0,100,100,91,98,100,94,0,0,0,0
l38,3=0,0,0,0,0,0,0,0,0,0,0,0,15,0,64,0,58,54,45,40,65,54,36,62,72,80,79,64,0,0,41,9,15,35,0,0,0,0,0,0,17,0,0,84,93
l39,3=0,0,0,0,0,0,0,0,62,0,37,56,28,0,63,0,62,66,58,58,70,60,46,66,76,78,78,59,0,0,33,36,0,0,0,0,0,0,0,18,0,0,84,0,93
l40,3=0,0,0,0,0,0,0,0,0,0,0,0,0,0,67,0,0,51,45,57,41,60,40,49,81,83,81,66,0,0,0,0,34,25,0,0,0,0,0,0,0,0,84,84,0
l41,3=0,0,0,0,0,0,0,0,0,0,40,6,48,56,73,0,71,81,76,78,78,60,32,82,89,91,90,45,0,0,48,36,49,0,0,0,0,0,28,0,0,0,83,81,85
l42,3=0,0,0,0,0,0,0,0,0,0,9,0,0,0,31,0,6,59,55,45,60,45,56,49,83,85,83,63,0,0,0,0,47,45,0,7,10,44,33,0,0,0,78,84,86
l43,3=0,0,0,0,0,0,0,0,0,0,21,0,0,0,44,0,30,48,46,50,42,69,50,63,66,75,81,75,0,0,0,0,39,42,0,0,0,0,45,0,0,0,79,78,85
l44,3=0,0,0,0,0,0,0,0,0,0,22,0,0,0,37,0,32,49,44,62,8,36,56,68,78,85,83,72,0,0,0,0,26,30,0,0,0,18,32,0,0,0,79,79,86

l0,4=0,95,93,97,90,94,95,85,52,91,50,75,73,95,56,0,64,0,78,58,0,0,0,0,0,0,0,0,0,0,56,58,0,0,0,0,0,0,0,0,0,0,0,0,0
l1,4=96,0,95,97,90,95,95,71,89,91,50,75,74,95,13,0,62,89,0,53,38,0,0,0,32,0,0,0,0,0,54,21,0,0,0,0,0,0,0,0,0,0,0,0,0
l2,4=93,97,0,94,92,92,95,99,89,91,76,91,74,95,50,0,60,84,55,56,0,0,0,0,0,0,61,0,0,0,0,74,0,0,0,0,0,0,0,0,0,0,1,0,0
l3,4=98,97,95,0,97,95,70,71,52,85,50,75,70,95,8,0,69,0,81,49,0,0,0,0,0,0,0,0,0,0,0,81,0,0,0,0,0,0,0,0,0,0,0,0,0
l4,4=96,97,95,97,0,95,95,71,52,91,50,75,74,95,20,0,68,77,85,0,0,0,0,0,0,0,0,0,0,0,38,85,0,0,0,0,0,0,0,0,0,0,0,0,0
l5,4=97,97,95,97,97,0,95,99,20,91,76,91,76,95,9,0,69,84,79,43,35,0,0,0,0,0,0,0,0,0,57,0,0,0,0,0,0,0,0,0,56,0,0,0,0
l6,4=93,97,94,90,90,93,0,71,20,91,50,75,74,95,56,0,69,90,88,0,40,0,0,0,0,63,0,0,0,0,46,0,0,0,0,0,0,0,0,0,0,0,0,0,0
l7,4=93,91,93,90,90,90,93,0,89,91,76,91,73,95,88,0,82,0,86,83,62,0,0,53,43,85,69,60,0,0,0,0,0,0,0,0,0,0,0,0,0,0,0,0,0
l8,4=93,93,95,91,90,89,59,99,0,91,39,91,73,95,56,0,68,78,87,62,38,50,6,52,42,65,63,0,0,0,46,0,0,0,0,0,0,0,0,0,0,0,1,46,0
l9,4=93,89,93,71,71,90,93,99,89,0,77,91,73,95,88,0,82,84,88,70,50,16,0,52,57,76,0,44,0,0,48,71,0,0,0,0,0,0,0,0,0,0,0,0,68
l10,4=73,80,80,67,71,88,67,84,36,88,0,78,75,94,87,0,83,84,86,71,70,28,0,48,70,82,65,58,0,0,0,82,0,0,0,0,0,0,0,0,1,5,64,74,31
l11,4=91,91,92,85,89,90,87,99,89,91,42,0,76,95,51,0,82,73,88,58,40,0,26,54,43,69,63,75,0,0,36,77,0,0,0,0,0,0,0,0,0,0,0,22,0
l12,4=82,88,92,67,66,91,93,99,89,89,79,91,0,96,88,0,84,89,77,70,77,46,0,39,70,75,68,73,0,0,45,2,0,0,0,0,0,0,0,0,0,0,62,73,56
l13,4=88,91,92,82,88,89,92,99,89,91,77,91,74,0,88,0,81,87,85,64,75,0,0,53,71,73,66,78,0,0,0,0,0,0,0,0,0,0,0,0,0,0,0,53,0
l14,4=64,56,57,0,49,42,70,72,73,77,72,75,66,78,0,0,82,93,89,77,88,67,0,58,69,82,71,61,0,0,78,74,0,0,0,0,0,0,0,61,60,56,83,80,82
l15,4=72,73,53,67,58,59,78,79,70,83,76,91,74,79,88,0,0,86,88,76,78,69,65,53,72,79,67,68,0,0,85,85,0,39,0,0,0,0,41,0,62,56,77,75,73
l16,4=0,75,61,0,49,60,66,0,54,75,67,58,65,78,89,0,82,0,86,91,92,62,0,35,66,77,67,68,0,0,98,99,0,73,0,0,0,0,70,76,69,66,77,75,78
l17,4=52,0,2,56,50,48,57,59,73,77,72,74,51,68,89,0,84,88,0,79,68,65,1,40,68,66,55,0,0,0,79,74,0,0,0,0,0,0,0,0,63,60,66,62,65
l18,4=48,52,45,27,0,37,0,67,71,54,61,71,60,57,81,0,75,88,84,0,93,73,72,54,71,76,73,75,0,0,81,83,0,52,0,52,5,0,58,39,61,75,68,80,65
l19,4=0,61,0,0,0,47,53,59,53,60,69,61,66,78,89,0,84,93,83,91,0,70,53,52,73,66,75,77,0,0,79,79,39,0,0,0,0,0,57,0,64,61,85,84,72
l20,4=0,0,0,0,0,0,0,0,54,3,31,0,43,0,64,0,71,58,59,77,62,0,90,65,70,87,74,92,0,0,0,0,81,65,0,52,62,63,81,0,0,56,81,87,59
l21,4=0,0,0,0,0,0,0,0,0,0,0,41,0,0,0,0,68,0,0,87,66,91,0,74,78,89,81,88,0,0,0,0,1,0,0,53,0,0,49,0,0,11,53,79,71
l22,4=0,0,0,0,0,0,0,42,37,41,38,44,36,42,49,0,61,54,56,69,56,74,53,0,82,90,85,92,0,0,0,0,65,60,0,47,74,46,65,45,39,48,1,77,50
l23,4=0,36,0,0,0,0,0,40,39,48,47,43,45,47,50,0,57,59,80,74,76,80,46,79,0,93,85,83,0,0,46,31,58,49,0,47,56,47,51,57,0,57,78,92,73
l24,4=0,0,0,0,0,0,35,56,38,48,60,44,47,45,67,0,60,66,82,79,56,85,64,74,79,0,80,68,0,0,0,0,53,58,0,41,0,0,66,49,46,47,68,78,76
l25,4=0,0,13,0,0,0,0,53,38,0,47,45,46,42,54,0,49,62,66,63,66,69,48,82,85,93,0,77,0,0,43,0,63,59,0,58,58,53,49,52,50,49,65,86,61
l26,4=0,0,0,0,0,0,0,42,12,17,40,43,47,42,57,0,48,57,0,69,60,91,83,82,77,80,78,0,0,0,0,53,61,54,0,57,80,54,57,56,39,52,77,58,54
l27,4=70,81,0,0,58,93,69,0,66,69,0,54,51,0,89,0,84,93,88,91,86,0,0,0,60,0,55,0,0,0,0,99,86,84,0,70,70,50,91,99,100,100,12,1,0
l28,4=47,10,65,74,86,3,0,0,0,62,76,85,22,0,81,0,83,93,88,88,88,0,0,0,41,0,0,50,0,0,98,0,70,95,0,91,93,92,90,98,100,100,0,79,0
l29,4=0,0,0,0,0,0,0,0,0,0,0,0,0,0,0,0,0,0,0,1,28,84,3,72,70,64,67,74,0,0,85,75,0,100,0,96,100,100,97,99,94,100,1,75,31
l30,4=0,0,0,0,4,0,0,0,0,0,0,0,0,0,0,0,67,71,0,71,0,80,0,73,65,73,78,57,0,0,81,99,98,0,0,96,100,100,97,99,100,100,31,58,0
l31,4=0,0,0,0,0,0,0,0,0,0,0,0,0,0,0,0,0,0,0,81,0,79,72,66,71,73,75,84,0,0,81,89,98,100,0,0,100,100,97,99,95,100,0,71,65
l32,4=0,0,0,0,0,0,0,0,0,0,0,0,0,0,0,0,0,0,0,10,0,78,0,79,77,0,71,92,0,0,82,98,98,100,0,96,0,100,97,99,100,100,23,0,0
l33,4=0,0,0,0,0,0,0,0,0,0,0,0,0,0,0,0,0,0,0,0,0,83,0,62,69,0,75,70,0,0,16,95,98,100,0,96,100,0,97,99,100,89,0,0,0
l34,4=0,0,0,0,0,0,0,0,0,0,0,0,0,0,0,0,47,81,0,78,67,82,43,75,71,80,46,76,0,0,89,92,98,100,0,96,100,100,0,99,100,100,0,52,0
l35,4=0,0,0,0,0,0,0,0,0,0,0,0,0,0,83,0,0,93,0,67,0,0,1,72,84,91,81,86,0,0,98,99,98,100,0,96,100,100,97,0,100,100,6,0,0
l36,4=0,0,0,0,0,41,0,0,0,0,0,0,0,0,70,0,68,93,85,83,76,0,0,53,0,84,81,53,0,0,98,99,98,100,0,96,100,100,97,99,0,100,0,0,0
l37,4=0,0,0,0,34,0,0,0,0,0,21,0,0,0,69,0,68,78,81,91,77,74,47,71,85,88,66,73,0,0,98,99,98,100,0,96,100,93,97,99,100,0,0,0,64
l38,4=0,0,0,0,0,0,0,0,0,0,27,0,33,0,61,0,49,58,54,52,64,68,30,0,64,49,52,56,0,0,0,0,0,6,0,0,6,0,0,0,0,0,0,92,89
l39,4=0,0,0,0,0,0,0,0,29,0,38,24,36,33,53,0,56,58,73,76,70,76,27,46,65,68,64,23,0,0,0,44,44,28,0,28,0,0,2,0,0,0,79,0,75
l40,4=0,0,0,0,0,0,0,0,0,0,1,0,24,0,57,0,46,53,57,62,53,57,39,43,71,79,61,42,0,0,0,0,3,0,0,26,0,0,0,0,0,2,89,91,0
l41,4=0,0,0,0,0,0,0,0,0,0,0,38,43,50,61,0,53,70,77,73,66,60,25,47,75,82,75,38,0,0,47,59,55,0,0,0,0,0,7,0,0,0,87,86,66
l42,4=0,0,0,0,0,0,0,0,0,0,36,0,0,0,53,0,39,54,67,72,59,71,47,56,65,73,55,45,0,0,0,0,54,0,0,41,45,0,55,0,0,0,72,78,76
l43,4=0,0,0,0,0,0,0,0,0,0,32,0,0,0,28,0,37,56,51,59,52,70,33,37,48,53,65,45,0,0,5,0,59,44,0,42,11,0,50,0,0,0,82,87,88
l44,4=0,0,0,0,0,0,0,0,0,0,0,0,0,0,47,0,48,0,50,69,58,65,39,43,76,65,72,41,0,0,0,0,48,45,0,0,0,0,48,0,0,0,89,91,69

l0,5=0,91,54,94,90,87,90,89,89,64,47,91,92,81,21,0,28,22,30,28,0,0,0,0,0,0,0,0,0,0,74,0,0,0,0,0,0,0,0,0,0,0,0,0,0
l1,5=90,0,89,95,76,87,91,89,89,39,6,53,92,80,0,0,27,27,48,27,34,0,0,0,0,0,0,0,0,0,52,2,0,0,0,0,0,0,4,0,62,0,0,0,0
l2,5=90,91,0,93,89,88,90,91,91,82,26,90,92,91,26,0,24,0,0,21,0,0,0,0,1,0,0,0,0,0,62,76,0,0,0,0,0,0,0,0,0,0,0,0,0
l3,5=94,92,54,0,95,54,91,91,77,51,12,91,44,81,21,0,84,47,48,0,0,0,0,0,0,0,0,0,0,0,73,75,0,0,0,0,0,0,0,0,0,0,0,0,0
l4,5=94,58,55,98,0,59,91,92,73,51,54,91,92,81,0,0,82,37,52,31,0,0,0,0,0,0,0,0,0,0,80,80,0,0,0,0,0,0,0,0,0,0,0,0,0
l5,5=90,74,89,93,90,0,90,89,68,55,55,91,79,80,27,0,77,36,46,26,33,0,0,0,2,0,0,0,0,0,76,74,0,0,0,0,0,0,0,0,60,0,0,0,0
l6,5=90,91,52,81,75,88,0,91,72,86,53,90,92,81,42,0,85,17,52,28,11,0,0,0,0,20,24,0,0,0,52,66,0,0,0,0,0,0,0,0,0,0,0,0,0
l7,5=85,86,87,86,87,82,91,0,91,89,31,93,91,91,72,0,79,0,78,55,0,0,0,0,3,63,52,0,0,0,0,0,0,0,0,0,0,0,0,0,0,0,0,0,0
l8,5=90,92,91,92,89,56,90,95,0,90,53,93,93,93,73,0,79,31,48,36,41,0,16,22,0,36,54,38,0,0,50,0,0,0,0,0,0,0,0,0,0,0,0,0,0
l9,5=87,37,80,32,65,82,88,86,88,0,89,93,91,92,74,0,79,20,81,19,36,36,0,13,47,50,54,37,0,0,39,1,0,0,0,0,0,0,0,0,0,0,0,57,0
l10,5=42,38,34,26,73,47,29,45,78,73,0,53,92,89,84,0,86,26,72,54,47,38,6,38,45,53,66,46,0,0,38,50,0,0,0,0,0,0,0,0,0,45,60,60,0
l11,5=79,61,77,46,61,77,48,89,89,89,88,0,93,91,0,0,80,5,72,30,42,0,0,15,46,29,56,59,0,0,44,67,0,0,0,0,0,0,0,0,0,0,0,16,0
l12,5=82,86,89,0,79,21,90,85,89,89,94,93,0,93,81,0,86,26,77,51,54,26,6,0,51,52,71,53,0,0,45,0,0,0,0,0,0,0,0,0,0,0,34,50,0
l13,5=80,79,80,73,71,77,85,82,85,89,89,93,93,0,75,0,65,79,64,35,74,28,6,9,76,38,50,56,0,0,68,30,0,0,0,0,0,0,0,0,0,0,1,44,0
l14,5=20,0,12,4,0,19,17,23,45,49,88,10,87,88,0,0,80,87,88,61,80,28,7,23,22,43,57,46,0,0,50,30,0,0,0,0,0,0,0,25,46,41,25,41,25
l15,5=27,33,10,34,58,21,31,43,75,54,90,54,87,71,79,0,0,48,82,54,52,43,6,25,50,49,69,42,0,0,30,78,0,2,0,0,0,0,35,0,61,43,23,61,22
l16,5=29,35,0,8,33,23,16,0,35,30,32,8,79,81,72,0,27,0,69,62,48,0,0,32,54,44,70,0,0,0,89,92,0,0,0,2,0,0,60,54,78,50,43,29,35
l17,5=8,30,0,13,36,19,18,36,24,53,30,27,65,35,88,0,80,16,0,0,52,28,4,23,3,52,61,0,0,0,78,34,0,0,0,0,0,0,2,0,41,39,42,62,22
l18,5=21,27,1,0,30,16,23,55,63,1,47,34,62,66,76,0,66,80,0,0,80,75,44,77,78,70,68,59,0,0,47,58,13,37,0,16,9,0,65,47,57,44,64,73,70
l19,5=0,28,0,0,0,7,2,0,41,40,32,21,83,68,82,0,81,84,80,69,0,15,9,41,83,62,63,59,0,0,44,88,0,0,0,0,0,0,56,13,48,48,55,68,35
l20,5=0,0,0,0,0,0,0,0,0,21,30,0,27,24,24,0,58,0,21,56,7,0,89,84,81,75,69,75,0,0,0,0,46,46,0,39,30,39,62,0,1,30,58,75,41
l21,5=0,0,0,0,0,0,0,0,30,0,9,0,24,5,52,0,36,0,16,54,34,91,0,46,75,78,75,75,0,0,0,0,29,23,0,32,0,0,21,9,0,0,56,62,48
l22,5=0,0,0,0,0,0,0,0,32,25,48,53,0,20,54,0,55,18,45,52,60,81,34,0,85,79,77,75,0,0,12,3,44,50,0,42,50,37,61,46,47,30,63,73,68
l23,5=0,0,0,0,0,0,0,6,0,31,41,14,61,57,56,0,60,55,4,48,66,67,60,86,0,78,79,59,0,0,11,24,34,29,0,22,12,8,38,54,25,46,64,70,70
l24,5=0,0,0,0,0,5,20,57,38,37,60,16,33,29,29,0,53,22,58,48,62,67,67,80,88,0,69,60,0,0,0,25,27,21,0,23,1,5,30,31,4,23,24,70,69
l25,5=0,0,0,0,0,0,1,30,33,25,49,22,64,19,48,0,61,53,61,55,57,71,66,86,89,73,0,64,0,0,9,0,41,44,0,34,3,37,32,35,26,25,66,79,63
l26,5=0,0,0,0,0,0,0,2,19,7,41,28,32,32,44,0,29,0,0,48,60,89,77,86,82,73,69,0,0,0,0,2,34,28,0,53,50,22,18,11,34,31,60,51,53
l27,5=25,30,33,10,23,10,18,0,22,11,15,11,38,38,35,0,16,31,71,49,45,0,0,18,9,0,23,0,0,0,0,93,53,62,0,18,19,23,40,77,92,85,0,1,0
l28,5=0,0,42,11,31,14,25,0,0,0,15,21,0,22,31,0,38,86,63,54,74,0,0,3,36,56,0,0,0,0,95,0,55,63,0,22,26,27,42,81,92,83,27,23,0
l29,5=0,0,0,0,0,0,0,0,0,0,0,0,0,0,0,0,0,0,0,42,0,64,39,64,64,56,61,52,0,0,34,37,0,72,0,80,78,92,85,78,75,78,36,31,30
l30,5=0,0,0,0,0,0,0,0,0,0,0,0,0,0,0,0,4,0,0,36,0,44,8,63,20,46,66,43,0,0,35,44,70,0,0,80,75,91,86,78,89,81,4,18,16
l31,5=0,0,0,0,0,0,0,0,0,0,0,0,0,0,0,0,0,23,0,42,0,64,60,64,64,58,60,59,0,0,39,38,70,72,0,0,86,95,85,78,87,81,18,0,0
l32,5=0,0,0,0,0,0,0,0,0,0,0,0,0,0,0,0,0,0,0,27,0,64,0,78,60,0,1,70,0,0,34,58,70,72,0,80,0,95,85,78,87,77,0,0,0
l33,5=0,0,0,0,0,0,0,0,0,0,0,0,0,0,0,0,0,0,0,0,0,65,0,65,48,1,66,51,0,0,36,46,70,72,0,80,86,0,85,71,87,64,0,0,0
l34,5=0,0,0,0,0,1,0,0,0,0,0,0,0,0,0,0,22,37,0,53,33,76,6,70,71,57,55,20,0,0,42,38,70,72,0,67,69,84,0,87,86,82,30,30,0
l35,5=0,0,0,0,0,0,0,0,0,0,0,0,0,0,25,0,0,26,0,53,22,0,1,25,58,54,63,20,0,0,82,81,70,72,0,75,60,28,86,0,96,92,0,0,0
l36,5=0,34,0,0,0,6,0,0,0,0,0,0,0,0,27,0,24,44,45,47,35,0,0,27,36,39,56,51,0,0,95,87,64,72,0,36,48,53,86,89,0,92,0,0,0
l37,5=0,0,0,0,0,0,0,0,0,0,12,0,0,0,23,0,22,24,48,53,35,42,0,19,48,54,59,64,0,0,83,81,70,72,0,68,46,30,86,89,96,0,0,0,0
l38,5=0,0,0,0,0,0,0,0,0,0,30,0,24,0,35,0,33,18,39,37,43,55,34,65,79,24,52,37,0,0,0,13,5,0,0,0,0,0,0,0,0,0,0,68,75
l39,5=0,0,0,0,0,0,0,0,0,8,29,4,17,9,61,0,36,1,56,53,58,66,22,74,76,67,66,27,0,0,0,14,9,9,0,0,0,0,21,0,1,0,65,0,76
l40,5=0,0,0,0,0,0,0,0,0,0,0,0,0,0,49,0,18,13,28,42,40,31,13,61,78,62,52,39,0,0,0,0,10,12,0,0,0,0,0,0,0,0,77,81,0
l41,5=0,0,0,0,0,0,0,0,0,12,0,11,57,3,62,0,60,56,63,51,46,35,11,75,84,68,73,33,0,0,14,26,10,10,0,0,0,0,25,1,30,16,74,78,70
l42,5=0,0,0,0,0,0,0,0,0,0,16,0,0,0,46,0,23,15,26,51,49,58,29,77,79,70,65,58,0,0,0,0,17,20,0,16,9,0,15,0,6,0,71,78,78
l43,5=0,0,0,0,0,0,0,0,0,0,24,0,3,0,0,0,0,0,21,29,40,51,29,51,44,43,64,23,0,0,0,0,24,0,0,17,0,1,23,15,0,0,70,76,75
l44,5=0,0,0,0,0,0,0,0,0,0,0,7,0,0,38,0,34,22,22,54,33,60,38,75,80,70,65,30,0,0,8,0,19,15,0,0,2,0,13,0,0,0,70,75,75

l0,6=0,1,82,96,84,92,91,83,83,51,63,85,84,81,45,0,55,23,28,53,38,0,0,0,0,0,0,0,0,0,36,0,0,0,0,0,0,0,0,0,0,0,0,0,0
l1,6=41,0,91,96,84,92,93,86,84,51,54,86,92,51,0,0,58,15,43,46,45,0,0,0,0,0,0,0,0,0,61,0,0,0,0,0,0,0,0,0,35,0,0,0,0
l2,6=49,93,0,96,47,92,92,86,87,48,38,66,92,87,45,0,59,19,30,51,40,0,0,1,0,56,0,0,0,0,0,0,0,0,0,0,0,0,0,0,0,0,0,0,0
l3,6=92,93,91,0,84,82,86,81,83,50,60,89,0,45,51,0,69,34,46,0,0,0,0,0,0,0,0,0,0,0,61,40,0,0,0,0,0,0,0,0,0,0,0,0,0
l4,6=66,93,88,96,0,90,91,83,86,46,0,89,91,26,6,0,61,0,52,53,0,0,0,0,0,0,0,0,0,0,73,74,0,0,0,0,0,0,0,0,0,0,0,0,0
l5,6=90,92,91,92,84,0,88,77,84,48,69,85,80,51,67,0,65,33,60,24,0,0,0,0,0,0,12,0,0,0,53,49,0,9,0,0,0,0,0,33,25,0,0,0,0
l6,6=90,93,90,85,77,92,0,86,80,83,70,75,92,44,62,0,69,32,62,38,46,0,0,0,0,54,0,0,0,0,57,3,0,0,0,0,0,0,0,0,0,0,0,0,0
l7,6=83,93,91,75,72,83,93,0,87,86,69,90,85,87,65,0,66,33,62,55,32,0,0,0,0,61,58,0,0,0,0,0,0,0,0,0,0,0,0,0,0,0,0,0,0
l8,6=89,86,91,82,72,88,71,87,0,86,55,90,90,85,70,0,59,31,43,52,0,46,26,0,42,60,64,13,0,0,2,0,0,0,0,0,0,0,0,0,0,0,0,0,0
l9,6=87,87,79,89,74,88,93,87,87,0,85,90,92,87,82,0,76,19,72,31,62,0,13,14,50,56,56,0,0,0,58,3,0,0,0,0,0,0,0,0,0,0,21,0,0
l10,6=36,39,23,34,13,81,72,43,59,73,0,82,92,77,82,0,81,42,64,59,75,34,19,42,61,69,68,23,0,0,33,30,0,0,0,0,0,0,0,0,0,30,36,34,0
l11,6=71,74,57,82,70,84,39,81,80,80,84,0,92,81,78,0,78,14,70,51,49,47,0,37,62,26,52,30,0,0,47,31,0,0,0,0,0,0,0,0,0,0,0,26,0
l12,6=58,85,83,0,72,75,85,76,83,83,90,90,0,87,80,0,78,60,72,64,75,0,0,32,65,60,63,29,0,0,47,29,0,0,0,0,0,0,0,0,0,0,27,32,0
l13,6=86,76,79,71,34,87,47,86,87,86,87,90,92,0,82,0,77,37,71,64,65,0,0,37,53,59,32,31,0,0,57,34,0,0,0,0,0,0,0,0,0,0,0,17,0
l14,6=27,0,31,18,27,53,25,37,55,66,86,41,86,67,0,0,76,81,75,74,81,27,24,36,58,41,32,35,0,0,64,34,0,22,0,0,0,0,49,0,30,0,7,37,48
l15,6=22,54,62,44,35,79,40,41,60,69,89,49,70,61,77,0,0,44,71,69,76,61,19,37,62,62,68,26,0,0,60,38,0,0,0,0,0,0,37,0,30,9,23,38,13
l16,6=25,27,29,18,0,65,16,14,25,51,72,6,24,31,82,0,66,0,42,69,81,0,0,26,62,65,68,10,0,0,81,71,0,0,0,23,0,0,63,40,68,34,10,12,38
l17,6=14,48,24,21,35,45,28,32,23,64,70,77,80,55,85,0,73,75,0,68,77,42,0,36,58,66,61,34,0,0,67,40,0,0,0,0,0,0,0,0,0,3,36,38,47
l18,6=33,37,24,0,29,21,15,57,64,21,52,35,65,64,75,0,63,73,60,0,78,66,35,75,68,73,71,52,0,0,9,34,3,28,0,25,0,0,57,54,49,18,68,72,48
l19,6=29,38,27,0,0,0,23,26,0,54,60,33,63,44,79,0,70,80,68,76,0,32,36,39,76,68,61,51,0,0,57,65,0,0,0,0,0,0,60,52,48,26,0,60,24
l20,6=0,0,0,0,0,0,0,4,23,0,19,25,0,3,24,0,60,11,39,59,14,0,87,84,80,81,70,70,0,0,1,0,56,41,0,47,33,19,59,25,8,21,67,31,34
l21,6=0,0,0,0,0,0,0,0,27,3,20,20,0,0,53,0,35,2,29,54,36,80,0,61,70,66,70,72,0,0,0,0,31,37,0,22,0,0,30,0,0,0,49,24,38
l22,6=0,0,0,0,0,0,0,0,0,0,27,25,22,25,36,0,47,31,39,57,28,73,26,0,80,81,77,70,0,0,0,0,55,62,0,32,56,19,26,29,24,20,64,54,47
l23,6=0,0,0,0,0,0,0,0,15,27,27,36,56,32,62,0,61,61,50,55,64,63,45,85,0,82,79,58,0,0,27,24,24,22,0,29,25,0,41,31,26,18,69,68,38
l24,6=0,0,23,0,0,10,12,54,52,31,52,14,30,35,60,0,56,20,54,59,64,64,53,86,83,0,78,59,0,0,0,11,13,24,0,29,23,0,27,26,16,35,64,55,55
l25,6=0,0,0,0,0,6,0,29,31,25,39,23,45,26,24,0,53,53,35,60,50,58,27,86,83,82,0,64,0,0,0,0,33,46,0,30,27,27,30,30,27,19,69,76,38
l26,6=0,0,0,0,0,0,0,1,13,0,18,24,23,26,52,0,46,8,43,53,54,79,76,86,80,81,71,0,0,0,13,5,54,45,0,60,61,29,57,21,23,30,70,22,31
l27,6=21,30,0,13,57,54,14,0,0,50,44,5,8,18,59,0,55,49,43,25,52,0,0,0,58,0,0,0,0,0,0,48,7,32,0,33,68,55,73,74,78,35,0,0,0
l28,6=0,0,0,20,59,61,1,0,1,0,54,31,31,26,61,0,58,86,32,58,69,1,0,9,59,63,6,27,0,0,87,0,40,53,0,34,68,61,65,71,78,64,22,0,0
l29,6=0,0,0,0,0,0,0,0,0,0,0,0,0,0,0,0,0,13,0,37,0,60,36,74,63,59,64,52,0,0,60,61,0,85,0,82,78,69,81,75,61,56,39,29,0
l30,6=0,0,0,0,0,21,0,0,0,0,0,0,0,0,44,0,18,1,0,55,2,39,22,77,4,67,65,50,0,0,60,61,82,0,0,71,73,68,74,68,64,61,0,11,45
l31,6=0,0,0,0,0,0,0,0,0,0,0,0,0,0,0,0,0,41,0,48,0,56,21,69,67,62,56,53,0,0,55,47,82,85,0,0,88,81,76,72,71,64,0,0,0
l32,6=0,0,0,0,0,0,0,0,0,0,0,0,0,0,0,0,0,0,0,0,0,55,0,77,66,60,55,55,0,0,56,56,82,84,0,82,0,70,67,68,59,56,0,0,0
l33,6=0,0,0,0,0,0,0,0,0,0,0,0,0,0,0,0,0,0,0,0,0,49,0,54,0,0,57,49,0,0,55,50,76,75,0,82,75,0,68,62,60,56,0,0,0
l34,6=0,0,0,0,0,0,0,0,0,0,0,0,0,0,46,0,47,39,0,57,45,63,22,40,68,66,66,53,0,0,60,61,81,82,0,73,71,67,0,78,75,67,22,20,0
l35,6=0,0,0,0,0,48,0,0,0,0,0,0,0,0,0,0,0,5,0,57,43,32,0,42,60,64,63,42,0,0,60,61,82,77,0,71,76,65,81,0,86,75,0,0,0
l36,6=0,14,0,0,0,36,0,0,0,0,0,0,0,0,45,0,56,77,0,55,37,1,0,45,60,65,66,52,0,0,82,68,59,85,0,46,75,68,81,84,0,73,0,0,0
l37,6=0,0,0,0,0,0,0,0,0,0,48,0,0,0,0,0,27,49,19,54,17,33,0,41,59,67,63,51,0,0,60,61,71,84,0,70,72,67,81,88,81,0,26,27,0
l38,6=0,0,0,0,0,0,0,0,0,5,12,0,10,0,5,0,25,27,28,27,0,30,17,32,73,27,49,58,0,0,4,13,15,0,0,0,0,0,13,0,0,11,0,79,64
l39,6=0,0,0,0,0,0,0,0,0,0,12,11,19,1,55,0,48,28,49,62,43,17,4,34,68,36,77,8,0,0,0,0,9,1,0,0,0,1,3,0,0,8,84,0,65
l40,6=0,0,0,0,0,0,0,0,0,0,0,0,0,0,44,0,10,31,22,34,1,22,11,41,31,58,27,13,0,0,0,0,0,17,0,0,0,0,0,0,0,0,85,79,0
l41,6=0,0,0,0,0,0,0,0,1,0,0,19,60,15,68,0,61,30,55,60,67,25,11,75,80,76,74,18,0,0,15,9,10,0,0,0,0,0,25,0,12,1,76,76,60
l42,6=0,0,0,0,0,0,0,0,0,0,8,0,0,0,30,0,0,36,29,60,25,0,0,65,75,79,76,52,0,0,0,0,13,13,0,0,4,3,27,0,0,0,88,77,51
l43,6=0,0,0,0,0,0,0,0,0,0,7,0,1,0,21,0,0,0,25,23,25,25,19,44,33,65,63,46,0,0,1,0,23,15,0,21,0,19,26,17,0,0,72,66,64
l44,6=0,0,0,0,0,0,0,0,0,0,0,0,0,0,0,0,26,29,27,28,22,31,29,69,77,78,75,57,0,0,0,0,8,0,0,0,0,0,26,0,0,0,81,74,64

l0,7=0,95,94,96,93,97,95,92,88,82,77,92,93,89,67,0,84,64,0,20,0,0,0,0,0,0,0,0,0,0,5,72,0,0,0,0,0,0,0,0,0,29,0,0,0
l1,7=92,0,94,97,93,97,94,93,87,88,84,90,94,89,0,0,85,7,27,23,0,0,0,0,0,0,0,0,0,0,23,0,0,0,0,0,0,0,0,0,0,0,0,0,0
l2,7=89,95,0,97,93,97,95,93,93,63,72,91,93,88,82,0,77,53,28,21,49,0,0,0,0,14,0,0,0,0,61,0,0,0,0,0,0,0,0,0,0,0,0,0,0
l3,7=91,95,94,0,93,95,93,92,49,86,65,53,93,86,77,0,76,50,23,0,0,0,0,0,0,0,0,0,0,0,53,65,0,0,0,0,0,0,0,0,29,0,0,0,0
l4,7=42,87,94,97,0,97,93,89,88,83,84,91,90,83,0,0,76,22,0,35,0,0,0,0,0,0,0,0,0,0,58,50,0,0,0,0,0,0,0,0,0,0,0,0,0
l5,7=92,95,94,93,93,0,95,90,93,67,84,94,87,84,42,0,85,57,31,19,47,0,0,0,0,0,0,0,0,0,61,0,0,0,0,0,0,0,0,0,0,0,0,0,0
l6,7=92,95,94,97,93,97,0,94,93,88,90,63,93,89,83,0,80,56,48,11,34,0,0,11,0,58,6,0,0,0,37,55,0,0,0,0,0,0,0,0,0,0,0,0,0
l7,7=88,86,90,93,87,94,95,0,93,87,73,94,89,89,88,0,85,55,0,79,59,55,0,0,21,69,34,39,0,0,0,0,0,0,0,0,0,0,0,0,0,0,0,0,0
l8,7=88,80,86,83,88,94,93,94,0,88,70,94,90,85,79,0,82,20,68,71,49,57,50,15,33,60,58,0,0,0,17,30,0,0,0,0,0,0,0,0,0,0,0,10,0
l9,7=67,92,80,86,83,86,95,94,93,0,79,94,94,89,87,0,76,27,74,19,58,43,0,15,14,63,56,0,0,0,45,55,0,0,0,0,0,0,0,0,0,0,0,43,0
l10,7=66,70,43,23,45,57,62,55,53,54,0,68,90,85,92,0,86,56,76,23,69,17,2,42,42,40,44,2,0,0,70,73,0,0,0,0,0,0,0,0,4,15,59,73,0
l11,7=88,87,86,37,88,94,33,90,92,84,84,0,94,85,91,0,85,42,79,43,0,34,0,34,40,22,49,44,0,0,0,32,0,0,0,0,0,0,0,0,0,0,5,57,0
l12,7=80,88,85,84,61,51,62,74,92,84,85,94,0,89,92,0,86,25,79,40,59,0,20,32,42,41,45,38,0,0,30,41,0,0,0,0,0,0,0,0,26,0,28,42,0
l13,7=89,88,86,94,88,93,93,90,92,84,84,94,94,0,92,0,2,53,79,81,60,2,0,23,18,63,0,0,0,0,32,49,0,0,0,0,0,0,0,0,23,0,0,0,0
l14,7=19,0,6,20,0,1,29,31,18,30,84,55,56,44,0,0,88,77,81,82,72,24,11,39,28,23,44,46,0,0,79,60,0,0,0,0,0,0,11,0,51,0,64,78,25
l15,7=60,53,6,26,15,44,31,33,29,27,90,57,58,0,94,0,0,59,52,26,72,24,27,40,42,19,15,39,0,0,0,51,0,30,0,0,0,0,0,2,46,7,58,17,0
l16,7=38,0,31,10,18,27,30,20,2,8,55,30,7,18,94,0,75,0,31,47,78,10,0,31,40,39,41,0,0,0,87,85,0,54,0,0,17,0,22,23,83,0,41,70,44
l17,7=0,28,6,22,0,19,25,3,9,25,84,68,58,28,95,0,85,67,0,22,71,21,0,39,42,43,15,45,0,0,80,47,0,0,0,0,0,0,3,0,0,33,58,75,28
l18,7=18,20,25,0,29,8,0,54,16,14,37,53,54,53,91,0,70,77,58,0,77,76,58,70,70,71,81,66,0,0,64,62,0,61,0,8,0,0,59,10,70,3,41,84,0
l19,7=0,0,12,0,0,35,10,21,15,41,66,0,22,19,79,0,78,81,71,86,0,25,20,44,80,42,73,47,0,0,61,56,0,57,0,0,0,3,20,21,62,47,70,11,61
l20,7=0,0,0,0,0,0,0,17,20,16,20,12,2,2,43,0,46,8,25,74,20,0,83,84,72,80,59,82,0,0,0,0,30,29,0,14,31,16,72,0,0,0,36,54,62
l21,7=0,0,0,0,0,0,0,11,55,0,1,19,47,0,34,0,66,0,0,72,47,81,0,77,83,71,78,81,0,0,0,0,41,43,0,0,0,0,33,0,0,0,55,47,61
l22,7=0,0,0,0,0,0,2,0,5,6,56,30,13,26,47,0,53,11,50,65,64,79,67,0,83,79,81,81,0,0,9,0,70,76,0,54,63,33,69,4,34,30,74,69,44
l23,7=0,0,0,0,0,0,0,10,10,0,46,29,51,9,59,0,64,58,57,68,71,71,70,85,0,81,82,77,0,0,20,23,32,70,0,21,22,0,64,0,49,42,70,82,70
l24,7=0,0,3,0,0,0,14,36,5,21,50,10,47,11,59,0,14,30,57,72,63,76,10,83,83,0,82,78,0,0,21,13,1,67,0,17,31,0,6,38,33,32,75,70,70
l25,7=0,0,0,0,0,0,1,9,13,17,46,29,56,0,68,0,33,14,51,74,65,36,57,86,83,81,0,78,0,0,0,21,37,52,0,56,63,23,18,14,61,26,69,89,71
l26,7=0,0,0,0,0,0,0,7,0,0,10,26,6,1,50,0,25,0,33,69,61,78,76,86,82,79,81,0,0,0,17,0,51,49,0,47,73,34,73,9,25,23,75,34,32
l27,7=1,13,41,25,36,13,3,0,1,30,28,0,5,5,80,0,0,63,30,9,39,0,0,3,12,23,0,12,0,0,0,84,0,81,0,67,77,33,29,11,88,86,15,28,0
l28,7=26,0,0,35,32,2,11,0,12,34,29,12,14,15,72,0,38,81,13,26,31,0,0,8,24,8,39,0,0,0,92,0,27,78,0,50,73,42,26,46,83,44,0,0,0
l29,7=0,0,0,0,0,0,0,0,0,0,0,0,0,0,0,0,0,0,0,3,0,64,20,75,42,0,72,72,0,0,0,69,0,83,0,91,85,78,85,87,82,73,42,0,0
l30,7=0,0,0,0,0,0,0,0,0,0,0,0,0,0,0,0,33,24,0,7,32,58,23,73,42,67,67,50,0,0,66,71,83,0,0,78,76,67,85,71,86,69,30,4,17
l31,7=0,0,0,0,0,0,0,0,0,0,0,0,0,0,0,0,0,7,0,7,0,37,0,76,58,49,78,74,0,0,48,40,83,83,0,0,86,90,84,74,83,65,29,0,0
l32,7=0,0,0,0,0,0,0,0,0,0,0,0,0,0,0,0,0,32,0,0,0,64,0,71,54,69,74,70,0,0,66,71,83,81,0,91,0,86,76,74,77,65,0,0,0
l33,7=0,0,0,0,0,0,0,0,0,0,0,0,0,0,0,0,0,0,0,0,0,27,0,71,0,0,74,72,0,0,50,42,79,80,0,91,86,0,77,74,77,65,27,0,0
l34,7=0,0,0,0,0,0,0,0,0,0,0,0,0,0,40,0,0,28,8,65,29,64,15,72,63,15,70,68,0,0,64,28,83,83,0,82,81,71,0,88,86,76,37,39,0
l35,7=0,0,0,0,0,0,0,0,0,0,0,0,0,0,0,0,23,34,0,30,32,0,0,23,33,68,46,37,0,0,48,45,83,81,0,68,81,70,85,0,89,90,26,0,0
l36,7=0,0,0,8,0,0,0,0,0,0,0,0,14,16,67,0,39,45,0,48,34,0,0,43,53,43,71,37,0,0,62,31,28,83,0,80,80,70,85,89,0,77,0,0,0
l37,7=15,0,0,0,0,4,0,0,0,0,5,0,0,0,0,0,33,0,25,13,33,3,0,67,63,68,69,62,0,0,56,30,48,81,0,70,74,67,85,89,89,0,37,0,0
l38,7=0,0,0,0,0,0,0,0,0,0,8,4,4,0,12,0,5,5,14,13,42,5,4,60,71,73,46,65,0,0,6,0,17,11,0,1,0,9,8,3,0,10,0,87,81
l39,7=0,0,0,0,0,0,0,0,0,9,18,10,5,0,57,0,0,25,50,73,9,23,3,52,80,63,82,20,0,0,7,0,0,0,0,0,0,0,8,0,0,0,82,0,81
l40,7=0,0,0,0,0,0,0,0,0,0,0,0,0,0,20,0,0,7,18,0,12,19,13,25,55,55,66,14,0,0,0,0,0,7,0,0,0,0,0,0,0,0,81,87,0
l41,7=0,0,0,0,0,0,0,4,5,0,26,11,48,3,73,0,55,34,56,64,66,50,5,64,82,74,80,44,0,0,22,46,0,0,0,0,0,0,8,9,0,19,77,89,78
l42,7=0,0,0,0,0,0,0,0,0,0,0,0,0,0,48,0,23,11,17,51,50,55,12,18,63,80,81,61,0,0,0,0,27,28,0,0,24,0,14,0,0,0,80,87,67
l43,7=0,0,0,0,0,0,0,0,0,0,1,0,8,0,0,0,12,7,4,28,31,28,20,27,63,70,79,35,0,0,0,0,14,24,0,12,26,0,19,16,0,0,80,85,76
l44,7=0,0,0,0,0,0,0,0,0,0,0,0,7,0,25,0,20,14,20,27,27,52,30,63,81,80,71,47,0,0,0,0,16,25,0,8,0,0,25,0,0,8,81,87,75

l0,8=0,99,100,100,99,100,100,100,99,50,74,99,98,58,37,0,100,94,16,5,0,0,0,0,0,0,0,0,0,0,90,0,0,0,0,0,0,0,0,0,0,0,0,0,0
l1,8=100,0,100,100,99,100,100,2,99,98,82,99,99,57,47,0,91,92,23,41,0,0,0,0,2,0,0,0,0,0,88,0,0,0,0,0,0,0,0,0,3,0,0,0,0
l2,8=100,99,0,100,99,100,100,96,99,99,76,99,91,97,0,0,97,95,26,6,67,2,0,0,0,0,0,0,0,0,87,0,0,0,0,0,0,0,0,0,0,0,0,41,0
l3,8=100,99,100,0,99,100,100,100,99,62,82,99,98,59,13,0,100,98,25,14,0,0,0,0,0,0,0,0,0,0,93,78,0,0,0,0,0,0,0,0,0,0,0,0,0
l4,8=100,99,100,100,0,100,100,99,99,62,82,99,71,59,0,0,72,96,3,45,0,0,0,0,0,0,0,0,0,0,93,82,0,0,0,0,0,0,0,0,0,0,0,0,0
l5,8=100,99,100,100,99,0,100,100,99,62,78,99,98,60,35,0,99,89,16,40,67,0,0,0,0,0,0,0,0,0,87,88,0,0,0,0,0,0,0,0,0,0,0,0,0
l6,8=100,99,100,100,99,100,0,100,99,99,82,99,98,97,75,0,100,94,27,0,71,0,0,0,0,79,0,0,0,0,90,0,0,0,0,0,0,0,0,0,0,0,0,0,0
l7,8=100,96,100,100,93,100,100,0,99,99,98,99,98,97,84,0,100,96,56,91,80,78,0,0,80,91,53,0,0,0,6,0,0,0,0,0,0,0,0,0,0,0,0,0,0
l8,8=95,96,98,94,93,100,99,100,0,99,95,99,98,97,77,0,94,64,56,62,79,79,11,41,78,63,0,57,0,0,64,16,0,0,0,0,0,0,0,0,0,0,19,0,0
l9,8=56,99,99,96,94,99,100,100,99,0,98,99,98,97,83,0,100,92,22,42,86,76,0,36,78,79,55,52,0,0,82,75,0,0,0,0,0,0,0,0,0,0,0,51,0
l10,8=47,57,57,56,57,85,94,63,72,63,0,94,99,94,97,0,100,94,93,58,77,80,23,50,81,86,84,62,0,0,0,89,0,0,0,0,0,0,0,0,0,0,0,51,0
l11,8=95,96,96,54,91,96,96,99,99,99,94,0,99,97,93,0,94,68,94,52,30,50,0,43,78,59,81,86,0,0,34,0,0,0,0,0,0,0,0,0,0,0,29,0,14
l12,8=92,66,64,60,37,89,96,89,99,99,98,99,0,97,93,0,100,95,94,59,79,0,53,16,80,91,84,38,0,0,78,50,0,0,0,0,0,0,0,0,0,0,48,14,0
l13,8=94,96,97,95,93,95,100,100,99,99,95,99,99,0,93,0,94,95,94,71,74,84,70,50,81,89,0,88,0,0,3,82,0,0,0,0,0,0,0,0,53,0,0,27,0
l14,8=17,27,0,0,0,31,54,62,29,52,98,99,72,55,0,0,100,100,98,99,81,52,16,35,84,90,84,62,0,0,86,94,0,0,0,0,0,0,14,37,1,39,63,49,30
l15,8=52,50,61,56,7,90,54,67,61,95,98,99,99,57,97,0,0,99,98,62,80,81,0,37,90,89,81,87,0,0,54,97,0,22,0,0,0,0,20,50,54,0,23,50,0
l16,8=25,21,29,29,27,70,83,56,3,10,83,81,56,12,60,0,100,0,62,64,97,0,0,0,89,94,79,0,0,0,100,100,0,0,0,0,31,53,92,93,100,91,50,9,15
l17,8=7,12,33,28,17,24,54,56,32,2,98,99,72,55,97,0,100,100,0,62,93,53,24,31,84,92,84,63,0,0,95,38,0,0,0,0,0,0,0,33,0,42,64,53,21
l18,8=0,24,0,0,20,39,0,71,63,26,80,72,87,25,97,0,82,100,91,0,99,89,89,89,92,92,92,89,0,0,91,82,33,51,0,0,33,0,87,42,78,86,92,89,45
l19,8=0,0,31,0,0,61,74,57,57,60,84,54,80,47,97,0,98,100,98,98,0,77,0,55,91,91,92,91,0,0,94,63,0,33,0,0,0,0,65,67,91,71,91,89,41
l20,8=0,0,0,0,0,0,0,60,71,34,49,34,0,67,61,0,64,7,73,91,68,0,95,91,79,92,75,94,0,0,0,0,74,47,0,34,23,0,74,55,23,45,75,75,61
l21,8=0,0,0,0,0,0,0,0,19,0,38,0,73,59,38,0,1,0,69,77,0,90,0,88,89,78,85,89,0,0,0,0,64,73,0,0,4,0,68,1,0,0,82,79,62
l22,8=0,0,0,0,0,0,0,0,21,3,41,26,23,33,41,0,26,5,33,74,69,88,65,0,92,92,91,90,0,0,0,0,52,76,0,45,23,36,72,22,0,42,82,81,45
l23,8=0,0,0,0,0,0,0,51,36,22,51,57,53,55,59,0,74,55,75,75,77,67,67,92,0,95,92,87,0,0,57,7,70,77,0,40,22,25,71,50,53,54,84,89,82
l24,8=0,0,0,0,0,0,36,70,13,36,45,46,73,53,59,0,60,58,80,72,63,83,57,86,92,0,92,85,0,0,42,0,57,40,0,0,34,29,55,45,56,46,89,76,58
l25,8=0,0,0,0,0,0,0,40,0,36,54,58,73,0,54,0,51,52,68,61,72,55,61,93,92,95,0,66,0,0,5,3,37,76,0,41,49,55,54,24,48,53,84,91,70
l26,8=0,0,0,0,0,0,0,0,29,18,15,37,23,33,31,0,62,0,44,68,81,89,81,91,90,81,91,0,0,0,0,0,35,82,0,39,68,33,84,17,0,34,89,80,34
l27,8=30,29,29,28,61,82,83,22,6,11,0,73,45,0,60,0,48,100,62,63,79,0,0,0,54,61,19,0,0,0,0,100,20,61,0,40,78,83,98,98,100,100,45,0,4
l28,8=0,0,0,24,28,80,0,0,7,11,76,0,61,28,53,0,54,100,21,89,63,0,0,1,50,0,16,0,0,0,100,0,85,97,0,2,88,54,94,77,100,92,8,0,0
l29,8=0,0,0,0,0,0,0,0,0,0,0,0,0,0,0,0,0,17,0,61,0,81,53,79,87,80,77,81,0,0,59,78,0,97,0,99,100,88,98,98,92,91,82,40,0
l30,8=0,0,0,0,10,0,0,0,0,0,0,0,0,0,0,0,36,12,0,47,28,59,66,77,78,80,77,83,0,0,90,80,96,0,0,91,87,88,96,92,100,92,47,0,0
l31,8=0,0,0,0,0,0,0,0,0,0,0,0,0,0,0,0,0,19,0,11,0,47,0,73,72,2,68,81,0,0,79,13,96,97,0,0,100,100,97,89,93,91,43,0,0
l32,8=0,0,0,0,0,0,0,0,0,0,0,0,0,0,0,0,0,29,0,60,0,56,0,59,66,73,80,88,0,0,73,80,96,97,0,99,0,100,98,83,92,91,1,27,0
l33,8=0,0,0,0,0,0,0,0,0,0,0,0,0,0,0,0,0,29,0,0,0,0,0,81,62,69,89,84,0,0,91,12,94,97,0,99,100,0,96,92,93,86,0,0,0
l34,8=0,0,0,0,0,0,0,0,0,0,0,0,0,0,0,0,4,45,0,57,59,65,77,89,76,80,58,85,0,0,88,80,94,97,0,92,88,89,0,94,100,100,44,26,0
l35,8=0,0,0,0,0,0,0,0,0,0,0,0,0,0,13,0,38,53,18,53,70,83,0,50,87,91,51,36,0,0,57,87,96,97,0,93,86,98,98,0,100,100,38,0,0
l36,8=0,0,0,0,0,0,0,0,0,0,0,0,0,17,0,0,46,53,0,86,79,53,0,0,85,80,58,0,0,0,58,89,94,97,0,92,88,89,98,98,0,98,0,0,0
l37,8=0,0,0,0,0,0,0,0,0,0,0,0,0,0,29,0,18,53,18,88,56,56,0,47,73,73,57,34,0,0,57,87,94,97,0,92,88,82,98,98,100,0,0,0,0
l38,8=0,0,0,0,0,0,0,0,4,0,0,14,21,0,26,0,11,15,53,65,56,27,33,59,60,76,68,67,0,0,12,1,59,35,0,26,2,0,22,7,0,0,0,89,84
l39,8=0,0,0,0,0,0,0,0,0,13,42,0,15,1,27,0,44,21,58,60,66,50,23,63,91,68,89,57,0,0,0,0,10,0,0,0,11,0,18,0,0,0,93,0,84
l40,8=0,0,0,0,0,0,0,0,0,0,0,18,0,0,39,0,0,25,27,53,24,45,22,50,75,53,66,45,0,0,0,0,0,0,0,0,0,0,0,0,0,0,92,86,0
l41,8=0,0,0,0,0,18,4,5,18,0,15,25,65,33,79,0,57,17,82,78,74,58,44,88,91,93,89,71,0,0,33,57,8,0,0,0,6,0,19,0,0,31,92,90,84
l42,8=0,0,0,0,0,0,0,0,0,0,0,0,0,0,40,0,25,22,46,58,57,61,23,64,84,92,89,63,0,0,0,0,27,0,0,33,0,0,1,0,3,0,90,89,76
l43,8=0,0,0,0,0,0,0,0,0,0,3,0,0,0,25,0,0,18,28,51,30,26,26,61,71,63,81,60,0,0,0,0,2,35,0,0,16,0,16,1,0,0,90,78,83
l44,8=0,0,0,0,0,0,0,0,0,0,0,0,19,11,47,0,0,5,48,59,42,50,53,66,90,85,68,54,0,0,0,0,18,40,0,25,0,0,0,0,0,25,93,90,63

l0,9=0,100,99,100,99,98,99,99,98,100,77,95,61,97,42,0,97,0,0,0,0,0,0,0,0,0,0,0,0,0,6,0,0,0,0,0,0,0,0,0,0,0,0,0,0
l1,9=100,0,99,100,99,98,99,95,98,100,100,95,61,100,32,0,96,97,0,0,26,0,0,0,0,53,0,0,0,0,95,22,0,0,0,0,0,0,0,0,0,0,0,0,0
l2,9=100,100,0,100,99,98,99,100,98,100,85,100,100,100,34,0,100,88,79,35,0,0,0,0,53,49,0,0,0,0,83,95,0,0,0,0,0,0,0,0,0,0,0,1,0
l3,9=100,100,99,0,99,98,99,100,97,99,78,90,62,100,14,0,96,86,38,28,0,0,0,0,0,0,0,0,0,0,86,96,0,0,0,0,0,0,0,0,0,0,0,0,0
l4,9=100,100,99,100,0,98,99,95,98,38,79,95,37,100,34,0,99,76,0,32,0,0,0,0,0,0,0,0,0,0,92,97,0,0,0,0,0,0,0,0,0,0,0,0,0
l5,9=100,100,99,100,99,0,99,96,98,38,78,100,19,100,31,0,97,97,0,25,32,0,0,0,0,18,0,0,0,0,51,17,0,0,0,0,0,0,0,11,35,0,0,0,0
l6,9=100,100,99,100,99,98,0,100,98,100,100,100,100,100,59,0,100,97,99,41,58,0,0,0,0,0,0,0,0,0,84,94,0,0,0,0,0,0,0,0,0,0,0,0,0
l7,9=100,100,99,100,98,98,99,0,98,100,100,100,100,100,56,0,100,91,0,100,61,99,0,0,97,99,53,62,0,0,0,0,0,0,0,0,0,0,0,0,0,0,0,0,0
l8,9=100,100,99,100,98,98,99,95,0,100,100,100,100,100,99,0,100,98,76,100,41,91,0,51,58,61,55,59,0,0,16,0,0,0,0,0,0,0,0,0,0,0,0,69,0
l9,9=99,100,99,100,94,94,99,98,98,0,100,100,100,100,99,0,100,86,86,98,94,87,0,84,95,70,56,56,0,0,82,61,0,0,0,0,0,0,0,0,0,0,0,65,0
l10,9=89,100,85,62,58,63,99,93,98,65,0,99,100,100,100,0,100,99,99,35,35,89,81,55,60,57,62,36,0,0,88,99,0,0,0,0,0,0,0,0,34,71,90,95,80
l11,9=99,100,99,61,91,98,99,98,98,100,100,0,100,100,83,0,100,93,98,62,31,0,9,54,58,40,60,38,0,0,0,0,0,0,0,0,0,0,0,0,0,0,72,72,40
l12,9=99,99,87,63,59,56,93,96,36,100,100,100,0,100,66,0,100,99,80,35,31,59,51,0,0,5,61,30,0,0,87,68,0,0,0,0,0,0,0,0,0,0,23,83,0
l13,9=95,100,99,100,97,97,99,100,98,100,100,100,100,0,99,0,100,93,99,32,58,96,64,44,61,58,62,25,0,0,87,95,0,0,0,0,0,0,0,0,32,0,0,30,0
l14,9=19,44,51,1,39,14,49,55,35,36,80,88,56,35,0,0,100,100,99,35,43,37,39,45,60,32,60,34,0,0,91,100,0,0,0,0,0,0,15,0,37,91,97,94,89
l15,9=93,94,68,59,56,43,87,93,33,63,87,100,100,38,68,0,0,100,95,60,16,40,0,49,60,50,59,34,0,0,0,100,0,85,0,0,0,0,36,0,36,79,89,91,0
l16,9=0,37,22,49,34,23,40,35,34,32,52,58,56,20,62,0,100,0,67,35,60,3,0,56,34,45,47,0,0,0,96,100,98,94,0,0,2,0,40,24,38,63,3,95,61
l17,9=0,0,62,10,0,0,56,0,33,31,80,100,56,38,100,0,100,100,0,60,100,63,41,49,60,57,60,34,0,0,91,100,0,0,0,0,0,0,0,6,22,79,96,96,79
l18,9=0,0,40,46,56,10,25,93,50,38,78,99,97,23,98,0,97,98,97,0,98,98,98,93,96,73,92,97,0,0,91,97,97,97,0,81,52,0,44,21,60,99,94,96,92
l19,9=0,28,0,0,0,18,41,59,36,38,52,57,55,38,99,0,97,100,99,100,0,62,0,55,59,73,96,38,0,0,92,99,0,0,0,0,0,0,41,30,38,99,94,96,76
l20,9=0,0,0,0,0,0,0,96,78,79,79,0,91,79,82,0,97,37,97,98,81,0,99,94,77,96,96,97,0,0,0,0,99,86,0,77,75,0,98,75,0,79,88,82,0
l21,9=0,0,0,0,0,0,0,0,0,0,73,81,98,71,76,0,0,0,97,98,0,100,0,94,96,96,96,97,0,0,0,0,0,97,0,0,75,0,83,0,0,0,84,96,91
l22,9=0,0,0,0,0,0,0,0,73,44,81,76,0,59,77,0,74,82,70,98,87,98,84,0,97,96,96,98,0,0,0,36,76,92,0,76,78,67,83,46,75,82,88,93,81
l23,9=0,0,0,0,0,0,0,70,28,28,59,72,0,29,95,0,97,85,77,98,30,68,95,95,0,99,97,97,0,0,73,0,70,80,0,72,61,22,68,27,28,75,97,97,92
l24,9=0,47,34,0,0,20,3,89,72,43,70,73,23,79,77,0,85,97,97,98,98,98,89,94,97,0,97,79,0,0,73,9,77,0,0,74,76,63,84,76,86,77,97,96,11
l25,9=0,0,0,0,0,0,0,60,59,71,92,87,89,75,92,0,81,87,89,93,96,91,84,95,97,99,0,97,0,0,0,72,83,92,0,76,86,68,91,23,82,80,97,97,92
l26,9=0,0,0,0,0,0,0,72,69,50,51,89,56,25,92,0,87,0,92,98,95,98,98,95,96,77,96,0,0,0,0,0,87,98,0,87,93,0,98,75,24,90,97,96,89
l27,9=1,59,17,46,59,11,33,0,0,12,32,0,35,12,38,0,0,100,67,35,36,0,0,0,34,15,0,0,0,0,0,100,0,98,0,97,96,61,41,37,38,100,0,0,4
l28,9=0,6,41,62,60,6,42,0,0,6,34,0,16,21,10,0,63,62,45,35,36,0,0,28,0,1,41,0,0,0,100,0,99,96,0,41,99,0,41,24,97,64,0,94,0
l29,9=0,0,0,0,0,0,0,0,0,0,0,0,0,0,0,0,0,55,0,95,0,98,0,93,94,74,96,93,0,0,0,99,0,100,0,100,100,100,100,100,97,100,88,78,0
l30,9=0,0,0,0,0,0,0,0,0,0,0,0,0,0,0,0,47,51,0,72,0,88,91,94,56,0,61,98,0,0,92,89,100,0,0,100,100,100,100,100,97,100,64,0,53
l31,9=0,0,0,0,0,0,0,0,0,0,0,0,0,0,0,0,0,0,0,83,0,79,0,76,80,36,66,91,0,0,84,70,100,100,0,0,100,100,100,83,97,87,57,0,0
l32,9=0,0,0,0,0,0,0,0,0,0,0,0,0,0,0,0,0,11,0,83,0,82,9,94,5,56,96,98,0,0,97,99,100,100,0,100,0,100,100,67,96,100,81,26,0
l33,9=0,0,0,0,0,0,0,0,0,0,0,0,0,0,0,0,0,0,0,0,0,0,0,73,0,14,61,0,0,0,88,0,100,100,0,100,100,0,100,100,97,100,0,0,0
l34,9=0,0,0,0,0,0,0,0,0,0,0,0,0,0,5,0,45,52,0,30,28,98,77,86,61,15,81,99,0,0,83,100,100,100,0,100,100,100,0,100,97,100,0,65,0
l35,9=0,0,0,0,0,13,0,0,0,0,0,0,0,0,5,0,0,61,34,54,54,90,0,50,36,36,32,95,0,0,99,99,100,100,0,97,94,100,100,0,97,100,0,0,0
l36,9=0,0,0,0,0,16,0,0,0,0,27,0,0,14,13,0,54,62,34,100,94,0,0,50,5,24,54,14,0,0,86,100,100,100,0,100,99,38,100,100,0,100,0,0,0
l37,9=0,0,0,0,0,0,0,0,0,0,26,0,0,0,9,0,53,57,35,99,36,86,0,53,5,15,41,38,0,0,100,100,100,99,0,93,100,39,100,100,97,0,0,0,0
l38,9=0,0,0,0,0,0,0,0,0,0,18,16,12,0,87,0,23,0,70,64,25,47,18,87,96,96,96,97,0,0,0,0,67,33,0,0,21,0,0,0,0,0,0,98,92
l39,9=0,0,0,0,0,0,0,0,3,0,80,11,36,0,30,0,26,85,82,90,88,50,33,87,96,94,96,89,0,0,0,52,44,0,0,0,0,0,11,0,0,0,98,0,92
l40,9=0,0,0,0,0,0,0,0,0,0,11,11,0,0,48,0,0,22,59,85,24,0,27,83,88,0,87,69,0,0,0,0,0,26,0,0,0,0,0,0,0,0,97,96,0
l41,9=0,0,0,0,0,4,0,30,25,0,0,67,39,24,95,0,93,92,90,98,36,83,78,91,96,96,96,77,0,0,68,78,0,17,0,0,20,0,25,10,0,64,97,96,92
l42,9=0,0,0,0,0,0,0,0,0,0,0,0,0,0,41,0,46,81,54,98,80,92,76,89,96,96,96,97,0,0,0,0,0,0,0,31,34,0,0,0,0,0,97,96,92
l43,9=0,0,0,0,0,0,0,0,0,0,0,0,0,0,73,0,0,0,71,77,68,66,0,65,82,66,95,84,0,0,0,0,59,13,0,24,62,0,47,0,16,0,97,85,87
l44,9=0,0,0,0,0,0,0,0,0,0,0,0,27,26,78,0,0,75,44,98,50,0,88,94,96,96,96,86,0,0,0,0,65,74,0,1,0,0,42,0,0,68,98,96,91

l0,10=0,91,93,84,89,87,82,0,83,89,83,82,84,48,38,0,11,66,70,0,0,0,0,0,0,0,0,0,0,0,51,75,0,0,0,0,0,0,0,0,0,0,0,0,0
l1,10=91,0,93,85,89,87,85,1,87,85,76,80,81,45,62,0,76,77,63,1,11,0,0,0,0,31,0,0,0,0,58,51,0,0,0,0,0,0,0,0,4,0,0,0,0
l2,10=91,91,0,79,89,87,85,0,87,90,83,82,87,60,36,0,68,66,74,45,0,0,0,0,33,31,45,0,0,0,0,52,0,0,0,0,0,0,0,0,0,0,0,58,0
l3,10=91,74,56,0,89,87,85,1,82,88,80,82,82,49,6,0,45,38,64,0,0,0,0,0,0,0,0,0,0,0,65,64,0,0,0,0,0,0,0,0,0,0,0,0,0
l4,10=91,91,59,85,0,87,85,1,85,88,82,80,83,47,31,0,76,73,0,0,0,0,0,0,0,0,0,0,0,0,52,0,0,0,0,0,0,0,0,0,0,0,0,0,0
l5,10=91,91,93,85,89,0,85,2,87,88,83,87,82,89,25,0,49,72,70,35,0,0,0,0,0,0,0,0,0,0,61,54,0,0,0,0,0,0,16,0,51,0,0,0,0
l6,10=87,91,93,82,89,87,0,0,87,88,83,87,82,57,29,0,88,71,69,42,0,0,0,0,4,19,1,0,0,0,50,71,0,0,0,0,0,0,0,0,0,0,0,14,0
l7,10=89,91,93,82,85,87,85,0,87,92,90,87,89,89,63,0,91,80,69,78,46,80,0,45,34,83,65,28,0,0,0,51,0,0,0,0,0,0,0,0,0,0,0,42,0
l8,10=86,89,90,79,85,86,84,0,0,92,90,87,88,88,49,0,40,63,77,76,48,40,0,34,43,23,59,27,0,0,43,0,0,0,0,0,0,0,0,0,0,0,0,12,0
l9,10=86,72,75,78,85,84,82,1,83,0,88,87,89,89,87,0,89,85,81,43,44,50,0,56,74,34,59,23,0,0,4,51,0,0,0,0,0,0,0,0,0,0,0,0,0
l10,10=85,87,86,75,85,83,82,0,83,90,0,83,89,87,87,0,95,84,85,44,86,44,16,77,41,43,77,3,0,0,0,77,0,0,0,0,0,0,0,0,63,0,34,74,31
l11,10=78,63,72,67,68,84,83,0,83,91,88,0,89,89,87,0,89,76,82,65,48,37,0,50,40,33,65,34,0,0,34,60,0,0,0,0,0,0,0,0,0,0,0,33,0
l12,10=85,64,88,47,84,83,66,0,83,90,89,85,0,88,87,0,90,85,81,38,36,43,36,46,40,50,67,13,0,0,47,0,0,0,0,0,0,0,0,0,0,0,29,11,10
l13,10=85,66,88,78,85,84,82,0,83,92,88,87,89,0,67,0,89,37,82,47,86,38,63,55,30,32,60,23,0,0,0,56,0,0,0,0,0,0,0,0,0,0,0,0,0
l14,10=21,61,22,6,26,16,24,0,59,57,54,83,84,62,0,0,96,94,87,39,94,35,0,16,55,54,68,71,0,0,87,86,0,23,0,0,0,0,0,41,69,56,81,84,5
l15,10=0,44,32,11,64,49,67,0,50,58,91,83,87,74,89,0,0,86,87,80,53,38,21,18,55,48,0,61,0,0,82,84,0,14,0,0,0,5,0,49,68,42,34,57,0
l16,10=21,54,22,0,25,24,42,0,39,21,53,76,85,21,89,0,56,0,86,58,98,19,0,51,56,34,74,0,0,0,97,97,45,15,0,0,0,0,73,0,90,0,75,90,4
l17,10=51,37,52,40,0,70,45,1,76,87,89,83,83,87,89,0,96,88,0,89,98,41,0,48,78,80,72,43,0,0,86,49,0,0,0,0,0,0,0,0,0,50,0,52,82
l18,10=0,0,42,0,0,18,36,1,57,31,21,72,69,60,36,0,93,93,87,0,97,84,71,81,85,90,70,87,0,0,76,69,41,58,0,0,2,0,67,69,62,84,73,78,53
l19,10=0,11,0,0,0,0,0,1,59,23,52,76,67,70,89,0,54,97,87,91,0,52,5,88,59,54,88,86,0,0,92,90,0,2,0,0,0,0,61,74,78,86,71,93,47
l20,10=0,0,0,0,0,0,0,0,67,74,70,69,70,64,66,0,72,68,69,90,78,0,99,91,86,91,86,91,0,0,0,0,90,79,0,72,0,0,83,67,56,15,72,77,72
l21,10=0,0,0,0,0,0,0,0,0,0,62,0,74,69,0,0,81,4,4,90,43,96,0,92,88,92,85,91,0,0,0,0,5,91,0,0,0,0,27,0,0,0,79,78,77
l22,10=0,0,0,0,0,0,0,3,41,68,71,64,67,54,55,0,73,78,67,86,85,94,90,0,88,91,88,91,0,0,0,11,79,89,0,77,84,69,83,68,61,78,87,84,81
l23,10=0,0,7,0,0,0,0,11,62,70,43,65,68,36,67,0,82,82,75,90,80,76,81,91,0,93,89,91,0,0,60,0,73,86,0,78,46,4,77,76,63,71,87,93,90
l24,10=0,39,25,0,0,0,23,0,44,63,70,67,80,51,73,0,81,77,82,90,91,91,89,92,88,0,89,91,0,0,56,62,71,50,0,65,83,59,70,64,72,73,74,93,77
l25,10=0,0,1,0,0,0,0,0,63,53,74,65,72,52,66,0,0,80,76,76,88,76,65,91,88,93,0,91,0,0,0,0,91,72,0,74,85,71,78,67,59,63,86,94,88
l26,10=0,0,0,0,0,0,0,1,69,44,11,71,55,66,69,0,82,0,73,90,84,92,88,91,87,88,88,0,0,0,0,0,76,90,0,84,86,72,69,38,48,84,82,82,75
l27,10=27,43,0,32,24,22,22,0,29,0,2,54,65,0,26,0,27,97,87,54,57,0,0,0,27,33,0,0,0,0,0,97,66,44,0,25,19,43,86,94,95,90,35,0,0
l28,10=42,29,10,28,1,19,48,8,0,14,21,59,0,44,24,0,30,97,72,43,53,0,0,9,0,31,0,0,0,0,97,0,86,59,0,0,0,0,88,66,95,94,0,0,0
l29,10=0,0,0,0,0,0,0,0,0,0,0,0,0,0,0,0,0,70,0,41,0,81,0,63,72,66,83,73,0,0,52,81,0,95,0,92,92,90,93,93,87,92,66,56,0
l30,10=0,0,0,0,0,0,0,0,0,0,0,0,0,0,9,0,15,52,0,73,0,50,49,85,84,23,69,88,0,0,59,66,94,0,0,92,92,90,93,93,89,93,0,0,17
l31,10=0,0,0,0,0,0,0,0,0,0,0,0,0,0,0,0,0,0,0,1,0,76,0,80,84,72,84,88,0,0,69,0,94,95,0,0,92,90,93,91,89,93,0,45,13
l32,10=0,0,0,0,0,0,0,0,0,0,0,0,0,0,0,0,0,40,0,34,0,0,0,80,47,79,81,84,0,0,61,0,94,95,0,92,0,90,93,91,68,86,57,0,0
l33,10=0,0,0,0,0,0,0,0,0,0,0,0,0,0,0,0,0,0,0,0,0,0,0,45,0,34,72,75,0,0,69,0,94,95,0,92,92,0,93,83,75,82,0,0,0
l34,10=0,0,0,0,0,6,0,0,0,0,0,0,1,0,0,0,0,69,0,68,45,79,0,46,66,73,82,72,0,0,81,88,94,95,0,92,92,90,0,93,95,94,0,26,0
l35,10=0,0,0,0,0,0,0,0,0,0,0,0,0,0,2,0,14,0,0,49,49,47,0,45,79,43,78,54,0,0,90,69,94,95,0,76,92,90,93,0,95,94,0,32,0
l36,10=0,1,0,0,0,2,0,0,0,0,3,0,14,0,11,0,18,86,0,39,42,26,0,15,30,47,45,44,0,0,96,94,94,95,0,65,26,53,93,98,0,94,0,16,0
l37,10=0,0,0,0,0,0,0,0,0,0,0,0,0,0,15,0,17,10,59,83,54,2,0,46,32,42,72,86,0,0,89,90,94,95,0,32,28,56,93,98,95,0,48,0,0
l38,10=0,0,0,0,0,0,0,0,0,0,51,0,43,0,73,0,52,56,0,86,72,56,39,82,86,76,84,84,0,0,19,0,48,0,0,0,19,0,0,0,0,3,0,95,92
l39,10=0,0,0,0,0,0,0,0,0,0,48,26,16,0,72,0,83,88,77,85,83,75,40,82,87,90,88,71,0,0,0,0,46,0,0,0,0,0,21,0,12,0,90,0,92
l40,10=0,0,0,0,0,0,0,0,0,0,1,0,13,0,23,0,0,66,78,86,72,57,42,78,86,70,87,68,0,0,0,0,0,29,0,0,0,0,0,0,0,0,90,92,0
l41,10=0,0,0,0,0,0,0,0,42,31,0,55,68,15,68,0,86,87,77,90,80,74,4,83,87,91,88,75,0,0,45,76,0,0,0,1,0,0,0,3,0,0,90,93,92
l42,10=0,0,0,0,0,0,0,0,0,0,0,0,0,0,63,0,73,74,61,88,78,79,66,88,87,90,88,89,0,0,0,0,0,0,0,0,0,3,67,0,0,37,87,93,90
l43,10=0,0,0,0,0,0,0,0,0,0,1,0,0,0,1,0,0,0,72,79,62,82,0,82,77,83,88,88,0,0,0,0,74,0,0,0,1,0,48,0,0,0,87,80,87
l44,10=0,0,0,0,0,0,0,0,0,0,0,41,28,0,29,0,5,69,0,86,73,50,76,89,87,91,88,86,0,0,1,0,73,45,0,0,41,0,62,0,0,0,90,93,91

l0,11=0,88,86,81,89,88,90,0,67,86,48,82,82,81,29,0,48,20,32,27,0,0,0,0,0,0,0,0,0,0,27,21,0,0,0,0,0,0,0,0,0,0,0,0,0
l1,11=90,0,86,84,88,88,90,0,79,85,74,49,84,78,44,0,22,46,42,50,0,0,0,0,18,0,0,0,0,0,58,2,0,0,0,0,0,0,0,0,0,0,0,0,0
l2,11=88,85,0,78,86,88,90,0,77,41,71,82,81,83,44,0,52,24,31,59,0,0,0,0,48,29,17,0,0,0,34,19,0,0,0,0,0,0,0,0,0,0,0,19,0
l3,11=88,88,77,0,89,88,90,0,77,73,40,27,65,46,21,0,19,25,27,0,0,0,0,0,0,0,0,0,0,0,49,16,0,0,0,0,0,0,0,0,0,0,0,0,0
l4,11=90,88,86,84,0,88,90,0,79,86,11,49,77,2,23,0,43,28,0,0,0,0,0,0,0,0,0,0,0,0,35,16,0,0,0,0,0,0,0,0,0,0,0,0,0
l5,11=90,86,86,83,88,0,86,0,72,85,83,83,81,84,0,0,21,27,0,29,0,0,0,0,0,0,0,0,0,0,37,16,0,0,0,0,0,0,26,0,4,0,0,0,0
l6,11=89,88,86,82,87,84,0,0,79,44,62,83,82,84,21,0,49,26,42,53,6,0,0,0,0,17,0,0,0,0,34,0,0,0,0,0,0,0,0,0,0,0,0,0,0
l7,11=88,88,86,81,75,88,90,0,80,88,79,83,84,87,68,0,81,72,0,72,49,54,0,51,37,32,26,51,0,0,0,13,0,0,0,0,0,0,0,0,0,0,0,0,0
l8,11=81,85,83,72,85,84,88,0,0,85,83,82,81,81,46,0,75,23,81,58,21,20,0,55,53,0,0,32,0,0,31,0,0,0,0,0,0,0,0,0,0,0,0,0,0
l9,11=88,84,58,78,85,84,81,0,75,0,82,84,82,86,68,0,81,22,48,42,29,17,0,57,71,29,22,39,0,0,0,0,0,0,0,0,0,0,0,0,0,0,1,0,0
l10,11=82,84,83,75,23,84,73,0,74,52,0,84,84,83,48,0,87,30,89,76,48,22,4,73,54,42,35,29,0,0,15,1,0,0,0,0,0,0,0,0,0,0,13,72,0
l11,11=86,78,81,66,76,84,86,0,75,85,82,0,84,86,68,0,81,17,81,71,40,0,0,28,0,26,35,0,0,0,0,3,0,0,0,0,0,0,0,0,0,0,3,0,0
l12,11=87,84,82,54,74,84,86,0,75,85,85,84,0,83,73,0,84,14,82,27,50,19,14,53,65,75,29,4,0,0,2,4,0,0,0,0,0,0,0,0,0,0,10,8,0
l13,11=86,80,83,57,17,84,87,0,75,87,83,84,84,0,62,0,83,45,82,49,65,56,9,60,18,49,49,0,0,0,30,17,0,0,0,0,0,0,0,0,10,0,0,3,0
l14,11=39,82,49,8,22,0,12,0,43,45,26,29,75,82,0,0,86,91,90,86,94,9,0,71,75,47,45,46,0,0,45,39,0,0,0,0,0,0,0,19,26,1,33,82,44
l15,11=47,25,81,14,23,16,20,0,74,85,85,83,81,83,82,0,0,16,90,82,86,17,0,26,54,74,34,34,0,0,14,16,0,1,0,0,0,0,0,11,0,0,10,77,33
l16,11=9,70,15,17,16,18,9,3,16,11,21,14,12,8,58,0,17,0,90,90,54,0,0,18,71,0,32,1,0,0,84,43,6,20,0,0,0,21,22,35,34,29,25,79,73
l17,11=34,38,5,28,0,0,16,0,44,38,79,52,76,81,85,0,87,91,0,86,94,25,0,31,64,40,39,25,0,0,14,14,0,0,0,0,0,0,0,0,0,13,0,75,31
l18,11=17,37,61,0,0,35,39,0,37,12,20,24,25,58,57,0,51,61,90,0,96,54,24,76,89,52,51,48,0,0,45,35,19,68,0,38,16,0,67,66,32,28,32,81,78
l19,11=0,0,0,0,0,0,0,0,0,22,35,24,74,66,85,0,87,94,90,90,0,32,0,26,86,91,68,51,0,0,39,35,0,0,0,0,0,0,0,16,29,25,7,80,79
l20,11=0,0,0,0,0,0,0,0,61,66,62,0,59,68,62,0,60,7,74,87,76,0,98,94,81,89,79,90,0,0,0,0,77,81,0,65,51,23,72,60,8,0,68,77,77
l21,11=0,0,0,0,0,0,0,0,0,0,62,12,66,67,0,0,0,0,0,88,22,94,0,95,89,90,84,91,0,0,0,0,0,88,0,45,0,20,46,0,6,0,90,74,69
l22,11=0,0,0,0,0,0,0,0,60,64,72,58,60,66,67,0,68,57,77,81,63,90,89,0,89,87,84,91,0,0,0,43,64,89,0,76,73,61,83,0,52,52,86,81,57
l23,11=0,0,30,0,0,0,0,0,29,35,16,0,62,43,41,0,53,46,81,88,78,72,59,95,0,91,85,88,0,0,33,3,47,77,0,78,18,0,76,73,23,17,37,87,83
l24,11=0,0,16,0,0,0,3,0,4,58,68,62,71,63,71,0,66,33,77,86,88,93,82,94,89,0,85,75,0,0,44,45,35,72,0,42,67,49,72,34,2,52,76,87,70
l25,11=0,0,0,0,0,0,0,1,0,30,17,41,52,50,68,0,38,40,63,86,77,82,59,94,89,91,0,86,0,0,0,25,79,53,0,26,53,59,58,54,19,21,86,87,84
l26,11=0,0,0,0,0,0,0,0,61,68,63,0,14,0,62,0,64,43,68,82,71,94,87,95,87,75,85,0,0,0,0,21,73,80,0,84,74,71,80,0,0,70,75,73,75
l27,11=37,39,16,21,47,42,32,0,0,0,17,0,15,22,14,0,22,94,52,45,13,0,0,0,59,29,0,0,0,0,0,75,0,22,0,21,53,60,73,82,95,3,0,31,23
l28,11=40,1,19,20,43,39,3,0,0,0,2,17,18,23,42,0,23,62,43,40,13,0,0,32,52,33,32,7,0,0,84,0,21,13,0,17,60,35,81,64,62,20,0,35,0
l29,11=0,0,0,0,0,0,0,0,0,0,0,0,0,0,0,0,0,19,0,40,0,71,0,61,74,36,74,68,0,0,0,54,0,93,0,92,84,93,91,90,93,88,3,21,0
l30,11=0,0,0,0,0,0,0,0,0,0,0,0,0,0,0,0,0,33,0,40,0,40,9,74,81,37,42,75,0,0,58,19,84,0,0,92,84,93,91,61,93,88,0,34,0
l31,11=0,0,0,0,0,0,0,0,0,0,0,0,0,0,0,0,0,0,0,45,0,24,0,77,81,39,40,75,0,0,64,30,84,93,0,0,84,93,88,85,72,83,0,33,34
l32,11=0,0,0,0,0,0,0,0,0,0,0,0,0,0,0,0,0,0,0,0,0,20,0,74,45,68,67,71,0,0,59,54,84,93,0,92,0,94,91,85,88,85,15,56,0
l33,11=0,0,0,0,0,0,0,0,0,0,0,0,0,0,0,0,0,23,0,0,0,0,0,68,0,30,57,59,0,0,66,12,83,93,0,92,84,0,91,88,93,88,0,0,0
l34,11=0,0,0,0,0,24,0,0,0,0,0,0,0,0,0,0,0,27,4,41,0,36,0,67,74,59,37,76,0,0,69,67,84,94,0,91,84,93,0,90,95,91,3,0,0
l35,11=0,0,0,0,0,0,0,0,0,0,0,0,0,0,10,0,12,29,0,51,11,1,0,0,77,29,41,0,0,0,79,63,84,23,0,60,84,93,91,0,95,91,0,4,0
l36,11=0,0,0,0,0,17,0,0,0,0,0,0,0,12,11,0,0,78,0,57,15,0,0,49,70,24,27,0,0,0,84,74,58,94,0,27,84,93,91,93,0,91,0,0,0
l37,11=0,0,0,0,0,0,0,0,0,0,0,0,0,0,10,0,8,56,39,84,16,0,0,61,58,41,41,47,0,0,74,39,83,94,0,91,84,93,91,93,95,0,0,47,0
l38,11=0,0,0,0,0,0,0,0,0,0,6,0,15,0,71,0,10,43,0,81,1,48,29,81,74,77,79,74,0,0,0,0,4,0,0,0,11,0,7,0,0,0,0,90,88
l39,11=0,0,0,0,0,0,0,0,0,0,21,0,11,0,69,0,66,75,44,81,76,74,7,81,87,77,84,39,0,0,18,9,0,20,0,0,17,0,0,0,0,28,91,0,92
l40,11=0,0,0,0,0,0,0,0,0,0,0,0,0,0,16,0,5,71,30,83,64,68,3,57,83,39,78,75,0,0,1,0,0,0,0,0,0,0,0,0,0,0,91,89,0
l41,11=0,0,0,0,0,0,0,1,30,31,17,20,57,42,33,0,73,73,86,88,82,60,19,85,83,88,84,59,0,0,3,26,0,0,0,26,0,0,0,0,16,20,91,89,90
l42,11=0,0,0,0,0,0,0,0,0,0,0,0,0,0,66,0,50,55,0,83,66,83,68,85,84,87,82,81,0,0,0,0,60,1,0,54,0,0,56,0,0,0,90,89,92
l43,11=0,0,0,0,0,0,0,0,0,0,0,0,0,0,54,0,8,61,36,77,62,80,66,90,73,84,84,79,0,0,0,0,55,68,0,58,0,0,62,0,0,0,89,87,88
l44,11=0,0,0,0,0,0,0,0,0,0,3,0,40,0,64,0,16,19,64,83,37,84,17,93,84,87,75,66,0,0,0,0,41,0,0,0,57,0,50,0,0,0,91,86,89

l0,12=0,86,81,85,86,88,84,3,78,89,56,65,84,83,49,0,47,25,0,12,0,0,0,0,1,0,0,0,0,0,1,47,0,0,0,0,0,0,0,0,0,0,0,0,0
l1,12=91,0,78,85,86,88,84,5,79,88,52,63,84,83,51,0,35,34,12,14,0,0,0,0,0,0,0,0,0,0,0,54,0,0,0,0,0,0,0,0,0,0,0,0,0
l2,12=91,84,0,81,85,88,80,1,77,86,63,79,82,82,48,0,80,0,37,63,46,32,0,18,40,41,30,0,0,0,26,56,0,0,0,0,0,0,0,0,0,0,0,0,0
l3,12=55,86,76,0,86,88,64,1,49,82,44,20,31,83,16,0,0,21,29,2,0,0,0,0,0,0,0,0,0,0,32,37,0,0,0,0,0,0,0,0,55,0,0,0,0
l4,12=91,86,80,85,0,88,84,1,79,87,46,44,20,83,0,0,34,0,0,0,0,0,0,0,0,0,0,0,0,0,35,56,0,0,0,0,0,0,0,0,0,7,0,0,0
l5,12=91,86,81,85,86,0,84,1,47,82,63,28,32,83,47,0,36,30,39,15,0,0,0,0,25,0,0,0,0,0,18,55,0,0,0,0,0,0,0,0,0,0,0,0,0
l6,12=91,86,81,85,85,88,0,4,79,89,65,64,85,83,43,0,35,31,37,17,46,0,0,0,39,0,0,0,0,0,29,0,0,0,0,0,0,0,0,0,0,0,0,0,0
l7,12=89,84,81,85,81,88,84,0,79,90,56,80,84,86,83,0,60,48,71,46,0,32,0,30,46,46,0,18,0,0,0,1,0,0,0,0,0,0,0,0,0,0,0,0,0
l8,12=89,85,77,82,81,86,84,0,0,87,63,79,46,82,83,0,78,32,76,14,41,24,0,23,38,39,30,18,0,0,0,0,0,0,0,0,0,0,0,0,0,0,0,6,0
l9,12=89,84,77,71,81,83,80,2,77,0,64,82,85,86,65,0,86,32,37,15,35,39,0,22,47,55,37,20,0,0,30,6,0,0,0,0,0,0,0,0,0,0,0,0,0
l10,12=79,84,76,51,40,56,80,1,76,89,0,80,85,84,87,0,91,46,83,78,80,0,5,49,73,72,36,26,0,0,22,62,0,0,0,0,0,0,0,0,0,1,0,52,0
l11,12=88,84,77,26,76,57,80,4,75,90,72,0,82,86,86,0,69,33,76,72,77,0,0,3,55,47,39,16,0,0,41,38,0,0,0,0,0,0,0,0,0,0,0,34,0
l12,12=88,84,76,74,23,86,80,1,70,89,75,80,0,84,84,0,86,40,80,75,77,0,14,42,81,75,19,17,0,0,36,0,0,0,0,0,0,0,0,0,0,0,4,0,0
l13,12=89,84,77,82,81,86,79,1,76,92,76,82,85,0,83,0,88,27,76,43,47,0,36,21,44,51,43,2,0,0,11,1,0,0,0,0,0,0,0,0,4,0,0,8,0
l14,12=68,83,37,15,8,35,41,0,76,87,63,47,50,83,0,0,91,55,86,82,99,2,0,35,83,80,52,45,0,0,53,86,0,0,0,0,0,0,6,0,77,77,87,88,32
l15,12=70,51,50,0,49,55,78,0,75,89,77,46,82,83,90,0,0,48,86,81,91,36,2,35,81,75,48,40,0,0,43,38,0,0,0,0,0,0,0,0,0,4,37,57,24
l16,12=23,46,0,0,3,7,42,3,66,65,44,23,25,19,94,0,71,0,52,84,99,0,0,16,54,16,31,15,0,0,58,94,0,0,0,0,0,0,3,83,92,88,60,76,81
l17,12=0,0,23,0,0,43,60,11,74,57,75,47,49,82,94,0,90,89,0,82,92,43,3,45,87,78,44,37,0,0,51,80,0,0,0,0,0,0,1,57,52,23,30,54,0
l18,12=58,67,60,9,0,45,67,1,64,68,62,42,47,69,89,0,79,94,86,0,99,74,49,66,87,83,47,54,0,0,51,36,61,42,0,24,0,0,38,76,84,79,73,88,91
l19,12=0,0,18,0,0,0,49,0,56,63,78,79,82,38,94,0,91,94,86,84,0,47,8,88,91,87,83,42,0,0,53,32,0,56,0,0,0,0,25,17,90,65,82,84,45
l20,12=0,0,52,0,0,0,0,3,55,67,0,0,60,31,58,0,64,0,66,81,67,0,97,90,88,86,75,90,0,0,0,0,1,82,0,66,57,62,76,65,2,0,72,78,75
l21,12=0,0,0,0,0,0,0,0,1,0,55,0,66,74,0,0,57,0,64,84,33,91,0,91,91,84,78,91,0,0,0,0,0,73,0,0,21,0,25,0,0,0,84,0,82
l22,12=0,0,15,0,0,0,0,4,59,67,58,27,65,64,66,0,58,58,74,79,85,90,85,0,91,86,83,91,0,0,0,0,60,85,0,72,74,37,74,74,0,61,73,87,66
l23,12=0,0,7,0,0,15,41,13,50,69,44,32,72,55,82,0,79,37,79,81,87,84,60,91,0,87,85,85,0,0,28,0,72,80,0,76,35,0,45,69,65,65,69,94,87
l24,12=0,0,27,0,0,0,0,3,54,66,57,34,75,62,75,0,77,35,75,81,92,90,70,91,91,0,85,79,0,0,23,45,62,73,0,50,0,0,63,65,65,62,88,78,86
l25,12=0,0,27,0,0,0,0,1,53,62,41,40,32,61,71,0,63,38,58,64,74,73,40,91,91,87,0,84,0,0,0,44,67,66,0,63,70,21,32,67,9,68,86,89,79
l26,12=0,0,0,0,0,0,0,6,56,67,58,61,62,39,70,0,64,61,66,76,70,90,88,90,88,73,80,0,0,0,0,22,74,72,0,75,79,0,76,60,64,70,66,75,77
l27,12=1,0,30,37,31,3,29,0,0,61,13,15,24,20,83,0,33,94,29,75,67,0,0,0,45,15,0,0,0,0,0,94,31,20,0,64,32,41,40,93,98,83,0,22,37
l28,12=37,40,51,8,34,16,0,2,0,21,20,14,0,2,89,0,32,94,50,32,46,0,0,0,0,31,23,0,0,0,84,0,33,0,0,38,44,0,53,85,95,92,0,30,0
l29,12=0,0,0,0,0,0,0,0,0,0,0,0,0,0,0,0,0,0,0,59,0,0,0,49,69,66,69,73,0,0,53,52,0,92,0,88,87,91,89,92,84,90,0,3,0
l30,12=0,0,0,0,0,0,0,0,0,0,0,0,0,0,0,0,0,9,0,52,57,49,26,75,74,69,49,37,0,0,32,0,84,0,0,88,87,90,90,92,93,90,0,16,40
l31,12=0,0,0,0,0,0,0,0,0,0,0,0,0,0,0,0,0,0,0,49,0,48,0,67,72,58,63,71,0,0,70,58,84,92,0,0,87,91,83,84,84,87,39,0,0
l32,12=0,0,0,0,0,0,0,0,0,0,0,0,0,0,0,0,0,0,0,0,0,37,0,67,65,0,68,73,0,0,52,61,84,92,0,88,0,91,89,92,85,90,28,0,0
l33,12=0,0,0,0,0,0,0,0,0,0,0,0,0,0,0,0,0,0,0,0,0,40,0,38,0,0,0,0,0,0,68,0,84,91,0,88,87,0,89,89,86,81,0,0,0
l34,12=0,0,0,0,0,0,0,0,0,0,0,0,0,0,48,0,0,11,15,58,1,48,0,70,69,69,43,80,0,0,62,88,84,92,0,88,87,91,0,96,98,94,38,40,0
l35,12=0,0,0,0,0,0,0,0,0,0,0,0,0,0,0,0,0,22,22,68,0,21,0,58,74,65,50,35,0,0,80,76,84,92,0,88,87,91,90,0,98,94,0,0,0
l36,12=0,0,0,21,0,0,0,0,0,0,0,0,3,4,68,0,0,54,13,76,86,0,0,0,68,75,9,18,0,0,84,53,50,92,0,86,63,56,90,97,0,94,0,1,0
l37,12=0,0,0,0,33,0,0,0,0,0,0,0,0,0,67,0,10,88,14,69,56,0,0,43,67,68,50,42,0,0,73,88,84,92,0,88,87,90,90,97,98,0,0,33,0
l38,12=0,0,0,0,0,0,0,0,0,0,0,0,13,0,80,0,37,39,21,75,74,80,75,83,79,78,81,28,0,0,0,0,0,0,0,0,1,0,33,0,0,0,0,94,87
l39,12=0,0,0,0,0,0,0,0,1,0,19,59,23,11,80,0,67,75,54,76,51,80,0,85,88,75,81,70,0,0,26,27,0,1,0,0,0,0,62,0,0,42,92,0,91
l40,12=0,0,0,0,0,0,0,0,0,0,0,0,0,0,60,0,47,72,0,75,50,77,60,41,84,80,77,78,0,0,20,0,0,1,0,0,0,0,0,0,0,0,83,91,0
l41,12=0,0,0,0,0,0,20,0,52,63,53,0,55,5,79,0,74,81,82,83,93,77,44,86,88,85,82,75,0,0,43,0,0,21,0,0,0,0,28,5,52,68,92,93,92
l42,12=0,0,0,0,0,0,0,0,0,0,0,0,0,0,64,0,40,68,0,80,79,87,63,89,88,81,82,85,0,0,0,0,66,77,0,66,0,0,73,58,0,0,92,94,91
l43,12=0,0,0,0,0,0,0,0,0,0,0,0,37,0,57,0,56,30,51,72,0,77,0,85,86,79,81,67,0,0,0,0,14,66,0,63,0,0,40,0,0,8,84,87,85
l44,12=0,0,0,0,0,0,0,0,0,0,49,0,22,0,68,0,70,0,65,74,78,86,0,87,88,80,81,78,0,0,0,0,43,0,0,0,62,0,0,0,48,0,91,88,85

l0,13=0,92,94,93,95,94,88,86,62,73,82,89,55,80,73,0,80,1,0,54,0,0,0,0,0,0,0,0,0,0,63,6,0,0,0,0,0,0,0,0,0,0,0,0,0
l1,13=95,0,93,93,95,94,88,88,90,72,57,84,85,74,76,0,84,52,13,30,0,0,0,0,0,0,0,0,0,0,42,52,0,0,0,0,0,0,0,0,0,0,0,0,0
l2,13=95,92,0,93,94,94,88,16,90,54,62,89,86,86,58,0,85,29,18,49,55,0,0,10,0,56,18,0,0,0,0,0,0,0,0,0,0,0,0,0,0,0,0,0,0
l3,13=94,92,93,0,95,94,88,82,55,71,48,65,51,75,69,0,78,31,0,35,0,0,0,0,0,0,0,0,0,0,32,45,0,0,0,0,0,0,0,0,34,0,0,0,0
l4,13=95,92,94,93,0,94,88,90,90,76,52,89,29,76,0,0,1,0,4,0,0,0,0,0,0,0,0,0,0,0,41,24,0,0,0,0,0,0,0,0,0,0,0,0,0
l5,13=95,92,94,93,95,0,88,89,55,40,86,75,25,44,70,0,78,26,14,27,0,0,0,0,0,0,0,0,0,0,0,41,0,0,0,0,0,0,0,39,28,0,0,0,0
l6,13=95,92,93,93,93,94,0,87,90,75,83,89,86,86,80,0,85,54,50,70,5,0,0,0,36,3,0,0,0,0,47,0,0,0,0,0,0,0,0,0,4,0,0,0,0
l7,13=94,92,44,92,88,94,88,0,90,91,83,89,86,85,88,0,85,26,83,72,0,28,21,73,70,72,30,59,0,0,42,10,0,0,0,0,0,0,0,0,0,0,0,0,0
l8,13=93,92,93,91,91,90,88,90,0,91,83,89,85,28,89,0,85,25,81,39,0,0,8,27,12,1,54,23,0,0,0,0,0,0,0,0,0,0,0,0,0,0,0,0,0
l9,13=90,88,85,87,86,90,86,76,90,0,84,89,86,86,86,0,85,24,18,54,52,30,0,27,49,50,19,27,0,0,33,21,0,0,0,0,0,0,0,0,0,0,0,0,0
l10,13=28,42,85,79,79,90,85,85,50,89,0,89,86,86,85,0,94,27,30,57,77,13,0,28,34,77,51,27,0,0,39,32,0,0,0,0,0,0,0,0,0,0,0,23,0
l11,13=91,43,90,77,86,87,86,85,90,91,87,0,86,86,86,0,85,0,48,50,47,38,0,17,25,35,51,22,0,0,38,37,0,0,0,0,0,0,0,0,0,0,5,21,0
l12,13=60,88,87,82,81,89,86,84,87,89,91,89,0,86,86,0,92,27,87,62,80,20,0,26,38,80,48,19,0,0,39,10,0,0,0,0,0,0,0,0,0,0,16,6,0
l13,13=90,46,90,80,85,86,86,84,48,91,89,89,86,0,87,0,94,20,87,38,69,64,20,26,36,71,49,0,0,0,0,34,0,0,0,0,0,0,0,0,0,0,0,21,0
l14,13=30,43,4,80,0,85,47,47,52,56,54,50,36,27,0,0,94,34,92,60,99,54,4,29,36,87,69,21,0,0,43,58,0,0,0,0,0,0,34,0,20,43,29,33,51
l15,13=20,57,82,79,15,77,52,46,69,74,91,71,86,86,96,0,0,27,92,92,95,29,31,25,40,32,30,45,0,0,56,51,0,1,0,0,0,0,0,0,0,3,25,23,33
l16,13=0,39,43,35,0,44,23,1,20,0,10,0,31,0,94,0,41,0,34,63,99,0,0,6,20,21,33,1,0,0,46,61,0,13,0,0,0,15,49,83,94,91,0,31,25
l17,13=0,6,0,0,40,74,32,26,33,37,44,46,60,35,96,0,94,80,0,98,99,31,26,29,36,54,33,2,0,0,42,43,0,0,0,0,0,0,0,32,3,11,24,28,48
l18,13=10,34,76,32,0,37,77,48,36,20,56,47,36,5,94,0,93,98,91,0,98,97,28,43,95,93,63,94,0,0,45,48,37,21,0,29,38,0,73,82,96,79,24,59,61
l19,13=0,0,62,0,0,20,24,0,13,45,54,36,60,25,96,0,94,99,92,98,0,89,24,28,58,95,70,0,0,0,60,52,0,0,0,0,0,0,11,61,92,82,41,41,55
l20,13=0,0,0,0,0,0,0,29,38,65,0,54,59,33,79,0,78,0,75,96,85,0,98,90,95,93,85,95,0,0,0,0,47,82,0,4,67,78,88,76,0,0,81,83,78
l21,13=0,0,0,0,0,0,0,67,47,0,0,0,26,72,0,0,86,0,75,86,85,98,0,91,95,90,88,95,0,0,0,0,84,84,0,69,5,0,12,0,0,0,83,88,89
l22,13=0,0,19,0,0,0,0,67,71,45,77,37,48,39,61,0,76,13,76,91,87,98,92,0,96,95,90,96,0,0,0,0,79,78,0,47,80,68,85,81,0,4,90,96,0
l23,13=0,0,0,0,0,0,51,43,0,47,45,43,77,42,91,0,85,21,86,87,97,97,96,91,0,95,90,93,0,0,28,43,87,61,0,71,56,6,89,69,73,79,90,96,88
l24,13=0,0,46,0,0,0,0,64,7,46,61,0,82,39,94,0,93,25,85,46,98,97,50,93,96,0,90,94,0,0,2,16,81,83,0,45,58,0,87,73,75,60,88,96,94
l25,13=0,0,0,0,0,0,0,38,74,38,36,71,65,27,89,0,64,2,48,90,95,86,80,93,96,95,0,92,0,0,32,17,83,49,0,80,64,72,83,66,67,72,92,96,90
l26,13=0,0,0,0,0,0,0,64,68,66,74,59,51,0,74,0,88,64,79,96,83,97,97,91,90,93,85,0,0,0,0,0,90,90,0,86,86,77,95,76,70,72,58,86,89
l27,13=7,35,0,18,45,0,62,17,0,1,8,37,33,0,40,0,43,99,34,21,35,0,0,0,12,10,44,0,0,0,0,96,50,42,0,50,50,48,89,93,98,35,0,0,0
l28,13=1,40,0,39,32,53,0,9,0,1,9,42,23,2,95,0,63,36,34,37,30,0,0,0,22,36,2,0,0,0,99,0,13,45,0,48,63,82,95,87,98,94,10,26,7
l29,13=0,0,0,0,0,0,0,0,0,0,0,0,0,0,2,0,0,4,0,18,0,32,27,45,83,79,81,85,0,0,55,18,0,93,0,89,92,95,95,89,92,47,0,22,0
l30,13=0,0,0,0,0,0,0,0,0,0,0,0,0,0,0,0,14,81,10,32,0,58,51,75,57,53,72,27,0,0,27,60,92,0,0,89,91,94,95,91,93,92,1,0,0
l31,13=0,0,0,0,0,0,0,0,0,0,0,0,0,0,0,0,0,0,0,40,0,16,15,42,75,69,73,80,0,0,77,67,92,93,0,0,92,95,95,76,85,86,0,0,0
l32,13=0,0,0,0,0,0,0,0,0,0,0,0,0,0,0,0,0,3,0,7,0,49,0,76,46,42,67,78,0,0,27,74,91,88,0,89,0,95,95,92,87,92,0,0,0
l33,13=0,0,0,0,0,0,0,0,0,0,0,0,0,0,0,0,0,60,0,0,0,52,0,64,1,0,66,57,0,0,19,63,92,84,0,89,92,0,95,81,84,73,0,0,0
l34,13=0,0,0,0,0,0,0,0,0,0,0,0,0,0,9,0,0,77,0,36,9,61,0,79,61,56,74,54,0,0,34,77,92,93,0,89,92,95,0,93,98,95,6,70,13
l35,13=0,0,0,0,0,34,0,0,0,0,0,0,0,0,0,0,0,90,25,39,29,49,0,46,25,45,62,1,0,0,59,42,91,92,0,88,92,95,95,0,98,95,10,22,0
l36,13=0,0,0,0,0,31,2,0,0,0,0,0,12,0,31,0,26,35,22,39,33,0,0,0,29,51,63,1,0,0,99,46,92,89,0,54,66,95,95,93,0,95,8,4,0
l37,13=0,0,0,0,30,0,0,0,0,0,0,1,0,0,28,0,33,97,22,41,27,0,0,15,56,43,70,1,0,0,43,81,78,93,0,89,92,78,95,93,98,0,7,13,0
l38,13=0,0,0,0,0,0,0,0,0,0,0,0,12,0,71,0,51,0,76,75,86,56,44,87,95,88,88,49,0,0,0,7,0,0,0,0,0,0,0,23,1,0,0,96,94
l39,13=0,0,0,0,0,0,0,0,0,0,24,38,0,22,79,0,25,29,28,48,52,36,4,70,95,80,88,28,0,0,0,20,22,0,0,0,0,0,41,26,0,2,90,0,94
l40,13=0,0,0,0,0,0,0,0,0,0,0,0,0,0,61,0,2,74,51,75,58,83,78,0,78,92,86,87,0,0,0,0,0,0,0,0,0,0,0,0,0,0,89,96,0
l41,13=0,0,0,0,0,0,0,0,0,0,46,31,41,3,79,0,87,96,90,96,96,87,23,81,96,93,88,53,0,0,35,0,26,5,0,0,0,0,1,0,43,46,93,96,94
l42,13=0,0,0,0,0,0,0,0,0,0,0,0,0,0,88,0,0,44,38,93,74,83,35,90,95,91,88,92,0,0,0,0,2,30,0,16,0,0,72,0,0,0,92,96,94
l43,13=0,0,0,0,0,0,0,0,0,0,0,0,5,0,68,0,65,40,51,71,66,87,62,84,88,88,87,85,0,0,0,0,0,56,0,9,61,6,57,49,0,0,89,96,0
l44,13=0,0,0,0,0,0,0,0,0,0,0,0,31,0,83,0,81,0,66,80,85,95,73,88,91,91,88,85,0,0,0,0,68,0,0,0,69,0,0,0,61,50,90,96,92

l0,14=0,100,85,100,100,100,100,58,100,100,68,69,100,100,28,0,45,90,69,9,0,0,0,0,0,0,0,0,0,0,53,13,0,0,0,0,0,0,0,0,0,0,0,0,0
l1,14=100,0,100,100,100,100,100,100,100,100,71,100,100,100,0,0,84,99,73,23,0,0,0,0,0,0,0,0,0,0,15,34,0,0,0,0,0,0,0,0,0,0,0,0,0
l2,14=100,100,0,100,100,100,100,100,100,100,82,100,100,100,27,0,80,100,77,51,0,0,0,0,0,0,12,0,0,0,5,0,0,0,0,0,0,0,0,0,0,0,0,0,0
l3,14=100,100,80,0,100,100,78,58,100,88,68,69,73,64,16,0,75,0,0,9,0,0,0,0,0,0,0,0,0,0,17,30,0,0,0,0,0,0,0,0,0,0,0,0,0
l4,14=100,94,80,100,0,100,78,58,100,100,68,69,99,100,18,0,75,99,75,0,0,0,0,0,0,0,0,0,0,0,17,33,0,0,0,0,0,0,0,0,7,0,0,0,0
l5,14=100,100,100,100,100,0,100,100,100,100,98,100,100,100,18,0,63,89,71,23,0,0,0,0,0,0,0,0,0,0,22,36,0,0,0,0,0,0,0,0,19,0,0,0,0
l6,14=100,93,100,64,100,100,0,69,100,100,68,75,100,100,0,0,75,4,99,45,0,0,0,0,0,0,0,0,0,0,21,27,0,0,0,0,0,0,0,0,0,0,0,3,0
l7,14=100,100,100,100,100,100,100,0,100,100,100,100,100,100,98,0,100,0,99,57,32,0,0,53,0,0,95,0,0,0,0,5,0,0,0,0,0,0,0,0,0,0,0,0,0
l8,14=100,100,100,100,100,100,100,100,0,100,100,100,100,100,98,0,100,92,99,93,2,0,0,55,52,0,100,90,0,0,14,0,0,0,0,0,0,0,0,0,0,0,0,44,0
l9,14=100,100,100,31,100,100,100,94,100,0,100,100,100,100,49,0,100,97,0,100,11,28,0,45,61,36,64,99,0,0,14,0,0,0,0,0,0,0,0,0,0,0,0,0,0
l10,14=99,97,97,96,100,100,100,100,100,100,0,100,100,100,55,0,100,97,99,62,51,0,0,59,65,98,95,54,0,0,51,13,0,0,0,0,0,0,0,0,48,0,87,76,0
l11,14=100,100,100,63,100,100,100,100,100,100,100,0,100,100,98,0,100,71,99,100,75,40,0,0,1,46,95,86,0,0,0,28,0,0,0,0,0,0,0,0,0,8,0,54,24
l12,14=100,100,80,49,100,100,100,100,100,100,100,100,0,100,98,0,100,94,99,100,29,0,35,44,100,100,98,81,0,0,0,28,0,0,0,0,0,0,0,0,0,0,0,72,0
l13,14=100,100,100,98,100,100,100,100,100,100,100,100,100,0,61,0,100,57,98,57,13,58,0,1,62,76,0,54,0,0,15,30,0,0,0,0,0,0,0,0,0,0,0,81,0
l14,14=72,0,71,46,62,55,7,68,97,92,81,96,71,55,0,0,100,99,99,70,100,50,5,32,58,69,98,80,0,0,54,53,0,50,0,0,0,0,10,7,55,84,89,90,87
l15,14=50,97,75,58,62,24,60,70,98,100,100,100,100,64,98,0,0,59,99,61,58,41,54,39,54,80,5,88,0,0,58,55,0,0,0,0,0,0,26,1,0,0,15,90,91
l16,14=77,86,88,0,96,30,0,0,44,54,91,77,32,19,61,0,92,0,98,100,59,45,0,0,11,11,61,52,0,0,84,56,53,90,0,21,0,0,0,24,64,85,34,89,85
l17,14=82,87,74,0,61,57,60,79,98,0,100,100,100,99,98,0,100,100,0,100,100,0,51,57,59,100,61,54,0,0,60,96,0,48,0,0,0,0,0,0,38,85,92,95,89
l18,14=2,83,88,7,0,52,44,63,97,97,98,99,97,25,96,0,99,99,99,0,98,99,98,98,30,79,99,97,0,0,59,53,0,0,0,68,0,0,53,22,99,97,99,97,91
l19,14=0,0,0,0,0,38,3,70,20,90,98,99,70,61,98,0,100,100,99,100,0,99,67,64,87,79,10,97,0,0,60,60,0,0,0,0,0,0,0,60,64,95,99,97,98
l20,14=0,0,0,0,0,0,0,23,2,92,0,90,0,92,89,0,91,86,0,98,97,0,98,98,97,99,95,98,0,0,0,0,0,98,0,89,92,90,97,92,7,0,99,86,15
l21,14=0,0,0,0,0,0,0,2,0,0,0,0,96,0,60,0,98,0,97,98,73,100,0,98,99,99,99,99,0,0,0,0,97,0,0,1,86,0,83,0,0,0,0,0,98
l22,14=0,0,0,0,0,0,0,97,97,90,98,0,92,3,94,0,94,0,97,98,98,100,98,0,100,100,100,99,0,0,0,8,97,78,0,96,99,74,62,58,54,89,99,97,98
l23,14=0,0,0,0,0,0,0,0,90,90,98,5,97,98,96,0,98,76,96,74,98,99,98,99,0,100,100,24,0,0,48,74,97,95,0,95,94,76,57,53,11,97,99,97,98
l24,14=0,0,0,0,0,0,0,59,0,67,98,87,98,61,65,0,99,85,97,98,97,99,98,99,100,0,100,97,0,0,47,44,72,97,0,0,92,0,66,53,62,97,99,97,98
l25,14=0,0,0,0,0,0,0,98,97,82,98,98,96,23,96,0,16,97,49,98,74,97,98,99,100,100,0,97,0,0,0,0,97,89,0,96,97,84,97,63,92,89,99,97,98
l26,14=0,0,0,0,0,0,0,0,95,96,97,95,94,91,92,0,98,95,93,98,95,99,98,98,94,99,98,0,0,0,46,0,97,96,0,93,95,97,97,95,0,96,97,95,97
l27,14=98,73,1,83,99,63,37,1,57,59,98,0,18,25,60,0,100,100,38,27,53,0,0,0,12,21,0,34,0,0,0,97,70,99,0,87,77,70,43,26,100,100,0,96,0
l28,14=39,94,0,52,96,63,15,7,0,0,9,72,72,23,61,0,100,100,77,61,59,0,0,1,49,29,0,1,0,0,100,0,59,97,0,92,72,52,30,62,58,100,0,0,0
l29,14=0,0,0,0,0,0,0,0,0,0,0,0,0,0,0,0,0,73,0,0,0,0,68,92,99,94,99,99,0,0,92,83,0,100,0,98,100,100,100,100,100,100,0,76,1
l30,14=0,0,0,0,0,0,0,0,0,0,0,0,0,0,71,0,0,73,49,0,0,99,0,46,60,70,55,66,0,0,88,75,100,0,0,98,100,100,100,100,100,100,0,0,0
l31,14=0,0,0,0,0,0,0,0,0,0,0,0,0,0,0,0,0,73,0,63,0,80,0,82,85,0,90,86,0,0,76,77,100,100,0,0,100,100,100,92,98,100,0,0,0
l32,14=0,0,0,0,0,0,0,0,0,0,0,0,0,0,0,0,0,0,0,0,0,85,22,91,91,84,96,87,0,0,83,87,100,100,0,98,0,100,100,100,81,100,0,0,0
l33,14=0,0,0,0,0,0,0,0,0,0,0,0,0,0,0,0,0,0,0,0,0,77,0,52,87,0,90,91,0,0,87,65,100,87,0,98,100,0,91,92,89,95,0,0,0
l34,14=0,0,0,0,0,0,0,0,0,0,0,0,0,0,2,0,81,0,0,64,0,98,15,19,35,66,63,70,0,0,98,51,100,100,0,98,100,100,0,100,100,100,0,81,0
l35,14=0,0,0,0,0,38,0,0,0,0,0,0,0,0,55,0,0,90,22,55,88,89,0,27,58,63,55,66,0,0,98,94,100,100,0,97,100,100,100,0,100,100,66,68,0
l36,14=0,0,0,0,59,61,0,0,0,0,85,0,0,0,60,0,0,100,31,100,52,37,0,14,2,50,63,0,0,0,100,54,100,100,0,98,99,100,100,100,0,100,0,94,0
l37,14=0,0,0,0,51,0,0,0,0,0,0,40,0,0,52,0,0,90,34,65,48,0,0,19,62,52,55,59,0,0,100,97,100,100,0,98,100,94,100,100,100,0,68,22,35
l38,14=0,0,0,0,0,0,0,0,0,0,84,0,0,0,83,0,4,0,76,97,62,90,0,96,97,99,99,93,0,0,0,0,0,0,0,0,0,0,0,8,0,0,0,99,98
l39,14=0,0,0,0,0,0,0,0,37,0,7,72,84,45,87,0,53,89,85,92,86,41,0,84,97,93,98,87,0,0,49,0,40,0,0,0,0,0,17,2,50,0,99,0,98
l40,14=0,0,0,0,0,0,0,0,0,0,0,0,0,0,92,0,91,29,87,95,89,0,80,83,95,96,96,96,0,0,0,0,0,0,0,0,0,0,0,0,0,0,99,97,0
l41,14=0,0,0,0,0,0,0,0,0,92,87,90,94,5,95,0,99,99,97,97,98,55,31,98,99,99,99,97,0,0,48,4,44,3,0,0,0,0,0,0,56,84,99,100,97
l42,14=0,0,0,0,0,0,0,0,0,0,0,0,66,0,93,0,34,6,95,98,80,72,94,98,97,99,99,96,0,0,0,0,0,41,0,2,72,0,0,0,0,0,99,97,98
l43,14=0,0,0,0,0,0,0,0,0,0,0,0,0,0,0,0,2,81,77,86,84,93,27,91,94,97,97,96,0,0,0,0,79,75,0,68,76,0,78,81,0,1,99,97,97
l44,14=0,0,0,0,0,0,0,0,0,0,0,0,89,0,94,0,92,17,89,97,83,98,82,96,97,98,98,96,0,0,0,0,0,0,0,0,12,0,0,0,21,62,99,97,98

l0,15=0,100,62,100,100,80,67,100,100,76,72,100,62,92,94,0,99,47,87,92,0,0,0,0,0,0,0,0,0,0,75,53,0,0,0,0,0,0,0,0,0,0,0,0,0
l1,15=100,0,100,100,100,99,100,100,100,100,72,100,100,100,56,0,99,61,96,96,0,0,0,0,0,0,0,0,0,0,65,0,0,0,0,0,0,0,0,0,0,0,0,0,0
l2,15=100,100,0,100,100,99,100,100,100,100,62,100,62,97,60,0,99,61,88,60,0,0,0,0,0,12,0,0,0,0,75,9,0,0,0,0,0,0,0,0,0,0,0,0,0
l3,15=100,100,64,0,100,99,100,100,100,39,72,100,62,88,60,0,0,51,4,9,0,0,0,0,0,0,0,0,0,0,75,68,0,0,0,0,0,0,0,0,0,0,0,0,0
l4,15=100,87,62,100,0,99,67,100,100,31,49,100,62,92,58,0,81,51,85,58,0,0,0,0,0,0,0,0,0,0,79,0,0,0,0,0,0,0,0,0,1,0,0,0,0
l5,15=98,100,100,100,100,0,100,100,100,73,54,100,96,100,60,0,72,52,88,50,44,0,0,0,0,0,0,0,0,0,75,66,0,0,0,0,0,0,0,0,80,0,0,0,0
l6,15=100,100,89,100,100,99,0,100,100,85,72,100,96,100,60,0,99,61,89,59,23,38,0,0,39,0,0,0,0,0,64,0,0,0,0,0,0,0,0,0,0,0,0,0,0
l7,15=100,100,100,100,100,99,100,0,100,100,100,100,100,100,97,0,100,59,100,97,93,61,0,98,80,61,96,93,0,0,0,59,0,0,0,0,0,0,0,0,0,0,0,0,0
l8,15=100,100,100,100,100,99,100,100,0,100,100,100,100,100,97,0,98,55,100,97,86,47,0,98,83,0,98,95,0,0,0,68,0,0,0,0,0,0,0,0,0,0,0,9,0
l9,15=100,100,100,81,92,99,100,100,100,0,100,100,100,100,55,0,76,76,98,97,0,2,0,91,48,27,78,93,0,0,0,0,0,0,0,0,0,0,0,0,0,0,46,56,0
l10,15=98,60,58,86,90,99,97,98,100,100,0,100,100,100,96,0,70,96,100,58,36,0,0,93,60,65,85,89,0,0,35,0,0,0,0,0,0,0,0,0,84,28,84,75,51
l11,15=100,100,100,83,100,99,100,100,100,100,100,0,100,100,96,0,100,55,100,97,100,50,0,0,46,23,42,56,0,0,46,66,0,0,0,0,0,0,0,0,0,3,1,0,0
l12,15=100,100,60,85,90,99,100,100,76,100,100,100,0,100,61,0,100,93,100,97,58,51,92,90,98,92,81,90,0,0,70,58,0,0,0,0,0,0,0,0,0,0,0,57,0
l13,15=100,100,100,80,100,99,100,100,100,100,100,100,100,0,71,0,100,92,84,55,0,47,0,56,57,58,16,88,0,0,58,77,0,0,0,0,0,0,0,0,0,0,0,0,0
l14,15=22,3,49,68,50,91,58,91,61,38,76,97,95,53,0,0,100,97,100,59,61,41,0,90,59,58,78,48,0,0,83,99,0,35,0,0,0,0,0,69,77,38,90,83,0
l15,15=66,61,60,0,91,91,100,100,60,35,76,100,100,62,97,0,0,94,100,57,61,62,51,90,62,56,49,61,0,0,82,100,0,23,0,0,0,0,46,2,71,1,49,75,55
l16,15=12,27,59,62,69,41,63,91,23,36,42,62,100,59,97,0,32,0,100,97,100,82,0,22,22,24,84,33,0,0,100,100,95,44,0,13,0,0,58,99,99,100,86,83,28
l17,15=48,53,48,0,64,96,98,98,100,57,100,100,100,60,97,0,100,99,0,97,100,57,49,73,61,99,95,48,0,0,99,100,0,0,0,0,0,0,0,0,91,49,96,97,0
l18,15=43,22,48,1,45,41,54,97,62,61,74,99,100,55,96,0,72,97,99,0,99,90,96,94,97,63,97,98,0,0,94,100,56,36,0,44,5,0,80,79,99,43,98,98,55
l19,15=0,0,1,0,0,70,61,92,51,3,31,99,100,0,97,0,99,99,100,97,0,90,69,94,44,93,93,80,0,0,80,100,0,0,0,0,0,0,77,87,85,81,77,87,47
l20,15=0,0,0,0,0,0,52,88,58,14,0,77,95,62,60,0,96,68,93,96,96,0,100,98,95,99,92,99,0,0,0,0,70,96,0,73,79,68,98,72,59,52,93,92,78
l21,15=0,0,0,0,0,0,0,0,0,0,0,0,95,2,0,0,93,0,93,96,70,99,0,98,97,98,96,99,0,0,0,0,78,0,0,0,84,0,0,0,0,0,90,90,70
l22,15=0,0,0,0,0,0,0,79,84,47,80,3,84,36,79,0,84,56,82,97,84,99,81,0,98,99,99,99,0,0,0,0,94,41,0,76,77,65,81,0,60,20,99,41,79
l23,15=0,0,0,0,0,0,41,60,84,30,81,72,89,76,79,0,85,78,80,81,44,85,83,98,0,99,99,81,0,0,65,87,83,80,0,79,51,64,67,82,34,23,84,86,81
l24,15=0,0,23,0,0,0,0,78,21,44,83,70,89,80,81,0,82,68,85,81,86,87,83,96,98,0,99,79,0,0,71,84,81,81,0,76,65,0,0,79,83,79,84,86,79
l25,15=0,0,0,0,0,0,0,75,80,41,80,41,85,21,79,0,62,77,80,96,85,76,80,98,98,99,0,98,0,0,46,1,83,36,0,51,76,72,80,78,83,74,98,98,78
l26,15=0,0,0,0,0,0,0,88,80,91,83,40,89,88,74,0,83,50,62,96,92,98,99,98,97,96,96,0,0,0,0,0,93,95,0,88,23,90,97,86,90,62,98,83,95
l27,15=57,8,47,83,78,60,43,0,0,0,3,52,100,46,44,0,30,99,91,60,46,0,0,0,19,19,72,0,0,0,0,100,4,40,0,63,44,58,70,100,100,100,0,85,0
l28,15=57,0,0,85,0,60,0,96,62,0,0,64,97,55,60,0,73,99,91,60,61,0,0,0,24,37,60,0,0,0,100,0,100,59,0,63,81,60,100,100,100,100,0,28,0
l29,15=0,0,0,0,0,0,0,0,0,0,0,0,0,0,0,0,0,55,0,7,0,84,59,99,98,69,99,99,0,0,18,100,0,100,0,100,100,100,100,100,100,100,88,0,17
l30,15=0,0,0,0,0,0,0,0,0,0,0,0,0,0,71,0,46,57,65,62,0,98,0,60,59,71,97,98,0,0,85,100,100,0,0,100,100,100,100,100,100,100,86,95,0
l31,15=0,0,0,0,0,0,0,0,0,0,0,0,0,0,0,0,0,54,0,65,0,96,0,92,93,96,95,91,0,0,96,96,100,100,0,0,100,100,100,100,100,100,83,0,3
l32,15=0,0,0,0,0,0,0,0,0,0,0,0,0,0,0,0,0,0,0,5,0,96,90,97,73,96,97,75,0,0,96,98,100,100,0,100,0,100,100,100,100,100,0,0,0
l33,15=0,0,0,0,0,0,0,0,0,0,0,0,0,0,0,0,0,0,0,0,0,96,0,70,58,0,95,91,0,0,96,96,100,90,0,100,100,0,97,90,97,93,0,0,0
l34,15=0,0,0,0,0,0,0,0,0,0,0,0,0,0,0,0,26,55,0,96,55,98,0,61,59,5,97,98,0,0,99,100,100,100,0,100,100,100,0,100,100,100,0,37,27
l35,15=0,0,0,0,0,0,0,0,0,0,0,0,0,0,43,0,14,98,0,94,46,90,0,0,23,35,84,98,0,0,99,100,100,100,0,100,100,100,100,0,100,100,92,81,0
l36,15=0,0,0,0,72,53,0,0,0,0,41,0,0,0,44,0,31,60,90,97,46,85,0,56,17,36,83,98,0,0,100,100,100,100,0,100,65,60,100,100,0,100,0,74,0
l37,15=0,0,0,0,0,0,0,0,0,0,4,12,0,0,42,0,0,60,88,52,48,82,0,10,20,72,84,91,0,0,100,100,100,100,0,100,100,60,100,100,100,0,0,0,2
l38,15=0,0,0,0,0,0,0,11,0,1,35,0,1,0,59,0,30,39,55,88,37,73,34,94,95,96,91,93,0,0,0,0,64,23,0,24,0,0,0,48,0,0,0,98,96
l39,15=0,0,0,0,0,0,0,0,0,11,32,0,39,0,72,0,52,59,71,74,81,61,54,3,84,76,77,47,0,0,44,0,0,44,0,0,0,0,5,32,19,0,99,0,81
l40,15=0,0,0,0,0,0,0,0,0,0,49,0,0,0,0,0,71,70,0,74,75,63,0,79,95,81,73,78,0,0,0,0,1,0,0,0,0,0,52,0,0,0,98,98,0
l41,15=0,0,0,0,0,0,0,31,30,39,49,33,40,74,81,0,75,80,83,73,87,70,39,82,97,85,79,81,0,0,59,16,0,30,0,50,0,0,60,0,51,23,91,98,81
l42,15=0,0,0,0,0,0,0,0,0,0,0,0,51,0,56,0,28,57,52,77,21,72,55,84,97,98,74,76,0,0,0,0,66,61,0,0,43,0,61,0,30,2,98,98,96
l43,15=0,0,0,0,0,0,0,0,0,0,0,0,0,0,49,0,0,4,51,57,68,50,22,84,63,87,91,52,0,0,0,0,1,57,0,49,39,0,59,47,0,16,97,91,93
l44,15=0,0,0,0,0,0,0,0,0,0,0,0,0,0,57,0,68,0,32,77,60,80,48,84,98,82,98,77,0,0,0,0,64,0,0,0,45,0,0,0,1,0,99,98,97

