l0,0=0,86,89,88,90,83,88,41,37,73,82,86,84,80,71,0,75,0,57,1,0,0,0,0,0,0,0,0,0,0,80,78,0,0,0,0,0,0,0,0,0,0,0,0,0
l1,0=95,0,89,88,88,88,83,46,84,41,47,86,79,81,72,0,64,39,39,34,34,0,0,0,0,0,0,0,0,0,0,68,0,0,0,0,0,0,0,0,18,0,0,0,0
l2,0=95,86,0,88,89,88,88,63,88,71,82,86,86,86,0,0,73,74,0,56,39,29,0,0,0,50,39,0,0,0,0,73,0,0,0,0,0,0,0,0,0,0,0,14,0
l3,0=95,86,89,0,90,83,86,43,46,71,75,86,82,80,61,0,74,78,51,65,1,0,0,0,0,0,0,0,0,0,82,79,0,0,0,0,0,0,0,0,0,0,0,0,0
l4,0=94,86,86,91,0,88,51,41,34,70,77,71,79,80,67,0,9,31,0,0,0,0,0,0,0,0,0,0,0,0,79,78,0,0,0,0,0,0,0,0,0,0,0,0,0
l5,0=95,86,89,88,90,0,87,87,43,39,22,86,84,80,61,0,63,0,41,0,27,0,0,0,0,0,0,0,0,0,0,0,0,0,0,0,0,0,0,0,46,1,0,0,0
l6,0=95,86,89,88,90,88,0,91,84,89,82,79,87,81,77,0,75,45,48,46,43,0,0,0,0,0,0,0,0,0,30,3,0,0,0,0,0,0,0,0,0,0,0,0,0
l7,0=89,86,89,88,85,88,87,0,88,79,84,87,87,86,76,0,75,0,74,81,64,0,55,69,56,68,74,0,0,0,16,0,0,0,0,0,0,0,0,0,0,0,0,28,0
l8,0=94,86,89,88,87,88,87,93,0,90,85,87,87,86,76,0,75,45,72,77,44,0,28,27,39,53,52,17,0,0,0,2,0,0,0,0,0,0,0,0,0,0,0,1,0
l9,0=95,85,89,88,90,88,87,89,88,0,85,87,86,86,85,0,75,34,46,23,45,61,0,25,26,58,32,0,0,0,13,49,0,0,0,0,0,0,0,0,0,0,0,0,0
l10,0=32,51,85,76,82,75,87,78,76,87,0,79,87,80,75,0,81,48,87,84,55,24,28,31,40,81,50,30,0,0,24,32,0,0,0,0,0,0,0,0,1,0,2,28,13
l11,0=94,86,85,85,49,88,86,83,88,92,85,0,87,87,83,0,75,46,42,76,72,36,1,0,40,23,42,23,0,0,0,50,0,0,0,0,0,0,0,0,0,0,0,0,0
l12,0=87,83,85,80,77,87,87,78,83,85,87,87,0,87,83,0,75,75,78,76,83,0,0,7,29,53,71,65,0,0,0,56,0,0,0,0,0,0,0,0,0,0,0,0,23
l13,0=48,86,89,77,86,88,80,93,88,92,46,87,87,0,84,0,79,69,80,46,49,70,15,29,0,71,0,0,0,0,0,55,0,0,0,0,0,0,0,0,0,0,0,0,0
l14,0=20,32,19,0,54,47,53,59,56,27,22,62,79,75,0,0,78,78,92,89,99,0,19,28,33,68,37,25,0,0,27,42,0,42,0,0,0,0,0,32,38,32,46,39,50
l15,0=25,11,71,57,16,43,67,78,58,26,87,87,86,87,89,0,0,0,92,44,69,72,25,31,36,85,46,32,0,0,27,0,18,38,0,0,0,0,0,6,28,0,40,34,14
l16,0=0,0,34,36,31,16,65,0,54,1,23,56,72,69,88,0,1,0,56,57,65,0,0,11,45,68,46,0,0,0,35,89,17,0,0,4,0,40,72,49,53,50,43,38,7
l17,0=8,33,48,48,22,60,65,61,61,22,85,48,84,82,91,0,81,87,0,89,98,74,0,19,53,66,48,28,0,0,21,12,0,0,0,0,0,0,0,0,29,34,38,33,48
l18,0=0,1,42,16,0,1,32,58,54,0,46,50,68,55,90,0,59,87,90,0,99,93,27,28,65,92,77,30,0,0,22,21,32,39,0,5,0,0,55,25,45,36,47,45,59
l19,0=0,9,20,0,0,20,45,48,47,20,48,72,86,71,91,0,79,85,92,90,0,57,22,35,64,90,71,24,0,0,66,86,0,39,0,0,0,0,0,24,55,34,34,84,67
l20,0=0,0,5,0,0,0,0,0,0,52,35,36,0,57,0,0,77,0,83,88,80,0,100,98,86,91,91,99,0,0,0,0,82,72,0,81,81,19,78,65,0,52,85,69,74
l21,0=0,0,0,0,0,0,0,62,81,0,79,0,0,0,34,0,75,0,0,88,81,100,0,50,87,88,91,98,0,0,0,0,0,81,0,0,1,0,75,58,0,0,75,0,82
l22,0=0,0,0,0,0,0,0,46,53,51,55,0,0,47,55,0,70,46,52,82,75,97,43,0,87,20,93,98,0,0,0,25,70,67,0,65,78,65,88,48,55,56,0,59,66
l23,0=0,0,0,0,0,0,0,41,32,9,34,46,28,0,52,0,55,76,82,84,88,89,90,97,0,92,93,91,0,0,0,35,43,44,0,11,11,30,79,27,31,80,85,85,84
l24,0=0,2,26,0,0,0,0,40,30,11,69,19,40,60,71,0,68,55,75,88,88,97,31,19,89,0,93,86,0,0,0,37,0,80,0,16,15,12,55,62,27,30,85,85,81
l25,0=0,0,25,0,0,0,0,49,51,11,61,45,60,0,30,0,64,56,76,88,86,89,89,99,89,92,0,90,0,0,3,0,85,61,0,13,41,43,19,60,27,63,85,85,66
l26,0=0,0,0,0,0,0,0,0,53,0,56,56,58,0,50,0,78,0,68,85,50,97,98,98,87,88,91,0,0,0,17,0,13,81,0,97,58,72,96,77,31,41,82,70,84
l27,0=0,0,0,68,43,24,24,34,0,12,0,0,0,2,84,0,74,86,11,8,61,0,0,0,0,0,0,8,0,0,0,89,32,79,0,34,0,64,87,93,57,61,33,0,12
l28,0=0,6,61,66,45,11,0,0,0,11,0,28,61,60,58,0,2,87,9,6,31,0,0,17,29,56,0,0,0,0,95,0,54,74,0,15,19,66,79,60,94,90,6,0,10
l29,0=0,0,0,0,0,0,0,0,0,0,0,0,0,0,0,0,14,35,0,44,0,83,0,95,41,0,92,0,0,0,76,88,0,94,0,100,99,100,97,98,94,95,16,15,0
l30,0=0,0,0,0,0,0,0,0,0,0,0,0,0,0,5,0,1,0,0,17,8,64,32,90,41,78,78,87,0,0,93,85,100,0,0,100,99,100,97,98,94,95,27,5,0
l31,0=0,0,0,0,0,0,0,0,0,0,0,0,0,0,0,0,0,15,0,38,0,82,0,46,15,40,38,99,0,0,85,76,100,94,0,0,99,100,97,98,94,95,30,0,0
l32,0=0,0,0,0,0,0,0,0,0,0,0,0,0,0,0,0,0,1,0,0,0,84,44,92,24,38,76,72,0,0,14,77,100,94,0,100,0,100,97,98,89,86,42,0,0
l33,0=0,0,0,0,0,0,0,0,0,0,0,0,0,0,0,0,0,36,0,0,0,0,0,41,26,0,63,84,0,0,75,72,100,94,0,100,99,0,91,88,88,0,0,0,0
l34,0=0,0,0,0,0,0,0,0,0,0,0,0,0,0,0,0,0,63,0,23,0,71,8,95,63,36,3,97,0,0,95,83,100,94,0,100,99,100,0,98,94,95,17,8,0
l35,0=0,0,0,0,0,0,0,0,0,0,0,0,0,0,1,0,9,72,0,4,7,60,10,15,11,73,72,82,0,0,95,86,100,94,0,100,96,98,97,0,94,95,0,0,0
l36,0=0,0,0,0,0,23,0,0,0,0,0,0,0,0,62,0,29,85,7,12,19,0,0,31,40,57,45,12,0,0,37,79,62,93,0,94,20,85,94,98,0,95,0,8,0
l37,0=0,0,0,0,0,17,0,0,0,0,0,0,0,0,53,0,0,86,17,40,17,68,0,30,82,58,80,24,0,0,95,88,99,94,0,100,93,35,97,98,94,0,31,0,0
l38,0=0,0,0,0,0,0,0,0,0,0,4,0,0,0,60,0,52,64,60,72,30,73,30,0,70,88,80,37,0,0,27,0,11,36,0,0,3,0,48,0,0,9,0,85,84
l39,0=0,0,0,0,0,0,0,14,9,0,23,0,0,0,59,0,49,64,61,69,76,56,0,58,84,86,90,35,0,0,0,0,28,27,0,0,0,0,35,0,18,0,85,0,84
l40,0=0,0,0,0,0,0,0,0,0,0,28,0,24,0,56,0,28,18,52,68,72,64,62,58,86,83,59,89,0,0,53,30,0,0,0,0,0,0,0,0,0,0,85,84,0
l41,0=0,0,0,0,0,0,0,0,0,23,53,0,44,37,52,0,59,61,79,89,82,55,63,76,89,88,86,81,0,0,66,0,51,0,0,0,0,0,0,0,33,0,86,87,83
l42,0=0,0,0,0,0,0,0,0,0,0,0,0,0,0,38,0,2,47,54,64,56,70,0,81,86,89,89,71,0,0,0,0,0,1,0,1,13,0,53,0,0,0,85,85,82
l43,0=0,0,0,0,0,0,0,0,0,0,22,0,0,0,30,0,0,43,19,36,60,73,54,72,82,88,83,81,0,0,0,0,40,55,0,17,22,0,51,0,0,0,85,83,82
l44,0=0,0,0,0,0,0,0,0,0,0,0,24,5,0,50,0,38,53,61,42,60,86,67,70,86,88,87,86,0,0,0,0,8,1,0,0,0,0,49,0,0,0,84,83,82

l0,1=0,83,82,91,88,87,82,81,78,76,63,72,69,62,49,0,35,0,0,0,0,0,0,0,0,0,0,0,0,0,61,31,0,0,0,0,0,0,0,0,0,0,0,0,0
l1,1=83,0,81,84,88,87,82,81,78,75,63,72,69,63,30,0,35,35,53,36,50,0,0,0,0,0,0,0,0,0,36,0,0,0,0,0,0,0,0,0,0,0,0,0,0
l2,1=87,83,0,89,91,86,82,87,78,78,59,76,75,82,15,0,38,49,55,27,36,0,0,0,10,45,0,0,0,0,0,7,0,0,0,0,0,0,0,0,0,0,0,0,0
l3,1=88,84,79,0,92,87,78,78,76,75,59,67,68,62,25,0,0,50,52,0,0,0,0,0,0,0,0,0,0,0,52,0,0,0,0,0,0,0,0,0,0,0,0,0,0
l4,1=84,84,77,91,0,87,77,81,73,75,59,66,68,62,12,0,54,42,0,0,0,0,0,0,0,0,0,0,0,0,61,44,0,0,0,0,0,0,0,0,0,0,0,0,0
l5,1=88,84,82,89,91,0,78,81,76,70,63,72,69,62,30,0,38,0,54,0,0,0,0,0,0,0,0,0,0,0,1,0,0,0,0,0,0,0,0,0,39,27,0,0,0
l6,1=84,84,82,86,85,87,0,86,78,75,63,72,69,62,28,0,45,34,51,36,48,0,0,0,0,0,0,0,0,0,35,0,0,0,0,0,0,0,0,0,0,0,0,0,0
l7,1=84,83,82,74,83,86,82,0,78,79,65,79,69,74,47,0,61,0,47,4,39,34,21,51,0,52,42,11,0,0,1,0,0,0,0,0,0,0,0,0,0,0,0,43,0
l8,1=87,83,82,84,79,86,82,88,0,79,59,79,53,82,50,0,57,40,56,57,18,42,21,45,47,44,51,31,0,0,32,25,0,0,0,0,0,0,0,0,0,0,0,0,0
l9,1=84,83,81,73,87,68,81,87,78,0,79,79,80,82,46,0,46,26,59,33,42,24,0,0,54,0,34,20,0,0,6,20,0,0,0,0,0,0,0,0,0,0,15,0,0
l10,1=65,68,66,65,52,82,73,71,67,76,0,72,80,62,44,0,59,44,58,58,55,21,30,17,0,55,57,40,0,0,30,19,0,3,0,0,0,0,0,0,13,0,35,41,54
l11,1=81,83,81,68,70,85,80,85,78,80,66,0,80,82,50,0,63,43,58,57,50,0,0,13,28,54,53,0,0,0,0,21,0,0,0,0,0,0,0,0,0,0,0,45,0
l12,1=76,83,81,71,85,85,81,81,61,78,80,79,0,82,51,0,63,52,62,62,61,40,0,24,27,57,57,39,0,0,15,11,0,0,0,0,0,0,0,0,0,0,0,5,0
l13,1=80,84,82,84,85,85,80,83,78,80,69,79,80,0,49,0,65,33,60,53,43,44,27,26,32,52,43,30,0,0,14,13,0,0,0,0,0,0,0,0,0,0,0,0,0
l14,1=51,47,20,43,18,32,27,54,61,60,49,68,59,50,0,0,68,58,76,74,82,44,28,27,32,47,44,23,0,0,29,15,0,0,0,0,0,0,37,0,31,13,38,57,59
l15,1=19,32,28,0,38,41,46,77,66,63,75,77,80,63,70,0,0,35,71,45,74,51,29,33,37,55,49,35,0,0,32,25,0,0,0,0,0,0,0,0,16,10,3,59,42
l16,1=0,36,31,47,23,0,6,0,45,50,51,49,56,16,28,0,20,0,59,51,63,36,0,13,33,52,40,15,0,0,47,52,9,34,0,0,9,2,36,21,33,20,27,0,0
l17,1=0,30,50,41,0,15,19,53,65,66,74,71,60,52,70,0,65,42,0,49,80,40,29,30,40,38,54,30,0,0,32,9,0,0,0,0,0,0,0,9,27,21,34,34,59
l18,1=0,16,12,0,0,0,14,2,52,33,63,54,50,27,64,0,40,65,67,0,77,81,34,17,81,71,85,55,0,0,30,38,26,17,0,7,0,0,46,43,33,19,42,82,47
l19,1=0,45,35,0,0,0,27,44,3,50,63,59,56,25,70,0,65,63,75,77,0,45,26,25,38,47,65,33,0,0,36,45,0,37,0,0,0,0,34,0,38,0,33,75,61
l20,1=0,0,0,0,0,0,0,40,46,29,30,1,41,39,44,0,56,28,35,73,64,0,88,78,84,74,86,91,0,0,0,0,70,42,0,51,67,12,79,36,36,35,51,78,58
l21,1=0,0,0,0,0,0,0,14,25,0,63,0,0,42,42,0,54,0,58,66,49,93,0,70,84,70,82,85,0,0,0,0,10,63,0,0,44,0,61,49,0,0,72,82,68
l22,1=0,0,0,0,0,0,0,41,39,0,22,27,24,27,54,0,48,27,50,43,32,79,61,0,84,59,87,86,0,0,0,0,73,64,0,71,59,22,68,42,42,37,68,61,38
l23,1=0,0,1,0,0,0,0,0,34,40,0,37,30,29,45,0,51,52,59,73,60,80,70,79,0,74,86,85,0,0,0,19,38,34,0,32,0,31,66,32,39,65,54,86,87
l24,1=0,0,32,0,0,0,0,45,36,0,65,54,52,37,53,0,57,48,25,73,62,89,67,62,85,0,86,79,0,0,0,35,15,23,0,16,42,17,52,54,63,50,80,78,81
l25,1=0,0,0,0,0,0,0,31,36,27,63,44,41,18,25,0,53,24,61,73,71,89,73,86,85,75,0,85,0,0,0,0,75,28,0,38,52,29,41,25,6,0,80,87,32
l26,1=0,0,0,0,0,0,0,28,35,34,59,0,49,31,30,0,49,31,46,68,61,93,72,84,78,70,82,0,0,0,0,0,75,71,0,72,60,55,82,57,33,31,66,74,84
l27,1=59,36,0,29,20,2,25,5,22,0,41,0,15,8,30,0,35,64,38,37,53,0,0,0,0,0,0,0,0,0,0,83,47,58,0,28,0,29,56,84,89,45,9,14,0
l28,1=35,26,17,0,22,0,0,0,22,36,38,50,19,5,1,0,14,69,12,40,56,0,0,0,22,48,0,0,0,0,82,0,61,55,0,31,38,0,71,70,92,48,0,5,0
l29,1=0,0,0,0,0,0,0,0,0,0,0,0,0,0,0,0,0,2,0,36,0,62,27,77,51,1,84,85,0,0,59,71,0,87,0,90,96,87,96,95,93,78,23,0,0
l30,1=0,0,0,0,0,0,0,0,0,0,0,0,0,0,0,0,0,7,0,22,31,35,24,65,25,26,23,83,0,0,82,57,89,0,0,90,96,85,96,95,93,83,10,0,0
l31,1=0,0,0,0,0,0,0,0,0,0,0,0,0,0,0,0,0,0,0,28,0,59,0,80,45,32,60,82,0,0,59,52,89,87,0,0,96,87,96,61,93,83,0,0,0
l32,1=0,0,0,0,0,0,0,0,0,0,0,0,0,0,0,0,0,12,0,0,0,55,41,56,0,51,69,57,0,0,0,38,89,87,0,90,0,87,96,95,79,80,0,0,0
l33,1=0,0,0,0,0,0,0,0,0,0,0,0,0,0,0,0,0,0,0,0,0,0,0,17,46,0,44,62,0,0,50,0,89,77,0,90,96,0,90,84,83,56,0,0,0
l34,1=0,0,0,0,0,0,0,0,0,0,0,0,0,0,4,0,1,34,0,50,20,59,32,76,74,47,28,84,0,0,38,71,89,87,0,90,96,85,0,95,93,83,28,17,0
l35,1=0,0,0,0,0,0,0,0,0,0,0,0,0,0,0,0,0,7,10,49,0,32,28,46,37,54,23,37,0,0,82,57,89,87,0,59,96,70,96,0,93,83,0,0,0
l36,1=0,0,0,0,0,27,0,0,0,0,14,0,0,0,17,0,8,27,21,40,57,21,0,21,30,52,0,1,0,0,82,82,82,83,0,83,45,80,92,92,0,82,0,1,0
l37,1=0,0,0,0,0,28,0,0,0,0,0,0,0,0,14,0,13,28,29,44,0,33,1,26,77,51,0,12,0,0,82,83,83,87,0,90,92,51,96,95,93,0,0,0,0
l38,1=0,0,0,0,0,0,0,0,0,0,32,0,0,0,47,0,0,37,41,56,34,35,33,61,62,70,77,52,0,0,19,0,25,17,0,0,0,0,48,0,0,0,0,86,87
l39,1=0,0,0,0,0,0,0,25,0,0,29,34,9,0,54,0,51,3,9,72,65,63,38,52,84,67,84,67,0,0,8,0,0,3,0,0,0,0,29,0,0,0,80,0,87
l40,1=0,0,0,0,0,0,0,0,0,0,34,0,0,0,40,0,25,0,47,48,50,62,29,0,80,66,42,69,0,0,0,0,0,0,0,0,0,0,0,0,0,0,79,86,0
l41,1=0,0,0,0,0,0,0,0,5,27,56,26,29,5,60,0,58,19,57,73,56,73,32,69,85,70,72,76,0,0,44,37,24,0,0,0,0,0,0,11,0,0,80,87,87
l42,1=0,0,0,0,0,0,0,0,0,0,0,0,0,0,40,0,13,36,13,65,4,62,47,68,84,71,84,51,0,0,0,0,10,0,0,0,0,0,0,0,0,0,80,86,83
l43,1=0,0,0,0,0,0,0,0,0,0,23,0,0,0,23,0,27,22,7,17,39,77,45,53,73,67,82,47,0,0,0,0,41,26,0,34,0,0,0,0,0,0,78,82,86
l44,1=0,0,0,0,0,0,0,0,0,0,0,0,8,0,42,0,0,15,49,49,49,68,44,57,76,72,23,78,0,0,19,0,0,18,0,0,0,0,46,0,0,1,80,79,86

l0,2=0,87,75,87,73,72,80,80,81,68,64,53,79,78,0,0,52,53,13,44,0,0,0,0,0,0,0,0,0,0,36,0,0,0,0,0,0,0,0,0,0,0,0,0,0
l1,2=80,0,84,79,83,71,80,81,81,68,67,55,82,79,47,0,52,54,49,48,17,0,0,0,0,0,0,0,0,0,37,45,0,0,0,0,0,0,0,0,0,0,0,0,0
l2,2=77,88,0,73,65,70,80,84,84,72,67,56,85,81,48,0,50,55,49,50,32,0,0,0,0,50,0,0,0,0,33,57,0,0,0,0,0,0,0,0,0,0,0,0,0
l3,2=87,88,78,0,82,72,80,80,80,64,67,47,79,79,43,0,56,38,51,0,0,0,0,0,0,0,0,0,0,0,37,42,0,0,0,0,0,0,0,0,0,0,0,0,0
l4,2=81,86,73,87,0,72,80,80,80,63,64,51,76,78,45,0,52,55,47,0,0,0,0,0,0,0,0,0,0,0,36,58,0,0,0,0,0,0,0,0,0,0,0,0,0
l5,2=83,85,79,86,82,0,80,84,84,66,67,54,85,79,49,0,55,51,51,47,0,0,0,0,0,0,0,0,0,0,36,48,0,0,0,0,0,0,0,0,0,0,0,0,0
l6,2=85,88,84,79,79,71,0,88,84,75,65,55,87,80,45,0,56,55,46,0,19,13,0,0,0,0,0,0,0,0,36,53,0,0,0,0,0,0,0,0,0,0,0,0,0
l7,2=77,78,82,69,64,42,80,0,84,77,67,69,82,81,37,0,59,0,53,44,29,26,20,41,32,60,35,0,0,0,0,0,0,0,0,0,0,0,0,0,0,0,0,0,0
l8,2=79,83,84,75,65,43,78,86,0,76,66,69,81,81,45,0,56,18,52,47,0,0,25,40,5,37,29,15,0,0,22,34,0,0,0,0,0,0,0,0,0,0,0,0,0
l9,2=79,77,81,65,65,40,76,83,80,0,73,69,81,83,49,0,56,53,55,45,35,24,2,0,40,33,40,24,0,0,24,36,0,0,0,0,0,0,0,0,0,0,0,37,0
l10,2=58,61,64,48,47,41,55,67,66,68,0,50,87,80,39,0,57,48,54,51,37,0,24,32,29,60,45,22,0,0,23,41,0,0,0,0,0,0,0,0,30,0,41,8,24
l11,2=76,76,75,43,64,39,76,87,81,78,68,0,87,84,49,0,60,54,53,34,40,36,26,10,33,60,36,0,0,0,29,35,0,0,0,0,0,0,0,0,0,0,35,57,6
l12,2=74,76,74,69,63,39,76,79,76,68,76,69,0,84,49,0,62,55,53,51,40,0,23,33,42,60,34,36,0,0,26,33,0,0,0,0,0,0,0,0,20,23,5,44,0
l13,2=72,78,74,69,65,40,76,81,80,78,70,69,87,0,49,0,57,45,47,37,36,0,0,42,34,37,0,0,0,0,22,32,0,0,0,0,0,0,0,0,0,0,0,0,0
l14,2=0,47,46,33,33,28,41,54,62,53,49,53,72,70,0,0,62,35,74,75,84,30,27,43,35,59,52,20,0,0,49,46,0,0,0,0,0,0,23,18,33,0,43,76,36
l15,2=53,47,41,34,37,25,67,75,70,51,76,67,83,81,77,0,0,51,55,53,45,38,32,50,40,59,45,24,0,0,48,40,0,0,0,0,0,0,0,16,23,37,56,58,24
l16,2=30,25,39,7,30,23,31,2,12,38,41,34,67,31,23,0,48,0,63,79,84,17,0,11,53,62,2,11,0,0,87,79,4,12,0,0,0,0,28,16,67,58,36,49,18
l17,2=17,49,46,36,36,28,35,62,67,55,76,58,71,64,78,0,58,55,0,47,84,32,29,41,46,48,30,25,0,0,36,30,0,6,0,0,0,0,0,0,31,0,51,52,39
l18,2=18,31,34,0,0,18,0,44,57,35,62,17,57,34,66,0,53,78,46,0,84,78,25,60,75,77,83,36,0,0,66,60,0,0,0,0,0,0,28,16,33,42,68,54,21
l19,2=0,33,41,0,0,0,6,54,0,44,57,37,65,57,78,0,58,78,74,79,0,33,0,42,51,75,50,36,0,0,31,55,1,7,0,0,0,0,2,0,38,32,53,52,41
l20,2=0,0,0,0,0,0,15,38,0,29,0,49,0,0,48,0,51,19,46,75,63,0,92,83,62,88,82,70,0,0,0,0,75,0,0,65,2,26,32,21,25,38,67,62,69
l21,2=0,0,0,0,0,0,0,17,46,0,48,39,49,0,40,0,54,0,47,56,0,89,0,77,65,83,69,57,0,0,0,0,0,0,0,0,0,0,0,0,17,0,59,74,59
l22,2=0,0,0,0,0,0,0,45,39,0,37,7,37,39,42,0,48,21,49,55,46,78,73,0,72,83,83,60,0,0,0,0,66,67,0,63,73,0,64,50,43,0,68,66,52
l23,2=0,0,0,0,0,0,0,27,0,36,35,20,54,40,38,0,51,60,59,74,62,63,71,81,0,88,83,55,0,0,0,0,31,51,0,45,35,37,50,16,31,63,74,85,76
l24,2=0,0,35,0,0,0,0,51,29,21,64,51,69,40,61,0,54,57,30,67,70,80,77,77,75,0,83,55,0,0,16,22,26,8,0,9,3,19,0,14,49,47,74,78,75
l25,2=0,0,0,0,0,0,0,33,30,25,60,28,43,0,58,0,54,0,20,73,67,78,76,86,75,88,0,55,0,0,14,21,51,22,0,12,72,18,14,0,29,0,75,80,77
l26,2=0,0,0,0,0,0,0,0,32,33,41,19,69,0,29,0,46,26,51,65,70,84,79,84,67,83,72,0,0,0,0,0,73,81,0,77,55,51,85,34,39,31,66,78,76
l27,2=52,60,50,49,51,53,38,0,53,33,41,30,51,38,54,0,47,73,58,65,46,0,0,0,0,7,13,0,0,0,0,79,57,86,0,14,9,54,79,73,94,83,12,9,0
l28,2=18,30,46,21,47,25,39,0,59,38,52,26,47,35,48,0,38,81,38,72,54,0,0,0,0,49,19,0,0,0,88,0,67,87,0,58,10,9,86,66,94,93,1,1,0
l29,2=0,0,0,0,0,0,0,0,0,0,0,0,0,0,0,0,0,8,0,0,0,86,0,85,47,66,70,69,0,0,61,77,0,96,0,85,95,98,96,85,94,97,5,0,0
l30,2=0,0,0,0,5,0,0,0,0,0,0,0,0,0,0,0,0,38,26,0,23,3,0,76,45,42,51,68,0,0,86,75,93,0,0,85,95,98,96,85,94,97,4,26,0
l31,2=0,0,0,0,0,0,0,0,0,0,0,0,0,0,0,0,0,0,0,3,0,61,0,58,46,30,53,68,0,0,47,48,93,96,0,0,95,98,96,85,94,97,23,0,0
l32,2=0,0,0,0,0,0,0,0,0,0,0,0,0,0,0,0,0,0,0,1,0,1,20,82,52,58,67,55,0,0,64,58,93,96,0,85,0,98,96,85,0,88,19,44,0
l33,2=0,0,0,0,0,0,0,0,0,0,0,0,0,0,0,0,0,0,0,0,0,56,0,0,51,41,47,46,0,0,53,1,93,96,0,85,95,0,96,83,91,68,0,0,0
l34,2=0,0,0,0,0,0,0,0,0,0,0,0,0,0,14,0,0,26,0,34,3,33,0,74,50,0,19,65,0,0,71,79,93,96,0,85,95,92,0,85,94,97,39,22,0
l35,2=0,0,0,0,0,0,0,0,0,0,0,0,0,0,23,0,21,35,0,33,0,46,0,56,19,31,1,27,0,0,86,74,93,96,0,75,95,96,96,0,94,97,0,0,0
l36,2=0,0,0,0,0,0,0,0,0,0,32,0,8,0,35,0,19,64,32,53,57,39,28,48,31,66,52,37,0,0,88,76,86,93,0,77,0,84,96,85,0,97,0,0,0
l37,2=0,0,0,0,0,0,0,0,0,0,0,0,43,0,0,0,25,67,0,70,27,42,2,0,68,69,0,22,0,0,88,79,93,96,0,82,93,90,96,85,94,0,16,13,0
l38,2=0,0,0,0,0,0,0,0,0,0,25,5,0,0,16,0,45,42,46,60,60,57,18,70,62,79,66,37,0,0,5,0,0,0,0,0,0,0,32,0,0,0,0,84,76
l39,2=0,0,0,0,0,0,0,0,0,7,0,24,27,0,56,0,47,53,41,53,41,42,36,70,71,80,75,43,0,0,6,0,0,3,0,0,2,0,24,0,0,0,80,0,82
l40,2=0,0,0,0,0,0,0,0,0,0,23,7,0,0,28,0,25,44,44,30,29,68,23,48,65,79,62,43,0,0,0,0,0,0,0,0,0,0,0,0,0,0,78,83,0
l41,2=0,0,0,0,0,0,0,0,0,0,52,23,0,56,57,0,50,55,55,75,48,62,0,71,73,80,65,42,0,0,0,39,0,0,0,0,1,0,10,0,19,0,80,85,82
l42,2=0,0,0,0,0,0,0,0,0,0,0,0,0,0,21,0,35,43,32,62,0,55,30,77,66,83,72,47,0,0,0,0,36,7,0,0,0,14,3,0,0,0,74,79,75
l43,2=0,0,0,0,0,0,0,0,0,0,0,0,0,0,29,0,13,0,32,31,41,63,25,54,45,80,68,53,0,0,0,0,23,0,0,29,19,0,34,0,0,0,74,77,76
l44,2=0,0,0,0,0,0,0,0,0,0,0,0,1,0,31,0,26,35,22,44,34,52,26,61,64,79,58,41,0,0,0,0,0,9,0,0,0,0,24,1,0,0,74,78,72

l0,3=0,76,82,90,90,87,10,84,70,59,57,65,0,73,61,0,73,40,0,0,0,0,0,0,0,0,0,0,0,0,52,0,0,0,0,0,0,0,0,0,0,0,0,0,0
l1,3=76,0,87,90,90,82,73,82,69,53,64,68,63,74,51,0,81,70,63,58,39,0,0,0,57,0,27,0,0,0,55,1,0,0,0,0,0,0,0,0,0,0,0,0,0
l2,3=73,85,0,73,78,65,72,79,73,45,59,58,63,75,60,0,81,68,62,63,47,0,0,0,0,0,53,0,0,0,31,61,0,0,0,0,0,0,0,0,0,0,0,0,0
l3,3=85,85,84,0,90,85,58,71,66,44,59,52,61,72,28,0,82,46,0,0,44,0,0,0,0,0,0,0,0,0,54,40,0,0,0,0,0,0,0,0,0,0,0,0,0
l4,3=84,85,85,90,0,87,66,69,68,49,57,63,0,77,58,0,11,0,61,0,0,0,0,0,0,0,0,0,0,0,54,15,0,0,0,0,0,0,0,0,1,0,0,0,0
l5,3=85,85,69,85,90,0,66,84,68,56,65,68,70,79,63,0,0,67,57,57,48,0,0,0,0,0,0,0,0,0,66,66,0,0,0,0,0,0,0,0,0,0,0,0,0
l6,3=72,85,87,77,86,81,0,85,72,58,59,57,66,79,61,0,81,70,62,0,44,0,0,1,0,0,0,0,0,0,0,34,0,0,0,0,0,0,0,0,0,0,0,0,0
l7,3=72,67,74,55,28,75,63,0,72,51,59,68,63,77,65,0,81,46,63,66,40,0,0,57,48,59,68,0,0,0,0,0,0,0,0,0,0,0,0,0,0,0,0,0,0
l8,3=73,67,85,64,76,73,63,79,0,45,59,60,60,76,66,0,80,42,66,66,49,0,60,50,0,43,58,56,0,0,43,46,0,0,0,0,0,0,0,0,0,0,0,30,0
l9,3=73,67,74,56,76,73,63,77,64,0,60,62,63,77,64,0,80,71,67,63,49,4,0,48,57,55,58,55,0,0,52,60,0,0,0,0,0,0,0,0,0,0,0,0,0
l10,3=56,67,69,55,64,70,58,65,56,44,0,50,74,76,71,0,87,60,75,68,56,46,41,55,39,58,67,65,0,0,37,66,0,0,0,0,0,0,0,0,0,0,22,30,0
l11,3=72,67,73,56,76,66,58,77,65,46,59,0,74,78,64,0,82,71,64,65,53,48,47,49,54,55,62,55,0,0,54,67,0,0,0,0,0,0,0,0,0,0,0,34,0
l12,3=33,63,73,56,0,72,60,73,58,45,65,69,0,81,66,0,86,62,63,61,51,0,45,45,59,52,65,69,0,0,43,59,0,0,0,0,0,0,0,0,7,26,0,27,0
l13,3=72,67,73,57,76,73,63,75,65,46,60,63,71,0,64,0,82,70,61,62,50,42,0,59,55,50,0,0,0,0,51,66,0,0,0,0,0,0,0,0,0,0,0,0,1
l14,3=36,28,38,0,49,61,39,63,57,39,59,52,66,64,0,0,88,92,85,75,89,47,45,53,50,52,70,41,0,0,30,72,0,0,0,0,0,0,0,52,41,16,37,55,54
l15,3=29,47,43,56,0,18,62,73,55,42,60,53,64,72,77,0,0,81,75,72,68,56,61,60,63,57,71,58,0,0,61,67,0,0,0,0,0,0,0,0,36,21,35,40,0
l16,3=7,42,40,20,0,55,50,45,33,29,41,52,59,54,96,0,88,0,82,87,89,28,0,39,38,64,68,45,0,0,92,92,0,68,0,0,1,0,39,68,88,33,33,35,48
l17,3=0,46,44,0,46,60,43,59,61,42,64,51,61,53,96,0,87,81,0,81,79,42,47,58,67,40,49,25,0,0,60,67,0,0,0,0,0,0,0,34,48,16,34,41,47
l18,3=0,26,37,0,0,34,0,65,64,35,56,44,53,47,88,0,82,92,82,0,89,75,75,64,78,73,88,83,0,0,75,76,0,0,0,0,0,0,21,0,54,27,54,46,37
l19,3=0,11,33,19,12,41,27,39,42,25,57,46,61,48,96,0,88,95,85,87,0,41,50,48,71,69,57,77,0,0,72,63,32,0,0,0,0,0,8,7,55,0,42,54,24
l20,3=0,0,0,0,0,0,0,0,0,0,51,54,0,37,70,0,81,35,54,82,69,0,97,86,40,75,81,98,0,0,0,0,90,49,0,68,70,72,62,0,8,0,77,74,71
l21,3=0,0,0,0,0,0,0,0,57,0,28,45,49,0,62,0,79,0,59,82,58,88,0,84,73,65,87,97,0,0,0,0,1,0,0,49,0,23,0,0,0,0,12,65,0
l22,3=0,0,0,0,0,0,0,47,42,15,33,22,32,42,48,0,63,26,52,55,38,85,69,0,72,71,88,98,0,0,18,0,55,76,0,46,84,43,65,28,32,44,73,71,58
l23,3=0,20,0,0,0,0,0,32,0,23,14,33,50,35,44,0,64,28,62,86,67,43,66,83,0,76,88,93,0,0,19,0,41,42,0,47,50,31,64,56,29,66,77,74,90
l24,3=0,0,0,0,0,0,0,60,27,27,58,47,49,41,66,0,70,49,37,82,69,85,44,85,78,0,88,90,0,0,0,0,51,42,0,30,33,28,27,57,58,52,77,73,77
l25,3=0,4,15,0,0,0,0,58,35,17,51,38,52,0,82,0,77,49,32,82,53,84,69,87,78,75,0,90,0,0,0,37,60,39,0,57,74,0,62,2,65,17,77,74,83
l26,3=0,0,0,0,0,0,0,0,38,17,40,30,57,0,32,0,46,30,18,76,70,88,91,87,72,70,81,0,0,0,0,0,79,92,0,82,56,39,71,57,39,35,28,19,56
l27,3=41,43,34,43,41,70,0,0,32,30,2,47,40,55,44,0,79,91,74,87,79,0,0,27,34,0,0,0,0,0,0,92,73,81,0,0,54,31,92,92,92,94,3,12,0
l28,3=9,35,37,10,29,72,14,15,28,27,40,40,47,51,82,0,72,95,72,87,63,0,0,0,2,0,48,0,0,0,92,0,80,93,0,44,63,52,95,96,92,97,31,28,0
l29,3=0,0,0,0,0,0,0,0,0,0,0,0,0,0,0,0,0,0,0,0,49,86,24,77,48,66,81,89,0,0,82,85,0,100,0,99,99,100,98,100,86,100,0,0,0
l30,3=0,0,0,0,0,0,0,0,0,0,0,0,0,0,0,0,0,77,0,0,0,59,0,87,51,49,70,98,0,0,92,92,99,0,0,99,99,100,98,100,92,100,59,25,2
l31,3=0,0,0,0,0,0,0,0,0,0,0,0,0,0,0,0,0,0,0,0,0,79,55,67,55,38,78,98,0,0,0,74,99,100,0,0,99,100,98,100,92,100,0,46,0
l32,3=0,0,0,0,0,0,0,0,0,0,0,0,0,0,0,0,0,6,0,0,0,77,0,86,71,43,87,84,0,0,75,87,99,100,0,99,0,100,98,100,91,100,0,11,0
l33,3=0,0,0,0,0,0,0,0,0,0,0,0,0,0,0,0,0,0,0,0,0,81,13,74,59,42,0,81,0,0,47,82,99,100,0,99,99,0,98,100,90,97,0,0,0
l34,3=0,0,0,0,0,0,0,0,0,0,0,0,0,0,0,0,0,57,0,61,10,67,0,74,59,32,66,77,0,0,89,92,99,100,0,99,99,100,0,100,92,100,52,0,36
l35,3=0,0,0,0,0,0,0,0,0,0,0,0,0,0,64,0,0,84,47,0,0,0,0,43,64,68,0,75,0,0,91,92,99,100,0,99,99,100,98,0,92,100,4,0,0
l36,3=0,0,0,0,14,0,0,0,0,0,0,0,36,0,74,0,71,88,77,77,77,7,0,58,45,64,75,76,0,0,92,90,83,100,0,88,88,90,98,100,0,100,29,31,0
l37,3=0,0,0,0,0,0,0,0,0,0,3,0,47,0,51,0,51,86,45,83,0,0,0,74,75,74,54,64,0,0,92,92,99,100,0,99,99,96,98,100,92,0,45,0,0
l38,3=0,0,0,0,0,0,0,0,0,0,0,0,0,0,63,0,56,30,47,56,58,72,0,64,67,60,71,33,0,0,3,23,0,25,0,0,0,0,22,0,7,0,0,79,90
l39,3=0,0,0,0,0,0,0,0,21,0,26,18,21,0,59,0,58,39,47,48,31,44,43,60,68,58,74,37,0,0,2,23,0,15,0,10,1,0,0,0,19,0,80,0,92
l40,3=0,0,0,0,0,0,0,0,0,0,0,0,0,0,50,0,0,29,39,44,16,45,0,43,68,51,70,50,0,0,2,0,0,0,0,0,0,0,6,0,0,0,80,79,0
l41,3=0,0,0,0,0,0,0,0,0,8,32,0,31,51,70,0,72,57,67,68,66,71,29,75,76,70,81,69,0,0,0,43,0,0,0,0,0,0,0,0,0,0,80,79,88
l42,3=0,0,0,0,0,0,0,0,0,0,9,0,0,0,35,0,44,28,37,57,27,71,49,67,69,65,71,83,0,0,0,0,32,0,0,14,10,31,0,7,0,8,77,74,88
l43,3=0,0,0,0,0,0,0,0,0,0,3,0,0,0,36,0,28,27,33,38,28,78,32,46,56,59,65,78,0,0,0,0,28,0,0,18,0,0,35,19,0,0,75,72,88
l44,3=0,0,0,0,0,0,0,0,0,0,0,0,0,0,36,0,33,33,0,44,38,53,42,62,72,63,67,12,0,0,0,0,6,26,0,2,1,0,28,0,0,0,77,71,81

l0,4=0,88,97,90,94,98,94,98,91,96,51,93,88,94,85,0,89,25,79,3,0,0,0,0,0,0,0,0,0,0,80,59,0,0,0,0,0,0,0,0,0,0,0,0,0
l1,4=93,0,98,92,93,98,94,98,91,80,79,82,88,97,34,0,78,0,78,55,20,0,0,0,2,0,0,0,0,0,63,55,0,0,0,0,0,0,0,0,0,0,0,0,0
l2,4=93,91,0,76,93,92,94,98,91,95,90,95,91,95,31,0,84,22,81,69,0,0,0,0,0,0,31,0,0,0,71,66,0,0,0,0,0,0,0,0,0,0,11,0,0
l3,4=94,91,98,0,94,98,93,98,91,79,82,94,88,93,82,0,89,32,55,0,0,0,0,0,0,0,0,0,0,0,10,69,0,0,0,0,0,0,0,0,0,0,0,0,0
l4,4=93,89,98,92,0,98,94,94,91,71,79,83,78,94,88,0,88,63,83,0,0,0,0,0,0,0,0,0,0,0,76,74,0,0,0,0,0,0,0,0,0,0,0,0,0
l5,4=94,84,97,90,94,0,94,100,91,97,91,93,92,96,61,0,73,68,79,0,24,0,0,0,0,0,0,0,0,0,95,48,0,0,0,0,0,0,0,0,46,0,0,0,0
l6,4=85,92,98,65,91,93,0,96,88,95,80,94,89,94,75,0,89,78,85,46,49,0,0,0,0,42,4,0,0,0,81,0,0,0,0,0,0,0,0,0,0,0,0,0,0
l7,4=87,83,91,74,82,92,93,0,91,95,90,95,89,96,86,0,90,0,82,71,50,13,0,52,34,61,72,58,0,0,46,0,0,0,0,0,0,0,0,0,0,0,0,0,0
l8,4=87,90,98,77,83,92,93,98,0,95,85,95,88,96,88,0,88,59,88,73,48,17,0,47,50,2,60,53,0,0,46,48,0,0,0,0,0,0,0,0,0,0,0,43,0
l9,4=86,62,90,59,8,91,93,97,88,0,90,95,88,98,87,0,90,71,88,57,57,2,0,48,58,52,0,58,0,0,74,52,0,0,0,0,0,0,0,0,0,0,0,17,0
l10,4=44,54,71,52,64,88,78,75,76,90,0,68,93,95,89,0,92,66,87,68,62,34,42,50,56,53,66,56,0,0,70,59,0,0,0,0,0,0,0,0,0,15,1,54,17
l11,4=79,79,90,62,74,91,93,97,89,95,83,0,93,97,82,0,91,69,89,70,58,0,36,53,57,52,65,68,0,0,63,68,0,0,0,0,0,0,0,0,0,0,0,0,0
l12,4=71,73,98,51,58,91,93,97,90,90,93,95,0,99,91,0,92,75,74,62,62,0,54,49,59,50,68,72,0,0,70,55,0,0,0,0,0,0,0,0,0,0,38,49,26
l13,4=70,78,89,58,78,91,89,97,88,95,90,95,89,0,90,0,88,75,83,57,63,50,0,51,56,52,60,67,0,0,61,53,0,0,0,0,0,0,0,0,0,0,0,21,0
l14,4=54,37,13,34,57,36,65,72,68,69,77,67,84,91,0,0,90,86,91,70,86,51,0,51,55,55,72,69,0,0,75,0,0,0,0,0,0,0,0,47,37,52,59,59,53
l15,4=54,39,34,51,58,66,76,73,71,72,91,93,89,83,90,0,0,81,89,69,74,57,62,53,57,50,66,68,0,0,81,59,0,52,0,0,0,0,0,0,40,0,53,54,48
l16,4=11,0,0,0,54,70,61,5,1,66,60,59,73,78,92,0,90,0,83,82,82,28,0,0,57,52,70,0,0,0,98,94,0,54,0,0,0,0,63,62,63,62,50,59,49
l17,4=24,38,57,15,57,69,72,76,74,75,76,71,77,83,92,0,92,79,0,76,60,0,56,50,59,54,64,57,0,0,82,69,0,0,0,0,0,0,0,40,52,53,0,57,45
l18,4=0,30,31,0,0,7,35,68,70,38,58,59,56,44,86,0,84,90,83,0,92,53,70,55,90,88,84,79,0,0,80,74,0,0,0,49,0,0,51,40,39,48,70,57,57
l19,4=0,15,11,0,0,70,57,73,44,66,69,65,76,83,92,0,92,90,74,82,0,58,61,54,87,59,71,77,0,0,79,61,44,0,0,0,0,0,60,31,40,55,55,70,47
l20,4=0,0,0,0,0,0,0,25,18,9,37,0,0,46,58,0,80,39,0,70,60,0,92,83,78,86,85,92,0,0,0,0,73,59,0,37,35,62,62,25,28,35,75,49,41
l21,4=0,0,0,0,0,0,0,0,0,0,28,36,44,0,0,0,79,0,43,76,69,96,0,86,79,83,84,82,0,0,0,0,0,0,0,45,0,0,54,0,0,0,0,49,34
l22,4=0,0,0,0,0,0,0,55,49,50,51,52,42,51,51,0,62,0,50,53,55,68,63,0,91,91,91,91,0,0,0,0,47,56,0,52,70,57,57,41,38,46,60,60,41
l23,4=0,0,0,0,0,0,0,30,40,43,60,28,63,49,65,0,75,65,70,77,84,79,67,92,0,91,91,83,0,0,45,2,37,37,0,54,39,40,45,60,26,64,79,72,74
l24,4=0,0,0,0,0,0,28,54,16,57,77,57,51,51,81,0,80,70,71,77,82,88,77,90,91,0,86,86,0,0,0,30,47,35,0,42,32,0,56,66,42,67,79,75,74
l25,4=0,0,0,0,0,0,0,56,42,10,60,45,57,46,64,0,68,66,58,66,55,81,63,92,92,90,0,77,0,0,0,0,59,55,0,46,60,60,53,43,55,38,66,72,55
l26,4=0,0,0,0,0,0,0,44,47,52,45,42,54,44,56,0,66,0,45,74,68,96,86,93,85,84,86,0,0,0,1,38,54,60,0,64,68,55,58,56,56,39,48,54,62
l27,4=53,3,5,0,58,88,62,34,48,61,57,58,62,8,85,0,79,90,82,75,72,0,0,0,49,0,0,0,0,0,0,95,66,62,0,58,22,0,71,89,99,99,0,1,0
l28,4=33,38,44,43,72,36,0,0,52,55,67,67,69,52,9,0,89,90,81,79,73,0,0,0,37,32,0,44,0,0,98,0,55,81,0,74,62,72,77,100,99,99,50,53,1
l29,4=0,0,0,0,0,0,0,0,0,0,0,0,0,0,0,0,0,0,0,0,52,89,0,86,70,72,88,73,0,0,89,72,0,93,0,96,100,100,95,100,95,99,72,66,0
l30,4=0,0,0,0,0,0,0,0,0,0,0,0,0,0,0,0,65,67,0,3,0,81,0,85,71,17,67,76,0,0,81,80,88,0,0,96,100,91,95,100,99,99,71,0,0
l31,4=0,0,0,0,0,0,0,0,0,0,0,0,0,0,0,0,0,0,0,67,0,75,71,89,88,72,71,90,0,0,78,78,88,93,0,0,100,100,95,100,99,99,51,64,0
l32,4=0,0,0,0,0,0,0,0,0,0,0,0,0,0,0,0,0,0,0,0,0,68,0,92,84,52,88,87,0,0,54,89,88,93,0,96,0,100,95,100,99,99,0,0,0
l33,4=0,0,0,0,0,0,0,0,0,0,0,0,0,0,0,0,0,0,0,0,0,90,0,87,71,0,85,81,0,0,0,90,88,93,0,96,100,0,95,100,99,86,0,0,0
l34,4=0,0,0,0,0,0,0,0,0,0,0,0,0,0,0,0,0,83,0,71,79,79,70,81,76,82,63,73,0,0,89,78,88,93,0,96,100,100,0,100,99,99,0,1,64
l35,4=0,0,0,0,0,0,0,0,0,0,0,0,0,0,88,0,0,75,52,65,24,39,0,67,88,76,64,70,0,0,98,95,88,93,0,96,100,99,95,0,99,99,0,0,0
l36,4=0,0,0,0,0,76,0,0,0,0,0,0,0,0,40,0,72,75,80,70,67,43,0,57,49,60,65,61,0,0,98,93,79,93,0,93,92,88,90,100,0,99,40,53,0
l37,4=0,0,0,0,0,17,0,0,0,0,39,0,0,0,92,0,0,90,83,74,84,59,0,82,86,90,64,44,0,0,98,95,88,93,0,96,100,80,95,100,99,0,0,0,43
l38,4=0,0,0,0,0,0,0,0,0,0,0,0,33,0,68,0,61,43,0,53,43,62,0,66,82,73,67,0,0,0,0,20,33,29,0,0,0,0,0,0,4,0,0,75,79
l39,4=0,0,0,0,0,0,0,0,23,3,42,7,31,0,67,0,56,68,62,70,80,37,42,76,75,80,85,47,0,0,0,30,34,0,0,12,0,0,17,0,26,0,82,0,77
l40,4=0,0,0,0,0,0,0,0,0,0,2,0,7,0,69,0,34,44,43,52,41,37,38,45,79,73,70,65,0,0,0,0,0,1,0,0,0,0,39,0,0,2,82,75,0
l41,4=0,0,0,0,0,0,0,0,20,0,45,49,51,54,63,0,66,74,65,72,77,65,51,75,83,79,84,63,0,0,32,54,40,0,0,0,0,0,43,0,0,0,79,72,69
l42,4=0,0,0,0,0,0,0,0,0,0,31,0,0,0,52,0,3,45,56,57,64,66,44,71,84,82,75,73,0,0,0,0,36,30,0,35,33,25,42,0,0,0,82,75,70
l43,4=0,0,0,0,0,0,0,0,0,0,11,0,0,0,40,0,51,36,0,44,60,74,39,72,67,66,73,47,0,0,0,0,36,16,0,26,0,0,22,0,0,0,72,75,73
l44,4=0,0,0,0,0,0,0,0,0,0,0,0,0,0,63,0,54,47,38,51,51,67,49,69,77,74,73,61,0,0,0,0,30,40,0,0,34,0,0,0,0,0,80,59,68

l0,5=0,90,78,92,91,83,85,88,89,86,62,91,85,74,80,0,67,31,16,20,0,0,0,0,0,0,0,0,0,0,22,27,0,0,0,0,0,0,0,0,0,0,0,0,0
l1,5=56,0,84,90,91,89,89,88,92,21,84,85,87,85,69,0,64,36,16,0,0,0,0,0,0,0,0,0,0,0,31,0,0,0,0,0,0,0,0,0,0,0,0,0,0
l2,5=75,92,0,85,91,83,85,88,92,80,46,91,90,87,65,0,64,18,6,0,5,0,0,0,0,0,0,0,0,0,33,34,0,0,0,0,0,0,0,0,0,0,0,0,0
l3,5=79,92,84,0,92,89,84,92,85,84,1,91,82,89,47,0,70,22,15,0,0,0,0,0,0,0,0,0,0,0,19,38,0,0,0,0,0,0,0,0,0,0,0,0,0
l4,5=77,90,82,92,0,89,89,86,89,76,69,82,89,85,0,0,72,34,16,22,0,0,0,0,0,0,0,0,0,0,30,39,0,0,0,0,0,0,0,0,0,0,0,0,0
l5,5=72,91,78,87,92,0,85,88,89,85,91,91,83,68,77,0,66,34,32,17,6,0,0,0,0,0,0,0,0,0,56,41,0,0,0,0,0,0,12,0,39,0,0,0,0
l6,5=72,92,74,59,91,75,0,88,78,87,85,81,86,77,81,0,69,30,41,43,0,0,0,0,0,45,38,0,0,0,23,11,0,0,0,0,0,0,0,0,0,0,0,0,0
l7,5=59,84,70,69,69,76,84,0,92,90,46,91,84,85,83,0,70,4,58,68,0,0,0,0,2,50,41,15,0,0,8,0,0,0,0,0,0,0,0,0,0,0,0,0,0
l8,5=80,92,84,54,73,81,76,92,0,92,85,91,90,89,83,0,68,23,48,65,35,0,37,59,52,49,41,45,0,0,31,0,0,0,0,0,0,0,0,0,0,0,0,34,0
l9,5=61,21,56,50,49,73,84,88,89,0,88,91,84,87,82,0,66,30,58,20,36,34,0,0,52,48,40,28,0,0,17,0,0,0,0,0,0,0,0,0,0,0,0,22,0
l10,5=19,30,22,0,27,39,47,33,44,61,0,87,90,81,94,0,82,31,19,26,61,37,24,49,53,51,46,31,0,0,29,36,0,0,0,0,0,0,0,0,0,11,37,22,5
l11,5=35,30,49,55,31,62,42,88,88,88,80,0,90,87,0,0,68,26,21,20,54,0,0,58,54,46,41,33,0,0,26,33,0,0,0,0,0,0,0,0,0,0,4,21,0
l12,5=58,80,68,49,73,69,83,88,87,86,91,91,0,89,89,0,78,42,55,35,62,23,32,24,57,50,47,33,0,0,19,16,0,0,0,0,0,0,0,0,0,0,42,22,0
l13,5=52,76,57,55,67,60,74,85,85,92,87,91,90,0,83,0,67,41,54,62,61,38,0,50,56,51,33,36,0,0,28,4,0,0,0,0,0,0,0,0,0,0,0,23,0
l14,5=14,16,20,27,1,22,37,46,44,47,90,6,86,77,0,0,82,86,80,79,80,26,30,51,60,55,46,31,0,0,29,11,0,0,0,0,0,0,0,12,31,17,31,26,18
l15,5=16,17,23,41,27,21,37,38,44,37,91,91,88,55,94,0,0,40,80,36,69,44,27,51,56,48,47,31,0,0,20,34,0,0,0,0,0,0,0,0,32,5,18,12,14
l16,5=15,22,3,40,29,23,23,10,26,17,47,42,76,71,92,0,80,0,21,31,75,0,0,49,64,40,71,0,0,0,43,57,5,0,0,3,0,0,18,17,78,65,17,15,18
l17,5=15,15,0,37,24,21,36,47,28,62,55,77,78,55,95,0,80,30,0,28,75,35,35,48,55,65,50,0,0,0,40,30,0,0,0,0,0,0,0,0,32,32,38,35,17
l18,5=12,0,0,0,12,4,23,59,56,5,44,37,64,62,92,0,72,82,37,0,76,60,45,65,68,72,74,70,0,0,47,63,12,0,0,23,19,0,26,12,67,3,41,68,40
l19,5=0,0,0,0,0,5,0,2,20,23,51,61,74,62,93,0,80,82,75,86,0,40,5,55,71,67,49,43,0,0,25,51,0,0,0,0,0,0,11,12,31,34,37,30,17
l20,5=0,0,0,0,0,0,0,0,0,6,20,0,31,23,38,0,52,0,22,64,24,0,83,77,76,74,70,84,0,0,0,0,41,50,0,2,34,25,43,18,19,16,49,56,47
l21,5=0,0,0,0,0,0,0,0,26,0,19,0,31,0,60,0,46,0,23,60,3,83,0,52,68,71,65,80,0,0,0,0,4,0,0,0,0,0,0,0,0,0,43,0,29
l22,5=0,0,0,0,0,0,0,0,27,0,32,34,12,20,37,0,51,24,29,63,30,78,29,0,80,81,80,84,0,0,4,0,0,58,0,36,55,29,19,21,29,3,61,68,29
l23,5=0,0,0,0,0,0,0,0,9,15,28,36,58,33,62,0,54,44,21,69,57,63,48,80,0,81,81,69,0,0,9,0,27,23,0,37,22,7,7,48,25,39,64,68,62
l24,5=0,0,0,0,0,0,12,41,23,32,52,33,47,40,59,0,51,31,52,72,53,64,61,82,80,0,79,67,0,0,4,18,20,28,0,27,13,0,14,35,25,0,63,68,60
l25,5=0,0,0,0,0,0,9,23,18,21,42,35,58,25,56,0,54,38,49,67,27,64,52,83,80,77,0,72,0,0,0,0,43,52,0,30,28,30,29,4,24,21,62,75,59
l26,5=0,0,0,0,0,0,0,10,17,11,20,33,37,25,46,0,42,3,0,71,50,83,72,83,75,75,70,0,0,0,0,5,29,52,0,32,36,11,26,10,28,19,57,67,60
l27,5=19,20,48,0,43,32,12,10,24,3,30,52,73,65,88,0,78,77,24,30,67,0,0,33,50,2,0,0,0,0,0,93,32,47,0,52,40,36,23,28,93,74,4,0,0
l28,5=6,0,19,52,18,12,17,0,0,0,11,26,48,35,28,0,79,86,15,30,71,0,0,21,30,37,0,2,0,0,82,0,27,49,0,51,71,47,19,29,93,68,7,7,0
l29,5=0,0,0,0,0,0,0,0,0,0,0,0,0,0,0,0,0,7,0,39,0,46,5,1,54,31,70,57,0,0,39,34,0,96,0,84,93,97,80,92,84,89,3,10,1
l30,5=0,0,0,0,0,0,0,0,0,0,0,0,0,0,0,0,0,0,0,0,0,56,0,65,40,33,67,69,0,0,20,55,84,0,0,84,93,97,80,92,96,91,33,5,12
l31,5=0,0,0,0,0,0,0,0,0,0,0,0,0,0,0,0,0,12,0,35,0,2,16,51,63,44,53,52,0,0,35,47,84,96,0,0,93,97,80,92,96,91,34,0,0
l32,5=0,0,0,0,0,0,0,0,0,0,0,0,0,0,0,0,0,0,0,32,0,31,0,78,35,15,41,65,0,0,26,53,84,96,0,84,0,97,79,91,95,85,0,0,0
l33,5=0,0,0,0,0,0,0,0,0,0,0,0,0,0,0,0,0,0,0,0,0,26,0,63,32,0,47,16,0,0,37,38,84,96,0,84,93,0,80,73,90,76,0,0,0
l34,5=0,0,0,0,0,8,0,0,0,0,0,0,0,0,0,0,0,25,0,57,16,36,0,44,44,32,40,19,0,0,32,6,84,96,0,81,71,78,0,92,96,91,0,17,21
l35,5=0,0,0,0,0,0,0,0,0,0,0,0,0,0,22,0,0,19,0,27,14,18,0,50,73,47,13,16,0,0,71,60,84,96,0,84,90,69,80,0,96,91,8,1,0
l36,5=0,0,0,0,0,10,0,0,0,0,0,0,0,0,33,0,21,36,16,50,17,18,0,60,59,42,30,16,0,0,82,37,56,96,0,76,80,89,77,92,0,91,0,0,0
l37,5=0,0,0,0,0,0,0,0,0,0,4,0,3,0,30,0,12,52,14,16,22,21,0,40,65,0,39,13,0,0,82,88,84,96,0,84,88,49,80,92,96,0,0,3,0
l38,5=0,0,0,0,0,0,0,0,0,0,25,0,42,0,34,0,29,11,42,47,46,46,35,58,66,64,61,58,0,0,0,0,0,29,0,4,0,0,0,1,0,0,0,71,68
l39,5=0,0,0,0,0,0,0,0,5,5,21,27,35,17,69,0,34,25,50,63,54,56,0,63,61,71,68,66,0,0,0,4,5,2,0,0,0,0,4,0,0,0,71,0,69
l40,5=0,0,0,0,0,0,0,0,0,0,3,0,0,0,60,0,16,9,17,47,24,42,8,26,68,65,56,58,0,0,0,0,0,5,0,0,0,0,7,0,0,0,74,76,0
l41,5=0,0,0,0,0,0,0,0,8,13,1,30,62,18,71,0,54,53,51,63,54,2,24,66,71,66,71,13,0,0,9,7,5,0,0,0,0,0,2,0,15,0,73,77,62
l42,5=0,0,0,0,0,0,0,0,0,0,0,0,0,0,36,0,20,22,33,55,24,51,0,66,69,72,61,71,0,0,0,0,12,19,0,24,17,0,18,0,6,0,70,71,66
l43,5=0,0,0,0,0,0,0,0,0,0,21,0,0,0,26,0,5,0,23,28,22,40,5,65,25,19,61,70,0,0,0,0,16,0,0,11,0,0,0,0,0,0,70,71,61
l44,5=0,0,0,0,0,0,0,0,0,0,0,0,0,0,60,0,32,16,34,64,27,64,26,31,71,72,66,72,0,0,0,0,0,19,0,0,9,0,0,0,0,2,70,69,68

l0,6=0,93,92,88,93,80,86,70,89,83,73,86,79,87,59,0,51,66,47,38,0,0,0,0,0,0,0,0,0,0,63,0,0,0,0,0,0,0,0,0,0,0,0,0,0
l1,6=85,0,87,86,91,80,86,70,88,84,78,80,83,84,13,0,57,59,54,44,9,0,0,0,0,0,0,0,0,0,71,42,0,0,0,0,0,0,0,0,0,0,0,0,0
l2,6=92,94,0,85,84,79,86,80,90,74,74,83,87,86,29,0,63,74,51,61,47,0,0,0,0,30,0,0,0,0,0,0,0,0,0,0,0,0,0,0,0,0,0,0,0
l3,6=92,94,89,0,93,80,86,67,87,72,52,85,48,87,20,0,37,61,38,0,0,0,0,0,0,0,0,0,0,0,57,0,0,0,0,0,0,0,0,0,0,0,0,0,0
l4,6=92,91,81,88,0,80,86,66,85,78,0,84,82,79,0,0,60,53,13,46,0,0,0,0,0,0,0,0,0,0,73,64,0,0,0,0,0,0,0,0,0,0,0,0,0
l5,6=89,94,80,86,93,0,86,70,86,82,79,83,79,44,36,0,60,63,46,0,1,0,0,0,0,0,0,0,0,0,75,65,0,0,0,0,0,0,13,4,5,0,0,0,0
l6,6=90,94,93,85,92,80,0,81,82,91,75,76,85,76,54,0,59,60,48,31,41,15,0,0,0,33,36,0,0,0,0,24,0,0,0,0,0,0,0,0,0,0,0,0,0
l7,6=78,71,86,80,80,78,86,0,90,91,70,89,71,87,61,0,72,59,49,59,12,0,0,0,0,48,49,0,0,0,0,0,0,0,0,0,0,0,0,0,0,0,0,0,0
l8,6=86,93,93,80,69,77,79,81,0,91,68,89,87,87,68,0,67,35,29,57,0,36,36,24,19,50,55,34,0,0,7,0,0,0,0,0,0,0,0,0,0,0,0,0,0
l9,6=81,85,73,52,75,75,86,81,90,0,79,89,87,87,67,0,63,55,66,0,40,0,18,7,24,38,46,18,0,0,33,0,0,0,0,0,0,0,0,0,0,0,0,0,0
l10,6=38,33,22,29,10,54,48,34,74,79,0,81,83,82,71,0,76,72,64,57,57,36,23,27,31,35,58,16,0,0,42,57,0,0,0,0,0,0,0,0,0,2,44,17,0
l11,6=71,71,73,64,72,72,79,71,86,85,78,0,87,82,62,0,71,62,67,57,30,36,1,28,48,25,43,36,0,0,33,0,0,0,0,0,0,0,0,0,0,0,0,17,0
l12,6=61,84,85,3,68,63,82,65,89,87,81,89,0,87,73,0,73,50,71,55,47,0,0,23,50,31,54,17,0,0,23,24,0,0,0,0,0,0,0,0,0,0,37,18,0
l13,6=80,79,77,61,66,12,74,79,90,91,80,89,87,0,72,0,68,63,69,62,40,26,0,28,42,41,46,45,0,0,43,26,0,0,0,0,0,0,0,0,0,0,0,15,0
l14,6=17,4,8,19,22,31,30,33,71,67,81,75,68,46,0,0,71,84,80,74,60,47,42,18,33,19,39,36,0,0,72,31,0,7,0,0,0,0,13,0,5,0,58,34,38
l15,6=4,9,16,26,51,33,29,34,66,45,84,78,70,43,46,0,0,63,73,64,60,55,44,30,33,0,54,48,0,0,41,40,0,1,0,0,0,0,5,0,5,0,19,10,0
l16,6=17,6,10,39,31,10,24,9,19,30,72,40,37,26,45,0,64,0,71,71,62,8,0,3,30,3,59,10,0,0,85,78,15,5,0,0,0,0,15,0,44,36,64,9,8
l17,6=18,33,20,25,27,32,32,28,26,54,68,72,73,47,79,0,68,73,0,61,57,52,43,29,33,54,54,50,0,0,73,49,0,1,0,0,0,0,0,0,10,11,0,35,36
l18,6=3,21,21,0,36,0,18,47,45,0,40,53,47,50,60,0,60,63,57,0,63,57,43,48,62,64,66,56,0,0,19,28,34,21,0,11,26,6,26,29,44,19,62,62,59
l19,6=3,9,22,0,0,0,28,20,1,40,71,43,55,34,67,0,68,80,71,81,0,52,44,28,63,63,55,54,0,0,57,63,0,21,0,0,0,0,25,31,23,39,57,61,38
l20,6=0,0,0,0,0,0,2,0,22,0,18,21,0,6,19,0,53,13,50,54,31,0,67,72,65,71,67,75,0,0,0,0,49,42,0,15,31,15,50,20,11,21,36,31,25
l21,6=0,0,0,0,0,0,0,0,27,13,11,14,0,0,49,0,53,0,33,55,26,77,0,64,59,68,52,66,0,0,0,0,1,19,0,0,0,0,15,2,0,0,45,26,34
l22,6=0,0,0,0,0,0,0,0,22,0,15,17,12,16,19,0,37,24,39,53,9,75,34,0,73,76,79,75,0,0,0,7,0,51,0,12,46,19,20,12,14,21,65,35,40
l23,6=0,0,0,0,0,0,0,0,17,11,39,34,44,12,51,0,54,42,47,63,54,72,37,77,0,80,79,68,0,0,29,9,20,21,0,22,17,0,20,13,22,24,69,64,64
l24,6=0,0,14,0,0,0,5,48,37,19,50,25,37,32,18,0,13,25,59,66,46,68,49,75,73,0,79,65,0,0,24,10,0,27,0,23,19,4,17,2,10,20,62,66,64
l25,6=0,0,0,0,0,0,2,24,22,13,33,17,26,14,14,0,56,40,39,63,13,69,16,79,73,75,0,61,0,0,0,0,29,22,0,13,0,18,18,20,15,21,63,70,46
l26,6=0,0,0,0,0,0,0,0,18,9,12,18,10,14,20,0,55,14,50,65,48,76,61,81,67,74,73,0,0,0,18,1,41,42,0,26,34,18,53,43,19,22,66,57,64
l27,6=4,6,0,28,40,17,0,0,1,27,31,33,11,3,41,0,51,85,71,12,28,0,0,0,1,3,0,1,0,0,0,79,31,27,0,14,30,14,24,43,82,71,1,0,0
l28,6=0,11,0,0,49,23,13,0,0,0,57,27,24,8,12,0,60,87,58,29,59,0,0,9,10,10,0,2,0,0,88,0,40,30,0,20,46,28,30,40,74,70,20,18,0
l29,6=0,0,0,0,0,0,0,0,0,0,0,0,0,0,0,0,0,12,0,47,0,58,5,3,52,0,61,57,0,0,42,42,0,72,0,71,81,80,77,84,61,64,0,14,0
l30,6=0,0,0,0,0,0,0,0,0,0,0,0,0,0,3,0,9,19,8,30,12,55,20,56,50,35,57,39,0,0,54,39,72,0,0,71,81,80,77,59,86,79,32,0,10
l31,6=0,0,0,0,0,0,0,0,0,0,0,0,0,0,0,0,0,34,0,40,0,52,0,42,57,55,62,51,0,0,42,35,72,72,0,0,81,83,74,74,70,74,51,5,0
l32,6=0,0,0,0,0,0,0,0,0,0,0,0,0,0,0,0,0,0,0,39,0,42,0,56,48,42,0,43,0,0,46,38,72,70,0,71,0,80,73,70,66,35,31,0,0
l33,6=0,0,0,0,0,0,0,0,0,0,0,0,0,0,0,0,0,0,0,0,0,3,0,44,0,0,36,40,0,0,18,45,72,69,0,71,80,0,68,58,63,71,0,0,0
l34,6=0,0,0,0,0,17,0,0,0,0,0,0,0,0,11,0,27,46,0,33,18,58,20,49,47,11,56,56,0,0,58,43,72,72,0,71,71,62,0,84,84,84,49,21,0
l35,6=0,0,0,0,0,4,0,0,0,0,0,0,0,0,0,0,37,0,0,41,19,47,7,6,7,0,51,32,0,0,64,68,72,65,0,62,74,28,77,0,86,84,22,12,0
l36,6=0,0,0,0,0,4,0,0,0,0,2,0,0,0,11,0,45,85,24,44,12,41,0,16,11,9,52,29,0,0,93,79,53,72,0,70,64,35,77,84,0,84,0,0,0
l37,6=0,0,0,0,0,0,0,0,0,0,12,0,7,0,0,0,0,41,24,28,17,43,0,19,12,9,51,27,0,0,81,68,69,72,0,65,56,66,77,84,86,0,0,0,0
l38,6=0,0,0,0,0,0,0,0,0,0,3,0,7,0,17,0,4,18,1,52,2,9,7,45,61,59,53,44,0,0,0,0,0,4,0,0,4,0,2,0,0,0,0,70,70
l39,6=0,0,0,0,0,0,0,0,0,0,11,14,14,3,45,0,17,41,47,59,38,17,6,38,52,61,70,37,0,0,0,4,0,0,0,0,0,0,6,0,0,0,72,0,71
l40,6=0,0,0,0,0,0,0,0,0,0,0,0,0,0,43,0,0,30,29,52,17,12,13,38,51,64,52,46,0,0,0,0,0,0,0,0,0,0,0,0,0,0,77,72,0
l41,6=0,0,0,0,0,0,0,0,0,0,13,11,40,11,56,0,37,52,53,60,48,34,16,62,67,67,66,25,0,0,27,11,0,0,0,0,2,0,10,0,10,18,66,78,63
l42,6=0,0,0,0,0,0,0,0,0,0,0,0,0,0,13,0,12,20,30,53,14,44,0,66,48,65,70,59,0,0,0,0,17,0,0,11,14,11,12,0,5,0,72,71,64
l43,6=0,0,0,0,0,0,0,0,0,0,0,0,0,0,0,0,0,0,24,55,19,0,16,63,24,65,65,57,0,0,0,0,0,2,0,11,0,0,3,0,0,0,69,68,70
l44,6=0,0,0,0,0,0,0,0,0,0,0,0,0,0,15,0,14,21,32,54,18,43,19,52,66,69,65,54,0,0,0,0,0,0,0,0,0,0,0,0,0,0,70,68,71

l0,7=0,90,74,92,95,87,88,86,84,78,66,79,80,77,1,0,65,80,0,0,0,0,0,0,0,0,0,0,0,0,7,32,0,0,0,0,0,0,0,0,2,1,0,0,0
l1,7=91,0,94,92,92,87,89,89,96,82,44,88,88,77,0,0,59,46,68,15,0,0,0,0,0,0,0,0,0,0,47,0,0,0,0,0,0,0,0,0,0,0,0,0,0
l2,7=85,90,0,88,89,87,89,93,96,76,38,86,81,80,0,0,56,80,62,18,15,0,0,0,0,4,0,0,0,0,49,0,0,0,0,0,0,0,0,0,0,0,0,0,0
l3,7=91,90,89,0,95,87,86,92,78,75,29,82,30,79,0,0,65,68,48,0,0,0,0,0,0,0,0,0,0,0,69,51,0,0,0,0,0,0,0,0,0,0,0,0,0
l4,7=91,89,73,92,0,87,88,54,66,74,43,85,40,68,0,0,55,0,0,14,0,0,0,0,0,0,0,0,0,0,49,39,0,0,0,0,0,0,0,0,0,0,0,0,0
l5,7=68,90,69,70,95,0,89,89,65,73,71,85,77,72,40,0,69,47,56,12,4,0,0,0,0,0,0,0,0,0,42,0,0,0,0,0,0,0,0,3,0,0,0,0,0
l6,7=91,90,94,71,90,87,0,97,75,90,72,88,77,22,40,0,64,71,63,16,14,0,0,0,0,56,0,0,0,0,1,33,0,0,0,0,0,0,0,0,0,0,0,0,0
l7,7=53,70,74,64,67,81,89,0,96,90,71,92,79,85,62,0,74,69,0,61,33,34,3,0,56,64,52,26,0,0,0,0,0,0,0,0,0,0,0,0,0,0,0,0,0
l8,7=63,86,94,66,69,82,85,97,0,90,66,92,82,81,47,0,70,34,64,54,40,52,56,50,50,51,56,4,0,0,0,0,0,0,0,0,0,0,0,0,0,0,0,0,0
l9,7=67,72,67,52,76,81,89,97,96,0,65,92,88,85,61,0,64,4,73,28,35,28,0,34,0,50,55,6,0,0,10,21,0,0,0,0,0,0,0,0,0,0,0,37,0
l10,7=28,20,15,12,51,58,31,57,68,41,0,51,82,82,81,0,75,70,77,17,25,10,31,54,56,62,65,0,0,0,27,34,0,0,0,0,0,0,0,0,0,0,40,42,0
l11,7=58,70,71,52,78,80,85,93,92,86,73,0,87,82,77,0,74,52,79,44,0,6,0,47,54,25,54,25,0,0,0,24,0,0,0,0,0,0,0,0,0,0,0,42,5
l12,7=56,71,44,33,28,61,60,69,79,84,74,92,0,85,78,0,75,44,79,22,16,0,33,34,60,63,62,23,0,0,24,28,0,0,0,0,0,0,0,0,10,0,27,35,0
l13,7=65,70,69,64,74,81,63,96,78,90,73,92,88,0,77,0,62,64,79,59,61,0,43,49,50,63,0,11,0,0,37,23,0,0,0,0,0,0,0,0,0,0,0,0,0
l14,7=6,0,1,0,27,22,18,38,25,33,62,44,48,67,0,0,76,86,83,71,25,46,0,45,60,62,65,33,0,0,50,45,0,0,0,0,0,0,22,2,0,0,51,45,9
l15,7=23,18,1,3,24,26,18,38,40,27,76,42,58,48,82,0,0,74,77,19,25,47,57,56,61,53,62,36,0,0,19,28,0,16,0,0,0,0,0,2,19,0,0,0,0
l16,7=38,2,16,11,0,17,22,35,1,0,38,29,32,45,79,0,70,0,72,24,49,5,0,43,59,55,58,9,0,0,58,81,0,22,0,0,1,0,36,13,34,51,55,43,4
l17,7=0,17,8,15,0,21,20,5,22,38,63,48,50,67,83,0,75,84,0,19,25,37,9,53,60,65,62,37,0,0,51,44,0,0,0,0,0,0,0,1,1,34,11,41,5
l18,7=0,11,4,0,22,10,9,38,43,22,44,33,34,47,77,0,50,85,57,0,83,60,57,0,63,69,76,63,0,0,43,35,23,0,0,0,2,0,34,7,37,30,45,72,9
l19,7=0,0,5,0,0,17,14,25,22,28,40,0,37,44,70,0,72,89,79,74,0,40,52,62,76,63,56,39,0,0,39,35,0,20,0,0,0,2,27,11,24,33,58,42,11
l20,7=0,0,0,0,0,0,0,15,34,12,11,5,0,0,50,0,41,27,38,64,31,0,79,77,74,68,72,80,0,0,0,0,40,38,0,12,23,1,57,2,0,0,45,67,54
l21,7=0,0,0,0,0,0,0,15,56,0,26,0,44,32,0,0,49,0,11,56,40,82,0,72,74,62,1,78,0,0,0,0,1,0,0,7,0,0,31,0,0,0,55,46,33
l22,7=0,0,0,0,0,0,0,0,19,11,28,17,18,19,28,0,22,29,43,1,52,74,60,0,79,70,79,81,0,0,0,10,14,49,0,18,51,13,56,12,34,18,64,67,52
l23,7=0,0,0,0,0,0,0,14,13,0,22,15,39,15,51,0,44,52,54,61,62,71,62,80,0,75,82,76,0,0,0,12,14,37,0,44,10,0,25,2,35,14,65,69,58
l24,7=0,0,3,0,0,0,9,51,11,17,31,10,47,22,57,0,30,46,63,66,60,70,41,76,79,0,82,78,0,0,13,6,9,7,0,31,18,0,3,14,15,15,63,66,58
l25,7=0,0,0,0,0,0,0,13,19,19,39,14,55,0,58,0,40,58,55,66,12,48,0,80,79,75,0,72,0,0,5,12,48,40,0,33,22,24,33,7,31,13,67,76,15
l26,7=0,0,0,0,0,8,0,24,12,0,0,24,25,13,36,0,19,22,50,66,40,80,66,80,75,72,79,0,0,0,13,0,47,16,0,24,48,22,56,25,29,16,59,25,58
l27,7=0,18,6,14,41,20,6,0,0,0,7,0,31,50,78,0,17,88,72,23,25,0,0,0,0,40,4,3,0,0,0,86,17,47,0,19,43,17,58,20,34,83,0,26,0
l28,7=27,0,0,13,30,4,10,0,0,20,6,12,30,29,72,0,16,89,50,20,19,0,0,22,41,0,22,0,0,0,97,0,34,47,0,32,50,12,14,20,32,76,0,36,0
l29,7=0,0,0,0,0,0,0,0,0,0,0,0,0,0,0,0,0,0,0,47,0,37,0,55,55,9,58,53,0,0,5,50,0,74,0,78,85,74,82,87,81,77,14,15,0
l30,7=0,0,0,0,0,0,0,0,0,0,0,0,0,0,0,0,3,4,0,0,9,22,0,64,54,31,54,5,0,0,61,58,72,0,0,78,85,76,82,79,92,85,0,4,4
l31,7=0,0,0,0,0,0,0,0,0,0,0,0,0,0,0,0,0,0,0,0,0,46,0,59,66,57,63,63,0,0,37,31,72,70,0,0,85,83,79,66,81,67,0,4,0
l32,7=0,0,0,0,0,0,0,0,0,0,0,0,0,0,0,0,0,0,0,0,0,30,0,59,8,51,31,33,0,0,41,54,72,74,0,78,0,83,79,82,75,61,0,0,0
l33,7=0,0,0,0,0,0,0,0,0,0,0,0,0,0,0,0,0,0,0,0,0,0,0,56,0,0,34,32,0,0,11,21,71,74,0,78,85,0,82,78,80,75,20,0,0
l34,7=0,0,0,0,0,0,0,0,0,0,0,0,0,0,20,0,0,58,2,47,14,67,6,63,55,0,59,61,0,0,74,35,72,74,0,78,79,70,0,87,92,89,49,40,0
l35,7=0,0,0,0,0,4,0,0,0,0,0,0,0,0,14,0,7,28,11,17,16,9,0,28,54,44,38,25,0,0,50,70,72,68,0,61,68,28,82,0,92,89,25,0,0
l36,7=2,0,0,0,0,0,0,0,0,0,0,0,12,0,0,0,19,54,6,58,50,0,0,34,60,41,41,23,0,0,97,70,71,74,0,78,67,28,82,87,0,89,0,0,0
l37,7=5,0,0,0,0,5,0,0,0,0,0,0,0,0,0,0,0,24,13,12,6,0,0,33,38,23,28,7,0,0,82,54,60,73,0,63,59,28,82,87,92,0,23,0,0
l38,7=0,0,0,0,0,0,0,0,0,0,4,0,2,0,7,0,0,30,0,11,14,13,11,58,71,60,77,23,0,0,0,0,3,0,0,0,0,1,6,1,0,0,0,78,71
l39,7=0,0,0,0,0,0,0,0,0,1,9,8,4,0,44,0,0,40,23,59,30,29,8,45,70,54,81,15,0,0,7,13,2,0,0,0,0,0,8,0,0,0,73,0,57
l40,7=0,0,0,0,0,0,0,0,0,0,0,2,0,0,17,0,1,25,17,20,25,32,20,31,58,50,34,29,0,0,1,0,1,0,0,0,0,0,0,0,0,0,68,67,0
l41,7=0,0,0,0,0,0,0,0,7,0,17,0,47,8,57,0,30,44,58,49,55,21,17,47,75,65,76,3,0,0,3,38,8,0,0,0,7,0,8,0,0,13,61,78,58
l42,7=0,0,0,0,0,0,0,0,0,0,0,0,0,0,30,0,14,26,24,23,10,52,23,53,23,69,79,63,0,0,0,0,11,12,0,1,0,1,0,0,0,0,69,78,55
l43,7=0,0,0,0,0,0,0,0,0,0,0,0,0,0,1,0,7,21,22,43,21,38,21,68,51,65,79,58,0,0,0,0,15,0,0,12,17,1,12,0,0,0,66,71,60
l44,7=0,0,0,0,0,0,0,0,0,0,0,0,7,0,32,0,5,32,28,34,36,49,23,64,73,59,50,69,0,0,0,0,9,5,0,0,0,0,7,0,0,0,64,74,61

l0,8=0,98,98,92,98,93,98,94,86,86,46,89,94,55,22,0,94,0,70,62,0,0,0,0,0,0,0,0,0,0,74,25,0,0,0,0,0,0,0,0,0,0,0,0,0
l1,8=100,0,100,96,100,97,100,100,97,99,95,91,96,53,25,0,51,54,67,74,0,0,0,0,0,0,0,0,0,0,86,0,0,0,0,0,0,0,0,0,36,0,0,0,0
l2,8=100,100,0,96,99,94,100,82,97,99,97,99,95,97,47,0,98,86,79,75,63,0,0,0,0,0,0,0,0,0,83,0,0,0,0,0,0,0,0,0,0,0,0,18,0
l3,8=100,100,97,0,100,94,100,94,87,80,92,87,94,55,7,0,83,18,0,19,0,0,0,0,0,0,0,0,0,0,84,71,0,0,0,0,0,0,0,0,0,0,0,0,0
l4,8=100,99,97,96,0,94,93,80,85,86,77,89,93,61,15,0,0,0,0,76,0,0,0,0,0,0,0,0,0,0,90,70,0,0,0,0,0,0,0,0,0,0,0,0,0
l5,8=100,100,99,96,100,0,100,96,93,96,97,99,97,97,26,0,94,65,69,79,76,0,0,0,0,0,0,0,0,0,81,68,0,0,0,0,0,0,0,0,0,0,0,0,0
l6,8=100,100,100,96,99,94,0,100,97,99,97,99,97,57,71,0,94,85,77,71,76,0,0,0,0,84,0,0,0,0,81,0,0,0,0,0,0,0,0,0,0,0,0,0,0
l7,8=95,100,100,92,94,96,100,0,99,99,100,99,97,97,90,0,98,83,73,91,75,76,0,66,78,88,50,0,0,0,0,0,0,0,0,0,0,0,0,0,0,0,0,0,0
l8,8=95,100,100,91,96,93,96,100,0,99,96,99,97,92,86,0,92,0,71,90,91,83,2,63,67,0,64,77,0,0,0,0,0,0,0,0,0,0,0,0,0,0,0,0,0
l9,8=94,100,97,53,94,94,100,100,99,0,99,99,97,97,62,0,100,69,49,89,91,80,0,71,55,53,50,0,0,0,0,65,0,0,0,0,0,0,0,0,0,0,0,75,0
l10,8=86,70,49,54,86,82,76,56,58,92,0,94,97,92,96,0,100,0,93,87,88,82,37,79,56,51,50,0,0,0,85,94,0,0,0,0,0,0,0,0,0,0,56,77,0
l11,8=95,94,92,52,94,85,97,99,99,94,96,0,97,97,94,0,94,77,93,86,64,50,0,69,55,42,49,77,0,0,79,0,0,0,0,0,0,0,0,0,0,0,0,61,42
l12,8=95,72,53,55,90,85,93,96,97,99,100,99,0,97,92,0,100,86,93,93,90,34,78,0,58,53,50,74,0,0,78,85,0,0,0,0,0,0,0,0,0,0,70,0,0
l13,8=95,94,99,90,94,92,94,100,90,99,100,99,97,0,91,0,94,83,93,89,86,85,42,74,56,52,0,76,0,0,77,71,0,0,0,0,0,0,0,0,13,0,0,0,0
l14,8=14,24,6,0,43,53,70,56,32,92,99,95,97,81,0,0,58,94,99,97,100,86,53,82,58,54,50,67,0,0,91,96,0,0,0,0,0,0,6,25,14,3,62,79,22
l15,8=92,31,52,17,0,91,77,59,59,97,100,99,97,85,97,0,0,95,99,93,92,89,0,79,61,55,53,89,0,0,80,86,0,37,0,0,0,0,0,57,51,0,64,77,20
l16,8=0,22,7,0,0,51,43,36,0,27,0,46,59,47,62,0,59,0,99,97,100,25,0,0,61,56,44,0,0,0,100,100,0,26,0,0,7,24,73,84,62,47,81,0,25
l17,8=60,31,15,0,20,65,43,29,20,0,100,99,97,81,98,0,64,95,0,97,100,84,74,79,59,55,49,85,0,0,91,71,0,0,0,0,0,0,0,54,14,0,72,81,17
l18,8=14,15,2,0,41,47,22,54,53,66,77,59,85,60,98,0,44,100,93,0,98,91,80,89,86,90,77,93,0,0,88,64,47,30,0,0,0,0,72,45,45,48,80,83,43
l19,8=0,0,3,0,0,68,64,54,57,95,99,53,97,73,98,0,100,100,99,97,0,90,45,90,85,93,80,93,0,0,95,51,0,47,0,0,0,0,56,55,57,43,81,84,52
l20,8=0,0,0,0,0,0,0,47,56,15,20,28,13,55,52,0,63,46,61,89,65,0,96,91,83,91,60,94,0,0,0,0,62,54,0,0,12,0,58,52,30,46,52,57,63
l21,8=0,0,0,0,0,0,0,0,7,0,4,0,47,50,42,0,0,0,56,78,42,92,0,84,81,84,0,92,0,0,0,0,45,46,0,0,34,0,47,1,0,0,56,59,56
l22,8=0,0,0,0,0,0,0,26,25,10,58,28,0,44,41,0,44,0,47,77,71,91,72,0,86,91,79,93,0,0,2,15,36,66,0,56,47,52,63,51,0,48,61,75,63
l23,8=0,0,0,0,0,0,0,36,16,8,57,51,41,51,61,0,55,64,62,85,82,90,72,92,0,94,82,92,0,0,47,0,66,57,0,60,29,38,59,42,59,29,78,84,82
l24,8=0,0,0,0,0,0,35,68,0,56,59,38,50,55,80,0,55,65,81,84,77,90,69,88,86,0,82,90,0,0,57,15,61,1,0,48,61,45,52,47,66,44,82,82,59
l25,8=0,0,0,0,0,0,0,46,18,31,64,50,44,0,47,0,52,58,62,77,69,62,0,91,86,94,0,60,0,0,1,31,64,66,0,24,57,54,27,26,29,5,81,83,64
l26,8=0,0,0,0,0,0,0,8,28,0,0,43,13,25,19,0,55,6,67,87,73,91,84,91,81,91,65,0,0,0,0,0,60,56,0,50,75,46,73,45,26,41,72,67,70
l27,8=50,29,4,18,94,69,18,0,0,0,68,51,55,33,20,0,15,95,99,97,59,0,0,7,16,11,1,0,0,0,0,100,74,79,0,14,13,50,98,84,62,62,0,55,2
l28,8=26,0,0,11,68,48,0,0,0,21,77,0,90,27,98,0,35,100,95,61,45,0,0,37,0,2,20,0,0,0,100,0,93,75,0,9,26,61,98,100,100,57,1,78,0
l29,8=0,0,0,0,0,0,0,0,0,0,0,0,0,0,0,0,0,0,0,26,0,86,25,28,77,77,71,81,0,0,28,78,0,100,0,97,97,100,98,100,95,93,55,0,0
l30,8=0,0,0,0,8,0,0,0,0,0,0,0,0,0,0,0,18,39,0,27,37,80,34,88,77,12,81,86,0,0,98,81,94,0,0,97,97,100,98,100,100,97,1,0,0
l31,8=0,0,0,0,0,0,0,0,0,0,0,0,0,0,0,0,0,7,0,21,0,0,0,85,81,46,45,81,0,0,81,41,94,100,0,0,97,100,98,88,100,97,0,13,0
l32,8=0,0,0,0,0,0,0,0,0,0,0,0,0,0,0,0,0,47,0,0,0,0,1,54,52,79,65,89,0,0,57,73,94,99,0,97,0,100,98,83,97,94,19,0,0
l33,8=0,0,0,0,0,0,0,0,0,0,0,0,0,0,0,0,0,37,0,0,0,0,0,62,37,66,72,62,0,0,62,64,94,100,0,97,97,0,98,100,100,76,0,0,0
l34,8=0,0,0,0,0,0,0,0,0,0,0,0,0,0,0,0,0,79,0,89,43,86,75,89,77,24,28,92,0,0,95,89,94,100,0,97,97,97,0,100,100,97,67,74,5
l35,8=0,0,0,0,0,0,0,0,0,0,0,0,0,0,1,0,24,88,79,49,48,52,0,81,28,21,2,80,0,0,97,99,94,100,0,59,58,97,98,0,100,97,1,0,18
l36,8=0,1,0,0,0,0,0,0,0,0,0,0,0,2,12,0,58,99,79,58,54,18,0,0,48,59,34,72,0,0,100,100,94,100,0,60,60,90,98,100,0,97,63,0,0
l37,8=0,0,0,0,1,0,0,0,0,0,0,0,0,0,3,0,7,81,48,57,51,58,0,87,26,23,14,84,0,0,100,84,92,100,0,93,87,75,98,100,100,0,0,0,0
l38,8=0,0,0,0,0,0,0,0,0,0,1,0,8,0,23,0,27,53,43,55,52,52,53,49,52,78,78,52,0,0,0,0,48,3,0,0,0,0,9,0,4,0,0,84,88
l39,8=0,0,0,0,0,0,0,0,0,7,49,10,0,0,18,0,24,0,59,71,59,52,47,69,82,68,81,45,0,0,5,38,0,0,0,0,0,0,19,0,0,0,84,0,89
l40,8=0,0,0,0,0,0,0,0,0,0,0,4,0,0,25,0,26,44,34,51,44,57,40,61,77,17,60,53,0,0,0,0,0,0,0,0,0,0,0,0,0,0,84,83,0
l41,8=0,0,0,0,0,0,0,22,17,6,1,24,56,45,79,0,46,52,87,78,73,57,53,78,85,93,81,0,0,0,52,48,0,0,0,0,0,0,14,18,0,42,84,84,85
l42,8=0,0,0,0,0,0,0,0,0,0,0,0,0,0,36,0,6,0,0,56,52,70,56,82,81,91,76,87,0,0,0,0,38,29,0,0,36,0,0,0,0,15,82,84,72
l43,8=0,0,0,0,0,0,0,0,0,0,0,0,0,0,1,0,0,28,0,48,51,53,46,59,46,58,76,59,0,0,0,0,39,0,0,0,0,0,17,0,0,0,81,51,73
l44,8=0,0,0,0,0,0,0,0,0,0,0,0,0,11,34,0,0,42,39,54,46,0,44,58,79,65,54,47,0,0,0,0,33,23,0,0,0,0,5,0,0,0,81,81,62

l0,9=0,100,94,93,100,100,100,74,100,100,66,100,99,99,80,0,12,14,79,0,0,0,0,0,0,0,0,0,0,0,52,45,0,0,0,0,0,0,0,0,0,0,0,0,0
l1,9=95,0,93,93,100,100,100,98,100,100,41,100,80,98,0,0,84,95,50,70,4,0,0,0,0,68,0,0,0,0,59,25,0,0,0,0,0,0,0,0,9,0,0,0,0
l2,9=95,100,0,93,100,100,100,100,100,100,100,100,99,100,99,0,97,89,92,90,0,0,0,0,47,35,0,0,0,0,96,64,0,0,0,0,0,0,0,0,0,0,0,0,0
l3,9=95,100,93,0,100,100,100,98,99,62,44,100,99,100,0,0,81,0,82,70,0,0,0,0,0,0,0,0,0,0,57,43,0,0,0,0,0,0,0,0,0,0,0,0,0
l4,9=95,100,93,93,0,100,100,100,100,100,77,100,99,98,93,0,89,87,0,77,0,0,0,0,0,0,0,0,0,0,53,72,0,0,0,0,0,0,0,0,0,0,0,0,0
l5,9=95,100,94,93,100,0,100,100,61,100,100,100,81,100,95,0,98,97,81,10,5,0,0,0,0,66,0,0,0,0,67,30,0,0,0,0,0,0,0,0,20,0,0,0,0
l6,9=95,100,95,93,100,100,0,100,100,100,100,100,99,100,93,0,98,100,94,83,13,0,0,0,0,38,0,0,0,0,55,75,0,0,0,0,0,0,0,0,0,0,0,0,0
l7,9=94,100,100,93,100,100,100,0,100,100,100,100,98,100,100,0,98,99,0,98,52,99,0,0,98,95,94,96,0,0,1,0,0,0,0,0,0,0,0,0,0,0,0,6,0
l8,9=95,100,100,93,100,99,100,100,0,100,100,100,99,100,100,0,98,100,99,98,47,58,0,89,81,91,91,93,0,0,53,0,0,0,0,0,0,0,0,0,0,0,0,0,0
l9,9=94,100,100,50,100,100,100,99,100,0,100,100,99,100,100,0,98,96,100,98,91,50,0,66,92,87,88,86,0,0,80,0,0,0,0,0,0,0,0,0,0,0,0,0,0
l10,9=91,95,55,28,35,99,99,79,100,83,0,100,99,100,71,0,48,99,100,92,35,30,41,94,89,91,96,0,0,0,96,55,0,0,0,0,0,0,0,0,0,0,52,97,81
l11,9=94,100,100,57,58,99,100,100,100,100,100,0,99,100,100,0,98,99,100,96,31,0,0,89,92,13,91,94,0,0,0,4,0,0,0,0,0,0,0,0,0,0,0,79,2
l12,9=89,93,58,34,34,98,99,77,61,100,100,100,0,100,100,0,98,100,100,98,33,30,45,0,65,82,91,83,0,0,64,16,0,0,0,0,0,0,0,0,6,0,47,80,0
l13,9=92,100,94,90,51,99,99,100,100,100,100,100,99,0,100,0,98,99,100,95,56,31,0,91,97,94,90,82,0,0,0,48,0,0,0,0,0,0,0,0,23,0,0,82,0
l14,9=33,0,50,0,33,92,90,46,60,59,62,60,81,98,0,0,98,100,100,100,48,30,28,90,93,92,88,93,0,0,94,54,0,3,0,0,0,0,85,0,27,13,55,93,92
l15,9=0,99,53,26,34,98,98,61,61,86,100,100,99,100,100,0,0,100,100,100,38,33,44,95,97,95,88,94,0,0,94,55,2,18,0,0,0,0,85,64,32,33,13,87,0
l16,9=0,94,3,0,32,90,58,35,37,54,60,16,81,63,100,0,98,0,100,100,98,0,0,33,97,96,90,0,0,0,100,56,28,19,0,0,34,0,88,93,35,33,50,94,22
l17,9=87,56,51,28,0,91,97,0,56,59,62,87,81,100,100,0,98,100,0,100,99,31,45,85,96,95,95,97,0,0,96,54,0,0,0,0,0,0,0,92,27,8,32,97,0
l18,9=0,72,45,20,30,49,52,55,60,58,60,62,97,94,98,0,96,99,99,0,99,32,48,95,97,94,95,98,0,0,95,54,18,22,0,45,46,0,95,95,45,36,60,95,93
l19,9=0,55,0,0,0,93,68,51,60,58,60,42,80,98,100,0,96,100,100,100,0,32,0,96,96,94,95,98,0,0,96,54,0,16,0,0,0,0,93,88,34,36,42,95,94
l20,9=0,0,0,0,0,0,0,88,75,76,81,0,79,80,79,0,90,0,84,89,77,0,100,97,97,95,91,99,0,0,0,0,78,81,0,0,85,0,93,74,0,53,80,89,81
l21,9=0,0,0,0,0,0,0,8,0,0,85,0,97,1,92,0,94,0,99,98,0,100,0,94,96,94,92,98,0,0,0,0,0,66,0,0,81,0,91,0,0,0,95,95,94
l22,9=0,0,0,0,0,0,0,0,74,4,82,78,0,77,79,0,78,78,81,98,98,98,80,0,97,94,95,99,0,0,0,0,77,96,0,81,83,73,96,73,77,78,83,96,85
l23,9=0,0,0,0,0,0,0,37,39,39,49,88,42,88,98,0,96,97,99,98,94,98,94,97,0,96,96,98,0,0,72,11,53,45,0,63,48,29,94,70,40,66,95,96,94
l24,9=0,63,4,0,0,69,44,92,80,57,83,56,79,84,95,0,92,99,99,98,98,98,97,96,98,0,96,98,0,0,0,0,90,77,0,65,90,75,91,71,87,76,95,93,90
l25,9=0,0,0,0,0,0,0,28,44,39,90,86,89,86,91,0,75,79,92,91,88,93,39,96,98,96,0,93,0,0,0,26,90,93,0,37,92,57,92,67,53,0,95,96,89
l26,9=0,0,0,0,0,0,0,51,77,55,0,86,70,68,91,0,81,0,91,98,92,98,97,97,96,94,95,0,0,0,0,0,81,98,0,86,93,45,98,72,36,81,95,91,74
l27,9=26,86,39,25,31,88,3,0,31,27,49,0,17,0,100,0,89,100,100,95,41,0,0,0,45,0,0,0,0,0,0,95,0,58,0,46,42,33,90,99,34,37,0,33,22
l28,9=29,21,46,27,33,86,56,0,10,0,53,4,19,62,99,0,92,60,37,61,38,0,0,0,39,0,78,0,0,0,100,0,31,14,0,0,55,28,95,97,100,35,0,33,0
l29,9=0,0,0,0,0,0,0,0,0,0,0,0,0,0,0,0,6,43,0,29,0,67,0,35,85,87,96,82,0,0,0,84,0,100,0,99,100,100,100,100,98,100,71,32,7
l30,9=0,0,0,0,0,0,0,0,0,0,0,0,0,0,1,0,42,32,0,19,3,46,2,96,14,82,90,98,0,0,84,4,100,0,0,99,100,100,100,100,100,98,0,32,22
l31,9=0,0,0,0,0,0,0,0,0,0,0,0,0,0,0,0,0,2,0,53,0,0,0,64,55,77,81,81,0,0,60,5,100,100,0,0,100,100,100,64,98,89,0,0,9
l32,9=0,0,0,0,0,0,0,0,0,0,0,0,0,0,0,0,0,57,0,25,0,95,0,61,36,92,95,98,0,0,63,63,100,100,0,99,0,100,100,71,98,100,1,52,0
l33,9=0,0,0,0,0,0,0,0,0,0,0,0,0,0,0,0,0,0,0,0,0,0,0,4,13,80,84,38,0,0,30,8,100,100,0,99,100,0,100,76,90,100,0,0,0
l34,9=0,0,0,0,0,0,0,0,0,0,0,0,0,0,62,0,80,33,0,61,33,57,1,83,65,86,93,97,0,0,55,64,100,100,0,99,100,100,0,100,100,100,7,0,0
l35,9=0,0,0,0,0,0,0,0,0,0,0,0,0,0,0,0,63,33,36,61,56,57,0,35,47,91,92,60,0,0,62,55,100,100,0,83,94,99,100,0,100,100,0,0,0
l36,9=0,1,0,0,0,87,0,0,0,0,0,0,15,48,91,0,92,33,28,62,93,0,0,35,47,92,94,57,0,0,60,68,39,100,0,86,96,93,100,100,0,100,0,0,0
l37,9=0,0,0,0,0,0,0,0,0,0,6,0,3,0,80,0,86,33,7,73,37,22,0,35,49,89,7,63,0,0,100,65,100,69,0,49,98,96,100,100,100,0,0,0,0
l38,9=0,0,0,0,0,0,0,0,0,0,37,0,45,0,89,0,53,83,62,91,8,70,35,85,96,92,95,82,0,0,0,0,53,0,0,0,0,0,0,0,0,0,0,97,94
l39,9=0,0,0,0,0,0,0,0,0,0,51,30,56,50,78,0,79,91,85,83,29,25,29,91,96,79,95,71,0,0,65,16,25,33,0,0,29,0,0,0,0,0,95,0,94
l40,9=0,0,0,0,0,0,0,0,0,0,0,0,0,0,73,0,0,55,0,77,63,51,43,82,90,77,91,50,0,0,0,0,0,6,0,0,0,0,0,0,0,0,95,96,0
l41,9=0,0,0,0,0,0,0,0,0,0,1,49,68,77,97,0,94,96,98,98,58,51,13,93,96,94,95,80,0,0,63,76,0,36,0,0,5,0,53,53,0,9,95,96,94
l42,9=0,0,0,0,0,0,0,0,0,0,0,0,0,0,0,0,62,72,48,88,77,89,75,93,96,94,94,92,0,0,0,0,0,0,0,0,60,0,12,0,0,0,95,96,93
l43,9=0,0,0,0,0,0,0,0,0,0,0,0,0,0,63,0,0,16,55,65,63,84,6,89,90,81,92,82,0,0,0,0,13,9,0,46,0,0,44,0,0,0,89,90,89
l44,9=0,0,0,0,0,0,0,0,0,0,0,0,0,37,67,0,59,68,44,75,46,76,77,96,96,91,94,69,0,0,0,0,20,0,0,31,0,0,56,0,0,18,97,96,89

l0,10=0,74,96,90,93,80,93,0,68,88,83,60,88,83,70,0,40,26,22,7,0,0,0,0,0,0,0,0,0,0,11,45,0,0,0,0,0,0,0,0,0,0,0,0,0
l1,10=86,0,93,96,93,81,94,0,70,77,43,47,90,81,77,0,46,33,25,26,0,0,0,0,0,35,0,0,0,0,33,27,0,0,0,0,0,0,0,0,15,0,0,0,0
l2,10=89,73,0,50,86,83,95,0,73,89,84,63,91,85,83,0,42,19,25,32,8,0,0,0,35,36,8,0,0,0,32,28,0,0,0,0,0,0,0,0,0,0,0,20,0
l3,10=83,74,61,0,93,81,95,1,70,51,49,60,90,79,10,0,38,0,32,0,0,0,0,0,0,0,0,0,0,0,60,70,0,0,0,0,0,0,0,0,0,0,0,0,0
l4,10=88,74,93,96,0,83,90,0,68,87,83,48,88,81,63,0,60,33,0,0,0,0,0,0,0,0,0,0,0,0,0,33,0,0,0,0,0,0,0,0,0,0,0,0,0
l5,10=86,74,96,96,93,0,95,0,69,53,86,64,77,87,68,0,30,20,26,0,0,0,0,0,0,11,0,0,0,0,24,27,0,0,0,0,0,0,12,0,9,0,0,0,0
l6,10=86,74,96,96,88,80,0,0,70,94,81,66,89,83,75,0,72,52,41,42,4,0,0,0,46,35,0,0,0,0,0,74,0,0,0,0,0,0,0,0,0,0,0,4,0
l7,10=89,74,96,96,4,82,95,0,73,96,90,83,96,93,85,0,78,65,32,63,84,78,0,65,1,80,29,39,0,0,25,29,0,0,0,0,0,0,0,0,0,0,0,0,0
l8,10=82,74,96,91,88,78,95,0,0,89,89,70,94,86,87,0,39,23,62,54,74,56,0,41,51,48,25,33,0,0,43,0,0,0,0,0,0,0,0,0,0,0,0,1,0
l9,10=83,72,94,41,86,78,91,1,71,0,89,84,97,93,93,0,91,53,65,44,66,55,0,44,64,56,19,15,0,0,0,50,0,0,0,0,0,0,0,0,0,0,0,0,0
l10,10=58,68,92,44,79,81,90,0,71,89,0,83,97,91,93,0,93,57,91,23,90,57,14,78,65,71,45,21,0,0,61,52,0,0,0,0,0,0,0,0,19,0,13,36,0
l11,10=64,64,93,85,36,81,91,0,71,96,92,0,97,97,93,0,91,31,91,54,70,33,0,51,41,45,19,32,0,0,41,42,0,0,0,0,0,0,0,0,0,0,0,0,0
l12,10=42,72,93,52,46,58,91,0,70,90,93,83,0,94,93,0,91,70,69,38,40,46,40,41,51,75,26,14,0,0,31,24,0,0,0,0,0,0,0,0,0,0,22,23,3
l13,10=77,69,94,37,47,82,91,0,71,96,92,84,97,0,78,0,89,22,67,38,86,5,36,51,18,42,20,11,0,0,18,34,0,0,0,0,0,0,0,0,0,0,0,23,0
l14,10=3,64,88,0,7,28,51,0,44,55,61,82,92,55,0,0,93,56,97,29,99,81,84,74,74,75,17,32,0,0,64,85,0,57,0,0,0,0,0,36,32,16,41,55,80
l15,10=34,59,68,9,43,22,91,0,29,55,93,83,94,94,93,0,0,55,97,87,91,55,32,65,78,76,25,49,0,0,65,88,0,31,0,0,0,0,0,0,39,25,13,55,13
l16,10=4,71,52,0,10,20,51,3,18,26,56,40,92,39,96,0,66,0,59,93,99,20,0,72,80,72,12,2,0,0,99,96,24,0,0,0,9,0,33,0,89,13,6,55,62
l17,10=1,38,62,34,0,54,80,4,66,61,92,83,91,94,96,0,93,93,0,87,99,5,38,78,79,77,83,46,0,0,93,82,0,0,0,0,0,0,0,0,6,0,45,35,88
l18,10=0,51,79,0,1,0,70,1,42,44,23,76,84,82,35,0,91,95,97,0,99,85,85,81,83,83,51,88,0,0,62,79,0,70,0,0,9,0,46,77,74,78,77,56,87
l19,10=3,0,3,0,0,0,61,0,46,39,58,80,73,92,96,0,65,97,97,93,0,85,0,84,81,82,53,50,0,0,73,90,0,12,0,0,0,0,37,66,79,55,41,59,90
l20,10=0,0,0,0,0,0,0,1,50,66,67,61,71,18,73,0,63,66,41,91,75,0,99,87,76,82,86,89,0,0,0,0,74,68,0,73,0,0,79,68,0,0,73,82,66
l21,10=0,0,0,0,0,0,0,0,0,0,40,0,86,67,81,0,71,0,76,91,0,92,0,87,82,83,89,90,0,0,0,0,0,59,0,0,0,0,0,0,0,0,75,65,75
l22,10=0,0,0,0,0,0,0,0,42,50,69,57,65,56,64,0,61,69,73,81,75,90,77,0,83,82,89,91,0,0,0,0,76,74,0,67,71,62,76,71,61,60,77,78,71
l23,10=0,0,55,0,0,0,47,0,46,61,65,56,70,6,71,0,71,72,73,91,81,74,77,87,0,84,90,88,0,0,67,40,73,67,0,75,60,54,68,71,68,62,91,91,90
l24,10=0,35,31,0,0,31,51,2,44,58,69,59,78,55,75,0,67,69,77,91,86,87,81,87,83,0,89,67,0,0,8,30,73,64,0,60,71,47,70,56,68,68,89,80,68
l25,10=0,0,8,0,0,0,0,2,45,32,69,56,65,56,65,0,52,62,79,80,89,82,65,87,83,84,0,88,0,0,38,0,79,62,0,66,76,59,70,63,56,38,90,91,89
l26,10=0,0,0,0,0,0,0,6,49,18,57,60,67,40,73,0,67,36,71,90,76,90,85,87,80,76,89,0,0,0,0,0,74,79,0,64,74,72,81,0,0,74,78,87,84
l27,10=0,49,12,35,1,36,0,0,26,0,18,21,59,35,64,0,30,97,55,85,88,0,0,0,40,1,0,0,0,0,0,96,14,0,0,36,10,4,57,96,97,61,0,9,0
l28,10=26,14,27,18,26,35,49,3,0,18,15,20,53,34,74,0,63,97,28,44,52,0,0,0,21,5,0,0,0,0,99,0,41,46,0,0,0,0,63,0,97,41,1,0,33
l29,10=0,0,0,0,0,0,0,0,0,0,0,0,0,0,0,0,0,65,0,0,0,68,0,79,75,76,77,73,0,0,48,76,0,90,0,84,92,92,89,94,84,85,70,61,0
l30,10=0,0,0,0,0,0,0,0,0,0,0,0,0,0,28,0,14,0,0,43,0,37,15,77,72,46,42,78,0,0,0,50,81,0,0,84,91,92,89,94,92,88,20,0,0
l31,10=0,0,0,0,0,0,0,0,0,0,0,0,0,0,0,0,0,0,0,11,0,64,0,74,75,53,63,67,0,0,59,0,81,90,0,0,92,92,89,86,92,85,0,49,18
l32,10=0,0,0,0,0,0,0,0,0,0,0,0,0,0,0,0,0,23,0,9,0,0,0,75,65,72,77,78,0,0,43,0,81,90,0,84,0,92,89,94,74,84,0,14,0
l33,10=0,0,0,0,0,0,0,0,0,0,0,0,0,0,0,0,0,0,0,0,0,0,0,73,49,21,63,80,0,0,17,0,81,90,0,84,92,0,89,94,87,84,0,0,0
l34,10=0,0,0,0,0,14,0,0,0,0,0,0,0,0,0,0,0,19,0,39,25,46,0,81,73,56,47,73,0,0,82,79,81,90,0,84,91,92,0,94,97,88,0,0,0
l35,10=0,0,0,0,0,0,0,0,0,0,0,0,0,0,43,0,1,0,0,68,47,37,0,73,74,28,21,0,0,0,92,0,81,90,0,81,91,90,90,0,97,88,1,13,0
l36,10=0,6,0,0,0,27,0,0,0,0,4,0,41,0,19,0,6,57,17,66,48,0,0,66,69,59,2,0,0,0,99,62,62,90,0,84,75,90,90,97,0,88,1,0,0
l37,10=0,0,0,0,0,0,0,0,0,0,0,0,0,0,44,0,25,18,3,84,51,0,0,73,64,56,13,19,0,0,72,57,81,90,0,83,46,53,90,97,97,0,0,0,0
l38,10=0,0,0,0,0,0,0,0,0,0,0,0,70,0,80,0,54,70,61,86,71,80,43,81,80,80,89,73,0,0,0,1,64,40,0,0,0,0,0,0,0,0,0,92,94
l39,10=0,0,16,0,0,0,0,0,0,0,24,0,45,37,80,0,78,78,36,82,82,81,2,80,81,75,89,75,0,0,27,0,64,0,0,7,2,0,0,18,0,0,91,0,94
l40,10=0,0,0,0,0,0,0,0,0,0,0,0,0,0,64,0,0,61,71,82,83,64,56,77,81,66,88,75,0,0,0,1,0,0,0,0,0,0,0,0,0,0,91,91,0
l41,10=0,0,0,0,0,0,0,0,6,31,4,56,79,24,80,0,81,81,76,91,87,81,0,81,74,82,89,71,0,0,32,79,0,35,0,0,0,0,0,11,54,33,90,91,93
l42,10=0,0,0,0,0,0,0,0,0,0,0,0,0,0,66,0,59,71,42,86,84,89,65,86,80,81,88,85,0,0,0,0,0,3,0,0,6,0,59,0,0,0,91,90,88
l43,10=0,0,0,0,0,0,0,0,0,0,0,0,0,0,59,0,0,0,45,62,73,86,61,86,80,63,89,75,0,0,0,0,52,53,0,49,0,0,30,0,0,0,91,87,88
l44,10=0,0,0,0,0,0,0,0,0,0,0,38,0,0,62,0,35,28,28,83,64,89,73,87,81,82,89,82,0,0,0,0,58,0,0,0,18,0,38,0,0,17,91,88,87

l0,11=0,82,81,86,91,80,33,0,82,70,47,68,71,67,20,0,13,0,0,0,0,0,0,0,0,0,0,0,0,0,0,45,0,0,0,0,0,0,0,0,0,0,0,0,0
l1,11=56,0,77,88,91,80,33,0,86,70,54,14,73,68,46,0,14,1,24,34,2,0,0,0,0,27,0,0,0,0,55,20,0,0,0,0,0,0,0,0,0,0,0,0,0
l2,11=56,79,0,85,87,80,35,0,85,71,70,70,63,68,51,0,40,0,0,64,1,0,0,0,3,22,0,0,0,0,44,0,0,0,0,0,0,0,0,0,0,0,0,4,0
l3,11=56,82,81,0,91,80,33,0,78,4,24,54,59,62,10,0,0,0,8,0,0,0,0,0,0,0,0,0,0,0,57,39,0,0,0,0,0,0,0,0,0,0,0,0,0
l4,11=56,82,74,88,0,80,33,0,85,37,21,36,41,57,11,0,11,0,0,0,0,0,0,0,0,0,0,0,0,0,58,0,0,0,0,0,0,0,0,0,0,0,0,0,0
l5,11=55,79,81,88,91,0,31,0,80,58,73,71,64,68,0,0,12,0,10,15,0,0,0,0,0,0,0,0,0,0,60,40,0,0,0,0,0,0,20,0,24,0,0,0,0
l6,11=56,81,81,86,91,79,0,0,85,71,44,71,72,68,29,0,24,0,38,46,23,0,0,0,3,36,0,0,0,0,54,0,0,0,0,0,0,0,0,0,0,0,0,0,0
l7,11=53,79,81,3,85,80,37,0,87,82,73,76,78,72,71,0,43,1,0,68,44,58,0,26,1,49,58,36,0,0,0,1,0,0,0,0,0,0,0,0,0,0,0,0,0
l8,11=43,79,76,85,87,78,35,0,0,71,78,69,72,67,61,0,41,1,50,66,9,49,0,17,8,25,46,36,0,0,31,0,0,0,0,0,0,0,0,0,0,0,0,0,0
l9,11=51,80,76,69,86,79,34,0,85,0,74,83,79,73,66,0,82,1,45,18,31,61,0,16,16,51,55,40,0,0,44,0,0,0,0,0,0,0,0,0,0,0,0,0,0
l10,11=20,22,70,75,56,50,9,0,85,45,0,56,80,72,59,0,87,1,88,65,64,24,32,24,8,55,56,46,0,0,66,37,0,0,0,0,0,0,0,0,0,0,14,11,0
l11,11=32,19,73,78,65,79,34,0,83,82,76,0,79,73,68,0,77,0,77,55,45,1,0,13,0,45,58,8,0,0,0,36,0,0,0,0,0,0,0,0,0,0,0,0,0
l12,11=42,78,43,73,61,72,25,0,83,76,81,79,0,72,68,0,83,1,50,22,42,23,13,9,5,62,42,21,0,0,24,44,0,0,0,0,0,0,0,0,0,0,12,0,0
l13,11=48,79,76,74,79,79,35,0,83,80,74,83,80,0,59,0,55,2,50,40,44,52,13,49,4,40,54,20,0,0,39,38,0,0,0,0,0,0,0,0,29,0,0,0,0
l14,11=8,21,65,18,40,0,1,1,74,22,40,46,47,42,0,0,85,85,89,85,88,63,13,24,27,61,76,62,0,0,63,69,0,3,0,0,0,0,0,13,43,15,33,25,33
l15,11=13,18,63,0,51,7,9,1,75,75,83,78,80,72,89,0,0,1,89,85,80,48,25,22,47,33,69,45,0,0,63,62,0,5,0,0,0,0,0,15,1,0,8,26,24
l16,11=9,18,0,42,46,14,0,1,58,4,28,0,36,29,60,0,34,0,89,86,90,19,0,20,25,0,55,33,0,0,92,75,0,43,0,0,0,11,16,32,74,66,0,26,27
l17,11=0,19,0,6,0,3,9,0,74,19,81,73,73,69,90,0,87,83,0,85,88,66,3,25,50,66,73,59,0,0,69,62,0,0,0,0,0,0,19,0,4,40,28,24,36
l18,11=0,14,59,0,0,9,7,0,69,6,33,40,28,33,86,0,52,53,89,0,90,74,41,24,81,79,73,69,0,0,64,53,50,40,0,12,0,0,43,33,69,66,33,22,35
l19,11=0,2,0,0,0,0,1,1,37,14,67,40,45,41,90,0,87,85,89,87,0,76,0,22,82,78,78,65,0,0,66,61,0,12,0,0,0,0,32,30,71,60,31,25,33
l20,11=0,0,0,0,0,0,0,0,56,46,29,27,49,52,64,0,58,30,65,71,63,0,92,80,72,75,73,76,0,0,0,0,63,72,0,54,50,21,75,60,0,0,76,66,29
l21,11=0,0,0,0,0,0,0,0,0,0,57,29,61,53,67,0,60,0,57,78,0,89,0,78,82,78,82,77,0,0,0,0,0,74,0,0,0,15,59,0,31,0,74,0,65
l22,11=0,0,0,0,0,0,0,2,55,41,61,60,57,56,66,0,66,59,69,71,55,87,74,0,82,78,81,78,0,0,0,42,70,78,0,65,68,61,80,25,61,56,77,72,71
l23,11=0,0,26,0,0,0,0,0,60,29,30,0,59,32,49,0,65,43,74,80,70,69,68,78,0,81,86,70,0,0,57,37,65,70,0,55,33,0,73,66,61,0,73,82,78
l24,11=0,14,34,0,0,0,6,0,44,26,57,58,70,54,70,0,64,0,66,82,74,83,69,77,82,0,86,63,0,0,42,30,65,63,0,28,67,28,73,0,0,59,85,72,75
l25,11=0,0,0,0,0,0,0,0,46,16,23,44,45,46,74,0,60,27,55,66,67,69,67,76,82,81,0,71,0,0,0,39,73,28,0,26,62,35,41,54,34,52,83,80,76
l26,11=0,0,0,0,0,0,0,0,57,41,56,25,53,32,69,0,59,40,63,77,59,83,77,80,78,65,78,0,0,0,0,0,72,70,0,65,69,65,74,40,0,63,71,62,72
l27,11=0,11,22,40,21,5,0,0,6,2,7,0,0,1,8,0,19,85,63,21,9,0,0,0,3,8,0,0,0,0,0,75,7,25,0,23,27,22,41,81,86,62,0,4,1
l28,11=6,5,0,28,2,3,0,0,0,0,3,5,1,2,27,0,24,55,31,8,6,0,0,6,0,9,22,0,0,0,92,0,27,25,0,17,33,0,43,17,78,23,9,0,0
l29,11=0,0,0,0,0,0,0,0,0,0,0,0,0,0,0,0,0,0,0,45,0,57,0,63,76,65,77,64,0,0,21,56,0,86,0,81,83,82,85,80,81,78,16,32,0
l30,11=0,0,0,0,0,0,0,0,0,0,0,0,0,0,0,0,0,41,0,14,0,51,22,62,25,16,18,67,0,0,58,30,79,0,0,79,83,82,85,17,81,78,4,0,0
l31,11=0,0,0,0,0,0,0,0,0,0,0,0,0,0,0,0,0,0,0,26,0,23,0,61,71,16,21,50,0,0,60,34,79,85,0,0,86,85,85,76,37,72,0,17,0
l32,11=0,0,0,0,0,0,0,0,0,0,0,0,0,0,0,0,0,0,0,0,0,19,0,61,19,48,46,58,0,0,50,54,80,84,0,81,0,86,85,77,79,76,11,2,0
l33,11=0,0,0,0,0,0,0,0,0,0,0,0,0,0,0,0,0,2,0,0,0,0,0,62,0,5,16,50,0,0,60,0,79,85,0,81,86,0,85,61,71,58,0,0,0
l34,11=0,0,0,0,0,2,0,0,0,0,0,0,0,0,0,0,0,4,23,19,1,52,11,67,12,19,23,65,0,0,44,45,79,86,0,79,83,82,0,80,82,80,5,0,5
l35,11=0,0,0,0,0,0,0,0,0,0,0,0,0,0,15,0,12,32,0,17,7,27,0,3,11,0,41,37,0,0,71,43,80,38,0,47,60,75,85,0,86,84,8,0,0
l36,11=0,0,0,0,0,3,0,0,0,0,0,0,1,1,21,0,0,74,8,24,24,0,2,17,3,0,21,0,0,0,92,47,48,86,0,33,79,65,85,86,0,84,0,0,0
l37,11=0,0,0,0,0,0,0,0,0,0,0,0,0,0,10,0,0,43,46,42,19,0,0,20,0,19,44,56,0,0,68,43,79,86,0,50,80,62,85,86,86,0,0,0,0
l38,11=0,0,0,0,0,0,0,0,0,0,0,0,29,0,76,0,0,0,66,77,63,71,8,69,54,67,76,63,0,0,0,11,1,0,0,0,0,0,0,0,0,0,0,85,80
l39,11=0,0,0,0,0,0,0,0,0,0,13,0,0,0,74,0,69,72,74,76,59,69,0,70,81,66,85,60,0,0,32,6,53,0,0,0,1,0,0,0,0,0,89,0,85
l40,11=0,0,0,0,0,0,0,0,0,0,0,0,0,0,60,0,23,68,69,74,58,1,12,63,78,71,84,68,0,0,0,0,0,0,0,0,0,0,0,0,0,0,88,84,0
l41,11=0,0,0,0,0,0,0,0,49,9,9,35,36,33,75,0,76,73,78,85,66,73,35,75,74,77,85,64,0,0,22,54,0,4,0,0,0,0,0,0,3,7,89,84,82
l42,11=0,0,0,0,0,0,0,0,0,0,0,0,0,0,72,0,60,0,58,77,64,73,64,72,79,73,81,67,0,0,0,0,58,0,0,31,0,0,71,3,0,0,83,84,82
l43,11=0,0,0,0,0,0,0,0,0,0,0,0,0,0,22,0,19,10,53,75,57,74,0,79,62,71,85,74,0,0,0,0,0,61,0,0,26,0,58,0,0,0,83,77,81
l44,11=0,0,0,0,0,0,0,0,0,0,14,3,0,0,64,0,33,13,56,78,20,79,56,80,81,79,82,70,0,0,0,0,51,0,0,0,36,0,7,0,0,0,89,74,80

l0,12=0,92,78,90,86,85,83,1,82,86,67,84,86,73,64,0,88,26,0,40,0,0,0,0,0,0,0,0,0,0,48,8,0,0,0,0,0,0,0,0,0,0,0,0,0
l1,12=89,0,78,90,86,85,83,0,82,83,56,77,83,70,67,0,63,3,0,31,0,0,0,0,13,1,0,0,0,0,4,12,0,0,0,0,0,0,0,0,0,0,0,0,0
l2,12=89,88,0,86,84,85,82,1,83,83,69,78,82,73,61,0,64,26,37,59,20,3,0,3,39,1,23,0,0,0,0,17,0,0,0,0,0,0,0,0,0,0,0,0,0
l3,12=92,92,77,0,86,85,83,4,77,61,59,79,83,72,28,0,36,0,0,0,0,0,0,0,0,0,0,0,0,0,0,10,0,0,0,0,0,0,0,0,23,0,0,0,0
l4,12=92,92,75,90,0,84,83,1,82,72,47,78,81,70,0,0,58,32,0,0,0,0,0,0,0,0,0,0,0,0,48,13,0,0,0,0,0,0,0,0,0,0,0,0,0
l5,12=93,92,77,90,86,0,84,0,82,75,69,73,80,67,53,0,55,40,58,32,0,0,0,0,42,0,0,0,0,0,34,10,0,0,0,0,0,0,4,0,0,0,0,0,0
l6,12=89,92,77,90,86,85,0,1,84,83,70,82,86,72,54,0,20,32,58,36,9,0,0,0,48,0,1,0,0,0,45,0,0,0,0,0,0,0,0,0,1,0,0,0,0
l7,12=89,86,82,85,83,83,84,0,85,88,64,86,86,82,77,0,90,60,74,61,0,44,0,58,64,37,41,6,0,0,0,0,0,0,0,0,0,0,0,0,0,0,0,0,0
l8,12=84,88,79,77,83,83,83,4,0,84,70,78,75,68,69,0,90,72,77,33,18,23,16,58,53,30,49,45,0,0,0,6,0,0,0,0,0,0,0,0,0,0,0,0,0
l9,12=85,88,77,72,83,84,83,3,84,0,75,87,86,83,69,0,91,59,65,35,27,51,0,64,76,65,64,62,0,0,56,2,0,0,0,0,0,0,0,0,0,0,0,9,0
l10,12=68,48,45,69,76,62,50,3,84,85,0,87,86,80,85,0,94,72,85,54,43,18,13,68,66,48,46,34,0,0,0,14,0,0,0,0,0,0,0,0,0,0,33,12,0
l11,12=82,69,43,71,83,83,82,2,83,85,78,0,82,83,83,0,86,24,84,37,37,8,0,31,47,14,60,43,0,0,34,13,0,0,0,0,0,0,0,0,0,0,0,30,10
l12,12=82,88,63,82,83,82,81,8,65,85,80,81,0,81,72,0,91,31,77,57,60,4,31,44,76,68,40,26,0,0,68,17,0,0,0,0,0,0,0,0,0,0,17,0,4
l13,12=84,87,77,81,83,83,82,2,71,88,74,88,86,0,69,0,92,0,77,49,19,0,28,44,49,12,59,41,0,0,35,7,0,0,0,0,0,0,0,0,0,0,0,26,0
l14,12=58,47,10,13,0,18,10,1,84,77,65,50,53,80,0,0,94,91,89,54,93,44,1,51,81,72,83,73,0,0,63,49,0,0,0,0,0,0,4,0,40,36,82,71,49
l15,12=69,51,40,62,82,56,24,3,82,85,84,50,86,80,90,0,0,81,89,50,75,45,23,6,77,69,67,29,0,0,61,45,0,0,0,0,0,0,0,10,0,0,61,42,43
l16,12=30,0,6,0,56,24,10,0,78,50,51,19,33,0,90,0,62,0,78,57,55,13,0,69,65,42,46,45,0,0,66,54,0,2,0,0,0,0,0,20,57,83,28,62,22
l17,12=0,0,18,0,0,51,45,7,80,72,81,80,80,79,90,0,94,91,0,89,90,54,22,78,81,72,71,66,0,0,60,47,0,0,0,0,0,0,3,28,30,21,70,69,47
l18,12=41,44,39,0,0,46,44,1,71,65,61,44,51,73,89,0,80,91,89,0,93,68,78,78,84,77,80,73,0,0,59,15,40,61,0,42,0,0,55,73,53,76,64,68,49
l19,12=0,0,19,0,0,21,28,0,63,60,73,46,82,55,90,0,91,91,89,92,0,62,1,81,84,78,84,21,0,0,57,33,0,62,0,0,0,0,18,66,48,0,76,57,46
l20,12=0,0,3,0,0,0,0,4,50,57,52,38,39,0,60,0,64,59,58,79,63,0,95,84,74,70,60,78,0,0,0,0,0,67,0,0,60,55,69,60,39,36,71,65,69
l21,12=0,0,0,0,0,0,0,0,52,0,56,0,70,65,0,0,73,0,60,83,12,81,0,83,84,73,84,78,0,0,0,0,0,66,0,0,0,0,70,0,0,0,74,30,69
l22,12=0,0,0,0,0,0,0,4,59,60,63,32,55,58,67,0,1,66,67,67,71,76,75,0,84,77,85,78,0,0,0,0,62,74,0,72,73,20,75,72,37,64,72,78,75
l23,12=0,0,0,0,0,27,22,5,44,60,46,32,74,44,64,0,74,62,76,82,82,67,59,84,0,78,87,74,0,0,39,0,61,61,0,63,47,0,65,59,44,61,77,87,82
l24,12=0,0,0,0,0,20,19,2,51,57,56,44,73,53,66,0,65,59,72,85,85,73,71,84,84,0,87,77,0,0,42,17,61,62,0,44,52,1,66,56,60,48,80,67,81
l25,12=0,0,7,0,0,0,0,4,45,48,39,49,39,48,69,0,63,53,57,59,69,50,55,84,84,78,0,77,0,0,1,32,59,62,0,55,57,3,55,19,0,59,79,85,71
l26,12=0,0,0,0,0,0,0,14,52,57,57,54,58,55,59,0,64,62,55,69,61,76,78,84,79,70,81,0,0,0,0,23,67,61,0,67,69,58,70,57,23,59,67,59,70
l27,12=26,0,0,0,32,8,26,0,0,43,0,16,24,14,75,0,50,91,67,38,33,0,0,0,36,9,3,0,0,0,0,83,2,2,0,32,8,26,17,85,62,65,0,17,10
l28,12=25,3,5,22,33,21,1,0,12,1,28,20,22,9,83,0,46,91,65,11,14,0,0,0,0,5,43,7,0,0,92,0,0,0,0,5,49,0,83,78,56,84,7,3,0
l29,12=0,0,0,0,0,0,0,0,0,0,0,0,0,0,0,0,0,0,0,60,0,9,0,53,73,62,72,69,0,0,33,22,0,84,0,85,81,85,83,82,73,80,0,50,1
l30,12=0,0,0,0,7,0,0,0,0,0,0,0,0,0,0,0,8,6,0,16,22,68,11,45,41,59,74,49,0,0,17,16,79,0,0,83,81,85,84,82,81,80,0,22,29
l31,12=0,0,0,0,0,0,0,0,0,0,0,0,0,0,0,0,0,0,0,43,1,12,0,71,72,42,48,67,0,0,69,44,79,88,0,0,87,88,78,76,71,75,25,10,0
l32,12=0,0,0,0,0,0,0,0,0,0,0,0,0,0,0,0,0,0,0,0,0,43,0,46,36,41,42,41,0,0,44,52,79,85,0,85,0,88,83,78,72,80,0,0,0
l33,12=0,0,0,0,0,0,0,0,0,0,0,0,0,0,0,0,0,0,0,0,0,28,0,5,1,0,0,31,0,0,55,0,79,76,0,85,87,0,83,75,72,70,0,0,0
l34,12=0,0,0,0,0,7,0,0,0,0,0,0,0,0,26,0,0,2,8,38,0,64,11,45,46,54,49,58,0,0,48,74,79,84,0,83,81,85,0,84,84,83,0,0,31
l35,12=0,0,0,0,0,0,0,0,0,0,0,0,0,0,0,0,4,17,9,20,32,53,0,46,43,13,30,31,0,0,80,44,79,84,0,83,81,85,84,0,87,87,38,0,0
l36,12=0,0,0,13,0,0,6,0,0,0,0,0,15,0,63,0,0,60,12,29,37,21,0,7,43,18,0,7,0,0,87,47,79,84,0,61,64,84,84,89,0,87,0,0,0
l37,12=0,0,0,0,12,0,0,0,0,0,0,0,9,0,60,0,0,75,21,46,0,22,0,37,43,28,65,48,0,0,46,73,79,84,0,84,82,81,84,89,87,0,0,0,0
l38,12=0,0,0,0,0,0,0,0,0,0,20,0,12,0,76,0,46,49,69,25,69,67,14,75,71,71,79,73,0,0,0,0,0,0,0,0,0,0,0,0,0,0,0,91,84
l39,12=0,0,0,0,0,0,0,0,0,0,5,32,0,53,74,0,69,72,69,73,27,60,4,76,84,65,85,67,0,0,38,0,33,0,0,0,0,0,0,0,0,0,86,0,83
l40,12=0,0,0,0,0,0,0,0,0,0,0,1,1,0,69,0,34,63,66,68,40,50,23,75,79,74,79,73,0,0,3,0,0,0,0,0,0,0,3,0,0,0,84,89,0
l41,12=0,0,0,0,0,0,20,0,47,44,36,0,37,52,73,0,74,73,70,87,74,63,57,77,84,71,78,73,0,0,0,0,0,12,0,0,0,0,8,0,0,51,86,91,79
l42,12=0,0,0,0,0,0,0,0,0,0,0,0,7,0,58,0,40,0,0,75,74,62,4,82,82,72,85,76,0,0,0,0,51,43,0,39,0,0,63,18,0,0,84,89,85
l43,12=0,0,0,0,0,0,0,0,0,0,0,0,41,0,10,0,61,3,54,59,38,35,10,77,80,68,83,71,0,0,0,0,48,56,0,0,0,0,0,0,0,0,85,90,84
l44,12=0,0,0,0,0,0,0,0,0,0,25,0,0,0,48,0,44,52,6,73,59,74,11,81,80,72,81,71,0,0,0,0,53,46,0,1,3,0,0,0,0,0,85,89,83

l0,13=0,93,99,93,97,98,95,99,85,79,83,86,84,81,77,0,54,23,0,51,0,0,0,0,0,0,0,0,0,0,0,63,0,0,0,0,0,0,0,0,0,0,0,0,0
l1,13=96,0,53,96,97,98,95,98,91,69,76,84,87,78,68,0,57,40,35,27,0,0,0,0,1,10,0,0,0,0,0,78,0,0,0,0,0,0,0,0,0,0,0,0,0
l2,13=94,88,0,90,91,94,95,98,86,81,84,88,86,83,66,0,50,46,0,53,47,0,0,30,0,0,14,0,0,0,0,0,0,0,0,0,0,0,0,0,0,0,0,0,0
l3,13=95,91,99,0,97,97,95,94,85,60,81,87,82,79,57,0,77,42,16,0,0,0,0,0,0,0,0,0,0,0,46,88,0,0,0,0,0,0,0,0,2,0,0,0,0
l4,13=96,90,99,96,0,98,95,94,86,81,84,88,79,79,0,0,46,0,0,0,0,0,0,0,0,0,0,0,0,0,75,66,0,0,0,0,0,0,0,0,0,0,0,0,0
l5,13=98,93,99,96,97,0,95,97,81,81,89,82,45,56,62,0,34,44,50,44,1,0,0,0,0,0,0,0,0,0,32,59,0,0,0,0,0,0,0,0,0,0,0,0,0
l6,13=94,92,99,92,91,95,0,100,86,82,87,87,86,83,60,0,83,71,92,91,36,0,0,0,26,0,0,0,0,0,52,0,0,0,0,0,0,0,0,0,0,0,0,0,0
l7,13=94,92,96,92,89,95,95,0,96,82,87,88,90,88,90,0,83,1,92,93,0,58,4,63,71,71,46,4,0,0,7,1,0,0,0,0,0,0,0,0,0,0,0,21,0
l8,13=89,93,99,88,91,93,95,100,0,92,89,97,90,63,92,0,84,43,92,53,59,0,53,61,0,22,28,78,0,0,8,0,0,0,0,0,0,0,0,0,0,0,18,19,0
l9,13=83,88,94,20,87,84,91,90,86,0,98,97,95,88,86,0,87,33,60,59,84,78,0,55,50,31,25,83,0,0,65,60,0,0,0,0,0,0,0,0,0,0,0,28,0
l10,13=92,55,35,28,86,96,76,51,33,94,0,97,95,88,81,0,95,44,60,61,93,0,0,65,36,33,30,72,0,0,71,0,0,0,0,0,0,0,0,0,0,0,27,43,0
l11,13=89,81,94,52,83,91,90,95,96,94,98,0,95,88,90,0,87,38,61,58,77,68,0,38,33,0,30,80,0,0,51,69,0,0,0,0,0,0,0,0,0,0,0,59,0
l12,13=85,91,94,83,82,81,91,90,83,93,98,97,0,88,91,0,92,24,92,92,95,29,34,45,61,87,33,81,0,0,77,7,0,0,0,0,0,0,0,0,0,0,0,11,0
l13,13=88,64,94,30,85,84,91,100,32,94,97,97,95,0,84,0,89,19,92,43,77,48,57,49,33,30,25,49,0,0,33,35,0,0,0,0,0,0,0,0,0,0,1,63,0
l14,13=84,60,1,0,0,79,46,29,34,76,88,41,36,41,0,0,95,57,96,61,100,72,13,0,47,33,31,61,0,0,83,92,0,0,0,0,0,0,9,14,43,41,78,90,48
l15,13=83,69,12,45,64,84,74,48,51,89,98,57,95,88,96,0,0,58,96,98,98,51,22,64,66,54,23,83,0,0,85,89,0,0,0,0,0,0,0,0,8,26,0,82,11
l16,13=54,50,1,0,0,83,61,2,26,73,90,24,10,14,83,0,56,0,62,63,100,0,0,65,23,28,0,29,0,0,98,100,0,22,0,0,0,8,32,31,57,57,59,91,47
l17,13=0,0,0,0,0,88,65,32,34,86,95,39,59,41,96,0,95,69,0,100,100,77,54,84,59,33,31,81,0,0,85,95,0,0,0,0,0,0,0,37,51,23,80,90,38
l18,13=68,33,13,0,0,63,62,31,26,76,96,40,36,35,95,0,94,99,96,0,100,94,80,71,73,60,57,92,0,0,89,92,25,18,0,1,0,0,32,51,57,57,89,36,47
l19,13=0,0,5,0,0,59,40,0,15,69,95,33,35,37,96,0,95,99,96,100,0,77,69,86,93,99,33,85,0,0,91,92,0,15,0,0,0,0,8,49,57,41,89,92,50
l20,13=0,0,0,0,0,0,0,26,0,70,0,73,27,27,74,0,75,0,78,99,79,0,99,90,87,99,83,94,0,0,0,0,71,79,0,2,45,66,83,47,1,46,85,83,77
l21,13=0,0,0,0,0,0,0,55,83,5,0,0,84,78,73,0,83,1,87,92,85,96,0,90,92,93,88,93,0,0,0,0,76,21,0,62,0,0,78,0,0,0,70,1,91
l22,13=0,0,1,0,0,0,0,44,67,58,69,29,31,41,0,0,56,49,82,84,84,93,85,0,93,98,92,94,0,0,0,0,72,60,0,71,70,27,76,72,0,37,87,92,82
l23,13=0,0,0,0,0,0,43,60,0,72,69,28,82,43,78,0,79,30,90,96,98,93,92,90,0,99,93,92,0,0,0,49,75,55,0,71,39,0,83,41,32,65,94,98,96
l24,13=0,0,0,0,0,0,21,48,20,67,88,0,92,50,95,0,89,57,91,99,98,94,78,90,93,0,93,92,0,0,65,62,77,81,0,75,69,5,54,38,82,46,97,98,95
l25,13=0,0,9,0,0,0,0,21,41,55,58,48,36,34,88,0,31,25,37,94,86,78,75,90,93,99,0,66,0,0,44,0,78,44,0,78,61,24,23,39,0,47,97,98,57
l26,13=0,0,0,0,0,0,0,26,67,66,63,66,69,29,63,0,82,65,65,92,67,95,96,90,90,97,68,0,0,0,45,12,82,76,0,82,79,42,89,76,1,61,92,94,90
l27,13=41,0,0,5,61,53,51,2,1,52,81,23,34,7,76,0,54,99,60,58,95,0,0,0,0,17,2,9,0,0,0,100,73,28,0,58,32,14,36,54,62,54,0,0,0
l28,13=47,50,0,12,51,81,8,7,0,46,0,31,5,14,82,0,54,69,62,56,66,0,0,0,17,19,0,0,0,0,98,0,59,37,0,39,69,29,37,33,58,57,19,38,0
l29,13=0,0,0,0,0,0,0,0,0,0,0,0,0,0,0,0,0,0,0,13,0,25,16,68,72,77,72,76,0,0,66,55,0,90,0,88,90,96,95,90,94,0,0,61,0
l30,13=0,0,0,0,0,0,0,0,0,0,0,0,0,0,1,0,1,19,0,21,19,33,0,37,46,73,22,31,0,0,32,62,88,0,0,88,90,91,95,93,93,93,31,38,0
l31,13=0,0,0,0,0,0,0,0,0,0,0,0,0,0,0,0,0,0,0,6,0,4,19,48,47,72,72,80,0,0,53,52,88,90,0,0,90,96,95,79,87,93,0,0,0
l32,13=0,0,0,0,0,0,0,0,0,0,0,0,0,0,0,0,0,0,0,0,0,19,0,43,13,70,72,46,0,0,37,48,88,87,0,88,0,96,95,93,62,93,0,0,0
l33,13=0,0,0,0,0,0,0,0,0,0,0,0,0,0,0,0,0,17,0,0,0,55,0,26,0,0,60,18,0,0,26,37,88,82,0,88,90,0,92,83,78,52,0,0,0
l34,13=0,0,0,0,0,2,0,0,0,0,0,0,0,0,15,0,0,23,0,60,0,39,9,67,82,73,27,87,0,0,62,93,88,90,0,88,90,96,0,93,99,96,0,0,12
l35,13=0,0,0,0,0,1,0,0,0,0,0,0,0,0,30,0,0,28,35,86,54,27,0,78,52,21,9,30,0,0,84,90,84,90,0,41,90,96,95,0,99,96,32,58,0
l36,13=0,0,0,0,0,0,0,0,0,0,0,0,3,0,38,0,16,35,42,57,67,0,0,0,24,26,0,0,0,0,92,100,78,49,0,43,55,57,95,93,0,96,0,0,0
l37,13=0,0,0,0,8,0,0,0,0,0,0,0,0,0,35,0,26,97,32,85,47,21,0,50,83,38,23,21,0,0,87,99,0,90,0,88,90,48,95,93,99,0,0,17,0
l38,13=0,0,0,0,0,0,0,0,0,0,13,0,0,0,82,0,0,34,82,92,85,90,0,90,89,98,92,91,0,0,0,6,1,19,0,0,0,0,0,1,0,0,0,98,97
l39,13=0,0,0,0,0,0,0,2,0,0,26,23,7,32,91,0,21,54,85,33,85,59,0,88,90,98,92,89,0,0,0,56,61,6,0,0,0,0,0,34,0,0,97,0,97
l40,13=0,0,0,0,0,0,0,0,0,0,0,0,0,0,58,0,12,66,35,71,76,63,67,85,67,93,76,89,0,0,0,0,0,0,0,0,0,0,17,0,0,0,97,98,0
l41,13=0,0,0,0,0,0,0,0,6,0,79,12,23,32,53,0,66,97,92,95,98,82,62,90,90,98,92,89,0,0,0,1,60,0,0,0,0,0,14,0,16,35,99,99,94
l42,13=0,0,0,0,0,0,0,0,0,0,0,0,0,0,85,0,54,56,17,97,89,90,67,90,90,97,92,87,0,0,0,0,0,40,0,0,52,0,37,0,0,0,97,98,96
l43,13=0,0,0,0,0,0,0,0,0,0,0,0,14,0,74,0,60,33,7,89,69,89,46,90,83,91,90,81,0,0,0,0,59,61,0,8,48,0,11,0,0,0,97,98,94
l44,13=0,0,0,0,0,0,0,0,0,0,0,0,0,0,79,0,36,28,61,63,83,90,4,89,90,94,86,61,0,0,0,0,0,60,0,0,0,0,0,0,0,17,97,98,95

l0,14=0,100,100,99,100,100,100,99,100,100,93,100,99,100,71,0,100,81,48,42,0,0,0,0,0,0,0,0,0,0,78,0,0,0,0,0,0,0,0,0,0,0,0,0,0
l1,14=100,0,100,99,100,100,100,100,100,92,99,100,100,100,40,0,100,100,90,100,0,0,0,0,0,0,0,0,0,0,93,84,0,0,0,0,0,0,0,0,0,0,0,0,0
l2,14=100,100,0,99,100,100,100,100,100,100,100,100,100,100,99,0,98,93,53,88,0,0,0,0,0,11,0,0,0,0,86,29,0,0,0,0,0,0,0,0,0,0,0,0,0
l3,14=100,100,76,0,100,100,100,99,60,68,100,100,91,56,1,0,91,85,53,0,0,0,0,0,0,0,0,0,0,0,88,80,0,0,0,0,0,0,0,0,0,0,0,0,0
l4,14=100,100,86,99,0,100,100,100,100,83,100,100,66,100,57,0,96,0,18,0,0,0,0,0,0,0,0,0,0,0,100,12,0,0,0,0,0,0,0,0,0,0,0,0,0
l5,14=100,100,100,99,100,0,100,100,100,99,100,100,73,100,64,0,98,93,58,81,18,0,0,0,0,0,0,0,0,0,100,92,0,0,0,0,0,0,0,0,0,3,0,0,0
l6,14=100,100,100,99,100,100,0,100,100,98,100,100,100,100,82,0,100,13,97,100,0,0,0,0,0,0,0,0,0,0,0,0,0,0,0,0,0,0,0,0,0,0,0,0,0
l7,14=100,100,100,99,100,100,100,0,100,96,100,100,100,100,100,0,100,52,97,98,74,0,0,97,99,99,10,6,0,0,48,0,0,0,0,0,0,0,0,0,0,0,0,64,0
l8,14=100,100,100,58,100,100,100,100,0,100,100,100,100,100,100,0,98,96,97,96,70,16,0,99,100,4,98,100,0,0,0,0,0,0,0,0,0,0,0,0,0,0,0,89,0
l9,14=100,100,100,78,97,100,96,100,100,0,100,100,100,100,100,0,100,96,57,95,38,58,23,42,84,97,84,98,0,0,93,0,0,0,0,0,0,0,0,0,0,0,0,0,0
l10,14=95,96,84,61,61,100,100,100,100,100,0,100,100,100,82,0,98,96,97,84,72,41,0,100,97,99,99,43,0,0,99,95,0,0,0,0,0,0,0,0,83,0,91,0,0
l11,14=100,100,100,71,95,100,100,100,100,100,100,0,100,100,100,0,100,86,97,100,71,53,0,62,95,89,73,97,0,0,0,29,0,0,0,0,0,0,0,0,0,0,0,85,0
l12,14=97,100,100,74,56,100,100,100,100,100,100,100,0,100,100,0,100,46,97,98,73,58,53,91,100,100,82,1,0,0,92,88,0,0,0,0,0,0,0,0,0,0,0,85,0
l13,14=100,100,64,52,100,100,100,100,100,100,100,100,100,0,100,0,100,18,97,89,37,14,0,2,91,85,3,50,0,0,27,37,0,0,0,0,0,0,0,0,0,0,0,94,57
l14,14=79,15,65,3,25,97,87,60,62,71,94,96,67,56,0,0,100,96,97,88,100,23,5,93,96,96,97,97,0,0,96,96,0,22,0,0,0,0,0,85,59,59,92,95,89
l15,14=83,100,72,37,52,98,93,60,60,72,100,100,100,58,100,0,0,72,97,88,73,61,3,96,67,100,96,100,0,0,100,98,0,0,0,0,0,0,3,1,0,0,14,62,72
l16,14=46,63,32,5,3,98,94,11,29,46,89,60,22,17,66,0,87,0,70,100,73,1,0,91,71,59,88,91,0,0,100,100,18,16,0,2,0,0,56,99,99,71,61,88,48
l17,14=85,16,34,37,7,98,93,61,61,26,100,100,100,58,100,0,100,100,0,100,100,6,49,98,99,98,96,99,0,0,100,100,0,0,0,0,0,0,66,7,2,64,95,96,99
l18,14=46,86,74,0,0,98,93,56,59,72,98,98,68,58,98,0,100,100,97,0,99,95,59,98,100,99,97,99,0,0,98,97,2,0,0,0,1,0,96,94,97,98,97,96,96
l19,14=0,0,0,0,0,98,2,58,23,36,99,99,67,56,100,0,100,100,97,100,0,61,2,100,100,100,99,98,0,0,99,100,0,0,0,0,0,0,0,97,99,97,25,98,97
l20,14=0,0,0,0,0,0,11,12,61,78,68,90,52,25,70,0,100,0,2,98,97,0,100,99,100,100,92,100,0,0,0,0,87,91,0,0,89,91,97,91,14,92,97,96,93
l21,14=0,0,0,0,0,0,0,27,3,43,0,6,94,26,24,0,17,0,94,98,50,100,0,98,100,99,97,100,0,0,0,0,97,0,0,7,0,0,85,0,0,0,96,1,59
l22,14=0,0,0,0,0,0,0,67,98,57,98,82,89,16,97,0,100,97,94,98,99,97,97,0,100,100,98,100,0,0,0,46,96,82,0,19,95,91,88,94,86,73,92,96,97
l23,14=0,0,0,0,0,0,28,84,38,82,97,82,98,95,98,0,76,97,94,98,99,97,97,99,0,100,99,99,0,0,89,95,97,98,0,97,84,76,96,86,90,96,97,96,96
l24,14=0,0,0,0,0,0,20,60,56,68,98,90,98,59,98,0,100,95,94,98,99,98,69,99,100,0,99,99,0,0,89,86,83,62,0,69,91,0,96,86,88,98,97,96,97
l25,14=0,0,0,0,0,0,0,32,95,59,98,92,96,69,98,0,97,94,92,98,99,87,97,98,100,100,0,99,0,0,45,0,97,97,0,96,88,82,89,84,43,90,97,96,84
l26,14=0,0,0,0,0,0,0,3,97,82,36,93,76,85,98,0,100,89,92,98,75,100,98,100,100,99,97,0,0,0,45,0,97,98,0,97,95,94,97,96,81,97,97,96,97
l27,14=77,56,5,48,60,100,41,42,0,55,100,4,64,28,65,0,100,100,58,88,73,0,0,0,57,59,0,58,0,0,0,100,61,62,0,59,90,55,100,99,99,100,72,62,0
l28,14=2,54,0,12,24,98,0,0,0,4,63,35,49,14,65,0,97,100,58,56,51,0,0,60,63,54,2,0,0,0,100,0,44,49,0,75,94,56,59,95,96,100,56,0,0
l29,14=0,0,0,0,0,0,0,0,0,0,0,0,0,0,0,0,0,50,0,17,0,49,51,97,100,98,97,100,0,0,97,75,0,100,0,100,98,100,100,99,100,100,0,75,0
l30,14=0,0,0,0,0,0,0,0,0,0,0,0,0,0,68,0,0,50,6,0,0,93,0,69,100,62,87,99,0,0,92,59,98,0,0,100,98,99,100,97,99,100,65,53,5
l31,14=0,0,0,0,0,0,0,0,0,0,0,0,0,0,0,0,0,41,0,0,0,0,2,49,89,48,84,91,0,0,52,53,98,100,0,0,98,100,100,93,99,100,67,0,22
l32,14=0,0,0,0,0,0,0,0,0,0,0,0,0,0,0,0,0,0,0,0,0,75,0,69,59,61,86,93,0,0,57,64,98,100,0,100,0,100,100,99,76,100,0,0,0
l33,14=0,0,0,0,0,0,0,0,0,0,0,0,0,0,0,0,0,0,0,0,0,68,0,73,69,0,81,89,0,0,60,60,98,90,0,100,98,0,90,90,89,83,0,0,0
l34,14=0,0,0,0,0,0,0,0,0,0,0,0,0,0,0,0,0,91,37,63,0,93,62,55,64,61,86,100,0,0,96,59,98,100,0,100,98,98,0,99,100,100,68,12,0
l35,14=0,0,0,0,0,1,0,0,0,0,0,0,0,0,86,0,1,100,7,63,61,93,0,92,63,62,86,100,0,0,94,60,98,98,0,100,96,63,100,0,99,100,0,30,0
l36,14=0,0,0,0,37,25,0,0,0,0,44,0,1,0,58,0,0,100,6,63,47,0,0,77,63,22,1,89,0,0,99,61,65,100,0,100,70,63,100,99,0,100,0,13,0
l37,14=0,0,0,0,1,32,0,0,0,0,0,0,0,0,50,0,0,97,42,56,40,51,0,79,62,62,82,89,0,0,100,100,98,100,0,99,96,51,100,99,99,0,45,17,0
l38,14=0,0,0,0,0,0,0,0,0,0,84,0,8,0,93,0,0,91,88,97,87,93,85,94,100,96,97,99,0,0,2,17,0,1,0,0,0,0,0,0,0,0,0,96,97
l39,14=0,0,0,0,0,0,0,51,9,0,0,64,63,56,92,0,93,86,77,96,72,58,0,93,98,97,97,94,0,0,89,0,55,5,0,0,0,0,8,11,0,0,99,0,97
l40,14=0,0,0,0,0,0,0,0,0,0,0,0,0,2,90,0,93,0,85,91,88,89,0,93,97,97,90,97,0,0,0,0,0,0,0,0,0,0,0,0,0,0,97,96,0
l41,14=0,0,0,0,0,0,82,0,0,63,96,91,95,4,97,0,99,99,94,98,99,70,0,98,100,49,97,99,0,0,7,92,85,0,0,0,0,0,0,36,66,63,98,99,95
l42,14=0,0,0,0,0,0,0,0,0,0,0,0,39,0,96,0,0,89,88,98,90,94,92,98,100,99,97,97,0,0,0,0,41,58,0,0,80,0,0,0,0,0,97,96,97
l43,14=0,0,0,0,0,0,0,0,0,0,0,0,51,0,85,0,17,84,24,89,80,94,71,98,93,98,96,83,0,0,0,0,68,87,0,78,68,0,73,4,0,64,97,96,97
l44,14=0,0,0,0,0,0,0,0,0,0,0,0,49,0,88,0,93,79,0,96,90,94,84,95,100,99,97,98,0,0,0,0,0,75,0,0,0,0,75,1,0,80,97,96,97

l0,15=0,100,99,100,100,98,100,99,99,100,89,98,99,100,95,0,47,49,65,90,0,0,0,0,0,0,0,0,0,0,74,87,0,0,0,0,0,0,0,0,0,0,0,0,0
l1,15=100,0,99,100,100,98,98,99,97,100,82,98,99,100,85,0,97,85,97,88,0,0,0,0,0,0,0,0,0,0,0,0,0,0,0,0,0,0,0,0,0,0,0,0,0
l2,15=100,100,0,100,100,98,100,100,99,100,66,98,98,100,86,0,78,55,65,95,0,0,0,0,0,13,0,0,0,0,82,0,0,0,0,0,0,0,0,0,0,0,0,0,0
l3,15=100,100,99,0,100,98,100,99,99,100,98,96,99,50,83,0,0,48,63,32,0,0,0,0,0,0,0,0,0,0,79,88,0,0,0,0,0,0,0,0,0,0,0,0,0
l4,15=100,100,99,100,0,98,100,99,99,21,65,88,61,98,83,0,43,51,7,83,0,0,0,0,0,0,0,0,0,0,82,83,0,0,0,0,0,0,0,0,0,0,0,0,0
l5,15=100,100,99,100,100,0,100,97,99,58,87,88,100,100,84,0,47,55,64,89,82,0,0,0,0,0,0,0,0,0,79,88,0,0,0,0,0,0,0,0,94,0,0,0,0
l6,15=100,97,100,100,100,98,0,100,99,100,99,98,100,100,86,0,97,88,96,95,8,69,0,0,0,0,0,0,0,0,89,1,0,0,0,0,0,0,0,0,0,0,0,0,0
l7,15=100,100,100,99,100,98,100,0,99,100,98,98,100,100,99,0,97,86,100,99,97,83,0,98,0,96,90,96,0,0,0,0,0,0,0,0,0,0,0,0,0,0,0,0,0
l8,15=100,100,100,100,100,98,100,100,0,100,99,98,100,100,99,0,97,51,100,99,89,75,0,98,97,84,98,97,0,0,78,80,0,0,0,0,0,0,0,0,0,0,0,6,0
l9,15=100,100,100,100,63,98,100,100,99,0,99,98,100,100,94,0,94,56,99,99,83,80,2,99,0,96,60,65,0,0,20,1,0,0,0,0,0,0,0,0,0,0,0,2,0
l10,15=55,84,83,61,59,98,100,94,99,100,0,98,100,100,92,0,55,58,100,94,83,0,0,97,95,94,63,59,0,0,68,0,0,0,0,0,0,0,0,0,58,0,55,62,76
l11,15=100,100,100,74,96,98,100,100,99,100,99,0,100,100,97,0,97,44,99,97,90,70,0,0,95,91,58,55,0,0,69,83,0,0,0,0,0,0,0,0,0,0,0,0,0
l12,15=70,100,85,60,30,98,100,100,98,100,99,98,0,100,83,0,97,54,100,94,87,72,79,93,100,95,61,0,0,0,74,74,0,0,0,0,0,0,0,0,0,0,0,53,0
l13,15=99,100,97,1,99,98,100,100,99,100,99,98,100,0,91,0,97,58,97,96,7,78,3,89,95,93,0,60,0,0,75,90,0,0,0,0,0,0,0,0,0,0,0,0,0
l14,15=55,76,85,55,55,79,94,95,60,56,61,84,76,58,0,0,97,60,100,99,100,0,0,91,96,96,60,58,0,0,76,96,0,80,0,0,0,0,0,68,90,12,57,66,77
l15,15=54,89,85,1,59,81,96,98,60,57,66,88,100,64,99,0,0,55,100,96,100,72,79,94,98,95,61,61,0,0,82,88,0,69,0,0,0,0,1,0,93,21,57,66,78
l16,15=27,85,85,58,58,78,83,86,32,38,65,42,78,59,99,0,47,0,100,99,100,63,0,58,98,86,61,41,0,0,99,96,84,82,0,0,0,0,75,98,97,60,46,67,50
l17,15=51,79,73,57,49,77,95,97,95,53,94,86,99,60,99,0,97,95,0,99,100,70,71,90,98,99,59,57,0,0,91,85,0,0,0,0,0,0,0,0,93,42,95,66,72
l18,15=45,79,75,0,57,67,91,98,59,57,65,87,81,61,99,0,55,95,100,0,100,98,93,99,99,95,98,61,0,0,81,94,24,78,0,0,0,0,85,84,99,60,68,98,97
l19,15=0,26,0,0,0,80,79,98,55,48,61,87,82,43,99,0,97,95,100,99,0,88,35,99,100,100,98,44,0,0,81,95,0,0,0,0,0,0,75,97,98,61,28,71,82
l20,15=0,0,0,0,0,0,65,95,69,62,0,93,95,76,0,0,88,72,94,98,93,0,99,100,92,100,87,100,0,0,0,0,89,91,0,0,93,92,92,86,0,1,96,93,93
l21,15=0,0,0,0,0,0,0,71,0,13,0,0,96,61,0,0,87,0,94,98,69,99,0,99,99,95,98,100,0,0,0,0,88,0,0,0,92,0,0,0,0,0,96,93,50
l22,15=0,0,0,0,0,0,0,94,57,51,91,0,95,41,95,0,89,53,94,98,98,99,96,0,100,100,98,100,0,0,0,0,90,76,0,67,96,92,93,82,90,48,97,93,93
l23,15=0,0,0,0,0,0,0,0,83,0,92,91,98,77,97,0,91,91,97,97,96,97,96,99,0,100,98,99,0,0,90,76,94,97,0,95,0,74,93,93,90,95,99,98,98
l24,15=0,0,0,0,0,0,0,92,52,88,96,84,98,97,98,0,93,52,100,96,98,99,96,99,100,0,98,99,0,0,75,86,94,98,0,95,97,0,86,54,97,96,99,98,95
l25,15=0,0,0,0,0,0,0,75,90,31,90,60,92,2,94,0,87,88,80,98,98,93,89,99,100,100,0,97,0,0,0,0,89,73,0,77,95,48,63,74,61,73,99,98,90
l26,15=0,0,0,0,0,0,0,94,91,90,88,69,0,94,94,0,90,88,83,94,68,99,99,99,99,99,98,0,0,0,0,0,98,89,0,95,90,90,92,86,90,45,99,93,98
l27,15=47,0,85,60,62,79,84,0,35,9,40,50,63,56,81,0,42,95,60,93,87,0,0,0,97,93,0,0,0,0,0,96,84,83,0,90,83,92,77,84,100,58,0,45,0
l28,15=49,0,0,59,61,80,39,0,36,0,0,51,42,59,93,0,42,95,64,95,88,0,0,0,93,77,0,0,0,0,99,0,87,84,0,91,87,96,85,95,100,60,49,45,0
l29,15=0,0,0,0,0,0,0,0,0,0,0,0,0,0,0,0,0,54,0,74,0,99,52,100,100,96,98,100,0,0,54,96,0,100,0,100,100,100,96,100,100,100,63,53,0
l30,15=0,0,0,0,0,0,0,0,0,0,0,0,0,0,86,0,26,50,5,93,0,98,0,53,97,99,78,82,0,0,57,93,100,0,0,100,100,100,96,100,100,100,1,0,28
l31,15=0,0,0,0,0,0,0,0,0,0,0,0,0,0,0,0,0,7,0,0,0,0,0,59,75,64,64,79,0,0,83,80,100,100,0,0,100,100,96,100,100,100,10,0,0
l32,15=0,0,0,0,0,0,0,0,0,0,0,0,0,0,0,0,0,0,0,0,0,72,52,92,0,87,95,77,0,0,81,91,100,100,0,100,0,100,96,100,98,100,0,0,0
l33,15=0,0,0,0,0,0,0,0,0,0,0,0,0,0,0,0,0,0,0,0,0,55,0,88,65,0,66,85,0,0,82,58,100,90,0,100,100,0,93,93,93,91,0,0,0
l34,15=0,0,0,0,0,0,0,0,0,0,0,0,0,0,0,0,0,51,0,97,64,87,0,63,93,95,51,57,0,0,61,94,100,100,0,100,100,100,0,100,100,100,0,0,0
l35,15=0,0,0,0,0,0,0,0,0,0,0,0,0,0,78,0,0,53,0,91,86,67,0,58,94,84,78,46,0,0,62,90,100,100,0,100,100,100,96,0,100,100,0,0,0
l36,15=0,0,0,0,34,76,0,0,0,0,0,0,8,0,79,0,35,53,42,97,89,0,0,58,93,98,45,42,0,0,96,94,100,100,0,99,98,99,96,100,0,100,0,0,0
l37,15=0,0,0,0,0,0,0,0,0,0,0,0,0,0,20,0,29,84,36,95,99,18,0,56,93,99,46,38,0,0,96,94,100,100,0,100,100,99,96,100,100,0,0,0,0
l38,15=0,0,0,0,0,0,0,0,0,0,45,0,0,0,56,0,60,38,93,93,0,91,60,91,97,89,87,95,0,0,0,60,50,0,0,0,0,0,0,0,0,0,0,98,98
l39,15=0,0,0,0,0,0,0,9,0,0,50,0,72,0,96,0,80,78,89,98,85,91,61,88,99,99,98,89,0,0,49,60,41,0,0,0,0,0,0,0,0,0,99,0,98
l40,15=0,0,0,0,0,0,0,0,0,0,64,0,0,0,81,0,84,55,74,91,84,90,0,87,99,87,71,97,0,0,0,0,0,3,0,0,0,0,0,0,0,0,99,98,0
l41,15=0,0,0,0,0,0,12,0,51,9,75,81,1,89,97,0,89,94,98,98,98,86,0,97,99,99,98,97,0,0,71,69,36,6,0,0,0,0,66,0,26,0,99,98,98
l42,15=0,0,0,0,0,0,0,0,0,0,22,0,69,0,0,0,58,68,70,94,8,93,60,94,99,99,89,98,0,0,0,0,52,61,0,44,4,0,11,0,0,0,99,98,98
l43,15=0,0,0,0,0,0,0,0,0,0,0,0,1,0,54,0,56,62,65,58,61,76,55,92,81,89,95,96,0,0,0,0,45,57,0,53,0,0,60,51,0,0,98,96,93
l44,15=0,0,0,0,0,0,0,0,0,0,0,0,54,0,54,0,60,36,65,93,58,93,55,89,99,87,98,96,0,0,0,0,49,1,0,0,0,0,0,0,0,47,99,97,98

