l0,0=0,90,86,82,90,88,89,44,60,88,84,84,75,78,76,0,30,0,20,28,0,0,0,0,0,0,0,0,0,0,73,60,0,0,0,0,0,0,0,0,0,0,0,0,0
l1,0=79,0,85,80,88,88,89,88,86,76,79,85,75,90,3,0,2,7,0,20,25,0,0,0,0,0,0,0,0,0,52,32,0,0,0,0,0,0,0,0,17,0,0,0,0
l2,0=79,89,0,76,82,87,88,93,86,79,84,85,74,90,40,0,67,31,0,27,18,0,0,0,0,12,0,0,0,0,54,49,0,0,0,0,0,0,0,0,0,0,0,0,0
l3,0=81,90,85,0,91,88,89,86,86,80,82,84,77,84,12,0,68,30,3,4,6,0,0,0,0,0,0,0,0,0,83,60,0,0,0,0,0,0,0,0,0,0,0,0,0
l4,0=82,91,81,86,0,88,88,25,81,79,81,47,46,89,57,0,29,5,13,0,0,0,0,0,0,0,0,0,0,0,51,65,0,0,0,0,0,0,0,0,0,0,0,0,0
l5,0=82,90,86,84,91,0,87,93,51,60,57,56,77,85,17,0,0,0,18,0,11,0,0,0,0,0,0,0,0,0,70,42,0,0,0,0,0,0,0,0,40,17,0,0,0
l6,0=82,91,86,84,87,88,0,94,86,88,83,40,78,88,46,0,50,18,21,34,30,0,0,0,0,1,0,0,0,0,80,0,0,0,0,0,0,0,0,0,0,0,0,0,0
l7,0=36,89,85,71,36,87,87,0,86,93,85,85,77,90,82,0,77,0,78,75,56,0,56,52,43,72,50,0,0,0,44,0,0,0,0,0,0,0,0,0,0,0,0,24,0
l8,0=56,89,86,76,83,85,87,93,0,93,84,85,76,90,81,0,75,41,74,73,37,1,54,35,10,9,17,33,0,0,0,0,0,0,0,0,0,0,0,0,0,0,0,18,0
l9,0=78,81,75,41,77,62,87,93,86,0,86,88,78,91,82,0,77,28,41,28,55,40,0,53,15,16,15,4,0,0,36,38,0,0,0,0,0,0,0,0,0,0,9,0,0
l10,0=79,35,51,19,72,73,58,54,50,87,0,53,80,46,32,0,84,48,83,79,75,2,43,57,22,49,34,39,0,0,22,59,0,0,0,0,0,0,0,0,40,0,34,10,0
l11,0=74,89,82,31,44,86,65,90,86,93,82,0,80,92,79,0,78,36,26,64,63,16,9,1,24,12,21,45,0,0,18,45,0,0,0,0,0,0,0,0,0,0,0,0,0
l12,0=76,89,80,68,58,86,87,86,80,86,89,88,0,92,82,0,76,62,75,72,75,0,0,4,13,29,55,51,0,0,0,30,0,0,0,0,0,0,0,0,21,0,0,0,5
l13,0=65,90,86,44,84,87,85,93,86,94,66,88,80,0,82,0,82,46,79,57,59,18,8,55,2,33,1,32,0,0,0,44,0,0,0,0,0,0,0,0,10,0,0,13,0
l14,0=54,0,12,1,54,43,33,19,21,71,58,21,25,46,0,0,85,76,86,85,99,0,35,66,22,30,29,62,0,0,81,64,0,25,0,0,0,0,0,26,48,31,72,76,26
l15,0=37,0,26,22,51,0,38,49,23,73,89,87,27,92,92,0,0,12,86,54,93,67,30,73,28,51,30,72,0,0,78,63,12,0,0,0,0,0,1,1,41,0,68,48,0
l16,0=0,2,9,6,40,0,15,0,12,19,66,20,22,43,57,0,17,0,54,82,96,0,0,15,28,7,24,0,0,0,93,89,55,28,0,19,0,9,45,32,55,44,45,58,3
l17,0=53,0,0,0,52,55,33,21,18,58,89,13,24,67,95,0,85,86,0,84,99,55,1,54,27,25,33,60,0,0,59,62,0,0,0,0,0,0,0,0,29,33,76,52,24
l18,0=47,24,19,3,0,0,31,22,23,11,83,22,24,34,95,0,28,86,52,0,99,89,56,83,37,70,71,64,0,0,39,37,59,0,0,29,0,12,35,23,52,37,85,75,28
l19,0=0,21,2,0,0,41,29,14,8,23,85,25,49,37,95,0,85,86,86,87,0,39,16,76,55,83,52,43,0,0,91,83,0,28,0,0,0,0,0,0,91,34,27,74,25
l20,0=0,0,0,0,0,0,0,0,5,52,37,47,0,53,0,0,83,0,76,85,63,0,100,95,88,93,88,93,0,0,0,1,76,51,0,84,81,0,75,0,6,56,87,63,85
l21,0=0,0,0,0,0,0,0,70,77,0,84,3,0,0,59,0,80,0,0,83,76,100,0,89,91,90,88,93,0,0,0,0,0,83,0,0,28,0,78,67,0,0,84,0,90
l22,0=0,0,0,0,0,0,0,58,53,62,68,0,5,63,70,0,75,49,64,82,71,97,74,0,91,87,89,92,0,0,0,9,88,92,0,68,74,67,68,62,68,61,85,65,78
l23,0=0,0,0,0,0,0,0,18,11,39,68,31,19,0,72,0,67,77,77,80,78,86,87,95,0,93,89,87,0,0,4,30,63,32,0,51,0,0,46,37,80,76,86,77,87
l24,0=0,0,15,0,0,0,3,22,13,52,75,11,19,61,79,0,78,29,39,83,81,97,67,79,93,0,89,82,0,0,5,11,0,83,0,48,48,2,38,65,40,0,88,77,87
l25,0=0,0,8,0,0,0,0,31,28,35,69,31,65,0,32,0,73,50,75,85,74,89,88,98,93,93,0,87,0,0,30,29,89,70,0,71,67,38,28,78,36,64,88,82,58
l26,0=0,0,0,0,0,0,0,0,24,6,71,70,67,18,75,0,85,0,73,78,73,98,98,95,91,92,88,0,0,0,47,15,81,82,0,89,86,73,89,85,70,66,82,72,92
l27,0=48,18,16,30,44,50,31,3,0,16,27,0,0,0,49,0,35,85,9,64,89,0,0,0,0,0,8,7,0,0,0,89,72,83,0,48,24,23,57,91,92,90,8,9,12
l28,0=59,12,21,31,65,58,0,0,0,23,40,0,2,35,42,0,7,86,9,14,82,0,0,7,21,6,7,0,0,0,93,0,79,68,0,42,41,29,48,69,95,94,17,15,14
l29,0=0,0,0,0,0,0,0,0,0,0,0,0,0,0,0,0,19,36,0,44,0,84,0,95,68,0,87,85,0,0,76,88,0,96,0,99,99,99,98,97,95,93,9,22,0
l30,0=0,0,0,0,0,0,0,0,0,0,0,0,0,0,0,0,0,2,0,0,2,1,26,92,0,84,31,52,0,0,93,89,98,0,0,99,99,99,98,98,95,94,19,13,0
l31,0=0,0,0,0,0,0,0,0,0,0,0,0,0,0,0,0,0,2,0,25,0,71,0,49,14,18,25,90,0,0,74,58,98,96,0,0,99,99,98,98,95,94,25,0,0
l32,0=0,0,0,0,0,0,0,0,0,0,0,0,0,0,0,0,0,0,0,0,0,67,31,74,0,39,52,83,0,0,25,59,98,96,0,99,0,99,98,98,92,89,2,0,0
l33,0=0,0,0,0,0,0,0,0,0,0,0,0,0,0,0,0,0,46,0,1,0,0,0,69,0,0,44,76,0,0,52,44,98,96,0,99,99,0,94,88,91,64,0,0,0
l34,0=0,0,0,0,0,0,0,0,0,0,0,0,0,0,0,0,0,36,0,69,0,54,29,85,71,81,27,86,0,0,91,88,98,96,0,99,99,99,0,98,95,94,28,10,0
l35,0=0,0,0,0,0,0,0,0,0,0,0,0,0,0,36,0,8,25,0,51,0,0,24,32,55,82,37,33,0,0,93,89,98,96,0,69,65,98,98,0,95,94,3,0,0
l36,0=0,9,0,0,0,63,0,0,0,0,36,0,2,0,45,0,14,19,7,75,90,0,0,30,22,23,11,26,0,0,43,89,94,96,0,59,51,90,94,98,0,94,0,15,0
l37,0=0,0,0,0,0,54,0,0,0,0,0,0,0,0,38,0,0,28,13,74,81,33,0,32,78,1,37,30,0,0,93,89,95,96,0,99,60,29,98,98,95,0,24,0,0
l38,0=0,0,0,0,0,0,0,0,0,0,48,0,0,0,70,0,63,52,56,68,49,67,54,71,77,91,83,60,0,0,8,3,0,36,0,7,0,0,43,1,0,7,0,77,90
l39,0=0,0,0,0,0,0,0,2,1,0,30,0,0,0,67,0,64,51,54,73,61,60,0,59,87,85,88,61,0,0,21,32,5,21,0,0,0,0,2,0,37,0,89,0,88
l40,0=0,0,0,0,0,0,0,0,0,0,0,0,15,0,64,0,3,32,52,68,56,59,49,69,90,84,45,84,0,0,8,39,0,0,0,0,0,0,0,0,0,0,88,80,0
l41,0=0,0,0,0,0,0,0,0,0,31,60,0,24,47,74,0,71,57,56,82,74,39,51,79,92,88,82,76,0,0,63,46,19,0,0,0,0,0,0,0,65,4,89,82,89
l42,0=0,0,0,0,0,0,0,0,0,0,0,0,0,0,60,0,37,48,51,73,57,73,0,86,91,89,88,71,0,0,0,0,0,38,0,0,0,0,54,0,0,0,86,80,86
l43,0=0,0,0,0,0,0,0,0,0,0,40,0,0,0,60,0,46,35,44,52,54,77,59,75,86,85,80,78,0,0,0,0,51,59,0,0,43,0,27,0,0,0,85,78,92
l44,0=0,0,0,0,0,0,0,0,0,0,0,40,32,0,65,0,46,45,48,63,56,75,58,76,90,91,88,77,0,0,0,1,0,0,0,0,0,0,46,4,0,0,85,77,86

l0,1=0,81,85,89,85,74,72,80,67,77,72,77,53,75,5,0,56,0,0,18,0,0,0,0,0,0,0,0,0,0,75,0,0,0,0,0,0,0,0,0,3,0,0,0,0
l1,1=72,0,79,85,89,65,88,33,67,76,42,74,21,77,34,0,32,21,8,49,29,0,0,0,0,0,0,0,0,0,67,37,0,0,0,0,0,0,0,0,4,0,0,0,0
l2,1=74,85,0,87,84,83,88,86,84,81,71,77,56,78,57,0,41,8,12,31,18,0,0,0,0,6,4,0,0,0,0,5,0,0,0,0,0,0,0,0,0,0,0,0,0
l3,1=81,82,85,0,89,56,69,30,65,62,49,72,52,75,53,0,68,13,12,21,0,0,0,0,0,0,0,0,0,0,75,18,0,0,0,0,0,0,0,0,0,0,0,0,0
l4,1=75,86,79,93,0,64,69,74,65,76,0,76,56,75,21,0,63,19,3,0,0,0,0,0,0,0,0,0,0,0,75,0,0,0,0,0,0,0,0,0,0,0,0,0,0
l5,1=79,81,85,86,83,0,70,81,66,46,72,77,44,45,34,0,55,0,11,31,0,0,0,0,0,0,0,0,0,0,24,23,0,0,0,0,0,0,0,0,45,23,0,0,0
l6,1=76,86,86,87,82,83,0,87,82,74,72,59,56,73,51,0,79,26,24,43,37,0,0,0,0,0,0,0,0,0,56,0,0,0,0,0,0,0,0,0,0,0,0,0,0
l7,1=74,69,85,28,76,82,87,0,84,85,72,77,56,82,67,0,79,2,15,47,47,23,0,2,18,48,52,1,0,0,0,22,0,0,0,0,0,0,0,0,0,0,0,30,0
l8,1=74,83,85,85,77,65,87,87,0,84,71,78,55,82,76,0,79,13,36,64,44,37,0,50,47,0,13,59,0,0,23,21,0,0,0,0,0,0,0,0,0,0,16,0,0
l9,1=75,84,83,17,76,32,8,88,84,0,73,78,56,83,76,0,38,3,12,35,18,3,23,1,47,6,48,32,0,0,0,31,0,0,0,0,0,0,0,0,0,0,0,8,0
l10,1=63,75,75,29,9,52,63,77,71,78,0,78,56,81,42,0,81,38,46,58,51,26,7,43,15,61,60,64,0,0,58,10,0,0,0,0,0,0,0,0,0,0,24,26,49
l11,1=72,83,81,54,61,54,5,87,84,86,73,0,56,85,77,0,79,4,47,62,52,0,4,23,32,35,49,2,0,0,14,26,0,0,0,0,0,0,0,0,0,0,0,7,0
l12,1=35,28,79,58,65,66,84,82,57,80,79,78,0,85,77,0,80,9,37,61,57,18,0,29,28,32,52,60,0,0,19,23,0,0,0,0,0,0,0,0,0,0,10,27,0
l13,1=72,86,84,80,81,64,73,85,84,86,73,78,56,0,77,0,80,8,34,62,22,8,7,12,35,57,58,38,0,0,15,24,0,0,0,0,0,0,0,0,0,0,0,0,36
l14,1=2,56,42,18,18,41,44,32,38,49,57,70,56,39,0,0,81,61,70,71,77,17,3,63,67,55,46,53,0,0,64,41,0,3,0,0,0,0,31,1,53,36,46,47,54
l15,1=5,41,42,21,31,25,54,49,37,47,79,78,56,78,87,0,0,40,68,67,65,32,36,65,59,69,66,65,0,0,72,18,0,0,0,0,0,0,0,26,32,18,28,45,2
l16,1=0,31,26,1,7,0,25,0,3,27,59,57,14,7,42,0,67,0,41,83,45,6,4,31,67,58,44,61,0,0,90,74,0,0,0,0,24,0,46,44,45,20,11,26,0
l17,1=0,0,34,1,8,25,5,21,33,51,73,75,31,40,87,0,81,62,0,77,76,25,22,61,62,62,64,66,0,0,66,15,0,0,0,0,0,0,0,31,45,42,34,46,44
l18,1=0,48,9,0,2,0,31,9,35,31,68,61,26,14,83,0,75,70,64,0,75,49,40,62,86,83,85,80,0,0,66,54,0,0,0,12,0,0,37,52,69,28,43,60,57
l19,1=0,54,31,0,0,0,25,12,20,43,66,62,26,10,87,0,81,66,70,84,0,26,23,47,78,70,71,66,0,0,67,54,0,18,0,0,0,0,35,0,67,27,27,47,61
l20,1=0,0,0,0,0,0,0,48,41,6,52,0,24,0,75,0,70,17,60,77,63,0,93,86,85,84,83,91,0,0,0,0,59,66,0,50,54,0,67,0,53,26,65,56,74
l21,1=0,0,0,0,0,0,0,16,12,0,8,0,0,0,28,0,56,0,27,77,27,88,0,85,85,80,83,86,0,0,0,0,7,65,0,0,42,0,58,54,0,4,72,55,71
l22,1=0,0,1,0,0,0,0,52,35,15,16,1,13,21,68,0,65,45,59,63,47,66,75,0,85,77,86,87,0,0,0,0,65,69,0,51,48,30,63,53,59,51,65,53,66
l23,1=0,0,0,0,0,0,0,6,11,61,34,32,21,28,68,0,66,63,53,77,72,69,79,85,0,84,84,86,0,0,25,39,48,58,0,46,0,35,63,41,65,58,63,58,82
l24,1=0,0,45,0,0,0,0,48,22,27,65,59,44,23,63,0,74,61,61,77,66,77,75,84,87,0,85,85,0,0,0,48,25,58,0,0,9,0,31,57,66,52,65,57,79
l25,1=0,0,0,0,0,0,0,34,41,12,56,51,37,6,74,0,49,38,61,78,69,74,83,90,87,84,0,86,0,0,0,0,61,51,0,38,33,27,51,39,45,42,63,60,34
l26,1=0,0,0,0,0,0,6,31,31,21,58,2,46,9,23,0,63,26,52,77,66,80,82,88,85,81,82,0,0,0,0,0,66,72,0,57,65,35,76,69,1,51,72,56,79
l27,1=43,56,5,32,40,33,24,0,1,0,55,0,19,14,22,0,46,72,30,39,20,1,0,0,4,14,1,0,0,0,0,74,14,77,0,28,19,17,43,79,89,84,0,38,0
l28,1=10,31,24,1,0,18,0,0,11,35,49,51,9,5,29,0,19,76,22,77,46,0,0,2,38,32,1,0,0,0,90,0,39,38,0,38,42,0,57,64,89,76,0,19,0
l29,1=0,0,0,0,0,0,0,0,0,0,0,0,0,0,0,0,0,27,0,23,0,60,28,90,55,22,77,77,0,0,71,72,0,90,0,87,84,96,91,88,89,92,0,0,0
l30,1=0,0,0,0,0,0,0,0,0,0,3,0,0,0,0,0,0,34,0,5,36,32,34,82,47,34,36,82,0,0,90,54,82,0,0,87,84,90,91,88,89,94,0,39,0
l31,1=0,0,0,0,0,0,0,0,0,0,0,0,0,0,0,0,0,4,0,43,0,61,0,82,70,0,72,75,0,0,67,61,82,90,0,0,84,96,91,72,89,94,9,0,0
l32,1=0,0,0,0,0,0,0,0,0,0,0,0,0,0,0,0,0,50,0,0,0,26,41,74,0,0,25,77,0,0,58,50,82,90,0,87,0,96,91,88,86,86,0,0,0
l33,1=0,0,0,0,0,0,0,0,0,0,0,0,0,0,0,0,0,0,0,0,0,0,0,71,70,0,48,48,0,0,52,0,82,84,0,87,84,0,90,81,82,55,0,0,0
l34,1=0,0,0,0,0,0,0,0,0,0,0,0,0,0,24,0,0,59,0,49,28,41,51,72,75,17,40,80,0,0,71,56,82,90,0,87,84,88,0,88,89,94,17,46,0
l35,1=0,0,0,0,0,0,0,0,0,0,0,0,0,0,0,0,20,44,13,55,0,0,31,69,51,45,20,76,0,0,90,56,82,90,0,51,76,55,91,0,89,94,0,0,0
l36,1=0,0,0,0,0,38,0,0,0,0,1,0,0,0,14,0,33,65,17,62,43,1,0,62,46,39,16,0,0,0,90,65,46,87,0,61,54,60,83,80,0,87,0,30,0
l37,1=0,0,0,0,0,41,0,0,0,0,0,0,0,0,16,0,35,51,47,50,21,12,26,66,78,52,34,64,0,0,90,71,74,90,0,87,67,49,91,88,89,0,0,0,0
l38,1=0,0,0,0,0,0,0,0,0,2,36,0,0,1,76,0,34,43,62,71,28,65,29,82,84,81,82,79,0,0,0,0,0,0,0,0,0,0,15,0,0,0,0,72,83
l39,1=0,0,0,0,0,0,0,8,0,0,40,17,0,0,78,0,73,48,22,71,69,63,29,80,84,80,83,80,0,0,14,19,0,11,0,0,0,0,42,0,9,0,74,0,83
l40,1=0,0,0,0,0,0,0,0,0,0,32,17,2,0,64,0,31,0,52,41,52,53,35,69,84,79,38,80,0,0,0,0,0,0,0,0,0,0,0,0,0,0,74,71,0
l41,1=0,0,0,0,0,0,0,0,13,28,60,45,21,5,78,0,70,61,62,74,65,66,43,82,85,81,82,81,0,0,18,44,0,2,0,8,0,0,16,0,0,0,76,75,82
l42,1=0,0,0,0,0,0,0,0,0,0,0,0,0,0,67,0,4,34,50,75,4,58,56,85,85,82,83,79,0,0,0,0,34,17,0,0,7,0,0,0,0,0,70,72,83
l43,1=0,0,0,0,0,0,0,0,0,0,4,0,0,0,43,0,10,39,0,40,25,67,29,69,81,78,81,55,0,0,0,0,41,22,0,0,0,0,0,0,0,0,74,69,83
l44,1=0,0,0,0,0,0,0,0,0,0,0,0,9,0,60,0,4,5,54,65,61,63,53,81,83,80,78,82,0,0,0,0,0,16,0,0,0,0,50,0,0,2,74,71,83

l0,2=0,36,38,66,65,63,58,39,65,73,55,68,58,74,0,0,16,33,6,12,0,0,0,0,0,0,0,0,0,0,64,35,0,0,0,0,0,0,0,0,0,0,0,0,0
l1,2=36,0,46,67,78,71,75,62,64,73,54,71,59,73,49,0,16,35,27,2,35,0,0,0,0,0,0,0,0,0,63,36,0,0,0,0,0,0,0,0,0,0,0,0,0
l2,2=23,46,0,53,59,71,75,67,71,77,59,70,74,76,53,0,4,46,45,37,15,0,0,5,0,6,0,0,0,0,55,35,0,0,0,0,0,0,0,0,0,0,0,0,0
l3,2=62,54,39,0,78,73,58,32,65,66,56,68,72,75,30,0,2,0,24,0,0,0,0,0,0,0,0,0,0,0,62,34,0,0,0,0,0,0,0,0,0,0,0,0,0
l4,2=30,52,38,78,0,66,56,46,65,67,55,65,62,75,34,0,4,23,16,0,0,0,0,0,0,0,0,0,0,0,62,27,0,0,0,0,0,0,0,0,0,0,0,0,0
l5,2=34,37,38,60,65,0,58,61,66,71,59,70,72,71,56,0,14,9,34,26,2,0,0,0,0,0,0,0,0,0,68,0,0,0,0,0,0,0,0,0,0,0,0,0,0
l6,2=39,53,62,56,71,71,0,69,69,72,59,72,72,79,44,0,17,47,20,38,21,28,0,2,0,0,0,0,0,0,64,35,0,0,0,0,0,0,0,0,0,0,0,0,0
l7,2=15,44,61,41,57,69,73,0,71,80,59,74,69,79,50,0,16,1,45,56,41,22,0,30,27,37,27,0,0,0,0,0,0,0,0,0,0,0,0,0,0,0,0,0,0
l8,2=27,43,62,55,67,70,71,69,0,80,52,73,73,81,54,0,20,16,45,55,34,34,11,45,25,8,6,31,0,0,51,30,0,0,0,0,0,0,0,0,0,0,0,0,0
l9,2=30,45,60,46,43,53,72,69,71,0,62,74,66,82,59,0,16,46,45,35,44,4,10,36,43,24,27,26,0,0,0,32,0,0,0,0,0,0,0,0,0,0,0,28,0
l10,2=21,23,41,36,43,58,38,47,57,77,0,72,76,78,49,0,51,45,57,55,55,32,25,33,24,60,45,35,0,0,12,40,0,0,0,0,0,0,0,0,1,0,20,31,31
l11,2=13,36,55,48,56,59,73,70,71,82,62,0,76,82,57,0,21,43,47,37,46,44,24,6,23,43,29,8,0,0,51,20,0,0,0,0,0,0,0,0,0,0,3,30,30
l12,2=14,17,58,47,26,63,58,56,67,73,70,74,0,82,57,0,33,43,45,47,43,21,1,28,31,40,26,38,0,0,6,21,0,0,0,0,0,0,0,0,0,17,25,33,0
l13,2=26,42,55,48,64,50,73,60,71,82,63,74,76,0,55,0,22,34,37,32,32,11,1,31,22,14,3,3,0,0,10,22,0,0,0,0,0,0,0,0,0,0,0,21,0
l14,2=8,20,20,19,32,36,29,37,58,56,38,49,70,61,0,0,50,48,69,69,71,39,31,43,38,50,62,9,0,0,72,51,0,0,0,0,0,0,22,39,50,24,33,73,43
l15,2=15,21,0,0,31,30,68,61,51,42,70,69,76,69,87,0,0,45,52,59,66,56,39,46,38,59,50,51,0,0,69,46,0,3,0,0,0,0,0,47,28,45,41,43,26
l16,2=4,18,18,0,14,0,29,0,0,29,38,35,56,46,43,0,16,0,54,74,67,14,0,3,47,54,23,23,0,0,88,80,14,49,0,15,0,0,33,46,54,32,13,51,37
l17,2=0,20,18,15,31,27,11,41,51,52,66,59,71,51,87,0,40,59,0,65,72,45,37,44,44,50,42,52,0,0,72,35,0,1,0,0,0,0,0,12,34,0,43,44,41
l18,2=8,13,18,0,5,16,4,42,45,39,38,32,57,43,73,0,20,65,51,0,73,71,36,51,83,65,83,64,0,0,78,63,1,0,0,1,1,0,36,44,48,58,58,52,41
l19,2=0,14,2,0,0,6,17,45,2,47,43,38,60,49,83,0,42,66,69,74,0,51,0,40,56,68,49,63,0,0,72,70,0,43,0,0,0,0,0,0,65,53,49,53,45
l20,2=0,0,0,0,0,0,0,42,41,49,0,39,18,22,66,0,40,34,61,70,60,0,87,85,79,85,79,97,0,0,0,0,58,61,0,69,21,47,38,31,49,45,67,57,65
l21,2=0,0,0,0,0,0,0,5,50,0,36,32,47,1,17,0,40,0,30,64,7,90,0,83,82,81,78,93,0,0,0,0,0,37,0,0,0,0,0,0,10,0,73,66,52
l22,2=0,0,0,0,0,0,0,39,46,3,27,26,45,48,62,0,38,26,55,64,48,84,73,0,84,85,84,93,0,0,0,0,58,69,0,72,71,1,62,63,52,0,77,68,56
l23,2=0,0,0,0,0,0,0,27,0,50,25,24,61,31,55,0,29,60,60,70,60,69,68,86,0,86,83,86,0,0,0,0,46,50,0,55,30,35,52,0,42,56,80,76,79
l24,2=0,0,21,0,0,0,0,44,44,41,41,41,67,41,76,0,39,58,61,67,67,85,72,81,85,0,83,86,0,0,46,32,39,26,0,7,13,13,16,61,74,76,80,75,78
l25,2=0,0,0,0,0,0,0,35,42,42,38,29,47,24,72,0,38,42,35,70,55,81,68,88,85,86,0,89,0,0,0,30,37,58,0,40,48,38,38,4,53,35,80,77,67
l26,2=0,0,0,0,0,0,0,0,47,46,36,25,63,34,20,0,33,33,61,65,65,89,75,88,85,82,80,0,0,0,0,0,57,77,0,74,76,47,61,0,44,0,76,70,75
l27,2=21,23,20,34,44,39,28,0,46,0,0,37,34,15,46,0,10,66,41,66,53,0,0,0,0,26,1,0,0,0,0,80,55,65,0,52,34,36,59,74,89,74,2,39,0
l28,2=17,20,16,20,28,19,21,0,41,36,34,21,49,36,37,0,9,67,33,72,62,0,0,0,0,50,35,0,0,0,88,0,57,71,0,58,37,26,72,66,89,86,9,0,25
l29,2=0,0,0,0,0,0,0,0,0,0,0,0,0,0,0,0,0,18,0,0,3,67,0,88,53,65,54,90,0,0,72,77,0,84,0,91,98,96,87,86,90,94,0,0,0
l30,2=0,0,0,0,0,0,0,0,0,0,0,0,0,0,0,0,1,56,7,2,43,60,38,71,49,55,56,86,0,0,82,76,83,0,0,91,98,96,87,86,90,94,11,57,0
l31,2=0,0,0,0,0,0,0,0,0,0,0,0,0,0,0,0,0,40,0,24,0,61,0,77,51,0,49,79,0,0,67,76,83,84,0,0,98,96,87,86,90,94,49,28,0
l32,2=0,0,0,0,0,0,0,0,0,0,0,0,0,0,0,0,0,0,0,0,0,2,0,84,50,35,69,91,0,0,72,68,83,84,0,91,0,96,87,86,0,90,0,22,0
l33,2=0,0,0,0,0,0,0,0,0,0,0,0,0,0,0,0,0,0,0,0,0,60,0,0,49,0,52,70,0,0,73,53,83,84,0,91,98,0,87,86,90,84,0,0,0
l34,2=0,0,0,0,0,0,0,0,0,0,0,0,0,0,2,0,1,50,0,60,0,51,0,65,50,0,49,79,0,0,82,80,83,84,0,91,98,86,0,86,90,94,54,51,0
l35,2=0,0,0,0,0,0,0,0,0,0,0,0,0,0,37,0,6,48,25,59,0,20,0,60,0,64,32,0,0,0,85,78,83,84,0,82,96,91,87,0,90,94,0,0,0
l36,2=0,0,0,0,0,0,0,0,0,0,0,0,0,0,34,0,5,50,28,56,62,48,25,51,43,62,51,54,0,0,88,80,74,77,0,78,0,72,85,86,0,94,0,50,0
l37,2=0,0,0,0,0,0,0,0,0,0,0,0,51,0,34,0,8,57,28,68,46,51,37,0,55,68,44,0,0,0,88,80,78,84,0,90,88,74,87,86,90,0,45,51,0
l38,2=0,0,0,0,0,0,0,0,0,0,0,9,9,0,38,0,26,1,57,63,51,70,44,73,80,75,78,78,0,0,2,0,0,2,0,17,0,0,20,0,0,0,0,79,79
l39,2=0,0,0,0,0,0,0,0,0,1,20,29,30,0,66,0,34,50,51,51,48,53,53,62,81,78,81,79,0,0,29,0,0,36,0,1,2,0,13,0,14,3,81,0,79
l40,2=0,0,0,0,0,0,0,0,0,0,16,8,0,4,63,0,12,24,54,50,51,65,50,45,77,75,73,72,0,0,0,1,0,0,0,0,0,0,0,0,0,0,81,77,0
l41,2=0,0,0,0,0,0,0,0,0,0,35,19,42,47,65,0,38,59,59,70,57,66,0,69,84,79,76,75,0,0,22,36,0,0,0,0,0,0,7,0,0,0,81,79,79
l42,2=0,0,0,0,0,0,0,0,0,0,0,0,0,0,13,0,27,24,48,65,43,64,54,81,83,80,79,72,0,0,0,0,36,45,0,0,26,5,33,21,0,0,80,78,78
l43,2=0,0,0,0,0,0,0,0,0,0,0,0,0,0,52,0,0,1,44,43,31,73,46,57,70,79,79,72,0,0,0,0,22,6,0,0,16,0,0,0,0,0,70,62,68
l44,2=0,0,0,0,0,0,0,0,0,0,0,0,0,0,34,0,26,44,46,49,47,63,49,66,79,75,71,73,0,0,0,0,0,40,0,0,0,6,31,15,0,0,80,74,79

l0,3=0,75,87,95,79,80,69,84,71,87,78,74,80,81,61,0,57,40,3,0,0,0,0,0,0,0,0,0,0,0,73,0,0,0,0,0,0,0,0,0,0,0,0,0,0
l1,3=81,0,83,93,87,91,85,81,81,77,79,77,80,80,50,0,66,41,59,37,51,0,0,0,45,0,0,0,0,0,64,36,0,0,0,0,0,0,0,0,0,0,0,0,0
l2,3=78,72,0,74,83,81,85,87,88,85,79,78,81,85,63,0,74,40,66,4,0,0,0,0,0,1,20,0,0,0,70,33,0,0,0,0,0,0,0,0,0,0,0,0,0
l3,3=86,81,83,0,88,91,59,69,66,80,81,81,80,79,5,0,42,31,0,0,39,0,0,0,0,0,0,0,0,0,60,32,0,0,0,0,0,0,0,0,0,0,0,0,0
l4,3=78,81,87,95,0,91,70,82,69,72,74,80,77,74,59,0,4,8,54,0,3,0,0,0,0,0,0,0,0,0,0,1,0,0,0,0,0,0,0,0,0,0,0,0,0
l5,3=81,81,84,95,88,0,76,87,69,83,82,84,80,78,58,0,69,39,26,47,9,0,0,0,0,0,0,0,0,0,78,41,0,0,0,0,0,0,0,0,0,0,0,0,0
l6,3=57,81,87,72,74,90,0,86,83,84,78,86,82,84,64,0,74,43,66,19,43,0,0,5,0,0,0,0,0,0,38,0,0,0,0,0,0,0,0,0,0,0,0,0,0
l7,3=75,69,86,63,74,84,78,0,86,83,72,84,82,84,64,0,75,3,68,65,61,49,0,41,17,9,29,0,0,0,0,0,0,0,0,0,0,0,0,0,0,0,0,0,0
l8,3=75,69,86,78,79,81,78,86,0,83,77,84,81,84,72,0,75,20,69,67,58,47,60,37,0,13,2,18,0,0,63,19,0,0,0,0,0,0,0,0,0,0,0,48,0
l9,3=75,67,86,74,71,80,80,86,83,0,79,85,83,86,67,0,53,41,71,65,54,0,0,5,53,9,25,14,0,0,51,35,0,0,0,0,0,0,0,0,0,0,0,0,0
l10,3=63,64,81,80,70,83,74,73,73,76,0,82,83,85,80,0,87,48,88,68,71,61,27,41,17,19,31,60,0,0,30,41,0,0,0,0,0,0,0,0,0,0,14,44,0
l11,3=69,67,83,74,73,81,77,86,85,87,79,0,83,86,64,0,78,47,70,65,64,46,52,23,52,9,23,38,0,0,73,38,0,0,0,0,0,0,0,0,0,0,0,50,0
l12,3=67,45,82,72,71,81,67,85,76,82,87,86,0,86,72,0,87,43,67,63,57,8,49,33,49,8,26,52,0,0,24,7,0,0,0,0,0,0,0,0,0,29,0,32,0
l13,3=73,68,86,73,73,81,77,69,85,84,82,85,83,0,68,0,77,39,36,16,48,47,1,39,45,9,19,16,0,0,8,37,0,0,0,0,0,0,0,0,0,0,4,0,0
l14,3=50,24,52,0,50,54,64,74,80,82,85,72,83,71,0,0,87,87,92,80,96,63,50,47,42,69,63,58,0,0,0,67,0,0,0,0,0,0,0,53,36,0,58,68,63
l15,3=3,41,42,35,17,52,73,74,66,72,86,84,83,82,88,0,0,67,89,77,83,69,61,40,59,14,30,0,0,0,78,37,0,2,0,0,0,0,0,0,34,26,46,55,43
l16,3=30,38,49,28,11,50,67,44,5,39,70,61,63,48,95,0,87,0,80,87,98,31,0,19,24,52,35,30,0,0,94,90,0,61,0,0,26,0,57,62,81,0,43,39,42
l17,3=0,46,63,3,48,48,67,76,82,80,87,82,83,67,95,0,87,68,0,82,91,61,54,49,79,18,23,4,0,0,82,48,0,0,0,0,0,0,0,0,49,47,56,63,55
l18,3=13,16,44,0,0,48,26,71,75,66,76,66,53,50,91,0,81,84,87,0,98,85,73,59,90,84,79,79,0,0,86,67,16,4,0,29,0,0,56,0,55,58,65,31,45
l19,3=0,29,0,2,34,38,47,35,49,57,80,73,76,69,95,0,87,87,92,87,0,70,52,42,79,65,63,71,0,0,86,65,31,0,0,25,0,0,16,10,56,0,65,62,1
l20,3=0,0,0,0,0,0,0,30,35,14,58,58,44,50,73,0,80,35,59,81,66,0,99,85,76,83,74,93,0,0,0,0,89,78,0,81,40,63,79,37,0,0,73,56,69
l21,3=0,0,0,0,0,0,0,0,50,0,35,53,46,44,68,0,80,0,68,84,64,100,0,90,89,74,76,92,0,0,0,0,0,0,0,67,0,21,0,0,0,0,58,60,0
l22,3=0,0,0,0,0,0,0,52,40,1,49,33,42,45,62,0,64,27,64,63,46,93,81,0,88,82,81,93,0,0,41,0,73,79,0,75,82,46,77,38,27,48,71,66,42
l23,3=0,18,0,0,0,0,0,20,0,32,44,42,52,49,53,0,61,22,71,85,74,57,76,84,0,87,81,84,0,0,37,0,51,62,0,62,54,42,59,63,37,57,72,75,86
l24,3=0,0,0,0,0,12,21,62,40,34,61,53,54,48,65,0,61,55,53,85,71,96,52,90,90,0,80,78,0,0,0,14,59,56,0,40,36,8,53,67,54,69,72,71,76
l25,3=0,0,3,0,0,0,0,56,40,14,54,46,52,27,85,0,70,58,27,83,58,93,72,92,90,86,0,84,0,0,7,47,53,60,0,47,65,0,50,0,61,47,73,75,75
l26,3=0,0,0,0,0,0,0,27,33,22,50,47,52,1,40,0,49,37,10,76,72,100,92,92,88,83,75,0,0,0,0,7,80,91,0,79,82,32,72,70,46,39,70,40,81
l27,3=51,49,51,33,14,77,15,0,48,45,2,67,12,10,48,0,78,85,71,80,78,0,0,26,35,0,0,0,0,0,0,90,46,79,0,19,48,0,90,86,90,87,27,24,33
l28,3=1,42,53,52,0,66,0,0,7,48,67,63,45,56,69,0,68,87,71,82,71,0,0,0,0,4,35,0,0,0,94,0,51,93,0,53,64,62,96,96,90,93,41,39,0
l29,3=0,0,0,0,0,0,0,0,0,0,0,0,0,0,0,0,0,0,0,36,45,94,0,82,77,79,68,83,0,0,83,81,0,100,0,100,99,100,97,96,85,98,46,0,0
l30,3=0,0,0,0,0,0,0,0,0,0,0,0,0,0,0,0,4,75,0,15,0,83,0,91,82,72,66,93,0,0,89,90,97,0,0,100,99,100,97,96,90,98,49,13,0
l31,3=0,0,0,0,0,0,0,0,0,0,0,0,0,0,0,0,0,0,0,68,50,92,79,88,88,65,62,91,0,0,60,77,97,100,0,0,99,100,97,96,90,98,52,51,0
l32,3=0,0,0,0,0,0,0,0,0,0,0,0,0,0,0,0,0,51,0,0,0,70,0,92,76,70,80,92,0,0,91,88,97,100,0,100,0,100,97,96,90,98,0,9,0
l33,3=0,0,0,0,0,0,0,0,0,0,0,0,0,0,0,0,0,0,0,0,0,74,2,69,58,0,0,0,0,0,1,80,97,100,0,100,99,0,97,96,90,87,0,0,0
l34,3=0,0,0,0,0,0,0,0,0,0,0,0,0,0,0,0,0,72,0,75,17,86,0,87,79,71,66,80,0,0,94,90,97,100,0,100,99,100,0,96,90,98,37,0,0
l35,3=0,0,0,0,0,0,0,0,0,0,0,0,0,0,65,0,0,76,0,0,6,48,0,55,74,76,0,83,0,0,94,90,97,100,0,100,99,100,97,0,90,98,0,0,0
l36,3=0,0,0,0,15,30,0,0,0,0,0,0,0,0,56,0,75,84,78,79,88,0,0,40,61,78,70,61,0,0,94,90,71,100,0,96,88,92,97,96,0,98,0,43,0
l37,3=0,0,0,0,0,0,0,0,0,0,1,0,63,0,0,0,60,9,68,85,1,0,0,79,83,83,62,67,0,0,94,90,97,100,0,100,99,89,97,96,90,0,43,50,0
l38,3=0,0,0,0,0,0,0,0,0,0,0,0,0,0,55,0,51,42,50,54,52,59,5,62,70,65,64,54,0,0,11,43,3,19,0,0,0,0,7,0,0,0,0,78,88
l39,3=0,0,0,0,0,0,0,0,31,0,21,40,34,0,59,0,54,39,57,37,51,48,54,62,77,73,62,37,0,0,3,0,0,2,0,14,0,0,0,0,18,2,74,0,88
l40,3=0,0,0,0,0,0,0,0,0,0,0,0,0,0,58,0,47,40,51,47,0,50,0,52,76,66,55,60,0,0,19,0,0,0,0,0,0,0,0,0,0,0,74,74,0
l41,3=0,0,0,0,0,0,0,0,25,9,37,9,37,45,74,0,66,66,52,85,61,54,41,76,89,85,77,62,0,0,0,47,0,9,0,0,0,0,40,0,0,0,74,78,88
l42,3=0,0,0,0,0,0,0,0,0,0,1,0,0,0,42,0,50,20,12,63,50,59,50,65,88,72,67,74,0,0,0,0,44,0,0,28,12,42,44,3,0,0,73,75,86
l43,3=0,0,0,0,0,0,0,0,2,0,0,0,0,0,41,0,33,19,0,47,40,61,0,46,69,64,62,65,0,0,0,0,41,0,0,0,0,0,44,0,0,0,72,69,85
l44,3=0,0,0,0,0,0,0,0,0,0,0,0,0,0,41,0,41,47,0,57,44,59,59,65,87,74,65,57,0,0,0,0,0,47,0,0,0,0,40,19,0,0,73,67,78

l0,4=0,98,81,95,92,90,92,96,84,87,68,82,81,82,65,0,82,0,76,9,0,0,0,0,0,0,0,0,0,0,88,66,0,0,0,0,0,0,0,0,0,0,0,0,0
l1,4=95,0,89,93,95,95,96,96,84,88,77,82,81,82,65,0,83,3,0,7,56,0,0,0,34,0,0,0,0,0,84,51,0,0,0,0,0,0,0,0,34,0,0,0,0
l2,4=94,89,0,79,94,91,94,96,85,92,77,82,81,82,60,0,80,79,83,78,14,0,0,0,0,0,13,0,0,0,0,14,0,0,0,0,0,0,0,0,0,0,0,0,0
l3,4=95,98,81,0,98,96,90,96,84,90,76,81,81,82,60,0,83,0,79,0,35,0,0,0,0,0,0,0,0,0,86,83,0,0,0,0,0,0,0,0,0,0,0,0,0
l4,4=94,98,96,95,0,96,93,96,85,86,77,82,81,81,66,0,81,84,83,0,0,0,0,0,0,0,0,0,0,0,89,87,0,0,0,0,0,0,0,0,0,0,0,0,0
l5,4=95,98,93,94,98,0,95,99,82,87,81,93,74,81,61,0,65,66,71,61,59,0,0,0,0,0,0,0,0,0,91,43,0,0,0,0,0,0,0,0,70,0,0,0,0
l6,4=87,88,81,77,92,89,0,95,80,91,73,82,81,81,67,0,83,82,84,7,71,0,0,0,0,48,9,0,0,0,87,75,0,0,0,0,0,0,0,0,0,0,0,0,0
l7,4=89,78,77,80,92,88,92,0,87,93,76,95,82,81,60,0,83,0,84,86,69,29,0,0,16,63,52,52,0,0,0,0,0,0,0,0,0,0,0,0,0,0,0,0,0
l8,4=89,79,95,79,92,88,89,99,0,93,75,95,81,87,69,0,83,19,84,86,36,37,0,48,39,13,42,48,0,0,49,60,0,0,0,0,0,0,0,0,0,0,0,51,0
l9,4=89,49,91,77,76,90,94,99,85,0,75,95,94,94,70,0,82,77,84,73,63,52,1,53,49,59,21,30,0,0,76,73,0,0,0,0,0,0,0,0,0,0,7,0,0
l10,4=70,71,70,69,81,92,88,95,75,91,0,66,94,92,87,0,88,79,84,80,75,33,26,55,47,66,71,58,0,0,14,70,0,0,0,0,0,0,0,0,2,49,72,65,0
l11,4=85,78,73,73,81,87,92,99,85,96,71,0,94,95,60,0,86,71,84,82,67,0,0,61,46,56,51,58,0,0,12,81,0,0,0,0,0,0,0,0,0,0,0,13,0
l12,4=77,64,95,56,85,80,91,99,86,96,83,95,0,95,72,0,88,83,75,80,74,0,25,61,54,58,60,65,0,0,8,15,0,0,0,0,0,0,0,0,0,0,11,65,33
l13,4=90,84,91,79,86,87,91,99,85,96,76,95,94,0,72,0,83,81,82,54,68,50,13,45,47,60,45,53,0,0,67,72,0,0,0,0,0,0,0,0,0,0,0,47,0
l14,4=67,43,29,34,63,62,71,78,68,72,81,70,90,82,0,0,88,94,89,84,89,59,0,64,56,67,72,66,0,0,73,49,0,0,0,0,0,0,0,57,37,64,77,71,61
l15,4=68,55,54,62,70,49,81,83,58,65,83,95,94,76,89,0,0,86,86,81,80,62,65,57,51,59,55,59,0,0,83,74,0,51,0,0,0,0,0,0,61,0,72,70,52
l16,4=0,7,56,0,75,56,79,0,0,67,72,68,79,72,90,0,88,0,86,90,88,6,0,8,54,61,73,1,0,0,95,94,4,55,0,0,0,0,72,62,69,60,74,73,18
l17,4=58,0,54,50,62,57,80,77,66,69,80,79,64,66,90,0,86,88,0,88,61,13,30,56,58,59,53,53,0,0,72,72,0,0,0,0,0,0,0,0,63,63,71,70,52
l18,4=1,19,43,0,0,0,2,78,67,42,70,68,63,31,82,0,82,94,82,0,92,64,71,59,86,84,81,74,0,0,76,79,0,38,0,42,0,0,48,34,52,64,61,81,59
l19,4=0,48,13,1,0,53,75,76,8,62,76,77,81,74,90,0,88,94,76,90,0,65,67,64,78,67,66,76,0,0,75,74,41,0,0,4,0,0,61,32,60,63,79,84,65
l20,4=0,0,0,0,0,0,0,50,32,4,48,0,37,20,48,0,72,35,0,58,43,0,97,71,75,85,78,93,0,0,0,0,66,40,0,39,20,51,57,19,29,34,76,59,0
l21,4=0,0,0,0,0,0,0,29,8,0,22,43,38,0,0,0,75,0,48,80,47,96,0,78,74,80,76,86,0,0,0,0,0,0,0,54,0,0,43,0,0,0,59,46,59
l22,4=0,0,0,0,0,0,0,13,46,40,53,51,47,39,45,0,55,0,47,63,45,74,67,0,85,88,88,93,0,0,0,0,57,52,0,57,63,40,44,33,43,38,54,70,46
l23,4=0,12,0,0,0,0,0,41,23,39,54,38,67,36,53,0,76,56,78,88,77,82,74,85,0,88,88,86,0,0,26,17,48,36,0,51,28,31,47,55,14,55,87,89,86
l24,4=0,0,0,0,0,0,33,71,8,45,78,55,57,45,81,0,77,72,74,82,76,89,90,80,85,0,81,84,0,0,25,17,49,38,0,31,30,0,44,57,45,59,85,88,87
l25,4=0,0,0,0,0,0,0,60,24,15,64,51,63,33,67,0,66,64,63,75,57,81,69,87,86,87,0,79,0,0,5,16,62,61,0,38,36,43,44,38,49,40,75,80,58
l26,4=0,0,0,0,0,0,0,53,44,37,53,53,54,27,52,0,57,0,49,62,56,96,91,87,78,83,82,0,0,0,24,40,58,57,0,57,61,36,52,35,48,29,58,61,75
l27,4=59,62,0,43,68,94,77,0,43,62,0,37,0,53,86,0,88,94,88,89,77,0,0,3,39,36,8,5,0,0,0,94,78,60,0,48,49,0,88,90,97,100,0,0,0
l28,4=61,51,28,43,84,5,72,0,35,56,69,76,43,62,59,0,88,94,82,89,84,0,0,9,27,20,13,36,0,0,97,0,64,88,0,64,85,75,94,97,98,100,61,60,16
l29,4=0,0,0,0,0,0,0,0,0,0,0,0,0,0,0,0,0,10,0,1,19,91,0,79,72,78,84,84,0,0,84,77,0,91,0,100,100,100,100,100,99,100,82,78,0
l30,4=0,0,0,0,0,0,0,0,0,0,0,0,0,0,0,0,75,88,0,81,0,85,0,81,73,77,84,86,0,0,84,90,93,0,0,100,100,82,100,100,100,100,0,0,0
l31,4=0,0,0,0,0,0,0,0,0,0,0,0,0,0,0,0,0,0,0,81,1,77,81,86,85,72,67,89,0,0,71,82,93,91,0,0,100,100,100,100,100,100,0,72,0
l32,4=0,0,0,0,0,0,0,0,0,0,0,0,0,0,0,0,0,0,0,18,0,65,0,86,72,76,77,92,0,0,80,90,93,91,0,100,0,100,100,100,99,100,0,45,0
l33,4=0,0,0,0,0,0,0,0,0,0,0,0,0,0,0,0,0,0,0,0,0,88,0,85,76,0,79,82,0,0,0,90,93,91,0,100,100,0,100,100,100,97,0,0,0
l34,4=0,0,0,0,0,0,0,0,0,0,0,0,0,0,0,0,0,92,0,82,81,91,84,85,77,81,82,91,0,0,95,93,93,91,0,100,100,100,0,100,100,100,77,31,18
l35,4=0,0,0,0,0,0,0,0,0,0,0,0,0,0,85,0,0,94,0,84,47,76,0,81,86,88,83,87,0,0,97,94,93,91,0,100,100,100,100,0,100,100,0,0,0
l36,4=0,2,0,0,0,74,0,0,0,0,0,0,0,0,45,0,87,94,86,90,73,54,0,70,0,68,81,76,0,0,97,94,93,91,0,100,100,100,100,100,0,100,0,0,0
l37,4=0,0,0,0,0,0,0,0,0,0,53,0,0,0,76,0,35,89,83,90,77,83,0,79,83,86,80,76,0,0,97,94,93,91,0,100,100,84,100,100,100,0,3,1,42
l38,4=0,0,0,0,0,0,0,0,0,0,28,0,0,0,54,0,47,41,38,38,42,50,33,42,67,71,69,47,0,0,0,16,45,0,0,0,0,0,23,0,0,0,0,88,88
l39,4=0,0,0,0,0,0,0,0,17,0,34,3,44,3,56,0,60,42,48,66,63,43,31,59,64,78,73,42,0,0,0,33,26,0,0,20,8,0,19,0,0,0,83,0,85
l40,4=0,0,0,0,0,0,0,0,0,0,0,0,22,0,49,0,29,0,29,66,42,2,46,43,63,70,58,63,0,0,0,0,0,0,0,0,0,0,1,0,0,0,83,80,0
l41,4=0,0,0,0,0,0,0,0,0,0,41,48,53,43,58,0,57,80,61,78,68,53,50,73,71,79,77,56,0,0,36,50,40,0,0,0,0,0,24,0,34,0,83,84,79
l42,4=0,0,0,0,0,0,0,0,0,0,0,0,0,0,50,0,0,50,47,54,42,65,58,55,71,74,65,72,0,0,0,0,45,23,0,26,21,0,34,0,7,0,83,83,83
l43,4=0,0,0,0,0,0,0,0,0,0,0,0,0,0,18,0,43,18,3,38,42,67,34,56,51,63,67,56,0,0,0,0,45,38,0,0,0,0,0,0,0,0,76,87,79
l44,4=0,0,0,0,0,0,0,0,0,0,0,0,0,0,53,0,47,45,38,54,45,65,37,52,75,68,70,61,0,0,0,0,48,45,0,0,0,0,0,0,0,0,87,55,87

l0,5=0,96,69,96,95,90,89,65,84,84,33,89,83,84,20,0,31,23,57,0,0,0,0,0,0,0,0,0,0,0,72,0,0,0,0,0,0,0,0,0,0,0,0,0,0
l1,5=98,0,93,93,95,92,93,86,84,51,83,84,72,90,0,0,30,20,29,40,17,0,0,0,0,0,0,0,0,0,79,2,0,0,0,0,0,0,0,0,16,0,0,0,0
l2,5=79,98,0,91,95,90,91,87,84,83,38,90,80,89,44,0,29,21,50,44,0,2,0,0,0,0,0,0,0,0,75,77,0,0,0,0,0,0,0,0,0,0,0,0,0
l3,5=98,99,84,0,97,93,92,87,33,74,15,89,72,89,0,0,79,29,58,0,0,0,0,0,0,0,0,0,0,0,86,82,0,0,0,0,0,0,0,0,0,0,0,0,0
l4,5=98,96,80,97,0,93,90,87,78,73,58,17,80,87,0,0,76,36,61,64,0,0,0,0,0,0,0,0,0,0,84,71,0,0,0,0,0,0,0,0,0,0,0,0,0
l5,5=96,96,92,95,97,0,86,87,71,81,79,88,67,87,65,0,32,55,60,17,9,0,0,0,0,0,0,0,0,0,86,40,0,0,0,0,0,0,0,0,4,0,0,0,0
l6,5=91,96,90,90,95,86,0,87,84,84,80,88,80,88,59,0,75,29,63,71,1,0,0,0,0,22,10,0,0,0,68,68,0,0,0,0,0,0,0,0,0,0,0,0,0
l7,5=87,91,93,88,91,87,90,0,86,85,65,92,79,90,74,0,78,0,80,81,0,0,0,0,0,49,21,24,0,0,0,0,0,0,0,0,0,0,0,0,0,0,0,0,0
l8,5=98,99,93,35,79,83,92,88,0,86,75,91,82,92,74,0,73,19,53,77,31,1,25,56,29,30,22,33,0,0,30,0,0,0,0,0,0,0,0,0,0,0,0,38,0
l9,5=95,80,89,26,25,86,89,85,84,0,82,92,87,93,75,0,76,23,79,57,27,4,0,2,55,32,19,23,0,0,44,29,0,0,0,0,0,0,0,0,0,0,0,58,0
l10,5=50,89,43,9,20,87,76,52,77,83,0,56,88,91,80,0,81,25,69,82,51,16,6,48,66,40,36,30,0,0,51,56,0,0,0,0,0,0,0,0,13,15,51,64,0
l11,5=79,85,84,48,36,81,86,87,85,83,77,0,88,91,0,0,75,18,67,70,28,0,0,58,58,27,18,33,0,0,53,68,0,0,0,0,0,0,0,0,0,0,10,3,0
l12,5=89,91,93,20,81,39,90,85,85,83,84,92,0,93,79,0,81,63,74,71,68,3,8,33,63,31,56,33,0,0,60,41,0,0,0,0,0,0,0,0,7,0,46,72,0
l13,5=59,89,91,80,81,79,87,85,84,85,82,92,88,0,76,0,72,63,74,75,56,24,2,53,63,43,20,41,0,0,73,34,0,0,0,0,0,0,0,0,0,0,0,63,0
l14,5=0,14,0,0,10,23,18,41,68,63,80,4,79,86,0,0,80,78,82,88,84,15,10,44,59,31,28,27,0,0,61,52,0,0,0,0,0,0,10,15,23,27,51,73,39
l15,5=37,0,26,22,21,16,48,49,68,57,83,53,86,62,81,0,0,41,81,82,58,19,14,49,66,32,35,29,0,0,62,74,0,0,0,0,0,0,0,0,50,17,49,67,19
l16,5=15,22,25,5,21,20,25,0,12,18,24,15,65,70,78,0,31,0,66,87,38,0,0,40,56,33,33,0,0,0,89,91,0,0,0,3,0,0,49,46,78,28,51,65,21
l17,5=23,26,2,15,18,17,29,47,21,60,25,26,55,66,83,0,79,42,0,76,66,12,9,48,51,40,26,0,0,0,79,60,0,0,0,0,0,0,0,0,25,29,52,70,23
l18,5=4,1,11,0,20,8,24,48,55,14,54,32,49,44,78,0,65,74,55,0,83,60,36,63,73,63,73,68,0,0,62,66,12,16,0,2,2,0,48,26,28,12,47,79,55
l19,5=0,1,0,0,0,23,0,0,48,42,26,24,66,65,81,0,78,74,79,91,0,19,3,57,73,40,26,39,0,0,61,82,0,18,0,0,0,0,42,21,23,48,64,79,41
l20,5=0,0,0,0,0,0,0,0,0,7,24,0,10,24,23,0,37,4,28,66,22,0,70,76,66,60,70,79,0,0,0,0,47,36,0,0,35,16,45,17,13,27,70,62,24
l21,5=0,0,0,0,0,0,0,0,26,0,22,0,14,0,35,0,37,0,7,64,0,76,0,45,56,59,62,75,0,0,0,0,0,12,0,3,0,0,10,0,0,0,62,22,18
l22,5=0,0,0,0,0,0,0,0,41,0,31,33,5,20,26,0,38,19,27,67,38,70,25,0,78,67,81,78,0,0,16,0,17,64,0,35,61,30,19,40,37,24,68,77,0
l23,5=0,0,0,0,0,0,0,0,5,15,27,8,43,29,41,0,47,30,30,83,68,68,34,84,0,67,84,69,0,0,12,12,19,25,0,30,0,1,0,45,21,49,75,80,56
l24,5=0,0,0,0,0,4,9,31,20,25,50,17,22,29,32,0,35,22,55,80,62,62,54,86,79,0,81,67,0,0,5,28,10,28,0,11,6,0,22,32,20,0,73,81,57
l25,5=0,0,0,0,0,0,2,11,26,20,36,27,43,24,32,0,40,30,46,74,27,65,24,85,79,67,0,61,0,0,1,19,32,51,0,7,7,15,29,10,19,28,74,82,56
l26,5=0,0,0,0,0,0,0,4,22,6,24,30,19,26,24,0,32,1,17,75,49,75,64,86,70,61,66,0,0,0,0,10,17,56,0,10,41,7,49,2,21,30,72,62,48
l27,5=17,38,42,25,33,52,30,0,12,7,19,19,46,66,68,0,31,30,69,87,19,0,0,37,52,7,4,0,0,0,0,92,35,39,0,24,2,13,65,78,93,86,0,58,0
l28,5=0,0,29,20,21,14,23,0,0,8,22,27,19,34,60,0,57,78,39,83,63,0,0,2,36,29,10,8,0,0,92,0,35,36,0,11,11,29,66,83,93,88,47,61,1
l29,5=0,0,0,0,0,0,0,0,0,0,0,0,0,0,0,0,0,16,0,31,0,58,0,47,58,40,67,54,0,0,28,54,0,95,0,78,97,96,89,87,86,92,35,37,4
l30,5=0,0,0,0,0,0,0,0,0,0,0,0,0,0,0,0,0,0,0,20,0,15,4,71,60,31,63,65,0,0,40,61,85,0,0,78,97,96,89,88,96,95,28,24,16
l31,5=0,0,0,0,0,0,0,0,0,0,0,0,0,0,0,0,0,15,0,35,0,3,15,66,66,48,38,36,0,0,49,55,85,95,0,0,97,96,89,88,96,95,24,30,2
l32,5=0,0,0,0,0,0,0,0,0,0,0,0,0,0,0,0,0,0,0,39,0,24,0,76,1,9,8,72,0,0,12,56,85,95,0,78,0,96,88,88,95,62,0,0,0
l33,5=0,0,0,0,0,0,0,0,0,0,0,0,0,0,0,0,0,0,0,2,0,23,0,63,3,0,58,44,0,0,22,42,85,95,0,78,97,0,89,64,89,49,0,0,0
l34,5=0,0,0,0,0,0,0,0,0,0,0,0,0,0,0,0,0,41,0,28,8,45,7,30,2,33,43,69,0,0,34,58,85,95,0,77,87,92,0,88,96,95,0,42,0
l35,5=0,0,0,0,0,0,0,0,0,0,0,0,0,0,33,0,0,28,0,25,5,10,0,50,69,39,2,6,0,0,51,89,85,88,0,61,59,34,89,0,96,95,0,0,0
l36,5=0,0,0,0,0,6,0,0,0,0,0,0,19,0,42,0,24,48,26,51,5,12,0,66,63,30,18,26,0,0,92,92,77,95,0,70,88,82,89,88,0,95,0,33,0
l37,5=0,0,0,0,0,0,0,0,0,0,18,0,0,0,44,0,18,32,27,23,6,25,0,48,70,0,25,25,0,0,92,89,85,95,0,78,41,65,89,88,96,0,0,8,0
l38,5=0,0,0,0,0,0,0,0,0,0,17,0,13,0,20,0,7,11,34,33,20,27,19,57,59,50,60,51,0,0,0,14,5,12,0,0,0,0,0,0,0,0,0,77,61
l39,5=0,0,0,0,0,0,0,0,9,7,10,0,30,17,46,0,49,11,52,71,57,54,5,63,57,62,72,61,0,0,17,22,4,7,0,1,0,0,10,0,0,0,78,0,64
l40,5=0,0,0,0,0,0,0,0,0,0,0,0,0,0,43,0,9,8,17,59,13,12,2,0,58,56,52,46,0,0,0,0,0,14,0,0,0,0,0,0,0,0,80,83,0
l41,5=0,0,0,0,0,0,0,0,2,7,7,2,37,24,56,0,43,50,53,73,33,9,6,65,67,56,68,30,0,0,21,20,5,0,0,0,0,0,3,0,18,0,78,82,56
l42,5=0,0,0,0,0,0,0,0,0,0,7,6,0,0,19,0,1,12,25,58,23,33,3,66,60,60,64,65,0,0,0,0,7,22,0,5,10,0,6,0,0,0,78,77,59
l43,5=0,0,0,0,0,0,0,0,0,0,13,0,0,0,0,0,6,0,22,36,24,38,7,50,22,26,59,59,0,0,0,0,12,12,0,5,0,0,12,0,0,0,72,77,57
l44,5=0,0,0,0,0,0,0,0,0,0,0,0,15,0,35,0,33,10,20,64,14,61,15,60,60,59,64,58,0,0,0,0,0,14,0,0,0,0,0,0,0,0,74,77,59

l0,6=0,87,83,86,94,88,76,79,86,84,48,87,84,87,0,0,62,68,55,0,0,0,0,0,0,0,0,0,0,0,84,0,0,0,0,0,0,0,0,0,0,0,0,0,0
l1,6=91,0,91,82,92,88,82,80,90,82,57,88,87,85,0,0,18,38,39,45,0,0,0,0,0,0,0,0,0,0,77,0,0,0,0,0,0,0,0,0,0,0,0,0,0
l2,6=91,87,0,82,91,85,83,84,90,86,0,88,88,90,53,0,35,42,36,50,0,0,0,1,0,37,0,0,0,0,20,0,0,0,0,0,0,0,0,0,0,0,0,0,0
l3,6=92,89,95,0,94,88,76,37,88,81,37,63,21,87,27,0,71,40,29,0,0,0,0,0,0,0,0,0,0,0,83,77,0,0,0,0,0,0,0,0,0,0,0,0,0
l4,6=91,85,83,86,0,88,75,78,84,78,31,87,85,86,58,0,29,0,19,35,0,0,0,0,0,0,0,0,0,0,83,78,0,0,0,0,0,0,0,0,0,0,0,0,0
l5,6=92,89,82,85,94,0,77,74,82,80,59,83,81,81,66,0,66,40,40,0,12,0,0,0,0,0,0,0,0,0,82,73,0,0,0,0,0,0,0,25,0,0,0,0,0
l6,6=87,87,92,70,90,82,0,84,85,89,62,76,88,77,67,0,67,58,43,38,39,2,0,0,1,35,0,0,0,0,0,42,0,0,0,0,0,0,0,0,0,0,0,0,0
l7,6=90,86,93,11,85,82,84,0,90,89,53,92,82,90,61,0,67,36,48,54,38,0,0,1,4,53,17,0,0,0,0,0,0,0,0,0,0,0,0,0,0,0,0,0,0
l8,6=88,83,94,71,87,79,80,86,0,89,52,91,88,87,65,0,67,53,37,54,11,30,37,50,32,53,55,0,0,0,7,0,0,0,0,0,0,0,0,0,0,0,0,0,0
l9,6=88,82,83,61,73,79,84,88,90,0,61,92,89,92,80,0,73,65,59,50,46,0,21,4,24,47,19,0,0,0,34,5,0,0,0,0,0,0,0,0,0,0,0,0,0
l10,6=27,65,13,34,45,69,73,66,66,83,0,84,89,87,83,0,76,46,49,57,60,21,2,35,50,47,39,8,0,0,0,57,0,0,0,0,0,0,0,0,17,13,14,17,0
l11,6=68,73,82,54,79,73,74,81,86,84,59,0,89,88,75,0,72,24,58,54,27,22,1,25,34,38,30,13,0,0,25,22,0,0,0,0,0,0,0,0,0,0,0,6,0
l12,6=62,77,80,0,82,69,79,70,86,85,66,92,0,92,83,0,74,70,60,60,43,0,0,38,42,45,59,0,0,0,49,40,0,0,0,0,0,0,0,0,0,0,17,26,0
l13,6=86,75,74,72,74,66,69,84,90,90,65,92,89,0,80,0,74,60,60,58,47,6,0,43,32,51,27,22,0,0,44,34,0,0,0,0,0,0,0,0,0,0,0,12,0
l14,6=0,17,34,0,25,35,32,63,61,76,62,45,49,84,0,0,73,80,71,66,64,24,26,22,43,43,13,12,0,0,67,31,0,19,0,0,0,0,22,0,21,0,26,29,52
l15,6=5,34,36,42,26,42,44,60,54,58,66,46,45,74,74,0,0,29,69,60,54,35,17,28,47,34,34,27,0,0,35,52,0,0,0,0,0,0,0,22,42,4,0,18,12
l16,6=6,31,47,24,0,20,12,16,19,36,41,25,34,60,79,0,40,0,47,66,65,1,0,24,52,40,26,10,0,0,83,85,3,0,0,12,7,0,29,31,77,12,0,13,43
l17,6=27,47,44,4,25,40,34,50,34,58,44,75,75,71,86,0,74,75,0,60,56,31,25,37,45,52,38,24,0,0,57,47,0,10,0,0,0,0,0,0,26,0,22,34,44
l18,6=0,14,20,0,17,0,1,53,32,36,33,48,60,54,65,0,57,52,51,0,68,54,41,55,56,58,66,54,0,0,34,32,11,22,0,0,12,4,26,36,47,30,43,43,50
l19,6=0,32,0,0,0,0,28,38,10,50,48,33,38,50,73,0,69,77,60,69,0,48,31,37,64,59,43,51,0,0,46,62,0,41,0,0,0,0,46,53,39,31,19,36,46
l20,6=0,0,0,0,0,0,11,0,16,0,14,22,0,7,25,0,53,7,26,56,30,0,79,73,67,57,64,69,0,0,0,0,56,28,0,10,23,9,52,9,12,22,36,6,24
l21,6=0,0,0,0,0,0,0,0,22,9,11,19,0,0,47,0,48,0,19,53,34,78,0,60,58,54,55,63,0,0,0,0,2,19,0,0,0,0,19,1,0,0,23,17,18
l22,6=0,0,0,0,0,0,0,0,15,0,11,22,13,22,21,0,31,13,30,49,19,71,45,0,70,62,80,70,0,0,4,1,32,59,0,17,53,28,44,18,22,33,50,19,31
l23,6=0,0,0,0,0,0,0,4,14,5,13,30,34,24,48,0,52,27,26,57,61,68,40,78,0,70,80,61,0,0,10,18,34,26,0,30,0,0,21,17,19,27,50,46,42
l24,6=0,0,15,0,0,1,17,26,29,13,27,25,33,28,39,0,31,10,48,61,58,68,52,80,74,0,80,65,0,0,6,16,12,26,0,13,14,2,14,0,15,21,42,45,51
l25,6=0,0,0,0,0,0,0,18,17,0,24,22,25,21,0,0,46,20,28,59,18,64,28,84,74,69,0,59,0,0,1,0,41,28,0,14,16,20,27,11,19,24,43,47,47
l26,6=0,0,0,0,0,0,0,3,14,0,9,19,7,27,16,0,41,7,45,60,57,77,73,83,67,61,74,0,0,0,2,0,55,42,0,9,49,28,53,51,26,42,48,42,46
l27,6=9,69,0,34,42,67,6,0,5,21,0,20,21,66,83,0,3,51,51,55,58,0,0,11,46,30,1,0,0,0,0,85,5,43,0,22,49,2,53,78,83,47,0,1,0
l28,6=0,25,0,23,22,30,19,3,0,0,30,28,21,37,32,0,36,86,17,52,61,0,0,18,38,34,1,0,0,0,92,0,17,51,0,28,51,31,30,54,81,73,5,0,0
l29,6=0,0,0,0,0,0,0,0,0,0,0,0,0,0,0,0,0,7,0,43,0,56,0,47,50,25,52,44,0,0,28,55,0,77,0,69,77,87,66,82,65,63,0,10,0
l30,6=0,0,0,0,0,0,0,0,0,0,0,0,0,0,13,0,0,0,0,40,25,30,15,57,49,38,51,22,0,0,43,57,71,0,0,69,74,81,66,68,92,80,0,4,0
l31,6=0,0,0,0,0,0,0,0,0,0,0,0,0,0,0,0,0,12,0,36,0,33,0,48,54,40,48,23,0,0,35,38,71,76,0,0,77,90,61,74,80,75,3,1,0
l32,6=0,0,0,0,0,0,0,0,0,0,0,0,0,0,0,0,0,5,0,42,0,46,0,59,11,35,37,32,0,0,33,52,71,76,0,69,0,84,60,67,73,53,0,0,0
l33,6=0,0,0,0,0,0,0,0,0,0,0,0,0,0,0,0,0,0,0,0,0,0,0,56,0,0,39,28,0,0,0,49,71,75,0,69,75,0,59,54,71,72,0,0,0
l34,6=0,0,0,0,0,0,0,0,0,0,0,0,0,0,39,0,0,24,0,47,45,51,28,53,45,38,55,49,0,0,43,45,71,77,0,59,55,67,0,84,94,84,7,11,0
l35,6=0,0,0,0,0,16,0,0,0,0,0,0,0,0,0,0,7,6,0,51,45,33,0,38,45,0,26,35,0,0,71,47,71,59,0,56,67,29,66,0,94,84,0,0,0
l36,6=6,0,0,0,0,0,0,0,0,0,2,0,0,0,34,0,19,81,5,55,37,28,0,39,47,34,28,21,0,0,93,80,65,77,0,60,66,51,66,84,0,84,0,0,0
l37,6=0,0,0,0,0,0,0,0,0,0,17,0,0,0,11,0,10,35,0,47,34,33,0,55,50,41,27,24,0,0,76,80,66,77,0,66,50,76,66,84,94,0,0,0,0
l38,6=0,0,0,0,0,0,0,0,0,0,9,0,9,0,21,0,20,11,12,47,1,23,18,59,57,40,56,36,0,0,0,0,0,7,0,0,0,0,10,0,0,0,0,46,59
l39,6=0,0,0,0,0,0,0,0,0,0,6,13,21,7,41,0,36,20,29,53,42,7,14,44,54,49,74,41,0,0,0,0,11,11,0,0,0,0,9,0,0,0,53,0,65
l40,6=0,0,0,0,0,0,0,0,0,0,0,0,0,0,39,0,0,17,28,46,29,30,10,48,45,43,60,37,0,0,0,0,0,0,0,0,0,0,0,0,0,0,52,50,0
l41,6=0,0,0,0,0,0,0,0,0,0,0,10,40,22,52,0,16,18,42,56,53,35,12,57,64,54,72,28,0,0,7,18,2,0,0,0,0,0,4,0,13,13,46,53,52
l42,6=0,0,0,0,0,0,0,0,0,0,10,9,0,0,2,0,20,10,16,49,19,39,0,58,41,56,72,47,0,0,0,0,29,0,0,10,12,2,14,0,3,0,51,46,26
l43,6=0,0,0,0,0,0,0,0,0,0,0,0,0,0,0,0,19,0,14,39,13,15,18,60,44,48,67,52,0,0,0,0,0,0,0,12,0,0,8,0,0,0,50,46,59
l44,6=0,0,0,0,0,0,0,0,0,0,0,0,1,0,8,0,24,11,16,44,19,49,21,58,62,54,62,46,0,0,0,2,0,15,0,0,0,0,1,0,0,0,50,45,53

l0,7=0,94,86,89,99,97,94,80,78,75,51,81,95,84,14,0,52,39,7,0,0,0,0,0,0,0,0,0,0,0,0,48,0,0,0,0,0,0,0,0,3,0,0,0,0
l1,7=96,0,82,88,97,97,93,60,83,72,71,80,95,84,0,0,47,1,24,18,0,0,0,0,0,0,0,0,0,0,38,55,0,0,0,0,0,0,0,0,0,0,0,0,0
l2,7=93,92,0,88,97,90,94,79,83,73,71,84,90,80,67,0,46,31,21,22,26,0,0,0,0,9,0,0,0,0,33,0,0,0,0,0,0,0,0,0,0,0,0,0,0
l3,7=97,94,85,0,99,97,91,63,80,71,14,62,63,83,43,0,54,29,11,7,0,0,0,0,0,0,0,0,0,0,38,51,0,0,0,0,0,0,0,0,0,0,0,0,0
l4,7=96,93,84,89,0,97,85,61,76,69,53,82,35,59,0,0,20,0,0,3,0,0,0,0,0,0,0,0,0,0,26,29,0,0,0,0,0,0,0,0,0,0,0,0,0
l5,7=95,94,79,86,99,0,91,60,80,69,82,81,94,80,36,0,50,24,62,48,25,0,0,0,0,0,0,0,0,0,18,48,0,0,0,0,0,0,0,0,0,0,0,0,0
l6,7=95,93,88,85,76,97,0,79,82,81,81,78,93,79,65,0,48,52,64,47,19,0,0,3,0,45,0,0,0,0,14,27,0,0,0,0,0,0,0,0,0,0,0,0,0
l7,7=85,79,86,79,81,80,94,0,83,83,78,86,91,86,73,0,59,33,5,61,50,30,0,0,37,65,48,19,0,0,0,0,0,0,0,0,0,0,0,0,0,0,0,0,0
l8,7=79,87,87,79,81,90,89,83,0,77,75,83,92,81,71,0,57,13,56,54,17,44,12,10,44,49,58,12,0,0,0,0,0,0,0,0,0,0,0,0,0,0,0,0,0
l9,7=89,87,84,73,54,89,94,82,83,0,79,85,95,86,79,0,54,10,64,33,56,2,0,2,0,54,55,9,0,0,3,29,0,0,0,0,0,0,0,0,0,0,0,28,0
l10,7=50,70,61,15,20,52,67,61,63,71,0,79,92,82,82,0,62,30,45,28,60,20,3,18,37,57,61,0,0,0,11,41,0,0,0,0,0,0,0,0,0,18,0,35,0
l11,7=78,87,85,37,67,90,77,81,77,76,81,0,95,83,81,0,58,23,68,47,9,22,0,11,32,32,50,16,0,0,4,25,0,0,0,0,0,0,0,0,0,0,0,34,23
l12,7=82,88,78,58,9,73,84,60,77,76,83,86,0,86,82,0,62,18,69,30,57,9,9,10,44,62,64,16,0,0,19,44,0,0,0,0,0,0,0,0,2,0,26,0,0
l13,7=78,88,82,73,87,73,87,83,76,76,83,86,95,0,82,0,31,33,68,69,59,10,8,27,22,53,0,6,0,0,12,23,0,0,0,0,0,0,0,0,0,0,0,0,0
l14,7=4,24,11,0,1,12,14,33,22,58,83,43,55,39,0,0,68,72,72,74,59,43,0,14,27,57,62,16,0,0,29,55,0,0,0,0,0,0,0,3,23,3,59,37,31
l15,7=49,32,21,32,9,15,16,38,36,44,85,40,52,1,86,0,0,31,42,29,61,41,9,14,38,27,54,12,0,0,20,33,0,21,0,0,0,0,0,17,29,7,19,22,25
l16,7=45,1,22,28,0,9,15,16,4,22,65,21,7,11,86,0,49,0,23,34,70,25,0,11,39,40,53,3,0,0,34,66,0,44,0,0,0,0,6,26,90,0,26,39,35
l17,7=26,19,52,36,0,16,31,18,32,52,78,61,63,39,86,0,62,51,0,37,65,37,4,15,31,61,54,19,0,0,30,41,0,1,0,0,0,0,0,0,0,19,0,46,22
l18,7=28,11,3,0,4,6,12,31,40,28,51,46,34,47,80,0,48,73,64,0,67,48,17,25,46,60,65,67,0,0,32,40,42,0,0,0,0,0,26,18,57,21,53,60,43
l19,7=0,0,11,0,0,8,0,16,20,45,56,15,31,27,78,0,61,81,70,76,0,26,10,26,65,65,48,24,0,0,19,36,0,40,0,0,0,0,14,25,57,0,54,44,45
l20,7=0,0,0,0,0,0,0,2,25,2,30,11,22,8,52,0,23,13,31,57,17,0,58,66,60,64,58,74,0,0,0,0,50,55,0,10,41,4,60,15,0,0,53,53,53
l21,7=0,0,0,0,0,0,0,2,33,1,3,7,7,1,8,0,47,0,1,55,12,75,0,59,55,57,38,71,0,0,0,0,0,3,0,0,7,0,34,12,0,0,56,38,0
l22,7=0,0,0,0,0,0,0,0,21,16,33,34,17,6,46,0,28,6,35,49,30,71,52,0,66,69,71,76,0,0,0,0,23,62,0,37,67,62,61,37,20,35,71,54,57
l23,7=0,0,0,0,0,0,0,9,6,7,36,25,35,4,50,0,36,27,51,57,47,66,38,72,0,74,75,69,0,0,0,9,40,44,0,47,16,0,26,11,23,19,69,61,55
l24,7=0,0,1,0,0,1,6,28,14,19,44,24,54,5,56,0,42,21,61,65,43,70,41,66,66,0,75,74,0,0,8,0,15,19,0,19,14,0,6,22,26,23,72,60,42
l25,7=0,0,0,0,0,0,0,5,22,16,28,30,40,4,49,0,43,23,41,60,29,50,9,72,66,74,0,66,0,0,0,9,28,55,0,31,29,18,32,16,29,18,72,64,51
l26,7=0,0,0,0,0,0,0,7,10,7,15,32,14,3,28,0,6,3,50,61,21,74,52,72,62,66,67,0,0,0,2,0,56,34,0,8,64,24,60,33,0,13,46,3,58
l27,7=0,25,20,41,15,8,0,0,0,0,48,2,36,6,86,0,17,36,23,34,60,0,0,0,3,22,0,0,0,0,0,81,42,60,0,10,21,4,28,50,91,78,14,13,0
l28,7=37,24,0,42,6,10,2,0,0,20,67,26,31,11,36,0,20,81,62,65,45,0,0,1,16,0,17,0,0,0,85,0,57,73,0,9,34,5,25,85,57,30,18,31,0
l29,7=0,0,0,0,0,0,0,0,0,0,0,0,0,0,0,0,0,0,0,37,0,51,1,20,31,35,50,63,0,0,22,47,0,75,0,84,89,80,76,89,76,68,0,2,0
l30,7=0,0,0,0,0,0,0,0,0,0,0,0,0,0,0,0,1,9,1,5,21,46,0,52,36,9,50,6,0,0,59,55,71,0,0,81,83,79,72,69,92,71,0,0,7
l31,7=0,0,0,0,0,0,0,0,0,0,0,0,0,0,0,0,0,0,0,8,0,38,0,56,57,38,55,21,0,0,28,49,71,71,0,0,89,89,72,68,88,60,10,40,0
l32,7=0,0,0,0,0,0,0,0,0,0,0,0,0,0,0,0,0,0,0,7,0,53,0,39,18,30,52,62,0,0,59,58,71,71,0,84,0,89,72,80,63,55,0,0,0
l33,7=0,0,0,0,0,0,0,0,0,0,0,0,0,0,0,0,0,0,0,0,0,23,0,26,0,0,31,61,0,0,47,37,71,74,0,84,89,0,76,56,70,67,2,0,0
l34,7=0,0,0,0,0,0,0,0,0,0,0,0,0,0,2,0,0,26,0,57,42,56,7,52,33,24,30,63,0,0,67,36,71,75,0,84,84,85,0,89,92,79,22,29,0
l35,7=0,0,0,0,0,0,0,0,0,0,0,0,0,0,1,0,11,26,0,28,44,21,1,48,19,29,28,33,0,0,41,62,71,68,0,25,84,52,76,0,92,79,8,0,0
l36,7=0,0,0,0,0,0,0,0,0,0,0,0,1,0,11,0,16,77,2,68,42,0,0,24,30,26,36,0,0,0,85,57,62,75,0,54,35,42,76,89,0,79,13,0,0
l37,7=0,0,0,0,0,0,0,0,0,0,19,0,0,0,5,0,3,5,10,55,4,3,0,48,34,29,28,15,0,0,70,52,68,74,0,27,34,40,76,89,92,0,13,1,0
l38,7=0,0,0,0,0,0,0,0,0,0,0,0,10,0,27,0,5,8,1,33,6,22,3,47,51,59,65,36,0,0,2,6,0,0,0,0,0,1,10,0,10,7,0,61,60
l39,7=0,0,0,0,0,0,0,2,0,1,19,15,1,0,16,0,7,24,50,53,32,26,3,41,59,54,75,1,0,0,1,7,0,0,0,2,0,0,3,0,0,0,78,0,58
l40,7=0,0,0,0,0,0,0,0,0,0,0,1,0,0,15,0,4,18,0,40,31,43,0,39,50,29,57,50,0,0,0,0,0,3,0,0,0,0,0,0,0,0,75,60,0
l41,7=0,0,0,0,0,0,0,1,8,0,12,4,50,2,62,0,30,22,58,57,46,9,3,37,65,62,63,20,0,0,0,28,10,0,0,0,0,0,2,0,0,10,66,64,56
l42,7=0,0,0,0,0,0,0,0,0,0,0,0,0,0,29,0,9,6,8,43,15,45,5,30,58,68,68,59,0,0,0,1,18,17,0,0,0,0,0,0,0,0,74,63,35
l43,7=0,0,0,0,0,0,0,0,0,0,0,0,0,0,0,0,1,7,16,32,15,34,3,52,38,63,68,67,0,0,0,0,18,13,0,19,13,0,0,0,0,0,74,61,60
l44,7=0,0,0,0,0,0,0,0,0,0,0,0,7,0,28,0,5,5,20,42,30,56,13,57,61,64,57,61,0,0,0,0,14,19,0,0,0,0,10,0,0,3,73,62,51

l0,8=0,96,94,99,97,94,98,97,96,64,91,97,98,98,70,0,91,0,44,23,0,0,0,0,0,0,0,0,0,0,44,0,0,0,0,0,0,0,0,0,0,0,0,0,0
l1,8=96,0,94,99,97,95,98,97,95,59,98,97,98,98,11,0,87,64,2,45,0,0,0,0,0,0,0,0,0,0,48,0,0,0,0,0,0,0,0,0,33,0,0,0,0
l2,8=97,98,0,98,97,94,98,97,96,93,91,97,93,98,60,0,96,85,73,35,61,0,0,0,0,0,0,0,0,0,46,0,0,0,0,0,0,0,0,0,0,0,0,24,0
l3,8=99,100,96,0,97,95,98,97,96,93,93,94,98,98,4,0,89,49,8,26,0,0,0,0,0,0,0,0,0,0,85,56,0,0,0,0,0,0,0,0,0,0,0,0,0
l4,8=97,98,96,99,0,95,98,97,15,48,92,97,56,95,7,0,0,42,8,49,0,0,0,0,0,0,0,0,0,0,42,7,0,0,0,0,0,0,0,0,0,0,0,0,0
l5,8=62,100,95,99,97,0,99,97,96,63,93,97,92,97,63,0,89,58,3,50,76,0,0,0,0,0,0,0,0,0,48,35,0,0,0,0,0,0,0,0,0,0,0,0,0
l6,8=97,98,96,98,97,94,0,97,96,94,98,97,97,98,96,0,96,72,85,85,87,0,0,3,0,37,0,0,0,0,91,17,0,0,0,0,0,0,0,0,0,0,0,4,0
l7,8=97,98,96,93,94,94,98,0,97,94,98,97,97,98,92,0,97,83,76,87,89,73,0,38,64,82,79,0,0,0,9,0,0,0,0,0,0,0,0,0,0,0,0,0,0
l8,8=97,93,97,93,94,94,95,98,0,94,93,97,98,97,91,0,91,68,64,89,91,87,0,43,39,0,65,78,0,0,0,0,0,0,0,0,0,0,0,0,0,0,0,12,0
l9,8=95,78,92,93,93,91,99,98,97,0,97,99,99,99,80,0,100,72,48,70,91,86,0,47,41,77,81,0,0,0,0,35,0,0,0,0,0,0,0,0,0,0,0,55,0
l10,8=50,59,81,89,92,92,96,95,59,73,0,94,99,99,93,0,100,42,68,46,94,82,58,51,41,34,82,0,0,0,6,53,0,0,0,0,0,0,0,0,0,0,0,52,0
l11,8=94,93,95,85,94,91,96,98,97,93,93,0,99,99,92,0,91,42,90,51,77,32,0,49,41,53,75,54,0,0,49,0,0,0,0,0,0,0,0,0,0,0,0,38,19
l12,8=57,95,62,93,29,91,95,95,97,94,99,99,0,99,92,0,99,77,91,60,92,15,73,0,41,77,81,53,0,0,53,37,0,0,0,0,0,0,0,0,0,0,55,21,4
l13,8=94,94,96,94,94,94,95,98,95,94,99,99,99,0,91,0,90,76,90,60,91,88,72,47,41,34,0,55,0,0,12,34,0,0,0,0,0,0,0,0,32,0,0,0,0
l14,8=20,5,30,0,51,79,81,94,53,70,99,99,63,59,0,0,100,85,95,94,99,89,45,36,43,81,83,36,0,0,56,61,0,0,0,0,0,0,0,0,61,39,30,55,15
l15,8=50,16,83,85,0,92,93,97,61,78,99,99,99,59,96,0,0,83,76,54,99,90,0,37,45,81,85,59,0,0,35,65,0,6,0,0,0,0,31,30,82,61,38,46,0
l16,8=0,23,61,45,48,88,53,96,23,7,4,38,62,36,74,0,100,0,57,59,100,42,0,0,33,84,81,0,0,0,100,68,0,0,0,0,40,40,83,93,98,82,63,0,26
l17,8=7,0,43,0,43,0,55,82,47,23,99,99,63,60,98,0,100,85,0,59,100,86,64,22,43,84,83,58,0,0,57,49,0,0,0,0,0,0,0,56,61,51,31,55,15
l18,8=2,27,0,15,22,71,34,84,56,53,72,67,68,43,98,0,74,100,89,0,97,89,81,89,77,86,91,91,0,0,50,50,7,5,0,5,3,0,72,30,73,87,62,51,46
l19,8=0,0,49,0,10,83,75,87,87,93,97,55,95,87,98,0,99,100,95,94,0,86,20,94,77,88,91,91,0,0,99,34,0,25,0,0,0,0,75,89,98,89,59,89,84
l20,8=0,0,0,0,0,0,0,14,50,18,55,10,1,71,62,0,69,20,61,80,60,0,96,94,72,86,77,91,0,0,0,0,56,43,0,3,52,0,67,33,1,46,69,52,60
l21,8=0,0,0,0,0,0,0,0,18,0,36,1,53,66,57,0,28,0,57,80,22,94,0,88,71,82,8,87,0,0,0,0,4,37,0,0,50,0,59,2,0,0,57,70,23
l22,8=0,0,0,0,0,0,0,11,13,10,60,31,12,55,50,0,55,0,25,79,69,88,71,0,75,86,91,87,0,0,0,0,30,60,0,46,59,69,78,47,0,65,66,80,63
l23,8=0,0,0,0,0,0,0,44,17,5,44,51,53,42,63,0,68,42,66,84,70,87,72,94,0,89,91,87,0,0,24,0,42,32,0,32,42,19,62,37,46,33,66,87,81
l24,8=0,0,0,0,0,0,25,63,5,31,50,44,62,67,75,0,68,65,75,83,70,89,59,90,77,0,91,84,0,0,36,5,42,1,0,8,41,21,54,20,64,24,86,67,53
l25,8=0,0,0,0,0,0,0,47,17,26,61,50,59,13,60,0,62,59,63,81,68,63,0,94,77,88,0,70,0,0,8,1,15,56,0,34,58,63,52,41,45,44,82,87,67
l26,8=0,0,0,0,0,0,4,0,23,0,16,30,26,37,34,0,55,0,60,83,65,92,81,93,74,85,82,0,0,0,0,0,41,32,0,31,76,25,75,23,0,28,66,40,67
l27,8=7,12,4,85,25,85,55,9,0,0,11,32,10,4,67,0,91,100,50,57,97,0,0,0,8,31,37,0,0,0,0,98,0,60,0,46,61,64,93,93,97,94,0,8,0
l28,8=0,0,0,80,17,26,31,0,0,20,98,0,21,5,79,0,100,100,50,59,79,0,0,0,0,6,7,0,0,0,100,0,20,24,0,35,95,73,59,56,99,89,7,26,0
l29,8=0,0,0,0,0,0,0,0,0,0,0,0,0,0,0,0,0,0,0,41,0,81,0,66,67,76,65,82,0,0,0,78,0,100,0,97,96,95,97,94,95,93,32,0,0
l30,8=0,0,0,0,10,0,0,0,0,0,0,0,0,0,0,0,62,9,0,32,43,84,43,92,70,16,87,68,0,0,97,85,94,0,0,97,95,100,97,94,99,97,46,2,0
l31,8=0,0,0,0,0,0,0,0,0,0,0,0,0,0,0,0,0,11,0,24,0,33,0,80,68,56,70,82,0,0,76,39,94,100,0,0,96,100,97,87,99,97,0,19,0
l32,8=0,0,0,0,0,0,0,0,0,0,0,0,0,0,0,0,0,60,0,0,0,79,48,78,66,80,85,88,0,0,61,70,94,99,0,97,0,100,97,70,86,87,16,0,0
l33,8=0,0,0,0,0,0,0,0,0,0,0,0,0,0,0,0,0,60,0,0,0,0,0,88,33,63,78,59,0,0,61,47,94,100,0,97,96,0,70,94,78,87,0,0,0
l34,8=0,0,0,0,0,0,0,0,0,0,0,0,0,0,0,0,74,68,0,73,72,86,52,73,46,77,59,73,0,0,95,83,94,100,0,97,96,98,0,94,99,97,55,10,0
l35,8=0,0,0,0,0,0,0,0,0,0,0,0,0,0,0,0,72,89,37,48,75,73,0,17,16,65,57,37,0,0,97,81,94,100,0,69,90,100,97,0,99,97,3,0,0
l36,8=0,8,0,0,0,0,0,0,0,0,0,0,0,3,56,0,86,98,41,88,88,0,0,0,46,85,50,0,0,0,100,98,60,100,0,81,95,100,97,94,0,97,50,0,0
l37,8=0,0,0,0,0,0,0,0,0,0,0,0,0,0,44,0,80,64,36,88,75,76,0,17,14,45,52,34,0,0,100,54,58,64,0,77,93,84,97,94,99,0,0,0,0
l38,8=0,0,0,0,0,0,0,0,0,0,0,0,15,0,29,0,26,36,15,40,32,54,38,64,42,77,83,57,0,0,0,2,4,13,0,0,4,0,33,0,24,0,0,88,88
l39,8=0,0,0,0,0,0,0,0,0,8,33,0,0,0,37,0,28,16,43,25,62,53,22,74,72,58,87,38,0,0,4,12,0,0,0,3,0,0,15,0,1,0,88,0,86
l40,8=0,0,0,0,0,0,0,0,0,0,0,3,2,0,26,0,3,44,13,45,31,54,0,68,65,52,75,60,0,0,0,0,0,0,0,0,0,0,0,0,0,0,88,87,0
l41,8=0,0,0,0,0,0,0,13,7,4,9,47,72,1,76,0,73,25,75,26,64,50,56,81,74,86,89,18,0,0,13,71,1,0,0,0,0,0,0,0,0,27,87,89,86
l42,8=0,0,0,0,0,0,0,0,0,0,0,1,0,0,48,0,23,0,24,44,56,60,58,73,52,85,84,73,0,0,0,0,11,12,0,0,15,1,1,0,0,0,86,89,64
l43,8=0,0,0,0,0,0,0,0,0,0,0,0,0,0,22,0,0,0,17,46,41,60,27,78,40,73,84,60,0,0,0,0,12,12,0,0,0,0,30,0,0,0,82,72,78
l44,8=0,0,0,0,0,0,0,0,0,0,0,3,13,0,37,0,3,16,41,53,17,23,24,75,70,60,74,65,0,0,0,0,6,12,0,0,0,0,0,0,0,0,83,72,67

l0,9=0,90,99,100,98,99,99,79,98,86,85,97,87,79,2,0,43,0,69,0,0,0,0,0,0,0,0,0,0,0,0,3,0,0,0,0,0,0,0,0,0,0,0,0,0
l1,9=86,0,97,100,98,99,99,84,98,55,84,95,75,35,13,0,94,34,58,32,5,0,0,0,0,8,0,0,0,0,62,55,0,0,0,0,0,0,0,0,0,0,0,0,0
l2,9=86,90,0,99,97,98,99,95,98,95,86,96,90,99,57,0,98,52,65,53,2,48,0,0,9,0,0,0,0,0,60,52,0,0,0,0,0,0,0,0,0,0,0,0,0
l3,9=87,90,97,0,100,99,100,94,98,96,71,90,90,99,12,0,79,69,22,28,0,0,0,0,0,0,0,0,0,0,66,57,0,0,0,0,0,0,0,0,0,0,0,0,0
l4,9=85,89,98,100,0,99,99,97,87,92,77,94,67,99,24,0,97,70,0,40,0,0,0,0,0,0,0,0,0,0,21,56,0,0,0,0,0,0,0,0,0,0,0,0,0
l5,9=86,88,94,100,100,0,99,89,98,94,83,98,74,99,28,0,95,74,11,19,32,0,0,0,0,12,0,0,0,0,60,56,0,0,0,0,0,0,0,0,24,0,0,0,0
l6,9=86,89,97,100,98,99,0,96,98,97,84,98,98,99,40,0,98,93,73,27,4,0,0,0,0,28,0,0,0,0,0,59,0,0,0,0,0,0,0,0,0,0,0,0,0
l7,9=83,90,97,99,98,99,99,0,100,99,94,98,99,100,37,0,99,97,29,92,50,98,0,0,67,98,90,91,0,0,10,0,0,0,0,0,0,0,0,0,0,0,0,8,0
l8,9=85,90,97,99,93,99,99,94,0,96,95,98,97,99,97,0,98,98,94,72,31,72,0,21,43,69,91,92,0,0,25,0,0,0,0,0,0,0,0,0,0,0,0,0,0
l9,9=84,88,97,100,95,99,100,92,98,0,90,99,99,100,99,0,100,93,85,95,94,84,0,0,39,39,90,87,0,0,25,13,0,0,0,0,0,0,0,0,0,0,0,0,0
l10,9=84,88,96,90,89,51,61,61,100,99,0,99,99,98,100,0,100,94,94,33,35,88,72,34,35,52,96,0,0,0,55,58,0,0,0,0,0,0,0,0,27,43,70,89,71
l11,9=84,84,94,90,94,99,100,97,100,99,96,0,99,100,99,0,100,91,97,62,13,18,0,31,38,37,87,95,0,0,48,0,0,0,0,0,0,0,0,0,0,0,0,80,51
l12,9=84,85,90,94,90,46,98,70,74,99,97,99,0,100,62,0,100,99,79,45,32,88,88,0,15,47,91,72,0,0,53,6,0,0,0,0,0,0,0,0,17,0,77,0,0
l13,9=84,86,97,99,96,99,100,92,100,99,93,99,99,0,99,0,100,98,97,44,70,95,0,50,91,69,92,51,0,0,57,82,0,0,0,0,0,0,0,0,30,0,38,78,0
l14,9=18,2,93,4,60,47,34,29,60,61,83,99,62,34,0,0,100,100,97,35,37,97,53,31,36,51,92,99,0,0,66,59,0,69,0,0,0,0,4,0,11,52,89,89,83
l15,9=68,86,98,38,92,48,39,60,62,98,91,99,99,35,93,0,0,96,97,60,36,98,39,35,36,52,87,97,0,0,67,60,2,78,0,0,0,0,12,0,31,52,44,86,0
l16,9=0,0,0,0,7,51,29,38,38,11,47,74,62,34,62,0,99,0,69,35,62,0,0,32,35,51,88,0,0,0,100,60,47,24,0,0,11,7,23,36,37,62,66,93,71
l17,9=79,86,96,0,31,0,38,0,60,52,82,99,62,35,100,0,100,100,0,60,100,98,96,30,36,52,95,98,0,0,66,59,0,0,0,0,0,0,0,25,30,49,82,95,78
l18,9=0,61,30,39,88,45,25,59,60,31,47,99,77,34,98,0,98,98,96,0,100,99,96,64,99,52,95,98,0,0,66,36,50,95,0,84,27,9,38,35,45,98,57,95,90
l19,9=4,29,0,0,0,50,29,23,34,61,83,68,60,59,100,0,98,100,97,96,0,66,0,94,59,83,95,98,0,0,66,60,0,87,0,1,0,0,35,35,62,93,57,95,90
l20,9=0,0,0,0,0,0,0,90,77,59,70,0,90,85,87,0,96,0,86,94,89,0,99,99,97,99,94,99,0,0,0,0,92,78,0,67,72,0,80,84,0,81,91,95,73
l21,9=0,0,0,0,0,0,0,2,0,0,67,0,98,0,88,0,91,0,94,94,0,100,0,97,97,97,87,98,0,0,0,0,0,92,0,0,68,0,66,0,0,2,93,95,88
l22,9=0,0,0,0,0,0,0,0,78,28,73,78,0,79,82,0,81,77,78,94,99,99,78,0,99,97,95,99,0,0,0,0,74,94,0,78,75,78,94,85,59,80,85,95,74
l23,9=0,0,0,0,0,0,0,50,40,42,56,77,16,50,96,0,97,83,95,94,96,99,94,98,0,99,96,98,0,0,48,35,52,78,0,76,62,75,61,30,25,80,93,95,90
l24,9=0,13,0,0,0,29,11,88,88,63,67,62,85,85,94,0,96,98,95,94,99,99,98,97,100,0,96,98,0,0,0,0,81,77,0,29,83,78,76,84,86,82,93,92,78
l25,9=0,0,0,0,0,0,0,28,84,29,86,85,90,51,92,0,73,69,90,88,93,91,40,97,100,99,0,92,0,0,0,8,81,90,0,87,89,89,90,3,52,48,93,95,88
l26,9=0,0,0,0,0,0,0,47,83,68,0,86,61,23,94,0,85,0,89,94,94,99,97,98,97,97,95,0,0,0,0,0,72,99,0,87,96,86,97,47,10,88,84,76,71
l27,9=0,55,15,52,0,13,0,3,0,0,19,39,54,5,37,0,99,100,69,35,10,0,0,0,34,3,0,0,0,0,0,99,39,100,0,94,33,38,28,36,37,100,0,58,24
l28,9=0,41,0,51,90,52,27,0,0,0,20,0,0,34,37,0,100,100,68,33,10,0,0,0,34,3,45,0,0,0,100,0,52,84,0,62,32,2,33,35,63,64,0,49,1
l29,9=0,0,0,0,0,0,0,0,0,0,0,0,0,0,0,0,6,83,0,59,0,98,0,96,83,80,95,93,0,0,17,96,0,100,0,100,99,100,100,99,100,100,80,61,0
l30,9=0,0,0,0,0,0,0,0,0,0,0,0,0,0,21,0,52,70,0,57,8,36,32,99,51,26,96,100,0,0,100,29,100,0,0,100,99,100,100,99,100,100,33,54,29
l31,9=0,0,0,0,0,0,0,0,0,0,0,0,0,0,0,0,0,0,0,86,2,30,0,89,79,21,87,94,0,0,90,53,100,100,0,0,99,100,100,54,100,18,0,0,0
l32,9=0,0,0,0,0,0,0,0,0,0,0,0,0,0,0,0,0,79,0,87,0,64,25,96,52,52,95,98,0,0,70,97,100,100,0,100,0,100,100,95,98,99,0,0,16
l33,9=0,0,0,0,0,0,0,0,0,0,0,0,0,0,0,0,0,2,0,0,0,0,0,49,27,20,67,94,0,0,22,0,100,100,0,100,99,0,100,73,51,62,0,0,0
l34,9=0,0,0,0,0,0,0,0,0,0,0,0,0,0,22,0,60,98,0,62,10,36,30,98,74,65,95,97,0,0,55,62,100,100,0,100,99,100,0,99,100,100,8,0,34
l35,9=0,0,0,0,0,3,0,0,0,0,0,0,0,0,0,0,0,99,79,90,36,36,0,96,96,66,2,96,0,0,100,61,100,100,0,93,38,100,100,0,100,100,0,0,0
l36,9=0,0,0,0,0,32,0,0,0,0,15,0,55,31,35,0,96,100,67,96,53,0,0,36,59,84,95,0,0,0,51,99,75,100,0,100,38,38,100,99,0,100,0,0,0
l37,9=0,0,0,0,0,0,0,0,0,0,6,0,24,0,37,0,97,98,65,96,10,36,0,36,35,46,87,96,0,0,62,59,75,100,0,94,38,38,100,99,100,0,0,0,0
l38,9=0,0,0,0,0,0,0,0,0,0,1,0,46,0,85,0,14,74,22,84,68,80,46,87,98,92,95,71,0,0,0,1,40,61,0,0,0,0,1,0,0,0,0,96,91
l39,9=0,0,0,0,0,0,0,1,0,0,53,51,0,7,39,0,69,88,90,91,88,86,60,94,97,49,95,73,0,0,12,27,28,33,0,0,0,0,0,0,0,0,93,0,90
l40,9=0,0,0,0,0,0,0,0,0,0,8,9,0,0,55,0,0,55,51,85,71,77,59,67,91,61,84,73,0,0,2,0,0,0,0,0,0,0,2,0,0,0,93,95,0
l41,9=0,0,0,0,0,0,0,26,26,0,44,71,64,25,98,0,89,91,94,94,43,74,0,92,97,97,95,73,0,0,41,57,0,48,0,0,0,0,31,16,0,19,93,95,90
l42,9=0,0,0,0,0,0,0,0,0,0,0,0,0,0,47,0,24,65,59,80,82,86,67,95,97,97,94,94,0,0,0,0,0,0,0,0,53,0,58,0,0,0,93,95,88
l43,9=0,0,0,0,0,0,0,0,0,0,0,0,0,0,74,0,14,44,70,76,70,83,41,88,91,76,95,78,0,0,0,0,0,0,0,43,0,34,0,0,0,0,93,80,85
l44,9=0,0,0,0,0,0,0,0,0,0,0,0,21,0,80,0,53,68,60,82,74,80,70,97,97,97,95,77,0,0,0,0,44,52,0,44,0,0,9,0,0,39,93,94,86

l0,10=0,95,93,92,93,91,93,0,90,77,80,84,69,77,39,0,66,52,17,7,33,0,0,0,0,0,0,0,0,0,0,47,0,0,0,0,0,0,0,0,0,0,0,0,0
l1,10=93,0,94,92,91,89,91,0,89,65,46,70,77,68,32,0,40,57,37,18,16,0,0,0,0,0,0,0,0,0,69,20,0,0,0,0,0,0,0,0,0,0,0,0,0
l2,10=93,95,0,87,89,92,93,0,91,81,80,87,72,79,36,0,40,13,41,16,0,0,0,0,33,2,5,0,0,0,37,0,0,0,0,0,0,0,0,0,0,0,0,15,0
l3,10=95,95,89,0,93,93,94,0,88,77,75,74,69,77,30,0,39,16,36,0,0,0,0,0,0,0,0,0,0,0,76,42,0,0,0,0,0,0,0,0,0,0,0,0,0
l4,10=94,95,89,93,0,92,93,0,88,59,74,77,70,61,34,0,40,49,33,0,0,0,0,0,0,0,0,0,0,0,1,57,0,0,0,0,0,0,0,0,0,0,0,0,0
l5,10=92,89,94,92,93,0,92,0,89,72,82,92,73,80,31,0,34,8,37,2,0,0,0,0,0,4,0,0,0,0,68,44,0,0,0,0,0,0,1,0,24,0,0,0,0
l6,10=93,91,94,92,91,90,0,0,91,77,80,92,70,77,26,0,67,71,41,18,1,0,0,0,9,1,1,0,0,0,63,47,0,0,0,0,0,0,0,0,0,0,0,0,0
l7,10=93,95,94,87,91,91,93,0,92,92,92,95,82,88,52,0,83,68,43,33,56,58,0,57,18,54,51,55,0,0,0,27,0,0,0,0,0,0,0,0,0,0,0,0,0
l8,10=87,90,94,44,89,88,94,0,0,78,89,92,83,80,33,0,50,53,55,27,35,39,0,3,40,15,36,51,0,0,51,0,0,0,0,0,0,0,0,0,0,0,0,0,0
l9,10=87,62,90,87,89,86,90,1,88,0,85,97,88,87,91,0,86,68,52,23,31,43,0,3,35,26,33,1,0,0,0,41,0,0,0,0,0,0,0,0,0,0,0,0,0
l10,10=89,1,90,52,87,87,91,0,88,91,0,92,88,85,94,0,86,77,87,33,68,41,8,73,51,44,73,45,0,0,69,56,0,0,0,0,0,0,0,0,50,0,0,59,1
l11,10=83,49,90,44,74,87,93,0,89,92,86,0,88,88,82,0,86,59,84,25,36,27,0,57,32,15,32,54,0,0,22,42,0,0,0,0,0,0,0,0,0,0,0,2,0
l12,10=86,81,85,50,83,86,90,0,89,91,86,94,0,85,92,0,86,78,72,17,28,26,16,49,34,44,47,33,0,0,40,16,0,0,0,0,0,0,0,0,0,0,50,0,0
l13,10=88,82,90,86,61,87,91,0,89,92,85,97,88,0,41,0,85,72,84,24,69,7,17,46,35,31,28,33,0,0,2,45,0,0,0,0,0,0,0,0,0,0,0,46,0
l14,10=71,40,12,3,85,68,18,0,79,90,81,89,84,56,0,0,88,85,97,48,93,28,24,58,55,48,29,74,0,0,84,55,0,7,0,0,0,0,0,12,8,25,84,88,7
l15,10=87,29,24,3,72,47,91,0,73,91,89,90,86,78,95,0,0,81,96,63,55,33,14,68,55,39,32,73,0,0,85,56,0,7,0,0,0,0,0,0,36,24,59,88,0
l16,10=61,60,0,0,59,0,64,1,49,61,74,39,84,50,79,0,53,0,87,65,87,3,0,73,55,36,18,11,0,0,97,58,17,0,0,0,0,0,40,0,88,41,0,89,7
l17,10=36,24,34,15,49,72,64,5,86,78,86,91,84,85,98,0,88,92,0,89,97,13,14,75,74,79,84,72,0,0,87,89,0,0,0,0,0,0,0,0,0,12,51,37,88
l18,10=8,24,23,0,0,0,41,3,68,62,35,77,59,61,35,0,84,94,96,0,97,58,54,77,81,86,32,80,0,0,62,30,0,21,0,0,1,12,30,58,33,68,86,67,32
l19,10=25,0,0,0,0,0,3,0,66,38,83,82,64,78,98,0,52,96,97,93,0,43,0,82,61,52,55,68,0,0,93,50,0,14,0,0,0,0,23,31,39,50,59,92,42
l20,10=0,0,0,0,0,0,0,9,59,61,62,61,58,16,71,0,60,54,48,90,61,0,97,86,81,87,86,83,0,0,0,0,69,65,0,2,0,0,73,46,2,47,70,63,27
l21,10=0,0,0,0,0,0,0,0,0,0,16,0,73,70,82,0,72,0,72,87,0,88,0,86,81,88,88,83,0,0,0,0,64,55,0,0,0,0,0,0,0,0,81,72,64
l22,10=0,0,0,0,0,0,0,5,12,43,71,57,50,55,54,0,60,65,71,69,64,88,78,0,81,87,89,85,0,0,0,0,74,74,0,71,65,55,74,67,6,59,84,77,69
l23,10=0,0,31,0,0,0,8,7,45,56,60,56,56,9,71,0,64,64,69,88,63,69,75,86,0,88,90,79,0,0,60,37,60,72,0,74,38,43,67,62,63,35,91,92,89
l24,10=0,1,20,0,0,0,3,1,39,1,62,45,65,52,78,0,61,63,73,90,72,81,81,86,81,0,90,69,0,0,32,10,65,68,0,59,57,36,65,16,66,66,89,78,67
l25,10=0,0,1,0,0,0,0,5,51,18,68,54,57,50,64,0,55,55,71,61,83,80,56,86,81,88,0,79,0,0,0,0,73,47,0,67,61,50,69,50,30,39,91,92,87
l26,10=0,0,0,0,0,0,24,5,9,62,9,61,54,41,72,0,60,4,69,80,59,83,76,86,81,70,88,0,0,0,0,0,70,76,0,79,66,67,65,13,41,74,74,67,72
l27,10=21,17,0,17,0,39,3,0,21,0,43,38,65,4,56,0,48,96,75,22,27,0,0,0,57,4,0,0,0,0,0,96,28,7,0,6,3,42,86,92,97,83,0,59,0
l28,10=45,0,0,7,77,48,38,0,0,25,67,45,25,39,60,0,54,96,58,20,39,0,0,0,38,0,0,0,0,0,97,0,45,26,0,0,0,0,87,41,97,84,42,0,0
l29,10=0,0,0,0,0,0,0,0,0,0,0,0,0,0,0,0,0,66,0,9,0,81,30,82,76,78,79,70,0,0,70,81,0,88,0,90,91,93,91,92,82,84,54,60,18
l30,10=0,0,0,0,0,0,0,0,0,0,0,0,0,0,32,0,27,0,0,47,10,47,28,84,81,46,43,78,0,0,1,41,89,0,0,90,90,93,91,92,95,88,55,57,0
l31,10=0,0,0,0,0,0,0,0,0,0,0,0,0,0,0,0,0,0,0,0,0,18,0,84,81,52,80,76,0,0,79,0,89,88,0,0,91,93,91,79,92,88,0,1,22
l32,10=0,0,0,0,0,0,0,0,0,0,0,0,0,0,0,0,0,0,0,4,0,0,0,75,75,79,73,69,0,0,57,0,89,88,0,90,0,93,91,91,72,81,0,0,0
l33,10=0,0,0,0,0,0,0,0,0,0,0,0,0,0,0,0,0,0,0,0,0,0,0,75,58,19,71,71,0,0,65,0,89,88,0,90,90,0,91,92,64,61,0,0,0
l34,10=0,0,0,0,0,7,0,0,0,0,0,0,28,0,0,0,0,68,0,19,9,79,0,83,81,51,79,73,0,0,72,85,89,88,0,90,90,93,0,92,97,89,0,0,0
l35,10=0,0,0,0,0,0,0,0,0,0,0,0,0,0,35,0,0,11,7,70,19,39,0,83,81,10,53,29,0,0,92,48,89,88,0,87,90,93,91,0,97,89,16,0,0
l36,10=0,0,0,0,0,19,0,0,0,0,42,0,28,0,40,0,39,90,13,19,19,1,0,18,80,84,32,40,0,0,87,95,88,88,0,55,56,89,91,98,0,89,0,21,0
l37,10=0,0,0,0,0,0,0,0,0,0,0,0,0,0,47,0,38,73,16,51,18,36,0,80,61,52,47,75,0,0,76,85,89,88,0,54,25,83,91,98,97,0,0,0,0
l38,10=0,0,0,0,0,0,0,0,0,0,1,0,63,0,83,0,58,12,72,77,33,56,27,80,79,66,85,68,0,0,0,9,25,30,0,0,0,0,0,0,0,0,0,92,90
l39,10=0,0,7,0,0,0,0,0,0,0,41,0,17,24,83,0,72,74,71,72,73,65,21,76,81,63,87,67,0,0,42,1,44,17,0,0,0,0,0,0,0,0,91,0,90
l40,10=0,0,0,0,0,0,0,0,0,0,3,0,0,0,39,0,0,57,69,69,68,43,35,74,80,30,85,70,0,0,0,0,0,0,0,0,0,0,0,0,0,0,90,92,0
l41,10=0,0,0,0,0,0,0,0,13,15,57,69,60,0,84,0,72,67,72,90,75,55,3,77,77,84,89,57,0,0,35,51,0,6,0,1,0,0,0,14,29,19,91,92,90
l42,10=0,0,0,0,0,0,0,0,0,0,0,0,0,0,68,0,49,38,37,79,70,77,46,83,81,67,86,75,0,0,0,0,0,0,0,0,0,0,37,2,0,0,90,92,86
l43,10=0,0,0,0,0,0,0,0,0,0,3,0,0,0,1,0,14,7,61,49,71,74,38,83,78,60,89,78,0,0,0,0,0,0,0,1,0,9,29,0,0,0,91,86,87
l44,10=0,0,0,0,0,0,0,0,0,0,0,27,0,0,37,0,23,36,43,68,51,75,59,84,81,71,87,74,0,0,0,0,26,2,0,0,16,0,8,0,0,0,91,92,87

l0,11=0,87,94,84,85,80,89,0,92,88,47,19,42,77,44,0,35,24,4,0,0,0,0,0,0,0,0,0,0,0,6,47,0,0,0,0,0,0,0,0,0,0,0,0,0
l1,11=50,0,94,84,84,79,89,0,92,49,24,28,42,72,71,0,42,30,22,13,3,0,0,0,11,0,0,0,0,0,58,55,0,0,0,0,0,0,0,0,0,0,0,0,0
l2,11=50,88,0,81,80,76,87,0,92,88,47,33,42,79,75,0,58,0,27,43,18,0,0,0,40,0,0,0,0,0,36,0,0,0,0,0,0,0,0,0,0,0,0,37,0
l3,11=51,88,94,0,85,80,89,0,90,69,28,32,40,75,35,0,0,23,45,0,0,0,0,0,0,0,0,0,0,0,64,58,0,0,0,0,0,0,0,0,0,0,0,0,0
l4,11=51,85,89,85,0,80,89,1,90,40,2,33,34,62,37,0,31,15,24,0,0,0,0,0,0,0,0,0,0,0,41,5,0,0,0,0,0,0,0,0,0,0,0,0,0
l5,11=54,85,93,82,86,0,87,0,90,87,46,33,42,77,11,0,20,20,5,42,0,0,0,0,1,0,0,0,0,0,63,62,0,0,0,0,0,0,6,0,3,2,0,0,0
l6,11=51,86,90,84,85,79,0,0,92,88,47,62,43,81,17,0,36,21,56,42,6,0,0,0,30,4,0,2,0,0,61,1,0,0,0,0,0,0,0,0,0,0,0,0,0
l7,11=51,87,94,81,80,77,90,0,92,94,47,74,68,86,76,0,59,37,35,42,34,27,0,43,42,38,23,42,0,0,0,14,0,0,0,0,0,0,0,0,0,0,0,0,0
l8,11=50,85,90,76,80,73,86,0,0,89,49,70,60,80,75,0,57,17,57,47,20,10,0,29,48,1,6,48,0,0,30,0,0,0,0,0,0,0,0,0,0,0,0,0,0
l9,11=50,52,90,70,79,72,86,0,90,0,50,74,66,84,76,0,80,3,57,39,20,1,0,25,64,7,10,45,0,0,14,0,0,0,0,0,0,0,0,0,0,0,0,0,0
l10,11=49,57,84,74,7,73,85,1,64,69,0,72,69,83,90,0,85,15,78,52,35,9,15,47,56,12,7,43,0,0,2,14,0,0,0,0,0,0,0,0,0,0,10,21,0
l11,11=49,64,86,68,80,73,86,0,90,91,66,0,68,85,80,0,77,5,71,44,22,6,0,38,9,12,13,8,0,0,0,4,0,0,0,0,0,0,0,0,0,0,0,0,0
l12,11=45,86,79,55,65,72,86,0,90,90,69,72,0,84,84,0,83,23,64,26,33,4,1,34,58,39,12,14,0,0,0,43,0,0,0,0,0,0,0,0,0,0,25,0,0
l13,11=48,75,90,63,54,74,87,0,90,94,65,74,69,0,74,0,80,29,68,39,40,18,2,41,29,30,18,7,0,0,6,45,0,0,0,0,0,0,0,0,4,0,0,12,0
l14,11=34,71,68,8,19,20,2,0,29,40,39,44,65,68,0,0,84,76,85,77,89,12,3,52,70,16,22,46,0,0,5,67,0,0,0,0,0,0,0,8,18,4,37,73,11
l15,11=38,73,77,3,24,38,73,1,30,90,69,45,66,82,90,0,0,18,85,76,66,14,10,54,68,12,9,20,0,0,43,63,0,0,0,0,0,0,0,6,0,0,9,33,17
l16,11=29,67,0,23,25,51,50,0,26,8,14,12,52,50,82,0,36,0,85,78,41,6,0,54,59,0,4,8,0,0,82,81,0,16,0,0,0,3,18,8,30,27,0,78,61
l17,11=0,22,3,4,16,0,59,0,29,9,69,67,62,69,93,0,85,75,0,79,87,22,0,74,77,17,15,24,0,0,61,48,0,0,0,0,0,0,0,0,0,12,27,70,53
l18,11=0,26,20,0,0,39,45,0,20,7,27,33,41,41,88,0,78,57,84,0,91,23,25,61,83,78,10,70,0,0,10,2,0,3,0,5,26,0,28,17,20,29,37,77,48
l19,11=0,4,0,0,0,0,23,0,1,9,36,32,60,53,93,0,85,81,85,83,0,22,0,60,83,80,43,30,0,0,15,13,0,3,0,0,0,0,14,8,18,17,12,62,47
l20,11=0,0,0,0,0,0,0,1,64,51,7,0,43,46,70,0,62,37,58,63,63,0,89,85,69,78,63,88,0,0,0,0,65,61,0,55,44,0,62,36,0,0,70,72,13
l21,11=0,0,0,0,0,0,0,0,39,0,38,53,48,52,57,0,42,0,55,74,1,85,0,82,81,77,71,84,0,0,0,0,0,65,0,24,0,11,4,0,37,0,48,2,69
l22,11=0,0,0,0,0,0,0,1,47,33,42,50,43,54,59,0,63,57,66,60,31,81,76,0,83,75,66,89,0,0,0,46,67,75,0,44,62,34,74,19,10,1,70,73,70
l23,11=0,0,12,0,0,2,1,0,34,36,41,43,48,0,66,0,60,27,72,74,78,42,69,82,0,81,73,82,0,0,18,0,44,38,0,63,29,0,42,27,25,0,50,84,78
l24,11=0,14,6,0,0,1,19,2,6,0,27,50,52,48,68,0,61,10,60,79,78,80,73,81,83,0,73,70,0,0,5,2,37,38,0,21,55,10,27,13,0,35,71,75,67
l25,11=0,0,0,0,0,0,0,0,0,6,7,43,41,40,70,0,54,6,46,50,75,66,38,81,83,81,0,81,0,0,0,35,72,30,0,0,52,14,35,19,16,35,77,82,78
l26,11=0,0,0,0,0,0,0,2,67,47,45,37,42,41,70,0,64,11,61,63,69,84,77,85,75,68,64,0,0,0,0,0,74,73,0,73,63,57,73,13,1,71,70,71,71
l27,11=0,56,27,22,18,49,40,0,2,7,1,0,20,0,32,0,17,78,24,54,28,0,0,0,60,10,0,0,0,0,0,81,20,42,0,20,55,20,24,56,92,82,0,0,13
l28,11=19,42,0,19,0,47,9,0,0,0,4,9,35,53,46,0,23,52,27,45,28,0,0,39,26,9,8,0,0,0,82,0,21,42,0,14,58,0,26,16,46,21,6,15,0
l29,11=0,0,0,0,0,0,0,0,0,0,0,0,0,0,0,0,0,0,0,57,0,67,0,67,73,58,64,61,0,0,18,51,0,88,0,87,82,82,87,75,84,83,0,32,3
l30,11=0,0,0,0,0,0,0,0,0,0,0,0,0,0,1,0,0,17,0,63,0,42,12,79,78,53,52,74,0,0,27,29,82,0,0,86,82,82,87,52,84,83,0,0,0
l31,11=0,0,0,0,0,0,0,0,0,0,0,0,0,0,0,0,0,0,0,41,0,41,8,58,80,34,0,41,0,0,48,40,82,89,0,0,88,87,87,71,67,80,4,20,0
l32,11=0,0,0,0,0,0,0,0,0,0,0,0,0,0,0,0,0,0,0,46,0,22,0,65,61,53,49,51,0,0,26,48,82,87,0,87,0,87,87,68,80,78,0,0,0
l33,11=0,0,0,0,0,0,0,0,0,0,0,0,0,0,0,0,0,0,0,0,0,0,0,51,0,15,16,11,0,0,45,0,82,90,0,87,88,0,88,60,69,58,0,0,0
l34,11=0,0,0,0,0,9,0,0,0,0,0,0,0,0,0,0,0,2,0,61,9,22,2,78,78,15,16,37,0,0,39,69,82,89,0,86,82,82,0,75,89,87,1,0,0
l35,11=0,0,0,0,0,0,0,0,0,0,0,0,0,0,34,0,9,6,0,70,20,19,0,63,73,17,14,22,0,0,41,42,82,54,0,72,81,48,87,0,92,89,0,0,0
l36,11=0,0,0,0,0,14,0,0,0,0,0,0,7,22,47,0,0,26,2,72,32,0,0,31,73,0,13,0,0,0,82,52,51,91,0,71,82,27,88,81,0,89,0,0,0
l37,11=0,0,0,0,0,32,0,0,0,0,0,0,0,0,30,0,1,35,14,72,31,0,0,11,0,16,15,28,0,0,72,64,82,89,0,86,82,82,88,81,92,0,0,4,0
l38,11=0,0,0,0,0,0,0,0,0,0,0,3,27,0,75,0,30,0,55,68,33,67,0,72,61,61,62,44,0,0,0,1,0,0,0,0,0,0,0,0,0,0,0,88,77
l39,11=0,0,0,0,0,0,0,0,0,0,7,0,0,0,76,0,41,61,63,66,66,64,0,75,80,61,65,58,0,0,0,1,0,0,0,14,0,0,0,0,0,0,84,0,85
l40,11=0,0,0,0,0,0,0,0,0,0,0,0,0,0,17,0,20,51,58,61,57,12,18,61,78,68,66,79,0,0,0,0,0,0,0,0,0,0,0,0,0,0,81,88,0
l41,11=0,0,0,0,0,0,0,1,10,10,23,30,33,42,35,0,59,59,76,81,64,61,21,80,71,80,70,56,0,0,0,2,0,1,0,11,0,0,0,0,0,13,83,88,79
l42,11=0,0,0,0,0,0,0,0,0,0,0,0,0,0,53,0,38,0,46,70,64,63,61,77,77,71,64,68,0,0,0,0,26,0,0,23,0,0,44,0,0,0,77,87,81
l43,11=0,0,0,0,0,0,0,0,0,0,0,0,0,0,15,0,37,6,2,53,57,60,5,81,59,65,68,78,0,0,0,0,0,40,0,0,19,0,49,0,0,0,79,87,79
l44,11=0,0,0,0,0,0,0,0,0,0,0,5,1,0,64,0,33,0,43,62,0,67,29,79,80,79,65,70,0,0,0,0,24,0,0,0,31,0,0,0,0,0,83,84,64

l0,12=0,88,95,88,94,84,84,3,86,88,57,70,79,45,31,0,45,46,0,52,0,0,0,0,0,0,0,0,0,0,0,49,0,0,0,0,0,0,0,0,0,0,0,0,0
l1,12=58,0,95,90,92,83,84,0,86,83,49,73,76,64,32,0,32,16,30,52,0,0,0,0,0,0,0,0,0,0,52,65,0,0,0,0,0,0,0,0,0,0,0,0,0
l2,12=59,87,0,87,90,83,79,0,84,85,58,72,76,64,35,0,45,0,54,59,38,31,0,0,30,33,11,0,0,0,0,58,0,0,0,0,0,0,0,0,0,0,0,0,0
l3,12=59,90,87,0,94,84,86,1,83,84,54,70,76,65,21,0,16,1,12,0,0,0,0,0,0,0,0,0,0,0,62,0,0,0,0,0,0,0,0,0,27,0,0,0,0
l4,12=61,88,92,92,0,84,84,1,84,82,55,72,69,64,0,0,32,41,1,0,0,0,0,0,0,0,0,0,0,0,60,64,0,0,0,0,0,0,0,0,0,0,0,0,0
l5,12=61,90,95,92,94,0,86,1,87,85,58,75,75,65,28,0,29,32,33,54,7,0,0,0,12,0,0,0,0,0,25,66,0,0,0,0,0,0,2,0,0,0,0,0,0
l6,12=59,88,88,91,92,84,0,1,87,84,58,78,79,39,23,0,36,42,37,60,43,0,0,0,30,31,0,0,0,0,57,0,0,0,0,0,0,0,0,0,14,0,0,0,0
l7,12=59,86,95,87,89,83,84,0,88,90,54,83,82,77,39,0,46,44,59,59,1,29,0,53,46,50,27,10,0,0,0,0,0,0,0,0,0,0,0,0,0,0,0,0,0
l8,12=57,85,90,87,87,82,84,4,0,84,58,73,76,65,38,0,43,61,58,56,51,22,1,46,20,41,29,12,0,0,0,3,0,0,0,0,0,0,0,0,0,0,0,1,0
l9,12=57,82,90,50,55,82,78,0,81,0,62,88,82,78,40,0,48,39,36,26,71,27,0,50,55,59,42,14,0,0,47,0,0,0,0,0,0,0,0,0,0,0,0,8,0
l10,12=44,63,88,45,48,72,80,3,82,87,0,84,82,76,73,0,76,48,51,73,78,14,0,50,43,67,16,7,0,0,43,60,0,0,0,0,0,0,0,0,0,0,9,23,0
l11,12=35,83,89,52,71,82,79,3,80,87,76,0,79,78,66,0,33,41,59,56,71,14,0,38,36,51,39,9,0,0,34,48,0,0,0,0,0,0,0,0,1,0,0,38,11
l12,12=57,84,83,76,82,82,80,9,80,86,76,83,0,76,39,0,70,58,64,60,70,0,23,7,57,60,24,8,0,0,35,12,0,0,0,0,0,0,0,0,0,0,5,26,3
l13,12=41,84,89,87,87,82,59,2,81,90,79,88,82,0,38,0,68,35,58,54,14,23,13,43,31,43,40,10,0,0,0,3,0,0,0,0,0,0,0,0,0,0,0,35,0
l14,12=27,51,16,0,0,23,7,1,82,77,76,82,72,44,0,0,76,50,72,73,89,11,0,49,55,73,48,8,0,0,54,70,0,0,0,0,0,0,13,0,40,31,66,79,42
l15,12=44,74,76,0,47,58,73,6,82,87,79,81,80,70,90,0,0,47,72,65,87,37,10,13,58,60,43,17,0,0,64,69,0,0,0,0,0,0,0,7,0,0,16,53,23
l16,12=29,0,0,0,7,24,36,8,68,62,62,39,46,11,77,0,49,0,49,78,86,1,0,55,36,27,5,3,0,0,69,74,0,24,0,0,0,0,0,44,90,86,0,76,61
l17,12=0,27,12,0,0,39,40,12,75,52,76,80,77,46,90,0,76,81,0,74,88,18,14,62,62,71,44,22,0,0,57,62,0,0,0,0,0,0,4,23,26,30,56,75,44
l18,12=26,49,17,0,0,46,60,1,55,54,69,71,70,27,89,0,72,84,72,0,90,70,41,64,64,81,45,49,0,0,39,41,32,22,0,11,0,0,30,58,75,68,42,61,63
l19,12=0,0,10,0,0,27,24,0,41,42,68,73,75,16,90,0,76,84,72,79,0,24,0,77,66,81,75,27,0,0,58,52,0,23,0,2,0,0,39,47,53,36,55,53,35
l20,12=0,0,23,0,0,0,0,5,35,55,44,47,54,0,68,0,52,23,53,76,62,0,94,82,64,79,70,77,0,0,0,0,69,72,0,54,62,29,59,50,46,0,56,67,48
l21,12=0,0,0,0,0,0,0,0,22,0,52,0,63,53,0,0,59,0,53,69,0,78,0,82,63,76,76,77,0,0,0,0,0,69,0,0,0,0,63,0,0,0,54,5,57
l22,12=0,0,0,0,0,0,0,6,52,51,56,48,54,29,51,0,6,52,54,59,64,77,73,0,66,80,82,77,0,0,0,0,67,75,0,75,65,41,72,76,55,60,57,73,50
l23,12=0,0,0,0,0,11,16,13,33,52,43,34,66,18,72,0,58,16,63,68,75,70,71,83,0,81,82,73,0,0,13,0,67,56,0,71,30,0,69,54,60,61,62,84,62
l24,12=0,0,4,0,0,0,15,4,37,46,52,43,64,23,69,0,56,15,58,67,73,70,65,82,66,0,82,75,0,0,30,26,65,59,0,0,15,3,44,49,54,0,62,61,68
l25,12=0,0,0,0,0,0,0,5,33,36,29,51,40,42,69,0,45,17,51,50,66,55,56,82,66,81,0,75,0,0,5,33,61,68,0,17,58,4,36,45,0,57,64,81,53
l26,12=0,0,0,0,0,0,0,15,58,55,50,56,53,44,68,0,51,45,53,60,57,75,75,83,60,73,72,0,0,0,0,4,73,72,0,79,68,0,74,50,39,61,53,64,54
l27,12=0,37,0,23,32,19,38,0,6,59,19,51,52,2,28,0,24,83,33,55,59,0,0,0,38,29,0,0,0,0,0,74,38,21,0,37,29,57,68,91,91,51,0,22,18
l28,12=4,30,24,0,10,42,0,0,29,0,28,32,31,2,58,0,18,50,42,45,50,0,0,3,8,10,6,0,0,0,80,0,31,0,0,26,29,0,71,82,86,84,0,4,4
l29,12=0,0,0,0,0,0,0,0,0,0,0,0,0,0,0,0,0,0,0,57,0,58,0,68,58,61,72,71,0,0,45,33,0,89,0,88,80,83,85,84,81,81,13,37,0
l30,12=0,0,0,0,13,0,0,0,0,0,0,0,0,0,0,0,2,29,0,53,41,71,24,81,52,43,72,74,0,0,41,1,81,0,0,87,80,83,85,85,83,81,9,3,30
l31,12=0,0,0,0,0,0,0,0,0,0,0,0,0,0,0,0,0,0,0,45,29,54,0,62,54,0,36,68,0,0,62,39,81,89,0,0,81,89,85,79,75,80,0,32,0
l32,12=0,0,0,0,0,0,0,0,0,0,0,0,0,0,0,0,0,0,0,5,0,56,0,45,37,37,55,58,0,0,46,40,81,87,0,88,0,89,85,81,70,79,0,0,0
l33,12=0,0,0,0,0,0,0,0,0,0,0,0,0,0,0,0,0,0,0,0,0,0,0,18,0,0,0,0,0,0,50,0,81,85,0,88,81,0,85,80,67,65,0,0,0
l34,12=0,0,0,0,0,15,0,0,0,0,0,0,0,0,19,0,0,0,10,47,44,42,32,81,54,43,23,77,0,0,70,68,81,89,0,87,80,83,0,85,86,85,0,61,0
l35,12=0,0,0,0,0,0,0,0,0,0,0,0,0,0,0,0,5,28,21,59,54,38,0,80,47,40,14,33,0,0,70,67,81,89,0,72,69,79,85,0,91,88,0,0,0
l36,12=0,0,0,4,0,0,3,0,0,0,0,10,19,8,36,0,0,70,29,64,64,19,0,55,50,41,0,5,0,0,76,70,72,89,0,39,49,61,85,91,0,88,0,0,0
l37,12=0,0,0,0,11,0,0,0,0,0,4,0,0,0,36,0,0,65,31,61,42,0,0,68,51,0,44,44,0,0,70,68,81,89,0,87,80,61,85,91,91,0,9,0,0
l38,12=0,0,0,0,0,0,0,0,0,0,0,0,11,0,76,0,7,0,56,38,41,66,24,75,60,73,76,55,0,0,13,0,1,0,0,0,0,0,0,0,0,0,0,86,77
l39,12=0,0,0,0,0,0,0,0,0,0,21,22,31,16,79,0,14,54,60,59,20,33,0,78,66,60,76,22,0,0,14,15,21,0,0,2,0,0,27,0,0,0,75,0,68
l40,12=0,0,0,0,0,0,0,0,0,0,0,5,5,0,47,0,6,43,30,60,31,24,22,54,64,78,76,68,0,0,0,0,0,1,0,0,0,0,0,0,0,0,73,86,0
l41,12=0,0,0,0,0,0,0,0,30,34,31,0,11,14,23,0,19,54,60,76,69,42,26,76,66,75,73,62,0,0,2,14,0,20,0,0,0,0,0,0,0,44,75,86,67
l42,12=0,0,0,0,0,0,0,0,0,0,0,0,35,0,35,0,26,0,9,63,63,62,38,81,66,76,79,33,0,0,0,1,35,0,0,1,0,0,47,0,0,11,72,85,73
l43,12=0,0,0,0,0,0,0,0,0,0,0,0,41,0,0,0,34,0,15,39,50,40,27,75,60,65,80,74,0,0,0,0,23,2,0,1,28,0,33,0,0,0,69,85,61
l44,12=0,0,0,0,0,0,0,0,0,0,23,0,0,0,17,0,41,15,0,64,57,71,0,79,66,78,77,62,0,0,0,0,51,0,0,0,2,0,39,0,1,0,74,85,60

l0,13=0,92,94,97,100,96,96,96,97,38,55,89,77,94,85,0,64,36,0,43,0,0,0,0,0,0,0,0,0,0,0,5,0,0,0,0,0,0,0,0,0,0,0,0,0
l1,13=93,0,93,97,100,96,96,60,97,75,36,94,94,91,84,0,1,45,0,49,0,0,0,0,0,0,0,0,0,0,4,42,0,0,0,0,0,0,0,0,0,0,0,0,0
l2,13=93,91,0,95,100,95,96,1,97,90,89,94,92,93,17,0,71,46,31,59,59,36,0,7,4,55,21,0,0,0,36,26,0,0,0,0,0,0,0,0,0,0,0,0,0
l3,13=92,92,92,0,100,96,97,85,98,69,56,88,92,95,79,0,54,76,66,21,0,0,0,0,0,0,0,0,0,0,44,57,0,0,0,0,0,0,0,0,16,0,0,0,0
l4,13=93,92,94,97,0,96,97,93,98,90,46,95,82,95,54,0,39,5,33,0,0,0,0,0,0,0,0,0,0,0,42,51,0,0,0,0,0,0,0,0,0,0,0,0,0
l5,13=93,93,94,97,100,0,97,96,97,92,81,84,91,94,71,0,20,45,48,39,0,0,0,0,0,0,0,0,0,0,45,45,0,0,0,0,0,0,0,0,32,0,0,0,0
l6,13=93,92,94,97,100,96,0,96,97,94,91,93,95,95,74,0,86,46,86,81,0,0,0,0,50,0,0,0,0,0,44,19,0,0,0,0,0,0,0,0,19,0,0,0,0
l7,13=93,92,92,96,100,96,96,0,99,96,91,96,95,96,96,0,84,55,89,83,17,1,8,79,77,77,85,19,0,0,11,58,0,0,0,0,0,0,0,0,0,0,0,15,0
l8,13=57,91,93,85,100,96,96,99,0,96,90,96,95,89,94,0,84,43,88,62,60,39,26,26,24,47,36,23,0,0,0,0,0,0,0,0,0,0,0,0,0,0,6,0,0
l9,13=15,88,87,61,92,92,91,83,92,0,93,96,95,96,92,0,88,47,53,78,71,48,8,21,73,69,30,23,0,0,41,41,0,0,0,0,0,0,0,0,0,0,0,22,0
l10,13=30,84,90,87,91,91,92,91,43,77,0,95,95,94,92,0,91,55,54,92,90,0,0,29,81,87,34,26,0,0,56,40,0,0,0,0,0,0,0,0,0,0,1,33,0
l11,13=28,89,90,85,92,90,92,92,95,96,93,0,95,96,92,0,83,36,83,87,75,50,0,17,66,1,32,26,0,0,40,80,0,0,0,0,0,0,0,0,0,0,0,32,0
l12,13=24,89,90,90,93,91,92,90,91,92,95,96,0,96,92,0,91,29,91,92,90,0,20,15,82,88,31,28,0,0,52,14,0,0,0,0,0,0,0,0,0,0,0,0,0
l13,13=26,88,90,90,92,93,92,97,63,96,95,96,95,0,92,0,89,34,91,72,73,31,20,23,63,70,30,18,0,0,39,63,0,0,0,0,0,0,0,0,0,0,17,39,0
l14,13=9,75,30,54,24,36,78,88,43,30,36,89,85,77,0,0,94,56,94,95,100,42,0,0,68,88,32,18,0,0,54,82,0,0,0,0,0,0,1,4,37,50,37,33,26
l15,13=44,37,78,72,79,82,92,89,61,92,95,93,95,96,96,0,0,78,94,95,95,58,28,42,80,88,23,51,0,0,58,84,0,0,0,0,0,0,0,0,38,35,2,2,46
l16,13=1,77,63,56,13,34,71,17,30,11,13,22,16,45,86,0,66,0,54,100,100,0,0,5,29,76,0,12,0,0,60,99,0,13,0,0,0,48,47,29,59,60,0,12,27
l17,13=0,24,19,42,11,80,83,79,37,31,36,81,93,80,96,0,94,95,0,100,100,47,6,26,71,80,32,26,0,0,48,84,0,0,0,0,0,0,0,26,43,35,38,32,59
l18,13=8,44,58,5,20,45,79,67,26,10,40,75,79,60,93,0,92,97,94,0,99,77,8,27,85,95,58,55,0,0,45,83,34,16,0,6,0,0,62,34,53,53,39,12,23
l19,13=0,0,46,0,0,0,37,55,13,22,40,61,93,63,96,0,94,97,94,100,0,44,15,55,91,95,58,23,0,0,63,68,0,0,0,0,0,0,57,44,55,39,47,34,66
l20,13=1,0,0,0,0,0,0,59,30,67,0,79,51,37,75,0,78,3,78,100,81,0,100,90,87,94,83,91,0,0,0,6,77,77,0,82,39,73,81,35,35,59,89,86,84
l21,13=0,0,0,0,0,0,0,58,86,10,0,0,81,76,80,0,87,0,85,92,85,95,0,88,90,90,91,90,0,0,0,0,85,61,0,0,0,0,83,0,0,0,93,0,91
l22,13=0,0,11,0,0,0,0,72,42,24,72,68,56,62,38,0,46,52,80,83,81,94,86,0,91,95,98,91,0,0,0,0,76,77,0,28,78,67,81,76,27,34,84,93,84
l23,13=0,0,1,0,0,0,50,65,1,68,41,65,74,66,73,0,66,66,90,96,97,89,93,90,0,95,98,89,0,0,0,53,76,57,0,53,31,46,90,29,29,76,99,99,87
l24,13=0,0,41,0,0,0,5,74,23,42,74,0,82,76,93,0,86,75,88,97,97,93,50,88,91,0,98,90,0,0,37,62,67,69,0,5,22,23,75,9,44,50,88,98,94
l25,13=0,0,28,0,0,0,0,61,46,19,37,70,57,60,87,0,33,12,66,93,83,42,49,89,91,95,0,53,0,0,22,0,80,30,0,47,33,64,0,36,0,46,98,99,94
l26,13=0,0,0,0,0,0,0,34,66,63,59,72,61,58,61,0,69,65,67,93,73,94,97,90,84,94,76,0,0,0,28,27,80,75,0,87,70,68,92,61,21,53,69,93,91
l27,13=0,1,4,18,35,37,59,56,0,9,14,32,50,42,79,0,68,97,52,90,98,0,0,0,0,64,15,5,0,0,0,99,83,31,0,16,19,38,57,35,60,60,2,0,0
l28,13=0,8,53,61,34,35,0,57,0,6,3,52,14,34,79,0,69,59,54,95,82,1,0,0,24,65,0,1,0,0,100,0,64,33,0,14,22,49,56,35,49,60,33,11,0
l29,13=0,0,0,0,0,0,0,0,0,0,0,0,0,0,0,0,0,0,0,20,0,45,24,37,68,65,83,76,0,0,74,39,0,92,0,94,92,95,93,88,91,24,32,15,0
l30,13=0,0,0,0,0,0,0,0,0,0,0,0,0,0,0,0,0,44,0,33,0,75,12,25,32,86,79,76,0,0,40,51,88,0,0,94,91,95,93,94,91,93,32,0,0
l31,13=0,0,0,0,0,0,0,0,0,0,0,0,0,0,0,0,0,0,0,32,0,67,0,58,77,32,76,85,0,0,60,50,88,92,0,0,92,95,93,82,87,93,0,0,0
l32,13=0,0,0,0,0,0,0,0,0,0,0,0,0,0,0,0,0,0,0,0,0,45,0,73,47,64,65,44,0,0,30,36,88,83,0,94,0,95,93,94,60,93,0,0,0
l33,13=0,0,0,0,0,0,0,0,0,0,0,0,0,0,0,0,0,47,0,0,0,51,0,24,40,0,61,39,0,0,27,34,88,88,0,94,92,0,93,92,89,49,0,0,0
l34,13=0,0,0,0,0,0,0,0,0,0,0,0,0,0,0,0,0,63,0,55,53,74,8,24,46,79,0,88,0,0,76,92,88,92,0,94,92,95,0,94,99,96,0,0,5
l35,13=0,0,0,0,0,12,0,0,0,0,0,0,0,0,9,0,0,80,43,91,77,43,0,31,24,24,50,86,0,0,93,93,88,92,0,56,92,63,93,0,99,96,27,10,0
l36,13=0,0,0,0,0,26,41,0,0,0,0,0,0,7,53,0,37,94,45,94,92,40,0,6,29,81,0,9,0,0,100,99,88,60,0,58,36,94,93,94,0,96,0,0,0
l37,13=0,0,0,0,1,0,0,0,0,0,0,0,0,0,57,0,39,94,38,91,74,51,0,7,35,72,47,25,0,0,95,98,88,92,0,94,92,51,93,94,99,0,0,0,0
l38,13=0,0,0,0,0,0,0,0,0,0,0,0,0,0,82,0,0,0,78,85,80,79,15,84,88,92,96,44,0,0,0,37,4,2,0,0,0,0,0,0,0,0,0,99,95
l39,13=0,0,0,0,0,0,0,3,1,0,26,49,0,71,87,0,6,44,74,55,81,44,0,81,88,93,96,79,0,0,0,41,52,0,0,0,0,0,0,28,0,0,98,0,96
l40,13=0,0,0,0,0,0,0,0,0,0,0,0,0,0,68,0,16,80,67,45,78,54,44,82,66,92,95,86,0,0,0,0,0,0,0,0,0,0,43,0,0,0,98,99,0
l41,13=0,0,0,0,0,0,0,0,0,0,47,19,55,57,74,0,60,93,91,91,91,64,14,81,91,95,93,79,0,0,30,32,27,0,0,0,0,0,0,0,25,40,99,100,95
l42,13=0,0,0,0,0,0,0,0,0,0,0,0,0,0,75,0,19,38,42,96,75,73,34,88,89,91,96,75,0,0,0,0,47,0,0,0,3,0,29,0,0,0,98,99,94
l43,13=0,0,0,0,0,0,0,0,0,0,0,0,39,0,66,0,40,0,19,86,57,75,61,87,81,88,96,85,0,0,0,0,48,60,0,23,21,0,3,0,0,0,98,99,86
l44,13=0,0,0,0,0,0,0,0,0,0,31,6,23,0,75,0,28,0,32,9,84,78,0,86,87,89,91,77,0,0,0,0,0,1,0,0,0,0,0,20,0,4,98,99,95

l0,14=0,100,100,100,100,100,99,99,99,98,97,95,98,99,87,0,94,4,24,51,0,0,0,0,0,0,0,0,0,0,66,0,0,0,0,0,0,0,0,0,0,0,0,0,0
l1,14=99,0,98,98,98,100,98,98,99,98,98,98,98,99,42,0,27,90,39,66,0,0,0,0,0,0,0,0,0,0,18,51,0,0,0,0,0,0,0,0,0,0,0,0,0
l2,14=99,98,0,98,98,99,98,98,99,98,97,98,98,99,6,0,92,92,44,77,14,0,0,0,43,46,22,0,0,0,0,0,0,0,0,0,0,0,0,0,0,0,0,0,0
l3,14=100,100,100,0,100,100,100,93,95,96,96,91,90,45,0,0,56,46,53,10,0,0,0,0,0,0,0,0,0,0,57,60,0,0,0,0,0,0,0,0,0,0,0,0,0
l4,14=100,100,98,100,0,99,100,83,99,70,98,98,98,99,50,0,56,48,29,0,0,0,0,0,0,0,0,0,0,0,59,0,0,0,0,0,0,0,0,0,0,0,0,0,0
l5,14=100,100,98,98,98,0,100,98,98,98,98,98,98,99,61,0,50,48,7,54,38,0,0,0,0,1,0,0,0,0,59,80,0,0,0,0,0,0,0,0,17,0,0,0,0
l6,14=99,98,98,98,98,99,0,98,99,98,98,99,98,99,61,0,98,93,95,93,0,0,0,0,4,2,0,0,0,0,0,0,0,0,0,0,0,0,0,0,0,0,0,0,0
l7,14=99,98,98,97,73,99,98,0,100,69,98,98,98,99,96,0,98,56,95,62,95,81,0,89,63,65,75,49,0,0,0,0,0,0,0,0,0,0,0,0,0,0,0,13,0
l8,14=99,98,98,97,98,92,98,100,0,98,98,98,98,99,97,0,91,62,94,96,2,77,0,55,56,68,97,78,0,0,46,1,0,0,0,0,0,0,0,0,0,0,0,79,0
l9,14=99,98,100,97,86,99,95,40,100,0,99,99,99,100,96,0,98,58,57,99,75,87,12,32,76,88,86,61,0,0,55,0,0,0,0,0,0,0,0,0,0,0,0,0,0
l10,14=93,100,88,92,61,90,100,100,100,100,0,99,99,100,54,0,98,59,97,65,88,45,0,59,85,98,98,46,0,0,56,71,0,0,0,0,0,0,0,0,47,0,86,39,0
l11,14=94,98,98,20,98,94,100,100,100,100,100,0,99,100,97,0,98,56,96,96,87,83,0,49,72,56,91,58,0,0,11,70,0,0,0,0,0,0,0,0,0,0,0,36,58
l12,14=96,98,95,93,95,99,98,100,99,100,100,99,0,100,97,0,98,53,97,96,88,75,46,52,95,97,82,6,0,0,34,68,0,0,0,0,0,0,0,0,0,0,73,82,4
l13,14=92,99,100,95,100,100,100,100,100,100,100,99,99,0,98,0,98,45,89,58,83,37,0,23,87,93,72,40,0,0,42,31,0,0,0,0,0,0,0,0,0,0,0,90,57
l14,14=83,18,7,3,29,56,62,93,93,88,82,84,93,78,0,0,98,59,97,98,100,44,0,55,76,89,91,56,0,0,54,77,0,38,0,0,0,0,0,48,55,87,90,90,83
l15,14=87,14,89,86,50,56,70,99,95,98,100,99,99,100,99,0,0,28,97,65,98,91,0,57,69,90,94,62,0,0,56,77,0,0,0,0,0,0,25,0,0,0,79,90,84
l16,14=0,69,57,10,24,20,34,54,57,88,86,42,25,12,62,0,20,0,59,100,100,0,0,29,75,90,89,24,0,0,95,79,56,0,0,0,0,0,0,83,67,55,55,81,85
l17,14=31,28,53,84,0,4,77,96,100,75,100,99,99,89,99,0,98,99,0,100,100,0,54,61,87,97,92,60,0,0,56,89,0,25,0,0,0,0,0,39,1,87,95,92,95
l18,14=32,70,0,0,41,47,63,85,83,89,85,84,94,78,99,0,51,99,97,0,100,97,56,58,100,96,100,61,0,0,57,77,37,0,0,1,0,0,80,77,65,98,99,98,94
l19,14=0,0,0,0,0,55,0,96,53,33,98,96,97,83,99,0,98,99,97,100,0,92,1,63,100,98,100,61,0,0,59,79,0,0,0,0,0,0,0,86,66,98,99,95,97
l20,14=0,0,0,0,0,0,0,10,88,84,32,92,90,85,76,0,95,0,0,100,95,0,100,99,98,98,88,99,0,0,0,0,90,93,0,93,92,83,96,90,0,94,98,95,98
l21,14=0,0,0,0,0,0,0,14,0,15,0,0,96,0,38,0,0,0,94,98,29,100,0,98,97,96,98,99,0,0,0,0,98,0,0,0,0,0,67,0,0,0,95,85,90
l22,14=0,0,0,0,0,0,0,88,97,78,97,76,91,0,97,0,95,90,94,97,98,100,97,0,100,98,100,99,0,0,0,75,91,91,0,50,97,89,96,98,92,18,92,95,99
l23,14=0,0,0,0,0,0,0,60,74,87,86,83,96,86,97,0,73,90,94,97,99,93,97,99,0,98,100,98,0,0,57,89,98,97,0,94,87,86,95,65,90,98,97,96,99
l24,14=0,0,0,0,0,1,0,74,85,82,98,77,96,84,97,0,95,62,94,98,98,97,60,98,100,0,100,98,0,0,53,67,93,89,0,57,57,0,0,0,63,97,97,96,99
l25,14=0,0,0,0,0,0,0,78,97,74,95,87,88,69,97,0,95,88,92,98,98,76,97,98,100,98,0,98,0,0,33,0,98,95,0,91,94,91,86,83,49,91,99,96,99
l26,14=0,0,0,0,0,0,0,5,98,95,88,98,42,83,97,0,95,83,94,97,85,100,98,99,97,96,98,0,0,0,50,0,98,95,0,96,97,98,96,98,49,99,97,95,99
l27,14=91,54,0,60,62,63,1,0,57,84,99,34,55,68,63,0,61,99,59,66,65,0,0,0,71,91,35,39,0,0,0,99,68,51,0,35,46,78,91,88,100,99,50,86,0
l28,14=0,58,0,53,13,62,5,1,0,0,91,41,41,17,63,0,61,64,59,66,66,0,0,14,71,79,0,0,0,0,97,0,66,39,0,45,52,43,54,85,58,95,42,58,0
l29,14=0,0,0,0,0,0,0,0,0,0,0,0,0,0,0,0,0,45,0,21,0,37,56,87,92,84,99,99,0,0,89,85,0,100,0,98,100,100,100,100,100,99,0,76,0
l30,14=0,0,0,0,0,0,0,0,0,0,0,0,0,0,87,0,0,0,48,20,0,56,0,93,97,96,96,98,0,0,94,91,100,0,0,98,99,99,100,99,100,99,40,43,55
l31,14=0,0,0,0,0,0,0,0,0,0,0,0,0,0,0,0,0,10,0,16,0,47,0,30,80,61,82,90,0,0,42,85,100,100,0,0,100,100,100,86,95,99,46,0,0
l32,14=0,0,0,0,0,0,0,0,0,0,0,0,0,0,0,0,0,0,0,0,0,73,0,62,51,62,82,87,0,0,74,86,100,100,0,98,0,100,100,100,65,99,0,0,0
l33,14=0,0,0,0,0,0,0,0,0,0,0,0,0,0,0,0,0,0,0,0,0,10,0,55,82,0,90,93,0,0,87,88,100,91,0,98,100,0,92,91,91,85,0,0,0
l34,14=0,0,0,0,0,0,0,0,0,0,0,0,0,0,0,0,5,0,0,93,0,58,0,98,97,0,84,99,0,0,94,83,100,100,0,98,100,80,0,100,100,99,45,0,1
l35,14=0,0,0,0,0,0,0,0,0,0,0,0,0,0,58,0,0,98,56,99,63,54,0,98,77,0,94,99,0,0,97,98,100,99,0,68,100,80,100,0,100,99,0,81,0
l36,14=0,0,0,0,1,54,0,0,0,0,88,0,0,0,62,0,0,99,0,100,65,0,0,62,87,97,66,46,0,0,97,79,100,100,0,98,60,100,100,100,0,99,0,64,0
l37,14=0,0,0,0,0,1,0,0,0,0,0,0,0,0,61,0,0,64,56,100,60,48,0,7,88,98,93,60,0,0,97,99,100,100,0,98,100,77,100,100,100,0,0,0,0
l38,14=0,0,0,0,0,0,0,0,0,0,74,0,0,0,86,0,63,0,83,94,85,90,67,82,97,92,97,91,0,0,0,5,0,1,0,56,0,0,71,0,0,0,0,97,99
l39,14=0,0,0,0,0,0,0,64,29,0,2,42,88,76,85,0,48,55,64,97,85,87,5,84,92,91,98,93,0,0,47,1,84,24,0,0,0,0,0,18,23,0,99,0,99
l40,14=0,0,0,0,0,0,0,0,0,0,0,18,0,2,80,0,78,81,85,93,83,91,0,95,95,90,94,94,0,0,0,0,0,6,0,0,0,0,0,0,0,0,97,96,0
l41,14=0,0,0,0,0,0,9,0,0,72,85,31,91,67,91,0,78,96,90,96,99,91,0,95,100,90,98,97,0,0,70,22,17,0,0,17,0,0,0,9,80,87,100,98,88
l42,14=0,0,0,0,0,0,0,0,0,0,0,0,24,0,83,0,0,52,83,97,85,95,95,98,97,95,98,96,0,0,0,0,83,53,0,17,11,0,0,0,0,1,99,96,99
l43,14=0,0,0,0,0,0,0,0,0,0,12,0,53,0,1,0,0,79,40,93,78,95,75,96,95,92,98,93,0,0,0,0,78,84,0,59,0,0,81,54,0,39,97,96,99
l44,14=0,0,0,0,0,0,0,0,0,0,0,0,79,0,80,0,77,74,62,96,96,95,46,96,97,94,98,94,0,0,0,0,0,0,0,0,0,0,0,0,0,91,99,96,99

l0,15=0,100,100,100,100,100,100,100,100,100,100,100,100,100,70,0,67,70,53,55,0,0,0,0,2,0,0,0,0,0,0,55,0,0,0,0,0,0,0,0,0,0,0,0,0
l1,15=100,0,100,100,100,100,100,100,89,100,62,100,100,100,70,0,98,87,66,58,0,0,0,0,0,0,0,0,0,0,53,0,0,0,0,0,0,0,0,0,0,0,0,0,0
l2,15=100,100,0,100,100,100,100,100,100,100,62,98,42,100,70,0,97,91,60,62,5,0,0,0,0,76,0,0,0,0,57,0,0,0,0,0,0,0,0,0,0,0,0,0,0
l3,15=100,100,100,0,100,100,100,100,100,89,100,100,100,59,67,0,2,90,61,51,0,0,0,0,0,0,0,0,0,0,56,57,0,0,0,0,0,0,0,0,0,2,0,0,0
l4,15=100,100,100,100,0,100,100,100,100,70,62,59,80,62,65,0,98,92,41,55,0,0,0,0,0,0,0,0,0,0,57,0,0,0,0,0,0,0,0,0,0,0,0,0,0
l5,15=100,100,100,100,99,0,100,100,99,87,62,58,100,100,70,0,98,90,58,31,87,0,0,0,0,0,0,0,0,0,52,58,0,0,0,0,0,0,0,0,67,0,0,0,0
l6,15=100,100,100,100,100,100,0,100,100,100,100,100,100,100,0,0,98,97,99,100,56,69,0,0,0,0,0,0,0,0,57,0,0,0,0,0,0,0,0,0,0,0,0,0,0
l7,15=100,100,100,100,100,100,100,0,100,100,100,100,100,100,100,0,98,97,100,100,100,99,0,78,0,82,93,94,0,0,0,1,0,0,0,0,0,0,0,0,0,0,0,0,0
l8,15=100,97,100,100,100,100,100,100,0,100,100,100,100,100,100,0,98,89,99,100,82,86,0,95,99,86,96,93,0,0,95,88,0,0,0,0,0,0,0,0,0,0,0,42,0
l9,15=100,100,100,100,100,100,100,100,100,0,100,100,100,100,100,0,98,90,100,100,12,84,19,60,33,87,73,100,0,0,43,0,0,0,0,0,0,0,0,0,0,0,0,46,0
l10,15=60,47,80,98,98,100,100,100,100,100,0,100,100,100,70,0,93,90,100,61,82,0,0,62,62,83,97,73,0,0,42,49,0,0,0,0,0,0,0,0,84,0,76,57,57
l11,15=100,100,100,98,98,100,100,100,100,100,100,0,100,100,98,0,98,86,100,100,99,96,0,0,94,82,88,64,0,0,51,56,0,0,0,0,0,0,0,0,0,0,44,3,0
l12,15=100,100,62,93,100,100,100,100,100,100,100,100,0,100,69,0,98,87,100,60,85,89,85,55,100,100,90,0,0,0,44,0,0,0,0,0,0,0,0,0,0,0,0,52,0
l13,15=100,100,100,94,98,100,100,100,100,100,100,100,100,0,98,0,98,90,69,98,9,88,0,51,58,84,3,76,0,0,49,46,0,0,0,0,0,0,0,0,0,0,0,0,0
l14,15=52,53,71,88,91,91,0,91,100,81,60,54,68,53,0,0,98,93,100,64,91,54,0,56,54,85,92,67,0,0,51,58,0,89,0,0,0,0,0,69,85,66,75,58,55
l15,15=30,57,71,67,94,100,100,100,100,85,60,59,100,60,100,0,0,92,100,63,91,92,88,56,62,83,97,71,0,0,54,58,0,75,0,0,0,0,0,0,84,77,69,55,56
l16,15=21,37,72,93,69,59,57,97,93,64,61,53,73,60,100,0,98,0,100,100,100,91,0,55,62,80,96,70,0,0,98,97,70,60,0,17,0,0,82,63,100,100,6,53,43
l17,15=9,54,70,82,86,85,89,100,100,82,100,100,100,56,100,0,98,100,0,100,100,92,84,56,100,100,94,63,0,0,56,97,0,0,0,0,0,0,0,0,93,82,88,57,53
l18,15=7,35,66,15,60,47,49,98,98,86,61,58,72,59,100,0,97,100,100,0,100,99,98,61,97,84,98,73,0,0,56,57,5,61,0,32,0,0,97,57,100,78,86,100,60
l19,15=0,0,0,0,0,94,54,98,86,15,62,58,72,51,100,0,97,100,100,100,0,99,82,61,100,99,96,72,0,0,57,58,0,0,0,0,0,0,96,60,100,99,86,58,61
l20,15=0,0,0,0,0,1,53,88,63,59,0,86,89,92,52,0,92,69,91,99,84,0,100,98,89,99,88,100,0,0,0,0,90,94,0,72,86,82,97,75,0,59,96,95,94
l21,15=0,0,0,0,0,0,0,61,0,51,0,0,87,65,0,0,92,0,90,99,72,99,0,98,100,99,96,100,0,0,0,0,88,0,0,0,51,0,23,0,0,10,92,91,27
l22,15=0,0,0,0,0,0,0,81,84,57,77,0,84,47,94,0,92,69,90,99,96,99,96,0,100,99,96,100,0,0,0,0,91,96,0,39,88,76,97,80,75,86,94,51,34
l23,15=0,0,0,0,0,0,0,0,87,0,82,97,95,92,97,0,92,94,96,98,98,98,97,99,0,100,98,96,0,0,84,62,98,93,0,95,57,68,91,60,90,83,96,99,97
l24,15=0,0,66,0,0,0,1,87,85,83,98,59,99,98,99,0,93,81,100,97,100,99,94,98,100,0,98,99,0,0,50,46,92,92,0,96,93,0,92,83,91,91,97,99,97
l25,15=0,0,0,0,0,0,0,72,87,33,91,34,88,0,97,0,93,83,83,98,100,92,92,98,100,100,0,96,0,0,0,2,90,93,0,57,85,85,83,86,63,80,97,99,91
l26,15=0,0,0,0,0,0,0,84,86,83,74,44,0,96,92,0,91,79,64,90,63,99,99,99,100,97,96,0,0,0,0,0,98,91,0,69,47,73,95,79,70,77,96,93,95
l27,15=32,13,65,100,73,63,63,0,100,58,57,57,73,60,69,0,98,100,42,44,73,0,0,0,62,85,0,0,0,0,0,97,75,64,0,52,60,99,90,63,100,100,0,49,0
l28,15=32,0,0,96,5,63,0,42,98,0,55,59,0,39,71,0,98,100,42,44,73,0,0,0,62,84,7,0,0,0,98,0,75,63,0,52,61,100,90,63,100,100,74,49,0
l29,15=0,0,0,0,0,0,0,0,0,0,0,0,0,0,0,0,0,97,0,0,0,99,89,99,100,99,98,100,0,0,62,97,0,99,0,100,99,100,100,100,100,100,5,77,0
l30,15=0,0,0,0,0,0,0,0,0,0,0,0,0,0,91,0,80,96,2,98,0,99,0,98,100,99,96,99,0,0,84,97,100,0,0,100,99,100,100,100,100,100,35,63,36
l31,15=0,0,0,0,0,0,0,0,0,0,0,0,0,0,0,0,0,76,0,10,0,70,0,38,90,88,90,76,0,0,90,89,100,99,0,0,99,100,100,100,100,100,70,0,0
l32,15=0,0,0,0,0,0,0,0,0,0,0,0,0,0,0,0,0,0,0,0,0,85,2,98,84,86,96,84,0,0,81,93,100,99,0,100,0,100,100,100,100,100,0,1,0
l33,15=0,0,0,0,0,0,0,0,0,0,0,0,0,0,0,0,0,0,0,0,0,70,0,82,87,0,90,84,0,0,85,61,100,98,0,100,99,0,94,93,93,95,0,0,0
l34,15=0,0,0,0,0,0,0,0,0,0,0,0,0,0,0,0,0,92,0,61,62,99,0,97,99,84,96,99,0,0,63,61,100,99,0,100,99,100,0,100,100,100,44,0,8
l35,15=0,0,0,0,0,0,0,0,0,0,0,0,0,0,67,0,0,100,0,43,69,99,0,60,62,77,98,76,0,0,63,65,100,99,0,100,99,100,100,0,100,100,0,0,0
l36,15=0,0,0,0,0,59,0,0,0,0,61,0,0,0,66,0,91,99,63,62,77,0,0,96,100,100,98,92,0,0,64,61,75,99,0,61,94,100,100,100,0,100,0,49,0
l37,15=0,0,0,0,0,11,0,0,0,0,0,0,0,0,65,0,88,100,39,43,77,93,0,62,60,100,98,67,0,0,98,97,100,99,0,100,99,100,100,100,100,0,0,0,0
l38,15=0,0,0,0,0,0,0,0,0,0,56,6,0,0,77,0,55,0,76,97,55,85,57,91,96,77,84,87,0,0,0,45,0,0,0,46,0,0,7,0,0,0,0,100,99
l39,15=0,0,0,0,0,0,0,0,0,0,50,0,72,0,98,0,82,75,83,98,79,82,71,66,100,98,96,77,0,0,6,17,41,4,0,0,0,0,0,0,13,0,98,0,98
l40,15=0,0,0,0,0,0,0,0,0,0,45,0,0,0,77,0,66,68,54,82,82,83,0,5,85,75,81,85,0,0,0,0,0,14,0,0,0,0,0,0,0,0,97,95,0
l41,15=0,0,0,0,0,0,9,0,0,0,39,2,41,59,99,0,86,99,99,98,100,75,0,96,100,99,96,96,0,0,44,17,0,11,0,0,0,0,53,0,29,0,97,100,98
l42,15=0,0,0,0,0,0,0,0,0,0,0,0,55,0,65,0,30,63,2,97,0,85,63,96,100,99,59,91,0,0,0,0,0,65,0,36,0,0,0,0,1,0,97,99,98
l43,15=0,0,0,0,0,0,0,0,0,0,0,0,27,3,55,0,57,56,57,56,50,65,56,91,55,73,96,80,0,0,0,0,52,62,0,66,0,0,43,54,0,0,94,97,97
l44,15=0,0,0,0,0,0,0,0,0,0,0,0,46,0,69,0,58,0,3,95,52,96,56,42,100,76,96,86,0,0,0,0,50,0,0,0,0,0,0,0,10,50,97,96,98

