l0,0=0,93,95,95,96,94,87,97,93,95,87,94,95,93,70,0,84,5,81,50,0,0,0,0,0,0,0,0,0,0,54,68,0,0,0,0,0,0,0,0,2,0,0,0,0
l1,0=75,0,95,96,92,94,91,97,97,93,87,94,92,94,72,0,65,51,45,38,0,0,0,0,0,0,0,0,0,0,51,25,0,0,0,0,0,0,0,0,3,0,0,0,0
l2,0=99,94,0,96,91,94,91,98,97,92,87,94,95,94,30,0,84,60,80,70,51,21,0,0,0,0,59,0,0,0,0,45,0,0,0,0,0,0,0,0,0,0,0,0,0
l3,0=99,94,95,0,97,94,86,86,97,90,85,94,93,89,74,0,80,83,0,0,0,0,0,0,0,0,0,0,0,0,55,76,0,0,0,0,0,0,0,0,0,0,0,0,0
l4,0=98,93,90,96,0,94,83,87,94,96,85,91,92,88,72,0,70,0,0,0,0,0,0,0,0,0,0,0,0,0,45,26,0,0,0,0,0,0,0,0,0,0,0,0,0
l5,0=99,94,96,96,97,0,91,97,93,90,85,94,95,93,0,0,70,47,48,0,36,0,0,0,0,0,0,0,0,0,38,23,0,0,0,0,0,0,0,0,38,27,0,0,0
l6,0=99,94,96,95,96,94,0,98,97,96,89,94,95,94,75,0,74,49,49,45,38,0,0,0,0,0,0,0,0,0,50,19,0,0,0,0,0,0,0,0,0,0,0,0,0
l7,0=99,94,96,96,97,94,91,0,97,97,89,94,95,94,87,0,84,0,93,87,79,0,57,56,65,77,78,0,0,0,46,0,0,0,0,0,0,0,0,0,0,0,0,24,0
l8,0=93,94,96,96,95,94,91,98,0,97,88,94,95,94,80,0,78,51,74,79,40,0,67,44,23,23,57,52,0,0,0,0,0,0,0,0,0,0,0,0,0,0,0,35,0
l9,0=98,93,93,84,93,94,90,98,97,0,89,94,95,94,86,0,84,25,52,5,17,30,0,48,21,19,18,6,0,0,6,21,0,0,0,0,0,0,0,0,0,0,0,35,0
l10,0=78,92,95,24,90,90,55,56,76,94,0,94,95,74,37,0,84,46,79,78,56,4,70,65,21,56,53,72,0,0,0,16,0,0,0,0,0,0,0,0,20,0,17,5,0
l11,0=93,92,95,89,69,94,90,92,97,97,87,0,95,94,80,0,84,41,2,69,78,10,21,0,20,2,29,68,0,0,0,2,0,0,0,0,0,0,0,0,0,0,38,24,0
l12,0=91,90,95,80,79,94,90,90,93,94,91,94,0,94,80,0,84,45,87,79,91,0,0,23,19,26,68,62,0,0,26,28,0,0,0,0,0,0,0,0,0,0,0,33,32
l13,0=93,94,96,83,92,94,90,98,95,97,85,94,95,0,82,0,84,51,88,65,51,27,2,45,0,39,0,23,0,0,29,19,0,0,0,0,0,0,0,0,0,0,7,0,11
l14,0=39,33,18,19,51,0,12,21,44,80,48,74,85,73,0,0,82,51,93,86,99,0,45,65,0,11,21,72,0,0,81,19,0,25,0,0,0,0,0,19,41,12,44,43,28
l15,0=59,38,47,24,68,72,23,59,60,83,91,94,90,94,87,0,0,16,93,16,94,34,44,69,19,54,56,83,0,0,71,11,3,0,0,0,0,0,0,0,32,1,41,20,20
l16,0=0,61,40,60,3,58,2,0,55,17,71,69,74,75,87,0,48,0,56,55,62,0,0,51,27,24,44,0,0,0,85,30,0,0,0,19,0,6,21,18,50,45,42,40,33
l17,0=42,34,26,0,0,79,20,23,59,59,91,4,86,90,91,0,84,88,0,87,100,38,0,66,29,23,60,73,0,0,77,21,0,0,0,0,0,0,0,0,0,34,45,11,24
l18,0=31,50,55,0,0,0,15,18,62,0,87,72,85,66,90,0,25,86,51,0,99,83,67,78,52,90,87,82,0,0,29,20,1,6,0,5,0,0,24,18,49,32,47,48,65
l19,0=0,0,56,0,0,64,14,3,35,47,85,77,90,76,91,0,83,87,92,89,0,42,23,69,51,89,81,23,0,0,87,51,0,18,0,0,0,0,0,59,82,16,18,84,66
l20,0=0,0,17,0,0,0,0,0,1,56,43,37,0,55,0,0,70,0,78,87,82,0,95,97,87,90,92,95,0,0,0,0,59,79,0,85,80,52,81,74,0,54,76,65,62
l21,0=0,0,0,0,0,0,0,73,85,0,74,4,0,0,50,0,70,0,0,80,79,93,0,86,90,77,86,97,0,0,0,0,39,83,0,0,4,0,78,69,0,0,0,0,67
l22,0=0,0,0,0,0,0,0,31,69,58,72,0,12,67,75,0,77,49,73,87,79,91,78,0,90,78,94,95,0,0,0,29,85,92,0,85,83,72,90,77,78,45,73,84,78
l23,0=0,0,0,0,0,0,0,6,24,27,53,63,36,0,0,0,57,76,81,80,86,73,89,97,0,91,94,94,0,0,0,13,68,65,0,38,0,0,83,0,46,72,77,84,88
l24,0=0,0,0,0,0,0,0,30,44,50,71,22,55,69,76,0,79,63,62,87,87,91,64,80,91,0,94,85,0,0,0,17,0,86,0,13,34,17,44,76,45,26,77,84,78
l25,0=0,0,48,0,0,0,0,32,58,42,69,56,79,0,62,0,67,45,79,87,86,78,80,98,91,91,0,94,0,0,31,0,79,74,0,43,66,45,51,74,59,66,77,84,75
l26,0=0,0,0,0,0,0,0,0,45,13,70,67,72,39,71,0,82,8,78,86,74,92,94,97,90,86,92,0,0,0,3,7,84,86,0,98,72,53,95,82,33,45,76,14,87
l27,0=54,74,0,75,66,61,22,2,0,0,0,0,49,20,69,0,37,88,46,31,52,0,0,0,0,0,6,0,0,0,0,87,6,71,0,52,22,23,31,92,81,68,0,0,57
l28,0=46,71,57,70,65,66,8,0,0,44,42,31,68,72,53,0,17,88,37,40,81,0,0,47,24,15,0,0,0,0,89,0,54,44,0,51,36,29,29,92,93,94,0,0,19
l29,0=0,0,0,0,0,0,0,0,0,0,0,0,0,0,0,0,19,25,0,64,0,46,25,92,74,3,88,80,0,0,65,83,0,97,0,100,97,100,97,98,93,94,0,0,0
l30,0=0,0,0,0,0,0,0,0,0,0,0,0,0,0,25,0,0,0,0,0,0,32,29,86,47,76,30,49,0,0,88,77,100,0,0,100,97,100,97,98,93,94,2,3,18
l31,0=0,0,0,0,0,0,0,0,0,0,0,0,0,0,0,0,0,3,0,37,0,80,20,83,42,8,22,88,0,0,81,76,100,97,0,0,97,100,97,98,93,94,2,0,72
l32,0=0,0,0,0,0,0,0,0,0,0,0,0,0,0,0,0,0,0,0,6,0,79,21,75,0,68,73,74,0,0,50,72,100,97,0,100,0,100,97,93,85,88,9,0,0
l33,0=0,0,0,0,0,0,0,0,0,0,0,0,0,0,0,0,0,27,0,0,0,44,0,72,0,33,75,60,0,0,69,76,100,97,0,100,97,0,93,87,90,0,0,0,0
l34,0=0,0,0,0,0,0,0,0,0,0,0,0,0,0,0,0,0,3,0,75,0,54,12,87,78,34,22,90,0,0,88,70,100,97,0,100,97,97,0,98,93,94,1,2,0
l35,0=0,0,0,0,0,0,0,0,0,0,0,0,0,0,1,0,0,2,0,10,18,30,13,69,0,69,34,32,0,0,89,83,97,97,0,63,84,98,97,0,93,94,1,0,0
l36,0=0,0,0,0,0,24,0,0,0,0,15,0,0,0,29,0,14,6,0,54,48,0,0,26,12,8,6,0,0,0,74,83,31,97,0,60,43,58,96,98,0,94,0,2,0
l37,0=0,0,0,0,0,26,0,0,0,0,0,0,0,0,18,0,11,34,42,80,42,14,0,54,86,18,34,24,0,0,88,87,99,97,0,99,74,11,97,98,93,0,1,0,0
l38,0=0,0,0,0,0,0,0,0,0,0,39,32,0,0,69,0,54,53,72,74,61,62,0,71,85,89,87,76,0,0,3,0,0,47,0,38,26,0,42,26,0,16,0,84,88
l39,0=0,0,0,0,0,0,0,5,15,10,20,23,38,0,39,0,31,53,14,65,74,28,3,78,89,83,92,16,0,0,0,0,0,23,0,0,0,0,23,0,20,0,78,0,88
l40,0=0,0,0,0,0,0,0,0,0,0,0,0,32,2,58,0,30,12,24,68,68,50,57,74,89,84,88,86,0,0,39,0,0,28,0,28,0,0,0,0,0,0,77,84,0
l41,0=0,0,0,0,0,0,0,0,0,25,57,0,0,48,41,0,70,75,86,85,94,30,62,89,89,87,86,81,0,0,56,10,0,21,0,0,0,0,0,17,25,0,77,84,85
l42,0=0,0,0,0,0,0,0,0,0,0,28,0,0,0,51,0,36,38,55,69,62,62,58,92,90,88,92,42,0,0,0,0,0,42,0,0,6,0,36,0,0,0,77,84,85
l43,0=0,0,0,0,0,0,0,0,0,0,31,0,0,0,0,0,20,26,41,66,48,57,57,92,87,87,85,82,0,0,0,0,9,48,0,0,6,0,0,0,0,0,76,80,87
l44,0=0,0,0,0,0,0,0,0,0,0,25,34,0,0,62,0,0,27,42,64,63,57,66,76,87,89,90,59,0,0,0,0,13,25,0,33,0,0,0,11,0,0,77,83,77

l0,1=0,95,93,95,97,93,95,96,92,57,54,94,90,55,43,0,81,65,0,0,0,0,0,0,0,0,0,0,0,0,68,0,0,0,0,0,0,0,0,0,0,0,0,0,0
l1,1=95,0,90,94,97,93,95,94,95,57,54,94,31,92,38,0,81,0,61,72,55,0,0,0,0,0,0,0,0,0,76,0,0,0,0,0,0,0,0,0,0,0,0,0,0
l2,1=95,95,0,95,97,93,95,99,96,87,54,95,93,91,39,0,81,72,63,61,50,0,0,2,0,24,11,0,0,0,2,43,0,0,0,0,0,0,0,0,0,0,0,0,0
l3,1=95,95,94,0,97,93,92,79,72,57,52,91,61,52,40,0,77,71,0,0,2,0,0,0,0,0,0,0,0,0,75,38,0,0,0,0,0,0,0,0,0,0,0,0,0
l4,1=95,95,92,95,0,93,92,87,68,56,48,87,66,50,0,0,80,70,0,0,0,0,0,0,0,0,0,0,0,0,76,31,0,0,0,0,0,0,0,0,0,0,0,0,0
l5,1=95,95,93,95,97,0,95,96,68,0,54,85,33,35,42,0,79,17,63,0,0,0,0,0,0,0,0,0,0,0,76,13,0,0,0,0,0,0,0,0,38,3,0,0,0
l6,1=95,95,94,93,95,93,0,98,96,81,54,94,93,77,31,0,81,65,64,69,42,0,0,0,0,0,0,0,0,0,74,5,0,0,0,0,0,0,0,0,0,0,0,0,0
l7,1=95,95,93,66,95,93,95,0,96,95,86,95,93,91,74,0,81,0,51,46,49,5,34,52,0,31,51,0,0,0,1,0,0,0,0,0,0,0,0,0,0,0,0,44,0
l8,1=93,95,94,95,94,93,95,99,0,95,86,95,93,91,76,0,81,58,72,72,12,8,34,51,53,20,44,7,0,0,37,25,0,0,0,0,0,0,0,0,0,0,0,0,0
l9,1=92,94,92,93,94,0,92,99,96,0,86,95,93,92,60,0,80,57,72,56,55,4,0,3,64,0,14,19,0,0,0,31,0,0,0,0,0,0,0,0,0,0,2,4,0
l10,1=84,93,88,71,42,93,91,94,91,89,0,94,93,91,61,0,81,77,72,72,60,2,28,36,18,53,68,61,0,0,45,23,0,4,0,0,0,0,0,0,0,0,31,25,38
l11,1=92,95,90,86,67,93,91,96,96,96,86,0,93,92,76,0,81,57,72,72,56,0,0,29,54,48,62,0,0,0,14,21,0,0,0,0,0,0,0,0,0,0,7,29,0
l12,1=92,73,90,44,94,93,92,94,84,89,86,95,0,92,76,0,81,71,72,72,65,5,0,38,45,37,38,35,0,0,0,24,0,0,0,0,0,0,0,0,0,0,22,3,0
l13,1=92,95,91,92,92,93,91,96,96,96,86,95,93,0,76,0,81,54,72,65,25,5,29,37,57,28,23,27,0,0,30,39,0,0,0,0,0,0,0,0,0,0,14,0,9
l14,1=38,36,37,32,5,63,44,37,74,47,46,71,83,62,0,0,81,40,76,76,67,7,31,51,63,28,30,29,0,0,57,31,0,0,0,0,0,0,12,0,38,31,44,52,64
l15,1=50,51,34,34,42,32,54,91,78,40,86,94,93,92,80,0,0,62,72,72,65,19,30,50,60,28,42,39,0,0,74,0,0,0,0,0,0,0,0,6,11,0,32,23,29
l16,1=31,0,24,24,34,29,46,0,57,48,68,36,28,6,52,0,65,0,68,74,56,8,0,23,39,14,5,25,0,0,88,68,0,8,0,0,19,4,9,20,72,61,25,12,37
l17,1=0,23,32,0,2,54,45,50,70,67,76,74,54,39,81,0,81,73,0,72,67,8,38,45,62,8,42,42,0,0,47,0,0,0,0,0,0,0,0,15,22,57,37,14,40
l18,1=0,56,27,0,0,0,30,14,70,38,64,53,42,14,75,0,67,82,57,0,67,39,52,43,73,57,72,48,0,0,52,46,3,0,0,5,0,0,38,31,34,44,39,49,46
l19,1=0,58,32,0,0,0,24,42,13,48,63,50,52,13,81,0,78,74,76,76,0,23,39,43,66,25,41,43,0,0,54,56,0,38,0,0,0,0,34,0,65,32,37,44,57
l20,1=0,0,0,0,0,0,0,49,68,48,47,0,65,37,60,0,66,52,46,71,52,0,86,58,69,60,65,70,0,0,5,0,68,70,0,55,55,59,68,59,58,61,69,53,70
l21,1=0,0,0,0,0,0,0,16,56,0,60,0,0,39,59,0,63,0,52,63,44,74,0,53,70,52,65,69,0,0,0,0,0,72,0,0,11,0,63,54,1,0,62,54,61
l22,1=0,0,0,0,0,0,0,46,56,0,38,32,51,17,62,0,60,51,46,54,42,61,66,0,74,47,74,74,0,0,0,0,75,75,0,66,53,50,55,56,56,51,67,59,40
l23,1=0,0,0,0,0,0,0,0,52,49,35,43,52,41,63,0,63,62,52,74,53,59,75,60,0,62,73,71,0,0,9,24,47,37,0,52,0,39,63,41,53,68,71,64,77
l24,1=0,0,36,0,0,10,0,57,53,0,67,53,66,49,63,0,69,60,39,71,50,64,64,48,76,0,74,68,0,0,0,38,0,66,0,0,39,9,32,68,68,65,74,53,76
l25,1=0,0,5,0,0,0,0,48,55,39,64,50,63,39,56,0,59,49,48,74,50,56,68,65,76,62,0,73,0,0,12,0,65,61,0,55,46,35,53,52,10,55,71,63,70
l26,1=0,0,0,0,0,0,0,8,49,42,58,0,68,30,50,0,58,56,49,64,46,73,70,65,66,54,65,0,0,0,0,2,65,78,0,68,56,17,68,67,66,65,71,48,75
l27,1=37,78,0,39,55,46,32,0,48,0,67,24,0,0,40,0,69,81,57,42,33,0,0,0,0,0,0,0,0,0,0,81,14,39,0,63,22,29,42,88,94,77,0,5,0
l28,1=0,0,28,1,27,26,1,1,58,37,35,32,12,14,18,0,1,83,0,75,38,0,0,2,14,8,0,0,0,0,89,0,19,26,0,71,70,0,48,40,94,92,0,10,12
l29,1=0,0,0,0,0,0,0,0,0,0,0,0,0,0,0,0,0,0,0,36,0,47,0,64,41,0,72,64,0,0,62,76,0,88,0,95,95,97,92,95,94,90,0,0,0
l30,1=0,0,0,0,0,0,0,0,0,0,0,0,0,0,0,0,0,62,0,0,33,42,58,63,28,34,47,69,0,0,87,59,82,0,0,95,95,92,92,95,94,93,35,23,0
l31,1=0,0,0,0,0,0,0,0,0,0,0,0,0,0,0,0,0,0,0,30,0,27,7,62,67,0,66,72,0,0,76,72,83,88,0,0,95,97,92,85,94,93,0,1,0
l32,1=0,0,0,0,0,0,0,0,0,0,0,0,0,0,0,0,0,63,0,0,0,48,51,59,0,33,60,64,0,0,42,51,83,88,0,95,0,97,92,94,82,92,0,0,0
l33,1=0,0,0,0,0,0,0,0,0,0,0,0,0,0,0,0,0,6,0,0,0,43,0,50,56,0,45,0,0,0,49,0,83,87,0,95,95,0,90,90,91,74,0,0,0
l34,1=0,0,0,0,0,0,0,0,0,0,0,0,0,0,13,0,0,63,0,64,31,59,55,53,69,12,55,74,0,0,58,71,83,88,0,95,95,96,0,95,94,93,25,27,0
l35,1=0,0,0,0,0,0,0,0,0,0,0,0,0,0,0,0,19,26,41,44,0,23,45,58,18,36,27,68,0,0,89,45,83,88,0,82,95,90,92,0,94,93,0,0,0
l36,1=0,0,0,0,0,15,0,0,0,0,0,0,0,0,20,0,38,75,41,44,35,11,4,51,11,14,0,41,0,0,89,47,51,88,0,90,88,91,89,91,0,93,0,23,0
l37,1=0,0,0,0,0,37,0,0,0,0,0,0,0,0,34,0,6,72,56,47,26,22,8,47,48,37,24,49,0,0,89,81,83,88,0,95,91,76,92,95,94,0,0,0,0
l38,1=0,0,0,0,0,0,0,0,0,0,40,10,28,1,59,0,51,33,42,61,35,46,32,47,62,59,60,58,0,0,0,0,0,33,0,0,0,0,11,0,0,0,0,63,81
l39,1=0,0,0,0,0,0,0,17,0,0,23,19,3,0,59,0,37,36,27,64,49,42,54,49,74,51,71,54,0,0,2,8,0,28,0,0,0,0,48,0,22,0,74,0,82
l40,1=0,0,0,0,0,0,0,0,0,0,12,0,0,0,53,0,20,25,43,45,38,43,16,14,68,51,57,57,0,0,0,0,0,0,0,0,0,0,0,0,0,0,72,59,0
l41,1=0,0,0,0,0,0,0,0,0,26,64,26,48,0,73,0,66,59,46,74,56,40,7,56,72,57,64,63,0,0,20,34,0,0,0,17,1,0,26,1,0,0,76,63,80
l42,1=0,0,0,0,0,0,0,0,0,0,0,0,0,0,51,0,48,50,39,58,33,36,51,51,71,58,68,57,0,0,0,0,0,12,0,0,22,0,0,0,0,0,74,61,81
l43,1=0,0,0,0,0,0,0,0,0,0,23,0,0,0,50,0,25,28,22,41,33,51,41,51,70,47,63,50,0,0,0,0,40,42,0,34,12,0,24,0,0,0,71,55,81
l44,1=0,0,0,0,0,0,0,0,0,0,0,0,40,15,52,0,0,39,37,54,41,37,48,36,63,54,63,62,0,0,16,0,36,0,0,0,0,0,32,0,0,0,73,54,81

l0,2=0,92,92,90,87,93,91,90,49,93,79,82,85,86,0,0,43,61,52,43,0,0,0,0,0,0,0,0,0,0,0,68,0,0,0,0,0,0,0,0,0,0,0,0,0
l1,2=91,0,91,90,87,93,91,86,83,92,80,84,91,86,58,0,43,64,69,40,30,0,0,0,0,0,0,0,0,0,65,39,0,0,0,0,0,0,0,0,0,0,0,0,0
l2,2=94,92,0,87,38,92,91,98,87,95,82,82,91,87,62,0,35,66,63,53,0,0,0,1,0,64,0,0,0,0,42,65,0,0,0,0,0,0,0,0,0,0,0,0,0
l3,2=95,92,92,0,87,78,91,72,53,92,81,83,91,86,41,0,30,0,67,0,0,0,0,0,0,0,0,0,0,0,0,16,0,0,0,0,0,0,0,0,0,0,0,0,0
l4,2=95,92,84,90,0,93,89,62,51,85,79,80,88,83,48,0,29,62,56,0,0,0,0,0,0,0,0,0,0,0,46,27,0,0,0,0,0,0,0,0,0,0,0,0,0
l5,2=95,92,92,90,86,0,91,84,87,84,81,80,91,84,59,0,30,56,65,40,0,0,0,0,0,0,0,0,0,0,65,41,0,0,0,0,0,0,0,0,0,0,0,0,0
l6,2=91,92,92,88,42,93,0,95,83,94,79,83,91,88,52,0,49,64,67,0,0,45,0,0,0,0,0,0,0,0,47,45,0,0,0,0,0,0,0,0,0,0,0,0,0
l7,2=89,89,92,85,62,90,91,0,87,95,82,85,90,88,60,0,73,0,74,69,50,33,22,43,50,73,58,0,0,0,0,0,0,0,0,0,0,0,0,0,0,0,0,0,0
l8,2=86,89,92,85,66,90,88,98,0,94,81,83,89,88,78,0,73,1,74,74,0,43,44,51,0,56,59,29,0,0,55,64,0,0,0,0,0,0,0,0,0,0,0,0,0
l9,2=86,89,90,84,64,90,88,96,86,0,82,87,90,88,79,0,46,66,73,54,33,52,3,3,76,55,59,34,0,0,42,55,0,0,0,0,0,0,0,0,0,0,0,33,0
l10,2=66,78,88,67,51,90,71,76,62,90,0,83,91,86,66,0,72,52,74,75,65,0,38,34,51,72,73,51,0,0,48,49,0,0,0,0,0,0,0,0,42,0,44,41,0
l11,2=85,89,87,84,63,90,88,98,86,95,81,0,91,88,78,0,73,48,74,29,59,68,49,18,53,72,61,0,0,0,63,50,0,0,0,0,0,0,0,0,0,0,54,34,0
l12,2=74,87,89,81,63,90,88,75,82,90,82,87,0,88,75,0,73,60,73,70,65,0,40,39,72,66,56,61,0,0,44,54,0,0,0,0,0,0,0,0,0,39,42,7,0
l13,2=85,89,88,70,52,90,88,93,86,95,82,87,91,0,78,0,73,52,59,0,53,0,0,43,45,54,0,0,0,0,43,55,0,0,0,0,0,0,0,0,0,0,0,0,0
l14,2=0,56,61,11,37,67,54,49,70,77,74,82,75,70,0,0,73,62,76,81,80,60,47,49,69,70,74,45,0,0,66,69,0,0,0,0,0,0,15,42,48,40,61,66,63
l15,2=45,52,34,39,30,48,80,80,69,64,82,85,90,86,84,0,0,63,72,74,73,73,59,50,73,70,70,53,0,0,72,70,0,0,0,0,0,0,0,38,54,45,65,58,14
l16,2=22,54,62,0,42,47,59,0,0,45,58,53,75,58,70,0,65,0,67,82,80,10,0,0,75,70,17,18,0,0,82,82,7,34,0,0,0,0,48,46,71,14,32,56,11
l17,2=9,64,56,30,29,52,59,60,67,75,82,85,90,64,84,0,71,62,0,70,80,65,50,47,72,23,1,63,0,0,64,61,0,25,0,0,0,0,0,18,64,31,62,64,67
l18,2=33,34,55,0,0,51,0,51,39,60,65,30,60,0,69,0,57,80,57,0,80,81,49,54,85,72,83,58,0,0,61,65,0,38,0,0,0,0,46,33,59,55,59,69,51
l19,2=0,36,0,0,0,0,0,54,0,67,75,61,70,60,84,0,73,82,76,82,0,61,0,40,77,81,69,66,0,0,60,73,0,11,0,0,0,0,0,0,68,53,64,73,52
l20,2=0,0,0,0,0,0,35,42,28,57,0,69,0,0,59,0,57,44,55,71,52,0,82,61,71,77,77,81,0,0,0,0,64,47,0,67,39,68,56,39,48,57,69,67,66
l21,2=0,0,0,0,0,0,0,0,37,0,57,54,44,0,48,0,57,0,50,67,0,89,0,57,73,70,75,74,0,0,0,0,0,0,0,0,9,0,0,0,19,0,62,68,36
l22,2=0,0,0,0,0,0,0,46,35,0,48,31,35,41,59,0,57,0,49,70,42,80,70,0,78,71,86,81,0,0,5,0,67,65,0,70,70,47,66,43,47,0,70,70,46
l23,2=0,0,0,0,0,0,0,26,0,61,49,41,61,22,50,0,54,57,59,75,56,77,67,70,0,82,86,78,0,0,0,0,51,40,0,50,57,42,53,11,53,63,71,73,81
l24,2=0,0,47,0,0,0,0,61,29,50,75,62,70,45,67,0,61,64,25,75,66,87,72,64,85,0,86,76,0,0,46,57,44,36,0,44,47,41,23,46,68,63,71,73,80
l25,2=0,0,0,0,0,0,0,40,27,47,64,44,41,0,62,0,58,38,0,76,54,79,70,71,85,82,0,78,0,0,8,39,55,60,0,51,69,37,46,29,52,46,71,73,77
l26,2=0,0,0,0,0,0,0,0,29,51,58,33,62,0,43,0,48,43,50,69,51,88,75,71,78,77,82,0,0,0,0,0,67,65,0,70,65,43,67,0,56,40,72,70,66
l27,2=0,74,60,0,61,74,61,0,66,51,69,70,61,55,70,0,67,82,66,79,63,0,0,17,0,55,4,0,0,0,0,82,65,79,0,68,40,71,74,81,93,77,35,0,0
l28,2=61,46,56,1,34,54,59,0,53,56,60,49,53,49,66,0,62,82,59,75,68,0,0,0,8,63,44,0,0,0,87,0,68,84,0,65,58,54,85,74,93,89,0,3,36
l29,2=0,0,0,0,0,0,0,0,0,0,0,0,0,0,0,0,0,8,0,0,0,80,0,69,65,65,67,81,0,0,64,76,0,89,0,91,93,97,92,88,92,92,0,11,0
l30,2=0,0,0,0,0,0,0,0,0,0,0,0,0,0,0,0,0,56,35,61,9,55,0,71,61,55,73,79,0,0,83,81,79,0,0,91,93,97,92,88,93,93,56,0,0
l31,2=0,0,0,0,0,0,0,0,0,0,0,0,0,0,0,0,0,0,0,0,0,74,0,63,66,58,70,79,0,0,68,68,79,89,0,0,93,97,92,88,93,93,60,0,0
l32,2=0,0,0,0,0,0,0,0,0,0,0,0,0,0,0,0,0,0,0,0,0,16,54,65,72,67,78,73,0,0,61,67,79,89,0,91,0,97,92,88,0,93,61,0,0
l33,2=0,0,0,0,0,0,0,0,0,0,0,0,0,0,0,0,0,0,0,0,0,74,0,54,65,61,12,34,0,0,69,51,79,89,0,91,93,0,92,86,93,89,0,0,0
l34,2=0,0,0,0,0,0,0,0,0,0,0,0,0,0,3,0,0,48,0,57,0,64,0,67,74,9,59,76,0,0,80,82,79,89,0,91,93,92,0,88,93,93,14,59,0
l35,2=0,0,0,0,0,0,0,0,0,0,0,0,0,0,49,0,44,48,23,50,0,48,0,55,30,61,41,0,0,0,86,77,79,89,0,85,93,94,92,0,93,93,0,0,0
l36,2=0,0,0,0,0,0,0,0,0,0,52,0,0,0,49,0,58,70,61,67,72,51,29,48,61,82,68,58,0,0,87,82,79,88,0,87,0,89,91,88,0,93,0,0,0
l37,2=0,0,0,0,0,0,0,0,0,0,0,0,48,0,46,0,56,53,46,81,48,58,0,0,83,82,73,46,0,0,87,82,79,89,0,90,90,89,92,88,93,0,48,48,0
l38,2=0,0,0,0,0,0,0,0,0,0,41,38,27,0,48,0,44,30,42,60,45,55,31,50,71,67,70,64,0,0,10,0,0,28,0,21,17,0,1,0,0,21,0,78,80
l39,2=0,0,0,0,0,0,0,0,0,31,29,42,2,0,54,0,50,50,49,69,55,58,53,51,76,67,83,65,0,0,0,0,8,0,0,0,0,0,34,0,0,5,77,0,82
l40,2=0,0,0,0,0,0,0,0,0,0,0,0,0,0,51,0,5,0,49,56,27,59,21,46,72,68,67,58,0,0,0,19,0,0,0,0,0,0,0,0,0,0,75,77,0
l41,2=0,0,0,0,0,0,0,0,0,0,59,42,46,52,64,0,58,57,52,75,45,65,24,53,79,72,74,58,0,0,46,47,0,0,0,0,2,0,45,1,49,0,77,78,77
l42,2=0,0,0,0,0,0,0,0,0,0,0,0,0,0,41,0,37,43,42,66,42,45,53,51,78,75,84,61,0,0,0,0,41,11,0,0,5,39,37,0,0,0,70,78,79
l43,2=0,0,0,0,0,0,0,0,0,0,0,0,0,0,41,0,0,0,37,43,28,71,45,53,76,70,78,71,0,0,0,0,0,0,0,0,9,0,41,0,0,0,75,71,79
l44,2=0,0,0,0,0,0,0,0,0,0,0,0,6,0,36,0,0,0,32,43,35,46,48,48,73,68,70,65,0,0,0,0,26,23,0,0,0,4,37,0,0,0,72,73,79

l0,3=0,93,91,85,86,94,95,92,84,95,84,90,77,96,63,0,0,69,39,42,0,0,0,0,0,0,0,0,0,0,0,74,0,0,0,0,0,0,0,0,0,0,0,0,0
l1,3=95,0,95,85,92,97,96,84,87,93,92,89,81,92,59,0,89,72,43,58,80,0,0,0,71,0,5,0,0,0,76,46,0,0,0,0,0,0,0,0,0,0,0,0,0
l2,3=92,88,0,78,87,91,96,92,88,95,92,91,84,96,88,0,91,65,0,61,0,0,0,0,0,0,30,0,0,0,74,0,0,0,0,0,0,0,0,0,0,0,0,0,0
l3,3=96,92,92,0,92,97,91,86,86,93,92,92,82,93,0,0,90,71,37,41,56,0,0,0,0,0,0,0,0,0,61,75,0,0,0,0,0,0,0,0,0,0,0,0,0
l4,3=87,93,91,85,0,97,96,80,89,93,85,92,78,94,74,0,66,0,42,0,0,0,0,0,0,0,0,0,0,0,0,3,0,0,0,0,0,0,0,0,2,0,0,0,0
l5,3=95,93,95,84,92,0,96,91,85,88,92,90,82,92,81,0,80,63,39,58,0,0,0,0,0,0,0,0,0,0,79,76,0,0,0,0,0,0,0,0,0,0,0,0,0
l6,3=93,93,95,75,87,97,0,87,85,95,92,89,84,96,88,0,91,75,42,0,70,0,0,25,0,63,0,0,0,0,59,0,0,0,0,0,0,0,0,0,0,0,0,0,0
l7,3=90,88,91,77,85,91,90,0,86,95,91,92,84,96,95,0,92,54,83,81,85,0,0,74,66,87,80,26,0,0,0,0,0,0,0,0,0,0,0,0,0,0,0,0,0
l8,3=90,88,91,77,87,91,90,92,0,95,92,92,85,96,95,0,91,67,52,72,87,0,33,57,0,74,72,77,0,0,75,0,0,0,0,0,0,0,0,0,0,0,0,79,0
l9,3=90,88,91,73,86,91,90,92,86,0,92,92,86,96,90,0,91,74,84,79,82,14,0,59,79,84,63,58,0,0,73,51,0,0,0,0,0,0,0,0,0,0,0,0,0
l10,3=77,84,91,70,82,90,85,76,79,94,0,88,87,96,92,0,92,68,85,78,88,69,17,65,66,84,76,75,0,0,65,78,0,0,0,0,0,0,0,0,0,0,0,60,0
l11,3=86,81,91,75,87,90,90,92,88,95,92,0,87,96,93,0,92,75,52,65,89,60,21,49,72,85,69,59,0,0,77,70,0,0,0,0,0,0,0,0,0,0,0,74,0
l12,3=79,80,91,71,79,91,90,88,82,95,92,93,0,96,92,0,92,71,83,62,87,29,24,34,76,78,75,76,0,0,62,55,0,0,0,0,0,0,0,0,0,48,0,68,0
l13,3=91,87,91,71,87,90,90,92,88,95,92,92,87,0,92,0,92,70,58,70,76,42,2,69,69,74,0,0,0,0,60,9,0,0,0,0,0,0,0,0,0,0,0,0,4
l14,3=54,43,73,0,69,67,76,74,85,78,91,89,86,88,0,0,92,89,88,86,98,58,57,57,68,77,81,42,0,0,65,80,0,0,0,0,0,0,0,64,33,0,56,75,68
l15,3=0,69,72,56,60,53,89,85,70,83,92,90,81,94,95,0,0,78,86,82,96,71,57,65,75,74,75,55,0,0,76,69,0,8,0,0,0,0,0,0,61,32,53,76,12
l16,3=31,67,59,26,0,54,86,35,50,53,63,68,61,68,97,0,90,0,76,92,98,36,0,41,65,85,80,59,0,0,92,93,0,65,0,0,0,0,54,72,86,63,53,76,61
l17,3=58,71,0,25,69,64,79,74,79,93,92,87,76,57,97,0,92,67,0,87,96,56,53,68,83,62,63,0,0,0,74,73,0,0,0,0,0,0,0,0,74,59,51,75,64
l18,3=0,58,64,16,0,64,0,69,75,73,75,70,61,56,96,0,88,91,87,0,98,81,70,63,94,93,96,82,0,0,87,76,0,28,0,4,0,24,43,47,77,63,48,82,66
l19,3=0,59,0,35,0,0,55,55,61,54,84,84,78,57,97,0,92,92,88,91,0,69,57,71,87,89,78,86,0,0,87,90,45,0,0,0,0,0,7,5,81,10,62,88,58
l20,3=0,0,0,0,0,0,0,0,0,1,66,61,25,49,68,0,86,51,61,82,75,0,97,83,65,90,90,93,0,0,0,3,90,61,0,47,76,64,64,0,0,35,73,76,86
l21,3=0,0,0,0,0,0,0,0,71,0,31,59,43,0,64,0,86,0,63,80,72,92,0,84,88,89,92,92,0,0,0,0,1,31,0,62,0,25,0,0,8,0,55,79,62
l22,3=0,0,0,0,0,0,5,57,33,24,44,33,18,60,65,0,72,42,63,72,66,87,66,0,89,90,97,93,0,0,39,0,65,68,0,76,87,48,68,44,37,51,68,73,56
l23,3=0,35,0,0,0,0,0,34,0,42,43,55,50,49,55,0,75,60,70,90,83,49,68,83,0,95,97,88,0,0,28,53,63,37,0,63,67,31,56,62,58,67,71,84,88
l24,3=0,0,0,0,0,0,43,67,47,49,75,64,49,52,77,0,80,73,54,89,85,91,62,91,94,0,96,79,0,0,0,32,63,44,0,64,57,52,38,61,65,70,70,83,86
l25,3=0,1,1,0,0,0,0,56,47,39,74,57,68,0,90,0,85,81,50,83,73,86,79,93,94,94,0,87,0,0,23,51,55,44,0,70,88,29,74,0,60,56,72,83,87
l26,3=0,0,0,0,0,0,0,27,53,27,64,44,70,0,46,0,63,62,0,82,82,92,91,93,89,89,92,0,0,0,20,0,81,82,0,92,89,50,78,75,51,50,72,72,86
l27,3=0,74,63,27,28,87,64,0,62,68,70,74,56,69,65,0,84,91,78,90,87,0,0,52,46,0,28,0,0,0,0,93,78,88,0,65,62,27,87,91,93,93,50,57,0
l28,3=68,37,0,54,45,84,0,0,0,46,72,69,46,10,91,0,83,92,74,90,81,1,0,0,59,32,62,0,0,0,92,0,79,94,0,63,80,61,93,92,93,96,10,67,0
l29,3=0,0,0,0,0,0,0,0,0,0,0,0,0,0,0,0,0,0,0,0,53,88,19,83,87,87,80,85,0,0,85,86,0,100,0,100,100,100,99,93,87,100,0,0,2
l30,3=0,0,0,0,0,0,0,0,0,0,0,0,0,0,0,0,48,85,0,63,0,78,60,91,78,83,89,90,0,0,91,92,99,0,0,100,100,99,99,93,93,100,66,0,0
l31,3=0,0,0,0,0,0,0,0,0,0,0,0,0,0,0,0,0,0,0,56,10,66,70,91,81,75,87,93,0,0,80,73,99,100,0,0,100,100,99,93,93,100,56,66,0
l32,3=0,0,0,0,0,0,0,0,0,0,0,0,0,0,0,0,0,0,0,2,0,87,0,93,90,64,97,93,0,0,79,92,99,100,0,100,0,100,99,93,93,100,0,0,0
l33,3=0,0,0,0,0,0,0,0,0,0,0,0,0,0,0,0,0,0,0,50,0,75,9,74,48,71,4,76,0,0,3,81,99,100,0,100,100,0,99,93,93,90,0,0,0
l34,3=0,0,0,0,0,0,0,0,0,0,0,0,0,0,0,0,0,81,0,73,7,71,0,85,82,61,87,82,0,0,92,93,99,100,0,100,100,99,0,93,93,100,0,0,0
l35,3=0,0,0,0,0,0,0,0,0,0,0,0,0,0,72,0,0,83,0,72,1,0,0,65,80,80,0,76,0,0,92,93,99,100,0,100,100,100,99,0,93,100,0,15,0
l36,3=0,0,0,0,30,0,0,0,0,0,0,0,0,0,15,0,82,88,80,88,89,0,10,50,81,85,88,70,0,0,92,93,91,100,0,98,92,91,99,93,0,100,52,56,0
l37,3=0,0,0,0,0,4,0,0,0,0,0,0,66,0,0,0,64,84,75,83,48,44,0,76,88,90,85,73,0,0,92,93,99,100,0,100,100,90,99,93,93,0,54,49,0
l38,3=0,0,0,0,0,0,0,0,0,0,0,0,0,0,66,0,63,46,33,44,62,46,33,52,70,74,80,47,0,0,36,0,0,25,0,8,0,0,0,0,42,17,0,87,93
l39,3=0,0,0,0,0,0,0,0,38,0,32,47,20,0,60,0,65,54,53,64,68,51,51,45,80,74,76,47,0,0,29,43,0,0,0,16,0,0,0,0,33,2,76,0,93
l40,3=0,0,0,0,0,0,0,0,0,0,0,0,0,0,62,0,1,42,38,57,16,58,34,38,83,80,84,53,0,0,0,0,0,0,0,0,0,0,0,0,0,0,76,87,0
l41,3=0,0,0,0,0,0,0,0,0,0,32,0,33,56,70,0,77,76,68,83,76,59,0,73,90,90,92,11,0,0,46,51,39,0,0,0,0,0,16,0,0,0,76,83,86
l42,3=0,0,0,0,0,0,0,0,0,0,0,0,0,0,38,0,51,46,44,52,59,42,52,42,84,85,86,51,0,0,0,0,44,25,0,0,0,37,30,0,0,7,74,87,87
l43,3=0,0,0,0,0,0,0,0,0,0,0,0,0,0,46,0,1,37,38,58,43,70,42,52,71,74,83,70,0,0,0,0,38,19,0,0,2,0,21,5,0,0,75,74,86
l44,3=0,0,0,0,0,0,0,0,0,0,0,0,0,0,47,0,0,38,11,64,0,27,52,43,80,76,86,55,0,0,0,0,29,19,0,0,0,11,21,0,0,0,74,77,87

l0,4=0,90,85,97,54,95,93,91,57,97,87,81,86,62,78,0,72,1,30,60,0,0,0,0,0,0,0,0,0,0,87,12,0,0,0,0,0,0,0,0,0,0,0,0,0
l1,4=87,0,86,97,51,96,93,85,92,58,87,78,86,62,71,0,60,58,0,64,20,0,0,0,67,0,0,0,0,0,84,7,0,0,0,0,0,0,0,0,0,0,0,0,0
l2,4=85,89,0,94,91,94,92,85,92,97,88,78,91,96,71,0,62,63,19,65,0,0,0,0,0,0,6,0,0,0,0,53,0,0,0,0,0,0,0,0,0,0,0,0,0
l3,4=94,91,86,0,95,96,93,87,57,55,87,81,86,62,15,0,78,0,40,64,0,0,0,0,0,0,0,0,0,0,0,36,0,0,0,0,0,0,0,0,0,0,0,0,0
l4,4=54,88,86,97,0,96,93,85,57,58,87,81,87,62,67,0,77,39,42,0,0,0,0,0,0,0,0,0,0,0,68,59,0,0,0,0,0,0,0,0,0,0,0,0,0
l5,4=92,91,86,97,95,0,93,91,56,97,89,78,91,74,30,0,74,63,41,46,21,0,0,0,0,0,0,0,0,0,89,0,0,0,0,0,0,0,0,0,38,0,0,0,0
l6,4=85,90,85,83,91,95,0,85,57,97,87,78,86,62,81,0,78,64,46,0,24,0,0,0,0,32,0,0,0,0,87,0,0,0,0,0,0,0,0,0,0,0,0,0,0
l7,4=86,88,85,91,91,88,92,0,92,97,88,87,90,96,83,0,78,0,70,76,40,19,0,67,56,75,73,54,0,0,0,0,0,0,0,0,0,0,0,0,0,0,0,0,0
l8,4=86,89,85,91,91,87,78,91,0,97,74,87,90,96,81,0,75,58,45,72,23,30,0,59,58,7,46,48,0,0,72,0,0,0,0,0,0,0,0,0,0,0,0,45,0
l9,4=85,85,85,76,76,88,93,91,92,0,88,87,90,96,83,0,76,68,70,60,30,0,0,56,66,68,0,52,0,0,74,50,0,0,0,0,0,0,0,0,0,0,0,0,20
l10,4=63,70,69,73,78,87,64,72,43,89,0,73,91,94,80,0,78,71,66,61,64,26,60,57,63,75,69,31,0,0,0,65,0,0,0,0,0,0,0,0,0,7,64,75,18
l11,4=82,89,85,85,91,88,77,91,92,97,80,0,91,96,73,0,78,53,70,70,24,0,66,67,62,56,50,53,0,0,64,54,0,0,0,0,0,0,0,0,0,0,0,39,0
l12,4=76,81,84,76,79,90,91,89,92,94,89,87,0,97,83,0,78,75,55,65,62,0,74,56,65,67,71,56,0,0,69,10,0,0,0,0,0,0,0,0,0,0,54,68,53
l13,4=81,89,85,84,91,87,92,91,92,97,88,87,91,0,83,0,74,73,66,65,63,36,0,67,64,73,65,57,0,0,0,0,0,0,0,0,0,0,0,0,0,0,0,53,0
l14,4=65,45,45,0,52,48,71,73,81,81,81,72,78,78,0,0,78,81,77,67,76,49,0,63,69,75,69,56,0,0,76,50,0,0,0,0,0,0,0,72,62,52,82,78,79
l15,4=61,63,45,74,65,73,70,71,80,84,88,86,90,79,83,0,0,76,71,68,68,59,76,60,65,69,66,55,0,0,79,66,0,67,0,0,0,0,51,0,75,42,78,77,64
l16,4=0,65,53,0,52,73,65,0,69,80,79,64,68,77,83,0,76,0,76,89,81,11,0,0,65,68,69,22,0,0,97,100,0,68,0,0,0,0,76,78,83,64,78,75,69
l17,4=42,0,0,62,52,58,60,61,79,80,86,76,61,71,83,0,78,80,0,71,55,0,62,53,65,68,58,43,0,0,75,53,0,0,0,0,0,0,0,0,65,54,71,69,58
l18,4=35,38,39,32,0,40,0,68,79,60,66,72,67,60,75,0,70,81,68,0,83,66,81,70,77,82,78,67,0,0,78,78,35,39,0,56,0,0,62,54,64,66,78,78,55
l19,4=0,42,0,0,0,51,46,61,61,68,79,66,69,77,83,0,78,83,62,89,0,56,70,53,79,75,69,68,0,0,77,65,48,0,0,0,0,0,60,52,65,63,82,82,65
l20,4=0,0,0,0,0,0,0,41,44,0,42,0,0,54,54,0,64,30,0,69,58,0,96,79,77,85,74,92,0,0,0,0,82,52,0,44,49,58,60,0,0,4,80,82,68
l21,4=0,0,0,0,0,0,0,0,0,0,27,50,41,0,0,0,62,0,42,75,62,90,0,83,75,77,82,91,0,0,0,0,0,0,0,58,0,0,46,0,0,0,61,69,71
l22,4=0,0,0,0,0,0,0,48,45,51,40,49,37,51,46,0,48,0,41,61,43,52,74,0,80,87,89,92,0,0,0,0,49,63,0,62,74,40,66,45,53,43,56,64,51
l23,4=0,17,0,0,0,0,0,30,47,59,51,50,46,57,52,0,50,49,52,82,66,61,61,93,0,89,89,66,0,0,43,0,46,43,0,59,51,38,47,57,0,53,80,86,76
l24,4=0,0,0,0,0,0,29,56,25,54,66,55,48,62,68,0,58,59,58,75,65,70,76,85,80,0,84,73,0,0,0,26,42,46,0,46,44,21,45,63,53,59,30,80,77
l25,4=0,0,0,0,0,0,0,54,44,0,51,52,44,54,56,0,46,53,45,73,53,50,65,94,81,88,0,79,0,0,44,0,56,51,0,56,53,47,43,53,63,43,69,81,69
l26,4=0,0,0,0,0,0,0,48,43,50,40,51,46,52,49,0,46,39,42,72,58,90,92,94,77,78,81,0,0,0,0,33,54,60,0,68,74,41,53,53,50,0,72,54,63
l27,4=64,75,0,0,57,94,68,0,73,77,0,57,58,0,83,0,78,83,76,89,77,0,0,0,59,0,58,0,0,0,0,100,76,75,0,71,70,7,96,100,100,100,37,0,0
l28,4=26,5,57,76,88,0,0,0,0,51,87,82,35,0,74,0,76,83,76,85,74,0,0,0,3,49,0,43,0,0,97,0,69,97,0,88,93,85,94,100,100,100,0,71,0
l29,4=0,0,0,0,0,0,0,0,0,0,0,0,0,0,0,0,0,0,0,41,34,82,0,82,77,55,82,81,0,0,84,70,0,99,0,94,100,100,97,100,99,100,0,65,0
l30,4=0,0,0,0,1,0,0,0,0,0,0,0,0,0,0,0,59,67,0,49,0,68,0,92,64,76,79,87,0,0,77,97,94,0,0,94,100,100,97,100,100,100,77,0,0
l31,4=0,0,0,0,0,0,0,0,0,0,0,0,0,0,0,0,0,0,0,65,1,48,76,86,78,70,77,90,0,0,77,90,94,99,0,0,100,100,97,100,100,100,48,75,71
l32,4=0,0,0,0,0,0,0,0,0,0,0,0,0,0,0,0,0,0,0,0,0,57,0,93,75,77,78,92,0,0,76,93,94,99,0,94,0,100,97,100,100,100,7,0,0
l33,4=0,0,0,0,0,0,0,0,0,0,0,0,0,0,0,0,0,0,0,0,0,76,0,83,67,0,81,74,0,0,0,96,94,99,0,94,100,0,97,100,100,88,0,0,0
l34,4=0,0,0,0,0,0,0,0,0,0,0,0,0,0,0,0,37,70,0,70,58,64,48,84,69,64,69,78,0,0,96,95,94,99,0,94,100,100,0,100,100,100,49,0,0
l35,4=0,0,0,0,0,0,0,0,0,0,0,0,0,0,76,0,0,81,0,78,53,0,0,69,80,86,82,87,0,0,97,100,94,99,0,94,100,100,97,0,100,100,0,13,0
l36,4=0,0,0,0,0,38,0,0,0,0,0,0,0,0,65,0,64,83,76,83,63,0,0,81,0,85,88,39,0,0,97,100,94,99,0,94,99,100,97,100,0,100,0,1,0
l37,4=0,0,0,0,36,0,0,0,0,0,37,0,0,0,68,0,64,64,62,85,72,23,1,82,80,85,66,0,0,0,97,100,94,99,0,94,100,83,97,100,100,0,0,0,66
l38,4=0,0,0,0,0,0,0,0,0,0,34,0,22,0,57,0,42,46,36,45,54,37,41,45,65,0,47,52,0,0,8,0,0,39,0,0,2,0,13,0,0,0,0,86,93
l39,4=0,0,0,0,0,0,0,0,35,0,44,37,30,41,56,0,52,51,47,62,62,53,44,56,68,65,69,31,0,0,0,29,32,0,0,37,0,0,0,0,0,0,82,0,79
l40,4=0,0,0,0,0,0,0,0,0,0,0,0,25,0,53,0,37,43,34,44,49,35,49,57,70,66,56,51,0,0,0,0,0,0,0,21,0,0,0,0,0,30,87,86,0
l41,4=0,0,0,0,0,0,0,0,0,0,23,47,45,62,57,0,50,61,53,58,55,43,45,64,74,77,77,40,0,0,44,39,42,0,0,0,0,0,32,0,0,26,85,82,75
l42,4=0,0,0,0,0,0,0,0,0,0,43,0,0,0,54,0,26,41,46,57,55,42,63,70,69,69,59,54,0,0,0,0,42,0,0,44,30,0,37,0,0,3,77,80,79
l43,4=0,0,0,0,0,0,0,0,0,0,32,0,0,0,43,0,20,34,33,51,53,42,45,61,54,54,65,41,0,0,10,0,49,24,0,34,25,0,17,24,0,0,80,80,91
l44,4=0,0,0,0,0,0,0,0,0,0,0,0,0,0,48,0,37,0,41,56,52,37,53,61,76,63,74,39,0,0,0,0,30,44,0,0,0,5,34,0,0,0,87,86,80

l0,5=0,96,81,96,91,93,81,58,90,88,54,22,92,71,44,0,57,24,9,38,0,0,0,0,0,0,0,0,0,0,20,0,0,0,0,0,0,0,0,0,0,0,0,0,0
l1,5=92,0,81,96,91,93,82,58,91,47,45,20,92,70,0,0,58,25,19,33,42,0,0,0,0,0,0,0,0,0,15,2,0,0,0,0,0,0,0,0,47,0,0,0,0
l2,5=92,96,0,96,91,93,79,92,92,83,36,57,92,91,39,0,37,0,0,4,0,0,0,1,9,0,0,0,0,0,17,67,0,0,0,0,0,0,0,0,0,0,0,0,0
l3,5=92,97,84,0,95,93,49,58,91,79,45,22,33,71,40,0,83,66,39,0,0,0,0,0,0,0,0,0,0,0,39,63,0,0,0,0,0,0,0,0,0,0,0,0,0
l4,5=79,97,84,98,0,93,80,58,91,80,67,22,92,70,0,0,79,42,40,44,0,0,0,0,0,0,0,0,0,0,42,66,0,0,0,0,0,0,0,0,0,0,0,0,0
l5,5=92,96,81,94,91,0,81,58,89,87,70,56,76,71,53,0,73,44,27,39,29,0,0,0,0,6,0,0,0,0,49,64,0,0,0,0,0,0,0,0,51,0,0,0,0
l6,5=83,97,80,56,91,93,0,91,89,86,62,21,92,70,58,0,83,20,40,41,14,0,0,0,16,57,10,0,0,0,14,52,0,0,0,0,0,0,0,0,0,0,0,0,0
l7,5=88,94,80,87,87,93,81,0,92,88,46,92,91,92,77,0,80,0,61,79,0,0,0,0,0,66,15,6,0,0,0,0,0,0,0,0,0,0,0,0,0,0,0,0,0
l8,5=92,97,84,93,86,84,80,93,0,89,67,92,92,93,76,0,76,34,32,58,41,0,21,36,26,62,15,18,0,0,17,0,0,0,0,0,0,0,0,0,0,0,0,1,0
l9,5=89,61,72,22,45,92,81,92,91,0,80,92,91,93,80,0,75,20,67,0,57,15,0,0,43,65,12,14,0,0,14,0,0,0,0,0,0,0,0,0,0,0,0,23,0
l10,5=21,58,48,23,27,52,69,67,57,48,0,87,92,78,87,0,84,25,19,70,78,50,8,57,59,67,32,20,0,0,14,47,0,0,0,0,0,0,0,0,0,24,23,26,0
l11,5=51,65,69,53,45,84,71,91,91,88,73,0,92,93,0,0,75,19,38,43,47,0,0,38,41,58,13,19,0,0,15,53,0,0,0,0,0,0,0,0,0,0,0,3,0
l12,5=63,93,81,0,47,23,80,92,91,88,84,92,0,93,87,0,84,26,40,65,79,17,23,3,58,65,42,21,0,0,14,0,0,0,0,0,0,0,0,0,0,0,22,24,4
l13,5=82,83,73,76,75,84,74,86,90,88,78,92,92,0,80,0,67,72,35,60,71,42,0,33,42,68,9,30,0,0,28,18,0,0,0,0,0,0,0,0,0,0,0,35,0
l14,5=18,0,18,16,0,21,56,69,58,41,81,12,87,60,0,0,80,93,81,86,85,7,27,34,52,38,21,14,0,0,16,10,0,0,0,0,0,0,0,22,23,8,16,37,37
l15,5=18,29,7,36,24,26,65,74,58,41,83,88,87,42,84,0,0,48,75,76,83,58,26,60,62,62,32,20,0,0,2,58,0,0,0,0,0,0,0,0,56,13,21,26,36
l16,5=6,32,0,11,22,22,39,0,26,10,44,47,69,54,88,0,64,0,23,82,85,0,0,60,75,59,34,0,0,0,27,81,0,0,0,18,0,0,19,52,72,12,8,8,50
l17,5=3,21,0,18,23,21,57,75,44,47,43,62,55,32,89,0,80,27,0,56,85,10,10,36,51,74,30,0,0,0,23,21,0,0,0,0,0,0,0,0,16,0,24,28,36
l18,5=15,20,0,0,22,18,48,64,54,0,42,51,53,38,80,0,67,86,33,0,85,71,60,68,79,78,74,66,0,0,44,64,14,0,0,12,9,0,32,26,53,11,37,70,68
l19,5=0,27,0,0,0,18,16,0,46,32,47,60,68,49,85,0,80,87,75,92,0,52,16,64,83,75,22,27,0,0,20,75,0,14,0,0,0,0,16,32,41,25,23,30,54
l20,5=0,0,0,0,0,0,0,0,0,0,20,0,16,11,32,0,57,0,23,76,49,0,84,84,82,73,76,79,0,0,0,0,60,45,0,31,53,32,58,9,19,17,54,68,54
l21,5=0,0,0,0,0,0,0,0,39,0,20,0,22,0,58,0,48,0,21,77,11,89,0,41,75,78,79,79,0,0,0,0,36,0,0,25,0,0,21,0,0,0,67,32,38
l22,5=0,0,0,0,0,0,0,0,63,0,48,51,2,13,45,0,53,60,49,78,62,80,35,0,85,78,82,79,0,0,16,0,26,48,0,24,65,51,55,23,45,28,77,69,57
l23,5=0,0,0,0,0,0,0,0,15,13,33,23,54,20,63,0,59,67,31,80,71,67,52,87,0,82,83,68,0,0,0,0,13,18,0,63,31,13,0,43,19,29,76,74,68
l24,5=0,0,0,0,0,9,21,53,30,23,55,26,46,26,53,0,49,51,53,77,63,68,61,87,86,0,77,66,0,0,0,26,18,18,0,31,30,0,6,38,27,13,53,68,61
l25,5=0,0,0,0,0,0,16,29,35,14,44,26,62,9,53,0,59,65,58,76,26,75,68,87,86,72,0,69,0,0,7,14,62,31,0,29,30,35,29,24,25,24,69,78,61
l26,5=0,0,0,0,0,0,0,23,19,12,30,29,32,14,36,0,30,3,0,78,62,89,75,86,80,73,74,0,0,0,0,0,47,42,0,57,56,21,30,0,25,22,46,37,44
l27,5=18,22,31,21,26,28,38,0,21,2,3,47,55,40,73,0,33,32,22,53,28,0,0,25,2,0,11,0,0,0,0,84,34,44,0,31,11,17,24,73,93,49,0,4,0
l28,5=0,0,37,22,26,27,50,0,0,0,3,65,0,30,71,0,61,92,21,82,83,0,0,0,0,65,16,0,0,0,73,0,34,46,0,39,51,32,23,74,93,69,2,20,0
l29,5=0,0,0,0,0,0,0,0,0,0,0,0,0,0,0,0,0,0,0,60,0,64,45,49,54,54,67,64,0,0,38,43,0,86,0,88,81,86,77,74,53,61,0,37,44
l30,5=0,0,0,0,0,0,0,0,0,0,0,0,0,0,0,0,0,0,0,0,0,19,0,66,37,42,58,66,0,0,12,59,80,0,0,88,82,86,78,73,83,67,3,26,41
l31,5=0,0,0,0,0,0,0,0,0,0,0,0,0,0,0,0,0,32,0,57,0,51,35,49,68,58,52,68,0,0,48,45,80,86,0,0,86,94,77,73,81,67,4,10,30
l32,5=0,0,0,0,0,0,0,0,0,0,0,0,0,0,0,0,0,0,0,49,0,55,0,75,59,56,44,73,0,0,25,60,80,86,0,88,0,94,77,73,81,63,0,0,5
l33,5=0,0,0,0,0,0,0,0,0,0,0,0,0,0,0,0,0,0,0,0,0,54,0,68,55,0,73,33,0,0,44,53,79,84,0,88,86,0,77,59,81,52,0,0,0
l34,5=0,0,0,0,0,3,0,0,0,0,0,0,0,0,0,0,38,37,0,67,55,55,23,59,0,52,38,35,0,0,30,42,79,84,0,78,71,77,0,79,80,70,0,0,7
l35,5=0,0,0,0,0,0,0,0,0,0,0,0,0,0,57,0,0,24,0,45,22,7,0,36,54,70,31,0,0,0,38,57,80,85,0,82,51,17,78,0,93,75,0,2,0
l36,5=0,25,0,0,0,17,0,0,0,0,0,1,0,0,53,0,53,48,12,51,21,14,0,40,42,64,25,3,0,0,73,58,67,86,0,36,24,34,78,82,0,75,0,0,0
l37,5=0,0,0,0,0,0,0,0,0,0,4,0,0,0,51,0,44,21,12,45,21,16,0,39,49,56,31,2,0,0,63,46,79,84,0,72,25,30,78,82,93,0,0,0,19
l38,5=0,0,0,0,0,0,0,0,0,0,27,0,18,0,28,0,25,27,30,41,34,26,20,49,78,40,40,34,0,0,0,4,0,8,0,0,0,0,0,0,0,0,0,61,74
l39,5=0,0,0,0,0,0,0,0,0,3,28,3,15,4,58,0,37,8,52,74,66,63,6,58,76,69,75,38,0,0,0,11,4,11,0,0,0,0,0,0,0,0,77,0,73
l40,5=0,0,0,0,0,0,0,0,0,0,0,0,0,0,51,0,19,28,27,64,24,28,11,43,78,61,57,40,0,0,0,0,8,13,0,1,0,0,0,0,0,0,80,77,0
l41,5=0,0,0,0,0,0,0,0,0,13,6,28,59,4,66,0,54,68,57,74,72,0,35,69,83,69,79,23,0,0,6,24,7,0,0,0,0,0,1,0,29,0,79,78,69
l42,5=0,0,0,0,0,0,0,0,0,0,21,0,0,0,42,0,18,35,23,74,40,35,23,76,78,72,71,61,0,0,0,0,0,22,0,23,30,0,7,0,14,0,79,79,74
l43,5=0,0,0,0,0,0,0,0,0,0,22,0,3,0,0,0,0,0,20,37,28,28,18,55,59,60,73,38,0,0,0,0,28,14,0,20,0,6,21,12,0,0,77,74,72
l44,5=0,0,0,0,0,0,0,0,0,0,12,2,0,0,31,0,22,39,20,64,26,44,28,71,78,68,75,49,0,0,11,0,0,17,0,0,0,0,2,0,0,0,79,74,72

l0,6=0,0,53,92,77,89,84,85,53,72,61,75,74,80,43,0,45,41,47,69,37,0,0,0,0,0,0,0,0,0,30,0,0,0,0,0,0,0,0,0,0,0,0,0,0
l1,6=67,0,90,92,77,90,85,88,65,70,23,78,84,52,0,0,58,9,72,61,44,0,0,0,0,0,0,0,0,0,44,0,0,0,0,0,0,0,0,0,27,0,0,0,0
l2,6=82,90,0,92,72,90,85,88,74,67,9,62,84,85,39,0,62,44,41,60,29,0,0,0,0,32,0,0,0,0,0,0,0,0,0,0,0,0,0,0,0,0,0,0,0
l3,6=96,90,82,0,77,66,62,85,36,72,61,78,3,50,50,0,67,8,54,0,0,0,0,0,0,0,0,0,0,0,38,24,0,0,0,0,0,0,0,0,0,0,0,0,0
l4,6=96,90,56,92,0,90,62,85,36,71,0,78,83,50,15,0,53,0,56,54,0,0,0,0,0,0,0,0,0,0,51,42,0,0,0,0,0,0,0,0,0,0,0,0,0
l5,6=94,90,87,86,77,0,85,81,42,70,64,76,75,52,60,0,67,39,65,26,0,0,0,0,0,4,0,0,0,0,34,41,0,12,0,0,0,0,0,11,11,0,0,0,0
l6,6=94,90,87,79,76,90,0,88,38,90,67,72,84,49,53,0,64,46,57,53,37,11,0,0,6,31,2,0,0,0,35,0,0,0,0,0,0,0,0,0,0,0,0,0,0
l7,6=85,89,88,69,64,85,85,0,74,91,57,81,79,86,63,0,61,41,58,67,33,0,0,0,0,40,58,0,0,0,0,0,0,0,0,0,0,0,0,0,0,0,0,0,0
l8,6=89,83,90,74,70,87,76,89,0,91,53,82,83,85,65,0,57,34,34,70,0,28,21,34,36,38,65,30,0,0,0,1,0,0,0,0,0,0,0,0,0,0,0,0,0
l9,6=89,85,80,85,71,87,85,89,75,0,79,82,84,86,75,0,62,38,75,55,52,0,15,7,26,52,58,8,0,0,43,4,0,0,0,0,0,0,0,0,0,0,28,0,0
l10,6=37,24,5,59,22,79,74,65,59,80,0,79,84,81,75,0,73,74,71,71,68,33,34,31,41,64,76,18,0,0,50,54,0,0,0,0,0,0,0,0,3,32,41,20,0
l11,6=70,68,37,77,70,86,39,84,70,86,80,0,84,81,74,0,67,37,75,69,33,29,2,27,66,33,51,32,0,0,33,31,0,0,0,0,0,0,0,0,0,0,0,12,0
l12,6=60,83,82,0,71,70,79,84,71,86,85,82,0,86,74,0,67,67,76,71,63,0,0,25,70,56,72,17,0,0,53,46,0,0,0,0,0,0,0,0,0,0,35,31,0
l13,6=89,84,79,66,61,87,48,88,74,91,86,82,84,0,75,0,67,48,76,71,53,21,0,26,27,38,57,37,0,0,40,39,0,0,0,0,0,0,0,0,0,0,0,13,0
l14,6=4,0,17,51,32,37,34,50,59,62,83,43,80,48,0,0,70,78,79,76,77,39,45,28,39,42,0,20,0,0,63,57,0,5,0,0,0,0,18,0,13,0,0,37,32
l15,6=3,4,20,61,43,49,44,62,60,61,84,44,73,47,62,0,0,75,73,71,70,52,44,34,41,21,75,35,0,0,52,62,0,0,0,0,0,0,11,0,29,1,43,41,0
l16,6=0,0,40,53,0,6,4,25,29,26,38,19,34,21,59,0,64,0,73,75,74,8,0,9,41,49,71,24,0,0,78,81,6,0,0,5,0,0,20,0,54,47,40,8,6
l17,6=0,13,11,40,46,36,33,41,27,61,39,74,75,45,80,0,65,75,0,71,71,48,41,34,39,61,73,23,0,0,63,65,0,0,0,0,0,0,0,0,0,7,49,41,29
l18,6=11,11,19,0,24,4,24,55,48,13,27,44,64,53,71,0,55,76,65,0,72,47,44,55,74,73,77,53,0,0,30,52,38,22,0,4,7,11,35,24,42,38,53,72,33
l19,6=28,22,17,0,0,0,30,36,0,39,64,30,64,28,71,0,65,78,74,82,0,44,43,34,74,68,64,46,0,0,54,63,0,42,0,0,0,0,32,22,36,33,0,57,22
l20,6=0,0,0,0,0,0,4,0,24,0,22,27,0,10,25,0,48,19,47,63,46,0,79,78,79,79,80,69,0,0,6,3,61,45,0,23,46,0,62,18,16,17,61,29,46
l21,6=0,0,0,0,0,0,0,0,33,15,20,18,0,0,46,0,47,0,27,57,34,70,0,63,65,73,73,71,0,0,0,0,29,25,0,0,0,0,19,1,0,0,49,0,33
l22,6=0,0,0,0,0,0,0,0,23,0,21,24,15,20,21,0,42,24,45,59,25,63,39,0,79,79,87,70,0,0,0,14,0,62,0,16,62,18,41,0,20,24,64,45,53
l23,6=0,0,0,0,0,0,0,0,22,15,41,39,48,24,49,0,45,55,43,66,58,56,45,79,0,81,88,60,0,0,25,29,17,29,0,47,19,0,37,18,23,21,68,66,31
l24,6=0,0,14,0,0,5,7,52,44,18,53,15,39,39,31,0,11,24,57,69,54,52,54,81,79,0,88,60,0,0,16,22,0,27,0,38,15,0,17,0,15,16,64,60,65
l25,6=0,0,0,0,0,0,0,26,29,17,46,23,47,19,0,0,47,50,42,66,23,49,25,81,79,82,0,55,0,0,0,0,35,33,0,26,22,21,19,18,28,18,63,75,22
l26,6=0,0,0,0,0,0,0,0,25,5,12,23,17,19,27,0,39,20,37,70,46,70,69,81,79,77,81,0,0,0,11,0,40,47,0,51,54,21,57,17,19,16,67,4,22
l27,6=0,0,0,43,36,5,3,0,0,22,14,17,30,15,51,0,35,82,42,20,46,1,0,0,7,15,0,6,0,0,0,79,26,39,0,9,15,25,37,18,60,53,28,0,0
l28,6=0,0,0,45,44,34,0,0,11,0,25,31,52,27,36,0,51,83,56,64,62,7,0,21,34,30,0,0,0,0,85,0,63,63,0,18,37,44,34,31,73,61,44,0,0
l29,6=0,0,0,0,0,0,0,0,0,0,0,0,0,0,0,0,0,24,0,50,0,48,40,0,58,0,73,55,0,0,46,60,0,83,0,84,77,72,81,64,58,52,0,29,0
l30,6=0,0,0,0,0,6,0,0,0,0,0,0,0,0,31,0,14,0,0,33,17,42,40,65,69,52,64,38,0,0,58,60,77,0,0,78,73,70,81,58,66,56,14,0,10
l31,6=0,0,0,0,0,0,0,0,0,0,0,0,0,0,0,0,0,45,0,34,0,40,0,57,72,62,67,50,0,0,53,51,77,82,0,0,84,83,75,60,60,53,0,0,0
l32,6=0,0,0,0,0,0,0,0,0,0,0,0,0,0,0,0,0,0,0,12,0,47,0,70,63,63,68,57,0,0,57,59,77,82,0,84,0,74,70,60,58,53,31,0,0
l33,6=0,0,0,0,0,0,0,0,0,0,0,0,0,0,0,0,0,0,0,0,0,0,0,55,0,0,65,45,0,0,52,57,76,77,0,84,72,0,71,47,58,53,0,0,0
l34,6=0,0,0,0,0,0,0,0,0,0,0,0,0,0,29,0,34,62,0,63,42,43,35,60,69,59,56,52,0,0,60,60,77,82,0,76,69,63,0,72,64,61,38,30,0
l35,6=0,0,0,0,0,16,0,0,0,0,0,0,0,0,0,0,7,0,0,37,39,38,0,0,39,0,53,26,0,0,59,60,77,78,0,70,61,47,82,0,79,65,9,0,0
l36,6=0,3,0,0,0,17,0,0,0,0,0,0,0,0,40,0,51,72,0,35,34,27,0,33,37,48,55,27,0,0,79,69,71,83,0,48,66,52,82,78,0,63,0,20,0
l37,6=0,0,0,0,0,0,0,0,0,0,24,0,0,0,0,0,16,57,11,35,31,37,0,34,51,57,55,27,0,0,67,64,77,82,0,71,59,59,82,82,73,0,19,10,0
l38,6=0,0,0,0,0,0,0,0,0,1,9,0,12,0,0,0,16,22,23,28,0,14,16,32,65,49,47,28,0,0,8,24,0,0,0,0,8,0,8,0,0,0,0,78,75
l39,6=0,0,0,0,0,0,0,0,0,0,12,10,17,1,46,0,40,22,44,72,40,12,0,30,66,50,83,0,0,0,0,0,10,0,0,0,0,0,9,0,2,0,81,0,75
l40,6=0,0,0,0,0,0,0,0,0,0,0,0,0,0,36,0,0,24,20,40,6,13,16,40,33,66,39,11,0,0,0,0,0,20,0,0,0,0,0,0,0,0,79,78,0
l41,6=0,0,0,0,0,0,0,0,7,0,0,14,54,10,64,0,46,48,61,68,54,44,17,67,74,73,83,7,0,0,1,26,15,0,0,0,0,0,9,0,11,10,77,77,70
l42,6=0,0,0,0,0,0,0,0,0,0,14,0,0,0,26,0,5,24,26,68,28,8,7,64,70,74,83,54,0,0,0,0,18,14,0,13,13,11,17,1,21,0,81,76,54
l43,6=0,0,0,0,0,0,0,0,0,0,14,0,9,0,21,0,0,0,21,28,27,16,16,50,33,72,69,33,0,0,0,0,17,20,0,15,0,9,14,0,0,0,71,63,72
l44,6=0,0,0,0,0,0,0,0,0,0,0,0,0,0,0,0,16,22,23,29,5,13,20,64,74,77,83,48,0,0,0,0,0,0,0,0,0,0,0,0,0,11,79,74,73

l0,7=0,98,94,92,97,95,96,84,88,89,58,81,92,92,63,0,49,57,1,19,0,0,0,0,0,0,0,0,0,0,4,29,0,0,0,0,0,0,0,0,1,32,0,0,0
l1,7=94,0,94,92,97,95,96,85,84,94,63,81,95,92,0,0,53,2,63,22,0,0,0,0,0,0,0,0,0,0,36,0,0,0,0,0,0,0,0,0,0,0,0,0,0
l2,7=88,98,0,92,97,95,96,86,89,88,56,81,95,90,80,0,43,53,67,25,24,10,0,0,0,0,0,0,0,0,58,0,0,0,0,0,0,0,0,0,0,0,0,0,0
l3,7=93,98,94,0,97,94,95,84,80,93,37,41,92,90,67,0,45,43,63,0,0,0,0,0,0,0,0,0,0,0,51,24,0,0,0,0,0,0,0,0,20,0,0,0,0
l4,7=66,98,50,93,0,95,94,82,88,90,71,81,90,87,0,0,47,11,0,38,0,0,0,0,0,0,0,0,0,0,71,29,0,0,0,0,0,0,0,0,0,0,0,0,0
l5,7=94,98,94,70,97,0,96,84,89,89,84,82,88,88,48,0,52,53,73,22,20,0,0,0,0,0,0,0,0,0,70,0,0,0,0,0,0,0,0,0,0,0,0,0,0
l6,7=94,98,94,92,97,95,0,88,89,96,89,38,95,92,79,0,44,54,74,14,18,0,0,1,0,55,21,0,0,0,31,15,0,0,0,0,0,0,0,0,0,0,0,0,0
l7,7=78,93,93,84,82,88,95,0,89,96,79,82,88,92,87,0,76,51,28,76,56,47,17,0,68,63,54,47,0,0,0,0,0,0,0,0,0,0,0,0,0,0,0,0,0
l8,7=72,89,91,61,87,89,90,88,0,95,77,84,91,88,77,0,75,23,73,70,60,66,45,49,50,48,56,25,0,0,17,10,0,0,0,0,0,0,0,0,0,0,0,1,0
l9,7=77,96,82,87,85,82,96,88,89,0,80,82,95,92,83,0,47,19,81,32,41,46,0,35,0,62,60,2,0,0,35,14,0,0,0,0,0,0,0,0,0,0,0,17,0
l10,7=63,30,25,16,76,71,48,48,77,85,0,44,91,88,90,0,82,56,86,25,27,44,35,56,74,70,73,0,0,0,43,25,0,0,0,0,0,0,0,0,1,0,50,45,0
l11,7=88,55,91,33,92,89,29,86,85,92,85,0,94,88,89,0,66,37,86,49,0,27,0,44,68,9,56,52,0,0,0,6,0,0,0,0,0,0,0,0,0,0,0,33,0
l12,7=83,90,90,59,82,71,52,75,85,92,86,84,0,92,89,0,82,27,86,35,25,0,31,38,77,76,77,37,0,0,15,15,0,0,0,0,0,0,0,0,10,0,24,25,0
l13,7=88,90,91,84,87,88,91,86,85,92,86,84,95,0,89,0,5,54,86,78,69,3,44,53,70,62,0,21,0,0,29,11,0,0,0,0,0,0,0,0,7,0,0,0,0
l14,7=36,0,2,3,0,4,9,25,53,63,77,32,55,84,0,0,84,81,88,80,44,51,7,53,64,48,65,57,0,0,53,27,0,0,0,0,0,0,11,0,19,0,53,50,3
l15,7=59,9,2,8,14,49,9,27,77,71,90,32,56,3,93,0,0,61,81,26,27,57,50,50,69,42,68,27,0,0,0,25,0,12,0,0,0,0,0,3,13,0,39,0,0
l16,7=51,0,12,7,22,37,17,17,14,2,42,20,28,50,92,0,52,0,77,51,45,29,0,44,75,66,66,1,0,0,63,78,0,12,0,0,3,0,26,23,52,0,30,48,9
l17,7=0,1,3,14,0,26,8,4,40,73,70,46,54,83,94,0,55,64,0,25,27,46,6,48,43,78,48,57,0,0,56,23,0,0,0,0,0,0,1,1,0,10,49,47,3
l18,7=39,18,13,0,22,11,3,54,37,50,39,44,37,53,88,0,63,79,67,0,73,74,47,0,74,74,73,71,0,0,66,55,2,16,0,0,0,0,50,17,58,27,57,70,0
l19,7=0,0,3,0,0,34,4,19,40,60,48,0,38,53,82,0,77,83,80,77,0,51,46,65,81,74,69,62,0,0,40,15,0,44,0,0,0,2,42,26,38,0,61,33,17
l20,7=0,0,0,0,0,0,0,16,30,21,16,5,7,3,53,0,48,14,29,73,43,0,80,81,80,83,52,79,0,0,0,0,65,34,0,18,47,0,62,0,0,1,28,55,61
l21,7=0,0,0,0,0,0,0,24,51,0,34,0,57,46,11,0,54,0,7,62,48,85,0,72,80,77,69,79,0,0,0,0,15,0,0,0,0,0,35,1,0,0,53,0,58
l22,7=0,0,0,0,0,0,0,0,27,13,47,26,13,25,48,0,48,17,59,0,60,83,54,0,82,83,79,78,0,0,1,0,37,70,0,64,66,36,66,37,25,60,69,61,32
l23,7=0,0,0,0,0,0,0,17,19,0,24,12,54,23,58,0,47,56,52,67,65,74,60,81,0,86,80,78,0,0,0,5,22,58,0,57,0,0,31,13,39,29,71,70,64
l24,7=0,0,0,0,0,0,8,34,22,30,32,5,50,33,56,0,29,31,67,66,64,76,47,81,82,0,80,77,0,0,13,0,0,31,0,30,20,1,15,47,18,29,70,63,62
l25,7=0,0,0,0,0,0,1,20,21,24,40,14,50,0,63,0,55,54,61,73,36,45,18,82,82,86,0,75,0,0,0,3,49,62,0,30,41,24,22,24,59,29,64,78,66
l26,7=0,0,0,0,0,0,0,31,18,2,0,19,11,17,36,0,23,11,42,66,36,83,67,82,80,84,76,0,0,0,10,0,46,58,0,37,73,36,68,32,23,28,70,35,35
l27,7=0,2,17,11,47,25,3,0,10,30,28,0,25,41,76,0,0,64,68,26,29,0,0,0,0,45,0,3,0,0,0,78,0,61,0,43,58,15,32,31,57,79,1,0,0
l28,7=65,0,0,9,32,0,5,0,19,57,42,17,33,40,74,0,13,85,24,23,22,0,0,2,63,0,28,0,0,0,95,0,3,64,0,59,57,23,19,63,65,62,0,0,0
l29,7=0,0,0,0,0,0,0,0,0,0,0,0,0,0,0,0,0,0,0,32,0,65,11,58,68,0,68,61,0,0,0,40,0,78,0,84,85,73,81,81,75,69,5,8,0
l30,7=0,0,0,0,0,0,0,0,0,0,0,0,0,0,0,0,4,5,0,8,13,51,0,63,69,50,69,36,0,0,70,57,83,0,0,77,80,66,79,75,83,74,0,0,0
l31,7=0,0,0,0,0,0,0,0,0,0,0,0,0,0,0,0,0,0,0,3,0,24,0,68,72,77,70,71,0,0,30,35,83,77,0,0,86,87,77,72,78,65,0,0,0
l32,7=0,0,0,0,0,0,0,0,0,0,0,0,0,0,0,0,0,3,0,0,0,71,0,66,9,73,69,65,0,0,68,57,83,77,0,84,0,86,73,72,69,64,0,0,0
l33,7=0,0,0,0,0,0,0,0,0,0,0,0,0,0,0,0,0,0,0,0,0,0,0,62,0,0,70,69,0,0,46,56,77,73,0,84,86,0,70,72,70,65,21,0,0
l34,7=0,0,0,0,0,0,0,0,0,0,0,0,0,0,19,0,0,13,0,54,12,67,21,63,69,15,45,71,0,0,69,8,83,78,0,80,76,71,0,79,84,73,21,15,0
l35,7=0,0,0,0,0,0,0,0,0,0,0,0,0,0,0,0,4,7,0,16,12,0,0,28,34,51,26,17,0,0,48,58,83,63,0,63,77,41,82,0,90,83,14,0,0
l36,7=0,0,0,1,0,0,0,0,0,0,0,0,18,12,64,0,12,29,0,57,26,0,0,62,69,50,44,23,0,0,53,35,39,78,0,79,77,26,82,81,0,74,2,0,0
l37,7=21,0,0,0,0,3,0,0,0,0,1,0,0,0,0,0,0,0,10,15,5,2,0,60,68,48,43,18,0,0,51,34,63,77,0,64,72,26,82,83,87,0,13,0,0
l38,7=0,0,0,0,0,0,0,0,0,0,15,0,6,0,10,0,5,14,9,37,22,21,15,54,66,74,40,56,0,0,4,0,0,0,0,0,0,12,18,4,0,1,0,75,78
l39,7=0,0,0,0,0,0,0,0,0,15,16,7,6,0,42,0,0,34,49,68,6,29,0,32,77,62,80,18,0,0,0,0,1,0,0,0,0,0,19,0,5,0,84,0,80
l40,7=0,0,0,0,0,0,0,0,0,0,0,0,0,0,20,0,0,19,10,0,16,27,15,17,49,54,65,15,0,0,0,0,0,6,0,0,0,0,0,0,0,0,81,74,0
l41,7=0,0,0,0,0,0,0,8,23,0,19,2,56,0,64,0,52,32,63,57,68,57,12,21,82,79,72,41,0,0,12,31,6,0,0,0,0,0,13,0,2,20,71,78,71
l42,7=0,0,0,0,0,0,0,0,0,0,0,0,0,0,49,0,18,16,14,50,39,60,20,23,63,83,77,63,0,0,0,0,14,31,0,0,14,3,19,0,0,0,80,76,60
l43,7=0,0,0,0,0,0,0,0,0,0,1,0,12,0,12,0,10,15,11,20,20,35,18,24,48,76,76,28,0,0,0,0,15,0,0,14,2,0,25,13,12,0,80,73,75
l44,7=0,0,0,0,0,0,0,0,0,0,0,0,2,0,25,0,15,19,15,20,18,45,24,62,80,83,70,62,0,0,0,0,5,23,0,0,0,0,0,0,0,7,81,76,70

l0,8=0,97,83,99,99,100,95,99,97,61,77,97,97,95,47,0,66,82,52,0,0,0,0,0,0,0,0,0,0,0,95,0,0,0,0,0,0,0,0,0,0,0,0,0,0
l1,8=100,0,95,99,99,100,84,2,97,98,93,97,97,88,61,0,64,78,71,90,0,0,0,0,8,0,0,0,0,0,93,0,0,0,0,0,0,0,0,0,3,0,0,0,0
l2,8=100,98,0,99,99,100,94,99,98,99,80,97,92,95,0,0,63,82,80,46,87,6,0,0,0,0,0,0,0,0,84,0,0,0,0,0,0,0,0,0,0,0,0,65,0
l3,8=100,98,85,0,99,100,95,99,97,61,93,96,97,98,11,0,98,88,84,47,0,0,0,0,0,0,0,0,0,0,100,66,0,0,0,0,0,0,0,0,0,0,0,0,0
l4,8=100,42,61,99,0,100,95,96,97,61,93,97,60,95,0,0,46,85,48,94,0,0,0,0,0,0,0,0,0,0,100,72,0,0,0,0,0,0,0,0,0,0,0,0,0
l5,8=100,98,83,99,99,0,95,99,98,61,92,97,97,98,47,0,64,80,59,85,85,0,0,0,0,0,0,0,0,0,93,83,0,0,0,0,0,0,0,0,0,0,0,0,0
l6,8=100,59,95,99,99,100,0,99,98,100,92,97,97,95,74,0,63,78,82,0,93,0,0,0,0,43,0,5,0,0,83,0,0,0,0,0,0,0,0,0,0,0,0,0,0
l7,8=100,55,83,99,95,100,94,0,98,100,96,97,97,98,93,0,100,95,86,95,90,61,0,70,81,83,74,0,0,0,6,0,0,0,0,0,0,0,0,0,0,0,0,0,0
l8,8=93,55,91,68,95,100,91,99,0,100,92,97,97,98,92,0,96,57,82,95,93,77,2,79,74,0,41,86,0,0,67,18,0,0,0,0,0,0,0,0,0,0,0,0,0
l9,8=93,98,94,94,95,99,95,99,98,0,97,97,97,98,91,0,100,79,35,92,93,70,0,78,54,49,57,0,0,0,74,72,0,0,0,0,0,0,0,0,0,0,0,77,0
l10,8=75,77,46,55,94,93,75,62,75,91,0,60,97,93,96,0,100,77,93,93,93,74,44,90,63,48,59,0,0,0,0,85,0,0,0,0,0,0,0,0,0,0,0,88,0
l11,8=93,92,88,54,94,98,87,99,98,97,91,0,97,98,93,0,96,73,93,82,28,28,0,75,59,34,52,75,0,0,35,0,0,0,0,0,0,0,0,0,0,0,31,0,28
l12,8=93,82,57,56,93,96,76,90,98,100,99,97,0,98,93,0,100,82,93,93,93,29,57,6,62,50,57,51,0,0,77,49,0,0,0,0,0,0,0,0,0,0,48,0,0
l13,8=93,91,89,94,94,96,91,99,96,100,96,97,97,0,93,0,96,81,93,90,86,77,69,81,62,46,0,78,0,0,8,74,0,0,0,0,0,0,0,0,32,0,0,0,0
l14,8=44,39,0,0,0,57,73,62,34,69,99,65,65,85,0,0,63,87,97,100,100,49,39,82,70,58,57,52,0,0,74,87,0,0,0,0,0,0,7,9,5,29,50,84,39
l15,8=90,56,31,19,54,96,75,63,61,98,99,97,97,91,96,0,0,100,97,96,94,84,0,81,66,56,56,70,0,0,39,85,0,48,0,0,0,0,16,28,29,0,26,82,7
l16,8=75,22,0,10,80,54,44,39,13,60,87,32,45,39,58,0,63,0,97,100,100,39,0,0,50,58,48,0,0,0,100,100,38,0,0,0,6,10,55,66,62,51,40,74,32
l17,8=23,29,8,0,45,58,64,34,35,0,99,65,65,85,96,0,63,88,0,95,100,51,57,81,62,53,55,61,0,0,85,42,0,0,0,0,0,0,0,23,0,19,50,85,28
l18,8=0,28,0,0,66,44,0,57,51,71,79,43,86,56,96,0,86,100,86,0,99,91,84,92,94,89,94,95,0,0,88,63,50,48,0,0,12,0,79,57,29,44,84,88,55
l19,8=0,0,16,0,0,66,59,53,44,80,90,31,81,66,96,0,98,100,97,99,0,83,14,93,93,74,75,89,0,0,84,67,0,62,0,0,0,0,38,56,54,38,70,92,41
l20,8=0,0,0,0,0,0,0,49,61,46,72,23,31,61,73,0,74,31,68,96,63,0,95,94,91,91,76,95,0,0,0,0,69,60,0,0,40,0,62,56,22,34,67,82,70
l21,8=0,0,0,0,0,0,0,0,9,0,55,10,70,58,67,0,0,0,62,91,1,92,0,92,92,91,71,94,0,0,0,0,52,53,0,0,54,0,53,0,0,0,72,81,63
l22,8=0,0,0,0,0,0,0,21,25,32,61,29,8,40,66,0,45,0,27,91,62,89,66,0,94,90,92,94,0,0,0,0,29,64,0,56,32,36,71,25,15,45,70,88,62
l23,8=0,0,0,0,0,0,0,34,11,15,57,38,48,47,73,0,72,51,68,91,74,89,68,94,0,96,96,93,0,0,36,0,64,62,0,54,24,23,56,30,54,23,74,91,81
l24,8=0,0,0,0,0,0,22,64,0,53,39,24,66,49,78,0,67,67,81,91,59,89,60,92,94,0,96,91,0,0,35,18,47,0,0,20,36,23,37,39,59,18,83,66,19
l25,8=0,0,0,0,0,0,0,38,13,56,61,49,65,0,67,0,65,64,61,87,59,66,35,95,94,96,0,71,0,0,0,21,57,65,0,14,52,55,48,5,45,25,81,92,67
l26,8=0,0,0,0,0,0,4,4,31,0,0,33,28,26,29,0,63,0,62,91,61,92,79,94,92,90,85,0,0,0,0,0,39,75,0,24,77,31,76,25,0,27,83,87,51
l27,8=75,31,0,13,90,83,50,18,19,63,0,26,39,3,58,0,16,100,92,100,98,0,0,0,40,1,0,0,0,0,0,100,76,98,0,53,31,56,100,91,63,58,42,0,17
l28,8=0,0,0,20,82,61,0,0,11,45,92,0,57,50,54,0,56,100,75,97,88,0,0,0,12,3,8,0,0,0,100,0,93,97,0,6,56,26,97,91,76,39,11,54,0
l29,8=0,0,0,0,0,0,0,0,0,0,0,0,0,0,0,0,0,44,0,68,0,87,42,71,90,82,85,89,0,0,50,82,0,99,0,99,100,90,99,99,88,84,65,71,0
l30,8=0,0,0,0,30,0,0,0,0,0,0,0,0,0,0,0,18,0,0,71,65,82,43,87,85,0,88,85,0,0,86,80,99,0,0,90,91,88,96,91,98,84,23,0,0
l31,8=0,0,0,0,0,0,0,0,0,0,0,0,0,0,0,0,0,16,0,40,0,3,0,93,86,18,30,59,0,0,80,29,99,96,0,0,100,100,100,89,88,84,20,8,0
l32,8=0,0,0,0,0,0,0,0,0,0,0,0,0,0,0,0,0,30,0,56,0,75,54,80,72,72,81,93,0,0,71,86,99,96,0,99,0,100,100,86,88,83,31,0,0
l33,8=0,0,0,0,0,0,0,0,0,0,0,0,0,0,0,0,0,56,0,0,0,0,0,92,69,43,87,89,0,0,86,41,95,98,0,99,100,0,97,91,89,65,0,0,0
l34,8=0,0,0,0,0,0,0,0,0,0,0,0,0,0,0,0,10,66,0,91,66,83,71,95,84,20,35,93,0,0,89,61,95,97,0,91,93,85,0,93,100,98,40,68,0
l35,8=0,0,0,0,0,0,0,0,0,0,0,0,0,0,1,0,13,88,68,94,88,89,0,92,60,20,13,54,0,0,56,64,99,99,0,57,56,95,100,0,100,98,17,0,2
l36,8=0,0,0,0,0,0,0,0,0,0,0,0,0,35,0,0,15,89,0,94,83,46,0,58,75,54,47,0,0,0,56,64,94,99,0,58,57,67,100,99,0,97,14,0,0
l37,8=0,0,0,0,0,0,0,0,0,0,0,0,0,0,2,0,1,75,62,97,77,79,0,91,57,9,23,51,0,0,55,61,94,97,0,58,57,54,100,99,100,0,1,67,0
l38,8=0,0,0,0,0,0,0,0,0,0,0,9,27,0,48,0,26,39,51,59,41,49,44,62,71,72,77,72,0,0,14,1,44,16,0,1,6,2,21,5,3,0,0,92,85
l39,8=0,0,0,0,0,0,0,0,0,25,44,0,0,0,24,0,24,17,57,57,45,48,19,65,91,20,95,60,0,0,0,3,20,0,0,0,0,0,15,0,0,1,89,0,85
l40,8=0,0,0,0,0,0,0,0,0,0,0,8,0,0,48,0,1,28,24,50,19,53,26,51,80,17,59,52,0,0,1,0,0,0,0,0,0,0,0,0,0,0,88,91,0
l41,8=0,0,0,0,0,23,9,10,15,0,14,15,58,27,81,0,74,37,81,91,75,63,31,92,92,95,94,64,0,0,34,59,22,0,0,0,0,0,23,0,0,19,88,92,84
l42,8=0,0,0,0,0,0,0,0,0,0,0,0,0,0,57,0,55,0,30,66,44,70,27,66,88,94,93,67,0,0,0,0,25,25,0,0,0,0,0,0,0,0,88,92,73
l43,8=0,0,0,0,0,0,0,0,0,0,2,0,0,0,27,0,0,24,24,55,19,33,30,68,69,62,82,35,0,0,0,0,24,14,0,1,24,0,13,15,0,0,86,83,83
l44,8=0,0,0,0,0,0,0,0,0,0,0,0,8,5,56,0,22,0,31,65,19,30,54,71,93,70,58,62,0,0,0,0,23,27,0,5,0,0,0,0,0,0,86,91,61

l0,9=0,93,100,100,99,98,99,99,96,95,86,98,99,92,45,0,90,0,0,0,0,0,0,0,2,0,0,0,0,0,2,0,0,0,0,0,0,0,0,0,0,0,0,0,0
l1,9=100,0,100,100,99,95,99,96,96,93,97,98,99,95,36,0,88,94,0,0,50,0,0,0,0,50,0,0,0,0,90,50,0,0,0,0,0,0,0,0,0,0,0,0,0
l2,9=100,89,0,100,99,96,99,100,96,93,96,98,99,95,43,0,87,86,96,96,0,0,0,0,30,1,0,0,0,0,73,94,0,0,0,0,0,0,0,0,0,0,0,0,0
l3,9=100,99,100,0,99,98,99,99,93,95,95,80,99,96,11,0,87,87,77,84,0,0,0,0,0,0,0,0,0,0,84,95,0,0,0,0,0,0,0,0,0,0,0,0,0
l4,9=100,96,100,100,0,98,99,75,96,31,93,98,83,95,36,0,92,75,0,92,0,0,0,0,0,0,0,0,0,0,94,96,0,0,0,0,0,0,0,0,0,0,0,0,0
l5,9=100,96,100,100,99,0,99,96,96,34,94,98,60,99,36,0,92,96,0,79,64,0,0,0,0,37,0,0,0,0,30,33,0,0,0,0,0,0,0,5,69,0,0,0,0
l6,9=100,89,100,100,99,95,0,100,95,93,97,98,99,95,40,0,87,96,96,76,63,1,0,0,0,0,0,0,0,0,65,92,0,0,0,0,0,0,0,0,0,0,0,0,0
l7,9=100,96,100,100,99,98,99,0,96,97,97,98,99,99,50,0,96,96,0,100,67,99,0,0,55,86,77,82,0,0,0,0,0,0,0,0,0,0,0,0,0,0,0,0,0
l8,9=100,89,100,79,99,95,99,100,0,92,97,98,99,95,82,0,94,97,94,100,63,33,0,88,44,77,85,83,0,0,12,0,0,0,0,0,0,0,0,0,0,0,0,52,0
l9,9=100,93,100,99,93,95,99,98,95,0,96,98,99,99,84,0,99,80,94,99,89,47,0,72,52,63,77,62,0,0,75,54,0,0,0,0,0,0,0,0,0,0,0,0,0
l10,9=84,94,93,35,35,71,99,98,96,66,0,98,99,99,95,0,99,98,96,100,72,31,26,90,85,85,98,0,0,0,89,98,0,0,0,0,0,0,0,0,65,19,28,94,79
l11,9=100,89,100,20,62,98,99,99,96,97,99,0,99,99,67,0,99,90,96,100,57,0,0,80,79,59,62,90,0,0,0,0,0,0,0,0,0,0,0,0,0,0,17,28,29
l12,9=89,91,95,38,35,64,99,92,37,97,100,98,0,99,61,0,100,99,96,100,59,31,31,0,35,78,89,45,0,0,63,30,0,0,0,0,0,0,0,0,0,0,20,28,0
l13,9=84,89,100,100,99,95,99,99,96,97,97,98,99,0,84,0,96,96,96,100,75,40,0,85,91,92,90,58,0,0,79,88,0,0,0,0,0,0,0,0,59,0,0,0,0
l14,9=2,63,80,0,0,19,47,37,37,36,100,82,60,63,0,0,100,100,96,100,79,32,10,82,98,61,56,59,0,0,77,92,0,0,0,0,0,0,5,30,66,26,32,34,86
l15,9=31,89,86,19,3,54,92,62,37,61,100,98,99,63,62,0,0,99,96,100,67,33,28,84,95,95,49,57,0,0,0,99,0,2,0,0,0,0,20,8,56,27,26,31,0
l16,9=0,61,39,13,0,39,69,57,37,30,99,75,60,15,59,0,100,0,96,100,86,0,0,32,55,95,41,0,0,0,99,99,11,0,0,0,1,1,24,36,77,39,11,76,29
l17,9=0,0,87,1,0,0,56,0,37,30,99,82,59,63,95,0,100,100,0,100,98,33,29,53,94,97,61,59,0,0,77,90,0,0,0,0,0,0,0,51,39,20,28,60,55
l18,9=0,0,85,15,5,16,32,74,54,34,94,96,86,32,94,0,99,98,94,0,98,44,57,97,97,95,95,98,0,0,96,97,16,5,0,1,33,12,45,17,89,62,9,94,94
l19,9=0,41,0,0,0,31,69,58,37,36,99,75,59,59,95,0,98,100,96,99,0,35,5,93,97,95,95,98,0,0,97,98,0,0,0,0,0,0,37,41,74,37,29,94,45
l20,9=0,0,0,0,0,0,0,90,69,68,66,0,88,83,77,0,95,0,82,98,77,0,99,97,97,95,95,98,0,0,0,0,85,84,0,12,80,0,97,78,0,78,80,91,46
l21,9=0,0,0,0,0,0,0,12,0,0,77,12,96,0,82,0,94,0,94,98,7,100,0,97,97,95,95,98,0,0,0,0,0,93,0,0,83,0,92,0,0,0,82,94,90
l22,9=0,0,0,0,0,0,0,0,65,31,71,81,16,78,73,0,79,78,74,97,95,98,72,0,97,95,95,99,0,0,0,0,79,79,0,74,79,76,87,79,70,76,83,94,82
l23,9=0,0,0,0,0,0,0,49,24,22,63,65,19,47,92,0,97,80,90,98,94,96,84,98,0,97,98,98,0,0,74,69,50,54,0,43,42,46,90,77,53,36,93,95,94
l24,9=0,64,0,0,0,56,3,87,69,40,65,79,71,79,84,0,92,98,94,98,97,98,96,97,98,0,98,97,0,0,56,0,82,0,0,54,80,76,75,80,81,45,93,94,81
l25,9=0,0,0,0,0,0,0,39,46,20,80,80,86,48,85,0,75,70,88,91,95,90,32,98,98,97,0,98,0,0,9,72,89,88,0,26,93,47,89,72,73,19,93,95,94
l26,9=0,0,0,0,0,0,0,48,62,21,0,87,60,29,90,0,87,0,93,98,93,98,98,98,97,95,95,0,0,0,0,0,89,97,0,55,99,0,97,87,0,90,93,94,89
l27,9=0,75,27,26,30,17,58,0,3,32,91,0,28,14,56,0,0,100,96,100,74,0,0,0,31,29,16,0,0,0,0,100,0,35,0,11,56,60,55,100,43,40,0,0,1
l28,9=0,28,94,38,11,20,69,0,0,9,99,0,11,15,54,0,100,100,96,100,78,0,0,0,29,0,53,0,0,0,99,0,17,1,0,1,60,0,53,37,80,41,0,43,0
l29,9=0,0,0,0,0,0,0,0,0,0,0,0,0,0,0,0,0,83,0,82,0,87,0,49,89,78,93,92,0,0,0,91,0,100,0,99,100,99,100,100,93,99,51,61,0
l30,9=0,0,0,0,0,0,0,0,0,0,0,0,0,0,9,0,60,80,0,79,22,81,23,56,54,0,55,97,0,0,90,81,100,0,0,99,100,99,100,100,94,99,26,0,29
l31,9=0,0,0,0,0,0,0,0,0,0,0,0,0,0,0,0,0,0,0,76,0,22,0,86,89,62,73,79,0,0,83,71,100,100,0,0,100,99,99,85,93,81,0,0,0
l32,9=0,0,0,0,0,0,0,0,0,0,0,0,0,0,0,0,0,60,0,81,0,88,6,60,43,77,96,99,0,0,93,94,100,100,0,99,0,99,100,58,92,100,26,0,29
l33,9=0,0,0,0,0,0,0,0,0,0,0,0,0,0,0,0,0,0,0,0,0,0,0,26,29,34,48,0,0,0,88,0,100,100,0,99,100,0,100,100,88,98,0,0,0
l34,9=0,0,0,0,0,0,0,0,0,0,0,0,0,0,21,0,70,80,0,84,58,99,23,99,57,44,96,100,0,0,85,99,100,100,0,99,100,99,0,100,94,100,0,2,0
l35,9=0,0,0,0,0,25,0,0,0,0,0,0,0,0,36,0,36,97,76,66,77,86,0,34,32,49,50,61,0,0,99,99,100,100,0,33,96,99,100,0,94,100,0,0,0
l36,9=0,0,0,0,0,33,0,0,0,0,77,0,0,10,43,0,85,100,75,100,92,0,0,29,32,49,53,0,0,0,86,100,52,100,0,35,96,99,100,100,0,100,0,0,0
l37,9=0,0,0,0,0,0,0,0,0,0,71,0,0,0,46,0,86,96,79,99,73,27,0,33,32,42,35,64,0,0,99,99,52,38,0,1,100,98,100,100,94,0,0,0,0
l38,9=0,0,0,0,0,0,0,0,0,0,46,25,25,0,84,0,36,26,42,36,34,73,21,93,97,95,95,98,0,0,0,0,25,22,0,0,14,0,0,0,0,0,0,95,94
l39,9=0,0,0,0,0,0,0,0,5,0,77,50,33,0,48,0,48,80,84,90,85,28,21,93,97,91,95,90,0,0,0,29,24,0,0,0,0,0,0,0,0,0,94,0,94
l40,9=0,0,0,0,0,0,0,0,0,0,23,20,0,0,49,0,0,20,45,89,39,2,15,87,90,79,82,84,0,0,0,0,0,17,0,0,13,0,0,0,0,0,93,94,0
l41,9=0,0,0,0,0,0,0,1,17,0,0,57,42,35,93,0,97,93,93,98,39,49,22,95,97,95,95,73,0,0,58,78,0,0,0,11,14,0,36,53,0,0,93,94,94
l42,9=0,0,0,0,0,0,0,0,0,0,0,0,0,0,41,0,45,52,42,97,84,90,70,93,97,95,94,98,0,0,0,0,33,0,0,0,0,0,65,0,0,0,93,94,94
l43,9=0,0,0,0,0,0,0,0,0,0,0,0,0,0,67,0,0,0,69,74,67,2,0,80,89,69,93,87,0,0,0,0,51,1,0,31,68,0,48,0,8,0,93,88,91
l44,9=0,0,0,0,0,0,0,0,0,0,0,0,25,41,81,0,43,70,40,98,63,24,59,97,97,95,95,88,0,0,0,0,0,32,0,19,0,0,30,0,0,2,94,94,93

l0,10=0,86,85,86,78,78,50,0,79,88,86,77,86,89,36,0,26,42,68,0,0,0,0,0,0,0,0,0,0,0,31,75,0,0,0,0,0,0,0,0,0,0,0,0,0
l1,10=87,0,85,86,79,78,83,0,81,82,77,75,80,84,69,0,52,67,40,0,15,0,0,0,0,56,3,0,0,0,46,55,0,0,0,0,0,0,0,0,12,0,0,0,0
l2,10=87,86,0,82,77,78,84,1,82,88,82,78,89,90,36,0,59,36,49,43,0,0,0,0,53,56,21,0,0,0,0,49,0,0,0,0,0,0,0,0,0,0,0,27,0
l3,10=86,86,84,0,79,78,54,2,77,87,80,78,81,89,30,0,43,12,43,0,0,0,0,0,0,0,0,0,0,0,65,68,0,0,0,0,0,0,0,0,0,0,0,0,0
l4,10=87,86,84,86,0,78,54,1,78,87,80,76,81,88,37,0,62,43,0,0,0,0,0,0,0,0,0,0,0,0,36,0,0,0,0,0,0,0,0,0,0,0,0,0,0
l5,10=87,86,85,86,78,0,83,0,83,87,80,87,81,90,28,0,47,42,42,27,0,0,0,0,0,0,0,0,0,0,38,56,0,0,0,0,0,0,4,0,42,0,0,0,0
l6,10=84,86,85,84,78,77,0,0,82,89,83,85,81,89,32,0,72,41,42,38,0,0,0,0,46,0,4,0,0,0,25,64,0,0,0,0,0,0,0,0,0,0,0,8,0
l7,10=85,86,85,84,76,77,84,0,82,89,88,86,89,90,70,0,81,69,43,64,37,75,0,44,48,85,54,37,0,0,0,54,0,0,0,0,0,0,0,0,0,0,0,13,0
l8,10=81,86,83,81,76,76,83,0,0,89,87,86,89,90,45,0,40,35,57,65,39,65,0,37,61,60,50,35,0,0,23,0,0,0,0,0,0,0,0,0,0,0,0,16,0
l9,10=84,84,82,81,77,74,83,0,79,0,86,87,89,90,88,0,80,76,86,43,36,72,0,45,70,67,41,27,0,0,8,56,0,0,0,0,0,0,0,0,0,0,0,0,0
l10,10=82,82,80,75,76,73,81,0,79,88,0,83,89,90,88,0,90,77,91,53,83,72,14,68,75,80,74,39,0,0,7,80,0,0,0,0,0,0,0,0,65,0,39,36,33
l11,10=47,61,77,79,43,76,83,0,79,89,86,0,89,90,88,0,80,44,87,67,46,46,0,49,58,67,47,34,0,0,27,57,0,0,0,0,0,0,0,0,0,0,0,5,0
l12,10=56,63,81,67,77,73,46,0,79,88,87,86,0,90,87,0,83,78,85,36,28,60,51,36,58,81,60,32,0,0,34,0,0,0,0,0,0,0,0,0,0,0,32,0,20
l13,10=84,75,82,81,76,75,82,0,79,89,86,87,89,0,81,0,79,29,88,48,52,0,61,54,40,59,49,31,0,0,0,56,0,0,0,0,0,0,0,0,0,0,0,0,0
l14,10=10,43,50,8,0,7,33,0,69,50,55,77,88,37,0,0,91,88,93,63,96,65,49,38,77,86,59,44,0,0,48,82,0,39,0,0,0,0,0,3,36,45,45,46,40
l15,10=1,30,72,22,46,40,78,0,56,52,89,79,89,64,89,0,0,51,93,77,85,72,35,46,79,81,60,47,0,0,44,81,0,21,0,0,0,11,0,3,50,36,14,21,0
l16,10=9,55,49,0,0,28,60,0,47,27,55,41,88,9,89,0,69,0,57,77,98,31,0,52,83,88,56,0,0,0,98,94,39,25,0,0,44,0,25,0,88,4,15,54,45
l17,10=43,20,78,61,0,43,37,1,76,85,87,83,88,90,89,0,92,82,0,86,97,0,50,47,77,81,73,69,0,0,78,65,0,0,0,0,0,0,0,0,0,60,17,46,56
l18,10=0,0,55,0,0,22,35,0,54,36,30,61,43,52,42,0,90,85,90,0,97,83,73,78,86,93,63,86,0,0,46,65,18,70,0,0,36,0,25,41,64,86,42,33,69
l19,10=0,6,0,0,0,0,0,0,58,30,51,67,53,61,89,0,65,94,93,91,0,86,0,86,86,93,72,54,0,0,52,84,0,34,0,0,0,0,33,45,77,80,28,57,70
l20,10=0,0,0,0,0,0,0,1,64,69,67,65,63,0,74,0,68,61,9,87,79,0,100,89,82,93,83,91,0,0,0,0,77,73,0,73,51,0,81,71,1,0,73,72,71
l21,10=0,0,0,0,0,0,0,0,0,0,46,0,74,73,76,0,78,0,76,90,0,93,0,91,87,96,87,91,0,0,0,0,0,85,0,19,0,0,2,0,0,0,82,85,77
l22,10=0,0,0,0,0,0,0,1,48,49,71,62,49,65,64,0,61,67,73,85,84,92,86,0,87,92,87,91,0,0,0,0,80,83,0,67,70,65,81,69,62,70,83,84,79
l23,10=0,0,50,0,0,0,2,8,59,61,62,62,53,15,76,0,80,77,79,89,87,80,82,89,0,96,90,91,0,0,64,55,76,80,0,76,59,60,78,81,69,73,88,93,87
l24,10=0,38,38,0,0,0,2,2,54,62,72,65,79,67,81,0,77,81,83,89,89,87,89,89,87,0,90,89,0,0,42,52,75,63,0,57,74,55,61,53,79,74,79,93,72
l25,10=0,0,0,0,0,0,0,2,58,32,70,62,63,65,73,0,59,69,77,75,88,83,65,90,87,96,0,91,0,0,35,0,86,72,0,70,76,66,78,72,65,57,88,93,88
l26,10=0,0,0,0,0,0,0,2,64,26,59,72,57,50,74,0,75,0,74,88,80,91,83,90,86,84,87,0,0,0,0,0,83,86,0,79,80,83,81,73,57,84,83,83,78
l27,10=15,40,0,31,6,34,36,0,30,0,3,34,47,0,52,0,65,94,55,75,92,0,0,0,64,38,34,0,0,0,0,94,38,67,0,74,40,46,54,54,94,83,4,0,0
l28,10=40,34,23,29,0,31,56,3,0,12,18,37,0,45,53,0,69,94,48,58,83,0,0,0,55,52,0,0,0,0,98,0,54,69,0,0,0,0,62,27,94,90,0,0,0
l29,10=0,0,0,0,0,0,0,0,0,0,0,0,0,0,0,0,0,61,0,19,0,70,0,77,74,72,78,73,0,0,40,77,0,95,0,94,91,94,92,93,92,93,68,58,0
l30,10=0,0,0,0,0,0,0,0,0,0,0,0,0,0,33,0,42,39,0,62,34,44,45,85,83,64,57,88,0,0,41,51,92,0,0,94,91,94,92,93,93,94,11,10,32
l31,10=0,0,0,0,0,0,0,0,0,0,0,0,0,0,0,0,0,0,0,0,0,78,13,75,79,68,76,77,0,0,83,0,92,95,0,0,91,94,92,92,93,94,0,0,4
l32,10=0,0,0,0,0,0,0,0,0,0,0,0,0,0,0,0,0,44,0,22,0,27,0,74,70,76,77,85,0,0,59,0,92,95,0,94,0,94,92,91,78,86,0,7,0
l33,10=0,0,0,0,0,0,0,0,0,0,0,0,0,0,0,0,1,0,0,0,0,0,0,65,73,36,76,78,0,0,81,0,92,95,0,94,91,0,92,93,86,89,0,0,0
l34,10=0,0,0,0,0,9,0,0,0,0,0,0,0,0,0,0,0,68,0,40,60,53,0,61,80,71,75,79,0,0,80,83,92,95,0,94,91,94,0,94,94,94,5,3,0
l35,10=0,0,0,0,0,0,0,0,0,0,0,0,0,0,14,0,43,14,10,67,82,52,0,56,81,65,61,46,0,0,92,55,92,95,0,88,91,94,92,0,94,94,0,5,0
l36,10=0,0,0,0,0,20,0,0,0,0,10,0,7,0,29,0,52,82,0,65,79,0,0,21,75,84,40,31,0,0,98,70,57,95,0,94,66,56,92,98,0,94,0,0,0
l37,10=0,0,0,0,0,0,0,0,0,0,0,0,0,0,39,0,49,27,42,84,85,0,0,51,76,74,44,50,0,0,52,67,58,95,0,92,86,59,92,98,94,0,0,0,0
l38,10=0,0,0,0,0,0,0,0,0,0,51,0,35,0,81,0,73,73,61,79,76,78,34,85,83,83,85,85,0,0,11,0,45,34,0,0,0,0,8,0,0,0,0,93,90
l39,10=0,0,6,0,0,0,0,0,10,0,52,34,0,0,78,0,79,77,80,71,82,73,55,82,86,93,87,83,0,0,0,0,52,27,0,0,8,0,0,0,50,0,90,0,90
l40,10=0,0,0,0,0,0,0,0,0,0,0,0,24,0,28,0,0,39,75,78,75,68,56,80,85,73,85,78,0,0,0,0,0,1,0,0,0,0,0,0,0,0,90,93,0
l41,10=0,0,0,0,0,0,0,0,40,32,8,54,59,7,77,0,78,75,78,89,74,74,0,84,86,93,87,45,0,0,35,69,0,0,0,0,0,0,0,3,4,0,90,93,90
l42,10=0,0,0,0,0,0,0,0,0,0,0,0,0,0,72,0,60,58,63,85,80,76,61,88,86,92,86,90,0,0,0,0,5,0,0,0,0,0,67,0,0,0,88,93,88
l43,10=0,0,0,0,0,0,0,0,0,0,0,0,0,0,2,0,0,0,69,74,68,79,0,84,79,90,87,88,0,0,0,0,73,55,0,0,0,0,50,0,53,0,88,84,88
l44,10=0,0,0,0,0,0,0,0,0,0,0,37,17,0,32,0,0,42,0,85,70,3,73,89,86,93,87,86,0,0,2,0,67,68,0,0,64,0,57,0,0,0,90,93,89

l0,11=0,75,89,78,83,70,75,0,80,76,44,77,75,82,37,0,46,21,65,49,0,0,0,0,0,0,0,0,0,0,52,53,0,0,0,0,0,0,0,0,0,0,0,0,0
l1,11=85,0,88,85,81,70,75,0,81,76,61,48,80,76,44,0,36,42,63,55,0,0,0,0,0,4,0,0,0,0,71,20,0,0,0,0,0,0,0,0,0,0,0,0,0
l2,11=85,75,0,78,80,70,76,0,80,49,51,78,79,82,46,0,48,35,44,63,0,0,0,0,14,30,0,0,0,0,56,58,0,0,0,0,0,0,0,0,0,0,0,2,0
l3,11=67,76,59,0,83,70,75,0,80,64,38,24,38,39,28,0,28,22,61,0,0,0,0,0,0,0,0,0,0,0,48,51,0,0,0,0,0,0,0,0,0,0,0,0,0
l4,11=86,75,90,85,0,70,75,0,81,77,10,45,46,0,33,0,35,23,0,0,0,0,0,0,0,0,0,0,0,0,49,48,0,0,0,0,0,0,0,0,0,0,0,0,0
l5,11=85,75,90,85,81,0,73,0,80,76,69,81,68,83,0,0,37,37,0,34,0,0,0,0,1,0,0,0,0,0,70,55,0,0,0,0,0,0,21,0,1,0,0,0,0
l6,11=84,75,88,80,80,69,0,0,81,49,58,83,79,83,32,0,48,38,65,57,0,0,0,0,0,0,0,0,0,0,62,17,0,0,0,0,0,0,0,0,0,0,0,0,0
l7,11=82,75,88,78,65,70,75,0,82,80,66,82,81,85,64,0,79,71,0,58,37,50,0,31,13,46,41,53,0,0,0,53,0,0,0,0,0,0,0,0,0,0,0,3,0
l8,11=55,75,85,73,79,68,75,1,0,76,69,81,79,82,46,0,71,38,76,54,19,35,0,18,14,33,35,48,0,0,53,0,0,0,0,0,0,0,0,0,0,0,0,0,0
l9,11=81,75,50,77,78,69,39,0,80,0,69,84,81,83,64,0,78,34,71,31,10,38,0,17,34,45,34,52,0,0,0,0,0,0,0,0,0,0,0,0,0,0,0,0,0
l10,11=29,27,78,77,54,41,34,0,81,59,0,82,81,83,50,0,88,44,84,63,49,18,37,25,22,70,44,63,0,0,44,0,0,0,0,0,0,0,0,0,0,0,25,22,0
l11,11=57,44,80,66,69,69,74,0,81,78,69,0,80,84,64,0,78,34,75,62,26,0,0,19,7,49,45,0,0,0,0,31,0,0,0,0,0,0,0,0,0,0,0,0,0
l12,11=81,75,85,53,73,68,74,0,81,77,71,82,0,83,70,0,83,32,76,31,42,20,31,17,38,76,41,45,0,0,0,39,0,0,0,0,0,0,0,0,0,0,18,18,0
l13,11=78,67,85,54,3,69,74,0,81,78,69,84,81,0,59,0,80,55,79,50,67,57,31,58,11,45,40,31,0,0,54,56,0,0,0,0,0,0,0,0,5,0,0,0,0
l14,11=13,26,23,25,58,0,0,0,79,46,24,27,79,82,0,0,86,93,87,80,94,19,27,24,24,68,68,69,0,0,74,75,0,9,0,0,0,0,0,24,9,21,65,46,25
l15,11=26,0,42,48,64,1,27,2,79,78,72,81,79,83,79,0,0,28,86,74,87,26,34,45,64,72,52,53,0,0,50,49,0,14,0,0,0,0,0,14,0,4,21,24,23
l16,11=6,22,2,34,48,6,0,1,62,19,9,4,37,66,65,0,24,0,87,84,60,7,0,21,24,6,44,45,0,0,93,84,0,33,0,0,0,6,25,39,73,89,38,48,50
l17,11=13,4,0,51,0,0,4,0,80,25,69,52,78,82,83,0,88,92,0,82,93,45,13,25,53,67,60,56,0,0,50,49,0,0,0,0,0,0,0,0,0,29,4,23,21
l18,11=10,12,61,0,0,6,22,0,71,23,19,24,64,66,63,0,52,56,87,0,97,52,52,28,83,91,71,83,0,0,78,64,52,61,0,31,9,0,63,46,64,82,59,49,49
l19,11=0,0,0,0,0,0,0,0,35,22,38,22,75,73,83,0,88,96,87,84,0,55,0,22,83,89,85,78,0,0,54,73,0,3,0,0,0,0,0,21,54,74,23,47,50
l20,11=0,0,0,0,0,0,0,0,68,59,46,36,58,68,61,0,66,65,66,75,78,0,99,89,76,90,77,87,0,0,0,0,66,72,0,62,4,0,76,58,0,0,76,67,68
l21,11=0,0,0,0,0,0,0,0,0,0,56,34,67,69,57,0,68,0,60,82,0,91,0,89,83,90,85,88,0,0,0,0,0,76,0,37,0,0,61,0,14,0,87,68,60
l22,11=0,0,0,0,0,0,0,1,64,41,58,65,59,69,57,0,68,69,73,70,44,87,85,0,83,89,85,88,0,0,0,57,75,84,0,50,63,67,80,1,55,62,85,76,63
l23,11=0,0,22,0,0,0,0,0,58,48,17,11,63,42,49,0,63,42,77,81,84,58,79,90,0,91,87,86,0,0,70,53,71,74,0,53,22,0,75,67,42,56,75,90,90
l24,11=0,0,0,0,0,0,1,1,59,57,56,70,75,66,62,0,68,31,65,83,82,87,81,89,83,0,87,76,0,0,47,48,66,52,0,62,64,56,68,29,3,60,72,90,20
l25,11=0,0,0,0,0,0,0,0,56,34,12,39,56,60,66,0,42,40,67,71,81,71,71,89,83,91,0,83,0,0,0,51,77,50,0,24,38,22,60,37,5,66,91,90,86
l26,11=0,0,0,0,0,0,0,1,64,59,57,19,60,53,62,0,67,44,64,75,77,91,85,90,80,77,81,0,0,0,0,45,74,76,0,71,74,75,79,0,38,77,79,72,77
l27,11=12,0,11,60,59,14,0,0,37,0,8,0,21,61,36,0,40,96,76,33,12,0,0,0,22,42,0,0,0,0,0,84,0,34,0,20,9,14,67,59,98,27,0,30,25
l28,11=15,0,22,56,54,13,0,2,0,0,0,3,34,61,54,0,40,59,67,29,12,0,0,18,15,50,41,27,0,0,93,0,34,29,0,16,10,8,79,43,97,45,0,30,0
l29,11=0,0,0,0,0,0,0,0,0,0,0,0,0,0,0,0,0,20,0,37,0,19,0,61,68,60,72,63,0,0,0,52,0,93,0,89,86,90,93,89,92,88,16,47,0
l30,11=0,0,0,0,0,0,0,0,0,0,0,0,0,0,0,0,0,38,0,33,0,13,44,85,66,52,57,63,0,0,39,13,83,0,0,89,86,90,93,65,93,88,0,31,0
l31,11=0,0,0,0,0,0,0,0,0,0,0,0,0,0,0,0,0,0,0,42,0,41,22,36,73,57,56,62,0,0,71,36,83,93,0,0,87,90,92,83,73,84,0,13,20
l32,11=0,0,0,0,0,0,0,0,0,0,0,0,0,0,0,0,0,0,0,40,0,0,0,59,53,61,61,65,0,0,60,51,83,93,0,89,0,90,93,83,85,85,56,53,0
l33,11=0,0,0,0,0,0,0,0,0,0,0,0,0,0,0,0,0,33,0,0,0,0,0,71,0,50,50,71,0,0,67,2,83,93,0,89,87,0,93,87,89,86,0,0,0
l34,11=0,0,0,0,0,6,0,0,0,0,0,0,0,0,0,0,0,35,0,35,0,23,5,66,65,59,53,68,0,0,72,73,83,93,0,89,86,90,0,89,98,93,0,0,0
l35,11=0,0,0,0,0,0,0,0,0,0,0,0,0,0,34,0,16,45,0,53,8,10,0,2,26,30,56,0,0,0,88,63,83,50,0,67,53,82,93,0,98,93,0,4,0
l36,11=0,0,0,0,0,4,0,0,0,0,0,0,0,19,37,0,0,79,0,45,14,0,0,15,19,9,30,18,0,0,93,56,53,93,0,24,53,65,93,92,0,93,0,0,0
l37,11=0,0,0,0,0,0,0,0,0,0,0,0,0,0,37,0,13,51,49,77,13,0,0,15,19,56,65,65,0,0,85,63,83,93,0,69,85,90,93,92,98,0,0,12,0
l38,11=0,0,0,0,0,0,0,0,0,0,5,0,38,0,70,0,32,46,1,72,2,53,56,83,72,76,80,78,0,0,0,0,2,0,0,0,14,0,0,0,0,0,0,95,88
l39,11=0,0,0,0,0,0,0,0,0,0,21,0,37,0,70,0,75,84,53,75,66,73,32,82,83,88,85,56,0,0,37,32,31,25,0,0,3,0,0,0,0,0,93,0,94
l40,11=0,0,0,0,0,0,0,0,0,0,0,0,0,0,32,0,28,78,34,72,69,64,0,47,79,4,80,74,0,0,9,0,0,0,0,0,0,0,0,0,0,0,93,94,0
l41,11=0,0,0,0,0,0,0,0,57,40,14,21,62,57,46,0,74,79,81,83,80,48,37,83,76,90,85,76,0,0,13,58,0,0,0,22,0,0,0,2,38,57,93,94,89
l42,11=0,0,0,0,0,0,0,0,0,0,0,0,0,0,63,0,57,0,0,77,76,80,72,83,80,86,85,85,0,0,0,0,60,0,0,31,0,0,70,0,0,35,92,94,92
l43,11=0,0,0,0,0,0,0,0,0,0,0,0,3,0,56,0,0,69,25,68,71,81,62,85,58,86,84,77,0,0,0,0,63,65,0,57,52,0,64,0,0,0,89,88,91
l44,11=0,0,0,0,0,0,0,0,0,0,10,6,53,0,65,0,36,39,54,71,37,82,53,88,80,90,79,77,0,0,0,0,68,0,0,0,24,0,9,19,0,0,93,87,90

l0,12=0,90,76,68,81,80,86,1,82,92,48,49,86,82,45,0,33,31,0,41,0,0,0,0,0,0,0,0,0,0,0,31,0,0,0,0,0,0,0,0,0,0,0,0,0
l1,12=87,0,74,69,81,80,86,3,84,89,42,47,86,82,49,0,21,36,26,46,0,0,0,0,0,7,0,0,0,0,0,22,0,0,0,0,0,0,0,0,0,0,0,0,0
l2,12=87,87,0,64,80,80,85,2,80,88,80,76,86,82,53,0,74,0,50,68,23,21,0,20,35,31,35,0,0,0,14,22,0,0,0,0,0,0,0,0,0,0,0,0,0
l3,12=87,90,75,0,81,71,78,0,83,84,35,9,81,82,39,0,0,24,48,24,0,0,0,0,0,0,0,0,0,0,19,8,0,0,0,0,0,0,0,0,29,0,0,0,0
l4,12=87,90,76,69,0,80,86,0,84,88,36,23,26,82,0,0,21,0,0,0,0,0,0,0,0,0,0,0,0,0,23,23,0,0,0,0,0,0,0,0,0,2,0,0,0
l5,12=87,90,77,69,81,0,86,1,80,82,54,22,86,83,44,0,22,30,54,44,0,0,0,0,26,0,0,0,0,0,2,22,0,0,0,0,0,0,0,0,0,0,0,0,0
l6,12=87,89,76,66,80,80,0,1,84,92,70,47,87,82,43,0,23,36,53,53,20,0,0,0,30,1,0,0,0,0,17,0,0,0,0,0,0,0,0,0,0,0,0,0,0
l7,12=87,87,76,64,78,80,86,0,84,92,60,79,86,86,73,0,56,46,67,49,0,33,0,38,41,38,37,24,0,0,0,0,0,0,0,0,0,0,0,0,0,0,0,0,0
l8,12=87,89,74,64,79,78,86,1,0,88,81,75,83,82,73,0,77,37,74,43,28,15,19,34,35,36,40,28,0,0,0,0,0,0,0,0,0,0,0,0,0,0,0,1,0
l9,12=87,87,74,64,78,70,85,1,80,0,80,80,89,86,54,0,81,34,51,47,30,35,0,38,48,44,44,32,0,0,20,2,0,0,0,0,0,0,0,0,0,0,0,0,0
l10,12=68,56,45,58,70,50,50,1,80,89,0,78,89,83,79,0,88,40,81,79,52,31,23,65,68,72,42,58,0,0,10,32,0,0,0,0,0,0,0,0,0,1,1,21,0
l11,12=81,82,44,35,78,48,84,4,80,89,80,0,88,86,78,0,50,37,79,70,50,6,0,20,34,51,49,41,0,0,23,9,0,0,0,0,0,0,0,0,0,0,0,22,0
l12,12=87,87,72,57,25,78,84,2,78,88,81,78,0,83,76,0,82,31,76,75,78,17,36,42,75,75,33,7,0,0,15,0,0,0,0,0,0,0,0,0,0,0,0,3,0
l13,12=87,86,74,64,78,78,84,0,80,93,85,80,89,0,73,0,83,31,79,63,28,0,41,35,35,42,43,28,0,0,7,0,0,0,0,0,0,0,0,0,6,0,0,6,0
l14,12=34,55,25,21,14,33,15,1,80,88,57,51,55,83,0,0,88,53,91,86,99,38,0,58,79,81,76,71,0,0,47,45,0,0,0,0,0,0,21,0,28,24,56,61,4
l15,12=78,49,38,0,78,49,43,3,81,89,86,51,88,83,88,0,0,43,91,83,92,62,32,0,74,48,43,71,0,0,42,36,0,0,0,0,0,0,0,0,0,0,35,45,8
l16,12=12,24,0,1,5,3,7,2,78,41,23,9,15,41,87,0,50,0,79,89,63,7,0,56,71,0,45,61,0,0,53,51,0,0,0,0,0,0,26,50,81,55,28,38,30
l17,12=0,0,13,1,0,39,29,2,80,36,83,51,58,82,90,0,88,88,0,85,94,61,27,75,84,80,58,73,0,0,48,45,0,0,0,0,0,0,0,27,18,0,0,42,0
l18,12=33,46,40,10,0,39,44,0,69,72,55,45,55,72,89,0,76,91,91,0,99,83,75,80,85,88,74,84,0,0,47,15,44,57,0,59,0,0,62,68,75,46,54,65,55
l19,12=0,0,20,0,0,0,28,0,59,65,88,78,87,41,90,0,88,91,91,89,0,74,0,88,86,91,83,63,0,0,67,32,0,56,0,0,0,0,0,1,81,32,78,58,22
l20,12=0,0,10,0,0,5,0,1,56,70,63,53,66,0,68,0,63,42,63,87,75,0,99,90,82,90,75,88,0,0,0,0,54,70,0,61,60,66,79,59,23,1,72,71,65
l21,12=0,0,0,0,0,0,0,0,61,0,61,0,75,71,0,0,70,0,69,88,0,90,0,90,86,90,83,89,0,0,0,0,0,63,0,0,0,0,66,0,0,0,80,0,81
l22,12=0,0,2,0,0,0,0,2,64,68,67,37,56,64,66,0,0,65,73,78,86,90,72,0,86,90,84,89,0,0,0,0,70,76,0,71,68,72,75,68,0,54,73,81,41
l23,12=0,0,0,0,0,21,2,3,57,67,43,37,81,59,74,0,76,36,79,88,94,87,81,91,0,91,85,84,0,0,28,0,55,59,0,77,48,0,71,56,53,37,69,92,85
l24,12=0,2,32,0,0,2,10,3,59,67,62,56,76,61,75,0,66,0,78,88,97,90,67,91,86,0,85,77,0,0,25,11,63,59,0,59,0,26,70,55,56,0,92,81,80
l25,12=0,0,23,0,0,0,0,2,60,66,37,41,41,62,75,0,61,32,66,76,83,73,69,91,86,91,0,76,0,0,0,33,45,57,0,63,67,0,61,57,0,70,89,89,83
l26,12=0,0,0,0,0,0,0,12,61,67,67,57,61,63,68,0,63,69,64,76,75,90,86,90,78,79,75,0,0,0,0,1,71,68,0,78,72,21,80,66,52,71,68,17,74
l27,12=0,0,15,48,39,0,22,0,0,28,6,24,27,30,75,0,38,91,40,53,45,0,0,0,48,45,0,0,0,0,0,83,31,45,0,73,50,70,47,78,94,53,0,8,1
l28,12=19,25,23,8,39,16,0,1,0,10,15,8,0,2,83,0,38,74,76,19,26,0,0,0,0,27,50,1,0,0,88,0,22,0,0,59,63,0,92,79,88,58,0,10,0
l29,12=0,0,0,0,0,0,0,0,0,0,0,0,0,0,0,0,0,0,0,57,0,56,0,69,63,69,60,68,0,0,62,50,0,90,0,90,86,93,92,88,85,90,0,43,6
l30,12=0,0,0,0,0,0,0,0,0,0,0,0,0,0,0,0,0,0,0,38,37,67,44,81,61,67,58,50,0,0,10,0,82,0,0,90,86,93,92,88,91,90,0,0,0
l31,12=0,0,0,0,0,0,0,0,0,0,0,0,0,0,0,0,0,0,0,50,4,58,0,76,78,61,55,80,0,0,74,59,82,90,0,0,86,93,87,82,84,87,20,0,0
l32,12=0,0,0,0,0,0,0,0,0,0,0,0,0,0,0,0,0,0,0,0,0,56,0,70,52,0,64,68,0,0,61,62,82,87,0,90,0,93,92,86,80,87,41,0,0
l33,12=0,0,0,0,0,0,0,0,0,0,0,0,0,0,0,0,0,0,0,0,0,47,0,71,0,0,0,0,0,0,71,0,82,90,0,90,86,0,92,88,85,85,0,0,0
l34,12=0,0,0,0,0,0,0,0,0,0,0,0,0,0,31,0,0,16,1,38,0,67,30,70,63,66,53,84,0,0,38,79,82,90,0,90,86,93,0,91,94,93,34,23,0
l35,12=0,0,0,0,0,0,0,0,0,0,0,0,0,0,0,0,6,23,26,50,0,64,0,79,66,68,62,41,0,0,82,73,82,90,0,90,86,93,92,0,94,93,30,3,0
l36,12=0,0,0,20,0,0,0,0,0,0,0,0,0,12,64,0,1,60,16,56,51,4,0,0,64,68,0,25,0,0,88,24,79,90,0,88,86,91,92,91,0,93,0,0,0
l37,12=0,0,0,0,24,0,0,0,0,0,0,0,0,0,63,0,0,83,0,74,27,2,0,69,65,0,72,47,0,0,69,79,82,90,0,90,86,91,92,91,94,0,0,14,0
l38,12=0,0,0,0,0,0,0,0,0,0,0,0,27,0,79,0,28,64,0,80,81,77,64,81,78,85,84,66,0,0,0,0,0,0,0,0,17,0,52,5,0,0,0,92,85
l39,12=0,0,0,0,0,0,0,0,31,0,16,64,42,28,79,0,54,79,72,81,84,78,0,82,84,82,83,9,0,0,31,44,54,0,0,0,0,0,68,0,0,0,93,0,93
l40,12=0,0,0,0,0,0,0,0,0,0,0,0,1,0,62,0,33,76,0,81,47,76,68,71,79,82,81,78,0,0,29,0,0,0,0,0,0,0,0,0,0,0,87,89,0
l41,12=0,0,0,0,0,0,19,0,41,63,58,0,64,17,75,0,68,77,81,88,90,72,47,84,85,90,83,76,0,0,35,0,0,2,0,0,0,0,61,0,23,38,93,91,94
l42,12=0,0,0,0,0,0,0,0,0,0,0,0,61,0,59,0,0,66,0,85,88,85,71,89,82,90,84,83,0,0,0,0,63,60,0,11,0,5,78,0,0,56,93,92,94
l43,12=0,0,0,0,0,0,0,0,0,0,0,0,45,0,60,0,56,46,58,80,68,78,20,81,80,85,83,66,0,0,0,0,59,55,0,67,0,0,71,0,0,0,88,84,85
l44,12=0,0,0,0,0,0,0,0,0,0,64,0,45,0,61,0,62,0,60,80,81,87,0,87,81,89,83,78,0,0,0,0,63,54,0,0,0,0,0,0,17,0,92,87,84

l0,13=0,89,92,92,97,89,90,87,92,76,67,63,69,91,40,0,67,0,0,25,0,0,0,0,0,0,0,0,0,0,70,33,0,0,0,0,0,0,0,0,0,0,0,0,0
l1,13=93,0,92,92,97,89,90,83,92,79,62,62,88,87,44,0,75,49,22,21,0,0,0,0,0,0,0,0,0,0,72,80,0,0,0,0,0,0,0,0,0,0,0,0,0
l2,13=93,88,0,92,97,88,90,0,92,82,72,91,88,92,64,0,78,26,25,55,56,0,0,32,0,20,23,0,0,0,0,2,0,0,0,0,0,0,0,0,0,0,0,0,0
l3,13=93,89,92,0,97,89,90,82,92,64,36,35,68,84,25,0,69,46,0,13,0,0,0,0,0,0,0,0,0,0,57,74,0,0,0,0,0,0,0,0,17,0,0,0,0
l4,13=93,89,92,92,0,89,90,88,92,88,70,63,47,90,0,0,1,0,7,0,0,0,0,0,0,0,0,0,0,0,75,70,0,0,0,0,0,0,0,0,0,1,0,0,0
l5,13=93,89,92,92,97,0,90,89,62,76,80,47,29,78,39,0,71,23,26,18,0,0,0,0,0,0,0,0,0,0,0,75,0,0,0,0,0,0,0,27,17,0,0,0,0
l6,13=93,88,91,92,96,89,0,90,92,85,71,64,88,92,48,0,75,68,72,47,0,0,0,0,20,0,0,0,0,0,74,0,0,0,0,0,0,0,0,0,2,0,0,0,0
l7,13=92,89,12,92,89,88,90,0,92,89,75,90,88,92,84,0,78,35,81,49,0,34,7,77,78,80,52,0,0,0,48,20,0,0,0,0,0,0,0,0,0,0,0,0,0
l8,13=92,88,91,90,93,84,90,91,0,89,76,90,88,69,84,0,78,24,81,30,3,17,23,43,0,19,34,47,0,0,0,0,0,0,0,0,0,0,0,0,0,0,18,0,0
l9,13=90,86,43,47,87,83,88,76,89,0,76,91,88,92,82,0,78,28,29,58,65,49,0,46,31,28,32,56,0,0,68,51,0,0,0,0,0,0,0,0,0,0,0,0,0
l10,13=90,51,41,20,87,84,44,53,35,88,0,91,88,92,86,0,90,27,32,71,86,0,0,49,29,29,44,76,0,0,83,69,0,0,0,0,0,0,0,0,0,0,0,79,0
l11,13=91,50,86,21,87,84,79,87,92,90,81,0,88,92,83,0,78,0,46,64,61,33,0,40,28,0,44,61,0,0,81,78,0,0,0,0,0,0,0,0,0,0,1,81,0
l12,13=90,85,69,42,86,83,88,85,88,88,87,91,0,92,84,0,88,26,83,64,86,2,12,42,29,31,29,54,0,0,82,32,0,0,0,0,0,0,0,0,0,0,8,0,0
l13,13=91,61,87,44,88,84,88,86,35,90,86,91,88,0,85,0,88,0,84,53,78,32,37,44,26,29,40,59,0,0,0,64,0,0,0,0,0,0,0,0,0,0,0,79,0
l14,13=87,50,1,10,0,81,34,23,35,86,80,35,33,70,0,0,90,29,89,76,100,31,8,0,31,31,49,62,0,0,89,87,0,0,0,0,0,0,0,0,45,38,76,90,49
l15,13=85,85,8,10,28,82,47,20,38,88,87,60,88,90,95,0,0,27,89,95,96,24,30,50,52,55,3,84,0,0,87,73,0,0,0,0,0,0,1,0,1,12,41,43,39
l16,13=0,42,3,7,0,81,20,0,1,49,75,0,3,0,94,0,36,0,35,77,100,1,0,50,11,15,8,32,0,0,99,98,0,52,0,0,0,5,15,46,98,94,0,59,46
l17,13=0,3,0,0,40,81,33,9,11,64,79,30,55,74,95,0,90,71,0,100,100,25,29,54,31,30,44,81,0,0,88,86,0,5,0,0,0,0,0,35,32,8,51,87,46
l18,13=64,28,5,4,0,62,39,25,6,68,82,34,32,25,93,0,88,95,89,0,99,91,49,56,34,97,68,97,0,0,95,92,34,41,0,51,0,0,17,55,99,90,89,88,54
l19,13=0,0,5,0,0,44,5,0,1,80,80,16,55,64,95,0,90,97,89,100,0,69,28,56,97,99,67,87,0,0,94,88,0,0,0,0,0,0,23,67,94,79,87,88,51
l20,13=0,0,0,0,0,0,0,42,12,70,0,74,28,42,81,0,74,4,74,98,85,0,95,94,95,97,77,97,0,0,0,0,79,78,0,77,78,76,86,0,58,72,84,82,80
l21,13=0,0,0,0,0,0,0,53,76,2,0,0,78,81,78,0,79,0,80,93,86,97,0,94,95,92,87,98,0,0,0,0,75,53,0,45,0,0,73,0,0,0,86,64,88
l22,13=0,0,1,0,0,0,0,53,62,71,68,26,36,60,0,0,70,18,75,85,88,97,87,0,97,99,93,98,0,0,0,0,81,78,0,74,82,25,83,82,8,35,84,92,14
l23,13=0,0,0,0,0,0,23,23,0,73,68,27,75,53,89,0,82,21,84,95,98,95,91,94,0,99,93,96,0,0,1,71,75,73,0,77,67,0,90,57,72,82,90,94,89
l24,13=0,0,3,0,0,0,4,44,25,70,76,0,86,64,93,0,85,46,88,98,98,95,51,94,97,0,93,97,0,0,77,56,81,83,0,75,76,0,52,61,81,63,89,93,94
l25,13=0,0,0,0,0,0,0,21,45,66,64,46,39,56,88,0,58,19,48,96,91,59,50,94,97,99,0,85,0,0,66,0,81,69,0,77,77,29,23,61,0,70,92,95,92
l26,13=0,0,0,0,0,0,0,4,63,67,61,69,69,60,74,0,81,64,71,94,76,95,94,94,95,95,80,0,0,0,2,41,88,87,0,90,81,60,93,86,68,18,73,86,91
l27,13=67,36,0,4,81,0,28,0,0,45,65,26,3,0,58,0,37,97,34,75,96,0,0,0,3,14,8,0,0,0,0,100,83,73,0,78,40,9,15,47,100,44,0,0,0
l28,13=34,36,0,7,63,77,0,0,0,38,65,30,2,24,92,0,66,34,35,73,92,0,0,0,29,7,0,6,0,0,99,0,28,82,0,83,79,20,33,43,100,96,22,38,2
l29,13=0,0,0,0,0,0,0,0,0,0,0,0,0,0,0,0,0,0,0,50,0,56,5,53,44,47,66,86,0,0,79,23,0,91,0,91,91,93,95,95,94,81,24,55,0
l30,13=0,0,0,0,0,0,0,0,0,0,0,0,0,0,0,0,0,29,17,64,0,80,10,83,80,60,17,32,0,0,75,77,91,0,0,91,91,91,95,95,93,91,0,30,0
l31,13=0,0,0,0,0,0,0,0,0,0,0,0,0,0,0,0,0,0,0,49,0,57,12,72,73,74,75,79,0,0,79,80,91,91,0,0,91,93,93,83,87,86,0,0,0
l32,13=0,0,0,0,0,0,0,0,0,0,0,0,0,0,0,0,0,0,0,0,0,55,0,74,35,37,70,61,0,0,69,82,91,88,0,91,0,93,95,95,88,93,1,0,0
l33,13=0,0,0,0,0,0,0,0,0,0,0,0,0,0,0,0,0,23,0,0,0,69,0,70,0,0,61,44,0,0,57,74,91,84,0,91,91,0,95,90,88,70,0,0,0
l34,13=0,0,0,0,0,0,0,0,0,0,0,0,0,0,2,0,0,30,0,74,50,89,37,86,91,53,22,57,0,0,94,93,91,91,0,91,91,93,0,95,100,96,3,34,17
l35,13=0,0,0,0,0,50,0,0,0,0,0,0,0,0,0,0,0,54,29,90,72,0,0,83,26,11,11,34,0,0,96,85,91,91,0,89,91,93,95,0,100,96,24,30,0
l36,13=0,0,0,0,0,49,4,0,0,0,0,0,0,1,48,0,7,0,28,77,89,27,0,3,24,14,0,24,0,0,99,93,91,91,0,91,83,39,95,95,0,96,0,30,0
l37,13=0,0,0,0,54,0,0,0,0,0,0,0,0,0,44,0,21,68,26,91,70,55,0,39,85,18,20,14,0,0,97,96,88,91,0,91,91,23,95,95,100,0,0,3,0
l38,13=0,0,0,0,0,0,0,0,0,0,0,0,6,0,73,0,58,0,44,88,88,86,28,92,95,92,91,70,0,0,0,33,0,0,0,0,0,0,0,36,0,0,0,94,94
l39,13=0,0,0,0,0,0,0,0,0,0,49,10,0,35,86,0,63,25,35,67,53,23,0,92,95,54,91,90,0,0,0,52,26,0,0,0,0,0,21,22,14,0,90,0,94
l40,13=0,0,0,0,0,0,0,0,0,0,0,0,0,0,71,0,51,73,40,88,65,85,80,0,82,94,88,92,0,0,0,0,0,0,0,0,0,0,0,0,0,0,90,93,0
l41,13=0,0,0,0,0,0,0,0,0,0,74,21,49,15,80,0,81,93,88,98,97,61,29,89,97,97,84,94,0,0,61,0,42,37,0,0,0,0,23,0,35,68,92,95,94
l42,13=0,0,0,0,0,0,0,0,0,0,0,0,0,0,86,0,0,30,31,96,88,71,45,94,95,97,91,94,0,0,0,0,50,67,0,0,0,0,50,0,0,0,91,94,94
l43,13=0,0,0,0,0,0,0,0,0,0,0,0,28,0,70,0,67,53,44,80,81,84,72,89,88,91,90,92,0,0,0,0,60,0,0,0,71,0,70,0,0,0,89,93,1
l44,13=0,0,0,0,0,0,0,0,0,0,0,0,1,0,83,0,69,0,69,88,87,92,74,92,94,94,90,92,0,0,0,0,0,66,0,0,0,0,0,0,0,0,90,93,94

l0,14=0,100,100,100,99,100,99,97,100,62,80,88,53,100,51,0,26,83,21,1,0,0,0,0,0,0,0,0,0,0,97,58,0,0,0,0,0,0,0,0,0,0,0,0,0
l1,14=100,0,100,100,99,100,99,100,100,100,84,100,100,100,0,0,100,95,27,55,0,0,0,0,0,0,34,0,0,0,89,87,0,0,0,0,0,0,0,0,0,0,0,0,0
l2,14=100,100,0,100,99,100,99,100,100,100,94,100,100,100,54,0,96,96,27,57,37,0,0,0,0,1,25,0,0,0,45,0,0,0,0,0,0,0,0,0,0,0,0,0,0
l3,14=100,100,100,0,99,100,99,97,60,6,80,88,42,63,51,0,92,0,0,40,0,0,0,0,0,0,0,0,0,0,100,84,0,0,0,0,0,0,0,0,0,0,0,0,0
l4,14=100,100,100,100,0,100,99,97,66,58,80,88,52,100,55,0,100,98,25,0,0,0,0,0,0,0,0,0,0,0,100,90,0,0,0,0,0,0,0,0,27,0,0,0,0
l5,14=100,100,100,100,99,0,99,100,100,63,98,100,53,100,54,0,58,86,27,52,0,0,0,0,0,0,0,0,0,0,100,99,0,0,0,0,0,0,0,17,54,0,0,0,0
l6,14=100,100,100,100,99,100,0,100,100,62,80,91,95,100,0,0,97,17,47,82,0,0,0,0,0,0,0,0,0,0,99,71,0,0,0,0,0,0,0,0,0,0,0,0,0
l7,14=100,100,100,100,99,100,99,0,100,61,100,100,100,100,97,0,100,0,59,80,71,0,0,86,73,84,84,0,0,0,0,20,0,0,0,0,0,0,0,0,0,0,0,0,0
l8,14=100,100,100,100,99,100,99,100,0,100,100,100,100,100,97,0,100,93,100,57,2,73,0,88,79,76,99,95,0,0,75,0,0,0,0,0,0,0,0,0,0,0,0,28,0
l9,14=100,100,100,25,99,100,99,98,100,0,100,100,100,100,54,0,100,94,0,100,60,71,0,78,88,86,50,98,0,0,54,0,0,0,0,0,0,0,0,0,0,0,0,0,0
l10,14=64,75,91,59,72,100,99,100,100,100,0,100,100,100,52,0,100,94,100,60,78,0,0,90,88,97,93,53,0,0,79,62,0,0,0,0,0,0,0,0,90,0,67,32,0
l11,14=100,100,100,92,99,100,99,100,100,100,100,0,100,100,97,0,100,70,100,100,97,84,0,77,84,80,92,97,0,0,0,86,0,0,0,0,0,0,0,0,0,0,0,26,0
l12,14=100,100,88,57,98,100,99,100,100,100,100,100,0,100,97,0,100,94,100,100,79,75,80,81,100,100,92,0,0,0,12,90,0,0,0,0,0,0,0,0,0,0,0,36,0
l13,14=62,76,92,62,92,100,99,100,62,100,100,100,100,0,55,0,100,50,98,56,74,66,0,0,91,96,44,55,0,0,62,84,0,0,0,0,0,0,0,0,0,0,0,39,0
l14,14=7,0,65,29,32,86,5,69,61,50,61,98,75,60,0,0,100,98,100,97,100,58,8,89,94,98,96,60,0,0,87,96,0,20,0,0,0,0,0,82,97,56,19,55,56
l15,14=9,74,69,34,23,53,98,70,62,66,100,100,100,63,97,0,0,60,100,60,79,96,0,81,59,97,98,98,0,0,98,100,0,0,0,0,0,0,79,43,0,0,21,44,47
l16,14=26,28,36,0,27,57,4,0,32,31,76,56,22,19,55,0,76,0,99,100,79,0,0,74,54,59,67,97,0,0,100,100,38,23,0,2,0,0,0,89,100,53,0,55,1
l17,14=4,65,86,0,30,61,98,71,98,0,100,100,100,99,97,0,100,99,0,100,100,0,93,97,99,100,55,60,0,0,81,100,0,27,0,0,0,0,6,4,63,66,49,49,57
l18,14=0,31,45,6,0,65,61,46,61,65,98,98,95,62,96,0,99,99,100,0,98,99,98,97,99,99,98,98,0,0,98,100,17,0,0,51,0,0,61,88,100,98,98,95,59
l19,14=0,0,5,0,0,40,0,69,17,51,98,98,75,62,97,0,100,99,100,100,0,99,0,97,100,100,99,97,0,0,98,100,0,0,0,0,0,0,0,97,100,98,98,61,59
l20,14=0,0,0,0,0,0,0,0,88,83,0,90,93,79,89,0,99,0,0,97,93,0,98,97,99,99,90,99,0,0,0,0,92,98,0,33,93,92,97,93,0,90,96,91,90
l21,14=0,0,0,0,0,0,0,28,0,0,0,0,98,0,81,0,6,0,97,97,4,100,0,97,99,99,98,100,0,0,0,0,97,0,0,0,1,0,93,0,0,0,81,0,98
l22,14=0,0,0,0,0,0,0,93,92,71,93,88,93,0,92,0,99,92,97,97,98,99,96,0,100,100,100,100,0,0,0,86,92,94,0,85,98,86,97,93,91,0,98,98,89
l23,14=0,0,0,0,0,0,0,54,49,73,98,91,98,97,96,0,87,90,97,97,98,98,98,98,0,100,100,99,0,0,79,95,98,99,0,97,81,87,97,89,85,97,98,98,99
l24,14=0,0,0,0,0,0,37,65,55,64,98,95,98,64,96,0,99,97,97,97,98,99,97,98,100,0,100,99,0,0,84,85,68,64,0,0,96,0,86,92,98,98,99,98,99
l25,14=0,2,0,0,0,0,0,89,97,89,98,97,98,82,96,0,99,98,97,98,98,91,98,98,100,100,0,99,0,0,40,0,98,97,0,97,97,89,86,90,0,87,99,99,99
l26,14=0,0,0,0,0,0,0,17,95,95,86,96,49,73,95,0,97,93,95,97,93,99,98,97,99,99,98,0,0,0,75,0,98,98,0,95,95,97,97,95,96,95,94,94,98
l27,14=32,19,0,61,58,71,61,10,37,23,76,0,16,49,36,0,79,99,61,60,79,0,0,0,40,42,37,78,0,0,0,100,69,62,0,51,97,67,64,95,100,99,0,48,0
l28,14=9,34,0,30,24,93,58,12,0,0,29,63,69,24,55,0,100,99,61,60,79,0,0,41,66,36,0,0,0,0,100,0,58,25,0,60,99,53,75,98,100,100,0,0,0
l29,14=0,0,0,0,0,0,0,0,0,0,0,0,0,0,0,0,0,79,0,1,0,88,77,80,97,97,96,99,0,0,93,92,0,100,0,99,100,100,100,100,100,100,0,82,0
l30,14=0,0,0,0,0,0,0,0,0,0,0,0,0,0,62,0,0,77,82,0,0,97,0,87,63,61,66,99,0,0,93,88,100,0,0,99,100,100,100,100,100,100,6,79,34
l31,14=0,0,0,0,0,0,0,0,0,0,0,0,0,0,0,0,0,65,0,60,0,46,0,78,94,0,84,93,0,0,79,88,100,100,0,0,100,100,100,89,96,100,0,0,11
l32,14=0,0,0,0,0,0,0,0,0,0,0,0,0,0,0,0,0,0,0,0,0,89,0,92,85,88,92,88,0,0,84,91,100,100,0,99,0,100,100,100,80,100,0,0,0
l33,14=0,0,0,0,0,0,0,0,0,0,0,0,0,0,0,0,0,0,0,0,0,81,0,74,90,0,90,93,0,0,87,34,100,92,0,99,100,0,88,91,88,90,0,0,0
l34,14=0,0,0,0,0,0,0,0,0,0,0,0,0,0,0,0,46,0,34,95,0,99,77,97,63,37,63,100,0,0,100,88,100,100,0,99,100,69,0,100,100,100,0,0,20
l35,14=0,0,0,0,0,48,0,0,0,0,0,0,0,0,44,0,23,99,39,91,93,96,0,92,60,58,68,99,0,0,100,99,100,100,0,99,99,97,100,0,100,100,0,55,0
l36,14=0,0,0,0,51,66,0,0,0,0,66,0,3,0,36,0,0,99,59,100,79,0,0,96,62,61,0,98,0,0,100,99,100,100,0,99,97,100,100,100,0,100,0,53,0
l37,14=0,0,0,0,34,0,0,0,0,0,0,8,0,0,34,0,0,99,58,100,70,89,0,0,63,61,64,92,0,0,100,99,100,100,0,99,100,63,100,100,100,0,1,0,0
l38,14=0,0,0,0,0,0,0,0,0,0,58,0,0,0,82,0,58,0,56,97,93,92,2,94,99,99,98,94,0,0,0,0,0,0,0,0,0,0,0,0,0,0,0,100,99
l39,14=0,0,0,0,0,0,0,0,25,0,0,62,77,47,89,0,71,88,88,94,96,86,0,85,99,95,98,94,0,0,60,0,67,29,0,0,0,0,0,20,73,0,99,0,99
l40,14=0,0,0,0,0,0,0,0,0,0,0,0,0,0,94,0,92,0,87,94,93,84,88,77,98,97,96,95,0,0,0,0,0,0,0,0,0,0,0,0,0,0,98,98,0
l41,14=0,0,0,0,0,0,0,0,0,29,91,91,98,0,96,0,99,98,97,96,98,0,0,97,99,98,98,98,0,0,57,0,70,51,0,0,0,0,0,0,0,75,99,100,99
l42,14=0,0,0,0,0,0,0,0,0,0,0,0,71,0,96,0,95,75,96,97,0,96,93,97,99,99,98,97,0,0,0,0,60,0,0,0,78,0,0,0,0,0,99,98,100
l43,14=0,0,0,0,0,0,0,0,0,0,3,0,0,0,0,0,0,73,83,84,88,92,69,95,97,98,98,96,0,0,0,0,84,84,0,72,78,0,83,84,0,18,98,97,99
l44,14=0,0,0,0,0,0,0,0,0,0,0,0,95,0,95,0,94,76,89,97,96,98,91,96,99,98,98,97,0,0,0,0,46,54,0,0,0,0,0,0,0,5,98,98,99

l0,15=0,100,72,100,100,99,65,80,100,100,61,86,100,100,51,0,91,91,89,43,0,0,0,0,0,0,0,0,0,0,56,89,0,0,0,0,0,0,0,0,0,0,0,0,0
l1,15=100,0,99,100,100,99,100,100,100,100,61,100,100,100,50,0,91,100,99,59,0,0,0,0,0,0,0,0,0,0,28,2,0,0,0,0,0,0,0,0,0,0,0,0,0
l2,15=100,100,0,100,100,99,100,100,100,100,55,100,100,100,58,0,88,100,99,58,41,0,0,0,0,39,0,0,0,0,57,0,0,0,0,0,0,0,0,0,0,0,0,0,0
l3,15=100,100,72,0,100,99,100,80,100,62,61,86,100,93,58,0,1,96,16,28,0,0,0,0,0,0,0,0,0,0,60,93,0,0,0,0,0,0,0,0,0,0,0,0,0
l4,15=100,100,72,100,0,99,65,79,100,60,50,86,98,100,48,0,81,98,97,42,0,0,0,0,0,0,0,0,0,0,60,0,0,0,0,0,0,0,0,0,1,0,0,0,0
l5,15=48,100,99,100,100,0,100,79,100,94,54,86,100,100,58,0,82,93,99,40,85,0,0,0,0,0,0,0,0,0,60,91,0,0,0,0,0,0,0,0,57,0,0,0,0
l6,15=100,100,86,99,100,99,0,84,100,100,61,98,100,100,58,0,91,100,99,57,18,59,0,0,50,0,0,0,0,0,39,0,0,0,0,0,0,0,0,0,0,0,0,0,0
l7,15=100,100,99,86,100,99,100,0,100,100,100,100,100,100,99,0,100,96,99,99,96,98,0,57,0,81,93,94,0,0,0,81,0,0,0,0,0,0,0,0,0,0,0,0,0
l8,15=100,100,99,100,100,99,100,100,0,100,100,100,100,100,99,0,100,96,99,99,95,94,0,60,60,81,95,95,0,0,0,92,0,0,0,0,0,0,0,0,0,0,1,5,0
l9,15=100,100,99,62,62,99,100,100,100,0,100,100,100,100,61,0,82,100,99,99,67,93,0,81,24,96,61,88,0,0,0,0,0,0,0,0,0,0,0,0,0,0,48,49,0
l10,15=60,87,95,71,62,99,97,97,100,100,0,100,100,100,97,0,81,97,99,91,87,0,0,93,95,94,64,60,0,0,0,0,0,0,0,0,0,0,0,0,49,0,88,58,91
l11,15=100,100,99,58,100,99,100,100,100,100,100,0,100,100,99,0,100,94,99,99,100,92,0,0,60,82,59,55,0,0,51,91,0,0,0,0,0,0,0,0,0,4,0,25,0
l12,15=100,100,98,77,58,99,100,100,100,100,100,100,0,100,60,0,100,99,99,99,96,91,89,60,97,96,64,0,0,0,60,83,0,0,0,0,0,0,0,0,0,0,0,50,0
l13,15=100,100,99,67,100,99,100,100,100,100,100,100,100,0,60,0,100,97,98,91,0,89,2,49,94,94,0,60,0,0,59,89,0,0,0,0,0,0,0,0,0,0,0,0,0
l14,15=19,20,77,39,22,62,54,99,75,55,63,98,100,56,0,0,100,99,99,94,99,0,0,93,97,95,65,55,0,0,66,100,0,72,0,0,0,0,0,23,37,56,85,60,18
l15,15=27,92,98,0,57,63,100,100,75,35,63,100,100,60,99,0,0,99,99,94,100,94,62,94,97,95,65,60,0,0,67,100,0,89,0,0,0,0,1,13,43,13,59,60,86
l16,15=17,92,95,32,28,20,98,91,46,23,41,53,65,36,99,0,80,0,99,99,100,73,0,46,68,95,65,57,0,0,97,100,90,75,0,52,0,0,48,27,45,82,70,27,57
l17,15=16,58,81,0,26,56,65,100,99,60,100,100,100,58,99,0,100,100,0,99,100,98,54,59,97,96,65,53,0,0,97,100,0,0,0,0,0,0,0,0,60,60,88,65,0
l18,15=20,74,78,9,23,20,71,99,75,61,63,99,100,58,99,0,80,100,99,0,99,98,98,95,97,95,97,60,0,0,67,100,0,79,0,63,0,0,99,50,60,59,87,98,93
l19,15=0,0,34,0,0,39,74,88,64,21,49,99,98,0,99,0,100,100,99,99,0,82,51,95,97,96,98,51,0,0,63,100,9,0,0,0,0,0,86,54,49,67,72,60,82
l20,15=0,0,0,0,0,0,56,94,67,52,0,87,93,67,0,0,94,52,93,99,97,0,99,95,91,96,95,97,0,0,0,0,73,99,0,0,96,68,98,86,0,0,95,93,63
l21,15=0,0,0,0,0,0,0,59,0,0,0,0,92,65,0,0,94,0,90,99,73,99,0,95,97,93,97,97,0,0,0,0,86,0,0,0,80,0,73,0,0,0,93,93,86
l22,15=0,0,0,0,0,0,0,77,57,36,77,0,77,45,84,0,79,59,79,99,81,99,76,0,97,96,98,97,0,0,0,0,84,53,0,66,85,63,84,40,38,51,99,41,79
l23,15=0,0,0,0,0,0,12,0,82,0,82,81,84,84,85,0,80,78,82,86,80,78,76,95,0,96,98,86,0,0,76,78,84,81,0,80,74,44,78,78,0,69,83,85,82
l24,15=0,0,3,0,0,0,0,80,58,76,84,82,86,85,87,0,77,74,85,87,82,82,79,93,97,0,98,86,0,0,59,81,82,81,0,81,85,1,85,0,77,82,83,85,81
l25,15=0,0,0,0,0,0,0,63,84,30,77,60,78,2,84,0,79,74,77,99,94,78,74,95,97,96,0,88,0,0,0,0,83,74,0,77,85,67,84,78,36,63,97,98,79
l26,15=0,0,0,0,0,0,0,87,93,87,73,54,29,91,94,0,93,72,71,95,58,98,98,95,97,92,97,0,0,0,0,0,97,97,0,87,61,91,97,87,92,78,97,77,91
l27,15=23,40,86,51,28,26,67,0,0,0,0,51,63,34,59,0,79,100,99,94,99,0,0,0,65,92,0,0,0,0,0,100,0,39,0,90,99,95,63,63,98,82,0,27,0
l28,15=22,0,0,53,0,26,0,96,57,0,0,63,63,35,59,0,82,100,99,94,100,0,0,0,68,96,0,0,0,0,97,0,100,100,0,100,100,98,100,63,61,82,0,0,0
l29,15=0,0,0,0,0,0,0,0,0,0,0,0,0,0,0,0,0,95,0,0,0,91,45,97,97,92,98,97,0,0,1,100,0,100,0,100,100,100,100,100,100,100,96,48,0
l30,15=0,0,0,0,0,0,0,0,0,0,0,0,0,0,90,0,89,94,53,99,0,98,0,59,90,95,97,96,0,0,79,100,100,0,0,100,100,100,100,100,100,100,81,59,53
l31,15=0,0,0,0,0,0,0,0,0,0,0,0,0,0,0,0,0,92,0,75,0,0,0,81,90,90,93,92,0,0,94,98,100,100,0,0,100,100,100,100,100,100,82,1,51
l32,15=0,0,0,0,0,0,0,0,0,0,0,0,0,0,0,0,0,0,0,0,0,92,43,97,90,89,98,87,0,0,94,99,100,100,0,100,0,100,100,100,100,100,0,0,22
l33,15=0,0,0,0,0,0,0,0,0,0,0,0,0,0,0,0,0,0,0,0,0,92,0,55,52,0,92,92,0,0,94,98,100,92,0,100,100,0,90,94,96,92,0,0,0
l34,15=0,0,0,0,0,0,0,0,0,0,0,0,0,0,0,0,39,96,0,99,95,98,7,60,68,94,97,95,0,0,97,100,100,100,0,100,100,100,0,100,100,100,56,0,54
l35,15=0,0,0,0,0,0,0,0,0,0,0,0,0,0,54,0,34,100,0,94,99,98,0,57,68,1,98,59,0,0,97,100,100,100,0,100,100,100,100,0,100,100,0,8,0
l36,15=0,0,0,0,27,26,0,0,0,0,33,0,0,0,60,0,73,100,98,99,100,0,0,59,0,96,65,59,0,0,97,100,100,100,0,90,100,99,100,100,0,100,0,0,0
l37,15=0,0,0,0,0,0,0,0,0,0,0,10,0,0,52,0,25,100,89,89,100,0,0,55,62,96,65,58,0,0,97,100,100,100,0,100,100,99,100,100,100,0,0,0,2
l38,15=0,0,0,0,0,0,0,0,0,0,33,0,0,0,51,0,46,55,77,94,57,78,39,89,96,93,96,94,0,0,0,0,65,20,0,56,0,0,26,0,0,0,0,98,93
l39,15=0,0,0,0,0,0,0,0,0,4,29,0,39,0,84,0,56,56,78,84,73,66,60,60,86,77,80,58,0,0,49,0,63,46,0,0,0,0,0,0,0,0,99,0,82
l40,15=0,0,0,0,0,0,0,0,0,0,55,0,0,0,0,0,71,71,0,82,72,54,58,77,96,77,75,85,0,0,0,0,0,32,0,37,0,0,71,0,0,0,97,97,0
l41,15=0,0,0,0,0,0,0,26,52,14,55,44,38,49,86,0,78,82,85,82,82,67,0,84,97,81,88,86,0,0,75,57,53,50,0,0,0,0,0,0,4,0,96,99,82
l42,15=0,0,0,0,0,0,0,0,0,0,0,0,39,0,51,0,46,48,53,85,0,77,61,84,97,80,77,84,0,0,0,0,65,0,0,15,60,0,54,0,0,1,97,98,93
l43,15=0,0,0,0,0,0,0,0,0,0,0,0,0,0,47,0,0,19,53,61,58,61,10,80,64,77,94,64,0,0,0,0,0,45,0,60,55,0,65,49,5,46,95,92,90
l44,15=0,0,0,0,0,0,0,0,0,0,0,0,5,0,46,0,67,0,18,82,0,79,60,81,97,77,97,84,0,0,0,0,64,47,0,0,60,0,0,0,3,0,99,99,94

