l0,0=0,89,89,90,88,88,91,88,86,81,83,89,90,90,37,0,84,40,47,25,0,0,0,0,0,0,0,0,0,0,79,75,0,0,0,0,0,0,0,0,18,0,0,0,0
l1,0=87,0,88,90,85,88,92,87,86,79,76,89,90,93,5,0,40,43,30,23,32,0,0,0,0,0,0,0,0,0,0,67,0,0,0,0,0,0,0,0,0,0,0,0,0
l2,0=88,91,0,88,85,88,92,94,89,83,83,89,90,93,40,0,85,72,63,57,58,9,0,0,0,0,59,0,0,0,43,62,0,0,0,0,0,0,0,0,0,0,0,0,0
l3,0=88,92,87,0,88,88,89,86,89,48,0,89,90,85,33,0,83,73,49,25,0,0,0,0,0,0,0,0,0,0,79,73,0,0,0,0,0,0,0,0,0,48,0,0,0
l4,0=88,88,87,90,0,88,92,87,86,78,80,86,90,91,76,0,78,0,26,0,0,0,0,0,0,0,0,0,0,0,79,68,0,0,0,0,0,0,0,0,0,0,0,0,0
l5,0=88,92,89,88,88,0,89,88,73,61,80,89,90,82,24,0,79,0,29,0,43,0,0,0,0,0,0,0,0,0,74,1,0,0,0,0,0,0,0,0,68,0,0,0,0
l6,0=88,92,89,90,88,88,0,94,89,86,83,89,90,93,56,0,85,72,51,47,48,0,0,0,0,0,22,0,0,0,76,56,0,0,0,0,0,0,0,0,0,0,0,0,0
l7,0=88,91,89,53,88,88,92,0,89,86,83,89,90,93,89,0,86,0,84,87,74,0,65,79,73,80,75,0,0,0,61,0,0,0,0,0,0,0,0,0,0,0,0,31,0
l8,0=88,91,89,90,85,88,92,94,0,86,83,89,90,93,83,0,85,70,79,85,41,0,54,44,37,48,68,51,0,0,0,0,0,0,0,0,0,0,0,0,0,0,0,18,0
l9,0=88,91,88,38,87,88,90,89,89,0,83,89,89,93,91,0,86,59,25,21,48,42,0,50,42,54,61,0,0,0,0,54,0,0,0,0,0,0,0,0,0,0,0,0,0
l10,0=54,51,58,0,53,76,86,61,54,79,0,89,90,29,26,0,88,77,76,83,55,9,42,51,47,67,74,72,0,0,59,63,0,0,0,0,0,0,0,0,51,0,67,23,0
l11,0=82,88,87,75,49,88,87,89,89,86,83,0,90,93,88,0,87,67,23,79,63,37,25,0,43,0,65,68,0,0,0,6,0,0,0,0,0,0,0,0,0,0,0,0,0
l12,0=87,88,87,74,84,88,87,87,86,79,85,89,0,93,86,0,85,70,81,83,88,0,0,10,55,63,78,70,0,0,65,55,0,0,0,0,0,0,0,0,31,0,0,0,17
l13,0=62,91,89,66,88,88,92,94,89,86,74,89,90,0,92,0,87,74,84,39,61,44,19,49,0,61,0,1,0,0,59,51,0,0,0,0,0,0,0,0,0,0,1,5,0
l14,0=40,41,24,0,32,56,70,38,30,30,67,82,54,31,0,0,88,89,89,90,100,0,17,53,46,60,66,79,0,0,83,75,0,22,0,0,0,0,0,21,67,42,76,28,30
l15,0=42,34,45,13,14,65,69,60,31,30,85,89,67,93,96,0,0,4,89,26,77,52,28,54,45,69,74,82,0,0,79,66,14,0,0,0,0,0,0,33,70,30,73,26,0
l16,0=0,0,24,11,0,21,60,0,18,2,76,77,52,28,35,0,11,0,31,35,68,0,0,36,53,52,25,0,0,0,90,89,7,5,0,0,0,40,85,47,86,86,79,30,6
l17,0=40,36,39,40,39,59,67,38,32,27,85,68,47,52,97,0,89,89,0,91,99,50,0,49,51,57,71,72,0,0,79,64,0,0,0,0,0,0,0,0,46,69,72,26,28
l18,0=0,16,17,3,0,0,65,38,30,2,82,71,48,21,76,0,66,89,52,0,100,84,44,54,57,93,85,82,0,0,43,61,0,1,0,28,0,5,77,0,77,76,86,31,31
l19,0=0,2,20,0,0,49,67,32,0,3,83,86,69,43,97,0,89,89,89,94,0,56,25,53,53,93,84,72,0,0,88,88,0,13,0,0,0,0,0,0,92,60,0,53,54
l20,0=0,0,6,0,0,0,0,0,0,54,54,59,0,50,0,0,81,0,78,92,69,0,100,98,88,93,84,96,0,0,0,0,64,66,0,81,83,0,90,26,0,65,91,83,81
l21,0=0,0,0,0,0,0,0,71,87,0,81,6,0,0,61,0,80,0,0,92,72,100,0,96,91,88,85,95,0,0,0,0,57,89,0,0,61,0,84,64,0,0,0,0,83
l22,0=0,0,0,0,0,0,0,56,58,64,68,0,0,61,80,0,73,64,69,91,69,99,80,0,91,80,85,94,0,0,0,1,84,79,0,72,80,71,80,60,60,71,82,90,64
l23,0=0,0,0,0,0,0,0,21,11,12,71,63,33,0,41,0,65,81,80,87,79,88,90,98,0,93,85,89,0,0,0,32,44,16,0,9,0,0,79,45,68,82,90,91,89
l24,0=0,0,3,0,0,0,0,44,18,22,77,24,44,46,86,0,77,77,50,89,83,99,66,87,92,0,85,88,0,0,0,44,24,86,0,28,69,16,85,88,77,4,91,91,33
l25,0=0,0,22,0,0,0,8,39,37,18,72,63,72,0,41,0,71,63,77,92,74,88,88,100,92,93,0,89,0,0,43,0,78,72,0,25,74,69,71,69,53,73,92,91,84
l26,0=0,0,0,0,0,0,0,0,33,0,72,69,72,8,79,0,77,0,75,87,73,100,99,98,91,90,85,0,0,0,36,0,91,86,0,84,85,83,89,85,62,71,83,50,89
l27,0=33,0,14,12,13,59,66,18,0,0,49,0,37,0,32,0,68,89,30,0,63,0,0,0,0,0,11,0,0,0,0,89,32,31,0,41,0,51,88,93,91,94,0,0,3
l28,0=42,41,23,11,13,17,41,0,0,2,53,44,41,0,28,0,55,89,29,24,73,0,0,25,14,23,0,0,0,0,90,0,56,55,0,39,63,55,85,91,94,94,0,0,15
l29,0=0,0,0,0,0,0,0,0,0,0,0,0,0,0,0,0,18,12,0,0,0,56,32,89,47,9,78,95,0,0,64,88,0,96,0,99,99,99,98,97,94,97,0,4,21
l30,0=0,0,0,0,0,0,0,0,0,0,0,0,0,0,8,0,0,0,0,0,0,55,42,62,1,52,25,92,0,0,90,88,100,0,0,99,99,99,98,97,94,97,36,0,0
l31,0=0,0,0,0,0,0,0,0,0,0,0,0,0,0,0,0,0,0,0,25,0,82,0,48,5,18,20,86,0,0,78,36,100,96,0,0,99,99,98,97,94,97,0,0,0
l32,0=0,0,0,0,0,0,0,0,0,0,0,0,0,0,0,0,0,0,0,0,0,74,33,87,0,36,67,73,0,0,0,46,100,96,0,99,0,99,98,97,80,85,0,0,0
l33,0=0,0,0,0,0,0,0,0,0,0,0,0,0,0,0,0,0,16,0,0,0,0,0,61,0,0,40,62,0,0,50,31,100,96,0,99,99,0,96,86,84,37,0,0,0
l34,0=0,0,0,0,0,0,0,0,0,0,0,0,0,0,0,0,0,72,0,78,0,87,61,89,67,77,56,93,0,0,90,85,100,96,0,99,99,99,0,97,94,97,13,2,0
l35,0=0,0,0,0,0,0,0,0,0,0,0,0,0,0,3,0,23,59,0,0,0,5,21,49,14,32,29,81,0,0,90,88,100,96,0,99,99,71,98,0,94,97,19,0,0
l36,0=0,0,0,0,0,54,0,0,0,0,25,0,0,0,18,0,58,64,2,27,66,0,0,48,35,30,22,64,0,0,90,87,63,96,0,89,75,66,98,97,0,97,0,13,0
l37,0=0,0,0,3,0,37,0,0,0,0,0,0,0,0,37,0,38,64,44,60,70,53,0,63,50,5,29,71,0,0,90,88,98,96,0,99,79,49,98,97,94,0,34,0,0
l38,0=0,0,0,0,0,0,0,0,0,0,66,0,0,0,81,0,64,69,78,84,0,83,0,81,78,90,80,78,0,0,0,0,0,74,0,0,0,0,0,30,0,30,0,91,89
l39,0=0,0,0,0,0,0,0,4,11,0,64,0,0,0,74,0,61,70,70,87,71,75,0,86,91,90,85,50,0,0,0,0,0,25,0,0,0,0,3,0,40,0,92,0,89
l40,0=0,0,0,0,0,0,0,0,0,0,0,0,13,0,69,0,13,61,65,76,71,72,75,77,91,79,82,92,0,0,10,54,24,0,0,0,0,0,0,0,0,0,92,91,0
l41,0=0,0,0,0,0,0,0,0,0,7,73,0,44,24,84,0,76,80,84,92,86,0,66,90,91,91,80,88,0,0,76,44,43,0,0,0,0,0,0,32,9,66,93,92,89
l42,0=0,0,0,0,0,0,0,0,0,0,28,0,0,0,65,0,54,64,62,83,65,70,0,88,91,89,85,82,0,0,0,0,0,0,0,48,0,0,68,0,0,0,92,91,87
l43,0=0,0,0,0,0,0,0,0,0,0,45,0,0,0,19,0,44,42,56,70,39,78,70,85,89,90,80,88,0,0,0,0,62,63,0,20,58,0,63,0,0,0,91,90,86
l44,0=0,0,0,0,0,0,0,0,0,0,0,44,57,0,76,0,42,66,73,75,64,84,78,82,89,88,78,80,0,0,0,0,0,47,0,0,0,0,0,0,0,0,92,82,86

l0,1=0,84,91,88,86,88,90,85,80,82,83,79,78,84,37,0,75,57,0,0,0,0,0,0,0,0,0,0,0,0,74,72,0,0,0,0,0,0,0,0,0,0,0,0,0
l1,1=85,0,90,87,87,87,90,85,80,81,45,79,64,85,42,0,0,66,43,43,47,0,0,0,0,0,0,0,0,0,51,69,0,0,0,0,0,0,0,0,0,0,0,0,0
l2,1=86,84,0,86,86,88,90,95,81,85,77,80,78,89,79,0,79,73,75,0,13,0,0,0,0,75,17,0,0,0,0,55,0,0,0,0,0,0,0,0,0,0,0,0,0
l3,1=86,84,88,0,87,87,89,83,80,82,83,79,78,83,72,0,0,66,0,0,1,0,0,0,0,0,0,0,0,0,77,70,0,0,0,0,0,0,0,0,4,0,0,0,0
l4,1=85,84,88,88,0,88,89,82,51,51,62,79,78,85,43,0,54,0,0,40,0,0,0,0,0,0,0,0,0,0,51,0,0,0,0,0,0,0,0,0,0,0,0,0,0
l5,1=86,82,91,76,87,0,90,85,80,52,51,79,78,52,44,0,62,61,0,0,0,0,0,0,0,0,0,0,0,0,52,0,0,0,0,0,0,0,0,0,38,39,0,0,0
l6,1=86,84,91,87,80,88,0,94,81,50,83,80,78,85,46,0,67,73,77,47,50,0,0,0,0,0,0,0,0,0,50,41,0,0,0,0,0,0,0,0,0,0,0,0,0
l7,1=86,84,91,77,82,88,90,0,81,85,83,80,78,89,80,0,82,0,68,61,13,39,48,74,0,80,70,10,0,0,0,0,0,0,0,0,0,0,0,0,0,0,0,6,0
l8,1=60,84,91,85,51,87,90,94,0,85,80,80,78,89,80,0,76,56,74,71,5,51,51,62,57,61,65,12,0,0,62,35,0,0,0,0,0,0,0,0,0,0,0,0,0
l9,1=82,75,90,68,59,77,77,94,81,0,82,80,78,89,76,0,67,59,73,51,4,40,0,0,69,27,38,23,0,0,0,60,0,0,0,0,0,0,0,0,0,0,19,0,0
l10,1=77,62,78,73,41,80,88,80,76,82,0,79,78,85,76,0,84,71,80,76,76,34,69,7,3,83,75,69,0,0,51,53,0,1,0,0,0,0,0,0,0,0,69,5,35
l11,1=77,82,89,70,72,75,88,88,81,85,82,0,78,89,80,0,82,62,80,69,68,0,0,30,40,69,67,0,0,0,0,57,0,0,0,0,0,0,0,0,0,0,0,7,1
l12,1=74,57,88,66,84,85,89,83,78,82,88,80,0,89,80,0,82,70,80,74,75,50,0,50,55,77,73,66,0,0,23,3,0,0,0,0,0,0,0,0,0,0,0,0,0
l13,1=83,84,88,78,83,86,89,93,81,85,83,80,78,0,80,0,82,46,80,45,3,37,59,46,44,80,39,28,0,0,45,55,0,0,0,0,0,0,0,0,0,0,9,0,3
l14,1=14,55,71,52,28,40,68,72,51,46,43,73,72,44,0,0,85,79,81,80,87,41,60,58,47,74,43,16,0,0,72,70,0,0,0,0,0,0,25,0,41,43,77,76,77
l15,1=38,0,69,0,12,46,77,86,53,46,88,80,78,81,88,0,0,77,80,50,85,57,71,61,50,83,47,36,0,0,49,47,0,0,0,0,0,0,0,1,33,2,48,67,0
l16,1=2,28,71,0,0,11,46,0,23,6,21,67,64,0,17,0,64,0,78,52,53,16,0,45,37,52,18,19,0,0,63,85,11,62,0,0,25,8,71,3,9,55,72,1,40
l17,1=0,1,67,0,0,0,41,41,48,47,53,77,72,44,88,0,80,84,0,48,85,40,69,56,47,49,46,34,0,0,47,42,0,0,0,0,0,0,0,0,21,51,71,63,77
l18,1=0,16,0,0,3,0,41,36,46,31,50,64,60,25,84,0,73,85,68,0,85,83,78,17,88,89,86,40,0,0,28,73,0,16,0,27,0,0,39,42,30,46,76,71,28
l19,1=0,29,42,0,0,0,46,56,34,44,48,68,66,22,88,0,80,84,81,84,0,55,43,53,51,80,48,37,0,0,52,79,0,65,0,0,0,0,8,3,45,60,72,73,77
l20,1=0,0,0,0,0,0,0,59,64,58,59,0,53,50,59,0,69,35,58,80,77,0,92,83,84,91,85,91,0,0,24,0,58,54,0,69,66,30,77,44,48,57,83,72,84
l21,1=0,0,0,0,0,0,0,16,44,0,75,0,0,55,66,0,68,0,65,79,67,94,0,81,85,84,85,86,0,0,0,0,53,66,0,0,59,0,60,61,0,0,0,74,78
l22,1=0,0,0,0,0,0,0,59,55,0,3,39,38,36,71,0,62,43,57,50,61,85,77,0,87,78,87,86,0,0,0,0,63,69,0,75,65,47,65,59,55,62,80,66,53
l23,1=0,0,0,0,0,0,0,0,50,66,11,57,48,54,70,0,67,82,66,79,79,88,86,84,0,91,86,85,0,0,0,54,49,71,0,7,11,51,72,70,64,74,89,82,89
l24,1=0,0,51,0,0,0,0,65,53,12,78,68,63,65,78,0,72,75,55,79,80,88,83,81,89,0,86,80,0,0,0,55,30,51,0,0,46,37,52,76,72,67,90,69,88
l25,1=0,0,2,0,0,0,0,48,32,35,72,54,54,27,57,0,64,45,67,80,76,88,84,89,89,92,0,85,0,0,0,0,59,59,0,63,68,45,65,27,47,49,90,83,83
l26,1=0,0,0,0,0,0,0,40,29,35,71,0,57,49,57,0,62,61,59,79,73,88,86,83,85,84,85,0,0,0,0,0,69,75,0,78,73,63,78,72,17,51,79,71,88
l27,1=37,28,0,31,14,28,16,0,35,0,32,0,10,21,48,0,46,90,42,43,36,2,0,0,0,0,0,0,0,0,0,85,66,80,0,53,1,35,47,91,92,54,0,28,0
l28,1=33,23,29,23,0,0,16,0,27,17,14,32,28,16,39,0,25,91,31,52,34,0,0,0,24,64,0,0,0,0,85,0,75,76,0,56,54,29,48,45,92,67,0,7,26
l29,1=0,0,0,0,0,0,0,0,0,0,0,0,0,0,0,0,0,24,0,0,0,38,26,87,43,34,76,90,0,0,57,79,0,87,0,96,89,96,93,96,92,87,17,0,20
l30,1=0,0,0,0,0,0,0,0,0,0,0,0,0,0,0,0,0,31,0,2,25,25,35,78,54,57,62,77,0,0,77,62,86,0,0,96,89,82,93,96,92,87,21,17,0
l31,1=0,0,0,0,0,0,0,0,0,0,0,0,0,0,0,0,0,0,0,32,0,56,0,82,12,1,69,86,0,0,64,61,86,87,0,0,89,96,93,73,92,87,15,9,0
l32,1=0,0,0,0,0,0,0,0,0,0,0,0,0,0,0,0,0,31,0,0,0,44,26,31,22,46,57,72,0,0,6,43,86,87,0,96,0,96,93,96,63,83,0,0,0
l33,1=0,0,0,0,0,0,0,0,0,0,0,0,0,0,0,0,0,2,0,0,0,1,0,38,46,17,43,60,0,0,56,10,86,79,0,96,89,0,93,65,85,64,0,0,0
l34,1=0,0,0,0,0,0,0,0,0,0,0,0,0,0,19,0,0,81,0,78,11,81,41,77,77,71,78,80,0,0,76,82,86,87,0,96,89,95,0,96,92,87,39,16,0
l35,1=0,0,0,0,0,0,0,0,0,0,0,0,0,0,0,0,15,30,0,48,4,14,30,40,69,79,17,43,0,0,85,62,86,87,0,60,88,52,93,0,92,87,6,0,0
l36,1=0,0,0,0,0,13,0,0,0,0,0,0,0,0,36,0,38,53,29,49,53,12,0,26,38,78,10,1,0,0,85,68,82,85,0,64,48,56,90,92,0,86,0,2,0
l37,1=0,0,0,0,0,24,0,0,0,0,0,0,0,0,36,0,31,55,41,50,29,28,4,32,79,76,40,14,0,0,85,83,83,87,0,96,82,45,93,96,92,0,0,0,0
l38,1=0,0,0,0,0,0,0,0,0,0,58,0,0,0,79,0,44,57,62,77,71,80,0,81,82,87,84,75,0,0,0,0,7,44,0,0,0,0,53,0,0,0,0,82,89
l39,1=0,0,0,0,0,0,0,23,0,0,21,31,0,0,79,0,70,0,53,79,80,83,68,81,87,76,85,64,0,0,22,0,0,28,0,3,0,0,14,0,0,0,91,0,89
l40,1=0,0,0,0,0,0,0,0,0,0,56,12,0,0,73,0,0,30,62,53,71,84,75,6,86,81,81,84,0,0,0,0,6,0,0,0,0,0,0,0,0,0,90,82,0
l41,1=0,0,0,0,0,0,0,0,5,31,77,52,46,22,79,0,69,70,65,79,78,88,67,81,88,86,83,81,0,0,60,68,0,33,0,16,0,0,9,1,0,33,92,84,90
l42,1=0,0,0,0,0,0,0,0,0,0,0,0,0,0,61,0,52,54,52,79,0,52,0,81,87,89,85,77,0,0,0,0,45,1,0,55,41,0,51,0,0,1,90,82,89
l43,1=0,0,0,0,0,0,0,0,0,0,27,0,0,0,58,0,46,44,0,61,64,87,61,77,84,81,83,65,0,0,0,0,45,54,0,32,20,0,40,0,0,0,87,81,89
l44,1=0,0,0,0,0,0,0,0,0,0,0,0,32,0,60,0,3,3,62,67,68,78,66,78,82,82,81,80,0,0,41,0,3,35,0,0,0,0,0,0,0,0,90,76,89

l0,2=0,20,75,90,83,87,73,64,38,86,78,68,87,82,23,0,21,64,71,23,0,0,0,0,0,0,0,0,0,0,67,50,0,0,0,0,0,0,0,0,0,0,0,0,0
l1,2=75,0,72,90,86,87,73,64,46,86,73,81,85,75,69,0,80,76,61,57,49,0,0,0,0,0,0,0,0,0,67,60,0,0,0,0,0,0,0,0,0,0,0,0,0
l2,2=75,21,0,81,82,87,73,74,47,85,78,81,87,83,78,0,82,78,70,68,43,0,0,35,0,58,0,0,0,0,64,62,0,0,0,0,0,0,0,0,0,0,0,0,0
l3,2=86,43,74,0,86,87,59,65,40,84,79,81,86,83,29,0,43,70,67,0,0,0,0,0,0,0,0,0,0,0,10,55,0,0,0,0,0,0,0,0,6,0,0,0,0
l4,2=76,43,75,90,0,87,73,62,40,63,74,81,87,83,74,0,72,10,27,0,0,0,0,0,0,0,0,0,0,0,52,57,0,0,0,0,0,0,0,0,0,0,0,0,0
l5,2=80,43,71,84,86,0,73,66,46,84,79,77,87,83,78,0,62,0,53,48,19,0,0,0,0,0,0,0,0,0,69,0,0,0,0,0,0,0,0,0,0,0,0,0,0
l6,2=79,43,75,80,85,87,0,78,47,87,77,83,87,84,73,0,86,77,68,0,16,2,0,0,0,0,0,0,0,0,32,57,0,0,0,0,0,0,0,0,0,0,0,0,0
l7,2=74,20,74,81,78,86,72,0,47,87,78,86,85,84,66,0,86,0,77,57,51,36,49,54,49,71,57,0,0,0,0,0,0,0,0,0,0,0,0,0,0,0,0,0,0
l8,2=73,20,75,80,77,86,61,68,0,85,73,83,87,84,75,0,79,35,76,62,0,42,56,58,3,54,58,50,0,0,54,48,0,0,0,0,0,0,0,0,0,0,0,0,0
l9,2=72,20,72,80,62,82,61,68,39,0,78,86,87,84,78,0,78,69,76,64,61,51,26,1,61,57,59,57,0,0,22,53,0,0,0,0,0,0,0,0,0,0,0,45,0
l10,2=60,17,59,69,66,86,50,59,30,84,0,83,87,83,72,0,86,71,79,76,70,0,57,47,60,77,70,63,0,0,0,55,0,0,0,0,0,0,0,0,19,0,8,63,56
l11,2=52,20,61,80,77,71,60,72,40,87,78,0,87,84,78,0,85,69,76,59,75,54,59,13,53,70,59,0,0,0,55,46,0,0,0,0,0,0,0,0,0,0,30,63,32
l12,2=66,19,70,74,74,86,59,60,37,84,82,87,0,84,78,0,86,77,76,74,74,0,57,47,69,71,65,69,0,0,50,49,0,0,0,0,0,0,0,0,0,1,20,58,0
l13,2=64,19,70,79,76,86,61,68,39,87,78,87,87,0,78,0,85,63,74,65,66,0,0,56,55,58,0,0,0,0,61,56,0,0,0,0,0,0,0,0,0,0,0,0,0
l14,2=23,17,56,3,59,66,47,57,34,76,70,75,80,75,0,0,87,5,84,83,86,58,61,63,67,83,84,58,0,0,74,71,0,0,0,0,0,0,35,42,55,10,32,90,60
l15,2=0,17,58,0,63,53,59,64,35,77,81,81,87,83,87,0,0,78,78,76,80,69,74,69,68,77,76,68,0,0,67,66,0,0,0,0,0,0,0,37,62,31,31,72,21
l16,2=2,10,59,16,32,0,30,0,20,44,69,46,70,34,1,0,79,0,76,86,85,0,0,0,77,77,34,47,0,0,85,83,32,64,0,10,0,0,20,4,72,51,18,37,13
l17,2=48,8,53,54,35,32,44,55,33,68,77,73,80,58,88,0,78,72,0,70,86,59,62,55,70,63,62,61,0,0,60,58,0,41,0,0,0,0,0,0,54,0,32,67,59
l18,2=6,1,40,0,0,25,0,51,31,46,63,53,65,46,76,0,66,87,71,0,86,74,56,69,89,78,92,74,0,0,75,75,14,0,0,0,0,0,40,32,54,39,62,68,26
l19,2=0,1,7,0,0,8,0,54,0,59,70,68,73,60,88,0,81,82,84,86,0,62,0,54,69,81,72,70,0,0,64,78,0,44,0,0,0,0,0,0,69,41,30,75,58
l20,2=0,0,0,0,0,0,1,49,6,47,1,64,51,4,61,0,68,0,64,78,69,0,93,81,81,86,87,94,0,0,0,0,78,0,0,64,46,64,58,41,45,40,70,77,81
l21,2=0,0,0,0,0,0,0,9,31,0,52,49,56,12,57,0,69,0,58,64,0,88,0,78,86,81,82,84,0,0,0,0,0,0,0,0,0,0,0,0,0,0,0,79,66
l22,2=0,0,0,0,0,0,0,46,30,0,41,41,49,46,71,0,66,0,63,69,59,80,78,0,89,84,92,90,0,0,0,0,76,81,0,66,72,36,73,56,52,0,65,75,56
l23,2=0,0,0,0,0,0,0,23,0,55,47,54,66,44,69,0,69,73,70,81,70,76,82,84,0,89,92,83,0,0,0,0,67,73,0,45,62,61,67,0,46,69,73,88,82
l24,2=0,0,24,0,0,0,0,55,22,35,69,70,70,45,76,0,71,73,55,77,74,81,84,79,89,0,91,82,0,0,47,49,65,29,0,32,41,42,50,40,71,53,73,85,81
l25,2=0,0,0,0,0,0,0,42,22,46,61,52,49,6,73,0,69,49,53,78,67,79,78,89,89,89,0,84,0,0,15,42,65,77,0,47,70,44,65,0,63,28,75,85,78
l26,2=0,0,0,0,0,0,0,18,29,51,49,24,63,0,47,0,61,46,64,78,75,86,85,85,87,84,86,0,0,0,0,0,79,86,0,73,76,53,78,27,47,24,71,81,82
l27,2=40,24,49,4,51,53,8,0,27,0,27,63,51,53,80,0,78,86,46,80,73,0,0,0,0,51,2,0,0,0,0,83,72,78,0,63,50,71,66,66,90,47,0,31,0
l28,2=13,7,44,11,47,2,37,0,25,50,56,48,48,48,76,0,72,87,39,84,75,0,0,1,0,67,20,0,0,0,85,0,74,82,0,68,59,46,74,61,90,93,0,0,11
l29,2=0,0,0,0,0,0,0,0,0,0,0,0,0,0,0,0,0,39,0,13,0,76,0,85,64,64,72,89,0,0,61,74,0,96,0,89,92,97,92,91,90,96,0,0,0
l30,2=0,0,0,0,0,0,0,0,0,0,0,0,0,0,0,0,4,56,14,0,38,0,0,80,48,8,69,94,0,0,78,81,88,0,0,89,92,97,92,91,90,97,22,46,0
l31,2=0,0,0,0,0,0,0,0,0,0,0,0,0,0,0,0,0,42,0,20,0,48,0,72,49,44,56,89,0,0,56,53,88,96,0,0,92,97,92,88,90,97,43,0,0
l32,2=0,0,0,0,0,0,0,0,0,0,0,0,0,0,0,0,0,0,0,0,0,28,4,85,67,50,78,79,0,0,53,55,88,96,0,89,0,97,92,91,0,95,0,4,0
l33,2=0,0,0,0,0,0,0,0,0,0,0,0,0,0,0,0,0,0,0,0,0,58,0,40,65,42,56,63,0,0,61,48,88,96,0,89,92,0,92,89,89,80,0,0,0
l34,2=0,0,0,0,0,0,0,0,0,0,0,0,0,0,26,0,0,40,0,39,0,25,0,81,62,40,67,87,0,0,84,83,88,96,0,89,92,94,0,91,90,97,35,32,0
l35,2=0,0,0,0,0,0,0,0,0,0,0,0,0,0,50,0,52,13,0,40,0,23,0,44,0,68,0,29,0,0,82,75,88,96,0,84,92,94,92,0,90,97,0,0,0
l36,2=0,0,0,0,0,0,0,0,0,0,1,0,0,0,60,0,68,86,36,55,78,19,12,44,37,79,49,52,0,0,85,83,84,92,0,84,0,91,92,91,0,97,0,0,0
l37,2=0,0,0,0,0,1,0,0,0,0,0,0,31,0,40,0,65,81,0,80,70,56,5,38,82,81,36,42,0,0,85,83,88,96,0,89,91,90,92,91,90,0,36,44,19
l38,2=0,0,0,0,0,0,0,0,0,0,0,31,0,0,57,0,53,55,59,73,50,73,0,72,84,77,88,72,0,0,0,0,0,1,0,6,0,0,48,0,0,0,0,89,85
l39,2=0,0,0,0,0,0,0,0,0,0,33,50,43,0,77,0,69,67,67,74,74,74,72,74,87,84,86,74,0,0,26,0,0,51,0,0,2,0,24,0,0,13,77,0,86
l40,2=0,0,0,0,0,0,0,0,0,0,47,25,0,0,72,0,33,46,64,46,57,76,62,65,84,79,78,79,0,0,0,8,0,0,0,0,0,0,0,0,0,0,75,87,0
l41,2=0,0,0,0,0,0,0,0,7,0,58,46,48,58,76,0,68,73,70,78,72,79,15,78,89,82,81,76,0,0,0,56,0,20,0,0,4,0,48,0,0,17,76,88,82
l42,2=0,0,0,0,0,0,0,0,0,0,2,0,0,0,62,0,63,58,61,75,63,71,67,79,87,83,83,72,0,0,0,0,0,67,0,0,52,0,60,27,0,0,72,87,82
l43,2=0,0,0,0,0,0,0,0,0,0,0,0,0,0,55,0,54,0,46,54,42,72,55,58,65,74,80,70,0,0,0,0,42,58,0,0,39,0,49,0,0,0,61,77,82
l44,2=0,0,0,0,0,0,0,0,0,0,0,0,0,0,50,0,54,53,54,65,58,63,62,69,82,78,77,72,0,0,0,0,0,53,0,0,0,0,22,38,0,0,74,85,81

l0,3=0,94,81,73,89,38,87,88,85,90,82,86,23,50,79,0,82,71,74,0,0,0,0,0,0,0,0,0,0,0,40,0,0,0,0,0,0,0,0,0,0,0,0,0,0
l1,3=90,0,84,73,89,38,87,82,85,87,85,90,28,50,0,0,82,76,83,55,18,0,0,0,46,0,0,0,0,0,41,19,0,0,0,0,0,0,0,2,0,0,0,0,0
l2,3=86,92,0,61,87,5,87,91,86,90,85,91,30,52,83,0,89,74,0,71,0,0,0,20,0,0,5,0,0,0,38,17,0,0,0,0,0,0,0,0,0,0,0,0,0
l3,3=90,94,86,0,89,35,86,76,83,87,81,90,28,49,71,0,90,0,0,0,0,0,0,0,0,0,0,0,0,0,40,16,0,0,0,0,0,0,0,0,0,0,0,0,0
l4,3=90,94,88,73,0,38,87,79,86,83,81,89,26,56,79,0,0,0,73,0,12,0,0,0,0,0,0,0,0,0,0,0,0,0,0,0,0,0,0,0,0,0,0,0,0
l5,3=90,94,84,72,89,0,87,93,83,87,86,61,28,50,71,0,87,65,73,64,5,0,0,0,0,0,0,0,0,0,42,15,0,0,0,0,0,0,0,0,0,0,0,0,0
l6,3=88,94,88,59,89,38,0,90,83,90,85,91,36,51,83,0,89,76,83,0,0,0,0,18,0,39,30,0,0,0,18,0,0,0,0,0,0,0,0,0,0,0,0,0,0
l7,3=87,92,84,58,85,6,85,0,84,90,85,91,29,51,90,0,89,0,86,84,32,0,0,76,27,75,68,0,0,0,0,0,0,0,0,0,0,0,0,0,0,0,0,0,0
l8,3=87,92,86,59,86,5,85,91,0,90,85,91,28,51,90,0,87,53,89,85,34,0,69,61,17,63,59,60,0,0,31,0,0,0,0,0,0,0,0,0,0,0,0,60,0
l9,3=87,90,84,58,83,5,85,91,84,0,85,91,29,51,87,0,89,65,86,81,33,16,0,58,47,70,53,58,0,0,34,18,0,0,0,0,0,0,0,0,0,0,0,0,0
l10,3=82,89,80,55,82,6,85,81,67,89,0,91,41,49,93,0,91,76,95,87,40,36,30,75,49,81,70,72,0,0,0,11,0,0,0,0,0,0,0,0,0,0,0,55,0
l11,3=85,91,84,58,83,4,85,91,85,90,85,0,43,51,87,0,90,76,85,82,39,32,66,59,51,74,64,49,0,0,39,18,0,0,0,0,0,0,0,0,0,0,0,69,0
l12,3=65,85,84,54,74,5,85,90,79,89,86,91,0,56,93,0,91,70,86,76,37,14,63,38,49,70,64,69,0,0,23,6,0,0,0,0,0,0,0,0,0,52,0,62,0
l13,3=86,92,84,59,84,5,85,91,85,90,86,91,38,0,89,0,90,76,82,73,37,31,4,75,50,73,0,0,0,0,41,19,0,0,0,0,0,0,0,0,0,0,0,0,0
l14,3=61,0,68,31,62,4,76,84,80,85,85,90,29,48,0,0,91,90,95,94,69,36,69,76,50,80,75,47,0,0,47,22,0,0,0,0,0,0,0,62,0,41,85,78,74
l15,3=50,69,76,54,0,2,85,90,63,86,86,91,30,50,96,0,0,86,95,87,44,41,75,78,54,80,73,47,0,0,43,20,0,0,0,0,0,0,0,8,3,52,47,77,60
l16,3=52,73,25,0,0,1,78,0,18,37,77,79,26,43,97,0,91,0,89,99,70,24,0,43,39,77,70,33,0,0,94,89,0,73,0,0,24,0,73,60,92,60,35,73,66
l17,3=43,75,0,0,34,3,71,70,76,88,86,90,28,38,97,0,91,86,0,96,46,36,68,80,57,70,0,32,0,0,43,20,0,0,0,0,0,0,0,0,4,63,79,46,64
l18,3=0,4,20,0,0,2,0,70,66,71,77,79,21,24,88,0,81,91,91,0,70,84,82,73,90,86,76,84,0,0,83,23,42,0,0,10,0,0,54,57,8,67,75,66,5
l19,3=0,14,0,0,16,0,0,47,61,59,83,85,27,38,97,0,91,93,95,99,0,37,71,71,57,83,70,86,0,0,51,13,31,10,0,0,0,0,0,0,5,4,82,76,0
l20,3=0,0,0,0,0,0,0,0,0,6,75,67,10,27,88,0,84,35,83,95,61,0,99,91,80,86,75,95,0,0,0,0,92,83,0,68,82,80,88,35,1,0,86,74,87
l21,3=0,0,0,0,0,0,0,0,67,0,36,59,21,0,78,0,83,0,81,95,49,99,0,85,85,85,74,88,0,0,0,0,0,57,0,65,0,33,0,0,0,0,0,71,64
l22,3=0,0,0,0,0,0,0,55,39,48,56,43,9,37,69,0,73,29,77,83,47,97,87,0,88,86,82,94,0,0,16,0,74,74,0,63,83,40,79,26,0,44,78,69,81
l23,3=0,38,0,0,0,0,0,22,3,55,54,62,25,27,73,0,74,51,84,96,62,63,80,86,0,87,82,90,0,0,0,0,72,72,0,69,63,37,54,61,14,80,87,75,90
l24,3=0,0,0,0,0,0,25,62,44,55,77,68,15,28,68,0,77,59,65,97,60,97,63,92,89,0,80,88,0,0,0,0,67,55,0,39,28,34,47,51,4,72,82,80,90
l25,3=0,0,0,0,0,0,5,61,41,45,61,64,22,0,72,0,75,50,0,95,53,79,68,94,90,86,0,90,0,0,26,16,58,60,0,62,65,0,58,44,58,7,87,75,74
l26,3=0,0,0,0,0,0,0,21,39,43,56,46,33,0,47,0,56,31,41,86,57,99,95,88,87,83,75,0,0,0,2,3,86,78,0,85,77,34,75,71,37,46,85,56,87
l27,3=68,49,27,50,0,24,0,0,23,38,0,69,18,34,79,0,79,92,83,96,34,0,0,39,1,0,50,0,0,0,0,89,78,91,0,63,67,12,94,91,93,96,29,35,51
l28,3=0,48,20,37,0,3,0,0,0,40,50,67,15,34,86,0,83,93,82,68,13,0,0,0,0,0,53,3,0,0,94,0,83,95,0,68,73,65,99,98,93,99,33,34,0
l29,3=0,0,0,0,0,0,0,0,0,0,0,0,0,0,0,0,0,0,0,52,3,99,0,84,83,86,60,91,0,0,85,83,0,99,0,99,100,100,99,98,90,100,0,0,0
l30,3=0,0,0,0,0,0,0,0,0,0,0,0,0,0,0,0,0,88,0,0,1,89,28,94,81,77,74,95,0,0,94,89,98,0,0,99,100,98,99,98,93,100,35,1,32
l31,3=0,0,0,0,0,0,0,0,0,0,0,0,0,0,0,0,0,0,0,52,1,86,33,71,76,24,67,92,0,0,43,47,98,99,0,0,100,93,99,98,93,100,30,29,35
l32,3=0,0,0,0,0,0,0,0,0,0,0,0,0,0,0,0,0,35,0,0,0,91,0,93,81,15,79,94,0,0,64,48,98,99,0,99,0,100,99,98,92,100,0,11,0
l33,3=0,0,0,0,0,0,0,0,0,0,0,0,0,0,0,0,0,0,0,0,0,85,8,60,57,28,0,9,0,0,0,47,98,99,0,95,100,0,99,98,92,88,0,0,0
l34,3=0,0,0,0,0,0,0,0,0,0,0,0,0,0,0,0,0,78,0,58,0,89,0,91,64,24,65,80,0,0,93,89,98,99,0,99,100,100,0,98,93,100,1,0,61
l35,3=0,0,0,0,0,0,0,0,0,0,0,0,0,0,78,0,30,80,0,68,0,43,0,37,66,31,56,48,0,0,60,55,98,99,0,99,100,100,99,0,93,100,6,0,0
l36,3=0,0,0,0,0,0,0,0,0,0,0,2,0,0,0,0,77,91,88,73,18,5,3,35,60,31,73,31,0,0,94,89,91,99,0,99,91,87,99,98,0,100,0,38,0
l37,3=0,0,0,0,0,0,0,0,0,0,10,0,31,0,62,0,61,71,79,72,4,0,0,51,78,31,30,44,0,0,80,89,98,99,0,99,100,85,99,98,93,0,31,32,0
l38,3=0,0,0,0,0,0,0,0,0,0,0,0,0,0,68,0,56,35,69,65,52,76,0,65,73,73,69,66,0,0,7,15,0,41,0,0,0,0,0,0,0,17,0,74,90
l39,3=0,0,0,0,0,0,0,0,38,0,50,60,13,0,70,0,67,55,61,71,33,57,66,67,77,79,69,56,0,0,18,16,0,0,0,0,2,0,0,0,3,6,88,0,90
l40,3=0,0,0,0,0,0,0,0,0,0,0,0,0,0,63,0,56,42,56,6,0,79,48,66,77,79,67,70,0,0,27,0,0,10,0,0,0,0,49,0,0,0,88,80,0
l41,3=0,0,0,0,0,0,0,0,22,0,55,0,12,27,80,0,74,69,72,95,57,61,4,78,87,86,75,66,0,0,26,17,0,0,0,0,0,0,40,0,0,0,87,76,90
l42,3=0,0,0,0,0,0,0,0,0,0,22,0,0,0,58,0,52,31,51,74,52,68,64,65,87,82,74,66,0,0,0,0,0,0,0,28,16,37,49,27,0,0,87,81,90
l43,3=0,0,0,0,0,0,0,0,0,0,0,0,2,0,45,0,19,22,0,54,45,66,47,39,68,74,65,65,0,0,0,0,54,0,0,0,0,0,31,0,0,0,82,68,82
l44,3=0,0,0,0,0,0,0,0,0,0,0,0,0,0,43,0,50,29,39,69,36,49,59,67,77,80,69,60,0,0,0,0,42,54,0,2,0,0,42,43,0,0,87,70,81

l0,4=0,96,96,97,98,92,81,19,66,98,39,90,90,90,81,0,61,53,0,0,0,0,0,0,0,0,0,0,0,0,79,17,0,0,0,0,0,0,0,0,0,0,0,0,0
l1,4=98,0,96,97,98,96,81,21,66,98,91,93,96,95,0,0,51,0,72,59,23,0,0,0,56,0,0,0,0,0,73,0,0,0,0,0,0,0,0,0,3,0,0,0,0
l2,4=97,95,0,95,98,94,81,30,66,98,91,93,96,95,84,0,70,51,59,64,0,0,0,0,0,0,22,0,0,0,0,18,0,0,0,0,0,0,0,0,0,0,0,0,0
l3,4=98,96,95,0,98,96,77,26,66,85,80,90,86,89,77,0,63,53,73,0,0,0,0,0,0,0,0,0,0,0,78,17,0,0,0,0,0,0,0,0,0,0,0,0,0
l4,4=98,96,98,97,0,96,81,41,65,95,87,90,87,96,79,0,58,54,82,0,0,0,0,0,0,0,0,0,0,0,0,18,0,0,0,0,0,0,0,0,0,0,0,0,0
l5,4=96,96,98,97,98,0,81,35,65,98,93,93,96,94,65,0,12,26,0,0,54,0,0,0,0,0,0,0,0,0,93,15,0,0,0,0,0,0,0,0,60,40,0,0,0
l6,4=95,96,97,95,96,93,0,21,51,98,91,93,96,94,84,0,77,54,83,54,55,0,0,0,0,43,0,0,0,0,80,0,0,0,0,0,0,0,0,0,0,0,0,0,0
l7,4=95,94,96,95,94,90,80,0,64,98,91,93,96,94,89,0,77,0,87,81,74,5,0,67,47,73,66,53,0,0,0,0,0,0,0,0,0,0,0,0,0,0,0,0,0
l8,4=95,95,98,95,94,89,38,32,0,98,4,93,96,94,89,0,76,38,89,81,54,50,0,58,55,6,52,51,0,0,66,0,0,0,0,0,0,0,0,0,0,0,0,57,0
l9,4=95,94,96,82,88,89,80,21,57,0,91,93,96,94,88,0,77,55,90,63,70,1,0,65,63,61,33,55,0,0,76,8,0,0,0,0,0,0,0,0,0,0,0,0,0
l10,4=39,91,85,82,82,87,77,17,0,97,0,85,96,92,85,0,85,59,87,71,82,51,49,72,67,69,65,57,0,0,72,11,0,0,0,0,0,0,0,0,0,8,76,71,0
l11,4=95,94,96,86,81,83,79,21,59,98,89,0,96,95,79,0,82,52,90,71,68,0,33,73,61,55,57,57,0,0,65,11,0,0,0,0,0,0,0,0,0,0,0,56,0
l12,4=93,95,96,86,83,89,80,22,59,98,94,93,0,96,89,0,85,65,78,72,84,0,59,67,68,60,69,71,0,0,70,0,0,0,0,0,0,0,0,0,0,0,16,69,57
l13,4=95,94,96,92,94,89,79,21,57,98,91,93,96,0,89,0,78,63,86,67,82,53,0,68,64,68,60,63,0,0,0,8,0,0,0,0,0,0,0,0,0,0,0,59,0
l14,4=73,0,74,74,49,52,60,17,46,84,87,74,91,85,0,0,84,77,91,77,89,65,0,65,64,62,62,60,0,0,74,9,0,0,0,0,0,0,0,70,39,73,80,76,69
l15,4=75,72,74,75,69,0,68,19,49,89,95,93,96,77,89,0,0,66,90,74,82,69,62,67,68,60,65,60,0,0,84,11,0,64,0,0,0,0,0,0,71,0,74,71,38
l16,4=63,0,70,75,58,34,59,0,19,63,78,77,84,78,90,0,82,0,86,89,89,24,0,0,65,60,69,0,0,0,99,96,0,67,0,0,7,0,79,81,84,76,78,76,55
l17,4=0,73,17,72,70,0,61,15,46,83,82,79,78,75,90,0,79,60,0,78,68,0,60,66,63,56,58,57,0,0,74,9,0,0,0,0,0,0,2,0,74,71,65,72,67
l18,4=0,61,57,0,0,1,35,20,50,51,64,71,71,58,79,0,69,80,81,0,92,65,68,59,77,75,73,67,0,0,79,69,0,52,0,60,0,0,65,57,67,59,73,72,65
l19,4=0,7,0,0,0,58,52,17,40,83,78,78,79,76,90,0,85,79,79,89,0,69,63,67,73,61,63,66,0,0,74,10,0,49,0,0,0,0,64,8,66,74,80,78,69
l20,4=0,0,0,0,0,0,0,6,28,0,33,0,0,47,58,0,66,25,0,80,55,0,90,75,70,77,74,91,0,0,0,0,85,64,0,53,47,58,64,51,51,42,79,79,65
l21,4=0,0,0,0,0,0,0,0,0,0,25,48,54,0,0,0,64,0,58,81,63,93,0,75,69,71,71,87,0,0,0,0,0,0,0,62,0,0,61,0,0,0,0,74,74
l22,4=0,0,0,0,0,0,0,11,35,61,47,53,52,54,60,0,51,0,60,68,54,76,62,0,77,79,86,90,0,0,0,0,61,68,0,59,67,60,57,0,63,54,63,75,61
l23,4=0,15,0,0,0,0,0,4,31,61,55,52,70,54,64,0,58,44,69,87,77,77,59,85,0,84,86,77,0,0,0,5,51,51,0,64,50,50,57,67,0,66,80,83,89
l24,4=0,0,0,0,0,9,35,19,9,69,81,63,68,69,81,0,67,51,76,83,70,84,73,80,77,0,80,75,0,0,0,7,55,52,0,0,38,10,59,76,70,58,73,83,82
l25,4=0,0,0,0,0,0,0,13,35,0,63,60,69,54,66,0,57,53,67,74,62,75,62,87,77,75,0,70,0,0,49,0,74,70,0,64,57,54,57,64,70,36,65,76,65
l26,4=0,0,0,0,0,0,0,24,35,58,45,54,59,54,60,0,46,0,57,82,61,93,80,87,70,69,76,0,0,0,39,42,74,65,0,65,56,57,64,60,65,43,69,69,70
l27,4=57,63,0,54,0,67,59,0,42,59,50,73,46,0,89,0,80,81,90,82,88,0,0,0,1,0,53,12,0,0,0,96,46,70,0,69,61,2,89,100,100,100,72,55,0
l28,4=76,2,68,56,59,53,0,0,0,52,53,87,0,59,72,0,80,81,88,86,84,0,0,0,46,26,0,37,0,0,99,0,35,88,0,83,91,87,95,100,100,100,65,64,26
l29,4=0,0,0,0,0,0,0,0,0,0,0,0,0,0,0,0,0,0,0,0,0,87,0,78,70,50,79,83,0,0,87,61,0,96,0,100,100,100,100,100,100,100,85,76,0
l30,4=0,0,0,0,0,0,0,0,0,0,0,0,0,0,0,0,63,66,0,73,51,84,0,79,69,46,75,80,0,0,85,88,94,0,0,100,100,96,100,100,100,100,84,0,0
l31,4=0,0,0,0,0,0,0,0,0,0,0,0,0,0,0,0,0,0,0,77,0,83,60,86,77,3,75,91,0,0,67,74,94,96,0,0,100,100,100,100,100,100,0,25,74
l32,4=0,0,0,0,0,0,0,0,0,0,0,0,0,0,0,0,0,3,0,0,0,91,0,86,76,45,84,88,0,0,76,91,94,96,0,100,0,100,100,100,100,100,0,26,0
l33,4=0,0,0,0,0,0,0,0,0,0,0,0,0,0,0,0,0,0,0,0,0,92,0,81,72,0,78,75,0,0,0,91,94,96,0,100,100,0,100,100,100,94,0,0,0
l34,4=0,0,0,0,0,0,0,0,0,0,0,0,0,0,0,0,0,80,1,85,68,91,56,68,73,46,74,91,0,0,99,96,94,96,0,100,100,100,0,100,100,100,0,0,74
l35,4=0,0,0,0,0,0,0,0,0,0,0,0,0,0,89,0,2,80,0,84,12,85,0,7,77,54,83,72,0,0,99,96,94,96,0,100,100,100,100,0,100,100,0,0,5
l36,4=0,0,0,0,0,48,0,0,0,0,0,0,0,0,2,0,65,81,85,84,71,57,0,53,0,39,82,52,0,0,99,96,58,96,0,100,100,100,100,100,0,100,0,45,0
l37,4=0,0,0,0,1,32,0,0,0,0,10,0,0,0,83,0,34,71,81,79,80,68,0,58,77,46,37,32,0,0,99,96,94,96,0,100,100,89,100,100,100,0,74,0,18
l38,4=0,0,0,0,0,0,0,0,0,0,34,0,0,0,63,0,40,38,18,59,55,62,4,56,67,41,36,52,0,0,21,2,38,50,0,0,0,0,0,0,0,0,0,83,89
l39,4=0,0,0,0,0,0,0,0,25,0,39,44,47,24,64,0,52,44,63,75,67,62,40,71,68,65,71,56,0,0,19,5,41,0,0,0,2,0,0,0,17,0,81,0,89
l40,4=0,0,0,0,0,0,0,0,0,0,0,0,38,0,56,0,11,22,51,65,56,66,52,60,68,55,52,55,0,0,0,0,0,0,0,4,0,0,41,0,0,1,86,83,0
l41,4=0,0,0,0,0,0,0,0,0,0,55,49,65,64,69,0,53,60,65,77,66,69,48,70,69,65,73,59,0,0,54,10,12,0,0,0,0,0,43,19,0,0,83,80,81
l42,4=0,0,0,0,0,0,0,0,0,0,34,0,0,0,53,0,0,36,61,77,62,74,41,65,69,68,67,62,0,0,0,0,40,37,0,47,38,31,52,14,12,0,82,82,83
l43,4=0,0,0,0,0,0,0,0,0,0,0,0,31,0,10,0,33,26,39,28,56,75,41,62,55,63,69,41,0,0,0,0,62,37,0,0,0,0,0,0,0,0,79,81,81
l44,4=0,0,0,0,0,0,0,0,0,0,0,0,0,0,65,0,47,36,50,70,48,72,40,63,70,73,72,52,0,0,0,0,50,52,0,0,0,0,46,0,0,0,86,83,82

l0,5=0,94,86,84,90,93,92,91,87,89,25,88,86,79,29,0,59,48,12,11,0,0,0,0,0,0,0,0,0,0,24,0,0,0,0,0,0,0,0,0,0,0,0,0,0
l1,5=92,0,86,83,41,93,92,91,87,67,83,45,87,85,43,0,45,55,40,9,35,0,0,0,0,0,0,0,0,0,28,14,0,0,0,0,0,0,0,0,0,0,0,0,0
l2,5=92,93,0,83,90,93,92,91,87,87,44,88,92,85,53,0,55,46,47,10,0,0,0,0,4,0,0,0,0,0,0,26,0,0,0,0,0,0,0,0,0,0,0,0,0
l3,5=93,96,88,0,93,94,92,91,87,89,53,88,76,84,26,0,57,61,54,4,0,0,0,0,0,0,0,0,0,0,71,40,0,0,0,0,0,0,0,0,0,0,0,0,0
l4,5=93,63,89,84,0,94,92,91,86,85,0,87,86,84,0,0,64,73,55,59,0,0,0,0,0,0,0,0,0,0,82,21,0,0,0,0,0,0,0,0,0,0,0,0,0
l5,5=89,93,86,83,93,0,92,91,87,89,83,88,72,85,63,0,58,41,55,16,33,0,0,0,0,0,0,0,0,0,76,3,0,0,0,0,0,0,3,0,27,0,0,0,0
l6,5=89,94,86,73,90,94,0,91,87,91,79,51,88,84,53,0,59,47,73,22,0,0,0,0,2,39,17,0,0,0,23,19,0,0,0,0,0,0,0,0,0,0,0,0,0
l7,5=73,88,87,75,86,93,92,0,87,91,70,90,91,84,78,0,62,0,79,68,0,0,0,0,0,67,54,9,0,0,0,0,0,0,0,0,0,0,0,0,0,0,0,0,0
l8,5=93,96,89,66,73,83,80,91,0,91,76,90,93,87,75,0,55,34,30,57,53,0,40,4,10,58,53,34,0,0,17,0,0,0,0,0,0,0,0,0,0,0,0,1,0
l9,5=86,69,76,66,73,84,91,91,87,0,84,90,91,87,78,0,56,47,79,10,49,39,0,0,12,50,51,22,0,0,19,8,0,0,0,0,0,0,0,0,0,0,0,20,0
l10,5=19,24,52,51,36,91,81,77,79,73,0,53,92,86,88,0,76,55,46,24,69,53,40,1,16,62,62,28,0,0,21,15,0,0,0,0,0,0,0,0,0,19,29,24,0
l11,5=78,38,76,65,72,81,73,90,87,91,81,0,93,86,0,0,67,31,78,32,59,0,0,1,16,45,51,30,0,0,21,18,0,0,0,0,0,0,0,0,0,0,25,0,0
l12,5=87,87,86,51,77,69,91,91,87,91,88,90,0,87,85,0,74,60,79,22,78,33,38,0,28,52,67,32,0,0,21,9,0,0,0,0,0,0,0,0,3,0,29,25,0
l13,5=78,77,76,66,73,80,80,83,87,91,85,90,93,0,80,0,61,62,75,65,68,49,0,2,43,73,50,59,0,0,69,15,0,0,0,0,0,0,0,0,0,0,0,27,0
l14,5=4,0,13,13,43,52,35,81,82,60,85,0,86,66,0,0,74,91,90,45,81,55,40,1,16,54,60,32,0,0,28,16,0,0,0,0,0,0,0,34,38,17,30,26,21
l15,5=21,0,22,49,64,66,85,72,82,59,88,48,87,39,85,0,0,75,89,40,75,63,38,1,15,54,63,33,0,0,22,24,0,0,0,0,0,0,0,0,40,22,16,26,14
l16,5=4,0,13,47,63,47,33,0,30,29,22,8,78,28,88,0,73,0,48,48,73,0,0,5,18,52,59,0,0,0,31,47,0,0,0,0,0,0,51,44,50,30,19,17,15
l17,5=0,0,20,48,56,51,62,78,37,66,24,26,75,39,89,0,73,75,0,20,78,53,34,1,12,67,61,0,0,0,47,20,0,0,0,0,0,0,6,0,33,17,31,25,19
l18,5=2,0,0,0,50,32,31,67,59,14,68,23,56,31,77,0,54,86,66,0,83,65,51,65,51,79,67,67,0,0,66,49,42,14,0,16,2,2,57,31,56,0,24,75,66
l19,5=0,11,0,0,0,56,0,0,54,44,26,24,76,44,86,0,74,88,84,79,0,61,14,1,55,58,57,36,0,0,25,26,0,52,0,0,0,0,53,50,0,33,31,25,19
l20,5=0,0,0,0,0,0,0,0,0,11,28,0,19,14,32,0,45,0,23,50,28,0,74,84,59,76,65,82,0,0,0,0,60,34,0,22,35,29,47,13,10,30,49,65,14
l21,5=0,0,0,0,0,0,0,0,22,0,21,0,20,0,40,0,28,0,22,42,0,81,0,63,49,82,61,79,0,0,0,0,0,0,0,8,0,0,0,0,0,0,43,6,31
l22,5=0,0,0,0,0,0,0,0,44,0,47,41,2,18,43,0,43,32,40,55,41,79,53,0,61,85,73,80,0,0,12,0,36,49,0,35,63,52,26,22,46,30,72,77,25
l23,5=0,0,0,0,0,0,0,0,10,21,32,9,52,14,53,0,43,42,38,64,60,69,40,84,0,85,73,68,0,0,5,3,34,0,0,27,6,8,0,48,17,29,71,75,73
l24,5=0,0,0,0,0,1,25,58,23,35,67,25,38,25,53,0,44,32,66,64,56,68,61,84,64,0,72,69,0,0,1,23,29,23,0,16,9,0,0,47,25,0,70,80,69
l25,5=0,0,0,0,0,0,2,30,21,24,42,15,58,19,42,0,47,35,55,60,28,73,48,84,64,80,0,67,0,0,6,1,60,40,0,20,5,28,35,22,23,34,61,81,45
l26,5=0,0,0,0,0,0,0,16,18,11,23,26,33,17,45,0,31,4,0,55,47,81,66,84,57,77,62,0,0,0,1,0,51,51,0,23,50,0,47,21,30,18,71,65,55
l27,5=6,0,0,64,81,70,28,0,35,14,25,15,41,24,50,0,60,79,51,26,63,0,0,0,4,0,28,0,0,0,0,77,38,46,0,23,3,11,56,83,55,52,0,4,0
l28,5=0,0,13,56,46,27,25,0,0,4,17,14,20,13,43,0,73,91,24,27,75,0,0,0,4,33,15,3,0,0,93,0,40,44,0,20,17,10,49,83,92,87,6,12,0
l29,5=0,0,0,0,0,0,0,0,0,0,0,0,0,0,0,0,0,0,0,18,0,73,0,30,36,29,67,59,0,0,32,33,0,94,0,84,97,99,92,90,82,88,24,0,17
l30,5=0,0,0,0,0,0,0,0,0,0,0,0,0,0,0,0,0,0,0,3,31,46,0,66,0,18,60,72,0,0,18,54,93,0,0,84,97,99,92,90,96,91,13,4,18
l31,5=0,0,0,0,0,0,0,0,0,0,0,0,0,0,0,0,0,8,0,37,0,44,13,72,42,55,45,47,0,0,50,37,93,94,0,0,97,99,92,90,96,91,15,12,7
l32,5=0,0,0,0,0,0,0,0,0,0,0,0,0,0,0,0,0,0,0,17,0,48,0,82,29,44,26,31,0,0,13,54,93,94,0,84,0,99,91,89,94,75,14,0,0
l33,5=0,0,0,0,0,0,0,0,0,0,0,0,0,0,0,0,0,0,0,0,0,50,0,74,21,0,33,0,0,0,29,45,93,94,0,84,97,0,92,70,95,46,0,0,0
l34,5=0,0,0,0,0,6,0,0,0,0,0,0,0,0,0,0,2,34,0,42,35,63,0,5,0,0,40,49,0,0,58,20,93,94,0,83,87,93,0,90,96,91,0,24,0
l35,5=0,0,0,0,0,0,0,0,0,0,0,0,0,0,22,0,0,33,0,6,38,39,0,6,12,39,31,16,0,0,84,49,93,94,0,80,93,22,92,0,96,91,17,0,1
l36,5=0,0,0,0,0,37,0,0,0,0,0,0,12,0,44,0,64,36,22,17,0,14,0,8,6,36,40,20,0,0,94,72,50,94,0,63,57,56,90,90,0,91,0,0,0
l37,5=0,0,0,0,0,0,0,0,0,0,15,0,6,0,34,0,46,27,18,3,55,54,0,7,22,0,39,18,0,0,94,77,93,94,0,84,53,23,92,90,96,0,0,0,0
l38,5=0,0,0,0,0,0,0,0,0,0,35,8,25,0,53,0,14,29,54,21,26,32,31,63,49,59,54,59,0,0,0,0,25,20,0,0,0,0,0,7,0,0,0,64,80
l39,5=0,0,0,0,0,0,0,0,0,0,22,0,38,12,63,0,46,21,64,55,54,62,0,73,45,70,63,61,0,0,0,4,0,19,0,0,0,0,27,0,0,0,72,0,77
l40,5=0,0,0,0,0,0,0,0,0,0,0,0,0,0,56,0,9,8,28,42,22,20,25,8,53,63,58,39,0,0,0,0,1,12,0,0,0,0,0,0,0,0,80,81,0
l41,5=0,0,0,0,0,0,0,0,0,18,0,10,56,13,64,0,48,55,62,56,50,38,29,74,56,70,61,20,0,0,9,7,1,0,0,0,0,0,27,17,19,0,75,81,71
l42,5=0,0,0,0,0,0,0,0,0,0,3,0,0,0,27,0,0,12,27,47,33,31,0,75,53,73,61,63,0,0,0,0,0,17,0,0,12,0,26,0,13,0,75,77,75
l43,5=0,0,0,0,0,0,0,0,0,0,11,0,0,0,0,0,0,0,22,30,21,53,25,61,20,52,59,59,0,0,0,0,24,0,0,15,0,0,24,0,0,0,74,76,63
l44,5=0,0,0,0,0,0,0,0,0,0,1,0,19,0,45,0,26,6,19,50,19,67,32,71,53,72,63,61,0,0,0,0,17,18,0,0,6,0,0,0,0,0,75,76,75

l0,6=0,92,77,81,91,84,83,80,83,83,76,79,71,85,0,0,68,45,28,0,0,0,0,0,0,0,0,0,0,0,57,0,0,0,0,0,0,0,0,0,2,0,0,0,0
l1,6=84,0,77,77,89,85,83,84,84,80,79,75,78,83,0,0,52,38,64,48,43,0,0,0,0,0,0,0,0,0,64,1,0,0,0,0,0,0,0,0,0,0,0,0,0
l2,6=81,93,0,77,86,85,83,84,85,81,67,77,79,86,50,0,39,52,44,34,0,0,0,0,0,40,0,0,0,0,36,0,0,0,0,0,0,0,0,0,0,0,0,0,0
l3,6=84,92,78,0,91,85,80,80,78,83,62,74,40,85,46,0,56,44,25,0,0,0,0,0,0,0,0,0,0,0,0,28,0,0,0,0,0,0,0,0,19,0,0,0,0
l4,6=84,90,76,81,0,85,83,82,80,85,67,81,76,72,48,0,66,16,29,42,0,0,0,0,0,0,0,0,0,0,61,69,0,0,0,0,0,0,0,0,0,0,0,0,0
l5,6=77,93,76,81,91,0,83,80,83,83,80,83,67,81,56,0,69,40,36,14,0,0,0,0,0,0,0,0,0,0,26,21,0,4,0,0,0,0,27,15,0,0,0,0,0
l6,6=75,92,78,61,89,85,0,84,74,86,78,74,79,73,63,0,69,38,62,0,33,0,0,0,6,50,19,0,0,0,49,42,0,0,0,0,0,0,0,0,5,0,0,0,0
l7,6=69,92,78,56,87,73,83,0,85,86,75,83,68,87,72,0,66,57,66,65,3,0,0,0,0,65,42,0,0,0,0,0,0,0,0,0,0,0,0,0,0,0,0,0,0
l8,6=79,89,78,52,72,79,76,85,0,86,70,83,80,85,71,0,68,29,45,55,0,24,33,34,45,62,44,35,0,0,0,0,0,0,0,0,0,0,0,0,0,0,0,0,0
l9,6=78,81,70,68,81,80,83,85,85,0,79,83,80,88,77,0,71,49,70,28,40,0,24,1,33,59,40,26,0,0,22,0,0,0,0,0,0,0,0,0,0,0,14,0,0
l10,6=57,73,42,32,62,70,75,51,70,75,0,77,80,82,83,0,80,52,61,40,39,25,36,27,44,54,46,36,0,0,0,31,0,0,0,0,0,0,0,0,2,13,33,56,0
l11,6=71,66,62,55,76,80,72,79,79,81,74,0,81,84,75,0,69,56,67,58,24,23,0,38,68,55,32,48,0,0,33,24,0,0,0,0,0,0,0,0,0,0,0,46,0
l12,6=62,82,73,16,76,65,79,73,84,84,82,83,0,88,78,0,71,59,67,63,61,0,0,20,66,58,45,27,0,0,18,27,0,0,0,0,0,0,0,0,0,0,28,44,0
l13,6=75,78,70,66,54,66,73,82,85,86,80,83,81,0,78,0,71,54,69,65,29,7,0,30,39,59,40,46,0,0,24,28,0,0,0,0,0,0,0,0,0,0,0,43,0
l14,6=0,0,28,14,28,34,31,51,66,74,76,72,74,79,0,0,77,73,76,73,45,16,42,17,43,30,16,35,0,0,46,24,0,10,0,0,0,0,24,0,30,0,47,67,56
l15,6=39,39,39,29,46,37,35,49,59,62,82,74,68,68,74,0,0,52,71,43,41,32,41,29,39,0,46,49,0,0,13,30,0,0,0,0,0,0,12,13,28,11,14,50,0
l16,6=36,42,30,19,21,6,8,14,40,26,60,51,27,33,80,0,41,0,54,47,45,1,0,9,43,20,47,30,0,0,48,76,3,0,0,15,0,0,25,23,66,21,26,41,31
l17,6=27,47,41,8,42,30,31,32,49,62,65,74,68,73,88,0,77,66,0,65,68,28,37,29,35,61,43,49,0,0,52,28,0,10,0,0,0,0,0,0,22,0,43,65,50
l18,6=0,35,9,0,23,6,0,45,51,14,47,47,51,50,70,0,54,67,56,0,78,34,39,47,63,67,48,57,0,0,19,44,25,11,0,11,0,0,47,31,47,3,38,71,51
l19,6=2,41,0,0,0,0,30,19,0,46,68,38,59,49,79,0,72,74,69,77,0,28,41,34,76,73,35,53,0,0,48,63,0,27,0,0,0,0,49,40,20,28,37,65,49
l20,6=0,0,0,0,0,0,0,0,22,0,26,11,0,6,20,0,48,10,48,58,32,0,64,66,65,68,56,70,0,0,0,0,57,11,0,26,30,5,54,13,19,11,40,29,24
l21,6=0,0,0,0,0,0,0,0,32,18,21,12,0,0,49,0,47,0,36,53,33,44,0,58,57,62,41,67,0,0,0,0,18,17,0,0,0,0,21,0,0,0,22,36,33
l22,6=0,0,0,0,0,0,0,0,18,0,23,16,8,18,20,0,26,22,33,43,18,42,27,0,76,72,63,71,0,0,0,10,24,45,0,21,57,35,42,12,23,17,58,39,58
l23,6=0,0,0,0,0,0,0,0,19,17,28,18,25,18,46,0,33,47,32,58,56,40,23,70,0,76,63,66,0,0,13,13,23,15,0,31,0,0,20,13,23,16,57,71,25
l24,6=0,0,10,0,0,0,10,36,37,26,34,17,19,24,21,0,4,27,54,62,52,39,49,70,78,0,63,63,0,0,7,13,0,18,0,21,11,0,18,13,6,14,54,72,60
l25,6=0,0,0,0,0,0,7,16,26,24,33,13,21,15,12,0,43,40,46,59,14,38,21,76,78,80,0,60,0,0,0,0,42,21,0,24,17,22,25,13,22,10,23,73,50
l26,6=0,0,0,0,0,0,0,0,22,9,16,30,7,17,40,0,46,17,52,63,49,44,62,71,65,68,56,0,0,0,1,0,32,30,0,12,56,34,60,12,35,12,59,61,48
l27,6=31,53,30,0,35,11,6,0,1,16,0,42,14,25,78,0,18,69,56,16,22,0,0,0,11,13,0,0,0,0,0,48,20,35,0,16,14,17,69,77,81,55,0,0,0
l28,6=0,0,0,10,37,24,24,12,0,0,35,31,22,31,26,0,38,81,55,32,67,0,0,21,21,21,0,0,0,0,86,0,36,39,0,24,38,26,30,68,82,55,28,27,0
l29,6=0,0,0,0,0,0,0,0,0,0,0,0,0,0,0,0,0,2,0,44,0,28,8,36,52,0,43,24,0,0,41,47,0,70,0,86,81,83,81,90,59,47,0,12,1
l30,6=0,0,0,0,0,6,0,0,0,0,0,0,0,0,17,0,0,0,23,25,20,11,9,58,32,29,37,52,0,0,39,48,78,0,0,86,81,86,81,65,90,67,21,19,0
l31,6=0,0,0,0,0,0,0,0,0,0,0,0,0,0,0,0,0,27,0,38,0,27,0,52,65,51,40,40,0,0,30,43,78,68,0,0,81,89,76,76,80,62,28,27,0
l32,6=0,0,0,0,0,0,0,0,0,0,0,0,0,0,0,0,0,0,0,0,0,25,0,49,0,28,23,58,0,0,40,46,78,69,0,86,0,83,74,72,74,40,24,0,0
l33,6=0,0,0,0,0,0,0,0,0,0,0,0,0,0,0,0,0,0,0,0,0,2,0,45,0,0,37,48,0,0,40,43,77,67,0,86,76,0,74,48,74,56,0,0,0
l34,6=0,0,0,0,0,9,0,0,0,0,0,0,0,0,29,0,7,30,0,39,29,17,11,53,42,14,27,53,0,0,43,42,78,70,0,86,66,59,0,90,90,67,32,36,0
l35,6=0,0,0,0,0,18,0,0,0,0,0,0,0,0,0,0,15,25,0,44,28,13,0,27,31,34,29,30,0,0,67,68,78,67,0,68,69,38,81,0,90,67,13,30,0
l36,6=3,0,0,0,0,0,0,0,0,0,0,0,0,0,30,0,24,67,18,32,1,8,0,28,30,0,24,31,0,0,87,72,44,70,0,85,58,59,81,90,0,67,0,4,0
l37,6=0,0,0,0,0,0,0,0,0,0,30,0,0,0,4,0,20,30,0,18,24,15,0,33,36,37,26,30,0,0,72,68,72,70,0,81,53,76,81,90,90,0,0,11,0
l38,6=0,0,0,0,0,0,0,0,0,0,20,0,12,0,47,0,6,28,28,42,6,12,5,53,58,44,32,52,0,0,0,9,0,5,0,0,10,0,14,0,0,0,0,71,63
l39,6=0,0,0,0,0,0,0,0,0,0,21,10,8,11,48,0,31,44,47,58,43,12,9,44,58,52,58,44,0,0,0,9,3,3,0,0,0,0,17,8,0,0,57,0,68
l40,6=0,0,0,0,0,0,0,0,0,0,0,0,0,0,49,0,0,34,43,49,39,19,18,51,37,50,44,39,0,0,0,0,0,0,0,0,0,0,0,0,0,0,62,79,0
l41,6=0,0,0,0,0,0,0,0,0,0,9,0,44,23,56,0,28,43,53,59,55,22,16,54,69,63,52,38,0,0,9,14,0,0,0,0,0,0,15,0,13,6,54,78,56
l42,6=0,0,0,0,0,0,0,0,0,0,0,0,0,0,18,0,0,14,28,47,20,14,12,30,33,57,52,53,0,0,0,0,20,0,0,14,19,2,20,0,14,0,57,71,47
l43,6=0,0,0,0,0,0,0,0,0,0,0,0,0,0,9,0,0,0,20,36,14,15,23,56,21,50,50,54,0,0,0,0,14,0,0,13,5,0,16,0,0,0,57,75,62
l44,6=0,0,0,0,0,0,0,0,0,0,0,0,0,0,11,0,21,18,14,27,17,14,18,46,64,60,39,44,0,0,0,0,0,0,0,0,0,0,0,0,0,0,57,71,62

l0,7=0,83,82,94,85,91,92,89,82,84,58,87,92,90,33,0,75,68,0,0,0,0,0,0,0,0,0,0,0,0,33,0,0,0,0,0,0,0,0,0,27,1,0,0,0
l1,7=89,0,84,94,85,91,92,74,84,86,75,81,93,90,42,0,67,38,47,29,0,0,0,0,0,0,0,0,0,0,0,6,0,0,0,0,0,0,0,0,0,0,0,0,0
l2,7=89,83,0,94,85,91,92,95,84,80,64,85,93,90,49,0,28,70,65,29,22,15,0,0,0,0,0,2,0,0,50,0,0,0,0,0,0,0,0,0,0,0,0,0,0
l3,7=89,83,85,0,85,91,92,89,81,85,0,47,92,90,46,0,62,60,32,0,0,0,0,0,0,0,0,0,0,0,46,26,0,0,0,0,0,0,0,0,0,0,0,0,0
l4,7=89,82,81,94,0,91,91,93,78,79,31,82,52,84,0,0,56,0,0,24,0,0,0,0,0,0,0,0,0,0,58,0,0,0,0,0,0,0,0,0,0,0,0,0,0
l5,7=89,83,83,94,85,0,92,88,84,79,83,87,91,90,42,0,75,49,33,19,28,0,0,0,0,0,0,0,0,0,41,0,0,0,0,0,0,0,0,0,0,0,0,0,0
l6,7=89,83,86,94,85,91,0,95,84,86,83,86,92,76,62,0,0,60,67,55,1,0,0,2,0,28,1,0,0,0,43,9,0,0,0,0,0,0,0,0,0,0,0,0,0
l7,7=75,47,84,84,79,78,92,0,85,86,83,89,81,90,64,0,71,68,4,64,51,39,11,0,13,52,35,62,0,0,0,0,0,0,0,0,0,0,0,0,0,0,0,0,0
l8,7=75,80,83,79,76,88,87,95,0,86,76,85,88,85,62,0,71,0,63,61,36,64,57,35,38,46,55,33,0,0,4,0,0,0,0,0,0,0,0,0,0,0,0,0,0
l9,7=84,80,76,87,82,88,92,95,85,0,75,89,93,90,71,0,71,0,71,43,62,38,0,25,0,33,48,0,0,0,18,7,0,0,0,0,0,0,0,0,0,0,0,0,0
l10,7=46,24,21,0,23,88,85,86,75,70,0,47,88,85,75,0,76,75,77,31,44,37,39,51,14,19,41,0,0,0,29,12,0,0,0,0,0,0,0,0,23,0,9,15,0
l11,7=83,26,50,41,82,88,83,91,82,81,83,0,91,85,71,0,75,59,74,65,0,14,0,42,14,2,38,59,0,0,0,4,0,0,0,0,0,0,0,0,0,0,0,11,2
l12,7=78,79,73,66,75,81,78,84,81,83,85,89,0,90,73,0,75,0,76,65,12,11,43,30,34,37,50,20,0,0,21,5,0,0,0,0,0,0,0,0,0,0,13,0,0
l13,7=81,80,84,80,74,87,72,91,81,84,83,89,93,0,72,0,5,43,73,65,56,0,55,50,11,34,0,46,0,0,17,8,0,0,0,0,0,0,0,0,3,0,0,0,0
l14,7=20,7,8,10,0,37,44,73,28,44,76,26,51,78,0,0,79,89,86,76,45,46,0,38,14,20,45,38,0,0,50,26,0,0,0,0,0,0,0,36,30,0,17,19,26
l15,7=33,11,1,15,19,43,0,54,63,27,85,16,52,0,81,0,0,72,76,39,45,41,26,22,12,13,21,17,0,0,16,6,0,4,0,0,0,0,0,46,21,0,9,0,9
l16,7=19,0,15,15,0,14,12,25,0,0,49,9,0,16,82,0,48,0,81,76,87,28,0,14,12,16,22,3,0,0,58,69,0,13,0,0,0,5,0,53,83,4,15,19,25
l17,7=0,16,13,13,0,43,53,0,24,46,74,43,54,72,82,0,76,86,0,41,46,38,7,38,19,26,45,63,0,0,50,11,0,0,0,0,0,0,2,0,0,0,0,30,23
l18,7=0,9,6,0,20,10,11,55,47,31,40,29,36,53,73,0,62,73,60,0,72,63,55,0,60,60,61,71,0,0,37,20,2,0,0,0,0,0,35,54,51,18,20,56,48
l19,7=0,0,11,0,0,34,0,53,27,45,67,0,21,57,71,0,76,89,81,76,0,47,43,61,74,67,42,68,0,0,32,6,0,34,0,0,0,7,18,54,37,1,22,30,29
l20,7=0,0,0,0,0,0,0,29,30,17,8,3,8,0,55,0,51,14,38,61,41,0,66,80,63,62,56,78,0,0,0,0,34,45,0,34,23,0,62,20,0,0,56,51,60
l21,7=0,0,0,0,0,0,0,30,53,0,26,0,43,39,0,0,59,0,13,57,44,81,0,69,63,56,44,76,0,0,0,0,8,31,0,0,5,0,29,0,0,0,63,53,47
l22,7=0,0,0,0,0,0,0,0,19,3,34,20,12,26,32,0,37,15,53,0,61,70,59,0,72,62,66,78,0,0,0,0,39,64,0,20,62,62,62,20,21,46,69,52,65
l23,7=0,0,0,0,0,0,0,25,19,0,24,7,37,22,46,0,58,27,62,59,60,68,59,88,0,74,74,78,0,0,1,2,17,48,0,57,14,0,25,19,28,21,70,58,61
l24,7=0,0,0,0,0,0,18,61,18,20,29,3,53,32,56,0,34,44,64,61,59,68,50,80,74,0,74,77,0,0,9,0,0,31,0,33,10,0,14,41,23,25,69,56,32
l25,7=0,0,0,0,0,0,0,31,21,24,31,19,48,0,53,0,56,40,61,64,30,53,20,88,74,74,0,73,0,0,0,4,52,48,0,28,29,29,39,21,29,22,70,62,66
l26,7=0,0,0,0,0,0,0,28,20,0,0,24,15,22,28,0,27,10,47,61,39,70,63,79,64,62,63,0,0,0,6,0,47,32,0,0,64,31,63,29,12,10,66,37,67
l27,7=14,0,18,21,31,30,13,0,6,19,47,0,14,19,74,0,41,86,49,34,25,0,0,0,1,8,0,5,0,0,0,88,0,48,0,16,30,23,20,81,81,53,7,7,2
l28,7=0,7,0,20,0,0,5,0,12,26,44,5,12,41,52,0,34,89,30,34,16,0,0,0,8,3,17,0,0,0,88,0,1,48,0,19,28,18,1,84,63,36,7,13,0
l29,7=0,0,0,0,0,0,0,0,0,0,0,0,0,0,0,0,0,0,0,38,0,46,0,41,51,0,57,57,0,0,19,19,0,81,0,84,91,87,75,91,71,75,2,26,0
l30,7=0,0,0,0,0,0,0,0,0,0,0,0,0,0,0,0,0,7,0,0,1,34,8,61,44,15,43,14,0,0,44,45,77,0,0,83,90,83,75,61,86,89,0,1,7
l31,7=0,0,0,0,0,0,0,0,0,0,0,0,0,0,0,0,0,2,0,0,0,51,0,27,58,51,54,0,0,0,39,29,77,77,0,0,91,93,72,58,83,70,0,16,0
l32,7=0,0,0,0,0,0,0,0,0,0,0,0,0,0,0,0,0,0,0,0,0,44,1,72,49,48,52,60,0,0,21,34,77,79,0,84,0,93,71,80,54,51,2,0,0
l33,7=0,0,0,0,0,0,0,0,0,0,0,0,0,0,0,0,0,0,0,0,0,0,0,59,0,0,55,48,0,0,20,15,75,81,0,84,91,0,74,79,63,54,20,0,0
l34,7=0,0,0,0,0,0,0,0,0,0,0,0,0,0,0,0,0,26,2,56,18,61,15,64,27,30,47,69,0,0,56,1,77,81,0,84,86,81,0,91,86,89,23,24,0
l35,7=0,0,0,0,0,1,0,0,0,0,0,0,0,0,7,0,11,53,0,53,21,13,0,18,7,54,27,14,0,0,46,56,77,77,0,19,88,82,75,0,86,89,0,4,0
l36,7=3,0,0,0,0,0,0,0,0,0,3,0,0,0,10,0,18,76,0,62,7,0,0,19,35,29,34,4,0,0,70,41,28,81,0,58,56,83,75,91,0,89,2,0,0
l37,7=3,0,0,0,0,0,0,0,0,0,0,0,0,0,0,0,0,14,3,21,1,0,0,25,30,58,45,6,0,0,49,39,65,80,0,38,51,77,75,91,86,0,6,8,0
l38,7=0,0,0,0,0,0,0,0,0,0,0,0,9,0,36,0,1,38,0,37,29,40,21,54,55,53,55,61,0,0,1,0,0,0,0,0,0,5,8,0,1,7,0,60,69
l39,7=0,0,0,0,0,0,0,0,0,0,11,3,0,0,26,0,0,29,49,59,49,49,22,53,59,52,72,29,0,0,2,0,2,0,0,1,0,0,12,0,0,1,77,0,64
l40,7=0,0,0,0,0,0,0,0,0,0,0,1,0,0,19,0,10,21,26,48,45,49,18,52,51,47,51,64,0,0,2,0,0,3,0,0,0,0,0,0,0,0,75,57,0
l41,7=0,0,0,0,0,0,0,24,19,0,10,2,43,23,57,0,48,38,66,57,60,30,11,37,65,60,59,34,0,0,0,20,4,0,0,0,0,0,7,13,0,18,68,64,63
l42,7=0,0,0,0,0,0,0,0,0,0,0,0,0,0,41,0,20,6,0,51,0,50,33,53,60,64,66,72,0,0,0,0,19,24,0,0,0,5,14,0,0,0,71,60,56
l43,7=0,0,0,0,0,0,0,0,0,0,0,0,0,0,18,0,11,0,29,53,27,35,25,68,24,60,63,57,0,0,0,0,15,5,0,19,11,0,19,0,0,0,70,56,67
l44,7=0,0,0,0,0,0,0,0,0,0,0,0,8,0,17,0,17,12,25,32,28,24,24,58,65,59,48,40,0,0,0,0,2,18,0,0,0,0,6,0,0,14,71,59,68

l0,8=0,98,99,96,92,96,93,85,95,83,93,87,97,95,88,0,75,77,67,0,0,0,0,0,0,0,0,0,0,0,62,0,0,0,0,0,0,0,0,0,0,0,0,0,0
l1,8=97,0,99,97,93,96,93,97,97,86,89,63,94,97,79,0,62,56,81,80,0,0,0,0,6,0,0,0,0,0,90,50,0,0,0,0,0,0,0,0,0,0,0,0,0
l2,8=97,98,0,97,93,96,94,94,97,83,83,96,96,100,85,0,60,82,78,0,45,0,0,0,0,0,0,0,0,0,84,0,0,0,0,0,0,0,0,0,0,0,0,57,0
l3,8=97,98,99,0,93,96,94,98,95,83,93,85,99,95,0,0,72,76,78,0,0,0,0,0,0,0,0,0,0,0,89,63,0,0,0,0,0,0,0,0,2,0,0,0,0
l4,8=97,98,99,97,0,96,94,85,94,90,93,87,0,95,59,0,69,87,62,74,0,0,0,0,0,0,0,0,0,0,60,0,0,0,0,0,0,0,0,0,0,0,0,0,0
l5,8=97,98,99,97,93,0,94,98,97,90,93,95,100,100,77,0,79,89,73,76,48,0,0,0,0,0,0,0,0,0,83,67,0,0,0,0,0,0,0,0,0,0,0,0,0
l6,8=97,98,99,97,93,96,0,99,97,94,98,96,100,100,90,0,73,63,89,0,51,0,0,29,0,53,0,0,0,0,88,64,0,0,0,0,0,0,0,0,0,0,0,0,0
l7,8=94,96,99,96,90,96,94,0,97,96,98,96,100,100,93,0,93,90,91,97,54,50,0,56,72,89,55,0,0,0,0,0,0,0,0,0,0,0,0,0,0,0,0,0,0
l8,8=94,98,99,91,89,93,89,99,0,98,95,97,100,100,82,0,86,0,86,88,78,84,38,59,80,0,67,84,0,0,0,23,0,0,0,0,0,0,0,0,0,0,0,42,0
l9,8=93,98,92,89,93,93,94,99,97,0,96,97,100,100,92,0,95,59,85,91,74,53,0,74,65,53,54,0,0,0,50,66,0,0,0,0,0,0,0,0,0,0,0,79,0
l10,8=90,91,67,89,89,89,74,59,63,90,0,95,100,100,99,0,99,8,94,89,58,55,58,86,68,51,57,0,0,0,78,72,0,0,0,0,0,0,0,0,0,0,0,84,0
l11,8=94,84,93,84,90,93,89,99,97,92,95,0,100,100,93,0,86,77,93,83,28,31,0,77,67,44,54,85,0,0,77,0,0,0,0,0,0,0,0,0,0,0,0,60,36
l12,8=94,95,91,91,0,91,85,96,97,100,98,97,0,100,93,0,99,89,94,92,58,0,66,55,68,53,55,81,0,0,75,59,0,0,0,0,0,0,0,0,0,0,64,0,0
l13,8=94,95,99,91,90,96,89,99,97,96,98,97,100,0,93,0,86,84,93,93,56,57,67,85,68,52,0,92,0,0,11,60,0,0,0,0,0,0,0,0,28,0,0,0,0
l14,8=44,71,79,0,54,74,67,59,21,89,98,97,100,94,0,0,99,98,99,100,61,56,52,85,69,54,57,85,0,0,93,73,0,0,0,0,0,0,0,15,0,28,43,77,48
l15,8=95,73,57,74,88,94,73,61,57,99,98,97,100,99,99,0,0,97,99,78,60,60,0,81,70,58,57,94,0,0,75,77,0,1,0,0,0,0,3,23,31,0,0,72,44
l16,8=35,8,55,49,85,92,5,33,0,0,0,75,98,75,98,0,98,0,99,100,95,28,0,0,69,58,55,0,0,0,100,80,0,0,0,0,42,11,29,71,92,43,72,59,61
l17,8=25,68,59,59,59,52,45,38,31,49,97,96,100,97,99,0,98,98,0,95,100,56,76,66,69,58,57,91,0,0,95,64,0,0,0,0,0,0,1,8,32,30,25,80,55
l18,8=0,37,0,0,29,55,0,55,52,47,66,76,88,71,99,0,68,99,95,0,96,92,68,87,92,94,93,94,0,0,87,56,7,0,0,0,0,0,47,42,54,47,86,90,77
l19,8=0,0,58,0,0,73,65,62,67,87,92,63,91,87,98,0,93,99,99,99,0,55,12,90,92,93,92,94,0,0,88,32,0,14,0,0,0,0,28,61,86,19,82,90,84
l20,8=0,0,0,0,0,0,0,40,54,33,53,26,10,58,58,0,62,30,68,79,57,0,94,89,77,84,70,95,0,0,0,0,40,55,0,41,15,0,69,21,22,54,58,63,60
l21,8=0,0,0,0,0,0,0,0,38,0,54,0,52,54,53,0,3,0,65,89,11,95,0,86,90,87,54,94,0,0,0,0,0,46,0,0,64,0,58,0,0,0,58,77,55
l22,8=0,0,0,0,0,0,0,18,14,17,55,29,17,42,53,0,46,0,24,87,72,89,76,0,92,91,91,94,0,0,0,0,43,75,0,63,71,62,82,21,26,59,77,88,71
l23,8=0,0,0,0,0,0,0,34,9,6,49,65,50,43,59,0,60,60,72,91,71,79,66,91,0,95,94,94,0,0,33,0,30,61,0,59,58,16,69,28,57,12,70,90,82
l24,8=0,0,0,0,0,0,27,63,0,45,56,43,63,55,79,0,59,65,81,90,71,87,60,85,93,0,93,94,0,0,31,14,50,24,0,21,35,31,68,23,63,1,84,85,60
l25,8=0,0,0,0,0,0,0,49,13,47,65,69,58,0,59,0,54,62,69,88,71,60,17,91,93,95,0,70,0,0,0,14,51,60,0,29,73,61,51,18,33,33,85,89,69
l26,8=0,0,0,0,0,0,3,13,22,0,0,44,24,23,25,0,53,0,65,88,71,93,85,91,87,91,76,0,0,0,0,0,39,22,0,68,81,25,81,20,0,14,67,62,75
l27,8=20,59,83,71,47,84,56,0,0,1,78,82,87,1,79,0,39,98,99,96,55,0,0,1,31,0,0,0,0,0,0,99,0,64,0,70,71,23,62,74,92,57,0,45,14
l28,8=0,18,0,64,1,89,54,0,5,29,92,0,91,63,66,0,80,99,62,81,34,0,0,0,1,0,1,0,0,0,100,0,23,27,0,56,78,42,27,99,99,27,25,87,0
l29,8=0,0,0,0,0,0,0,0,0,0,0,0,0,0,0,0,0,0,0,57,0,80,0,81,82,83,83,88,0,0,0,78,0,100,0,99,99,99,99,100,94,92,67,1,0
l30,8=0,0,0,0,0,0,0,0,0,0,0,0,0,0,0,0,31,0,0,0,44,63,28,91,92,11,93,88,0,0,100,88,93,0,0,99,99,100,99,100,99,99,3,31,0
l31,8=0,0,0,0,0,0,0,0,0,0,0,0,0,0,0,0,0,0,0,22,0,35,0,82,85,13,32,90,0,0,75,33,93,100,0,0,99,100,99,96,99,98,0,49,0
l32,8=0,0,0,0,0,0,0,0,0,0,0,0,0,0,0,0,0,53,0,0,0,1,63,75,58,53,86,90,0,0,71,82,93,100,0,99,0,100,99,91,95,95,62,0,0
l33,8=0,0,0,0,0,0,0,0,0,0,0,0,0,0,0,0,0,23,0,0,0,0,0,78,53,36,72,84,0,0,74,56,93,100,0,99,99,0,73,100,99,67,0,0,0
l34,8=0,0,0,0,0,0,0,0,0,0,0,0,0,0,0,0,51,73,5,78,45,83,46,90,91,22,19,93,0,0,92,85,93,100,0,99,99,97,0,100,99,99,69,66,2
l35,8=0,0,0,0,0,0,0,0,0,0,0,0,0,0,30,0,57,86,22,73,50,39,0,80,45,20,18,89,0,0,99,84,93,100,0,71,73,100,99,0,99,99,1,0,0
l36,8=0,0,0,0,0,0,0,0,0,0,0,0,0,16,0,0,49,93,33,75,81,21,0,55,69,56,4,0,0,0,100,84,58,100,0,72,78,96,99,100,0,99,42,0,0
l37,8=0,0,0,0,0,0,0,0,0,0,0,0,0,0,34,0,0,80,46,75,49,51,0,85,43,1,17,65,0,0,100,54,58,100,0,71,75,52,99,100,99,0,20,0,0
l38,8=0,0,0,0,0,0,0,0,0,0,0,0,29,0,37,0,0,41,20,54,42,42,38,59,60,61,72,59,0,0,0,11,26,0,0,0,26,0,18,0,11,0,0,90,86
l39,8=0,0,0,0,0,0,0,0,1,13,44,19,0,0,40,0,32,40,63,79,65,26,45,70,91,82,93,62,0,0,20,21,0,3,0,7,0,0,10,0,0,0,89,0,88
l40,8=0,0,0,0,0,0,0,0,0,0,0,6,0,0,21,0,18,37,20,52,50,44,25,62,86,54,80,72,0,0,0,0,0,0,0,0,0,0,0,0,0,0,88,89,0
l41,8=0,0,0,0,0,0,0,17,30,4,0,60,63,38,66,0,62,27,82,80,79,44,45,65,91,93,93,39,0,0,27,62,5,0,0,0,0,0,3,0,0,12,89,90,83
l42,8=0,0,0,0,0,0,0,0,0,0,0,0,0,0,55,0,14,10,57,62,42,58,58,71,69,91,89,70,0,0,0,0,20,21,0,0,0,0,0,0,0,2,87,91,62
l43,8=0,0,0,0,0,0,0,0,0,0,0,0,0,0,25,0,0,0,11,62,46,52,24,72,66,69,77,68,0,0,0,0,17,0,0,0,0,0,2,0,0,0,78,78,74
l44,8=0,0,0,0,0,0,0,0,0,0,0,0,1,0,35,0,16,12,45,61,24,40,26,72,86,68,71,53,0,0,0,0,0,18,0,0,0,0,0,0,0,0,82,88,62

l0,9=0,99,100,99,100,100,100,82,98,99,94,99,95,95,49,0,92,0,0,0,0,0,0,0,41,0,0,0,0,0,0,60,0,0,0,0,0,0,0,0,0,0,0,0,0
l1,9=98,0,100,99,100,100,100,87,100,100,94,87,59,36,52,0,0,41,0,89,0,0,0,0,0,33,0,0,0,0,97,0,0,0,0,0,0,0,0,0,42,0,0,0,0
l2,9=98,99,0,99,100,100,100,97,100,100,99,99,95,100,82,0,57,0,89,66,0,0,0,0,31,0,0,0,0,0,85,50,0,0,0,0,0,0,0,0,0,0,0,0,0
l3,9=98,99,100,0,100,100,100,97,98,97,96,84,95,62,18,0,40,0,0,87,0,0,0,0,0,0,0,0,0,0,93,62,0,0,0,0,0,0,0,0,0,0,0,0,0
l4,9=98,99,100,99,0,100,100,95,99,93,96,99,62,99,48,0,98,37,42,88,0,0,0,0,0,0,0,0,0,0,89,64,0,0,0,0,0,0,0,0,0,0,0,0,0
l5,9=98,99,100,99,100,0,100,91,100,100,99,99,95,100,58,0,61,51,76,72,23,0,0,0,0,23,0,0,0,0,91,38,0,0,0,0,0,0,0,0,60,0,0,0,0
l6,9=98,99,100,99,100,100,0,98,100,100,99,99,95,100,81,0,55,81,91,0,53,10,0,0,0,0,0,0,0,0,0,73,0,0,0,0,0,0,0,0,0,0,0,0,0
l7,9=95,99,100,99,100,100,100,0,100,100,99,99,95,100,86,0,100,48,0,99,55,99,0,0,96,97,31,57,0,0,0,0,0,0,0,0,0,0,0,0,0,0,0,17,0
l8,9=98,99,100,97,100,100,100,100,0,100,99,99,95,100,96,0,99,88,97,99,85,61,0,90,89,60,57,74,0,0,0,0,0,0,0,0,0,0,0,0,0,0,0,27,0
l9,9=98,99,100,99,100,100,100,98,99,0,99,99,95,100,96,0,100,44,94,92,96,33,0,55,90,32,30,52,0,0,73,60,0,0,0,0,0,0,0,0,0,0,0,0,0
l10,9=97,95,34,35,57,98,100,100,99,100,0,99,95,98,96,0,100,48,99,95,52,34,58,93,92,32,33,0,0,0,88,71,0,0,0,0,0,0,0,0,28,2,57,56,73
l11,9=98,95,100,28,100,100,100,98,99,100,99,0,95,100,96,0,99,80,99,98,31,0,0,89,93,2,32,69,0,0,76,0,0,0,0,0,0,0,0,0,0,0,0,40,64
l12,9=98,98,58,37,57,100,100,97,99,100,99,99,0,100,86,0,100,89,99,99,51,34,63,0,60,29,30,48,0,0,83,55,0,0,0,0,0,0,0,0,0,0,52,5,0
l13,9=98,94,100,99,100,100,100,99,99,100,99,99,95,0,96,0,100,48,99,95,92,35,0,89,93,32,32,51,0,0,82,70,0,0,0,0,0,0,0,0,64,0,0,45,0
l14,9=45,49,34,0,33,93,93,86,97,98,99,89,33,38,0,0,63,66,99,100,57,35,38,87,91,32,32,57,0,0,92,72,0,0,0,0,0,0,11,33,27,86,58,56,82
l15,9=95,0,33,0,56,97,92,100,98,100,99,99,95,54,96,0,0,53,99,100,54,37,63,94,97,36,31,58,0,0,96,72,0,0,0,0,0,0,36,0,65,87,58,57,0
l16,9=0,94,0,0,48,99,97,92,97,84,93,88,33,38,86,0,61,0,99,100,87,0,0,93,97,37,17,0,0,0,100,73,9,33,0,0,40,5,35,58,85,95,61,60,85
l17,9=0,0,23,0,41,62,57,0,97,93,99,93,32,38,96,0,100,58,0,100,100,34,59,84,91,36,33,57,0,0,94,70,0,0,0,0,0,0,0,46,35,13,30,56,0
l18,9=0,43,0,19,38,48,0,95,97,93,94,88,36,38,95,0,98,98,98,0,98,38,68,98,97,36,32,97,0,0,97,70,32,24,0,26,49,9,36,52,85,98,65,59,89
l19,9=0,0,0,0,0,56,45,94,97,94,60,39,30,39,96,0,61,99,99,100,0,26,0,98,97,61,58,72,0,0,97,81,0,31,0,0,0,0,17,52,85,86,52,60,90
l20,9=0,0,0,0,0,0,13,85,82,79,83,0,81,78,87,0,92,0,87,93,86,0,100,100,97,96,96,99,0,0,0,0,83,90,0,64,79,0,89,78,0,79,86,83,86
l21,9=0,0,0,0,0,0,0,13,0,0,82,0,94,5,88,0,91,0,97,98,0,100,0,98,97,96,82,97,0,0,0,0,0,60,0,0,70,0,55,7,0,0,58,98,92
l22,9=0,0,0,0,0,0,0,0,78,2,82,78,0,71,75,0,79,83,75,98,98,99,77,0,97,96,96,98,0,0,0,0,80,81,0,80,79,82,95,80,60,77,85,88,78
l23,9=0,0,0,0,0,0,0,78,75,73,78,75,13,57,94,0,97,92,96,98,98,99,92,99,0,97,98,97,0,0,73,35,56,28,0,77,47,52,65,48,60,81,97,98,95
l24,9=0,67,0,0,0,72,0,92,89,78,80,54,82,85,90,0,92,97,98,98,98,99,96,98,98,0,97,97,0,0,64,0,91,66,0,23,84,78,92,86,80,75,97,91,68
l25,9=0,0,0,0,0,0,0,75,82,72,90,77,85,55,83,0,79,35,90,91,90,94,59,99,98,97,0,87,0,0,0,3,89,91,0,86,91,66,92,0,63,0,97,98,93
l26,9=0,0,0,0,0,0,0,65,80,77,0,90,44,29,92,0,83,0,97,98,96,99,97,99,97,96,96,0,0,0,0,0,93,98,0,97,97,74,98,82,45,82,86,49,65
l27,9=0,57,3,19,40,61,0,0,0,6,33,24,20,28,58,0,59,98,99,100,20,0,0,0,55,0,0,0,0,0,0,97,0,37,0,34,59,43,15,59,53,100,0,20,64
l28,9=53,0,1,26,43,39,45,0,0,54,37,0,19,29,39,0,62,42,49,100,10,0,0,0,50,0,2,0,0,0,100,0,35,0,0,0,63,0,18,58,57,82,0,0,0
l29,9=0,0,0,0,0,0,0,0,0,0,0,0,0,0,0,0,0,17,0,85,0,59,0,96,78,94,82,82,0,0,0,87,0,100,0,100,100,100,100,100,94,100,28,7,33
l30,9=0,0,0,0,0,0,0,0,0,0,0,0,0,0,0,0,0,14,0,61,2,47,37,92,53,14,92,99,0,0,96,0,99,0,0,100,100,100,100,100,94,100,29,6,31
l31,9=0,0,0,0,0,0,0,0,0,0,0,0,0,0,0,0,0,0,0,59,0,20,11,80,80,5,84,95,0,0,75,12,99,100,0,0,100,100,100,85,94,88,0,0,0
l32,9=0,0,0,0,0,0,0,0,0,0,0,0,0,0,0,0,0,24,0,62,0,36,8,90,50,70,95,96,0,0,57,53,99,100,0,100,0,100,100,94,89,99,0,0,0
l33,9=0,0,0,0,0,0,0,0,0,0,0,0,0,0,0,0,0,0,0,0,0,0,0,58,49,18,31,22,0,0,52,0,99,100,0,100,100,0,100,100,60,86,0,0,0
l34,9=0,0,0,0,0,0,0,0,0,0,0,0,0,0,17,0,46,14,0,99,10,47,34,100,60,25,51,100,0,0,36,93,99,100,0,100,100,100,0,100,94,100,23,5,2
l35,9=0,0,0,0,0,6,0,0,0,0,0,0,0,0,29,0,0,48,45,92,10,22,1,62,56,46,0,28,0,0,60,88,99,100,0,36,61,100,100,0,94,100,0,0,0
l36,9=0,8,0,0,0,61,0,0,0,0,1,0,0,27,35,0,58,49,44,100,25,0,0,59,59,30,18,14,0,0,36,95,99,100,0,35,63,50,100,100,0,100,0,0,0
l37,9=0,0,0,0,0,0,0,0,0,0,0,0,0,0,37,0,60,31,18,99,10,24,0,63,59,5,0,25,0,0,53,75,97,89,0,36,64,50,100,100,94,0,0,0,0
l38,9=0,0,0,0,0,0,0,0,0,0,45,0,22,0,66,0,59,66,17,90,68,72,30,79,96,92,96,62,0,0,0,0,35,20,0,0,0,0,6,0,0,0,0,98,95
l39,9=0,0,0,0,0,0,0,2,1,0,78,48,3,12,62,0,44,86,86,85,87,31,54,86,97,38,96,36,0,0,59,0,25,19,0,0,0,0,2,0,0,0,97,0,95
l40,9=0,0,0,0,0,0,0,0,0,0,34,32,0,0,45,0,0,27,0,90,82,66,47,81,95,17,94,12,0,0,1,0,0,0,0,0,0,0,0,0,0,0,97,98,0
l41,9=0,0,0,0,0,0,0,36,63,0,73,67,83,34,94,0,93,93,91,98,77,60,0,86,97,96,96,59,0,0,54,70,0,1,0,0,8,0,30,1,0,63,97,98,94
l42,9=0,0,0,0,0,0,0,0,0,0,0,0,0,0,0,0,20,1,58,90,85,92,65,88,97,96,95,93,0,0,0,0,0,43,0,0,13,0,45,0,0,37,97,98,95
l43,9=0,0,0,0,0,0,0,0,0,0,0,0,0,0,72,0,0,58,72,90,79,89,56,89,91,88,92,83,0,0,0,0,30,0,0,58,1,0,0,0,0,0,94,94,89
l44,9=0,0,0,0,0,0,0,0,0,0,0,0,4,22,72,0,1,54,73,92,71,86,62,98,97,96,96,72,0,0,0,0,14,0,0,75,0,0,0,0,0,15,97,98,89

l0,10=0,95,99,95,96,87,99,0,92,93,93,90,92,89,0,0,75,59,0,0,0,0,0,0,0,0,0,0,0,0,0,89,0,0,0,0,0,0,0,0,0,0,0,0,0
l1,10=95,0,99,95,96,98,99,0,92,93,88,92,92,89,87,0,82,88,53,0,33,0,0,0,0,23,0,0,0,0,0,19,0,0,0,0,0,0,0,0,0,0,0,0,0
l2,10=95,95,0,91,95,98,99,0,96,93,93,92,97,92,85,0,90,78,56,78,68,0,0,0,55,40,23,0,0,0,1,61,0,0,0,0,0,0,0,0,0,0,0,57,0
l3,10=95,95,95,0,96,98,99,0,92,93,88,78,92,89,64,0,48,0,0,0,0,0,0,0,0,0,0,0,0,0,88,80,0,0,0,0,0,0,0,0,0,0,0,0,0
l4,10=95,95,98,95,0,98,99,1,92,93,91,73,92,86,0,0,88,84,75,0,0,0,0,0,0,0,0,0,0,0,43,92,0,0,0,0,0,0,0,0,0,0,0,0,0
l5,10=67,95,99,95,96,0,97,0,96,54,93,92,92,94,78,0,80,81,53,0,0,0,0,0,0,0,0,0,0,0,77,84,0,0,0,0,0,0,5,0,0,0,0,0,0
l6,10=95,95,99,95,95,98,0,0,96,94,93,92,91,88,49,0,90,91,58,8,6,0,0,0,31,0,24,0,0,0,52,87,0,0,0,0,0,0,0,0,0,0,0,0,0
l7,10=91,95,99,92,93,90,99,0,96,97,95,92,97,94,84,0,90,88,78,83,84,86,0,57,0,77,71,45,0,0,0,64,0,0,0,0,0,0,0,0,0,0,0,15,0
l8,10=83,94,98,88,93,94,98,0,0,93,93,92,95,90,78,0,80,70,78,81,76,60,0,45,66,42,45,52,0,0,43,0,0,0,0,0,0,0,0,0,0,0,0,30,0
l9,10=90,94,95,91,93,89,95,0,92,0,93,92,97,94,92,0,90,83,60,76,71,48,0,48,72,42,36,36,0,0,0,66,0,0,0,0,0,0,0,0,0,0,0,0,0
l10,10=69,92,90,77,88,93,95,1,92,93,0,92,97,90,92,0,90,81,86,69,89,40,3,68,57,47,49,41,0,0,71,80,0,0,0,0,0,0,0,0,1,0,1,73,2
l11,10=56,93,95,62,57,93,95,0,92,96,93,0,97,94,92,0,90,72,86,82,76,32,0,51,51,40,40,39,0,0,24,63,0,0,0,0,0,0,0,0,0,0,0,0,0
l12,10=80,92,95,87,92,93,65,0,92,93,93,92,0,90,92,0,90,90,60,67,69,43,40,37,49,55,43,31,0,0,0,0,0,0,0,0,0,0,0,0,0,0,51,0,0
l13,10=88,90,95,84,80,93,91,0,92,97,93,92,97,0,88,0,90,62,86,72,89,3,41,51,3,42,38,32,0,0,0,65,0,0,0,0,0,0,0,0,0,0,0,65,0
l14,10=0,54,47,54,0,68,55,0,27,52,88,83,92,80,0,0,90,93,89,65,97,45,31,51,70,49,35,35,0,0,76,86,0,0,0,0,0,0,0,22,0,39,68,75,1
l15,10=36,48,82,37,82,66,87,0,47,57,95,92,95,89,93,0,0,91,89,81,87,44,28,62,75,48,34,47,0,0,81,94,0,6,0,0,0,2,0,23,9,45,55,75,0
l16,10=10,65,19,0,73,66,72,1,8,26,73,73,92,45,94,0,89,0,59,85,98,18,0,55,73,39,25,2,0,0,95,97,27,0,0,0,0,0,22,0,59,36,1,73,40
l17,10=0,63,65,0,70,77,63,3,80,79,88,86,83,84,94,0,90,83,0,83,95,9,41,71,71,67,75,74,0,0,78,85,0,0,0,0,0,0,0,0,6,30,0,0,81
l18,10=0,0,41,0,0,0,5,0,47,31,66,82,44,38,63,0,88,95,88,0,97,50,48,66,79,82,38,85,0,0,76,45,0,37,0,0,0,2,31,42,21,70,79,75,75
l19,10=0,20,18,0,0,0,19,0,43,29,84,75,71,81,94,0,86,95,89,87,0,43,0,67,79,62,52,47,0,0,87,91,0,15,0,0,0,0,23,40,28,61,3,79,81
l20,10=0,0,0,0,0,0,0,0,72,72,76,76,72,30,77,0,75,75,52,85,80,0,98,87,76,81,83,90,0,0,0,0,76,74,0,75,0,0,72,74,0,58,68,79,78
l21,10=0,0,0,0,0,0,0,0,0,0,46,0,83,77,83,0,81,4,78,86,0,93,0,87,81,84,84,91,0,0,0,0,0,68,0,2,0,0,0,0,0,0,81,84,83
l22,10=0,0,0,0,0,0,0,2,52,41,79,74,61,69,69,0,75,79,77,75,79,91,83,0,79,82,86,90,0,0,0,0,80,80,0,69,77,78,77,75,47,50,72,76,81
l23,10=0,0,0,0,0,0,8,0,62,68,74,74,67,0,75,0,78,74,79,86,82,72,79,87,0,84,88,89,0,0,65,49,66,71,0,73,68,70,73,72,65,59,73,86,92
l24,10=0,41,53,0,0,0,0,1,59,66,75,73,76,65,74,0,74,71,78,86,88,87,84,87,81,0,87,73,0,0,53,55,70,66,0,66,70,69,71,61,65,61,81,81,72
l25,10=0,0,0,0,0,0,31,1,61,29,78,73,66,67,75,0,73,72,78,66,86,82,75,87,81,84,0,89,0,0,35,0,79,57,0,68,77,70,75,72,0,63,83,85,92
l26,10=0,0,0,0,0,0,0,6,70,41,71,76,66,59,79,0,77,38,77,86,81,91,89,87,78,77,84,0,0,0,0,24,82,83,0,79,83,79,83,0,47,74,69,81,83
l27,10=0,0,0,69,48,42,45,0,4,0,64,56,34,0,56,0,54,95,51,77,60,0,0,0,56,11,6,0,0,0,0,97,28,8,0,40,57,50,47,58,93,84,0,23,3
l28,10=47,0,9,55,51,39,48,1,0,20,68,63,0,24,60,0,60,95,40,58,54,0,0,0,38,3,0,0,0,0,95,0,45,41,0,0,2,0,51,37,93,83,23,0,0
l29,10=0,0,0,0,0,0,0,0,0,0,0,0,0,0,0,0,0,33,0,0,0,75,0,85,66,72,83,77,0,0,56,82,0,93,0,91,92,93,93,92,85,86,56,45,0
l30,10=0,0,0,0,0,0,0,0,0,0,0,0,0,0,0,0,45,0,0,58,34,41,33,81,72,22,33,78,0,0,45,73,91,0,0,91,92,92,93,92,89,91,42,38,61
l31,10=0,0,0,0,0,0,0,0,0,0,0,0,0,0,0,0,0,0,0,0,0,79,6,77,77,43,56,75,0,0,76,0,91,93,0,0,92,92,93,85,87,87,3,0,59
l32,10=0,0,0,0,0,0,0,0,0,0,0,0,0,0,0,0,0,0,0,0,0,0,0,80,73,73,83,75,0,0,45,0,91,93,0,91,0,93,93,89,73,79,0,0,0
l33,10=0,0,0,0,0,0,0,0,0,0,0,0,0,0,0,0,0,0,0,0,0,0,0,55,70,21,46,64,0,0,50,0,91,93,0,91,92,0,93,79,81,79,0,0,0
l34,10=0,0,0,0,0,18,0,0,0,0,0,0,0,0,0,0,0,38,0,56,41,64,0,58,70,45,70,64,0,0,51,77,91,93,0,91,92,93,0,93,93,91,31,5,0
l35,10=0,0,0,0,0,0,0,0,0,0,0,0,0,0,36,0,46,0,0,65,48,42,0,57,71,30,42,0,0,0,89,54,91,93,0,83,89,92,93,0,93,91,42,0,0
l36,10=0,0,0,0,0,0,0,0,0,0,2,0,1,0,0,0,27,49,24,66,45,0,0,24,70,41,0,16,0,0,94,67,52,93,0,86,83,59,93,98,0,91,0,0,0
l37,10=0,0,0,0,0,0,0,0,0,0,0,0,0,0,47,0,46,44,28,72,49,36,0,49,68,39,42,36,0,0,83,58,77,93,0,50,79,58,93,98,93,0,0,0,0
l38,10=0,0,0,0,0,0,0,0,0,0,0,0,67,0,72,0,71,0,0,78,0,61,71,73,66,75,81,65,0,0,0,41,62,55,0,0,0,0,1,32,0,0,0,88,93
l39,10=0,0,0,0,0,0,0,0,4,0,63,0,0,55,71,0,77,72,0,70,72,72,68,70,77,67,82,66,0,0,36,0,50,13,0,0,0,0,0,0,0,0,84,0,93
l40,10=0,0,0,0,0,0,0,0,0,0,0,0,1,0,0,0,0,64,69,72,75,72,35,69,78,61,86,70,0,0,0,0,0,8,0,0,0,0,0,0,0,0,84,86,0
l41,10=0,0,0,0,0,0,0,0,0,30,67,66,63,44,79,0,74,80,79,82,77,69,0,74,71,80,85,66,0,0,43,78,0,0,0,0,0,0,0,13,0,38,83,86,90
l42,10=0,0,0,0,0,0,0,0,0,0,0,0,0,0,71,0,70,60,58,80,74,75,21,80,78,81,80,79,0,0,0,0,0,49,0,0,0,0,62,0,0,0,84,86,89
l43,10=0,0,0,0,0,0,0,0,0,0,13,0,0,0,57,0,0,53,71,55,69,81,22,87,76,67,85,74,0,0,0,0,2,0,0,0,0,0,31,0,0,0,84,82,92
l44,10=0,0,0,0,0,0,0,0,0,0,0,57,0,0,62,0,35,65,0,86,74,81,67,87,79,81,85,77,0,0,0,0,55,0,0,31,52,0,0,0,0,0,86,86,91

l0,11=0,96,96,95,95,92,84,0,91,93,82,91,87,90,14,0,77,11,37,0,0,0,0,0,0,0,0,0,0,0,0,27,0,0,0,0,0,0,0,0,0,0,0,0,0
l1,11=97,0,96,95,95,92,85,0,95,93,77,88,86,85,27,0,23,78,48,45,0,0,0,0,0,18,0,0,0,0,16,37,0,0,0,0,0,0,0,0,0,0,0,0,0
l2,11=97,94,0,93,91,92,85,0,94,93,83,91,85,89,45,0,54,49,39,81,56,0,0,0,52,51,1,0,0,0,15,38,0,0,0,0,0,0,0,0,0,0,0,2,0
l3,11=97,96,95,0,95,92,84,0,94,91,76,83,83,61,19,0,37,68,36,0,0,0,0,0,0,0,0,0,0,0,78,42,0,0,0,0,0,0,0,0,0,0,0,0,0
l4,11=97,96,94,95,0,92,84,0,93,93,62,87,85,67,8,0,22,56,15,2,0,0,0,0,0,0,0,0,0,0,22,36,0,0,0,0,0,0,0,0,0,0,0,0,0
l5,11=96,96,95,94,95,0,84,0,92,88,83,92,86,92,9,0,31,70,27,48,0,0,0,0,9,0,0,0,0,0,49,40,0,0,0,0,0,0,20,0,0,0,0,0,0
l6,11=97,96,96,95,95,92,0,0,95,93,82,93,87,92,2,0,50,62,50,49,46,0,0,0,0,16,0,0,0,0,18,0,0,0,0,0,0,0,0,0,0,0,0,0,0
l7,11=95,96,96,93,90,92,88,0,95,95,84,93,89,93,85,0,81,65,0,80,67,70,0,50,22,63,48,37,0,0,0,0,0,0,0,0,0,0,0,0,0,0,0,1,0
l8,11=92,91,94,93,90,91,84,0,0,93,84,92,86,89,47,0,79,61,81,76,54,51,0,43,56,54,42,23,0,0,5,0,0,0,0,0,0,0,0,0,0,0,0,33,0
l9,11=93,91,94,87,90,57,82,0,91,0,84,93,87,92,84,0,79,0,43,41,63,52,0,39,59,62,49,23,0,0,16,0,0,0,0,0,0,0,0,0,0,0,0,0,0
l10,11=86,56,56,73,22,58,70,1,92,93,0,92,89,85,52,0,82,63,83,60,81,3,41,48,55,72,47,23,0,0,20,48,0,0,0,0,0,0,0,0,0,0,70,64,0
l11,11=93,58,92,58,56,90,83,0,91,93,83,0,87,91,84,0,79,50,81,81,68,0,0,36,18,60,48,6,0,0,0,23,0,0,0,0,0,0,0,0,0,0,0,0,0
l12,11=93,68,53,73,29,90,83,0,91,92,84,91,0,89,84,0,79,66,81,39,78,8,18,30,59,79,42,15,0,0,0,40,0,0,0,0,0,0,0,0,0,0,48,8,0
l13,11=94,91,94,52,86,91,86,0,91,95,84,93,89,0,82,0,79,55,81,67,68,61,25,64,39,61,51,12,0,0,2,43,0,0,0,0,0,0,0,0,8,0,0,53,0
l14,11=23,48,20,6,3,4,3,0,79,75,77,85,85,47,0,0,80,87,88,62,81,51,10,18,59,70,59,27,0,0,6,57,0,0,0,0,0,0,0,20,4,13,79,79,40
l15,11=77,44,50,35,20,22,57,2,86,93,87,91,88,89,87,0,0,75,88,81,81,61,29,45,61,73,59,20,0,0,23,59,0,0,0,0,0,0,2,20,4,0,44,79,0
l16,11=1,47,0,21,10,21,26,0,57,0,52,36,70,43,51,0,20,0,57,61,84,46,0,34,52,0,42,13,0,0,56,66,27,33,0,0,0,0,48,30,25,33,40,73,40
l17,11=53,40,13,2,9,19,55,1,80,36,82,82,79,67,88,0,82,86,0,81,81,59,15,46,64,73,57,24,0,0,24,55,0,0,0,0,0,0,0,0,3,11,44,79,42
l18,11=0,28,24,0,6,14,23,1,76,21,67,75,56,41,81,0,70,78,88,0,84,69,35,43,76,81,47,42,0,0,22,50,47,31,0,4,1,0,59,28,23,32,78,77,22
l19,11=0,0,16,0,0,0,25,0,48,31,74,72,76,44,88,0,81,90,88,84,0,56,0,28,76,75,67,26,0,0,21,52,0,0,0,0,0,0,56,25,22,13,45,73,41
l20,11=0,0,0,0,0,0,0,0,74,71,1,48,64,73,73,0,60,60,72,77,73,0,91,82,71,80,71,82,0,0,0,0,75,68,0,63,0,0,73,59,0,0,77,79,63
l21,11=0,0,0,0,0,0,0,0,0,0,71,48,77,69,69,0,63,0,72,80,0,86,0,84,76,82,79,80,0,0,0,0,0,73,0,29,0,0,61,0,43,0,80,76,70
l22,11=0,0,0,0,0,0,0,2,74,68,72,70,71,74,67,0,63,63,77,77,63,83,80,0,76,82,76,83,0,0,0,49,77,76,0,56,77,71,74,41,28,61,79,81,57
l23,11=0,0,35,0,0,0,0,0,72,70,60,14,72,31,45,0,61,67,80,81,78,71,72,84,0,82,80,73,0,0,40,0,69,48,0,56,30,0,66,58,37,0,78,85,77
l24,11=0,10,27,0,0,0,24,1,64,65,66,67,81,64,70,0,60,0,73,80,78,79,74,82,76,0,80,67,0,0,15,43,67,44,0,36,64,65,61,0,0,22,77,81,69
l25,11=0,0,0,0,0,0,0,1,51,42,54,66,66,50,76,0,54,60,70,70,77,73,73,81,76,82,0,75,0,0,0,37,70,32,0,5,73,45,55,47,11,36,80,83,76
l26,11=0,0,0,0,0,0,0,0,73,68,65,40,66,34,75,0,38,57,68,79,73,84,86,83,72,78,76,0,0,0,0,0,79,68,0,73,72,74,75,0,29,66,77,74,75
l27,11=60,41,1,36,10,18,27,0,34,30,51,0,0,9,14,0,25,90,39,41,38,0,0,0,33,28,0,0,0,0,0,78,49,29,0,3,6,43,66,58,86,19,0,21,35
l28,11=31,34,7,22,7,17,0,0,0,0,39,17,56,37,17,0,21,63,33,40,38,0,0,10,5,34,28,0,0,0,94,0,52,28,0,3,6,0,72,29,41,13,40,20,0
l29,11=0,0,0,0,0,0,0,0,0,0,0,0,0,0,0,0,0,25,0,40,0,64,0,71,68,67,65,68,0,0,36,54,0,84,0,89,85,88,86,84,83,82,0,35,0
l30,11=0,0,0,0,0,0,0,0,0,0,0,0,0,0,0,0,0,42,0,58,0,64,23,73,62,63,43,61,0,0,45,37,87,0,0,88,85,88,86,72,83,82,0,0,0
l31,11=0,0,0,0,0,0,0,0,0,0,0,0,0,0,0,0,0,0,0,37,0,48,13,37,68,68,51,69,0,0,70,33,87,85,0,0,89,92,86,80,75,73,0,15,0
l32,11=0,0,0,0,0,0,0,0,0,0,0,0,0,0,0,0,0,0,0,1,0,0,0,66,43,70,68,67,0,0,45,59,87,84,0,89,0,92,86,84,80,82,15,0,0
l33,11=0,0,0,0,0,0,0,0,0,0,0,0,0,0,0,0,0,0,0,0,0,0,0,21,0,40,27,56,0,0,41,0,87,84,0,89,89,0,83,79,74,79,0,0,0
l34,11=0,0,0,0,0,5,0,0,0,0,0,0,0,0,0,0,0,37,0,46,13,54,1,26,41,44,29,47,0,0,50,73,87,85,0,81,85,86,0,84,83,82,21,0,0
l35,11=0,0,0,0,0,0,0,0,0,0,0,0,0,0,17,0,12,40,0,41,35,41,0,9,36,0,35,0,0,0,49,39,87,57,0,52,53,83,86,0,87,87,18,0,0
l36,11=0,0,0,0,0,0,0,0,0,0,0,0,0,6,17,0,12,48,19,47,42,0,6,9,35,0,29,14,0,0,94,31,66,88,0,26,30,56,88,88,0,87,0,6,0
l37,11=0,0,0,0,0,0,0,0,0,0,0,0,0,0,16,0,0,78,18,73,38,0,0,12,0,27,32,20,0,0,53,38,81,84,0,53,77,80,88,88,87,0,0,18,0
l38,11=0,0,0,0,0,0,0,0,0,0,34,0,62,0,74,0,16,19,31,75,55,68,69,70,67,71,73,56,0,0,0,15,0,0,0,0,2,0,20,0,0,0,0,87,73
l39,11=0,0,0,0,0,0,0,0,7,0,25,0,14,32,72,0,62,67,72,73,66,70,9,70,73,70,77,35,0,0,18,12,50,0,0,0,0,0,0,0,0,0,82,0,82
l40,11=0,0,0,0,0,0,0,0,0,0,0,0,0,0,20,0,0,66,69,0,65,41,11,56,72,68,76,72,0,0,2,0,0,0,0,0,0,0,0,0,0,0,81,85,0
l41,11=0,0,0,0,0,0,0,0,28,56,40,70,0,44,44,0,61,69,82,80,72,70,7,77,71,76,76,69,0,0,0,54,1,9,0,0,0,0,0,0,0,26,82,85,76
l42,11=0,0,0,0,0,0,0,0,0,0,0,0,0,0,70,0,59,38,68,78,68,70,70,77,72,75,74,72,0,0,0,0,64,0,0,51,0,0,62,28,0,0,79,83,77
l43,11=0,0,0,0,0,0,0,0,0,0,0,0,0,0,0,0,8,54,32,74,68,71,0,81,65,73,79,75,0,0,0,0,42,68,0,0,12,0,17,0,0,0,82,83,75
l44,11=0,0,0,0,0,0,0,0,0,0,12,32,40,0,72,0,20,0,43,78,0,76,38,81,74,80,77,40,0,0,0,0,64,0,0,0,25,0,0,0,0,0,82,83,76

l0,12=0,97,99,93,93,96,98,13,93,96,87,93,93,92,86,0,73,0,0,52,0,0,0,0,0,0,0,0,0,0,23,4,0,0,0,0,0,0,0,0,0,0,0,0,0
l1,12=97,0,95,93,93,96,98,90,92,95,50,91,91,91,87,0,57,0,12,71,0,0,0,0,0,36,0,0,0,0,28,39,0,0,0,0,0,0,0,0,0,0,0,0,0
l2,12=97,96,0,89,93,96,94,2,93,93,82,91,89,91,65,0,75,55,79,83,46,21,0,8,13,39,45,0,0,0,12,40,0,0,0,0,0,0,0,0,0,0,0,0,0
l3,12=97,97,90,0,93,96,98,1,91,90,77,81,90,95,80,0,1,14,0,60,0,0,0,0,0,0,0,0,0,0,74,0,0,0,0,0,0,0,0,0,36,0,0,0,0
l4,12=97,97,98,93,0,96,98,6,92,95,46,92,82,91,0,0,61,69,0,3,0,0,0,0,0,0,0,0,0,0,41,37,0,0,0,0,0,0,0,0,0,0,0,0,0
l5,12=97,97,99,93,93,0,98,1,92,95,87,91,90,92,66,0,0,0,72,72,0,0,0,0,9,0,0,0,0,0,45,33,0,0,0,0,0,0,0,0,0,0,0,0,0
l6,12=97,97,98,93,93,96,0,1,93,96,89,94,93,96,74,0,64,83,81,83,21,0,0,0,31,0,0,0,0,0,44,0,0,0,0,0,0,0,0,0,0,0,0,0,0
l7,12=95,92,99,90,90,95,98,0,93,97,65,94,93,96,87,0,80,76,79,78,0,36,0,49,39,58,55,51,0,0,0,0,0,0,0,0,0,0,0,0,0,0,0,0,0
l8,12=95,96,94,89,90,94,94,1,0,95,87,91,89,91,87,0,80,79,82,75,33,7,13,45,30,46,55,54,0,0,0,0,0,0,0,0,0,0,0,0,0,0,0,33,0
l9,12=95,95,80,89,90,94,94,1,91,0,87,94,93,96,87,0,81,75,78,75,40,35,0,47,44,63,66,58,0,0,43,14,0,0,0,0,0,0,0,0,0,0,0,5,0
l10,12=86,76,70,76,47,94,94,10,90,85,0,92,93,92,87,0,87,81,83,82,55,21,28,49,42,64,65,45,0,0,31,41,0,0,0,0,0,0,0,0,0,1,34,55,8
l11,12=94,93,90,85,90,93,93,3,89,95,87,0,90,96,87,0,79,77,83,82,55,0,0,25,30,56,74,54,0,0,18,27,0,0,0,0,0,0,0,0,0,0,0,27,9
l12,12=94,93,89,81,78,93,93,3,84,93,87,91,0,92,87,0,84,75,82,83,79,4,37,39,70,76,49,29,0,0,30,26,0,0,0,0,0,0,0,0,0,0,0,19,0
l13,12=75,95,90,89,90,94,94,2,90,97,89,94,93,0,87,0,82,4,83,69,40,0,46,41,34,53,62,45,0,0,28,28,0,0,0,0,0,0,0,0,0,0,0,61,0
l14,12=48,74,22,39,0,33,64,1,86,68,52,58,87,84,0,0,87,85,86,82,88,23,0,23,43,64,76,51,0,0,47,45,0,0,0,0,0,0,0,0,7,26,61,80,34
l15,12=81,64,71,0,83,0,64,2,83,76,88,57,92,91,88,0,0,85,86,82,56,38,27,0,43,65,72,52,0,0,47,44,0,0,0,0,0,1,0,0,0,4,42,77,27
l16,12=0,0,9,0,38,0,72,6,57,38,28,11,72,0,89,0,82,0,86,84,58,18,0,19,20,31,43,33,0,0,50,46,0,0,0,0,0,0,0,36,56,50,23,74,38
l17,12=0,0,48,0,0,69,79,13,78,60,86,82,85,84,89,0,87,85,0,82,88,38,24,48,69,67,70,45,0,0,44,44,0,0,0,0,0,0,23,21,23,18,47,74,63
l18,12=28,58,55,27,37,56,75,4,67,55,51,52,84,75,84,0,77,81,85,0,91,66,53,48,70,76,73,57,0,0,44,43,62,61,0,42,0,0,61,69,49,42,51,77,75
l19,12=0,0,53,0,0,25,54,0,53,51,77,67,84,65,89,0,87,87,86,87,0,34,0,79,72,79,81,43,0,0,68,39,0,0,0,0,0,0,44,63,41,38,48,70,64
l20,12=0,0,24,0,0,0,0,4,46,70,64,53,68,0,69,0,62,67,73,83,71,0,91,85,69,78,75,87,0,0,0,0,62,70,0,66,35,45,73,62,47,19,69,72,68
l21,12=0,0,0,0,0,0,0,0,53,0,67,0,76,74,0,0,61,0,73,83,0,74,0,84,71,78,81,88,0,0,0,0,25,68,0,0,0,0,74,0,0,0,77,0,67
l22,12=0,0,0,0,0,0,0,4,62,67,76,39,78,74,74,0,0,76,78,76,76,73,79,0,71,78,82,89,0,0,0,0,79,74,0,72,79,46,80,80,37,71,74,76,72
l23,12=0,0,0,0,0,9,47,17,49,60,42,38,80,57,74,0,67,51,80,83,84,70,73,86,0,79,83,78,0,0,22,0,69,67,0,67,0,0,72,2,43,59,75,80,75
l24,12=0,28,2,0,0,0,0,11,53,67,67,42,82,65,73,0,65,63,80,83,83,73,69,86,72,0,83,72,0,0,37,30,62,66,0,43,40,28,66,62,62,37,79,76,81
l25,12=1,0,8,0,0,0,0,11,54,54,41,57,68,65,75,0,59,68,69,74,75,63,67,85,72,79,0,81,0,0,10,36,65,68,0,39,66,0,67,63,0,55,77,79,75
l26,12=0,0,0,0,0,0,0,18,56,70,64,64,68,65,68,0,59,68,71,77,66,74,81,86,67,72,79,0,0,0,0,0,76,67,0,72,68,70,77,57,56,61,66,68,72
l27,12=0,29,2,43,39,40,70,0,0,46,24,9,66,55,78,0,70,87,71,46,41,0,0,0,20,32,29,0,0,0,0,78,57,44,0,51,4,31,47,83,59,49,0,36,26
l28,12=0,30,28,0,41,28,0,0,0,17,18,10,52,38,53,0,62,87,76,45,32,0,0,0,8,24,40,0,0,0,86,0,51,0,0,39,40,0,56,51,50,51,12,21,12
l29,12=0,0,0,0,0,0,0,0,0,0,0,0,0,0,0,0,0,0,0,59,0,33,0,75,67,59,75,82,0,0,54,47,0,85,0,86,88,89,90,88,78,86,41,47,0
l30,12=0,0,0,0,38,0,0,0,0,0,0,0,0,0,0,0,0,8,0,59,0,64,31,78,65,63,74,68,0,0,22,0,87,0,0,85,84,82,90,88,84,88,43,41,55
l31,12=0,0,0,0,0,0,0,0,0,0,0,0,0,0,0,0,0,0,0,41,0,38,0,72,66,45,43,76,0,0,73,52,87,86,0,0,88,94,89,81,74,86,0,8,0
l32,12=0,0,0,0,0,0,0,0,0,0,0,0,0,0,0,0,0,0,0,0,0,22,0,75,3,44,68,48,0,0,23,58,87,81,0,86,0,94,90,82,76,81,0,0,0
l33,12=0,0,0,0,0,0,0,0,0,0,0,0,0,0,0,0,0,0,0,0,0,1,0,63,0,4,0,39,0,0,56,0,87,84,0,86,88,0,90,86,80,88,0,0,0
l34,12=0,0,0,0,0,0,0,0,0,0,0,0,0,0,0,0,0,0,60,42,23,52,32,78,65,52,53,80,0,0,78,75,87,86,0,84,88,89,0,88,85,88,17,39,37
l35,12=0,0,0,0,0,0,0,0,0,0,0,0,0,0,0,0,0,72,60,47,40,29,0,40,30,43,50,41,0,0,80,72,87,85,0,82,85,88,90,0,90,88,8,0,0
l36,12=0,0,0,36,0,0,0,0,0,0,0,1,28,0,45,0,0,81,68,48,44,16,0,30,39,44,0,45,0,0,83,72,84,85,0,61,49,39,90,89,0,88,0,0,0
l37,12=0,0,0,0,0,0,0,0,0,0,1,0,0,0,47,0,32,79,63,48,41,9,0,38,54,44,49,54,0,0,51,72,86,85,0,82,81,78,90,89,90,0,7,0,0
l38,12=0,0,0,0,0,0,0,0,0,0,20,0,0,0,75,0,43,45,64,69,42,62,44,46,64,73,72,68,0,0,0,0,3,31,0,0,0,0,0,0,0,0,0,85,86
l39,12=0,0,0,0,0,0,0,0,6,0,19,20,45,47,75,0,62,73,70,69,46,58,0,75,70,70,80,44,0,0,37,11,47,24,0,0,0,0,11,0,0,0,85,0,86
l40,12=0,0,0,0,0,0,0,0,0,0,0,0,0,0,68,0,2,64,66,77,71,60,10,64,64,74,72,71,0,0,0,0,0,0,0,0,0,0,0,0,0,0,84,83,0
l41,12=0,0,0,0,0,0,7,0,37,51,35,27,0,58,39,0,64,73,73,84,75,51,43,73,69,73,74,71,0,0,0,0,0,52,0,0,0,0,12,0,0,34,85,83,81
l42,12=0,0,0,0,0,0,0,0,0,0,0,0,24,0,66,0,54,0,0,80,77,63,60,82,66,74,78,74,0,0,0,0,51,57,0,0,0,0,64,5,0,0,81,82,84
l43,12=0,0,0,0,0,0,0,0,0,0,0,0,61,0,14,0,62,0,64,64,45,60,7,79,67,71,79,77,0,0,0,0,0,57,0,4,26,0,0,0,0,0,80,81,85
l44,12=0,0,0,0,0,0,0,0,0,0,35,0,0,0,67,0,61,42,11,81,71,68,28,77,69,77,73,70,0,0,0,0,58,0,0,0,0,0,15,0,1,0,84,82,84

l0,13=0,98,98,100,100,96,97,98,97,97,93,95,95,98,92,0,35,24,0,40,0,0,0,0,0,0,0,0,0,0,19,0,0,0,0,0,0,0,0,0,0,0,0,0,0
l1,13=97,0,98,100,100,96,93,95,93,86,84,92,95,97,91,0,0,34,0,80,0,0,0,0,0,13,0,0,0,0,21,29,0,0,0,0,0,0,0,0,0,0,0,0,0
l2,13=98,98,0,100,100,96,97,92,97,97,92,95,95,98,90,0,31,35,0,89,81,0,0,20,11,24,45,0,0,0,23,31,0,0,0,0,0,0,0,0,0,0,0,0,0
l3,13=98,98,98,0,100,96,97,92,97,97,87,90,95,98,88,0,33,35,0,73,0,0,0,0,0,0,0,0,0,0,3,56,0,0,0,0,0,0,0,0,74,0,0,0,0
l4,13=98,98,98,100,0,96,97,98,97,97,87,95,86,98,0,0,1,0,0,0,0,0,0,0,0,0,0,0,0,0,50,0,0,0,0,0,0,0,0,0,0,0,0,0,0
l5,13=98,98,98,100,100,0,97,76,97,97,93,94,95,98,87,0,43,41,79,80,0,0,0,0,0,0,0,0,0,0,27,29,0,0,0,0,0,0,0,54,42,0,0,0,0
l6,13=98,96,98,100,100,96,0,97,97,94,91,93,95,98,94,0,95,54,93,90,61,0,0,0,24,0,0,0,0,0,41,0,0,0,0,0,0,0,0,0,0,0,0,0,0
l7,13=98,98,95,99,98,95,97,0,97,97,91,95,95,98,96,0,96,0,94,90,2,51,31,79,77,78,79,0,0,0,0,29,0,0,0,0,0,0,0,0,0,0,0,66,0
l8,13=91,92,98,95,100,96,97,98,0,96,91,95,95,95,95,0,95,33,94,83,8,53,53,48,0,38,54,71,0,0,0,0,0,0,0,0,0,0,0,0,0,0,23,54,0
l9,13=93,86,93,94,95,94,91,84,96,0,93,95,95,98,94,0,96,33,93,90,85,84,7,47,50,44,49,80,0,0,27,17,0,0,0,0,0,0,0,0,0,0,0,60,0
l10,13=70,86,80,53,54,43,47,46,93,95,0,95,95,98,93,0,97,33,71,90,91,0,0,48,46,49,54,80,0,0,27,0,0,0,0,0,0,0,0,0,7,0,2,68,0
l11,13=94,92,93,57,95,62,90,93,97,97,92,0,95,98,94,0,76,24,81,89,81,81,0,40,42,0,56,82,0,0,26,30,0,0,0,0,0,0,0,0,0,0,0,65,0
l12,13=91,92,92,58,53,93,91,93,93,94,93,95,0,98,94,0,96,4,93,90,91,26,29,39,83,77,55,80,0,0,28,0,0,0,0,0,0,0,0,0,0,0,0,0,0
l13,13=93,92,93,94,95,94,92,90,93,97,93,95,95,0,94,0,96,33,93,87,73,46,62,41,45,47,53,61,0,0,0,28,0,0,0,0,0,0,0,0,2,0,7,68,0
l14,13=47,46,30,25,0,34,30,45,93,89,88,89,94,93,0,0,97,34,96,90,98,48,35,0,45,51,53,72,0,0,28,31,0,0,0,0,0,0,0,0,28,15,28,69,48
l15,13=73,0,58,59,38,55,57,89,93,94,93,92,95,95,96,0,0,89,96,90,91,76,75,43,48,64,48,84,0,0,50,52,0,0,0,0,0,0,0,0,65,30,26,0,74
l16,13=16,43,31,25,0,32,9,0,82,81,76,53,39,76,95,0,36,0,72,95,98,0,0,12,1,6,0,70,0,0,32,35,0,68,0,0,0,4,60,74,78,36,4,45,45
l17,13=0,0,0,0,4,37,31,40,88,89,85,84,95,95,96,0,97,62,0,95,98,78,48,48,48,47,50,75,0,0,27,33,0,0,0,0,0,0,0,62,70,24,28,67,78
l18,13=21,38,50,19,16,28,30,37,76,85,88,78,90,78,95,0,92,97,95,0,98,89,47,47,51,79,57,86,0,0,26,30,32,60,0,45,0,0,60,68,77,30,26,69,71
l19,13=0,0,45,0,20,0,24,29,47,80,88,63,92,65,96,0,97,98,96,95,0,78,68,88,91,94,56,67,0,0,53,31,0,0,0,0,0,0,51,62,77,28,27,68,81
l20,13=0,0,0,0,0,0,0,29,67,80,0,79,68,59,81,0,78,5,82,93,82,0,97,96,85,94,82,92,0,0,0,1,0,79,0,64,22,28,83,0,54,39,79,76,70
l21,13=0,0,0,0,0,0,0,61,88,35,0,0,86,87,86,0,89,0,88,85,89,94,0,94,88,88,88,91,0,0,0,0,76,66,0,6,0,0,86,0,0,0,83,38,81
l22,13=0,0,0,0,0,0,0,53,76,73,75,64,58,64,0,0,27,37,77,77,85,92,85,0,91,93,90,92,0,0,0,0,73,65,0,64,80,22,81,58,0,24,80,87,79
l23,13=0,0,0,0,0,0,11,47,0,73,70,56,70,60,84,0,85,49,90,87,98,91,91,95,0,94,91,88,0,0,0,25,60,51,0,64,0,21,84,50,58,78,88,89,88
l24,13=0,11,1,0,0,0,0,54,65,75,82,0,89,75,95,0,88,50,93,93,98,91,75,95,91,0,91,90,0,0,22,24,53,75,0,53,43,0,69,53,62,44,82,89,88
l25,13=0,0,16,0,0,0,0,44,74,67,70,66,57,60,90,0,22,0,57,93,84,77,82,95,91,94,0,76,0,0,19,0,79,75,0,52,32,22,58,48,0,22,88,89,88
l26,13=0,0,0,0,0,0,0,18,75,75,71,72,68,57,78,0,83,80,76,90,71,92,95,96,87,88,80,0,0,0,36,28,86,74,0,87,78,15,91,76,61,64,81,87,87
l27,13=36,16,14,20,42,33,27,1,0,71,83,61,82,0,90,0,33,98,55,53,54,0,0,0,0,9,31,46,0,0,0,94,50,74,0,72,27,25,77,88,87,19,0,0,0
l28,13=0,39,20,28,20,29,0,29,0,8,15,72,0,64,93,0,32,62,71,54,53,1,0,0,1,5,0,29,0,0,96,0,34,74,0,71,33,24,82,86,55,36,19,41,21
l29,13=0,0,0,0,0,0,0,0,0,0,0,0,0,0,0,0,0,0,0,31,0,0,25,78,80,65,71,81,0,0,80,22,0,95,0,94,93,95,94,84,85,83,0,60,0
l30,13=0,0,0,0,0,0,0,0,0,0,0,0,0,0,0,0,0,44,22,34,0,50,20,76,52,45,62,70,0,0,73,66,89,0,0,94,93,94,94,91,90,90,35,26,34
l31,13=0,0,0,0,0,0,0,0,0,0,0,0,0,0,0,0,0,0,0,55,0,29,0,71,73,31,30,73,0,0,72,70,89,95,0,0,93,95,94,73,82,90,0,0,0
l32,13=0,0,0,0,0,0,0,0,0,0,0,0,0,0,0,0,0,4,0,0,0,12,0,59,1,26,41,67,0,0,68,69,89,88,0,94,0,95,94,91,81,90,0,4,0
l33,13=0,0,0,0,0,0,0,0,0,0,0,0,0,0,0,0,0,37,0,0,0,24,0,35,42,0,46,0,0,0,66,65,89,87,0,94,93,0,94,82,80,72,0,0,0
l34,13=0,0,0,0,0,0,0,0,0,0,0,0,0,0,0,0,0,42,0,39,15,52,22,59,73,27,37,83,0,0,82,85,89,95,0,93,93,95,0,91,94,97,13,31,35
l35,13=0,0,0,0,0,27,0,0,0,0,0,0,0,0,0,0,0,29,37,52,43,0,0,46,1,7,37,76,0,0,90,48,89,95,0,86,93,95,94,0,94,97,3,36,0
l36,13=0,0,0,20,0,27,0,0,0,0,11,0,0,6,75,0,25,61,43,55,54,30,0,0,1,8,0,63,0,0,96,35,89,95,0,80,35,58,94,91,0,97,0,0,0
l37,13=0,0,0,0,0,0,0,0,0,0,0,0,0,0,73,0,30,94,42,83,42,43,0,42,54,28,40,68,0,0,86,89,81,95,0,94,93,73,94,91,94,0,0,5,0
l38,13=0,0,0,0,0,0,0,0,32,0,0,0,0,0,79,0,14,8,55,79,68,74,61,80,88,77,89,78,0,0,0,24,0,54,0,0,0,0,0,0,0,0,0,89,89
l39,13=0,0,0,0,0,0,0,17,17,33,64,54,0,76,86,0,0,80,80,82,75,60,0,78,88,86,88,76,0,0,0,23,34,0,0,0,0,0,37,40,0,0,88,0,89
l40,13=0,0,0,0,0,0,0,0,0,0,0,0,0,0,78,0,41,80,80,76,77,65,71,81,86,87,89,83,0,0,0,0,0,3,0,0,0,0,58,0,0,0,88,89,0
l41,13=0,0,0,0,0,0,0,0,0,0,70,0,66,63,75,0,42,90,86,92,94,65,62,78,88,89,83,83,0,0,19,0,11,0,0,0,0,0,8,0,55,24,88,89,86
l42,13=0,0,0,0,0,0,0,0,0,0,0,0,0,0,81,0,34,35,0,92,83,84,72,94,88,91,88,80,0,0,0,0,48,53,0,0,0,0,53,0,0,0,88,89,87
l43,13=0,0,0,0,0,0,0,0,0,0,0,0,48,0,73,0,62,14,45,77,0,75,71,88,84,85,86,82,0,0,0,0,39,64,0,61,8,0,48,0,0,0,88,89,87
l44,13=0,0,0,0,0,0,0,0,0,0,12,0,1,0,78,0,30,9,36,66,83,88,59,87,88,88,79,82,0,0,0,0,0,0,0,0,0,0,25,19,0,15,88,89,89

l0,14=0,100,100,100,100,100,100,100,100,100,99,100,100,100,94,0,99,84,96,0,0,0,0,0,0,0,0,0,0,0,97,0,0,0,0,0,0,0,0,0,0,0,0,0,0
l1,14=100,0,100,100,100,100,100,100,100,100,99,100,100,100,76,0,100,97,96,100,0,0,0,0,0,0,0,0,0,0,58,53,0,0,0,0,0,0,0,0,0,0,0,0,0
l2,14=100,100,0,100,100,100,100,100,100,100,100,100,100,100,99,0,42,95,98,96,0,0,0,0,0,8,1,0,0,0,0,0,0,0,0,0,0,0,0,0,0,0,0,0,0
l3,14=100,100,100,0,100,100,99,100,100,100,83,61,61,99,0,0,98,77,96,91,0,0,0,0,0,0,0,0,0,0,52,60,0,0,0,0,0,0,0,0,0,0,0,0,0
l4,14=100,100,100,100,0,100,100,100,100,100,83,100,68,100,96,0,100,92,96,0,0,0,0,0,0,0,0,0,0,0,69,12,0,0,0,0,0,0,0,0,53,0,0,0,0
l5,14=100,100,100,100,100,0,100,100,100,100,100,100,100,100,95,0,100,97,100,98,74,0,0,0,0,0,0,0,0,0,74,62,0,0,0,0,0,0,0,37,67,12,0,0,0
l6,14=100,100,100,100,100,100,0,100,100,100,100,100,100,100,40,0,100,74,100,100,69,0,0,0,0,0,0,0,0,0,51,0,0,0,0,0,0,0,0,0,0,0,0,2,0
l7,14=100,100,100,100,100,100,100,0,100,100,100,100,100,100,99,0,100,91,100,98,98,0,0,97,92,80,88,0,0,0,0,2,0,0,0,0,0,0,0,0,0,0,0,0,0
l8,14=100,100,100,100,100,100,100,100,0,100,100,100,100,100,99,0,100,92,100,98,0,62,0,67,92,58,95,94,0,0,54,0,0,0,0,0,0,0,0,0,0,0,0,69,0
l9,14=87,100,100,79,100,100,100,100,100,0,100,100,100,100,97,0,100,92,86,100,18,58,0,56,93,61,81,95,0,0,66,1,0,0,0,0,0,0,0,0,0,0,0,0,0
l10,14=60,99,99,85,100,100,100,100,100,100,0,100,100,100,91,0,100,91,100,100,94,19,0,63,97,66,85,88,0,0,69,48,0,0,0,0,0,0,0,0,86,0,46,51,0
l11,14=100,100,100,76,100,100,100,100,100,100,100,0,100,100,99,0,100,90,100,100,95,58,0,54,89,58,80,95,0,0,0,51,0,0,0,0,0,0,0,0,0,0,0,49,19
l12,14=97,100,99,74,99,94,100,100,100,100,100,100,0,100,99,0,100,84,100,98,92,55,50,56,97,98,75,0,0,0,0,50,0,0,0,0,0,0,0,0,34,0,17,67,0
l13,14=100,100,93,88,100,100,100,100,100,100,100,100,100,0,99,0,100,92,100,98,94,28,0,0,96,65,77,89,0,0,0,52,0,0,0,0,0,0,0,0,0,0,0,71,0
l14,14=44,33,86,0,89,76,34,94,98,96,73,60,61,90,0,0,100,95,100,100,100,39,0,58,92,64,79,93,0,0,69,57,0,84,0,0,0,0,0,86,92,25,54,71,57
l15,14=46,92,3,66,88,62,98,99,98,100,84,61,100,99,99,0,0,89,100,100,100,64,0,56,92,64,81,95,0,0,73,58,0,0,0,0,0,0,7,0,7,0,40,63,93
l16,14=37,60,59,0,52,47,36,95,95,96,61,33,25,89,99,0,96,0,100,100,100,0,0,26,93,38,44,56,0,0,83,62,25,90,0,0,0,0,16,94,100,57,19,55,26
l17,14=56,88,94,78,97,87,98,100,100,64,100,100,100,99,99,0,100,100,0,100,100,0,56,65,100,100,81,95,0,0,69,99,0,84,0,0,0,0,29,1,0,40,55,72,93
l18,14=0,92,92,52,0,52,64,94,95,96,74,60,59,90,99,0,98,99,100,0,99,97,57,61,98,85,97,96,0,0,69,56,3,0,0,0,0,0,52,91,99,56,95,98,94
l19,14=0,0,0,0,0,47,65,97,3,7,81,60,60,90,99,0,100,100,100,100,0,64,0,65,100,100,87,65,0,0,75,61,0,0,0,0,0,0,0,94,100,56,55,75,99
l20,14=0,0,0,0,0,0,0,0,94,87,4,93,94,61,89,0,98,0,0,99,94,0,100,99,98,98,90,100,0,0,0,0,90,90,0,0,93,90,98,94,82,93,98,98,98
l21,14=0,0,0,0,0,0,0,16,0,0,0,0,98,0,41,0,0,0,99,99,9,100,0,97,98,97,97,99,0,0,0,0,97,0,0,2,0,0,83,0,0,0,0,96,100
l22,14=0,0,0,0,0,0,0,93,95,80,92,63,94,0,94,0,97,94,99,99,99,100,93,0,100,100,100,100,0,0,0,72,90,90,0,32,97,82,97,94,91,59,98,93,100
l23,14=0,0,0,0,0,0,0,83,84,91,94,94,98,95,99,0,87,99,99,99,99,94,97,100,0,100,100,98,0,0,83,90,94,96,0,98,83,88,97,81,65,96,98,98,100
l24,14=0,0,0,0,0,0,0,92,85,89,98,55,98,97,99,0,98,96,99,99,99,97,60,99,100,0,100,98,0,0,63,51,62,97,0,83,75,0,56,0,97,71,98,98,100
l25,14=0,0,0,0,0,0,0,84,96,83,92,91,87,78,99,0,96,91,92,99,99,86,96,97,100,98,0,98,0,0,0,0,97,97,0,88,92,88,88,91,70,52,98,98,100
l26,14=0,0,0,0,0,0,0,6,98,97,73,97,50,85,98,0,98,89,99,99,90,100,97,100,98,97,97,0,0,0,55,0,97,95,0,99,96,93,98,98,79,97,24,98,100
l27,14=46,81,0,0,53,53,60,0,69,94,80,0,19,0,99,0,100,100,99,99,100,0,0,0,95,63,9,45,0,0,0,99,63,95,0,94,70,49,63,100,100,59,1,49,0
l28,14=0,59,0,67,48,56,0,76,0,0,66,20,46,88,99,0,100,100,100,100,100,0,0,25,100,37,0,0,0,0,100,0,51,95,0,100,76,25,30,100,100,59,7,14,0
l29,14=0,0,0,0,0,0,0,0,0,0,0,0,0,0,0,0,0,76,0,5,0,58,28,90,94,96,99,100,0,0,98,89,0,100,0,100,98,100,99,100,100,100,0,82,0
l30,14=0,0,0,0,0,0,0,0,0,0,0,0,0,0,83,0,0,79,77,0,0,93,0,76,98,97,97,79,0,0,100,97,100,0,0,100,98,100,99,99,100,100,73,0,54
l31,14=0,0,0,0,0,0,0,0,0,0,0,0,0,0,0,0,0,37,0,0,0,0,0,24,81,74,82,87,0,0,50,79,100,100,0,0,98,100,99,93,94,100,19,0,11
l32,14=0,0,0,0,0,0,0,0,0,0,0,0,0,0,0,0,0,0,0,0,0,66,0,82,75,81,91,88,0,0,50,60,100,100,0,100,0,100,99,100,75,100,0,0,0
l33,14=0,0,0,0,0,0,0,0,0,0,0,0,0,0,0,0,0,0,0,0,0,60,0,66,85,0,87,80,0,0,71,54,100,90,0,100,98,0,92,96,90,91,0,0,0
l34,14=0,0,0,0,0,0,0,0,0,0,0,0,0,0,0,0,1,52,69,95,0,97,5,78,98,58,58,98,0,0,78,48,100,100,0,100,98,100,0,100,100,100,11,0,0
l35,14=0,0,0,0,0,29,0,0,0,0,0,0,0,0,92,0,0,99,64,95,95,61,0,76,86,1,53,59,0,0,72,72,100,100,0,100,98,99,99,0,100,100,0,46,0
l36,14=0,0,0,0,54,44,0,0,0,0,70,0,50,0,99,0,0,100,0,100,100,45,0,45,72,67,24,30,0,0,100,77,100,100,0,100,72,100,99,100,0,100,0,0,0
l37,14=0,0,0,0,13,23,0,0,0,0,0,0,0,0,93,0,0,100,93,100,94,61,0,33,100,97,37,55,0,0,72,99,100,100,0,100,98,53,99,100,100,0,0,21,0
l38,14=0,0,0,0,0,0,0,0,0,0,62,0,26,0,87,0,69,87,90,96,92,89,0,90,98,94,97,0,0,0,0,0,0,85,0,0,0,0,0,0,0,0,0,98,100
l39,14=0,0,0,0,0,0,0,9,79,0,2,8,54,85,89,0,89,89,90,92,92,63,44,70,91,91,97,94,0,0,64,25,56,0,0,0,0,0,0,43,0,0,100,0,100
l40,14=0,0,0,0,0,0,0,0,0,0,0,0,0,0,91,0,92,83,94,96,95,93,89,95,97,96,96,97,0,0,0,0,0,73,0,0,0,0,0,0,0,0,98,98,0
l41,14=0,0,0,0,0,0,53,0,0,0,86,0,90,18,90,0,93,99,92,88,99,61,0,94,99,97,93,96,0,0,76,0,0,0,0,0,0,0,3,2,87,64,99,100,93
l42,14=0,0,0,0,0,0,0,0,0,0,0,0,59,0,96,0,0,79,89,99,94,97,97,97,98,97,97,97,0,0,0,0,91,83,0,0,21,0,0,0,0,0,98,98,100
l43,14=0,0,0,0,0,0,0,0,0,0,0,0,69,0,41,0,0,86,0,95,69,97,86,97,96,97,96,93,0,0,0,0,47,80,0,86,0,0,75,81,0,0,99,98,99
l44,14=0,0,0,0,0,0,0,0,0,0,0,0,77,0,94,0,94,70,88,96,95,97,88,96,98,96,96,96,0,0,0,0,80,0,0,0,0,0,0,0,0,81,98,98,100

l0,15=0,100,100,100,100,100,100,100,99,100,100,100,100,100,97,0,89,60,60,75,0,0,0,0,0,0,0,0,0,0,100,61,0,0,0,0,0,0,0,0,0,0,0,0,0
l1,15=100,0,100,100,100,100,100,100,99,98,100,100,100,100,0,0,100,100,99,100,0,0,0,0,0,0,0,0,0,0,100,0,0,0,0,0,0,0,0,0,0,0,0,0,0
l2,15=100,100,0,100,100,100,100,100,99,100,9,100,100,100,99,0,89,60,60,95,0,0,0,0,0,53,0,0,0,0,90,0,0,0,0,0,0,0,0,0,0,0,0,0,0
l3,15=100,100,100,0,100,100,100,100,78,100,100,87,100,100,96,0,81,60,60,78,0,0,0,0,0,0,0,0,0,0,100,61,0,0,0,0,0,0,0,0,0,4,0,0,0
l4,15=100,100,100,100,0,100,100,100,99,100,0,100,99,100,96,0,89,54,59,33,0,0,0,0,0,0,0,0,0,0,98,53,0,0,0,0,0,0,0,0,0,0,0,0,0
l5,15=100,100,100,100,100,0,100,100,98,100,100,100,100,100,99,0,89,59,60,94,91,0,0,0,0,0,0,0,0,0,99,61,0,0,0,0,0,0,0,0,99,0,0,0,0
l6,15=100,100,100,100,100,100,0,100,99,100,100,100,100,100,99,0,100,100,99,100,82,53,0,0,58,0,0,0,0,0,100,0,0,0,0,0,0,0,0,0,0,0,0,0,0
l7,15=100,100,100,100,100,100,100,0,99,100,100,100,100,100,99,0,100,99,99,100,99,98,0,100,0,99,96,99,0,0,0,21,0,0,0,0,0,0,0,0,0,0,0,0,0
l8,15=100,100,100,99,100,100,100,100,0,100,100,100,100,100,99,0,100,56,99,100,86,63,0,97,98,58,97,97,0,0,74,60,0,0,0,0,0,0,0,0,0,0,0,0,0
l9,15=100,91,100,100,100,100,100,100,99,0,100,100,100,100,99,0,100,57,99,100,37,59,0,87,41,59,81,96,0,0,2,0,0,0,0,0,0,0,0,0,0,0,0,55,0
l10,15=100,93,0,99,72,100,99,95,99,100,0,100,100,100,97,0,87,57,99,93,80,0,0,91,59,98,94,91,0,0,0,22,0,0,0,0,0,0,0,0,79,0,57,58,87
l11,15=100,100,100,92,96,100,100,100,99,100,100,0,100,100,97,0,100,59,99,100,98,65,0,0,92,60,84,86,0,0,94,60,0,0,0,0,0,0,0,0,0,0,0,0,0
l12,15=98,100,92,99,91,100,100,100,98,100,100,100,0,100,94,0,100,58,99,97,81,61,92,87,100,97,84,0,0,0,85,17,0,0,0,0,0,0,0,0,0,0,0,57,0
l13,15=100,100,92,97,100,100,100,100,99,100,100,100,100,0,98,0,100,92,55,97,0,61,14,83,56,59,24,91,0,0,88,59,0,0,0,0,0,0,0,0,0,0,0,0,0
l14,15=89,0,94,93,88,95,60,52,76,98,97,94,97,94,0,0,100,60,99,95,92,13,0,90,59,61,84,93,0,0,93,60,0,70,0,0,0,0,0,0,81,72,58,60,93
l15,15=95,94,92,90,96,97,63,58,78,98,97,100,100,100,99,0,0,57,99,95,93,62,93,90,58,61,84,93,0,0,93,60,0,63,0,0,0,0,0,55,0,39,58,60,93
l16,15=92,94,94,97,90,94,29,17,37,98,97,93,97,95,99,0,87,0,99,100,99,56,0,58,52,55,84,93,0,0,100,100,52,78,0,64,0,25,56,98,100,84,0,60,93
l17,15=94,87,88,94,84,96,63,72,99,97,100,100,100,95,99,0,100,100,0,100,99,62,90,85,100,100,84,88,0,0,93,60,0,11,0,0,0,0,0,0,84,74,62,62,86
l18,15=67,83,82,18,74,87,28,57,76,100,97,99,100,94,98,0,88,100,99,0,99,98,97,100,99,61,98,92,0,0,99,57,44,68,0,18,0,0,55,96,100,74,98,99,97
l19,15=0,0,0,0,0,93,29,57,42,71,96,100,100,43,99,0,100,100,99,100,0,65,90,94,99,100,98,96,0,0,99,61,0,0,0,0,0,0,55,96,100,83,60,63,97
l20,15=0,0,0,0,0,0,74,93,93,77,0,94,91,84,41,0,91,88,86,100,91,0,99,100,94,100,96,99,0,0,0,0,90,91,0,0,96,91,94,95,0,80,95,90,94
l21,15=0,0,0,0,0,0,0,24,0,11,0,1,91,68,0,0,91,0,86,99,74,99,0,100,99,96,97,99,0,0,0,0,88,0,0,0,65,0,31,0,0,16,91,89,0
l22,15=0,0,0,0,0,0,0,71,76,91,93,0,90,71,92,0,94,52,87,100,93,98,97,0,100,100,98,99,0,0,0,2,92,74,0,92,98,55,92,95,95,87,92,87,93
l23,15=0,0,0,0,0,0,36,0,91,0,91,87,98,82,95,0,97,96,96,96,96,97,95,100,0,100,98,99,0,0,92,82,97,98,0,92,61,84,88,86,66,83,97,99,99
l24,15=0,0,24,0,0,0,0,91,62,93,97,94,98,91,98,0,93,51,98,96,98,98,90,100,100,0,98,99,0,0,88,44,62,72,0,92,95,0,37,92,95,93,98,99,97
l25,15=0,0,0,0,0,0,0,49,95,61,92,65,91,32,97,0,91,90,82,99,98,91,89,100,100,100,0,99,0,0,0,0,89,89,0,20,95,40,2,93,61,68,97,99,93
l26,15=0,0,0,0,0,0,0,95,96,99,92,82,62,97,95,0,97,93,82,96,90,99,97,100,99,96,97,0,0,0,0,0,97,98,0,96,96,96,96,98,95,97,95,96,97
l27,15=98,99,94,98,98,84,29,0,30,0,0,97,97,98,97,0,89,100,60,94,92,0,0,0,51,55,0,0,0,0,0,100,55,84,0,97,78,60,59,100,100,84,0,61,0
l28,15=95,0,0,99,93,100,0,15,42,0,3,93,90,93,99,0,89,100,60,94,93,0,0,0,51,43,0,0,0,0,100,0,55,80,0,100,78,58,59,100,100,84,57,57,0
l29,15=0,0,0,0,0,0,0,0,0,0,0,0,0,0,0,0,0,94,0,65,0,98,87,100,100,75,98,99,0,0,64,100,0,100,0,100,100,100,100,100,100,100,61,96,0
l30,15=0,0,0,0,0,0,0,0,0,0,0,0,0,0,95,0,78,99,45,88,0,98,0,100,99,73,98,99,0,0,98,98,100,0,0,100,100,100,100,100,100,100,63,0,76
l31,15=0,0,0,0,0,0,0,0,0,0,0,0,0,0,0,0,0,49,0,39,0,0,0,86,71,69,16,96,0,0,92,95,100,100,0,0,100,100,100,100,100,100,7,1,76
l32,15=0,0,0,0,0,0,0,0,0,0,0,0,0,0,0,0,0,0,0,0,0,93,0,100,61,86,98,96,0,0,91,97,100,100,0,100,0,100,100,100,100,100,0,0,0
l33,15=0,0,0,0,0,0,0,0,0,0,0,0,0,0,0,0,0,24,0,0,0,90,0,86,63,0,89,96,0,0,92,94,100,94,0,100,100,0,97,96,97,94,0,0,0
l34,15=0,0,0,0,0,0,0,0,0,0,0,0,0,0,0,0,0,78,0,100,93,98,0,63,63,40,0,99,0,0,65,89,100,100,0,100,100,100,0,100,100,100,6,0,7
l35,15=0,0,0,0,0,0,0,0,0,0,0,0,0,0,1,0,54,99,0,100,85,61,0,62,50,55,98,99,0,0,66,85,100,100,0,100,100,100,100,0,100,100,0,10,0
l36,15=0,0,0,0,0,93,0,0,0,0,91,0,0,0,91,0,0,100,99,100,99,0,0,63,47,77,81,96,0,0,74,65,73,100,0,100,100,100,100,100,0,100,0,1,0
l37,15=0,0,0,0,0,0,0,0,0,0,0,0,0,0,91,0,17,100,57,88,99,61,0,63,49,77,80,97,0,0,100,100,100,100,0,100,100,100,100,100,100,0,0,27,0
l38,15=0,0,0,0,0,0,0,0,0,0,68,0,0,0,86,0,60,0,78,94,58,86,61,87,95,95,89,74,0,0,0,37,32,35,0,0,0,0,0,0,0,0,0,100,99
l39,15=0,0,0,0,0,0,0,1,0,14,74,0,79,0,87,0,86,69,82,96,81,88,83,86,99,98,98,88,0,0,79,30,55,0,0,0,0,0,0,0,0,0,99,0,99
l40,15=0,0,0,0,0,0,0,0,0,0,72,0,0,0,87,0,86,83,64,95,71,93,0,86,99,94,94,96,0,0,0,0,0,0,0,14,0,0,0,0,0,0,98,98,0
l41,15=0,0,0,0,0,0,0,41,0,0,91,69,88,88,98,0,94,99,98,96,98,67,0,94,99,99,98,99,0,0,86,0,0,18,0,0,0,0,50,0,84,0,98,100,94
l42,15=0,0,0,0,0,0,0,0,0,0,0,0,50,0,56,0,50,67,52,95,0,90,65,96,99,99,87,87,0,0,0,0,20,50,0,4,0,0,0,0,0,0,98,99,99
l43,15=0,0,0,0,0,0,0,0,0,0,0,0,0,0,57,0,61,64,60,69,54,72,59,96,87,89,95,95,0,0,0,0,60,58,0,69,0,0,56,72,0,0,95,96,96
l44,15=0,0,0,0,0,0,0,0,0,0,0,0,55,0,61,0,68,0,0,95,53,92,62,69,96,75,95,93,0,0,0,0,55,0,0,0,0,0,19,0,0,3,95,96,97

