l0,0=0,88,90,92,92,89,85,89,90,95,87,87,86,87,73,0,83,15,71,66,0,0,0,0,0,0,0,0,0,0,0,72,0,0,0,0,0,0,0,0,0,0,0,0,0
l1,0=92,0,79,90,87,89,85,90,91,93,62,87,82,92,1,0,55,0,73,56,77,0,0,0,0,0,0,0,0,0,65,60,0,0,0,0,0,0,0,0,5,0,0,0,0
l2,0=93,85,0,90,86,88,84,93,91,95,87,88,86,92,44,0,80,79,27,72,20,1,0,0,0,41,75,0,0,0,0,60,0,0,0,0,0,0,0,0,0,0,0,17,0
l3,0=93,88,90,0,92,89,85,82,91,92,82,84,74,85,38,0,53,79,49,51,4,0,0,0,0,0,0,0,0,0,83,74,0,0,0,0,0,0,0,0,0,8,0,0,0
l4,0=93,88,86,94,0,89,84,82,88,95,84,82,81,87,41,0,55,0,0,0,0,0,0,0,0,0,0,0,0,0,80,72,0,0,0,0,0,0,0,0,0,0,0,0,0
l5,0=93,88,89,87,92,0,85,90,89,55,48,87,86,58,38,0,46,0,72,6,41,0,0,0,0,0,0,0,0,0,0,27,0,0,0,0,0,0,0,0,69,19,0,0,0
l6,0=93,88,90,94,91,88,0,93,91,95,87,87,86,52,44,0,59,79,75,72,74,0,0,0,0,0,15,0,0,0,76,0,0,0,0,0,0,0,0,0,0,0,0,0,0
l7,0=92,88,90,87,91,88,84,0,91,95,87,88,86,91,82,0,83,0,80,81,84,0,72,73,76,79,82,0,0,0,62,0,0,0,0,0,0,0,0,0,0,0,0,39,0
l8,0=92,88,90,90,86,88,84,93,0,95,87,88,86,91,73,0,77,79,79,77,82,0,31,26,59,62,78,43,0,0,0,0,0,0,0,0,0,0,0,0,0,0,0,12,0
l9,0=92,88,90,89,91,88,84,93,91,0,87,89,86,92,84,0,83,65,75,64,76,35,0,27,61,67,64,0,0,0,52,61,0,0,0,0,0,0,0,0,0,0,0,18,0
l10,0=54,85,83,51,33,26,84,87,53,93,0,84,86,51,41,0,88,79,84,81,88,9,28,30,74,83,80,67,0,0,75,38,0,0,0,0,0,0,0,0,0,0,23,33,5
l11,0=88,88,85,84,29,88,80,89,91,95,87,0,86,92,81,0,83,77,63,75,85,21,4,0,70,49,74,51,0,0,0,52,0,0,0,0,0,0,0,0,0,0,0,8,0
l12,0=55,88,83,37,54,88,83,87,88,93,88,89,0,92,81,0,83,84,78,76,87,0,0,2,52,65,83,67,0,0,0,54,0,0,0,0,0,0,0,0,0,0,0,0,1
l13,0=86,88,90,72,86,88,81,93,91,95,65,89,86,0,83,0,85,84,79,71,85,37,17,26,0,79,0,0,0,0,0,38,0,0,0,0,0,0,0,0,0,0,0,12,0
l14,0=21,1,61,19,21,15,66,70,27,30,40,63,78,53,0,0,88,91,90,88,100,0,21,29,61,76,69,59,0,0,82,60,0,18,0,0,0,0,0,33,61,20,30,38,63
l15,0=26,61,74,37,23,6,79,88,28,31,88,88,77,90,90,0,0,65,90,74,96,43,26,30,71,87,86,78,0,0,81,0,0,0,0,0,0,0,0,24,23,0,29,37,19
l16,0=0,0,65,30,0,0,67,0,24,7,45,56,47,45,55,0,41,0,90,88,97,0,0,1,80,38,81,0,0,0,94,89,13,0,0,3,4,16,51,77,84,30,29,39,22
l17,0=17,64,2,0,0,24,74,78,26,26,83,45,64,53,92,0,88,92,0,87,98,42,0,24,86,68,86,64,0,0,71,55,0,0,0,0,0,0,0,0,46,20,30,37,27
l18,0=13,11,51,0,0,0,19,41,22,11,62,47,44,21,68,0,48,92,83,0,100,61,27,26,89,90,92,71,0,0,64,22,26,13,0,19,0,0,38,30,77,12,32,42,68
l19,0=0,55,0,0,0,4,19,31,18,17,63,71,83,39,92,0,86,92,87,88,0,19,22,52,88,90,91,55,0,0,91,87,0,11,0,0,0,0,0,29,87,8,20,61,86
l20,0=0,0,0,0,0,0,0,0,0,63,53,50,0,60,0,0,86,0,81,86,81,0,100,96,91,90,94,93,0,0,0,0,79,78,0,92,87,36,79,65,0,66,87,72,88
l21,0=0,0,0,0,0,0,0,71,86,0,85,0,0,2,58,0,85,0,0,81,77,100,0,91,91,82,94,93,0,0,0,0,0,83,0,0,10,0,74,57,0,0,71,0,88
l22,0=0,0,0,0,0,0,0,64,67,64,67,0,2,64,77,0,75,60,66,75,79,98,70,0,91,80,94,92,0,0,0,40,74,82,0,82,84,69,78,59,67,59,32,78,75
l23,0=0,0,0,0,0,0,0,42,10,13,68,59,28,0,37,0,76,83,79,83,84,89,90,97,0,91,94,86,0,0,0,39,34,20,0,10,35,25,75,48,0,23,49,86,89
l24,0=0,0,38,0,0,0,0,57,15,18,80,39,35,46,82,0,78,65,60,86,85,98,29,51,92,0,94,83,0,0,0,26,2,84,0,24,44,0,43,77,19,13,88,86,87
l25,0=0,0,46,0,0,0,5,55,40,16,78,47,67,0,39,0,77,71,77,84,83,89,88,98,92,91,0,86,0,0,54,0,84,80,0,23,61,62,36,68,61,31,87,86,87
l26,0=0,0,0,0,0,0,0,0,40,0,70,64,65,1,73,0,81,0,70,84,76,98,98,96,91,88,94,0,0,0,21,0,0,89,0,98,76,77,96,80,66,43,86,77,90
l27,0=0,24,0,56,25,0,22,14,0,8,45,0,0,0,31,0,46,92,72,29,44,0,0,0,0,0,46,0,0,0,0,89,45,22,0,31,0,28,58,91,49,56,19,0,58
l28,0=22,42,55,50,24,6,0,0,0,15,43,47,39,11,25,0,20,92,59,24,58,0,0,20,25,25,0,0,0,0,94,0,52,44,0,28,44,32,56,80,92,96,0,29,38
l29,0=0,0,0,0,0,0,0,0,0,0,0,0,0,0,0,0,8,67,0,45,0,86,10,92,31,0,94,0,0,0,83,86,0,97,0,100,98,98,97,97,92,96,4,38,0
l30,0=0,0,0,0,0,0,0,0,0,0,0,0,0,0,6,0,0,0,0,21,8,29,28,88,23,72,80,80,0,0,93,88,100,0,0,100,98,98,97,98,92,96,21,8,0
l31,0=0,0,0,0,0,0,0,0,0,0,0,0,0,0,0,0,0,61,0,24,0,79,0,73,16,32,60,91,0,0,78,43,100,97,0,0,98,98,97,98,91,96,20,0,0
l32,0=0,0,0,0,0,0,0,0,0,0,0,0,0,0,0,0,0,34,0,0,0,78,30,87,29,35,73,68,0,0,0,51,100,97,0,100,0,98,97,98,87,87,23,0,0
l33,0=0,0,0,0,0,0,0,0,0,0,0,0,0,0,0,0,0,69,0,0,0,0,0,61,28,0,69,76,0,0,65,39,100,97,0,100,98,0,91,95,88,32,0,0,0
l34,0=0,0,0,0,0,0,0,0,0,0,0,0,0,0,0,0,0,83,0,26,0,53,73,91,34,31,44,89,0,0,94,72,100,97,0,100,98,98,0,98,92,96,28,31,0
l35,0=0,0,0,0,0,0,0,0,0,0,0,0,0,0,8,0,30,86,0,20,20,36,29,45,27,33,55,83,0,0,94,47,63,97,0,100,98,79,97,0,92,96,0,0,0
l36,0=0,0,0,0,0,7,0,0,0,0,5,0,0,0,29,0,42,88,66,30,36,0,0,31,0,1,52,66,0,0,94,52,59,97,0,94,53,73,97,98,0,96,0,32,0
l37,0=0,0,0,0,0,6,0,0,0,0,0,0,0,0,24,0,0,92,72,80,34,22,0,67,30,28,64,75,0,0,94,89,99,97,0,100,93,32,97,98,92,0,20,0,0
l38,0=0,0,0,0,0,0,0,0,0,0,59,0,0,0,77,0,74,69,68,69,67,74,51,31,66,89,87,78,0,0,23,0,0,54,0,4,10,0,46,0,0,2,0,86,89
l39,0=0,0,0,0,0,0,0,42,2,0,29,19,0,1,76,0,74,71,62,70,78,49,0,75,85,85,93,74,0,0,0,39,18,16,0,0,0,0,31,0,42,0,88,0,89
l40,0=0,0,0,0,0,0,0,0,0,0,22,0,0,0,71,0,25,48,53,69,77,72,70,70,89,84,89,85,0,0,55,42,0,0,0,0,0,0,0,0,0,0,88,86,0
l41,0=0,0,0,0,0,0,0,0,0,23,63,0,53,13,76,0,76,75,75,80,80,17,68,79,91,88,88,79,0,0,66,35,8,0,0,5,0,0,0,19,34,1,88,87,86
l42,0=0,0,0,0,0,0,0,0,0,0,0,0,0,0,57,0,60,57,51,69,68,75,0,88,91,89,93,75,0,0,0,0,0,0,0,4,40,0,51,0,0,0,87,86,88
l43,0=0,0,0,0,0,0,0,0,0,0,39,0,0,0,59,0,0,56,54,66,71,84,66,83,89,89,92,82,0,0,0,0,46,73,0,23,56,0,54,0,0,0,88,85,86
l44,0=0,0,0,0,0,0,0,0,0,0,0,41,33,0,67,0,55,62,64,56,67,81,73,75,88,89,92,82,0,0,0,0,41,0,0,0,0,4,65,0,2,0,88,82,86

l0,1=0,88,90,90,92,86,88,88,85,83,79,84,82,86,69,0,73,30,10,0,0,0,0,0,0,0,0,0,0,0,73,0,0,0,0,0,0,0,0,0,0,0,0,0,0
l1,1=88,0,88,86,93,86,88,80,85,82,77,84,77,86,40,0,65,43,36,42,60,0,0,0,0,0,0,0,0,0,42,58,0,0,0,0,0,0,0,0,0,0,0,0,0
l2,1=88,88,0,89,91,86,88,92,85,86,79,84,82,89,64,0,67,77,72,1,52,0,0,20,0,65,0,0,0,0,44,54,0,0,0,0,0,0,0,0,0,0,0,0,0
l3,1=88,88,90,0,93,86,88,1,85,80,76,81,80,86,61,0,66,73,59,0,20,0,0,0,0,0,0,0,0,0,71,0,0,0,0,0,0,0,0,0,0,0,0,0,0
l4,1=88,88,89,90,0,86,85,73,84,81,3,79,82,86,19,0,67,42,0,0,0,0,0,0,0,0,0,0,0,0,68,58,0,0,0,0,0,0,0,0,0,0,0,0,0
l5,1=88,88,89,83,93,0,88,85,84,47,55,79,82,67,40,0,73,37,40,0,0,0,0,0,0,0,0,0,0,0,1,0,0,10,0,0,0,0,0,0,71,56,0,0,0
l6,1=88,88,90,87,88,86,0,90,85,82,79,84,82,86,39,0,73,42,44,42,62,0,0,0,0,0,0,0,0,0,35,0,0,0,0,0,0,0,0,0,0,0,0,0,0
l7,1=88,88,90,4,74,86,88,0,85,86,79,84,82,89,68,0,74,0,75,42,65,61,55,68,0,78,73,1,0,0,22,0,0,0,0,0,0,0,0,0,0,0,0,37,0
l8,1=88,88,90,88,89,86,88,92,0,86,78,84,63,89,70,0,74,66,73,57,17,63,55,64,61,64,68,5,0,0,51,56,0,0,0,0,0,0,0,0,0,0,0,0,0
l9,1=87,88,89,74,86,71,86,92,85,0,79,84,82,89,69,0,68,40,72,33,54,45,0,0,65,0,47,20,0,0,0,59,0,0,0,0,0,0,0,0,0,0,25,21,0
l10,1=78,75,68,58,2,74,85,73,74,83,0,84,82,86,52,0,76,67,72,55,65,51,55,0,0,80,72,36,0,0,36,31,0,36,0,0,0,0,0,0,0,0,41,33,43
l11,1=87,87,89,65,69,86,81,86,85,87,79,0,82,89,69,0,74,64,77,52,60,0,0,0,57,68,63,0,0,0,0,58,0,0,0,0,0,0,0,0,0,0,0,49,0
l12,1=82,76,88,64,87,71,86,85,64,82,82,84,0,89,70,0,76,75,77,64,72,55,0,51,62,73,71,51,0,0,24,19,0,0,0,0,0,0,0,0,0,0,0,15,0
l13,1=87,88,90,83,88,86,86,90,85,87,80,84,82,0,69,0,76,41,77,45,56,47,49,46,65,78,56,24,0,0,23,41,0,0,0,0,0,0,0,0,0,0,0,0,0
l14,1=32,42,54,47,20,36,47,45,70,38,35,76,78,68,0,0,77,68,81,65,83,56,38,61,56,68,45,21,0,0,65,50,0,0,0,0,0,0,45,0,53,39,44,71,43
l15,1=30,39,62,32,24,41,65,81,75,37,82,84,82,86,78,0,0,44,81,51,79,69,57,68,68,77,61,32,0,0,41,53,0,0,0,0,0,0,0,0,47,29,0,40,37
l16,1=0,21,53,34,7,7,38,0,52,4,27,51,67,28,36,0,39,0,47,59,77,46,0,48,75,61,47,5,0,0,51,83,5,34,0,0,41,0,43,24,58,37,22,0,2
l17,1=1,18,55,3,0,22,45,45,67,40,48,71,78,55,78,0,74,49,0,48,82,52,53,62,67,0,67,27,0,0,31,0,0,0,0,0,0,0,0,0,36,42,42,25,45
l18,1=0,26,0,0,0,0,34,35,62,9,44,57,71,40,75,0,69,79,44,0,79,79,60,25,85,87,87,49,0,0,22,68,35,31,0,24,0,0,31,39,65,61,48,52,37
l19,1=0,36,38,0,0,0,43,45,14,30,39,59,68,36,78,0,76,77,80,74,0,63,29,40,67,73,58,34,0,0,36,65,0,48,0,0,0,0,22,0,65,19,36,50,50
l20,1=0,0,0,0,0,0,0,55,67,51,52,12,62,54,58,0,69,47,57,65,68,0,95,86,85,89,87,89,0,0,6,0,79,52,0,73,74,32,76,54,13,59,71,79,75
l21,1=0,0,0,0,0,0,0,22,44,0,71,0,0,56,50,0,69,0,66,62,59,93,0,85,84,87,86,81,0,0,0,0,0,60,0,0,53,0,67,62,0,0,77,77,62
l22,1=0,0,0,0,0,0,0,56,61,0,0,0,52,35,64,0,63,59,61,38,59,78,76,0,84,83,87,81,0,0,0,0,75,63,0,75,67,44,75,65,42,50,78,64,37
l23,1=0,0,0,0,0,0,0,0,52,58,0,54,52,56,67,0,67,75,70,64,70,81,84,87,0,89,87,81,0,0,5,46,42,34,0,45,10,51,72,54,30,68,85,83,85
l24,1=0,0,47,0,0,0,0,53,50,0,74,65,68,62,70,0,70,61,0,64,69,87,82,82,85,0,87,79,0,0,0,57,42,36,0,23,46,40,64,72,56,63,85,81,80
l25,1=0,0,0,0,0,0,0,46,57,23,69,57,61,43,39,0,68,61,69,64,64,87,86,91,85,89,0,81,0,0,0,0,79,39,0,48,63,47,58,44,40,46,85,85,71
l26,1=0,0,0,0,0,0,0,27,37,26,68,0,64,46,46,0,64,58,61,64,68,88,87,89,84,87,85,0,0,0,0,0,79,71,0,84,70,71,83,75,47,67,78,76,82
l27,1=32,36,7,32,24,1,35,16,45,0,35,0,31,15,43,0,70,86,21,39,66,0,0,0,3,0,0,0,0,0,0,86,56,88,0,41,0,40,39,85,95,87,0,17,0
l28,1=0,36,40,0,21,0,0,0,52,29,17,39,13,17,24,0,56,87,0,52,74,0,0,0,43,66,0,0,0,0,85,0,73,82,0,74,69,0,82,75,95,86,0,26,1
l29,1=0,0,0,0,0,0,0,0,0,0,0,0,0,0,0,0,0,6,0,41,0,74,14,90,48,38,86,77,0,0,73,79,0,98,0,98,98,98,95,95,95,90,51,0,0
l30,1=0,0,0,0,0,0,0,0,0,0,20,0,0,0,0,0,0,29,0,28,54,50,33,82,51,52,64,84,0,0,84,64,91,0,0,98,98,96,95,95,95,91,32,0,0
l31,1=0,0,0,0,0,0,0,0,0,0,0,0,0,0,0,0,0,0,0,35,0,65,0,86,44,36,74,83,0,0,74,75,91,98,0,0,98,98,95,77,95,91,0,0,0
l32,1=0,0,0,0,0,0,0,0,0,0,0,0,0,0,0,0,0,35,0,0,0,55,36,69,19,47,51,57,0,0,0,43,91,98,0,98,0,98,95,95,80,87,0,0,0
l33,1=0,0,0,0,0,0,0,0,0,0,0,0,0,0,0,0,0,0,0,0,0,0,0,56,48,11,45,58,0,0,63,0,91,90,0,98,98,0,90,85,90,70,0,0,0
l34,1=0,0,0,0,0,0,0,0,0,0,0,0,0,0,48,0,0,68,0,48,42,75,31,82,68,68,69,82,0,0,64,83,91,98,0,98,97,95,0,95,95,91,55,33,0
l35,1=0,0,0,0,0,0,0,0,0,0,0,0,0,0,0,0,4,25,0,55,0,28,21,37,49,72,52,42,0,0,85,73,91,98,0,50,98,71,95,0,95,91,0,0,0
l36,1=0,0,0,0,0,18,0,0,0,0,0,0,0,0,21,0,29,54,8,59,77,0,0,9,37,65,54,4,0,0,85,75,87,98,0,58,80,73,92,91,0,91,0,30,0
l37,1=0,0,0,0,1,26,0,0,0,0,0,0,0,0,28,0,40,35,19,52,46,47,0,39,61,70,54,20,0,0,85,86,87,98,0,98,91,60,95,95,95,0,0,0,0
l38,1=0,0,0,0,0,0,0,0,0,0,44,0,0,0,66,0,0,59,62,62,49,55,50,76,79,87,80,71,0,0,0,0,34,20,0,0,0,0,49,0,0,0,0,83,85
l39,1=0,0,0,0,0,0,0,30,0,0,37,43,4,0,68,0,68,0,27,64,70,73,56,53,84,84,86,75,0,0,19,33,0,0,0,0,0,0,25,0,26,0,85,0,85
l40,1=0,0,0,0,0,0,0,0,0,0,29,0,0,0,53,0,47,0,64,50,62,60,48,39,83,83,77,75,0,0,0,0,0,0,0,0,0,0,0,0,0,0,85,82,0
l41,1=0,0,0,0,0,0,0,0,3,49,62,53,45,9,70,0,61,57,62,64,60,74,48,81,85,86,82,74,0,0,52,52,32,0,0,0,0,0,0,0,1,0,85,87,84
l42,1=0,0,0,0,0,0,0,0,0,0,0,0,0,0,51,0,51,54,0,60,49,66,53,82,84,87,86,67,0,0,0,0,29,4,0,0,0,0,0,0,0,0,85,83,82
l43,1=0,0,0,0,0,0,0,0,0,0,22,0,0,0,52,0,56,57,0,48,53,77,57,75,79,84,84,65,0,0,0,0,57,31,0,43,0,0,0,0,0,0,85,81,84
l44,1=0,0,0,0,0,0,0,0,0,0,0,0,36,18,59,0,0,2,66,45,60,78,56,78,81,85,77,79,0,0,28,2,1,0,0,0,0,0,58,0,0,0,85,81,84

l0,2=0,87,84,92,78,88,87,84,77,86,73,75,73,86,0,0,79,64,47,0,0,0,0,0,0,0,0,0,0,0,66,63,0,0,0,0,0,0,0,0,0,0,0,0,0
l1,2=87,0,84,81,82,89,87,84,77,85,72,81,73,87,71,0,79,61,52,2,52,0,0,0,0,0,0,0,0,0,70,71,0,0,0,0,0,0,0,0,0,0,0,0,0
l2,2=90,87,0,73,70,88,87,85,79,87,73,80,73,8,71,0,66,69,54,57,24,0,0,46,0,56,0,0,0,0,68,66,0,0,0,0,0,0,0,0,0,0,0,0,0
l3,2=90,87,82,0,83,89,87,81,79,84,73,80,73,85,57,0,6,0,54,0,44,0,0,0,0,0,0,0,0,0,70,0,0,0,0,0,0,0,0,0,0,0,0,0,0
l4,2=87,87,81,92,0,89,87,66,77,80,68,78,69,87,64,0,75,67,53,0,0,0,0,0,0,0,0,0,0,0,70,53,0,0,0,0,0,0,0,0,0,0,0,0,0
l5,2=86,87,84,84,82,0,87,85,78,85,73,78,73,87,74,0,77,40,53,52,0,0,0,0,0,0,0,0,0,0,71,0,0,0,0,0,0,0,0,0,0,0,0,0,0
l6,2=89,87,84,83,78,89,0,88,77,87,73,80,73,88,67,0,82,69,58,1,52,21,0,0,0,0,0,0,0,0,61,61,0,0,0,0,0,0,0,0,0,0,0,0,0
l7,2=87,83,84,73,55,88,87,0,79,87,73,82,73,87,69,0,82,1,66,61,58,31,46,63,59,72,61,0,0,0,0,0,0,0,0,0,0,0,0,0,0,0,0,0,0
l8,2=85,84,84,79,73,86,79,88,0,87,73,81,73,86,75,0,82,4,66,62,0,55,55,64,0,52,57,49,0,0,56,50,0,0,0,0,0,0,0,0,0,0,0,2,0
l9,2=86,83,79,68,70,86,79,85,76,0,73,82,73,86,75,0,76,69,66,57,52,52,22,0,60,52,58,47,0,0,0,57,0,0,0,0,0,0,0,0,0,0,0,48,0
l10,2=67,63,68,56,52,86,62,63,65,85,0,80,73,86,62,0,83,61,66,66,55,0,50,52,50,72,67,46,0,0,2,52,0,0,0,0,0,0,0,0,44,0,42,52,51
l11,2=65,83,79,73,70,82,76,87,76,87,73,0,73,89,74,0,82,62,66,48,60,60,51,20,39,71,58,0,0,0,56,52,0,0,0,0,0,0,0,0,0,0,42,58,49
l12,2=80,82,79,72,52,86,78,79,74,85,76,82,0,89,74,0,82,67,66,65,64,0,46,55,64,70,57,54,0,0,50,50,0,0,0,0,0,0,0,0,0,30,40,53,0
l13,2=83,83,7,73,72,86,79,82,76,87,73,82,73,0,75,0,82,60,61,56,51,0,0,59,56,56,0,0,0,0,42,46,0,0,0,0,0,0,0,0,0,0,0,0,0
l14,2=0,45,50,20,42,54,46,51,70,76,54,72,68,77,0,0,83,45,70,75,76,50,47,64,57,78,79,37,0,0,76,64,0,0,0,0,0,0,35,45,47,35,59,79,57
l15,2=61,52,32,0,46,54,71,77,68,61,76,81,73,84,85,0,0,71,65,68,69,65,53,67,60,69,67,45,0,0,69,56,0,0,0,0,0,0,0,40,48,48,58,62,0
l16,2=30,19,48,0,42,24,27,10,0,54,59,56,60,28,26,0,73,0,60,81,76,0,0,22,69,64,0,8,0,0,86,87,1,27,0,0,0,0,20,26,75,66,40,34,36
l17,2=26,37,48,25,42,51,49,61,67,69,75,73,68,67,85,0,78,66,0,63,76,50,48,64,67,54,53,51,0,0,65,49,0,2,0,0,0,0,0,1,45,0,63,62,66
l18,2=0,0,27,0,0,25,0,40,60,46,58,27,59,45,76,0,71,83,55,0,76,80,42,76,84,79,87,61,0,0,72,71,0,0,0,7,0,0,37,44,45,49,77,59,0
l19,2=0,46,0,0,0,0,46,53,0,56,57,57,57,58,85,0,79,77,70,81,0,54,0,55,66,76,56,56,0,0,54,67,0,40,0,0,0,0,25,0,52,45,59,72,53
l20,2=0,0,0,0,0,0,14,38,58,58,0,56,0,0,68,0,69,4,44,76,64,0,85,88,78,86,89,84,0,0,0,0,78,60,0,71,36,67,39,46,52,47,79,75,81
l21,2=0,0,0,0,0,0,0,14,60,0,54,54,48,0,51,0,73,0,44,66,0,89,0,83,78,81,85,76,0,0,0,0,0,0,0,0,1,0,0,0,31,0,70,84,69
l22,2=0,0,0,0,0,0,0,56,59,0,46,21,43,59,66,0,66,44,42,71,61,85,73,0,81,82,89,83,0,0,0,0,74,79,0,63,63,0,67,63,61,0,79,69,71
l23,2=0,0,0,0,0,0,0,42,0,54,38,36,54,55,70,0,62,72,54,75,66,81,75,86,0,84,89,77,0,0,0,0,49,63,0,52,40,45,55,45,34,59,84,86,86
l24,2=0,0,44,0,0,0,0,57,46,47,63,60,61,53,76,0,75,71,32,75,68,85,79,86,84,0,89,76,0,0,42,50,49,64,0,43,34,41,38,38,78,50,86,85,85
l25,2=0,0,0,0,0,0,0,48,45,50,61,44,42,0,77,0,73,0,34,76,52,85,76,88,83,84,0,77,0,0,0,3,66,74,0,51,66,42,36,25,70,35,87,86,86
l26,2=0,0,0,0,0,0,0,0,57,61,51,35,60,0,57,0,64,43,49,75,69,89,79,88,80,82,88,0,0,0,0,0,78,84,0,81,53,68,77,38,57,46,82,85,84
l27,2=59,60,48,51,55,71,51,0,51,0,4,57,47,42,75,0,74,81,59,76,56,0,0,0,4,47,0,0,0,0,0,87,60,82,0,55,46,58,74,84,93,83,0,47,0
l28,2=49,54,46,0,42,0,51,0,53,54,52,54,45,37,63,0,67,85,46,74,58,0,0,0,0,62,9,0,0,0,87,0,74,82,0,70,53,29,81,74,93,86,0,0,11
l29,2=0,0,0,0,0,0,0,0,0,0,0,0,0,0,0,0,0,3,0,0,0,83,0,88,60,64,74,82,0,0,62,84,0,95,0,90,96,98,94,88,93,91,0,0,0
l30,2=0,0,0,0,0,0,0,0,0,0,0,0,0,0,0,0,0,58,1,0,43,37,0,81,61,61,66,84,0,0,83,87,92,0,0,90,96,98,94,88,93,92,0,0,0
l31,2=0,0,0,0,0,0,0,0,0,0,0,0,0,0,0,0,0,0,0,44,0,68,0,73,63,53,68,81,0,0,58,65,92,95,0,0,96,98,94,88,93,92,25,0,0
l32,2=0,0,0,0,0,0,0,0,0,0,0,0,0,0,0,0,0,0,0,0,0,41,33,86,62,58,81,65,0,0,66,65,92,95,0,90,0,98,94,87,13,85,61,63,0
l33,2=0,0,0,0,0,0,0,0,0,0,0,0,0,0,0,0,0,0,0,0,0,64,0,0,62,37,64,58,0,0,68,10,92,95,0,90,96,0,94,85,90,79,0,0,0
l34,2=0,0,0,0,0,0,0,0,0,0,0,0,0,0,38,0,0,50,0,62,33,28,0,76,64,45,48,79,0,0,73,86,92,95,0,90,96,96,0,88,93,92,59,53,0
l35,2=0,0,0,0,0,0,0,0,0,0,0,0,0,0,41,0,52,53,1,55,0,42,0,62,53,47,27,29,0,0,84,85,92,95,0,84,96,96,94,0,93,92,0,0,0
l36,2=0,0,0,0,0,0,0,0,0,0,24,0,0,0,53,0,61,79,44,63,62,39,37,58,50,76,73,50,0,0,87,87,89,93,0,86,24,89,92,88,0,92,0,13,0
l37,2=0,0,0,0,0,0,0,0,0,0,0,0,36,0,35,0,57,73,0,72,43,47,25,0,74,74,41,41,0,0,87,87,92,95,0,90,94,90,94,88,93,0,0,0,0
l38,2=0,0,0,0,0,0,0,0,0,0,0,7,6,0,68,0,63,52,44,75,60,71,44,76,77,78,81,60,0,0,0,0,0,0,0,0,11,0,43,0,0,0,0,85,88
l39,2=0,0,0,0,0,0,0,0,0,31,34,41,34,0,71,0,62,55,42,59,63,66,59,77,80,78,87,68,0,0,18,0,0,1,0,0,23,0,35,0,5,0,86,0,88
l40,2=0,0,0,0,0,0,0,0,0,0,29,25,0,0,60,0,0,49,45,0,46,74,46,66,78,75,79,69,0,0,0,0,0,0,0,0,0,0,0,0,0,0,85,84,0
l41,2=0,0,0,0,0,0,0,0,9,0,53,36,38,60,72,0,64,65,40,75,58,66,0,74,82,80,79,57,0,0,0,53,0,0,0,0,8,0,32,0,33,0,87,86,88
l42,2=0,0,0,0,0,0,0,0,0,0,0,0,0,0,58,0,57,36,38,75,52,62,56,85,80,82,86,65,0,0,0,0,51,0,0,0,0,38,0,0,0,0,85,85,85
l43,2=0,0,0,0,0,0,0,0,0,0,0,0,0,0,55,0,47,0,42,55,54,75,51,63,63,80,84,62,0,0,0,0,12,0,0,42,18,0,41,0,0,0,84,84,86
l44,2=0,0,0,0,0,0,0,0,0,0,0,0,2,0,59,0,47,49,38,57,55,68,55,72,77,82,74,63,0,0,0,0,0,50,0,0,0,0,47,33,0,0,86,84,84

l0,3=0,87,93,90,86,91,85,89,90,88,85,82,83,86,73,0,83,5,0,0,0,0,0,0,0,0,0,0,0,0,73,0,0,0,0,0,0,0,0,0,0,0,0,0,0
l1,3=88,0,93,90,87,91,86,88,90,86,89,81,82,85,68,0,83,76,84,69,80,0,0,0,61,0,0,0,0,0,78,70,0,0,0,0,0,0,0,0,0,0,0,0,0
l2,3=87,86,0,84,79,88,86,91,90,88,88,86,88,84,79,0,83,79,84,74,15,0,0,4,0,0,66,0,0,0,0,79,0,0,0,0,0,0,0,0,0,0,0,0,0
l3,3=90,87,92,0,87,91,85,89,90,87,87,82,88,84,12,0,83,72,0,0,77,0,0,0,0,0,0,0,0,0,74,69,0,0,0,0,0,0,0,0,0,0,0,0,0
l4,3=90,87,93,90,0,91,86,87,90,86,84,81,84,80,75,0,0,0,80,0,1,0,0,0,0,0,0,0,0,0,74,0,0,0,0,0,0,0,0,0,1,0,0,0,0
l5,3=90,87,93,90,87,0,86,91,90,86,90,81,88,81,74,0,74,73,76,68,77,0,0,0,0,0,0,0,0,0,80,76,0,0,0,0,0,0,0,0,0,0,0,0,0
l6,3=87,87,93,82,84,91,0,90,90,89,87,82,87,83,78,0,83,79,84,11,4,0,0,13,0,0,0,0,0,0,0,0,0,0,0,0,0,0,0,0,0,0,0,0,0
l7,3=85,84,92,83,79,89,85,0,90,88,84,86,87,83,84,0,83,66,84,79,79,0,0,79,65,71,74,0,0,0,0,0,0,0,0,0,0,0,0,0,0,0,0,0,0
l8,3=85,84,92,84,79,89,85,91,0,88,87,86,87,82,85,0,83,58,86,79,82,0,73,68,2,63,69,75,0,0,67,31,0,0,0,0,0,0,0,0,0,0,0,63,0
l9,3=85,84,92,81,77,88,85,91,90,0,88,86,87,84,80,0,82,78,84,78,84,31,0,67,70,69,58,61,0,0,59,60,0,0,0,0,0,0,0,0,0,0,41,0,0
l10,3=80,83,89,77,74,88,85,76,88,84,0,80,88,83,86,0,89,78,90,77,84,79,51,76,57,72,72,78,0,0,60,76,0,0,0,0,0,0,0,0,0,0,0,62,0
l11,3=83,84,92,81,79,88,85,91,90,88,87,0,90,85,84,0,84,79,84,77,84,76,57,62,60,70,68,55,0,0,77,77,0,0,0,0,0,0,0,0,0,0,0,65,0
l12,3=73,69,92,80,70,88,85,89,90,87,90,86,0,89,83,0,88,74,84,72,84,33,53,56,65,66,68,72,0,0,61,0,0,0,0,0,0,0,0,0,0,62,0,59,0
l13,3=85,84,92,83,79,88,85,91,90,88,89,86,88,0,83,0,83,79,82,71,84,71,2,79,64,69,0,0,0,0,66,79,0,0,0,0,0,0,0,0,0,0,0,0,0
l14,3=63,41,70,0,51,68,73,74,86,73,90,84,87,78,0,0,90,91,93,84,96,73,57,71,69,73,79,48,0,0,61,78,0,0,0,0,0,0,0,53,67,0,73,73,66
l15,3=68,79,77,65,0,54,85,90,81,83,90,86,88,81,89,0,0,86,91,84,90,87,73,75,75,68,75,63,0,0,83,64,0,0,0,0,0,0,40,0,59,44,66,62,0
l16,3=0,66,60,46,0,64,74,48,37,61,75,64,72,68,96,0,90,0,89,90,96,48,0,47,55,74,66,52,0,0,95,94,0,64,0,0,12,0,59,68,93,74,58,59,59
l17,3=0,72,66,0,61,61,76,73,89,87,90,79,88,67,96,0,88,85,0,85,91,75,62,77,79,62,54,52,0,0,78,72,0,0,0,0,0,0,0,0,72,61,69,63,58
l18,3=0,39,47,0,0,49,0,62,76,67,76,65,69,34,88,0,84,93,93,0,96,86,70,76,81,81,88,83,0,0,85,72,0,37,0,32,0,2,46,28,75,54,64,52,51
l19,3=0,59,0,27,35,56,4,55,70,52,84,74,80,63,96,0,90,93,93,90,0,77,48,80,80,81,76,84,0,0,89,71,50,0,0,0,0,0,0,37,74,0,80,68,52
l20,3=0,0,0,0,0,0,0,0,0,1,73,63,30,47,77,0,84,61,73,82,81,0,96,91,69,82,86,92,0,0,0,0,95,67,0,65,74,75,65,32,21,0,77,75,74
l21,3=0,0,0,0,0,0,0,0,77,0,40,48,49,0,77,0,82,0,71,79,68,99,0,89,78,75,86,92,0,0,0,0,0,0,0,58,0,41,0,0,0,0,66,68,0
l22,3=0,0,0,0,0,0,0,69,56,50,68,40,38,66,74,0,75,56,71,68,71,96,75,0,78,82,88,92,0,0,33,0,71,82,0,62,87,62,65,56,48,64,73,73,68
l23,3=0,34,0,0,0,0,0,40,0,50,57,41,48,47,70,0,76,60,84,87,79,58,71,87,0,83,88,91,0,0,55,0,70,70,0,59,68,47,63,71,54,70,80,76,83
l24,3=0,0,0,0,0,0,0,72,58,59,77,60,51,51,78,0,76,72,56,82,84,95,64,90,80,0,87,87,0,0,0,40,74,77,0,50,50,35,53,75,72,68,80,76,78
l25,3=0,0,34,0,0,0,0,70,70,28,74,51,50,0,86,0,83,71,54,82,75,94,69,93,81,82,0,89,0,0,0,54,79,76,0,66,82,34,61,67,70,43,80,76,75
l26,3=0,0,0,0,0,0,0,25,59,42,65,38,56,12,54,0,66,55,51,82,84,99,87,93,78,80,86,0,0,0,0,0,85,91,0,76,72,49,67,67,53,54,58,52,68
l27,3=54,79,0,48,67,80,0,0,62,52,56,65,65,53,62,0,83,91,83,89,86,0,0,37,51,0,0,0,0,0,0,94,76,84,0,0,67,0,91,85,96,94,38,50,52
l28,3=0,52,54,28,0,71,0,1,29,24,67,57,1,60,86,0,68,93,78,87,80,0,0,0,0,17,56,0,0,0,95,0,71,94,0,55,75,71,95,93,96,95,59,43,0
l29,3=0,0,0,0,0,0,0,0,0,0,0,0,0,0,0,0,0,0,0,0,57,95,15,78,77,79,86,88,0,0,88,84,0,100,0,100,100,100,98,99,90,100,1,0,0
l30,3=0,0,0,0,0,0,0,0,0,0,0,0,0,0,0,0,0,77,0,35,0,43,0,93,77,78,71,92,0,0,95,94,99,0,0,100,100,100,98,99,96,100,34,1,18
l31,3=0,0,0,0,0,0,0,0,0,0,0,0,0,0,0,0,0,0,0,63,0,91,64,80,78,69,79,92,0,0,0,69,99,100,0,0,100,100,98,99,96,100,0,55,0
l32,3=0,0,0,0,0,0,0,0,0,0,0,0,0,0,0,0,0,10,0,0,0,82,0,89,75,57,80,79,0,0,74,82,99,100,0,100,0,100,98,99,92,99,0,23,0
l33,3=0,0,0,0,0,0,0,0,0,0,0,0,0,0,0,0,0,0,0,0,0,86,22,74,66,6,19,71,0,0,0,76,99,100,0,100,100,0,98,99,94,89,0,0,0
l34,3=0,0,0,0,0,0,0,0,0,0,0,0,0,0,0,0,29,69,0,72,0,80,0,84,74,67,73,80,0,0,95,93,99,100,0,100,100,99,0,99,96,100,63,0,0
l35,3=0,0,0,0,0,0,0,0,0,0,0,0,0,0,76,0,0,88,0,39,21,7,0,47,77,78,66,74,0,0,95,94,99,100,0,100,100,100,98,0,96,100,0,25,0
l36,3=0,0,0,0,0,0,0,0,0,0,0,1,0,0,86,0,78,89,86,87,88,2,0,24,69,73,74,46,0,0,95,94,89,100,0,97,98,92,98,99,0,100,11,0,0
l37,3=0,0,0,0,0,0,0,0,0,0,1,0,54,0,0,0,37,90,68,89,2,0,0,84,77,78,39,64,0,0,95,94,99,100,0,100,100,96,98,99,96,0,0,0,0
l38,3=0,0,0,0,0,0,0,0,0,0,0,0,0,0,69,0,67,53,57,61,77,69,39,74,74,69,79,45,0,0,3,49,0,51,0,0,0,0,43,0,1,0,0,77,81
l39,3=0,0,0,0,0,0,0,0,57,0,61,44,40,0,72,0,64,65,62,57,65,63,49,73,73,74,77,50,0,0,38,32,0,0,0,8,8,0,0,33,0,0,80,0,87
l40,3=0,0,0,0,0,0,0,0,0,0,0,0,0,0,62,0,0,59,45,48,44,59,0,64,76,72,75,60,0,0,32,0,0,29,0,0,0,0,0,0,0,0,80,77,0
l41,3=0,0,0,0,0,0,0,0,0,0,53,0,33,52,76,0,75,74,75,82,78,58,44,81,79,80,86,69,0,0,10,53,1,0,0,0,0,0,30,32,0,0,80,77,79
l42,3=0,0,0,0,0,0,0,0,0,0,42,0,0,0,61,0,60,55,44,64,62,72,54,74,77,75,80,77,0,0,0,0,55,0,0,28,30,44,0,0,0,0,80,76,78
l43,3=0,0,0,0,0,0,0,0,0,0,0,0,0,0,58,0,54,49,37,51,43,67,38,71,65,69,78,82,0,0,0,0,47,0,0,9,0,0,36,44,0,0,75,76,78
l44,3=0,0,0,0,0,0,0,0,0,0,0,0,0,0,66,0,49,60,46,60,61,64,52,74,77,76,79,40,0,0,0,0,42,61,0,0,0,0,42,0,0,0,80,76,79

l0,4=0,98,94,96,95,97,96,98,95,96,63,95,92,96,91,0,87,77,22,75,0,0,0,0,0,0,0,0,0,0,86,78,0,0,0,0,0,0,0,0,44,0,0,0,0
l1,4=99,0,97,96,95,97,96,98,95,96,68,95,93,96,70,0,72,35,39,73,74,0,0,0,62,0,0,0,0,0,64,18,0,0,0,0,0,0,0,0,0,0,0,0,0
l2,4=97,99,0,91,95,91,96,98,95,96,68,95,93,96,0,0,82,82,84,75,0,0,0,0,0,0,66,0,0,0,0,0,0,0,0,0,0,0,0,0,0,0,2,0,0
l3,4=99,98,96,0,95,97,95,98,95,96,68,95,92,96,92,0,88,0,86,0,0,0,0,0,0,0,0,0,0,0,85,85,0,0,0,0,0,0,0,0,0,0,0,0,0
l4,4=99,98,97,96,0,97,96,98,94,90,69,95,92,96,84,0,88,85,87,0,0,0,0,0,0,0,0,0,0,0,87,86,0,0,0,0,0,0,0,0,0,0,0,0,0
l5,4=99,99,94,96,95,0,96,98,94,95,73,95,96,96,0,0,52,68,72,0,77,0,0,0,0,0,0,0,0,0,97,0,0,0,0,0,0,0,0,0,71,0,0,0,0
l6,4=97,99,93,85,89,97,0,92,38,96,68,95,93,96,90,0,88,85,87,0,71,0,0,0,0,3,0,0,0,0,85,0,0,0,0,0,0,0,0,0,0,0,0,0,0
l7,4=97,97,93,89,90,92,94,0,95,96,68,95,92,96,93,0,88,0,84,87,74,5,0,70,62,74,77,69,0,0,0,0,0,0,0,0,0,0,0,0,0,0,0,0,0
l8,4=97,97,97,89,88,91,57,98,0,96,61,95,92,96,91,0,86,5,87,84,67,34,0,68,67,45,72,67,0,0,72,0,0,0,0,0,0,0,0,0,0,0,0,71,0
l9,4=97,96,93,80,72,91,95,98,95,0,68,95,92,96,91,0,88,80,87,74,77,34,0,73,69,68,0,67,0,0,77,71,0,0,0,0,0,0,0,0,0,0,0,0,0
l10,4=56,86,79,75,76,90,87,85,74,94,0,90,96,92,92,0,88,78,84,79,80,32,54,70,72,73,77,66,0,0,70,73,0,0,0,0,0,0,0,0,0,6,64,73,0
l11,4=96,96,92,78,79,91,93,98,95,96,65,0,96,96,84,0,88,75,87,80,76,0,36,71,69,67,73,69,0,0,76,78,0,0,0,0,0,0,0,0,0,0,0,54,0
l12,4=86,93,92,68,74,91,94,98,94,96,73,95,0,96,93,0,88,81,72,76,87,0,64,66,72,65,78,72,0,0,71,71,0,0,0,0,0,0,0,0,0,0,70,70,79
l13,4=95,96,92,83,81,89,94,98,93,96,68,95,93,0,93,0,86,85,84,73,85,68,0,71,70,69,73,70,0,0,51,68,0,0,0,0,0,0,0,0,0,0,0,71,0
l14,4=68,61,0,56,63,0,80,85,78,78,68,84,86,83,0,0,87,92,90,85,90,61,0,70,67,75,81,70,0,0,75,59,0,0,0,0,0,0,4,66,62,66,81,76,86
l15,4=63,64,69,65,69,42,89,87,84,89,73,95,93,85,94,0,0,89,87,83,91,80,67,71,73,72,79,70,0,0,81,76,0,64,0,0,0,0,0,0,69,0,71,74,52
l16,4=47,1,64,0,68,65,79,0,0,78,68,81,76,77,94,0,87,0,90,93,92,18,0,66,70,73,74,0,0,0,97,96,0,69,0,0,1,0,75,74,75,77,65,78,74
l17,4=0,1,64,49,66,70,77,80,77,81,72,89,70,76,94,0,85,86,0,90,73,0,62,71,72,70,71,67,0,0,73,79,0,0,0,0,0,0,3,4,68,70,65,75,77
l18,4=38,59,34,0,0,0,0,75,77,70,61,76,58,58,88,0,81,92,85,0,93,63,77,70,86,85,82,75,0,0,78,83,0,58,0,65,0,0,65,0,61,65,66,78,68
l19,4=0,64,0,0,0,66,71,79,66,78,65,80,78,79,94,0,88,92,75,93,0,67,65,70,86,77,81,80,0,0,77,78,59,0,0,0,0,0,73,44,69,71,79,85,15
l20,4=0,0,0,0,0,0,0,32,39,3,26,0,0,48,54,0,63,33,0,77,64,0,97,81,79,83,81,91,0,0,0,0,73,67,0,52,39,63,62,31,40,48,78,71,53
l21,4=0,0,0,0,0,0,0,0,0,0,33,60,49,0,0,0,68,0,46,82,69,96,0,81,79,81,80,86,0,0,0,0,0,0,0,63,0,0,52,0,0,0,2,68,58
l22,4=0,0,0,0,0,0,0,64,56,60,49,65,53,55,52,0,54,57,57,71,60,72,70,0,85,89,89,91,0,0,0,0,56,65,0,61,73,55,59,44,50,60,61,76,56
l23,4=0,23,0,0,0,0,0,41,45,62,59,59,72,51,63,0,72,67,78,88,79,69,76,89,0,89,89,82,0,0,58,0,49,57,0,66,47,45,62,70,0,74,79,87,88
l24,4=0,0,0,0,0,0,7,71,42,66,68,69,62,60,81,0,67,65,69,86,72,78,85,87,85,0,87,85,0,0,0,0,60,52,0,60,42,0,62,68,55,55,81,88,89
l25,4=0,0,17,0,0,0,0,70,54,0,63,69,63,56,67,0,59,67,63,78,68,70,75,89,86,88,0,78,0,0,0,0,69,66,0,63,67,61,66,56,65,0,68,84,67
l26,4=0,0,0,0,0,0,0,62,55,56,51,66,57,53,58,0,55,0,55,82,66,96,88,90,79,81,83,0,0,0,41,65,60,64,0,63,62,52,59,50,55,0,57,68,66
l27,4=67,45,0,62,77,95,86,0,68,78,58,82,63,29,92,0,88,92,89,91,90,0,0,0,68,0,1,2,0,0,0,96,87,78,0,73,0,5,92,100,100,100,0,2,0
l28,4=66,6,0,73,78,0,0,0,0,73,65,91,72,64,65,0,87,92,89,89,89,0,0,0,0,0,0,61,0,0,98,0,74,89,0,87,84,94,92,100,100,100,73,67,33
l29,4=0,0,0,0,0,0,0,0,0,0,0,0,0,0,0,0,0,0,0,0,61,87,0,83,72,78,87,83,0,0,87,80,0,95,0,93,100,100,97,100,99,100,80,86,0
l30,4=0,0,0,0,0,0,0,0,0,0,0,0,0,0,0,0,58,76,0,73,0,86,0,83,68,69,83,85,0,0,86,88,97,0,0,93,100,91,97,100,100,100,68,0,0
l31,4=0,0,0,0,0,0,0,0,0,0,0,0,0,0,0,0,0,0,0,76,0,68,77,86,80,72,83,90,0,0,78,87,97,95,0,0,100,100,97,100,100,100,0,81,9
l32,4=0,0,0,0,0,0,0,0,0,0,0,0,0,0,0,0,0,0,0,0,0,69,0,89,77,70,83,83,0,0,0,86,97,95,0,93,0,100,97,100,99,98,0,0,0
l33,4=0,0,0,0,0,0,0,0,0,0,0,0,0,0,0,0,0,0,0,0,0,84,0,81,74,0,79,77,0,0,0,84,97,95,0,93,100,0,97,100,100,89,0,0,0
l34,4=0,0,0,0,0,0,0,0,0,0,0,0,0,0,0,0,0,84,5,85,84,79,74,82,78,83,83,83,0,0,89,87,97,95,0,93,100,100,0,100,100,100,11,72,10
l35,4=0,0,0,0,0,0,0,0,0,0,0,0,0,0,87,0,0,92,14,0,52,63,0,79,85,89,84,85,0,0,98,96,97,95,0,93,100,100,97,0,100,100,0,0,0
l36,4=4,0,0,0,0,75,0,0,0,0,0,0,0,0,78,0,80,91,85,92,83,55,0,79,1,86,87,81,0,0,98,96,97,95,0,93,100,100,97,100,0,100,25,0,0
l37,4=0,0,0,0,0,0,0,0,0,0,21,0,0,0,82,0,0,92,77,88,81,74,0,81,84,83,0,1,0,0,98,96,97,95,0,93,100,86,97,100,100,0,0,0,0
l38,4=0,0,0,0,0,0,0,0,0,0,6,0,42,0,61,0,51,35,37,61,59,56,0,60,75,71,67,50,0,0,0,49,38,26,0,0,0,0,0,0,0,0,0,88,92
l39,4=0,0,0,0,0,0,0,0,44,0,48,37,44,36,61,0,50,52,65,76,75,54,42,73,77,79,80,60,0,0,0,43,43,0,0,39,0,0,35,0,0,0,84,0,89
l40,4=0,0,0,0,0,0,0,0,0,0,0,0,41,0,57,0,27,50,50,62,0,44,44,51,78,77,68,66,0,0,0,1,0,0,0,0,0,0,4,0,0,0,86,91,0
l41,4=0,0,0,0,0,0,0,0,0,0,53,60,58,61,63,0,53,74,64,75,67,64,60,76,77,80,80,72,0,0,56,67,47,0,0,0,0,0,38,0,0,0,81,84,84
l42,4=0,0,0,0,0,0,0,0,0,0,38,0,0,0,55,0,36,58,60,68,66,64,39,70,78,81,74,76,0,0,0,0,46,0,0,43,30,2,39,0,0,0,81,88,76
l43,4=0,0,0,0,0,0,0,0,0,0,10,0,0,0,31,0,43,41,42,45,61,71,8,75,69,61,77,69,0,0,0,0,43,1,0,43,0,0,0,20,0,0,77,87,77
l44,4=0,0,0,0,0,0,0,0,0,0,0,0,0,0,67,0,47,44,50,70,58,64,56,71,73,74,79,68,0,0,0,0,49,57,0,0,41,0,0,0,0,0,84,88,79

l0,5=0,4,92,94,88,96,93,90,90,90,90,94,92,93,43,0,82,68,18,26,0,0,0,0,0,0,0,0,0,0,50,0,0,0,0,0,0,0,0,0,0,0,0,0,0
l1,5=28,0,92,92,87,96,93,91,91,65,94,94,92,93,22,0,65,65,30,20,44,0,0,0,0,0,0,0,0,0,35,0,0,0,0,0,0,0,0,0,0,0,0,0,0
l2,5=94,95,0,91,87,95,93,91,91,83,78,94,92,93,36,0,64,54,5,25,2,0,0,0,0,0,0,0,0,0,38,38,0,0,0,0,0,0,0,0,0,0,0,0,0
l3,5=94,97,92,0,93,96,93,94,91,90,78,94,90,94,31,0,83,0,30,0,0,0,0,0,0,0,0,0,0,0,78,49,0,18,0,0,0,0,0,0,0,0,0,0,0
l4,5=94,95,92,94,0,96,93,88,90,85,87,89,92,92,0,0,84,68,28,27,0,0,0,0,0,0,0,0,0,0,48,43,0,0,0,0,0,0,0,0,0,0,0,0,0
l5,5=94,95,92,91,89,0,93,91,90,88,93,94,90,91,51,0,74,33,50,42,57,0,0,0,0,0,0,0,0,0,79,42,0,0,0,0,0,0,13,0,54,0,0,0,0
l6,5=91,97,92,81,87,95,0,91,89,90,88,90,92,93,55,0,86,72,80,42,0,0,0,0,0,33,0,0,0,0,21,22,0,0,0,0,0,0,0,0,0,0,0,0,0
l7,5=78,94,92,86,72,91,93,0,91,90,80,94,92,93,73,0,79,0,78,69,0,0,0,0,14,45,57,4,0,0,0,0,0,0,0,0,0,0,0,0,0,0,0,0,0
l8,5=94,97,92,83,81,91,86,94,0,91,82,94,95,94,75,0,82,60,67,65,57,0,49,65,10,40,57,20,0,0,32,9,0,0,0,0,0,0,0,0,0,0,0,5,0
l9,5=90,79,86,79,69,84,90,92,91,0,89,94,93,94,85,0,83,62,83,23,52,43,0,0,16,41,53,17,0,0,34,0,0,0,0,0,0,0,0,0,0,0,0,17,0
l10,5=33,28,48,44,33,82,84,54,38,64,0,93,92,59,88,0,88,68,31,27,69,58,34,25,19,50,63,20,0,0,39,35,0,0,0,0,0,0,0,0,0,41,48,16,2
l11,5=85,48,85,77,68,79,84,90,90,90,88,0,95,93,27,0,83,55,49,25,66,0,0,26,18,38,51,22,0,0,46,36,0,0,0,0,0,0,0,0,0,0,30,5,0
l12,5=88,86,90,48,77,81,90,90,90,90,95,94,0,94,88,0,88,82,81,72,80,51,36,16,57,45,66,23,0,0,39,35,0,0,0,0,0,0,0,0,0,0,50,19,5
l13,5=86,86,86,78,72,80,86,85,90,90,90,94,95,0,85,0,82,81,80,71,77,53,0,50,55,55,56,37,0,0,37,0,0,0,0,0,0,0,0,0,0,0,0,30,0
l14,5=18,19,49,16,0,61,37,51,37,50,92,73,71,56,0,0,87,88,90,79,85,60,51,24,20,42,57,20,0,0,50,29,0,0,0,0,0,0,7,13,60,54,50,21,26
l15,5=19,10,37,43,30,57,80,53,37,47,94,89,91,28,89,0,0,75,88,46,78,66,47,24,19,46,65,19,0,0,34,42,0,0,0,0,0,0,0,0,61,52,47,16,15
l16,5=16,21,16,0,12,43,33,2,22,42,79,72,30,33,60,0,82,0,26,30,73,2,0,25,21,33,61,0,0,0,55,55,7,0,0,24,0,0,37,37,78,69,49,9,14
l17,5=12,20,0,34,26,65,65,50,25,49,77,77,28,26,90,0,82,60,0,27,81,57,46,25,18,54,63,0,0,0,54,31,0,0,0,0,0,0,10,0,58,55,50,17,24
l18,5=14,6,23,0,21,46,52,75,71,38,74,69,43,42,84,0,78,85,64,0,87,68,61,67,67,74,77,46,0,0,65,63,19,7,0,36,38,0,58,57,68,11,60,56,41
l19,5=0,20,0,0,0,52,0,0,26,40,79,75,26,26,85,0,82,86,83,83,0,65,0,26,68,57,56,26,0,0,41,48,0,11,0,0,0,0,41,13,62,57,48,21,20
l20,5=0,0,0,0,0,0,0,2,0,4,29,0,21,28,33,0,36,8,29,52,32,0,75,77,69,72,74,54,0,0,0,0,54,55,0,12,43,36,49,15,22,18,39,51,43
l21,5=0,0,0,0,0,0,0,0,34,0,24,0,22,0,53,0,28,0,32,52,0,76,0,53,56,69,67,49,0,0,0,0,3,0,0,5,0,0,0,0,0,0,39,16,32
l22,5=0,0,0,0,0,0,0,0,39,0,31,40,12,28,34,0,34,27,33,60,38,73,30,0,72,79,87,54,0,0,17,0,15,71,0,36,74,36,21,27,32,0,73,58,34
l23,5=0,0,0,0,0,0,0,5,1,19,42,38,64,13,57,0,36,58,31,64,69,70,53,84,0,79,87,41,0,0,15,8,22,14,0,33,32,1,12,59,20,43,70,55,68
l24,5=0,0,0,0,0,2,16,64,38,34,55,39,60,45,43,0,35,32,60,71,64,70,61,84,72,0,83,44,0,0,2,25,34,38,0,28,8,0,20,35,20,14,60,59,68
l25,5=0,0,0,0,0,0,0,38,25,16,40,37,64,7,48,0,36,49,51,63,26,70,56,85,72,76,0,37,0,0,1,2,56,60,0,26,35,36,32,4,27,27,65,62,63
l26,5=0,0,0,0,0,0,0,8,21,14,30,36,35,23,40,0,27,0,3,66,59,75,68,85,67,73,74,0,0,0,11,8,47,61,0,35,43,20,28,34,37,22,61,53,58
l27,5=19,7,32,31,19,83,6,0,21,29,76,76,25,20,45,0,52,80,31,30,69,0,0,19,18,1,2,3,0,0,0,88,19,20,0,46,66,44,41,76,95,83,0,4,0
l28,5=0,0,44,25,18,68,8,0,5,0,74,72,23,0,41,0,79,88,24,29,77,0,0,0,16,28,10,6,0,0,89,0,20,21,0,45,81,49,22,73,95,83,38,3,0
l29,5=0,0,0,0,0,0,0,0,0,0,0,0,0,0,0,0,0,11,0,35,0,55,11,17,54,45,80,40,0,0,51,41,0,95,0,89,96,91,82,87,90,86,0,10,4
l30,5=0,0,0,0,0,0,0,0,0,0,0,0,0,0,0,0,0,0,0,16,3,38,0,74,24,24,76,46,0,0,30,57,89,0,0,89,96,92,82,87,95,89,19,6,14
l31,5=0,0,0,0,0,0,0,0,0,0,0,0,0,0,0,0,0,33,0,51,0,17,22,58,53,48,56,40,0,0,55,56,89,95,0,0,96,92,82,87,95,88,47,3,0
l32,5=0,0,0,0,0,0,0,0,0,0,0,0,0,0,0,0,0,0,0,47,0,49,0,75,34,0,43,29,0,0,41,38,89,95,0,89,0,92,80,85,94,54,0,0,0
l33,5=0,0,0,0,0,0,0,0,0,0,0,0,0,0,0,0,0,0,0,0,0,48,0,65,2,0,53,11,0,0,38,31,89,95,0,89,96,0,82,72,95,30,0,0,0
l34,5=0,0,0,0,0,20,0,0,0,0,0,0,0,0,0,0,0,39,7,55,49,44,0,21,21,24,54,23,0,0,42,25,89,95,0,89,77,79,0,87,95,89,0,11,0
l35,5=0,0,0,0,0,0,0,0,0,0,0,0,0,0,28,0,0,24,0,23,43,22,0,25,41,30,0,19,0,0,90,56,89,67,0,89,95,49,82,0,95,89,25,0,0
l36,5=0,0,0,0,0,39,0,0,0,0,0,0,0,0,33,0,56,34,17,43,56,31,0,29,15,18,30,23,0,0,90,88,30,95,0,84,91,68,82,87,0,89,34,3,0
l37,5=0,0,0,0,0,0,0,0,0,0,48,0,7,0,34,0,50,29,18,19,54,33,0,0,29,26,21,21,0,0,90,59,89,95,0,89,83,42,82,87,95,0,0,4,0
l38,5=0,0,0,0,0,0,0,0,0,0,46,14,36,0,57,0,36,48,52,47,27,53,42,60,64,58,62,31,0,0,0,5,0,17,0,17,0,0,0,1,14,0,0,61,71
l39,5=0,0,0,0,0,0,0,0,0,11,28,13,10,6,58,0,36,26,50,62,61,51,13,64,62,70,73,30,0,0,8,3,8,8,0,0,0,0,16,0,13,0,75,0,71
l40,5=0,0,0,0,0,0,0,0,0,0,0,0,2,0,66,0,11,23,19,45,23,30,26,29,63,62,56,31,0,0,0,0,0,14,0,0,0,0,0,0,0,0,76,64,0
l41,5=0,0,0,0,0,0,0,0,8,13,28,41,43,7,70,0,57,66,60,25,65,0,35,68,66,68,71,6,0,0,18,11,6,0,0,0,0,0,16,20,21,0,75,61,68
l42,5=0,0,0,0,0,0,0,0,0,0,25,0,0,0,29,0,0,31,36,43,32,35,0,60,65,71,60,34,0,0,0,0,12,23,0,22,28,4,17,0,0,0,74,61,68
l43,5=0,0,0,0,0,0,0,0,0,0,21,0,1,0,21,0,7,0,35,24,26,49,8,61,8,21,62,31,0,0,0,0,23,0,0,21,0,0,0,1,0,0,73,62,64
l44,5=0,0,0,0,0,0,0,0,0,0,0,0,9,0,58,0,32,23,31,62,27,61,28,17,65,71,69,38,0,0,0,0,0,22,0,0,17,0,0,0,0,10,74,61,72

l0,6=0,92,93,90,91,81,85,89,86,89,74,81,87,88,62,0,61,66,62,50,0,0,0,0,0,0,0,0,0,0,47,56,0,0,0,0,0,0,0,0,30,0,0,0,0
l1,6=91,0,93,90,90,81,88,89,86,83,74,71,87,85,0,0,64,46,38,37,39,0,0,0,0,0,0,0,0,0,67,20,0,0,0,0,0,0,0,0,0,0,0,0,0
l2,6=92,92,0,90,90,81,88,90,86,79,64,82,88,88,49,0,74,70,31,35,5,0,0,0,0,39,0,0,0,0,35,0,0,0,0,0,0,0,0,0,0,0,0,0,0
l3,6=93,92,93,0,91,81,86,88,86,88,59,80,78,88,0,0,77,56,36,0,0,0,0,0,0,0,0,0,0,0,50,0,0,0,0,0,0,0,0,0,0,0,0,0,0
l4,6=93,92,90,90,0,81,87,89,85,88,0,81,90,88,33,0,74,0,32,30,0,0,0,0,0,0,0,0,0,0,64,71,0,0,0,0,0,0,0,0,0,0,0,0,0
l5,6=92,92,90,87,91,0,88,89,84,84,74,75,77,83,54,0,70,61,42,7,17,0,0,0,0,3,0,0,0,0,65,72,0,0,0,0,0,0,20,19,18,0,0,0,0
l6,6=90,92,93,90,90,81,0,90,81,90,74,73,88,71,66,0,71,61,54,47,49,23,0,0,0,46,0,0,0,0,0,48,0,0,0,0,0,0,0,0,0,0,0,0,0
l7,6=80,89,93,75,71,79,88,0,86,90,65,83,82,88,61,0,75,54,50,65,40,0,0,0,0,57,53,0,0,0,0,0,0,0,0,0,0,0,0,0,0,0,0,0,0
l8,6=89,91,93,77,80,77,77,90,0,90,60,83,90,88,64,0,70,24,43,62,0,34,44,45,20,56,56,43,0,0,0,0,0,0,0,0,0,0,0,0,0,0,0,0,0
l9,6=88,80,79,75,78,77,88,90,86,0,79,83,90,88,83,0,75,60,68,12,62,0,40,6,38,55,51,29,0,0,34,2,0,0,0,0,0,0,0,0,0,0,0,0,0
l10,6=72,71,54,45,0,74,54,65,46,72,0,76,88,83,83,0,82,65,46,38,49,43,42,30,40,50,64,27,0,0,0,59,0,0,0,0,0,0,0,0,8,28,36,41,0
l11,6=81,59,78,64,80,72,80,85,83,85,77,0,90,84,79,0,78,39,69,63,29,37,4,29,60,41,45,41,0,0,31,26,0,0,0,0,0,0,0,0,0,0,0,41,0
l12,6=72,79,88,52,77,61,83,79,83,85,82,83,0,88,83,0,79,58,70,66,71,0,0,23,63,54,61,20,0,0,25,36,0,0,0,0,0,0,0,0,0,0,37,48,0
l13,6=87,85,86,82,71,77,62,90,86,90,83,83,90,0,83,0,79,47,73,69,54,22,0,28,51,55,49,44,0,0,33,40,0,0,0,0,0,0,0,0,0,0,0,42,0
l14,6=53,0,37,0,21,36,45,65,46,47,78,64,66,48,0,0,77,80,77,73,50,47,58,33,40,47,0,36,0,0,68,47,0,36,0,0,0,0,7,0,19,0,48,61,59
l15,6=45,47,51,45,48,25,41,64,40,35,83,66,52,44,74,0,0,38,74,39,48,48,53,38,36,20,61,58,0,0,23,55,0,0,0,0,0,0,0,5,24,6,30,49,41
l16,6=47,25,29,19,1,16,23,31,16,22,69,52,23,10,58,0,69,0,48,43,53,42,0,24,40,28,47,4,0,0,84,88,39,0,0,20,0,0,8,0,44,33,30,62,52
l17,6=50,55,55,40,51,22,36,49,34,36,63,65,77,46,85,0,79,72,0,66,74,48,52,37,36,46,61,59,0,0,62,54,0,0,0,0,0,0,0,0,23,0,0,60,52
l18,6=35,49,46,0,30,4,16,62,55,1,51,48,57,54,68,0,62,48,57,0,77,50,55,60,68,59,64,63,0,0,0,51,51,36,0,42,30,0,51,45,46,8,46,64,51
l19,6=2,35,1,0,0,16,28,35,0,32,68,38,70,33,79,0,72,80,68,78,0,47,51,38,73,65,57,70,0,0,40,73,0,34,0,0,0,0,33,31,31,39,2,63,0
l20,6=0,0,0,0,0,0,7,0,24,0,31,22,0,11,26,0,57,11,41,63,35,0,78,77,70,67,67,74,0,0,0,0,59,46,0,34,31,16,55,26,31,23,25,24,38
l21,6=0,0,0,0,0,0,0,0,28,16,19,15,0,0,48,0,54,0,27,62,32,66,0,71,67,66,38,72,0,0,0,0,2,20,0,0,0,0,16,0,0,0,30,12,35
l22,6=0,0,0,0,0,0,0,0,24,0,26,19,16,18,22,0,36,11,26,53,26,64,47,0,76,70,75,80,0,0,0,0,12,61,0,27,51,18,38,21,28,23,61,46,28
l23,6=0,0,0,0,0,0,0,0,3,11,32,24,41,24,48,0,51,29,38,66,61,58,43,75,0,72,76,71,0,0,17,20,31,22,0,37,13,0,34,22,27,23,61,61,40
l24,6=0,0,19,0,0,5,13,60,37,21,54,26,30,27,31,0,14,17,57,62,58,55,61,78,77,0,76,71,0,0,7,22,4,39,0,29,18,0,35,18,2,34,55,61,56
l25,6=0,0,0,0,0,0,0,24,29,21,35,17,25,23,0,0,50,16,40,66,27,58,26,82,77,71,0,64,0,0,0,0,51,24,0,34,0,22,27,27,26,26,21,64,30
l26,6=0,0,0,0,0,0,0,0,22,10,16,21,8,23,21,0,52,10,48,68,55,66,75,83,70,67,68,0,0,0,9,3,60,44,0,49,36,30,62,48,33,19,60,52,52
l27,6=38,47,16,11,25,24,0,0,0,14,0,49,9,7,61,0,40,82,51,0,31,0,0,0,25,15,0,4,0,0,0,88,44,63,0,27,31,32,34,47,80,82,0,0,0
l28,6=42,1,0,0,48,36,29,0,0,0,62,42,33,30,39,0,45,83,45,33,86,0,0,1,30,38,0,0,0,0,87,0,65,71,0,31,32,41,43,71,78,74,19,39,0
l29,6=0,0,0,0,0,0,0,0,0,0,0,0,0,0,0,0,0,14,0,52,0,52,0,12,60,1,62,62,0,0,22,60,0,84,0,85,79,85,82,86,62,62,0,0,0
l30,6=0,0,0,0,0,0,0,0,0,0,0,0,0,0,13,0,0,0,0,30,23,47,17,63,56,51,58,36,0,0,32,57,79,0,0,85,79,84,82,60,86,82,19,22,24
l31,6=0,0,0,0,0,0,0,0,0,0,0,0,0,0,0,0,0,23,0,43,0,39,0,54,64,46,62,51,0,0,27,49,79,83,0,0,79,88,77,78,81,76,33,0,0
l32,6=0,0,0,0,0,0,0,0,0,0,0,0,0,0,0,0,0,0,0,47,0,36,0,57,53,45,0,57,0,0,24,43,79,75,0,85,0,85,72,73,72,43,26,0,0
l33,6=0,0,0,0,0,0,0,0,0,0,0,0,0,0,0,0,0,0,0,0,0,3,0,43,0,0,61,50,0,0,20,42,77,75,0,85,77,0,72,50,67,73,0,0,0
l34,6=0,0,0,0,0,18,0,0,0,0,0,0,0,0,32,0,0,34,0,43,34,51,10,56,59,37,56,61,0,0,34,58,79,84,0,85,59,60,0,86,86,86,41,46,0
l35,6=0,0,0,0,0,10,0,0,0,0,0,0,0,0,0,0,7,0,0,62,35,46,0,24,54,22,58,39,0,0,39,51,79,82,0,45,38,41,82,0,86,86,14,40,0
l36,6=25,0,0,0,0,15,0,0,0,0,4,0,0,0,30,0,35,84,25,37,36,43,0,38,34,0,40,38,0,0,93,70,75,84,0,85,41,58,82,86,0,86,0,0,0
l37,6=0,0,0,0,0,0,0,0,0,0,35,0,2,0,0,0,22,46,1,27,25,38,0,39,57,53,58,33,0,0,75,76,71,84,0,74,59,77,82,86,86,0,0,0,0
l38,6=0,0,0,0,0,0,0,0,0,0,17,0,9,0,38,0,16,11,0,52,0,23,14,61,66,57,30,56,0,0,0,10,0,11,0,13,6,0,12,5,0,0,0,62,59
l39,6=0,0,0,0,0,0,0,0,0,0,12,12,20,8,50,0,44,29,49,68,50,27,2,54,64,55,72,49,0,0,0,16,0,6,0,0,0,0,21,11,0,0,65,0,69
l40,6=0,0,0,0,0,0,0,0,0,0,0,0,0,0,49,0,12,26,46,47,0,39,37,53,55,62,48,51,0,0,0,0,0,8,0,0,0,0,0,0,0,0,62,63,0
l41,6=0,0,0,0,0,0,0,0,0,0,9,0,49,14,57,0,28,27,54,55,59,32,26,66,70,60,65,40,0,0,12,19,2,0,0,0,1,0,15,0,0,3,53,68,52
l42,6=0,0,0,0,0,0,0,0,0,0,4,0,0,0,26,0,19,14,32,52,11,43,0,70,69,67,66,67,0,0,0,0,23,0,0,28,15,12,21,0,6,0,64,62,39
l43,6=0,0,0,0,0,0,0,0,0,0,6,0,0,0,0,0,0,0,15,53,25,30,27,69,32,64,62,66,0,0,0,0,0,0,0,25,4,0,7,0,0,0,61,62,57
l44,6=0,0,0,0,0,0,0,0,0,0,0,0,4,0,24,0,22,13,24,50,22,43,24,49,68,64,61,61,0,0,3,0,0,0,0,0,0,0,0,0,0,0,61,63,60

l0,7=0,97,91,96,99,97,90,93,94,91,65,78,90,93,25,0,59,82,0,6,0,0,0,0,0,0,0,0,0,0,37,45,0,0,0,0,0,0,0,0,36,24,0,0,0
l1,7=95,0,92,96,99,97,90,90,94,91,59,76,92,92,0,0,47,9,45,20,2,0,0,0,0,0,0,0,0,0,60,22,0,0,0,0,0,0,0,0,0,0,0,0,0
l2,7=92,97,0,96,95,97,90,93,94,84,65,76,90,92,31,0,44,84,48,19,19,0,0,0,0,0,0,0,0,0,62,0,0,0,0,0,0,0,0,0,0,0,0,0,0
l3,7=95,97,90,0,99,97,89,90,88,87,76,70,86,93,21,0,70,57,44,0,0,0,0,0,0,0,0,0,0,0,60,60,0,0,0,0,0,0,0,0,0,0,0,0,0
l4,7=95,97,89,96,0,97,88,85,89,87,69,78,89,88,2,0,42,38,0,18,0,0,0,0,0,0,0,0,0,0,59,20,0,0,0,0,0,0,0,0,0,0,0,0,0
l5,7=95,97,91,91,99,0,90,92,90,87,87,78,89,93,30,0,70,66,43,17,15,0,0,0,0,0,0,0,0,0,53,0,0,0,0,0,0,0,0,1,0,0,0,0,0
l6,7=95,97,92,96,96,97,0,94,89,91,87,78,89,88,72,0,60,81,53,29,32,0,0,38,0,36,0,0,0,0,37,34,0,0,0,0,0,0,0,0,0,0,0,0,0
l7,7=85,78,84,80,80,85,90,0,94,91,76,81,73,93,80,0,65,80,0,61,43,53,5,0,20,45,58,58,0,0,0,0,0,0,0,0,0,0,0,0,0,0,0,0,0
l8,7=91,90,89,80,88,91,75,94,0,91,73,79,90,88,77,0,63,0,49,58,58,65,55,49,43,48,69,35,0,0,0,4,0,0,0,0,0,0,0,0,0,0,0,10,0
l9,7=87,90,86,77,94,91,90,94,94,0,85,81,92,93,89,0,45,0,61,39,43,47,0,44,0,39,64,0,0,0,25,20,0,0,0,0,0,0,0,0,0,0,0,6,0
l10,7=51,18,24,40,60,89,77,84,83,47,0,73,90,88,91,0,74,77,56,23,24,43,47,57,25,25,66,0,0,0,15,34,0,0,0,0,0,0,0,0,0,15,40,36,0
l11,7=85,87,89,39,94,91,84,89,92,87,87,0,92,88,91,0,69,56,63,41,0,30,0,46,23,20,56,56,0,0,17,13,0,0,0,0,0,0,0,0,0,0,0,24,3
l12,7=77,90,82,64,82,84,77,81,92,88,87,81,0,93,92,0,74,0,63,42,37,0,45,32,42,43,71,41,0,0,44,26,0,0,0,0,0,0,0,0,3,0,35,22,0
l13,7=86,90,87,89,84,91,77,90,92,88,87,81,92,0,91,0,46,63,62,67,64,0,47,56,17,40,0,39,0,0,47,23,0,0,0,0,0,0,0,0,0,0,0,0,0
l14,7=17,0,17,4,21,27,49,80,43,46,73,72,87,29,0,0,79,93,68,71,24,60,0,57,23,27,64,58,0,0,62,52,0,0,0,0,0,0,16,3,0,15,58,41,13
l15,7=31,15,17,30,31,34,41,80,47,23,86,72,92,18,57,0,0,71,53,24,23,56,37,30,25,23,59,47,0,0,34,23,0,0,0,0,0,0,0,16,30,0,0,7,0
l16,7=21,0,19,0,8,5,47,57,0,0,54,18,0,4,36,0,45,0,55,38,51,35,0,15,25,23,57,27,0,0,71,77,0,14,0,0,0,0,25,34,81,56,55,41,16
l17,7=0,18,19,27,0,35,51,0,30,33,71,78,89,31,95,0,59,90,0,25,27,53,1,54,25,27,63,54,0,0,64,30,0,0,0,0,0,0,1,23,16,43,54,33,14
l18,7=1,17,18,0,29,15,30,47,49,27,52,47,61,41,90,0,56,88,47,0,78,67,54,56,55,67,79,67,0,0,44,27,16,15,0,1,0,0,62,24,50,0,55,61,15
l19,7=0,0,16,0,0,18,35,46,28,28,69,0,62,23,86,0,75,94,65,80,0,54,45,59,81,75,67,56,0,0,44,25,0,19,0,0,0,31,48,47,49,30,59,33,16
l20,7=0,0,0,0,0,0,0,24,33,11,19,16,11,0,57,0,47,24,32,67,31,0,77,79,67,77,70,77,0,0,0,0,53,47,0,7,34,0,69,15,0,0,61,55,49
l21,7=0,0,0,0,0,0,0,19,54,0,38,0,46,30,0,0,52,0,11,61,34,84,0,66,64,67,3,72,0,0,0,0,0,0,0,0,0,0,31,0,0,0,60,20,25
l22,7=0,0,0,0,0,0,10,0,20,6,42,25,30,16,33,0,31,20,30,55,54,76,65,0,79,77,83,82,0,0,0,0,26,56,0,23,64,33,70,14,21,32,73,53,39
l23,7=0,0,0,0,0,0,0,19,19,0,34,29,50,6,17,0,57,63,50,68,65,76,60,82,0,87,84,73,0,0,0,3,12,33,0,38,0,0,46,6,22,41,70,54,52
l24,7=0,0,0,0,0,0,19,59,12,14,52,31,64,10,66,0,51,38,52,67,64,76,54,78,81,0,84,72,0,0,19,0,1,39,0,26,25,18,0,50,25,42,69,54,51
l25,7=0,0,0,0,0,0,0,16,17,18,53,32,57,0,61,0,50,30,45,69,57,63,0,82,81,87,0,70,0,0,0,6,54,33,0,42,28,30,23,37,30,36,76,62,9
l26,7=0,0,0,0,0,1,0,23,11,0,0,36,35,4,45,0,28,20,45,69,42,80,73,81,71,79,77,0,0,0,9,0,59,26,0,26,63,46,71,39,20,33,66,29,49
l27,7=2,21,25,21,25,26,40,0,0,0,5,9,30,8,36,0,24,93,55,26,27,0,0,0,0,20,0,18,0,0,0,85,8,40,0,10,44,52,89,85,85,89,0,0,0
l28,7=24,12,0,34,37,7,49,0,11,29,56,20,28,21,94,0,49,94,60,68,36,0,0,0,16,0,30,0,0,0,96,0,24,28,0,30,73,54,34,31,56,84,0,14,0
l29,7=0,0,0,0,0,0,0,0,0,0,0,0,0,0,0,0,0,0,0,22,0,58,0,50,30,0,67,53,0,0,25,29,0,76,0,87,81,77,91,85,65,72,16,14,0
l30,7=0,0,0,0,0,0,0,0,0,0,0,0,0,0,0,0,18,31,0,14,20,54,0,60,33,34,56,35,0,0,66,44,77,0,0,86,80,79,90,71,85,89,0,0,10
l31,7=0,0,0,0,0,0,0,0,0,0,0,0,0,0,0,0,0,3,0,5,0,41,0,50,64,70,70,58,0,0,44,29,77,69,0,0,81,85,88,71,81,75,0,4,0
l32,7=0,0,0,0,0,0,0,0,0,0,0,0,0,0,0,0,0,0,0,0,0,58,0,57,0,60,43,44,0,0,41,26,77,72,0,87,0,85,82,75,64,59,0,0,0
l33,7=0,0,0,0,0,0,0,0,0,0,0,0,0,0,0,0,0,0,0,0,0,0,0,37,0,0,45,44,0,0,35,14,77,72,0,87,81,0,87,63,74,76,7,0,0
l34,7=0,0,0,0,0,0,0,0,0,0,0,0,0,0,11,0,0,54,1,58,21,70,32,60,36,0,38,68,0,0,74,39,77,76,0,87,77,77,0,85,85,89,46,18,0
l35,7=0,0,0,0,0,7,0,0,0,0,0,0,0,0,0,0,35,65,29,28,22,52,0,28,16,45,43,53,0,0,73,65,77,34,0,53,79,71,91,0,85,89,33,0,0
l36,7=5,0,0,0,0,0,0,0,0,0,0,0,12,0,0,0,44,86,15,63,61,0,0,29,37,41,43,49,0,0,96,65,27,76,0,74,71,72,91,85,0,89,0,0,0
l37,7=12,0,0,0,0,0,0,0,0,0,26,0,0,0,14,0,0,59,32,1,16,0,0,31,39,43,44,47,0,0,81,62,71,73,0,58,70,71,91,85,85,0,0,16,0
l38,7=0,0,0,0,0,0,0,0,0,0,9,0,25,0,17,0,0,21,19,9,15,31,19,64,63,64,74,34,0,0,0,0,8,0,0,0,0,12,14,4,0,0,0,64,62
l39,7=0,0,0,0,0,0,0,0,0,0,32,23,32,0,53,0,7,52,37,60,46,55,13,62,58,63,82,27,0,0,0,6,9,0,0,0,0,0,19,0,0,8,79,0,60
l40,7=0,0,0,0,0,0,0,0,0,0,0,2,0,0,24,0,0,19,19,24,16,47,18,53,53,58,21,44,0,0,1,0,0,6,0,0,0,0,0,0,0,0,78,56,0
l41,7=0,0,0,0,0,0,0,0,12,0,28,0,54,6,71,0,44,27,48,55,64,34,8,32,79,80,77,11,0,0,0,23,11,0,0,0,0,0,16,0,0,13,74,65,45
l42,7=0,0,0,0,0,0,0,0,0,0,0,0,0,0,51,0,20,21,20,45,12,60,23,63,50,76,78,59,0,0,0,0,24,20,0,4,0,7,0,0,0,0,76,63,44
l43,7=0,0,0,0,0,0,0,0,0,0,0,0,15,0,0,0,5,0,18,35,17,38,19,70,34,74,77,61,0,0,0,0,23,0,0,15,26,0,14,4,6,0,75,59,55
l44,7=0,0,0,0,0,0,0,0,0,0,0,0,29,0,28,0,16,22,21,44,33,55,20,68,66,70,57,64,0,0,0,0,17,8,0,0,0,0,16,0,0,0,76,60,58

l0,8=0,98,100,100,100,100,96,98,98,100,55,95,94,98,58,0,98,78,58,63,0,0,0,0,0,0,0,0,0,0,51,19,0,0,0,0,0,0,0,0,0,0,0,0,0
l1,8=100,0,100,100,100,100,84,98,99,100,96,95,94,74,60,0,52,82,75,70,0,0,0,0,0,0,0,0,0,0,58,0,0,0,0,0,0,0,0,0,0,0,0,0,0
l2,8=100,98,0,100,100,100,96,77,99,100,100,95,89,98,62,0,94,95,90,72,55,0,0,0,0,0,0,0,0,0,57,0,0,0,0,0,0,0,0,0,0,0,0,51,0
l3,8=100,98,100,0,100,100,96,98,99,93,100,90,94,98,54,0,94,0,84,48,0,0,0,0,0,0,0,0,0,0,92,87,0,0,0,0,0,0,0,0,0,0,0,0,0
l4,8=100,98,100,100,0,100,96,96,99,100,83,95,91,98,0,0,53,96,86,77,0,0,0,0,0,0,0,0,0,0,54,66,0,0,0,0,0,0,0,0,0,0,0,0,0
l5,8=100,98,100,100,100,0,96,98,98,100,60,95,94,98,58,0,98,83,83,71,55,0,0,0,0,0,0,0,0,0,52,39,0,0,0,0,0,0,0,0,0,0,0,0,0
l6,8=100,97,100,100,100,100,0,98,99,100,100,95,94,98,100,0,98,61,91,0,92,0,0,7,0,85,0,0,0,0,0,0,0,0,0,0,0,0,0,0,0,0,0,0,0
l7,8=94,97,100,96,89,100,96,0,99,99,100,95,96,98,93,0,98,88,90,88,52,49,0,57,54,88,49,0,0,0,0,0,0,0,0,0,0,0,0,0,0,0,0,0,0
l8,8=95,98,100,95,96,100,92,98,0,100,98,95,95,98,94,0,93,63,86,89,88,88,0,64,78,0,57,84,0,0,0,52,0,0,0,0,0,0,0,0,0,0,0,49,0
l9,8=95,97,94,90,94,96,96,98,99,0,95,95,99,98,71,0,98,69,68,74,66,50,0,70,46,49,58,0,0,0,0,58,0,0,0,0,0,0,0,0,0,0,0,79,0
l10,8=78,92,89,93,87,86,86,93,94,61,0,67,99,97,98,0,98,0,95,73,57,49,67,83,51,46,62,0,0,0,40,79,0,0,0,0,0,0,0,0,0,0,0,84,0
l11,8=95,93,94,84,94,96,92,98,99,96,95,0,99,98,96,0,93,77,94,70,0,26,0,72,49,41,53,71,0,0,44,0,0,0,0,0,0,0,0,0,0,0,0,66,52
l12,8=95,94,85,94,84,96,92,93,99,100,100,95,0,98,96,0,98,88,97,79,57,1,79,0,52,51,60,69,0,0,44,63,0,0,0,0,0,0,0,0,0,0,67,34,13
l13,8=95,87,96,94,94,99,92,98,95,100,99,95,99,0,96,0,93,90,94,80,56,56,72,85,53,49,3,76,0,0,30,65,0,0,0,0,0,0,0,0,39,0,0,0,0
l14,8=67,53,47,16,26,41,66,86,44,58,63,70,99,77,0,0,59,100,99,98,61,54,53,85,54,51,63,52,0,0,57,82,0,0,0,0,0,0,0,11,16,1,74,85,68
l15,8=96,82,82,87,63,97,87,97,96,62,100,72,99,77,63,0,0,100,99,80,60,58,0,84,55,51,59,80,0,0,20,81,0,24,0,0,0,0,34,39,33,6,47,84,23
l16,8=58,33,84,0,55,44,8,55,18,9,0,41,93,56,63,0,59,0,99,85,63,13,0,1,56,52,43,0,0,0,98,85,0,0,0,0,31,33,86,73,61,48,88,84,67
l17,8=20,33,75,45,41,45,33,63,31,20,63,72,99,73,100,0,59,100,0,85,100,51,73,81,52,52,63,73,0,0,57,47,0,0,0,0,0,0,0,39,16,10,80,85,60
l18,8=46,39,30,0,56,43,0,83,84,33,33,49,84,53,100,0,42,100,98,0,99,93,86,90,92,51,93,91,0,0,55,65,0,22,0,16,0,0,73,35,43,33,87,88,56
l19,8=0,0,32,0,0,82,70,85,84,91,95,20,97,85,100,0,96,100,99,98,0,80,19,91,92,91,93,88,0,0,94,60,0,65,0,0,0,0,61,61,98,34,88,89,68
l20,8=0,0,0,0,0,0,0,36,45,23,40,25,13,58,70,0,72,25,58,90,40,0,96,93,88,88,73,92,0,0,0,0,51,50,0,0,0,0,73,58,11,27,58,68,51
l21,8=0,0,0,0,0,0,0,0,0,0,39,2,60,53,51,0,0,0,64,86,3,95,0,87,88,79,30,89,0,0,0,0,19,43,0,0,27,0,54,0,0,0,73,81,47
l22,8=0,0,0,0,0,0,0,22,18,15,44,25,0,46,60,0,37,6,25,75,53,93,75,0,92,88,90,87,0,0,0,3,14,70,0,62,45,55,73,36,0,52,64,81,47
l23,8=0,0,0,0,0,0,0,51,20,0,20,49,43,46,66,0,63,60,64,87,61,93,75,93,0,92,93,89,0,0,25,0,47,55,0,53,32,32,66,40,60,11,89,88,70
l24,8=0,0,0,0,0,0,30,68,0,48,44,24,62,55,73,0,67,59,80,86,57,93,74,89,92,0,93,87,0,0,35,1,38,9,0,35,61,51,64,36,62,52,87,81,44
l25,8=0,0,0,0,0,0,0,59,13,24,51,58,61,0,66,0,61,58,64,78,52,74,14,91,92,92,0,64,0,0,21,1,54,67,0,41,66,67,0,16,33,10,81,88,48
l26,8=0,0,0,0,0,0,3,3,22,0,0,38,16,30,20,0,57,0,72,91,44,94,86,90,90,88,77,0,0,0,0,0,27,55,0,45,78,35,82,27,15,25,75,78,58
l27,8=83,92,51,95,58,56,0,0,0,0,38,44,77,49,62,0,12,100,99,85,58,0,0,0,28,24,27,0,0,0,0,97,34,100,0,98,54,94,97,74,62,53,0,55,3
l28,8=32,0,0,87,91,77,0,0,43,34,63,30,83,61,63,0,59,100,92,85,49,0,0,21,0,0,8,0,0,0,98,0,81,100,0,82,56,50,79,75,100,27,45,63,0
l29,8=0,0,0,0,0,0,0,0,0,0,0,0,0,0,0,0,0,0,0,6,0,87,5,27,88,58,82,77,0,0,23,78,0,100,0,98,95,97,97,98,90,93,60,0,0
l30,8=0,0,0,0,6,0,0,0,0,0,0,0,0,0,0,0,30,0,0,46,24,55,30,91,77,0,91,82,0,0,97,81,95,0,0,98,95,100,97,98,100,97,0,0,0
l31,8=0,0,0,0,0,0,0,0,0,0,0,0,0,0,0,0,0,20,0,41,0,0,0,87,87,45,53,78,0,0,87,36,95,100,0,0,95,100,97,88,100,96,0,0,0
l32,8=0,0,0,0,0,0,0,0,0,0,0,0,0,0,0,0,0,69,0,0,0,0,3,59,54,75,80,82,0,0,81,78,95,99,0,98,0,100,97,69,89,90,0,8,0
l33,8=0,0,0,0,0,0,0,0,0,0,0,0,0,0,0,0,0,64,0,0,0,0,0,63,48,61,92,58,0,0,88,31,95,100,0,98,95,0,76,98,86,80,0,0,0
l34,8=0,0,0,0,0,0,0,0,0,0,0,0,0,0,0,0,41,81,0,78,38,58,48,92,58,46,0,90,0,0,85,46,95,98,0,98,95,97,0,98,100,97,50,64,0
l35,8=0,0,0,0,0,0,0,0,0,0,0,0,0,0,10,0,49,87,77,77,40,48,0,83,55,46,43,74,0,0,58,51,95,100,0,89,54,76,97,0,100,97,0,0,3
l36,8=0,0,0,0,0,0,0,0,0,0,0,0,0,53,71,0,85,100,77,95,70,1,0,0,58,70,82,46,0,0,61,56,81,100,0,98,56,62,97,98,0,97,0,0,0
l37,8=0,0,0,0,0,0,0,0,0,0,0,0,2,0,16,0,44,93,77,95,44,41,0,87,53,48,54,74,0,0,98,39,81,100,0,96,56,52,97,98,100,0,0,38,0
l38,8=0,0,0,0,0,0,0,0,0,0,0,0,14,0,42,0,15,51,34,58,36,48,52,55,82,60,81,46,0,0,0,10,19,0,0,0,0,4,24,0,0,0,0,88,75
l39,8=0,0,0,0,0,0,0,0,0,10,25,11,11,0,28,0,22,38,42,72,53,39,51,70,90,65,91,52,0,0,12,19,0,0,0,0,1,0,25,0,0,0,90,0,75
l40,8=0,0,0,0,0,0,0,0,0,0,0,17,0,0,48,0,0,24,14,52,11,58,23,53,86,26,55,53,0,0,0,0,0,0,0,0,0,0,0,0,0,0,90,86,0
l41,8=0,0,0,0,0,0,0,19,14,0,8,33,63,30,67,0,55,41,82,57,60,58,56,80,91,89,90,20,0,0,25,61,0,0,0,0,0,0,0,0,0,3,90,89,71
l42,8=0,0,0,0,0,0,0,0,0,0,0,0,0,0,32,0,0,0,0,61,28,70,63,82,69,88,86,82,0,0,0,0,18,0,0,0,4,1,0,0,25,19,80,88,70
l43,8=0,0,0,0,0,0,0,0,0,0,0,0,0,0,16,0,0,0,17,55,7,64,25,67,36,55,87,48,0,0,0,0,16,11,0,0,2,0,27,0,0,0,82,77,69
l44,8=0,0,0,0,0,0,0,0,0,0,0,0,0,7,22,0,1,22,36,58,2,5,32,63,83,59,53,48,0,0,0,0,16,15,0,0,0,0,22,0,0,0,82,86,65

l0,9=0,100,100,100,100,100,100,100,100,99,83,99,100,0,96,0,33,0,0,60,0,0,0,0,0,0,0,0,0,0,0,88,0,0,0,0,0,0,0,0,0,0,0,0,0
l1,9=99,0,100,100,100,100,100,96,100,99,73,99,87,99,0,0,34,31,0,85,43,0,0,0,0,65,0,0,0,0,92,94,0,0,0,0,0,0,0,0,0,0,0,0,0
l2,9=99,100,0,100,100,100,100,100,100,99,73,99,100,99,97,0,35,31,68,0,0,0,0,0,0,0,0,0,0,0,96,93,0,0,0,0,0,0,0,0,0,0,0,0,0
l3,9=99,100,100,0,100,100,100,0,100,89,95,61,100,99,0,0,57,0,2,56,0,0,0,0,0,0,0,0,0,0,95,95,0,0,0,0,0,0,0,0,0,0,0,0,0
l4,9=99,100,100,100,0,100,100,100,100,85,73,97,97,99,82,0,57,29,0,87,0,0,0,0,0,0,0,0,0,0,0,91,0,0,0,0,0,0,0,0,0,0,0,0,0
l5,9=99,100,100,100,100,0,100,98,100,99,73,99,83,99,94,0,37,37,1,75,61,0,0,0,0,60,0,0,0,0,98,0,0,0,0,0,0,0,0,0,90,0,0,0,0
l6,9=99,100,100,100,100,100,0,100,100,99,96,99,100,99,99,0,71,61,76,0,66,0,0,0,0,0,0,0,0,0,89,100,0,0,0,0,0,0,0,0,0,0,0,0,0
l7,9=99,100,100,4,100,100,100,0,100,99,96,99,100,99,98,0,100,47,53,98,64,100,0,0,96,98,41,59,0,0,0,0,0,0,0,0,0,0,0,0,0,0,0,93,0
l8,9=99,100,100,99,100,100,100,100,0,99,96,99,100,99,100,0,100,64,79,98,77,62,0,92,93,83,59,53,0,0,79,27,0,0,0,0,0,0,0,0,0,0,0,0,0
l9,9=99,100,99,33,62,100,100,99,100,0,96,99,100,99,100,0,100,33,63,98,99,34,0,71,85,61,36,50,0,0,78,59,0,0,0,0,0,0,0,0,0,0,0,0,0
l10,9=90,100,78,35,38,59,63,100,100,98,0,99,100,99,100,0,97,34,82,98,65,34,30,97,91,66,42,0,0,0,93,99,0,0,0,0,0,0,0,0,54,67,84,98,76
l11,9=99,100,99,49,85,100,99,100,100,99,96,0,100,99,100,0,99,56,100,98,50,0,0,87,92,0,37,57,0,0,26,0,0,0,0,0,0,0,0,0,0,0,0,72,2
l12,9=99,98,88,38,38,56,99,99,100,99,96,99,0,99,100,0,100,40,80,98,61,35,33,0,72,63,42,49,0,0,66,0,0,0,0,0,0,0,0,0,3,0,78,76,0
l13,9=0,100,100,99,100,100,99,100,100,99,96,99,100,0,100,0,99,34,100,96,99,35,0,81,96,75,40,45,0,0,0,90,0,0,0,0,0,0,0,0,66,0,0,0,0
l14,9=27,0,34,0,29,40,56,56,99,85,43,37,80,94,0,0,38,37,100,99,69,35,28,69,96,67,39,55,0,0,95,98,0,11,0,0,0,0,58,0,48,44,93,86,89
l15,9=87,89,71,33,37,58,60,99,100,98,73,99,100,99,100,0,0,37,100,99,65,37,32,95,96,74,39,57,0,0,96,99,17,45,0,0,0,0,74,0,78,86,56,88,0
l16,9=0,89,9,0,34,58,62,66,100,55,42,37,80,97,100,0,37,0,72,99,80,0,0,97,96,75,17,0,0,0,100,100,64,44,0,0,7,0,85,98,95,98,98,98,89
l17,9=0,0,42,0,0,0,37,8,65,52,43,51,80,98,100,0,65,37,0,99,99,37,34,57,96,74,42,57,0,0,97,98,0,0,0,0,0,0,0,69,52,25,88,97,73
l18,9=6,34,0,2,37,32,0,78,99,86,42,37,87,94,98,0,98,98,98,0,99,37,36,95,96,74,60,99,0,0,96,97,59,41,0,37,28,13,84,94,94,97,97,97,93
l19,9=0,40,0,0,33,38,40,54,61,90,42,36,79,98,100,0,37,100,100,99,0,37,0,95,96,84,86,62,0,0,96,98,0,21,0,0,0,0,84,56,94,61,97,97,92
l20,9=0,0,0,0,0,0,0,91,84,77,71,0,89,81,83,0,98,0,91,96,82,0,99,98,96,98,94,100,0,0,0,0,81,80,0,0,75,0,98,82,0,10,84,97,79
l21,9=0,0,0,0,0,0,0,12,0,0,70,3,98,2,91,0,73,0,97,98,0,100,0,95,96,98,94,99,0,0,0,0,0,63,0,0,46,0,87,0,0,0,96,97,91
l22,9=0,0,0,0,0,0,0,0,82,33,72,73,0,78,80,0,81,81,80,96,97,99,83,0,96,98,95,100,0,0,0,0,77,88,0,81,78,69,89,81,77,77,82,97,80
l23,9=0,0,0,0,0,0,0,71,74,37,36,41,42,88,98,0,98,98,98,98,98,99,88,97,0,99,97,99,0,0,81,0,53,49,0,69,21,18,95,84,79,70,97,97,93
l24,9=0,66,0,0,0,62,0,92,88,60,66,7,72,86,95,0,98,97,98,98,98,99,97,95,96,0,96,99,0,0,76,0,89,51,0,71,90,49,81,79,88,76,97,92,86
l25,9=0,0,0,0,0,0,0,52,85,44,85,48,91,84,89,0,34,17,91,91,89,93,46,97,96,99,0,92,0,0,0,50,91,90,0,52,92,56,91,61,88,0,96,98,87
l26,9=0,0,0,0,0,0,0,70,81,67,0,82,67,70,97,0,81,0,95,98,89,99,98,97,96,98,95,0,0,0,0,0,83,97,0,84,94,44,98,77,0,84,96,79,78
l27,9=0,38,54,37,0,39,18,0,32,29,40,4,64,0,99,0,38,100,72,99,48,0,0,0,95,43,0,0,0,0,0,100,0,41,0,37,16,34,85,100,59,100,47,97,10
l28,9=32,40,51,35,38,2,38,0,12,18,42,0,0,93,99,0,36,37,61,58,47,0,0,0,62,0,26,0,0,0,100,0,65,39,0,31,30,22,84,72,95,62,0,96,0
l29,9=0,0,0,0,0,0,0,0,0,0,0,0,0,0,0,0,15,49,0,44,0,61,0,91,91,97,96,99,0,0,0,81,0,100,0,100,100,98,100,100,95,100,86,80,0
l30,9=0,0,0,0,0,0,0,0,0,0,0,0,0,0,41,0,29,29,0,31,0,34,32,98,91,68,97,100,0,0,48,58,99,0,0,100,100,98,100,100,95,100,71,85,35
l31,9=0,0,0,0,0,0,0,0,0,0,0,0,0,0,0,0,0,0,0,66,0,0,0,87,86,86,82,92,0,0,86,65,99,100,0,0,100,98,100,63,95,93,0,0,23
l32,9=0,0,0,0,0,0,0,0,0,0,0,0,0,0,0,0,0,52,0,31,0,56,9,91,84,98,94,99,0,0,41,70,99,100,0,100,0,98,100,48,94,100,55,65,0
l33,9=0,0,0,0,0,0,0,0,0,0,0,0,0,0,0,0,0,0,0,0,0,0,0,52,74,78,56,24,0,0,36,34,99,100,0,100,100,0,100,68,41,76,0,0,0
l34,9=0,0,0,0,0,0,0,0,0,0,0,0,0,0,79,0,33,36,0,39,33,87,21,92,96,74,69,100,0,0,50,100,99,100,0,100,100,98,0,100,95,100,0,0,0
l35,9=0,0,0,0,0,0,0,0,0,0,0,0,0,0,0,0,0,99,82,39,32,86,0,64,96,97,52,64,0,0,50,99,99,100,0,37,36,98,100,0,95,100,85,0,0
l36,9=0,0,0,0,0,37,0,0,0,0,7,0,47,83,97,0,35,100,57,39,35,0,0,64,96,84,39,0,0,0,48,100,99,100,0,37,37,98,100,100,0,63,0,0,0
l37,9=0,0,0,0,0,0,0,0,0,0,20,0,34,0,96,0,37,36,49,39,34,6,0,63,95,75,0,36,0,0,100,99,99,75,0,37,88,98,100,100,95,0,0,0,0
l38,9=0,0,0,0,0,0,0,0,0,0,16,0,44,0,88,0,11,78,48,86,43,63,23,74,96,89,94,90,0,0,0,0,40,6,0,0,4,0,0,5,0,0,0,98,93
l39,9=0,0,0,0,0,0,0,22,0,0,35,17,56,0,87,0,28,32,71,90,86,29,26,89,96,62,95,41,0,0,67,48,38,45,0,0,7,0,0,0,0,0,97,0,93
l40,9=0,0,0,0,0,0,0,0,0,0,1,0,0,0,79,0,0,34,53,87,66,47,30,83,90,69,88,45,0,0,0,0,0,29,0,0,0,0,0,0,0,0,97,97,0
l41,9=0,0,0,0,0,0,0,22,16,0,9,24,76,65,95,0,89,92,95,98,94,60,11,85,96,98,95,87,0,0,77,84,0,50,0,0,0,0,49,65,0,61,97,97,93
l42,9=0,0,0,0,0,0,0,0,0,0,0,0,0,0,0,0,42,40,0,86,78,91,72,90,96,98,83,87,0,0,0,0,0,0,0,0,30,0,62,0,0,0,97,97,93
l43,9=0,0,0,0,0,0,0,0,0,0,0,0,0,0,69,0,0,34,66,69,73,80,17,86,90,83,94,83,0,0,0,0,17,0,0,57,0,0,1,0,0,0,91,90,86
l44,9=0,0,0,0,0,0,0,0,0,0,0,0,0,46,73,0,25,23,56,82,75,67,71,95,96,98,95,77,0,0,0,0,5,0,0,24,0,0,53,0,0,4,97,81,87

l0,10=0,95,98,97,96,91,92,0,91,93,88,85,91,94,74,0,52,41,6,0,22,0,0,0,0,0,0,0,0,0,44,79,0,0,0,0,0,0,0,0,0,0,0,0,0
l1,10=96,0,98,97,97,93,91,2,96,75,73,47,93,73,76,0,48,49,0,59,45,0,0,0,0,54,0,0,0,0,46,66,0,0,0,0,0,0,0,0,0,0,0,0,0
l2,10=96,92,0,92,92,93,92,1,96,94,88,90,94,95,73,0,57,30,46,64,0,0,0,0,55,46,26,0,0,0,45,54,0,0,0,0,0,0,0,0,0,0,0,35,0
l3,10=96,95,98,0,97,93,92,1,95,55,86,90,91,94,53,0,57,0,40,50,0,0,0,0,0,0,0,0,0,0,63,80,0,0,0,0,0,0,0,0,0,0,0,0,0
l4,10=96,95,94,97,0,93,92,0,91,92,87,78,91,36,65,0,82,58,51,0,0,0,0,0,0,0,0,0,0,0,54,71,0,0,0,0,0,0,0,0,0,0,0,0,0
l5,10=93,95,99,97,97,0,92,0,96,85,92,93,85,95,60,0,35,37,50,43,0,0,0,0,0,15,0,0,0,0,50,68,0,0,0,0,0,0,0,0,53,0,0,0,0
l6,10=96,94,99,97,97,93,0,1,96,95,88,93,91,94,75,0,85,39,45,45,0,0,0,0,21,26,0,0,0,0,45,72,0,0,0,0,0,0,0,0,0,0,0,24,0
l7,10=96,95,99,89,92,93,92,0,96,97,94,93,95,95,87,0,96,70,39,94,85,76,0,33,48,83,44,47,0,0,0,60,0,0,0,0,0,0,0,0,0,0,0,20,0
l8,10=93,94,99,92,92,93,92,0,0,95,91,92,95,95,83,0,50,34,84,76,82,68,0,26,63,52,37,40,0,0,37,0,0,0,0,0,0,0,0,0,0,0,0,0,0
l9,10=92,66,94,60,92,91,90,0,91,0,90,93,95,95,92,0,92,46,55,64,71,59,0,26,72,52,29,34,0,0,0,55,0,0,0,0,0,0,0,0,0,0,0,0,0
l10,10=88,77,85,86,87,91,89,1,91,93,0,89,95,95,92,0,96,80,93,61,88,52,9,78,65,74,74,37,0,0,40,65,0,0,0,0,0,0,0,0,51,0,4,35,28
l11,10=53,63,94,88,66,91,90,0,91,97,90,0,95,95,92,0,92,33,93,91,73,42,0,29,57,51,30,39,0,0,36,53,0,0,0,0,0,0,0,0,0,0,0,0,0
l12,10=57,88,93,81,92,91,89,0,91,95,90,92,0,95,91,0,92,52,58,80,57,56,33,14,64,79,41,30,0,0,30,20,0,0,0,0,0,0,0,0,0,0,30,26,0
l13,10=86,78,94,89,56,92,90,0,91,97,90,93,95,0,82,0,92,35,93,77,87,13,32,30,45,50,31,29,0,0,0,55,0,0,0,0,0,0,0,0,0,0,0,29,0
l14,10=9,79,81,3,66,51,46,0,60,88,89,53,61,72,0,0,96,68,95,89,98,58,12,8,72,75,30,41,0,0,61,84,0,10,0,0,0,0,0,56,50,24,46,50,80
l15,10=17,55,74,40,86,41,87,0,40,94,90,59,95,79,92,0,0,53,95,93,91,57,12,38,77,81,28,49,0,0,67,89,0,13,0,0,0,0,0,9,76,30,8,50,0
l16,10=6,89,1,0,61,73,37,0,30,51,85,24,61,64,97,0,70,0,58,96,100,36,0,29,78,60,33,16,0,0,98,97,29,0,0,0,34,0,64,0,91,26,9,51,69
l17,10=0,0,57,12,30,84,46,1,82,87,90,90,92,95,97,0,96,83,0,93,96,0,38,79,77,78,73,79,0,0,92,83,0,0,0,0,0,0,0,0,0,0,44,42,86
l18,10=0,57,65,4,0,40,12,1,60,68,65,53,53,71,75,0,91,91,94,0,100,72,50,45,80,86,47,91,0,0,63,79,0,45,0,9,24,0,38,74,78,60,60,49,87
l19,10=8,50,0,0,0,0,0,0,64,62,89,53,51,80,97,0,72,92,95,96,0,72,0,45,80,86,50,52,0,0,71,89,0,3,0,0,0,0,37,64,85,58,30,52,90
l20,10=0,0,0,0,0,0,0,2,68,69,66,69,70,42,70,0,68,61,0,96,74,0,97,84,75,86,80,91,0,0,0,0,72,66,0,72,0,0,80,71,0,0,68,75,68
l21,10=0,0,0,0,0,0,0,0,0,0,50,0,82,77,77,0,75,2,74,91,0,93,0,85,81,87,80,92,0,0,0,0,0,67,0,0,0,0,2,0,0,0,67,78,88
l22,10=0,0,0,0,0,0,0,2,55,52,71,57,61,67,64,0,65,62,75,78,76,93,78,0,81,86,81,93,0,0,0,0,77,75,0,70,71,59,77,70,67,66,74,83,79
l23,10=0,0,26,0,0,0,0,4,60,63,59,56,69,61,74,0,75,64,76,94,84,74,73,85,0,88,82,89,0,0,63,32,72,69,0,74,60,53,71,71,62,57,79,92,92
l24,10=0,49,53,0,0,39,27,0,61,62,67,67,76,69,80,0,73,54,77,96,85,87,83,84,81,0,81,75,0,0,52,49,73,68,0,60,69,57,70,0,70,72,78,85,67
l25,10=0,0,4,0,0,0,0,0,61,52,64,57,63,67,64,0,60,54,77,79,90,81,64,85,81,88,0,91,0,0,0,0,78,63,0,68,70,55,75,66,63,48,89,92,90
l26,10=0,0,0,0,0,0,0,5,66,46,59,69,67,53,74,0,70,34,73,90,75,92,84,85,80,75,80,0,0,0,0,0,75,81,0,57,76,74,82,0,0,79,71,90,85
l27,10=9,63,51,47,27,53,21,0,26,0,49,24,27,0,93,0,67,93,53,83,96,0,0,0,61,35,0,0,0,0,0,97,19,36,0,65,63,47,49,57,96,67,0,10,0
l28,10=41,59,14,43,40,51,36,4,0,40,60,42,41,60,93,0,71,93,42,69,88,0,0,0,47,43,0,0,0,0,98,0,43,39,0,0,0,0,64,41,96,64,14,2,8
l29,10=0,0,0,0,0,0,0,0,0,0,0,0,0,0,0,0,0,38,0,0,0,58,0,73,73,69,75,60,0,0,18,74,0,92,0,87,90,93,91,89,85,85,37,62,0
l30,10=0,0,0,0,0,0,0,0,0,0,0,0,0,0,18,0,26,0,0,67,0,44,18,78,76,67,64,79,0,0,45,63,87,0,0,87,90,94,91,89,92,90,23,0,4
l31,10=0,0,0,0,0,0,0,0,0,0,0,0,0,0,0,0,0,0,0,41,0,61,0,69,76,44,54,56,0,0,72,6,87,92,0,0,90,94,91,79,92,86,0,2,56
l32,10=0,0,0,0,0,0,0,0,0,0,0,0,0,0,0,0,0,27,0,13,0,0,0,70,64,68,67,71,0,0,53,0,87,92,0,87,0,94,91,87,63,85,0,5,0
l33,10=0,0,0,0,0,0,0,0,0,0,0,0,0,0,0,0,0,0,0,0,0,0,0,58,64,36,51,61,0,0,48,0,87,92,0,87,90,0,91,85,46,60,0,0,0
l34,10=0,0,0,0,0,0,0,0,0,0,0,0,0,0,0,0,0,25,0,59,24,73,0,78,74,65,74,78,0,0,79,66,87,92,0,87,90,94,0,89,96,90,2,0,0
l35,10=0,0,0,0,0,0,0,0,0,0,0,0,0,0,59,0,13,2,2,69,73,54,0,40,71,0,43,0,0,0,91,38,87,92,0,81,89,94,91,0,96,90,21,24,0
l36,10=0,0,0,0,0,26,0,0,0,0,33,0,15,0,24,0,41,51,0,70,77,0,0,38,49,61,21,0,0,0,97,74,54,92,0,87,84,69,91,91,0,90,0,0,0
l37,10=0,0,0,0,0,0,0,0,0,0,0,0,0,0,62,0,45,32,6,81,75,0,0,38,59,71,38,41,0,0,85,87,87,92,0,85,80,87,91,91,96,0,0,0,0
l38,10=0,0,0,0,0,0,0,0,0,0,0,0,69,0,75,0,43,55,60,86,54,72,26,76,78,76,79,79,0,0,0,38,57,53,0,0,0,0,0,2,0,0,0,93,96
l39,10=0,0,5,0,0,0,1,0,0,0,50,0,33,41,79,0,78,76,56,79,79,72,30,77,80,80,81,81,0,0,19,15,64,0,0,0,1,0,0,29,0,0,89,0,96
l40,10=0,0,0,0,0,0,0,0,0,0,0,0,0,0,68,0,0,50,86,85,82,61,36,77,80,63,76,83,0,0,0,0,0,0,0,0,0,0,0,0,0,0,89,92,0
l41,10=0,0,0,0,0,0,0,0,1,55,50,49,48,8,83,0,82,79,87,96,88,63,0,81,80,86,81,81,0,0,53,79,0,12,0,0,0,0,0,43,46,2,89,92,95
l42,10=0,0,0,0,0,0,0,0,0,0,0,0,0,0,81,0,70,45,64,88,83,86,59,84,79,82,79,88,0,0,0,0,0,0,0,0,18,0,54,44,0,49,88,92,93
l43,10=0,0,0,0,0,0,0,0,0,0,24,0,0,0,56,0,0,37,77,82,66,83,36,82,79,74,79,85,0,0,0,0,45,55,0,41,0,0,0,0,0,0,87,91,91
l44,10=0,0,0,0,0,0,0,0,0,0,0,28,0,0,65,0,34,22,0,87,77,87,77,83,80,86,79,90,0,0,0,0,41,7,0,0,48,0,49,2,0,0,89,92,90

l0,11=0,94,91,86,90,89,89,0,88,86,85,81,83,81,61,0,74,47,0,16,0,0,0,0,0,0,0,0,0,0,0,34,0,0,0,0,0,0,0,0,0,0,0,0,0
l1,11=93,0,88,86,90,89,89,0,90,70,79,68,83,82,72,0,64,59,17,16,0,0,0,0,0,15,0,0,0,0,23,43,0,0,0,0,0,0,0,0,0,0,0,0,0
l2,11=92,90,0,79,85,88,89,0,89,83,86,82,80,81,65,0,84,0,16,47,0,0,0,0,31,35,10,0,0,0,39,0,0,0,0,0,0,0,0,0,0,0,0,5,0
l3,11=93,94,76,0,90,89,89,0,91,54,81,73,75,73,0,0,12,49,13,0,0,0,0,0,0,0,0,0,0,0,44,41,0,0,0,0,0,0,0,0,0,0,0,0,0
l4,11=93,94,91,86,0,89,89,1,91,84,74,72,82,77,63,0,74,43,0,0,0,0,0,0,0,0,0,0,0,0,22,32,0,0,0,0,0,0,0,0,0,0,0,0,0
l5,11=93,94,91,86,91,0,88,0,84,82,85,82,79,84,9,0,69,42,0,0,0,0,0,0,0,0,0,0,0,0,39,36,0,0,0,0,0,0,24,0,51,0,0,0,0
l6,11=93,94,91,86,90,89,0,0,91,85,84,86,81,84,64,0,83,44,18,22,35,0,0,0,0,41,0,0,0,0,21,0,0,0,0,0,0,0,0,0,0,0,0,0,0
l7,11=91,94,92,75,72,88,90,0,91,89,85,86,84,85,86,0,86,68,0,69,59,67,0,30,0,62,59,47,0,0,0,1,0,0,0,0,0,0,0,0,0,0,0,33,0
l8,11=88,91,89,82,85,84,86,0,0,85,86,82,81,81,77,0,80,44,76,48,30,55,0,18,29,34,35,25,0,0,15,0,0,0,0,0,0,0,0,0,0,0,0,0,0
l9,11=89,89,87,73,84,84,85,0,88,0,86,86,84,84,85,0,85,32,18,18,61,63,0,17,47,60,59,28,0,0,14,0,0,0,0,0,0,0,0,0,0,0,0,0,0
l10,11=82,89,85,79,38,54,29,0,88,85,0,81,84,82,82,0,88,51,77,23,80,21,16,20,25,62,49,28,0,0,19,31,0,0,0,0,0,0,0,0,0,0,0,48,0
l11,11=81,59,88,62,50,85,85,0,88,88,86,0,83,85,86,0,85,6,77,49,63,0,0,13,0,50,55,9,0,0,5,0,0,0,0,0,0,0,0,0,0,0,0,0,0
l12,11=89,89,79,49,58,82,52,0,88,86,86,82,0,82,88,0,86,39,76,13,71,19,8,10,29,72,48,16,0,0,4,27,0,0,0,0,0,0,0,0,0,0,30,2,3
l13,11=74,90,87,59,74,84,86,0,88,89,86,86,84,0,78,0,85,51,76,40,68,46,12,57,17,48,52,16,0,0,15,33,0,0,0,0,0,0,0,0,44,0,0,12,0
l14,11=69,53,20,0,28,6,18,0,45,64,85,61,49,46,0,0,88,85,85,26,89,68,3,24,32,65,72,29,0,0,17,46,0,0,0,0,0,0,0,21,55,17,79,80,76
l15,11=74,29,71,0,35,23,25,0,49,86,86,81,81,82,90,0,0,51,85,78,85,70,16,23,34,68,66,25,0,0,24,47,0,0,0,0,0,0,0,16,0,0,0,79,32
l16,11=58,68,0,58,19,8,10,0,41,10,62,15,40,39,89,0,72,0,22,27,89,41,0,18,32,12,58,23,0,0,57,52,0,67,0,0,0,5,22,21,82,73,0,74,64
l17,11=0,36,10,3,0,0,25,0,80,41,84,79,76,78,92,0,89,85,0,79,89,68,2,26,72,64,68,29,0,0,24,42,0,0,0,0,0,0,5,0,0,30,59,77,75
l18,11=34,19,41,0,0,0,18,1,44,30,68,53,37,39,84,0,84,66,85,0,90,76,25,24,80,80,73,53,0,0,23,41,61,67,0,24,0,0,34,25,74,75,77,80,78
l19,11=0,0,0,0,0,0,13,0,23,43,78,54,47,43,92,0,86,88,85,84,0,76,0,18,82,79,75,32,0,0,24,43,39,53,0,0,0,0,0,26,75,21,25,79,77
l20,11=0,0,0,0,0,0,0,0,61,57,32,19,58,60,57,0,64,52,60,70,71,0,87,83,68,80,72,85,0,0,0,0,63,74,0,61,64,22,74,58,0,0,74,73,63
l21,11=0,0,0,0,0,0,0,0,0,0,61,46,66,63,65,0,67,0,48,77,0,88,0,83,82,80,78,84,0,0,0,0,0,75,0,0,0,12,65,0,55,0,68,0,74
l22,11=0,0,0,0,0,0,0,1,60,51,63,60,61,63,62,0,67,59,66,64,50,86,76,0,82,80,76,87,0,0,0,44,66,79,0,66,69,63,76,32,60,60,76,77,72
l23,11=0,0,23,0,0,0,0,0,50,59,51,0,63,6,61,0,71,54,69,79,79,67,42,83,0,83,84,76,0,0,24,16,68,72,0,42,8,0,63,40,68,25,71,86,80
l24,11=0,11,8,0,0,0,14,1,22,54,61,61,75,63,65,0,65,35,61,79,81,83,73,81,82,0,84,69,0,0,35,30,68,64,0,29,69,14,58,7,11,8,81,78,73
l25,11=0,0,0,0,0,0,0,0,18,35,43,52,52,44,68,0,60,43,58,74,77,69,68,81,82,83,0,79,0,0,0,29,72,51,0,29,59,25,53,28,40,31,81,84,81
l26,11=0,0,0,0,0,0,0,0,64,57,56,50,61,41,60,0,61,58,61,75,66,83,78,84,77,62,74,0,0,0,0,0,67,76,0,70,69,67,73,14,0,66,73,69,77
l27,11=0,27,19,29,19,18,14,0,17,20,52,24,23,26,16,0,23,88,63,48,70,0,0,0,26,23,0,0,0,0,0,83,41,66,0,26,14,19,36,79,91,31,0,41,0
l28,11=46,27,0,24,18,14,0,0,0,0,50,10,36,35,45,0,27,75,13,18,58,0,0,12,16,23,32,0,0,0,92,0,56,52,0,20,14,0,39,22,87,22,13,35,0
l29,11=0,0,0,0,0,0,0,0,0,0,0,0,0,0,0,0,0,0,0,32,7,47,0,59,72,59,73,66,0,0,9,55,0,87,0,87,83,84,85,78,82,80,14,49,0
l30,11=0,0,0,0,0,0,0,0,0,0,0,0,0,0,0,0,0,49,0,53,12,59,21,74,73,20,29,75,0,0,61,25,79,0,0,85,83,84,85,35,82,80,17,0,0
l31,11=0,0,0,0,0,0,0,0,0,0,0,0,0,0,0,0,0,0,0,36,0,30,0,59,71,30,36,63,0,0,65,22,80,88,0,0,87,90,84,73,63,75,12,8,16
l32,11=0,0,0,0,0,0,0,0,0,0,0,0,0,0,0,0,0,0,0,0,0,30,0,55,25,55,59,63,0,0,15,55,80,87,0,87,0,90,85,70,78,74,12,3,0
l33,11=0,0,0,0,0,0,0,0,0,0,0,0,0,0,0,0,0,17,0,0,0,0,0,46,0,4,36,61,0,0,39,0,80,90,0,87,87,0,85,83,83,58,0,0,0
l34,11=0,0,0,0,0,7,0,0,0,0,0,0,0,0,0,0,0,24,8,25,0,71,10,41,70,25,43,39,0,0,45,72,79,87,0,84,83,84,0,79,86,82,5,0,0
l35,11=0,0,0,0,0,0,0,0,0,0,0,0,0,0,14,0,17,30,0,24,51,41,0,12,34,6,36,2,0,0,67,31,79,61,0,48,45,52,85,0,90,86,2,0,0
l36,11=0,0,0,0,0,0,0,0,0,0,0,0,0,25,15,0,0,58,0,67,73,0,0,10,33,0,27,0,0,0,92,50,80,90,0,30,30,32,86,89,0,86,0,0,0
l37,11=0,0,0,0,0,0,0,0,0,0,0,0,0,0,13,0,0,62,10,73,54,0,0,18,22,10,32,25,0,0,76,42,79,87,0,78,83,84,86,89,91,0,0,3,0
l38,11=0,0,0,0,0,0,0,0,0,0,0,0,26,0,72,0,0,0,37,71,59,75,2,75,56,70,73,74,0,0,0,20,18,34,0,0,0,0,0,0,0,0,0,93,82
l39,11=0,0,0,0,0,0,0,1,0,0,29,0,7,0,67,0,68,66,65,69,74,70,0,74,80,67,83,70,0,0,20,2,60,0,0,0,0,0,0,0,0,0,87,0,90
l40,11=0,0,0,0,0,0,0,0,0,0,0,0,4,0,64,0,0,59,60,66,72,29,13,69,80,66,79,72,0,0,0,0,0,0,0,0,0,0,0,0,0,0,86,92,0
l41,11=0,0,0,0,0,0,0,0,27,39,48,45,32,38,71,0,74,70,74,83,78,76,19,76,79,82,83,74,0,0,10,37,0,0,0,0,0,0,0,0,24,49,87,92,81
l42,11=0,0,0,0,0,0,0,0,0,0,0,0,2,0,70,0,61,3,42,71,70,75,65,79,79,74,76,76,0,0,0,0,60,0,0,47,0,0,66,46,0,11,81,92,82
l43,11=0,0,0,0,0,0,0,0,0,0,0,0,0,0,45,0,41,47,49,69,57,75,10,79,70,67,83,78,0,0,0,0,41,67,0,0,0,0,61,7,0,0,76,90,89
l44,11=0,0,0,0,0,0,0,0,0,0,27,17,0,0,62,0,45,0,33,75,0,76,22,82,79,81,79,80,0,0,0,0,57,0,0,0,29,0,8,10,0,0,87,89,88

l0,12=0,93,89,93,91,90,92,0,88,94,80,81,88,86,69,0,76,43,0,61,0,0,0,0,0,0,0,0,0,0,0,21,0,0,0,0,0,0,0,0,0,0,0,0,0
l1,12=94,0,88,93,91,90,92,1,88,56,54,71,84,83,54,0,88,67,35,38,0,0,0,0,0,15,0,0,0,0,16,42,0,0,0,0,0,0,0,0,0,0,0,0,0
l2,12=94,88,0,76,91,90,90,0,90,89,86,12,84,85,37,0,77,60,43,83,42,18,0,1,26,7,13,0,0,0,23,36,0,0,0,0,0,0,0,0,0,0,0,0,0
l3,12=94,93,75,0,91,90,92,5,88,48,82,80,84,86,37,0,76,20,0,0,0,0,0,0,0,0,0,0,0,0,39,50,0,0,0,0,0,0,0,0,46,0,0,0,0
l4,12=94,93,89,93,0,90,92,2,90,89,49,80,84,86,0,0,84,58,0,0,0,0,0,0,0,0,0,0,0,0,42,40,0,0,0,0,0,0,0,0,0,0,0,0,0
l5,12=94,93,88,92,92,0,92,1,88,89,86,80,84,85,36,0,74,58,40,42,29,0,0,0,16,0,0,0,0,0,0,45,0,0,0,0,0,0,13,0,0,0,0,0,0
l6,12=94,93,88,93,91,90,0,3,90,93,88,81,88,79,42,0,81,78,46,48,34,0,0,0,34,3,0,0,0,0,43,0,0,0,0,0,0,0,0,0,1,0,0,0,0
l7,12=94,89,89,88,86,86,92,0,90,96,81,83,88,87,86,0,91,78,78,85,0,62,0,42,50,55,42,29,0,0,0,0,0,0,0,0,0,0,0,0,0,0,0,0,0
l8,12=80,88,87,82,87,85,92,0,0,89,86,80,76,53,84,0,90,76,82,42,36,32,23,37,31,36,55,52,0,0,0,1,0,0,0,0,0,0,0,0,0,0,0,9,0
l9,12=90,27,87,39,86,85,89,0,87,0,86,83,88,88,57,0,91,78,46,44,47,64,0,39,46,55,60,58,0,0,43,1,0,0,0,0,0,0,0,0,0,0,0,16,0
l10,12=35,50,63,78,68,88,88,1,88,85,0,83,88,87,57,0,95,82,56,53,63,44,38,39,36,47,47,39,0,0,15,20,0,0,0,0,0,0,0,0,0,2,36,4,0
l11,12=52,56,1,87,86,85,87,4,86,92,86,0,84,88,89,0,90,70,81,48,60,13,0,16,27,41,62,40,0,0,21,17,0,0,0,0,0,0,0,0,0,0,0,26,2
l12,12=88,88,73,85,84,84,87,7,78,91,86,81,0,86,84,0,91,78,81,83,75,0,33,29,77,71,40,25,0,0,31,4,0,0,0,0,0,0,0,0,0,0,0,0,1
l13,12=86,88,87,86,87,86,88,0,72,96,88,83,88,0,84,0,92,4,82,66,43,0,47,30,34,39,54,38,0,0,27,0,0,0,0,0,0,0,0,0,0,0,0,28,0
l14,12=8,41,14,31,0,39,43,3,78,69,52,50,60,46,0,0,95,85,85,53,92,56,0,19,36,55,66,53,0,0,44,45,0,0,0,0,0,0,20,0,21,42,73,49,20
l15,12=34,49,52,74,73,67,62,8,86,84,87,50,87,73,91,0,0,85,85,52,69,52,40,0,47,56,61,51,0,0,50,50,0,6,0,0,0,0,0,9,0,0,41,41,11
l16,12=0,7,14,0,38,39,68,6,54,40,29,24,35,0,59,0,90,0,52,55,75,29,0,4,9,25,45,35,0,0,55,51,0,26,0,0,0,7,0,32,86,85,0,45,7
l17,12=0,7,51,0,0,70,72,11,78,63,85,52,65,52,91,0,95,85,0,89,88,57,36,40,59,56,64,56,0,0,42,47,0,0,0,0,0,0,11,15,23,28,62,47,36
l18,12=31,25,59,0,0,71,82,4,74,63,51,48,60,48,88,0,83,89,85,0,93,71,79,45,84,75,69,65,0,0,48,15,67,66,0,36,0,0,58,66,80,81,72,50,48
l19,12=0,0,32,0,0,37,32,0,56,54,79,54,80,34,91,0,88,90,85,92,0,66,0,81,86,82,73,50,0,0,43,34,0,40,0,0,0,0,25,44,77,3,73,47,37
l20,12=0,0,1,0,0,0,0,5,58,63,56,45,42,0,61,0,59,54,65,86,67,0,92,83,79,82,62,80,0,0,0,0,0,73,0,0,64,58,69,58,53,30,73,67,56
l21,12=0,0,0,0,0,0,0,0,59,0,57,6,73,67,0,0,71,0,70,85,1,81,0,83,85,76,71,80,0,0,0,0,2,70,0,0,0,0,66,0,0,0,72,35,26
l22,12=0,0,0,0,0,0,0,6,68,64,66,29,68,50,68,0,0,67,69,72,72,79,73,0,87,82,73,80,0,0,0,0,70,79,0,68,71,40,74,73,0,63,72,79,63
l23,12=0,0,0,0,0,20,54,18,55,61,36,29,72,34,42,0,71,63,75,85,89,73,74,84,0,83,76,71,0,0,31,0,67,64,0,60,8,0,65,57,52,63,81,83,70
l24,12=0,5,0,0,0,0,5,5,59,60,58,33,75,41,65,0,60,58,76,85,87,76,64,83,87,0,76,79,0,0,37,27,71,67,0,30,30,0,63,51,61,49,82,25,77
l25,12=0,0,0,0,0,0,0,6,53,51,32,39,39,58,69,0,57,48,65,69,77,57,59,83,87,83,0,74,0,0,0,28,68,66,0,45,38,3,59,52,0,56,79,83,64
l26,12=0,0,0,0,0,0,0,19,61,63,55,50,60,62,61,0,59,57,64,70,61,79,74,84,72,74,66,0,0,0,0,27,69,67,0,66,68,65,69,49,30,60,66,65,61
l27,12=0,2,2,45,36,0,46,0,0,50,17,19,30,16,45,0,75,90,44,42,44,0,0,0,11,24,0,0,0,0,0,81,43,37,0,36,21,67,60,81,90,72,0,13,0
l28,12=2,24,33,52,35,42,0,0,7,0,27,19,23,0,53,0,65,90,47,11,36,0,0,0,0,17,48,9,0,0,89,0,28,24,0,31,33,0,83,50,86,87,36,0,0
l29,12=0,0,0,0,0,0,0,0,0,0,0,0,0,0,0,0,0,0,0,62,0,0,0,65,72,66,63,71,0,0,47,42,0,86,0,80,82,86,83,81,73,81,33,31,0
l30,12=0,0,0,0,21,0,0,0,0,0,0,0,0,0,0,0,28,44,0,49,44,65,52,57,37,51,64,58,0,0,57,24,82,0,0,77,82,86,83,81,80,81,0,17,22
l31,12=0,0,0,0,0,0,0,0,0,0,0,0,0,0,0,0,0,0,0,51,0,0,0,74,72,43,49,69,0,0,66,45,82,92,0,0,84,90,81,75,71,81,11,4,0
l32,12=0,0,0,0,0,0,0,0,0,0,0,0,0,0,0,0,0,0,0,0,0,56,0,67,38,56,51,44,0,0,39,56,82,86,0,80,0,90,83,78,70,78,0,0,0
l33,12=0,0,0,0,0,0,0,0,0,0,0,0,0,0,0,0,0,0,0,0,0,15,0,0,0,0,0,37,0,0,48,0,82,84,0,80,84,0,83,79,73,76,0,0,0
l34,12=0,0,0,0,0,20,0,0,0,0,0,0,0,0,29,0,0,0,15,36,6,67,58,45,45,46,62,77,0,0,73,75,82,86,0,76,82,86,0,84,86,86,0,12,11
l35,12=0,0,0,0,0,0,0,0,0,0,0,0,0,0,0,0,41,55,28,43,42,42,0,45,30,40,47,28,0,0,78,75,82,86,0,72,82,86,83,0,90,89,0,6,0
l36,12=0,0,0,17,0,0,5,0,0,0,0,0,11,0,37,0,0,85,30,49,54,36,0,0,23,46,0,7,0,0,84,55,64,85,0,46,47,83,83,85,0,89,0,0,0
l37,12=0,0,0,0,8,0,0,0,0,0,3,0,0,0,37,0,0,78,35,74,7,26,0,34,37,39,60,53,0,0,74,75,82,87,0,76,82,84,83,85,90,0,0,1,0
l38,12=0,0,0,0,0,0,0,0,0,0,0,0,0,0,76,0,32,0,66,40,52,68,38,75,78,79,71,73,0,0,0,1,0,0,0,0,0,0,0,0,0,0,0,86,86
l39,12=0,0,0,0,0,0,0,0,2,0,19,31,0,37,71,0,61,63,62,64,45,56,0,77,83,10,70,55,0,0,33,0,56,21,0,0,0,0,1,0,0,0,89,0,80
l40,12=0,0,0,0,0,0,0,0,0,0,0,0,2,0,68,0,43,42,57,71,60,53,0,72,77,78,66,70,0,0,0,0,0,2,0,0,0,0,0,0,0,0,87,85,0
l41,12=0,0,0,0,0,0,43,0,46,51,37,0,35,36,43,0,71,69,76,89,75,65,53,76,85,82,70,72,0,0,9,0,0,9,0,0,0,0,42,0,0,54,89,86,79
l42,12=0,0,0,0,0,0,0,0,0,0,0,0,24,0,0,0,30,0,44,79,70,65,16,82,82,76,72,73,0,0,0,0,59,53,0,31,0,0,63,49,0,29,87,85,86
l43,12=0,0,0,0,0,0,0,0,0,0,0,0,15,0,33,0,49,0,38,63,48,47,18,75,77,77,71,69,0,0,0,0,57,55,0,0,1,0,6,0,0,0,84,86,80
l44,12=0,0,0,0,0,0,0,0,0,0,50,0,0,0,58,0,54,42,0,78,67,74,40,81,81,81,70,71,0,0,0,0,58,55,0,0,7,0,0,0,4,0,88,85,81

l0,13=0,98,98,98,98,99,97,98,94,97,93,95,96,96,58,0,65,4,2,33,0,0,0,0,0,0,0,0,0,0,0,0,0,0,0,0,0,0,0,0,0,0,0,0,0
l1,13=98,0,98,98,98,99,97,98,97,93,91,92,97,93,49,0,55,73,80,25,0,0,0,0,0,0,0,0,0,0,15,29,0,0,0,0,0,0,0,0,0,0,0,0,0
l2,13=98,98,0,86,98,99,97,0,97,0,95,97,97,99,48,0,55,72,0,33,15,0,0,33,0,11,43,0,0,0,14,0,0,0,0,0,0,0,0,0,0,0,0,0,0
l3,13=98,98,92,0,98,99,97,97,80,90,81,97,97,49,64,0,71,64,0,0,0,0,0,0,0,0,0,0,0,0,58,52,0,0,0,0,0,0,0,0,0,0,0,0,0
l4,13=98,98,98,98,0,99,97,72,97,97,85,97,95,94,0,0,0,33,0,0,0,0,0,0,0,0,0,0,0,0,71,29,0,0,0,0,0,0,0,0,0,0,0,0,0
l5,13=98,98,98,98,98,0,97,99,93,95,97,91,97,99,47,0,41,71,81,27,0,0,0,0,0,0,0,0,0,0,50,29,0,0,0,0,0,0,0,0,14,0,0,0,0
l6,13=98,98,98,98,98,99,0,99,97,98,97,97,97,99,40,0,95,69,93,95,0,0,0,0,25,0,0,0,0,0,56,0,0,0,0,0,0,0,0,0,2,0,0,0,0
l7,13=98,98,11,98,96,99,97,0,97,98,96,97,97,99,97,0,95,0,94,95,0,16,8,84,87,82,75,32,0,0,0,28,0,0,0,0,0,0,0,0,0,0,0,60,0
l8,13=95,93,98,79,98,94,97,98,0,98,93,97,97,90,95,0,91,63,93,30,14,0,62,57,0,19,76,69,0,0,0,0,0,0,0,0,0,0,0,0,0,0,26,0,0
l9,13=93,93,2,82,95,92,94,86,95,0,95,97,97,99,92,0,94,77,93,35,22,51,3,53,32,30,67,80,0,0,69,24,0,0,0,0,0,0,0,0,0,0,0,50,0
l10,13=92,87,95,78,90,89,38,37,74,98,0,97,97,99,59,0,98,61,93,35,32,0,0,63,30,32,77,74,0,0,72,2,0,0,0,0,0,0,0,0,0,0,44,76,0
l11,13=93,93,95,89,95,81,94,98,96,98,95,0,97,99,92,0,83,63,93,34,21,53,0,48,28,0,78,81,0,0,66,29,0,0,0,0,0,0,0,0,0,0,0,88,0
l12,13=92,93,94,93,95,92,94,92,93,95,97,97,0,99,92,0,95,0,93,62,50,24,26,54,57,55,80,77,0,0,71,11,0,0,0,0,0,0,0,0,0,0,0,71,0
l13,13=93,93,96,55,95,86,95,97,80,98,96,97,97,0,92,0,97,49,93,28,17,16,58,51,31,33,77,52,0,0,9,22,0,0,0,0,0,0,0,0,0,0,1,90,0
l14,13=77,77,43,25,0,68,17,31,69,89,84,80,90,49,0,0,98,73,98,33,100,27,19,17,29,32,75,67,0,0,67,27,0,0,0,0,0,0,0,2,37,53,82,85,71
l15,13=78,89,82,81,0,61,71,93,80,95,97,92,97,94,97,0,0,92,98,96,93,53,85,63,53,56,78,83,0,0,82,37,0,2,0,0,0,0,0,1,50,33,73,83,73
l16,13=0,74,44,18,16,64,24,0,33,29,42,40,0,26,58,0,58,0,98,47,36,0,0,16,15,26,49,65,0,0,83,33,0,39,0,0,0,7,20,50,59,75,0,80,72
l17,13=0,69,0,0,0,69,34,32,65,89,85,82,96,56,97,0,98,83,0,99,100,54,63,59,29,31,76,79,0,0,72,29,0,0,0,0,0,0,0,50,52,6,82,87,83
l18,13=75,48,81,0,1,61,33,31,61,85,89,83,93,47,96,0,97,99,98,0,100,74,87,65,31,33,91,87,0,0,72,27,4,42,0,19,0,0,32,52,59,72,92,0,82
l19,13=0,0,20,0,0,0,0,1,51,88,93,63,96,47,97,0,98,99,98,99,0,54,74,74,95,95,91,79,0,0,84,27,0,9,0,0,0,0,15,53,60,65,91,94,82
l20,13=0,0,0,0,0,0,0,24,0,71,0,81,73,27,80,0,80,0,79,96,86,0,98,92,92,95,82,90,0,0,0,0,29,76,0,0,42,47,79,63,23,52,91,82,54
l21,13=0,0,0,0,0,0,0,51,79,14,0,0,85,88,77,0,91,0,90,89,91,97,0,90,95,88,90,88,0,0,0,0,62,32,0,62,0,0,76,0,0,0,89,0,91
l22,13=0,0,0,0,0,0,0,59,73,61,81,59,67,68,40,0,71,57,82,86,94,94,89,0,95,93,92,89,0,0,0,0,32,54,0,68,77,33,74,75,13,51,90,92,83
l23,13=0,0,0,0,0,0,29,68,0,66,66,57,82,64,74,0,87,56,94,83,99,93,94,92,0,95,93,87,0,0,0,11,77,54,0,65,0,0,86,60,64,77,97,97,93
l24,13=0,0,2,0,0,0,0,53,44,69,88,0,90,81,94,0,92,70,94,92,99,94,81,92,95,0,93,87,0,0,54,20,43,70,0,66,53,0,47,47,72,59,94,95,94
l25,13=0,0,3,0,0,0,0,34,53,52,65,68,69,59,91,0,44,42,73,94,98,42,80,91,95,95,0,75,0,0,44,0,72,41,0,78,43,29,36,37,36,49,97,97,85
l26,13=0,0,0,0,0,0,0,34,67,62,66,71,68,59,63,0,79,67,71,96,66,97,95,92,94,92,81,0,0,0,51,0,80,76,0,88,79,29,89,73,0,51,92,91,88
l27,13=0,1,0,21,34,55,26,0,0,42,58,36,51,8,62,0,57,99,97,33,33,0,0,0,0,21,57,41,0,0,0,94,16,40,0,46,29,1,21,55,63,63,0,0,0
l28,13=0,76,0,30,27,75,0,15,0,34,3,50,32,42,62,0,53,83,98,32,27,0,0,0,14,26,0,0,0,0,100,0,16,44,0,48,40,14,24,50,62,68,11,23,1
l29,13=0,0,0,0,0,0,0,0,0,0,0,0,0,0,0,0,0,0,0,5,0,18,19,43,77,73,77,76,0,0,67,22,0,93,0,92,92,95,94,92,92,16,17,36,0
l30,13=0,0,0,0,0,0,0,0,0,0,0,0,0,0,0,0,15,72,0,70,11,28,8,20,57,77,71,80,0,0,66,47,85,0,0,92,92,95,94,93,92,92,20,15,0
l31,13=0,0,0,0,0,0,0,0,0,0,0,0,0,0,0,0,0,0,0,16,0,1,6,42,67,38,75,70,0,0,75,69,85,93,0,0,93,95,94,77,83,91,0,0,0
l32,13=0,0,0,0,0,0,0,0,0,0,0,0,0,0,0,0,0,0,0,0,0,23,0,37,2,61,71,70,0,0,63,71,85,90,0,92,0,95,94,93,77,92,0,0,0
l33,13=0,0,0,0,0,0,0,0,0,0,0,0,0,0,0,0,0,61,0,0,0,64,0,32,0,0,69,41,0,0,0,60,85,85,0,92,93,0,94,85,84,75,0,0,0
l34,13=0,0,0,0,0,1,0,0,0,0,0,0,0,0,0,0,0,74,0,36,18,28,20,43,87,71,72,84,0,0,77,82,85,93,0,92,93,95,0,93,99,98,0,16,19
l35,13=0,0,0,0,0,12,0,0,0,0,0,0,0,0,17,0,3,72,63,84,25,18,0,42,51,25,64,72,0,0,92,56,85,83,0,52,77,69,94,0,99,98,17,27,0
l36,13=0,0,0,0,0,43,2,0,0,0,0,0,24,1,44,0,39,81,75,34,35,0,0,3,29,29,50,0,0,0,100,21,53,54,0,54,43,19,94,93,0,98,0,0,0
l37,13=0,0,0,0,17,0,0,0,0,0,0,0,0,0,67,0,33,95,50,89,46,17,0,26,85,47,64,62,0,0,93,91,73,93,0,92,93,31,94,93,99,0,0,19,0
l38,13=0,0,0,0,0,0,0,0,0,0,0,0,0,0,82,0,27,0,74,95,38,93,19,90,95,92,92,87,0,0,0,0,0,0,0,0,0,0,0,0,0,0,0,98,96
l39,13=0,0,0,0,0,0,0,7,0,0,60,67,64,45,87,0,39,71,78,7,25,48,0,85,95,85,92,81,0,0,0,14,18,8,0,0,0,0,15,33,0,1,97,0,96
l40,13=0,0,0,0,0,0,0,0,0,0,0,0,0,0,78,0,34,83,78,81,53,0,61,80,88,86,83,84,0,0,0,0,0,0,0,0,0,0,0,0,0,0,97,97,0
l41,13=0,0,0,0,0,0,0,0,0,0,81,0,81,38,43,0,86,95,96,96,99,65,65,90,95,92,90,86,0,0,47,3,15,0,0,0,0,0,29,0,38,53,97,99,96
l42,13=0,0,0,0,0,0,0,0,0,0,0,0,0,0,84,0,42,21,0,96,54,88,58,90,95,90,92,85,0,0,0,0,0,37,0,0,32,0,38,0,0,0,97,97,92
l43,13=0,0,0,0,0,0,0,0,0,0,0,0,19,0,73,0,69,0,35,84,78,89,59,89,90,87,91,84,0,0,0,0,53,42,0,0,57,0,1,0,0,0,97,97,92
l44,13=0,0,0,0,0,0,0,0,0,0,30,0,21,0,82,0,55,32,0,5,88,88,0,85,95,88,80,82,0,0,0,0,0,36,0,0,0,0,0,0,47,38,97,97,96

l0,14=0,100,100,100,100,100,100,100,100,95,99,100,93,99,97,0,91,84,0,70,0,0,0,0,0,0,0,0,0,0,97,0,0,0,0,0,0,0,0,0,0,0,0,0,0
l1,14=100,0,100,100,100,100,100,100,100,100,98,100,100,100,69,0,96,87,94,69,0,0,0,0,0,0,0,0,0,0,92,56,0,0,0,0,0,0,0,0,0,0,0,0,0
l2,14=100,100,0,100,100,100,100,100,100,100,100,100,100,100,100,0,97,88,85,99,0,0,0,0,0,0,0,0,0,0,11,0,0,0,0,0,0,0,0,0,0,0,0,0,0
l3,14=100,100,100,0,100,100,100,100,100,100,98,70,64,67,38,0,54,79,90,0,0,0,0,0,0,0,0,0,0,0,97,52,0,0,0,0,0,0,0,0,0,0,0,0,0
l4,14=100,100,94,100,0,100,100,100,100,100,93,99,66,100,96,0,49,77,89,0,0,0,0,0,0,0,0,0,0,0,96,0,0,0,0,0,0,0,0,0,24,0,0,0,0
l5,14=100,100,100,100,100,0,100,100,100,100,100,100,71,100,100,0,44,67,95,68,15,0,0,0,0,0,0,0,0,0,100,57,0,0,0,0,0,0,0,0,0,1,0,0,0
l6,14=100,100,100,100,100,100,0,100,100,100,98,100,100,100,0,0,97,56,98,99,0,0,0,0,0,0,0,0,0,0,25,0,0,0,0,0,0,0,0,0,0,0,0,1,0
l7,14=100,100,100,99,100,100,100,0,100,100,100,100,100,100,100,0,97,0,98,97,91,0,0,100,79,35,61,0,0,0,0,0,0,0,0,0,0,0,0,0,0,0,0,59,0
l8,14=100,100,100,61,100,100,100,100,0,100,100,100,100,100,100,0,97,87,98,79,0,48,0,100,74,55,74,99,0,0,0,0,0,0,0,0,0,0,0,0,0,0,0,81,0
l9,14=93,100,100,62,100,100,100,100,100,0,100,100,100,100,100,0,97,85,76,99,0,48,0,83,73,54,53,95,0,0,84,0,0,0,0,0,0,0,0,0,0,0,0,80,0
l10,14=100,84,62,59,100,100,100,100,100,100,0,100,100,100,93,0,97,88,98,73,59,19,0,98,79,62,60,84,0,0,93,49,0,0,0,0,0,0,0,0,68,0,92,83,0
l11,14=100,84,100,60,100,100,100,100,100,100,100,0,100,100,100,0,97,82,98,99,58,49,0,79,74,55,57,99,0,0,0,45,0,0,0,0,0,0,0,0,0,0,0,82,0
l12,14=85,100,100,58,99,99,100,100,100,100,100,100,0,100,100,0,97,79,98,98,58,44,72,85,100,100,54,0,0,0,79,49,0,0,0,0,0,0,0,0,0,0,76,88,0
l13,14=99,99,100,60,100,100,100,100,100,100,100,100,100,0,100,0,97,84,98,73,56,30,0,0,79,61,53,94,0,0,85,0,0,0,0,0,0,0,0,0,0,0,0,95,36
l14,14=68,16,55,0,89,92,0,88,99,90,61,65,63,56,0,0,97,86,98,97,100,17,0,89,73,57,53,88,0,0,87,53,0,43,0,0,0,0,0,56,88,86,84,86,61
l15,14=89,80,41,44,91,85,96,100,100,100,99,70,100,67,100,0,0,81,98,73,60,57,0,97,40,60,57,99,0,0,100,55,0,0,0,0,0,0,0,33,0,0,78,91,63
l16,14=63,42,21,16,89,53,12,4,82,87,47,43,45,43,100,0,32,0,98,99,60,0,0,89,73,22,22,86,0,0,100,58,15,32,0,0,0,0,1,73,97,61,82,91,0
l17,14=0,63,15,40,87,92,94,99,100,81,99,100,100,66,100,0,97,100,0,99,100,0,76,100,80,100,52,88,0,0,99,64,0,1,0,0,0,0,50,0,13,85,93,91,63
l18,14=63,71,55,0,17,74,90,88,95,97,97,69,63,61,98,0,56,100,98,0,99,91,90,99,99,60,98,98,0,0,98,58,28,0,0,0,29,0,55,74,96,99,98,97,70
l19,14=0,0,0,0,0,91,0,99,0,0,98,70,64,62,100,0,97,100,98,99,0,60,59,100,100,100,63,99,0,0,100,59,0,0,0,0,0,0,0,85,97,95,99,98,71
l20,14=0,0,0,0,0,0,0,0,91,91,35,92,91,75,88,0,95,61,0,97,93,0,100,100,99,97,97,100,0,0,0,0,91,98,0,0,90,90,98,91,0,92,98,97,94
l21,14=0,0,0,0,0,0,0,2,0,2,0,0,98,0,58,0,0,0,94,97,90,100,0,99,99,97,98,99,0,0,0,0,98,0,0,63,1,0,88,0,0,0,96,0,94
l22,14=0,0,0,0,0,0,0,91,99,81,98,65,90,0,96,0,95,92,94,97,99,97,97,0,100,100,100,100,0,0,0,49,98,92,0,91,98,90,91,92,80,86,98,97,98
l23,14=0,0,0,0,0,0,0,72,80,87,97,90,98,96,98,0,0,98,94,97,99,97,97,100,0,100,100,98,0,0,80,84,98,98,0,98,81,81,96,18,11,98,98,97,98
l24,14=0,0,0,0,0,0,2,78,81,90,98,62,98,65,98,0,95,74,94,97,99,98,97,100,100,0,100,99,0,0,89,46,60,74,0,89,98,3,61,79,93,99,98,97,98
l25,14=0,0,0,0,0,0,0,78,98,81,98,93,89,70,97,0,93,95,93,97,99,87,97,99,100,100,0,98,0,0,0,0,98,96,0,98,90,87,81,74,80,90,98,97,98
l26,14=0,0,0,0,0,0,0,0,99,97,92,99,38,90,98,0,95,91,94,97,96,100,97,100,99,97,98,0,0,0,76,0,98,98,0,98,98,94,98,97,90,90,98,97,98
l27,14=69,42,0,61,100,81,34,0,0,87,74,0,63,44,100,0,58,100,98,71,60,0,0,0,74,50,0,68,0,0,0,97,46,64,0,93,61,59,62,86,97,100,54,95,0
l28,14=0,44,0,20,0,70,0,21,0,0,58,46,54,0,100,0,58,87,98,52,42,0,0,78,73,23,0,0,0,0,100,0,32,53,0,96,61,49,53,67,57,72,89,21,0
l29,14=0,0,0,0,0,0,0,0,0,0,0,0,0,0,0,0,0,71,0,33,0,51,86,99,99,97,98,98,0,0,98,88,0,100,0,100,100,100,100,100,97,100,0,87,33
l30,14=0,0,0,0,0,0,0,0,0,0,0,0,0,0,95,0,0,82,50,19,0,91,0,93,99,97,98,98,0,0,98,57,100,0,0,100,100,99,100,99,97,100,85,69,28
l31,14=0,0,0,0,0,0,0,0,0,0,0,0,0,0,0,0,0,49,0,0,0,0,12,84,99,85,97,98,0,0,65,59,100,100,0,0,100,100,100,97,97,100,83,0,0
l32,14=0,0,0,0,0,0,0,0,0,0,0,0,0,0,0,0,0,0,0,12,0,91,0,99,91,95,98,100,0,0,70,66,100,100,0,100,0,100,100,100,65,100,0,0,0
l33,14=0,0,0,0,0,0,0,0,0,0,0,0,0,0,0,0,0,0,0,0,0,75,0,91,89,0,99,96,0,0,100,45,100,100,0,100,100,0,100,100,97,97,0,0,0
l34,14=0,0,0,0,0,0,0,0,0,0,0,0,0,0,0,0,0,28,72,61,0,78,34,92,99,97,98,99,0,0,98,52,100,100,0,100,100,94,0,100,97,100,7,0,0
l35,14=0,0,0,0,0,7,0,0,0,0,0,0,0,0,98,0,43,100,0,63,59,75,0,100,76,87,60,99,0,0,100,56,100,74,0,97,90,97,100,0,97,100,2,97,0
l36,14=0,0,0,0,90,18,0,0,0,0,45,0,0,0,100,0,0,100,50,63,43,0,0,89,58,62,60,89,0,0,100,43,63,74,0,97,37,97,100,100,0,100,0,95,0
l37,14=0,0,0,0,0,32,0,0,0,0,0,0,0,0,98,0,0,100,94,63,41,51,0,92,100,98,60,98,0,0,100,97,100,100,0,100,100,59,100,100,97,0,63,0,1
l38,14=0,0,0,0,0,0,0,0,0,0,80,0,80,0,85,0,30,86,81,97,88,89,51,86,99,96,98,96,0,0,0,78,0,30,0,9,0,0,0,0,0,0,0,99,98
l39,14=0,0,0,0,0,0,0,55,58,1,54,56,53,56,92,0,50,77,80,97,51,77,0,84,88,96,98,84,0,0,84,0,55,1,0,0,0,0,0,64,67,0,99,0,98
l40,14=0,0,0,0,0,0,0,0,0,0,0,0,0,0,91,0,90,0,91,93,93,94,37,93,95,96,95,94,0,0,0,0,6,0,0,0,0,0,0,0,0,0,98,97,0
l41,14=0,0,0,0,0,0,32,0,0,56,84,63,88,0,94,0,91,98,89,97,99,14,0,98,99,97,98,94,0,0,85,44,53,0,0,0,0,0,0,0,84,86,98,98,98
l42,14=0,0,0,0,0,0,0,0,0,0,0,0,11,0,94,0,0,0,93,97,62,96,96,99,99,97,98,95,0,0,0,2,57,63,0,0,84,0,0,0,0,0,98,97,98
l43,14=0,0,0,0,0,0,0,0,0,0,6,0,22,0,77,0,46,78,0,83,86,95,67,99,96,97,98,97,0,0,0,0,77,86,0,87,70,0,73,76,0,13,98,97,97
l44,14=0,0,0,0,0,0,0,0,0,0,1,0,69,0,88,0,90,1,58,95,93,95,72,94,99,96,97,94,0,0,0,0,0,72,0,0,0,0,29,0,42,79,98,97,98

l0,15=0,100,100,100,100,100,100,100,100,100,98,99,100,100,64,0,60,90,92,88,0,0,0,0,0,0,0,0,0,0,96,10,0,0,0,0,0,0,0,0,0,0,0,0,0
l1,15=100,0,100,100,100,100,100,100,100,100,98,99,100,100,80,0,100,100,97,93,0,0,0,0,0,0,0,0,0,0,93,0,0,0,0,0,0,0,0,0,1,0,0,0,0
l2,15=100,100,0,100,100,100,100,100,100,100,73,99,100,100,93,0,100,96,98,94,0,0,0,0,0,0,0,0,0,0,99,0,0,0,0,0,0,0,0,0,0,0,0,0,0
l3,15=100,100,100,0,100,99,100,100,100,100,98,69,100,89,62,0,0,96,100,8,0,0,0,0,0,0,0,0,0,0,100,78,0,0,0,0,0,0,0,0,0,0,0,0,0
l4,15=100,100,100,100,0,100,100,100,100,99,74,70,100,100,60,0,61,64,16,90,0,0,0,0,0,0,0,0,0,0,99,69,0,0,0,0,0,0,0,0,0,0,0,0,0
l5,15=100,100,100,100,100,0,100,100,60,100,75,71,100,100,62,0,62,91,99,9,60,0,0,0,0,0,0,0,0,0,97,78,0,0,0,0,0,0,0,0,58,0,0,0,0
l6,15=100,100,100,100,100,100,0,100,100,100,98,99,100,100,100,0,100,100,98,100,0,51,0,0,0,0,0,0,0,0,98,0,0,0,0,0,0,0,0,0,0,0,0,0,0
l7,15=100,100,100,100,100,100,100,0,100,100,98,99,100,100,100,0,100,100,100,100,99,98,0,98,0,97,97,99,0,0,0,0,0,0,0,0,0,0,0,0,0,0,0,0,0
l8,15=100,100,100,100,100,100,100,100,0,100,98,99,100,100,100,0,100,85,100,100,61,56,0,97,79,0,99,97,0,0,0,68,0,0,0,0,0,0,0,0,0,0,0,0,0
l9,15=100,100,100,100,99,100,100,100,100,0,98,99,100,100,100,0,100,93,100,100,56,57,0,92,2,58,58,100,0,0,72,0,0,0,0,0,0,0,0,0,0,0,0,32,0
l10,15=98,98,91,98,97,100,94,95,100,100,0,99,100,100,65,0,61,93,100,94,58,0,0,96,71,92,63,83,0,0,83,0,0,0,0,0,0,0,0,0,52,1,86,85,80
l11,15=100,100,100,98,97,100,100,100,100,100,98,0,100,100,100,0,100,89,100,100,100,58,0,0,89,56,59,84,0,0,97,76,0,0,0,0,0,0,0,0,0,0,0,0,0
l12,15=100,100,99,100,99,100,100,100,100,100,98,99,0,100,61,0,100,96,100,92,61,56,74,87,100,99,61,0,0,0,84,14,0,0,0,0,0,0,0,0,0,0,0,68,0
l13,15=100,100,96,98,99,100,100,100,100,100,98,99,100,0,98,0,100,94,99,100,57,57,0,92,71,60,11,96,0,0,86,75,0,0,0,0,0,0,0,0,0,0,0,0,0
l14,15=89,74,92,54,91,89,79,56,60,89,65,68,98,84,0,0,100,96,100,98,62,3,0,89,67,59,58,88,0,0,91,78,0,45,0,0,0,0,0,47,57,21,89,98,82
l15,15=84,100,92,0,94,100,83,59,60,90,68,70,100,89,100,0,0,94,100,94,62,57,74,89,70,58,62,90,0,0,100,78,0,42,0,0,0,0,0,17,51,31,87,95,86
l16,15=73,88,83,58,34,80,63,37,56,88,72,65,100,88,94,0,61,0,100,100,91,42,0,89,72,57,53,55,0,0,100,99,37,43,0,3,0,0,57,80,62,59,57,60,61
l17,15=72,85,82,84,56,89,80,97,100,94,98,99,100,85,100,0,100,100,0,100,100,59,69,86,100,99,59,87,0,0,99,89,0,0,0,0,0,0,0,0,58,49,97,95,83
l18,15=75,88,89,0,87,59,77,59,59,95,71,70,100,88,99,0,61,100,100,0,99,75,86,98,99,61,98,96,0,0,99,77,26,50,0,40,0,0,98,84,62,54,97,98,96
l19,15=0,0,0,0,0,90,59,59,59,83,66,70,100,81,100,0,100,100,100,100,0,60,34,98,99,99,98,57,0,0,99,77,33,0,0,0,0,0,97,85,62,58,97,98,96
l20,15=0,0,0,0,0,0,60,94,59,71,0,82,92,86,12,0,90,72,95,100,96,0,99,99,97,99,91,100,0,0,0,0,89,89,0,0,91,91,97,88,0,72,94,98,95
l21,15=0,0,0,0,0,0,0,73,0,6,0,0,94,31,0,0,91,0,95,98,39,100,0,98,99,96,97,100,0,0,0,0,87,0,0,0,85,0,0,0,0,0,92,95,32
l22,15=0,0,0,0,0,0,0,57,72,88,88,0,94,56,90,0,91,83,95,98,97,99,91,0,100,99,99,100,0,0,0,0,96,41,0,68,97,93,97,78,45,55,93,95,82
l23,15=0,0,0,0,0,0,0,0,81,0,87,86,98,85,98,0,93,97,98,96,98,96,96,98,0,99,99,99,0,0,84,86,90,91,0,94,0,70,83,93,51,85,98,98,96
l24,15=0,0,0,0,0,0,0,81,1,90,93,64,99,94,99,0,93,94,100,98,99,98,96,98,100,0,99,99,0,0,94,79,88,88,0,90,95,0,95,93,96,96,98,98,95
l25,15=0,0,0,0,0,0,0,32,89,58,86,37,93,15,90,0,90,92,94,98,99,90,87,98,100,99,0,92,0,0,0,0,88,48,0,81,95,64,81,84,55,50,97,98,95
l26,15=0,0,0,0,0,0,0,91,92,90,81,53,0,92,87,0,93,95,94,90,15,100,98,98,99,98,98,0,0,0,0,0,93,88,0,89,95,92,95,93,93,40,96,94,95
l27,15=93,99,90,99,100,100,79,0,0,19,63,70,100,87,62,0,62,100,100,94,62,0,0,0,72,59,1,0,0,0,0,99,60,58,0,100,98,97,100,86,64,59,0,98,0
l28,15=34,0,0,63,61,94,0,0,53,0,0,70,95,81,62,0,51,100,61,94,62,0,0,0,72,59,0,0,0,0,100,0,41,48,0,100,100,62,64,62,62,59,61,53,0
l29,15=0,0,0,0,0,0,0,0,0,0,0,0,0,0,0,0,0,57,0,36,1,100,85,99,100,93,99,100,0,0,82,99,0,100,0,100,100,99,100,100,100,100,60,54,0
l30,15=0,0,0,0,0,0,0,0,0,0,0,0,0,0,87,0,60,92,0,87,0,98,0,81,99,94,87,93,0,0,86,94,100,0,0,100,100,99,100,100,100,100,9,0,57
l31,15=0,0,0,0,0,0,0,0,0,0,0,0,0,0,0,0,0,35,0,62,0,0,0,81,90,68,82,93,0,0,85,92,100,100,0,0,100,99,100,100,100,100,22,1,0
l32,15=0,0,0,0,0,0,0,0,0,0,0,0,0,0,0,0,0,0,0,0,0,86,42,94,0,88,91,78,0,0,84,95,100,100,0,100,0,99,100,100,100,100,0,2,0
l33,15=0,0,0,0,0,0,0,0,0,0,0,0,0,0,0,0,0,0,0,0,0,84,0,83,66,0,82,93,0,0,85,90,100,98,0,100,100,0,100,89,92,88,0,0,0
l34,15=0,0,0,0,0,0,0,0,0,0,0,0,0,0,0,0,0,56,0,100,59,100,0,99,91,95,82,63,0,0,92,83,100,100,0,100,100,99,0,100,100,100,14,0,0
l35,15=0,0,0,0,0,0,0,0,0,0,0,0,0,0,56,0,16,63,0,100,61,59,0,98,100,92,82,62,0,0,92,59,100,100,0,100,100,64,100,0,100,100,0,57,0
l36,15=0,0,0,0,53,91,0,0,0,0,58,0,0,0,89,0,64,63,61,100,100,0,0,94,84,99,81,61,0,0,92,59,62,100,0,100,100,64,100,100,0,100,0,55,0
l37,15=0,0,0,0,0,0,0,0,0,0,0,2,0,0,45,0,47,88,56,84,100,54,0,92,64,99,54,56,0,0,100,99,100,100,0,100,100,64,100,100,100,0,0,0,0
l38,15=0,0,0,0,0,0,0,0,0,0,46,0,0,0,61,0,64,65,91,90,63,83,65,86,97,96,91,89,0,0,0,46,43,0,0,0,0,0,2,0,0,0,0,99,97
l39,15=0,0,0,0,0,0,0,0,0,0,41,0,61,0,86,0,81,84,82,95,87,78,65,77,99,96,98,77,0,0,68,33,35,0,0,0,0,0,0,41,40,0,100,0,96
l40,15=0,0,0,0,0,0,0,0,0,0,42,0,0,0,64,0,87,85,62,86,88,87,0,79,98,93,89,91,0,0,0,0,0,32,0,0,0,0,0,0,0,0,98,98,0
l41,15=0,0,0,0,0,0,0,0,0,0,79,52,88,86,99,0,88,100,100,97,99,78,0,89,99,98,98,95,0,0,80,0,3,0,0,5,0,0,78,0,70,0,98,99,96
l42,15=0,0,0,0,0,0,0,0,0,0,0,0,66,0,54,0,61,70,65,88,60,84,71,94,99,98,79,85,0,0,0,0,62,61,0,35,1,0,0,0,5,0,98,98,96
l43,15=0,0,0,0,0,0,0,0,0,0,0,0,0,0,58,0,33,66,63,62,61,65,64,92,68,94,97,87,0,0,0,0,52,62,0,59,0,0,70,62,0,0,96,95,95
l44,15=0,0,0,0,0,0,0,0,0,0,0,0,62,0,55,0,61,0,0,88,57,89,59,87,99,94,98,86,0,0,0,0,57,4,0,0,0,0,0,0,46,0,98,94,96

