l0,0=0,91,90,90,86,88,88,89,88,86,86,88,89,87,68,0,75,0,75,52,0,0,0,0,0,0,0,0,0,0,76,77,0,0,0,0,0,0,0,0,20,0,0,0,0
l1,0=87,0,90,90,85,88,89,89,89,83,76,88,88,92,0,0,0,0,21,13,41,0,0,0,0,2,0,0,0,0,43,57,0,0,0,0,0,0,0,0,3,0,0,0,0
l2,0=89,92,0,89,76,88,89,94,91,86,86,88,89,92,64,0,85,57,41,48,71,24,0,0,0,0,51,0,0,0,22,54,0,0,0,0,0,0,0,0,0,0,0,1,0
l3,0=89,92,90,0,86,87,89,69,90,0,80,88,86,65,20,0,82,50,27,26,0,0,0,0,0,0,0,0,0,0,80,62,0,0,0,0,0,0,0,0,0,3,0,0,0
l4,0=89,92,82,90,0,88,89,89,88,85,82,82,84,92,66,0,73,0,19,0,0,0,0,0,0,0,0,0,0,0,76,56,0,0,0,0,0,0,0,0,0,0,0,0,0
l5,0=88,92,90,89,86,0,86,92,40,76,83,86,88,53,55,0,68,0,21,3,67,0,0,0,0,0,0,0,0,0,43,57,0,0,0,0,0,0,0,0,71,6,0,0,0
l6,0=88,92,90,90,86,87,0,94,91,92,86,88,90,92,73,0,86,48,44,51,71,0,0,0,0,0,7,0,0,0,43,0,0,0,0,0,0,0,0,0,0,0,0,0,0
l7,0=88,92,89,41,86,87,89,0,91,92,86,88,90,92,89,0,86,2,83,83,81,0,55,66,74,81,77,0,0,0,31,0,0,0,0,0,0,0,0,0,0,0,0,13,0
l8,0=87,92,89,90,83,87,89,94,0,92,85,88,90,92,85,0,86,50,77,80,74,0,53,23,32,53,63,23,0,0,0,0,0,0,0,0,0,0,0,0,0,0,0,10,0
l9,0=88,91,89,0,83,87,89,90,91,0,85,89,90,92,87,0,86,46,23,20,71,65,0,26,32,61,53,0,0,0,25,44,0,0,0,0,0,0,0,0,0,0,0,1,0
l10,0=51,27,72,36,57,87,85,77,56,85,0,85,90,26,61,0,90,48,84,86,88,29,53,28,41,84,71,38,0,0,32,50,0,0,0,0,0,0,0,0,55,0,37,19,0
l11,0=84,91,89,75,46,87,85,91,91,92,84,0,90,92,86,0,86,51,19,75,76,57,18,0,36,0,60,36,0,0,0,41,0,0,0,0,0,0,0,0,0,0,0,0,0
l12,0=87,91,89,73,82,87,85,89,88,85,89,89,0,92,86,0,86,79,81,80,91,0,0,12,31,57,73,43,0,0,28,44,0,0,0,0,0,0,0,0,20,0,0,0,17
l13,0=46,92,89,48,86,87,89,94,91,92,77,89,90,0,92,0,86,64,85,32,82,62,15,28,0,71,0,1,0,0,4,44,0,0,0,0,0,0,0,0,0,0,0,5,0
l14,0=6,0,43,0,41,59,67,39,29,63,69,72,53,31,0,0,90,91,88,88,100,0,40,27,41,74,65,41,0,0,48,55,0,18,0,0,0,0,0,10,75,50,45,26,28
l15,0=18,0,57,39,42,42,74,77,32,64,89,89,44,92,95,0,0,39,88,30,96,83,54,30,41,88,79,44,0,0,48,0,2,0,0,0,0,0,0,4,74,0,41,27,2
l16,0=0,0,28,5,2,0,30,0,27,15,79,72,26,24,70,0,45,0,27,35,100,0,0,13,53,79,78,0,0,0,52,72,0,0,0,0,0,53,79,73,90,86,51,27,10
l17,0=23,13,45,35,35,65,70,43,29,62,88,56,28,50,98,0,90,93,0,79,100,79,0,26,54,75,77,41,0,0,46,50,0,0,0,0,0,0,0,0,49,65,42,26,28
l18,0=0,0,45,0,0,3,54,38,25,18,87,60,25,20,98,0,75,93,51,0,100,97,52,33,56,94,90,49,0,0,2,27,1,1,0,49,0,0,66,0,82,70,51,32,30
l19,0=0,0,45,0,0,60,59,38,25,63,87,80,55,26,98,0,90,93,88,89,0,78,49,31,56,94,86,40,0,0,52,78,0,24,0,0,0,0,0,35,93,72,0,28,32
l20,0=0,0,18,0,0,0,0,0,0,65,54,58,0,64,0,0,89,0,69,88,77,0,100,98,88,93,87,89,0,0,0,0,81,28,0,87,88,35,81,70,25,79,87,87,85
l21,0=0,0,0,0,0,0,0,72,86,0,79,4,0,0,67,0,88,0,0,88,77,100,0,96,91,90,87,89,0,0,0,0,0,85,0,0,73,0,75,70,0,0,0,0,89
l22,0=0,0,0,0,0,0,0,63,57,68,64,0,1,68,76,0,86,61,63,87,72,99,78,0,91,82,90,89,0,0,0,6,86,85,0,79,83,68,77,59,76,74,76,87,79
l23,0=0,0,0,0,0,0,0,30,17,37,69,66,11,0,64,0,76,80,78,85,88,91,90,98,0,94,90,84,0,0,0,21,22,19,0,51,0,0,76,62,81,87,84,91,90
l24,0=0,3,0,0,0,0,0,51,18,47,78,12,19,47,87,0,82,61,46,86,90,99,64,31,93,0,89,83,0,0,16,34,15,87,0,59,71,21,73,83,73,69,89,91,40
l25,0=0,0,32,0,0,0,4,51,35,40,67,55,67,0,57,0,81,49,71,88,77,91,85,99,93,94,0,83,0,0,23,0,88,76,0,78,77,63,4,78,61,76,90,91,90
l26,0=0,0,0,0,0,0,0,0,35,0,67,69,63,8,81,0,83,0,71,85,77,99,98,98,91,90,87,0,0,0,3,0,86,86,0,89,87,79,83,82,72,73,81,49,92
l27,0=0,11,14,17,50,40,23,7,0,6,41,0,12,0,64,0,84,93,24,24,86,0,0,0,0,0,32,0,0,0,0,89,3,34,0,66,0,63,71,89,89,92,0,0,15
l28,0=0,16,38,15,40,39,0,0,0,38,46,27,15,18,47,0,0,93,21,26,88,0,0,6,21,49,0,0,0,0,89,0,54,59,0,60,52,79,51,88,93,92,0,0,22
l29,0=0,0,0,0,0,0,0,0,0,0,0,0,0,0,0,0,14,19,0,45,0,91,1,98,41,24,87,85,0,0,75,88,0,96,0,100,100,99,98,96,93,96,0,1,21
l30,0=0,0,0,0,0,0,0,0,0,0,0,0,0,0,16,0,0,0,0,0,6,0,59,92,0,84,79,75,0,0,89,89,99,0,0,100,100,99,98,96,94,97,55,13,0
l31,0=0,0,0,0,0,0,0,0,0,0,0,0,0,0,0,0,0,3,0,45,0,92,0,61,18,46,55,86,0,0,83,35,99,96,0,0,100,99,98,96,94,97,0,0,0
l32,0=0,0,0,0,0,0,0,0,0,0,0,0,0,0,0,0,0,4,0,0,0,85,52,87,0,44,54,55,0,0,0,55,99,96,0,100,0,99,98,96,90,91,2,0,0
l33,0=0,0,0,0,0,0,0,0,0,0,0,0,0,0,0,0,0,23,0,0,0,0,0,69,0,0,54,48,0,0,31,34,99,96,0,100,100,0,98,92,92,24,0,0,0
l34,0=0,0,0,0,0,0,0,0,0,0,0,0,0,0,0,0,1,83,0,73,0,54,63,66,66,78,6,84,0,0,57,54,99,96,0,100,100,99,0,96,94,97,34,0,0
l35,0=0,0,0,0,0,0,0,0,0,0,0,0,0,0,0,0,8,80,0,1,20,36,47,18,33,88,83,39,0,0,89,57,99,95,0,100,99,99,98,0,94,97,11,0,0
l36,0=0,0,0,0,0,33,0,0,0,0,32,0,0,0,46,0,54,66,4,34,80,0,0,18,35,68,55,11,0,0,16,89,93,96,0,95,56,91,95,96,0,97,0,7,0
l37,0=0,0,0,0,0,28,0,0,0,0,0,0,0,0,43,0,26,92,44,78,75,52,0,56,89,73,84,32,0,0,89,89,98,96,0,99,95,74,98,96,94,0,48,0,0
l38,0=0,0,0,0,0,0,0,0,0,0,59,0,0,0,80,0,80,72,69,84,0,86,0,84,73,90,86,77,0,0,0,0,0,79,0,0,0,0,59,3,0,42,0,91,90
l39,0=0,0,0,0,0,0,0,12,10,0,55,0,0,0,86,0,73,66,60,85,70,80,0,89,90,90,87,42,0,0,0,0,0,33,0,0,0,0,0,0,46,0,90,0,90
l40,0=0,0,0,0,0,0,0,0,0,0,1,0,23,0,78,0,6,64,60,84,74,84,76,78,91,77,85,87,0,0,32,56,1,0,0,0,0,0,0,0,0,0,90,91,0
l41,0=0,0,0,0,0,0,0,0,0,38,69,0,23,29,88,0,83,76,86,88,93,0,58,93,93,92,87,81,0,0,73,27,34,0,0,0,0,0,0,14,60,54,93,94,92
l42,0=0,0,0,0,0,0,0,0,0,0,16,0,0,0,63,0,63,67,57,83,71,86,0,90,91,90,87,80,0,0,0,0,0,1,0,0,0,0,66,0,0,0,90,91,90
l43,0=0,0,0,0,0,0,0,0,0,0,37,0,0,0,36,0,43,43,57,77,42,83,68,87,86,91,85,85,0,0,0,0,66,70,0,9,74,0,63,0,0,0,90,91,91
l44,0=0,0,0,0,0,0,0,0,0,0,0,36,44,0,76,0,43,69,68,79,73,86,78,85,82,90,84,79,0,0,0,0,32,31,0,0,0,18,0,16,0,0,90,86,90

l0,1=0,91,90,92,90,87,88,88,76,85,76,78,70,82,32,0,68,44,0,26,0,0,0,0,0,0,0,0,0,0,74,68,0,0,0,0,0,0,0,0,2,0,0,0,0
l1,1=88,0,87,90,90,87,88,87,82,82,54,78,49,84,37,0,63,66,0,34,38,0,0,0,0,0,0,0,0,0,67,59,0,0,0,0,0,0,0,0,0,0,0,0,0
l2,1=89,91,0,87,88,87,88,94,84,88,70,79,71,87,68,0,71,70,39,0,35,0,0,0,0,36,15,0,0,0,31,48,0,0,0,0,0,0,0,0,0,0,0,0,0
l3,1=89,91,87,0,90,87,88,1,83,85,76,78,70,82,69,0,57,34,0,0,0,0,0,0,0,0,0,0,0,0,81,75,0,0,0,0,0,0,0,0,0,0,0,0,0
l4,1=89,91,87,92,0,87,83,82,46,81,53,78,70,82,29,0,29,50,0,5,0,0,0,0,0,0,0,0,0,0,67,0,0,0,0,0,0,0,0,0,0,0,0,0,0
l5,1=89,91,90,85,90,0,87,88,80,20,66,77,71,48,39,0,64,2,22,0,0,0,0,0,0,0,0,0,0,0,67,0,0,0,0,0,0,0,0,0,28,51,0,0,0
l6,1=89,91,90,89,81,87,0,94,84,52,76,76,70,76,41,0,77,70,48,39,41,0,0,0,0,0,0,0,0,0,67,49,0,0,0,0,0,0,0,0,0,0,0,0,0
l7,1=89,91,90,3,82,87,88,0,84,88,76,79,70,87,78,0,82,0,55,59,60,35,32,62,0,72,60,7,0,0,0,0,0,0,0,0,0,0,0,0,0,0,0,46,0
l8,1=72,91,90,87,68,87,88,94,0,88,72,79,70,87,77,0,79,66,60,70,35,52,32,53,43,49,57,12,0,0,42,38,0,0,0,0,0,0,0,0,0,0,0,0,0
l9,1=88,88,87,75,73,26,73,94,84,0,76,79,70,87,79,0,69,59,62,27,29,29,0,0,62,22,48,34,0,0,0,45,0,0,0,0,0,0,0,0,0,0,30,0,0
l10,1=80,62,72,66,59,82,80,82,77,85,0,78,71,82,38,0,85,75,68,80,77,30,55,6,3,79,69,62,0,0,61,46,0,12,0,0,0,0,0,0,0,0,55,40,59
l11,1=80,91,87,66,67,76,77,88,84,88,76,0,71,87,80,0,82,65,68,66,66,0,0,11,28,62,59,0,0,0,0,49,0,0,0,0,0,0,0,0,0,0,0,34,5
l12,1=66,48,87,64,80,87,85,85,75,85,81,79,0,87,80,0,82,72,68,70,72,34,0,20,32,66,63,57,0,0,39,39,0,0,0,0,0,0,0,0,0,0,0,0,0
l13,1=83,91,88,80,80,85,78,92,84,88,77,79,71,0,79,0,83,49,63,35,28,32,35,21,28,47,49,43,0,0,46,45,0,0,0,0,0,0,0,0,0,0,28,0,3
l14,1=32,35,65,62,34,34,51,68,40,44,42,74,66,74,0,0,85,77,75,82,88,51,36,37,37,40,62,50,0,0,71,60,0,0,0,0,0,0,33,0,31,50,75,80,66
l15,1=53,37,49,1,20,33,59,88,41,41,81,79,71,83,87,0,0,73,73,43,87,61,41,41,38,53,69,58,0,0,71,34,0,0,0,0,0,0,0,7,24,6,38,67,26
l16,1=8,42,62,0,23,2,23,0,22,20,51,62,32,5,36,0,70,0,52,50,54,33,0,22,33,33,39,33,0,0,84,90,0,60,0,0,39,7,36,3,21,58,65,0,48
l17,1=0,0,49,0,0,12,35,35,39,43,60,73,50,39,87,0,79,84,0,48,87,51,58,34,35,22,66,54,0,0,41,25,0,0,0,0,0,0,0,0,10,50,63,61,66
l18,1=0,26,0,0,17,0,28,28,37,12,53,64,46,35,82,0,71,86,53,0,87,76,49,14,84,86,86,74,0,0,68,75,9,0,0,23,0,0,49,32,27,66,79,76,42
l19,1=0,56,63,0,0,0,47,68,25,40,58,68,49,35,87,0,81,84,75,87,0,68,58,39,42,53,75,66,0,0,71,75,0,72,0,0,0,0,34,0,48,39,74,81,72
l20,1=0,0,0,0,0,0,0,58,67,57,44,1,54,57,62,0,72,41,50,79,75,0,93,84,82,90,86,92,0,0,39,0,71,71,0,70,71,49,77,45,49,60,77,79,85
l21,1=0,0,0,0,0,0,0,11,58,0,61,0,0,56,61,0,74,0,57,78,65,90,0,83,80,84,85,87,0,0,0,0,0,79,0,0,60,0,64,68,0,0,0,82,83
l22,1=0,0,0,0,0,0,0,65,63,0,11,32,50,39,69,0,69,57,57,62,62,79,75,0,82,77,86,88,0,0,0,0,74,84,0,69,67,41,70,75,66,68,77,78,39
l23,1=0,0,0,0,0,0,0,0,47,74,11,48,47,56,75,0,73,79,60,81,79,81,89,86,0,90,86,87,0,0,0,51,43,79,0,50,29,50,75,70,69,74,89,88,90
l24,1=0,2,50,0,0,0,0,66,60,13,64,64,60,64,74,0,77,76,47,81,77,83,87,82,84,0,86,86,0,0,18,58,60,66,0,0,34,21,56,80,70,64,90,82,88
l25,1=0,0,0,0,0,0,0,57,54,33,60,55,54,39,59,0,72,55,61,81,74,81,83,91,84,90,0,87,0,0,0,0,76,64,0,58,59,50,49,29,38,53,90,88,89
l26,1=0,0,0,0,0,0,0,39,20,28,61,0,55,44,59,0,67,65,56,77,74,83,89,86,80,84,85,0,0,0,0,0,76,85,0,72,74,68,79,77,32,61,79,78,90
l27,1=39,38,8,36,34,27,11,0,4,0,36,0,14,17,48,0,75,87,33,19,10,15,0,0,0,0,0,0,0,0,0,90,37,83,0,48,0,35,50,83,87,77,0,28,0
l28,1=38,35,28,37,0,0,10,0,10,15,19,44,13,18,41,0,43,88,17,51,49,0,0,0,11,34,0,0,0,0,92,0,68,82,0,70,52,32,59,48,87,83,0,12,37
l29,1=0,0,0,0,0,0,0,0,0,0,0,0,0,0,0,0,0,1,0,32,0,59,0,90,31,36,83,83,0,0,56,78,0,95,0,90,88,94,90,96,87,86,12,0,46
l30,1=0,0,0,0,0,0,0,0,0,0,0,0,0,0,0,0,0,18,0,0,6,35,27,81,37,26,33,84,0,0,89,63,84,0,0,90,88,91,90,96,87,88,15,29,0
l31,1=0,0,0,0,0,0,0,0,0,0,0,0,0,0,0,0,0,0,0,24,0,54,0,83,46,0,64,72,0,0,60,68,84,95,0,0,88,94,90,78,87,88,1,0,0
l32,1=0,0,0,0,0,0,0,0,0,0,0,0,0,0,0,0,0,18,0,0,0,48,19,41,22,13,65,63,0,0,0,41,84,95,0,90,0,94,90,96,66,78,0,0,0
l33,1=0,0,0,0,0,0,0,0,0,0,0,0,0,0,0,0,0,0,0,0,0,14,0,8,52,0,58,55,0,0,58,35,84,88,0,90,88,0,89,78,80,55,0,0,0
l34,1=0,0,0,0,0,0,0,0,0,0,0,0,0,0,22,0,0,75,0,64,14,73,35,66,72,36,69,85,0,0,80,78,84,95,0,90,88,94,0,96,87,88,50,10,0
l35,1=0,0,0,0,0,0,0,0,0,0,0,0,0,0,0,0,37,11,0,47,0,15,26,49,32,64,26,72,0,0,92,83,84,95,0,81,87,83,90,0,87,88,1,0,0
l36,1=0,0,0,0,0,22,0,0,0,0,0,0,0,0,41,0,56,34,25,25,41,30,0,19,17,34,31,33,0,0,92,89,78,93,0,84,53,54,87,91,0,87,0,0,0
l37,1=0,0,0,0,0,22,0,0,0,0,0,0,0,0,29,0,23,24,37,52,5,40,21,19,46,40,43,51,0,0,92,89,54,95,0,90,52,45,90,96,87,0,0,7,0
l38,1=0,0,0,0,0,0,0,0,0,0,43,0,0,0,78,0,55,69,61,79,66,68,0,83,76,87,83,77,0,0,0,0,17,67,0,0,0,0,63,0,0,0,0,88,90
l39,1=0,0,0,0,0,0,0,35,0,0,21,29,0,0,77,0,69,0,45,72,74,66,66,76,82,70,85,67,0,0,34,0,0,46,0,0,0,0,4,0,0,0,91,0,90
l40,1=0,0,0,0,0,0,0,0,0,0,41,1,0,0,70,0,14,55,59,56,70,77,69,14,81,87,81,86,0,0,0,21,27,0,0,0,0,0,0,0,0,0,90,87,0
l41,1=0,0,0,0,0,0,0,0,2,29,64,47,36,27,78,0,74,73,59,79,72,82,69,83,82,87,82,86,0,0,71,68,0,47,0,38,0,0,1,5,0,0,91,90,90
l42,1=0,0,0,0,0,0,0,0,0,0,0,0,0,0,58,0,57,63,46,77,18,54,0,84,82,88,85,84,0,0,0,0,42,53,0,0,23,0,8,0,0,0,90,88,90
l43,1=0,0,0,0,0,0,0,0,0,0,22,0,0,0,55,0,54,48,3,54,58,77,62,79,78,83,81,70,0,0,0,0,0,64,0,16,20,0,0,0,0,0,90,87,89
l44,1=0,0,0,0,0,0,0,0,0,0,0,0,27,0,68,0,0,0,55,65,67,72,70,82,75,83,78,84,0,0,45,0,45,52,0,0,0,0,1,0,0,0,90,82,90

l0,2=0,81,86,90,85,87,89,88,79,88,80,80,79,83,10,0,51,58,65,41,0,0,0,0,0,0,0,0,0,0,74,45,0,0,0,0,0,0,0,0,0,0,0,0,0
l1,2=83,0,86,87,85,87,89,86,79,86,70,86,78,74,60,0,76,67,45,50,1,0,0,0,0,0,0,0,0,0,67,61,0,0,0,0,0,0,0,0,0,0,0,0,0
l2,2=82,81,0,72,83,87,89,94,81,89,80,87,79,84,69,0,81,74,55,59,32,0,0,29,0,50,0,0,0,0,66,66,0,0,0,0,0,0,0,0,0,0,0,0,0
l3,2=89,81,85,0,85,78,89,80,78,86,75,82,79,83,53,0,63,60,50,0,0,0,0,0,0,0,0,0,0,0,63,65,0,0,0,0,0,0,0,0,0,0,0,0,0
l4,2=83,81,88,90,0,87,89,85,78,66,76,84,79,81,61,0,68,5,25,0,0,0,0,0,0,0,0,0,0,0,0,63,0,0,0,0,0,0,0,0,0,0,0,0,0
l5,2=87,81,87,72,85,0,89,88,80,87,80,77,79,83,70,0,58,0,50,56,37,0,0,0,0,0,0,0,0,0,77,5,0,0,0,0,0,0,0,0,0,0,0,0,0
l6,2=87,81,87,82,85,87,0,94,81,90,76,88,79,87,70,0,87,73,60,0,19,0,0,0,0,0,0,0,0,0,51,55,0,0,0,0,0,0,0,0,0,0,0,0,0
l7,2=81,77,87,69,79,78,89,0,81,90,80,89,79,87,59,0,87,0,75,48,41,17,47,39,48,65,45,0,0,0,0,0,0,0,0,0,0,0,0,0,0,0,0,0,0
l8,2=77,77,87,73,79,78,89,94,0,89,70,88,79,87,71,0,82,28,69,59,0,37,55,50,0,46,46,46,0,0,50,47,0,0,0,0,0,0,0,0,0,0,1,1,0
l9,2=77,77,85,71,61,78,89,92,78,0,80,90,79,87,73,0,82,72,74,51,40,40,22,0,61,48,52,52,0,0,51,49,0,0,0,0,0,0,0,0,0,0,0,33,0
l10,2=66,65,74,54,67,77,67,71,67,86,0,87,79,83,65,0,87,65,76,66,52,0,59,41,55,70,67,60,0,0,0,56,0,0,0,0,0,0,0,0,9,0,12,56,54
l11,2=58,77,80,69,79,59,89,94,80,90,80,0,79,87,73,0,87,67,74,52,55,49,52,24,49,66,60,0,0,0,55,45,0,0,0,0,0,0,0,0,0,0,46,57,41
l12,2=69,72,84,65,72,77,88,77,78,86,83,90,0,87,68,0,87,67,74,59,53,0,50,39,60,59,55,64,0,0,48,50,0,0,0,0,0,0,0,0,0,21,39,50,0
l13,2=68,77,81,72,78,78,89,92,80,89,81,90,79,0,71,0,87,58,66,50,44,0,0,39,45,48,0,0,0,0,45,51,0,0,0,0,0,0,0,0,0,0,0,0,0
l14,2=8,44,65,10,61,58,62,65,71,77,67,81,71,77,0,0,87,69,82,78,87,56,53,58,65,77,86,58,0,0,80,68,0,0,0,0,0,0,4,61,61,7,65,81,64
l15,2=14,70,72,13,61,54,88,86,78,75,83,88,79,85,87,0,0,78,74,68,66,66,74,64,71,70,72,71,0,0,77,77,0,1,0,0,0,0,0,60,66,56,65,72,20
l16,2=7,44,59,16,4,0,49,0,11,41,54,63,65,40,39,0,78,0,70,84,84,0,0,0,76,78,52,35,0,0,88,90,33,51,0,6,1,0,38,37,62,61,62,62,22
l17,2=58,30,53,15,30,49,57,66,63,72,77,81,71,62,87,0,73,75,0,65,87,59,59,56,69,62,58,63,0,0,65,51,0,19,0,0,0,0,0,0,58,0,65,63,64
l18,2=1,19,52,0,0,35,0,33,61,34,63,50,65,43,75,0,65,90,64,0,87,73,54,64,91,81,92,77,0,0,75,74,24,0,0,11,0,0,57,41,62,62,80,69,21
l19,2=0,0,16,0,0,36,5,63,0,64,66,70,67,67,87,0,79,86,82,84,0,61,0,55,68,85,69,73,0,0,67,82,0,43,0,0,0,0,0,0,68,41,66,74,55
l20,2=0,0,0,0,0,0,1,44,48,50,0,70,0,0,70,0,66,0,67,78,72,0,94,73,84,88,87,95,0,0,0,0,73,78,0,69,0,61,3,53,62,64,81,74,84
l21,2=0,0,0,0,0,0,0,28,60,0,51,65,56,0,63,0,65,0,62,70,0,86,0,70,87,83,82,86,0,0,0,0,0,0,0,0,0,0,0,0,7,0,0,73,75
l22,2=0,0,3,0,0,0,0,54,55,0,39,33,43,47,73,0,64,1,66,74,55,80,78,0,90,86,92,92,0,0,0,0,74,81,0,61,75,0,73,57,61,0,78,70,53
l23,2=0,0,0,0,0,0,0,45,0,64,42,51,64,41,74,0,68,81,70,80,73,76,82,73,0,90,92,85,0,0,0,0,53,74,0,50,64,54,69,0,50,80,87,84,81
l24,2=0,0,45,0,0,0,0,69,53,41,66,73,66,41,76,0,69,80,55,77,75,80,81,72,91,0,92,85,0,0,48,55,57,47,0,1,30,45,0,58,74,78,87,80,88
l25,2=0,0,0,0,0,0,0,51,46,52,57,54,49,0,76,0,65,59,50,77,60,80,74,84,90,90,0,86,0,0,20,26,66,74,0,40,76,51,43,0,67,47,88,81,89
l26,2=0,0,0,0,0,0,0,0,52,62,50,40,63,0,50,0,61,50,64,77,75,86,87,83,87,86,86,0,0,0,0,0,77,83,0,77,78,63,78,0,59,47,84,74,88
l27,2=55,53,54,20,4,69,39,0,46,19,0,58,45,44,72,0,74,88,65,78,59,0,0,0,0,32,16,0,0,0,0,90,61,79,0,62,48,54,79,84,93,82,0,35,0
l28,2=20,38,57,22,40,16,46,0,46,36,34,43,49,51,68,0,68,90,40,83,69,0,0,1,10,47,32,0,0,0,89,0,68,77,0,71,50,45,86,81,93,92,0,0,21
l29,2=0,0,0,0,0,0,0,0,0,0,0,0,0,0,0,0,0,35,0,30,0,77,0,82,62,64,72,90,0,0,63,75,0,93,0,92,93,94,92,90,93,98,0,0,4
l30,2=0,0,0,0,0,0,0,0,0,0,0,0,0,0,0,0,11,50,12,0,32,52,3,71,61,18,67,95,0,0,82,78,85,0,0,92,93,94,92,90,93,98,0,43,10
l31,2=0,0,0,0,0,0,0,0,0,0,0,0,0,0,0,0,0,31,0,47,0,55,0,58,62,5,56,82,0,0,55,57,85,93,0,0,93,94,92,86,93,98,43,0,0
l32,2=0,0,0,0,0,0,0,0,0,0,0,0,0,0,0,0,0,0,0,0,0,0,1,81,68,19,73,71,0,0,42,58,85,93,0,92,0,94,92,90,0,93,0,12,0
l33,2=0,0,0,0,0,0,0,0,0,0,0,0,0,0,0,0,0,0,0,0,0,56,0,0,62,29,57,58,0,0,60,34,85,93,0,92,93,0,92,88,88,80,0,0,0
l34,2=0,0,0,0,0,0,0,0,0,0,0,0,0,0,0,0,0,37,0,44,0,2,0,73,73,0,33,85,0,0,84,89,85,93,0,92,93,90,0,90,93,98,40,33,0
l35,2=0,0,0,0,0,0,0,0,0,0,0,0,0,0,45,0,43,37,0,42,0,29,0,50,4,46,0,0,0,0,86,84,85,93,0,87,93,91,92,0,93,98,0,0,0
l36,2=0,0,0,0,0,0,0,0,0,0,0,0,0,0,54,0,49,56,42,61,71,20,19,48,20,63,68,35,0,0,89,89,80,88,0,88,0,85,92,90,0,98,3,0,0
l37,2=0,0,0,0,0,0,0,0,0,0,0,0,35,0,18,0,53,79,6,80,38,34,10,16,52,63,58,31,0,0,60,90,83,93,0,90,84,81,92,90,93,0,30,24,2
l38,2=0,0,0,0,0,0,0,0,0,0,0,37,13,0,69,0,47,67,62,75,50,70,0,68,84,81,90,76,0,0,0,0,0,0,0,14,0,0,44,0,0,0,0,85,89
l39,2=0,0,0,0,0,0,0,0,0,0,38,50,46,0,77,0,62,74,63,74,69,72,68,68,87,85,86,76,0,0,40,0,0,55,0,0,2,0,42,0,0,0,89,0,89
l40,2=0,0,0,0,0,0,0,0,0,0,43,40,0,0,71,0,42,57,65,46,56,69,71,47,85,82,80,80,0,0,0,4,0,2,0,0,0,0,0,0,0,0,88,83,0
l41,2=0,0,0,0,0,0,0,0,5,0,50,49,45,57,77,0,67,80,70,77,72,69,0,72,88,85,86,79,0,0,45,49,0,0,0,0,0,0,55,0,10,0,89,83,89
l42,2=0,0,0,0,0,0,0,0,0,0,1,0,0,0,69,0,59,71,63,76,59,70,68,72,87,86,84,77,0,0,0,0,0,72,0,0,46,17,64,3,0,0,83,84,89
l43,2=0,0,0,0,0,0,0,0,0,0,0,0,0,0,56,0,45,0,55,61,48,65,57,56,68,75,85,72,0,0,0,0,0,52,0,0,37,0,43,0,0,0,83,73,89
l44,2=0,0,0,0,0,0,0,0,0,0,0,0,0,0,51,0,41,57,54,67,54,58,57,65,86,80,80,76,0,0,0,0,0,55,0,0,0,2,0,48,0,0,86,79,88

l0,3=0,91,88,96,89,92,88,78,94,91,79,81,82,89,76,0,75,10,63,0,0,0,0,0,0,0,0,0,0,0,46,0,0,0,0,0,0,0,0,0,0,0,0,0,0
l1,3=87,0,91,96,89,92,89,75,94,15,88,86,89,87,0,0,71,74,69,31,46,0,0,0,46,0,1,0,0,0,55,62,0,0,0,0,0,0,0,14,0,0,0,0,0
l2,3=87,91,0,91,87,91,89,84,94,92,88,86,91,90,83,0,82,76,0,62,2,0,0,0,0,0,1,0,0,0,51,62,0,0,0,0,0,0,0,0,0,0,0,0,0
l3,3=91,91,86,0,89,91,86,61,94,91,76,86,91,89,59,0,86,12,0,0,0,0,0,0,0,0,0,0,0,0,39,48,0,0,0,0,0,0,0,0,0,0,0,0,0
l4,3=91,91,91,96,0,92,89,71,94,81,78,86,0,89,73,0,0,0,62,0,55,0,0,0,0,0,0,0,0,0,0,0,0,0,0,0,0,0,0,0,0,0,0,0,0
l5,3=91,91,83,96,89,0,89,86,90,89,88,47,89,87,70,0,65,55,57,68,34,0,0,0,0,0,0,0,0,0,69,54,0,0,0,0,0,0,0,0,0,0,0,0,0
l6,3=85,91,91,90,88,92,0,81,94,92,88,86,90,90,83,0,82,78,73,2,0,0,0,0,0,20,0,0,0,0,31,0,0,0,0,0,0,0,0,0,3,0,0,0,0
l7,3=87,88,84,82,86,91,86,0,93,92,88,87,90,90,89,0,83,1,76,81,68,0,0,64,54,69,53,0,0,0,0,0,0,0,0,0,0,0,0,0,0,0,0,0,0
l8,3=87,88,85,88,86,91,86,84,0,92,88,87,91,90,88,0,82,52,76,82,74,0,67,61,24,25,46,52,0,0,59,0,0,0,0,0,0,0,0,0,0,0,0,52,0
l9,3=87,17,83,84,84,91,86,84,93,0,88,87,91,90,86,0,82,50,75,77,67,0,0,26,45,54,39,6,0,0,44,54,0,0,0,0,0,0,0,0,0,0,28,0,0
l10,3=80,88,80,71,79,91,86,72,86,90,0,87,92,90,95,0,89,71,83,84,84,54,22,70,36,68,52,23,0,0,17,57,0,0,0,0,0,0,0,0,0,0,0,54,0
l11,3=79,87,83,78,81,68,86,85,94,92,88,0,92,90,88,0,87,65,74,70,79,43,49,15,49,58,52,10,0,0,55,56,0,0,0,0,0,0,0,0,0,0,0,53,0
l12,3=69,86,82,83,0,90,85,82,91,92,88,88,0,90,93,0,89,66,75,71,76,0,51,56,56,52,47,65,0,0,49,49,0,0,0,0,0,0,0,0,0,53,0,44,0
l13,3=87,88,83,85,86,90,86,84,94,92,88,87,92,0,86,0,87,73,67,57,69,51,0,71,17,27,32,47,0,0,48,57,0,0,0,0,0,0,0,0,0,0,0,0,0
l14,3=63,0,59,33,68,68,70,73,91,82,87,85,92,86,0,0,90,92,91,87,97,54,61,62,63,61,64,23,0,0,61,84,0,0,0,0,0,0,0,59,52,3,79,74,75
l15,3=65,66,62,64,0,54,81,80,83,86,88,87,92,90,96,0,0,88,84,84,91,68,64,70,65,62,57,43,0,0,57,55,0,1,0,0,0,0,0,5,61,43,62,61,24
l16,3=0,76,54,0,0,44,75,0,27,37,74,66,71,70,98,0,90,0,80,97,97,41,0,47,41,68,65,34,0,0,93,93,0,76,0,0,2,0,69,62,85,54,63,63,39
l17,3=63,76,0,0,60,75,70,66,90,90,88,86,90,68,98,0,89,82,0,89,92,57,62,78,77,64,25,57,0,0,72,76,0,0,0,0,0,0,0,0,75,63,73,46,58
l18,3=0,6,36,0,0,46,0,58,82,68,78,72,79,43,91,0,83,93,87,0,97,88,77,76,89,89,83,83,0,0,85,84,0,0,0,12,0,0,60,26,83,63,75,64,25
l19,3=0,23,0,0,42,35,0,61,82,56,82,78,88,68,98,0,90,93,90,97,0,64,56,56,81,78,73,75,0,0,83,62,52,0,0,13,0,0,44,0,80,49,86,71,0
l20,3=0,0,0,0,0,0,0,0,1,48,73,62,0,55,87,0,84,59,73,92,89,0,98,94,86,89,82,95,0,0,0,0,93,92,0,90,54,77,83,31,51,0,87,75,89
l21,3=0,0,0,0,0,0,0,0,72,0,37,44,65,5,80,0,78,0,74,90,77,98,0,90,88,88,79,89,0,0,0,0,0,64,0,65,0,34,0,0,0,0,49,67,48
l22,3=0,0,0,0,0,0,0,54,52,43,60,31,36,59,74,0,72,49,72,84,72,97,86,0,88,88,86,94,0,0,31,3,80,84,0,68,89,43,79,29,3,58,82,69,79
l23,3=0,44,0,0,0,0,0,17,31,58,58,56,67,50,78,0,70,62,79,94,85,78,85,90,0,91,86,89,0,0,13,0,71,76,0,72,67,46,68,46,60,76,87,75,91
l24,3=0,0,0,0,0,0,14,55,54,60,76,63,64,53,78,0,73,70,67,94,90,97,71,93,88,0,85,87,0,0,0,0,71,64,0,0,30,34,59,54,66,72,82,79,92
l25,3=0,0,5,0,0,0,0,55,59,54,61,58,63,12,74,0,66,64,34,92,71,85,76,96,89,89,0,89,0,0,32,46,68,67,0,66,73,0,63,40,62,0,87,75,77
l26,3=0,0,0,0,0,0,2,15,51,44,54,39,74,1,46,0,36,54,46,83,79,98,91,94,88,86,82,0,0,0,8,0,80,85,0,85,80,0,69,51,52,52,87,56,89
l27,3=48,64,44,7,0,63,3,0,31,34,0,27,53,53,75,0,73,93,73,95,85,0,0,41,8,2,22,2,0,0,0,93,82,53,0,31,50,0,85,83,93,94,40,33,32
l28,3=0,66,53,19,0,46,0,0,0,34,56,23,40,55,84,0,74,93,62,90,67,0,0,15,0,5,19,0,0,0,95,0,82,72,0,34,76,56,92,93,93,97,53,50,0
l29,3=0,0,0,0,0,0,0,0,0,0,0,0,0,0,0,0,0,0,0,15,34,98,0,91,51,87,58,89,0,0,86,85,0,99,0,99,100,100,93,93,85,99,0,0,0
l30,3=0,0,0,0,0,0,0,0,0,0,0,0,0,0,0,0,20,77,0,30,0,85,43,94,45,73,53,95,0,0,84,93,98,0,0,99,100,100,93,93,93,99,59,0,36
l31,3=0,0,0,0,0,0,0,0,0,0,0,0,0,0,0,0,0,0,0,15,29,89,54,85,83,0,44,88,0,0,62,29,98,99,0,0,100,95,93,93,93,99,29,2,0
l32,3=0,0,0,0,0,0,0,0,0,0,0,0,0,0,0,0,0,13,0,0,0,70,0,93,81,10,80,88,0,0,72,82,98,99,0,99,0,100,93,93,92,98,0,8,0
l33,3=0,0,0,0,0,0,0,0,0,0,0,0,0,0,0,0,0,0,0,0,0,80,11,70,31,14,0,0,0,0,0,48,98,96,0,96,100,0,92,93,89,85,0,0,0
l34,3=0,0,0,0,0,0,0,0,0,0,0,0,0,0,0,0,0,75,0,79,54,86,0,90,43,60,32,53,0,0,92,93,98,99,0,99,100,100,0,93,93,99,19,0,37
l35,3=0,0,0,0,0,0,0,0,0,0,0,0,0,0,67,0,20,75,0,67,6,59,0,57,23,85,34,49,0,0,89,78,98,99,0,74,100,100,93,0,93,99,25,0,0
l36,3=0,0,0,0,0,0,0,0,0,0,0,0,0,0,10,0,62,83,70,90,83,43,0,7,20,79,34,34,0,0,95,69,88,92,0,55,90,86,93,93,0,99,33,44,0
l37,3=0,0,0,0,0,0,0,0,0,0,14,0,57,0,7,0,54,79,62,85,54,0,0,64,26,83,0,42,0,0,93,66,98,99,0,69,100,81,93,93,93,0,49,0,0
l38,3=0,0,0,0,0,0,0,0,0,0,0,0,0,0,63,0,48,51,51,45,71,69,0,69,76,67,73,69,0,0,3,34,0,39,0,0,0,0,0,0,0,0,0,77,92
l39,3=0,0,0,0,0,0,0,0,56,0,53,52,47,0,73,0,63,61,39,54,67,60,66,69,80,82,74,59,0,0,23,43,0,0,0,0,0,0,0,0,50,0,88,0,92
l40,3=0,0,0,0,0,0,0,0,0,0,0,0,0,0,56,0,42,50,38,49,3,76,46,68,77,83,59,65,0,0,16,0,0,30,0,0,0,0,50,0,0,0,88,79,0
l41,3=0,0,0,0,0,0,1,0,21,0,56,0,54,51,83,0,69,78,56,90,72,68,13,82,88,88,82,72,0,0,40,47,0,0,0,0,0,0,51,4,0,0,88,76,91
l42,3=0,0,0,0,0,0,0,0,0,0,30,0,0,0,57,0,41,51,42,74,63,80,70,67,86,86,78,63,0,0,0,0,55,4,0,6,1,43,49,7,0,0,85,79,91
l43,3=0,0,0,0,0,0,0,0,0,0,0,0,29,0,50,0,32,42,11,40,49,76,52,56,67,76,69,70,0,0,0,0,55,0,0,0,0,0,39,0,0,0,83,68,85
l44,3=0,0,0,0,0,0,0,0,0,0,0,0,0,0,45,0,44,51,1,67,41,55,62,70,82,85,73,64,0,0,0,0,0,54,0,42,36,0,45,27,0,0,87,73,84

l0,4=0,98,86,89,97,98,90,94,95,99,34,91,84,89,83,0,65,74,58,70,0,0,0,0,2,0,0,0,0,0,83,72,0,0,0,0,0,0,0,0,0,0,0,0,0
l1,4=98,0,96,89,97,99,91,48,95,97,93,97,93,96,17,0,49,11,75,70,37,0,0,0,27,0,0,0,0,0,78,51,0,0,0,0,0,0,0,0,9,0,0,0,0
l2,4=95,98,0,86,97,96,91,98,95,99,93,97,93,96,91,0,73,81,79,76,0,0,0,0,0,0,27,0,0,0,0,71,0,0,0,0,0,0,0,0,0,0,0,0,0
l3,4=98,98,85,0,97,99,88,96,95,90,86,89,82,85,81,0,67,74,76,0,0,0,0,0,0,0,0,0,0,0,76,72,0,0,0,0,0,0,0,0,0,0,0,0,0
l4,4=98,98,96,89,0,99,91,98,95,90,87,93,74,96,84,0,65,78,80,0,0,0,0,0,0,0,0,0,0,0,0,77,0,0,0,0,0,0,0,0,0,0,0,0,0
l5,4=96,98,96,89,97,0,91,98,93,99,93,97,93,96,80,0,1,49,0,10,66,0,0,0,0,0,0,0,0,0,90,1,0,0,0,0,0,0,0,0,70,14,0,0,0
l6,4=95,97,94,86,96,97,0,98,91,99,93,97,92,93,91,0,80,78,84,58,63,0,0,0,0,53,0,0,0,0,82,0,0,0,0,0,0,0,0,0,0,0,0,0,0
l7,4=95,57,93,86,92,96,90,0,94,99,93,97,92,96,96,0,80,9,84,87,82,2,0,74,16,78,79,60,0,0,1,0,0,0,0,0,0,0,0,0,0,0,0,0,0
l8,4=95,95,96,86,92,96,89,98,0,99,87,97,92,96,96,0,77,75,85,74,81,53,30,68,16,0,66,66,0,0,74,0,0,0,0,0,0,0,0,0,0,0,0,55,0
l9,4=95,95,94,64,78,96,90,98,91,0,93,97,92,96,96,0,80,83,88,77,80,2,0,64,60,72,63,63,0,0,82,73,0,0,0,0,0,0,0,0,0,0,0,0,0
l10,4=0,86,78,66,83,94,85,81,83,96,0,94,93,93,94,0,82,87,88,82,83,72,51,72,60,81,75,68,0,0,72,83,0,0,0,0,0,0,0,0,0,44,73,74,0
l11,4=95,95,93,78,84,95,90,98,91,99,93,0,93,96,91,0,82,80,88,81,80,0,51,72,54,74,71,68,0,0,63,77,0,0,0,0,0,0,0,0,0,0,0,67,0
l12,4=92,95,93,78,77,96,90,98,91,99,94,97,0,96,96,0,82,90,83,86,85,45,69,71,63,71,78,76,0,0,79,0,0,0,0,0,0,0,0,0,0,0,5,74,69
l13,4=95,95,93,81,92,95,89,98,91,99,93,97,93,0,96,0,75,88,87,84,85,65,0,76,52,78,69,71,0,0,0,33,0,0,0,0,0,0,0,0,0,0,0,0,0
l14,4=63,54,64,50,75,70,71,71,76,90,90,88,88,87,0,0,80,93,90,86,90,70,0,71,56,79,77,70,0,0,82,52,0,0,0,0,0,0,2,75,61,70,77,78,73
l15,4=66,32,58,62,75,34,84,77,80,84,93,97,92,78,96,0,0,90,88,85,90,72,67,73,61,73,72,51,0,0,81,81,0,61,0,0,0,0,0,0,80,0,69,77,0
l16,4=61,0,51,32,71,26,47,61,52,54,87,50,82,87,97,0,80,0,85,91,89,0,0,0,72,76,78,21,0,0,97,98,0,64,0,0,0,0,78,79,86,81,69,84,52
l17,4=25,62,63,47,76,15,72,69,75,91,89,89,81,83,97,0,78,85,0,86,81,0,59,73,63,72,70,72,0,0,81,81,0,0,0,0,0,0,41,0,82,71,52,77,73
l18,4=21,3,0,0,0,13,22,63,25,22,75,73,81,71,89,0,71,93,85,0,92,69,75,71,79,85,80,78,0,0,84,87,0,52,0,41,0,0,71,66,80,66,66,82,73
l19,4=0,13,0,0,0,69,26,74,71,84,86,87,83,87,97,0,82,93,84,91,0,72,70,73,79,79,77,82,0,0,84,82,67,0,0,0,0,0,77,32,78,76,79,82,70
l20,4=0,0,0,0,0,0,0,0,2,7,60,8,43,57,62,0,68,2,0,78,69,0,95,82,80,89,82,91,0,0,0,0,86,70,0,64,62,68,76,57,67,58,60,81,68
l21,4=0,0,0,0,0,0,0,0,9,0,30,52,58,0,0,0,67,0,53,81,71,91,0,81,76,81,79,89,0,0,0,0,0,57,0,65,0,0,60,0,0,0,51,78,75
l22,4=0,0,0,0,0,0,0,54,61,40,61,57,58,61,58,0,55,0,58,68,62,72,62,0,82,88,87,90,0,0,0,0,67,73,0,65,75,62,57,65,69,59,56,80,62
l23,4=0,0,0,0,0,0,0,0,25,62,65,59,70,52,72,0,67,66,79,83,87,84,60,88,0,90,87,85,0,0,47,3,55,59,0,77,66,53,59,78,53,70,70,89,92
l24,4=0,0,0,0,0,0,21,63,46,68,86,71,64,72,85,0,68,68,79,83,81,85,82,84,83,0,84,84,0,0,45,44,63,50,0,44,41,0,62,79,65,66,59,89,90
l25,4=0,0,0,0,0,0,5,64,65,22,73,66,69,60,78,0,64,70,67,77,72,75,66,89,84,83,0,80,0,0,65,31,74,73,0,56,71,65,65,75,74,38,63,81,71
l26,4=0,0,0,0,0,0,0,56,30,60,62,58,66,62,61,0,54,54,58,82,73,91,84,90,77,81,81,0,0,0,57,53,67,74,0,73,76,60,61,70,70,49,61,74,70
l27,4=67,55,0,36,0,91,45,3,53,52,43,45,67,1,64,0,80,93,88,90,89,0,0,0,44,18,53,15,0,0,0,98,76,62,0,36,52,32,70,98,100,99,58,32,0
l28,4=62,47,56,40,80,20,0,0,26,46,69,49,0,11,44,0,80,93,84,90,73,0,0,0,22,33,32,35,0,0,97,0,59,91,0,45,88,55,73,100,100,99,47,58,12
l29,4=0,0,0,0,0,0,0,0,0,0,0,0,0,0,0,0,0,0,0,0,65,88,0,83,69,51,83,83,0,0,87,50,0,97,0,99,100,100,98,100,100,99,75,72,0
l30,4=0,0,0,0,0,0,0,0,0,0,0,0,0,0,0,0,66,73,0,61,0,74,61,85,68,40,74,86,0,0,72,98,98,0,0,99,100,98,98,100,100,99,68,0,31
l31,4=0,0,0,0,0,0,0,0,0,0,0,0,0,0,0,0,0,0,0,81,0,78,76,90,84,68,74,91,0,0,77,94,98,97,0,0,100,100,98,100,100,99,0,5,0
l32,4=0,0,0,0,0,0,0,0,0,0,0,0,0,0,0,0,0,0,0,0,0,83,0,89,77,20,80,86,0,0,76,90,98,97,0,99,0,100,98,100,99,98,0,17,0
l33,4=0,0,0,0,0,0,0,0,0,0,0,0,0,0,0,0,0,0,0,0,0,83,0,84,76,0,80,76,0,0,4,90,98,97,0,99,100,0,98,100,100,93,0,0,0
l34,4=0,0,0,0,0,0,0,0,0,0,0,0,0,0,0,0,0,84,23,68,76,85,68,78,76,76,77,80,0,0,93,98,98,97,0,99,100,100,0,100,100,99,0,0,58
l35,4=0,0,0,0,0,0,0,0,0,0,0,0,0,0,54,0,3,87,0,67,40,68,0,64,77,52,64,52,0,0,97,98,98,97,0,99,100,100,98,0,100,99,22,0,20
l36,4=0,0,0,0,0,64,0,0,0,0,0,0,0,0,5,0,72,87,85,71,61,61,0,60,54,41,63,46,0,0,97,96,83,97,0,48,91,62,97,99,0,99,0,1,0
l37,4=0,0,0,0,0,62,0,0,0,0,30,0,0,0,52,0,27,82,80,67,71,67,0,64,73,49,42,36,0,0,97,98,98,97,0,99,100,59,98,100,100,0,61,0,41
l38,4=0,0,0,0,0,0,0,0,0,0,50,0,0,0,67,0,47,55,30,61,58,49,7,61,57,50,55,59,0,0,34,0,48,50,0,0,0,0,0,0,0,1,0,88,92
l39,4=0,0,0,0,0,0,0,0,0,0,51,47,48,2,80,0,56,66,72,80,80,71,39,80,76,81,77,68,0,0,9,43,49,0,0,0,0,0,0,0,0,0,77,0,92
l40,4=0,0,0,0,0,0,0,0,0,0,0,0,47,0,62,0,0,36,55,69,57,60,48,69,74,78,62,64,0,0,0,0,0,11,0,0,0,0,36,1,0,0,83,89,0
l41,4=0,0,0,0,0,0,0,0,0,0,66,56,58,66,76,0,58,78,67,82,81,67,45,79,76,81,79,69,0,0,63,64,56,0,0,0,0,0,4,16,0,0,79,87,86
l42,4=0,0,0,0,0,0,0,0,0,0,44,0,0,0,67,0,0,53,60,76,73,71,42,76,76,81,77,80,0,0,0,0,51,26,0,49,48,1,48,0,0,19,76,89,88
l43,4=0,0,0,0,0,0,0,0,0,0,0,0,34,0,43,0,40,47,33,0,65,65,49,71,57,76,71,59,0,0,0,0,69,42,0,0,21,0,1,0,0,0,71,87,83
l44,4=0,0,0,0,0,0,0,0,0,0,0,0,2,0,74,0,53,54,48,76,52,70,48,73,77,83,76,65,0,0,0,0,27,60,0,0,46,0,25,0,0,0,83,89,85

l0,5=0,91,90,95,93,92,75,91,85,86,25,89,92,87,8,0,84,39,0,32,0,0,0,0,0,0,0,0,0,0,30,0,0,0,0,0,0,0,0,0,0,0,0,0,0
l1,5=92,0,90,92,92,92,75,94,87,86,81,78,93,88,65,0,71,46,37,36,37,0,0,0,0,0,0,0,0,0,28,66,0,0,0,0,0,0,0,0,8,0,0,0,0
l2,5=92,92,0,91,92,92,75,94,88,87,54,89,95,88,66,0,71,71,41,0,2,0,0,0,13,0,0,0,0,0,5,69,0,0,0,0,0,0,0,0,0,0,0,0,0
l3,5=92,92,91,0,97,93,76,94,85,86,68,89,88,88,0,0,83,59,61,0,0,0,0,0,0,0,0,0,0,0,72,79,0,16,0,0,0,0,0,0,0,0,0,0,0
l4,5=92,91,91,95,0,93,75,95,85,38,24,88,92,88,1,0,84,74,42,64,0,0,0,0,0,0,0,0,0,0,76,64,0,0,0,0,0,0,0,0,0,0,0,0,0
l5,5=92,92,90,93,97,0,75,94,85,86,82,89,67,85,60,0,73,44,54,37,10,0,0,0,0,0,0,0,0,0,77,62,0,0,0,0,0,0,3,0,29,0,0,0,0
l6,5=88,91,90,87,92,92,0,94,84,87,80,89,95,87,63,0,82,37,63,57,0,0,0,0,0,36,4,0,0,0,4,64,0,0,0,0,0,0,0,0,0,0,0,0,0
l7,5=81,90,90,86,88,89,75,0,88,88,71,93,94,90,74,0,83,0,72,76,0,0,0,0,0,59,33,0,0,0,0,0,0,0,0,0,0,0,0,0,0,0,0,0,0
l8,5=92,92,91,80,75,81,67,95,0,88,75,93,95,91,68,0,81,0,28,70,70,14,15,40,17,52,41,34,0,0,17,20,0,0,0,0,0,0,0,0,0,0,0,31,0
l9,5=88,75,77,79,70,83,74,92,88,0,82,93,94,91,68,0,78,59,71,55,41,30,0,0,31,57,38,13,0,0,17,52,0,0,0,0,0,0,0,0,0,0,0,9,0
l10,5=19,41,72,57,54,82,66,73,66,43,0,78,95,90,90,0,90,50,44,45,47,31,4,11,37,67,45,14,0,0,18,59,0,0,0,0,0,0,0,0,0,23,39,38,0
l11,5=77,40,76,76,73,82,66,91,86,87,79,0,95,90,50,0,83,5,71,38,41,0,0,13,33,52,41,17,0,0,19,63,0,0,0,0,0,0,0,0,0,0,34,0,0
l12,5=88,90,89,61,84,61,76,91,86,87,88,93,0,91,90,0,90,55,77,0,78,34,17,7,42,45,61,17,0,0,18,21,0,0,0,0,0,0,0,0,22,0,34,42,0
l13,5=77,79,78,80,75,81,66,86,86,88,82,93,95,0,80,0,76,79,66,69,76,49,0,34,54,62,35,49,0,0,68,46,0,0,0,0,0,0,0,0,0,0,0,32,0
l14,5=9,23,40,0,31,57,25,71,71,25,84,49,88,86,0,0,88,87,90,85,86,26,19,15,37,66,45,21,0,0,28,47,0,0,0,0,0,0,23,18,35,32,39,46,41
l15,5=19,21,49,40,63,60,63,72,72,24,87,85,88,59,85,0,0,83,89,64,53,53,15,18,38,62,47,19,0,0,20,76,0,0,0,0,0,0,0,0,35,21,36,42,3
l16,5=19,37,23,25,37,41,12,0,0,18,25,19,78,67,90,0,87,0,51,68,53,0,0,10,36,31,44,0,0,0,34,87,0,0,0,0,0,0,47,29,52,40,36,41,14
l17,5=0,28,42,37,34,52,49,65,28,34,22,59,68,70,91,0,88,77,0,45,53,35,13,15,33,77,43,1,0,0,50,62,0,0,0,0,0,0,28,0,31,28,40,45,39
l18,5=10,5,0,0,32,25,42,60,49,31,55,49,0,49,77,0,67,85,66,0,86,65,61,57,64,79,67,60,0,0,62,65,31,30,0,25,13,5,56,30,39,30,54,73,74
l19,5=0,18,0,0,0,35,0,2,50,20,21,57,74,74,86,0,88,85,88,89,0,45,1,19,67,76,40,19,0,0,25,72,0,35,0,0,0,0,56,19,0,35,39,47,39
l20,5=0,0,0,0,0,0,0,0,18,17,20,18,31,33,27,0,60,0,35,66,38,0,78,76,63,65,62,75,0,0,0,0,58,52,0,24,51,36,60,16,24,24,72,67,43
l21,5=0,0,0,0,0,0,0,0,26,0,4,0,24,0,48,0,36,0,30,66,0,80,0,44,56,72,60,73,0,0,0,0,0,0,0,0,0,0,12,0,0,0,38,18,37
l22,5=0,0,0,0,0,0,0,0,42,0,31,46,19,33,40,0,60,39,52,71,55,74,44,0,69,79,74,73,0,0,14,0,44,67,0,54,70,56,0,29,58,27,72,74,35
l23,5=0,0,0,0,0,0,0,0,0,5,30,25,57,29,57,0,59,56,56,79,73,72,31,78,0,81,74,66,0,0,7,19,37,19,0,29,12,18,0,49,13,38,72,74,76
l24,5=0,0,0,0,0,0,8,57,30,29,57,32,31,51,52,0,54,42,66,78,72,65,63,78,70,0,68,58,0,0,3,30,0,23,0,18,7,0,27,48,10,0,68,75,74
l25,5=0,0,0,0,0,0,1,28,27,27,41,29,58,26,49,0,60,55,60,72,41,68,60,78,70,80,0,64,0,0,12,21,53,47,0,26,13,39,45,16,21,26,45,77,54
l26,5=0,0,0,0,0,0,0,7,24,2,13,31,35,31,43,0,50,10,3,70,64,80,75,78,65,72,59,0,0,0,2,0,27,60,0,40,52,29,58,0,36,26,72,69,62
l27,5=27,25,0,44,49,72,2,0,25,11,25,39,47,52,55,0,47,52,52,48,19,0,0,5,20,1,19,0,0,0,0,91,41,45,0,20,2,43,57,47,58,55,0,0,0
l28,5=0,20,36,39,34,44,12,0,11,11,20,40,26,25,48,0,56,87,32,41,21,0,0,0,15,33,13,0,0,0,90,0,40,46,0,21,9,41,46,84,95,87,27,35,0
l29,5=0,0,0,0,0,0,0,0,0,0,0,0,0,0,0,0,0,0,0,35,0,74,0,56,51,0,66,43,0,0,48,61,0,99,0,84,95,96,88,92,79,91,57,27,0
l30,5=0,0,0,0,0,0,0,0,0,0,0,0,0,0,0,0,0,0,0,19,7,23,0,75,18,28,63,72,0,0,34,49,80,0,0,84,95,95,88,92,96,91,22,34,12
l31,5=0,0,0,0,0,0,0,0,0,0,0,0,0,0,0,0,0,16,0,56,0,19,7,57,54,42,48,50,0,0,53,58,80,99,0,0,95,96,88,92,96,91,0,34,0
l32,5=0,0,0,0,0,0,0,0,0,0,0,0,0,0,0,0,0,0,0,37,0,62,0,72,42,3,16,31,0,0,39,75,80,99,0,84,0,96,87,91,93,85,0,0,0
l33,5=0,0,0,0,0,0,0,0,0,0,0,0,0,0,0,0,0,0,0,0,0,55,0,64,16,0,28,17,0,0,49,63,80,99,0,84,95,0,88,66,92,54,0,0,0
l34,5=0,0,0,0,0,4,0,0,0,0,0,0,0,0,1,0,0,63,16,72,14,53,10,0,0,25,59,61,0,0,62,36,80,99,0,78,78,85,0,92,96,91,0,47,0
l35,5=0,0,0,0,0,0,0,0,0,0,0,0,0,0,36,0,0,28,1,34,13,22,0,10,35,48,22,0,0,0,89,56,80,99,0,84,59,55,88,0,96,91,29,0,7
l36,5=0,0,0,0,0,41,0,0,0,0,0,0,24,0,46,0,48,55,23,39,0,30,0,14,23,28,26,22,0,0,90,90,46,99,0,79,56,91,86,92,0,91,0,18,0
l37,5=0,0,0,0,0,0,0,0,0,0,10,0,0,0,38,0,41,44,24,33,17,28,0,10,61,0,32,19,0,0,90,88,80,99,0,84,88,57,88,92,96,0,0,37,0
l38,5=0,0,0,0,0,0,0,0,0,0,22,13,25,0,37,0,25,41,56,31,32,44,35,50,58,33,40,55,0,0,0,1,17,19,0,0,0,0,0,0,0,0,0,66,80
l39,5=0,0,0,0,0,0,0,0,1,0,7,0,47,12,62,0,64,50,64,72,68,63,2,55,54,69,63,57,0,0,0,17,0,13,0,0,0,0,10,0,0,5,69,0,81
l40,5=0,0,0,0,0,0,0,0,0,0,0,0,0,0,49,0,3,29,33,61,19,22,15,10,59,60,48,46,0,0,0,0,0,13,0,0,0,0,0,0,0,0,77,78,0
l41,5=0,0,0,0,0,0,0,0,0,2,0,14,53,29,64,0,63,65,61,73,63,26,14,56,62,69,63,10,0,0,12,23,17,0,0,0,0,0,21,8,12,0,75,78,74
l42,5=0,0,0,0,0,0,0,0,0,0,7,0,0,0,31,0,0,33,32,71,39,23,0,55,61,74,57,58,0,0,0,0,8,19,0,0,15,0,19,0,0,6,74,74,80
l43,5=0,0,0,0,0,0,0,0,0,0,9,0,12,0,0,0,0,0,24,32,32,48,30,40,28,33,55,59,0,0,0,0,19,0,0,19,0,0,14,0,0,0,74,73,68
l44,5=0,0,0,0,0,0,0,0,0,0,8,11,24,0,49,0,47,19,23,71,37,64,40,54,59,70,63,58,0,0,0,0,0,17,0,0,11,0,0,0,0,0,74,72,78

l0,6=0,86,86,90,90,83,81,77,84,82,75,83,76,83,0,0,69,33,38,1,0,0,0,0,0,0,0,0,0,0,29,25,0,0,0,0,0,0,0,0,0,0,0,0,0
l1,6=85,0,87,90,90,89,84,84,87,78,81,79,82,80,0,0,31,39,56,38,36,0,0,0,0,0,0,0,0,0,51,0,0,0,0,0,0,0,0,0,0,0,0,0,0
l2,6=84,88,0,88,89,88,84,83,87,83,74,83,82,83,34,0,39,43,56,40,0,0,0,0,0,42,0,0,0,0,35,0,0,0,0,0,0,0,0,0,0,0,0,0,0
l3,6=85,88,87,0,90,89,81,76,80,81,71,82,68,83,0,0,60,31,38,0,0,0,0,0,0,0,0,0,0,0,0,34,0,0,0,0,0,0,0,0,0,0,0,0,0
l4,6=85,86,84,90,0,89,81,82,83,81,62,82,82,68,39,0,65,12,33,44,0,0,0,0,0,0,0,0,0,0,39,59,0,0,0,0,0,0,0,0,0,0,0,0,0
l5,6=78,88,84,88,90,0,84,81,84,82,85,86,68,76,39,0,44,32,41,14,0,0,0,0,0,0,0,0,0,0,30,31,0,7,0,0,0,0,19,10,0,0,0,0,0
l6,6=82,85,87,85,90,89,0,83,85,85,83,73,82,71,42,0,66,20,54,42,36,0,0,0,0,48,39,0,0,0,13,0,0,0,0,0,0,0,0,0,7,0,0,0,0
l7,6=65,87,87,62,87,79,83,0,89,85,70,87,75,84,57,0,64,51,53,51,44,0,0,0,0,60,60,0,0,0,0,0,0,0,0,0,0,0,0,0,0,0,0,0,0
l8,6=81,82,87,62,69,84,74,84,0,85,61,87,80,80,55,0,69,18,50,50,34,22,39,37,34,60,63,44,0,0,0,0,0,0,0,0,0,0,0,0,0,0,0,0,0
l9,6=81,80,80,83,76,85,84,84,89,0,83,88,82,84,63,0,71,43,63,0,50,0,36,0,26,54,58,41,0,0,17,0,0,0,0,0,0,0,0,0,0,0,12,0,0
l10,6=51,73,51,46,45,78,78,52,63,73,0,83,84,79,73,0,79,42,63,42,48,45,27,23,38,59,70,0,0,0,0,27,0,0,0,0,0,0,0,0,0,10,34,47,0
l11,6=74,62,69,66,69,81,68,79,84,79,81,0,84,79,53,0,71,50,62,52,40,46,0,41,54,56,47,40,0,0,15,6,0,0,0,0,0,0,0,0,0,0,0,36,0
l12,6=65,80,81,50,81,70,81,78,87,81,88,88,0,85,64,0,75,59,66,56,57,0,0,23,54,63,67,46,0,0,16,16,0,0,0,0,0,0,0,0,1,0,31,43,0
l13,6=78,80,79,78,59,74,68,81,89,85,86,88,84,0,60,0,70,52,65,55,50,43,0,30,41,58,50,53,0,0,26,21,0,0,0,0,0,0,0,0,0,0,0,41,0
l14,6=0,0,18,0,24,26,22,35,76,68,81,64,80,78,0,0,75,76,76,64,56,43,49,28,35,47,1,43,0,0,38,24,0,25,0,0,0,0,27,0,9,4,38,62,57
l15,6=33,17,15,26,40,27,29,46,66,58,87,74,69,61,60,0,0,30,69,52,44,60,42,30,34,20,65,59,0,0,6,28,0,0,0,0,0,0,16,15,15,7,19,43,0
l16,6=26,45,28,26,18,6,0,16,29,34,65,40,47,52,65,0,27,0,64,64,57,38,0,15,35,34,68,31,0,0,46,68,17,0,0,15,1,0,29,0,56,21,21,35,56
l17,6=30,50,36,25,36,26,22,28,45,50,64,73,69,60,82,0,74,71,0,49,65,49,43,27,31,57,55,54,0,0,35,23,0,23,0,0,0,0,0,0,17,0,35,60,50
l18,6=0,32,12,0,21,4,17,47,31,0,20,48,50,50,62,0,60,72,55,0,75,60,45,50,57,72,69,66,0,0,12,38,31,26,0,11,9,4,27,38,26,19,58,65,54
l19,6=7,43,0,0,0,0,22,29,41,48,72,51,50,50,69,0,68,76,69,68,0,52,51,30,66,74,60,60,0,0,26,61,0,33,0,0,0,0,51,42,24,30,34,64,54
l20,6=0,0,0,0,0,0,0,0,29,0,24,23,0,23,25,0,56,20,37,55,35,0,75,73,64,79,74,82,0,0,0,0,60,31,0,23,28,3,50,28,19,27,66,23,24
l21,6=0,0,0,0,0,0,0,0,33,26,18,5,0,0,53,0,47,0,23,52,33,80,0,66,58,71,48,76,0,0,0,0,31,10,0,0,0,0,27,0,0,0,33,26,21
l22,6=0,0,0,0,0,0,0,0,29,0,20,21,18,22,25,0,36,27,23,42,21,74,48,0,68,80,82,84,0,0,0,6,32,54,0,24,52,34,42,23,26,27,76,29,47
l23,6=0,0,0,0,0,0,0,0,28,24,41,34,31,19,46,0,42,48,22,56,60,70,38,77,0,82,82,73,0,0,12,8,39,20,0,43,8,0,29,29,22,31,70,66,23
l24,6=0,0,18,0,0,0,14,40,39,31,48,27,22,24,26,0,11,25,53,57,56,63,56,77,71,0,82,66,0,0,10,8,0,21,0,21,10,0,16,29,7,30,66,63,61
l25,6=0,0,0,0,0,0,8,25,36,26,43,16,30,19,0,0,51,51,40,55,20,60,31,80,71,83,0,68,0,0,2,0,46,22,0,23,11,30,30,30,23,29,38,71,54
l26,6=0,0,0,0,0,0,0,2,34,18,0,29,32,28,38,0,48,24,46,59,50,78,72,76,64,79,75,0,0,0,1,0,54,41,0,40,45,46,55,40,24,45,74,50,50
l27,6=35,58,22,0,33,18,0,0,0,14,0,34,40,50,50,0,18,52,64,12,29,0,0,0,17,18,7,1,0,0,0,43,33,45,0,16,13,1,44,71,77,47,0,0,0
l28,6=17,0,0,43,35,17,0,0,0,0,26,16,29,33,30,0,43,79,34,53,43,0,0,8,14,28,0,0,0,0,76,0,43,53,0,20,29,16,34,60,78,72,18,15,0
l29,6=0,0,0,0,0,0,0,0,0,0,0,0,0,0,0,0,0,14,0,41,0,61,13,27,51,0,66,55,0,0,42,43,0,84,0,73,74,83,80,86,48,67,0,1,0
l30,6=0,0,0,0,0,6,0,0,0,0,0,0,0,0,11,0,0,0,15,28,18,54,3,68,33,54,60,60,0,0,41,50,74,0,0,73,74,78,80,57,81,88,29,27,13
l31,6=0,0,0,0,0,0,0,0,0,0,0,0,0,0,0,0,0,25,0,31,0,51,0,55,63,57,62,51,0,0,25,36,74,79,0,0,74,86,72,75,64,81,0,0,0
l32,6=0,0,0,0,0,0,0,0,0,0,0,0,0,0,0,0,0,8,0,22,0,51,0,51,13,50,53,60,0,0,38,43,74,84,0,73,0,80,68,70,58,66,42,0,0
l33,6=0,0,0,0,0,0,0,0,0,0,0,0,0,0,0,0,0,0,0,0,0,0,0,46,0,0,60,52,0,0,37,37,71,78,0,73,72,0,66,45,58,79,0,0,0
l34,6=0,0,0,0,0,7,0,0,0,0,0,0,0,0,18,0,7,48,0,50,29,59,27,64,46,1,59,62,0,0,46,27,74,84,0,70,66,64,0,87,81,89,21,29,0
l35,6=0,0,0,0,0,11,0,0,0,0,0,0,0,0,0,0,30,0,0,57,26,49,0,12,20,32,36,32,0,0,70,70,74,81,0,46,71,34,80,0,81,89,10,4,0
l36,6=0,0,0,0,0,0,0,0,0,0,0,0,3,0,24,0,34,79,23,50,13,51,0,17,19,1,38,32,0,0,78,77,73,84,0,72,71,29,80,87,0,88,0,0,0
l37,6=0,0,0,0,0,0,0,0,0,0,19,0,1,0,0,0,27,48,0,42,28,51,0,16,31,38,41,35,0,0,66,70,70,84,0,68,67,63,80,87,81,0,0,0,0
l38,6=0,0,0,0,0,0,0,0,0,0,20,0,18,0,40,0,9,30,21,39,11,28,13,49,59,46,33,59,0,0,0,2,0,12,0,0,6,0,23,4,0,0,0,68,66
l39,6=0,0,0,0,0,0,0,1,0,0,23,16,18,14,50,0,30,47,48,52,52,21,20,40,58,66,78,61,0,0,0,0,0,10,0,0,0,0,21,0,0,0,77,0,73
l40,6=0,0,0,0,0,0,0,0,0,0,0,0,0,0,49,0,0,40,38,41,44,41,23,50,35,67,56,53,0,0,0,0,0,0,0,0,0,0,0,0,0,0,76,73,0
l41,6=0,0,0,0,0,0,0,0,0,1,3,0,37,31,55,0,36,35,49,56,57,44,23,56,65,71,70,55,0,0,12,7,0,0,0,0,0,0,19,0,15,11,71,75,61
l42,6=0,0,0,0,0,0,0,0,0,0,0,0,0,0,23,0,0,26,24,47,20,27,25,35,34,71,69,64,0,0,0,0,34,0,0,21,12,14,32,0,19,0,76,70,54
l43,6=0,0,0,0,0,0,0,0,0,0,0,0,0,0,15,0,10,5,17,39,21,33,32,44,32,64,60,69,0,0,0,0,23,0,0,21,0,0,27,0,0,0,76,69,66
l44,6=0,0,0,0,0,0,0,0,0,0,0,0,0,0,11,0,26,23,11,31,21,29,33,40,62,75,56,59,0,0,0,0,0,0,0,0,0,0,0,0,0,10,75,64,66

l0,7=0,93,93,94,92,84,88,87,76,89,79,85,86,88,57,0,70,79,0,12,0,0,0,0,0,0,0,0,0,0,47,1,0,0,0,0,0,0,0,0,1,0,0,0,0
l1,7=89,0,95,94,92,84,88,0,78,90,82,83,86,88,0,0,69,60,66,43,0,0,0,0,0,0,0,0,0,0,0,23,0,0,0,0,0,0,0,0,1,0,0,0,0
l2,7=89,93,0,94,92,84,88,90,77,85,79,84,86,88,21,0,61,76,70,40,28,0,0,0,0,0,0,0,0,0,77,0,0,0,0,0,0,0,0,0,0,0,0,0,0
l3,7=89,93,95,0,92,84,87,87,76,89,19,76,86,88,0,0,60,71,56,0,0,0,0,0,0,0,0,0,0,0,82,41,0,0,0,0,0,0,0,0,0,0,0,0,0
l4,7=89,93,93,94,0,84,88,87,75,85,51,83,50,69,0,0,58,0,0,52,0,0,0,0,0,0,0,0,0,0,77,17,0,0,0,0,0,0,0,0,0,0,0,0,0
l5,7=89,93,95,94,92,0,88,87,77,86,89,87,86,88,38,0,72,61,61,37,29,0,0,0,0,0,0,0,0,0,65,14,0,0,0,0,0,0,0,0,0,0,0,0,0
l6,7=89,93,95,94,92,84,0,90,77,90,89,87,86,88,65,0,14,74,74,62,31,0,0,0,0,35,0,0,0,0,1,0,0,0,0,0,0,0,0,0,0,0,0,0,0
l7,7=83,43,92,84,86,76,88,0,79,90,80,88,82,88,71,0,71,75,17,60,58,29,0,4,21,35,20,60,0,0,0,0,0,0,0,0,0,0,0,0,0,0,0,0,0
l8,7=83,87,90,79,80,78,83,91,0,90,78,86,82,86,65,0,71,0,70,47,56,47,51,55,51,28,42,49,0,0,1,29,0,0,0,0,0,0,0,0,0,0,0,0,0
l9,7=85,88,85,89,89,78,88,91,79,0,79,88,86,89,76,0,68,0,74,61,70,21,0,21,0,23,31,0,0,0,41,16,0,0,0,0,0,0,0,0,0,0,0,24,0
l10,7=35,37,40,0,38,79,82,84,75,80,0,52,82,87,80,0,75,74,81,45,50,8,27,38,29,22,24,0,0,0,55,28,0,0,0,0,0,0,0,0,13,1,10,14,0
l11,7=55,65,89,26,89,78,83,86,78,86,83,0,86,87,76,0,73,55,74,64,15,0,0,27,24,7,21,53,0,0,0,11,0,0,0,0,0,0,0,0,0,0,0,31,16
l12,7=67,87,81,51,73,71,72,76,76,86,84,88,0,89,76,0,75,0,78,67,29,5,27,26,46,44,41,1,0,0,59,17,0,0,0,0,0,0,0,0,5,0,15,14,0
l13,7=83,86,91,83,73,78,72,86,76,86,83,88,86,0,77,0,66,63,72,67,56,11,30,32,26,32,0,51,0,0,19,19,0,0,0,0,0,0,0,0,4,0,0,0,0
l14,7=22,0,0,0,0,12,36,79,50,73,87,31,49,60,0,0,79,91,84,79,43,29,16,34,27,28,21,54,0,0,74,29,0,0,0,0,0,0,5,15,27,0,16,34,27
l15,7=25,29,7,15,28,42,2,74,70,51,89,27,48,12,77,0,0,70,78,50,46,19,22,23,25,21,24,29,0,0,48,20,0,5,0,0,0,0,0,15,12,4,10,7,9
l16,7=22,3,18,6,0,17,31,61,0,0,71,7,0,6,83,0,71,0,84,78,62,8,0,11,26,24,25,12,0,0,85,60,0,33,0,0,3,2,20,40,78,19,18,34,31
l17,7=0,28,36,25,0,34,36,0,48,68,83,45,50,53,83,0,75,87,0,49,49,24,19,35,28,27,24,56,0,0,69,26,0,0,0,0,0,0,0,0,0,14,0,35,31
l18,7=0,25,10,0,31,14,19,56,15,58,46,28,34,33,72,0,59,75,64,0,82,65,37,13,65,72,64,75,0,0,58,25,16,28,0,0,0,0,27,37,56,17,19,72,33
l19,7=0,0,36,0,0,35,22,58,50,63,67,18,20,38,70,0,76,91,81,79,0,27,30,47,79,75,22,66,0,0,52,22,0,41,0,0,0,9,21,40,48,0,18,46,39
l20,7=0,0,0,0,0,0,0,30,14,26,12,0,8,3,58,0,54,20,43,73,47,0,81,85,70,77,66,85,0,0,0,0,67,40,0,24,28,0,73,13,0,0,65,71,59
l21,7=0,0,0,0,0,0,0,0,42,0,28,0,46,33,26,0,57,0,31,69,62,81,0,80,70,69,33,83,0,0,0,0,12,4,0,0,14,0,53,0,0,0,67,64,40
l22,7=0,0,0,0,0,0,0,20,17,17,46,27,15,12,50,0,44,22,55,21,74,75,70,0,78,77,71,84,0,0,2,0,40,68,0,34,55,41,73,53,19,51,73,69,63
l23,7=0,0,0,0,0,0,0,23,11,0,36,11,26,7,54,0,49,41,61,70,78,69,64,90,0,85,74,81,0,0,11,7,26,34,0,57,17,0,23,15,22,27,71,71,60
l24,7=0,0,0,0,0,0,11,58,9,28,31,9,56,9,61,0,43,41,67,71,77,75,39,85,79,0,74,82,0,0,16,0,0,21,0,24,17,0,10,43,23,25,70,72,39
l25,7=0,0,0,0,0,0,0,25,10,28,58,28,57,0,60,0,57,54,67,73,37,64,11,90,79,85,0,79,0,0,0,1,72,60,0,28,29,33,21,22,44,30,70,79,65
l26,7=0,0,0,0,0,0,0,26,14,0,0,25,10,12,42,0,31,14,51,73,51,75,75,85,70,77,68,0,0,0,10,0,68,34,0,24,63,29,75,38,0,27,67,33,69
l27,7=15,0,18,25,51,22,0,0,0,37,70,0,0,2,53,0,40,91,48,53,12,0,0,0,3,7,0,2,0,0,0,94,10,56,0,58,46,7,31,33,81,40,2,0,5
l28,7=0,25,0,26,31,16,0,0,12,31,75,5,0,5,53,0,44,91,23,46,9,0,0,0,20,0,5,0,0,0,94,0,20,71,0,57,56,10,28,52,33,43,7,8,0
l29,7=0,0,0,0,0,0,0,0,0,0,0,0,0,0,0,0,0,3,0,41,0,42,0,55,61,0,62,68,0,0,25,18,0,79,0,79,87,85,90,91,75,79,0,6,3
l30,7=0,0,0,0,0,0,0,0,0,0,0,0,0,0,0,0,3,15,0,27,7,14,0,71,46,22,42,34,0,0,58,53,83,0,0,79,87,79,91,65,82,85,0,1,1
l31,7=0,0,0,0,0,0,0,0,0,0,0,0,0,0,0,0,0,21,0,0,0,23,0,66,66,59,61,48,0,0,55,37,83,76,0,0,87,88,89,63,78,64,2,3,0
l32,7=0,0,0,0,0,0,0,0,0,0,0,0,0,0,0,0,0,8,0,0,0,35,10,69,57,51,57,71,0,0,28,24,83,73,0,79,0,88,83,78,59,32,9,0,0
l33,7=0,0,0,0,0,0,0,0,0,0,0,0,0,0,0,0,0,0,0,0,0,0,0,59,0,0,54,50,0,0,26,9,83,74,0,79,86,0,87,75,63,57,18,0,0
l34,7=0,0,0,0,0,0,0,0,0,0,0,0,0,0,2,0,0,26,0,64,10,60,15,80,48,18,28,76,0,0,74,29,83,79,0,78,79,78,0,91,82,86,13,13,0
l35,7=0,0,0,0,0,5,0,0,0,0,0,0,0,0,19,0,33,47,0,61,14,15,0,22,26,59,24,39,0,0,46,40,83,70,0,66,80,42,91,0,82,86,0,0,0
l36,7=0,0,0,0,0,0,0,0,0,0,7,0,0,0,30,0,34,77,0,63,30,0,0,20,62,54,38,0,0,0,94,35,41,79,0,78,59,45,91,91,0,86,1,0,0
l37,7=0,0,0,0,0,0,0,0,0,0,6,0,0,0,0,0,25,41,16,55,0,0,0,27,64,55,38,33,0,0,81,35,81,78,0,70,57,46,91,91,82,0,17,3,0
l38,7=0,0,0,0,0,0,0,0,0,0,10,0,10,0,32,0,17,19,0,23,30,24,14,67,60,62,59,44,0,0,1,2,0,0,0,0,1,6,12,0,0,6,0,78,74
l39,7=0,0,0,0,0,0,0,0,0,1,13,9,8,0,41,0,14,33,49,59,60,51,14,63,61,61,73,27,0,0,1,8,4,0,0,0,0,0,11,0,0,0,75,0,64
l40,7=0,0,0,0,0,0,0,0,0,0,0,5,0,0,23,0,5,22,25,40,53,45,11,54,47,45,59,64,0,0,0,0,0,0,0,0,0,0,0,0,0,0,74,73,0
l41,7=0,0,0,0,0,0,0,19,16,0,15,0,41,15,61,0,48,39,64,56,76,25,1,56,76,76,63,40,0,0,0,27,6,0,0,0,0,0,9,0,0,14,70,80,66
l42,7=0,0,0,0,0,0,0,0,0,0,0,0,0,0,47,0,22,6,0,52,0,52,33,49,65,79,72,72,0,0,0,0,36,19,0,0,0,0,0,0,0,0,74,79,51
l43,7=0,0,0,0,0,0,0,0,0,0,0,0,0,0,18,0,20,0,29,61,37,30,29,74,23,78,68,64,0,0,0,0,26,0,0,16,2,0,1,0,0,0,74,77,69
l44,7=0,0,0,0,0,0,0,0,0,0,0,0,9,0,24,0,21,15,24,34,39,27,29,65,71,73,55,42,0,0,0,0,0,17,0,4,0,0,4,0,0,11,74,77,72

l0,8=0,95,100,97,95,97,98,97,93,97,85,98,97,98,91,0,90,68,38,31,0,0,0,0,0,0,0,0,0,0,0,0,0,0,0,0,0,0,0,0,0,0,0,0,0
l1,8=98,0,100,100,94,97,98,65,96,99,77,85,98,100,78,0,76,65,41,46,0,0,0,0,18,0,0,0,0,0,84,0,0,0,0,0,0,0,0,0,0,0,0,0,0
l2,8=98,96,0,100,95,97,98,99,96,98,86,99,97,100,93,0,82,73,50,0,74,0,0,0,0,0,0,0,0,0,86,1,0,0,0,0,0,0,0,0,0,0,0,40,0
l3,8=98,96,100,0,95,97,98,98,95,89,85,93,99,98,0,0,84,74,39,0,0,0,0,0,0,0,0,0,0,0,89,70,0,0,0,0,0,0,0,0,1,0,0,0,0
l4,8=98,95,100,100,0,97,97,0,88,97,86,98,95,98,65,0,85,71,50,51,0,0,0,0,0,0,0,0,0,0,1,18,0,0,0,0,0,0,0,0,0,0,0,0,0
l5,8=98,96,100,100,95,0,98,99,0,99,86,99,99,100,69,0,93,75,46,46,67,0,0,0,0,0,0,0,0,0,79,75,0,0,0,0,0,0,0,0,13,0,0,0,0
l6,8=98,96,100,100,95,97,0,99,96,99,90,99,99,98,93,0,90,76,53,0,78,0,0,0,0,48,0,0,0,0,91,46,0,0,0,0,0,0,0,0,0,0,0,0,0
l7,8=94,95,100,99,25,96,98,0,96,99,99,99,99,100,96,0,99,78,84,92,85,35,0,62,58,88,46,57,0,0,0,0,0,0,0,0,0,0,0,0,0,0,0,0,0
l8,8=90,96,100,95,91,0,97,99,0,99,96,99,99,100,30,0,90,0,86,93,96,78,6,80,64,0,70,73,0,0,0,57,0,0,0,0,0,0,0,0,0,0,0,45,0
l9,8=89,96,95,92,92,90,98,99,96,0,98,99,99,100,96,0,99,50,43,54,94,44,0,77,48,50,48,0,0,0,47,66,0,0,0,0,0,0,0,0,0,0,0,50,0
l10,8=88,78,90,91,90,88,93,61,57,74,0,94,99,100,98,0,99,62,94,53,79,50,36,87,63,46,51,27,0,0,86,92,0,0,0,0,0,0,0,0,0,0,0,54,0
l11,8=92,73,96,84,91,90,93,99,96,95,95,0,99,100,96,0,94,64,95,50,64,0,0,73,63,42,47,73,0,0,82,0,0,0,0,0,0,0,0,0,0,0,39,6,41
l12,8=92,91,93,96,90,89,93,97,96,99,99,99,0,100,96,0,99,80,96,90,78,0,46,0,63,53,49,0,0,0,82,78,0,0,0,0,0,0,0,0,0,0,50,0,0
l13,8=91,91,100,96,91,97,91,99,96,99,99,99,99,0,96,0,94,81,94,55,70,53,51,90,64,53,0,78,0,0,51,65,0,0,0,0,0,0,0,0,65,0,0,0,0
l14,8=45,36,80,0,58,40,88,58,7,66,99,97,99,93,0,0,99,86,97,98,83,51,22,86,67,56,50,66,0,0,90,92,0,0,0,0,0,0,0,0,48,2,26,46,40
l15,8=88,46,46,72,73,92,86,59,59,79,99,99,99,99,99,0,0,85,97,55,81,55,0,83,69,50,48,76,0,0,0,89,0,7,0,0,0,0,12,12,63,20,19,39,41
l16,8=26,30,39,53,75,87,55,32,0,0,28,58,97,93,99,0,98,0,60,58,83,1,0,0,74,55,52,0,0,0,99,98,0,0,0,0,35,23,22,58,100,57,49,32,49
l17,8=23,35,51,47,76,49,63,37,26,41,98,98,99,93,99,0,99,85,0,57,99,51,54,84,70,55,47,73,0,0,90,73,0,0,0,0,0,0,0,10,69,41,28,51,44
l18,8=9,59,0,0,45,32,0,41,45,38,55,67,91,67,99,0,73,100,89,0,91,93,53,93,81,88,89,93,0,0,88,54,28,19,0,15,11,0,41,35,68,73,70,55,67
l19,8=0,0,39,0,16,35,77,52,65,91,97,79,95,76,99,0,98,100,97,97,0,57,18,93,81,89,89,93,0,0,98,62,0,36,0,0,0,0,47,51,97,42,64,94,84
l20,8=0,0,0,0,0,0,0,36,61,33,57,22,12,47,70,0,70,15,47,78,57,0,95,94,64,75,72,94,0,0,0,0,66,54,0,17,35,0,67,36,23,43,72,62,58
l21,8=0,0,0,0,0,0,0,0,29,0,55,0,57,42,59,0,6,0,62,87,18,95,0,91,79,82,56,93,0,0,0,0,56,53,0,0,57,0,62,0,0,0,63,78,53
l22,8=0,0,0,0,0,0,0,21,28,25,57,39,0,27,62,0,35,0,19,87,72,93,78,0,81,84,90,93,0,0,0,0,58,69,0,63,59,60,84,53,0,53,80,86,65
l23,8=0,0,0,0,0,0,0,26,23,6,58,65,57,27,72,0,67,66,56,90,71,85,74,94,0,91,91,93,0,0,28,0,62,39,0,46,32,18,67,33,58,24,76,93,81
l24,8=0,0,0,0,0,6,21,64,0,55,55,47,64,46,82,0,66,69,78,90,71,92,70,92,81,0,91,93,0,0,37,17,67,24,0,27,39,30,64,26,68,28,87,87,56
l25,8=0,0,0,0,0,0,0,29,21,41,66,62,64,0,71,0,65,65,52,87,70,72,13,94,81,91,0,70,0,0,0,18,67,64,0,42,70,53,27,15,50,47,85,94,70
l26,8=0,0,0,0,0,0,0,23,30,0,21,39,4,23,27,0,52,0,55,88,60,91,84,94,78,84,80,0,0,0,0,0,72,54,0,54,87,29,84,29,0,27,67,64,77
l27,8=0,55,51,67,0,42,85,0,0,3,51,76,88,44,99,0,0,90,60,58,81,0,0,0,63,17,0,0,0,0,0,100,0,60,0,42,71,51,57,48,99,96,0,27,5
l28,8=0,0,0,64,56,53,38,0,33,27,62,4,92,86,63,0,57,100,48,56,53,0,0,1,0,12,14,0,0,0,99,0,57,47,0,13,84,50,79,100,99,71,26,41,0
l29,8=0,0,0,0,0,0,0,0,0,0,0,0,0,0,0,0,0,0,0,59,0,86,23,74,74,75,80,88,0,0,0,81,0,100,0,97,96,99,100,100,90,91,57,15,0
l30,8=0,0,0,0,0,0,0,0,0,0,0,0,0,0,0,0,22,0,0,40,41,45,31,93,77,16,89,90,0,0,96,84,95,0,0,97,96,100,100,100,100,96,0,8,0
l31,8=0,0,0,0,0,0,0,0,0,0,0,0,0,0,0,0,0,11,0,30,0,26,0,89,74,25,68,89,0,0,82,39,95,100,0,0,96,100,100,93,100,95,0,29,0
l32,8=0,0,0,0,0,0,0,0,0,0,0,0,0,0,0,0,0,33,0,2,0,52,49,86,51,52,72,90,0,0,81,81,95,98,0,97,0,100,100,85,90,87,56,0,0
l33,8=0,0,0,0,0,0,0,0,0,0,0,0,0,0,0,0,0,14,0,0,0,0,0,86,52,44,70,78,0,0,91,65,95,100,0,97,96,0,74,100,100,69,0,0,0
l34,8=0,0,0,0,0,0,0,0,0,0,0,0,0,0,0,0,29,50,0,66,43,61,48,93,74,31,28,92,0,0,94,90,95,100,0,97,96,98,0,100,100,96,50,38,18
l35,8=0,0,0,0,0,0,0,0,0,0,0,0,0,0,1,0,41,60,33,52,47,36,0,54,65,27,24,79,0,0,93,97,95,100,0,48,80,100,100,0,100,96,0,0,10
l36,8=0,0,0,0,0,9,0,0,0,0,0,0,0,60,24,0,45,66,35,89,65,30,0,0,73,64,27,0,0,0,99,99,87,100,0,95,83,98,100,100,0,96,23,21,0
l37,8=0,0,0,0,0,0,0,0,0,0,0,0,0,0,1,0,26,54,33,60,46,42,0,54,65,30,28,62,0,0,99,88,91,100,0,55,84,62,100,100,100,0,0,0,0
l38,8=0,0,0,0,0,0,0,0,0,0,0,21,42,0,43,0,17,43,9,50,43,49,48,63,47,50,71,50,0,0,0,10,26,0,0,0,19,3,11,0,9,0,0,93,84
l39,8=0,0,0,0,0,0,0,0,0,16,37,8,0,0,49,0,29,37,40,68,66,28,33,80,80,68,89,52,0,0,11,20,2,2,0,11,0,0,12,0,6,0,88,0,86
l40,8=0,0,0,0,0,0,0,0,0,0,0,14,0,0,34,0,25,44,18,51,52,58,24,63,70,42,74,63,0,0,0,0,0,0,0,0,0,0,0,0,0,0,88,90,0
l41,8=0,0,0,0,0,0,0,14,27,0,15,56,67,15,75,0,69,30,85,77,72,42,37,68,81,89,89,54,0,0,13,62,0,0,0,0,0,0,14,0,0,25,88,93,82
l42,8=0,0,0,0,0,0,0,0,0,0,0,0,0,0,57,0,0,17,26,53,38,67,66,76,63,86,87,71,0,0,0,0,48,21,0,0,3,0,1,0,3,0,89,94,61
l43,8=0,0,0,0,0,0,0,0,0,0,0,0,0,0,28,0,0,0,11,54,43,55,27,76,47,60,77,61,0,0,0,0,23,21,0,0,0,0,3,0,0,0,78,78,63
l44,8=0,0,0,0,0,0,0,0,0,0,0,0,17,0,47,0,22,2,26,55,28,50,33,75,78,49,71,36,0,0,0,0,0,17,0,0,0,0,0,0,0,0,86,88,58

l0,9=0,99,99,92,98,98,99,96,94,96,95,99,95,93,30,0,88,79,0,6,4,0,0,0,9,0,0,0,0,0,63,79,0,0,0,0,0,0,0,0,0,0,0,0,0
l1,9=98,0,83,92,98,98,99,91,100,100,99,99,100,59,34,0,62,92,0,92,0,0,0,0,0,60,0,0,0,0,63,7,0,0,0,0,0,0,0,0,13,0,0,0,0
l2,9=98,99,0,92,98,98,99,100,100,100,100,100,100,98,61,0,83,76,95,90,0,1,0,0,0,0,0,0,0,0,63,0,0,0,0,0,0,0,0,0,0,0,0,0,0
l3,9=98,99,99,0,98,98,99,96,97,96,88,92,100,61,32,0,72,0,66,62,0,0,0,0,0,0,0,0,0,0,61,80,0,0,0,0,0,0,0,0,0,0,0,0,0
l4,9=98,99,99,92,0,98,99,96,99,97,96,100,79,97,10,0,91,83,71,91,0,0,0,0,0,0,0,0,0,0,54,79,0,0,0,0,0,0,0,0,0,0,0,0,0
l5,9=98,99,99,92,98,0,99,97,99,100,95,100,100,97,33,0,83,97,42,0,1,0,0,0,0,62,0,0,0,0,62,85,0,0,0,0,0,0,0,2,31,0,0,0,0
l6,9=98,99,99,92,98,98,0,99,100,100,100,100,100,97,35,0,88,96,92,89,89,0,0,0,0,0,0,0,0,0,57,90,0,0,0,0,0,0,0,0,0,0,0,0,0
l7,9=98,99,99,92,97,98,99,0,100,100,100,100,100,98,60,0,100,97,0,99,95,98,0,37,83,98,33,63,0,0,0,0,0,0,0,0,0,0,0,0,0,0,0,38,0
l8,9=98,99,99,87,98,98,99,98,0,100,100,100,100,97,97,0,100,99,95,99,97,91,0,71,79,97,56,58,0,0,2,23,0,0,0,0,0,0,0,0,0,0,0,49,0
l9,9=98,99,99,91,96,98,99,97,100,0,100,100,100,97,97,0,100,97,99,99,98,57,0,0,80,96,34,11,0,0,0,95,0,0,0,0,0,0,0,0,0,0,0,0,0
l10,9=78,61,63,31,36,60,99,98,99,100,0,100,100,69,97,0,100,100,100,99,95,62,45,64,79,90,34,0,0,0,64,99,0,0,0,0,0,0,0,0,15,57,92,65,52
l11,9=98,61,98,17,96,98,99,98,100,100,100,0,100,98,97,0,100,100,99,99,85,0,0,60,79,73,31,49,0,0,57,0,0,0,0,0,0,0,0,0,0,0,0,46,24
l12,9=78,61,63,33,35,68,99,95,99,100,100,100,0,98,62,0,100,100,99,99,79,62,56,0,0,95,33,5,0,0,60,71,0,0,0,0,0,0,0,0,0,0,72,15,0
l13,9=98,61,99,36,96,98,99,94,100,100,100,100,100,0,36,0,100,100,99,99,96,63,46,62,79,97,34,33,0,0,56,92,0,0,0,0,0,0,0,0,26,0,0,56,0
l14,9=55,52,59,1,7,52,98,89,96,97,100,99,85,35,0,0,91,100,100,99,98,63,30,62,79,98,33,35,0,0,64,99,0,0,0,0,0,0,11,0,31,85,95,63,57
l15,9=76,8,39,2,36,59,97,98,96,100,100,100,100,60,97,0,0,99,100,99,42,63,57,62,78,98,33,35,0,0,49,97,0,0,0,0,0,0,41,0,33,92,95,31,0
l16,9=32,57,0,0,17,32,91,58,64,81,60,73,85,35,62,0,88,0,100,99,100,0,0,51,79,100,30,0,0,0,99,99,59,0,0,0,56,5,27,36,34,92,60,64,36
l17,9=0,0,38,0,22,12,90,0,93,96,100,100,86,37,97,0,99,100,0,99,100,63,57,47,78,100,33,35,0,0,64,97,0,0,0,0,0,0,0,32,23,13,79,64,0
l18,9=2,48,26,0,24,0,64,97,96,92,98,98,88,36,95,0,98,98,98,0,98,63,58,73,98,98,33,97,0,0,65,96,69,32,0,29,69,14,78,25,34,92,95,63,57
l19,9=26,0,0,0,0,12,91,82,67,97,98,72,32,56,97,0,74,100,100,99,0,58,0,73,79,99,56,57,0,0,64,98,0,34,0,0,0,0,42,36,58,92,95,63,57
l20,9=0,0,0,0,0,0,8,89,79,70,83,0,89,76,77,0,95,0,91,97,95,0,100,100,99,100,95,98,0,0,0,0,91,83,0,5,82,0,96,55,0,81,89,82,83
l21,9=0,0,0,0,0,0,0,0,0,0,83,0,98,42,75,0,78,0,97,97,0,100,0,98,98,99,53,97,0,0,0,0,0,41,0,0,82,0,80,0,0,0,90,95,91
l22,9=0,0,0,0,0,0,0,0,74,0,83,76,1,64,76,0,80,75,69,97,95,98,64,0,99,99,95,97,0,0,0,0,79,85,0,84,82,66,98,75,70,76,83,87,73
l23,9=0,0,0,0,0,0,0,62,76,71,82,78,0,46,91,0,97,95,98,97,98,98,89,99,0,100,97,97,0,0,46,0,61,25,0,53,56,52,79,22,26,78,95,95,93
l24,9=0,36,0,0,0,47,0,85,83,77,74,70,89,80,87,0,92,98,98,92,98,98,96,98,100,0,96,97,0,0,38,0,86,48,0,0,90,69,85,79,95,72,95,91,36
l25,9=0,0,0,0,0,0,0,47,80,74,93,76,90,48,86,0,77,80,91,91,91,92,38,99,100,100,0,92,0,0,0,35,89,93,0,52,93,72,91,0,49,57,95,96,91
l26,9=0,0,0,0,0,0,0,69,78,19,0,84,39,21,93,0,85,0,87,97,93,98,96,98,98,99,94,0,0,0,0,0,84,99,0,91,97,70,98,38,9,83,82,53,75
l27,9=65,54,38,9,8,17,40,0,1,0,26,52,27,24,34,0,56,100,100,99,63,0,0,0,65,30,0,0,0,0,0,100,0,37,0,18,67,30,22,37,34,92,3,10,20
l28,9=74,2,0,20,33,17,81,0,10,89,27,0,30,30,44,0,85,94,38,39,41,0,0,0,33,0,8,0,0,0,99,0,67,0,0,0,68,0,25,37,100,90,13,0,0
l29,9=0,0,0,0,0,0,0,0,0,0,0,0,0,0,0,0,0,59,0,37,0,94,0,68,88,94,96,96,0,0,0,99,0,100,0,99,99,100,100,100,100,100,58,5,0
l30,9=0,0,0,0,0,0,0,0,0,0,0,0,0,0,0,0,0,1,0,15,22,8,19,100,57,61,97,99,0,0,99,0,100,0,0,99,99,100,100,100,100,100,46,3,14
l31,9=0,0,0,0,0,0,0,0,0,0,0,0,0,0,0,0,0,0,0,36,0,4,0,84,79,0,86,93,0,0,91,0,100,100,0,0,99,100,100,89,100,93,0,2,0
l32,9=0,0,0,0,0,0,0,0,0,0,0,0,0,0,0,0,0,65,0,36,0,56,9,75,58,92,95,97,0,0,81,83,100,100,0,99,0,100,100,96,99,100,0,18,0
l33,9=0,0,0,0,0,0,0,0,0,0,0,0,0,0,0,0,0,0,0,1,0,0,0,17,57,59,32,48,0,0,57,0,100,100,0,99,99,0,100,100,99,100,0,0,0
l34,9=0,0,0,0,0,0,0,0,0,0,0,0,0,0,14,0,76,71,0,39,36,36,37,63,68,67,29,99,0,0,29,68,100,100,0,98,99,100,0,100,100,100,46,2,14
l35,9=0,0,0,0,0,3,0,0,0,0,0,0,0,0,0,0,1,90,38,37,39,30,0,28,65,69,0,34,0,0,41,68,100,100,0,96,71,99,100,0,100,100,0,0,0
l36,9=0,1,0,0,0,17,0,0,0,0,4,0,0,29,32,0,78,85,37,39,42,0,0,20,66,68,25,3,0,0,32,84,95,100,0,95,68,33,100,100,0,100,0,0,0
l37,9=0,0,0,0,0,0,0,0,0,0,18,0,0,0,32,0,81,83,16,98,39,11,0,19,65,66,19,33,0,0,99,97,100,100,0,33,99,99,100,100,100,0,0,0,0
l38,9=0,0,0,0,0,0,0,0,0,0,64,0,45,0,49,0,54,65,32,83,69,73,29,79,98,90,94,67,0,0,0,0,38,12,0,0,0,0,43,0,0,0,0,95,93
l39,9=0,0,0,0,0,0,0,5,22,0,76,60,17,19,54,0,60,88,93,90,95,51,40,95,98,88,94,23,0,0,35,0,39,4,0,0,41,0,0,0,0,0,95,0,93
l40,9=0,0,0,0,0,0,0,0,0,0,56,4,0,0,39,0,0,60,0,88,88,92,54,87,96,3,88,41,0,0,0,0,0,0,0,0,0,0,1,0,0,0,95,95,0
l41,9=0,0,0,0,0,0,0,0,53,0,66,69,78,35,94,0,96,94,95,97,93,79,0,66,98,99,95,69,0,0,38,79,0,15,0,0,29,0,55,20,0,64,95,95,93
l42,9=0,0,0,0,0,0,0,0,0,0,0,0,0,0,0,0,25,1,68,90,90,91,62,92,98,99,92,96,0,0,0,0,0,0,0,0,32,0,70,0,0,0,95,95,93
l43,9=0,0,0,0,0,0,0,0,0,0,0,0,0,0,77,0,0,54,76,90,76,80,62,91,92,91,91,86,0,0,0,0,16,0,0,25,0,0,0,0,0,0,89,91,87
l44,9=0,0,0,0,0,0,0,0,0,0,0,0,5,21,74,0,39,74,77,95,76,79,67,98,98,99,95,75,0,0,0,0,40,0,0,26,0,0,0,0,0,32,95,95,90

l0,10=0,96,97,95,98,70,97,0,75,93,91,74,94,93,64,0,76,80,0,0,5,0,0,0,0,0,0,0,0,0,0,70,0,0,0,0,0,0,0,0,0,0,0,0,0
l1,10=96,0,97,95,98,97,97,1,88,92,55,81,96,93,84,0,78,91,77,0,3,0,0,0,0,0,0,0,0,0,0,69,0,0,0,0,0,0,0,0,0,0,0,0,0
l2,10=95,96,0,91,97,97,97,0,96,92,91,94,97,97,85,0,90,80,78,67,41,0,0,0,33,50,32,0,0,0,0,65,0,0,0,0,0,0,0,0,0,0,0,65,0
l3,10=96,96,96,0,98,97,97,0,96,94,55,78,97,92,65,0,80,0,0,0,0,0,0,0,0,0,0,0,0,0,55,73,0,0,0,0,0,0,0,0,0,0,0,0,0
l4,10=96,96,96,95,0,97,97,0,96,92,90,69,94,92,0,0,88,89,75,0,0,0,0,0,0,0,0,0,0,0,0,79,0,0,0,0,0,0,0,0,0,0,0,0,0
l5,10=78,96,97,95,98,0,97,1,96,55,91,94,96,97,74,0,78,84,79,0,0,0,0,0,0,0,0,0,0,0,21,74,0,0,0,0,0,0,0,0,0,0,0,0,0
l6,10=95,96,97,95,95,96,0,1,96,94,91,94,93,93,71,0,90,91,80,56,1,0,0,0,22,0,39,0,0,0,43,77,0,0,0,0,0,0,0,0,0,0,0,0,0
l7,10=95,96,97,93,95,95,97,0,96,95,92,94,97,97,89,0,93,80,81,91,75,61,0,52,0,80,60,58,0,0,0,66,0,0,0,0,0,0,0,0,0,0,0,55,0
l8,10=70,91,97,89,95,96,97,0,0,92,92,94,97,93,84,0,87,74,82,72,70,44,0,41,65,39,65,48,0,0,21,0,0,0,0,0,0,0,0,0,0,0,0,38,0
l9,10=91,92,93,91,94,93,93,1,92,0,91,94,97,97,90,0,90,84,82,72,38,42,0,15,49,21,52,26,0,0,0,70,0,0,0,0,0,0,0,0,0,0,0,0,0
l10,10=90,82,91,80,89,93,92,0,92,93,0,91,97,93,91,0,93,87,88,55,89,40,0,60,45,69,68,26,0,0,45,72,0,0,0,0,0,0,0,0,18,0,4,79,43
l11,10=65,82,93,77,60,93,93,0,92,95,91,0,97,97,90,0,90,72,87,73,49,30,0,45,43,55,59,40,0,0,40,63,0,0,0,0,0,0,0,0,0,0,0,0,0
l12,10=91,90,93,90,91,93,90,0,92,93,92,93,0,95,90,0,90,91,87,65,51,42,67,4,46,76,65,35,0,0,0,0,0,0,0,0,0,0,0,0,0,0,55,38,0
l13,10=90,90,94,90,93,96,92,0,92,95,91,94,97,0,90,0,90,77,88,56,89,1,60,47,37,55,58,26,0,0,0,56,0,0,0,0,0,0,0,0,0,0,0,71,0
l14,10=20,58,55,28,0,73,36,0,78,53,56,75,94,86,0,0,93,97,90,69,96,24,40,31,49,73,63,46,0,0,53,77,0,5,0,0,0,0,0,12,0,9,79,87,27
l15,10=24,65,87,41,84,82,87,0,79,58,92,81,97,93,94,0,0,90,90,75,54,40,12,57,50,72,62,46,0,0,53,81,0,28,0,0,0,7,0,11,0,1,77,86,0
l16,10=26,63,31,0,66,40,51,2,36,22,34,48,95,43,94,0,91,0,88,77,96,17,0,40,49,58,32,0,0,0,96,90,63,0,0,0,0,0,62,0,51,3,2,81,30
l17,10=0,61,62,0,62,82,49,3,83,68,89,88,87,88,94,0,93,88,0,91,96,3,52,73,65,74,72,75,0,0,82,78,0,0,0,0,0,0,0,0,2,16,0,38,86
l18,10=0,0,64,0,0,0,45,0,61,42,36,67,70,66,85,0,91,95,89,0,95,45,74,69,76,83,31,88,0,0,44,58,17,55,0,0,0,6,54,46,0,63,86,81,62
l19,10=10,4,32,0,0,0,9,0,63,6,54,68,75,87,94,0,90,97,90,91,0,40,0,61,55,83,76,47,0,0,57,81,0,29,0,0,0,0,50,32,23,40,55,88,61
l20,10=0,0,0,0,0,0,0,0,73,74,75,69,72,0,75,0,68,67,49,87,74,0,97,84,71,81,83,88,0,0,0,0,79,70,0,71,31,0,74,60,0,23,64,70,78
l21,10=0,0,0,0,0,0,0,0,0,0,0,0,83,83,85,0,76,32,80,88,0,81,0,86,77,85,86,88,0,0,0,0,35,67,0,0,0,0,0,0,0,0,83,84,91
l22,10=0,0,0,0,0,0,0,0,56,3,76,64,43,68,66,0,68,74,69,77,75,78,74,0,76,83,86,88,0,0,0,0,73,75,0,77,75,65,76,66,57,30,74,73,76
l23,10=0,0,0,0,0,0,0,0,64,59,63,63,66,58,69,0,74,73,71,88,80,60,71,86,0,85,86,86,0,0,55,41,61,67,0,69,59,60,66,64,67,51,72,88,95
l24,10=0,0,26,0,0,20,0,1,50,17,68,59,73,62,77,0,66,65,75,88,84,75,78,84,78,0,86,79,0,0,44,35,67,58,0,44,68,55,69,9,66,63,78,77,73
l25,10=0,0,0,0,0,0,26,3,65,30,75,61,61,63,70,0,64,65,69,65,81,65,61,84,78,85,0,84,0,0,10,0,77,70,0,69,76,60,75,49,28,40,87,87,93
l26,10=0,0,0,0,0,0,0,1,68,22,34,68,69,51,75,0,69,3,69,88,72,78,73,84,76,73,86,0,0,0,0,0,73,81,0,77,74,77,75,30,36,65,63,73,79
l27,10=0,0,0,73,53,22,36,0,21,0,9,42,0,0,67,0,52,97,84,63,47,0,0,0,35,48,10,0,0,0,0,94,71,34,0,44,14,71,76,60,91,51,0,40,0
l28,10=40,43,12,55,63,43,50,6,0,20,38,54,0,44,93,0,92,97,76,59,50,0,0,0,30,50,0,0,0,0,96,0,76,36,0,0,0,0,84,31,90,53,50,0,0
l29,10=0,0,0,0,0,0,0,0,0,0,0,0,0,0,0,0,0,66,0,18,0,70,13,75,59,72,78,58,0,0,56,78,0,89,0,88,91,93,87,88,81,82,58,61,0
l30,10=0,0,0,0,0,0,0,0,0,0,0,0,0,0,2,0,46,0,0,55,27,31,41,72,64,66,63,81,0,0,33,71,90,0,0,87,91,93,88,88,89,85,58,39,10
l31,10=0,0,0,0,0,0,0,0,0,0,0,0,0,0,0,0,0,0,0,0,0,39,0,75,72,62,53,65,0,0,64,0,89,89,0,0,91,93,87,74,88,82,0,0,41
l32,10=0,0,0,0,0,0,0,0,0,0,0,0,0,0,0,0,0,0,0,0,0,0,0,78,70,78,79,80,0,0,33,0,90,89,0,88,0,93,87,83,76,81,0,58,0
l33,10=0,0,0,0,0,0,0,0,0,0,0,0,0,0,0,0,0,0,0,0,0,0,0,48,49,34,20,60,0,0,47,0,89,89,0,87,91,0,87,82,63,77,0,0,0
l34,10=0,0,0,0,0,1,0,0,0,0,0,0,0,0,0,0,0,42,0,52,29,42,0,53,49,65,44,72,0,0,52,55,89,89,0,87,91,93,0,88,91,85,43,0,0
l35,10=0,0,0,0,0,0,0,0,0,0,0,0,0,0,45,0,38,0,17,58,39,26,0,44,57,8,35,40,0,0,87,49,90,89,0,76,86,91,88,0,91,85,63,0,0
l36,10=0,0,0,0,0,0,0,0,0,0,16,0,0,0,0,0,10,53,52,30,41,0,0,26,40,67,16,17,0,0,95,75,82,89,0,82,72,86,88,93,0,85,20,9,0
l37,10=0,0,0,0,0,0,0,0,0,0,0,0,0,0,53,0,39,44,65,63,39,0,1,39,37,66,34,45,0,0,57,73,87,89,0,52,49,79,88,93,91,0,0,0,0
l38,10=0,0,0,0,0,0,0,0,0,0,0,0,52,0,81,0,78,0,0,86,53,54,65,71,65,76,83,62,0,0,0,27,60,61,0,0,0,0,0,29,0,0,0,88,97
l39,10=0,0,0,0,0,0,0,5,13,0,47,0,40,56,83,0,77,78,30,80,75,60,53,70,72,72,83,71,0,0,28,0,55,2,0,0,13,0,0,0,0,0,87,0,97
l40,10=0,0,0,0,0,0,0,0,0,0,0,0,0,0,15,0,0,69,79,80,74,62,61,70,74,71,86,74,0,0,0,0,0,0,0,0,0,0,0,0,0,0,87,88,0
l41,10=0,0,0,0,0,0,0,0,0,8,42,47,63,64,83,0,81,79,87,84,77,59,0,71,71,81,85,72,0,0,37,70,0,0,0,0,0,0,20,26,0,6,85,88,91
l42,10=0,0,0,0,0,0,0,0,0,0,0,0,0,0,75,0,61,52,60,83,80,59,30,78,76,79,81,80,0,0,0,0,0,45,0,0,0,0,63,0,0,18,87,88,92
l43,10=0,0,0,0,0,0,0,0,0,0,4,0,0,0,52,0,0,41,76,47,73,58,16,83,75,70,86,72,0,0,0,0,46,27,0,0,0,0,43,0,0,0,87,84,93
l44,10=0,0,0,0,0,0,0,0,0,0,0,35,0,0,59,0,40,57,0,88,71,64,67,83,77,83,86,42,0,0,0,0,55,0,0,36,32,0,2,0,0,0,89,88,92

l0,11=0,94,98,96,91,95,95,0,85,94,86,93,91,92,0,0,74,22,61,5,0,0,0,0,0,0,3,0,0,0,71,1,0,0,0,0,0,0,0,0,0,0,0,0,0
l1,11=99,0,98,96,91,95,95,0,86,93,80,93,90,88,52,0,21,23,75,61,0,0,0,0,0,0,0,0,0,0,33,13,0,0,0,0,0,0,0,0,0,0,0,0,0
l2,11=99,94,0,92,90,95,95,0,88,93,86,93,89,92,61,0,80,15,57,72,46,0,0,0,60,21,0,0,0,0,45,0,0,0,0,0,0,0,0,0,0,0,0,24,0
l3,11=99,94,91,0,91,95,95,0,88,89,77,85,88,79,0,0,18,43,56,0,0,0,0,0,0,0,0,0,0,0,62,13,0,0,0,0,0,0,0,0,0,0,0,0,0
l4,11=99,94,95,96,0,95,95,0,86,93,64,86,89,89,36,0,21,23,51,0,0,0,0,0,0,0,0,0,0,0,27,1,0,0,0,0,0,0,0,0,0,0,0,0,0
l5,11=99,94,98,96,91,0,95,0,86,89,88,96,93,97,0,0,40,39,35,58,0,0,0,0,0,0,0,0,0,0,48,39,0,0,0,0,0,0,24,0,0,0,0,0,0
l6,11=99,94,98,96,91,94,0,0,88,94,87,96,91,97,0,0,50,17,83,53,45,0,0,0,0,3,2,0,0,0,24,0,0,0,0,0,0,0,0,0,0,0,0,0,0
l7,11=99,94,98,92,90,93,95,0,88,98,86,96,94,97,86,0,83,42,41,62,54,74,0,49,45,38,27,48,0,0,0,0,0,0,0,0,0,0,0,0,0,0,0,0,0
l8,11=83,92,95,92,89,92,93,0,0,93,87,94,90,92,63,0,78,17,87,68,47,65,0,40,48,38,25,38,0,0,18,0,0,0,0,0,0,0,0,0,0,0,0,2,0
l9,11=94,91,94,53,89,90,92,0,85,0,87,96,94,97,68,0,80,4,69,0,55,65,0,36,54,40,26,33,0,0,23,0,0,0,0,0,0,0,0,0,0,0,0,0,0
l10,11=71,77,61,47,38,92,90,2,86,93,0,94,94,92,68,0,83,0,87,66,82,38,45,44,39,41,27,38,0,0,26,4,0,0,0,0,0,0,0,0,0,0,18,28,0
l11,11=83,91,64,42,58,91,92,0,85,96,86,0,91,93,85,0,80,15,87,52,70,0,0,36,18,34,29,0,0,0,0,11,0,0,0,0,0,0,0,0,0,0,0,0,0
l12,11=86,91,58,45,50,90,92,0,85,93,87,94,0,92,85,0,80,19,87,47,72,32,31,29,45,48,25,5,0,0,0,11,0,0,0,0,0,0,0,0,0,0,16,1,0
l13,11=94,87,94,40,87,92,93,0,85,96,87,96,94,0,85,0,80,20,87,60,68,62,0,57,33,39,26,28,0,0,21,14,0,0,0,0,0,0,0,0,5,0,0,46,0
l14,11=0,76,38,0,33,0,0,0,70,77,85,91,89,76,0,0,82,85,90,77,86,64,37,38,42,42,35,41,0,0,17,21,0,0,0,0,0,0,0,62,34,14,27,72,46
l15,11=68,61,55,18,47,45,44,1,77,93,90,93,91,91,87,0,0,21,90,76,82,69,40,39,46,41,35,37,0,0,31,21,0,0,0,0,0,0,0,44,11,0,14,72,0
l16,11=24,67,0,24,36,39,31,2,33,0,0,33,72,61,67,0,22,0,90,77,86,52,0,14,41,8,26,19,0,0,73,22,0,24,0,0,0,1,57,60,45,22,0,67,61
l17,11=38,37,2,6,26,24,37,4,70,51,86,81,80,81,87,0,83,83,0,77,82,62,23,39,71,42,34,35,0,0,32,16,0,0,0,0,0,0,28,0,15,13,12,68,64
l18,11=6,33,38,0,14,32,27,0,53,0,57,49,55,60,78,0,73,73,90,0,87,63,50,35,78,79,24,52,0,0,26,17,44,51,0,14,7,0,58,58,33,39,38,70,48
l19,11=0,0,9,0,0,0,28,4,24,57,78,63,68,66,87,0,83,86,90,79,0,60,0,19,79,79,59,34,0,0,22,16,0,12,0,0,0,0,43,56,32,15,8,62,48
l20,11=0,0,0,0,0,0,0,0,70,67,43,34,59,68,66,0,70,65,70,68,66,0,91,84,71,82,57,86,0,0,0,0,75,64,0,68,61,0,77,62,0,1,71,67,67
l21,11=0,0,0,0,0,0,0,0,0,0,64,0,74,15,67,0,71,0,70,74,0,89,0,79,79,82,65,87,0,0,0,0,0,73,0,42,0,0,41,0,48,0,77,67,68
l22,11=0,0,0,0,0,0,0,1,68,61,65,72,69,70,64,0,71,66,73,67,64,84,73,0,79,82,64,88,0,0,0,16,77,73,0,44,75,72,78,0,32,40,71,68,67
l23,11=0,0,23,0,0,0,0,0,58,59,53,41,63,38,53,0,69,37,78,74,75,66,64,80,0,83,72,80,0,0,42,0,69,58,0,64,25,0,70,66,39,0,57,76,77
l24,11=0,0,0,0,0,0,17,0,54,58,62,60,78,62,60,0,44,16,66,74,71,80,65,79,79,0,72,63,0,0,1,4,63,56,0,19,37,16,68,58,14,15,74,67,65
l25,11=4,0,0,0,0,0,0,0,55,61,55,64,63,61,69,0,54,35,65,60,70,69,65,79,79,83,0,76,0,0,0,16,73,60,0,0,55,18,67,66,29,16,79,78,77
l26,11=0,0,0,0,0,0,0,1,63,57,61,30,53,58,68,0,67,42,72,67,68,88,73,84,76,74,58,0,0,0,0,0,67,72,0,72,74,70,73,60,40,62,71,64,70
l27,11=50,27,15,25,38,41,29,0,22,49,34,0,0,17,35,0,22,86,27,26,29,0,0,0,8,0,0,0,0,0,0,69,52,23,0,22,8,4,75,83,86,29,0,20,31
l28,11=11,21,0,11,12,38,0,0,0,0,24,32,58,18,52,0,20,51,20,41,30,0,0,6,0,13,9,0,0,0,96,0,53,23,0,18,8,0,79,70,66,19,9,15,0
l29,11=0,0,0,0,0,0,0,0,0,0,0,0,0,0,0,0,0,0,0,32,0,75,0,56,73,23,61,39,0,0,27,30,0,83,0,80,85,84,84,82,80,80,0,38,17
l30,11=0,0,0,0,0,0,0,0,0,0,0,0,0,0,0,0,0,44,0,23,1,47,50,65,32,26,22,70,0,0,32,26,83,0,0,80,84,84,84,72,80,80,0,0,0
l31,11=0,0,0,0,0,0,0,0,0,0,0,0,0,0,0,0,0,0,0,19,0,30,25,24,75,25,0,68,0,0,52,20,84,84,0,0,87,86,84,78,63,76,0,11,0
l32,11=0,0,0,0,0,0,0,0,0,0,0,0,0,0,0,0,0,0,0,35,0,30,0,67,44,51,39,68,0,0,53,49,84,83,0,80,0,86,84,78,77,80,14,9,0
l33,11=0,0,0,0,0,0,0,0,0,0,0,0,0,0,0,0,0,0,0,0,0,0,0,15,0,17,2,59,0,0,30,0,84,84,0,80,87,0,84,80,74,79,0,0,0
l34,11=0,0,0,0,0,18,0,0,0,0,0,0,0,0,0,0,0,14,8,23,3,72,1,27,26,18,11,43,0,0,42,42,83,85,0,76,84,81,0,82,84,84,12,0,7
l35,11=0,0,0,0,0,0,0,0,0,0,0,0,0,0,32,0,12,22,4,24,30,57,0,0,23,14,10,33,0,0,56,19,83,47,0,47,38,71,84,0,87,86,0,0,0
l36,11=0,0,0,0,0,0,0,0,0,0,0,0,0,5,38,0,8,53,17,24,35,0,15,6,7,0,9,29,0,0,96,68,80,86,0,38,53,35,85,88,0,86,0,0,0
l37,11=0,0,0,0,0,0,0,0,0,0,0,0,0,0,34,0,0,22,20,61,31,2,0,8,0,17,10,38,0,0,60,4,77,83,0,58,75,77,85,88,87,0,0,19,0
l38,11=0,0,0,0,0,0,0,0,0,0,33,0,50,0,68,0,12,0,45,71,0,63,56,62,66,67,55,58,0,0,0,8,0,0,0,0,6,0,38,0,0,0,0,80,72
l39,11=0,0,0,0,0,0,0,0,0,0,12,0,1,44,67,0,67,68,71,68,64,64,13,64,71,66,65,32,0,0,31,1,51,0,0,0,0,0,0,0,0,2,83,0,82
l40,11=0,0,0,0,0,0,0,0,0,0,0,0,0,0,39,0,0,59,66,47,58,55,36,54,77,66,65,71,0,0,13,0,0,0,0,0,0,0,0,0,0,0,80,79,0
l41,11=0,0,0,0,0,0,0,0,37,53,39,59,51,58,41,0,66,64,77,78,69,60,0,71,73,77,67,65,0,0,0,18,0,1,0,1,0,0,0,0,0,14,82,79,73
l42,11=0,0,0,0,0,0,0,0,0,0,0,0,0,0,64,0,60,0,57,71,66,64,62,71,78,77,60,70,0,0,0,0,62,0,0,55,0,0,63,37,0,0,77,79,77
l43,11=0,0,0,0,0,0,0,0,0,0,0,0,0,0,0,0,0,22,46,61,60,64,0,84,70,64,69,73,0,0,0,0,60,60,0,0,37,1,59,0,0,0,83,76,76
l44,11=0,0,0,0,0,0,0,0,0,0,0,48,2,0,63,0,17,0,56,71,0,74,51,78,78,82,64,66,0,0,0,0,51,0,0,0,16,0,21,5,0,0,83,72,74

l0,12=0,95,97,95,95,99,98,15,88,98,86,94,92,73,86,0,87,19,44,69,0,0,0,0,0,0,0,0,0,0,7,19,0,0,0,0,0,0,0,0,0,0,0,0,0
l1,12=100,0,95,96,95,99,98,26,91,95,74,92,92,73,86,0,79,0,3,72,0,0,0,0,0,43,0,0,0,0,71,38,0,0,0,0,0,0,0,0,0,0,0,0,0
l2,12=100,95,0,92,95,99,84,1,91,95,78,90,89,93,60,0,88,47,78,80,70,31,0,23,37,6,32,0,0,0,44,41,0,0,0,0,0,0,0,0,0,0,0,0,0
l3,12=100,95,94,0,95,99,98,1,91,93,76,86,91,96,71,0,17,25,0,49,0,0,0,0,0,0,0,0,0,0,74,18,0,0,0,0,0,0,0,0,57,0,0,0,0
l4,12=100,95,97,96,0,99,98,6,89,94,78,92,50,95,0,0,82,70,0,2,0,0,0,0,0,0,0,0,0,0,0,43,0,0,0,0,0,0,0,0,0,0,0,0,0
l5,12=100,95,97,96,95,0,98,1,91,95,89,92,89,93,75,0,5,32,79,75,0,0,0,0,10,0,0,0,0,0,75,43,0,0,0,0,0,0,0,0,0,0,0,0,0
l6,12=100,95,87,96,95,99,0,3,91,91,89,94,92,93,68,0,80,79,84,82,51,0,0,0,48,0,0,0,0,0,73,0,0,0,0,0,0,0,0,0,0,0,0,0,0
l7,12=96,88,97,95,91,99,98,0,91,98,71,94,92,97,90,0,90,67,80,74,0,63,0,44,70,63,47,74,0,0,0,0,0,0,0,0,0,0,0,0,0,0,0,0,0
l8,12=94,94,94,91,91,93,94,1,0,95,89,89,88,92,89,0,89,68,85,72,38,52,23,39,64,45,67,67,0,0,0,0,0,0,0,0,0,0,0,0,0,0,0,29,0
l9,12=95,93,93,92,91,87,91,1,88,0,88,94,92,97,88,0,89,68,80,78,63,65,0,37,74,66,60,75,0,0,68,3,0,0,0,0,0,0,0,0,0,0,0,0,0
l10,12=40,63,73,61,38,59,95,11,88,95,0,94,92,94,89,0,92,79,86,81,80,45,0,43,66,70,57,60,0,0,68,38,0,0,0,0,0,0,0,0,0,20,8,19,3
l11,12=66,92,93,80,91,92,93,3,88,95,89,0,89,97,88,0,88,70,85,80,80,0,0,24,21,47,72,39,0,0,54,34,0,0,0,0,0,0,0,0,0,0,0,20,18
l12,12=94,93,93,79,29,92,93,2,62,95,89,91,0,97,88,0,89,62,85,80,74,39,26,0,77,73,34,41,0,0,47,7,0,0,0,0,0,0,0,0,0,0,0,29,0
l13,12=13,83,84,92,91,93,81,0,88,98,89,94,92,0,87,0,90,0,86,70,60,0,32,24,55,58,67,60,0,0,27,3,0,0,0,0,0,0,0,0,8,0,0,37,0
l14,12=12,71,2,25,0,21,51,5,86,79,87,60,56,65,0,0,92,79,89,83,87,47,0,10,70,66,75,75,0,0,77,49,0,0,0,0,0,0,3,0,64,39,51,50,58
l15,12=51,58,58,1,52,11,50,3,86,94,90,58,92,83,92,0,0,79,89,82,81,60,8,3,72,69,74,72,0,0,75,44,0,8,0,0,0,0,0,0,0,0,36,45,43
l16,12=0,0,21,0,24,11,64,15,53,42,69,11,11,0,92,0,86,0,89,83,87,25,0,20,32,28,42,56,0,0,84,51,0,27,0,0,0,0,0,44,87,67,8,48,61
l17,12=10,0,56,0,2,40,64,11,81,68,85,58,52,73,92,0,92,79,0,83,82,50,5,40,72,70,67,65,0,0,72,43,0,0,0,0,0,0,12,25,35,36,31,47,50
l18,12=26,59,58,33,13,25,69,6,55,65,72,41,47,51,85,0,77,81,89,0,87,71,34,41,75,73,70,76,0,0,64,40,35,44,0,35,13,0,31,48,68,56,41,56,69
l19,12=0,0,44,0,0,1,11,0,38,60,77,72,70,48,92,0,90,86,89,83,0,48,0,74,79,80,77,55,0,0,71,38,0,39,0,0,0,0,29,44,56,41,37,42,56
l20,12=0,0,6,0,0,0,0,9,65,72,65,5,70,0,72,0,66,60,69,79,65,0,90,82,77,77,72,88,0,0,0,0,74,77,0,69,66,30,75,50,53,42,68,70,69
l21,12=0,0,0,0,0,0,0,0,63,0,49,0,81,83,0,0,68,0,77,78,0,88,0,80,78,71,77,87,0,0,0,0,0,76,0,0,0,0,66,2,0,0,75,0,67
l22,12=0,0,19,0,0,0,0,7,66,69,70,40,24,50,67,0,27,66,68,68,66,81,74,0,79,72,78,88,0,0,0,0,71,77,0,76,76,35,77,73,48,66,68,76,64
l23,12=0,0,0,0,0,5,17,12,56,67,64,21,78,44,72,0,68,60,77,79,79,77,66,83,0,80,82,82,0,0,35,0,69,60,0,68,45,0,68,46,54,60,75,77,72
l24,12=0,10,2,0,0,2,1,16,47,61,65,34,73,62,68,0,64,52,77,80,81,80,61,82,79,0,82,71,0,0,46,0,67,53,0,0,57,12,59,49,52,0,78,68,78
l25,12=0,0,3,0,0,0,0,13,60,61,56,64,36,65,75,0,63,60,63,68,66,64,61,82,79,80,0,80,0,0,9,38,68,71,0,55,63,11,60,44,36,58,75,77,74
l26,12=0,0,0,0,0,0,0,12,67,70,63,60,64,66,72,0,67,60,67,69,58,83,76,83,74,67,73,0,0,0,0,0,75,77,0,77,76,53,77,53,55,60,68,65,70
l27,12=0,53,5,50,8,21,40,0,0,37,36,15,20,8,58,0,73,86,71,58,45,0,0,0,29,31,6,0,0,0,0,81,34,38,0,42,52,39,41,73,87,65,0,20,55
l28,12=5,29,35,5,19,20,0,0,0,0,38,11,6,13,82,0,59,86,78,66,35,0,0,0,15,0,27,0,0,0,91,0,25,0,0,38,58,0,47,68,85,68,7,7,4
l29,12=0,0,0,0,0,0,0,0,0,0,0,0,0,0,0,0,0,0,0,65,0,65,0,67,74,62,69,76,0,0,58,35,0,85,0,85,84,85,85,83,75,78,9,51,43
l30,12=0,0,0,0,19,0,0,0,0,0,0,0,0,0,1,0,17,19,0,49,34,72,16,71,66,60,67,75,0,0,45,0,85,0,0,84,80,80,86,83,82,82,37,36,58
l31,12=0,0,0,0,0,0,0,0,0,0,0,0,0,0,0,0,0,6,0,51,4,31,0,73,74,0,26,77,0,0,73,48,85,86,0,0,84,88,83,78,74,80,0,36,0
l32,12=0,0,0,0,0,0,0,0,0,0,0,0,0,0,0,0,0,0,0,6,0,46,0,55,58,50,48,61,0,0,47,54,85,79,0,85,0,88,85,79,75,77,0,1,3
l33,12=0,0,0,0,0,0,0,0,0,0,0,0,0,0,0,0,0,0,0,0,0,0,0,16,0,0,0,0,0,0,63,0,85,85,0,85,84,0,85,83,82,82,0,0,0
l34,12=0,0,0,0,0,0,0,0,0,0,0,0,0,0,15,0,0,0,45,46,31,45,9,63,65,59,43,75,0,0,51,74,85,85,0,83,84,85,0,84,87,87,20,34,57
l35,12=0,0,0,0,0,0,0,0,0,0,0,0,0,0,0,0,0,39,51,52,37,24,0,28,58,55,41,30,0,0,81,47,85,85,0,60,81,82,86,0,88,88,24,0,0
l36,12=0,0,0,50,0,0,0,0,0,0,0,0,0,12,39,0,0,77,58,56,43,25,0,14,58,56,37,41,0,0,90,70,73,85,0,49,70,49,86,87,0,88,8,0,0
l37,12=0,0,0,0,0,0,0,0,0,0,48,0,0,0,40,0,2,73,59,60,35,20,0,24,62,0,44,41,0,0,78,74,84,85,0,82,78,76,86,87,88,0,30,0,0
l38,12=0,0,0,0,0,0,0,0,0,0,0,0,0,0,76,0,52,43,56,68,50,66,26,64,71,72,76,70,0,0,0,4,0,44,0,0,0,0,0,0,0,3,0,81,80
l39,12=0,0,0,0,0,0,0,0,12,0,43,22,32,46,77,0,62,70,69,74,66,64,0,71,77,63,77,57,0,0,48,26,37,7,0,3,0,0,14,0,0,0,85,0,80
l40,12=0,0,0,0,0,0,0,0,0,0,0,5,0,0,60,0,31,51,55,77,61,59,3,43,72,75,77,74,0,0,21,0,0,8,0,0,0,0,7,0,0,0,84,80,0
l41,12=0,0,0,0,0,0,13,0,7,57,44,31,24,47,58,0,61,65,69,82,73,46,25,69,72,69,73,70,0,0,0,0,0,9,0,0,0,0,27,0,0,43,85,81,76
l42,12=0,0,0,0,0,0,0,0,0,0,0,0,32,0,62,0,59,0,0,74,71,64,51,81,75,71,77,75,0,0,0,0,62,53,0,0,0,0,65,10,0,0,83,80,80
l43,12=0,0,0,0,0,0,0,0,0,0,1,0,29,0,0,0,52,0,57,61,53,55,12,78,76,59,80,80,0,0,0,0,15,46,0,2,0,0,28,0,0,0,81,80,77
l44,12=0,0,0,0,0,0,0,0,0,0,50,0,0,0,61,0,61,46,0,76,67,78,9,70,77,78,78,75,0,0,0,0,55,0,0,0,0,0,21,0,0,0,84,80,77

l0,13=0,99,100,100,97,99,95,96,81,98,97,94,95,97,93,0,91,61,0,25,0,0,0,0,0,0,0,0,0,0,10,0,0,0,0,0,0,0,0,0,0,0,0,0,0
l1,13=100,0,100,100,97,99,95,96,93,71,90,92,95,97,89,0,75,71,0,26,0,0,0,0,0,58,0,0,0,0,49,53,0,0,0,0,0,0,0,0,0,0,0,0,0
l2,13=100,99,0,100,97,99,95,55,94,98,95,94,95,97,90,0,88,72,0,29,81,0,0,79,40,0,53,0,0,0,5,52,0,0,0,0,0,0,0,0,0,0,0,0,0
l3,13=100,99,100,0,97,99,95,91,94,98,93,94,95,97,85,0,86,78,1,26,0,0,0,0,0,0,0,0,0,0,0,54,0,0,0,0,0,0,0,0,78,0,0,0,0
l4,13=100,99,91,100,0,99,95,97,94,98,95,94,88,97,0,0,0,0,0,0,0,0,0,0,0,0,0,0,0,0,52,47,0,0,0,0,0,0,0,0,0,0,0,0,0
l5,13=100,99,72,100,97,0,95,92,94,96,97,93,95,97,86,0,87,70,30,27,0,0,0,0,0,0,0,0,0,0,52,51,0,0,0,0,0,0,0,24,76,0,0,0,0
l6,13=100,99,100,100,97,99,0,99,94,95,97,94,95,97,93,0,93,91,89,82,78,0,0,0,46,0,0,0,0,0,90,0,0,0,0,0,0,0,0,0,0,0,0,0,0
l7,13=100,99,91,100,97,98,95,0,94,98,94,94,95,97,98,0,95,0,91,55,0,76,0,83,83,85,60,49,0,0,9,64,0,0,0,0,0,0,0,0,0,0,0,35,0
l8,13=30,94,100,94,97,99,95,98,0,98,93,94,95,91,95,0,93,64,90,26,0,78,0,79,70,60,63,46,0,0,0,0,0,0,0,0,0,0,0,0,0,0,40,24,0
l9,13=74,65,96,92,93,94,93,89,94,0,97,94,95,97,93,0,95,71,89,46,83,87,5,79,86,84,57,54,0,0,56,35,0,0,0,0,0,0,0,0,0,0,0,24,0
l10,13=35,33,74,87,55,58,57,57,58,98,0,94,95,97,94,0,98,68,31,29,83,0,2,88,84,88,63,53,0,0,57,38,0,0,0,0,0,0,0,0,54,0,0,36,0
l11,13=95,58,97,92,90,58,93,98,94,98,96,0,95,97,92,0,93,8,57,29,81,88,0,76,75,2,65,54,0,0,57,52,0,0,0,0,0,0,0,0,0,0,0,34,0
l12,13=38,94,90,93,54,92,93,93,92,95,97,94,0,97,92,0,98,63,89,54,90,80,43,80,88,88,34,44,0,0,57,4,0,0,0,0,0,0,0,0,0,0,0,0,0
l13,13=88,94,96,94,91,98,93,99,73,98,97,94,95,0,92,0,96,54,89,34,69,0,66,83,84,86,63,51,0,0,0,41,0,0,0,0,0,0,0,0,0,0,19,34,0
l14,13=33,33,62,82,0,53,51,54,58,56,91,91,93,90,0,0,98,74,91,31,100,74,14,40,83,90,63,33,0,0,57,50,0,0,0,0,0,0,0,0,82,82,64,36,32
l15,13=44,18,62,85,0,84,90,90,56,95,97,91,95,97,99,0,0,78,91,83,97,84,78,83,87,87,51,78,0,0,89,83,0,0,0,0,0,0,0,0,68,73,0,0,29
l16,13=6,34,62,76,0,50,46,0,22,27,77,2,77,70,98,0,97,0,34,32,92,0,0,73,53,21,0,44,0,0,61,57,0,10,0,0,0,35,16,31,98,95,17,36,32
l17,13=0,0,0,0,0,53,51,57,58,57,91,91,93,92,99,0,98,85,0,89,100,84,79,90,87,88,61,52,0,0,58,53,0,0,0,0,0,0,0,24,80,75,64,36,31
l18,13=22,22,56,54,0,49,50,13,28,41,88,85,88,81,97,0,95,97,91,0,99,93,78,82,79,90,89,66,0,0,54,47,18,22,0,38,0,0,25,32,89,87,64,37,21
l19,13=0,0,48,0,0,0,43,16,0,50,85,78,93,72,99,0,98,97,91,89,0,76,63,93,95,95,69,43,0,0,61,46,0,0,0,0,0,0,16,23,91,72,62,35,34
l20,13=0,0,0,0,0,0,0,72,74,85,0,84,87,0,83,0,85,30,84,87,89,0,98,96,91,95,85,95,0,0,0,0,65,82,0,85,81,54,82,46,67,79,84,78,79
l21,13=0,0,0,0,0,0,0,4,26,14,23,0,92,92,78,0,93,8,87,84,90,96,0,94,93,89,92,94,0,0,0,0,78,67,0,9,0,0,57,0,0,0,87,19,87
l22,13=0,0,39,0,0,0,0,71,71,40,78,68,74,71,38,0,76,60,85,77,92,94,91,0,95,94,93,95,0,0,0,0,73,79,0,75,78,43,82,79,34,70,87,90,86
l23,13=0,0,0,0,0,0,16,62,35,49,75,53,87,59,84,0,86,80,87,69,98,92,91,95,0,95,93,93,0,0,0,37,74,54,0,70,65,20,82,22,60,83,90,92,89
l24,13=0,18,0,0,0,0,0,86,13,59,89,34,92,85,97,0,94,67,89,87,98,94,83,95,95,0,93,93,0,0,48,19,70,57,0,47,71,0,47,21,72,76,85,92,92
l25,13=0,0,15,0,0,0,0,43,77,40,80,79,66,69,90,0,70,11,50,85,87,68,87,95,95,95,0,78,0,0,45,0,77,60,0,67,77,42,23,29,0,72,90,92,92
l26,13=0,0,0,0,0,0,0,58,67,71,76,72,70,73,61,0,83,74,71,84,78,95,94,96,89,91,75,0,0,0,44,1,81,74,0,86,78,53,92,79,70,72,80,88,88
l27,13=4,28,0,0,49,49,42,10,0,26,44,41,82,0,93,0,88,97,30,25,82,0,0,0,0,24,22,26,0,0,0,93,30,28,0,59,72,47,30,34,98,90,0,0,0
l28,13=0,28,46,80,45,47,0,10,0,6,29,44,54,62,95,0,88,85,34,26,79,1,0,0,21,15,0,0,0,0,96,0,21,33,0,60,85,42,32,34,97,96,51,31,0
l29,13=0,0,0,0,0,0,0,0,0,0,0,0,0,0,0,0,0,0,0,13,0,52,45,74,76,45,76,77,0,0,76,16,0,94,0,92,90,94,93,85,90,80,0,39,0
l30,13=0,0,0,0,0,0,0,0,0,0,0,0,0,0,0,0,0,50,19,27,0,72,35,81,36,45,67,62,0,0,46,23,87,0,0,92,90,93,93,92,90,90,59,26,35
l31,13=0,0,0,0,0,0,0,0,0,0,0,0,0,0,0,0,0,0,0,20,0,61,0,54,62,28,73,71,0,0,55,58,87,94,0,0,91,94,93,71,84,90,0,0,0
l32,13=0,0,0,0,0,0,0,0,0,0,0,0,0,0,0,0,0,0,0,0,0,54,0,36,32,35,56,43,0,0,42,61,87,81,0,92,0,94,93,89,80,89,0,1,0
l33,13=0,0,0,0,0,0,0,0,0,0,0,0,0,0,0,0,0,39,0,0,0,50,0,27,23,0,56,23,0,0,47,44,87,81,0,92,91,0,93,80,83,60,0,0,0
l34,13=0,0,0,0,0,0,0,0,0,0,0,0,0,0,0,0,0,56,0,33,17,67,33,79,51,24,44,89,0,0,76,66,87,94,0,92,91,94,0,92,98,96,0,9,28
l35,13=0,0,0,0,0,35,0,0,0,0,0,0,0,0,0,0,0,74,21,73,58,61,0,76,18,20,32,67,0,0,89,32,87,93,0,81,91,94,93,0,98,96,0,20,0
l36,13=0,0,0,53,0,36,0,0,0,0,20,0,0,0,69,0,52,82,24,26,78,54,0,26,18,23,0,33,0,0,94,55,82,72,0,73,86,66,93,92,0,96,0,0,0
l37,13=0,0,0,0,0,0,0,0,0,0,0,0,0,0,72,0,63,91,26,77,67,62,0,56,26,24,52,42,0,0,88,90,46,93,0,92,91,79,93,92,98,0,0,0,0
l38,13=0,0,0,0,0,0,0,0,2,0,0,0,0,0,77,0,0,14,47,50,72,82,73,82,93,79,92,84,0,0,0,36,0,20,0,0,0,0,0,0,0,0,0,94,92
l39,13=0,0,0,0,0,0,0,32,14,6,75,65,0,74,90,0,0,86,80,78,77,76,0,85,93,89,92,87,0,0,0,38,40,0,0,0,0,0,0,23,0,0,91,0,92
l40,13=0,0,0,0,0,0,0,0,0,0,0,0,0,0,76,0,69,78,78,19,82,73,73,87,89,91,91,89,0,0,0,0,0,0,0,0,0,0,55,0,0,0,90,92,0
l41,13=0,0,0,0,0,0,0,0,0,0,75,0,71,25,78,0,73,87,84,86,92,74,71,81,93,88,84,85,0,0,46,0,0,0,0,0,0,0,21,0,65,70,90,92,82
l42,13=0,0,0,0,0,0,0,0,0,0,0,0,0,0,84,0,66,34,1,84,85,87,82,94,93,92,91,85,0,0,0,0,52,43,0,0,0,0,41,0,0,0,90,92,89
l43,13=0,0,0,0,0,0,0,0,0,0,0,4,59,0,70,0,67,42,33,72,0,77,72,88,86,86,89,91,0,0,0,0,55,66,0,57,9,0,0,0,0,0,90,92,86
l44,13=0,0,0,0,0,0,0,0,0,0,53,0,66,0,78,0,59,0,25,2,84,94,51,86,93,92,83,89,0,0,0,0,0,0,0,0,0,0,3,0,21,54,90,92,91

l0,14=0,90,100,100,100,94,96,94,100,100,99,100,100,99,59,0,39,7,97,1,0,0,0,0,0,0,0,0,0,0,95,0,0,0,0,0,0,0,0,0,0,0,0,0,0
l1,14=62,0,76,100,100,96,65,98,100,100,99,100,100,99,47,0,99,96,97,97,0,0,0,0,0,0,0,0,0,0,88,97,0,0,0,0,0,0,0,0,0,0,0,0,0
l2,14=100,52,0,78,71,91,96,94,100,100,95,100,100,61,73,0,76,99,100,100,0,0,0,0,0,0,0,0,0,0,6,0,0,0,0,0,0,0,0,0,0,0,0,0,0
l3,14=100,100,97,0,100,96,86,55,94,100,99,97,96,84,0,0,86,26,97,88,0,0,0,0,0,0,0,0,0,0,54,100,0,0,0,0,0,0,0,0,0,0,0,0,0
l4,14=100,100,76,100,0,91,65,93,100,100,99,100,96,99,57,0,87,93,100,0,0,0,0,0,0,0,0,0,0,0,96,96,0,0,0,0,0,0,0,0,0,0,0,0,0
l5,14=62,100,76,100,71,0,92,94,100,100,99,100,96,99,57,0,80,99,100,100,87,0,0,0,0,0,0,0,0,0,98,97,0,0,0,0,0,0,0,28,37,65,0,0,0
l6,14=100,100,100,100,100,96,0,100,100,100,99,100,100,99,0,0,99,96,100,100,97,21,0,0,0,24,0,0,0,0,99,0,0,0,0,0,0,0,0,0,0,0,0,0,0
l7,14=100,100,100,36,71,96,96,0,100,100,99,100,100,99,98,0,99,96,100,99,100,79,0,86,53,62,89,0,0,0,0,71,0,0,0,0,0,0,0,0,0,0,0,1,0
l8,14=100,100,100,36,72,91,96,100,0,100,99,100,100,99,98,0,99,97,100,7,89,92,0,75,57,53,100,86,0,0,89,0,0,0,0,0,0,0,0,0,0,0,0,63,0
l9,14=58,36,100,51,100,96,96,97,100,0,99,100,100,99,57,0,99,95,83,100,83,51,0,55,60,59,81,94,0,0,86,0,0,0,0,0,0,0,0,0,0,0,0,0,0
l10,14=77,62,54,88,96,96,96,100,100,100,0,100,100,99,56,0,99,93,100,99,99,0,0,78,60,65,99,85,0,0,86,83,0,0,0,0,0,0,0,0,53,0,78,58,8
l11,14=100,100,100,27,100,96,96,100,100,100,99,0,100,99,98,0,99,95,100,100,100,91,0,62,53,58,92,86,0,0,0,87,0,0,0,0,0,0,0,0,0,0,0,59,23
l12,14=46,96,90,27,66,82,96,100,100,100,99,100,0,99,98,0,99,88,100,98,92,83,79,64,100,100,72,78,0,0,79,86,0,0,0,0,0,0,0,0,13,0,74,60,0
l13,14=98,100,39,73,100,96,96,100,98,100,99,100,100,0,98,0,99,92,100,99,99,82,0,19,58,62,80,94,0,0,0,80,0,0,0,0,0,0,0,0,0,0,0,63,0
l14,14=56,15,48,0,74,62,0,56,88,87,89,91,95,51,0,0,99,97,100,99,100,0,0,68,58,62,92,45,0,0,89,93,0,28,0,0,0,0,0,19,45,71,83,70,43
l15,14=28,53,26,27,92,71,48,58,85,95,95,100,100,62,98,0,0,90,100,99,100,94,0,69,40,61,91,96,0,0,94,95,0,0,0,0,0,0,22,0,0,0,83,57,45
l16,14=2,13,23,0,52,49,22,43,81,83,24,55,72,17,58,0,64,0,100,100,100,0,0,54,59,43,41,21,0,0,100,100,66,0,0,2,0,0,61,62,63,74,76,65,23
l17,14=76,53,52,82,93,76,49,58,97,84,99,100,100,59,98,0,99,99,0,100,100,0,87,80,82,99,98,96,0,0,94,100,0,26,0,0,0,0,62,1,0,75,95,71,60
l18,14=16,57,53,68,0,75,47,48,12,87,71,92,91,50,95,0,84,98,100,0,99,97,91,73,98,82,98,98,0,0,89,90,70,0,0,13,0,0,84,55,61,82,98,98,59
l19,14=0,0,0,0,0,72,42,56,80,72,89,96,96,54,98,0,99,99,100,100,0,96,0,81,100,100,100,83,0,0,100,99,0,0,0,0,0,0,0,60,62,87,94,70,60
l20,14=0,0,0,0,0,0,56,83,92,20,0,90,92,83,0,0,97,0,0,98,94,0,100,99,98,100,89,100,0,0,0,0,94,97,0,95,93,88,97,93,0,92,98,98,98
l21,14=0,0,0,0,0,0,0,14,0,0,0,0,99,0,44,0,0,10,97,98,0,100,0,98,98,99,98,99,0,0,0,0,99,0,0,0,0,0,80,0,0,0,50,97,98
l22,14=0,0,0,0,0,0,0,88,92,49,92,81,94,24,93,0,97,92,97,98,99,98,94,0,100,100,99,100,0,0,0,80,93,93,0,94,93,89,93,93,90,0,98,97,98
l23,14=0,0,0,0,0,0,0,52,84,84,92,88,99,88,95,0,80,97,97,98,99,97,98,99,0,100,100,98,0,0,74,92,96,97,0,96,83,93,97,81,71,98,98,98,98
l24,14=0,0,0,0,0,0,38,51,70,86,97,93,99,56,95,0,97,91,97,98,99,97,97,99,100,0,100,98,0,0,82,0,85,58,0,57,87,0,0,14,60,91,98,98,98
l25,14=0,0,0,0,0,0,0,50,94,74,93,95,79,42,95,0,96,89,93,98,99,80,97,98,100,100,0,97,0,0,0,0,97,97,0,96,88,88,91,49,0,84,98,98,98
l26,14=0,0,0,0,0,0,0,0,87,92,85,97,87,95,89,0,97,87,96,98,86,100,98,100,98,99,98,0,0,0,79,0,99,87,0,98,98,98,97,97,81,97,78,98,98
l27,14=66,19,0,2,89,76,29,0,72,79,28,0,73,0,44,0,87,99,91,90,96,0,0,0,41,45,0,49,0,0,0,100,79,51,0,37,54,76,88,62,98,90,53,56,0
l28,14=0,22,0,83,41,73,0,39,0,0,17,46,75,10,58,0,86,99,100,96,92,0,0,45,43,0,0,0,0,0,100,0,81,43,0,41,56,76,76,35,54,90,20,36,0
l29,14=0,0,0,0,0,0,0,0,0,0,0,0,0,0,0,0,0,58,0,35,0,62,70,79,93,81,98,100,0,0,96,70,0,100,0,99,100,100,100,100,98,99,0,80,0
l30,14=0,0,0,0,0,0,0,0,0,0,0,0,0,0,31,0,0,9,58,0,0,86,0,89,98,91,98,46,0,0,61,85,100,0,0,99,100,100,100,99,98,99,86,33,38
l31,14=0,0,0,0,0,0,0,0,0,0,0,0,0,0,0,0,0,47,0,25,0,61,0,51,75,42,76,80,0,0,48,60,100,100,0,0,100,100,100,80,91,99,62,0,0
l32,14=0,0,0,0,0,0,0,0,0,0,0,0,0,0,0,0,0,0,0,0,0,68,0,65,53,47,83,84,0,0,53,50,100,100,0,99,0,100,100,100,65,99,0,0,0
l33,14=0,0,0,0,0,0,0,0,0,0,0,0,0,0,0,0,0,0,0,0,0,36,0,47,80,0,83,79,0,0,67,40,100,91,0,99,100,0,84,86,82,82,0,0,0
l34,14=0,0,0,0,0,0,0,0,0,0,0,0,0,0,0,0,0,51,42,84,0,86,9,86,89,0,74,79,0,0,60,40,100,100,0,99,100,100,0,100,98,99,42,0,0
l35,14=0,0,0,0,0,63,0,0,0,0,0,0,0,0,22,0,0,95,10,74,83,67,0,85,62,17,66,55,0,0,64,74,100,100,0,59,100,87,100,0,98,99,0,52,0
l36,14=0,0,0,0,67,56,0,0,0,0,43,0,55,0,30,0,0,89,0,92,92,0,0,66,41,58,0,43,0,0,97,87,94,95,0,90,51,90,100,100,0,99,0,28,0
l37,14=0,0,0,0,15,59,0,0,0,0,0,0,0,0,25,0,0,88,73,94,79,65,0,0,91,56,74,49,0,0,98,100,100,100,0,99,99,71,100,100,98,0,0,0,2
l38,14=0,0,0,0,0,0,0,0,0,0,69,0,85,0,80,0,80,87,83,97,85,91,0,88,98,98,98,77,0,0,0,0,0,81,0,23,0,0,0,0,0,0,0,98,98
l39,14=0,0,0,0,0,0,0,7,61,0,73,57,85,43,81,0,71,88,84,98,85,88,71,84,87,99,98,85,0,0,81,57,71,0,0,0,0,0,0,26,2,0,100,0,98
l40,14=0,0,0,0,0,0,0,0,0,0,0,1,0,0,91,0,88,84,94,96,94,94,84,96,98,96,97,96,0,0,0,0,0,58,0,0,0,0,0,0,0,0,98,98,0
l41,14=0,0,0,0,0,0,17,0,79,0,88,0,89,0,80,0,83,97,96,96,99,87,0,91,98,99,98,98,0,0,84,0,3,0,0,0,0,0,52,0,56,81,98,100,98
l42,14=0,0,0,0,0,0,0,0,0,0,0,0,80,0,94,0,0,23,93,98,95,96,94,98,98,99,98,96,0,0,0,0,75,44,0,22,23,0,0,0,0,0,98,98,98
l43,14=0,0,0,0,0,0,0,0,0,0,0,0,79,0,0,0,0,80,0,92,77,97,79,98,96,98,97,95,0,0,0,0,81,76,0,85,0,0,81,37,0,0,98,98,98
l44,14=0,0,0,0,0,0,0,0,0,0,0,0,85,0,91,0,90,82,82,96,93,96,82,97,98,98,98,96,0,0,0,0,84,0,0,0,0,0,0,0,0,85,98,98,98

l0,15=0,100,100,100,100,100,100,100,100,100,100,100,100,100,96,0,100,0,99,62,0,0,0,0,0,0,0,0,0,0,76,98,0,0,0,0,0,0,0,0,0,0,0,0,0
l1,15=100,0,100,100,100,100,100,100,100,100,100,100,100,100,94,0,100,100,100,99,0,0,0,0,0,0,0,0,0,0,96,0,0,0,0,0,0,0,0,0,0,0,0,0,0
l2,15=100,100,0,100,100,100,100,100,100,100,0,100,100,100,100,0,100,100,100,69,0,0,0,0,0,69,0,0,0,0,56,0,0,0,0,0,0,0,0,0,0,0,0,0,0
l3,15=100,100,100,0,100,100,100,100,76,100,100,0,100,100,100,0,95,96,100,0,0,0,0,0,0,0,0,0,0,0,59,100,0,0,0,0,0,0,0,0,0,5,0,0,0
l4,15=100,100,100,100,0,100,100,100,100,99,0,99,99,100,99,0,100,96,96,52,0,0,0,0,0,0,0,0,0,0,59,0,0,0,0,0,0,0,0,0,0,0,0,0,0
l5,15=100,100,100,100,100,0,100,100,93,60,62,100,100,100,100,0,100,95,100,0,63,0,0,0,0,0,0,0,0,0,58,100,0,0,0,0,0,0,0,0,60,0,0,0,0
l6,15=100,100,100,100,100,100,0,100,100,100,100,100,100,100,100,0,100,100,100,98,5,61,0,0,18,0,0,0,0,0,96,0,0,0,0,0,0,0,0,0,0,0,0,0,0
l7,15=100,100,100,100,100,100,100,0,100,100,100,100,100,100,100,0,100,99,100,99,100,99,0,97,0,96,75,88,0,0,0,75,0,0,0,0,0,0,0,0,0,0,0,0,0
l8,15=100,100,100,66,100,100,100,100,0,100,100,100,100,100,100,0,100,97,100,99,92,53,0,97,95,91,97,86,0,0,29,95,0,0,0,0,0,0,0,0,0,0,0,0,0
l9,15=100,79,100,100,100,100,100,100,100,0,100,100,100,100,100,0,100,93,100,99,0,53,0,94,88,97,69,59,0,0,5,0,0,0,0,0,0,0,0,0,0,0,0,82,0
l10,15=99,77,0,63,0,100,99,98,100,100,0,100,100,100,98,0,92,93,100,67,64,0,0,97,94,97,73,59,0,0,49,63,0,0,0,0,0,0,0,0,47,0,89,88,59
l11,15=100,100,100,0,99,100,100,100,100,100,100,0,100,100,98,0,100,97,100,99,100,62,0,0,95,97,72,0,0,0,57,99,0,0,0,0,0,0,0,0,0,0,48,0,0
l12,15=100,100,60,60,93,100,100,100,100,100,100,100,0,100,96,0,100,96,100,64,62,55,93,94,99,95,69,57,0,0,0,0,0,0,0,0,0,0,0,0,0,0,0,92,0
l13,15=100,100,59,60,100,100,100,100,100,100,100,100,100,0,100,0,100,96,94,98,0,55,61,93,91,91,69,62,0,0,56,96,0,0,0,0,0,0,0,0,0,0,13,0,0
l14,15=78,63,59,55,80,96,93,92,84,59,59,96,94,98,0,0,100,100,100,69,64,51,0,95,95,98,71,57,0,0,58,99,0,61,0,0,0,0,0,0,50,44,93,94,62
l15,15=93,78,59,59,95,100,99,100,84,59,45,99,100,100,100,0,0,95,100,62,64,56,95,95,95,94,71,60,0,0,57,99,0,49,0,0,0,0,0,1,0,28,93,94,62
l16,15=0,74,57,55,79,92,95,93,77,57,53,60,99,100,100,0,62,0,100,99,100,41,0,83,99,86,71,57,0,0,96,100,50,51,0,0,0,51,92,60,61,72,8,77,57
l17,15=92,74,57,56,90,98,96,97,100,59,100,100,100,99,100,0,100,100,0,99,100,56,92,95,99,100,70,56,0,0,93,100,0,0,0,0,0,0,3,0,55,66,99,95,59
l18,15=82,73,57,0,75,3,92,99,79,59,59,99,98,95,100,0,55,100,100,0,100,98,98,99,99,95,99,60,0,0,58,95,22,46,0,0,0,0,95,57,62,62,98,97,65
l19,15=0,0,0,0,0,96,80,99,81,0,62,99,100,0,100,0,100,100,100,99,0,63,76,100,99,100,99,62,0,0,59,100,0,0,0,0,0,0,93,56,61,71,98,97,63
l20,15=0,0,0,0,0,0,70,96,65,75,0,89,93,83,77,0,98,64,96,99,95,0,100,100,93,100,98,100,0,0,0,0,96,89,0,72,95,94,96,87,0,68,95,87,94
l21,15=0,0,0,0,0,0,0,2,0,0,0,0,92,86,0,0,96,0,94,98,79,99,0,99,99,98,98,100,0,0,0,0,85,0,0,0,78,0,76,0,0,4,92,87,0
l22,15=0,0,0,0,0,0,0,95,74,53,92,0,95,84,95,0,96,93,96,98,98,99,97,0,99,100,99,100,0,0,0,20,97,88,0,92,97,92,96,51,85,77,96,85,58
l23,15=0,0,0,0,0,0,0,0,87,31,89,93,96,89,97,0,97,97,98,94,96,98,96,100,0,100,99,98,0,0,90,93,95,87,0,94,0,63,92,89,86,78,98,97,98
l24,15=0,0,3,0,0,0,0,94,70,61,97,93,96,94,100,0,96,90,99,94,99,99,94,99,99,0,99,96,0,0,55,93,86,70,0,94,88,0,89,54,92,96,98,97,98
l25,15=0,0,0,0,0,0,0,84,86,43,89,68,91,48,100,0,96,96,79,98,99,97,91,99,99,100,0,98,0,0,0,0,94,86,0,67,95,83,55,88,40,78,97,97,92
l26,15=0,0,0,0,0,0,0,95,88,98,90,0,92,96,92,0,96,97,94,94,93,99,98,100,99,98,98,0,0,0,0,0,96,87,0,94,95,95,94,90,88,93,93,94,95
l27,15=97,74,54,56,83,97,94,0,46,0,32,55,59,82,90,0,60,100,86,66,59,0,0,0,84,92,0,0,0,0,0,100,50,51,0,21,24,84,92,55,61,72,0,77,0
l28,15=97,0,0,56,0,98,0,86,74,0,1,56,0,82,100,0,87,100,87,67,62,0,0,2,84,86,0,0,0,0,96,0,60,52,0,22,25,82,100,60,61,72,82,76,0
l29,15=0,0,0,0,0,0,0,0,0,0,0,0,0,0,0,0,0,85,0,35,0,99,72,100,99,97,99,100,0,0,88,100,0,97,0,100,99,99,100,100,98,99,79,83,0
l30,15=0,0,0,0,0,0,0,0,0,0,0,0,0,0,82,0,55,51,0,84,0,96,0,87,97,88,92,83,0,0,85,87,100,0,0,100,99,99,100,100,98,99,78,0,43
l31,15=0,0,0,0,0,0,0,0,0,0,0,0,0,0,0,0,0,33,0,5,0,53,0,82,89,69,66,73,0,0,83,96,100,97,0,0,99,99,100,99,98,99,64,0,37
l32,15=0,0,0,0,0,0,0,0,0,0,0,0,0,0,0,0,0,0,0,0,0,91,17,100,15,78,97,77,0,0,70,98,100,97,0,100,0,99,100,100,98,99,0,0,0
l33,15=0,0,0,0,0,0,0,0,0,0,0,0,0,0,0,0,0,36,0,0,0,67,0,82,64,0,66,73,0,0,70,95,100,97,0,100,99,0,95,96,93,95,0,0,0
l34,15=0,0,0,0,0,0,0,0,0,0,0,0,0,0,0,0,0,53,5,96,70,94,1,87,88,84,43,85,0,0,89,96,100,97,0,100,99,99,0,100,98,99,82,0,0
l35,15=0,0,0,0,0,0,0,0,0,0,0,0,0,0,0,0,4,57,0,89,54,49,0,79,88,85,92,51,0,0,95,60,100,97,0,99,99,99,100,0,98,99,0,30,0
l36,15=0,0,0,0,0,91,0,0,0,0,35,0,0,0,75,0,0,52,84,96,94,0,0,88,88,93,60,87,0,0,88,88,53,86,0,79,61,86,100,100,0,99,0,69,0
l37,15=0,0,0,0,0,4,0,0,0,0,0,1,0,0,75,0,37,89,72,59,94,49,0,83,80,93,80,51,0,0,89,91,100,97,0,99,99,86,100,100,98,0,0,52,10
l38,15=0,0,0,0,0,0,0,0,0,0,43,3,1,0,86,0,67,8,90,87,68,89,62,86,98,97,84,76,0,0,0,54,61,41,0,1,0,0,59,0,0,0,0,97,98
l39,15=0,0,0,0,0,0,0,0,0,6,43,0,73,0,89,0,89,82,92,93,89,89,82,80,99,98,98,91,0,0,49,60,74,0,0,0,0,0,0,0,28,0,99,0,98
l40,15=0,0,0,0,0,0,0,0,0,0,52,0,0,0,87,0,87,78,66,87,81,95,0,68,99,98,90,95,0,0,0,0,0,0,0,0,0,0,0,0,0,0,98,97,0
l41,15=0,0,0,0,0,0,0,89,59,0,87,87,90,92,100,0,91,99,99,93,99,89,0,93,99,99,98,98,0,0,84,0,1,46,0,0,0,0,86,0,62,0,98,97,93
l42,15=0,0,0,0,0,0,0,0,0,0,2,0,0,0,68,0,68,54,52,87,0,95,65,94,99,99,89,69,0,0,0,0,0,64,0,23,0,0,0,0,0,0,97,97,98
l43,15=0,0,0,0,0,0,0,0,0,0,0,0,0,0,73,0,64,61,56,66,58,70,57,95,89,97,95,91,0,0,0,0,62,70,0,66,0,0,69,66,0,0,95,94,94
l44,15=0,0,0,0,0,0,0,0,0,0,0,0,42,0,71,0,68,0,0,87,63,98,62,62,98,89,95,93,0,0,0,0,62,0,0,0,0,0,4,0,0,33,98,91,95

