l0,0=0,90,89,86,93,88,88,86,79,88,89,88,88,87,21,0,22,5,74,67,0,0,0,0,0,0,0,0,0,0,73,73,0,0,0,0,0,0,0,0,33,0,0,0,0
l1,0=87,0,88,89,93,89,88,88,89,88,71,88,88,90,58,0,76,0,23,2,70,0,0,0,0,5,0,0,0,0,77,36,0,0,0,0,0,0,0,0,60,0,0,0,0
l2,0=88,90,0,87,93,88,88,91,91,86,89,88,88,90,47,0,86,55,4,9,64,0,0,0,0,5,26,0,0,0,0,64,0,0,0,0,0,0,0,0,0,0,0,14,0
l3,0=90,92,88,0,94,84,88,80,88,54,79,85,85,82,29,0,82,73,74,78,0,0,0,0,0,0,0,0,0,0,86,75,0,0,0,0,0,0,0,0,0,2,0,0,0
l4,0=90,92,88,91,0,89,88,72,85,88,85,78,83,87,66,0,73,59,62,0,0,0,0,0,0,0,0,0,0,0,78,44,0,0,0,0,0,0,0,0,0,0,0,0,0
l5,0=87,92,88,83,94,0,69,91,87,58,86,54,88,69,41,0,82,32,73,69,16,0,0,0,0,0,0,0,0,0,72,33,0,0,0,0,0,0,0,0,70,2,0,0,0
l6,0=88,90,89,90,93,87,0,91,91,90,89,32,88,89,84,0,86,71,63,80,69,0,0,0,0,22,2,0,0,0,78,0,0,0,0,0,0,0,0,0,0,0,0,0,0
l7,0=88,90,88,75,6,88,88,0,90,91,89,88,88,90,88,0,87,50,86,86,78,30,73,65,66,78,63,0,0,0,26,0,0,0,0,0,0,0,0,0,0,0,0,4,0
l8,0=32,90,88,87,92,88,88,91,0,91,89,88,88,90,87,0,86,76,83,83,75,36,29,26,36,72,36,0,0,0,0,0,0,0,0,0,0,0,0,0,0,0,0,19,0
l9,0=87,90,83,49,90,86,88,90,91,0,89,88,88,90,88,0,87,61,69,27,79,46,0,24,41,61,13,0,0,0,44,33,0,0,0,0,0,0,0,0,0,0,0,1,0
l10,0=52,54,86,74,36,49,68,86,71,86,0,58,88,49,78,0,89,74,90,88,81,4,28,28,54,80,36,68,0,0,75,33,0,0,0,0,0,0,0,0,0,0,20,15,0
l11,0=83,91,86,73,34,86,48,88,91,91,86,0,88,90,87,0,87,68,74,75,77,33,4,2,50,42,29,51,0,0,0,33,0,0,0,0,0,0,0,0,0,0,0,0,0
l12,0=87,91,86,73,79,86,87,87,85,88,89,88,0,90,87,0,85,67,83,83,87,30,6,11,39,63,60,45,0,0,65,0,0,0,0,0,0,0,0,0,55,0,0,0,46
l13,0=52,92,89,74,92,88,88,92,90,91,86,88,88,0,91,0,89,72,86,79,83,53,1,21,6,71,16,45,0,0,0,28,0,0,0,0,0,0,0,0,0,0,1,4,0
l14,0=1,3,61,0,24,20,58,70,57,53,73,30,42,47,0,0,89,92,97,94,100,1,22,27,55,77,38,68,0,0,90,41,0,23,0,0,0,0,0,0,74,19,26,26,71
l15,0=9,17,78,50,28,44,68,86,66,52,89,87,44,78,95,0,0,3,97,73,98,73,26,29,51,85,44,80,0,0,88,21,2,0,0,0,0,0,0,19,68,14,24,23,0
l16,0=0,0,39,18,8,0,46,12,37,15,80,29,30,41,94,0,1,0,97,95,99,0,0,21,57,68,40,9,0,0,96,51,18,16,0,0,0,9,10,28,86,65,27,23,28
l17,0=21,0,43,58,24,36,58,69,66,49,89,20,42,60,97,0,90,93,0,95,100,72,27,25,62,72,43,65,0,0,88,38,0,0,0,0,0,0,0,0,69,51,25,22,64
l18,0=1,0,62,9,0,12,52,55,63,33,88,28,28,33,97,0,74,93,96,0,100,86,30,30,68,90,82,76,0,0,66,38,27,20,0,53,0,16,21,11,81,28,28,27,64
l19,0=0,26,64,0,0,27,55,8,50,39,88,34,55,43,97,0,90,93,97,95,0,68,28,27,72,90,56,42,0,0,95,84,0,30,0,0,0,0,0,3,95,51,0,23,74
l20,0=0,0,0,0,0,0,0,0,2,57,62,47,19,46,0,0,82,0,70,93,77,0,100,98,78,89,82,95,0,0,0,0,86,27,0,90,73,0,77,59,24,61,91,58,64
l21,0=0,0,0,0,0,0,0,51,79,0,81,2,25,9,51,0,74,0,40,89,82,100,0,92,80,74,82,94,0,0,0,0,0,78,0,0,19,0,66,62,0,0,0,26,59
l22,0=0,0,0,0,0,0,0,53,49,64,68,0,44,60,69,0,80,60,60,87,67,98,76,0,80,75,83,93,0,0,0,17,94,74,0,75,60,60,78,58,62,66,76,75,43
l23,0=0,0,0,0,0,0,0,57,0,35,74,27,20,8,63,0,63,85,85,88,86,88,90,99,0,90,83,88,0,0,0,17,43,42,0,69,0,0,58,37,80,82,92,87,83
l24,0=0,0,0,0,0,0,0,58,36,37,81,6,24,47,76,0,80,64,79,93,90,98,87,81,81,0,83,88,0,0,3,33,0,82,0,61,62,19,52,62,64,0,92,87,82
l25,0=0,0,52,0,0,0,0,57,49,29,73,44,64,11,48,0,73,64,72,93,79,83,87,100,81,90,0,87,0,0,33,0,86,51,0,75,55,39,40,76,53,79,92,87,81
l26,0=0,0,0,0,0,0,0,46,3,0,74,68,68,18,65,0,80,0,69,88,75,99,99,98,80,86,81,0,0,0,51,0,81,76,0,87,80,74,84,80,0,66,85,0,91
l27,0=13,34,0,45,23,30,42,13,0,28,35,3,21,3,82,0,55,93,53,51,88,0,0,0,0,9,14,4,0,0,0,87,30,65,0,83,0,18,27,91,91,76,0,0,26
l28,0=18,22,67,42,23,27,0,0,2,24,45,24,17,29,68,0,21,93,42,56,86,0,0,5,3,57,1,0,0,0,96,0,59,63,0,49,40,26,26,69,93,80,0,3,36
l29,0=0,0,0,0,0,0,0,0,0,0,0,0,0,0,0,0,3,3,0,40,0,76,8,98,45,20,81,45,0,0,82,84,0,97,0,98,100,100,94,94,94,95,21,36,7
l30,0=0,0,0,0,0,0,0,0,0,0,0,0,0,0,0,0,0,0,0,21,39,17,40,89,6,80,18,70,0,0,96,86,100,0,0,98,100,100,94,95,95,95,28,19,0
l31,0=0,0,0,0,0,0,0,0,0,0,0,0,0,0,0,0,0,3,0,53,0,80,1,45,55,66,50,90,0,0,76,74,100,97,0,0,100,100,94,95,95,95,0,0,0
l32,0=0,0,0,0,0,0,0,0,0,0,0,0,0,0,0,0,0,0,0,0,0,67,21,63,6,67,55,86,0,0,0,72,100,97,0,98,0,100,94,95,86,87,0,0,0
l33,0=0,0,0,0,0,0,0,0,0,0,0,0,0,0,0,0,0,16,0,0,0,0,0,36,0,15,43,54,0,0,56,70,100,97,0,98,100,0,94,95,94,73,0,0,0
l34,0=0,0,0,0,0,0,0,0,0,0,0,0,0,0,0,0,0,83,0,71,0,86,54,90,71,80,46,89,0,0,96,85,100,97,0,98,100,99,0,95,95,95,0,0,0
l35,0=0,0,0,0,0,0,0,0,0,0,0,0,0,0,23,0,4,30,0,20,0,31,49,46,38,75,43,67,0,0,96,56,99,97,0,98,89,100,94,0,95,95,18,0,0
l36,0=0,0,0,0,0,30,0,0,0,0,11,0,8,0,71,0,29,32,35,63,89,12,0,28,42,62,24,0,0,0,95,85,62,97,0,96,48,91,92,95,0,95,0,14,0
l37,0=0,0,0,0,0,21,0,0,0,0,0,0,0,0,60,0,10,37,51,51,78,38,0,70,48,9,44,55,0,0,96,87,97,97,0,98,72,52,94,95,95,0,10,0,0
l38,0=0,0,0,0,0,0,0,0,0,0,50,0,0,0,68,0,63,64,67,79,0,78,37,85,74,87,78,79,0,0,0,0,10,63,0,0,0,0,1,1,0,3,0,87,83
l39,0=0,0,1,0,0,0,0,0,17,0,39,0,0,9,73,0,60,64,62,84,65,66,18,86,80,87,80,5,0,0,0,0,0,40,0,0,0,0,4,0,61,0,92,0,85
l40,0=0,0,0,0,0,0,0,0,0,0,3,0,19,0,68,0,0,42,61,68,75,74,76,83,80,82,78,92,0,0,9,41,1,0,0,0,0,0,0,0,0,0,92,87,0
l41,0=0,0,0,0,0,0,0,0,0,36,74,0,36,21,74,0,78,75,93,93,93,39,56,94,81,89,81,83,0,0,68,53,66,0,0,0,0,0,0,6,38,35,93,89,93
l42,0=0,0,0,0,0,0,0,0,0,1,7,0,0,0,56,0,50,61,58,72,67,69,25,89,80,88,80,84,0,0,0,0,1,47,0,29,0,0,50,0,0,0,92,87,83
l43,0=0,0,0,0,0,0,0,0,0,0,51,0,0,0,37,0,0,48,56,66,63,71,69,82,76,88,78,90,0,0,0,0,70,59,0,41,51,0,55,0,0,0,90,87,92
l44,0=0,0,0,0,0,0,0,0,0,0,1,36,53,0,60,0,44,60,63,70,68,78,78,87,76,86,70,80,0,0,1,2,0,0,0,0,0,9,0,0,0,0,91,76,81

l0,1=0,88,90,89,85,89,88,79,79,79,81,82,84,85,0,0,4,37,0,0,0,0,0,0,0,0,0,0,0,0,78,53,0,0,0,0,0,0,0,0,20,0,0,0,0
l1,1=88,0,85,88,83,89,89,72,78,79,73,75,78,87,6,0,61,29,0,40,59,0,0,0,0,0,0,0,0,0,42,36,0,0,0,0,0,0,0,0,0,0,0,0,0
l2,1=90,88,0,89,83,89,89,83,81,82,74,83,86,87,66,0,69,65,68,45,51,0,0,0,0,55,25,0,0,0,15,0,0,0,0,0,0,0,0,0,0,0,0,0,0
l3,1=90,88,89,0,87,89,89,68,79,75,81,70,78,85,67,0,62,11,42,0,6,0,0,0,0,0,0,0,0,0,80,46,0,0,0,0,0,0,0,0,0,0,0,0,0
l4,1=90,88,84,91,0,89,85,75,78,79,59,79,85,85,7,0,18,44,0,0,0,0,0,0,0,0,0,0,0,0,40,2,0,0,0,0,0,0,0,0,0,0,0,0,0
l5,1=90,85,90,83,87,0,88,81,79,62,80,80,85,82,65,0,71,14,14,15,0,0,0,0,0,0,0,0,0,0,20,8,0,0,0,0,0,0,0,0,58,18,0,0,0
l6,1=90,88,90,89,70,89,0,83,81,9,81,77,86,85,67,0,77,49,22,42,69,0,0,0,0,0,0,0,0,0,41,8,0,0,0,0,0,0,0,0,0,0,0,0,0
l7,1=90,88,90,41,85,89,89,0,81,82,81,83,86,87,79,0,79,0,68,66,63,50,39,78,0,70,67,1,0,0,0,0,0,0,0,0,0,0,0,0,0,0,0,54,0
l8,1=88,88,90,83,73,88,89,85,0,83,80,83,10,87,79,0,79,66,71,79,1,54,44,66,57,53,65,8,0,0,38,6,0,0,0,0,0,0,0,0,0,0,0,0,0
l9,1=87,86,85,65,79,71,8,86,81,0,82,84,86,88,78,0,61,15,68,63,53,38,0,1,66,24,51,24,0,0,0,31,0,0,0,0,0,0,0,0,0,0,14,0,0
l10,1=83,60,65,67,33,72,83,81,75,81,0,82,86,86,64,0,79,69,75,78,66,27,63,30,32,73,69,45,0,0,37,37,0,10,0,0,0,0,0,0,0,0,37,27,34
l11,1=87,78,85,17,56,77,70,84,81,84,82,0,86,89,79,0,79,43,78,68,62,0,0,18,55,58,63,0,0,0,25,40,0,0,0,0,0,0,0,0,0,0,0,16,6
l12,1=61,58,84,30,74,89,86,82,21,81,85,84,0,89,79,0,79,70,78,76,72,46,0,54,60,61,66,62,0,0,22,24,0,0,0,0,0,0,0,0,0,0,6,0,22
l13,1=86,88,89,80,74,77,84,83,81,84,83,84,86,0,77,0,79,39,73,41,55,42,54,48,66,64,62,33,0,0,14,31,0,0,0,0,0,0,0,0,0,0,15,0,7
l14,1=0,2,57,61,14,28,43,65,68,62,65,77,75,70,0,0,79,56,82,83,94,39,40,71,72,62,62,15,0,0,43,40,0,0,0,0,0,0,11,0,67,43,44,65,46
l15,1=0,24,41,20,17,30,50,82,43,58,85,83,86,86,85,0,0,55,82,50,89,61,45,72,74,73,65,32,0,0,45,39,0,0,0,0,0,0,0,0,67,35,25,41,3
l16,1=1,3,41,2,14,5,23,0,23,32,47,42,70,36,74,0,71,0,31,52,88,14,0,64,74,40,36,19,0,0,54,56,0,18,0,0,38,1,10,17,77,48,19,0,13
l17,1=0,0,54,43,0,0,0,56,39,59,76,79,75,69,85,0,75,59,0,47,93,49,63,71,73,46,71,28,0,0,8,24,0,0,0,0,0,0,0,1,50,48,44,32,46
l18,1=0,8,6,0,5,4,18,13,47,31,75,73,67,31,82,0,73,85,42,0,91,77,72,62,90,84,85,43,0,0,35,77,0,0,0,7,0,0,36,33,62,55,49,50,17
l19,1=0,30,46,0,0,0,48,64,10,57,75,72,73,55,85,0,77,84,82,87,0,66,47,42,77,71,68,41,0,0,43,52,0,39,0,0,0,0,20,0,83,53,53,48,48
l20,1=0,0,0,0,0,0,0,18,38,16,22,20,29,19,39,0,64,11,29,79,46,0,94,88,91,85,82,85,0,0,3,0,49,33,0,23,47,0,77,0,28,22,45,50,59
l21,1=0,0,0,0,0,0,0,26,29,2,46,0,0,21,18,0,36,0,35,76,19,94,0,87,90,78,80,81,0,0,0,0,0,31,0,0,30,0,32,12,0,0,0,41,76
l22,1=0,0,0,0,0,0,0,18,37,2,20,1,10,18,57,0,62,36,38,6,7,80,74,0,90,48,86,82,0,0,0,0,66,74,0,69,34,12,43,13,32,33,82,68,1
l23,1=0,0,0,0,0,0,0,0,28,61,22,48,22,56,65,0,66,78,70,81,79,85,86,89,0,85,85,81,0,0,0,51,58,67,0,49,0,42,77,26,69,65,87,88,90
l24,1=0,0,19,0,0,0,0,65,29,14,76,68,65,52,72,0,70,58,5,81,80,87,84,78,92,0,85,80,0,0,0,65,22,32,0,11,30,0,51,78,69,50,92,86,87
l25,1=0,0,4,0,0,0,0,21,36,18,71,33,49,17,24,0,67,26,72,83,73,85,79,93,92,85,0,80,0,0,0,0,65,12,0,10,41,7,30,9,27,30,92,89,82
l26,1=0,0,0,0,0,0,0,4,21,17,70,21,58,20,17,0,54,42,42,78,71,87,86,87,90,81,80,0,0,0,0,0,67,78,0,69,80,6,81,75,29,36,76,74,88
l27,1=46,24,0,30,31,22,21,0,6,0,37,16,19,10,70,0,75,90,7,18,48,0,0,0,0,0,2,0,0,0,0,86,39,44,0,66,5,18,31,85,96,82,0,12,0
l28,1=25,19,0,12,3,0,4,0,6,12,24,35,23,26,58,0,52,92,8,52,79,0,0,0,36,37,0,0,0,0,88,0,40,37,0,63,60,11,50,50,96,87,0,0,7
l29,1=0,0,0,0,0,0,0,0,0,0,0,0,0,0,0,0,0,3,0,0,0,40,0,92,37,37,64,75,0,0,69,84,0,90,0,90,90,92,96,93,96,92,10,3,8
l30,1=0,0,0,0,0,0,0,0,0,0,12,0,0,0,0,0,0,40,0,2,39,35,37,84,44,36,24,77,0,0,77,77,84,0,0,90,90,84,96,93,96,94,22,12,0
l31,1=0,0,0,0,0,0,0,0,0,0,0,0,0,0,0,0,0,0,0,33,0,65,0,84,69,60,59,72,0,0,67,69,84,90,0,0,90,92,96,69,96,94,1,0,0
l32,1=0,0,0,0,0,0,0,0,0,0,0,0,0,0,0,0,0,20,0,0,0,62,33,47,38,35,60,65,0,0,5,46,84,90,0,90,0,92,96,93,78,88,0,0,0
l33,1=0,0,0,0,0,0,0,0,0,0,0,0,0,0,0,0,0,0,0,0,0,0,0,41,50,0,47,2,0,0,47,21,84,86,0,90,90,0,95,82,90,65,0,0,0
l34,1=0,0,0,0,0,0,0,0,0,0,0,0,0,0,45,0,0,76,0,57,23,75,55,77,78,59,59,80,0,0,71,81,84,90,0,90,90,90,0,93,96,94,25,38,0
l35,1=0,0,0,0,0,0,0,0,0,0,0,0,0,0,0,0,15,32,0,16,0,0,33,37,40,42,24,39,0,0,88,70,84,90,0,69,90,52,96,0,96,94,0,0,0
l36,1=0,0,0,0,0,16,0,0,0,0,0,0,0,0,59,0,62,89,1,25,62,35,0,38,47,43,21,1,0,0,88,86,75,88,0,85,73,55,93,90,0,91,0,20,0
l37,1=0,0,0,0,0,18,0,0,0,0,0,0,0,0,38,0,51,48,14,46,43,33,34,40,55,43,33,22,0,0,77,76,49,90,0,90,84,27,96,93,96,0,1,5,0
l38,1=0,0,0,0,0,0,0,0,0,0,11,0,0,0,70,0,8,33,67,71,11,14,0,81,85,79,82,44,0,0,0,0,16,15,0,0,0,0,14,0,0,0,0,88,90
l39,1=0,0,0,0,0,0,0,5,0,0,9,10,0,0,74,0,67,0,13,78,78,48,11,79,90,73,82,37,0,0,0,0,1,0,0,0,0,0,12,0,9,0,92,0,90
l40,1=0,0,0,0,0,0,0,0,0,0,10,3,1,0,61,0,1,5,64,8,58,59,25,0,89,78,76,77,0,0,0,1,2,0,0,0,0,0,0,0,0,0,91,87,0
l41,1=0,0,0,0,0,0,0,0,0,17,71,22,23,7,73,0,68,71,68,80,75,78,38,87,91,84,80,79,0,0,41,63,0,0,0,0,0,0,0,0,0,0,93,91,91
l42,1=0,0,0,0,0,0,0,0,0,0,0,0,0,0,10,0,14,29,22,39,1,11,16,87,90,83,82,80,0,0,0,0,36,10,0,0,0,0,0,0,0,0,92,88,89
l43,1=0,0,0,0,0,0,0,0,0,0,5,0,0,0,16,0,15,25,3,5,8,53,8,19,88,77,77,35,0,0,0,0,13,19,0,8,0,0,0,0,0,0,91,86,90
l44,1=0,0,0,0,0,0,0,0,0,0,0,0,17,0,16,0,0,11,27,12,13,15,11,80,86,77,76,79,0,0,17,10,15,0,0,0,0,0,4,0,0,0,91,84,89

l0,2=0,80,80,85,78,85,85,11,69,86,75,84,80,82,0,0,74,68,73,17,0,0,0,0,0,0,0,0,0,0,65,19,0,0,0,0,0,0,0,0,0,0,0,0,0
l1,2=85,0,80,86,81,85,86,87,68,86,74,79,75,77,56,0,72,67,62,9,38,0,0,0,0,0,0,0,0,0,63,64,0,0,0,0,0,0,0,0,0,0,0,0,0
l2,2=89,80,0,71,76,84,86,92,77,92,75,80,81,83,66,0,79,67,59,61,0,0,0,15,0,61,0,0,0,0,60,57,0,0,0,0,0,0,0,0,0,0,0,0,0
l3,2=89,81,67,0,81,64,83,82,70,85,75,74,82,82,51,0,68,57,54,0,0,0,0,0,0,0,0,0,0,0,56,57,0,0,0,0,0,0,0,0,0,0,0,0,0
l4,2=86,81,80,86,0,85,86,90,71,83,74,79,79,82,59,0,57,0,52,0,0,0,0,0,0,0,0,0,0,0,69,48,0,0,0,0,0,0,0,0,0,0,0,0,0
l5,2=89,81,80,81,80,0,86,89,72,86,76,37,80,82,70,0,71,13,69,59,44,0,0,0,0,0,0,0,0,0,75,56,0,0,0,0,0,0,0,0,0,0,0,0,0
l6,2=89,80,80,85,80,85,0,92,76,92,75,78,81,86,67,0,81,71,57,20,50,1,0,0,1,0,0,0,0,0,48,58,0,0,0,0,0,0,0,0,0,0,0,0,0
l7,2=2,74,80,76,75,75,86,0,77,92,75,84,81,86,54,0,83,0,81,46,53,0,6,49,3,68,55,0,0,0,0,0,0,0,0,0,0,0,0,0,0,0,0,0,0
l8,2=81,71,80,77,71,75,78,92,0,92,73,82,81,85,66,0,80,0,75,62,14,24,50,44,18,47,54,41,0,0,37,45,0,0,0,0,0,0,0,0,0,0,0,0,0
l9,2=79,75,75,73,63,75,76,91,76,0,75,83,81,86,69,0,71,64,79,53,50,37,0,26,53,47,54,46,0,0,38,41,0,0,0,0,0,0,0,0,0,0,0,0,0
l10,2=64,61,68,63,59,69,60,74,65,86,0,76,83,81,62,0,85,64,81,66,63,0,54,41,58,71,67,58,0,0,0,61,0,0,0,0,0,0,0,0,1,0,34,57,37
l11,2=78,73,72,71,70,16,68,92,77,92,75,0,83,86,70,0,82,58,80,18,63,44,43,15,40,68,55,0,0,0,44,27,0,0,0,0,0,0,0,0,0,0,42,56,33
l12,2=69,64,74,71,63,75,72,85,73,86,79,85,0,86,70,0,82,65,81,63,67,0,24,9,60,67,55,67,0,0,18,2,0,0,0,0,0,0,0,0,0,9,41,50,0
l13,2=76,74,69,77,72,73,75,89,76,92,76,85,83,0,70,0,82,46,75,39,56,0,0,32,48,47,0,0,0,0,30,35,0,0,0,0,0,0,0,0,0,0,0,0,0
l14,2=0,56,49,28,52,59,55,64,62,73,68,73,73,73,0,0,87,63,82,78,84,52,54,54,49,80,79,55,0,0,71,66,0,0,0,0,0,0,46,51,60,14,64,84,44
l15,2=60,58,50,58,30,55,68,88,69,72,77,81,82,84,87,0,0,70,79,70,75,62,57,58,63,74,67,60,0,0,71,54,0,16,0,0,0,0,0,48,56,59,64,70,0
l16,2=39,37,48,4,0,0,53,0,0,65,68,67,66,30,66,0,77,0,73,89,82,7,0,10,68,70,28,22,0,0,89,88,1,36,0,2,0,0,28,0,45,66,61,45,20
l17,2=57,51,45,0,27,52,50,66,61,70,73,73,73,63,87,0,75,64,0,64,84,27,39,50,64,63,56,61,0,0,63,58,0,18,0,0,0,0,0,6,54,16,67,66,45
l18,2=0,1,41,0,0,38,0,35,59,33,66,1,66,38,75,0,74,88,75,0,84,62,45,64,87,77,87,76,0,0,74,79,13,28,0,0,0,0,57,20,59,64,77,72,0
l19,2=0,38,0,0,0,41,41,69,5,61,69,71,70,67,87,0,82,83,82,89,0,55,19,55,71,80,74,75,0,0,62,76,0,5,0,0,0,0,0,0,70,62,67,79,45
l20,2=0,0,0,0,0,0,2,34,12,10,0,28,0,0,20,0,74,0,46,84,51,0,93,75,82,86,86,91,0,0,0,0,55,62,0,56,28,26,23,1,25,34,78,73,75
l21,2=0,0,0,0,0,0,0,9,17,0,22,12,19,0,14,0,72,0,33,64,8,78,0,72,83,82,83,83,0,0,0,0,0,0,0,0,2,0,0,0,2,0,19,76,40
l22,2=0,0,0,0,0,0,0,38,27,0,19,7,21,15,67,0,73,2,67,65,50,66,77,0,85,83,87,86,0,0,0,0,71,69,0,60,62,0,78,44,43,0,77,74,31
l23,2=0,0,0,0,0,0,0,36,0,62,20,9,65,16,67,0,73,76,75,85,61,55,74,76,0,87,87,81,0,0,0,0,67,28,0,56,25,43,77,0,45,75,86,88,82
l24,2=0,0,36,0,0,0,0,62,45,16,67,61,61,36,72,0,75,73,66,83,64,66,82,72,87,0,87,80,0,0,5,56,56,27,0,13,29,13,27,65,76,74,85,87,79
l25,2=0,0,0,0,0,0,0,35,11,9,64,13,21,0,76,0,74,15,51,84,59,66,79,82,86,87,0,83,0,0,11,22,21,57,0,21,49,18,55,0,57,33,86,89,82
l26,2=0,0,0,0,0,0,0,0,14,10,22,4,64,0,11,0,65,15,55,77,64,77,85,79,83,83,84,0,0,0,0,0,71,74,0,73,66,29,82,16,23,28,50,81,75
l27,2=61,61,52,53,44,68,50,0,55,10,25,64,7,43,73,0,80,86,70,84,62,0,0,0,1,23,14,0,0,0,0,88,42,73,0,53,22,62,84,77,91,87,0,22,0
l28,2=36,49,38,39,38,34,37,0,43,34,43,49,27,38,71,0,62,88,45,86,64,0,0,0,8,36,36,0,0,0,90,0,77,73,0,62,33,31,88,72,91,93,0,0,22
l29,2=0,0,0,0,0,0,0,0,0,0,0,0,0,0,0,0,0,0,0,16,0,51,0,81,69,63,64,87,0,0,70,76,0,84,0,91,87,95,97,85,92,98,24,14,0
l30,2=0,0,0,0,0,0,0,0,0,0,0,0,0,0,0,0,26,62,16,56,15,48,42,74,56,59,64,83,0,0,79,81,89,0,0,91,87,94,97,85,92,98,0,55,0
l31,2=0,0,0,0,0,0,0,0,0,0,0,0,0,0,0,0,0,32,0,16,0,51,1,65,60,33,60,72,0,0,67,70,89,84,0,0,87,95,97,84,92,98,40,6,0
l32,2=0,0,0,0,0,0,0,0,0,0,0,0,0,0,0,0,0,0,0,2,0,53,51,74,49,37,65,75,0,0,37,61,89,84,0,91,0,95,97,85,5,95,0,52,0
l33,2=0,0,0,0,0,0,0,0,0,0,0,0,0,0,0,0,0,0,0,0,0,42,0,0,58,8,20,55,0,0,61,55,89,84,0,91,87,0,97,85,87,82,0,0,0
l34,2=0,0,0,0,0,0,0,0,0,0,0,0,0,0,13,0,0,38,0,65,0,0,0,72,66,5,55,79,0,0,85,88,89,84,0,91,87,93,0,85,92,98,45,46,0
l35,2=0,0,0,0,0,0,0,0,0,0,0,0,0,0,49,0,50,0,18,2,4,6,7,49,0,42,2,1,0,0,86,82,89,84,0,86,87,93,97,0,92,98,0,0,0
l36,2=0,0,0,0,0,0,0,0,0,0,9,0,0,0,50,0,54,71,56,84,77,37,32,54,46,48,65,41,0,0,90,88,86,80,0,85,0,84,94,85,0,98,0,4,0
l37,2=0,0,0,0,1,0,0,0,0,0,0,0,18,0,38,0,67,76,35,83,48,37,24,8,64,49,53,38,0,0,75,88,89,84,0,91,59,82,97,85,92,0,42,45,0
l38,2=0,0,0,0,0,0,0,0,0,0,0,3,3,0,13,0,24,11,30,71,26,15,7,65,80,77,82,21,0,0,0,0,8,0,0,0,0,0,19,0,0,0,0,89,82
l39,2=0,0,0,0,0,0,0,0,0,0,13,6,21,0,75,0,66,67,67,71,59,44,50,63,83,82,84,76,0,0,9,0,2,36,0,0,4,0,22,0,0,11,87,0,82
l40,2=0,0,0,0,0,0,0,0,0,0,5,1,0,0,65,0,2,3,65,16,31,55,11,12,81,79,83,75,0,0,0,0,0,0,0,0,0,0,0,0,0,0,85,86,0
l41,2=0,0,0,0,0,0,0,0,0,0,40,10,19,19,77,0,74,78,72,83,59,41,0,71,83,82,81,71,0,0,0,20,0,0,0,0,0,0,25,1,0,0,87,89,82
l42,2=0,0,0,0,0,0,0,0,0,0,0,0,0,0,13,0,33,13,25,81,32,13,22,71,83,82,84,66,0,0,0,0,9,20,0,0,12,0,24,5,0,0,61,87,81
l43,2=0,0,0,0,0,0,0,0,0,0,0,0,0,0,10,0,29,0,26,44,23,26,17,20,64,73,82,68,0,0,0,0,0,19,0,0,15,0,4,0,0,0,86,84,82
l44,2=0,0,0,0,0,0,0,0,0,0,0,0,0,0,4,0,9,14,25,50,33,15,14,67,80,79,82,77,0,0,0,0,0,14,0,0,9,0,0,18,0,0,84,86,80

l0,3=0,88,86,88,87,79,57,75,89,83,80,89,81,86,63,0,69,49,55,0,0,0,0,0,0,0,0,0,0,0,62,0,0,0,0,0,0,0,0,0,0,0,0,0,0
l1,3=74,0,91,88,87,79,70,78,89,84,84,90,87,82,0,0,62,72,75,28,6,0,0,0,40,0,5,0,0,0,68,41,0,0,0,0,0,0,0,0,0,0,0,0,0
l2,3=71,86,0,79,73,62,70,84,91,88,84,90,87,87,73,0,86,63,62,55,0,0,0,8,0,0,46,0,0,0,58,38,0,0,0,0,0,0,0,0,0,0,0,0,0
l3,3=80,89,89,0,87,78,65,67,89,82,82,91,87,84,3,0,88,0,0,29,14,0,0,0,0,0,0,0,0,0,62,1,0,0,0,0,0,0,0,0,0,0,0,0,0
l4,3=80,89,91,88,0,79,70,74,90,64,79,91,81,86,66,0,46,0,65,0,44,0,0,0,0,0,0,0,0,0,0,0,0,0,0,0,0,0,0,0,0,0,0,0,0
l5,3=80,89,85,83,81,0,70,85,89,83,86,81,87,84,61,0,86,56,65,51,43,0,0,0,0,0,0,0,0,0,80,16,0,0,0,0,0,0,0,0,0,0,0,0,0
l6,3=72,89,91,80,83,79,0,84,89,89,83,90,87,87,77,0,87,78,75,0,0,0,0,21,0,51,0,0,0,0,3,7,0,0,0,0,0,0,0,0,0,0,0,0,0
l7,3=72,78,89,60,56,63,58,0,89,88,81,92,87,84,81,0,87,39,76,66,56,0,0,69,45,65,69,0,0,0,0,0,0,0,0,0,0,0,0,0,0,0,0,0,0
l8,3=73,78,90,78,59,62,58,84,0,88,82,90,87,85,83,0,87,40,79,68,61,0,66,46,8,55,57,54,0,0,58,0,0,0,0,0,0,0,0,0,0,0,0,47,0
l9,3=71,78,89,69,54,60,58,84,89,0,83,91,87,85,76,0,83,63,76,58,55,8,0,45,57,57,42,48,0,0,57,42,0,0,0,0,0,0,0,0,0,0,3,0,0
l10,3=62,79,85,68,54,62,56,71,89,85,0,91,88,84,87,0,89,71,86,65,67,70,45,66,57,71,66,62,0,0,27,51,0,0,0,0,0,0,0,0,0,0,0,54,0
l11,3=67,74,88,76,58,52,57,84,89,89,83,0,88,85,81,0,88,70,77,62,67,59,48,40,54,59,63,36,0,0,49,52,0,0,0,0,0,0,0,0,0,0,0,52,0
l12,3=64,75,86,72,50,62,56,80,89,85,88,93,0,87,84,0,89,62,77,55,64,16,55,45,53,56,61,60,0,0,57,40,0,0,0,0,0,0,0,0,0,53,0,47,0
l13,3=72,78,89,74,58,62,57,83,89,89,86,91,87,0,80,0,88,70,68,49,53,54,10,67,50,58,0,0,0,0,57,39,0,0,0,0,0,0,0,0,0,0,0,0,0
l14,3=48,0,68,0,44,38,44,75,87,77,88,87,86,76,0,0,89,91,91,73,98,72,62,67,55,69,71,59,0,0,67,58,0,0,0,0,0,0,0,69,15,20,74,75,68
l15,3=56,54,74,61,37,55,52,79,81,77,88,91,87,84,89,0,0,84,84,66,82,76,67,69,61,65,72,36,0,0,71,52,0,0,0,0,0,0,0,0,60,49,60,59,53
l16,3=14,63,47,0,0,35,53,45,28,47,72,63,66,43,95,0,89,0,84,90,95,43,0,42,58,65,66,25,0,0,93,84,0,68,0,0,0,0,49,77,86,41,60,63,56
l17,3=48,66,52,0,45,44,45,68,89,84,88,88,86,48,95,0,89,82,0,82,90,69,65,76,71,59,34,8,0,0,81,56,0,0,0,0,0,0,0,0,70,65,70,53,62
l18,3=0,0,42,0,0,30,0,62,81,62,78,67,70,49,86,0,79,90,86,0,98,88,80,73,88,85,83,84,0,0,85,62,23,3,0,15,0,0,52,42,81,57,73,72,56
l19,3=0,0,0,0,37,33,0,57,75,65,86,83,82,57,95,0,89,92,90,90,0,74,71,73,71,77,67,72,0,0,88,53,33,8,0,0,0,0,37,0,80,43,74,75,0
l20,3=0,0,0,0,0,0,0,0,0,0,76,62,42,48,81,0,82,39,79,84,81,0,98,89,56,85,80,94,0,0,0,0,89,86,0,80,71,78,83,53,0,0,83,84,86
l21,3=0,0,0,0,0,0,0,0,66,0,30,62,63,0,66,0,76,0,68,79,62,98,0,88,86,78,80,89,0,0,0,0,0,17,0,52,0,45,0,0,0,0,69,80,33
l22,3=0,0,0,0,0,0,1,52,41,38,49,47,45,57,61,0,69,38,72,59,40,96,81,0,86,85,84,92,0,0,34,0,58,79,0,54,85,58,64,37,37,42,83,81,62
l23,3=0,44,0,0,0,0,0,44,2,54,53,54,64,52,69,0,67,66,80,86,66,28,71,87,0,85,84,89,0,0,29,0,72,61,0,62,58,59,72,69,62,81,84,88,89
l24,3=0,0,0,0,0,0,20,58,53,53,76,67,61,55,72,0,74,61,57,88,79,96,50,91,87,0,83,89,0,0,0,0,64,53,0,17,46,0,51,62,61,64,74,88,89
l25,3=0,0,29,0,0,0,0,55,53,46,57,58,62,0,74,0,70,65,41,84,48,83,60,93,87,85,0,89,0,0,30,35,47,61,0,48,71,4,61,48,57,3,84,88,83
l26,3=0,0,0,0,0,0,0,23,45,32,52,39,68,0,48,0,47,48,33,76,80,98,91,89,86,83,80,0,0,0,23,0,78,80,0,78,84,56,47,62,47,51,83,26,50
l27,3=34,55,49,53,11,70,21,0,37,30,0,19,40,25,33,0,86,90,72,86,84,0,0,43,18,0,19,1,0,0,0,84,53,67,0,18,62,1,83,94,93,95,41,32,37
l28,3=0,50,46,0,2,41,12,0,0,37,64,22,53,33,45,0,82,91,70,88,51,0,0,1,0,0,26,0,0,0,93,0,59,95,0,24,79,25,87,98,93,96,57,47,0
l29,3=0,0,0,0,0,0,0,0,0,0,0,0,0,0,0,0,0,0,0,52,59,96,0,85,86,85,51,89,0,0,84,76,0,100,0,100,99,100,97,98,91,99,0,0,0
l30,3=0,0,0,0,0,0,0,0,0,0,0,0,0,0,0,0,40,68,0,0,6,90,27,91,71,67,48,94,0,0,93,82,98,0,0,100,99,100,97,98,93,99,60,49,28
l31,3=0,0,0,0,0,0,0,0,0,0,0,0,0,0,0,0,0,0,0,57,1,91,82,83,80,59,47,91,0,0,66,42,98,100,0,0,99,96,97,98,93,99,43,15,5
l32,3=0,0,0,0,0,0,0,0,0,0,0,0,0,0,0,0,0,0,0,0,0,77,20,92,72,69,83,92,0,0,76,79,98,100,0,100,0,100,97,98,93,98,0,14,0
l33,3=0,0,0,0,0,0,0,0,0,0,0,0,0,0,0,0,0,0,0,0,0,85,0,69,70,0,12,36,0,0,0,40,98,100,0,91,99,0,97,98,92,84,0,0,0
l34,3=0,0,0,0,0,0,0,0,0,0,0,0,0,0,0,0,0,73,0,73,52,87,0,85,72,50,71,37,0,0,93,84,98,100,0,100,99,100,0,98,93,99,49,0,10
l35,3=0,0,0,0,0,0,0,0,0,0,0,0,0,0,35,0,1,45,0,60,0,62,0,23,74,71,21,35,0,0,92,84,98,100,0,100,99,100,97,0,93,99,0,0,0
l36,3=0,0,0,0,0,0,0,0,0,0,0,0,0,0,0,0,80,48,76,82,80,0,0,48,69,69,35,26,0,0,93,84,75,99,0,90,85,31,97,98,0,99,0,46,0
l37,3=0,0,0,0,0,4,0,0,0,0,0,0,62,0,12,0,72,40,64,65,40,0,0,60,77,75,25,32,0,0,93,52,98,80,0,61,99,30,97,98,93,0,55,61,0
l38,3=0,0,0,0,0,0,0,0,0,0,0,0,0,0,68,0,49,36,53,60,59,59,31,68,71,61,73,61,0,0,8,23,0,34,0,0,0,0,4,0,0,0,0,88,89
l39,3=0,0,0,0,0,0,0,0,45,0,40,54,48,0,70,0,59,54,48,53,54,57,44,66,78,76,73,28,0,0,17,26,0,14,0,10,4,0,0,0,30,25,84,0,89
l40,3=0,0,0,0,0,0,0,0,0,0,0,0,0,0,63,0,38,42,43,50,0,56,9,58,75,75,68,31,0,0,6,0,0,1,0,0,0,0,0,0,0,0,83,88,0
l41,3=0,0,0,0,0,0,0,0,0,0,52,0,49,56,77,0,69,73,71,83,74,53,37,77,86,85,80,64,0,0,41,32,0,0,0,0,0,0,37,0,0,0,84,88,89
l42,3=0,0,0,0,0,0,0,0,0,0,17,0,0,0,56,0,50,36,45,66,52,58,45,67,85,76,76,71,0,0,0,0,46,0,0,10,12,54,0,5,0,0,84,88,89
l43,3=0,0,0,0,0,0,0,0,0,0,0,0,2,0,48,0,24,23,0,41,31,57,35,67,68,65,71,72,0,0,0,0,33,4,0,0,0,0,8,15,0,0,76,83,82
l44,3=0,0,0,0,0,0,0,0,0,0,0,0,0,0,45,0,31,38,6,60,34,55,37,68,85,85,75,64,0,0,0,0,32,55,0,0,46,0,6,29,0,0,84,88,89

l0,4=0,88,91,100,98,94,93,85,93,90,83,80,89,96,69,0,84,74,13,0,0,0,0,0,0,0,0,0,0,0,27,67,0,0,0,0,0,0,0,0,0,0,0,0,0
l1,4=91,0,99,100,98,94,94,84,93,54,93,93,93,98,57,0,84,75,59,51,10,0,0,0,53,0,0,0,0,0,26,73,0,0,0,0,0,0,0,0,0,0,0,0,0
l2,4=91,88,0,96,98,87,94,87,93,92,93,93,95,99,62,0,86,80,67,53,0,0,0,0,0,0,5,0,0,0,24,72,0,0,0,0,0,0,0,0,0,0,0,0,0
l3,4=91,88,82,0,98,94,93,88,93,69,84,87,87,86,60,0,83,48,57,1,0,0,0,0,0,0,0,0,0,0,23,67,0,0,0,0,0,0,0,0,0,0,0,0,0
l4,4=91,88,99,100,0,94,94,83,84,47,90,92,77,97,58,0,83,67,58,0,0,0,0,0,0,0,0,0,0,0,0,75,0,0,0,0,0,0,0,0,0,0,0,0,0
l5,4=91,88,68,100,98,0,94,90,92,91,93,93,93,98,0,0,81,71,0,0,56,0,0,0,0,0,0,0,0,0,50,31,0,0,0,0,0,0,0,0,55,6,0,0,0
l6,4=89,88,93,94,94,94,0,78,92,91,93,93,93,94,69,0,89,74,64,40,63,0,0,0,0,58,0,0,0,0,27,65,0,0,0,0,0,0,0,0,0,0,0,0,0
l7,4=89,83,92,96,94,91,93,0,92,91,93,93,93,98,89,0,89,0,69,77,69,13,0,69,40,77,77,48,0,0,0,0,0,0,0,0,0,0,0,0,0,0,0,0,0
l8,4=89,83,99,96,77,90,93,91,0,91,84,93,93,98,88,0,88,45,70,77,60,37,0,61,55,3,61,47,0,0,19,0,0,0,0,0,0,0,0,0,0,0,0,32,0
l9,4=89,61,92,89,32,90,93,90,92,0,93,93,93,98,85,0,89,76,71,59,76,29,0,68,67,66,49,52,0,0,39,60,0,0,0,0,0,0,0,0,0,0,0,0,0
l10,4=59,77,69,84,76,87,86,64,75,88,0,90,94,97,87,0,89,78,71,66,78,50,32,73,72,75,73,53,0,0,17,71,0,0,0,0,0,0,0,0,0,6,63,55,0
l11,4=65,83,92,87,85,86,90,91,92,91,87,0,95,98,80,0,89,58,70,70,72,0,44,76,63,66,64,55,0,0,0,70,0,0,0,0,0,0,0,0,0,0,0,8,0
l12,4=86,80,92,85,74,90,93,88,91,91,93,93,0,99,89,0,89,81,64,69,80,0,57,70,76,74,75,63,0,0,32,57,0,0,0,0,0,0,0,0,0,4,24,55,63
l13,4=89,83,92,88,93,90,90,88,91,91,93,93,93,0,88,0,86,80,69,61,79,65,0,71,69,72,65,57,0,0,8,54,0,0,0,0,0,0,0,0,0,0,0,46,0
l14,4=50,9,39,64,56,0,70,65,76,67,87,75,86,93,0,0,85,88,78,72,82,62,0,66,68,73,74,53,0,0,47,57,0,0,0,0,0,0,0,60,8,58,70,63,66
l15,4=63,53,59,72,62,64,82,65,75,76,93,92,93,83,89,0,0,81,72,68,80,70,60,71,74,72,70,51,0,0,39,70,0,57,0,0,0,0,0,2,67,0,60,57,0
l16,4=46,29,43,59,57,63,73,0,12,65,74,34,87,84,90,0,88,0,76,84,89,0,0,51,72,72,76,0,0,0,70,91,0,56,0,0,0,0,78,73,78,59,65,70,63
l17,4=0,46,50,68,64,63,77,57,75,70,83,82,70,82,90,0,85,80,0,73,73,0,54,68,67,67,67,51,0,0,41,69,0,0,0,0,0,0,11,0,70,58,61,61,65
l18,4=0,23,30,0,0,0,3,54,76,48,73,76,66,63,77,0,78,89,74,0,90,65,65,71,85,82,80,67,0,0,47,76,21,56,0,54,0,0,58,45,67,57,58,63,69
l19,4=0,10,0,0,0,64,66,60,66,62,77,81,80,85,90,0,89,89,63,84,0,72,65,75,87,71,73,64,0,0,52,70,45,25,0,0,0,0,72,36,68,61,72,68,65
l20,4=0,0,0,0,0,0,0,32,27,2,34,0,0,47,57,0,76,0,0,69,57,0,94,82,78,92,80,90,0,0,0,0,81,76,0,57,49,54,60,32,34,37,54,71,61
l21,4=0,0,0,0,0,0,0,0,0,0,8,39,46,0,0,0,74,0,49,72,57,98,0,83,77,82,74,87,0,0,0,0,0,0,0,69,0,0,54,0,0,0,7,66,71
l22,4=0,0,0,0,0,0,0,50,52,46,49,57,50,60,58,0,63,12,46,63,51,79,73,0,85,92,88,90,0,0,0,0,54,72,0,71,76,49,60,44,57,54,72,67,63
l23,4=0,17,0,0,0,0,0,15,44,44,56,46,63,52,66,0,71,60,59,81,81,80,62,88,0,92,88,78,0,0,23,30,48,48,0,64,49,25,61,65,6,61,81,79,87
l24,4=0,0,0,0,0,0,58,61,11,54,70,59,63,64,83,0,74,63,63,76,75,90,82,84,85,0,84,81,0,0,9,27,60,55,0,30,46,0,61,64,56,73,57,79,85
l25,4=0,0,0,0,0,0,0,56,55,14,58,56,65,58,69,0,65,66,50,68,58,75,66,90,87,84,0,72,0,0,27,30,65,62,0,65,55,44,63,50,62,0,61,72,66
l26,4=0,0,0,0,0,0,0,44,47,37,39,51,58,58,63,0,62,0,48,71,68,98,88,90,79,80,80,0,0,0,21,34,62,64,0,69,60,51,56,49,56,52,67,62,67
l27,4=55,3,33,59,65,91,75,0,56,64,67,0,39,0,59,0,86,88,77,71,55,0,0,0,47,0,51,20,0,0,0,93,73,54,0,46,63,0,79,95,98,99,33,0,0
l28,4=53,47,38,70,81,63,67,0,0,33,66,48,56,41,34,0,80,88,65,80,55,0,0,0,56,46,44,19,0,0,76,0,60,97,0,50,84,48,81,100,98,99,52,41,18
l29,4=0,0,0,0,0,0,0,0,0,0,0,0,0,0,0,0,0,0,0,54,6,90,0,86,79,82,84,82,0,0,66,65,0,99,0,100,98,100,99,100,97,99,86,59,0
l30,4=0,0,0,0,0,0,0,0,0,0,0,0,0,0,0,0,71,52,0,63,27,79,0,83,72,81,71,62,0,0,51,93,96,0,0,100,98,95,99,100,98,99,80,53,1
l31,4=0,0,0,0,0,0,0,0,0,0,0,0,0,0,0,0,0,0,0,75,3,82,86,89,84,0,79,89,0,0,63,81,96,99,0,0,98,100,99,100,98,99,0,0,23
l32,4=0,0,0,0,0,0,0,0,0,0,0,0,0,0,0,0,0,0,0,1,0,97,0,89,85,82,86,88,0,0,68,91,96,99,0,100,0,100,99,100,97,99,0,0,0
l33,4=0,0,0,0,0,0,0,0,0,0,0,0,0,0,0,0,0,0,0,0,0,97,0,88,51,0,86,83,0,0,0,91,96,99,0,100,98,0,99,100,98,90,0,0,0
l34,4=0,0,0,0,0,0,0,0,0,0,0,0,0,0,0,0,27,84,25,75,75,84,38,85,84,84,76,57,0,0,74,91,96,99,0,100,98,100,0,100,98,99,24,40,54
l35,4=0,0,0,0,0,0,0,0,0,0,0,0,0,0,58,0,0,56,0,67,44,70,0,87,84,91,75,67,0,0,76,93,95,99,0,100,98,100,99,0,98,99,0,0,41
l36,4=0,0,0,0,0,69,0,0,0,0,0,0,0,0,6,0,76,56,65,70,25,37,0,76,0,75,69,49,0,0,76,90,79,99,0,62,96,59,97,100,0,99,0,0,0
l37,4=0,0,0,0,1,19,0,0,0,0,41,0,27,0,57,0,2,55,62,66,50,24,0,88,79,90,0,56,0,0,76,93,96,99,0,100,98,51,99,100,98,0,28,0,55
l38,4=0,0,0,0,0,0,0,0,0,0,36,0,5,0,62,0,49,47,30,47,55,43,3,61,74,45,47,48,0,0,2,10,36,16,0,0,0,0,2,0,0,0,0,75,86
l39,4=0,0,0,0,0,0,0,0,39,0,42,18,46,34,64,0,57,52,43,59,76,51,40,76,76,77,73,52,0,0,0,26,39,21,0,0,4,0,4,0,0,0,84,0,86
l40,4=0,0,0,0,0,0,0,0,0,0,0,0,30,0,55,0,0,39,39,54,32,54,47,56,74,74,59,57,0,0,0,0,0,0,0,0,0,0,35,3,0,0,87,78,0
l41,4=0,0,0,0,0,0,0,0,0,0,53,46,60,57,72,0,60,73,54,65,69,59,54,70,78,77,76,55,0,0,33,50,27,0,0,0,0,0,34,0,52,41,85,74,75
l42,4=0,0,0,0,0,0,0,0,0,0,31,0,0,0,53,0,0,45,42,60,64,65,45,59,76,76,70,62,0,0,0,0,47,51,0,57,31,5,49,0,0,0,76,76,80
l43,4=0,0,0,0,0,0,0,0,0,0,0,0,0,0,0,0,42,0,26,33,58,61,53,60,58,71,70,54,0,0,0,0,47,0,0,0,6,0,12,0,0,0,71,73,78
l44,4=0,0,0,0,0,0,0,0,0,0,0,0,1,0,61,0,58,50,34,60,54,68,42,66,76,75,68,51,0,0,0,0,53,51,0,0,0,0,3,0,0,0,89,74,77

l0,5=0,94,73,88,93,91,88,51,75,82,53,84,80,76,13,0,57,33,27,18,0,0,0,0,0,0,0,0,0,0,53,4,0,0,0,0,0,0,0,0,0,0,0,0,0
l1,5=85,0,85,76,90,91,88,0,74,41,82,84,81,80,18,0,45,57,36,28,29,0,0,0,0,0,0,0,0,0,53,57,0,0,0,0,0,0,1,0,0,0,0,0,0
l2,5=87,94,0,76,92,90,90,71,76,84,34,86,88,81,24,0,44,35,24,0,0,0,0,0,0,0,0,0,0,0,46,49,0,0,0,0,0,0,0,0,0,0,0,0,0
l3,5=88,94,86,0,94,91,90,67,75,77,65,83,74,75,28,0,64,42,45,0,0,0,0,0,0,0,0,0,0,0,58,56,0,0,0,0,0,0,0,0,0,0,0,0,0
l4,5=87,94,87,88,0,93,90,68,66,62,74,75,75,73,1,0,60,40,38,51,0,0,0,0,0,0,0,0,0,0,54,1,0,0,0,0,0,0,0,0,0,0,0,0,0
l5,5=85,94,81,76,94,0,92,71,74,80,82,84,78,41,36,0,36,53,36,33,1,0,0,0,0,0,0,0,0,0,69,48,0,0,0,0,0,0,0,0,48,0,0,0,0
l6,5=81,94,86,77,91,93,0,78,74,84,80,84,85,76,28,0,70,40,38,39,0,0,0,0,0,39,23,0,0,0,51,56,0,0,0,0,0,0,0,0,0,0,0,0,0
l7,5=64,83,86,70,89,93,90,0,78,86,55,89,87,83,64,0,76,0,55,74,11,0,0,0,0,52,38,3,0,0,0,0,0,0,0,0,0,0,0,0,0,0,0,0,0
l8,5=88,94,88,61,75,83,84,85,0,87,73,88,90,84,58,0,72,35,35,66,31,0,20,66,32,45,37,49,0,0,37,0,0,0,0,0,0,0,0,0,0,0,0,2,0
l9,5=82,53,75,57,27,87,90,76,78,0,79,89,85,87,67,0,72,46,56,31,31,16,0,0,47,47,34,45,0,0,7,21,0,0,0,0,0,0,0,0,0,0,0,30,0
l10,5=33,52,50,21,24,59,83,36,44,51,0,89,88,64,82,0,88,62,41,42,47,26,16,42,53,56,43,47,0,0,41,42,0,0,0,0,0,0,0,0,0,2,26,34,0
l11,5=62,46,72,41,25,82,76,82,77,84,75,0,93,86,4,0,83,38,43,38,31,0,0,43,46,39,31,54,0,0,41,54,0,0,0,0,0,0,0,0,0,0,22,0,0
l12,5=81,64,72,20,87,89,90,80,77,84,86,89,0,87,78,0,88,69,54,57,74,16,18,21,61,54,50,56,0,0,16,40,0,0,0,0,0,0,0,0,7,0,29,38,0
l13,5=72,81,75,59,77,80,76,73,77,87,82,89,93,0,69,0,74,59,49,67,59,27,0,57,52,50,28,51,0,0,46,34,0,0,0,0,0,0,0,0,0,0,0,41,0
l14,5=12,15,47,3,14,20,41,43,24,28,81,20,81,45,0,0,87,81,73,48,80,22,29,40,55,47,39,48,0,0,46,46,0,0,0,0,0,0,0,21,44,12,26,42,20
l15,5=20,17,48,9,21,16,65,49,26,23,85,86,81,18,79,0,0,70,72,44,51,38,33,52,63,54,48,51,0,0,44,65,0,0,0,0,0,0,0,0,54,11,20,38,16
l16,5=11,28,14,10,17,24,36,0,17,18,49,50,61,17,51,0,61,0,56,48,53,0,0,48,63,53,47,22,0,0,84,85,0,1,0,0,0,0,46,58,73,22,24,38,1
l17,5=10,29,32,13,17,23,47,57,16,49,41,75,69,14,82,0,87,70,0,43,63,20,18,42,51,61,46,0,0,0,82,47,0,0,0,0,0,0,18,0,29,5,29,41,21
l18,5=1,5,0,0,23,21,35,46,48,8,44,27,38,23,67,0,64,76,48,0,80,60,55,70,72,70,52,71,0,0,65,66,16,0,0,5,9,0,51,28,49,7,16,76,52
l19,5=0,22,0,0,0,3,0,17,18,16,49,54,66,18,78,0,87,76,71,82,0,31,10,49,73,67,43,67,0,0,68,72,0,7,0,0,0,0,36,25,42,34,33,43,23
l20,5=0,0,0,0,0,0,0,5,1,4,12,0,18,13,20,0,47,0,22,52,29,0,79,84,76,72,62,77,0,0,0,0,43,27,0,0,37,18,41,23,22,15,66,64,62
l21,5=0,0,0,0,0,0,0,0,26,0,11,0,19,0,41,0,41,0,24,53,1,75,0,51,61,74,56,74,0,0,0,0,0,4,0,7,7,0,19,0,0,0,37,32,36
l22,5=0,0,0,0,0,0,0,0,41,0,18,23,9,15,25,0,55,26,28,72,40,72,53,0,79,78,68,76,0,0,8,0,15,71,0,50,64,48,37,26,42,16,72,75,19
l23,5=0,0,0,0,0,0,0,0,2,5,16,15,38,5,45,0,51,38,31,71,63,68,48,87,0,79,69,68,0,0,15,10,38,21,0,13,17,0,23,45,19,39,71,70,78
l24,5=0,0,0,0,0,0,22,48,27,20,50,19,33,23,39,0,54,24,53,73,61,61,61,88,79,0,64,68,0,0,0,25,25,33,0,8,0,0,26,39,23,0,59,73,76
l25,5=0,0,0,0,0,0,7,19,26,4,23,16,39,3,36,0,52,37,41,69,27,66,41,88,79,72,0,67,0,0,19,10,37,54,0,8,19,15,27,22,16,18,39,78,58
l26,5=0,0,0,0,0,0,0,6,15,3,13,19,32,14,40,0,44,4,0,59,45,74,63,88,76,67,53,0,0,0,8,4,31,56,0,16,54,16,46,5,22,25,66,63,67
l27,5=12,26,8,14,24,38,32,0,17,0,46,65,6,16,27,0,45,80,57,48,49,0,0,10,27,0,26,0,0,0,0,88,26,11,0,18,11,45,64,81,90,69,0,0,0
l28,5=0,25,31,9,12,0,42,0,0,7,41,58,18,6,21,0,40,81,25,65,61,0,0,0,26,28,12,9,0,0,92,0,15,7,0,8,39,42,21,81,90,67,13,29,0
l29,5=0,0,0,0,0,0,0,0,0,0,0,0,0,0,0,0,0,0,0,46,0,68,0,27,69,44,61,40,0,0,37,54,0,97,0,69,91,97,87,93,77,90,44,29,0
l30,5=0,0,0,0,0,0,0,0,0,0,0,0,0,0,0,0,0,19,0,8,5,18,0,70,48,27,57,71,0,0,39,58,85,0,0,69,91,97,87,93,95,95,19,24,13
l31,5=0,0,0,0,0,0,0,0,0,0,0,0,0,0,0,0,0,5,0,53,0,4,20,72,67,46,42,55,0,0,50,48,85,97,0,0,91,97,87,93,95,95,2,8,0
l32,5=0,0,0,0,0,0,0,0,0,0,0,0,0,0,0,0,0,0,0,45,0,43,15,65,57,0,32,35,0,0,13,55,85,97,0,69,0,97,85,93,91,69,20,0,0
l33,5=0,0,0,0,0,0,0,0,0,0,0,0,0,0,0,0,0,0,0,0,0,42,0,58,24,0,42,30,0,0,29,56,85,97,0,69,91,0,87,80,95,54,0,0,0
l34,5=0,0,0,0,0,0,0,0,0,0,0,0,0,0,0,0,0,51,15,72,20,49,30,51,46,6,40,57,0,0,62,30,85,97,0,69,78,91,0,93,95,95,27,32,0
l35,5=0,0,0,0,0,0,0,0,0,0,0,0,0,0,15,0,0,38,0,19,10,25,0,33,47,37,32,0,0,0,90,55,85,97,0,69,60,58,87,0,95,95,0,0,7
l36,5=0,0,0,0,0,21,0,0,0,0,1,0,5,0,22,0,38,47,15,24,11,28,0,39,33,32,23,57,0,0,91,54,23,97,0,62,54,54,86,93,0,95,0,3,0
l37,5=0,0,0,0,1,5,0,0,0,0,8,0,0,0,16,0,22,34,17,18,11,25,0,31,55,0,34,58,0,0,92,85,85,97,0,67,58,62,87,93,95,0,1,0,0
l38,5=0,0,0,0,0,0,0,0,0,0,9,6,15,0,40,0,20,13,39,5,18,47,11,56,60,11,35,62,0,0,0,4,12,9,0,0,0,0,5,0,0,0,0,61,83
l39,5=0,0,0,0,0,0,0,0,0,0,19,0,31,3,47,0,50,24,48,69,55,51,5,69,62,67,59,64,0,0,0,11,10,4,0,0,0,0,14,0,0,0,64,0,85
l40,5=0,0,0,0,0,0,0,0,0,0,0,0,0,0,41,0,9,2,15,64,10,24,13,9,70,62,32,49,0,0,0,0,0,8,0,0,0,0,0,0,0,0,74,76,0
l41,5=0,0,0,0,0,0,0,0,1,4,0,12,36,3,57,0,48,55,32,69,29,10,19,56,71,64,51,18,0,0,22,17,1,0,0,0,0,0,16,8,24,0,74,76,75
l42,5=0,0,0,0,0,0,0,0,0,0,4,0,0,0,20,0,0,13,24,50,27,25,5,73,69,69,39,64,0,0,0,0,2,20,0,0,19,0,21,0,1,0,73,73,82
l43,5=0,0,0,0,0,0,0,0,0,0,9,0,7,0,11,0,0,0,22,29,16,51,21,34,24,34,50,62,0,0,0,0,11,1,0,9,0,0,21,0,0,0,67,72,71
l44,5=0,0,0,0,0,0,0,0,0,0,0,2,9,0,24,0,29,3,18,51,14,50,21,54,69,68,57,51,0,0,0,0,0,11,0,0,4,0,0,0,0,0,73,72,82

l0,6=0,25,32,79,70,74,69,34,82,58,38,74,64,87,0,0,38,45,31,21,0,0,0,0,0,0,0,0,0,0,40,0,0,0,0,0,0,0,0,0,0,0,0,0,0
l1,6=37,0,32,79,70,73,82,74,83,53,49,73,80,87,0,0,30,35,42,24,15,0,0,0,0,0,0,0,0,0,75,35,0,0,0,0,0,0,0,0,0,0,0,0,0
l2,6=35,25,0,79,66,72,85,75,84,52,16,74,84,89,31,0,54,66,33,34,0,0,0,0,0,26,0,0,0,0,1,4,0,0,0,0,0,0,0,0,0,0,0,0,0
l3,6=37,25,32,0,70,73,82,23,74,56,27,70,43,87,25,0,29,46,31,0,0,0,0,0,0,0,0,0,0,0,0,54,0,0,0,0,0,0,0,0,0,0,0,0,0
l4,6=39,25,32,79,0,74,83,55,73,53,34,68,79,70,44,0,52,0,1,39,0,0,0,0,0,0,0,0,0,0,65,64,0,0,0,0,0,0,0,0,0,0,0,0,0
l5,6=34,25,32,72,70,0,85,47,76,50,43,76,54,54,35,0,32,51,30,24,0,0,0,0,0,0,0,0,0,0,44,45,0,0,0,0,0,0,3,5,0,0,0,0,0
l6,6=31,25,32,79,70,74,0,75,82,77,64,75,84,41,27,0,58,52,38,26,17,4,0,0,10,22,0,0,0,0,1,3,0,0,0,0,0,0,0,0,9,0,0,0,0
l7,6=27,34,33,44,68,66,85,0,84,77,58,83,65,88,58,0,55,58,42,66,27,0,0,0,0,37,41,0,0,0,0,0,0,0,0,0,0,0,0,0,0,0,0,0,0
l8,6=36,25,32,71,62,69,82,77,0,77,58,82,84,88,58,0,54,31,0,64,0,30,31,28,26,37,47,33,0,0,0,0,0,0,0,0,0,0,0,0,0,0,0,0,0
l9,6=32,24,28,74,59,69,85,77,84,0,61,83,88,89,67,0,58,54,48,22,31,0,22,0,27,31,25,12,0,0,17,12,0,0,0,0,0,0,0,0,0,0,21,0,0
l10,6=16,23,18,30,19,53,66,39,55,52,0,79,87,88,70,0,66,65,51,36,32,21,18,29,41,38,40,6,0,0,9,43,0,0,0,0,0,0,0,0,6,8,36,31,0
l11,6=29,29,30,62,56,66,65,73,80,73,63,0,88,88,62,0,65,58,53,66,16,22,0,30,39,27,24,19,0,0,28,24,0,0,0,0,0,0,0,0,0,0,0,26,0
l12,6=14,37,32,9,59,27,76,66,82,75,65,83,0,89,67,0,65,62,60,68,47,0,0,20,38,30,52,13,0,0,23,0,0,0,0,0,0,0,0,0,0,0,35,25,0
l13,6=29,36,30,63,27,48,34,74,83,78,64,83,88,0,68,0,59,54,49,67,27,18,0,27,32,37,30,18,0,0,31,33,0,0,0,0,0,0,0,0,1,0,0,10,0
l14,6=0,0,12,0,8,26,31,30,55,33,64,59,82,57,0,0,66,80,71,75,46,16,33,30,46,16,5,16,0,0,48,43,0,22,0,0,0,0,21,0,5,0,55,52,46
l15,6=10,2,18,14,19,21,39,31,57,30,65,73,78,50,43,0,0,65,67,45,35,36,34,36,43,0,40,31,0,0,3,54,0,22,0,0,0,0,9,0,6,7,1,39,3
l16,6=4,2,14,28,0,4,30,22,25,5,16,36,57,11,43,0,39,0,65,49,42,3,0,33,50,4,42,0,0,0,51,78,0,0,0,13,16,0,38,2,46,19,15,29,34
l17,6=8,10,17,26,0,22,28,21,1,29,20,68,74,37,73,0,65,76,0,64,79,29,30,31,34,36,31,28,0,0,42,47,0,42,0,0,0,0,0,0,13,0,40,49,40
l18,6=2,2,2,0,1,8,7,31,53,5,18,47,56,52,57,0,58,73,51,0,75,63,36,35,45,41,54,60,0,0,14,50,40,15,0,8,9,0,29,20,46,17,44,49,45
l19,6=0,8,0,0,0,0,34,20,0,36,54,46,64,52,65,0,63,78,65,77,0,55,40,32,51,52,33,53,0,0,54,68,0,49,0,0,0,0,35,23,11,39,47,52,46
l20,6=0,0,0,0,0,0,4,0,15,0,18,26,1,11,18,0,55,15,32,63,38,0,59,59,51,54,58,65,0,0,0,0,56,23,0,2,18,14,44,6,16,15,43,36,20
l21,6=0,0,0,0,0,0,0,0,26,8,17,17,0,0,32,0,49,0,22,56,43,82,0,46,46,44,43,62,0,0,0,0,0,0,0,0,0,0,17,8,0,0,25,11,20
l22,6=0,0,0,0,0,0,0,0,18,0,16,26,16,17,18,0,34,25,28,59,21,79,29,0,57,59,70,64,0,0,0,1,20,64,0,30,52,34,37,0,22,20,59,20,30
l23,6=0,0,0,0,0,0,0,0,14,7,27,33,36,9,33,0,44,50,22,66,64,74,32,64,0,60,75,62,0,0,18,15,28,32,0,30,15,0,16,14,19,17,59,52,38
l24,6=0,0,1,0,0,0,12,29,34,16,42,25,30,27,18,0,2,19,51,64,61,71,39,67,58,0,73,61,0,0,13,10,24,27,0,24,11,0,18,5,9,20,58,53,51
l25,6=0,0,0,0,0,0,0,6,23,7,28,21,33,14,10,0,49,39,28,62,11,67,12,71,58,62,0,58,0,0,0,0,32,28,0,23,14,21,11,10,22,16,24,60,32
l26,6=0,0,0,0,0,0,0,0,16,5,3,36,13,8,25,0,46,18,42,67,57,82,50,68,51,53,58,0,0,0,0,0,38,3,0,2,40,34,46,6,19,25,62,42,33
l27,6=6,6,0,0,10,10,6,4,0,0,0,27,28,10,42,0,6,77,56,23,14,0,0,0,14,3,0,0,0,0,0,81,55,49,0,21,26,3,42,31,70,49,0,0,0
l28,6=0,5,0,27,7,7,17,0,0,0,6,1,7,26,26,0,38,79,46,46,29,0,0,5,23,4,0,0,0,0,87,0,67,51,0,19,28,23,39,41,79,74,14,14,0
l29,6=0,0,0,0,0,0,0,0,0,0,0,0,0,0,0,0,0,0,0,44,0,59,0,35,38,21,50,36,0,0,36,54,0,87,0,70,76,82,65,76,70,71,0,25,0
l30,6=0,0,0,0,0,0,0,0,0,0,0,0,0,0,11,0,17,0,29,24,6,42,6,57,35,30,42,27,0,0,52,62,80,0,0,70,76,81,65,69,86,88,0,1,12
l31,6=0,0,0,0,0,0,0,0,0,0,0,0,0,0,0,0,0,31,0,50,0,40,0,37,39,29,47,18,0,0,47,46,80,87,0,0,76,89,64,69,79,78,0,0,0
l32,6=0,0,0,0,0,0,0,0,0,0,0,0,0,0,0,0,0,22,0,33,0,39,0,37,21,4,26,42,0,0,37,47,80,87,0,70,0,85,58,66,74,36,16,0,0
l33,6=0,0,0,0,0,0,0,0,0,0,0,0,0,0,0,0,0,0,0,0,0,6,0,49,0,0,45,36,0,0,0,43,76,83,0,70,76,0,55,29,74,72,0,0,0
l34,6=0,0,0,0,0,5,0,0,0,0,0,0,0,0,21,0,9,45,0,51,17,53,23,42,35,29,20,55,0,0,58,53,80,87,0,70,65,69,0,79,86,88,23,29,0
l35,6=0,0,0,0,0,6,0,0,0,0,0,0,0,0,0,0,12,28,0,49,16,27,6,23,33,14,11,8,0,0,49,67,80,77,0,62,52,28,65,0,86,88,0,2,0
l36,6=0,0,0,0,0,0,1,0,0,0,0,0,1,1,25,0,33,62,22,36,2,24,0,36,29,4,18,11,0,0,90,78,64,87,0,69,45,38,65,79,0,88,0,0,0
l37,6=0,0,0,0,0,0,0,0,0,0,4,0,0,0,0,0,24,27,0,31,14,30,0,37,31,19,16,11,0,0,80,67,73,87,0,64,64,77,65,79,86,0,0,0,0
l38,6=0,0,0,0,0,0,0,0,0,0,6,0,16,0,27,0,0,14,17,25,10,29,8,45,44,32,22,54,0,0,0,0,0,0,0,0,11,0,6,0,0,0,0,53,58
l39,6=0,0,0,0,0,0,0,0,0,0,8,14,22,0,33,0,22,41,39,59,43,43,4,20,42,38,67,41,0,0,0,5,2,3,0,0,0,0,5,0,0,0,63,0,63
l40,6=0,0,0,0,0,0,0,0,0,0,0,0,0,0,32,0,0,41,35,45,38,19,20,32,31,42,38,24,0,0,0,0,0,0,0,0,0,0,0,0,0,0,64,61,0
l41,6=0,0,0,0,0,0,0,0,0,1,2,0,41,9,49,0,36,40,43,66,63,22,15,35,53,47,57,0,0,0,15,17,0,0,0,0,0,0,0,0,10,8,59,60,51
l42,6=0,0,0,0,0,0,0,0,0,0,0,1,6,0,15,0,14,18,19,52,21,42,12,33,42,48,56,58,0,0,0,0,24,0,0,18,15,1,15,0,2,0,62,54,48
l43,6=0,0,0,0,0,0,0,0,0,0,0,0,0,0,8,0,1,0,18,52,19,42,13,43,17,42,47,50,0,0,0,0,16,16,0,20,0,8,15,0,0,0,60,53,58
l44,6=0,0,0,0,0,0,0,0,0,0,0,0,10,0,6,0,17,18,16,27,19,35,11,40,49,44,50,50,0,0,0,0,0,0,0,0,0,0,0,0,0,0,60,51,56

l0,7=0,72,89,87,96,90,73,69,74,79,59,61,70,48,9,0,31,14,29,57,0,0,0,0,0,0,0,0,0,0,0,0,0,0,0,0,0,0,0,0,0,0,0,0,0
l1,7=91,0,90,87,95,90,72,72,77,82,19,30,81,48,10,0,31,12,60,48,0,0,0,0,0,0,0,0,0,0,36,54,0,0,0,0,0,0,0,0,0,0,0,0,0
l2,7=91,72,0,87,95,90,73,82,77,31,11,80,81,48,22,0,23,12,58,61,15,1,0,0,0,0,0,0,0,0,68,0,0,0,0,0,0,0,0,0,0,0,0,0,0
l3,7=91,72,87,0,95,89,69,73,68,82,39,61,59,48,3,0,17,31,35,0,0,0,0,0,0,0,0,0,0,0,71,60,0,0,0,0,0,0,0,0,0,0,0,0,0
l4,7=91,71,87,87,0,90,73,76,66,80,30,70,61,47,2,0,39,17,0,15,0,0,0,0,0,0,0,0,0,0,72,0,0,0,0,0,0,0,0,0,0,0,0,0,0
l5,7=90,72,87,85,95,0,73,74,69,61,64,77,72,48,13,0,51,11,50,41,5,0,0,0,0,0,0,0,0,0,46,0,0,0,0,0,0,0,0,0,0,0,0,0,0
l6,7=91,72,90,86,95,90,0,85,78,86,64,45,45,39,27,0,26,35,42,61,2,0,0,0,0,37,0,0,0,0,0,0,0,0,0,0,0,0,0,0,0,0,0,0,0
l7,7=76,65,90,64,87,82,76,0,80,85,62,86,69,59,49,0,61,18,58,64,27,24,4,5,28,49,41,58,0,0,0,2,0,0,0,0,0,0,0,0,0,0,0,0,0
l8,7=83,70,86,64,87,87,70,88,0,84,57,88,85,50,39,0,61,22,55,62,20,46,44,49,24,63,42,26,0,0,0,21,0,0,0,0,0,0,0,0,0,0,0,0,0
l9,7=85,70,50,76,90,46,77,92,80,0,58,87,89,61,44,0,53,2,57,51,34,14,0,22,0,47,34,44,0,0,41,36,0,0,0,0,0,0,0,0,0,0,0,25,0
l10,7=41,26,29,25,42,49,41,73,60,32,0,28,86,59,69,0,74,11,78,62,24,16,16,35,32,46,42,0,0,0,63,63,0,0,0,0,0,0,0,0,6,0,18,42,0
l11,7=46,28,58,33,72,87,32,89,77,81,38,0,89,60,44,0,40,10,63,66,4,4,0,27,29,28,37,44,0,0,17,23,0,0,0,0,0,0,0,0,0,0,0,38,6
l12,7=86,69,85,28,48,86,13,77,77,83,80,90,0,61,61,0,70,9,70,67,23,9,20,16,52,48,48,4,0,0,56,30,0,0,0,0,0,0,0,0,0,0,29,2,0
l13,7=87,69,84,78,80,87,50,93,71,84,73,90,89,0,44,0,60,10,58,66,32,12,27,47,39,44,0,27,0,0,48,38,0,0,0,0,0,0,0,0,1,0,0,0,0
l14,7=0,1,25,0,0,16,14,64,43,29,49,32,86,60,0,0,64,79,84,78,38,32,0,32,39,49,53,57,0,0,86,62,0,0,0,0,0,0,1,9,24,0,56,51,16
l15,7=28,20,28,14,21,22,0,62,62,25,79,25,84,26,61,0,0,11,79,73,36,27,13,20,35,43,43,36,0,0,63,38,0,11,0,0,0,0,0,4,13,15,0,2,14
l16,7=11,9,22,20,17,3,15,17,2,0,17,15,13,0,48,0,26,0,84,80,45,20,0,11,32,46,44,1,0,0,92,80,0,34,0,0,0,1,20,22,78,53,31,35,17
l17,7=0,22,32,13,0,17,17,26,32,30,42,44,81,57,76,0,48,48,0,74,37,22,2,31,35,51,53,56,0,0,79,55,0,25,0,0,0,0,0,2,0,32,25,58,19
l18,7=8,13,5,0,8,11,11,52,47,11,16,18,15,39,57,0,51,70,63,0,76,62,50,16,60,76,59,70,0,0,64,51,19,28,0,0,0,0,53,41,38,22,39,68,34
l19,7=0,0,1,0,0,13,11,43,38,27,55,13,46,34,59,0,77,80,81,80,0,34,29,78,72,83,50,63,0,0,63,8,0,47,0,0,0,0,42,52,35,0,57,58,32
l20,7=0,0,0,0,0,0,0,20,24,4,0,2,29,1,25,0,49,9,31,66,33,0,77,78,68,77,57,77,0,0,0,0,50,48,0,2,40,7,61,17,0,0,43,62,59
l21,7=0,0,0,0,0,0,0,0,43,0,14,0,40,14,6,0,54,0,5,64,53,84,0,69,68,75,43,75,0,0,0,0,0,0,0,0,3,0,45,25,0,0,57,47,37
l22,7=0,0,0,0,0,0,0,2,4,1,16,12,17,10,19,0,29,8,36,13,67,74,66,0,73,76,66,78,0,0,4,0,44,66,0,40,56,54,62,31,17,45,61,64,62
l23,7=0,0,0,0,0,0,0,19,11,1,10,13,19,12,33,0,57,39,60,66,68,69,64,88,0,85,71,76,0,0,9,13,42,53,0,51,9,0,46,27,18,29,62,66,62
l24,7=0,0,0,0,0,1,6,52,24,9,10,6,44,19,39,0,35,48,61,67,68,71,49,79,74,0,70,76,0,0,28,14,28,17,0,10,5,2,11,37,13,28,62,64,56
l25,7=0,0,0,0,0,0,0,22,32,11,1,23,30,2,45,0,58,54,61,71,32,50,15,88,74,85,0,75,0,0,0,4,60,65,0,22,12,17,15,28,29,25,61,76,61
l26,7=0,0,0,0,0,0,0,18,15,3,0,16,21,12,21,0,37,5,42,67,43,77,72,85,70,76,63,0,0,0,1,0,63,30,0,9,58,26,62,29,7,23,57,26,63
l27,7=0,3,26,36,28,7,0,0,0,5,14,1,15,9,30,0,25,30,68,66,3,0,0,0,11,12,0,0,0,0,0,80,16,55,0,13,20,3,49,55,78,75,6,2,0
l28,7=0,16,0,36,1,0,0,1,20,10,30,9,16,10,26,0,42,82,59,51,1,0,0,0,17,9,20,0,0,0,93,0,21,56,0,20,33,13,26,60,26,63,5,21,0
l29,7=0,0,0,0,0,0,0,0,0,0,0,0,0,0,0,0,0,0,0,51,0,46,0,39,56,8,53,63,0,0,28,28,0,83,0,73,87,78,82,90,61,73,0,10,1
l30,7=0,0,0,0,0,0,0,0,0,0,0,0,0,0,0,0,2,6,30,17,3,27,0,66,50,11,46,28,0,0,68,60,75,0,0,73,79,73,82,63,79,80,0,25,0
l31,7=0,0,0,0,0,0,0,0,0,0,0,0,0,0,0,0,0,4,0,0,0,21,0,61,56,33,50,43,0,0,58,38,75,81,0,0,87,85,79,62,71,67,0,24,0
l32,7=0,0,0,0,0,0,0,0,0,0,0,0,0,0,0,0,0,1,0,0,0,45,0,45,34,17,48,67,0,0,27,27,75,82,0,73,0,85,78,81,54,37,0,0,0
l33,7=0,0,0,0,0,0,0,0,0,0,0,0,0,0,0,0,0,3,0,0,0,31,0,42,0,0,47,54,0,0,21,10,70,83,0,73,87,0,79,77,60,54,5,0,0
l34,7=0,0,0,0,0,0,0,0,0,0,0,0,0,0,0,0,0,18,5,51,3,55,10,72,46,0,0,63,0,0,81,16,75,83,0,73,78,80,0,90,79,84,27,31,0
l35,7=0,0,0,0,0,0,0,0,0,0,0,0,0,0,4,0,9,42,9,46,4,17,2,44,27,21,43,30,0,0,46,43,75,49,0,62,80,44,82,0,79,84,0,0,0
l36,7=3,0,0,0,0,0,0,0,0,0,4,0,5,0,7,0,46,71,0,48,19,0,0,34,46,24,44,0,0,0,90,27,25,83,0,73,67,27,82,90,0,84,0,0,0
l37,7=0,0,0,0,0,5,0,0,0,0,1,0,0,0,0,0,11,17,19,29,0,0,0,44,47,13,43,26,0,0,76,24,69,80,0,65,68,45,82,90,79,0,23,3,0
l38,7=0,0,0,0,0,0,0,0,0,0,0,0,8,0,23,0,0,21,14,31,15,13,13,56,58,68,58,38,0,0,4,0,0,0,0,0,0,1,19,0,0,8,0,71,66
l39,7=0,0,0,0,0,0,0,0,0,0,4,8,9,0,18,0,3,20,43,55,50,44,11,55,65,64,64,22,0,0,0,8,0,12,0,0,0,0,20,0,0,0,64,0,53
l40,7=0,0,0,0,0,0,0,0,0,0,0,5,0,0,7,0,5,20,20,35,44,44,12,53,51,57,49,49,0,0,0,0,0,0,0,0,0,0,0,0,0,0,62,71,0
l41,7=0,0,0,0,0,0,0,13,17,0,2,2,42,2,41,0,46,39,62,57,67,43,4,42,72,75,62,27,0,0,1,30,17,0,0,0,0,0,0,0,0,14,63,76,63
l42,7=0,0,0,0,0,0,0,0,0,0,0,0,0,0,27,0,14,1,0,50,10,48,18,56,63,77,65,59,0,0,0,0,32,23,0,0,0,0,10,0,0,0,63,72,61
l43,7=0,0,0,0,0,0,0,0,0,0,0,0,0,0,8,0,17,0,21,50,27,50,24,36,29,75,63,64,0,0,0,0,29,15,0,10,6,0,0,0,0,0,61,66,65
l44,7=0,0,0,0,0,0,0,0,0,0,0,0,0,0,14,0,12,21,20,25,32,26,21,55,68,74,50,49,0,0,0,0,0,11,0,1,0,0,13,0,0,17,63,71,63

l0,8=0,92,92,88,89,95,96,92,96,50,66,92,89,93,82,0,69,21,0,2,0,0,0,0,0,0,0,0,0,0,43,0,0,0,0,0,0,0,0,0,0,0,0,0,0
l1,8=93,0,91,94,88,97,91,92,98,94,42,79,90,94,65,0,37,34,46,49,0,0,0,0,0,0,0,0,0,0,46,0,0,0,0,0,0,0,0,0,0,0,0,0,0
l2,8=93,94,0,94,89,97,94,95,98,94,92,97,91,97,0,0,68,40,68,57,25,0,0,0,0,0,0,0,0,0,42,0,0,0,0,0,0,0,0,0,0,0,0,40,0
l3,8=93,94,90,0,89,97,92,92,97,91,83,91,89,94,0,0,36,43,34,0,0,0,0,0,0,0,0,0,0,0,76,49,0,0,0,0,0,0,0,0,0,0,0,0,0
l4,8=93,92,92,95,0,97,92,92,96,96,82,92,33,97,17,0,25,41,40,53,0,0,0,0,0,0,0,0,0,0,0,4,0,0,0,0,0,0,0,0,0,0,0,0,0
l5,8=93,94,92,94,89,0,97,94,97,95,92,97,89,97,78,0,74,67,48,57,74,0,0,0,0,0,0,0,0,0,66,45,0,0,0,0,0,0,0,0,1,0,0,0,0
l6,8=93,94,92,94,89,97,0,97,98,98,94,97,91,97,90,0,95,72,67,0,84,0,0,0,0,76,0,0,0,0,68,29,0,0,0,0,0,0,0,0,0,0,0,0,0
l7,8=89,94,89,90,86,97,99,0,99,98,92,97,91,98,92,0,100,67,63,79,88,32,0,62,80,83,78,0,0,0,0,0,0,0,0,0,0,0,0,0,0,0,0,0,0
l8,8=89,92,92,89,83,93,99,99,0,98,91,97,96,98,85,0,96,29,56,78,80,70,0,66,66,0,67,81,0,0,0,19,0,0,0,0,0,0,0,0,0,0,0,1,0
l9,8=22,94,87,86,85,93,99,99,99,0,96,97,96,98,90,0,100,34,0,74,89,33,0,71,70,74,79,0,0,0,0,44,0,0,0,0,0,0,0,0,0,0,0,49,0
l10,8=59,52,50,85,78,60,54,69,96,93,0,57,96,98,97,0,100,15,95,75,94,48,39,87,83,79,86,0,0,0,37,54,0,0,0,0,0,0,0,0,11,0,0,54,0
l11,8=87,55,87,86,84,93,93,98,99,94,90,0,96,98,92,0,96,41,92,76,69,17,0,78,82,68,80,79,0,0,21,0,0,0,0,0,0,0,0,0,0,0,0,46,36
l12,8=77,57,52,88,5,60,92,95,99,98,99,97,0,98,92,0,100,48,92,79,90,0,81,0,84,83,86,71,0,0,45,47,0,0,0,0,0,0,0,0,0,0,30,22,0
l13,8=64,92,92,90,84,97,87,99,99,98,98,97,96,0,92,0,96,47,82,78,85,61,74,85,85,76,0,80,0,0,19,43,0,0,0,0,0,0,0,0,47,0,0,0,0
l14,8=30,24,0,0,32,2,22,64,71,83,68,58,60,94,0,0,59,59,99,93,100,47,28,72,88,88,85,60,0,0,55,53,0,0,0,0,0,0,0,12,55,6,14,54,39
l15,8=60,44,44,51,15,62,43,69,98,97,99,59,96,97,95,0,0,60,86,89,95,59,0,67,89,81,80,78,0,0,25,55,0,30,0,0,0,0,55,17,67,0,4,42,32
l16,8=10,17,17,44,62,48,15,46,8,29,0,19,42,74,93,0,58,0,86,93,100,13,0,0,89,93,76,0,0,0,97,56,2,0,0,1,25,37,78,78,94,26,47,54,57
l17,8=6,31,37,5,35,26,15,40,73,0,68,59,60,97,98,0,58,59,0,91,100,46,47,58,78,94,80,72,0,0,57,21,0,0,0,0,0,0,0,25,55,5,2,59,41
l18,8=0,20,5,0,22,28,0,59,77,47,46,41,49,61,98,0,57,97,98,0,99,88,79,91,92,89,92,92,0,0,54,41,31,23,0,7,0,0,76,45,54,35,59,63,65
l19,8=0,0,0,0,2,49,71,81,82,92,98,30,94,85,98,0,98,97,99,93,0,87,10,95,92,94,92,90,0,0,86,74,0,39,0,0,0,0,65,51,90,62,76,80,83
l20,8=0,0,0,0,0,0,0,24,55,30,56,21,10,58,62,0,68,38,72,61,54,0,98,95,71,81,69,93,0,0,0,0,48,49,0,0,54,0,66,44,18,24,58,51,52
l21,8=0,0,0,0,0,0,0,0,10,0,56,0,56,58,48,0,5,0,67,76,33,91,0,90,89,71,54,91,0,0,0,0,24,48,0,0,51,0,57,10,0,0,42,51,51
l22,8=0,0,0,0,0,0,0,9,23,15,57,17,2,47,53,0,40,0,24,77,79,89,68,0,91,87,92,92,0,0,0,0,55,72,0,50,57,53,84,23,0,47,74,70,68
l23,8=0,0,0,0,0,0,0,35,21,13,30,45,38,48,67,0,63,56,69,82,75,71,61,95,0,94,92,86,0,0,24,0,58,44,0,45,52,0,69,34,64,6,77,78,81
l24,8=0,0,0,0,0,0,26,58,0,40,52,21,48,53,74,0,60,65,83,80,66,82,52,92,93,0,92,84,0,0,22,17,48,0,0,10,36,23,59,27,62,14,78,49,56
l25,8=0,0,0,0,0,0,0,39,44,43,67,41,50,0,67,0,62,63,65,78,61,55,24,96,93,94,0,67,0,0,0,12,37,65,0,45,64,57,22,51,34,27,80,80,65
l26,8=0,0,0,0,0,0,0,1,29,0,0,33,22,40,25,0,65,0,72,79,64,88,83,94,85,86,88,0,0,0,0,0,64,55,0,53,77,18,74,22,0,18,59,65,79
l27,8=15,19,6,75,0,42,14,0,0,0,32,10,18,16,79,0,9,97,85,86,86,0,0,0,79,29,0,0,0,0,0,97,0,86,0,50,49,76,93,83,95,59,0,21,12
l28,8=0,0,0,67,11,51,9,0,19,74,60,0,45,86,81,0,32,97,67,74,85,1,0,0,1,37,24,0,0,0,97,0,64,69,0,0,57,44,93,68,100,40,4,41,0
l29,8=0,0,0,0,0,0,0,0,0,0,0,0,0,0,0,0,0,5,0,47,0,79,6,85,83,63,53,83,0,0,0,75,0,100,0,100,98,96,99,99,94,94,31,20,0
l30,8=0,0,0,0,0,0,0,0,0,0,0,0,0,0,0,0,22,1,1,57,47,47,33,90,69,0,91,85,0,0,91,83,96,0,0,100,98,100,99,99,100,98,8,1,0
l31,8=0,0,0,0,0,0,0,0,0,0,0,0,0,0,0,0,0,17,0,43,0,0,0,89,87,35,73,87,0,0,79,5,96,100,0,0,98,100,99,95,100,97,0,34,0
l32,8=0,0,0,0,0,0,0,0,0,0,0,0,0,0,0,0,0,25,0,0,0,69,45,85,59,54,67,91,0,0,65,54,96,98,0,100,0,100,99,90,93,92,0,0,0
l33,8=0,0,0,0,0,0,0,0,0,0,0,0,0,0,0,0,0,25,0,0,0,0,0,90,1,24,65,43,0,0,67,2,96,100,0,100,98,0,74,99,98,47,0,0,0
l34,8=0,0,0,0,0,0,0,0,0,0,0,0,0,0,0,0,27,25,0,82,77,56,51,96,88,49,68,75,0,0,91,58,96,100,0,100,98,100,0,99,100,98,18,43,0
l35,8=0,0,0,0,0,0,0,0,0,0,0,0,0,0,43,0,17,49,49,72,79,41,1,70,74,44,75,37,0,0,75,63,96,100,0,58,57,100,99,0,100,98,0,0,0
l36,8=0,0,0,0,0,1,0,0,0,0,4,0,0,39,49,0,56,57,66,75,92,0,0,0,80,52,55,0,0,0,89,63,93,100,0,61,58,100,99,99,0,98,4,0,0
l37,8=0,0,0,0,0,0,0,0,0,0,0,0,0,0,59,0,15,23,54,83,80,44,0,74,71,42,74,51,0,0,96,21,95,98,0,62,69,82,99,99,100,0,0,0,0
l38,8=0,0,0,0,0,0,0,0,0,0,0,0,7,0,17,0,9,34,8,45,38,37,17,56,54,71,66,50,0,0,0,0,8,3,0,0,0,6,12,0,13,0,0,79,87
l39,8=0,0,0,0,0,0,0,0,0,15,20,8,0,0,36,0,19,14,47,37,58,26,24,65,90,60,91,54,0,0,8,8,5,0,0,5,0,0,13,0,0,0,85,0,87
l40,8=0,0,0,0,0,0,0,0,0,0,0,6,0,0,27,0,21,40,35,39,41,40,17,50,84,47,69,55,0,0,0,0,0,0,0,0,0,0,0,0,0,0,85,77,0
l41,8=0,0,0,0,0,0,0,10,29,0,0,34,45,38,66,0,60,4,84,67,67,24,27,54,90,93,91,46,0,0,17,46,0,16,0,0,0,0,0,0,27,4,83,79,86
l42,8=0,0,0,0,0,0,0,0,0,0,0,0,0,0,49,0,14,0,38,45,46,43,40,75,74,89,89,73,0,0,0,0,24,17,0,0,0,0,0,0,0,0,86,81,64
l43,8=0,0,0,0,0,0,0,0,0,0,0,0,0,0,24,0,0,1,3,41,40,36,13,64,60,64,78,51,0,0,0,0,14,18,0,0,0,0,17,0,0,0,67,60,68
l44,8=0,0,0,0,0,0,0,0,0,0,0,0,4,0,40,0,0,9,52,47,17,31,26,76,83,59,69,55,0,0,0,0,0,17,0,0,0,0,0,0,0,0,79,71,59

l0,9=0,100,100,98,100,99,100,87,97,90,88,98,99,91,30,0,74,20,3,7,0,0,0,0,36,0,0,0,0,0,72,48,0,0,0,0,0,0,0,0,0,0,0,0,0
l1,9=99,0,100,98,100,100,100,96,96,100,93,49,56,87,76,0,70,32,17,57,0,0,0,0,0,41,0,0,0,0,78,42,0,0,0,0,0,0,0,0,1,0,0,0,0
l2,9=99,100,0,97,100,100,100,99,96,100,94,100,95,100,91,0,91,29,27,66,12,0,0,0,3,0,0,0,0,0,76,78,0,0,0,0,0,0,0,0,0,0,0,0,0
l3,9=99,100,100,0,100,100,100,88,62,95,80,23,99,81,71,0,73,25,11,47,0,0,0,0,0,0,0,0,0,0,76,75,0,0,0,0,0,0,0,0,6,0,0,0,0
l4,9=99,100,99,98,0,100,100,99,95,98,87,100,99,100,11,0,90,37,8,56,0,0,0,0,0,0,0,0,0,0,80,78,0,0,0,0,0,0,0,0,0,0,0,0,0
l5,9=99,100,100,98,100,0,100,83,97,100,87,100,99,100,85,0,85,33,3,46,52,0,0,0,0,40,0,0,0,0,17,76,0,0,0,0,0,0,0,0,68,0,0,0,0
l6,9=99,100,100,98,100,100,0,100,96,100,98,100,99,100,94,0,99,63,49,57,85,0,0,0,0,0,0,0,0,0,5,86,0,0,0,0,0,0,0,0,0,0,0,0,0
l7,9=99,100,100,97,100,100,100,0,97,100,98,100,99,100,89,0,99,79,1,99,99,97,2,0,96,98,47,96,0,0,0,0,0,0,0,0,0,0,0,0,0,0,0,37,0
l8,9=99,100,99,94,100,100,100,99,0,100,98,100,99,100,99,0,99,64,55,99,96,72,0,59,97,73,71,98,0,0,0,0,0,0,0,0,0,0,0,0,0,0,0,22,0
l9,9=99,100,99,96,97,100,100,97,97,0,98,100,99,100,99,0,99,41,87,93,95,69,0,43,64,43,51,89,0,0,2,59,0,0,0,0,0,0,0,0,0,0,0,2,0
l10,9=98,57,57,49,87,100,68,59,66,100,0,82,99,87,99,0,99,35,55,69,95,70,46,56,59,46,57,0,0,0,80,92,0,0,0,0,0,0,0,0,81,25,76,89,36
l11,9=99,87,99,35,97,100,100,99,98,100,98,0,99,100,99,0,99,82,92,99,86,0,0,51,89,16,49,91,0,0,78,0,0,0,0,0,0,0,0,0,0,0,0,77,34
l12,9=99,48,60,67,94,100,63,76,44,100,98,100,0,100,99,0,99,39,48,72,94,70,49,0,50,40,50,78,0,0,77,2,0,0,0,0,0,0,0,0,0,0,47,69,0
l13,9=99,100,99,96,99,100,100,99,97,100,98,100,99,0,99,0,99,69,92,98,99,69,4,64,97,49,50,74,0,0,13,85,0,0,0,0,0,0,0,0,73,0,0,65,0
l14,9=8,29,54,18,24,84,42,19,41,93,92,35,38,75,0,0,99,42,93,71,100,68,50,52,59,47,50,92,0,0,91,95,0,12,0,0,0,0,0,22,74,61,81,86,51
l15,9=94,42,55,20,91,98,45,44,43,100,94,68,99,77,99,0,0,37,93,83,98,79,47,61,60,49,49,89,0,0,97,94,2,49,0,0,0,0,0,0,58,77,51,56,0
l16,9=15,47,4,11,59,98,45,31,43,60,66,35,38,62,99,0,98,0,32,71,100,0,0,59,60,49,44,0,0,0,100,99,50,9,0,0,49,0,4,79,99,97,67,93,29
l17,9=64,35,35,0,45,40,44,1,40,90,91,59,38,78,99,0,99,40,0,83,100,69,53,54,60,50,50,92,0,0,93,92,0,0,0,0,0,0,0,32,0,0,0,89,0
l18,9=0,32,22,15,41,30,35,33,42,96,90,35,38,77,97,0,98,75,90,0,99,80,58,61,97,58,57,98,0,0,99,95,42,65,0,46,0,0,38,27,98,98,88,94,58
l19,9=17,0,1,0,0,67,45,33,42,99,90,17,38,77,99,0,98,100,93,99,0,80,0,61,97,81,74,98,0,0,99,98,0,17,0,0,0,0,29,58,99,98,87,94,58
l20,9=0,0,0,0,0,0,0,83,75,80,81,0,86,83,90,0,89,0,81,91,81,0,100,100,97,97,87,99,0,0,0,0,86,80,0,0,87,0,93,36,0,78,87,91,89
l21,9=0,0,0,0,0,0,0,17,0,0,81,0,97,29,92,0,92,0,90,98,0,100,0,95,97,95,71,98,0,0,0,0,3,84,0,0,79,0,56,0,0,0,83,94,91
l22,9=0,0,0,0,0,0,0,0,72,17,81,81,0,81,82,0,84,76,68,98,98,98,81,0,98,95,95,99,0,0,0,0,85,89,0,80,84,64,94,55,60,78,80,93,72
l23,9=0,0,0,0,0,0,0,35,35,68,76,47,5,78,95,0,96,90,81,98,95,93,92,98,0,98,97,98,0,0,74,0,78,65,0,79,0,20,90,61,69,79,94,94,92
l24,9=0,49,0,0,0,70,0,92,82,59,79,40,84,90,93,0,95,98,90,98,98,97,96,97,98,0,97,98,0,0,41,0,84,0,0,0,87,54,89,74,96,74,94,84,14
l25,9=0,0,0,0,0,0,0,27,51,70,92,56,89,78,92,0,78,29,82,97,96,91,43,97,98,98,0,94,0,0,0,0,84,91,0,83,94,24,92,0,82,70,94,94,92
l26,9=0,0,0,0,0,0,0,39,71,72,0,83,40,53,90,0,82,0,82,98,84,98,93,97,97,95,95,0,0,0,0,0,74,97,0,83,95,47,87,31,0,77,77,59,70
l27,9=0,42,38,40,30,31,0,0,0,0,42,4,18,11,79,0,97,94,30,52,44,0,0,0,47,0,0,0,0,0,0,100,1,80,0,57,51,1,0,59,99,100,0,31,2
l28,9=0,15,39,32,29,67,41,0,0,13,45,0,0,46,81,0,99,38,28,38,44,0,0,0,48,0,0,0,0,0,100,0,27,21,0,0,56,0,0,47,100,99,9,0,0
l29,9=0,0,0,0,0,0,0,0,0,0,0,0,0,0,0,0,12,39,0,38,0,92,0,97,97,80,66,77,0,0,11,91,0,100,0,100,100,100,100,100,100,100,38,15,14
l30,9=0,0,0,0,0,0,0,0,0,0,0,0,0,0,4,0,46,19,0,14,2,60,42,99,75,0,95,100,0,0,99,2,97,0,0,100,100,100,100,100,100,100,31,17,0
l31,9=0,0,0,0,0,0,0,0,0,0,0,0,0,0,0,0,0,0,0,25,0,36,0,92,88,0,83,89,0,0,87,0,97,100,0,0,100,100,100,33,100,88,0,7,1
l32,9=0,0,0,0,0,0,0,0,0,0,0,0,0,0,0,0,0,26,0,0,0,64,42,87,2,53,95,98,0,0,70,81,97,100,0,100,0,100,100,98,99,100,0,0,0
l33,9=0,0,0,0,0,0,0,0,0,0,0,0,0,0,0,0,0,0,0,0,0,0,0,41,67,0,33,36,0,0,62,0,97,100,0,100,100,0,100,75,94,97,0,0,0
l34,9=0,0,0,0,0,0,0,0,0,0,0,0,0,0,55,0,93,27,0,39,44,80,38,98,94,1,74,50,0,0,53,98,97,100,0,100,100,100,0,100,100,100,14,0,6
l35,9=0,0,0,0,0,0,0,0,0,0,0,0,0,0,52,0,0,96,28,0,44,76,0,54,88,28,3,47,0,0,54,97,97,100,0,60,68,58,100,0,100,100,0,0,0
l36,9=0,0,0,0,0,1,0,0,0,0,34,0,3,39,75,0,91,98,0,40,44,0,0,50,53,28,73,0,0,0,54,100,28,100,0,62,68,34,100,100,0,100,0,6,0
l37,9=0,0,0,0,0,0,0,0,0,0,3,0,8,0,94,0,93,37,1,85,63,79,0,53,59,16,55,81,0,0,100,99,97,100,0,77,100,99,100,100,100,0,0,0,0
l38,9=0,0,0,0,0,0,0,0,0,0,50,0,12,0,62,0,62,59,0,91,66,88,30,81,96,93,95,75,0,0,0,0,50,43,0,0,0,0,3,0,0,0,0,94,92
l39,9=0,0,0,0,0,0,0,1,0,0,67,31,15,16,71,0,66,85,76,84,85,73,48,76,97,41,95,30,0,0,50,0,34,38,0,0,0,0,0,0,0,0,96,0,92
l40,9=0,0,0,0,0,0,0,0,0,0,19,24,0,0,65,0,0,24,0,88,86,82,49,77,91,0,87,74,0,0,11,0,0,0,0,0,0,0,0,0,0,0,96,94,0
l41,9=0,0,0,0,0,0,0,9,16,0,61,46,85,64,97,0,88,89,84,98,90,61,0,44,97,95,95,84,0,0,53,70,0,16,0,0,3,0,4,0,0,62,96,94,92
l42,9=0,0,0,0,0,0,0,0,0,0,0,0,0,0,0,0,4,0,59,91,82,87,75,94,97,95,93,95,0,0,0,0,0,46,0,0,0,0,43,0,0,0,96,94,92
l43,9=0,0,0,0,0,0,0,0,0,0,8,0,1,0,66,0,0,34,41,85,71,74,35,81,91,87,92,88,0,0,0,0,24,43,0,41,0,0,0,0,0,0,89,82,85
l44,9=0,0,0,0,0,0,0,0,0,0,0,0,10,42,62,0,0,23,45,97,67,79,71,97,97,95,95,68,0,0,0,0,49,0,0,56,0,0,0,0,0,38,96,82,66

l0,10=0,93,94,96,97,91,96,0,94,92,92,88,89,95,4,0,7,4,7,1,1,0,0,0,0,0,0,0,0,0,0,24,0,0,0,0,0,0,0,0,0,0,0,0,0
l1,10=96,0,94,97,97,92,97,0,92,46,34,10,86,67,8,0,5,4,9,9,2,0,0,0,0,1,0,0,0,0,0,22,0,0,0,0,0,0,0,0,0,0,0,0,0
l2,10=96,93,0,94,51,93,97,0,96,93,92,89,89,98,22,0,2,0,6,29,17,0,0,0,7,7,6,0,0,0,0,0,0,0,0,0,0,0,0,0,0,0,0,14,0
l3,10=96,93,93,0,97,95,97,0,94,92,70,70,92,53,1,0,35,0,0,0,0,0,0,0,0,0,0,0,0,0,88,10,0,0,0,0,0,0,0,0,0,0,0,0,0
l4,10=96,93,87,97,0,95,95,0,64,92,91,66,89,94,0,0,85,2,8,0,0,0,0,0,0,0,0,0,0,0,2,82,0,0,0,0,0,0,0,0,0,0,0,0,0
l5,10=92,93,91,97,97,0,97,0,96,24,41,93,86,98,6,0,6,0,8,0,0,0,0,0,0,0,0,0,0,0,31,22,0,0,0,0,0,0,0,0,0,0,0,0,0
l6,10=92,93,94,97,95,89,0,1,96,92,92,92,89,95,4,0,91,49,32,49,0,0,0,0,7,2,0,1,0,0,0,21,0,0,0,0,0,0,0,0,0,0,0,0,0
l7,10=96,93,94,94,95,92,97,0,96,95,93,93,92,99,87,0,93,66,69,89,71,77,0,23,28,78,59,50,0,0,0,33,0,0,0,0,0,0,0,0,0,0,0,13,0
l8,10=92,90,91,93,84,89,96,1,0,92,92,92,92,95,86,0,85,39,85,88,83,71,0,29,74,0,73,77,0,0,15,0,0,0,0,0,0,0,0,0,0,0,0,17,0
l9,10=92,90,90,94,94,84,94,0,94,0,92,93,92,98,88,0,92,35,85,78,55,66,0,5,78,44,27,13,0,0,0,25,0,0,0,0,0,0,0,0,0,0,0,0,0
l10,10=54,43,74,44,61,88,92,0,94,92,0,87,92,95,89,0,92,38,85,33,86,42,5,54,71,67,84,39,0,0,72,52,0,0,0,0,0,0,0,0,7,0,2,40,11
l11,10=90,59,89,48,60,90,94,0,94,94,92,0,92,99,88,0,92,16,85,88,76,33,0,16,75,4,9,20,0,0,7,28,0,0,0,0,0,0,0,0,0,0,0,1,0
l12,10=56,53,85,60,73,88,75,0,93,92,92,89,0,95,88,0,92,76,65,31,33,59,14,6,55,78,19,5,0,0,10,7,0,0,0,0,0,0,0,0,0,0,13,4,14
l13,10=92,90,90,26,93,91,94,0,94,95,92,93,92,0,86,0,92,7,85,32,84,10,13,20,7,41,10,0,0,0,0,33,0,0,0,0,0,0,0,0,0,0,0,30,0
l14,10=0,32,37,3,28,61,25,0,39,85,91,68,54,37,0,0,93,88,89,36,93,75,12,26,81,76,78,74,0,0,81,64,0,0,0,0,0,0,0,29,3,67,53,54,30
l15,10=0,26,17,23,60,52,74,0,27,91,92,78,89,56,90,0,0,59,89,60,85,75,15,41,82,75,80,80,0,0,86,67,0,4,0,0,0,0,0,27,15,47,31,51,10
l16,10=0,36,5,0,35,63,44,0,8,45,60,51,55,6,91,0,89,0,53,64,94,4,0,31,80,59,71,0,0,0,94,72,0,0,0,0,11,0,45,0,89,41,2,48,19
l17,10=0,21,0,0,10,79,72,2,87,85,90,85,81,88,91,0,93,89,0,90,93,3,6,82,83,76,81,81,0,0,81,76,0,0,0,0,0,0,0,0,21,11,9,25,76
l18,10=0,19,38,0,0,51,47,1,43,63,55,60,30,42,62,0,90,93,87,0,94,83,36,53,82,85,71,90,0,0,72,24,0,30,0,9,0,2,4,68,25,79,63,53,46
l19,10=0,2,34,0,0,0,37,0,45,42,85,57,39,48,91,0,90,96,89,93,0,76,0,54,82,84,86,76,0,0,89,68,0,9,0,0,0,0,30,70,74,69,28,53,52
l20,10=0,0,0,0,0,0,0,3,85,81,81,70,81,33,78,0,77,78,8,90,76,0,99,94,78,85,83,90,0,0,0,0,84,82,0,0,0,0,84,46,39,52,79,77,76
l21,10=0,0,0,0,0,0,0,0,0,0,58,0,85,84,79,0,78,31,78,91,0,90,0,94,83,87,88,90,0,0,0,0,58,79,0,0,0,0,0,0,0,0,80,83,85
l22,10=0,0,0,0,0,0,0,3,43,42,81,62,59,71,66,0,77,85,79,84,76,89,76,0,82,85,88,91,0,0,0,0,83,83,0,66,82,68,84,71,0,61,79,77,76
l23,10=0,0,20,0,0,0,13,0,56,66,67,52,70,0,78,0,78,82,79,91,76,74,71,94,0,87,90,88,0,0,64,48,52,78,0,79,59,62,78,77,64,61,24,89,91
l24,10=0,33,45,0,0,0,7,1,50,59,75,55,76,68,79,0,76,80,79,92,78,84,74,94,84,0,89,78,0,0,47,38,77,65,0,57,76,51,76,60,75,74,83,87,66
l25,10=0,0,5,0,0,0,17,2,61,35,82,54,79,65,72,0,66,76,79,76,81,82,64,94,84,87,0,86,0,0,14,0,83,56,0,83,83,57,84,70,44,67,85,89,86
l26,10=0,0,0,0,0,0,2,7,84,49,67,70,67,28,78,0,77,1,79,91,76,89,87,94,81,80,87,0,0,0,0,0,78,85,0,82,83,80,84,50,61,80,77,76,76
l27,10=0,0,0,42,5,14,0,0,0,0,33,3,0,0,70,0,83,96,52,44,68,0,0,0,13,4,1,0,0,0,0,93,2,11,0,8,10,15,52,86,91,83,0,7,2
l28,10=0,10,0,0,6,10,15,0,0,10,27,4,3,4,78,0,90,96,15,7,73,0,0,0,5,0,0,0,0,0,94,0,13,24,0,0,0,0,82,20,91,89,4,0,0
l29,10=0,0,0,0,0,0,0,0,0,0,0,0,0,0,0,0,0,56,0,0,0,69,10,84,53,69,84,49,0,0,75,81,0,93,0,91,90,94,93,91,86,89,54,45,5
l30,10=0,0,0,0,0,0,0,0,0,0,0,0,0,0,0,0,52,0,0,40,33,58,14,82,73,64,59,84,0,0,63,75,90,0,0,91,90,94,93,91,90,90,40,31,0
l31,10=0,0,0,0,0,0,0,0,0,0,0,0,0,0,0,0,0,0,0,0,0,53,0,59,81,60,80,53,0,0,78,0,90,92,0,0,90,94,93,86,89,89,0,0,27
l32,10=0,0,0,0,0,0,0,0,0,0,0,0,0,0,0,0,0,39,0,0,0,0,0,85,0,80,84,84,0,0,67,0,90,92,0,91,0,94,93,87,83,88,0,0,0
l33,10=0,0,0,0,0,0,0,0,0,0,0,0,0,0,0,0,0,0,0,0,0,0,0,47,72,0,50,53,0,0,67,0,90,92,0,90,90,0,93,88,59,87,0,0,0
l34,10=0,0,0,0,0,0,0,0,0,0,0,0,0,0,0,0,0,49,0,6,41,35,0,75,74,66,78,50,0,0,66,76,90,93,0,90,90,94,0,91,91,90,41,0,0
l35,10=0,0,0,0,0,0,0,0,0,0,0,0,0,0,9,0,35,0,1,43,49,6,0,45,73,44,77,28,0,0,77,54,90,93,0,61,88,94,93,0,91,90,14,0,0
l36,10=0,0,0,0,0,0,0,0,0,0,0,0,0,0,0,0,34,85,35,14,60,0,0,0,73,68,41,22,0,0,94,86,49,93,0,64,63,85,93,93,0,90,0,0,0
l37,10=0,0,0,0,0,0,0,0,0,0,0,0,0,0,63,0,57,51,26,42,50,34,0,48,71,66,76,75,0,0,80,64,86,93,0,84,86,85,93,93,91,0,0,0,0
l38,10=0,0,0,0,0,0,0,0,0,0,0,0,63,0,81,0,66,15,43,84,22,68,42,79,20,74,88,74,0,0,0,17,42,16,0,0,0,0,60,26,0,0,0,90,91
l39,10=0,0,1,0,0,0,0,0,5,0,55,0,12,42,81,0,75,78,43,80,80,71,42,80,81,75,87,69,0,0,39,0,44,17,0,0,0,0,0,0,0,0,86,0,91
l40,10=0,0,0,0,0,0,0,0,0,0,0,0,0,0,59,0,10,54,70,53,57,64,68,79,81,54,87,72,0,0,0,0,0,0,0,0,0,0,0,0,0,0,86,89,0
l41,10=0,0,0,0,0,0,0,0,12,47,65,41,34,14,82,0,73,82,81,88,83,74,0,81,81,80,87,73,0,0,24,73,0,0,0,3,0,0,0,0,21,46,86,89,83
l42,10=0,0,0,0,0,0,0,0,0,0,0,0,0,0,68,0,60,56,58,87,82,77,49,90,78,80,83,81,0,0,0,0,0,32,0,0,36,0,66,0,0,0,86,89,82
l43,10=0,0,0,0,0,0,0,0,0,0,10,0,0,0,58,0,0,21,70,54,63,71,38,93,77,67,88,79,0,0,0,0,0,39,0,0,0,0,0,0,0,0,85,86,84
l44,10=0,0,0,0,0,0,0,0,0,0,0,28,0,0,47,0,7,37,0,89,60,78,62,94,83,83,88,73,0,0,0,0,27,0,0,14,41,0,0,0,0,2,89,87,82

l0,11=0,94,96,92,92,91,96,0,89,93,85,91,82,85,10,0,76,3,5,0,0,0,0,0,0,0,1,0,0,0,2,20,0,0,0,0,0,0,0,0,0,0,0,0,0
l1,11=96,0,96,92,92,91,97,0,92,92,24,63,80,55,21,0,17,11,4,1,6,0,0,0,0,0,0,0,0,0,7,6,0,0,0,0,0,0,0,0,0,0,0,0,0
l2,11=96,94,0,66,84,91,97,0,92,92,85,70,68,86,18,0,20,8,14,38,0,0,0,0,10,1,0,0,0,0,7,0,0,0,0,0,0,0,0,0,0,0,0,0,0
l3,11=95,94,76,0,92,91,97,0,92,94,68,20,63,50,6,0,9,11,5,0,0,0,0,0,0,0,0,0,0,0,36,0,0,0,0,0,0,0,0,0,0,0,0,0,0
l4,11=96,94,69,94,0,91,97,0,90,28,21,34,34,51,16,0,12,9,0,0,0,0,0,0,0,0,0,0,0,0,0,15,0,0,0,0,0,0,0,0,0,0,0,0,0
l5,11=96,93,96,92,92,0,96,0,89,67,85,92,81,88,0,0,17,12,4,2,0,0,0,0,0,0,0,0,0,0,10,14,0,0,0,0,0,0,0,0,0,0,0,0,0
l6,11=93,94,95,92,92,86,0,0,94,92,85,91,81,86,19,0,78,11,32,18,10,0,0,0,0,2,0,0,0,0,12,5,0,0,0,0,0,0,0,0,0,0,0,0,0
l7,11=94,94,96,87,83,90,97,0,94,97,82,92,82,88,81,0,84,74,0,69,50,57,0,40,18,29,54,52,0,0,0,0,0,0,0,0,0,0,0,0,0,0,0,3,0
l8,11=91,92,94,90,89,80,95,0,0,93,85,91,81,80,67,0,81,56,84,67,14,47,0,42,28,3,19,28,0,0,11,0,0,0,0,0,0,0,0,0,0,0,0,5,0
l9,11=92,92,93,90,72,85,92,0,89,0,85,92,81,88,78,0,82,0,28,4,44,50,0,41,49,15,30,33,0,0,5,0,0,0,0,0,0,0,0,0,0,0,0,0,0
l10,11=88,87,48,45,42,54,50,0,66,61,0,91,82,60,69,0,88,63,84,24,60,19,29,45,40,41,31,42,0,0,44,0,0,0,0,0,0,0,0,0,0,0,9,8,0
l11,11=88,84,93,1,44,86,91,0,89,94,85,0,82,87,78,0,82,8,84,54,50,3,0,9,1,6,20,1,0,0,0,10,0,0,0,0,0,0,0,0,0,0,0,0,0
l12,11=89,86,14,41,51,84,64,0,89,92,85,91,0,86,80,0,83,58,80,1,54,9,4,8,45,80,7,2,0,0,0,24,0,0,0,0,0,0,0,0,0,0,8,5,0
l13,11=78,68,94,51,88,87,94,0,84,97,85,92,82,0,76,0,83,53,84,31,59,54,4,55,10,50,41,1,0,0,0,31,0,0,0,0,0,0,0,0,0,0,0,17,0
l14,11=34,68,27,0,18,0,40,0,24,31,82,82,27,25,0,0,85,86,86,26,88,61,9,41,48,49,42,45,0,0,44,78,0,0,0,0,0,0,0,0,63,8,70,80,67
l15,11=75,75,23,1,46,45,44,2,32,92,85,91,81,86,83,0,0,80,86,71,86,68,28,45,49,48,41,42,0,0,51,77,0,0,0,0,0,0,0,6,1,0,3,80,0
l16,11=4,27,0,10,7,41,8,1,17,0,35,19,22,17,75,0,72,0,32,26,60,7,0,39,44,0,14,3,0,0,60,85,0,71,0,0,0,0,4,1,69,72,0,73,73
l17,11=27,7,16,4,1,4,42,0,24,11,84,85,46,50,85,0,88,86,0,71,87,59,3,49,50,46,37,20,0,0,49,73,0,0,0,0,0,0,0,0,26,12,7,78,74
l18,11=1,43,39,0,0,27,28,0,19,0,63,59,14,18,81,0,80,81,86,0,89,62,24,44,89,84,32,69,0,0,41,70,51,44,0,10,18,0,18,19,59,57,55,73,43
l19,11=3,18,14,0,0,1,31,0,14,3,81,53,24,22,85,0,86,89,86,75,0,60,0,13,89,81,42,19,0,0,39,70,0,24,0,0,0,0,1,14,58,21,9,76,60
l20,11=0,0,0,0,0,0,0,0,71,65,39,47,50,61,36,0,67,64,74,65,78,0,93,87,81,81,72,85,0,0,0,0,81,73,0,60,66,0,81,49,0,0,66,76,74
l21,11=0,0,0,0,0,0,0,0,0,0,68,41,67,59,36,0,71,0,67,70,0,75,0,88,87,83,76,85,0,0,0,0,0,79,0,11,0,21,44,0,42,0,70,67,81
l22,11=0,0,0,0,0,0,0,0,71,55,65,70,54,59,36,0,54,72,76,62,47,75,46,0,89,83,77,85,0,0,0,60,68,79,0,65,82,66,77,42,0,59,58,77,71
l23,11=0,0,25,0,0,0,0,0,34,43,48,0,38,17,31,0,71,70,79,73,78,59,43,89,0,84,78,82,0,0,37,0,76,64,0,70,0,0,43,42,50,0,69,82,82
l24,11=0,0,17,0,0,0,30,0,17,32,65,63,74,35,38,0,68,0,74,73,79,74,42,87,89,0,78,77,0,0,4,55,74,69,0,62,77,39,34,20,27,0,67,80,77
l25,11=0,0,0,0,0,0,0,0,17,12,45,55,25,27,73,0,58,61,49,62,77,58,34,87,89,84,0,80,0,0,0,50,78,62,0,53,82,0,38,22,44,46,70,81,81
l26,11=0,0,0,0,0,0,0,0,70,44,60,45,51,20,37,0,64,60,68,65,72,74,45,87,84,76,73,0,0,0,0,0,73,73,0,75,83,70,80,40,0,58,64,72,78
l27,11=10,12,7,29,17,20,12,0,4,1,33,0,0,2,13,0,46,89,27,12,32,0,0,0,12,0,0,0,0,0,0,85,12,26,0,23,6,29,2,39,85,56,0,3,12
l28,11=4,3,1,0,8,6,8,0,0,0,0,8,7,5,35,0,65,89,18,12,44,0,0,0,0,0,1,0,0,0,91,0,13,33,0,3,10,0,25,21,79,60,1,4,0
l29,11=0,0,0,0,0,0,0,0,0,0,0,0,0,0,0,0,0,9,0,6,0,56,0,24,75,62,66,62,0,0,41,68,0,85,0,86,90,90,86,79,82,77,0,34,10
l30,11=0,0,0,0,0,0,0,0,0,0,0,0,0,0,0,0,0,43,0,4,0,50,25,73,37,37,39,63,0,0,41,49,86,0,0,85,90,90,86,42,82,77,0,0,0
l31,11=0,0,0,0,0,0,0,0,0,0,0,0,0,0,0,0,0,0,0,5,0,48,0,24,76,57,46,74,0,0,63,53,86,86,0,0,91,94,85,72,36,72,0,10,0
l32,11=0,0,0,0,0,0,0,0,0,0,0,0,0,0,0,0,0,0,0,3,0,44,0,74,14,70,71,74,0,0,43,74,86,85,0,86,0,94,86,78,80,77,0,0,0
l33,11=0,0,0,0,0,0,0,0,0,0,0,0,0,0,0,0,0,0,0,0,0,0,0,8,0,8,0,31,0,0,58,0,86,86,0,86,91,0,86,74,56,75,0,0,0
l34,11=0,0,0,0,0,5,0,0,0,0,0,0,0,0,0,0,0,43,0,11,17,57,5,50,68,18,35,72,0,0,67,70,86,86,0,79,90,87,0,79,85,81,17,0,0
l35,11=0,0,0,0,0,0,0,0,0,0,0,0,0,0,12,0,35,48,0,12,46,21,0,5,15,18,15,19,0,0,60,53,86,78,0,51,64,88,86,0,85,85,0,0,0
l36,11=0,0,0,0,0,0,0,0,0,0,0,0,0,0,14,0,3,49,18,12,56,0,0,0,15,11,11,0,0,0,90,77,41,87,0,28,55,46,86,84,0,85,0,0,0
l37,11=0,0,0,0,0,0,0,0,0,0,0,0,0,0,15,0,8,61,22,30,46,0,0,13,0,0,14,22,0,0,53,51,82,86,0,48,68,61,86,84,85,0,0,9,0
l38,11=0,0,0,0,0,0,0,0,0,0,20,0,11,0,76,0,19,11,7,63,11,65,34,36,82,77,68,56,0,0,0,21,0,0,0,0,0,0,1,0,0,0,0,85,78
l39,11=0,0,0,0,0,0,0,0,0,0,1,0,9,27,76,0,66,73,73,61,70,63,0,75,86,78,72,63,0,0,2,18,59,0,0,0,0,0,0,0,0,0,75,0,86
l40,11=0,0,0,0,0,0,0,0,0,0,0,0,0,0,51,0,0,37,59,8,53,53,31,50,84,76,73,75,0,0,8,0,0,0,0,0,0,0,0,0,0,0,72,84,0
l41,11=0,0,0,0,0,0,0,0,18,19,39,51,0,21,57,0,64,70,77,72,75,62,4,79,84,81,72,72,0,0,1,68,0,0,0,19,0,0,0,0,0,18,75,84,80
l42,11=0,0,0,0,0,0,0,0,0,0,0,0,0,0,67,0,56,9,52,67,69,65,56,79,86,79,71,78,0,0,0,0,65,0,0,54,0,0,57,0,0,0,70,84,83
l43,11=0,0,0,0,0,0,0,0,0,0,0,0,0,0,0,0,25,3,0,62,60,51,0,86,74,76,77,80,0,0,0,0,0,60,0,0,16,0,53,0,0,0,75,82,80
l44,11=0,0,0,0,0,0,0,0,0,0,12,22,9,0,66,0,42,0,11,62,0,59,28,86,87,81,77,54,0,0,0,0,58,0,0,0,40,0,0,0,0,0,75,42,81

l0,12=0,98,97,93,92,97,97,1,95,93,30,93,90,87,66,0,84,9,5,0,0,0,0,0,0,0,0,0,0,0,0,4,0,0,0,0,0,0,0,0,0,0,0,0,0
l1,12=100,0,96,93,92,97,97,57,95,93,16,93,88,44,48,0,51,13,0,29,0,0,0,0,0,0,0,0,0,0,0,6,0,0,0,0,0,0,0,0,0,0,0,0,0
l2,12=100,97,0,91,88,97,29,0,95,93,83,91,88,88,50,0,39,46,52,35,13,2,0,0,8,6,7,0,0,0,6,9,0,0,0,0,0,0,0,0,0,0,0,0,0
l3,12=100,98,94,0,92,97,97,5,93,94,6,52,88,90,28,0,1,26,2,14,0,0,0,0,0,0,0,0,0,0,14,0,0,0,0,0,0,0,0,0,5,0,0,0,0
l4,12=100,98,94,93,0,97,97,1,93,63,22,91,77,88,0,0,44,46,0,0,0,0,0,0,0,0,0,0,0,0,0,7,0,0,0,0,0,0,0,0,0,0,0,0,0
l5,12=100,96,95,93,92,0,97,4,95,93,82,93,88,88,30,0,19,48,41,30,1,0,0,0,0,0,0,0,0,0,29,10,0,0,0,0,0,0,0,0,0,0,0,0,0
l6,12=100,98,24,93,92,97,0,2,95,93,84,93,90,88,18,0,82,74,65,58,0,0,0,0,3,5,0,0,0,0,29,0,0,0,0,0,0,0,0,0,0,0,0,0,0
l7,12=94,86,97,91,87,96,97,0,95,96,81,94,90,90,86,0,86,80,82,61,0,68,0,75,50,38,44,36,0,0,0,0,0,0,0,0,0,0,0,0,0,0,0,0,0
l8,12=93,94,94,88,87,93,96,1,0,93,83,92,85,47,86,0,86,76,84,43,19,1,4,69,30,35,52,68,0,0,0,10,0,0,0,0,0,0,0,0,0,0,0,8,0
l9,12=88,94,94,91,87,93,94,1,92,0,83,94,90,90,56,0,86,74,68,30,34,69,0,70,52,48,61,80,0,0,62,37,0,0,0,0,0,0,0,0,0,0,0,8,0
l10,12=55,47,57,35,70,93,94,4,56,58,0,93,90,88,53,0,88,78,83,36,49,21,10,74,33,42,23,42,0,0,23,61,0,0,0,0,0,0,0,0,0,0,49,22,0
l11,12=88,87,59,49,87,92,93,3,90,93,83,0,88,89,86,0,74,65,86,35,49,5,0,9,12,32,60,38,0,0,17,3,0,0,0,0,0,0,0,0,0,0,0,15,0
l12,12=92,92,93,88,76,92,93,3,88,93,83,93,0,88,86,0,86,70,84,55,70,9,25,57,82,81,19,15,0,0,21,25,0,0,0,0,0,0,0,0,0,0,7,11,0
l13,12=69,47,94,91,87,93,66,1,71,96,87,94,90,0,82,0,88,30,84,34,30,0,46,65,27,36,60,55,0,0,0,0,0,0,0,0,0,0,0,0,0,0,0,41,0
l14,12=48,41,27,0,0,18,0,3,55,50,66,92,88,51,0,0,88,84,90,36,83,59,0,48,50,46,71,80,0,0,76,80,0,0,0,0,0,0,4,0,57,60,79,70,17
l15,12=67,40,0,0,75,20,84,6,55,56,85,85,88,86,86,0,0,80,90,37,50,63,15,0,52,46,68,78,0,0,76,78,0,2,0,0,0,1,0,0,0,0,36,68,0
l16,12=0,0,3,0,8,27,64,12,28,21,41,46,75,0,53,0,59,0,76,37,54,3,0,40,7,11,27,24,0,0,87,83,0,17,0,0,0,0,0,42,84,80,18,61,4
l17,12=0,0,26,0,0,66,67,10,80,40,81,85,85,83,86,0,88,84,0,61,81,67,22,75,81,54,64,64,0,0,69,79,0,0,0,0,0,0,1,7,34,31,53,69,23
l18,12=0,38,43,12,15,63,68,4,30,42,58,69,79,39,83,0,81,80,90,0,87,78,58,73,83,81,68,83,0,0,66,70,55,28,0,17,0,0,6,28,66,72,61,69,40
l19,12=0,0,36,0,0,30,30,0,25,37,73,68,83,31,86,0,88,88,90,63,0,62,0,82,85,84,76,39,0,0,57,64,0,24,0,0,0,0,1,24,61,35,50,66,56
l20,12=0,0,3,0,0,0,0,7,18,69,64,59,70,0,70,0,71,57,77,61,70,0,95,88,82,81,72,88,0,0,0,0,68,77,0,61,67,3,73,1,25,56,70,75,70
l21,12=0,0,0,0,0,0,0,0,70,0,72,0,80,73,1,0,72,0,77,57,0,88,0,88,83,83,78,88,0,0,0,0,0,74,0,0,0,0,66,0,0,0,73,0,1
l22,12=0,0,0,0,0,0,0,8,73,46,76,51,76,42,51,0,0,75,80,57,75,87,81,0,85,84,79,89,0,0,0,0,79,79,0,76,75,69,74,74,59,68,70,82,19
l23,12=0,0,0,0,0,0,11,26,28,62,52,47,81,26,77,0,78,27,83,58,82,84,81,89,0,84,80,86,0,0,49,0,75,67,0,75,0,0,69,31,65,69,78,84,77
l24,12=0,1,10,0,0,0,56,9,34,59,67,63,82,38,71,0,73,50,78,58,79,85,67,88,85,0,80,79,0,0,55,0,71,27,0,25,40,0,61,28,61,33,77,81,79
l25,12=0,0,0,0,0,0,0,16,41,36,45,54,64,62,79,0,64,54,75,57,73,68,63,88,85,84,0,84,0,0,17,62,74,66,0,24,62,57,21,50,27,66,77,84,76
l26,12=0,0,0,0,0,0,0,16,74,71,67,65,72,68,72,0,71,67,77,57,66,88,85,89,81,76,75,0,0,0,0,0,80,77,0,77,74,12,74,0,27,4,70,75,73
l27,12=1,3,1,37,2,40,14,0,0,7,7,26,28,0,27,0,55,86,32,30,8,0,0,0,7,5,4,0,0,0,0,83,11,17,0,25,28,67,46,74,87,53,0,11,0
l28,12=1,3,4,0,31,2,0,0,0,3,25,22,31,0,45,0,46,88,66,30,5,0,0,0,0,0,12,0,0,0,87,0,25,20,0,21,53,0,79,70,79,82,8,11,0
l29,12=0,0,0,0,0,0,0,0,0,0,0,0,0,0,0,0,0,0,0,46,0,62,0,73,75,69,69,76,0,0,54,54,0,90,0,89,87,93,86,77,75,80,24,44,0
l30,12=0,0,0,0,0,0,0,0,0,0,0,0,0,0,0,0,12,55,0,27,17,59,46,79,72,29,71,76,0,0,42,48,88,0,0,89,84,92,86,77,81,82,47,31,28
l31,12=0,0,0,0,0,0,0,0,0,0,0,0,0,0,0,0,0,7,0,30,0,48,0,78,75,28,0,80,0,0,70,52,88,91,0,0,88,94,83,72,74,82,0,14,0
l32,12=0,0,0,0,0,0,0,0,0,0,0,0,0,0,0,0,0,0,0,0,0,63,0,79,0,52,56,69,0,0,40,55,88,83,0,89,0,94,85,73,75,77,0,0,0
l33,12=0,0,0,0,0,0,0,0,0,0,0,0,0,0,0,0,0,0,0,0,0,0,0,58,0,0,51,0,0,0,55,0,88,90,0,89,88,0,85,77,80,81,0,0,0
l34,12=0,0,0,0,0,0,0,0,0,0,0,0,0,0,11,0,0,0,24,40,0,50,24,78,73,58,20,80,0,0,72,76,88,90,0,85,87,93,0,80,87,86,0,35,25
l35,12=0,0,0,0,0,0,0,0,0,0,0,0,0,0,0,0,0,65,26,29,17,8,0,68,47,32,36,7,0,0,72,71,88,90,0,82,82,89,86,0,90,87,52,0,0
l36,12=0,0,0,19,0,0,0,0,0,0,0,2,0,0,17,0,0,78,28,30,19,9,0,53,46,33,4,0,0,0,83,77,80,90,0,33,62,77,86,83,0,87,0,0,0
l37,12=0,0,0,0,6,0,0,0,0,0,0,0,0,0,17,0,0,78,29,52,13,36,0,62,50,20,34,42,0,0,67,76,86,90,0,82,81,81,86,83,90,0,10,0,0
l38,12=0,0,0,0,0,0,0,0,0,0,33,0,3,0,76,0,22,2,50,51,32,72,35,60,79,73,73,71,0,0,0,0,0,0,0,0,0,0,0,0,0,0,0,85,78
l39,12=0,0,0,0,0,0,0,0,0,0,3,3,10,23,77,0,40,71,72,57,52,62,0,79,83,70,78,66,0,0,41,35,37,0,0,0,0,0,2,0,0,0,80,0,81
l40,12=0,0,0,0,0,0,0,0,0,0,0,0,0,0,53,0,0,29,57,54,66,62,0,12,77,78,72,79,0,0,6,0,0,7,0,0,0,0,0,0,0,0,79,85,0
l41,12=0,0,0,0,0,0,1,0,22,39,44,44,0,28,19,0,64,72,75,61,72,62,38,78,81,75,73,78,0,0,0,19,0,1,0,0,0,0,8,0,0,49,80,85,80
l42,12=0,0,0,0,0,0,0,0,0,0,0,0,0,0,49,0,42,0,2,57,72,73,41,86,82,76,78,81,0,0,0,0,60,0,0,4,1,0,34,0,0,2,79,85,80
l43,12=0,0,0,0,0,0,0,0,0,0,0,0,30,0,0,0,39,0,32,44,37,61,0,82,80,74,79,85,0,0,0,0,0,0,0,1,0,0,3,0,0,0,80,85,77
l44,12=0,0,0,0,0,0,0,0,0,0,41,0,0,0,53,0,38,23,0,51,64,74,31,80,82,81,74,76,0,0,0,0,59,2,0,0,1,0,0,0,20,0,80,85,77

l0,13=0,96,96,100,94,91,97,96,9,98,94,97,96,95,55,0,17,3,23,0,0,0,0,0,0,0,0,0,0,0,0,0,0,0,0,0,0,0,0,0,0,0,0,0,0
l1,13=100,0,96,100,94,91,97,94,95,78,22,52,96,95,13,0,0,49,0,13,0,0,0,0,0,4,0,0,0,0,41,36,0,0,0,0,0,0,0,0,0,0,0,0,0
l2,13=100,96,0,100,94,91,97,64,95,98,71,97,96,95,12,0,15,63,34,35,7,0,0,0,3,12,21,0,0,0,0,46,0,0,0,0,0,0,0,0,0,0,0,0,0
l3,13=100,96,96,0,94,91,97,89,95,93,30,69,96,95,30,0,4,37,0,16,0,0,0,0,0,0,0,0,0,0,0,60,0,0,0,0,0,0,0,0,2,0,0,0,0
l4,13=100,96,96,100,0,91,97,96,95,98,30,97,56,95,0,0,3,0,0,3,0,0,0,0,0,0,0,0,0,0,33,38,0,0,0,0,0,0,0,0,0,0,0,0,0
l5,13=100,96,96,100,94,0,97,92,95,71,92,64,96,95,4,0,12,5,29,20,0,0,0,0,0,0,0,0,0,0,54,35,0,0,0,0,0,0,0,0,1,0,0,0,0
l6,13=100,96,96,100,94,91,0,98,95,93,94,97,96,95,31,0,92,39,77,47,4,0,0,0,8,5,0,0,0,0,46,0,0,0,0,0,0,0,0,0,0,0,0,0,0
l7,13=99,96,95,100,91,89,97,0,95,96,92,97,96,95,93,0,92,0,94,46,11,20,7,88,84,86,57,0,0,0,0,40,0,0,0,0,0,0,0,0,0,0,0,69,0
l8,13=23,94,96,97,91,91,97,98,0,97,91,97,96,60,90,0,91,73,92,28,14,15,26,85,8,13,49,45,0,0,0,0,0,0,0,0,0,0,0,0,0,0,72,32,0
l9,13=94,93,95,94,87,87,74,93,92,0,93,97,96,95,84,0,91,87,91,37,33,30,0,86,46,20,39,52,0,0,49,17,0,0,0,0,0,0,0,0,0,0,0,69,0
l10,13=94,84,95,84,85,59,58,57,57,95,0,96,96,95,31,0,93,78,92,37,19,0,0,85,18,26,35,45,0,0,52,19,0,0,0,0,0,0,0,0,0,0,50,78,0
l11,13=94,91,95,87,87,65,94,97,93,98,94,0,96,95,88,0,73,6,92,36,6,23,0,51,20,0,46,50,0,0,50,49,0,0,0,0,0,0,0,0,0,0,0,56,0
l12,13=92,93,95,93,56,86,94,94,91,93,94,97,0,95,88,0,92,5,92,47,83,5,18,78,70,87,37,48,0,0,62,0,0,0,0,0,0,0,0,0,0,0,0,0,0
l13,13=94,93,95,96,87,89,94,96,51,98,94,97,96,0,88,0,93,54,92,28,14,6,18,84,34,31,44,25,0,0,0,36,0,0,0,0,0,0,0,0,0,0,31,84,0
l14,13=84,80,74,87,15,42,25,52,57,49,35,56,94,68,0,0,94,88,97,39,99,20,14,0,44,32,45,34,0,0,53,49,0,0,0,0,0,0,1,0,26,26,85,86,90
l15,13=83,0,69,0,16,34,51,62,71,93,94,88,96,93,93,0,0,86,97,47,96,24,45,78,29,52,30,47,0,0,81,67,0,0,0,0,0,0,0,0,15,14,20,15,71
l16,13=11,61,80,80,7,23,22,0,15,12,11,3,14,45,30,0,23,0,97,43,38,0,0,74,16,17,17,34,0,0,59,53,0,38,0,0,1,37,36,57,36,34,44,80,87
l17,13=41,0,3,0,0,34,31,48,57,44,35,48,94,70,93,0,94,95,0,49,99,20,33,84,44,32,35,45,0,0,51,52,0,0,0,0,0,0,27,54,27,20,85,85,91
l18,13=1,55,73,50,35,25,27,18,11,31,33,23,87,38,92,0,58,97,96,0,98,55,43,86,44,55,56,73,0,0,47,39,5,32,0,14,38,0,64,56,29,21,85,74,59
l19,13=0,0,58,0,0,13,20,30,29,29,32,37,92,39,93,0,94,99,97,49,0,23,23,91,96,95,53,36,0,0,82,47,0,0,0,0,0,0,56,48,37,19,72,81,78
l20,13=0,0,0,0,0,0,0,40,32,79,0,84,75,47,77,0,78,0,86,48,84,0,96,95,89,95,73,94,0,0,0,1,47,85,0,79,79,59,78,28,10,22,79,74,78
l21,13=0,0,0,0,0,0,0,57,70,6,0,0,84,85,70,0,81,0,90,44,84,95,0,93,95,89,92,92,0,0,0,0,59,86,0,0,0,0,75,0,0,0,81,79,86
l22,13=0,0,0,0,0,0,0,40,35,37,80,46,75,59,0,0,37,66,86,39,85,94,83,0,96,95,93,94,0,0,0,0,49,71,0,71,80,0,76,71,0,26,75,84,79
l23,13=0,0,0,0,0,0,19,51,5,63,27,41,83,65,75,0,81,77,93,48,97,90,90,94,0,95,94,90,0,0,0,28,50,67,0,70,74,0,78,39,17,85,89,88,95
l24,13=0,12,54,0,0,0,22,46,28,61,57,0,86,64,88,0,89,71,92,48,97,93,67,93,96,0,94,90,0,0,41,30,39,71,0,30,69,0,73,1,39,33,87,85,93
l25,13=0,0,29,0,0,0,0,32,33,25,43,58,70,59,80,0,16,50,82,47,80,44,75,93,96,95,0,85,0,0,35,0,83,75,0,73,69,60,36,48,0,40,89,88,95
l26,13=0,0,0,0,0,0,0,14,56,64,79,80,79,59,55,0,81,73,82,46,71,95,90,95,90,90,81,0,0,0,31,26,85,81,0,75,71,60,83,69,34,54,82,83,91
l27,13=0,11,0,0,13,26,6,0,0,0,7,2,60,1,19,0,22,99,75,32,18,0,0,0,0,11,21,7,0,0,0,94,37,35,0,48,47,39,78,63,36,33,0,0,0
l28,13=11,34,59,74,38,21,0,4,0,0,0,8,3,33,22,0,20,68,93,30,18,0,0,0,7,9,0,2,0,0,96,0,0,18,0,52,70,40,89,63,36,34,50,37,0
l29,13=0,0,0,0,0,0,0,0,0,0,0,0,0,0,0,0,0,0,0,22,0,49,37,71,74,34,80,82,0,0,74,0,0,96,0,91,93,92,93,86,80,22,12,60,0
l30,13=0,0,0,0,0,0,0,0,0,0,0,0,0,0,2,0,0,43,38,25,0,71,16,73,56,80,77,79,0,0,43,32,90,0,0,91,93,91,93,91,86,90,26,0,17
l31,13=0,0,0,0,0,0,0,0,0,0,0,0,0,0,0,0,0,0,0,23,0,52,0,80,73,22,80,86,0,0,73,71,90,96,0,0,93,92,93,83,79,87,0,0,0
l32,13=0,0,0,0,0,0,0,0,0,0,0,0,0,0,0,0,0,0,0,2,0,36,0,74,42,39,37,75,0,0,54,51,90,84,0,91,0,92,93,89,68,90,0,42,0
l33,13=0,0,0,0,0,0,0,0,0,0,0,0,0,0,0,0,0,52,0,0,0,0,0,43,0,0,86,35,0,0,56,45,90,95,0,91,93,0,93,91,86,24,0,0,0
l34,13=0,0,0,0,0,0,0,0,0,0,0,0,0,0,1,0,0,52,62,31,25,51,5,79,80,64,13,81,0,0,53,84,90,96,0,91,93,92,0,91,93,94,0,37,62
l35,13=0,0,0,0,0,3,0,0,0,0,0,0,0,0,0,0,0,42,65,31,12,15,0,74,16,1,30,50,0,0,87,47,90,96,0,51,93,91,93,0,93,94,31,54,0
l36,13=0,0,0,42,8,15,0,0,0,0,0,0,0,0,19,0,14,86,69,31,30,7,0,1,12,16,0,29,0,0,95,41,82,84,0,83,83,81,93,91,0,94,0,20,0
l37,13=0,0,0,0,1,0,0,0,0,0,0,0,0,0,23,0,14,96,75,42,28,17,0,69,80,35,64,41,0,0,61,54,51,96,0,91,93,54,93,91,93,0,0,41,0
l38,13=0,0,0,0,0,0,0,0,3,0,1,0,0,0,38,0,0,33,68,41,2,76,4,84,95,82,89,78,0,0,0,21,0,55,0,0,0,0,0,0,0,0,0,89,95
l39,13=0,0,0,0,0,0,0,24,0,6,22,41,0,55,83,0,0,81,86,17,17,21,0,90,95,89,90,84,0,0,0,24,33,0,0,0,1,0,24,28,0,0,90,0,95
l40,13=0,0,0,0,0,0,0,0,0,0,0,0,0,0,63,0,35,74,42,2,7,0,7,19,91,93,88,85,0,0,0,0,0,0,0,0,0,0,50,0,0,0,89,88,0
l41,13=0,0,0,0,0,0,0,0,0,0,41,0,56,37,24,0,50,86,89,48,93,14,4,88,95,91,84,80,0,0,36,0,0,0,0,0,0,0,21,0,15,19,89,88,95
l42,13=0,0,0,0,0,0,0,0,0,0,0,0,0,0,74,0,40,58,0,48,82,80,68,93,95,94,89,84,0,0,0,0,21,19,0,0,0,0,65,0,0,0,89,88,95
l43,13=0,0,0,0,0,0,0,0,0,0,0,0,33,0,45,0,50,2,3,43,13,80,42,90,80,88,85,87,0,0,0,0,25,61,0,15,14,0,1,0,0,0,89,90,89
l44,13=0,0,0,0,0,0,0,0,0,0,20,0,7,0,58,0,15,35,0,16,83,86,4,93,95,92,82,83,0,0,0,0,0,38,0,0,0,0,11,0,4,0,89,88,94

l0,14=0,100,100,100,99,100,100,100,100,99,98,100,100,100,92,0,70,0,0,0,0,0,0,0,0,0,0,0,0,0,80,0,0,0,0,0,0,0,0,0,0,0,0,0,0
l1,14=100,0,100,100,99,100,100,100,100,100,98,100,100,100,96,0,97,92,96,97,0,0,0,0,0,0,0,0,0,0,88,96,0,0,0,0,0,0,0,0,0,0,0,0,0
l2,14=100,100,0,100,99,100,100,100,100,100,98,100,100,100,100,0,70,100,77,99,0,0,0,0,0,57,0,0,0,0,0,0,0,0,0,0,0,0,0,0,0,0,0,0,0
l3,14=100,100,100,0,99,100,100,100,100,99,61,62,85,100,77,0,56,3,74,0,0,0,0,0,0,0,0,0,0,0,84,95,0,0,0,0,0,0,0,0,0,0,0,0,0
l4,14=100,100,100,100,0,100,100,100,100,100,61,62,84,100,100,0,61,9,76,0,0,0,0,0,0,0,0,0,0,0,94,98,0,0,0,0,0,0,0,0,21,0,0,0,0
l5,14=100,100,100,100,99,0,100,100,100,100,98,100,69,100,100,0,63,52,77,100,44,0,0,0,0,0,0,0,0,0,94,100,0,0,0,0,0,0,0,0,2,0,0,0,0
l6,14=100,100,100,100,99,100,0,100,100,100,98,100,100,100,100,0,100,55,98,100,0,0,0,0,0,0,0,0,0,0,90,27,0,0,0,0,0,0,0,0,0,0,0,10,0
l7,14=100,100,100,100,99,100,100,0,100,100,98,100,100,100,100,0,100,1,98,99,94,0,0,99,95,85,61,0,0,0,0,3,0,0,0,0,0,0,0,0,0,0,0,72,0
l8,14=100,100,100,100,99,100,100,100,0,100,98,100,100,100,100,0,100,60,98,99,0,58,0,100,98,87,99,60,0,0,0,0,0,0,0,0,0,0,0,0,0,0,0,90,0
l9,14=100,100,100,64,99,100,99,100,100,0,98,100,100,100,100,0,100,61,17,100,26,56,0,85,100,84,59,60,0,0,86,0,0,0,0,0,0,0,0,0,0,0,0,0,0
l10,14=99,99,94,62,58,100,100,100,100,100,0,100,100,100,98,0,100,60,98,99,83,0,0,99,99,88,62,55,0,0,93,92,0,0,0,0,0,0,0,0,91,0,92,85,0
l11,14=100,100,100,61,80,100,100,100,100,100,98,0,100,100,100,0,100,57,98,100,83,58,0,86,95,83,60,61,0,0,0,92,0,0,0,0,0,0,0,0,0,0,0,13,45
l12,14=99,100,94,61,54,56,100,100,100,100,98,100,0,100,100,0,100,2,98,100,82,28,49,85,100,99,58,42,0,0,0,85,0,0,0,0,0,0,0,0,5,0,45,93,0
l13,14=100,100,100,61,99,100,100,100,100,100,98,100,100,0,100,0,100,59,98,99,79,40,0,0,99,87,55,55,0,0,5,81,0,0,0,0,0,0,0,0,0,0,0,97,0
l14,14=76,89,85,2,58,88,59,99,98,96,54,61,85,98,0,0,100,59,98,99,100,22,0,100,98,87,61,60,0,0,92,99,0,55,0,0,0,0,0,77,97,96,99,99,99
l15,14=94,94,90,49,42,88,97,100,99,99,61,63,100,100,100,0,0,40,98,99,84,59,0,100,96,87,61,60,0,0,93,99,0,0,0,0,0,0,44,1,0,0,96,95,99
l16,14=0,93,84,0,40,47,45,19,95,70,36,27,8,60,100,0,25,0,78,100,84,0,0,93,100,63,61,43,0,0,100,100,56,42,0,0,0,0,33,91,100,99,87,98,92
l17,14=0,94,89,53,54,87,98,100,100,0,98,100,100,100,100,0,100,100,0,100,100,0,55,100,100,98,62,58,0,0,93,100,0,64,0,0,0,0,22,0,53,85,98,100,99
l18,14=0,96,84,0,0,84,97,96,97,96,60,61,85,79,100,0,63,100,98,0,98,98,60,100,98,87,97,61,0,0,92,99,62,0,0,34,0,0,62,91,99,98,98,99,99
l19,14=0,0,0,0,0,86,16,99,0,13,60,61,85,98,100,0,100,100,98,100,0,59,0,100,100,99,64,58,0,0,92,99,0,0,0,0,0,0,73,98,99,98,99,99,99
l20,14=0,0,0,0,0,0,17,0,93,90,1,94,91,92,94,0,98,1,0,98,93,0,100,100,98,99,92,100,0,0,0,0,79,94,0,93,88,7,98,94,0,93,99,99,99
l21,14=0,0,0,0,0,0,0,18,0,0,0,0,99,0,63,0,0,0,98,98,4,100,0,100,98,97,97,99,0,0,0,0,97,0,0,0,0,0,1,0,0,0,68,99,98
l22,14=0,0,0,0,0,0,0,93,97,60,93,60,91,2,100,0,98,92,98,98,98,99,94,0,100,99,98,100,0,0,0,88,92,98,0,86,98,83,98,97,92,90,98,99,94
l23,14=0,0,0,0,0,0,0,83,94,94,95,92,99,96,100,0,83,97,98,98,98,98,98,100,0,99,100,98,0,0,89,96,98,97,0,96,82,89,98,82,84,97,99,96,99
l24,14=0,0,69,0,0,0,0,93,92,90,96,59,99,98,100,0,98,59,98,98,98,98,59,100,100,0,100,98,0,0,85,82,92,96,0,87,46,0,80,9,97,97,99,99,99
l25,14=0,0,0,0,0,0,0,84,97,86,94,94,96,79,100,0,97,96,96,98,98,48,98,100,100,99,0,98,0,0,0,0,98,96,0,94,80,76,61,86,80,85,99,99,98
l26,14=0,0,0,0,0,0,0,1,97,96,81,97,79,91,99,0,98,86,98,98,80,100,99,100,98,98,97,0,0,0,49,0,98,99,0,97,98,98,98,98,78,93,92,99,99
l27,14=78,89,0,46,43,87,86,0,0,63,36,3,5,3,100,0,63,100,70,89,83,0,0,0,88,79,1,25,0,0,0,100,90,74,0,50,43,39,87,100,100,100,21,89,0
l28,14=0,93,0,27,41,87,0,33,0,0,37,24,44,45,100,0,63,61,77,100,78,0,0,74,97,38,0,0,0,0,100,0,60,55,0,70,50,21,50,83,100,100,84,76,0
l29,14=0,0,0,0,0,0,0,0,0,0,0,0,0,0,0,0,0,46,0,61,0,41,79,90,98,87,97,100,0,0,97,93,0,100,0,98,100,100,100,100,100,100,0,86,0
l30,14=0,0,0,0,0,0,0,0,0,0,0,0,0,0,90,0,1,72,77,23,0,94,0,100,98,97,97,98,0,0,98,91,100,0,0,98,100,99,100,100,100,100,80,11,82
l31,14=0,0,0,0,0,0,0,0,0,0,0,0,0,0,0,0,0,29,0,54,0,75,0,63,91,74,78,89,0,0,52,89,100,100,0,0,100,100,100,96,100,100,53,0,21
l32,14=0,0,0,0,0,0,0,0,0,0,0,0,0,0,0,0,0,0,0,0,0,80,0,95,84,84,82,67,0,0,59,84,100,100,0,98,0,100,100,100,88,100,0,0,0
l33,14=0,0,0,0,0,0,0,0,0,0,0,0,0,0,0,0,0,0,0,0,0,0,0,0,93,0,96,98,0,0,52,90,100,100,0,98,100,0,100,100,100,97,0,0,0
l34,14=0,0,0,0,0,0,0,0,0,0,0,0,0,0,0,0,33,43,28,90,5,92,1,89,93,87,75,88,0,0,94,93,100,100,0,98,100,99,0,100,100,100,39,0,0
l35,14=0,0,0,0,0,0,0,0,0,0,0,0,0,0,80,0,0,99,9,97,79,55,0,97,91,18,61,89,0,0,99,95,100,99,0,73,100,64,100,0,100,100,0,81,0
l36,14=0,0,0,0,47,0,0,0,0,0,36,0,36,0,81,0,0,95,56,92,87,0,0,90,94,84,61,34,0,0,100,97,98,100,0,92,54,97,100,100,0,100,2,26,0
l37,14=0,0,0,0,30,0,0,0,0,0,0,0,0,0,81,0,0,96,64,93,74,50,0,84,98,86,57,54,0,0,100,100,100,100,0,98,100,46,100,100,100,0,0,0,0
l38,14=0,0,0,0,0,0,0,0,0,0,56,0,62,0,97,0,83,51,94,96,94,96,0,96,98,95,96,0,0,0,0,22,0,90,0,32,0,0,0,0,0,0,0,99,99
l39,14=0,0,0,0,0,0,0,63,69,0,8,0,81,91,100,0,59,66,97,98,83,65,54,97,93,97,97,98,0,0,86,34,88,0,0,0,0,0,0,0,0,0,100,0,99
l40,14=0,0,0,0,0,0,0,0,0,0,0,0,0,0,96,0,93,93,93,96,93,96,59,93,98,95,95,97,0,0,0,0,0,65,0,0,0,0,0,0,0,0,98,99,0
l41,14=0,0,0,0,0,0,65,0,1,0,94,0,97,86,98,0,96,98,98,98,98,97,0,99,100,97,97,98,0,0,94,2,0,0,0,0,0,0,0,0,80,95,100,100,99
l42,14=0,0,0,0,0,0,0,0,0,0,0,0,67,0,98,0,0,50,78,98,85,97,96,100,98,97,97,97,0,0,0,0,46,85,0,0,35,0,0,0,0,9,99,99,99
l43,14=0,0,0,0,0,0,0,0,0,0,2,0,35,0,72,0,28,87,7,94,65,96,87,99,95,97,96,98,0,0,0,0,81,91,0,89,6,0,83,57,0,0,99,99,98
l44,14=0,0,0,0,0,0,0,0,0,0,0,0,63,0,88,0,92,57,84,96,95,98,92,98,98,96,97,97,0,0,0,0,14,0,0,0,0,0,0,0,0,86,99,99,99

l0,15=0,100,100,100,100,100,100,100,100,100,98,100,100,100,96,0,97,60,77,0,0,0,0,0,0,0,0,0,0,0,64,34,0,0,0,0,0,0,0,0,0,0,0,0,0
l1,15=100,0,100,100,100,100,100,100,100,100,98,100,100,100,3,0,97,100,100,93,0,0,0,0,0,0,0,0,0,0,99,0,0,0,0,0,0,0,0,0,0,0,0,0,0
l2,15=100,100,0,100,100,100,100,98,100,100,69,100,100,100,100,0,56,63,85,100,0,0,0,0,0,4,0,0,0,0,55,0,0,0,0,0,0,0,0,0,0,0,0,0,0
l3,15=100,99,100,0,100,100,87,100,92,100,98,63,62,42,100,0,56,61,85,0,0,0,0,0,0,0,0,0,0,0,41,61,0,0,0,0,0,0,0,0,0,0,0,0,0
l4,15=100,100,100,100,0,100,100,100,100,100,62,62,63,100,98,0,56,61,77,98,0,0,0,0,0,0,0,0,0,0,61,0,0,0,0,0,0,0,0,0,0,0,0,0,0
l5,15=100,100,100,100,100,0,100,100,100,100,69,100,100,100,100,0,56,0,85,0,94,0,0,0,0,0,0,0,0,0,62,61,0,0,0,0,0,0,0,0,94,0,0,0,0
l6,15=100,100,100,100,100,100,0,100,100,100,98,100,100,100,99,0,97,62,86,100,79,25,0,0,1,0,0,0,0,0,61,0,0,0,0,0,0,0,0,0,0,0,0,0,0
l7,15=100,100,100,100,100,100,100,0,100,100,98,100,100,100,100,0,97,100,100,100,100,98,0,98,0,97,78,88,0,0,0,0,0,0,0,0,0,0,0,0,0,0,0,0,0
l8,15=100,100,100,76,100,100,100,100,0,100,98,100,100,100,100,0,97,75,100,100,97,62,0,73,97,28,94,97,0,0,0,56,0,0,0,0,0,0,0,0,0,0,1,0,0
l9,15=100,100,100,100,100,100,100,100,100,0,98,100,100,100,100,0,97,60,85,100,90,52,7,73,70,84,86,98,0,0,55,5,0,0,0,0,0,0,0,0,0,0,0,53,0
l10,15=72,98,89,98,87,98,100,97,100,100,0,100,100,100,99,0,53,60,100,98,87,0,0,72,96,97,93,95,0,0,56,43,0,0,0,0,0,0,0,0,38,0,58,78,89
l11,15=100,100,100,98,98,100,100,100,100,100,98,0,100,100,100,0,97,63,100,100,100,96,0,0,97,84,89,92,0,0,58,62,0,0,0,0,0,0,0,0,0,2,20,0,0
l12,15=80,100,98,91,93,100,100,100,100,100,98,100,0,100,97,0,97,57,100,100,95,58,54,66,99,94,89,1,0,0,40,4,0,0,0,0,0,0,0,0,0,0,0,74,0
l13,15=100,100,94,7,98,100,100,100,100,100,98,100,100,0,96,0,97,68,80,99,54,58,0,0,90,80,0,91,0,0,45,50,0,0,0,0,0,0,0,0,0,0,2,0,0
l14,15=34,42,84,83,85,59,50,69,100,89,67,60,60,95,0,0,97,63,100,100,100,0,0,70,93,85,95,93,0,0,60,60,0,59,0,0,0,0,0,0,47,28,56,83,87
l15,15=68,96,90,88,93,63,59,69,100,99,68,62,100,100,100,0,0,63,100,100,100,58,54,72,98,81,95,95,0,0,60,60,0,57,0,0,0,0,6,0,0,18,51,84,88
l16,15=27,84,88,80,86,5,50,63,92,75,65,51,62,85,100,0,56,0,100,100,100,56,0,67,99,0,94,92,0,0,100,99,54,61,0,46,0,0,78,64,96,61,27,83,84
l17,15=53,89,85,83,78,60,56,96,100,89,98,100,100,90,100,0,97,100,0,100,100,59,48,70,99,99,91,84,0,0,62,99,0,22,0,0,0,0,0,0,88,45,99,97,80
l18,15=1,71,80,0,71,4,48,69,99,99,57,62,61,80,100,0,54,100,100,0,100,62,58,75,95,81,95,87,0,0,59,56,18,43,0,23,1,0,97,85,82,53,64,95,93
l19,15=0,0,0,0,0,58,50,69,95,75,53,62,62,73,100,0,97,100,100,100,0,62,45,77,99,99,95,91,0,0,62,61,0,0,0,0,0,0,97,84,95,60,62,86,90
l20,15=0,0,0,0,0,0,12,93,77,61,0,78,88,69,5,0,90,81,88,97,92,0,99,98,91,99,76,98,0,0,0,0,82,78,0,71,91,93,87,59,0,61,92,89,90
l21,15=0,0,0,0,0,0,0,25,0,14,0,27,87,0,0,0,88,0,88,99,78,99,0,98,98,97,93,98,0,0,0,0,82,0,0,0,32,0,56,0,0,22,92,89,0
l22,15=0,0,0,0,0,0,0,64,96,80,75,0,88,5,81,0,90,51,90,99,92,95,96,0,99,98,95,98,0,0,0,15,82,79,0,88,93,81,86,81,77,51,94,63,90
l23,15=0,0,0,0,0,0,0,0,90,5,73,82,89,69,85,0,88,94,93,97,93,84,95,99,0,99,95,97,0,0,84,81,84,76,0,93,66,82,87,77,72,80,97,99,95
l24,15=0,0,0,0,0,0,0,86,0,82,79,74,89,75,87,0,91,47,96,97,97,98,95,98,99,0,95,95,0,0,54,49,81,77,0,95,92,0,63,81,82,94,97,99,93
l25,15=0,0,0,0,0,0,0,44,92,50,73,43,87,3,86,0,88,91,86,98,97,84,91,98,99,99,0,87,0,0,0,0,81,68,0,81,92,92,78,83,77,61,70,99,90
l26,15=0,0,0,0,0,0,0,88,90,82,71,51,0,72,81,0,90,90,82,91,88,99,97,99,95,90,92,0,0,0,0,0,87,79,0,90,91,96,89,82,79,86,95,97,95
l27,15=43,94,17,57,93,60,50,0,1,72,61,56,57,82,60,0,55,100,79,98,97,0,0,0,94,71,0,0,0,0,0,99,48,56,0,57,86,1,97,100,96,61,0,84,0
l28,15=31,0,0,89,0,63,0,59,92,0,6,57,46,84,100,0,56,100,85,100,100,0,0,11,96,63,0,0,0,0,100,0,61,65,0,60,91,95,95,65,96,61,49,80,0
l29,15=0,0,0,0,0,0,0,0,0,0,0,0,0,0,0,0,0,85,0,37,0,96,76,99,99,90,95,98,0,0,90,99,0,100,0,100,100,100,100,100,99,98,2,95,0
l30,15=0,0,0,0,0,0,0,0,0,0,0,0,0,0,52,0,53,93,71,88,0,96,0,97,96,86,84,95,0,0,92,93,98,0,0,100,100,100,100,100,99,98,61,18,75
l31,15=0,0,0,0,0,0,0,0,0,0,0,0,0,0,0,0,0,53,0,81,0,81,0,69,90,84,56,75,0,0,96,94,98,100,0,0,100,100,100,100,99,98,46,0,25
l32,15=0,0,0,0,0,0,0,0,0,0,0,0,0,0,0,0,0,0,0,0,0,93,23,99,69,85,95,82,0,0,97,97,98,100,0,100,0,100,100,100,99,98,0,12,35
l33,15=0,0,0,0,0,0,0,0,0,0,0,0,0,0,0,0,0,0,0,0,0,91,0,68,69,0,66,86,0,0,0,76,98,100,0,100,100,0,100,99,99,97,0,0,0
l34,15=0,0,0,0,0,0,0,0,0,0,0,0,0,0,0,0,0,81,0,98,98,99,1,98,97,62,85,88,0,0,98,98,98,100,0,100,100,100,0,100,99,98,57,0,66
l35,15=0,0,0,0,0,0,0,0,0,0,0,0,0,0,1,0,0,85,0,97,93,57,0,78,97,79,95,93,0,0,99,99,98,100,0,99,100,100,100,0,99,98,0,0,0
l36,15=0,0,0,0,0,66,0,0,0,0,0,0,0,0,60,0,0,83,93,98,99,0,0,97,97,95,94,94,0,0,99,95,84,100,0,74,89,97,100,100,0,98,0,18,0
l37,15=0,0,0,0,0,0,0,0,0,0,0,1,0,0,51,0,17,99,75,98,99,60,0,75,97,95,88,91,0,0,99,99,98,100,0,100,100,97,100,100,99,0,0,4,66
l38,15=0,0,0,0,0,0,0,0,0,0,49,4,0,0,70,0,47,15,87,86,71,73,62,63,93,88,53,76,0,0,0,35,9,4,0,54,0,0,47,0,0,0,0,100,95
l39,15=0,0,0,0,0,0,0,0,0,1,31,0,61,0,70,0,83,78,83,95,89,80,63,0,97,93,85,82,0,0,54,26,38,0,0,0,0,0,0,0,0,0,99,0,95
l40,15=0,0,0,0,0,0,0,0,0,0,37,0,0,0,75,0,86,65,68,90,63,84,0,85,98,84,75,84,0,0,0,0,0,17,0,0,23,0,8,0,0,0,98,99,0
l41,15=0,0,0,0,0,0,0,44,0,0,54,1,53,69,97,0,75,100,99,98,98,58,0,96,98,93,95,85,0,0,51,0,0,9,0,2,0,0,68,0,73,0,98,100,95
l42,15=0,0,0,0,0,0,0,0,0,0,0,0,28,0,67,0,2,69,50,87,2,82,65,94,98,90,0,84,0,0,0,0,19,48,0,0,0,0,1,0,0,0,98,99,95
l43,15=0,0,0,0,0,0,0,0,0,0,0,0,0,0,61,0,51,62,54,66,59,80,66,91,84,88,79,81,0,0,0,0,48,51,0,56,1,0,20,47,0,0,95,97,90
l44,15=0,0,0,0,0,0,0,0,0,0,0,0,31,0,58,0,71,0,1,86,66,94,75,93,98,85,81,84,0,0,0,0,59,0,0,0,4,0,0,0,0,30,98,96,95

