l0,0=0,93,90,91,95,95,96,89,91,95,92,93,92,92,67,0,79,0,80,78,0,0,0,0,0,0,0,0,0,0,89,82,0,0,0,0,0,0,0,0,0,0,0,0,0
l1,0=93,0,90,91,94,95,98,93,95,37,56,94,90,93,48,0,79,83,82,46,5,0,0,0,0,0,0,0,0,0,0,72,0,0,0,0,0,0,0,0,0,0,0,0,0
l2,0=93,93,0,88,92,95,98,98,95,94,92,95,92,94,2,0,83,84,20,82,51,0,0,0,0,69,73,0,0,0,50,75,0,0,0,0,0,0,0,0,0,0,0,0,0
l3,0=93,93,90,0,96,95,96,88,95,94,30,93,92,75,72,0,74,84,0,55,1,0,0,0,0,0,0,0,0,0,89,76,0,0,0,0,0,0,0,0,34,0,0,0,0
l4,0=93,93,86,91,0,95,98,87,90,92,56,0,87,91,70,0,77,0,1,0,0,0,0,0,0,0,0,0,0,0,33,72,0,0,0,0,0,0,0,0,0,0,0,0,0
l5,0=93,93,90,91,96,0,98,99,95,38,57,78,92,90,69,0,79,84,80,0,28,0,0,0,0,0,0,0,0,0,0,0,0,0,0,0,0,0,0,0,27,5,0,0,0
l6,0=93,93,90,91,95,95,0,98,95,98,73,78,93,92,77,0,83,83,81,61,27,0,0,0,0,0,0,0,0,0,31,51,0,0,0,0,0,0,0,0,0,0,0,0,0
l7,0=93,93,90,91,94,95,98,0,95,98,92,95,93,94,87,0,84,0,84,91,80,0,81,78,69,74,74,0,0,0,60,0,0,0,0,0,0,0,0,0,0,0,0,42,0
l8,0=93,93,90,91,94,95,98,99,0,98,92,95,93,94,81,0,83,78,82,87,28,0,87,45,10,72,66,30,0,0,15,0,0,0,0,0,0,0,0,0,0,0,0,18,0
l9,0=93,87,90,88,94,94,98,95,95,0,93,95,93,94,84,0,82,30,78,0,29,25,0,48,47,71,37,0,0,0,0,33,0,0,0,0,0,0,0,0,0,0,0,20,0
l10,0=92,80,54,0,79,93,71,88,91,94,0,79,93,81,73,0,85,83,82,82,35,8,82,48,57,84,75,25,0,0,19,66,0,0,0,0,0,0,0,0,0,0,39,0,0
l11,0=92,93,89,87,0,94,94,89,95,98,92,0,93,94,80,0,84,85,46,82,85,15,12,0,55,32,45,27,0,0,9,31,0,0,0,0,0,0,0,0,0,0,20,3,0
l12,0=92,68,89,53,66,93,95,88,91,94,93,95,0,94,80,0,83,85,82,83,89,0,0,32,25,74,79,44,0,0,0,58,0,0,0,0,0,0,0,0,0,0,0,55,30
l13,0=92,93,90,4,93,93,94,95,95,98,53,95,93,0,80,0,86,85,82,62,34,22,33,47,0,83,0,0,0,0,0,15,0,0,0,0,0,0,0,0,0,0,14,23,0
l14,0=22,31,0,7,15,45,32,52,50,33,27,66,90,83,0,0,85,80,85,89,100,0,43,45,41,83,41,24,0,0,34,36,0,40,0,0,0,0,0,0,24,5,47,37,43
l15,0=43,66,34,0,27,71,60,91,79,63,93,95,93,94,91,0,0,46,85,63,97,51,43,75,52,88,77,83,0,0,33,51,1,0,0,0,0,0,0,9,23,0,47,46,39
l16,0=0,23,18,24,4,74,44,0,73,7,29,57,79,76,82,0,71,0,85,67,39,0,0,18,54,73,65,0,0,0,37,74,10,0,0,2,0,39,70,39,32,33,77,54,0
l17,0=22,56,1,0,6,50,30,46,48,17,58,47,84,90,91,0,86,85,0,85,85,24,11,39,77,68,43,23,0,0,19,34,0,0,0,0,0,0,0,0,24,5,29,40,43
l18,0=42,5,7,0,0,0,44,74,75,0,51,56,82,40,87,0,53,85,80,0,100,35,76,52,91,91,85,51,0,0,26,56,32,13,0,4,0,0,48,27,26,23,85,62,42
l19,0=0,0,33,0,0,62,40,63,65,29,68,74,91,71,91,0,85,84,84,91,0,26,65,87,92,91,86,38,0,0,90,85,0,27,0,0,0,0,0,15,60,20,73,89,68
l20,0=0,0,0,0,0,0,0,0,0,60,51,47,0,57,0,0,67,0,68,89,80,0,99,93,92,91,86,93,0,0,0,0,70,76,0,71,78,46,75,68,0,27,85,79,84
l21,0=0,0,0,0,0,0,0,75,92,0,91,0,0,0,50,0,84,0,0,89,92,93,0,93,92,81,88,94,0,0,0,0,67,88,0,0,0,0,92,62,0,0,84,0,81
l22,0=0,0,0,0,0,0,0,56,55,65,69,0,36,65,78,0,58,45,54,88,74,93,73,0,92,77,90,93,0,0,0,32,80,80,0,67,79,69,77,60,64,57,73,88,86
l23,0=0,0,0,0,0,0,0,54,4,20,76,65,6,0,51,0,63,77,70,86,86,90,90,93,0,91,90,85,0,0,0,34,74,75,0,0,18,24,79,21,10,37,84,89,88
l24,0=0,0,13,0,0,0,0,67,46,23,79,29,57,76,84,0,65,63,46,89,86,93,55,78,94,0,89,84,0,0,0,34,42,81,0,18,19,17,53,60,18,19,89,88,81
l25,0=0,0,30,0,0,0,0,68,57,18,76,55,75,0,74,0,61,65,65,86,82,92,86,95,94,91,0,84,0,0,31,0,82,58,0,41,44,49,63,67,32,48,88,89,87
l26,0=0,0,0,0,0,0,0,0,55,1,73,71,68,3,78,0,83,0,61,89,44,93,98,93,92,91,88,0,0,0,0,0,0,75,0,97,74,77,97,74,32,35,87,78,88
l27,0=67,0,6,8,56,0,46,49,29,0,29,40,0,0,78,0,76,85,79,53,35,0,0,0,0,0,21,0,0,0,0,87,49,88,0,23,1,51,84,89,57,56,46,0,27
l28,0=65,48,9,7,56,0,37,0,0,26,27,42,26,6,54,0,61,85,68,50,50,0,0,28,41,40,0,0,0,0,92,0,88,88,0,22,28,58,66,69,91,92,11,41,33
l29,0=0,0,0,0,0,0,0,0,0,0,0,0,0,0,0,0,3,35,0,53,0,31,27,94,66,31,89,0,0,0,81,86,0,97,0,99,100,98,99,96,91,92,2,0,0
l30,0=0,0,0,0,0,0,0,0,0,0,0,0,0,0,1,0,0,0,0,22,1,26,32,90,72,82,24,48,0,0,92,86,100,0,0,99,100,98,99,97,92,92,60,53,2
l31,0=0,0,0,0,0,0,0,0,0,0,0,0,0,0,0,0,0,57,0,43,0,44,0,75,6,48,50,93,0,0,58,68,100,97,0,0,100,98,99,97,92,92,59,13,2
l32,0=0,0,0,0,0,0,0,0,0,0,0,0,0,0,0,0,0,0,0,0,0,53,30,87,49,50,54,42,0,0,4,73,100,97,0,99,0,98,99,96,89,89,0,0,0
l33,0=0,0,0,0,0,0,0,0,0,0,0,0,0,0,0,0,0,65,0,0,0,2,0,72,19,0,45,34,0,0,34,59,100,97,0,99,100,0,96,93,89,28,0,0,0
l34,0=0,0,0,0,0,0,0,0,0,0,0,0,0,0,0,0,0,46,0,76,0,31,30,88,80,42,27,86,0,0,91,85,100,97,0,99,100,97,0,97,92,92,45,27,0
l35,0=0,0,0,0,0,0,0,0,0,0,0,0,0,0,0,0,8,51,0,56,2,10,15,72,19,52,29,30,0,0,92,86,100,97,0,99,100,97,99,0,92,92,0,0,0
l36,0=0,0,0,0,0,29,0,0,0,0,1,0,0,0,52,0,20,85,27,72,28,0,0,43,10,20,20,5,0,0,59,86,74,97,0,59,32,81,96,97,0,92,0,0,0
l37,0=0,0,0,0,0,42,0,0,0,0,0,0,0,0,50,0,24,85,71,79,13,8,0,46,47,50,45,21,0,0,92,86,99,97,0,99,90,59,99,97,92,0,36,0,0
l38,0=0,0,0,0,0,0,0,0,0,0,56,27,0,7,83,0,50,69,63,85,62,85,64,73,79,90,82,75,0,0,12,0,0,55,0,34,0,0,54,0,0,1,0,89,88
l39,0=0,0,0,0,0,0,0,15,2,0,0,7,39,41,82,0,29,24,47,82,73,66,5,87,90,89,88,45,0,0,0,9,0,48,0,0,0,0,31,0,2,0,89,0,88
l40,0=0,0,0,0,0,0,0,0,0,0,0,0,25,0,72,0,47,0,58,81,69,82,66,84,91,79,74,77,0,0,17,37,0,38,0,0,0,0,0,0,0,0,89,88,0
l41,0=0,0,0,0,0,0,0,0,0,25,64,32,0,65,86,0,73,76,79,89,94,69,57,88,92,90,83,80,0,0,28,36,0,57,0,0,0,0,0,13,30,3,89,90,88
l42,0=0,0,0,0,0,0,0,0,0,0,4,0,0,0,72,0,41,54,32,83,68,86,56,87,92,87,86,68,0,0,0,0,0,0,0,24,22,0,50,0,0,0,89,88,88
l43,0=0,0,0,0,0,0,0,0,0,0,41,0,0,0,0,0,24,47,57,83,62,4,67,88,90,87,75,77,0,0,0,0,0,63,0,0,15,0,13,0,0,0,87,86,88
l44,0=0,0,0,0,0,0,0,0,0,0,6,33,0,0,74,0,9,56,56,71,68,88,65,78,86,90,86,76,0,0,0,0,41,39,0,0,0,0,2,0,5,0,85,86,87

l0,1=0,93,95,96,90,95,92,93,82,85,80,88,92,94,65,0,38,30,0,0,0,0,0,0,0,0,0,0,0,0,50,0,0,0,0,0,0,0,0,0,0,0,0,0,0
l1,1=93,0,95,92,94,95,92,92,85,85,78,88,88,94,67,0,42,0,71,69,75,0,0,0,0,0,0,0,0,0,46,0,0,0,0,0,0,0,0,0,11,0,0,0,0
l2,1=93,92,0,96,94,95,92,97,87,89,76,88,92,94,69,0,69,64,69,66,71,0,0,0,0,58,0,0,0,0,67,35,0,0,0,0,0,0,0,0,0,0,0,0,0
l3,1=93,93,95,0,95,95,92,91,84,17,76,85,88,91,75,0,70,68,68,69,40,0,0,0,0,0,0,0,0,0,83,72,0,0,0,0,0,0,0,0,0,0,0,0,0
l4,1=89,93,95,96,0,95,92,87,82,85,17,85,89,92,0,0,64,49,63,0,0,0,0,0,0,0,0,0,0,0,83,40,0,0,0,0,0,0,0,0,0,0,0,0,0
l5,1=92,92,95,91,95,0,92,93,82,85,80,88,92,94,66,0,46,29,63,5,0,0,0,0,0,0,0,0,0,0,45,8,0,0,0,0,0,0,0,0,58,28,0,0,0
l6,1=91,93,95,57,94,95,0,94,85,85,80,88,92,94,50,0,43,34,70,74,63,0,0,0,0,0,0,0,0,0,51,29,0,0,0,0,0,0,0,0,0,0,0,0,0
l7,1=93,92,95,81,75,95,92,0,87,89,80,88,92,94,70,0,74,0,70,66,74,62,52,67,0,75,70,0,0,0,0,4,0,0,0,0,0,0,0,0,0,0,0,71,0
l8,1=90,92,95,95,90,95,92,97,0,90,80,88,91,94,82,0,72,56,77,80,6,68,47,64,65,44,72,1,0,0,38,25,0,0,0,0,0,0,0,0,0,0,0,0,0
l9,1=89,92,95,2,90,86,92,97,87,0,80,88,92,94,81,0,68,45,77,59,63,47,0,0,76,4,33,34,0,0,0,37,0,0,0,0,0,0,0,0,0,0,2,22,0
l10,1=73,83,50,44,9,92,92,87,72,86,0,88,92,94,66,0,74,49,76,78,75,49,34,8,0,81,74,62,0,0,45,39,0,25,0,0,0,0,0,0,0,0,23,43,54
l11,1=89,92,94,80,85,95,92,94,86,90,80,0,92,94,82,0,75,59,77,79,77,0,0,0,57,78,69,0,0,0,31,50,0,0,0,0,0,0,0,0,0,0,0,47,2
l12,1=89,85,94,54,90,95,92,92,80,86,80,88,0,94,82,0,74,73,77,80,79,64,0,53,67,78,45,64,0,0,30,0,0,0,0,0,0,0,0,0,0,0,23,26,12
l13,1=89,92,95,62,90,90,92,92,87,90,80,88,92,0,82,0,74,36,77,74,58,44,38,27,72,55,35,34,0,0,24,23,0,0,0,0,0,0,0,0,0,0,11,0,0
l14,1=33,46,39,27,2,24,25,62,66,68,61,71,82,81,0,0,72,64,79,79,83,65,33,41,62,50,31,50,0,0,44,38,0,0,0,0,0,0,36,0,57,22,36,48,60
l15,1=10,22,48,30,18,58,42,74,61,66,80,88,92,94,85,0,0,40,79,78,82,70,48,66,73,53,38,59,0,0,43,17,0,0,0,0,0,0,0,0,40,0,20,49,27
l16,1=19,0,31,24,21,22,17,0,33,29,58,57,72,60,61,0,26,0,77,84,78,61,0,31,74,24,21,26,0,0,53,50,14,59,0,0,1,1,71,52,59,7,7,62,32
l17,1=0,39,34,16,17,17,28,40,58,66,72,75,82,76,85,0,70,42,0,79,87,54,33,41,74,0,38,43,0,0,36,0,0,0,0,0,0,0,0,30,44,23,23,44,61
l18,1=0,29,27,2,0,0,24,37,58,37,65,61,70,66,81,0,69,73,75,0,87,81,62,43,88,86,83,68,0,0,30,45,28,45,0,30,0,0,51,61,60,31,44,86,36
l19,1=0,61,41,0,0,0,29,54,4,55,59,61,75,61,85,0,69,70,77,84,0,66,55,56,79,51,37,53,0,0,35,47,0,61,0,0,0,0,57,0,57,0,39,83,69
l20,1=0,0,0,0,0,0,0,58,60,35,45,7,63,49,60,0,62,40,44,75,65,0,90,83,82,88,77,82,0,0,0,0,67,71,0,65,68,56,74,41,0,30,76,76,77
l21,1=0,0,0,0,0,0,0,28,45,0,66,0,0,60,68,0,61,0,68,74,63,94,0,80,88,84,79,79,0,0,0,0,0,71,0,0,10,0,70,61,0,0,77,80,80
l22,1=0,0,0,0,0,0,0,58,55,0,12,0,55,22,70,0,56,43,61,58,58,88,72,0,89,78,85,82,0,0,0,0,73,73,0,74,60,35,68,61,42,28,73,77,0
l23,1=0,0,0,0,0,0,0,0,35,55,0,34,46,47,76,0,61,67,69,78,74,83,80,85,0,89,85,77,0,0,0,37,34,39,0,34,0,41,77,53,39,59,66,88,88
l24,1=0,0,30,0,0,0,0,65,42,1,67,57,73,76,77,0,63,59,0,77,73,88,77,78,90,0,85,73,0,0,0,48,0,46,0,16,28,21,52,68,55,38,82,84,84
l25,1=0,0,0,0,0,0,0,38,46,28,60,39,63,40,37,0,54,49,66,78,64,82,80,92,90,89,0,78,0,0,12,0,67,65,0,39,63,21,61,39,23,34,82,88,83
l26,1=0,0,0,0,0,0,0,14,24,33,58,0,67,63,58,0,52,50,58,75,60,89,80,85,83,84,79,0,0,0,0,0,66,73,0,74,72,46,81,67,50,54,77,82,78
l27,1=28,39,37,41,49,47,40,0,48,0,40,29,46,55,63,0,43,76,63,57,50,0,0,0,0,0,5,0,0,0,0,80,36,85,0,53,7,18,40,89,87,90,0,0,0
l28,1=0,0,18,21,20,22,16,1,26,34,30,34,0,46,58,0,26,80,0,75,72,0,0,0,37,19,0,0,0,0,85,0,64,80,0,53,38,3,78,79,87,54,0,0,25
l29,1=0,0,0,0,0,0,0,0,0,0,0,0,0,0,0,0,0,23,0,47,0,68,0,86,40,0,83,71,0,0,61,72,0,94,0,94,88,97,97,92,87,77,33,0,0
l30,1=0,0,0,0,0,0,0,0,0,0,13,0,0,0,0,0,0,31,0,41,27,62,47,83,33,18,66,83,0,0,85,74,83,0,0,94,88,93,97,92,87,92,0,42,0
l31,1=0,0,0,0,0,0,0,0,0,0,0,0,0,0,0,0,0,0,0,53,0,53,0,79,58,9,62,79,0,0,64,65,83,94,0,0,88,97,97,77,87,92,0,0,0
l32,1=0,0,0,0,0,0,0,0,0,0,0,0,0,0,0,0,0,36,0,0,0,45,28,58,0,44,67,65,0,0,40,72,83,94,0,94,0,97,97,92,79,86,0,0,0
l33,1=0,0,0,0,0,0,0,0,0,0,0,0,0,0,0,0,0,10,0,0,0,41,0,53,61,38,54,55,0,0,54,1,83,83,0,94,88,0,94,84,82,63,0,0,0
l34,1=0,0,0,0,0,0,0,0,0,0,0,0,0,0,44,0,0,58,0,52,27,73,53,55,50,34,68,78,0,0,58,76,83,94,0,94,88,95,0,92,87,92,18,45,0
l35,1=0,0,0,0,0,0,0,0,0,0,0,0,0,0,0,0,0,30,42,62,0,28,43,41,42,23,30,59,0,0,85,79,83,94,0,65,88,73,97,0,87,92,0,0,0
l36,1=0,0,0,0,0,38,0,0,0,0,0,0,0,0,53,0,25,74,57,63,44,0,0,29,30,18,9,43,0,0,85,80,81,94,0,89,61,80,92,91,0,92,0,0,0
l37,1=0,0,0,0,0,38,0,0,0,0,0,0,0,0,46,0,0,65,56,60,10,50,39,35,62,33,42,46,0,0,85,80,79,94,0,94,82,41,97,92,87,0,0,0,0
l38,1=0,0,0,0,0,0,0,0,0,0,38,0,17,1,71,0,51,44,55,72,56,69,59,72,59,88,79,66,0,0,0,0,22,2,0,0,0,0,27,0,0,0,0,88,88
l39,1=0,0,0,0,0,0,0,40,0,0,35,17,5,0,71,0,51,34,58,77,79,67,41,75,89,86,83,73,0,0,0,0,0,22,0,0,0,0,13,0,0,0,82,0,88
l40,1=0,0,0,0,0,0,0,0,0,0,42,0,0,0,68,0,7,19,65,64,66,68,33,0,86,85,73,62,0,0,0,5,0,0,0,0,0,0,0,0,0,0,81,88,0
l41,1=0,0,0,0,0,0,4,0,2,39,54,24,24,29,81,0,62,57,68,77,72,60,21,81,89,86,72,61,0,0,16,55,0,0,0,23,8,0,26,26,0,0,83,90,86
l42,1=0,0,0,0,0,0,0,0,0,0,0,0,0,0,51,0,39,47,23,67,55,62,58,78,89,88,83,58,0,0,0,0,0,0,0,12,27,0,0,0,0,0,82,88,88
l43,1=0,0,0,0,0,0,0,0,0,0,28,0,0,0,55,0,27,27,22,59,45,68,38,81,88,79,81,62,0,0,0,0,24,33,0,18,19,0,0,0,0,0,81,88,88
l44,1=0,0,0,0,0,0,0,0,0,0,0,0,41,17,59,0,4,43,47,56,58,73,59,55,72,86,83,76,0,0,0,0,37,0,0,24,0,0,18,0,0,0,82,88,89

l0,2=0,94,97,92,82,83,85,79,73,87,77,89,88,92,0,0,71,62,21,65,0,0,0,0,0,0,0,0,0,0,68,54,0,0,0,0,0,0,0,0,0,0,0,0,0
l1,2=91,0,97,88,82,86,86,81,76,87,77,91,87,86,72,0,73,60,69,62,65,0,0,0,0,0,0,0,0,0,74,55,0,0,0,0,0,0,0,0,0,0,0,0,0
l2,2=89,94,0,89,76,86,86,92,76,91,81,90,89,90,75,0,72,64,57,63,60,0,0,18,0,51,0,0,0,0,73,50,0,0,0,0,0,0,0,0,0,0,0,0,0
l3,2=91,94,97,0,82,86,86,78,76,84,80,90,89,90,0,0,0,0,61,0,54,0,0,0,0,0,0,0,0,0,75,32,0,0,0,0,0,0,0,0,0,0,0,0,0
l4,2=91,94,92,92,0,86,86,78,76,87,77,88,88,86,69,0,70,61,61,0,0,0,0,0,0,0,0,0,0,0,74,69,0,0,0,0,0,0,0,0,0,0,0,0,0
l5,2=83,94,95,89,82,0,86,81,73,86,81,90,90,91,73,0,64,0,67,58,0,0,0,0,0,0,0,0,0,0,74,55,0,0,0,0,0,0,0,0,0,0,0,0,0
l6,2=91,94,97,89,82,86,0,91,75,90,81,90,90,92,74,0,81,65,70,4,46,2,0,0,0,0,0,0,0,0,74,59,0,0,0,0,0,0,0,0,0,0,0,0,0
l7,2=85,94,97,85,79,85,86,0,76,91,81,91,88,91,70,0,81,0,76,63,60,13,33,63,58,60,60,0,0,0,0,0,0,0,0,0,0,0,0,0,0,0,0,0,0
l8,2=84,94,97,85,79,79,79,91,0,90,81,90,89,91,76,0,76,2,72,67,0,26,58,64,0,37,57,55,0,0,60,49,0,0,0,0,0,0,0,0,0,0,0,0,0
l9,2=83,94,97,76,78,79,80,89,70,0,81,91,88,91,76,0,77,61,72,56,56,39,6,0,68,44,58,56,0,0,48,54,0,0,0,0,0,0,0,0,0,0,0,49,0
l10,2=68,89,86,69,57,79,67,64,56,85,0,90,90,90,75,0,81,57,72,68,73,0,55,58,41,62,73,63,0,0,22,63,0,0,0,0,0,0,0,0,7,0,48,39,26
l11,2=83,94,93,80,76,78,77,92,73,90,81,0,90,92,76,0,81,58,72,14,75,58,61,13,44,61,60,0,0,0,73,47,0,0,0,0,0,0,0,0,0,0,49,60,0
l12,2=82,94,94,85,76,78,77,73,68,85,81,91,0,92,76,0,81,64,72,68,75,0,48,50,70,61,62,71,0,0,40,44,0,0,0,0,0,0,0,0,0,0,39,37,0
l13,2=83,94,90,85,69,79,80,79,70,91,81,91,90,0,76,0,80,46,63,51,62,0,0,49,54,41,0,0,0,0,47,42,0,0,0,0,0,0,0,0,0,0,0,0,0
l14,2=0,65,62,0,42,58,49,50,63,74,73,81,77,77,0,0,84,56,79,77,89,47,53,68,71,75,81,48,0,0,74,67,0,0,0,0,0,0,51,39,60,38,61,76,63
l15,2=58,65,58,0,48,38,65,64,49,65,81,90,89,91,83,0,0,58,69,67,81,54,68,66,52,61,67,59,0,0,70,63,0,26,0,0,0,0,0,43,64,54,67,58,45
l16,2=50,41,43,0,37,0,57,0,0,63,57,42,68,45,70,0,74,0,73,79,88,10,0,1,71,63,0,0,0,0,88,82,0,57,0,0,0,0,23,32,81,51,29,27,3
l17,2=1,62,43,7,42,50,46,60,58,73,76,80,78,61,83,0,78,61,0,63,89,46,57,63,76,32,1,59,0,0,71,44,0,13,0,0,0,0,0,25,54,0,62,25,60
l18,2=27,40,54,0,0,23,0,46,49,48,67,22,67,42,82,0,75,78,60,0,89,77,53,75,89,81,91,65,0,0,83,76,0,24,0,0,0,0,50,33,49,57,66,74,45
l19,2=0,57,49,0,0,0,9,50,0,53,60,65,66,64,83,0,81,77,79,79,0,48,0,57,72,76,60,69,0,0,64,67,0,41,0,0,0,0,31,0,71,31,66,73,52
l20,2=0,0,0,0,0,0,0,29,25,47,0,67,0,0,65,0,64,18,50,70,73,0,93,83,80,84,84,86,0,0,0,0,72,46,0,59,51,68,2,27,52,25,64,70,74
l21,2=0,0,0,0,0,0,0,8,45,0,52,57,53,0,48,0,68,0,46,59,0,88,0,80,77,78,84,84,0,0,0,0,0,0,0,0,26,0,0,0,1,0,67,77,60
l22,2=0,0,0,0,0,0,0,39,42,0,43,21,40,41,65,0,63,0,52,62,60,81,75,0,89,80,91,86,0,0,4,0,70,73,0,56,70,0,68,46,57,0,63,72,64
l23,2=0,0,0,0,0,0,0,26,0,40,30,32,67,35,74,0,64,69,61,72,77,74,80,87,0,84,90,81,0,0,0,4,29,46,0,31,27,34,68,26,44,72,76,82,81
l24,2=0,0,40,0,0,0,0,59,20,29,67,69,68,37,73,0,69,65,21,69,78,79,79,81,89,0,90,80,0,0,41,53,46,60,0,9,29,16,32,28,76,49,76,80,79
l25,2=0,0,0,0,0,0,0,27,22,27,65,34,34,0,73,0,68,0,0,71,45,78,79,90,89,84,0,81,0,0,10,26,58,78,0,44,75,24,33,22,57,30,76,83,80
l26,2=0,0,0,0,0,0,0,0,42,52,53,32,60,0,53,0,61,0,49,65,77,87,84,90,83,79,85,0,0,0,0,0,70,81,0,65,65,62,78,27,58,54,74,79,59
l27,2=55,65,65,61,50,64,60,0,49,49,27,69,44,60,70,0,71,85,63,77,66,0,0,14,0,55,2,0,0,0,0,82,63,85,0,59,58,69,82,88,94,86,0,2,0
l28,2=42,43,50,3,45,52,53,0,41,58,54,59,44,50,69,0,69,85,43,75,69,0,0,0,22,61,44,0,0,0,88,0,70,82,0,59,61,48,88,71,94,93,0,0,26
l29,2=0,0,0,0,0,0,0,0,0,0,0,0,0,0,0,0,0,0,0,0,0,82,0,86,49,68,79,85,0,0,78,77,0,96,0,80,96,96,95,88,93,95,35,35,0
l30,2=0,0,0,0,0,0,0,0,0,0,0,0,0,0,0,0,41,63,3,42,48,44,0,82,57,61,72,85,0,0,88,82,91,0,0,80,96,96,95,88,94,96,45,0,0
l31,2=0,0,0,0,0,0,0,0,0,0,0,0,0,0,0,0,0,0,0,6,0,61,0,69,56,30,68,84,0,0,70,69,91,96,0,0,96,96,95,88,94,96,45,0,0
l32,2=0,0,0,0,0,0,0,0,0,0,0,0,0,0,0,0,0,0,0,0,0,51,58,85,57,57,85,72,0,0,59,64,91,96,0,80,0,96,95,88,61,93,4,0,0
l33,2=0,0,0,0,0,0,0,0,0,0,0,0,0,0,0,0,0,0,0,0,0,63,0,0,65,0,66,67,0,0,69,64,91,96,0,80,96,0,95,87,93,85,0,0,0
l34,2=0,0,0,0,0,0,0,0,0,0,0,0,0,0,37,0,0,40,0,48,36,0,0,68,60,36,47,80,0,0,84,81,91,96,0,80,96,91,0,88,94,96,48,46,0
l35,2=0,0,0,0,0,0,0,0,0,0,0,0,0,0,41,0,51,47,31,52,0,42,0,65,47,52,49,43,0,0,84,79,91,96,0,77,96,92,95,0,94,96,2,0,0
l36,2=0,0,0,0,0,0,0,0,0,0,1,0,0,0,64,0,52,80,39,58,73,32,35,65,43,70,69,52,0,0,86,81,82,94,0,74,43,89,95,88,0,96,36,0,0
l37,2=0,0,0,0,0,0,0,0,0,0,0,0,32,0,38,0,45,74,0,70,46,43,44,0,73,65,49,48,0,0,86,82,91,96,0,80,88,86,95,88,94,0,45,0,0
l38,2=0,0,0,0,0,0,0,0,0,0,29,31,23,0,53,0,61,31,38,61,73,47,43,60,72,82,85,74,0,0,0,0,9,21,0,14,0,0,23,0,15,16,0,87,85
l39,2=0,0,0,0,0,0,0,0,0,28,29,45,26,0,69,0,54,39,9,68,74,55,64,63,83,76,88,76,0,0,0,0,17,0,0,0,0,0,22,0,0,0,82,0,85
l40,2=0,0,0,0,0,0,0,0,0,0,2,0,0,0,65,0,34,1,52,58,54,68,42,67,79,76,80,54,0,0,0,0,0,0,0,0,0,0,0,0,0,0,81,86,0
l41,2=0,0,0,0,0,0,0,0,0,1,54,43,36,53,75,0,64,64,34,69,68,66,23,78,83,79,84,70,0,0,32,36,0,0,0,0,17,0,53,0,16,0,84,87,80
l42,2=0,0,0,0,0,0,0,0,0,0,0,0,0,0,56,0,0,40,37,66,5,54,63,70,81,79,85,57,0,0,0,0,44,0,0,0,21,25,21,0,0,0,75,87,78
l43,2=0,0,0,0,0,0,0,0,0,0,0,0,0,0,43,0,27,11,30,56,38,67,36,70,72,73,82,77,0,0,0,0,0,0,0,1,0,0,13,0,0,0,77,76,83
l44,2=0,0,0,0,0,0,0,0,0,0,0,0,0,0,23,0,0,0,28,40,48,52,53,60,77,75,81,78,0,0,0,0,0,35,0,0,0,0,39,0,0,0,73,87,82

l0,3=0,86,85,93,91,86,90,98,95,95,85,93,88,96,76,0,72,0,74,0,0,0,0,0,0,0,0,0,0,0,0,4,0,0,0,0,0,0,0,0,0,0,0,0,0
l1,3=97,0,90,93,91,90,91,94,95,96,91,94,86,95,73,0,88,77,85,79,75,0,0,0,54,0,0,0,0,0,76,28,0,0,0,0,0,0,0,0,0,0,0,0,0
l2,3=96,85,0,87,84,80,91,98,95,98,91,94,88,96,77,0,92,79,1,79,63,0,0,49,0,0,63,0,0,0,69,0,0,0,0,0,0,0,0,0,0,0,0,0,0
l3,3=97,86,90,0,91,90,90,88,95,92,91,94,88,95,0,0,92,72,0,0,73,0,0,0,0,0,0,0,0,0,0,75,0,0,0,0,0,0,0,0,0,0,0,0,0
l4,3=97,86,79,93,0,90,91,91,95,95,24,96,86,91,73,0,80,0,82,0,0,0,0,0,0,0,0,0,0,0,77,54,0,0,0,0,0,0,0,0,0,0,0,0,0
l5,3=96,86,80,93,90,0,91,98,95,97,91,94,88,96,76,0,82,74,79,78,61,0,0,0,0,0,0,0,0,0,82,71,0,0,0,0,0,0,0,0,0,0,0,0,0
l6,3=93,86,90,79,86,90,0,96,95,98,90,94,89,96,77,0,92,80,86,78,57,0,0,31,0,0,0,0,0,0,0,0,0,0,0,0,0,0,0,0,0,0,0,0,0
l7,3=96,79,78,74,84,83,90,0,95,98,79,95,88,96,84,0,92,3,87,85,71,0,0,81,44,81,79,5,0,0,0,0,0,0,0,0,0,0,0,0,0,0,0,0,0
l8,3=96,82,85,83,84,83,90,98,0,98,91,94,88,96,84,0,92,67,88,84,78,0,88,64,38,73,75,80,0,0,65,0,0,0,0,0,0,0,0,0,0,0,0,69,0
l9,3=95,80,78,79,84,80,90,97,95,0,91,94,88,96,80,0,92,80,88,82,76,14,0,67,69,74,58,59,0,0,59,59,0,0,0,0,0,0,0,0,0,0,16,0,0
l10,3=71,82,77,75,37,81,89,62,88,97,0,93,90,96,83,0,92,78,88,80,82,76,59,71,53,75,73,80,0,0,0,76,0,0,0,0,0,0,0,0,0,0,0,63,0
l11,3=93,79,78,79,84,79,90,98,95,98,91,0,90,96,82,0,92,80,88,80,78,75,76,66,68,74,73,63,0,0,77,74,0,0,0,0,0,0,0,0,0,0,0,72,0
l12,3=93,70,77,78,78,80,90,93,92,97,91,96,0,96,81,0,92,77,88,78,78,49,74,35,70,72,73,82,0,0,55,1,0,0,0,0,0,0,0,0,0,38,0,32,0
l13,3=96,82,78,80,82,82,90,97,95,98,91,94,89,0,80,0,92,79,83,34,75,60,16,76,63,71,0,0,0,0,71,11,0,0,0,0,0,0,0,0,0,0,0,0,0
l14,3=58,42,58,0,54,65,77,86,94,84,92,94,90,91,0,0,93,91,90,86,95,64,59,67,67,77,79,41,0,0,0,83,0,0,0,0,0,0,0,57,61,17,76,80,75
l15,3=27,67,69,70,47,41,89,91,75,89,92,94,89,96,86,0,0,87,88,84,92,80,84,73,76,73,78,63,0,0,81,77,0,0,0,0,0,0,0,1,59,31,71,75,11
l16,3=0,59,51,42,0,52,78,5,48,64,63,74,72,69,97,0,93,0,86,90,95,49,0,47,43,73,61,45,0,0,94,93,0,62,0,0,25,0,56,73,89,58,61,67,55
l17,3=45,67,0,0,63,62,79,74,91,94,91,93,88,75,97,0,92,86,0,89,93,63,65,78,83,57,50,29,0,0,84,76,0,0,0,0,0,0,0,0,71,59,67,75,63
l18,3=0,28,41,0,0,33,34,63,78,73,77,71,66,0,91,0,87,96,90,0,95,87,75,72,88,85,91,84,0,0,90,78,0,30,0,20,0,16,35,0,73,29,54,77,15
l19,3=0,51,28,21,3,39,37,58,70,63,85,85,78,64,97,0,93,96,90,90,0,71,58,79,85,83,74,85,0,0,88,84,52,0,0,0,0,0,4,1,83,0,81,83,48
l20,3=0,0,0,0,0,0,0,0,0,0,70,62,46,40,76,0,85,49,71,85,77,0,98,86,60,81,85,97,0,0,0,0,85,58,0,65,68,80,75,20,0,0,79,79,83
l21,3=0,0,0,0,0,0,0,0,79,0,46,71,75,0,76,0,82,0,80,84,74,94,0,88,81,81,81,97,0,0,0,0,13,0,0,49,0,11,0,0,0,0,75,83,53
l22,3=0,0,0,0,0,0,0,59,35,37,65,49,26,68,65,0,61,41,66,66,70,86,75,0,82,81,91,97,0,0,8,0,52,78,0,50,83,65,70,33,4,48,63,68,62
l23,3=0,29,0,0,0,0,0,20,7,51,47,57,64,59,62,0,57,41,85,89,88,42,64,88,0,88,91,92,0,0,35,41,62,67,0,48,64,60,73,67,56,68,77,85,84
l24,3=0,0,0,0,0,0,0,65,47,53,75,73,64,61,76,0,72,67,50,77,84,84,69,91,87,0,91,84,0,0,0,37,63,71,0,35,34,39,49,69,68,61,79,78,83
l25,3=0,0,26,0,0,0,0,57,52,26,68,65,62,0,87,0,82,56,51,85,62,83,75,92,88,87,0,89,0,0,0,54,73,63,0,52,83,51,67,60,63,29,81,83,83
l26,3=0,0,0,0,0,0,0,31,48,28,62,55,77,9,41,0,53,51,32,84,81,94,93,92,82,81,84,0,0,0,0,0,68,92,0,75,70,53,80,78,48,52,75,75,64
l27,3=0,65,42,0,62,73,0,0,65,57,0,72,51,65,0,0,79,95,78,86,84,0,0,35,39,0,0,0,0,0,0,93,79,88,0,18,62,0,91,91,95,91,46,50,12
l28,3=3,13,0,56,52,57,0,0,0,48,67,66,19,7,86,0,82,96,75,87,82,0,0,0,49,46,56,0,0,0,94,0,76,94,0,55,76,71,94,97,95,96,52,60,0
l29,3=0,0,0,0,0,0,0,0,0,0,0,0,0,0,0,0,0,0,0,0,71,94,52,77,75,80,88,81,0,0,86,89,0,100,0,100,100,100,96,100,89,99,45,0,0
l30,3=0,0,0,0,0,0,0,0,0,0,0,0,0,0,0,0,0,84,0,57,0,63,0,90,70,79,70,97,0,0,93,92,97,0,0,100,100,100,96,100,95,99,68,0,8
l31,3=0,0,0,0,0,0,0,0,0,0,0,0,0,0,0,0,0,0,0,60,0,89,59,85,75,60,88,97,0,0,48,62,97,100,0,0,100,100,96,100,95,99,3,53,1
l32,3=0,0,0,0,0,0,0,0,0,0,0,0,0,0,0,0,0,36,0,0,0,80,0,91,69,58,87,76,0,0,61,81,97,100,0,100,0,100,96,100,93,99,0,0,0
l33,3=0,0,0,0,0,0,0,0,0,0,0,0,0,0,0,0,0,0,0,2,0,81,0,78,62,14,61,51,0,0,0,77,97,100,0,100,100,0,96,100,94,79,0,0,0
l34,3=0,0,0,0,0,0,0,0,0,0,0,0,0,0,0,0,0,65,0,59,0,71,0,79,80,62,70,74,0,0,94,93,97,100,0,100,100,100,0,100,95,99,0,0,21
l35,3=0,0,0,0,0,0,0,0,0,0,0,0,0,0,71,0,27,88,0,0,0,26,0,59,79,80,67,74,0,0,94,92,97,100,0,97,100,100,96,0,95,99,0,0,0
l36,3=0,0,0,0,0,0,0,0,0,0,0,0,1,0,78,0,70,88,76,83,85,0,4,13,73,77,72,68,0,0,94,91,80,94,0,93,89,88,96,99,0,99,37,15,0
l37,3=0,0,0,0,0,0,0,0,0,0,9,0,59,0,46,0,64,81,74,68,0,0,0,75,83,76,57,66,0,0,94,93,97,100,0,97,99,87,96,100,95,0,0,0,0
l38,3=0,0,0,0,0,0,0,0,0,0,0,0,0,0,63,0,49,39,48,48,66,58,48,50,73,76,72,60,0,0,19,19,13,51,0,0,0,0,0,0,7,0,0,86,86
l39,3=0,0,0,0,0,0,0,0,42,0,35,52,10,0,70,0,57,44,61,66,68,52,58,64,73,76,73,52,0,0,20,40,0,0,0,1,0,0,0,0,1,0,84,0,86
l40,3=0,0,0,0,0,0,0,0,0,0,0,0,0,0,64,0,2,39,42,20,22,55,12,59,73,76,75,53,0,0,0,0,0,0,0,0,0,0,0,0,0,0,84,86,0
l41,3=0,0,0,0,0,0,0,0,0,26,0,5,45,62,76,0,69,78,78,77,82,53,0,84,87,81,85,63,0,0,0,43,37,0,0,0,0,0,23,0,0,0,84,83,83
l42,3=0,0,0,0,0,0,0,0,0,0,0,0,0,0,47,0,28,0,31,68,55,57,63,52,81,80,83,59,0,0,0,0,48,39,0,7,39,41,43,0,0,0,82,86,81
l43,3=0,0,0,0,0,0,0,0,0,0,29,0,0,0,38,0,17,36,0,55,43,61,27,61,62,72,74,81,0,0,0,0,45,20,0,6,0,0,30,7,0,0,79,78,83
l44,3=0,0,0,0,0,0,0,0,0,0,0,0,0,0,48,0,0,30,33,61,7,39,49,37,75,75,74,66,0,0,0,0,0,38,0,0,14,0,37,0,0,0,80,83,84

l0,4=0,98,93,99,91,92,95,95,90,95,91,88,86,83,92,0,92,0,78,0,57,0,0,0,0,0,0,0,0,0,89,60,0,0,0,0,0,0,0,0,0,0,0,0,0
l1,4=100,0,98,99,85,97,95,95,91,95,91,88,86,83,0,0,89,64,0,77,48,0,0,0,60,0,0,0,0,0,79,0,0,0,0,0,0,0,0,0,0,0,0,0,0
l2,4=95,98,0,96,85,0,95,95,91,95,91,88,87,83,78,0,87,65,68,76,43,0,0,0,0,0,61,0,0,0,0,65,0,0,0,0,0,0,0,0,0,0,0,0,0
l3,4=100,98,98,0,92,97,95,95,90,95,91,90,86,83,82,0,92,0,61,72,3,0,0,0,0,0,0,0,0,0,86,80,0,0,0,0,0,0,0,0,0,0,0,0,0
l4,4=100,98,98,99,0,97,95,95,91,95,91,90,89,86,89,0,88,70,85,0,0,0,0,0,0,0,0,0,0,0,87,79,0,0,0,0,0,0,0,0,0,0,0,0,0
l5,4=96,98,50,99,90,0,95,96,90,95,93,90,91,84,73,0,90,59,75,69,67,0,0,0,0,0,0,0,0,0,89,4,0,0,0,0,0,0,0,0,72,21,0,0,0
l6,4=95,98,93,93,84,93,0,93,89,95,88,87,86,83,89,0,92,69,87,71,74,0,0,0,0,44,0,0,0,0,78,0,0,0,0,0,0,0,0,0,12,0,0,0,0
l7,4=95,92,93,93,82,92,91,0,90,95,87,90,87,83,92,0,92,0,86,82,79,12,0,62,40,53,68,72,0,0,0,0,0,0,0,0,0,0,0,0,0,0,0,0,0
l8,4=95,95,98,93,83,92,89,95,0,95,0,90,88,84,90,0,92,0,86,82,73,36,0,58,60,46,63,68,0,0,73,0,0,0,0,0,0,0,0,0,0,0,12,49,0
l9,4=94,92,93,74,49,91,91,93,90,0,90,90,85,87,90,0,92,67,86,74,77,1,0,59,67,52,0,69,0,0,73,64,0,0,0,0,0,0,0,0,0,0,0,0,0
l10,4=76,83,77,79,57,89,79,73,0,91,0,78,91,85,90,0,92,65,84,76,79,50,66,59,71,57,67,52,0,0,0,64,0,0,0,0,0,0,0,0,0,0,77,60,0
l11,4=87,92,92,88,65,91,81,94,90,95,86,0,91,88,82,0,92,63,86,79,78,0,52,63,60,51,65,66,0,0,68,72,0,0,0,0,0,0,0,0,0,0,0,34,0
l12,4=79,87,92,63,60,92,91,93,90,93,93,90,0,89,92,0,92,68,70,76,84,0,72,59,73,49,69,71,0,0,72,0,0,0,0,0,0,0,0,0,0,0,74,57,0
l13,4=89,92,92,85,62,86,90,93,90,95,91,90,89,0,92,0,89,70,83,74,84,54,0,62,67,53,66,75,0,0,0,0,0,0,0,0,0,0,0,0,0,0,0,57,0
l14,4=68,0,49,51,47,54,70,65,74,82,88,66,80,79,0,0,91,86,90,79,90,55,0,63,67,62,73,70,0,0,74,68,0,0,0,0,0,0,2,64,73,62,84,67,76
l15,4=66,72,62,63,48,62,83,70,77,87,92,90,88,71,92,0,0,72,87,79,86,59,73,61,67,53,66,70,0,0,79,70,0,53,0,0,0,0,0,0,82,19,78,61,59
l16,4=0,64,56,0,46,53,72,0,0,83,77,65,73,67,92,0,92,0,90,90,90,35,0,0,67,60,74,0,0,0,97,96,0,69,0,0,0,0,68,69,87,70,74,59,48
l17,4=55,0,10,0,48,54,73,65,76,83,87,68,65,70,92,0,92,82,0,86,75,0,62,59,68,51,64,64,0,0,77,70,0,0,0,0,0,0,0,0,81,61,74,66,54
l18,4=0,50,43,0,0,40,53,65,73,66,78,66,64,48,82,0,85,77,83,0,92,59,79,68,75,80,84,78,0,0,81,78,0,48,0,55,0,0,57,10,77,55,3,78,51
l19,4=39,14,0,0,0,49,58,58,61,78,78,68,75,71,92,0,92,86,72,90,0,69,70,57,84,62,73,77,0,0,76,68,44,0,0,0,0,0,57,41,84,59,84,75,59
l20,4=0,0,0,0,0,0,0,21,38,0,45,0,0,45,50,0,72,45,0,71,56,0,98,75,76,86,85,94,0,0,0,0,78,56,0,55,49,63,55,42,51,40,81,76,59
l21,4=0,0,0,0,0,0,0,0,0,0,33,42,59,0,0,0,75,0,51,83,59,93,0,80,84,82,88,92,0,0,0,0,0,0,0,60,0,0,56,0,0,0,74,70,61
l22,4=0,0,0,0,0,0,0,47,50,54,52,44,52,45,45,0,56,0,50,67,45,73,71,0,86,85,93,94,0,0,0,0,53,53,0,60,78,50,53,45,57,48,65,59,52
l23,4=0,24,0,0,0,0,0,17,44,60,61,32,65,40,52,0,73,56,71,84,82,77,67,82,0,90,93,83,0,0,39,0,63,37,0,62,54,46,61,64,35,57,84,86,85
l24,4=0,0,0,0,0,13,39,59,48,63,76,47,60,51,78,0,78,68,78,84,78,86,80,76,77,0,88,84,0,0,3,0,58,48,0,49,42,38,57,70,66,51,86,85,87
l25,4=0,0,24,0,0,0,0,53,47,0,61,44,63,44,57,0,67,64,60,75,60,71,72,82,87,88,0,76,0,0,29,0,68,65,0,66,68,51,62,56,67,37,73,81,69
l26,4=0,0,0,0,0,0,0,46,47,51,45,40,62,42,49,0,56,23,52,75,60,93,86,84,77,80,88,0,0,0,34,39,60,79,0,67,63,52,56,49,60,0,70,61,63
l27,4=63,60,0,59,52,78,61,0,69,70,0,59,57,0,85,0,82,86,81,89,86,0,0,0,52,0,43,26,0,0,0,96,66,66,0,60,50,1,74,98,99,99,18,0,0
l28,4=49,0,57,77,63,35,0,0,0,49,71,74,0,0,79,0,84,86,81,90,84,0,0,0,0,0,0,49,0,0,97,0,62,92,0,86,89,88,87,97,99,99,1,58,0
l29,4=0,0,0,0,0,0,0,0,0,0,0,0,0,0,0,0,0,0,0,0,31,87,0,77,74,70,92,86,0,0,88,68,0,97,0,100,100,100,95,99,98,99,75,32,28
l30,4=0,0,0,0,0,0,0,0,0,0,0,0,0,0,0,0,54,64,0,77,0,78,0,76,44,50,88,89,0,0,87,93,93,0,0,100,100,89,95,99,99,98,70,0,0
l31,4=0,0,0,0,0,0,0,0,0,0,0,0,0,0,0,0,0,0,0,76,0,77,79,81,76,73,86,94,0,0,81,86,93,97,0,0,100,100,95,99,99,99,0,75,38
l32,4=0,0,0,0,0,0,0,0,0,0,0,0,0,0,0,0,0,0,0,0,0,65,0,81,71,55,81,78,0,0,56,87,93,97,0,100,0,100,95,99,97,99,52,2,0
l33,4=0,0,0,0,0,0,0,0,0,0,0,0,0,0,0,0,0,0,0,0,0,79,0,72,65,1,80,72,0,0,0,85,93,97,0,100,100,0,95,99,98,80,0,0,0
l34,4=0,0,0,0,0,0,0,0,0,0,0,0,0,0,0,0,0,67,0,80,78,81,57,74,67,67,83,81,0,0,87,94,93,97,0,100,100,100,0,99,99,99,0,0,0
l35,4=0,0,0,0,0,0,0,0,0,0,0,0,0,0,81,0,0,68,0,49,73,61,0,70,77,71,81,84,0,0,96,93,93,97,0,100,98,97,95,0,99,99,0,0,0
l36,4=0,0,0,0,0,52,0,0,0,0,0,0,0,0,53,0,66,68,71,82,79,39,0,60,46,60,81,69,0,0,91,85,76,81,0,94,95,92,79,77,0,99,0,0,0
l37,4=0,0,0,0,0,52,0,0,0,0,0,0,0,0,71,0,62,68,69,80,76,54,0,66,76,61,57,0,0,0,97,96,93,97,0,100,100,77,95,99,99,0,0,0,10
l38,4=0,0,0,0,0,0,0,0,0,0,36,0,31,0,48,0,54,40,45,0,50,53,48,49,73,70,60,57,0,0,0,0,38,43,0,0,13,0,0,0,0,0,0,86,88
l39,4=0,0,0,0,0,0,0,0,39,0,49,17,38,38,46,0,60,39,77,78,76,55,47,55,76,74,86,47,0,0,0,38,2,0,0,39,0,0,0,0,0,0,90,0,86
l40,4=0,0,0,0,0,0,0,0,0,0,0,0,0,0,58,0,40,32,35,47,44,49,53,41,71,70,67,63,0,0,0,0,0,0,0,0,0,0,0,0,0,0,90,85,0
l41,4=0,0,0,0,0,0,0,0,0,0,28,38,57,56,59,0,62,70,72,71,69,61,50,71,74,74,83,56,0,0,46,51,50,0,0,0,0,0,42,0,7,0,86,81,76
l42,4=0,0,0,0,0,0,0,0,0,0,46,0,0,0,50,0,50,31,57,71,61,67,68,74,77,83,77,64,0,0,0,0,56,0,0,46,46,0,47,0,0,0,90,85,87
l43,4=0,0,0,0,0,0,0,0,0,0,35,0,0,0,24,0,0,45,51,45,48,66,0,63,66,71,82,65,0,0,12,0,49,0,0,11,35,0,39,24,0,0,88,84,86
l44,4=0,0,0,0,0,0,0,0,0,0,1,0,0,0,46,0,51,14,50,63,46,57,52,59,76,80,86,56,0,0,0,0,0,53,0,0,33,0,40,0,0,0,88,84,86

l0,5=0,93,88,96,81,86,92,51,90,95,78,80,64,93,80,0,67,53,24,14,0,0,0,0,0,2,0,0,0,0,88,0,0,0,0,0,0,0,0,0,0,0,0,0,0
l1,5=83,0,88,96,80,86,92,76,92,91,83,78,64,93,61,0,66,49,0,35,39,0,0,0,0,0,0,0,0,0,75,19,0,0,0,0,0,0,0,0,29,0,0,0,0
l2,5=83,93,0,95,77,86,92,86,92,88,80,81,64,93,73,0,65,40,0,0,0,0,0,0,0,0,21,0,0,0,58,28,0,0,0,0,0,0,0,0,0,0,0,0,0
l3,5=87,93,88,0,86,86,92,87,90,67,0,81,49,93,69,0,76,45,33,0,0,0,0,0,0,0,0,0,0,0,86,47,0,0,0,0,0,0,0,0,0,0,0,0,0
l4,5=84,93,88,96,0,86,92,87,90,85,75,57,63,77,0,0,65,49,38,40,0,0,0,0,0,0,0,0,0,0,49,44,0,0,0,0,0,0,0,0,0,0,0,0,0
l5,5=83,93,88,95,85,0,92,87,49,95,88,80,62,89,67,0,60,45,37,28,39,0,0,0,0,0,0,0,0,0,83,33,0,0,0,0,0,0,0,0,21,0,0,0,0
l6,5=83,93,88,91,78,86,0,87,90,95,80,68,64,93,78,0,78,47,68,47,0,0,0,0,27,57,16,0,0,0,5,30,0,0,0,0,0,0,0,0,0,0,0,0,0
l7,5=67,75,88,87,72,85,92,0,92,95,66,81,63,93,78,0,70,22,67,67,0,0,0,0,5,62,45,13,0,0,0,0,0,0,0,0,0,0,0,0,0,0,0,0,0
l8,5=83,93,88,81,66,64,92,90,0,95,80,81,66,93,78,0,69,44,61,64,61,0,49,42,29,55,44,23,0,0,44,0,0,0,0,0,0,0,0,0,0,0,0,7,0
l9,5=74,78,75,18,59,82,90,86,89,0,86,81,63,93,78,0,69,51,70,34,41,8,0,0,48,55,41,38,0,0,51,0,0,0,0,0,0,0,0,0,0,0,0,44,0
l10,5=53,54,20,0,41,78,33,23,36,89,0,59,64,66,89,0,82,53,42,38,72,15,38,38,41,62,54,37,0,0,50,21,0,0,0,0,0,0,0,0,0,11,37,41,0
l11,5=74,64,75,64,58,74,33,86,90,95,80,0,66,93,0,0,70,33,42,36,48,0,0,40,49,59,47,48,0,0,53,25,0,0,0,0,0,0,0,0,0,0,0,4,0
l12,5=79,83,84,17,61,77,90,86,90,94,89,81,0,93,87,0,81,53,45,38,80,7,42,5,53,58,56,43,0,0,46,0,0,0,0,0,0,0,0,0,0,0,28,40,0
l13,5=74,80,80,75,60,74,83,83,89,95,86,81,66,0,83,0,68,77,67,64,76,17,0,41,50,62,34,49,0,0,78,0,0,0,0,0,0,0,0,0,0,0,0,47,0
l14,5=34,13,16,16,0,30,22,27,37,85,85,0,59,56,0,0,78,91,81,80,87,15,45,27,48,47,49,37,0,0,66,22,0,0,0,0,0,0,24,15,28,17,37,52,21
l15,5=27,33,19,22,31,31,30,27,35,75,85,60,60,26,83,0,0,55,78,60,80,20,46,42,50,57,54,20,0,0,60,25,0,0,0,0,0,0,0,0,24,20,23,44,22
l16,5=23,16,1,17,45,30,1,0,22,74,64,11,19,22,86,0,76,0,49,49,57,10,0,45,63,17,44,0,0,0,91,53,4,0,0,21,0,0,73,45,52,35,35,31,0
l17,5=19,0,0,3,26,46,23,26,24,82,71,33,21,20,92,0,78,46,0,42,87,15,45,33,40,62,51,0,0,0,79,22,0,0,0,0,0,0,18,2,17,21,38,50,20
l18,5=0,11,0,0,18,13,1,63,61,21,64,23,30,37,84,0,72,88,63,0,87,66,63,53,66,70,54,56,0,0,64,69,13,21,0,20,10,3,63,51,58,3,46,85,38
l19,5=0,20,0,0,0,40,0,0,23,58,74,30,21,25,87,0,78,90,76,86,0,19,6,50,66,65,48,56,0,0,66,30,0,16,0,0,0,0,46,36,38,33,40,53,23
l20,5=0,0,0,0,0,0,0,0,0,1,22,0,15,21,43,0,55,18,25,56,55,0,75,63,64,67,58,70,0,0,0,0,43,46,0,0,36,43,49,17,26,26,52,72,54
l21,5=0,0,0,0,0,0,0,0,39,0,22,0,18,0,59,0,50,0,19,52,0,84,0,21,54,72,63,70,0,0,0,0,19,0,0,8,0,0,2,0,0,0,61,65,49
l22,5=0,0,0,0,0,0,0,0,56,0,45,36,4,26,44,0,61,48,37,62,69,74,18,0,68,76,69,69,0,0,16,0,3,60,0,37,61,45,31,27,56,21,64,76,55
l23,5=0,0,0,0,0,0,0,0,4,25,44,16,42,19,65,0,58,65,38,73,76,65,42,76,0,77,70,56,0,0,17,8,16,9,0,30,14,15,0,62,9,31,67,81,65
l24,5=4,0,0,0,0,8,9,54,37,37,63,17,36,38,54,0,60,33,53,77,76,71,63,71,71,0,60,58,0,0,10,40,10,17,0,27,8,0,19,44,4,13,66,86,65
l25,5=0,0,0,0,0,0,2,19,22,22,55,13,43,9,62,0,59,64,44,70,37,68,63,75,72,66,0,54,0,0,2,0,47,52,0,25,22,42,50,25,18,28,67,80,28
l26,5=0,0,0,0,0,0,0,8,17,21,27,21,25,23,38,0,30,5,0,63,70,84,69,76,64,67,53,0,0,0,13,0,30,48,0,26,27,0,28,17,30,24,45,65,44
l27,5=35,21,2,31,44,44,0,0,26,49,60,26,18,3,35,0,53,59,49,44,54,0,0,43,19,5,4,9,0,0,0,93,22,35,0,44,8,56,73,60,92,53,0,11,0
l28,5=0,9,2,26,58,38,2,0,0,0,54,24,0,0,35,0,65,92,41,62,86,0,0,0,13,22,0,1,0,0,96,0,22,36,0,45,50,58,62,90,92,65,7,48,0
l29,5=0,0,0,0,0,0,0,0,0,0,0,0,0,0,0,0,0,38,0,43,0,64,34,26,52,35,60,45,0,0,59,59,0,86,0,90,93,93,87,96,86,95,0,0,45
l30,5=0,0,0,0,0,0,0,0,0,0,0,0,0,0,0,0,0,0,0,24,3,30,0,59,15,5,59,58,0,0,57,62,73,0,0,90,93,93,87,96,93,95,31,46,15
l31,5=0,0,0,0,0,0,0,0,0,0,0,0,0,0,0,0,0,29,0,57,0,0,28,49,59,63,55,57,0,0,71,62,73,86,0,0,93,93,87,96,93,95,26,2,0
l32,5=0,0,0,0,0,0,0,0,0,0,0,0,0,0,0,0,0,0,0,36,0,32,0,69,42,2,30,47,0,0,11,64,73,86,0,90,0,93,87,96,93,93,0,0,0
l33,5=0,0,0,0,0,0,0,0,0,0,0,0,0,0,0,0,0,0,0,0,0,36,0,66,34,0,36,0,0,0,65,73,73,86,0,90,93,0,86,85,88,57,0,0,0
l34,5=0,0,0,0,0,0,0,0,0,0,0,0,0,0,4,0,0,39,5,70,55,40,6,43,0,15,52,45,0,0,59,21,73,86,0,88,81,80,0,96,93,95,0,40,1
l35,5=0,0,0,0,0,0,0,0,0,0,0,0,0,0,28,0,0,57,5,46,43,18,0,53,43,26,30,40,0,0,96,93,73,86,0,90,93,69,87,0,93,95,0,0,0
l36,5=0,2,0,0,0,21,0,0,0,0,0,0,0,0,28,0,46,57,23,39,47,18,0,56,15,0,23,52,0,0,96,87,58,86,0,53,58,76,87,96,0,95,0,0,0
l37,5=0,0,0,0,0,4,0,0,0,0,36,0,0,0,28,0,37,87,26,30,44,18,0,45,23,19,27,44,0,0,96,93,73,86,0,90,89,62,87,96,93,0,0,0,0
l38,5=0,0,0,0,0,0,0,0,0,0,17,0,10,0,31,0,20,26,26,44,38,15,19,28,60,38,28,31,0,0,0,0,0,16,0,1,0,0,0,0,0,0,0,80,70
l39,5=0,0,0,0,0,0,0,0,0,12,18,1,6,6,70,0,57,15,45,67,75,58,17,49,58,63,55,48,0,0,0,9,0,9,0,0,0,0,5,0,0,0,66,0,70
l40,5=0,0,0,0,0,0,0,0,0,0,0,0,0,0,57,0,20,0,11,42,44,39,19,25,59,58,24,42,0,0,0,0,15,12,0,0,0,0,0,0,0,0,68,86,0
l41,5=0,0,0,0,0,0,0,0,0,15,2,12,28,0,71,0,58,69,51,67,76,0,30,51,64,64,57,47,0,0,16,11,8,0,0,0,0,0,9,10,10,0,70,84,59
l42,5=0,0,0,0,0,0,0,0,0,0,15,0,0,0,59,0,0,27,28,66,54,63,19,60,62,65,55,53,0,0,0,0,0,8,0,15,15,4,0,0,10,0,69,89,73
l43,5=0,0,0,0,0,0,0,0,0,0,15,0,0,0,26,0,0,21,24,27,31,25,0,41,55,52,52,54,0,0,0,0,20,0,0,12,0,4,16,9,0,0,69,82,70
l44,5=0,0,0,0,0,0,0,0,0,0,8,0,0,0,33,0,23,26,20,61,30,50,20,22,60,64,55,29,0,0,2,0,17,18,0,0,1,0,7,0,0,0,69,80,70

l0,6=0,94,84,84,90,91,80,85,86,80,60,86,86,90,59,0,70,79,0,24,0,0,0,0,0,0,0,0,0,0,73,0,0,0,0,0,0,0,0,0,0,0,0,0,0
l1,6=94,0,86,84,90,93,80,87,87,81,53,85,91,90,0,0,72,67,46,37,24,0,0,0,0,0,0,0,0,0,78,33,0,0,0,0,0,0,0,0,0,0,0,0,0
l2,6=94,94,0,84,74,93,80,87,87,77,36,81,91,90,30,0,68,72,34,33,0,0,0,0,0,41,0,0,0,0,56,30,0,0,0,0,0,0,0,0,0,0,0,0,0
l3,6=95,94,86,0,90,93,75,83,86,84,43,90,82,89,33,0,73,79,35,0,0,0,0,0,0,0,0,0,0,0,81,0,0,0,0,0,0,0,0,0,0,0,0,0,0
l4,6=95,94,75,84,0,93,80,85,85,84,31,90,92,80,24,0,52,0,45,17,0,0,0,0,0,0,0,0,0,0,57,66,0,0,0,0,0,0,0,0,0,0,0,0,0
l5,6=92,94,86,82,90,0,80,82,86,78,61,86,63,84,38,0,70,66,55,18,26,0,0,0,0,0,0,0,0,0,68,64,0,3,0,0,0,0,0,20,0,0,0,0,0
l6,6=94,94,86,74,90,93,0,87,87,87,61,77,91,57,46,0,69,55,45,0,53,14,0,0,0,38,0,0,0,0,62,34,0,0,0,0,0,0,0,0,0,0,0,0,0
l7,6=85,94,85,61,83,66,80,0,87,87,50,90,82,90,52,0,71,71,61,58,48,0,0,0,0,59,58,0,0,0,0,0,0,0,0,0,0,0,0,0,0,0,0,0,0
l8,6=87,90,86,72,86,88,74,88,0,87,48,90,91,84,58,0,73,49,41,63,0,22,41,27,36,55,58,21,0,0,0,0,0,0,0,0,0,0,0,0,0,0,0,0,0
l9,6=83,90,73,67,86,88,80,88,87,0,61,90,92,90,67,0,70,60,75,14,58,0,38,0,52,58,34,11,0,0,49,0,0,0,0,0,0,0,0,0,0,0,9,0,0
l10,6=47,64,45,22,20,86,71,74,41,72,0,85,91,84,69,0,80,75,65,40,70,25,35,26,66,54,38,11,0,0,50,37,0,0,0,0,0,0,0,0,0,22,44,50,0
l11,6=84,75,72,70,79,79,65,85,84,81,61,0,92,84,64,0,75,62,74,65,42,23,14,30,61,40,24,18,0,0,50,31,0,0,0,0,0,0,0,0,0,0,0,35,0
l12,6=79,84,83,31,76,69,75,82,86,81,65,90,0,90,70,0,75,71,78,66,66,0,0,20,63,51,60,10,0,0,36,35,0,0,0,0,0,0,0,0,0,0,38,48,0
l13,6=90,86,81,62,62,85,51,85,87,87,66,90,92,0,70,0,74,71,75,62,55,6,0,25,58,59,28,20,0,0,60,33,0,0,0,0,0,0,0,0,0,0,1,15,0
l14,6=34,0,41,9,0,37,45,65,41,43,61,72,77,45,0,0,75,86,85,74,76,17,48,19,70,33,5,20,0,0,75,37,0,27,0,0,0,0,17,0,15,0,29,56,52
l15,6=42,39,50,24,8,45,61,69,39,36,65,78,78,35,56,0,0,67,73,41,69,29,50,42,65,17,34,27,0,0,48,46,0,0,0,0,0,0,20,0,10,0,29,55,36
l16,6=26,39,49,12,0,27,32,52,6,0,39,45,34,10,42,0,70,0,63,49,76,23,0,14,70,27,37,0,0,0,85,77,43,0,0,0,0,0,29,0,32,27,33,54,33
l17,6=0,44,29,1,17,35,29,61,21,42,43,77,77,39,75,0,66,75,0,62,69,26,36,41,64,53,37,27,0,0,73,44,0,0,0,0,0,0,0,0,5,0,54,57,42
l18,6=5,29,27,0,4,7,0,57,55,1,37,53,50,58,63,0,59,75,63,0,74,32,45,43,72,66,66,53,0,0,13,37,42,26,0,15,15,0,52,30,36,33,54,59,43
l19,6=0,27,0,0,0,20,44,45,0,29,44,47,50,28,62,0,70,86,78,81,0,29,51,25,77,64,30,50,0,0,56,46,0,25,0,0,0,0,39,30,19,36,1,56,45
l20,6=0,0,0,0,0,0,18,0,20,0,11,26,0,13,21,0,51,25,44,58,37,0,74,78,76,74,64,75,0,0,0,0,50,31,0,15,31,18,59,32,17,25,60,30,45
l21,6=0,0,0,0,0,0,0,0,28,9,11,23,0,0,39,0,52,0,33,54,37,59,0,48,69,54,55,69,0,0,0,0,22,8,0,0,0,0,25,0,0,0,49,43,34
l22,6=0,0,0,0,0,0,0,0,15,0,11,22,14,25,19,0,54,35,40,55,11,55,33,0,78,80,76,76,0,0,0,0,22,39,0,22,53,31,55,23,19,33,60,55,23
l23,6=0,0,0,0,0,0,0,0,7,8,26,41,38,26,43,0,55,55,48,60,65,46,41,85,0,80,77,68,0,0,22,19,24,13,0,42,22,0,34,37,22,33,57,66,28
l24,6=0,0,25,0,0,0,22,57,41,15,39,26,25,27,17,0,20,33,56,67,57,45,43,84,81,0,77,74,0,0,14,17,14,26,0,15,22,1,21,15,8,39,54,63,53
l25,6=0,0,0,0,0,0,0,21,21,14,30,21,24,25,8,0,54,47,51,60,25,40,26,85,81,79,0,64,0,0,0,0,47,13,0,24,15,26,22,29,21,29,58,67,17
l26,6=0,0,0,0,0,0,0,0,15,6,8,22,10,24,20,0,34,19,25,65,57,55,71,79,76,74,66,0,0,0,6,0,46,29,0,20,35,23,58,31,20,27,69,31,21
l27,6=24,50,39,19,0,31,35,0,0,0,16,45,8,0,42,0,47,87,64,10,39,0,0,0,17,16,0,0,0,0,0,83,48,44,0,46,49,55,48,50,43,81,13,0,21
l28,6=0,23,31,0,17,35,21,0,0,0,18,37,21,12,28,0,66,90,55,41,68,0,0,1,41,31,0,0,0,0,92,0,55,50,0,41,56,61,34,50,67,83,25,0,0
l29,6=0,0,0,0,0,0,0,0,0,0,0,0,0,0,0,0,0,27,0,34,0,37,20,10,57,1,62,56,0,0,41,47,0,67,0,80,80,92,79,89,40,65,0,0,0
l30,6=0,0,0,0,0,2,0,0,0,0,0,0,0,0,7,0,0,0,0,22,49,27,14,59,61,48,56,57,0,0,58,46,76,0,0,77,75,91,77,63,70,86,42,34,25
l31,6=0,0,0,0,0,0,0,0,0,0,0,0,0,0,0,0,0,16,0,45,0,25,0,50,71,47,65,48,0,0,51,40,76,67,0,0,80,95,79,85,74,89,0,0,0
l32,6=0,0,0,0,0,0,0,0,0,0,0,0,0,0,0,0,0,0,0,26,0,32,0,43,57,42,36,38,0,0,43,45,75,61,0,80,0,91,74,78,59,48,40,0,0
l33,6=0,0,0,0,0,0,0,0,0,0,0,0,0,0,0,0,0,0,0,0,0,12,0,28,0,0,50,35,0,0,33,45,71,61,0,79,75,0,74,40,53,82,0,0,0
l34,6=0,0,0,0,0,0,0,0,0,0,0,0,0,0,18,0,33,59,0,58,52,33,33,48,62,37,33,53,0,0,57,48,76,67,0,78,66,89,0,89,77,93,42,42,0
l35,6=0,0,0,0,0,13,0,0,0,0,0,0,0,0,0,0,2,0,0,48,55,30,0,13,46,27,35,33,0,0,85,76,76,63,0,70,72,70,79,0,77,93,46,10,0
l36,6=0,0,0,0,0,0,0,0,0,0,0,0,0,0,21,0,50,89,25,46,54,27,0,27,44,12,35,28,0,0,93,83,70,67,0,78,76,79,79,89,0,93,0,0,0
l37,6=0,0,0,0,0,0,0,0,0,0,10,0,0,0,0,0,0,64,0,35,43,28,0,29,41,42,39,30,0,0,84,72,66,67,0,70,70,88,79,89,77,0,29,0,0
l38,6=0,0,0,0,0,0,0,0,0,0,6,0,10,0,4,0,9,18,18,33,0,19,15,26,61,29,49,53,0,0,0,0,0,8,0,0,7,0,7,10,0,0,0,70,65
l39,6=0,0,0,0,0,0,0,0,0,0,8,14,11,0,44,0,38,45,50,54,54,12,12,41,74,59,67,15,0,0,0,0,0,8,0,0,0,0,14,0,0,0,67,0,66
l40,6=0,0,0,0,0,0,0,0,0,0,0,0,0,0,34,0,19,24,27,35,13,24,19,27,46,64,34,18,0,0,0,0,0,8,0,0,0,0,0,0,0,0,66,66,0
l41,6=0,0,0,0,0,0,0,0,5,0,3,16,45,9,52,0,33,31,59,63,64,32,15,50,78,68,69,29,0,0,26,16,0,0,0,0,0,0,13,0,9,0,67,68,61
l42,6=0,0,0,0,0,0,0,0,0,0,11,0,0,0,23,0,0,31,29,53,26,17,14,64,72,69,66,67,0,0,0,0,22,9,0,18,15,14,17,0,18,0,69,71,56
l43,6=0,0,0,0,0,0,0,0,0,0,8,0,0,0,16,0,0,17,20,24,22,17,0,64,57,68,55,60,0,0,0,0,19,9,0,16,0,0,19,0,0,0,68,63,64
l44,6=0,0,0,0,0,0,0,0,0,0,0,0,3,0,17,0,23,24,5,27,0,17,23,48,77,68,64,55,0,0,0,0,8,0,0,0,0,0,2,0,0,0,67,67,66

l0,7=0,94,87,95,96,96,86,95,83,83,45,84,93,76,11,0,39,56,38,7,0,0,0,0,0,0,0,0,0,0,0,50,0,0,0,0,0,0,0,0,4,5,0,0,0
l1,7=98,0,87,95,96,96,86,93,84,89,30,86,94,72,10,0,69,0,68,54,0,0,0,0,0,0,0,0,0,0,68,0,0,0,0,0,0,0,0,0,0,0,0,0,0
l2,7=98,94,0,94,96,96,86,91,84,51,22,86,91,76,14,0,23,47,52,45,27,1,0,0,0,0,0,0,0,0,82,0,0,0,0,0,0,0,0,0,0,0,0,0,0
l3,7=98,94,86,0,96,96,84,86,79,88,19,81,93,72,4,0,21,27,57,4,0,0,0,0,0,0,0,0,0,0,87,41,0,0,0,0,0,0,0,0,0,0,0,0,0
l4,7=98,94,86,95,0,96,79,91,83,56,48,89,89,73,11,0,16,33,0,52,0,0,0,0,0,0,0,0,0,0,94,43,0,0,0,0,0,0,0,0,0,0,0,0,0
l5,7=98,94,87,95,96,0,86,95,84,53,72,89,76,72,32,0,39,54,64,50,29,0,0,0,0,0,0,0,0,0,91,2,0,0,0,0,0,0,0,0,0,2,0,0,0
l6,7=98,94,87,93,96,96,0,95,84,92,73,86,90,71,31,0,24,56,63,0,32,0,0,11,0,55,0,0,0,0,79,30,0,0,0,0,0,0,0,0,0,0,0,0,0
l7,7=79,92,81,71,90,93,86,0,84,92,65,91,89,77,54,0,63,72,0,66,65,29,17,0,49,73,70,45,0,0,0,0,0,0,0,0,0,0,0,0,0,0,0,0,0
l8,7=90,92,84,86,93,93,79,95,0,90,71,86,91,73,41,0,65,10,42,59,32,37,50,57,42,53,71,41,0,0,0,1,0,0,0,0,0,0,0,0,0,0,0,0,0
l9,7=73,92,82,88,93,83,86,95,84,0,69,91,94,76,58,0,39,0,67,49,42,28,0,16,0,71,74,0,0,0,39,29,0,0,0,0,0,0,0,0,0,0,0,14,0
l10,7=21,38,25,25,34,56,51,90,72,29,0,71,91,75,72,0,69,46,75,51,46,15,11,29,38,75,75,0,0,0,59,44,0,0,0,0,0,0,0,0,4,4,9,10,0
l11,7=84,83,82,74,93,93,49,91,80,89,72,0,94,74,68,0,51,4,75,62,0,17,0,24,46,56,71,52,0,0,25,12,0,0,0,0,0,0,0,0,0,0,0,15,0
l12,7=87,92,59,83,42,21,43,85,80,89,73,91,0,79,71,0,69,13,75,58,40,0,12,9,40,79,78,32,0,0,49,15,0,0,0,0,0,0,0,0,4,0,3,7,0
l13,7=93,92,84,79,89,93,77,91,80,89,73,91,94,0,73,0,22,44,75,74,71,1,21,30,31,70,0,18,0,0,49,5,0,0,0,0,0,0,0,0,0,0,0,0,0
l14,7=5,6,16,0,16,16,16,74,58,21,53,57,90,71,0,0,71,83,77,84,46,32,3,26,37,74,75,62,0,0,86,44,0,0,0,0,0,0,14,0,1,18,26,18,1
l15,7=4,37,20,29,16,16,3,85,70,20,73,60,90,23,46,0,0,47,72,61,48,19,10,14,40,66,64,37,0,0,51,14,0,0,0,0,0,0,0,2,41,0,0,9,13
l16,7=35,0,23,0,3,17,7,62,8,0,19,3,9,36,29,0,23,0,76,68,52,6,0,13,40,64,62,13,0,0,98,78,0,25,0,0,0,4,34,47,92,50,19,17,13
l17,7=3,12,12,27,0,25,11,4,53,28,49,70,90,73,76,0,43,63,0,65,50,16,1,16,36,81,59,44,0,0,94,35,0,0,0,0,0,0,13,1,49,24,4,19,33
l18,7=0,23,14,0,4,12,0,59,48,3,26,57,59,41,71,0,47,72,39,0,80,60,54,42,61,72,79,64,0,0,63,38,23,19,0,1,0,0,44,43,56,1,21,41,14
l19,7=0,0,9,0,0,16,14,58,48,19,34,0,59,42,62,0,69,83,68,82,0,29,25,32,74,72,73,58,0,0,62,37,0,40,0,0,0,5,26,40,55,51,25,18,18
l20,7=0,0,0,0,0,0,0,16,34,13,3,14,8,1,51,0,39,13,20,70,36,0,76,79,71,80,64,81,0,0,0,0,65,55,0,12,36,0,65,16,0,0,33,43,69
l21,7=0,0,0,0,0,0,0,30,54,0,22,0,50,37,16,0,47,0,14,63,45,80,0,72,68,73,71,79,0,0,0,0,34,0,0,0,0,0,43,0,0,0,41,39,60
l22,7=0,0,0,0,0,0,3,0,18,5,37,26,17,13,20,0,36,17,35,60,58,75,57,0,75,80,81,80,0,0,0,0,32,59,0,31,73,40,67,22,26,48,42,45,32
l23,7=0,0,0,0,0,0,0,20,19,0,14,30,50,9,26,0,43,55,37,65,67,69,52,86,0,86,85,79,0,0,7,11,27,40,0,54,0,0,41,21,32,35,41,49,73
l24,7=0,0,0,0,0,0,6,59,19,11,44,18,61,18,51,0,48,27,40,67,59,75,47,81,75,0,85,79,0,0,27,0,0,40,0,8,11,0,0,62,36,52,41,47,73
l25,7=0,0,0,0,0,0,0,23,24,20,43,29,51,0,53,0,43,28,40,71,54,35,22,86,75,86,0,78,0,0,2,8,59,29,0,53,40,25,35,26,28,28,44,56,75
l26,7=0,0,0,0,0,0,0,17,18,0,0,32,18,9,35,0,17,11,24,70,42,80,69,83,71,80,76,0,0,0,20,0,60,53,0,31,71,32,66,33,17,23,43,3,33
l27,7=0,19,44,64,45,34,24,0,0,0,23,22,70,18,27,0,22,51,76,64,51,0,0,0,10,58,1,11,0,0,0,76,39,71,0,9,15,20,66,83,96,86,0,0,14
l28,7=51,0,0,19,7,10,13,0,6,0,24,15,46,19,14,0,17,84,59,58,45,0,0,0,31,0,50,0,0,0,98,0,66,54,0,11,14,16,48,83,78,72,0,0,0
l29,7=0,0,0,0,0,0,0,0,0,0,0,0,0,0,0,0,0,0,0,35,0,48,14,30,32,0,76,67,0,0,24,22,0,79,0,86,93,84,85,95,84,83,3,5,3
l30,7=0,0,0,0,0,0,0,0,0,0,0,0,0,0,0,0,0,12,0,14,9,12,0,60,49,57,66,62,0,0,65,46,85,0,0,81,87,76,85,73,96,84,0,0,7
l31,7=0,0,0,0,0,0,0,0,0,0,0,0,0,0,0,0,0,0,0,27,0,28,0,56,66,70,74,62,0,0,61,41,85,79,0,0,93,94,85,71,90,73,0,0,0
l32,7=0,0,0,0,0,0,0,0,0,0,0,0,0,0,0,0,0,0,0,0,0,44,0,35,0,41,68,60,0,0,27,25,85,79,0,86,0,94,82,87,70,43,0,0,0
l33,7=0,0,0,0,0,0,0,0,0,0,0,0,0,0,0,0,0,4,0,0,0,0,0,27,0,0,67,51,0,0,28,13,77,73,0,86,90,0,83,85,76,51,6,0,0
l34,7=0,0,0,0,0,0,0,0,0,0,0,0,0,0,8,0,0,38,10,62,25,69,10,63,55,0,68,67,0,0,74,43,85,79,0,86,90,90,0,95,96,88,7,7,0
l35,7=0,0,0,0,0,0,0,0,0,0,0,0,0,0,0,0,2,34,9,48,15,2,0,3,31,71,65,57,0,0,76,57,85,59,0,38,59,55,85,0,96,88,5,0,0
l36,7=0,0,0,0,0,0,0,0,0,0,0,0,5,0,0,0,13,78,11,71,36,0,0,10,61,67,64,12,0,0,97,58,74,79,0,46,57,48,85,95,0,87,0,0,0
l37,7=3,0,0,0,0,5,0,0,0,0,0,0,0,0,2,0,0,57,14,0,15,0,1,57,63,72,68,53,0,0,98,59,80,79,0,39,55,58,85,95,96,0,0,0,0
l38,7=0,0,0,0,0,0,0,0,0,0,4,0,6,0,12,0,3,10,4,34,15,9,6,59,69,79,75,77,0,0,0,0,0,0,0,0,0,10,17,10,0,0,0,51,77
l39,7=0,0,0,0,0,0,0,0,0,9,18,21,7,0,41,0,21,47,30,60,30,48,12,52,69,69,84,2,0,0,0,0,6,0,0,0,0,0,21,0,0,0,49,0,73
l40,7=0,0,0,0,0,0,0,0,0,0,0,0,0,0,0,0,2,5,15,14,3,33,19,26,65,65,65,35,0,0,14,0,0,6,0,0,0,0,0,0,0,0,48,48,0
l41,7=0,0,0,0,0,0,0,2,18,0,7,0,52,0,54,0,40,13,36,59,58,53,0,11,74,78,79,46,0,0,0,22,8,0,0,0,0,0,20,0,0,8,38,56,71
l42,7=0,0,0,0,0,0,0,0,0,0,0,0,0,0,27,0,10,18,3,47,28,53,18,24,61,80,79,69,0,0,0,0,20,19,0,0,5,9,9,0,0,0,44,51,62
l43,7=0,0,0,0,0,0,0,0,0,0,1,0,11,0,0,0,12,11,16,26,27,42,0,32,68,76,76,40,0,0,0,0,15,0,0,14,0,0,24,18,9,0,44,48,75
l44,7=0,0,0,0,0,0,0,0,0,0,0,0,2,0,21,0,17,18,11,39,28,37,34,65,70,79,73,70,0,0,9,0,18,14,0,0,0,0,22,0,0,0,44,49,76

l0,8=0,100,99,100,100,100,99,99,97,95,18,98,100,94,59,0,99,59,2,0,0,0,0,0,0,0,0,0,0,0,53,0,0,0,0,0,0,0,0,0,0,0,0,0,0
l1,8=100,0,99,100,100,100,98,99,98,95,98,98,100,84,83,0,92,78,84,90,0,0,0,0,0,0,0,0,0,0,92,0,0,0,0,0,0,0,0,0,0,0,0,0,0
l2,8=100,100,0,100,100,100,100,0,98,95,69,98,0,95,10,0,60,59,44,89,89,0,0,0,0,0,0,0,0,0,63,0,0,0,0,0,0,0,0,0,0,0,0,34,0
l3,8=100,100,99,0,100,100,99,99,98,95,96,96,100,94,8,0,92,0,67,77,0,0,0,0,0,0,0,0,0,0,95,66,0,0,0,0,0,0,0,0,0,0,0,0,0
l4,8=100,100,99,100,0,100,98,99,98,95,67,98,0,94,22,0,48,61,56,86,0,0,0,0,0,0,0,0,0,0,64,47,0,0,0,0,0,0,0,0,0,0,0,0,0
l5,8=100,100,100,100,100,0,100,99,98,97,68,98,76,97,81,0,68,3,0,89,90,0,0,0,0,0,0,0,0,0,60,51,0,0,0,0,0,0,0,0,0,0,0,0,0
l6,8=100,100,100,100,100,100,0,99,98,97,98,98,100,94,91,0,65,59,73,0,91,0,0,0,0,74,0,0,0,0,51,0,0,0,0,0,0,0,0,0,0,0,0,0,0
l7,8=94,100,97,95,94,100,99,0,98,97,98,98,100,97,89,0,99,95,91,94,94,82,0,76,85,83,76,0,0,0,0,0,0,0,0,0,0,0,0,0,0,0,0,0,0
l8,8=93,100,100,94,93,100,95,99,0,97,97,98,100,96,86,0,94,51,91,94,93,88,3,78,83,0,65,85,0,0,7,0,0,0,0,0,0,0,0,0,0,0,26,30,0
l9,8=94,100,93,91,96,94,100,99,98,0,97,98,100,97,89,0,99,0,0,93,94,87,0,78,72,82,78,0,0,0,19,41,0,0,0,0,0,0,0,0,0,0,0,66,0
l10,8=19,61,57,90,88,54,58,64,91,90,0,54,100,95,97,0,99,31,89,89,93,88,34,79,81,77,83,0,0,0,0,51,0,0,0,0,0,0,0,0,0,0,14,74,0
l11,8=94,97,59,88,93,97,95,98,98,95,95,0,100,97,89,0,94,43,95,93,64,50,0,47,84,45,77,85,0,0,30,0,0,0,0,0,0,0,0,0,0,0,27,7,1
l12,8=94,97,2,93,0,62,57,94,98,97,98,98,0,97,91,0,99,60,95,94,94,30,59,0,71,83,81,69,0,0,57,5,0,0,0,0,0,0,0,0,0,0,45,1,0
l13,8=94,60,99,93,93,98,97,99,91,97,97,98,100,0,89,0,94,60,95,93,90,89,75,81,80,80,0,84,0,0,51,48,0,0,0,0,0,0,0,0,49,0,0,0,0
l14,8=27,44,0,0,33,24,50,63,77,90,70,57,62,91,0,0,63,64,97,98,99,89,25,67,81,83,84,60,0,0,61,57,0,0,0,0,0,0,0,31,36,0,29,75,56
l15,8=82,59,28,26,51,63,55,67,98,97,98,93,100,96,98,0,0,64,97,97,98,93,0,46,90,87,59,89,0,0,57,57,0,37,0,0,0,0,0,31,59,0,25,75,35
l16,8=48,12,17,0,86,4,1,43,13,0,31,7,41,88,98,0,63,0,80,98,99,2,0,30,92,87,81,0,0,0,100,62,0,1,0,0,43,29,89,98,93,42,9,42,0
l17,8=0,37,4,24,48,0,38,36,57,0,70,59,62,90,98,0,63,64,0,97,99,87,41,42,82,83,82,84,0,0,58,37,0,0,0,0,0,0,0,41,45,14,32,73,38
l18,8=0,11,3,10,53,38,0,62,85,65,52,20,84,80,98,0,63,100,88,0,95,90,82,89,91,85,90,89,0,0,71,57,5,17,0,2,0,0,90,39,54,53,51,76,50
l19,8=0,0,12,0,0,47,43,56,80,84,68,15,90,84,98,0,97,100,97,98,0,89,0,89,92,87,87,81,0,0,67,34,0,58,0,0,0,0,59,70,81,38,51,96,44
l20,8=0,0,0,0,0,0,0,45,44,31,58,25,30,68,65,0,65,28,66,94,48,0,95,89,88,85,73,93,0,0,0,0,60,48,0,25,0,0,66,49,0,54,47,64,62
l21,8=0,0,0,0,0,0,0,0,3,0,58,8,63,68,52,0,0,0,62,88,0,95,0,85,88,84,71,89,0,0,0,0,59,39,0,0,42,0,61,2,0,0,55,72,60
l22,8=0,0,0,0,0,0,0,21,15,24,59,30,1,51,49,0,23,26,23,86,74,92,62,0,93,84,90,92,0,0,0,2,28,69,0,51,34,46,86,27,0,48,50,88,48
l23,8=0,0,0,0,0,0,0,36,15,5,41,56,40,58,62,0,62,67,65,88,64,89,67,89,0,89,90,90,0,0,33,0,66,56,0,58,23,22,66,55,64,21,59,94,80
l24,8=0,0,0,0,0,2,31,62,0,49,54,25,62,59,76,0,61,68,78,86,61,91,62,87,93,0,90,80,0,0,48,0,45,8,0,21,42,23,51,26,59,57,79,70,2
l25,8=0,0,0,0,0,0,0,50,10,50,65,53,62,0,60,0,54,59,59,87,57,58,48,90,93,89,0,58,0,0,20,1,62,59,0,53,58,54,31,0,54,17,60,96,62
l26,8=0,0,0,0,0,0,0,4,17,0,0,32,30,37,19,0,58,0,64,90,40,92,70,89,89,85,78,0,0,0,0,0,31,65,0,28,73,22,86,18,31,30,73,71,23
l27,8=49,48,37,77,97,33,1,0,20,1,0,1,24,83,96,0,28,93,80,98,99,0,0,0,87,67,74,0,0,0,0,100,0,100,0,91,83,99,100,100,98,62,1,0,17
l28,8=0,0,0,53,88,62,0,0,0,18,70,0,11,77,98,0,86,100,77,94,37,0,0,38,0,0,19,0,0,0,100,0,28,61,0,54,100,32,100,100,100,26,12,58,0
l29,8=0,0,0,0,0,0,0,0,0,0,0,0,0,0,0,0,0,0,0,48,0,90,44,70,91,75,84,85,0,0,10,84,0,100,0,100,100,100,100,100,96,99,24,58,0
l30,8=0,0,0,0,12,0,0,0,0,0,0,0,0,0,0,0,30,16,0,59,45,63,50,88,89,3,87,88,0,0,93,87,100,0,0,99,99,100,99,100,100,99,0,0,0
l31,8=0,0,0,0,0,0,0,0,0,0,0,0,0,0,0,0,0,31,0,28,0,29,0,87,91,59,81,65,0,0,90,32,100,100,0,0,100,100,100,100,100,99,0,3,0
l32,8=0,0,0,0,0,0,0,0,0,0,0,0,0,0,0,0,0,49,0,0,0,0,48,83,63,51,61,89,0,0,84,68,100,99,0,100,0,100,100,74,93,91,0,53,0
l33,8=0,0,0,0,0,0,0,0,0,0,0,0,0,0,0,0,0,39,0,0,0,0,0,84,64,47,59,79,0,0,90,1,100,100,0,100,100,0,73,100,96,78,0,0,0
l34,8=0,0,0,0,0,0,0,0,0,0,0,0,0,0,0,0,0,61,0,92,46,60,72,90,93,88,77,92,0,0,100,99,100,100,0,100,100,100,0,100,100,100,0,75,0
l35,8=0,0,0,0,0,0,0,0,0,0,0,0,0,0,66,0,38,94,70,90,51,52,1,86,91,87,0,82,0,0,98,99,100,100,0,77,99,100,100,0,100,100,0,0,0
l36,8=0,0,0,0,0,0,0,0,0,0,0,0,0,44,67,0,54,99,53,91,64,0,0,0,92,88,84,66,0,0,99,100,61,100,0,80,100,65,100,100,0,100,0,0,0
l37,8=0,0,0,0,0,0,0,0,0,0,0,0,4,0,0,0,3,72,36,92,50,56,0,85,88,85,71,75,0,0,100,67,98,98,0,80,100,55,100,100,100,0,0,4,0
l38,8=0,0,0,0,0,0,0,0,2,0,5,9,15,0,39,0,20,33,32,70,26,20,34,51,74,67,67,55,0,0,1,8,21,0,0,0,2,5,0,0,0,0,0,96,82
l39,8=0,0,0,0,0,0,0,0,0,16,35,4,0,0,45,0,27,21,51,75,46,40,34,64,91,55,89,48,0,0,0,5,13,0,0,0,12,0,12,0,0,0,88,0,83
l40,8=0,0,0,0,0,0,0,0,0,0,0,0,0,0,41,0,16,0,18,61,10,50,23,44,83,0,65,29,0,0,4,0,0,0,0,0,0,0,0,0,0,0,86,90,0
l41,8=0,0,0,0,0,14,3,11,12,5,23,13,67,61,78,0,65,17,79,81,61,78,50,82,92,87,89,67,0,0,29,63,0,0,0,10,0,0,7,0,0,12,86,95,81
l42,8=0,0,0,0,0,0,0,0,0,0,0,0,0,0,36,0,14,9,20,83,35,77,29,63,75,87,88,76,0,0,0,0,0,0,0,0,0,11,19,0,0,0,84,96,60
l43,8=0,0,0,0,0,0,0,0,0,0,0,0,0,0,3,0,0,28,17,58,18,47,30,44,65,64,78,33,0,0,0,0,23,12,0,0,17,0,20,14,0,0,81,84,78
l44,8=0,0,0,0,0,0,0,0,0,0,0,0,0,0,44,0,12,20,44,72,6,45,43,64,87,73,66,50,0,0,1,0,14,20,0,13,0,0,0,0,0,0,76,89,63

l0,9=0,100,95,99,100,100,99,99,100,98,88,100,99,91,83,0,0,0,0,0,0,0,0,0,0,0,0,0,0,0,0,0,0,0,0,0,0,0,0,0,0,0,0,0,0
l1,9=100,0,95,99,100,100,97,96,100,98,100,100,99,97,79,0,91,58,0,0,0,0,0,0,0,29,0,0,0,0,80,88,0,0,0,0,0,0,0,0,0,0,0,0,0
l2,9=100,100,0,99,100,100,97,100,100,98,78,100,99,97,100,0,76,25,56,51,0,0,0,0,0,0,0,0,0,0,70,73,0,0,0,0,0,0,0,0,0,0,0,0,0
l3,9=100,100,95,0,100,100,99,99,100,98,86,61,99,97,2,0,90,26,25,46,0,0,0,0,0,0,0,0,0,0,87,86,0,0,0,0,0,0,0,0,0,0,0,0,0
l4,9=100,100,95,99,0,100,99,99,60,98,84,92,59,97,11,0,99,27,27,47,0,0,0,0,0,0,0,0,0,0,93,97,0,0,0,0,0,0,0,0,0,0,0,0,0
l5,9=100,100,95,99,100,0,99,97,100,98,70,100,62,97,85,0,97,34,0,51,85,0,0,0,0,29,0,0,0,0,88,0,0,0,0,0,0,0,0,0,74,0,0,0,0
l6,9=100,100,95,99,100,100,0,100,100,98,100,100,99,97,100,0,98,55,72,0,91,0,0,0,0,25,0,0,0,0,71,97,0,0,0,0,0,0,0,0,0,0,0,0,0
l7,9=100,100,95,99,100,100,97,0,100,100,100,100,99,98,91,0,99,56,0,100,90,87,0,0,89,93,40,86,0,0,0,0,0,0,0,0,0,0,0,0,0,0,0,64,0
l8,9=100,100,95,99,100,100,97,98,0,98,100,100,99,97,99,0,99,57,87,100,92,64,0,57,82,54,61,92,0,0,22,0,0,0,0,0,0,0,0,0,0,0,0,17,0
l9,9=100,100,95,99,100,100,99,96,100,0,100,100,99,100,100,0,99,52,85,91,93,70,0,40,56,35,56,83,0,0,73,56,0,0,0,0,0,0,0,0,0,0,0,0,0
l10,9=85,70,12,45,90,10,75,68,67,100,0,100,99,97,100,0,99,36,61,53,94,71,55,59,50,30,45,0,0,0,93,98,0,0,0,0,0,0,0,0,62,7,84,96,44
l11,9=100,100,95,67,100,100,97,100,100,100,100,0,99,99,100,0,99,50,93,98,47,0,0,51,51,20,42,93,0,0,0,0,0,0,0,0,0,0,0,0,0,0,0,66,3
l12,9=100,68,95,50,100,96,54,98,80,100,100,100,0,100,99,0,99,41,55,67,30,73,56,0,19,22,42,85,0,0,80,80,0,0,0,0,0,0,0,0,3,0,63,49,0
l13,9=95,100,95,99,100,100,98,99,100,100,100,100,99,0,99,0,99,33,93,51,94,74,0,54,80,29,40,54,0,0,81,88,0,0,0,0,0,0,0,0,13,0,0,0,0
l14,9=25,0,10,0,39,38,54,22,28,95,100,36,33,65,0,0,99,38,93,55,98,75,54,52,52,28,42,91,0,0,97,98,0,0,0,0,0,0,9,0,56,56,85,69,58
l15,9=0,12,1,39,92,88,52,61,34,100,100,61,99,71,100,0,0,35,93,71,54,74,57,53,53,31,42,91,0,0,87,99,0,22,0,0,0,0,25,0,90,82,84,0,17
l16,9=0,17,1,3,48,34,33,29,22,30,65,16,33,62,100,0,99,0,34,56,98,0,0,50,53,32,10,0,0,0,100,99,41,7,0,0,70,0,29,67,100,86,92,90,0
l17,9=0,0,10,5,32,0,53,0,22,36,100,42,33,66,100,0,99,37,0,71,98,73,56,44,33,32,45,97,0,0,91,95,0,0,0,0,0,0,0,48,24,0,84,74,34
l18,9=0,0,18,27,50,32,0,58,34,74,62,46,61,63,99,0,97,98,92,0,97,82,59,93,95,56,95,98,0,0,97,97,60,63,0,58,65,19,35,66,98,97,86,96,61
l19,9=0,0,0,0,0,43,37,31,34,99,97,15,33,64,100,0,97,99,93,100,0,81,0,59,82,56,64,98,0,0,98,97,0,17,0,0,0,0,32,53,98,97,94,96,59
l20,9=0,0,0,0,0,0,0,86,81,77,74,0,86,78,84,0,88,0,73,99,76,0,99,95,94,95,95,98,0,0,0,0,85,78,0,9,78,6,95,78,0,76,75,89,0
l21,9=0,0,0,0,0,0,0,12,0,0,84,0,98,6,93,0,90,0,91,99,0,99,0,94,94,95,96,98,0,0,0,0,0,89,0,0,86,0,60,11,0,0,95,96,93
l22,9=0,0,0,0,0,0,0,0,81,0,79,79,0,78,82,0,78,75,69,99,97,98,80,0,95,95,97,99,0,0,0,0,84,83,0,70,81,71,94,65,75,75,76,85,75
l23,9=0,0,0,0,0,0,0,43,32,59,71,49,13,77,98,0,95,96,89,99,95,86,92,95,0,97,97,98,0,0,68,7,80,71,0,68,59,24,90,58,71,71,95,96,94
l24,9=0,41,0,0,0,63,29,91,85,57,88,43,51,87,92,0,92,92,91,99,97,97,96,95,96,0,97,98,0,0,70,1,87,63,0,19,84,42,87,70,91,79,95,96,85
l25,9=0,0,0,0,0,0,0,26,47,51,93,47,93,65,92,0,46,19,86,98,93,81,72,95,96,97,0,98,0,0,0,36,93,87,0,74,90,37,91,45,88,0,95,96,94
l26,9=0,0,0,0,0,0,0,47,86,70,0,90,64,39,98,0,84,0,90,99,96,97,98,95,94,95,96,0,0,0,0,0,88,92,0,74,97,9,98,79,1,84,95,94,94
l27,9=0,31,0,43,90,59,9,0,1,52,78,0,32,42,98,0,97,99,33,55,96,0,0,0,51,9,0,0,0,0,0,99,20,99,0,96,86,34,25,67,99,100,14,0,0
l28,9=0,23,13,34,51,0,15,0,0,8,39,0,25,61,75,0,61,41,0,13,65,0,0,0,40,0,38,0,0,0,100,0,53,86,0,75,95,0,26,33,100,96,0,80,0
l29,9=0,0,0,0,0,0,0,0,0,0,0,0,0,0,0,0,1,42,0,31,0,89,0,52,94,72,96,69,0,0,2,64,0,100,0,99,100,100,100,97,99,99,90,58,0
l30,9=0,0,0,0,10,0,0,0,0,0,0,0,0,0,0,0,45,24,0,12,0,65,45,95,82,26,96,98,0,0,56,34,100,0,0,99,100,100,100,97,100,99,92,0,4
l31,9=0,0,0,0,0,0,0,0,0,0,0,0,0,0,0,0,0,0,0,92,0,39,0,77,87,16,60,59,0,0,89,67,100,100,0,0,100,100,100,63,99,94,78,0,3
l32,9=0,0,0,0,0,0,0,0,0,0,0,0,0,0,0,0,0,41,0,17,0,69,36,85,84,78,97,99,0,0,38,66,100,100,0,99,0,100,100,69,99,99,78,1,0
l33,9=0,0,0,0,0,0,0,0,0,0,0,0,0,0,0,0,0,0,0,3,0,0,0,52,76,45,42,0,0,0,63,0,100,100,0,99,100,0,100,82,52,100,0,0,0
l34,9=0,0,0,0,0,0,0,0,0,0,0,0,0,0,2,0,55,32,0,15,65,87,42,96,90,32,64,100,0,0,39,38,100,100,0,99,100,100,0,97,100,100,0,13,0
l35,9=0,0,0,0,0,5,0,0,0,0,0,0,0,0,0,0,0,86,8,38,65,93,0,56,93,57,61,92,0,0,39,37,100,100,0,87,95,100,100,0,100,100,16,0,0
l36,9=0,0,0,0,0,32,0,0,0,0,25,0,16,5,72,0,60,87,0,38,65,0,0,57,81,54,62,0,0,0,35,61,53,100,0,88,94,100,100,97,0,100,0,0,0
l37,9=0,0,0,0,0,0,0,0,0,0,5,0,20,0,74,0,60,32,0,99,65,82,0,57,54,30,0,92,0,0,100,97,100,100,0,87,100,99,100,97,100,0,0,0,0
l38,9=0,0,0,0,0,0,0,0,0,0,55,0,16,0,54,0,44,60,20,20,25,48,41,62,94,94,96,95,0,0,0,0,63,20,0,0,29,0,0,0,0,0,0,97,95
l39,9=0,0,0,0,0,0,0,5,0,0,79,23,18,0,28,0,0,33,77,86,85,83,43,81,94,93,96,81,0,0,0,46,64,0,0,0,0,0,0,0,0,0,95,0,94
l40,9=0,0,0,0,0,0,0,0,0,0,47,1,0,0,81,0,32,0,38,87,44,0,35,77,91,32,95,86,0,0,0,0,0,8,0,0,0,0,0,0,0,0,95,96,0
l41,9=0,0,15,0,0,0,0,7,7,0,0,28,26,48,96,0,94,90,89,99,84,86,40,91,94,95,96,67,0,0,56,83,0,39,0,3,0,0,22,40,0,60,95,96,94
l42,9=0,0,0,0,0,0,0,0,0,0,0,0,0,0,0,0,29,42,60,99,75,84,12,89,94,95,96,98,0,0,0,0,0,0,0,0,0,0,67,0,34,0,95,96,92
l43,9=0,0,0,0,0,0,0,0,0,0,0,0,0,0,74,0,0,0,71,10,77,69,58,74,86,72,96,83,0,0,0,0,64,0,0,35,56,0,0,0,44,0,95,84,92
l44,9=0,0,0,0,0,0,0,0,0,0,0,0,17,41,77,0,69,23,17,99,75,60,79,95,94,95,96,70,0,0,4,0,50,65,0,39,8,0,21,0,0,8,96,96,88

l0,10=0,94,86,93,94,90,74,0,88,90,75,85,87,88,46,0,85,89,38,0,16,0,0,0,0,0,0,0,0,0,74,67,0,0,0,0,0,0,0,0,0,0,0,0,0
l1,10=93,0,86,92,94,91,77,0,90,88,71,77,89,68,45,0,77,87,0,41,10,0,0,0,0,48,11,0,0,0,76,59,0,0,0,0,0,0,0,0,0,0,0,0,0
l2,10=93,94,0,88,94,91,77,0,91,89,75,89,92,89,48,0,81,81,45,47,0,0,0,0,66,2,14,0,0,0,0,58,0,0,0,0,0,0,0,0,0,0,0,35,0
l3,10=93,94,85,0,94,91,77,0,90,90,75,89,89,88,0,0,79,72,32,0,0,0,0,0,0,0,0,0,0,0,84,57,0,0,0,0,0,0,0,0,0,0,0,0,0
l4,10=93,94,86,93,0,91,77,0,90,87,74,64,89,87,0,0,83,82,0,0,0,0,0,0,0,0,0,0,0,0,1,16,0,0,0,0,0,0,0,0,0,0,0,0,0
l5,10=93,94,86,93,94,0,74,1,91,90,77,90,89,89,45,0,74,79,42,26,0,0,0,0,0,0,0,0,0,0,77,2,0,0,0,0,0,0,0,0,27,0,0,0,0
l6,10=93,94,85,91,94,91,0,1,90,90,77,89,89,88,0,0,86,78,32,33,0,0,0,0,34,4,0,0,0,0,69,61,0,0,0,0,0,0,0,0,0,0,0,23,0
l7,10=92,94,85,91,92,91,75,0,90,93,88,90,92,89,84,0,92,89,42,87,78,68,0,38,63,65,64,65,0,0,0,53,0,0,0,0,0,0,0,0,0,0,0,33,0
l8,10=92,93,85,88,90,90,76,0,0,92,87,90,92,88,86,0,84,72,67,84,67,64,0,32,71,48,64,64,0,0,59,0,0,0,0,0,0,0,0,0,0,0,0,27,0
l9,10=92,88,83,88,89,87,73,0,88,0,85,90,92,89,87,0,87,90,84,43,57,62,0,38,74,50,53,59,0,0,0,55,0,0,0,0,0,0,0,0,0,0,0,0,0
l10,10=78,85,70,53,54,87,72,1,89,89,0,88,92,88,87,0,92,88,90,0,87,63,24,71,69,65,74,68,0,0,0,71,0,0,0,0,0,0,0,0,49,0,72,42,46
l11,10=50,43,83,88,43,87,74,0,88,93,84,0,92,89,87,0,87,74,85,82,60,53,0,36,67,47,58,63,0,0,0,57,0,0,0,0,0,0,0,0,0,0,0,32,0
l12,10=56,88,83,52,85,87,72,0,87,92,88,90,0,89,87,0,88,90,84,40,55,60,58,39,65,66,64,48,0,0,42,2,0,0,0,0,0,0,0,0,0,0,67,0,2
l13,10=92,89,85,88,89,89,72,0,88,93,85,90,92,0,78,0,88,69,85,56,86,4,60,40,59,47,59,60,0,0,59,55,0,0,0,0,0,0,0,0,0,0,0,24,0
l14,10=22,28,41,0,8,76,0,0,50,61,86,87,67,30,0,0,92,97,92,39,100,46,41,36,76,72,48,59,0,0,88,86,0,1,0,0,0,0,0,48,32,48,84,36,32
l15,10=28,23,50,36,53,63,72,0,34,64,90,88,92,56,89,0,0,91,92,50,70,43,32,43,78,68,43,79,0,0,88,81,0,2,0,0,0,0,0,0,52,40,31,49,11
l16,10=23,49,31,11,35,79,57,1,5,47,82,77,67,0,89,0,92,0,57,52,100,17,0,44,81,12,78,22,0,0,98,96,12,0,0,0,60,0,64,44,99,34,59,52,12
l17,10=23,0,68,9,0,80,45,1,54,33,85,87,89,88,89,0,92,91,0,91,100,0,47,53,76,67,79,59,0,0,88,63,0,0,0,0,0,0,0,34,36,0,74,49,51
l18,10=0,21,55,0,13,38,21,0,51,21,0,78,54,51,48,0,89,96,92,0,100,78,81,81,82,84,81,89,0,0,86,75,17,47,0,0,56,0,70,72,84,86,88,49,52
l19,10=14,2,0,0,0,0,0,0,51,12,89,81,59,56,89,0,89,97,92,91,0,85,0,57,81,84,85,89,0,0,95,93,0,7,0,0,0,0,60,74,89,83,86,54,56
l20,10=0,0,0,0,0,0,0,1,72,74,66,65,70,8,73,0,71,69,0,86,73,0,99,82,75,84,83,89,0,0,0,0,74,66,0,74,0,0,74,67,0,0,74,72,74
l21,10=0,0,0,0,0,0,0,0,0,0,40,0,75,72,75,0,73,7,76,88,0,87,0,83,82,85,78,89,0,0,0,0,70,78,0,0,9,0,54,0,0,0,81,77,79
l22,10=0,0,0,0,0,0,0,5,57,57,65,62,64,68,66,0,68,73,74,78,80,86,81,0,83,81,85,89,0,0,0,0,74,78,0,69,70,64,74,70,75,73,84,76,75
l23,10=0,0,26,0,0,0,0,11,66,73,57,63,68,52,75,0,72,76,77,88,81,72,77,82,0,86,88,89,0,0,73,48,73,74,0,77,66,63,68,77,75,67,84,92,93
l24,10=0,48,0,0,0,0,21,0,68,68,63,66,75,71,75,0,73,56,75,89,85,83,85,82,83,0,88,88,0,0,68,60,72,71,0,0,69,64,66,32,76,71,79,92,0
l25,10=0,0,0,0,0,0,0,5,67,16,64,63,71,68,71,0,67,75,75,76,84,75,68,83,83,86,0,89,0,0,0,0,76,79,0,74,72,67,73,74,75,68,92,92,91
l26,10=0,0,0,0,0,0,0,2,72,32,48,68,69,44,75,0,72,61,74,85,74,85,78,83,79,74,85,0,0,0,0,0,75,83,0,73,72,72,75,3,0,77,81,76,80
l27,10=32,40,0,19,9,70,41,1,10,0,0,15,37,9,55,0,87,97,64,50,80,0,0,0,67,44,0,0,0,0,0,96,22,33,0,48,58,67,82,96,99,91,9,0,0
l28,10=40,21,25,11,12,16,58,1,0,8,60,67,13,18,53,0,85,97,20,44,74,0,0,0,49,24,0,0,0,0,98,0,52,39,0,16,0,0,88,51,99,91,10,9,0
l29,10=0,0,0,0,0,0,0,0,0,0,0,0,0,0,0,0,0,73,0,26,0,59,44,76,73,72,76,56,0,0,47,75,0,90,0,88,88,93,88,93,84,86,75,75,0
l30,10=0,0,0,0,0,0,0,0,0,0,0,0,0,0,12,0,21,0,0,40,13,41,55,78,75,66,75,84,0,0,54,71,84,0,0,88,88,93,89,93,95,91,62,0,21
l31,10=0,0,0,0,0,0,0,0,0,0,0,0,0,0,0,0,0,0,0,0,0,57,0,52,79,0,63,57,0,0,53,65,84,90,0,0,88,93,88,86,94,87,0,42,53
l32,10=0,0,0,0,0,0,0,0,0,0,0,0,0,0,0,0,0,45,0,62,0,0,0,76,73,73,72,84,0,0,42,0,84,90,0,88,0,94,88,92,79,87,23,41,0
l33,10=0,0,0,0,0,0,0,0,0,0,0,0,0,0,0,0,0,0,0,0,0,0,0,46,60,67,64,55,0,0,27,0,84,90,0,88,88,0,88,91,63,69,0,0,0
l34,10=0,0,0,0,0,2,0,0,0,0,0,0,0,0,0,0,0,42,0,39,42,79,8,77,74,67,53,55,0,0,45,79,84,90,0,88,88,93,0,93,99,91,46,0,0
l35,10=0,0,0,0,0,0,0,0,0,0,0,0,0,0,12,0,0,41,15,44,63,70,0,50,75,39,53,4,0,0,83,73,84,90,0,78,87,94,89,0,99,91,21,9,0
l36,10=0,0,0,0,0,39,0,0,0,0,38,0,19,0,3,0,31,57,5,82,62,0,0,50,72,67,36,0,0,0,97,93,84,90,0,88,80,87,89,97,0,91,0,7,0
l37,10=0,0,0,0,0,0,0,0,0,0,0,0,0,0,17,0,43,41,1,87,63,0,0,49,68,67,48,78,0,0,91,88,84,90,0,60,81,84,89,97,99,0,0,0,0
l38,10=0,0,0,0,0,0,0,0,0,0,23,0,68,0,77,0,23,68,71,79,48,32,54,81,77,69,85,84,0,0,0,1,64,36,0,0,8,0,36,1,0,0,0,92,93
l39,10=0,0,8,0,0,0,0,3,2,0,50,18,0,1,68,0,70,76,70,75,90,62,43,81,81,84,84,82,0,0,0,31,67,0,0,1,32,0,0,1,23,0,92,0,93
l40,10=0,0,0,0,0,0,0,0,0,0,38,0,0,0,51,0,1,63,70,85,81,63,68,79,80,0,84,85,0,0,0,0,0,32,0,0,0,0,0,0,0,0,92,92,0
l41,10=0,0,0,0,0,0,0,0,0,42,0,67,53,2,82,0,80,92,89,89,89,65,34,81,81,84,85,53,0,0,72,78,0,0,0,0,0,0,0,59,69,3,92,92,93
l42,10=0,0,0,0,0,0,0,0,0,0,0,0,13,0,70,0,63,66,76,82,71,75,1,81,80,81,84,89,0,0,0,0,0,0,0,0,5,0,66,0,0,46,91,92,88
l43,10=0,0,0,0,0,0,0,0,0,0,0,0,0,0,47,0,0,0,77,77,62,74,61,82,76,80,85,88,0,0,0,0,57,0,0,0,0,0,0,0,25,0,90,87,91
l44,10=0,0,0,0,0,0,0,0,0,0,0,15,0,7,45,0,59,69,0,80,70,0,87,82,81,84,85,89,0,0,0,0,41,45,0,0,61,0,0,32,0,0,92,87,92

l0,11=0,86,90,87,89,79,90,0,86,88,58,71,72,86,25,0,25,56,0,47,0,0,0,0,0,0,0,0,0,0,39,64,0,0,0,0,0,0,0,0,0,0,0,0,0
l1,11=92,0,89,87,89,78,90,0,86,88,76,60,71,86,41,0,0,60,72,41,0,0,0,0,0,1,0,0,0,0,31,55,0,0,0,0,0,0,0,0,0,0,0,0,0
l2,11=92,81,0,85,89,79,90,0,85,47,56,83,69,86,43,0,44,56,56,66,0,0,0,0,28,0,0,0,0,0,42,53,0,0,0,0,0,0,0,0,0,0,0,25,0
l3,11=92,86,90,0,89,79,90,1,86,80,74,79,65,0,0,0,18,0,62,0,0,0,0,0,0,0,0,0,0,0,75,69,0,0,0,0,0,0,0,0,0,0,0,0,0
l4,11=92,86,90,87,0,79,90,0,86,66,17,66,57,34,20,0,23,58,0,0,0,0,0,0,0,0,0,0,0,0,0,57,0,0,0,0,0,0,0,0,0,0,0,0,0
l5,11=92,86,90,86,89,0,89,0,23,85,77,85,70,89,0,0,42,62,51,20,0,0,0,0,0,0,0,0,0,0,74,60,0,0,0,0,0,0,22,0,0,0,0,0,0
l6,11=92,85,90,86,89,78,0,0,86,43,68,85,72,89,20,0,45,57,73,49,19,0,0,0,0,32,0,0,0,0,44,0,0,0,0,0,0,0,0,0,0,0,0,0,0
l7,11=92,85,90,86,87,78,90,0,86,88,77,85,72,89,71,0,77,65,43,82,42,62,0,61,4,42,46,69,0,0,1,2,0,0,0,0,0,0,0,0,0,0,0,4,0
l8,11=89,85,86,85,87,16,90,0,0,86,77,85,71,86,44,0,73,52,81,65,16,17,0,66,28,30,34,38,0,0,20,0,0,0,0,0,0,0,0,0,0,0,0,0,0
l9,11=91,80,84,84,87,75,56,0,84,0,77,85,72,89,71,0,77,41,76,40,20,19,0,52,37,35,18,31,0,0,21,0,0,0,0,0,0,0,0,0,0,0,16,0,24
l10,11=87,71,87,78,15,77,62,1,85,53,0,85,72,83,49,0,81,57,87,52,30,0,25,76,28,41,37,35,0,0,19,1,0,0,0,0,0,0,0,0,0,0,38,60,0
l11,11=71,21,81,78,78,75,86,0,84,88,79,0,72,89,71,0,77,17,81,64,21,0,0,52,0,34,40,2,0,0,0,35,0,0,0,0,0,0,0,0,0,0,0,32,0
l12,11=91,78,86,32,15,75,86,0,84,85,80,85,0,88,77,0,80,57,83,41,35,3,29,53,33,71,38,18,0,0,0,58,0,0,0,0,0,0,0,0,0,0,34,31,0
l13,11=81,78,87,0,33,76,86,0,84,88,79,85,72,0,62,0,77,55,82,50,38,27,17,57,0,35,39,13,0,0,36,50,0,0,0,0,0,0,0,0,12,0,0,37,0
l14,11=67,41,48,0,3,0,7,0,73,25,28,61,69,48,0,0,81,80,89,60,93,0,12,55,39,46,26,27,0,0,32,70,0,0,0,0,0,0,0,18,8,7,75,79,73
l15,11=70,0,66,0,16,24,47,0,78,85,85,78,72,85,84,0,0,39,89,85,81,0,14,58,39,41,23,12,0,0,45,69,0,0,0,0,0,0,0,11,8,7,40,79,57
l16,11=61,24,20,0,13,36,16,0,20,15,19,6,39,9,51,0,23,0,89,56,34,0,0,62,40,6,7,10,0,0,94,79,9,46,0,0,0,12,5,19,28,24,50,75,67
l17,11=0,28,18,2,0,20,40,1,76,23,82,76,68,68,84,0,81,80,0,86,91,0,2,69,62,44,24,22,0,0,37,65,0,0,0,0,0,0,8,0,0,17,55,68,5
l18,11=64,29,68,0,0,26,40,0,67,19,20,47,57,41,48,0,47,71,89,0,94,25,75,75,78,80,49,74,0,0,47,62,59,66,0,61,22,0,64,41,27,24,77,83,75
l19,11=0,0,0,0,0,0,8,1,14,20,22,47,69,43,84,0,79,83,89,87,0,26,0,53,78,80,83,43,0,0,46,70,11,32,0,0,0,0,0,21,24,20,0,85,73
l20,11=0,0,0,0,0,0,0,0,68,61,48,45,56,66,64,0,67,52,71,72,69,0,90,81,72,78,76,84,0,0,0,0,68,59,0,53,56,57,72,66,20,0,19,74,68
l21,11=0,0,0,0,0,0,0,0,0,0,58,52,60,69,67,0,67,0,69,79,0,87,0,81,78,80,83,86,0,0,0,0,0,67,0,0,0,1,69,0,46,1,74,79,71
l22,11=0,0,0,0,0,0,0,0,66,38,58,58,57,67,62,0,66,54,72,64,34,82,77,0,78,75,81,87,0,0,0,53,65,72,0,64,63,67,70,22,43,55,72,81,61
l23,11=0,0,31,0,0,0,0,0,66,36,20,0,59,0,43,0,41,67,75,78,75,45,75,81,0,80,87,79,0,0,46,53,66,63,0,67,0,0,70,53,28,0,76,84,76
l24,11=0,0,0,0,0,0,25,0,33,38,58,63,62,66,68,0,66,48,72,79,76,81,78,80,78,0,87,70,0,0,59,57,66,55,0,62,61,65,61,24,0,0,79,83,71
l25,11=0,0,0,0,0,0,0,1,36,21,19,56,57,50,68,0,49,50,73,72,73,70,75,79,78,80,0,75,0,0,0,53,70,53,0,55,63,66,48,32,13,20,79,83,79
l26,11=0,0,0,0,0,0,0,0,67,59,55,31,56,36,67,0,63,58,64,75,64,82,79,81,75,68,79,0,0,0,0,0,67,63,0,68,67,71,70,36,7,64,70,74,76
l27,11=52,16,20,26,0,43,15,0,12,11,7,0,0,9,15,0,8,83,53,31,25,0,0,0,34,5,0,0,0,0,0,83,42,61,0,64,46,63,22,30,95,14,0,40,18
l28,11=57,14,6,20,18,32,0,0,0,0,0,6,17,7,47,0,26,83,40,26,20,0,0,50,24,5,9,0,0,0,94,0,56,39,0,27,51,27,29,21,59,10,12,46,0
l29,11=0,0,0,0,0,0,0,0,0,0,0,0,0,0,0,0,0,16,0,22,0,61,0,70,78,65,77,67,0,0,28,66,0,84,0,84,78,85,83,84,82,81,24,57,0
l30,11=0,0,0,0,0,0,0,0,0,0,0,0,0,0,0,0,0,39,0,30,12,39,55,77,68,5,8,53,0,0,66,34,81,0,0,82,78,85,83,42,84,81,9,31,0
l31,11=0,0,0,0,0,0,0,0,0,0,0,0,0,0,0,0,0,0,0,28,0,20,0,62,74,10,20,50,0,0,54,27,83,85,0,0,81,88,82,78,70,75,0,43,46
l32,11=0,0,0,0,0,0,0,0,0,0,0,0,0,0,0,0,0,0,0,40,0,55,0,72,3,67,53,73,0,0,39,46,83,84,0,84,0,88,83,82,80,78,0,45,0
l33,11=0,0,0,0,0,0,0,0,0,0,0,0,0,0,0,0,0,7,0,0,0,1,0,60,0,3,16,52,0,0,47,9,83,89,0,84,81,0,83,87,84,67,0,0,0
l34,11=0,0,0,0,0,25,0,0,0,0,0,0,0,0,0,0,0,12,16,22,0,66,58,72,73,6,9,51,0,0,73,72,80,84,0,81,78,85,0,84,90,86,0,0,0
l35,11=0,0,0,0,0,0,0,0,0,0,0,0,0,0,10,0,5,38,0,26,17,18,0,40,40,4,8,19,0,0,80,67,80,70,0,81,75,84,83,0,93,89,0,0,0
l36,11=0,0,0,0,0,0,0,0,0,0,0,0,0,7,13,0,6,49,1,32,42,0,0,59,38,0,8,3,0,0,94,78,80,89,0,73,76,81,83,91,0,89,0,0,0
l37,11=0,0,0,0,0,0,0,0,0,0,0,0,0,0,11,0,5,72,32,72,21,0,0,64,0,0,10,35,0,0,75,62,79,84,0,80,76,78,83,91,95,0,0,20,0
l38,11=0,0,0,0,0,0,0,0,0,0,0,0,16,0,71,0,14,60,46,71,0,0,32,76,69,72,84,49,0,0,0,1,27,9,0,0,0,0,0,0,0,0,0,88,89
l39,11=0,0,0,0,0,0,0,0,0,0,24,9,11,5,71,0,67,40,29,73,72,23,15,76,78,74,83,47,0,0,30,54,54,15,0,16,13,0,0,0,0,0,84,0,91
l40,11=0,0,0,0,0,0,0,0,0,0,0,0,0,0,58,0,16,67,0,72,45,42,18,24,72,51,80,75,0,0,0,0,0,0,0,0,0,0,0,0,0,0,83,86,0
l41,11=0,0,0,0,0,0,0,0,50,23,37,54,56,43,34,0,69,69,79,85,41,66,71,78,78,79,86,74,0,0,0,57,0,0,0,3,0,0,0,0,19,18,84,86,86
l42,11=0,0,0,0,0,0,0,0,0,0,0,0,0,0,65,0,59,0,68,73,67,68,72,78,71,74,80,76,0,0,0,0,57,0,0,37,14,0,67,59,0,41,84,86,88
l43,11=0,0,0,0,0,0,0,0,0,0,0,0,0,0,0,0,0,28,64,71,63,66,63,78,68,73,86,76,0,0,0,0,0,49,0,0,2,0,59,5,0,0,77,81,85
l44,11=0,0,0,0,0,0,0,0,0,0,9,2,29,0,67,0,10,0,66,72,18,72,63,79,73,74,80,76,0,0,0,0,64,47,0,0,26,0,0,31,0,0,84,83,87

l0,12=0,86,82,89,90,83,76,0,86,88,61,84,83,83,69,0,86,25,0,66,0,0,0,0,0,0,0,0,0,0,0,45,0,0,0,0,0,0,0,0,0,0,0,0,0
l1,12=89,0,81,89,90,83,76,0,86,86,33,82,83,83,74,0,53,46,39,72,0,0,0,0,29,39,0,0,0,0,12,60,0,0,0,0,0,0,0,0,0,0,0,0,0
l2,12=89,85,0,85,89,83,75,1,86,84,64,83,82,83,71,0,50,0,48,74,58,21,0,17,64,1,23,0,0,0,63,60,0,0,0,0,0,0,0,0,0,0,0,0,0
l3,12=89,87,80,0,90,83,76,4,86,82,58,44,77,82,7,0,39,0,37,49,0,0,0,0,0,0,0,0,0,0,68,53,0,0,0,0,0,0,0,0,48,0,0,0,0
l4,12=89,87,82,89,0,83,76,2,86,86,0,82,58,83,0,0,40,46,0,0,0,0,0,0,0,0,0,0,0,0,61,57,0,0,0,0,0,0,0,0,0,16,0,0,0
l5,12=89,87,82,89,91,0,76,2,86,77,64,80,83,83,72,0,42,25,45,72,0,0,0,0,36,0,0,0,0,0,58,0,0,0,0,0,0,0,2,0,0,0,0,0,0
l6,12=89,86,82,88,90,83,0,0,86,88,64,84,83,83,61,0,49,48,50,74,1,0,0,0,60,1,0,0,0,0,65,50,0,0,0,0,0,0,0,0,0,0,0,0,0
l7,12=89,84,82,88,88,83,76,0,88,88,63,84,84,84,82,0,87,57,72,79,0,40,0,63,68,62,19,37,0,0,23,0,0,0,0,0,0,0,0,0,0,0,0,0,0
l8,12=85,86,82,86,88,81,76,2,0,86,64,80,55,80,79,0,86,49,73,75,48,24,18,58,61,42,25,39,0,0,0,0,0,0,0,0,0,0,0,0,0,0,0,52,0
l9,12=87,83,80,85,86,80,71,2,87,0,67,84,84,84,79,0,89,44,41,74,54,37,0,62,73,68,32,41,0,0,60,1,0,0,0,0,0,0,0,0,0,0,0,0,0
l10,12=78,76,76,49,13,72,70,1,88,84,0,84,85,83,85,0,89,55,83,79,74,20,8,68,66,59,14,24,0,0,55,55,0,0,0,0,0,0,0,0,0,14,47,0,0
l11,12=87,83,80,32,80,74,70,4,85,88,68,0,84,84,79,0,55,40,72,79,67,8,0,20,41,53,30,34,0,0,55,45,0,0,0,0,0,0,0,0,0,0,0,62,0
l12,12=87,83,80,67,67,79,70,4,57,84,69,82,0,84,79,0,88,70,76,79,76,24,34,57,73,78,33,26,0,0,58,21,0,0,0,0,0,0,0,0,0,0,38,0,0
l13,12=88,85,78,84,86,83,71,1,86,88,69,84,85,0,79,0,89,0,74,67,51,0,32,52,61,49,37,29,0,0,45,6,0,0,0,0,0,0,0,0,0,0,0,53,0
l14,12=19,60,45,0,16,49,18,2,86,76,40,50,65,80,0,0,89,59,86,84,95,23,0,34,16,74,46,28,0,0,71,81,0,0,0,0,0,0,5,0,63,64,82,85,32
l15,12=49,54,46,26,42,56,63,4,85,84,72,50,85,82,93,0,0,55,86,84,85,37,26,10,74,72,39,37,0,0,70,53,0,0,0,0,0,0,0,0,21,17,40,52,21
l16,12=3,18,0,0,22,15,22,1,69,45,28,7,48,0,93,0,56,0,64,85,82,0,0,34,31,20,7,14,0,0,78,83,0,31,0,0,0,0,0,42,88,83,45,77,56
l17,12=0,13,38,5,0,55,59,7,86,44,68,77,81,80,93,0,89,90,0,84,89,41,22,78,78,73,43,39,0,0,46,74,0,0,0,0,0,0,17,27,45,34,60,47,14
l18,12=39,40,52,4,0,44,56,1,69,66,34,41,60,61,85,0,80,93,86,0,95,50,42,80,81,82,43,44,0,0,62,62,57,63,0,38,0,0,37,50,68,59,80,75,80
l19,12=0,0,45,0,0,28,2,0,62,46,63,75,81,39,93,0,81,93,86,85,0,38,0,84,81,83,76,37,0,0,71,38,0,62,0,0,0,0,21,49,78,0,83,84,29
l20,12=0,0,9,0,0,0,0,2,64,63,49,49,61,0,63,0,63,22,58,78,69,0,93,85,76,79,68,75,0,0,0,0,54,69,0,0,59,38,71,45,45,28,72,68,65
l21,12=0,0,0,0,0,0,0,0,65,0,47,5,68,60,0,0,64,0,61,79,0,85,0,84,81,80,73,76,0,0,0,0,0,67,0,0,0,0,70,0,0,0,73,0,74
l22,12=0,0,0,0,0,0,0,4,67,63,52,37,65,56,64,0,17,60,65,71,76,79,71,0,81,81,76,74,0,0,0,0,60,73,0,63,62,33,76,54,0,54,76,77,66
l23,12=0,0,41,0,0,25,35,10,67,62,29,37,72,54,63,0,66,42,70,79,85,76,73,86,0,87,82,74,0,0,48,0,67,66,0,65,28,0,66,48,51,58,82,85,61
l24,12=0,19,0,0,0,0,8,1,67,62,50,45,70,57,71,0,64,38,67,78,90,78,65,86,81,0,82,71,0,0,49,0,67,67,0,58,36,0,62,46,58,0,83,74,81
l25,12=0,0,6,0,0,0,0,2,65,61,23,42,49,56,72,0,52,22,58,71,79,71,68,86,81,87,0,73,0,0,0,57,72,65,0,61,62,24,54,45,0,52,83,80,82
l26,12=0,0,0,0,0,0,0,12,67,62,52,61,64,56,66,0,63,61,59,74,69,79,77,85,76,76,75,0,0,0,0,11,69,69,0,67,68,55,76,22,57,57,72,70,74
l27,12=0,4,24,24,23,16,28,5,0,51,7,10,29,42,74,0,45,93,24,67,46,0,0,0,22,18,0,0,0,0,0,83,28,28,0,62,11,8,26,66,89,64,0,52,31
l28,12=28,34,29,16,26,0,15,0,0,0,6,7,26,24,83,0,19,92,35,54,41,0,0,0,6,0,12,1,0,0,89,0,30,4,0,34,35,0,42,53,82,81,35,53,0
l29,12=0,0,0,0,0,0,0,0,0,0,0,0,0,0,0,0,0,0,0,63,0,44,0,65,75,69,68,67,0,0,51,40,0,83,0,81,79,84,82,62,73,77,0,41,0
l30,12=0,0,0,0,0,0,0,0,0,0,0,0,0,0,0,0,3,12,0,48,49,58,29,80,37,35,42,62,0,0,39,7,83,0,0,81,79,84,82,62,79,77,33,0,19
l31,12=0,0,0,0,0,0,0,0,0,0,0,0,0,0,0,0,0,0,0,48,0,0,0,69,73,35,54,68,0,0,60,40,83,89,0,0,83,86,78,56,69,75,8,17,0
l32,12=0,0,0,0,0,0,0,0,0,0,0,0,0,0,0,0,0,0,0,0,0,49,0,50,34,57,55,58,0,0,52,44,83,79,0,81,0,86,82,59,68,73,39,0,0
l33,12=0,0,0,0,0,0,0,0,0,0,0,0,0,0,0,0,0,0,0,0,0,17,0,20,0,0,0,32,0,0,60,0,83,73,0,81,83,0,82,56,61,62,0,0,0
l34,12=0,0,0,0,0,8,0,0,0,0,0,0,0,0,14,0,0,0,18,52,33,54,46,66,48,34,48,71,0,0,62,78,83,84,0,77,79,84,0,64,85,82,45,53,0
l35,12=0,0,0,0,0,0,0,0,0,0,0,0,0,0,0,0,0,18,13,61,52,23,0,67,42,31,27,18,0,0,76,70,83,83,0,76,79,84,82,0,89,87,39,48,0
l36,12=0,0,0,5,0,0,0,0,0,0,0,0,10,0,58,0,7,56,19,66,62,2,0,0,34,36,0,15,0,0,84,74,79,84,0,72,44,16,82,68,0,87,0,0,0
l37,12=0,0,0,0,33,0,0,0,0,0,1,0,0,0,54,0,6,82,13,65,0,4,0,49,42,0,23,26,0,0,60,78,83,84,0,78,76,51,82,68,89,0,0,14,0
l38,12=0,0,0,0,0,0,0,0,0,0,2,0,30,0,71,0,25,32,59,72,75,71,31,79,73,83,80,63,0,0,0,2,0,0,0,0,8,0,40,0,0,0,0,88,90
l39,12=0,0,0,0,0,0,0,0,41,0,0,41,0,24,75,0,63,68,39,71,76,69,0,83,80,75,75,41,0,0,23,18,60,0,0,0,0,0,46,24,0,0,86,0,97
l40,12=0,0,0,0,0,0,0,0,0,0,0,0,0,0,72,0,31,69,2,76,49,72,42,79,69,82,79,70,0,0,9,0,0,0,0,0,0,0,0,0,0,0,84,86,0
l41,12=0,0,0,0,0,0,43,0,29,60,31,0,51,49,70,0,64,77,70,83,79,66,39,83,80,83,80,72,0,0,0,0,0,0,0,0,0,0,48,0,6,42,86,87,97
l42,12=0,0,0,0,0,0,0,0,0,0,0,0,59,0,18,0,0,0,43,73,74,70,57,84,75,82,80,72,0,0,0,0,58,62,0,27,0,0,67,47,0,3,85,87,93
l43,12=0,0,0,0,0,0,0,0,0,0,0,0,46,0,0,0,35,7,36,72,71,69,0,84,75,77,75,67,0,0,0,0,44,0,0,51,0,0,45,0,0,0,83,79,82
l44,12=0,0,0,0,0,0,0,0,0,0,42,0,0,0,50,0,63,0,4,72,75,74,0,84,75,82,73,71,0,0,0,0,59,65,0,0,0,0,0,0,6,0,85,82,84

l0,13=0,94,96,87,99,93,91,88,93,91,82,91,92,91,64,0,36,0,38,57,0,0,0,0,0,0,0,0,0,0,0,28,0,0,0,0,0,0,0,0,0,0,0,0,0
l1,13=93,0,96,87,99,93,91,92,93,89,74,90,93,88,73,0,79,68,0,13,0,0,0,0,1,0,0,0,0,0,43,39,0,0,0,0,0,0,0,0,0,0,0,0,0
l2,13=93,94,0,83,98,93,91,84,93,92,53,92,93,91,64,0,61,27,0,43,74,0,0,18,27,0,58,0,0,0,44,1,0,0,0,0,0,0,0,0,0,0,0,0,0
l3,13=93,94,96,0,99,93,91,91,93,57,43,53,68,73,60,0,62,24,0,33,0,0,0,0,0,0,0,0,0,0,40,42,0,0,0,0,0,0,0,0,53,0,0,0,0
l4,13=93,94,96,87,0,93,91,90,93,90,48,92,58,69,0,0,36,0,0,0,0,0,0,0,0,0,0,0,0,0,45,39,0,0,0,0,0,0,0,0,0,20,0,0,0
l5,13=93,94,96,87,99,0,91,92,88,56,89,69,62,55,58,0,61,44,44,35,0,0,0,0,0,0,0,0,0,0,40,38,0,0,0,0,0,0,0,62,49,0,0,0,0
l6,13=93,94,96,83,95,93,0,95,93,89,89,92,93,91,55,0,68,23,28,59,0,0,0,0,31,0,0,0,0,0,47,28,0,0,0,0,0,0,0,0,1,0,0,0,0
l7,13=93,94,96,83,91,93,90,0,93,93,89,92,93,91,83,0,81,44,82,86,0,45,19,81,86,81,66,1,0,0,0,0,0,0,0,0,0,0,0,0,0,0,0,0,0
l8,13=93,94,96,83,91,85,90,95,0,93,86,92,93,88,83,0,79,29,82,40,17,0,31,31,3,66,66,34,0,0,0,0,0,0,0,0,0,0,0,0,0,0,1,17,0
l9,13=69,88,90,80,90,85,86,86,93,0,89,92,93,91,78,0,80,27,47,63,65,86,1,26,57,79,65,38,0,0,42,8,0,0,0,0,0,0,0,0,0,0,0,0,0
l10,13=30,31,92,66,90,92,88,88,54,93,0,92,93,92,92,0,91,30,32,50,89,0,0,31,40,84,75,37,0,0,47,4,0,0,0,0,0,0,0,0,0,0,27,25,0
l11,13=75,31,96,70,90,85,90,93,93,93,90,0,93,92,78,0,81,25,45,47,59,85,0,21,36,0,72,38,0,0,48,45,0,0,0,0,0,0,0,0,0,0,0,27,0
l12,13=39,88,88,80,90,85,89,90,91,89,93,92,0,92,81,0,91,0,84,63,88,23,24,22,40,83,69,38,0,0,41,0,0,0,0,0,0,0,0,0,0,0,25,20,0
l13,13=89,34,96,81,90,85,91,90,91,93,93,92,93,0,83,0,90,21,87,40,70,29,30,30,35,82,70,30,0,0,0,17,0,0,0,0,0,0,0,0,0,0,0,26,0
l14,13=27,31,55,51,22,75,9,50,56,56,56,55,33,31,0,0,91,35,91,53,100,54,11,4,4,90,83,40,0,0,55,48,0,1,0,0,0,0,0,0,27,62,35,35,52
l15,13=6,51,69,78,53,79,85,65,91,87,93,90,93,92,99,0,0,30,91,96,95,52,40,22,57,87,68,47,0,0,91,26,0,31,0,0,0,0,0,8,17,0,34,27,31
l16,13=0,10,33,36,3,43,10,3,33,14,14,28,0,1,97,0,50,0,35,71,100,0,0,10,7,71,55,40,0,0,58,55,0,25,0,0,0,6,84,92,97,94,0,37,41
l17,13=9,0,0,0,12,79,33,54,52,56,56,55,59,53,99,0,91,84,0,100,100,59,24,31,41,89,73,40,0,0,50,63,0,0,0,0,0,0,0,52,32,54,36,33,22
l18,13=19,2,54,25,0,66,68,58,49,44,59,55,33,25,96,0,88,97,90,0,99,98,46,34,43,92,88,57,0,0,58,54,37,47,0,13,0,0,71,93,97,94,38,39,57
l19,13=0,0,39,0,0,0,3,0,20,52,59,53,92,31,99,0,91,98,91,100,0,96,24,93,96,94,96,47,0,0,75,50,0,0,0,0,0,0,7,90,96,86,62,92,70
l20,13=0,0,0,0,0,0,0,36,14,74,0,72,45,21,75,0,75,20,76,98,75,0,96,92,94,92,81,93,0,0,0,0,68,80,0,47,70,75,85,71,18,64,0,84,84
l21,13=0,0,0,0,0,0,0,68,78,5,0,0,82,83,68,0,81,0,81,91,79,99,0,91,95,86,92,93,0,0,0,0,64,31,0,40,0,0,83,0,0,0,90,87,90
l22,13=0,0,0,0,0,0,0,61,70,43,72,41,46,45,42,0,64,22,77,82,83,99,87,0,96,94,95,94,0,0,0,6,39,79,0,46,68,68,80,76,51,68,92,93,53
l23,13=0,0,0,0,0,0,46,70,0,72,69,48,87,66,71,0,73,22,85,82,99,98,93,93,0,94,96,92,0,0,32,20,73,58,0,71,44,0,88,73,69,76,98,99,93
l24,13=0,0,0,0,0,0,0,80,38,50,58,0,90,48,96,0,89,47,88,96,97,98,46,92,96,0,96,92,0,0,39,31,72,81,0,53,71,0,79,79,81,64,91,97,95
l25,13=0,0,7,0,0,0,0,37,71,41,47,52,49,32,85,0,61,22,44,94,92,76,66,93,96,94,0,55,0,0,37,3,72,19,0,52,68,70,74,71,65,65,98,99,93
l26,13=0,0,0,0,0,0,0,37,64,65,67,69,75,48,59,0,84,68,73,97,67,98,95,92,93,92,85,0,0,0,25,0,77,89,0,84,86,65,94,75,62,66,40,94,93
l27,13=0,7,36,17,34,26,45,0,0,11,13,42,27,0,38,0,33,98,33,37,53,0,0,0,10,55,61,10,0,0,0,97,47,43,0,31,31,16,91,96,99,96,0,0,0
l28,13=7,9,0,47,31,31,36,0,0,11,1,48,11,21,39,0,32,35,35,40,45,0,0,2,8,37,10,0,0,0,98,0,31,52,0,34,35,26,96,89,99,97,18,19,1
l29,13=0,0,0,0,0,0,0,0,0,0,0,0,0,0,0,0,0,0,0,14,0,28,6,24,75,71,77,76,0,0,59,17,0,94,0,87,90,95,96,95,91,61,28,37,0
l30,13=0,0,0,0,0,0,0,0,0,0,0,0,0,0,11,0,14,35,0,20,0,47,1,76,41,66,41,88,0,0,28,45,86,0,0,87,90,93,96,95,91,92,0,31,0
l31,13=0,0,0,0,0,0,0,0,0,0,0,0,0,0,0,0,0,0,0,6,0,43,9,61,68,58,69,78,0,0,70,45,86,94,0,0,90,95,95,80,86,92,0,0,0
l32,13=0,0,0,0,0,0,0,0,0,0,0,0,0,0,0,0,0,0,0,0,0,24,0,74,26,59,53,55,0,0,47,51,86,72,0,87,0,95,96,95,61,92,0,0,0
l33,13=0,0,0,0,0,0,0,0,0,0,0,0,0,0,0,0,0,52,0,0,0,20,0,40,0,0,49,38,0,0,32,40,86,84,0,87,90,0,93,86,74,52,0,0,0
l34,13=0,0,0,0,0,0,0,0,0,0,0,0,0,0,0,0,0,57,0,22,0,50,13,51,84,64,71,90,0,0,81,90,86,94,0,87,90,94,0,96,99,97,41,26,7
l35,13=0,0,0,0,0,24,0,0,0,0,0,0,0,0,0,0,4,64,26,77,36,40,0,53,39,60,66,81,0,0,92,51,86,94,0,52,90,94,96,0,99,97,29,22,0
l36,13=0,0,0,2,0,18,3,0,0,0,0,0,0,0,21,0,7,40,30,51,81,0,0,6,14,76,51,23,0,0,98,70,86,94,0,62,90,95,96,96,0,97,24,0,0
l37,13=0,0,0,0,22,0,0,0,0,0,0,0,0,0,20,0,0,92,19,82,33,25,0,9,49,43,52,28,0,0,92,95,74,94,0,87,90,17,96,96,99,0,0,0,0
l38,13=0,0,0,0,0,0,0,0,0,0,31,0,22,0,46,0,52,0,76,92,72,0,52,88,94,91,94,17,0,0,0,1,12,0,0,0,0,0,47,30,17,0,0,99,95
l39,13=0,0,0,0,0,0,0,0,13,0,28,49,23,24,85,0,44,49,51,58,78,53,24,57,94,90,94,54,0,0,0,5,8,28,0,0,0,0,34,32,0,0,96,0,95
l40,13=0,0,0,0,0,0,0,0,0,0,0,0,0,0,79,0,23,85,22,86,84,90,80,84,93,92,94,88,0,0,0,0,0,0,0,0,0,0,17,0,0,0,96,97,0
l41,13=0,0,0,0,0,0,0,4,0,0,56,0,54,0,90,0,79,96,89,98,97,95,35,91,95,92,94,91,0,0,45,0,16,0,0,0,0,0,35,0,33,83,98,99,95
l42,13=0,0,0,0,0,0,0,0,0,0,0,0,0,0,82,0,0,28,0,97,72,36,41,91,94,92,94,89,0,0,0,0,17,68,0,0,0,0,66,0,0,0,96,97,95
l43,13=0,0,0,0,0,0,0,0,0,0,0,37,2,0,68,0,61,0,72,77,85,94,74,86,92,84,94,86,0,0,0,0,0,35,0,0,71,0,60,0,0,0,96,96,87
l44,13=0,0,0,0,0,0,0,0,0,0,27,0,1,0,81,0,69,0,45,78,85,97,50,90,94,88,92,84,0,0,0,0,5,77,0,0,0,0,0,10,66,44,96,97,92

l0,14=0,100,100,100,100,100,99,100,100,100,100,100,96,96,58,0,59,0,0,0,0,0,0,0,0,0,0,0,0,0,88,0,0,0,0,0,0,0,0,0,0,0,0,0,0
l1,14=96,0,100,100,100,100,99,100,100,91,100,100,100,100,43,0,99,95,82,60,0,0,0,0,0,0,30,0,0,0,0,55,0,0,0,0,0,0,0,0,0,0,0,0,0
l2,14=96,100,0,100,100,100,99,100,100,100,100,100,100,100,99,0,99,97,80,58,1,0,0,0,0,0,0,0,0,0,48,0,0,0,0,0,0,0,0,0,0,0,0,0,0
l3,14=96,100,100,0,100,100,99,100,100,100,94,86,78,79,57,0,93,42,75,0,0,0,0,0,0,0,0,0,0,0,59,10,0,0,0,0,0,0,0,0,0,0,0,0,0
l4,14=96,100,100,100,0,99,99,59,100,100,95,100,100,100,60,0,98,85,82,1,0,0,0,0,0,0,0,0,0,0,70,61,0,0,0,0,0,0,0,0,0,0,0,0,0
l5,14=96,100,100,100,100,0,99,100,100,100,100,100,100,100,59,0,0,43,82,52,36,0,0,0,0,0,0,0,0,0,70,58,0,0,0,0,0,0,0,39,1,0,0,0,0
l6,14=96,100,100,100,100,100,0,100,100,100,100,100,100,100,0,0,99,0,99,94,0,0,0,0,0,0,0,0,0,0,91,0,0,0,0,0,0,0,0,0,0,0,0,75,0
l7,14=96,100,100,100,100,100,99,0,100,100,100,100,100,100,99,0,99,0,100,82,71,0,0,61,42,2,83,0,0,0,0,0,0,0,0,0,0,0,0,0,0,0,0,0,0
l8,14=96,100,100,100,100,100,99,100,0,100,100,100,100,100,99,0,99,94,100,87,0,75,0,74,44,50,99,95,0,0,0,0,0,0,0,0,0,0,0,0,0,0,0,86,0
l9,14=96,95,100,100,100,100,99,100,100,0,100,100,100,100,96,0,99,95,0,100,12,52,0,59,53,53,94,100,0,0,58,0,0,0,0,0,0,0,0,0,0,0,0,0,0
l10,14=93,97,100,97,100,100,99,100,100,100,0,100,100,100,56,0,99,96,100,58,58,10,0,64,56,75,96,62,0,0,67,45,0,0,0,0,0,0,0,0,53,0,93,93,0
l11,14=96,98,100,83,100,100,99,100,100,100,100,0,100,100,99,0,99,92,100,100,82,87,0,54,54,58,95,97,0,0,62,53,0,0,0,0,0,0,0,0,0,0,0,92,44
l12,14=92,100,100,99,100,100,99,100,100,100,100,100,0,100,99,0,99,0,100,99,58,80,86,58,100,100,96,0,0,0,53,55,0,0,0,0,0,0,0,0,0,0,0,98,0
l13,14=94,100,100,100,100,100,99,100,100,100,100,100,100,0,99,0,99,38,100,56,50,41,0,0,59,69,54,62,0,0,65,52,0,0,0,0,0,0,0,0,0,0,0,97,0
l14,14=56,34,87,25,65,68,0,57,99,92,86,97,78,59,0,0,99,99,100,88,100,53,29,59,57,67,97,43,0,0,66,58,0,30,0,0,0,0,0,21,30,96,92,96,95
l15,14=74,98,62,58,71,0,60,58,99,100,95,100,100,68,99,0,0,69,100,60,60,95,1,63,0,69,98,99,0,0,70,60,0,0,0,0,0,0,0,20,0,0,88,96,98
l16,14=0,57,93,0,70,20,0,0,30,40,91,95,0,1,60,0,92,0,100,100,61,0,0,15,42,6,82,58,0,0,98,60,47,61,0,0,0,0,49,58,63,97,66,96,59
l17,14=0,73,59,24,58,68,56,58,99,0,100,100,100,60,99,0,99,99,0,100,100,0,74,63,76,98,91,89,0,0,66,99,0,12,0,0,0,0,49,0,0,94,92,96,95
l18,14=0,57,90,0,53,68,58,38,99,98,93,99,78,44,98,0,96,99,100,0,98,98,100,64,94,68,97,98,0,0,69,60,49,58,0,0,0,0,73,53,62,97,99,98,98
l19,14=0,0,0,0,0,68,1,57,0,18,93,99,78,59,99,0,99,99,100,100,0,95,0,99,100,100,100,98,0,0,70,62,0,0,0,0,0,0,0,58,62,97,98,98,98
l20,14=0,0,0,0,0,0,0,0,92,89,2,93,93,51,70,0,96,48,0,98,95,0,100,98,98,97,97,99,0,0,0,0,92,99,0,89,93,89,98,91,0,91,99,92,89
l21,14=0,0,0,0,0,0,0,44,0,0,0,0,99,0,83,0,30,0,98,98,24,100,0,98,98,97,97,99,0,0,0,0,96,0,0,0,0,0,88,0,0,0,0,90,92
l22,14=0,0,0,0,0,0,0,92,98,73,98,87,83,0,95,0,96,93,98,98,98,100,100,0,100,100,100,100,0,0,0,50,98,95,0,87,97,90,85,92,52,75,99,94,92
l23,14=0,0,0,0,0,0,0,77,89,83,97,94,99,97,98,0,0,98,98,98,98,98,100,99,0,100,100,97,0,0,83,90,98,99,0,98,85,75,98,76,0,97,99,98,98
l24,14=0,0,0,0,0,0,0,29,89,87,98,93,99,68,98,0,96,71,98,98,98,99,100,100,100,0,100,98,0,0,67,50,86,100,0,85,96,60,69,57,58,97,99,98,98
l25,14=0,3,0,0,0,0,0,86,99,78,97,98,98,74,98,0,96,96,98,98,98,97,100,99,100,100,0,98,0,0,0,0,98,98,0,98,95,89,96,76,98,88,99,99,98
l26,14=0,0,0,0,0,0,0,2,97,92,73,96,27,77,94,0,95,79,97,98,96,98,100,98,96,97,97,0,0,0,47,0,97,97,0,95,94,86,98,96,86,90,0,97,98
l27,14=61,0,29,55,76,73,46,0,0,68,91,89,43,13,49,0,98,99,51,60,59,0,0,0,32,56,3,80,0,0,0,100,61,63,0,58,72,81,76,58,100,100,0,88,0
l28,14=0,52,0,0,73,64,3,0,0,0,62,88,43,1,59,0,98,99,85,24,32,0,0,7,30,24,0,0,0,0,100,0,49,60,0,62,51,56,58,58,63,97,33,0,0
l29,14=0,0,0,0,0,0,0,0,0,0,0,0,0,0,0,0,0,57,0,31,0,83,70,97,99,97,98,99,0,0,99,92,0,100,0,100,99,99,100,100,100,100,0,90,14
l30,14=0,0,0,0,0,0,0,0,0,0,0,0,0,0,44,0,0,51,26,42,0,96,0,66,96,94,94,98,0,0,98,89,100,0,0,100,99,99,100,100,100,100,52,53,44
l31,14=0,0,0,0,0,0,0,0,0,0,0,0,0,0,0,0,0,0,0,3,0,69,0,62,85,46,65,85,0,0,56,77,100,100,0,0,99,99,100,89,100,100,1,14,0
l32,14=0,0,0,0,0,0,0,0,0,0,0,0,0,0,0,0,0,0,0,0,0,79,0,84,73,63,56,71,0,0,77,79,100,100,0,100,0,99,100,100,62,99,0,0,0
l33,14=0,0,0,0,0,0,0,0,0,0,0,0,0,0,0,0,0,0,0,0,0,59,0,71,73,1,77,64,0,0,77,12,100,91,0,100,99,0,88,84,86,74,0,0,0
l34,14=0,0,0,0,0,0,0,0,0,0,0,0,0,0,0,0,0,60,38,64,0,98,44,61,83,80,93,100,0,0,100,96,100,100,0,100,99,99,0,100,100,100,51,0,0
l35,14=0,0,0,0,0,65,0,0,0,0,0,0,0,0,31,0,83,95,0,32,71,95,0,66,43,82,88,96,0,0,97,97,100,100,0,63,99,98,100,0,100,100,7,90,0
l36,14=0,0,0,0,57,13,0,0,0,0,76,0,0,0,29,0,0,99,0,98,70,0,0,23,0,52,93,95,0,0,100,97,100,100,0,100,79,98,100,100,0,100,0,93,0
l37,14=0,0,0,0,1,11,0,0,0,0,0,0,0,0,28,0,0,95,41,65,27,76,0,21,85,83,76,83,0,0,100,100,100,100,0,100,99,75,100,100,100,0,6,68,0
l38,14=0,0,0,0,0,0,0,0,0,0,88,0,0,0,59,0,37,28,93,92,58,93,0,96,98,97,97,0,0,0,0,0,0,34,0,0,0,0,35,0,0,0,0,98,98
l39,14=0,0,0,0,0,0,16,0,77,0,14,70,41,27,89,0,48,54,89,93,43,54,48,60,98,94,97,64,0,0,49,0,56,2,0,0,0,0,0,30,49,2,100,0,98
l40,14=0,0,0,0,0,0,0,0,0,0,0,0,0,0,94,0,92,90,95,96,95,13,3,95,98,96,95,96,0,0,0,0,0,52,0,0,0,0,0,0,0,0,99,98,0
l41,14=0,0,0,0,0,0,0,0,0,89,94,81,96,0,96,0,95,99,98,97,98,65,0,98,99,97,97,97,0,0,93,67,59,21,0,0,0,0,0,0,72,95,100,100,98
l42,14=0,0,0,0,0,0,0,0,0,0,0,0,37,0,95,0,0,65,90,98,22,95,90,98,98,97,97,98,0,0,0,0,13,73,0,0,0,0,0,0,0,0,99,98,98
l43,14=0,0,0,0,0,0,0,0,0,0,0,0,0,0,69,0,0,82,84,84,89,93,83,97,98,97,97,96,0,0,0,0,57,86,0,69,79,0,83,75,0,0,99,98,97
l44,14=0,0,0,0,0,0,0,0,0,0,0,0,86,0,92,0,93,78,91,97,89,97,88,97,98,97,97,94,0,0,0,0,0,88,0,0,0,0,0,5,34,85,99,98,98

l0,15=0,100,100,100,100,100,100,100,100,100,97,100,100,100,82,0,97,97,84,63,0,0,0,0,0,0,0,0,0,0,96,95,0,0,0,0,0,0,0,0,0,0,0,0,0
l1,15=100,0,100,100,100,100,100,100,100,100,97,100,100,100,0,0,97,100,100,94,0,0,0,0,0,0,0,0,0,0,98,89,0,0,0,0,0,0,0,0,0,0,0,0,0
l2,15=100,100,0,1,100,100,100,100,100,100,97,100,100,100,75,0,90,91,100,68,17,0,0,0,0,0,0,0,0,0,100,96,0,0,0,0,0,0,0,0,0,0,0,0,0
l3,15=100,100,1,0,100,100,100,100,100,61,97,97,100,93,54,0,41,89,96,55,0,0,0,0,0,0,0,0,0,0,97,97,0,0,0,0,0,0,0,0,0,0,0,0,0
l4,15=100,100,59,100,0,100,100,100,100,100,60,100,0,99,59,0,58,91,73,66,0,0,0,0,0,0,0,0,0,0,100,2,0,0,0,0,0,0,0,0,0,0,0,0,0
l5,15=100,100,100,100,100,0,100,100,100,100,89,100,100,100,59,0,59,85,96,59,57,0,0,0,0,0,0,0,0,0,95,97,0,0,0,0,0,0,0,0,85,0,0,0,0
l6,15=100,100,100,100,100,100,0,100,100,100,97,100,100,100,0,0,97,100,100,91,31,47,0,0,0,0,0,0,0,0,95,0,0,0,0,0,0,0,0,0,0,0,0,0,0
l7,15=100,100,100,100,100,100,100,0,100,100,97,100,100,100,100,0,97,98,100,97,99,99,0,95,0,96,75,98,0,0,0,0,0,0,0,0,0,0,0,0,0,0,0,0,0
l8,15=100,100,100,100,100,100,100,100,0,100,97,100,100,100,100,0,97,86,100,97,87,60,0,96,99,54,99,97,0,0,0,96,0,0,0,0,0,0,0,0,0,0,57,0,0
l9,15=100,100,100,100,100,100,100,100,100,0,97,100,100,100,100,0,97,99,100,97,60,61,1,94,1,65,55,100,0,0,0,0,0,0,0,0,0,0,0,0,0,0,1,90,0
l10,15=98,79,57,97,97,100,98,98,100,100,0,100,100,100,96,0,57,87,100,66,59,0,0,95,76,66,60,96,0,0,78,15,0,0,0,0,0,0,0,0,26,1,94,94,68
l11,15=100,100,100,63,100,100,100,100,100,100,97,0,100,100,99,0,97,87,100,97,100,59,0,0,76,63,45,59,0,0,93,94,0,0,0,0,0,0,0,0,0,2,2,21,0
l12,15=99,100,55,63,0,100,100,100,100,100,97,100,0,100,59,0,97,90,100,68,62,41,75,88,100,100,61,0,0,0,77,64,0,0,0,0,0,0,0,0,0,0,0,62,0
l13,15=100,100,100,63,100,100,100,100,100,100,97,100,100,0,98,0,97,86,99,93,45,37,13,61,76,64,4,96,0,0,80,91,0,0,0,0,0,0,0,0,0,0,0,0,0
l14,15=60,0,55,56,92,97,0,95,86,35,60,75,98,91,0,0,97,91,100,68,63,1,0,64,77,64,61,60,0,0,98,99,0,46,0,0,0,0,0,1,88,0,58,98,67
l15,15=98,80,56,29,96,99,99,100,86,61,60,97,100,93,100,0,0,91,100,68,63,44,60,91,77,64,61,98,0,0,100,99,0,32,0,0,0,0,0,90,85,50,58,98,68
l16,15=71,39,15,59,94,67,60,61,76,55,33,51,100,92,100,0,84,0,100,97,100,35,0,82,77,61,60,88,0,0,100,99,55,51,0,19,0,0,88,100,100,99,0,61,59
l17,15=60,80,51,56,83,99,99,99,100,61,97,100,100,99,100,0,97,100,0,97,100,63,92,97,100,100,61,96,0,0,100,99,0,0,0,0,0,0,15,0,99,50,98,98,68
l18,15=64,36,14,41,85,67,50,99,86,61,60,96,99,92,100,0,58,100,100,0,99,86,96,97,82,64,99,99,0,0,100,99,49,52,0,44,0,0,99,98,100,56,98,98,69
l19,15=0,0,3,0,0,73,53,99,82,52,42,96,99,83,100,0,97,100,100,97,0,62,45,97,100,100,100,4,0,0,100,99,35,0,0,0,0,0,96,98,100,98,98,96,69
l20,15=0,0,0,0,0,0,68,94,66,66,0,92,89,81,9,0,89,73,97,96,92,0,100,97,97,100,94,100,0,0,0,0,91,95,0,68,93,96,94,92,0,20,92,96,74
l21,15=0,0,0,0,0,0,0,77,0,7,0,0,89,79,0,0,89,0,97,96,59,100,0,98,99,94,96,100,0,0,0,0,85,0,0,0,32,0,62,0,0,0,78,96,89
l22,15=0,0,0,0,0,0,0,92,74,47,84,5,89,66,94,0,89,66,97,96,93,99,90,0,100,99,99,100,0,0,0,0,91,61,0,56,95,91,92,72,75,77,98,96,91
l23,15=0,0,0,0,0,0,0,0,80,0,90,96,98,89,98,0,91,97,97,94,98,96,95,97,0,100,100,96,0,0,88,90,96,94,0,94,0,86,94,96,75,81,98,97,99
l24,15=0,0,0,0,0,0,0,94,68,89,97,91,99,96,100,0,94,93,99,96,99,99,95,97,100,0,100,99,0,0,92,94,92,94,0,91,96,0,96,97,95,96,98,97,98
l25,15=0,0,0,0,0,0,0,83,85,39,85,74,90,31,100,0,91,89,95,96,99,95,85,97,100,100,0,99,0,0,0,0,94,73,0,81,94,93,80,96,92,76,98,98,93
l26,15=0,0,0,0,0,0,0,93,84,86,77,78,14,88,91,0,87,81,93,91,0,99,99,97,99,98,98,0,0,0,0,0,92,94,0,88,88,92,93,89,92,42,93,94,99
l27,15=69,37,16,60,92,68,54,25,0,0,21,51,60,86,59,0,36,100,63,64,48,0,0,0,73,60,0,0,0,0,0,99,55,54,0,60,58,91,96,100,100,84,50,53,0
l28,15=69,19,16,54,23,69,0,24,82,0,0,51,54,80,59,0,35,100,64,64,54,0,0,0,73,59,0,0,0,0,100,0,60,54,0,60,58,92,97,99,100,99,23,49,0
l29,15=0,0,0,0,0,0,0,0,0,0,0,0,0,0,0,0,0,95,0,58,0,96,57,98,99,82,100,100,0,0,95,99,0,99,0,100,99,100,100,100,100,99,77,67,37
l30,15=0,0,0,0,0,0,0,0,0,0,0,0,0,0,79,0,32,54,29,89,0,88,0,79,94,91,88,91,0,0,88,62,100,0,0,100,99,100,100,100,100,99,0,0,73
l31,15=0,0,0,0,0,0,0,0,0,0,0,0,0,0,0,0,0,68,0,57,0,40,0,56,88,85,82,88,0,0,81,87,100,99,0,0,99,100,100,100,100,99,12,0,52
l32,15=0,0,0,0,0,0,0,0,0,0,0,0,0,0,0,0,0,0,0,0,0,91,0,85,0,88,91,88,0,0,81,96,100,99,0,100,0,100,100,100,100,99,0,50,0
l33,15=0,0,0,0,0,0,0,0,0,0,0,0,0,0,0,0,0,0,0,0,0,67,0,56,63,0,82,81,0,0,79,54,100,97,0,100,99,0,100,98,95,93,0,0,0
l34,15=0,0,0,0,0,0,0,0,0,0,0,0,0,0,0,0,0,47,24,96,75,99,0,96,96,93,89,99,0,0,97,99,100,99,0,100,99,100,0,100,100,99,21,0,57
l35,15=0,0,0,0,0,0,0,0,0,0,0,0,0,0,9,0,36,91,0,88,48,40,0,89,92,86,89,91,0,0,94,86,100,99,0,100,98,99,100,0,100,99,32,54,0
l36,15=0,0,0,0,0,67,0,0,0,0,3,0,0,0,57,0,33,59,62,90,78,0,0,89,72,93,93,92,0,0,100,98,57,99,0,96,91,95,100,100,0,99,0,20,0
l37,15=0,0,0,0,0,0,0,0,0,0,0,4,0,0,0,0,33,56,58,58,77,9,0,77,67,93,55,51,0,0,97,82,100,99,0,100,99,97,100,100,100,0,0,0,0
l38,15=0,0,0,0,0,0,0,15,9,0,35,0,0,0,68,0,34,0,80,89,62,93,32,87,99,93,96,84,0,0,37,2,71,0,0,0,0,0,21,2,0,0,0,98,99
l39,15=0,0,0,0,0,0,0,0,0,22,23,0,44,0,91,0,69,70,92,89,41,68,63,65,96,77,99,52,0,0,54,14,68,0,0,0,0,0,0,37,0,0,99,0,99
l40,15=0,0,0,0,0,0,0,0,0,0,60,0,0,0,84,0,84,88,82,89,78,28,58,83,98,85,92,94,0,0,0,0,6,56,0,13,0,0,69,0,0,0,98,98,0
l41,15=0,0,0,0,0,0,0,0,35,13,58,49,46,86,98,0,88,97,97,94,99,59,0,95,99,99,99,96,0,0,83,71,28,39,0,0,0,0,0,0,53,0,98,99,99
l42,15=0,0,0,0,0,0,0,0,0,0,0,0,56,0,66,0,0,72,74,91,61,93,65,93,99,99,92,94,0,0,0,0,5,40,0,0,65,0,74,0,10,0,98,98,99
l43,15=0,0,0,0,0,0,0,0,0,0,0,0,0,3,52,0,50,28,62,70,67,66,57,88,94,93,94,58,0,0,0,0,0,62,0,54,59,0,72,58,0,0,96,97,93
l44,15=0,0,0,0,0,0,0,0,0,0,0,0,34,0,64,0,62,22,48,89,62,95,50,87,99,92,96,92,0,0,0,0,65,59,0,0,54,0,0,0,16,0,96,98,99

