l0,0=0,94,95,90,95,95,95,91,89,93,92,91,92,91,68,0,86,0,72,44,0,0,0,0,0,0,0,0,0,0,78,80,0,0,0,0,0,0,0,0,8,0,0,0,0
l1,0=93,0,90,89,87,95,96,75,97,89,90,91,51,93,82,0,86,24,29,1,13,0,0,0,0,1,0,0,0,0,78,35,0,0,0,0,0,0,0,0,56,0,0,0,0
l2,0=93,93,0,89,88,94,96,99,98,91,92,92,92,94,12,0,91,29,28,62,81,0,0,0,0,0,44,0,0,0,72,35,0,0,0,0,0,0,0,0,0,0,0,0,0
l3,0=93,93,89,0,96,94,95,92,92,92,43,91,92,89,36,0,86,82,41,10,66,0,0,0,0,0,0,0,0,0,88,57,0,0,0,0,0,0,0,0,7,0,0,0,0
l4,0=96,94,88,93,0,95,96,71,94,94,89,0,51,90,80,0,84,13,30,0,0,0,0,0,0,0,0,0,0,0,81,44,0,0,0,0,0,0,0,0,0,0,0,0,0
l5,0=93,93,92,89,94,0,94,99,96,92,91,91,92,57,83,0,88,13,30,23,81,0,0,0,0,0,0,0,0,0,86,0,0,0,0,0,0,0,0,0,67,49,0,0,0
l6,0=90,94,94,90,95,94,0,99,97,94,92,70,92,56,90,0,91,29,30,59,78,0,0,0,0,0,0,0,0,0,82,0,0,0,0,0,0,0,0,0,0,0,0,0,0
l7,0=93,91,92,89,87,94,95,0,98,96,92,92,92,94,94,0,92,3,90,92,87,36,31,26,68,86,67,0,0,0,69,0,0,0,0,0,0,0,0,0,0,0,0,28,0
l8,0=90,94,95,93,95,95,96,99,0,96,92,92,92,94,91,0,92,31,63,87,87,26,51,35,50,18,27,38,0,0,0,0,0,0,0,0,0,0,0,0,0,0,0,10,0
l9,0=93,83,84,91,89,92,95,98,98,0,92,92,92,94,94,0,92,23,29,48,84,37,0,45,8,44,19,49,0,0,1,30,0,0,0,0,0,0,0,0,0,0,0,1,0
l10,0=58,60,90,1,80,94,74,72,87,92,0,79,92,21,92,0,92,32,89,90,93,34,50,36,20,89,85,75,0,0,59,35,0,0,0,0,0,0,0,0,1,0,10,14,0
l11,0=90,92,89,88,24,93,90,93,98,96,92,0,92,94,92,0,92,40,33,91,93,40,3,2,44,20,50,66,0,0,53,18,0,0,0,0,0,0,0,0,0,0,19,14,1
l12,0=90,89,89,86,28,93,93,92,89,91,92,92,0,94,92,0,92,87,89,91,93,27,8,0,58,65,87,73,0,0,7,32,0,0,0,0,0,0,0,0,0,0,0,15,22
l13,0=72,94,94,19,87,94,72,97,98,96,76,92,92,0,92,0,92,48,89,68,92,0,1,37,5,77,2,9,0,0,70,18,0,0,0,0,0,0,0,0,0,0,13,2,0
l14,0=21,30,10,0,60,68,29,14,18,89,73,44,31,35,0,0,92,38,94,74,100,23,40,52,23,39,30,75,0,0,89,35,0,28,0,0,0,0,3,1,25,30,29,27,15
l15,0=47,38,40,11,73,84,46,89,41,91,92,92,72,94,96,0,0,26,94,59,96,81,43,58,45,90,83,88,0,0,86,33,16,9,0,0,0,0,6,3,15,14,26,21,13
l16,0=11,9,17,4,20,69,24,0,32,51,81,43,28,30,93,0,70,0,33,65,95,0,0,25,60,79,66,0,0,0,95,49,9,6,0,5,4,57,80,46,87,86,26,3,0
l17,0=11,31,14,0,62,75,31,12,14,70,92,22,11,47,96,0,92,87,0,94,100,53,17,47,41,28,49,75,0,0,84,35,0,0,0,0,0,0,0,0,22,29,23,27,17
l18,0=3,0,1,0,0,48,31,26,35,70,90,43,30,4,93,0,61,86,76,0,100,75,48,58,68,91,89,73,0,0,57,32,26,10,0,30,0,0,75,50,84,68,26,28,45
l19,0=0,12,10,0,0,68,16,37,39,77,90,62,89,17,96,0,90,86,93,95,0,71,27,29,65,91,88,25,0,0,94,85,0,1,0,0,0,0,0,4,90,49,37,91,64
l20,0=0,0,0,0,0,0,0,4,54,64,7,54,0,61,26,0,85,9,77,91,73,0,100,98,89,91,87,98,0,0,0,0,73,77,0,83,84,46,81,60,0,65,75,69,73
l21,0=0,0,0,0,0,0,0,34,95,0,75,3,0,0,65,0,71,0,21,93,66,95,0,95,91,78,88,98,0,0,0,0,57,92,0,0,9,0,88,9,0,0,80,37,84
l22,0=0,0,0,0,0,0,0,52,57,65,61,27,0,52,79,0,80,51,55,93,58,92,69,0,91,31,91,98,0,0,0,37,83,86,0,76,85,70,83,66,65,66,76,90,69
l23,0=0,0,0,0,0,0,0,13,8,23,71,24,12,0,31,0,75,78,83,89,82,86,80,98,0,93,91,84,0,0,0,24,43,44,0,23,8,7,82,51,70,79,79,92,86
l24,0=0,0,0,0,0,0,0,36,29,63,85,17,11,18,85,0,82,52,57,94,89,92,42,13,93,0,90,73,0,0,7,29,15,84,0,56,48,0,70,74,42,58,88,92,85
l25,0=0,0,25,0,0,0,0,38,28,18,78,50,60,2,68,0,70,53,77,92,77,85,79,99,93,93,0,83,0,0,0,0,88,75,0,1,72,59,70,69,58,78,84,93,79
l26,0=0,0,0,0,0,0,0,6,30,6,72,69,67,4,77,0,81,3,74,86,64,92,98,98,91,79,88,0,0,0,42,0,65,90,0,94,85,82,92,82,52,74,80,83,89
l27,0=0,41,19,2,22,75,32,27,0,0,77,32,6,1,59,0,75,87,17,46,92,0,0,0,0,44,6,4,0,0,0,90,28,42,0,34,17,70,88,88,88,88,4,4,26
l28,0=16,44,24,1,25,25,5,0,0,68,72,35,19,1,32,0,68,87,17,40,91,0,0,18,53,69,0,0,0,0,95,0,36,43,0,27,33,75,86,85,93,93,2,0,26
l29,0=0,0,0,0,0,0,0,0,0,0,0,0,0,0,0,0,11,40,0,59,0,68,22,95,50,2,90,21,0,0,61,89,0,96,0,98,98,100,98,98,94,95,0,0,13
l30,0=0,0,0,0,0,0,0,0,0,0,0,0,0,0,1,0,2,0,0,29,1,45,37,81,43,83,33,57,0,0,94,88,99,0,0,98,98,100,98,99,94,95,26,7,0
l31,0=0,0,0,0,0,0,0,0,0,0,0,0,0,0,0,0,0,14,0,47,0,67,0,42,30,51,0,96,0,0,66,68,99,96,0,0,98,100,98,99,94,95,4,0,4
l32,0=0,0,0,0,0,0,0,0,0,0,0,0,0,0,0,0,0,0,0,0,0,70,17,96,33,49,67,45,0,0,3,69,99,96,0,98,0,100,98,98,91,88,8,0,0
l33,0=0,0,0,0,0,0,0,0,0,0,0,0,0,0,0,0,0,42,0,0,0,46,0,52,0,0,52,23,0,0,33,57,99,96,0,98,98,0,94,86,86,4,0,0,0
l34,0=0,0,0,0,0,0,0,0,0,0,0,0,0,0,0,0,3,38,0,24,0,75,41,91,74,70,70,94,0,0,94,81,99,96,0,98,98,99,0,99,94,95,13,4,0
l35,0=0,0,0,0,0,0,0,0,0,0,0,0,0,0,0,0,0,22,0,37,9,27,9,24,52,76,42,28,0,0,95,90,99,96,0,98,98,99,98,0,94,95,0,0,0
l36,0=0,11,0,0,0,25,0,0,0,0,15,0,0,0,23,0,29,46,5,67,92,0,0,24,55,32,26,3,0,0,38,90,62,96,0,37,35,88,96,99,0,76,0,1,0
l37,0=0,0,0,0,0,48,0,0,0,0,0,0,0,0,25,0,31,70,10,80,67,24,0,22,81,54,45,19,0,0,89,90,97,96,0,98,38,3,98,99,94,0,10,0,0
l38,0=0,0,0,0,0,0,0,0,0,0,20,9,0,1,80,0,39,69,75,83,53,79,67,85,85,90,84,77,0,0,0,0,0,53,0,0,0,0,33,0,0,0,0,92,86
l39,0=0,0,0,0,0,0,0,1,0,0,39,9,6,5,82,0,49,15,71,86,86,72,18,88,91,90,89,76,0,0,2,0,0,12,0,0,0,0,0,0,2,0,88,0,86
l40,0=0,0,0,0,0,0,0,0,0,0,0,0,1,0,41,0,40,0,72,84,76,77,71,84,91,82,86,77,0,0,12,20,2,4,0,0,0,0,0,0,0,0,88,93,0
l41,0=0,0,0,0,0,0,0,0,0,57,35,18,0,34,86,0,77,79,92,94,93,75,65,97,91,90,87,84,0,0,71,38,0,67,0,0,0,0,0,0,21,9,88,93,89
l42,0=0,0,0,0,0,0,0,0,0,0,10,0,0,0,55,0,4,24,24,78,62,81,15,88,91,86,89,76,0,0,0,0,5,7,0,26,9,0,16,0,0,0,88,92,84
l43,0=0,0,0,0,0,0,0,0,0,0,28,0,0,0,18,0,6,20,32,76,30,24,30,85,89,84,84,77,0,0,0,0,1,21,0,0,11,0,14,0,0,0,84,92,85
l44,0=0,0,0,0,0,0,0,0,0,0,1,8,0,0,73,0,4,43,72,76,69,82,70,80,89,87,85,79,0,0,0,0,1,0,0,0,0,0,0,1,0,0,84,88,86

l0,1=0,93,96,98,94,94,91,87,84,87,85,88,93,90,72,0,58,51,0,60,0,0,0,0,0,0,0,0,0,0,84,44,0,0,0,0,0,0,0,0,0,0,0,0,0
l1,1=97,0,97,92,97,93,93,87,91,89,87,90,58,94,54,0,51,36,8,43,62,0,0,0,3,0,0,0,0,0,83,0,0,0,0,0,0,0,0,0,11,0,0,0,0
l2,1=96,91,0,94,96,94,92,92,91,94,81,90,93,94,68,0,85,79,62,29,60,0,0,0,0,43,16,0,0,0,73,0,0,0,0,0,0,0,0,0,0,0,0,0,0
l3,1=97,93,96,0,97,94,93,84,84,0,73,80,86,86,60,0,82,78,75,24,40,0,0,0,0,0,0,0,0,0,84,5,0,0,0,0,0,0,0,0,0,0,0,0,0
l4,1=94,93,91,98,0,94,91,83,86,89,78,55,92,91,1,0,81,79,76,0,0,0,0,0,0,0,0,0,0,0,84,70,0,0,0,0,0,0,0,0,0,0,0,0,0
l5,1=94,91,92,92,93,0,91,87,86,45,85,85,75,53,72,0,86,0,22,0,0,0,0,0,0,0,0,0,0,0,84,23,0,0,0,0,0,0,0,0,64,37,0,0,0
l6,1=95,93,97,93,90,94,0,88,91,88,87,80,93,92,53,0,86,78,46,45,57,0,0,0,0,0,0,0,0,0,82,0,0,0,0,0,0,0,0,0,0,0,0,0,0
l7,1=96,90,95,85,84,94,91,0,91,94,87,90,93,94,82,0,89,0,83,63,79,65,63,80,0,80,78,0,0,0,49,0,0,0,0,0,0,0,0,0,0,0,0,69,0
l8,1=88,91,97,93,94,94,91,94,0,94,86,90,75,94,86,0,87,70,84,83,46,69,55,67,42,47,66,0,0,0,48,63,0,0,0,0,0,0,0,0,0,0,0,0,0
l9,1=92,90,93,24,90,75,91,94,91,0,87,90,93,94,82,0,75,67,79,36,60,34,0,0,61,14,37,27,0,0,0,60,0,0,0,0,0,0,0,0,0,0,0,0,0
l10,1=90,85,78,52,51,88,86,84,69,89,0,90,93,92,76,0,89,81,86,84,85,22,31,16,14,86,80,57,0,0,81,75,0,10,0,0,0,0,0,0,6,0,42,49,57
l11,1=91,90,93,73,69,93,81,91,91,94,87,0,93,94,87,0,89,75,86,86,79,0,0,10,51,76,70,0,0,0,0,63,0,0,0,0,0,0,0,0,0,0,0,52,17
l12,1=91,80,93,54,91,93,93,87,63,90,87,90,0,94,87,0,89,83,86,86,87,54,0,34,35,84,53,56,0,0,52,55,0,0,0,0,0,0,0,0,0,0,8,39,0
l13,1=91,91,93,78,91,90,91,88,91,94,87,90,93,0,87,0,89,16,81,59,52,44,25,30,47,54,50,38,0,0,73,0,0,0,0,0,0,0,0,0,0,0,37,0,0
l14,1=60,26,50,5,0,74,34,38,48,50,73,77,82,47,0,0,87,80,87,86,88,38,26,47,45,48,45,48,0,0,83,74,0,0,0,0,0,0,25,0,41,40,59,73,68
l15,1=72,66,72,44,36,82,76,59,46,51,87,88,93,80,89,0,0,81,86,76,87,75,52,47,47,54,49,53,0,0,84,40,0,29,0,0,0,0,0,6,33,17,75,50,51
l16,1=58,3,21,33,29,20,15,3,19,14,68,37,23,4,66,0,82,0,24,55,66,40,0,27,29,28,0,24,0,0,88,85,22,43,0,0,44,3,5,0,68,75,57,48,49
l17,1=1,5,51,37,31,22,43,36,46,55,80,79,51,46,89,0,87,82,0,66,90,33,28,42,46,11,49,47,0,0,64,0,0,0,0,0,0,0,0,8,35,45,68,67,69
l18,1=43,34,23,0,0,1,58,31,44,35,71,63,46,40,87,0,88,86,63,0,90,84,60,41,90,92,87,54,0,0,76,78,1,29,0,49,0,0,20,12,66,74,78,82,45
l19,1=0,43,43,0,0,0,40,46,27,49,68,63,49,26,84,0,85,81,86,91,0,66,51,43,46,43,48,50,0,0,74,76,0,54,0,0,0,0,17,0,63,34,62,80,68
l20,1=0,0,0,0,0,0,0,16,66,41,51,0,62,53,59,0,83,44,57,84,73,0,94,86,88,93,81,87,0,0,0,0,69,71,0,54,74,36,79,53,56,61,81,54,75
l21,1=0,0,0,0,0,0,0,12,36,0,64,0,0,16,58,0,79,0,71,74,43,93,0,80,86,83,82,85,0,0,0,0,4,74,0,0,1,0,78,53,0,0,85,72,80
l22,1=0,0,0,0,0,0,0,51,57,0,41,33,57,32,63,0,75,61,67,66,65,75,72,0,88,60,87,87,0,0,0,0,72,75,0,68,65,53,78,58,65,52,77,64,72
l23,1=0,0,0,0,0,0,0,4,51,70,2,51,55,59,66,0,80,77,76,86,78,79,83,87,0,92,86,80,0,0,0,50,56,69,0,18,0,35,82,38,68,82,36,82,86
l24,1=0,0,49,0,0,0,0,60,23,29,73,67,75,66,67,0,80,75,61,85,79,85,81,61,90,0,86,78,0,0,0,61,45,58,0,2,53,35,39,68,73,73,89,77,85
l25,1=0,0,0,0,0,0,0,20,53,39,68,54,64,42,37,0,77,3,64,86,77,69,80,92,90,92,0,83,0,0,0,0,69,61,0,52,63,48,59,42,0,62,87,82,80
l26,1=0,0,0,0,0,0,0,14,28,17,59,0,68,40,54,0,74,63,65,79,66,87,83,88,83,86,82,0,0,0,0,0,71,79,0,70,66,60,85,58,58,71,85,75,81
l27,1=59,37,11,53,54,76,63,1,19,0,58,0,6,23,65,0,85,86,46,43,63,0,0,0,0,0,0,0,0,0,0,85,39,83,0,67,49,43,23,71,93,85,46,0,0
l28,1=20,0,3,1,50,33,0,22,35,42,57,39,14,2,59,0,62,86,40,50,65,0,0,0,21,35,0,0,0,0,88,0,71,75,0,69,65,35,50,46,93,94,1,0,0
l29,1=0,0,0,0,0,0,0,0,0,0,0,0,0,0,0,0,0,21,0,6,0,59,39,91,43,29,85,76,0,0,71,79,0,95,0,84,83,98,93,91,93,93,39,0,0
l30,1=0,0,0,0,0,0,0,0,0,0,2,0,0,0,0,0,44,62,0,31,49,39,55,87,39,15,40,84,0,0,88,79,83,0,0,84,83,98,93,91,93,96,34,27,22
l31,1=0,0,0,0,0,0,0,0,0,0,0,0,0,0,0,0,0,1,0,42,0,27,0,78,20,0,68,78,0,0,71,70,83,95,0,0,83,98,93,62,93,96,0,0,0
l32,1=0,0,0,0,0,0,0,0,0,0,0,0,0,0,0,0,0,5,0,0,0,47,25,68,0,29,69,56,0,0,26,46,83,95,0,84,0,98,93,91,54,94,0,0,0
l33,1=0,0,0,0,0,0,0,0,0,0,0,0,0,0,0,0,0,31,0,0,0,0,0,59,44,3,52,28,0,0,39,0,83,94,0,84,83,0,93,85,91,57,0,0,0
l34,1=0,0,0,0,0,0,0,0,0,0,0,0,0,0,39,0,0,69,0,62,43,70,52,79,77,18,60,82,0,0,78,79,83,95,0,84,83,96,0,91,93,96,46,23,0
l35,1=0,0,0,0,0,0,0,0,0,0,0,0,0,0,0,0,26,64,35,47,1,32,42,59,15,42,14,49,0,0,88,64,83,95,0,67,82,68,93,0,93,96,0,0,0
l36,1=0,0,0,0,0,57,0,0,0,0,4,0,0,0,56,0,51,83,39,52,63,18,0,30,19,17,0,37,0,0,87,61,47,95,0,80,70,70,88,88,0,94,0,1,0
l37,1=0,0,0,0,0,51,0,0,0,0,0,0,0,0,49,0,28,75,39,73,50,35,5,37,81,48,43,66,0,0,88,85,79,95,0,84,78,54,93,91,93,0,0,0,0
l38,1=0,0,0,0,0,0,0,0,0,0,43,0,5,1,65,0,64,51,41,73,67,64,69,76,22,91,80,74,0,0,0,0,17,23,0,0,0,0,27,0,0,0,0,82,89
l39,1=0,0,0,0,0,0,0,12,0,0,43,42,4,0,67,0,69,21,74,82,80,36,65,80,88,90,85,78,0,0,0,0,0,14,0,0,0,0,9,0,0,0,89,0,89
l40,1=0,0,0,0,0,0,0,0,0,0,13,2,0,0,56,0,4,30,64,68,73,65,37,75,88,86,75,73,0,0,0,0,0,3,0,0,0,0,0,0,0,0,88,81,0
l41,1=0,0,0,0,0,0,0,0,2,44,65,53,26,18,76,0,78,74,54,86,75,69,31,85,88,91,73,74,0,0,60,58,0,0,0,0,30,0,0,24,0,0,91,84,89
l42,1=0,0,0,0,0,0,0,0,0,0,0,0,0,0,57,0,46,59,8,71,63,59,70,77,88,91,85,72,0,0,0,0,0,0,0,18,14,0,0,0,0,0,89,82,89
l43,1=0,0,0,0,0,0,0,0,0,0,15,0,0,0,26,0,28,18,2,38,18,60,11,84,88,81,81,73,0,0,0,0,25,23,0,0,11,0,4,7,0,0,88,81,89
l44,1=0,0,0,0,0,0,0,0,0,0,0,0,10,8,38,0,20,26,44,55,71,70,24,42,82,85,81,76,0,0,0,0,26,4,0,0,0,0,0,0,0,0,89,76,89

l0,2=0,90,86,95,87,92,89,90,78,83,67,87,84,89,0,0,79,70,0,66,0,0,0,0,0,0,0,0,0,0,42,13,0,0,0,0,0,0,0,0,0,0,0,0,0
l1,2=94,0,86,92,95,92,94,82,79,83,68,88,84,88,64,0,77,65,51,54,47,0,0,0,0,0,0,0,0,0,51,60,0,0,0,0,0,0,0,0,0,0,0,0,0
l2,2=92,88,0,87,84,92,92,94,81,82,67,84,88,80,81,0,81,71,70,64,58,0,0,0,11,61,0,0,0,0,45,58,0,0,0,0,0,0,0,0,0,0,0,0,0
l3,2=95,90,86,0,95,91,87,84,79,74,67,84,87,87,0,0,31,0,53,0,1,0,0,0,0,0,0,0,0,0,48,51,0,0,0,0,0,0,0,0,0,0,0,0,0
l4,2=77,90,86,96,0,92,90,68,78,76,69,67,83,85,63,0,79,50,61,0,0,0,0,0,0,0,0,0,0,0,49,53,0,0,0,0,0,0,0,0,0,0,0,0,0
l5,2=94,88,85,86,88,0,92,88,79,79,71,81,87,88,77,0,75,0,66,59,0,0,0,0,0,0,0,0,0,0,50,59,0,0,0,0,0,0,0,0,0,0,0,0,0
l6,2=92,90,86,91,91,92,0,94,80,83,67,82,87,92,80,0,81,72,72,0,38,0,0,0,0,0,0,0,0,0,45,59,0,0,0,0,0,0,0,0,0,0,0,0,0
l7,2=85,76,86,82,35,90,90,0,81,85,67,88,83,91,75,0,85,0,80,56,47,32,16,65,15,69,52,0,0,0,19,0,0,0,0,0,0,0,0,0,0,0,0,0,0
l8,2=79,82,86,82,80,90,89,97,0,84,57,87,90,92,83,0,78,9,77,60,0,33,49,62,0,44,51,46,0,0,31,48,0,0,0,0,0,0,0,0,0,0,0,0,0
l9,2=84,81,77,79,83,89,88,93,81,0,69,89,87,91,83,0,68,67,77,58,55,39,0,6,63,54,50,52,0,0,33,52,0,0,0,0,0,0,0,0,0,0,0,52,0
l10,2=74,69,68,70,73,89,80,81,67,82,0,84,91,88,77,0,87,73,78,70,64,0,46,53,50,69,62,48,0,0,34,52,0,0,0,0,0,0,0,0,40,0,51,46,0
l11,2=83,77,76,79,49,87,81,99,81,88,67,0,91,93,83,0,83,69,78,39,60,58,57,45,49,66,52,0,0,0,43,51,0,0,0,0,0,0,0,0,0,0,64,52,0
l12,2=81,71,76,78,77,89,83,82,80,78,76,90,0,93,83,0,88,75,78,69,65,0,44,48,68,68,51,67,0,0,29,46,0,0,0,0,0,0,0,0,0,0,54,45,0
l13,2=84,76,71,76,76,89,87,86,81,87,69,90,91,0,82,0,85,67,75,52,55,0,0,55,40,49,0,0,0,0,27,0,0,0,0,0,0,0,0,0,0,0,0,0,0
l14,2=2,45,60,0,50,66,69,66,70,74,62,80,81,84,0,0,88,79,85,80,80,50,58,79,70,79,72,45,0,0,65,66,0,0,0,0,0,0,44,56,52,45,85,80,74
l15,2=52,55,59,0,60,65,74,76,65,50,70,84,91,88,92,0,0,72,77,65,67,60,63,69,58,70,52,51,0,0,44,57,0,35,0,0,0,0,0,54,47,45,70,49,49
l16,2=37,53,58,0,14,0,70,0,14,36,57,60,77,37,65,0,79,0,76,82,75,0,0,34,72,73,49,0,0,0,87,78,34,33,0,0,8,0,11,60,77,63,39,56,0
l17,2=0,18,55,11,59,63,66,69,61,57,71,78,80,69,95,0,82,74,0,62,80,51,61,67,66,0,46,54,0,0,43,51,0,30,0,0,0,0,0,4,0,0,66,49,70
l18,2=30,32,53,0,0,51,0,55,55,47,65,39,68,57,88,0,76,82,71,0,80,83,60,75,87,76,88,56,0,0,72,75,0,0,0,0,9,0,50,53,39,62,63,71,61
l19,2=0,44,55,0,0,0,1,63,0,52,64,57,71,67,95,0,83,84,85,83,0,55,6,59,72,77,64,59,0,0,43,59,0,25,0,0,0,0,0,0,65,19,71,65,67
l20,2=0,0,0,0,0,0,0,52,36,21,0,62,0,0,65,0,74,0,71,71,55,0,91,83,82,86,80,90,0,0,0,0,74,55,0,63,0,60,0,60,47,32,66,66,77
l21,2=0,0,0,0,0,0,0,0,43,0,49,57,49,0,51,0,77,0,62,68,0,88,0,78,81,79,80,87,0,0,0,0,0,0,0,0,36,0,0,0,4,0,67,69,66
l22,2=0,0,0,0,0,0,0,55,41,0,40,39,39,53,63,0,72,16,64,68,39,80,75,0,87,82,88,90,0,0,1,0,73,70,0,63,71,0,70,65,53,16,70,66,76
l23,2=0,0,0,0,0,0,0,0,0,49,38,45,69,35,70,0,75,73,74,74,63,80,77,86,0,88,88,81,0,0,0,0,65,42,0,44,13,53,66,0,46,69,81,79,84
l24,2=0,0,35,0,0,0,0,65,34,37,67,65,76,52,75,0,78,77,0,72,64,82,79,81,87,0,88,81,0,0,28,50,47,39,0,0,33,41,49,60,62,62,81,76,84
l25,2=0,0,0,0,0,0,0,44,35,37,65,45,43,0,73,0,77,47,41,74,59,80,77,90,87,88,0,82,0,0,26,0,42,47,0,36,71,40,50,0,55,40,80,79,83
l26,2=0,0,0,0,0,0,0,0,41,47,54,7,70,0,61,0,67,5,69,65,57,85,81,90,84,82,83,0,0,0,0,0,77,75,0,68,64,67,77,46,54,51,77,76,71
l27,2=64,73,64,68,70,74,70,47,57,40,50,69,59,40,79,0,75,87,73,82,66,0,0,9,0,55,43,0,0,0,0,81,72,86,0,59,49,66,77,85,91,83,0,60,0
l28,2=9,34,58,52,58,65,69,0,57,49,54,61,57,0,81,0,72,87,66,78,68,0,0,0,10,64,0,0,0,0,89,0,76,85,0,63,50,48,80,77,91,91,0,17,0
l29,2=0,0,0,0,0,0,0,0,0,0,0,0,0,0,0,0,0,1,0,0,0,75,0,84,67,60,64,83,0,0,61,73,0,99,0,92,97,95,87,86,91,96,55,4,0
l30,2=0,0,0,0,0,0,0,0,0,0,0,0,0,0,0,0,40,68,47,0,33,57,1,87,57,53,70,86,0,0,88,81,90,0,0,92,97,95,87,86,91,97,0,0,0
l31,2=0,0,0,0,0,0,0,0,0,0,0,0,0,0,0,0,0,10,0,0,0,62,0,69,60,0,66,81,0,0,58,62,90,99,0,0,97,95,87,86,91,97,52,0,0
l32,2=0,0,0,0,0,0,0,0,0,0,0,0,0,0,0,0,0,2,0,17,0,0,62,83,50,60,82,68,0,0,57,61,90,99,0,92,0,95,87,86,8,92,46,0,0
l33,2=0,0,0,0,0,0,0,0,0,0,0,0,0,0,0,0,0,0,0,0,0,65,0,0,67,61,63,65,0,0,63,65,90,99,0,92,97,0,87,86,91,77,0,0,0
l34,2=0,0,0,0,0,0,0,0,0,0,0,0,0,0,54,0,0,24,0,54,0,0,0,78,68,52,64,80,0,0,80,78,90,99,0,92,97,92,0,86,91,97,52,6,0
l35,2=0,0,0,0,0,0,0,0,0,0,0,0,0,0,57,0,58,51,1,50,0,53,0,62,0,53,0,29,0,0,86,74,90,99,0,86,97,95,87,0,91,97,32,0,0
l36,2=0,0,0,0,0,0,0,0,0,0,46,0,1,0,68,0,65,83,15,62,69,53,41,78,57,79,80,58,0,0,89,81,85,94,0,86,8,83,87,86,0,96,0,0,0
l37,2=0,0,0,0,0,0,0,0,0,0,0,0,31,0,38,0,54,84,1,81,49,53,0,55,78,79,66,55,0,0,89,81,90,99,0,89,94,83,87,86,91,0,50,3,0
l38,2=0,0,0,0,0,0,0,0,0,0,12,33,22,0,58,0,66,54,53,54,43,43,46,61,72,77,78,65,0,0,0,0,25,0,0,1,0,0,31,0,0,0,0,83,88
l39,2=0,0,0,0,0,0,0,0,0,20,31,39,22,0,67,0,50,56,41,67,50,56,65,68,85,78,83,75,0,0,28,0,5,0,0,0,0,0,6,0,0,0,86,0,88
l40,2=0,0,0,0,0,0,0,0,0,0,0,1,0,0,58,0,41,0,69,56,44,72,49,75,82,79,78,56,0,0,0,0,0,0,0,0,0,0,0,0,0,0,84,82,0
l41,2=0,0,0,0,0,0,0,0,12,0,52,40,0,61,77,0,75,77,66,73,59,75,40,78,84,82,79,66,0,0,26,45,0,0,0,0,0,0,36,0,25,0,88,83,84
l42,2=0,0,0,0,0,0,0,0,0,0,0,0,0,0,64,0,5,55,57,66,2,63,61,74,86,81,81,59,0,0,0,0,40,7,0,0,0,20,53,0,0,0,83,82,84
l43,2=0,0,0,0,0,0,0,0,0,0,0,0,0,0,50,0,43,2,53,49,17,69,20,73,74,72,78,73,0,0,0,0,17,0,0,0,1,0,0,0,0,0,85,70,85
l44,2=0,0,0,0,0,0,0,0,0,0,0,0,2,0,30,0,0,11,50,45,29,63,54,71,81,74,79,80,0,0,0,0,0,28,0,0,0,0,40,0,0,0,81,79,83

l0,3=0,99,89,99,90,96,93,97,92,95,5,89,84,92,77,0,42,14,5,0,0,0,0,0,0,0,0,0,0,0,0,45,0,0,0,0,0,0,0,0,0,0,0,0,0
l1,3=95,0,89,99,90,96,93,97,96,91,89,90,73,91,0,0,86,69,75,70,75,0,0,0,57,0,2,0,0,0,68,51,0,0,0,0,0,0,0,0,0,0,0,0,0
l2,3=82,98,0,93,79,81,93,98,96,95,87,90,83,92,87,0,90,76,17,74,77,0,0,2,0,0,56,0,0,0,64,32,0,0,0,0,0,0,0,0,0,0,0,0,0
l3,3=95,99,87,0,91,91,88,88,94,90,85,90,81,92,5,0,88,67,0,0,43,0,0,0,0,0,0,0,0,0,0,55,0,0,0,0,0,0,0,0,0,0,0,0,0
l4,3=95,98,89,100,0,96,93,91,96,91,77,86,76,88,82,0,0,0,74,0,0,0,0,0,0,0,0,0,0,0,66,16,0,9,0,0,0,0,0,0,0,0,0,0,0
l5,3=95,98,88,98,90,0,93,98,95,94,89,90,84,92,77,0,40,69,73,69,2,0,0,0,0,0,0,0,0,0,77,61,0,0,0,0,0,0,0,0,0,0,0,0,0
l6,3=88,98,89,90,82,96,0,95,94,96,85,90,83,92,85,0,90,78,76,67,6,0,0,17,0,0,0,0,0,0,0,2,0,0,0,0,0,0,0,0,0,0,0,0,0
l7,3=85,90,86,92,80,85,87,0,97,97,87,91,82,92,88,0,90,47,77,77,77,0,0,70,41,77,69,12,0,0,0,0,0,0,0,0,0,0,0,0,0,0,0,0,0
l8,3=85,91,87,92,80,81,87,98,0,96,88,91,82,92,87,0,89,65,78,80,77,0,63,58,26,64,61,41,0,0,47,0,0,0,0,0,0,0,0,0,0,0,0,46,0
l9,3=85,90,86,90,80,81,87,98,96,0,89,91,85,94,87,0,89,74,79,76,71,50,0,59,62,68,57,40,0,0,49,41,0,0,0,0,0,0,0,0,0,0,5,0,0
l10,3=47,89,86,83,71,80,82,86,88,90,0,88,86,93,88,0,91,78,83,75,81,75,48,64,54,71,69,51,0,0,55,62,0,0,0,0,0,0,0,0,0,0,0,50,0
l11,3=80,91,86,84,78,80,85,98,95,97,89,0,86,94,89,0,91,78,75,74,82,67,57,59,59,71,61,35,0,0,68,61,0,0,0,0,0,0,0,0,0,0,0,51,0
l12,3=84,82,86,84,68,80,85,95,89,96,91,92,0,94,89,0,91,74,77,73,79,60,54,19,63,71,67,51,0,0,36,13,0,0,0,0,0,0,0,0,0,0,0,28,0
l13,3=85,90,86,88,79,82,87,98,94,97,90,91,85,0,88,0,91,79,67,53,77,50,0,68,60,70,0,0,0,0,63,28,0,0,0,0,0,0,0,0,0,0,0,0,0
l14,3=52,0,71,0,59,62,62,82,95,77,90,91,85,92,0,0,92,88,89,89,98,67,60,62,55,67,73,29,0,0,60,61,0,0,0,0,0,0,0,56,59,0,67,59,63
l15,3=36,70,74,67,0,37,80,94,77,78,90,91,85,94,91,0,0,80,83,82,88,78,67,64,64,72,71,41,0,0,64,59,0,0,0,0,0,0,0,0,53,19,65,53,25
l16,3=7,71,60,50,0,57,68,39,57,64,70,71,65,73,96,0,92,0,85,96,98,52,0,0,52,66,64,38,0,0,92,90,0,65,0,0,30,6,71,72,91,53,61,62,56
l17,3=1,72,1,0,57,62,65,76,86,85,91,84,79,67,96,0,92,82,0,92,95,66,62,67,70,57,51,1,0,0,72,60,0,0,0,0,0,0,0,5,63,45,64,50,60
l18,3=0,54,53,0,0,51,43,76,91,70,87,76,63,31,94,0,92,91,88,0,98,88,74,79,82,88,86,81,0,0,91,81,0,16,0,0,2,2,55,0,70,46,42,73,26
l19,3=0,62,58,0,0,25,3,66,66,48,88,79,78,63,96,0,92,92,89,96,0,64,55,61,77,82,53,51,0,0,80,64,44,13,0,0,0,0,54,38,65,0,71,61,0
l20,3=0,0,0,0,0,0,0,0,2,27,71,56,56,37,77,0,85,48,63,87,68,0,97,94,66,82,76,88,0,0,0,0,75,69,0,75,35,72,75,38,0,0,76,68,81
l21,3=0,0,0,0,0,0,0,0,88,0,50,56,60,0,76,0,84,0,74,82,76,94,0,93,75,80,70,84,0,0,0,0,0,0,0,52,0,0,0,0,0,0,73,70,0
l22,3=0,0,0,0,0,0,0,69,52,38,50,40,12,63,70,0,70,0,62,62,58,89,74,0,76,82,86,87,0,0,28,0,54,66,0,57,63,63,72,41,43,40,62,61,60
l23,3=0,47,0,0,0,0,0,33,10,45,43,49,63,53,62,0,70,51,68,96,79,60,58,92,0,88,86,81,0,0,30,0,51,51,0,55,46,62,64,65,51,69,75,74,85
l24,3=0,0,0,0,0,0,0,69,62,50,77,66,67,55,76,0,76,63,51,93,80,92,52,96,82,0,85,76,0,0,0,0,46,46,0,44,36,42,51,63,50,62,75,77,85
l25,3=0,0,34,0,0,0,0,64,60,34,53,50,61,0,88,0,81,58,50,88,57,84,61,98,82,88,0,81,0,0,0,47,44,44,0,53,52,47,58,40,51,42,76,73,85
l26,3=0,0,0,0,0,0,0,49,56,37,62,42,73,0,54,0,65,46,36,80,69,94,89,98,76,81,76,0,0,0,0,0,75,78,0,78,57,0,69,76,38,26,75,69,68
l27,3=0,85,59,0,67,85,0,0,57,61,67,78,51,59,70,0,82,90,80,92,87,0,0,46,44,0,0,0,0,0,0,90,71,85,0,17,60,61,89,87,95,94,51,32,0
l28,3=30,52,36,48,49,74,0,0,0,47,76,73,47,45,84,0,81,92,77,92,86,0,0,0,1,0,55,0,0,0,92,0,74,95,0,26,72,75,97,94,95,97,52,50,0
l29,3=0,0,0,0,0,0,0,0,0,0,0,0,0,0,0,0,0,0,0,0,62,91,0,85,75,81,77,80,0,0,85,81,0,100,0,100,99,100,98,99,87,99,44,0,0
l30,3=0,0,0,0,27,0,0,0,0,0,0,0,0,0,0,0,0,86,0,20,10,85,0,96,66,68,60,87,0,0,91,89,95,0,0,100,99,99,98,99,95,99,66,0,54
l31,3=0,0,0,0,0,0,0,0,0,0,0,0,0,0,0,0,0,0,0,0,0,86,63,90,65,64,75,88,0,0,24,67,95,100,0,0,99,100,98,99,95,99,1,59,0
l32,3=0,0,0,0,0,0,0,0,0,0,0,0,0,0,0,0,0,1,0,24,0,70,18,98,70,67,86,74,0,0,82,84,95,100,0,100,0,100,98,99,95,99,0,0,0
l33,3=0,0,0,0,0,0,0,0,0,0,0,0,0,0,0,0,0,0,0,0,0,77,0,76,65,0,43,0,0,0,0,76,95,100,0,100,99,0,98,99,95,79,0,0,0
l34,3=0,0,0,0,0,0,0,0,0,0,0,0,0,0,0,0,0,63,0,74,64,76,0,93,71,71,71,68,0,0,92,90,95,100,0,100,99,100,0,99,95,99,0,0,24
l35,3=0,0,0,0,0,0,0,0,0,0,0,0,0,0,71,0,0,84,0,0,61,53,1,58,73,80,49,71,0,0,92,90,95,100,0,100,99,100,98,0,95,99,0,25,0
l36,3=0,0,0,0,0,0,0,0,0,0,0,0,36,0,77,0,82,89,81,89,88,0,6,78,67,79,75,35,0,0,92,90,86,100,0,100,92,94,98,99,0,99,53,54,0
l37,3=0,0,0,0,0,0,0,0,0,0,0,0,61,0,69,0,22,9,73,87,0,0,0,80,77,83,69,27,0,0,92,90,95,100,0,100,99,82,98,99,95,0,49,33,0
l38,3=0,0,0,0,0,0,0,0,0,0,0,0,0,0,63,0,65,48,46,1,55,64,41,60,70,71,66,38,0,0,18,2,0,37,0,0,0,0,0,0,6,0,0,80,87
l39,3=0,0,0,0,0,0,0,0,58,0,36,49,28,0,67,0,66,58,51,60,70,58,51,66,75,75,75,36,0,0,29,47,0,0,0,30,0,0,0,2,29,0,81,0,88
l40,3=0,0,0,0,0,0,0,0,0,0,0,0,0,0,66,0,13,37,39,13,0,62,0,69,71,71,68,33,0,0,0,0,0,28,0,0,0,0,5,0,0,0,81,80,0
l41,3=0,0,0,0,0,0,0,0,0,38,0,38,50,54,82,0,76,76,73,82,73,68,0,86,80,82,76,41,0,0,0,43,29,0,0,0,0,0,0,0,26,0,81,73,85
l42,3=0,0,0,0,0,0,0,0,0,0,0,0,0,0,58,0,38,0,41,54,51,55,50,51,77,79,78,33,0,0,0,0,30,34,0,35,24,50,38,0,0,0,80,80,87
l43,3=0,0,0,0,0,0,0,0,0,0,5,0,0,0,52,0,36,0,36,35,40,64,20,69,68,65,66,62,0,0,0,0,32,33,0,0,0,0,31,0,0,0,76,77,85
l44,3=0,0,0,0,0,0,0,0,0,0,0,0,0,0,48,0,0,38,33,49,37,59,55,50,73,74,67,53,0,0,0,0,0,45,0,0,1,0,35,0,0,0,77,73,84

l0,4=0,98,74,90,93,90,99,93,82,96,91,90,80,92,91,0,89,0,0,0,0,0,0,0,0,0,0,0,0,0,90,82,0,0,0,0,0,0,0,0,2,0,0,0,0
l1,4=99,0,94,93,89,90,100,93,91,96,89,90,80,92,0,0,75,77,0,72,21,0,0,0,52,0,0,0,0,0,73,76,0,0,0,0,0,0,0,0,1,0,0,0,0
l2,4=55,97,0,91,96,88,100,95,91,96,90,90,80,92,77,0,81,77,9,64,57,0,0,0,23,0,65,0,0,0,4,52,0,0,0,0,0,0,0,0,0,0,0,0,0
l3,4=99,98,90,0,98,90,100,93,91,96,90,90,80,92,82,0,89,74,66,0,0,0,0,0,0,0,0,0,0,0,84,86,0,0,0,0,0,0,0,0,0,0,0,0,0
l4,4=99,96,94,95,0,90,100,94,91,95,91,90,80,92,90,0,87,73,82,0,0,0,0,0,0,0,0,0,0,0,91,92,0,0,0,0,0,0,0,0,0,0,0,0,0
l5,4=99,98,84,91,94,0,100,94,90,96,91,90,84,90,28,0,76,73,84,36,51,0,0,0,0,0,0,0,0,0,92,0,0,0,0,0,0,0,0,0,77,0,0,0,0
l6,4=95,98,91,89,95,89,0,94,90,96,91,90,80,92,86,0,89,79,86,66,57,0,0,0,2,57,0,0,0,0,78,59,0,0,0,0,0,0,0,0,2,0,0,0,0
l7,4=96,95,85,89,88,88,98,0,92,98,90,90,81,93,89,0,89,0,85,75,68,53,0,74,40,67,75,66,0,0,1,0,0,0,0,0,0,0,0,0,0,0,0,0,0
l8,4=82,96,94,89,88,68,98,96,0,96,76,92,80,92,90,0,87,0,86,75,57,0,0,73,56,59,67,62,0,0,67,4,0,0,0,0,0,0,0,0,0,0,0,60,0
l9,4=95,92,84,83,67,87,98,95,92,0,91,90,80,93,91,0,89,79,86,69,64,0,0,72,59,61,0,65,0,0,76,70,0,0,0,0,0,0,0,0,0,0,0,0,0
l10,4=70,80,65,68,70,86,90,73,40,94,0,77,85,92,93,0,91,78,84,71,69,66,40,71,58,67,72,6,0,0,19,75,0,0,0,0,0,0,0,0,0,0,64,64,63
l11,4=96,95,84,79,79,87,98,95,92,98,85,0,85,93,84,0,91,79,87,72,69,0,15,74,60,64,70,61,0,0,64,79,0,0,0,0,0,0,0,0,0,0,0,56,0
l12,4=46,90,83,57,74,88,98,92,92,89,91,93,0,95,93,0,91,81,74,70,74,0,57,68,64,61,74,67,0,0,22,0,0,0,0,0,0,0,0,0,0,0,0,60,0
l13,4=92,95,81,82,83,85,98,94,91,98,91,90,81,0,93,0,87,81,83,68,72,69,0,72,60,65,70,67,0,0,0,0,0,0,0,0,0,0,0,0,15,0,0,60,0
l14,4=70,0,37,30,61,14,83,76,79,87,89,79,77,88,0,0,91,89,90,75,86,74,0,74,63,70,77,71,0,0,81,79,0,0,0,0,0,0,9,76,70,56,74,71,77
l15,4=71,49,55,64,68,56,90,70,78,85,91,87,81,82,93,0,0,81,86,73,80,71,60,72,61,62,71,67,0,0,79,76,0,12,0,0,0,0,0,0,79,0,69,65,69
l16,4=0,61,59,38,62,58,86,0,4,83,84,83,79,82,94,0,90,0,89,92,85,0,0,0,66,67,78,0,0,0,97,99,0,75,0,0,1,0,50,83,87,69,69,67,9
l17,4=0,0,7,44,65,58,85,65,78,84,88,83,66,79,94,0,92,85,0,85,64,0,51,71,62,65,66,64,0,0,79,75,0,0,0,0,0,0,0,2,79,58,68,68,66
l18,4=0,62,34,0,0,3,71,68,75,59,81,86,70,65,88,0,86,87,81,0,89,74,70,78,76,83,85,78,0,0,85,84,59,55,0,59,0,0,40,42,80,57,62,79,55
l19,4=0,19,28,0,0,48,77,68,67,80,84,82,77,81,94,0,91,89,78,92,0,70,58,71,75,74,68,73,0,0,81,82,10,6,0,0,0,0,48,42,79,58,72,74,71
l20,4=0,0,0,0,0,0,0,45,0,0,48,0,0,45,59,0,77,0,0,77,57,0,93,79,72,82,85,92,0,0,0,0,82,72,0,53,9,70,63,44,50,32,77,68,61
l21,4=0,0,0,0,0,0,0,0,0,0,35,56,48,0,0,0,76,0,57,85,62,93,0,87,72,85,86,91,0,0,0,0,0,0,0,63,0,0,42,0,0,0,65,55,63
l22,4=0,0,0,0,0,0,0,57,44,47,58,69,40,54,59,0,62,0,63,75,53,67,65,0,78,87,91,92,0,0,0,0,60,75,0,64,78,64,56,58,62,36,51,61,0
l23,4=0,14,0,0,0,0,0,26,41,48,66,68,59,56,73,0,78,66,67,89,80,88,54,91,0,90,91,87,0,0,45,0,52,48,0,58,53,50,53,76,52,51,89,83,87
l24,4=0,0,0,0,0,8,56,66,43,60,83,70,59,61,86,0,84,68,78,85,76,89,75,85,75,0,85,86,0,0,42,48,64,58,0,56,54,40,56,76,68,66,89,82,86
l25,4=0,0,32,0,0,0,0,61,38,0,66,67,59,54,76,0,73,67,58,79,55,70,66,91,81,89,0,79,0,0,33,0,75,72,0,52,54,58,57,56,74,41,73,79,55
l26,4=0,0,0,0,0,0,0,50,42,44,14,64,55,52,60,0,63,15,59,78,69,93,84,91,73,74,85,0,0,0,44,51,60,81,0,70,61,50,63,66,72,0,75,51,76
l27,4=86,66,4,57,82,89,89,12,70,84,14,80,14,0,92,0,90,91,90,92,81,0,0,0,57,28,51,31,0,0,0,99,83,83,0,71,61,9,70,100,100,100,32,0,0
l28,4=75,68,10,65,84,2,47,0,36,64,88,92,0,0,79,0,90,91,90,92,82,0,0,0,0,51,0,52,0,0,97,0,68,91,0,93,94,89,70,100,100,100,33,65,60
l29,4=0,0,0,0,0,0,0,0,0,0,0,0,0,0,0,0,0,9,0,73,0,90,0,80,64,77,85,79,0,0,83,78,0,97,0,99,100,100,95,100,97,100,74,0,6
l30,4=0,0,0,0,0,0,0,0,0,0,0,0,0,0,0,0,27,78,0,82,0,89,0,84,72,79,85,87,0,0,86,96,96,0,0,99,100,95,95,100,100,100,86,78,28
l31,4=0,0,0,0,0,0,0,0,0,0,0,0,0,0,0,0,0,25,0,82,0,88,76,90,74,82,84,91,0,0,83,93,96,97,0,0,100,100,95,100,100,100,0,80,0
l32,4=0,0,0,0,0,0,0,0,0,0,0,0,0,0,0,0,0,43,0,0,0,0,0,90,73,78,83,87,0,0,63,96,96,97,0,99,0,100,95,100,100,100,0,0,0
l33,4=0,0,0,0,0,0,0,0,0,0,0,0,0,0,0,0,0,3,0,0,0,90,0,87,74,35,85,77,0,0,1,96,96,97,0,99,100,0,95,100,100,89,0,0,0
l34,4=0,0,0,0,0,0,0,0,0,0,0,0,0,0,16,0,0,88,5,82,76,87,62,86,73,82,83,86,0,0,87,94,96,97,0,99,100,100,0,100,100,100,36,0,55
l35,4=0,0,0,0,0,0,0,0,0,0,0,0,0,0,86,0,13,91,44,72,45,80,0,90,81,90,87,87,0,0,97,99,96,97,0,99,100,100,95,0,100,100,0,1,0
l36,4=0,0,0,0,0,60,0,0,0,0,1,0,0,0,78,0,87,89,88,90,73,47,0,71,61,78,89,82,0,0,97,99,96,97,0,98,100,100,95,100,0,100,0,53,0
l37,4=0,0,0,0,3,0,0,0,0,0,0,0,0,0,89,0,23,91,85,92,79,81,0,85,81,90,90,0,0,0,97,99,96,97,0,99,100,99,95,100,100,0,0,0,72
l38,4=0,0,0,0,0,0,0,0,0,0,36,0,0,0,66,0,60,46,59,49,52,49,29,55,72,67,68,58,0,0,0,0,40,45,0,0,0,0,3,0,0,0,0,82,86
l39,4=0,0,0,0,0,0,0,0,31,0,57,34,33,39,76,0,69,41,75,81,74,63,32,65,73,77,82,39,0,0,0,47,0,43,0,42,0,0,0,0,27,0,89,0,83
l40,4=0,0,0,0,0,0,0,0,0,0,16,0,0,0,70,0,32,0,32,44,53,43,36,0,70,69,53,75,0,0,0,0,0,6,0,0,0,0,9,0,0,5,89,82,0
l41,4=0,0,0,0,0,0,0,0,0,0,51,59,52,63,79,0,68,75,74,80,73,63,41,76,73,79,85,55,0,0,48,60,50,0,0,0,0,0,33,32,0,0,88,79,75
l42,4=0,0,0,0,0,0,0,0,0,0,38,0,0,0,73,0,45,34,55,72,59,71,54,83,73,82,72,78,0,0,0,0,54,0,0,44,35,0,37,0,0,0,89,82,86
l43,4=0,0,0,0,0,0,0,0,0,0,35,0,0,0,46,0,0,30,41,61,52,61,0,73,56,61,71,72,0,0,30,0,56,0,0,31,32,0,40,0,0,0,78,81,83
l44,4=0,0,0,0,0,0,0,0,0,0,0,0,0,0,60,0,53,37,59,71,62,60,40,72,73,78,81,59,0,0,0,0,0,61,0,0,6,0,38,0,0,0,84,81,79

l0,5=0,89,86,98,93,88,94,86,90,92,10,85,90,89,71,0,31,38,13,21,0,0,0,0,0,0,0,0,0,0,32,0,0,0,0,0,0,0,0,0,0,0,0,0,0
l1,5=90,0,88,97,92,88,94,87,91,87,70,85,90,88,2,0,72,36,16,30,0,0,0,0,0,0,0,0,0,0,30,57,0,0,0,0,0,0,0,0,27,0,0,0,0
l2,5=69,89,0,93,91,87,94,91,91,88,23,84,90,90,45,0,72,36,0,43,2,0,0,0,25,0,12,0,0,0,17,65,0,0,0,0,0,0,0,0,0,0,0,0,0
l3,5=94,90,87,0,97,88,94,88,90,32,65,84,83,80,24,0,86,31,28,0,0,0,0,0,0,0,0,0,0,0,80,68,0,0,0,0,0,0,0,0,0,0,0,0,0
l4,5=94,90,87,99,0,88,94,87,90,81,33,73,90,89,35,0,81,65,41,56,0,0,0,0,0,0,0,0,0,0,73,63,0,0,0,0,0,0,0,0,0,0,0,0,0
l5,5=90,89,87,94,97,0,94,87,88,92,73,85,86,88,56,0,12,59,35,1,11,0,0,0,0,12,0,0,0,0,78,67,0,0,0,0,0,0,3,0,36,0,0,0,0
l6,5=90,89,87,93,92,85,0,89,90,92,68,84,90,84,64,0,87,0,41,53,0,0,0,0,1,58,2,0,0,0,0,58,0,0,0,0,0,0,0,0,0,0,0,0,0
l7,5=79,86,88,86,86,85,94,0,93,92,36,88,90,89,70,0,84,21,42,63,0,0,0,0,0,65,37,4,0,0,0,0,0,0,0,0,0,0,0,0,0,0,0,0,0
l8,5=88,90,91,79,78,79,94,94,0,93,71,88,94,93,71,0,83,45,37,63,63,0,23,63,47,58,51,28,0,0,15,0,0,0,0,0,0,0,0,0,0,0,0,0,0
l9,5=76,78,77,58,75,85,92,89,91,0,78,88,92,94,68,0,83,51,42,41,62,19,0,15,48,64,28,15,0,0,17,0,0,0,0,0,0,0,0,0,0,0,0,11,0
l10,5=6,65,63,67,54,79,80,60,54,55,0,83,92,92,82,0,88,39,23,60,73,26,10,20,54,69,32,16,0,0,22,59,0,0,0,0,0,0,0,0,0,18,28,26,0
l11,5=68,71,80,78,68,79,83,89,92,93,72,0,94,93,41,0,84,12,40,54,67,0,0,20,50,53,26,17,0,0,16,59,0,0,0,0,0,0,0,0,0,0,0,4,0
l12,5=45,81,87,58,77,80,92,86,90,93,83,88,0,94,76,0,88,68,42,57,76,19,11,0,59,63,58,16,0,0,16,0,0,0,0,0,0,0,0,0,0,0,28,26,0
l13,5=70,78,84,79,77,80,84,86,90,93,80,88,94,0,74,0,83,69,42,61,75,31,0,20,60,66,24,27,0,0,53,0,0,0,0,0,0,0,0,0,0,0,0,27,0
l14,5=10,3,16,0,26,39,47,74,53,33,80,8,88,87,0,0,87,89,61,72,88,23,11,16,57,61,31,13,0,0,26,58,0,0,0,0,0,0,8,16,24,12,29,30,52
l15,5=0,48,48,42,44,36,79,78,57,31,80,82,88,51,80,0,0,73,58,65,87,40,11,19,60,62,36,14,0,0,29,74,0,0,0,0,0,0,0,0,32,4,26,28,47
l16,5=12,19,16,33,63,67,0,18,21,29,27,28,76,47,81,0,75,0,33,72,89,0,0,25,61,24,17,4,0,0,37,92,9,12,0,0,0,0,51,39,47,19,7,27,35
l17,5=1,5,0,33,27,39,62,78,39,55,28,75,82,50,82,0,87,22,0,65,88,22,11,17,49,72,37,0,0,0,45,55,0,0,0,0,0,0,3,1,23,14,30,37,46
l18,5=0,3,7,0,21,1,1,68,42,7,28,36,41,37,78,0,74,88,44,0,89,55,23,38,73,80,70,43,0,0,34,66,38,23,0,10,8,5,49,25,31,2,13,83,71
l19,5=0,0,0,0,0,24,0,1,40,26,27,65,80,56,80,0,87,89,56,78,0,40,1,23,73,76,34,22,0,0,24,79,0,10,0,0,0,0,51,26,35,34,29,33,52
l20,5=0,0,0,0,0,0,0,0,0,12,16,0,24,17,34,0,61,0,19,46,41,0,78,81,70,69,64,73,0,0,0,0,47,40,0,0,46,50,53,12,22,22,39,70,59
l21,5=0,0,0,0,0,0,0,0,29,0,11,0,41,0,42,0,54,0,22,42,3,79,0,21,57,66,63,73,0,0,0,0,14,0,0,0,0,0,19,0,0,0,65,62,48
l22,5=0,0,0,0,0,0,0,1,55,2,24,37,0,18,31,0,66,50,29,63,64,71,14,0,75,84,77,72,0,0,17,0,1,59,0,32,63,64,23,45,42,16,76,81,33
l23,5=0,0,0,0,0,0,0,0,11,9,29,28,61,25,52,0,61,60,33,66,74,65,18,87,0,87,79,64,0,0,7,0,30,21,0,20,1,28,16,42,18,51,76,80,72
l24,5=0,0,0,0,0,23,24,58,34,32,59,28,50,24,50,0,64,39,45,65,70,63,62,84,76,0,70,63,0,0,2,24,17,29,0,23,3,14,38,33,24,0,73,78,73
l25,5=0,0,1,0,0,0,0,24,23,9,39,28,62,17,48,0,62,59,41,64,37,71,57,87,77,82,0,64,0,0,0,5,45,40,0,9,3,38,34,3,18,34,69,86,67
l26,5=0,0,0,0,0,0,0,16,17,9,9,30,35,20,23,0,37,17,0,59,59,78,71,87,72,76,63,0,0,0,1,6,15,44,0,27,19,15,43,0,29,18,59,59,62
l27,5=28,23,11,64,76,84,0,0,10,28,25,41,41,31,36,0,31,90,36,65,82,0,0,23,34,2,0,0,0,0,0,92,66,43,0,25,13,41,58,55,58,53,0,13,0
l28,5=0,13,18,49,76,72,19,0,0,0,23,29,0,1,29,0,40,91,28,70,84,0,0,0,0,22,2,0,0,0,96,0,71,43,0,23,27,45,57,74,90,33,3,28,0
l29,5=0,0,0,0,0,0,0,0,0,0,0,0,0,0,0,0,0,8,0,46,0,63,28,12,50,7,70,46,0,0,54,62,0,87,0,92,95,95,84,93,75,93,0,29,43
l30,5=0,0,0,0,0,0,0,0,0,0,0,0,0,0,0,0,0,7,0,42,14,49,0,68,40,45,61,66,0,0,30,62,83,0,0,92,95,95,85,93,91,94,23,26,21
l31,5=0,0,0,0,0,0,0,0,0,0,0,0,0,0,0,0,0,11,0,50,0,0,3,67,63,68,53,56,0,0,65,66,83,87,0,0,95,95,85,93,91,94,0,12,0
l32,5=0,0,0,0,0,0,0,0,0,0,0,0,0,0,0,0,0,0,0,38,0,56,0,85,16,20,12,55,0,0,6,67,83,87,0,92,0,95,83,93,91,77,0,0,0
l33,5=0,0,0,0,0,0,0,0,0,0,0,0,0,0,0,0,0,0,0,9,0,58,0,77,35,0,36,0,0,0,42,71,83,86,0,92,95,0,83,56,83,54,0,0,0
l34,5=0,0,0,0,0,2,0,0,0,0,0,0,0,0,3,0,0,60,10,58,57,56,17,27,30,21,18,54,0,0,29,57,83,87,0,92,90,94,0,93,91,94,0,1,0
l35,5=0,0,0,0,0,2,0,0,0,0,0,0,0,0,24,0,0,68,0,68,65,38,0,25,56,26,5,0,0,0,96,92,83,87,0,92,95,51,85,0,91,94,0,0,0
l36,5=0,12,0,0,0,60,0,0,0,0,1,0,0,0,23,0,24,89,26,59,69,33,0,26,46,25,8,17,0,0,96,92,79,87,0,88,56,66,85,93,0,94,0,0,0
l37,5=0,0,0,0,18,0,0,0,0,0,9,0,0,0,19,0,3,85,23,28,71,47,0,20,58,0,22,17,0,0,96,92,83,87,0,89,56,47,85,93,91,0,0,0,0
l38,5=0,0,0,0,0,0,0,0,0,0,12,0,15,0,32,0,38,31,37,45,31,12,29,67,67,64,63,49,0,0,0,2,0,21,0,0,0,0,0,0,0,0,0,81,75
l39,5=0,0,0,0,0,0,0,0,0,0,9,3,25,20,60,0,54,15,44,60,67,57,7,66,66,66,67,48,0,0,0,15,5,15,0,0,0,0,0,0,0,0,73,0,75
l40,5=0,0,0,0,0,0,0,0,0,0,0,0,0,0,37,0,26,3,12,32,31,29,8,8,67,64,57,40,0,0,0,0,10,6,0,0,0,0,0,0,0,0,76,83,0
l41,5=0,0,0,0,0,0,0,0,0,9,2,14,67,15,62,0,63,66,46,62,69,6,9,68,69,71,70,27,0,0,3,22,14,0,0,0,0,0,3,0,17,0,78,84,72
l42,5=0,0,0,0,0,0,0,0,0,0,5,0,0,0,24,0,22,27,20,61,34,55,0,75,67,73,67,66,0,0,0,0,0,0,0,9,6,1,16,0,10,0,77,84,76
l43,5=0,0,0,0,0,0,0,0,0,0,10,0,0,0,13,0,7,5,20,19,30,33,2,56,56,55,61,62,0,0,0,0,12,0,0,14,0,2,19,0,0,0,77,82,75
l44,5=0,0,0,0,0,0,0,0,0,0,2,0,0,0,29,0,35,29,15,45,29,60,23,46,67,73,66,31,0,0,3,0,11,22,0,0,0,0,5,0,0,0,77,81,75

l0,6=0,93,67,90,92,90,87,82,78,80,73,87,81,86,34,0,46,73,2,8,0,0,0,0,0,0,0,0,0,0,72,0,0,0,0,0,0,0,0,0,0,0,0,0,0
l1,6=82,0,77,89,89,91,89,83,80,82,81,81,85,86,0,0,38,43,70,25,0,0,0,0,0,0,0,0,0,0,38,34,0,0,0,0,0,0,0,0,12,0,0,0,0
l2,6=81,94,0,87,71,90,88,84,80,76,76,79,85,87,26,0,48,47,39,30,0,0,0,0,0,39,0,0,0,0,2,13,0,0,0,0,0,0,0,0,0,0,0,0,0
l3,6=94,94,77,0,92,93,59,79,80,79,77,84,78,87,38,0,41,48,31,0,0,0,0,0,0,0,0,0,0,0,29,0,0,0,0,0,0,0,0,0,0,0,0,0,0
l4,6=92,94,62,90,0,94,88,81,78,81,23,88,86,86,21,0,28,0,27,4,0,0,0,0,0,0,0,0,0,0,46,69,0,0,0,0,0,0,0,0,0,0,0,0,0
l5,6=88,93,74,86,92,0,89,80,78,81,82,85,79,81,55,0,42,38,39,0,9,0,0,0,9,2,0,0,0,0,28,47,0,0,0,0,0,0,10,1,0,0,0,0,0
l6,6=90,94,77,75,89,90,0,84,77,84,82,78,85,73,71,0,60,60,59,35,36,0,0,0,2,41,0,0,0,0,27,23,0,0,0,0,0,0,0,0,0,0,0,0,0
l7,6=88,93,73,61,81,84,88,0,82,84,68,88,79,87,69,0,69,67,66,58,29,0,0,0,0,63,55,0,0,0,0,0,0,0,0,0,0,0,0,0,0,0,0,0,0
l8,6=87,90,78,66,84,89,78,87,0,83,64,88,83,85,74,0,63,32,41,62,0,27,29,27,26,63,55,31,0,0,0,6,0,0,0,0,0,0,0,0,0,0,0,0,0
l9,6=79,89,53,67,80,89,89,87,82,0,81,88,87,88,76,0,61,56,73,17,47,0,21,0,26,59,46,21,0,0,26,0,0,0,0,0,0,0,0,0,0,0,18,0,0
l10,6=57,74,53,57,12,75,49,62,64,76,0,80,85,81,81,0,72,48,66,40,49,38,20,26,38,65,62,14,0,0,30,33,0,0,0,0,0,0,0,0,0,14,41,47,0
l11,6=79,63,58,66,80,82,70,83,79,84,81,0,87,82,75,0,67,62,73,61,28,31,7,23,62,52,41,32,0,0,23,3,0,0,0,0,0,0,0,0,0,0,0,31,0
l12,6=69,87,71,57,76,68,84,74,80,84,85,88,0,88,82,0,68,41,78,62,51,0,0,6,62,54,61,17,0,0,9,15,0,0,0,0,0,0,0,0,0,0,37,39,0
l13,6=86,88,67,70,76,83,69,86,82,86,83,88,87,0,81,0,66,69,74,64,38,9,0,35,54,61,48,32,0,0,60,26,0,0,0,0,0,0,0,0,0,0,13,19,0
l14,6=22,14,28,41,30,35,26,57,63,70,81,69,74,76,0,0,65,84,80,74,50,39,39,19,38,52,46,22,0,0,49,22,0,28,0,0,0,0,33,0,15,0,37,56,50
l15,6=25,37,43,44,36,34,34,61,59,61,85,73,75,64,71,0,0,45,76,41,49,48,40,28,35,29,57,40,0,0,0,38,0,0,0,0,0,0,23,0,15,3,30,51,25
l16,6=37,37,52,54,0,7,5,47,42,40,64,36,34,14,60,0,40,0,43,40,54,0,0,9,38,46,62,35,0,0,54,59,13,19,0,6,7,0,28,9,51,20,36,55,30
l17,6=19,39,37,29,44,32,29,47,24,72,74,73,69,71,86,0,58,73,0,65,61,45,38,33,37,64,62,25,0,0,56,43,0,1,0,0,0,0,0,0,9,0,45,55,30
l18,6=8,38,32,0,10,0,15,51,47,7,47,52,51,55,66,0,44,63,58,0,65,51,39,54,61,69,59,53,0,0,1,26,39,45,0,16,14,7,46,40,31,14,53,55,46
l19,6=0,0,0,0,0,29,30,42,0,55,67,48,52,54,77,0,60,84,73,76,0,48,43,30,72,72,50,56,0,0,56,63,0,49,0,0,0,0,51,42,31,28,52,56,10
l20,6=0,0,0,0,0,0,0,0,15,0,21,27,7,6,18,0,40,0,47,63,21,0,76,73,70,71,65,67,0,0,0,0,49,38,0,25,34,20,61,24,18,17,65,21,43
l21,6=0,0,0,0,0,0,0,0,34,30,21,27,0,0,48,0,37,0,35,54,35,83,0,61,62,63,59,65,0,0,0,0,22,17,0,0,0,0,23,1,0,0,51,42,41
l22,6=0,0,0,0,0,0,0,0,12,0,20,26,14,21,20,0,22,28,38,57,21,79,43,0,78,79,77,68,0,0,0,0,0,68,0,24,58,27,43,23,17,19,60,33,32
l23,6=0,0,0,0,0,2,0,0,11,26,42,37,41,23,56,0,39,57,43,62,58,74,51,82,0,84,77,61,0,0,22,13,21,38,0,41,14,6,32,24,25,18,61,60,57
l24,6=0,0,12,0,0,4,10,50,36,32,55,31,21,31,31,0,12,20,58,64,60,71,54,84,79,0,77,63,0,0,7,12,18,45,0,28,12,0,29,12,10,14,62,60,59
l25,6=0,0,0,0,0,0,0,23,17,26,45,26,38,21,11,0,39,53,47,63,16,63,34,84,79,84,0,55,0,0,0,0,40,39,0,25,24,26,50,22,18,17,59,63,24
l26,6=0,0,0,0,0,0,0,0,12,15,16,24,12,21,21,0,34,20,37,63,59,79,67,82,70,70,69,0,0,0,2,0,51,63,0,36,43,16,66,25,23,16,70,35,25
l27,6=43,37,0,31,40,8,4,0,0,35,45,33,20,18,60,0,20,56,44,10,49,0,0,0,6,25,0,0,0,0,0,56,50,70,0,18,21,7,62,47,81,61,8,7,0
l28,6=0,34,5,0,48,31,16,0,32,0,47,23,61,36,44,0,40,88,61,35,57,0,0,0,19,44,0,0,0,0,86,0,61,67,0,35,26,38,57,57,81,69,34,0,0
l29,6=0,0,0,0,0,0,0,0,0,0,0,0,0,0,0,0,0,25,0,52,0,49,29,0,49,32,57,53,0,0,47,54,0,86,0,82,82,86,81,82,58,46,0,0,0
l30,6=0,0,0,0,0,4,0,0,0,0,0,0,0,0,16,0,0,21,5,30,39,29,12,59,39,63,56,57,0,0,54,53,77,0,0,82,82,79,81,58,86,73,1,17,23
l31,6=0,0,0,0,0,0,0,0,0,0,0,0,0,0,0,0,0,17,0,43,0,39,0,53,63,58,57,52,0,0,45,39,77,86,0,0,82,94,81,74,78,79,0,0,0
l32,6=0,0,0,0,0,0,0,0,0,0,0,0,0,0,0,0,0,1,0,37,0,33,0,62,41,34,51,55,0,0,52,52,77,80,0,82,0,86,73,71,72,38,16,0,0
l33,6=0,0,0,0,0,0,0,0,0,0,0,0,0,0,0,0,0,0,0,0,0,29,0,48,2,0,57,34,0,0,0,45,71,78,0,82,80,0,73,47,74,67,0,0,0
l34,6=0,0,0,0,0,2,0,0,0,0,0,0,0,0,25,0,20,52,0,36,40,47,29,39,34,44,60,57,0,0,61,52,77,86,0,82,73,70,0,82,86,80,35,43,0
l35,6=0,0,0,0,0,6,0,0,0,0,0,0,0,0,0,0,2,17,7,53,44,47,0,22,21,13,49,48,0,0,82,77,77,83,0,78,45,36,81,0,86,80,41,0,0
l36,6=0,3,0,0,0,0,0,0,0,0,2,0,0,0,20,0,16,88,23,39,39,44,0,22,20,28,53,44,0,0,90,87,71,86,0,80,48,54,81,82,0,80,0,21,0
l37,6=0,0,0,0,0,0,0,0,0,0,11,0,0,0,0,0,4,41,7,2,37,44,0,41,34,45,58,46,0,0,86,83,74,86,0,80,60,76,81,82,86,0,0,16,0
l38,6=0,0,0,0,0,0,0,0,0,0,16,0,5,0,8,0,11,23,18,48,7,40,19,47,57,42,58,42,0,0,0,6,0,0,0,0,0,0,6,8,0,0,0,64,70
l39,6=0,0,0,0,0,0,0,0,0,0,23,21,7,2,58,0,31,48,51,59,51,22,22,39,65,50,69,23,0,0,0,0,0,0,0,0,0,0,17,0,0,0,69,0,71
l40,6=0,0,0,0,0,0,0,0,0,0,0,0,0,0,45,0,11,20,26,49,0,40,22,32,56,54,21,16,0,0,0,0,0,7,0,0,0,0,0,0,0,0,65,61,0
l41,6=0,0,0,0,0,0,0,0,2,0,0,24,47,18,59,0,21,50,55,63,57,48,27,54,69,64,67,37,0,0,4,11,12,0,0,0,2,0,14,0,14,14,66,66,63
l42,6=0,0,0,0,0,0,0,0,0,0,2,0,0,0,25,0,0,19,23,56,16,31,0,63,58,63,71,57,0,0,0,0,14,0,0,7,19,8,18,0,15,0,72,62,52
l43,6=0,0,0,0,0,0,0,0,0,0,6,0,0,0,19,0,0,11,16,26,15,35,0,53,48,59,59,51,0,0,0,0,12,15,0,14,0,0,18,0,0,0,66,60,68
l44,6=0,0,0,0,0,0,0,0,0,0,0,0,3,0,0,0,18,26,0,27,0,36,28,34,66,63,65,47,0,0,0,0,1,0,0,0,0,0,0,0,1,7,67,63,69

l0,7=0,96,91,99,96,95,91,84,84,82,68,70,91,90,34,0,76,77,7,23,0,0,0,0,0,0,0,0,0,0,0,45,0,0,0,0,0,0,0,0,0,0,0,0,0
l1,7=92,0,93,99,96,91,91,85,90,86,61,86,94,91,34,0,76,0,80,32,0,0,0,0,0,0,0,0,0,0,0,1,0,0,0,0,0,0,0,0,1,0,0,0,0
l2,7=91,94,0,98,95,90,91,84,91,83,70,85,90,90,45,0,70,71,69,34,3,0,0,0,0,0,0,0,0,0,58,0,0,0,0,0,0,0,0,0,0,0,0,0,0
l3,7=95,96,94,0,96,95,85,85,82,87,69,23,89,89,2,0,62,31,78,2,0,0,0,0,0,0,0,0,0,0,60,23,0,0,0,0,0,0,0,0,8,0,0,0,0
l4,7=95,96,93,99,0,95,91,81,88,84,67,87,52,78,0,0,49,0,1,28,0,0,0,0,0,0,0,0,0,0,76,16,0,0,0,0,0,0,0,0,0,0,0,0,0
l5,7=92,95,92,98,96,0,92,88,90,85,84,88,32,90,65,0,69,59,73,33,27,0,0,0,0,0,0,0,0,0,66,11,0,0,0,0,0,0,0,0,0,0,0,0,0
l6,7=92,95,93,92,93,91,0,92,91,89,81,85,41,88,66,0,66,71,68,1,28,0,0,0,0,26,0,0,0,0,55,22,0,0,0,0,0,0,0,0,0,0,0,0,0
l7,7=84,82,81,70,86,83,92,0,91,89,79,91,84,91,71,0,77,75,0,61,60,16,28,0,29,68,34,49,0,0,0,0,0,0,0,0,0,0,0,0,0,0,0,0,0
l8,7=90,90,89,73,92,88,88,95,0,86,76,87,91,88,67,0,75,28,45,60,33,21,55,52,23,23,40,31,0,0,0,3,0,0,0,0,0,0,0,0,0,0,0,0,0
l9,7=77,89,81,87,92,86,92,96,91,0,79,92,94,93,77,0,73,0,75,54,57,18,0,24,0,17,30,0,0,0,21,11,0,0,0,0,0,0,0,0,0,0,0,23,0
l10,7=37,7,28,28,55,91,86,86,79,76,0,60,91,90,82,0,79,76,88,38,50,15,40,66,17,28,30,0,0,0,48,22,0,0,0,0,0,0,0,0,7,0,26,25,0
l11,7=58,55,88,19,92,88,84,91,86,88,83,0,94,90,81,0,79,58,86,66,0,6,0,54,17,16,30,53,0,0,8,0,0,0,0,0,0,0,0,0,0,0,0,28,0
l12,7=69,90,88,63,82,60,30,77,84,88,87,92,0,93,82,0,79,30,88,42,19,4,47,43,19,25,36,31,0,0,37,13,0,0,0,0,0,0,0,0,0,0,11,22,0
l13,7=89,88,90,92,92,88,76,91,84,88,87,92,94,0,81,0,0,66,85,70,58,0,46,60,22,59,0,26,0,0,5,14,0,0,0,0,0,0,0,0,0,0,0,0,0
l14,7=16,8,11,0,16,44,13,64,58,67,83,27,57,73,0,0,83,84,89,73,50,32,2,59,20,26,35,67,0,0,59,16,0,1,0,0,0,0,13,2,2,3,32,31,17
l15,7=35,23,17,9,18,49,9,75,72,62,87,29,58,0,86,0,0,78,81,43,51,23,50,48,22,23,32,48,0,0,26,12,0,15,0,0,0,0,0,10,18,0,13,25,0
l16,7=37,1,14,0,0,39,41,56,14,0,54,24,14,33,86,0,71,0,87,70,82,11,0,20,22,27,30,29,0,0,69,75,2,14,0,0,2,2,16,25,89,44,21,34,0
l17,7=1,22,22,20,0,66,26,0,48,74,81,54,58,77,86,0,79,83,0,45,53,21,0,58,21,32,35,65,0,0,68,21,0,0,0,0,0,0,0,11,2,10,30,33,24
l18,7=2,15,13,0,15,33,0,57,49,24,45,43,38,51,82,0,57,74,51,0,78,55,59,3,60,67,60,70,0,0,60,28,18,0,0,0,9,0,31,29,55,27,53,61,16
l19,7=0,0,0,0,0,43,20,55,32,58,57,0,23,43,82,0,78,83,80,74,0,33,34,66,72,48,34,66,0,0,52,13,0,30,0,0,0,11,17,47,54,0,33,28,16
l20,7=0,0,0,0,0,0,0,15,24,20,28,13,8,5,53,0,47,25,15,64,19,0,81,84,70,75,58,83,0,0,0,0,51,29,0,17,39,3,69,21,0,0,53,55,66
l21,7=0,0,0,0,0,0,0,26,51,0,39,0,43,36,0,0,50,0,11,61,43,75,0,76,68,63,54,82,0,0,0,0,20,0,0,0,10,0,31,5,0,0,64,52,55
l22,7=0,0,0,0,0,0,0,0,17,3,50,38,16,35,51,0,42,28,48,0,56,65,62,0,74,75,63,83,0,0,0,0,56,64,0,40,55,39,66,25,29,58,72,65,35
l23,7=0,0,0,0,0,0,0,13,13,0,38,23,49,28,49,0,52,54,40,62,60,63,59,86,0,82,66,81,0,0,0,1,16,34,0,43,24,0,24,0,31,19,68,66,68
l24,7=0,0,0,0,0,0,11,53,17,35,45,11,54,29,50,0,38,53,60,70,62,72,50,85,79,0,66,82,0,0,21,0,5,22,0,34,22,0,0,28,30,23,73,63,66
l25,7=0,0,0,0,0,0,0,13,15,33,45,29,51,0,51,0,51,44,40,65,21,42,23,86,79,82,0,73,0,0,0,1,30,37,0,32,32,34,47,21,39,28,68,72,66
l26,7=0,0,0,0,0,0,0,18,12,0,0,32,9,22,46,0,30,17,38,64,40,72,70,85,73,75,59,0,0,0,16,0,50,47,0,27,50,36,70,35,22,30,72,24,41
l27,7=1,0,24,17,39,75,60,0,0,5,56,15,26,2,85,0,54,87,89,42,55,0,0,0,2,24,0,37,0,0,0,76,22,77,0,19,21,25,33,74,92,62,2,2,5
l28,7=57,0,0,12,19,46,39,0,2,22,57,1,25,28,48,0,61,87,76,56,41,0,0,3,15,2,23,0,0,0,95,0,27,58,0,25,20,22,27,81,82,55,0,0,0
l29,7=0,0,0,0,0,0,0,0,0,0,0,0,0,0,0,0,0,0,0,53,0,54,13,69,59,31,54,59,0,0,27,24,0,80,0,78,78,88,90,88,82,81,6,11,0
l30,7=0,0,0,0,0,0,0,0,0,0,0,0,0,0,0,0,5,34,0,0,24,25,0,70,39,23,43,71,0,0,66,37,84,0,0,73,71,88,86,67,93,86,0,0,10
l31,7=0,0,0,0,0,0,0,0,0,0,0,0,0,0,0,0,0,11,0,0,0,32,0,74,65,63,57,75,0,0,54,29,84,80,0,0,78,93,90,66,91,78,0,0,0
l32,7=0,0,0,0,0,0,0,0,0,0,0,0,0,0,0,0,0,5,0,4,0,54,3,74,58,59,52,47,0,0,32,25,84,74,0,78,0,93,85,78,55,52,0,30,0
l33,7=0,0,0,0,0,0,0,0,0,0,0,0,0,0,0,0,0,0,0,0,0,0,0,46,0,0,54,40,0,0,21,16,84,76,0,78,77,0,86,76,61,57,13,0,0
l34,7=0,0,0,0,0,0,0,0,0,0,0,0,0,0,19,0,0,57,2,69,34,61,14,72,64,0,56,73,0,0,74,26,84,80,0,78,72,89,0,88,93,92,11,13,0
l35,7=0,0,0,0,0,3,0,0,0,0,0,0,0,0,4,0,34,57,36,40,34,23,1,25,10,28,26,71,0,0,80,65,84,73,0,45,74,87,90,0,93,92,25,0,0
l36,7=0,0,0,0,0,0,0,0,0,0,1,1,15,0,27,0,50,87,35,68,40,0,0,26,32,25,44,69,0,0,95,69,79,80,0,30,31,54,90,88,0,92,1,5,0
l37,7=14,0,0,0,0,0,0,0,0,0,5,0,0,0,0,0,0,65,45,37,0,0,0,26,60,38,50,67,0,0,88,58,77,79,0,27,26,51,90,88,93,0,1,1,0
l38,7=0,0,0,0,0,0,0,0,0,0,11,0,1,0,25,0,8,25,18,26,13,13,19,64,68,72,53,72,0,0,0,0,1,0,0,0,0,7,6,4,0,0,0,71,75
l39,7=0,0,0,0,0,0,0,0,0,16,17,22,5,0,43,0,31,51,35,51,26,43,22,65,66,62,65,5,0,0,1,0,4,0,0,0,11,0,15,0,1,0,75,0,70
l40,7=0,0,0,0,0,0,0,0,0,0,0,0,0,0,14,0,0,0,18,4,13,39,16,26,62,55,48,18,0,0,2,0,0,4,0,0,0,0,0,0,0,0,74,66,0
l41,7=0,0,0,0,0,0,0,3,14,0,26,0,53,1,62,0,51,46,47,51,57,53,12,34,78,73,60,33,0,0,0,3,4,0,0,0,9,0,7,0,0,15,69,73,72
l42,7=0,0,0,0,0,0,0,0,0,0,0,2,0,0,44,0,24,22,0,37,17,54,15,39,63,75,64,72,0,0,0,0,9,13,0,0,0,9,0,0,0,0,72,73,60
l43,7=0,0,0,0,0,0,0,0,0,0,13,0,2,0,0,0,10,15,17,18,18,27,0,38,68,74,58,52,0,0,0,0,12,0,0,14,0,0,25,7,13,0,73,65,71
l44,7=0,0,0,0,0,0,0,0,0,0,0,0,0,0,33,0,25,23,11,12,15,16,27,67,68,73,55,69,0,0,0,0,4,13,0,0,0,0,13,0,0,0,72,68,71

l0,8=0,97,98,100,97,100,98,95,98,97,14,95,91,98,77,0,97,45,0,0,0,0,0,0,0,0,0,0,0,0,82,0,0,0,0,0,0,0,0,0,0,0,0,0,0
l1,8=100,0,98,100,97,100,98,95,98,97,98,95,89,94,86,0,88,50,84,75,0,0,0,0,0,0,0,0,0,0,88,0,0,0,0,0,0,0,0,0,57,0,0,0,0
l2,8=99,97,0,98,97,99,97,0,98,97,97,95,87,98,85,0,96,58,70,35,5,4,0,0,19,0,0,0,0,0,84,0,0,0,0,0,0,0,0,0,0,0,0,1,0
l3,8=100,97,99,0,99,100,98,95,98,97,97,93,96,100,81,0,94,2,66,77,0,0,0,0,0,0,0,0,0,0,96,84,0,0,0,0,0,0,0,0,0,0,0,0,0
l4,8=99,97,99,100,0,100,98,95,98,97,75,95,84,98,0,0,89,49,50,82,0,0,0,0,0,0,0,0,0,0,98,15,0,0,0,0,0,0,0,0,0,0,0,0,0
l5,8=100,97,98,100,97,0,98,95,98,97,97,96,90,98,89,0,98,56,64,89,56,0,0,0,0,0,0,0,0,0,90,66,0,0,0,0,0,0,0,0,0,0,0,0,0
l6,8=99,97,98,98,97,99,0,95,98,97,98,96,91,98,98,0,92,75,91,0,82,0,0,0,0,60,0,0,0,0,84,15,0,0,0,0,0,0,0,0,0,0,0,0,0
l7,8=94,97,57,94,97,97,97,0,98,99,98,96,94,100,92,0,96,90,89,94,91,46,0,71,85,81,78,0,0,0,0,0,0,0,0,0,0,0,0,0,0,0,0,0,0
l8,8=94,97,98,94,94,96,89,96,0,97,95,96,94,97,90,0,90,35,88,94,90,84,6,73,73,0,37,84,0,0,60,0,0,0,0,0,0,0,0,0,0,0,14,7,0
l9,8=94,99,94,93,94,92,100,97,98,0,97,98,97,100,92,0,98,30,7,93,93,48,0,74,58,48,49,0,0,0,0,65,0,0,0,0,0,0,0,0,0,0,0,81,0
l10,8=24,83,93,92,69,91,77,53,86,93,0,93,97,100,100,0,100,0,93,88,61,46,47,88,67,42,53,0,0,0,0,69,0,0,0,0,0,0,0,0,0,0,2,79,0
l11,8=94,93,94,63,95,93,89,97,98,97,94,0,97,100,93,0,90,0,92,89,22,14,0,79,66,22,44,83,0,0,83,0,0,0,0,0,0,0,0,0,0,0,10,68,21
l12,8=95,93,72,94,89,91,80,90,96,99,99,98,0,100,93,0,100,62,94,93,59,7,77,52,66,48,49,78,0,0,91,49,0,0,0,0,0,0,0,0,0,0,79,37,25
l13,8=94,90,95,93,94,94,89,96,94,99,97,98,97,0,93,0,90,59,92,94,66,78,67,86,69,46,0,86,0,0,0,57,0,0,0,0,0,0,0,0,60,0,0,0,0
l14,8=41,42,45,6,49,71,75,52,29,93,99,93,97,96,0,0,100,70,99,97,63,50,58,90,71,51,54,81,0,0,94,76,0,0,0,0,0,0,3,16,9,7,48,83,79
l15,8=96,70,63,41,69,95,76,56,57,97,99,98,97,99,100,0,0,69,99,95,61,52,1,89,70,51,52,92,0,0,11,77,0,1,0,0,0,0,0,39,77,2,59,88,24
l16,8=33,51,41,0,75,72,54,41,9,0,0,4,88,94,100,0,100,0,99,96,100,0,0,0,68,54,50,17,0,0,99,83,0,15,0,3,49,10,33,69,98,74,45,82,14
l17,8=0,41,37,29,51,61,67,36,33,0,99,98,97,96,100,0,100,70,0,95,96,23,73,86,70,50,49,87,0,0,94,54,0,0,0,0,0,0,0,22,30,1,45,83,31
l18,8=0,22,0,20,45,54,0,48,48,73,72,79,86,78,100,0,82,99,93,0,99,88,79,89,91,82,94,95,0,0,86,81,27,19,0,0,0,0,57,30,70,67,81,87,82
l19,8=0,0,0,0,0,67,34,45,47,87,94,18,95,91,100,0,97,99,99,97,0,41,5,92,90,81,57,92,0,0,97,22,0,26,0,0,0,0,41,52,90,47,58,88,75
l20,8=0,0,0,0,0,0,0,43,59,31,66,14,27,64,59,0,62,15,66,91,47,0,99,92,83,81,73,95,0,0,0,0,64,52,0,3,56,0,69,28,15,22,64,62,55
l21,8=0,0,0,0,0,0,0,0,5,0,38,0,61,64,53,0,20,0,68,86,1,90,0,85,86,81,44,93,0,0,0,0,47,37,0,0,58,0,63,13,0,0,79,77,54
l22,8=0,0,0,0,0,0,0,19,19,23,58,26,25,39,46,0,46,0,47,84,63,87,77,0,90,81,93,93,0,0,0,15,41,75,0,59,25,29,81,33,23,52,66,87,52
l23,8=0,0,0,0,0,0,0,26,11,2,57,52,57,52,63,0,64,58,66,87,68,81,71,92,0,88,94,94,0,0,28,0,68,35,0,59,46,0,70,54,61,26,77,88,83
l24,8=0,0,0,0,0,0,26,57,0,39,55,20,60,56,65,0,60,62,79,87,57,87,68,89,91,0,94,92,0,0,29,19,32,24,0,27,29,37,55,27,61,20,85,61,55
l25,8=0,0,0,0,0,0,0,42,13,42,66,50,60,0,57,0,60,59,66,85,54,64,27,92,91,88,0,49,0,0,0,2,34,55,0,54,57,47,60,33,57,13,82,88,55
l26,8=0,0,0,0,0,0,0,5,25,0,0,31,32,30,21,0,54,12,65,87,50,87,79,91,89,81,31,0,0,0,6,0,31,56,0,29,78,28,79,28,25,18,84,62,31
l27,8=49,49,48,85,92,79,42,0,9,0,0,37,50,0,98,0,32,99,99,96,61,0,0,0,46,21,1,7,0,0,0,99,0,62,0,100,95,29,61,71,99,76,2,3,38
l28,8=0,0,0,87,89,88,0,0,0,79,95,0,33,77,100,0,99,99,94,72,41,0,0,48,10,22,0,0,0,0,99,0,44,46,0,93,100,36,62,71,99,48,47,64,0
l29,8=0,0,0,0,0,0,0,0,0,0,0,0,0,0,0,0,0,3,0,84,0,85,61,83,90,58,82,91,0,0,0,82,0,100,0,100,100,100,100,100,98,99,77,34,0
l30,8=0,0,0,0,39,0,0,0,0,0,0,0,0,0,0,0,9,31,0,60,27,34,54,91,64,28,91,94,0,0,96,90,100,0,0,100,100,98,99,100,99,99,4,6,0
l31,8=0,0,0,0,0,0,0,0,0,0,0,0,0,0,0,0,0,15,0,0,0,5,0,92,83,39,66,71,0,0,82,59,100,100,0,0,100,100,100,96,99,100,0,0,0
l32,8=0,0,0,0,0,0,0,0,0,0,0,0,0,0,0,0,0,44,0,0,0,54,69,57,61,56,88,93,0,0,79,86,100,100,0,100,0,100,100,91,86,92,0,46,0
l33,8=0,0,0,0,0,0,0,0,0,0,0,0,0,0,0,0,0,22,0,0,0,0,0,60,0,61,86,89,0,0,81,38,100,100,0,100,100,0,93,100,84,49,2,0,0
l34,8=0,0,0,0,0,0,0,0,0,0,0,0,0,0,12,0,10,57,0,70,32,52,71,93,91,50,54,95,0,0,96,76,100,100,0,100,100,98,0,100,99,100,0,87,0
l35,8=0,0,0,0,0,0,0,0,0,0,0,0,0,0,6,0,77,86,78,64,44,17,10,90,87,48,54,91,0,0,99,77,100,100,0,92,93,100,100,0,99,100,0,22,0
l36,8=0,2,0,0,0,0,0,0,0,0,0,0,0,59,47,0,82,99,2,44,45,10,0,67,91,88,56,90,0,0,99,81,63,100,0,100,100,100,100,100,0,100,33,0,0
l37,8=0,0,0,0,0,0,0,0,0,0,0,0,0,0,42,0,43,75,1,72,36,20,0,89,72,48,49,89,0,0,99,62,63,100,0,100,100,52,100,100,99,0,0,25,0
l38,8=0,0,0,0,0,0,0,0,1,0,0,6,32,0,15,0,8,12,22,62,2,11,45,48,69,78,65,63,0,0,0,13,16,0,0,0,0,8,0,0,2,0,0,88,83
l39,8=0,0,0,0,0,0,0,0,0,11,42,10,18,0,32,0,49,37,53,60,54,32,33,76,87,17,93,59,0,0,6,7,10,0,0,0,7,0,10,0,0,0,88,0,84
l40,8=0,0,0,0,0,0,0,0,0,0,0,8,25,0,36,0,5,5,22,56,21,52,25,47,83,50,56,49,0,0,4,0,0,0,0,0,0,0,0,0,0,0,86,88,0
l41,8=0,0,0,0,0,20,0,12,9,0,22,28,56,33,73,0,52,13,79,85,70,74,55,80,88,82,91,82,0,0,9,48,1,0,0,13,9,0,3,0,0,13,86,88,82
l42,8=0,0,0,0,0,0,0,0,0,0,0,0,0,0,28,0,21,3,23,73,47,62,26,59,77,86,91,81,0,0,0,0,9,16,0,0,0,6,19,0,0,0,86,89,40
l43,8=0,0,0,0,0,0,0,0,0,0,0,0,0,0,6,0,0,22,27,55,38,56,0,50,77,66,88,26,0,0,0,0,45,19,0,0,17,0,24,13,0,0,84,87,81
l44,8=0,0,0,0,0,0,0,0,0,0,0,0,0,9,38,0,17,22,37,72,18,17,56,61,84,71,63,55,0,0,0,0,0,13,0,0,0,0,0,0,0,0,79,87,55

l0,9=0,99,100,97,100,100,100,85,98,100,96,97,95,97,0,0,6,0,51,0,0,0,0,0,0,0,0,0,0,0,0,51,0,0,0,0,0,0,0,0,0,0,0,0,0
l1,9=100,0,99,97,98,99,99,87,98,100,94,98,93,99,0,0,79,91,56,0,3,0,0,0,0,79,0,0,0,0,42,24,0,0,0,0,0,0,0,0,0,0,0,0,0
l2,9=100,99,0,37,98,100,99,96,99,99,88,96,93,98,93,0,85,53,93,88,0,0,0,0,0,0,0,0,0,0,83,92,0,0,0,0,0,0,0,0,0,0,0,0,0
l3,9=100,100,65,0,100,100,100,96,97,100,97,95,95,100,0,0,83,30,29,79,0,0,0,0,0,0,0,0,0,0,54,95,0,0,0,0,0,0,0,0,0,0,0,0,0
l4,9=100,99,100,97,0,100,99,97,97,99,95,96,83,99,28,0,85,20,54,79,0,0,0,0,0,0,0,0,0,0,69,96,0,0,0,0,0,0,0,0,0,0,0,0,0
l5,9=100,99,100,97,100,0,99,94,98,99,95,98,83,100,28,0,86,60,0,79,74,0,0,0,0,76,0,0,0,0,57,75,0,0,0,0,0,0,0,0,36,0,0,0,0
l6,9=100,99,100,97,98,100,0,98,98,100,97,98,93,100,52,0,87,92,94,0,91,0,0,0,0,68,0,0,0,0,55,96,0,0,0,0,0,0,0,0,0,0,0,0,0
l7,9=100,100,100,97,98,100,100,0,99,100,98,99,96,100,57,0,96,91,0,99,95,98,1,0,93,96,43,48,0,0,0,0,0,0,0,0,0,0,0,0,0,0,0,0,0
l8,9=100,99,100,96,98,100,99,96,0,99,98,98,97,100,93,0,96,87,91,97,87,89,0,68,88,85,50,52,0,0,0,0,0,0,0,0,0,0,0,0,0,0,0,31,0
l9,9=100,99,100,97,98,100,100,97,99,0,98,99,99,100,93,0,98,68,93,98,98,50,0,52,87,82,35,32,0,0,49,75,0,0,0,0,0,0,0,0,0,0,0,0,0
l10,9=83,98,80,37,33,62,100,99,99,100,0,99,99,99,95,0,98,63,98,95,95,50,2,64,87,84,35,0,0,0,59,97,0,0,0,0,0,0,0,0,0,29,60,67,52
l11,9=100,99,99,61,97,100,100,96,99,100,98,0,99,100,93,0,98,92,98,99,85,0,0,61,90,62,30,52,0,0,0,32,0,0,0,0,0,0,0,0,0,0,0,53,50
l12,9=86,95,99,37,31,58,99,91,99,100,99,99,0,100,84,0,98,97,98,99,86,47,24,0,76,75,35,24,0,0,50,12,0,0,0,0,0,0,0,0,1,1,29,43,0
l13,9=85,100,100,97,100,100,100,96,99,100,98,99,99,0,93,0,98,98,98,95,99,79,0,62,94,92,35,24,0,0,11,90,0,0,0,0,0,0,0,0,35,0,0,0,0
l14,9=0,0,94,0,7,24,90,81,98,98,98,97,80,38,0,0,87,65,99,99,98,51,2,52,95,96,34,35,0,0,64,98,0,0,0,0,0,0,34,1,43,26,58,3,60
l15,9=3,97,86,37,34,63,97,100,99,100,98,99,99,63,91,0,0,64,99,99,95,51,2,64,96,97,32,35,0,0,62,99,0,17,0,0,0,0,72,14,46,15,34,0,36
l16,9=0,100,53,0,34,63,97,91,60,59,85,97,80,38,59,0,85,0,63,99,99,0,0,53,95,97,29,0,0,0,98,97,23,9,0,0,30,21,77,38,49,88,57,67,0
l17,9=8,67,95,5,13,0,96,0,60,61,98,99,82,38,95,0,94,64,0,99,99,24,2,39,94,98,34,34,0,0,64,79,0,0,0,0,0,0,3,37,0,0,0,60,57
l18,9=0,0,66,29,19,22,0,97,98,99,94,96,98,38,94,0,96,97,99,0,98,77,49,90,96,96,82,97,0,0,64,96,44,32,0,23,41,24,77,35,66,92,76,77,62
l19,9=0,6,0,0,0,29,71,97,98,99,97,63,78,38,95,0,84,99,99,99,0,60,0,75,96,96,61,35,0,0,64,97,0,24,0,0,0,0,77,38,48,92,93,66,62
l20,9=0,0,0,0,0,0,0,86,80,77,56,0,91,80,80,0,82,0,82,97,78,0,99,90,96,96,96,97,0,0,0,0,78,87,0,0,73,3,93,55,12,42,78,92,74
l21,9=0,0,0,0,0,0,0,35,0,0,65,0,98,0,77,0,88,0,98,97,0,100,0,90,96,96,93,97,0,0,0,0,0,62,0,0,83,0,73,22,0,0,94,96,50
l22,9=0,0,0,0,0,0,0,0,80,47,61,78,0,78,74,0,76,79,77,95,94,99,76,0,96,96,97,98,0,0,0,0,71,84,0,80,75,0,89,50,81,76,77,96,76
l23,9=0,0,0,0,0,0,0,74,74,65,48,76,46,73,93,0,94,85,96,97,96,97,87,90,0,98,98,97,0,0,34,13,75,41,0,72,60,59,85,45,46,79,94,96,97
l24,9=0,63,0,0,0,62,62,88,88,66,65,77,86,84,91,0,89,96,98,96,97,98,96,90,97,0,98,97,0,0,50,0,80,85,0,45,90,71,83,73,92,83,94,96,91
l25,9=0,0,0,0,0,0,0,72,81,49,72,73,91,52,63,0,73,38,90,91,91,93,26,90,97,98,0,97,0,0,0,4,91,88,0,45,91,75,88,30,47,1,94,98,97
l26,9=0,0,0,0,0,0,0,63,81,73,0,86,72,40,94,0,84,0,97,97,96,98,97,90,96,96,96,0,0,0,0,0,73,98,0,76,96,60,99,31,16,87,94,96,97
l27,9=0,42,91,37,21,38,45,0,0,47,35,0,80,2,25,0,53,99,63,78,81,0,0,0,95,63,0,0,0,0,0,99,20,33,0,36,95,92,62,38,49,94,85,47,16
l28,9=31,13,87,37,21,23,48,0,0,25,35,15,70,38,24,0,53,37,30,40,70,0,0,0,66,0,20,0,0,0,100,0,35,31,0,32,95,1,74,37,84,62,75,48,0
l29,9=0,0,0,0,0,0,0,0,0,0,0,0,0,0,0,0,5,28,0,36,0,74,0,69,96,92,96,57,0,0,18,90,0,99,0,99,99,100,100,100,98,99,63,33,0
l30,9=0,0,0,0,3,0,0,0,0,0,0,0,0,0,12,0,42,13,0,20,1,76,38,90,96,96,93,97,0,0,52,12,99,0,0,99,99,100,100,100,100,100,59,30,0
l31,9=0,0,0,0,0,0,0,0,0,0,0,0,0,0,0,0,0,3,0,35,0,0,0,83,90,88,82,68,0,0,90,35,99,99,0,0,99,100,100,41,99,91,0,0,13
l32,9=0,0,0,0,0,0,0,0,0,0,0,0,0,0,0,0,0,12,0,11,0,55,40,89,95,96,97,97,0,0,52,51,99,99,0,99,0,100,100,88,98,100,26,1,0
l33,9=0,0,0,0,0,0,0,0,0,0,0,0,0,0,0,0,0,10,0,1,0,0,0,0,87,88,91,11,0,0,59,0,99,99,0,99,99,0,100,100,72,96,0,0,0
l34,9=0,0,0,0,0,0,0,0,0,0,0,0,0,0,19,0,46,27,0,40,69,99,33,91,96,97,62,99,0,0,30,38,99,99,0,99,99,100,0,100,100,100,0,28,0
l35,9=0,0,0,0,0,0,0,0,0,0,0,0,0,0,0,0,55,62,44,40,72,98,11,79,96,96,75,46,0,0,64,38,99,99,0,94,96,100,100,0,100,100,0,0,0
l36,9=0,0,0,0,0,0,0,0,0,0,0,0,4,36,50,0,55,62,11,40,72,1,0,72,96,97,55,6,0,0,37,38,63,99,0,99,97,100,100,100,0,65,0,0,0
l37,9=0,0,0,0,0,0,0,0,0,0,27,0,42,0,23,0,50,27,11,40,70,41,0,66,96,96,0,35,0,0,74,38,77,90,0,36,98,100,100,100,100,0,0,0,0
l38,9=0,0,0,0,0,0,0,0,0,0,27,0,28,0,73,0,23,25,21,72,66,12,7,28,96,91,96,90,0,0,5,3,31,14,0,0,0,0,0,0,0,0,0,98,97
l39,9=0,0,0,0,0,0,0,0,0,0,73,37,25,0,0,0,0,81,86,91,89,84,1,81,96,88,96,86,0,0,0,12,24,6,0,0,0,0,41,0,0,0,94,0,97
l40,9=0,0,0,0,0,0,0,0,0,0,10,37,0,0,72,0,7,0,49,89,82,11,0,73,93,85,94,86,0,0,0,0,0,0,0,2,0,0,0,0,0,0,94,96,0
l41,9=0,0,26,0,0,1,0,56,22,0,0,74,64,31,92,0,92,91,94,97,80,87,21,86,95,96,96,58,0,0,3,79,0,0,0,9,29,0,50,17,0,0,94,96,97
l42,9=0,0,0,0,0,0,0,0,0,0,0,0,0,0,70,0,0,0,68,96,85,88,27,78,96,96,96,97,0,0,0,0,0,0,0,0,0,0,69,0,0,0,94,97,90
l43,9=0,0,0,0,0,0,0,0,0,0,0,0,0,0,66,0,0,0,69,65,69,74,15,70,85,81,96,84,0,0,0,0,44,0,0,0,40,0,0,0,11,0,94,89,92
l44,9=0,0,0,0,0,0,0,0,0,0,0,0,51,26,70,0,1,48,40,97,74,73,54,90,96,96,92,46,0,0,4,0,0,8,0,9,3,0,0,0,0,0,94,96,92

l0,10=0,86,90,92,87,90,87,1,80,85,85,83,80,86,61,0,68,68,60,0,0,0,0,0,0,0,0,0,0,0,35,78,0,0,0,0,0,0,0,0,0,0,0,0,0
l1,10=78,0,84,84,87,86,85,0,86,84,47,59,80,75,72,0,47,76,12,46,1,0,0,0,0,51,0,0,0,0,31,46,0,0,0,0,0,0,0,0,0,0,0,0,0
l2,10=81,83,0,70,87,90,86,0,87,87,75,86,87,89,74,0,58,67,63,56,0,0,0,0,42,37,0,0,0,0,27,50,0,0,0,0,0,0,0,0,0,0,0,36,0
l3,10=82,84,72,0,87,89,88,0,85,85,43,82,80,86,0,0,53,0,58,0,0,0,0,0,0,0,0,0,0,0,70,68,0,0,0,0,0,0,0,0,0,0,0,0,0
l4,10=81,86,89,93,0,90,86,0,84,84,82,75,80,86,64,0,65,60,0,0,0,0,0,0,0,0,0,0,0,0,59,57,0,0,0,0,0,0,0,0,0,0,0,0,0
l5,10=81,83,89,91,87,0,83,0,80,50,85,87,75,87,71,0,43,59,60,0,0,0,0,0,0,0,0,0,0,0,37,30,0,0,0,0,0,0,4,0,11,0,0,0,0
l6,10=77,85,89,86,87,86,0,1,88,88,85,87,80,87,29,0,70,68,56,30,3,0,0,0,32,22,0,0,0,0,34,72,0,0,0,0,0,0,0,0,0,0,0,0,0
l7,10=73,86,89,82,85,89,88,0,90,89,90,87,88,91,76,0,81,75,62,73,66,61,0,31,28,73,62,38,0,0,15,44,0,0,0,0,0,0,0,0,0,0,0,2,0
l8,10=74,84,89,81,83,86,86,0,0,87,90,87,88,88,73,0,31,42,61,67,42,59,0,16,40,40,53,30,0,0,16,0,0,0,0,0,0,0,0,0,0,0,0,10,0
l9,10=74,83,84,81,79,85,84,0,82,0,87,87,88,90,83,0,80,74,73,48,32,50,0,20,65,51,38,23,0,0,0,42,0,0,0,0,0,0,0,0,0,0,0,0,0
l10,10=57,54,66,54,74,87,85,0,83,86,0,86,89,89,84,0,89,81,81,20,80,53,0,45,45,73,65,32,0,0,1,67,0,0,0,0,0,0,0,0,0,0,41,61,59
l11,10=45,35,84,58,64,88,86,0,83,89,87,0,89,91,83,0,83,45,79,73,31,31,0,23,40,49,44,29,0,0,16,48,0,0,0,0,0,0,0,0,0,0,0,0,0
l12,10=75,83,84,66,80,85,85,0,83,88,91,87,0,91,84,0,82,82,74,44,27,56,18,15,43,75,54,26,0,0,31,7,0,0,0,0,0,0,0,0,0,0,37,0,32
l13,10=74,67,85,78,68,87,85,0,82,89,87,88,89,0,77,0,80,47,76,58,77,0,24,26,25,37,42,24,0,0,24,42,0,0,0,0,0,0,0,0,0,0,0,0,0
l14,10=24,34,49,0,42,46,16,0,65,47,55,73,85,78,0,0,93,93,84,26,96,36,14,13,54,78,52,30,0,0,52,78,0,21,0,0,0,0,0,14,0,20,62,72,52
l15,10=40,6,42,34,42,26,80,0,47,53,93,78,88,89,86,0,0,84,84,73,45,54,9,37,57,75,50,37,0,0,49,82,0,9,0,0,0,0,0,0,30,22,8,73,0
l16,10=26,57,36,0,54,47,65,4,30,22,32,48,86,59,86,0,88,0,80,74,77,26,0,46,59,71,54,5,0,0,96,89,60,11,0,0,2,0,60,7,55,8,61,81,25
l17,10=36,0,71,30,0,49,58,4,69,63,87,86,80,85,86,0,93,62,0,86,97,0,23,47,70,75,68,30,0,0,87,72,0,0,0,0,0,0,0,14,25,8,52,67,76
l18,10=0,32,65,0,11,4,24,0,64,36,41,61,72,77,70,0,92,92,84,0,97,66,42,69,82,87,64,77,0,0,47,68,1,55,0,0,0,0,60,38,37,74,51,43,81
l19,10=0,0,0,0,0,0,3,1,68,27,51,68,70,85,86,0,91,96,84,89,0,68,0,50,62,86,77,47,0,0,58,84,0,28,0,0,0,0,30,35,47,45,45,85,84
l20,10=0,0,0,0,0,0,0,0,60,69,66,0,58,2,61,0,67,69,0,83,69,0,97,84,75,85,72,82,0,0,0,0,64,64,0,62,21,0,74,59,0,0,55,57,67
l21,10=0,0,0,0,0,0,0,0,0,0,11,0,72,76,73,0,72,47,68,87,0,84,0,85,82,87,81,84,0,0,0,0,2,61,0,0,0,0,12,0,0,10,53,72,72
l22,10=0,0,0,0,0,0,0,7,45,56,72,51,0,65,62,0,69,73,66,72,77,82,73,0,82,83,89,84,0,0,0,0,73,70,0,62,36,46,73,72,58,67,70,73,71
l23,10=0,0,40,0,0,0,19,2,51,68,62,59,55,8,66,0,76,70,71,86,81,66,71,84,0,87,92,82,0,0,64,5,70,68,0,64,23,2,60,61,48,62,77,85,87
l24,10=0,42,16,0,0,0,40,0,45,62,69,60,66,52,68,0,69,69,68,86,84,77,73,84,82,0,92,65,0,0,1,52,68,61,0,50,43,0,52,44,56,61,54,85,66
l25,10=0,0,0,0,0,0,0,0,50,24,72,55,52,53,57,0,62,69,68,67,89,66,55,85,82,87,0,82,0,0,18,0,73,58,0,57,63,52,61,47,21,59,83,85,87
l26,10=0,0,0,0,0,0,0,4,60,26,68,58,57,60,66,0,71,60,66,83,77,82,69,84,78,74,89,0,0,0,0,0,0,73,0,64,59,67,73,28,16,75,70,68,78
l27,10=25,36,18,43,32,66,57,3,22,0,1,42,54,35,52,0,79,96,83,71,50,0,0,0,44,32,20,0,0,0,0,93,52,46,0,39,11,51,75,66,95,62,1,0,0
l28,10=39,19,23,34,26,26,59,5,0,9,41,49,41,35,56,0,92,96,41,56,49,0,0,0,13,16,0,0,0,0,100,0,74,63,0,8,0,1,85,22,95,55,1,17,1
l29,10=0,0,0,0,0,0,0,0,0,0,0,0,0,0,0,0,0,66,0,0,0,45,0,70,67,60,76,0,0,0,61,79,0,95,0,88,71,89,86,91,83,85,56,56,0
l30,10=0,0,0,0,0,0,0,0,0,0,0,0,0,0,21,0,11,0,0,51,17,50,17,76,77,60,44,79,0,0,3,56,85,0,0,88,71,89,86,91,91,89,25,0,50
l31,10=0,0,0,0,0,0,0,0,0,0,0,0,0,0,0,0,0,0,0,0,0,49,0,45,77,52,53,45,0,0,77,31,85,95,0,0,71,89,86,82,91,86,0,18,37
l32,10=0,0,0,0,0,0,0,0,0,0,0,0,0,0,0,0,0,37,0,0,0,42,0,35,55,66,77,71,0,0,26,3,85,95,0,88,0,90,86,85,71,80,0,35,0
l33,10=0,0,0,0,0,0,0,0,0,0,0,0,0,0,0,0,0,0,0,0,0,0,0,32,0,0,32,28,0,0,40,16,85,95,0,87,71,0,86,90,62,89,0,0,0
l34,10=0,0,0,0,0,31,0,0,0,0,0,0,0,0,0,0,0,48,0,54,21,65,0,75,66,67,45,42,0,0,50,82,85,95,0,87,71,89,0,91,95,89,0,18,0
l35,10=0,0,0,0,0,0,0,0,0,0,0,0,0,0,27,0,11,24,26,64,40,45,0,47,76,63,59,21,0,0,94,43,85,95,0,85,71,90,86,0,95,89,3,30,0
l36,10=0,4,0,0,0,48,0,0,0,0,12,0,26,0,0,0,40,57,25,55,61,0,0,51,66,73,13,2,0,0,66,93,84,95,0,87,66,85,86,94,0,89,0,18,0
l37,10=0,0,0,0,0,0,0,0,0,0,0,0,0,0,38,0,62,48,8,66,42,0,2,42,53,68,40,34,0,0,56,85,85,95,0,51,36,76,86,94,95,0,0,0,0
l38,10=0,0,0,0,0,0,0,0,0,0,44,0,35,0,72,0,12,34,36,67,61,50,2,74,75,72,89,67,0,0,0,0,55,5,0,0,0,0,0,0,0,0,0,85,88
l39,10=0,0,0,0,0,0,0,0,0,0,57,1,0,0,69,0,67,72,65,57,78,49,32,72,78,82,87,59,0,0,0,20,55,0,0,0,21,0,1,17,24,0,83,0,88
l40,10=0,0,0,0,0,0,0,0,0,0,23,0,31,0,68,0,5,41,67,72,79,59,6,69,80,73,87,65,0,0,0,0,0,11,0,0,0,0,0,0,0,0,83,85,0
l41,10=0,0,0,0,0,0,0,0,1,23,0,50,58,6,76,0,74,78,72,78,77,58,9,71,73,84,88,14,0,0,0,71,0,0,0,0,0,0,0,3,5,0,82,85,87
l42,10=0,0,0,0,0,0,0,0,0,0,0,0,0,0,68,0,50,64,64,72,75,66,38,78,80,83,87,82,0,0,0,0,4,0,0,0,0,0,62,0,0,0,83,85,85
l43,10=0,0,0,0,0,0,0,0,0,0,0,0,2,0,52,0,0,0,65,67,62,71,44,81,76,74,89,79,0,0,0,0,60,42,0,0,0,0,18,0,4,0,79,77,87
l44,10=0,0,0,0,0,0,0,0,0,0,0,0,5,0,60,0,23,48,0,57,72,58,65,83,80,86,89,40,0,0,0,0,59,46,0,0,28,0,0,0,2,0,83,79,87

l0,11=0,86,90,74,85,89,81,0,77,88,74,70,77,77,61,0,20,23,2,61,0,0,0,0,0,0,0,0,0,0,22,13,0,0,0,0,0,0,0,0,0,0,0,0,0
l1,11=86,0,87,75,85,88,81,0,79,84,68,62,76,67,65,0,56,70,52,51,7,0,0,0,0,10,0,0,0,0,29,15,0,0,0,0,0,0,0,0,0,0,0,0,0
l2,11=89,84,0,72,84,89,80,0,80,85,74,69,76,75,67,0,39,21,21,66,0,0,0,0,24,0,0,0,0,0,19,6,0,0,0,0,0,0,0,0,0,0,0,2,0
l3,11=87,86,89,0,86,89,81,0,79,86,64,0,63,65,55,0,17,23,41,0,0,0,0,0,0,0,0,0,0,0,41,18,0,0,0,0,0,0,0,0,0,0,0,0,0
l4,11=91,86,89,78,0,89,81,0,27,83,0,61,78,76,52,0,15,23,0,0,0,0,0,0,0,0,0,0,0,0,21,13,0,0,0,0,0,0,0,0,0,0,0,0,0
l5,11=91,85,90,76,85,0,79,0,71,85,74,70,76,79,3,0,13,23,41,59,0,0,0,0,0,0,0,0,0,0,22,17,0,0,0,0,0,0,18,0,24,0,0,0,0
l6,11=87,86,88,75,85,87,0,0,80,85,74,75,77,78,38,0,39,16,52,60,21,0,0,0,0,22,0,0,0,0,21,0,0,0,0,0,0,0,0,0,0,0,0,0,0
l7,11=84,86,90,68,79,89,81,0,81,88,62,76,79,81,71,0,67,58,6,58,38,51,0,38,24,41,32,47,0,0,0,0,0,0,0,0,0,0,0,0,0,0,0,0,0
l8,11=38,84,87,69,6,74,79,0,0,84,74,72,77,75,62,0,56,17,62,55,15,41,0,26,23,2,27,38,0,0,13,0,0,0,0,0,0,0,0,0,0,0,0,0,0
l9,11=83,82,56,70,81,83,77,0,78,0,74,76,77,80,72,0,70,14,41,39,19,50,0,23,52,22,32,46,0,0,10,0,0,0,0,0,0,0,0,0,0,0,0,0,0
l10,11=61,80,63,28,19,54,35,0,79,85,0,72,79,75,76,0,81,19,77,65,42,41,37,40,33,37,41,54,0,0,16,15,0,0,0,0,0,0,0,0,2,0,14,45,0
l11,11=58,54,47,0,40,83,77,0,79,85,74,0,78,79,74,0,69,8,68,67,30,0,0,16,5,22,39,0,0,0,0,8,0,0,0,0,0,0,0,0,0,0,0,0,0
l12,11=82,82,73,22,70,83,77,0,79,85,75,72,0,76,74,0,74,17,64,43,49,15,13,30,29,66,35,41,0,0,0,14,0,0,0,0,0,0,0,0,0,0,12,0,0
l13,11=82,56,85,26,80,84,78,0,78,86,74,76,79,0,71,0,67,13,64,21,50,47,30,50,9,27,30,28,0,0,16,12,0,0,0,0,0,0,0,0,12,0,0,0,0
l14,11=22,20,29,2,33,0,4,0,68,76,71,68,73,66,0,0,79,85,81,79,82,59,26,21,23,25,63,63,0,0,24,20,0,2,0,0,0,0,0,4,31,13,25,65,23
l15,11=20,21,40,27,36,19,24,0,73,85,76,72,77,75,82,0,0,25,81,77,76,65,38,25,42,34,54,46,0,0,24,20,0,12,0,0,0,0,0,31,21,5,22,37,17
l16,11=16,63,19,13,29,20,4,0,51,30,36,6,55,41,81,0,16,0,66,81,54,35,0,37,31,26,18,20,0,0,59,25,18,70,0,0,0,0,29,23,66,24,23,64,49
l17,11=2,20,3,9,0,17,22,0,68,69,75,66,70,63,86,0,81,85,0,81,83,63,23,37,70,33,62,57,0,0,39,20,0,0,0,0,0,0,24,0,22,12,20,23,21
l18,11=41,20,50,0,0,19,15,1,59,55,56,62,34,36,76,0,38,46,81,0,85,71,67,43,77,76,65,73,0,0,28,16,27,71,0,30,5,0,74,65,57,31,27,74,79
l19,11=0,5,0,0,1,0,14,0,39,50,72,63,72,63,86,0,79,90,81,82,0,75,0,22,78,76,77,73,0,0,24,20,0,28,0,0,0,0,0,23,52,18,18,72,80
l20,11=0,0,0,0,0,0,0,0,59,58,43,15,51,50,64,0,51,47,58,68,62,0,94,83,68,76,74,82,0,0,0,0,61,68,0,11,0,0,72,52,0,0,62,64,63
l21,11=0,0,0,0,0,0,0,2,0,0,51,52,59,52,63,0,55,0,59,76,0,87,0,80,77,76,77,83,0,0,0,0,0,72,0,0,0,0,71,15,2,14,67,67,63
l22,11=0,0,0,0,0,0,0,2,51,56,49,53,55,48,60,0,52,62,62,58,58,83,78,0,78,74,77,83,0,0,0,36,63,76,0,62,56,58,73,0,54,45,68,72,60
l23,11=0,0,4,0,0,0,0,0,52,59,46,38,56,34,66,0,61,39,71,78,79,71,76,80,0,77,79,83,0,0,38,0,66,71,0,60,18,0,72,64,41,8,41,79,78
l24,11=0,6,0,0,0,0,14,0,35,58,48,53,67,46,62,0,51,58,57,79,70,83,73,79,78,0,79,63,0,0,17,9,61,67,0,52,56,9,63,0,0,16,80,79,58
l25,11=0,0,0,0,0,0,0,0,50,56,46,54,53,46,70,0,53,15,61,58,75,66,71,79,78,77,0,81,0,0,0,10,70,55,0,41,66,13,64,47,41,27,80,79,76
l26,11=0,0,0,0,0,0,0,0,53,57,47,18,54,44,67,0,48,22,57,70,63,84,81,80,73,57,77,0,0,0,0,0,69,66,0,52,71,63,79,50,43,59,69,67,72
l27,11=40,18,18,29,31,17,13,0,36,29,46,5,0,31,51,0,18,66,43,51,33,0,0,0,23,11,0,0,0,0,0,71,34,66,0,42,12,15,21,60,90,24,0,41,2
l28,11=37,16,0,25,28,16,0,0,0,0,46,13,17,29,70,0,18,58,27,41,34,0,0,32,4,16,19,0,0,0,92,0,38,56,0,39,17,6,42,28,82,19,11,48,0
l29,11=0,0,0,0,0,0,0,0,0,0,0,0,0,0,0,0,0,14,0,23,0,67,0,63,62,52,69,70,0,0,22,46,0,88,0,85,82,86,86,81,83,76,9,54,0
l30,11=0,0,0,0,0,0,0,0,0,0,0,0,0,0,3,0,0,37,0,41,1,67,34,72,40,17,18,59,0,0,48,18,82,0,0,85,82,86,86,37,83,76,15,23,0
l31,11=0,0,0,0,0,0,0,0,0,0,0,0,0,0,0,0,0,0,0,32,0,43,0,67,61,32,37,69,0,0,71,27,82,88,0,0,84,87,85,77,78,73,0,32,0
l32,11=0,0,0,0,0,0,0,0,0,0,0,0,0,0,0,0,0,0,0,17,0,0,0,63,36,52,63,69,0,0,36,52,82,86,0,85,0,89,86,74,80,72,0,36,0
l33,11=0,0,0,0,0,0,0,0,0,0,0,0,0,0,0,0,0,1,0,0,0,0,0,42,0,0,19,70,0,0,47,7,81,89,0,85,84,0,86,85,83,77,0,0,0
l34,11=0,0,0,0,0,3,0,0,0,0,0,0,0,0,0,0,0,30,24,50,1,68,42,68,42,16,22,73,0,0,71,60,81,88,0,85,82,86,0,81,87,79,0,0,0
l35,11=0,0,0,0,0,0,0,0,0,0,0,0,0,0,43,0,10,14,0,50,27,49,0,0,52,0,23,63,0,0,77,41,82,65,0,80,80,74,86,0,91,86,0,8,0
l36,11=0,0,0,0,0,3,0,0,0,0,0,0,0,4,53,0,6,53,5,59,65,0,0,51,23,0,7,50,0,0,92,68,81,89,0,59,82,66,86,89,0,86,0,39,0
l37,11=0,0,0,0,0,4,0,0,0,0,0,0,0,0,54,0,6,31,27,71,39,0,2,41,10,19,22,70,0,0,27,20,81,88,0,72,82,51,86,89,91,0,17,42,0
l38,11=0,0,0,0,0,0,0,0,0,0,8,0,30,0,69,0,22,69,33,66,18,58,33,68,64,65,76,70,0,0,0,0,0,24,0,0,0,0,0,0,0,0,0,82,84
l39,11=0,0,0,0,0,0,0,0,0,0,23,0,0,0,68,0,63,72,25,71,68,61,38,72,74,69,76,60,0,0,15,11,44,9,0,0,13,0,0,0,7,0,83,0,84
l40,11=0,0,0,0,0,0,0,0,0,0,0,0,0,0,66,0,12,52,48,70,69,64,17,40,70,20,72,74,0,0,0,0,0,0,0,0,0,0,0,0,0,0,83,81,0
l41,11=0,0,0,0,0,0,0,0,44,54,44,60,46,51,0,0,64,73,74,79,72,70,48,73,71,71,77,72,0,0,0,25,0,14,0,15,0,0,0,0,21,15,82,81,81
l42,11=0,0,0,0,0,0,0,0,0,0,0,0,0,0,61,0,51,6,55,70,62,69,69,72,72,73,76,77,0,0,0,0,56,0,0,44,1,0,70,0,0,1,83,81,82
l43,11=0,0,0,0,0,0,0,0,0,0,0,0,4,0,49,0,0,54,55,64,63,62,65,69,60,65,78,76,0,0,0,0,50,66,0,60,15,0,62,0,0,0,77,73,83
l44,11=0,0,0,0,0,0,0,0,0,0,29,0,44,0,66,0,20,0,49,64,0,71,67,76,70,73,72,71,0,0,0,0,52,66,0,0,18,0,0,32,0,0,83,77,82

l0,12=0,85,75,83,87,82,87,0,75,82,48,73,78,80,65,0,67,10,0,62,0,0,0,0,0,0,0,0,0,0,1,18,0,0,0,0,0,0,0,0,0,0,0,0,0
l1,12=83,0,70,82,82,81,85,1,78,82,70,72,76,60,67,0,59,65,59,62,0,0,0,0,0,9,0,0,0,0,31,9,0,0,0,0,0,0,0,0,0,0,0,0,0
l2,12=87,83,0,79,82,81,85,1,79,79,72,76,43,76,69,0,61,6,60,65,42,20,0,1,31,14,20,0,0,0,43,29,0,0,0,0,0,0,0,0,0,0,0,0,0
l3,12=90,86,74,0,88,82,85,1,74,73,56,55,67,77,0,0,17,32,0,1,0,0,0,0,0,0,0,0,0,0,57,11,0,0,0,0,0,0,0,0,49,0,0,0,0
l4,12=90,86,75,83,0,82,86,2,74,82,0,67,75,75,0,0,50,55,0,0,0,0,0,0,0,0,0,0,0,0,51,28,0,0,0,0,0,0,0,0,0,0,0,0,0
l5,12=91,85,75,83,88,0,85,1,74,77,72,72,76,76,64,0,51,4,70,69,1,0,0,0,11,0,0,0,0,0,44,6,0,0,0,0,0,0,1,0,1,0,0,0,0
l6,12=86,84,76,82,81,81,0,2,80,84,76,76,78,81,43,0,64,65,76,70,15,0,0,0,11,21,0,0,0,0,50,1,0,0,0,0,0,0,0,0,15,0,0,0,0
l7,12=86,73,76,76,79,81,86,0,81,87,67,76,79,81,79,0,66,57,75,64,0,32,0,46,47,28,29,40,0,0,0,0,0,0,0,0,0,0,0,0,0,0,0,0,0
l8,12=71,84,79,66,79,74,87,3,0,83,73,70,73,77,73,0,66,67,80,50,24,15,3,17,27,22,31,43,0,0,0,0,0,0,0,0,0,0,0,0,0,0,0,14,0
l9,12=82,83,63,65,78,78,83,2,75,0,73,83,81,82,73,0,71,43,56,51,29,40,0,28,60,33,45,51,0,0,36,0,0,0,0,0,0,0,0,0,0,0,0,0,0
l10,12=20,80,72,55,10,79,84,4,76,86,0,80,82,78,83,0,78,70,85,74,68,18,18,32,59,33,32,44,0,0,45,26,0,0,0,0,0,0,0,0,0,0,9,20,0
l11,12=51,83,73,59,78,78,83,4,74,88,73,0,80,82,74,0,67,29,80,69,59,0,0,9,19,26,44,36,0,0,44,8,0,0,0,0,0,0,0,0,1,0,0,31,0
l12,12=83,83,41,49,78,78,85,4,74,86,76,80,0,80,77,0,73,57,83,73,62,32,39,38,73,66,42,9,0,0,32,19,0,0,0,0,0,0,0,0,0,0,33,0,0
l13,12=83,51,72,75,78,80,85,0,75,90,78,83,82,0,73,0,69,23,83,51,30,0,24,18,30,23,38,34,0,0,27,6,0,0,0,0,0,0,0,0,0,0,0,22,0
l14,12=20,70,54,0,0,29,23,1,69,81,65,46,46,65,0,0,79,85,90,78,92,26,0,22,62,44,59,65,0,0,65,42,0,0,0,0,0,0,2,0,35,21,43,60,37
l15,12=45,72,44,0,58,44,57,6,76,88,77,45,80,77,87,0,0,76,90,76,76,39,23,3,72,41,53,63,0,0,68,31,0,0,0,0,0,0,0,0,14,0,34,48,57
l16,12=0,31,0,0,23,2,53,5,48,28,51,4,11,22,88,0,76,0,90,84,92,0,0,19,16,0,36,52,0,0,78,50,3,50,0,0,0,0,8,5,86,55,13,55,29
l17,12=0,20,25,0,0,60,43,9,70,52,72,69,77,73,88,0,79,86,0,80,85,40,19,40,77,63,58,63,0,0,62,58,0,0,0,0,0,0,1,21,31,6,38,52,62
l18,12=24,56,54,0,0,63,65,3,63,35,61,41,43,55,84,0,73,87,88,0,92,72,43,42,80,74,59,75,0,0,59,34,36,52,0,26,0,0,33,47,67,40,42,55,76
l19,12=0,0,46,0,12,2,14,0,45,50,68,43,68,48,88,0,78,92,90,84,0,50,0,76,85,76,82,58,0,0,63,27,0,48,0,0,0,0,27,42,62,14,64,61,52
l20,12=0,0,26,0,0,0,0,2,52,64,50,37,62,0,61,0,58,16,68,76,62,0,98,84,77,71,73,81,0,0,0,0,0,69,0,4,3,31,60,54,53,40,60,60,56
l21,12=0,0,0,0,0,0,0,0,47,0,54,1,72,65,0,0,64,3,73,78,0,81,0,83,84,71,82,81,0,0,0,0,0,68,0,0,0,0,64,0,0,0,64,61,74
l22,12=0,0,0,0,0,0,0,3,58,63,59,31,41,50,60,0,5,60,72,72,73,78,75,0,84,71,83,81,0,0,0,0,66,78,0,74,67,34,72,62,55,57,59,75,61
l23,12=0,0,0,0,0,11,0,13,53,60,48,29,71,48,63,0,64,55,81,78,79,75,79,85,0,76,83,77,0,0,48,0,67,60,0,74,52,0,48,47,59,50,72,85,72
l24,12=0,5,1,0,0,0,43,6,54,60,53,38,69,56,64,0,59,24,75,77,84,76,67,84,85,0,83,71,0,0,48,3,64,60,0,63,40,4,58,40,59,34,77,76,70
l25,12=0,0,0,0,0,0,0,9,54,56,48,49,42,55,66,0,58,54,67,68,70,66,68,84,85,76,0,73,0,0,0,30,64,66,0,64,69,0,33,40,0,58,77,81,69
l26,12=0,0,0,0,0,0,0,14,54,62,56,51,51,53,63,0,58,59,67,70,64,77,79,84,78,68,76,0,0,0,0,19,68,70,0,78,72,29,71,59,65,58,62,68,68
l27,12=1,25,11,29,27,22,45,0,4,29,23,8,4,34,56,0,69,92,78,71,30,0,0,0,16,17,5,0,0,0,0,83,8,56,0,57,23,34,33,78,87,52,0,22,21
l28,12=15,20,34,26,33,10,26,0,0,0,26,4,20,26,75,0,38,92,82,52,24,0,0,0,0,0,40,28,0,0,93,0,29,0,0,52,32,0,46,67,78,57,0,17,0
l29,12=0,0,0,0,0,0,0,0,0,0,0,0,0,0,0,0,0,18,0,57,0,0,0,67,72,61,69,69,0,0,35,31,0,88,0,88,83,82,81,78,78,77,0,58,0
l30,12=0,0,0,0,0,0,0,0,0,0,0,0,0,0,0,0,2,41,0,55,26,64,19,71,45,59,72,65,0,0,54,16,80,0,0,88,83,82,81,78,80,78,10,37,31
l31,12=0,0,0,0,0,0,0,0,0,0,0,0,0,0,0,0,0,0,0,48,0,3,0,73,75,42,62,73,0,0,78,42,80,88,0,0,85,88,80,75,78,76,0,1,0
l32,12=0,0,0,0,0,0,0,0,0,0,0,0,0,0,0,0,0,0,0,0,0,0,0,66,68,33,67,57,0,0,49,42,80,83,0,88,0,88,81,78,72,78,19,0,0
l33,12=0,0,0,0,0,0,0,0,0,0,0,0,0,0,0,0,0,0,0,0,0,0,0,22,0,0,0,1,0,0,52,0,80,88,0,88,85,0,81,78,69,70,0,0,0
l34,12=0,0,0,0,0,5,0,0,0,0,0,0,0,0,6,0,0,32,27,63,24,63,51,41,47,60,69,75,0,0,77,75,80,88,0,87,83,82,0,79,81,81,1,54,19
l35,12=0,0,0,0,0,0,0,0,0,0,0,0,0,0,0,0,0,16,50,63,39,48,0,37,47,19,44,62,0,0,81,70,80,88,0,78,79,82,81,0,87,84,29,4,0
l36,12=0,0,0,26,0,0,7,0,0,0,0,4,2,0,34,0,2,70,53,70,42,19,0,17,42,39,0,49,0,0,88,77,80,88,0,70,50,47,81,86,0,84,0,0,0
l37,12=0,0,0,0,30,0,0,0,0,0,0,0,0,0,44,0,0,74,48,64,13,18,0,33,47,20,55,60,0,0,75,75,80,88,0,87,83,49,81,86,87,0,0,0,0
l38,12=0,0,0,0,0,0,0,0,0,0,28,0,40,0,69,0,61,61,66,72,66,66,34,66,69,71,78,64,0,0,0,0,0,0,0,0,6,0,0,0,0,0,0,91,76
l39,12=0,0,0,0,0,0,0,0,17,0,33,33,12,47,71,0,62,70,68,72,54,38,6,73,81,70,76,63,0,0,46,18,31,41,0,0,0,0,20,0,0,0,81,0,81
l40,12=0,0,0,0,0,0,0,0,0,0,0,0,0,0,53,0,54,66,65,76,22,65,57,67,70,70,75,73,0,0,16,0,0,0,0,0,0,0,0,0,0,0,80,90,0
l41,12=0,0,0,0,0,0,9,0,41,56,48,0,43,47,66,0,66,73,77,82,72,68,42,74,77,75,76,71,0,0,4,0,0,0,0,0,0,0,21,0,0,38,81,90,81
l42,12=0,0,0,0,0,0,0,0,0,0,0,0,37,0,43,0,0,0,17,75,68,68,25,83,71,75,80,73,0,0,0,0,51,16,0,0,0,0,60,43,0,0,81,91,77
l43,12=0,0,0,0,0,0,0,0,0,0,0,0,33,0,57,0,48,0,64,71,64,67,9,75,69,68,80,66,0,0,0,0,31,55,0,60,0,0,26,0,0,0,80,80,75
l44,12=0,0,0,0,0,0,0,0,0,0,51,0,0,0,40,0,62,4,0,72,69,71,0,78,78,75,75,69,0,0,0,0,52,57,0,0,0,0,0,0,3,0,81,89,75

l0,13=0,90,93,93,95,95,92,87,82,82,46,84,83,64,47,0,32,0,16,20,0,0,0,0,0,0,0,0,0,0,0,37,0,0,0,0,0,0,0,0,0,0,0,0,0
l1,13=90,0,93,91,95,95,90,88,81,88,46,87,88,86,46,0,59,40,11,13,0,0,0,0,0,0,0,0,0,0,15,40,0,0,0,0,0,0,0,0,0,0,0,0,0
l2,13=88,87,0,87,94,93,90,91,91,80,76,92,85,89,49,0,42,12,15,18,53,0,0,47,0,0,0,0,0,0,14,36,0,0,0,0,0,0,0,0,0,0,0,0,0
l3,13=91,90,93,0,95,95,91,86,89,56,44,74,78,61,44,0,30,14,0,17,0,0,0,0,0,0,0,0,0,0,3,41,0,0,0,0,0,0,0,0,50,0,0,0,0
l4,13=91,89,93,93,0,95,92,86,60,84,46,84,83,60,0,0,0,0,0,0,0,0,0,0,0,0,0,0,0,0,14,17,0,0,0,0,0,0,0,0,13,1,0,0,0
l5,13=88,90,93,92,95,0,92,91,84,71,58,82,77,63,46,0,34,15,18,16,0,0,0,0,0,0,0,0,0,0,13,37,0,0,0,0,0,0,0,9,0,0,0,0,0
l6,13=91,90,93,88,93,95,0,90,92,78,76,90,88,90,43,0,50,14,29,55,48,0,0,0,48,0,0,0,0,0,12,32,0,0,0,0,0,0,0,0,34,0,0,0,0
l7,13=88,87,93,88,87,93,90,0,92,92,78,92,88,91,83,0,85,9,83,71,0,46,6,73,68,76,55,1,0,0,0,1,0,0,0,0,0,0,0,0,0,0,0,0,0
l8,13=50,87,93,86,86,88,90,94,0,92,76,92,88,85,84,0,85,29,80,15,23,0,35,75,0,21,42,5,0,0,0,0,0,0,0,0,0,0,0,0,0,0,0,6,0
l9,13=40,84,90,48,85,87,85,75,91,0,86,92,88,92,79,0,89,28,81,64,36,62,9,63,73,48,27,39,0,0,36,34,0,0,0,0,0,0,0,0,0,0,0,0,0
l10,13=29,21,87,35,58,59,60,60,35,90,0,92,88,91,87,0,96,15,26,27,78,0,0,82,62,57,44,7,0,0,16,14,0,0,0,0,0,0,0,0,0,0,13,8,0
l11,13=54,43,91,75,85,55,86,91,89,93,87,0,88,92,82,0,89,0,48,26,46,62,0,56,54,0,44,7,0,0,16,45,0,0,0,0,0,0,0,0,0,0,0,25,0
l12,13=32,87,82,44,56,45,86,87,88,89,88,92,0,92,81,0,96,6,83,47,70,0,40,71,65,84,31,6,0,0,15,4,0,0,0,0,0,0,0,0,0,0,4,7,0
l13,13=82,84,91,79,61,84,86,92,78,93,88,92,88,0,80,0,95,32,83,19,60,19,37,68,53,53,40,3,0,0,0,26,0,0,0,0,0,0,0,0,0,0,0,21,0
l14,13=22,20,33,11,0,50,23,36,34,71,81,85,85,83,0,0,96,56,87,30,97,33,23,0,67,59,50,33,0,0,58,61,0,0,0,0,0,0,0,3,79,75,23,34,20
l15,13=18,46,33,11,0,36,64,67,59,89,88,89,88,88,96,0,0,53,87,84,94,31,66,72,81,88,12,46,0,0,81,67,0,0,0,0,0,0,0,2,26,0,22,8,0
l16,13=0,24,0,14,2,51,41,5,23,42,80,2,8,25,94,0,93,0,29,55,97,0,0,57,35,56,18,46,0,0,63,83,0,6,0,0,0,14,21,34,97,92,2,35,28
l17,13=11,0,0,0,0,51,40,37,32,70,81,86,86,87,96,0,96,74,0,88,97,54,62,86,73,57,33,39,0,0,55,80,0,0,0,0,0,0,0,6,69,52,23,32,8
l18,13=14,14,71,14,0,41,42,36,27,66,77,78,80,60,92,0,94,94,87,0,96,97,82,83,86,91,89,54,0,0,53,74,14,0,0,0,0,0,26,36,91,84,50,35,29
l19,13=0,0,22,0,0,21,37,0,25,69,83,67,86,82,96,0,96,94,87,88,0,92,48,90,91,99,50,50,0,0,62,76,0,0,0,0,0,0,20,33,93,83,57,37,30
l20,13=0,0,0,0,0,0,0,55,0,71,0,69,21,61,79,0,78,0,69,87,78,0,96,92,89,97,79,91,0,0,0,0,70,78,0,73,52,44,79,24,27,54,0,1,76
l21,13=0,0,0,0,0,0,0,53,74,31,0,0,77,79,73,0,88,0,77,82,74,98,0,91,89,93,85,91,0,0,0,0,66,21,0,72,0,0,81,0,0,0,74,82,85
l22,13=0,0,0,0,0,0,0,54,59,54,60,57,58,64,0,0,71,40,72,71,81,98,89,0,91,99,90,92,0,0,0,0,24,80,0,66,78,31,76,77,0,65,82,85,40
l23,13=0,0,0,0,0,0,29,66,0,69,60,59,73,60,79,0,79,49,84,86,95,96,93,93,0,99,90,91,0,0,13,51,71,51,0,73,62,0,79,60,66,72,91,94,93
l24,13=0,0,0,0,0,0,0,51,24,58,69,0,84,67,93,0,93,62,85,87,95,97,71,92,91,0,90,91,0,0,42,51,45,52,0,66,64,3,49,28,72,61,74,91,93
l25,13=0,0,0,0,0,0,0,33,37,53,59,66,58,64,90,0,54,36,34,83,76,77,78,93,91,99,0,80,0,0,39,0,65,31,0,71,71,37,29,27,62,69,91,95,95
l26,13=0,0,0,0,0,0,0,31,62,61,57,65,56,55,65,0,86,62,60,86,74,97,95,92,89,94,84,0,0,0,2,0,80,82,0,84,84,62,91,83,55,66,78,88,87
l27,13=1,13,35,4,38,24,16,0,0,33,39,52,27,0,68,0,96,94,27,25,57,0,0,0,4,36,27,0,0,0,0,99,31,21,0,28,58,1,31,42,99,91,2,0,0
l28,13=17,16,5,28,23,36,30,5,0,35,19,69,3,19,74,0,92,73,28,27,49,0,0,0,29,36,0,0,0,0,97,0,0,24,0,31,74,36,35,33,99,95,16,13,1
l29,13=0,0,0,0,0,0,0,0,0,0,0,0,0,0,0,0,0,0,0,13,0,27,5,53,71,79,74,77,0,0,71,0,0,90,0,90,92,95,93,89,91,71,26,25,0
l30,13=0,0,0,0,0,0,0,0,0,0,0,0,0,0,0,0,0,38,0,0,0,68,2,82,44,86,70,80,0,0,73,64,88,0,0,90,92,90,93,95,91,92,0,26,0
l31,13=0,0,0,0,0,0,0,0,0,0,0,0,0,0,0,0,0,0,0,1,0,37,27,50,67,58,54,73,0,0,70,68,88,90,0,0,92,95,93,72,85,92,0,0,0
l32,13=0,0,0,0,0,0,0,0,0,0,0,0,0,0,0,0,0,0,0,0,0,0,0,55,27,42,42,58,0,0,65,73,87,90,0,90,0,95,93,95,86,92,32,0,0
l33,13=0,0,0,0,0,0,0,0,0,0,0,0,0,0,0,0,0,18,0,0,0,23,0,12,0,0,37,41,0,0,0,63,88,79,0,90,92,0,83,78,72,68,0,0,0
l34,13=0,0,0,0,0,0,0,0,0,0,0,0,0,0,0,0,0,44,0,22,16,40,11,47,49,75,58,86,0,0,75,91,88,90,0,90,92,95,0,95,99,95,1,20,18
l35,13=0,0,0,0,0,37,0,0,0,0,0,0,0,0,26,0,8,71,21,28,47,2,0,49,38,45,44,80,0,0,91,88,83,90,0,31,91,95,93,0,99,95,38,24,0
l36,13=0,0,0,6,22,0,25,0,0,0,0,0,7,0,32,0,1,72,18,31,55,0,0,0,24,47,32,32,0,0,97,89,84,34,0,34,75,66,93,95,0,95,21,0,0
l37,13=0,0,0,0,18,0,0,0,0,0,0,0,0,0,31,0,0,90,13,29,37,24,0,35,40,42,48,34,0,0,90,97,61,90,0,90,92,48,93,95,99,0,0,0,0
l38,13=0,0,0,0,0,0,0,0,0,0,45,0,0,0,44,0,9,0,67,78,84,0,0,82,89,85,90,69,0,0,0,3,0,0,0,0,7,0,0,25,0,0,0,94,93
l39,13=0,0,0,0,0,0,0,0,4,0,57,43,23,30,85,0,39,57,43,47,68,0,60,80,89,88,89,75,0,0,0,0,19,3,0,0,0,0,17,23,0,0,91,0,93
l40,13=0,0,0,0,0,0,0,0,0,0,0,0,0,0,71,0,0,69,0,77,77,83,72,73,87,94,89,76,0,0,0,0,0,0,0,0,0,0,14,0,0,0,91,93,0
l41,13=0,0,0,0,0,0,0,18,0,0,67,52,69,0,80,0,80,87,83,87,91,88,63,83,89,93,83,80,0,0,9,2,21,0,0,0,0,0,1,0,57,72,91,94,91
l42,13=0,0,0,0,0,0,0,0,0,0,0,0,0,0,81,0,0,43,0,84,75,46,10,90,89,94,90,89,0,0,0,0,0,0,0,0,52,0,57,0,0,0,91,93,93
l43,13=0,0,0,0,0,0,0,0,0,0,0,42,40,0,0,0,47,24,46,64,69,92,64,76,84,78,90,86,0,0,0,0,0,32,0,0,67,0,37,0,0,0,91,93,78
l44,13=0,0,0,0,0,0,0,0,0,0,40,0,15,0,78,0,71,0,24,79,81,97,67,90,89,94,90,77,0,0,0,4,20,74,0,0,43,0,0,0,0,0,91,93,93

l0,14=0,100,99,100,100,100,100,98,99,99,98,99,96,88,12,0,2,32,33,0,0,0,0,0,0,0,0,0,0,0,75,0,0,0,0,0,0,0,0,0,0,0,0,0,0
l1,14=100,0,99,98,99,100,99,98,99,99,97,99,98,98,39,0,98,93,78,89,0,0,0,0,0,0,13,0,0,0,70,2,0,0,0,0,0,0,0,0,0,0,0,0,0
l2,14=99,99,0,98,99,99,99,98,99,99,96,99,98,98,94,0,97,94,45,91,0,0,0,0,0,4,0,0,0,0,49,0,0,0,0,0,0,0,0,0,0,0,0,0,0
l3,14=100,100,99,0,100,100,100,98,99,85,98,93,83,54,22,0,95,13,52,0,0,0,0,0,0,0,0,0,0,0,67,75,0,0,0,0,0,0,0,0,0,0,0,0,0
l4,14=100,100,99,100,0,99,100,99,99,99,98,100,98,100,46,0,93,83,79,25,0,0,0,0,0,0,0,0,0,0,80,91,0,0,0,0,0,0,0,0,48,0,0,0,0
l5,14=99,100,99,99,99,0,100,98,99,99,98,99,98,98,54,0,89,15,87,80,78,0,0,0,0,0,0,0,0,0,76,95,0,0,0,0,0,0,0,1,0,47,0,0,0
l6,14=99,99,99,98,99,100,0,98,99,99,98,99,98,98,0,0,98,62,98,97,0,19,0,0,0,0,0,0,0,0,94,0,0,0,0,0,0,0,0,0,0,0,0,38,0
l7,14=99,99,99,98,99,99,99,0,100,99,98,99,98,98,96,0,98,0,99,82,94,0,0,65,47,58,88,0,0,0,0,0,0,0,0,0,0,0,0,0,0,0,0,0,0
l8,14=99,99,99,98,99,98,99,100,0,99,98,99,98,98,96,0,98,93,99,91,0,86,0,66,53,21,96,84,0,0,18,0,0,0,0,0,0,0,0,0,0,0,0,50,0
l9,14=99,99,99,95,99,99,99,98,99,0,98,100,99,100,96,0,98,99,33,97,1,54,1,50,58,59,87,88,0,0,44,13,0,0,0,0,0,0,0,0,0,0,0,0,0
l10,14=73,62,60,99,99,100,100,100,100,100,0,100,100,100,54,0,100,99,100,99,99,0,0,70,62,65,98,51,0,0,71,79,0,0,0,0,0,0,0,0,18,0,92,0,0
l11,14=100,99,99,98,99,100,100,100,100,100,100,0,100,100,96,0,100,92,99,97,98,90,0,55,57,57,93,89,0,0,1,80,0,0,0,0,0,0,0,0,0,0,0,46,0
l12,14=95,99,99,95,99,99,100,100,100,100,100,100,0,100,96,0,100,24,100,97,95,77,77,63,99,99,83,0,0,0,66,86,0,0,0,0,0,0,0,0,0,0,0,58,0
l13,14=74,99,99,96,99,100,100,100,99,100,100,100,100,0,96,0,100,0,99,93,98,0,0,0,58,63,54,51,0,0,14,5,0,0,0,0,0,0,0,0,0,0,0,53,0
l14,14=23,36,60,42,59,77,0,99,98,97,91,97,84,59,0,0,100,99,100,98,100,58,0,70,61,65,97,37,0,0,83,98,0,1,0,0,0,0,0,1,11,96,92,63,62
l15,14=4,61,52,97,95,71,94,100,100,100,100,100,100,61,97,0,0,98,100,99,100,82,0,57,46,54,82,89,0,0,85,99,0,0,0,0,0,0,9,0,0,0,68,42,51
l16,14=2,61,55,0,57,47,9,4,97,98,76,61,15,0,56,0,75,0,100,99,100,0,0,57,61,60,74,54,0,0,100,100,38,24,0,0,0,0,65,58,63,98,18,42,33
l17,14=12,54,0,30,78,77,93,99,98,1,100,100,100,59,97,0,100,100,0,99,100,0,55,71,62,71,94,87,0,0,82,100,0,1,0,0,0,0,31,0,6,94,80,62,61
l18,14=0,59,55,0,93,71,93,76,97,98,98,97,98,59,94,0,97,99,100,0,98,98,95,93,99,97,97,95,0,0,83,98,2,40,0,38,0,0,78,51,98,98,97,98,89
l19,14=0,0,0,0,0,69,0,99,0,0,98,97,84,59,97,0,100,100,100,99,0,96,26,72,100,100,98,88,0,0,94,98,0,0,0,0,0,0,0,57,63,97,97,63,62
l20,14=0,0,0,0,0,0,37,1,86,75,0,89,92,0,87,0,98,0,0,97,90,0,98,100,97,98,96,99,0,0,0,0,75,94,0,92,92,90,94,84,87,85,90,58,90
l21,14=0,0,0,0,0,0,0,8,0,6,0,0,98,0,48,0,2,0,99,97,87,100,0,99,99,98,97,100,0,0,0,0,94,0,0,1,0,0,89,0,0,0,16,90,96
l22,14=0,0,0,0,0,0,0,93,89,62,93,83,86,0,92,0,98,92,98,97,98,100,92,0,100,100,100,100,0,0,0,83,98,97,0,74,98,92,92,91,59,80,97,92,63
l23,14=0,0,0,0,0,0,0,34,75,82,94,90,98,93,94,0,36,93,98,97,97,97,95,100,0,100,100,96,0,0,63,96,91,97,0,96,96,85,92,60,13,96,97,98,97
l24,14=0,0,0,0,0,0,0,92,78,91,98,92,98,63,94,0,98,98,99,97,98,98,96,100,100,0,100,98,0,0,79,91,89,75,0,54,97,0,73,53,62,97,97,98,98
l25,14=0,0,0,0,0,0,0,86,95,76,96,94,95,24,94,0,97,91,98,97,98,97,96,100,100,100,0,98,0,0,26,4,95,69,0,97,88,91,89,86,66,95,97,99,98
l26,14=0,0,0,0,0,0,0,2,91,83,75,93,13,78,91,0,97,81,96,97,89,98,97,100,94,98,97,0,0,0,32,0,95,97,0,94,96,93,95,90,72,93,92,81,96
l27,14=55,46,0,97,98,67,60,0,17,80,72,0,60,14,56,0,77,100,60,99,100,0,0,0,43,49,79,52,0,0,0,100,58,61,0,47,98,98,80,58,100,100,0,46,0
l28,14=1,4,0,42,94,68,0,0,0,0,65,54,55,4,56,0,97,100,100,99,100,0,0,46,59,46,5,0,0,0,100,0,53,52,0,59,99,90,81,58,64,100,0,19,0
l29,14=0,0,0,0,0,0,0,0,0,0,0,0,0,0,0,0,0,43,0,0,0,54,44,100,98,98,98,99,0,0,98,74,0,100,0,100,100,100,99,100,100,100,0,61,0
l30,14=0,0,0,0,0,0,0,0,0,0,0,0,0,0,40,0,0,37,27,56,0,77,0,99,99,98,85,98,0,0,98,53,100,0,0,100,100,100,99,99,100,100,42,30,19
l31,14=0,0,0,0,0,0,0,0,0,0,0,0,0,0,1,0,0,0,0,44,0,77,0,54,88,79,84,81,0,0,74,88,100,100,0,0,100,100,99,76,100,100,33,0,0
l32,14=0,0,0,0,0,0,0,0,0,0,0,0,0,0,0,0,0,19,0,0,0,84,0,68,58,87,78,94,0,0,86,87,100,100,0,100,0,100,99,100,78,100,0,0,0
l33,14=0,0,0,0,0,0,0,0,0,0,0,0,0,0,0,0,0,0,0,0,0,73,0,76,58,0,84,86,0,0,89,68,100,89,0,100,100,0,90,78,85,88,0,0,0
l34,14=0,0,0,0,0,0,0,0,0,0,0,0,0,0,5,0,2,54,32,97,0,80,31,63,99,91,95,100,0,0,99,59,100,100,0,100,100,100,0,100,100,100,31,0,0
l35,14=0,0,0,0,0,29,0,0,0,0,0,0,0,0,66,0,8,63,6,97,99,79,0,64,90,94,97,99,0,0,100,60,100,100,0,99,100,99,99,0,100,100,39,60,0
l36,14=0,0,0,0,78,1,0,0,0,0,30,0,0,0,60,0,0,63,2,99,100,48,0,43,44,66,92,78,0,0,100,61,60,76,0,100,100,100,99,100,0,100,0,30,0
l37,14=0,0,0,0,0,35,0,0,0,0,0,0,0,0,46,0,0,62,51,98,81,58,0,49,68,65,88,78,0,0,100,62,100,100,0,100,100,91,99,100,100,0,39,5,0
l38,14=0,0,0,0,0,0,0,0,0,0,60,0,0,0,50,0,9,6,47,94,65,57,0,97,99,98,97,94,0,0,0,0,0,34,0,0,0,0,0,0,0,0,0,99,98
l39,14=0,0,0,0,0,0,2,0,33,0,0,70,49,28,92,0,45,69,95,95,41,23,13,49,99,97,97,23,0,0,23,17,31,14,0,0,0,0,0,14,4,0,98,0,98
l40,14=0,0,0,0,0,0,0,0,0,0,0,0,0,0,84,0,58,66,67,94,81,68,52,78,94,96,96,96,0,0,0,0,0,0,0,0,0,0,0,0,0,0,97,98,0
l41,14=0,0,0,0,0,0,0,0,0,27,49,89,62,0,94,0,97,98,99,97,99,37,0,100,99,98,98,98,0,0,41,17,34,0,0,0,0,0,0,0,0,94,98,100,98
l42,14=0,0,0,0,0,0,0,0,0,0,0,0,29,0,86,0,0,57,50,96,27,71,53,100,98,97,97,96,0,0,0,0,10,0,0,1,33,0,0,0,0,37,97,98,98
l43,14=0,0,0,0,0,0,0,0,0,0,0,0,0,0,14,0,0,60,20,34,32,97,51,95,95,97,97,97,0,0,0,0,38,77,0,46,78,0,83,57,0,53,97,98,95
l44,14=0,0,0,0,0,0,0,0,0,0,0,0,54,0,65,0,48,33,48,94,39,98,54,83,99,97,97,91,0,0,0,0,0,76,0,0,4,0,0,0,0,28,97,98,98

l0,15=0,100,89,100,100,99,100,97,98,98,98,84,97,99,93,0,95,93,83,90,0,0,0,0,0,0,0,0,0,0,98,86,0,0,0,0,0,0,0,0,0,0,0,0,0
l1,15=100,0,89,90,97,99,99,97,98,98,98,83,97,99,91,0,96,96,97,95,0,0,0,0,0,0,0,0,0,0,95,5,0,0,0,0,0,0,0,0,0,0,0,0,0
l2,15=98,96,0,86,97,99,99,97,98,98,59,82,97,98,97,0,96,94,93,93,0,0,0,0,0,0,0,0,0,0,58,0,0,0,0,0,0,0,0,0,0,0,0,0,0
l3,15=100,100,89,0,100,99,99,97,98,61,98,59,97,98,97,0,92,97,56,85,0,0,0,0,0,0,0,0,0,0,58,70,0,0,0,0,0,0,0,0,0,0,0,0,0
l4,15=100,98,89,100,0,99,99,97,98,2,60,83,97,99,88,0,90,97,0,88,0,0,0,0,0,0,0,0,0,0,55,0,0,0,0,0,0,0,0,0,0,0,0,0,0
l5,15=100,100,89,100,97,0,100,97,98,98,98,84,97,99,98,0,96,95,97,88,52,0,0,0,0,0,0,0,0,0,57,75,0,0,0,0,0,0,0,0,50,0,0,0,0
l6,15=100,98,89,87,97,99,0,97,98,98,98,84,97,99,0,0,96,97,97,98,0,53,0,0,0,0,0,0,0,0,96,0,0,0,0,0,0,0,0,0,0,0,0,0,0
l7,15=100,98,98,87,97,99,99,0,100,99,98,84,97,99,98,0,98,95,98,99,97,95,0,95,0,96,95,94,0,0,0,0,0,0,0,0,0,0,0,0,0,0,0,0,0
l8,15=100,96,89,87,97,99,99,100,0,98,98,84,97,99,98,0,96,92,98,98,75,56,0,97,94,94,97,94,0,0,0,76,0,0,0,0,0,0,0,0,0,0,71,78,0
l9,15=100,98,92,86,0,99,99,100,98,0,100,99,100,100,98,0,98,97,97,99,56,56,0,97,1,100,94,65,0,0,0,19,0,0,0,0,0,0,0,0,0,0,0,87,0
l10,15=98,97,54,86,95,99,100,95,100,100,0,99,100,100,96,0,96,95,100,92,57,0,0,97,72,97,97,58,0,0,2,17,0,0,0,0,0,0,0,0,0,0,86,88,86
l11,15=100,100,97,84,97,99,100,100,100,100,100,0,100,100,98,0,100,95,100,99,98,59,0,0,79,94,93,25,0,0,54,76,0,0,0,0,0,0,0,0,0,0,0,19,0
l12,15=100,100,56,99,97,99,99,100,100,100,100,99,0,100,98,0,100,96,100,99,59,58,59,94,100,100,98,3,0,0,27,4,0,0,0,0,0,0,0,0,0,0,0,77,0
l13,15=100,98,89,81,97,99,99,100,98,100,100,99,100,0,96,0,98,93,98,95,51,58,1,77,69,92,0,58,0,0,25,58,0,0,0,0,0,0,0,0,0,0,0,0,0
l14,15=93,89,57,83,60,79,10,99,99,60,62,69,99,99,0,0,100,99,100,97,60,0,0,99,75,99,99,29,0,0,57,76,0,83,0,0,0,0,0,12,54,42,96,98,88
l15,15=99,99,60,74,66,98,100,100,99,61,62,70,100,100,99,0,0,100,100,97,60,61,51,78,75,99,99,55,0,0,60,76,0,49,0,0,0,0,87,0,58,17,89,98,91
l16,15=56,79,56,93,59,61,82,99,96,60,60,69,99,99,99,0,100,0,100,100,100,58,0,97,94,99,99,61,0,0,100,98,90,98,0,39,0,1,98,95,92,78,23,83,63
l17,15=35,97,51,3,0,98,94,99,100,60,100,99,100,99,99,0,100,100,0,100,100,58,83,97,100,100,97,60,0,0,73,77,0,1,0,0,0,0,5,0,59,42,93,98,0
l18,15=59,87,47,71,68,58,87,99,99,62,62,69,99,99,99,0,99,100,100,0,100,98,86,99,99,99,99,63,0,0,60,76,0,90,0,33,5,0,96,86,61,53,96,98,92
l19,15=0,0,0,0,0,61,3,99,97,58,61,70,99,94,99,0,100,100,100,100,0,61,76,100,100,100,100,61,0,0,60,82,5,0,0,0,0,0,97,86,61,67,94,98,92
l20,15=0,0,0,0,0,0,65,92,65,69,0,92,86,80,0,0,95,66,87,100,96,0,100,99,93,100,96,100,0,0,0,0,90,89,0,0,93,79,94,89,0,7,92,92,87
l21,15=0,0,0,0,0,0,0,71,0,0,0,0,95,69,0,0,95,0,92,100,90,99,0,98,99,95,97,100,0,0,0,0,13,0,0,0,41,0,48,0,0,0,94,93,92
l22,15=0,0,0,0,0,0,0,88,85,44,97,0,90,75,96,0,95,73,86,100,99,98,95,0,100,99,99,100,0,0,0,7,100,90,0,49,96,89,0,63,44,49,99,92,3
l23,15=0,0,0,0,0,0,0,0,81,0,94,87,98,91,95,0,95,94,95,98,99,94,95,99,0,100,100,98,0,0,97,82,94,90,0,95,0,75,92,92,78,75,99,95,94
l24,15=0,0,0,0,0,0,0,94,79,96,100,89,99,96,99,0,96,89,98,100,100,98,96,99,100,0,100,100,0,0,56,93,91,92,0,97,68,0,92,0,97,99,99,98,98
l25,15=0,0,0,0,0,0,0,79,91,38,97,47,89,1,99,0,95,90,80,100,100,94,93,99,100,100,0,97,0,0,6,0,93,70,0,91,93,77,65,91,38,85,99,98,88
l26,15=0,0,0,0,0,0,0,87,82,94,90,58,65,90,91,0,92,81,85,95,89,98,99,99,99,97,97,0,0,0,0,0,97,90,0,91,89,70,91,89,76,80,90,90,98
l27,15=63,79,60,99,57,61,76,61,0,0,0,69,98,93,65,0,63,100,100,97,60,0,0,0,75,96,2,0,0,0,0,98,90,98,0,61,60,75,99,89,62,59,55,80,0
l28,15=60,40,0,85,40,62,0,40,99,0,0,70,54,88,99,0,64,100,100,97,60,0,0,4,71,98,0,0,0,0,100,0,92,100,0,62,61,74,100,89,65,60,13,72,0
l29,15=0,0,0,0,0,0,0,0,0,0,0,0,0,0,0,0,0,67,0,0,0,98,0,100,100,96,100,100,0,0,63,98,0,100,0,100,100,100,100,100,100,100,55,78,18
l30,15=0,0,0,0,0,0,0,0,0,0,0,0,0,0,81,0,25,89,13,98,0,98,0,99,99,96,80,100,0,0,94,95,100,0,0,100,100,100,100,100,100,100,53,73,61
l31,15=0,0,0,0,0,0,0,0,0,0,0,0,0,0,0,0,0,70,0,52,0,0,0,86,93,87,70,58,0,0,62,94,100,100,0,0,100,100,100,100,100,100,0,0,39
l32,15=0,0,0,0,0,0,0,0,0,0,0,0,0,0,0,0,0,0,0,5,0,95,0,90,0,86,90,94,0,0,73,94,100,100,0,100,0,100,100,100,97,100,0,20,0
l33,15=0,0,0,0,0,0,0,0,0,0,0,0,0,0,0,0,0,0,0,0,0,68,0,86,79,0,69,56,0,0,48,87,100,93,0,100,100,0,96,96,98,95,0,0,0
l34,15=0,0,0,0,0,0,0,0,0,0,0,0,0,0,0,0,21,76,8,100,58,98,0,0,99,99,87,92,0,0,65,96,100,100,0,100,100,100,0,100,100,100,0,0,59
l35,15=0,0,0,0,0,0,0,0,0,0,0,0,0,0,11,0,0,77,6,100,68,96,0,98,99,0,100,90,0,0,65,61,100,100,0,100,100,100,100,0,100,100,50,0,0
l36,15=0,0,0,0,0,45,0,0,0,0,0,0,0,0,64,0,62,77,97,100,81,0,0,99,79,100,98,65,0,0,65,61,92,100,0,100,100,100,100,100,0,100,0,8,0
l37,15=0,0,0,0,0,12,0,0,0,0,0,0,0,0,59,0,58,79,94,92,71,12,0,91,75,100,92,57,0,0,100,98,100,100,0,100,100,78,100,100,100,0,0,0,53
l38,15=0,0,0,0,0,0,0,0,0,0,43,0,0,0,73,0,62,0,70,97,64,73,10,96,99,98,97,62,0,0,3,0,66,7,0,0,0,0,0,1,0,0,0,99,98
l39,15=0,0,0,0,0,0,0,0,6,24,41,0,54,0,94,0,79,64,86,96,64,85,58,74,98,89,99,42,0,0,23,29,67,55,0,0,0,0,0,0,0,0,99,0,98
l40,15=0,0,0,0,0,0,0,0,0,0,65,0,0,0,80,0,76,67,0,97,77,81,69,0,97,90,81,94,0,0,0,0,1,69,0,2,0,0,66,0,0,2,99,97,0
l41,15=0,0,0,0,0,0,0,0,86,53,97,70,87,95,97,0,94,97,96,98,100,93,0,97,99,99,99,98,0,0,97,3,0,25,0,0,0,0,20,0,0,0,99,99,94
l42,15=0,0,0,0,0,0,0,0,0,0,0,0,58,0,71,0,0,67,69,97,26,93,70,98,99,99,0,96,0,0,0,0,0,25,0,0,63,0,78,0,0,6,99,98,98
l43,15=0,0,0,0,0,0,0,5,0,0,0,0,0,4,35,0,3,0,59,58,60,63,60,96,92,91,96,50,0,0,0,0,0,67,0,59,59,0,63,53,0,2,95,95,84
l44,15=0,0,0,0,0,0,0,0,0,0,0,0,55,0,66,0,64,0,58,94,33,94,61,92,99,71,98,92,0,0,0,0,64,67,0,0,54,0,0,0,0,9,99,98,98

