l0,0=0,89,91,90,89,88,91,90,88,85,83,90,89,87,68,0,81,0,78,35,0,0,0,0,0,0,0,0,0,0,72,74,0,0,0,0,0,0,0,0,7,0,0,0,0
l1,0=88,0,89,91,89,88,92,92,88,85,27,90,89,92,43,0,0,0,23,3,51,0,0,0,0,0,0,0,0,0,1,28,0,0,0,0,0,0,0,0,0,0,0,0,0
l2,0=88,89,0,90,87,88,92,96,90,87,83,90,89,92,70,0,86,76,44,45,77,7,0,0,0,0,53,0,0,0,8,40,0,0,0,0,0,0,0,0,0,0,0,1,0
l3,0=88,90,89,0,89,88,90,74,90,39,16,90,89,85,29,0,80,59,36,26,0,0,0,0,0,0,0,0,0,0,76,31,0,0,0,0,0,0,0,0,0,18,0,0,0
l4,0=88,89,84,91,0,88,91,89,88,83,80,86,89,90,71,0,76,0,2,0,0,0,0,0,0,0,0,0,0,0,73,49,0,0,0,0,0,0,0,0,0,0,0,0,0
l5,0=88,90,91,84,89,0,88,92,87,62,46,53,89,87,49,0,72,0,24,0,72,0,0,0,0,0,0,0,0,0,23,28,0,0,0,0,0,0,0,0,38,0,0,0,0
l6,0=88,90,91,91,89,88,0,96,90,91,84,90,91,92,86,0,86,62,46,46,75,0,0,0,0,0,33,0,0,0,39,9,0,0,0,0,0,0,0,0,0,0,0,0,0
l7,0=88,89,91,43,89,88,92,0,90,91,83,90,89,92,91,0,86,3,85,90,83,0,64,74,52,76,78,0,0,0,21,0,0,0,0,0,0,0,0,0,0,0,0,20,0
l8,0=87,89,91,90,87,88,92,96,0,91,83,90,89,92,85,0,86,68,80,86,78,0,58,21,21,48,65,13,0,0,0,0,0,0,0,0,0,0,0,0,0,0,0,21,0
l9,0=87,89,91,54,86,88,91,93,90,0,83,91,89,92,94,0,86,58,26,18,73,64,0,25,21,53,53,0,0,0,13,28,0,0,0,0,0,0,0,0,0,0,0,0,0
l10,0=55,29,75,0,80,86,88,90,88,85,0,54,91,38,56,0,89,67,87,88,90,3,59,26,26,81,71,27,0,0,22,30,0,0,0,0,0,0,0,0,35,0,45,24,0
l11,0=80,89,89,79,77,88,88,93,90,91,81,0,91,92,86,0,86,64,21,79,87,57,21,0,22,0,63,24,0,0,0,21,0,0,0,0,0,0,0,0,0,0,0,0,0
l12,0=87,89,89,78,86,88,88,90,88,85,87,91,0,92,86,0,85,77,78,86,92,0,6,3,19,54,74,37,0,0,16,22,0,0,0,0,0,0,0,0,23,0,0,0,12
l13,0=53,89,91,76,89,88,92,96,90,91,45,91,91,0,94,0,86,79,89,39,87,60,27,26,0,71,0,1,0,0,6,25,0,0,0,0,0,0,0,0,0,0,0,8,0
l14,0=21,17,51,0,66,69,74,76,75,46,24,29,85,51,0,0,88,89,96,92,100,0,38,29,25,70,60,24,0,0,28,35,0,58,0,0,0,0,0,18,41,44,50,31,22
l15,0=22,0,69,45,63,72,82,89,81,44,87,91,88,92,100,0,0,51,96,27,100,80,59,30,26,82,72,27,0,0,28,0,25,0,0,0,0,0,0,21,43,0,48,26,3
l16,0=0,0,55,29,0,1,41,0,75,14,27,27,36,44,77,0,71,0,38,31,100,0,0,5,28,70,41,0,0,0,34,42,24,34,0,0,0,3,49,34,50,65,48,29,5
l17,0=21,24,58,58,41,66,74,82,78,40,54,24,49,83,100,0,89,90,0,89,100,79,0,24,29,67,73,24,0,0,28,30,0,0,0,0,0,0,0,0,31,47,53,27,19
l18,0=9,0,53,3,0,0,61,70,76,18,46,25,49,14,100,0,67,90,57,0,100,96,61,36,38,92,90,33,0,0,0,31,0,51,0,24,0,1,59,0,47,51,58,32,25
l19,0=0,6,54,0,0,53,38,69,49,24,50,30,90,32,100,0,89,90,96,94,0,70,44,32,28,89,86,25,0,0,55,59,0,41,0,0,0,0,0,0,56,49,0,28,29
l20,0=0,0,8,0,0,0,0,0,0,58,46,64,0,59,0,0,87,0,84,92,84,0,99,98,86,91,89,94,0,0,0,0,71,75,0,85,80,0,88,18,0,72,91,81,81
l21,0=0,0,0,0,0,0,0,68,85,0,78,4,0,0,70,0,81,0,0,89,82,100,0,90,90,83,89,94,0,0,0,0,59,85,0,0,61,0,84,59,0,0,0,0,88
l22,0=0,0,0,0,0,0,0,65,59,67,62,0,1,65,83,0,80,63,75,86,80,98,78,0,90,80,91,93,0,0,0,7,78,83,0,74,80,66,84,54,74,72,79,82,73
l23,0=0,0,0,0,0,0,0,57,48,21,61,39,31,0,75,0,73,77,86,86,88,89,90,98,0,92,91,90,0,0,0,0,75,57,0,12,0,0,86,17,55,81,90,87,90
l24,0=0,0,1,0,0,0,0,68,59,34,75,12,45,66,89,0,79,73,50,90,89,98,76,65,91,0,90,89,0,0,0,20,60,85,0,40,35,14,82,76,47,0,91,87,0
l25,0=0,0,41,0,0,0,15,62,60,28,69,37,78,0,72,0,77,59,83,92,85,89,90,99,91,92,0,89,0,0,14,0,79,80,0,24,76,36,73,61,39,70,92,88,90
l26,0=0,0,0,0,0,0,0,0,60,0,67,55,75,11,85,0,79,0,79,87,81,99,97,98,90,90,89,0,0,0,11,0,88,86,0,87,80,74,88,74,46,50,84,42,90
l27,0=23,0,5,44,66,61,42,44,0,7,8,0,13,0,18,0,80,90,11,0,36,0,0,0,0,0,32,0,0,0,0,90,76,80,0,41,0,20,29,87,54,69,0,0,10
l28,0=26,24,57,41,62,54,16,0,0,24,9,21,14,1,15,0,0,90,8,0,89,0,0,11,2,32,0,0,0,0,95,0,86,92,0,40,36,21,66,85,91,88,0,0,14
l29,0=0,0,0,0,0,0,0,0,0,0,0,0,0,0,0,0,17,23,0,0,0,35,22,95,54,37,83,94,0,0,82,90,0,95,0,99,97,100,97,94,93,95,0,3,12
l30,0=0,0,0,0,0,0,0,0,0,0,0,0,0,0,4,0,0,12,0,0,0,44,57,90,0,81,50,89,0,0,95,90,99,0,0,99,97,100,97,94,93,95,49,0,0
l31,0=0,0,0,0,0,0,0,0,0,0,0,0,0,0,0,0,0,0,0,12,0,69,0,39,8,52,38,91,0,0,90,69,99,95,0,0,97,100,97,94,93,95,0,0,0
l32,0=0,0,0,0,0,0,0,0,0,0,0,0,0,0,0,0,0,0,0,0,0,71,27,89,0,56,79,86,0,0,0,73,99,95,0,99,0,100,97,94,86,88,0,0,0
l33,0=0,0,0,0,0,0,0,0,0,0,0,0,0,0,0,0,0,63,0,0,0,0,0,39,0,0,65,71,0,0,70,71,99,95,0,99,97,0,97,92,90,46,0,0,0
l34,0=0,0,0,0,0,0,0,0,0,0,0,0,0,0,0,0,1,81,0,86,0,86,57,89,76,79,74,90,0,0,95,85,99,95,0,99,97,100,0,94,93,95,4,1,0
l35,0=0,0,0,0,0,0,0,0,0,0,0,0,0,0,2,0,48,78,0,0,0,1,39,35,3,84,53,67,0,0,95,59,99,95,0,98,97,71,97,0,93,95,17,0,0
l36,0=0,0,0,0,0,25,0,0,0,0,5,0,0,0,15,0,76,87,3,0,35,0,0,22,11,72,18,10,0,0,55,59,93,95,0,62,47,32,66,94,0,95,0,6,0
l37,0=0,0,0,1,0,8,0,0,0,0,0,0,0,0,21,0,19,88,43,33,32,50,0,73,53,0,52,55,0,0,95,90,99,95,0,99,92,35,97,94,93,0,28,0,0
l38,0=0,0,0,0,0,0,0,0,0,0,64,0,0,0,85,0,71,66,83,76,0,84,0,77,83,88,88,82,0,0,0,0,0,82,0,0,0,0,0,12,0,19,0,87,90
l39,0=0,0,0,0,0,0,0,25,37,0,32,0,0,0,83,0,72,68,63,84,85,84,0,84,90,91,89,39,0,0,0,0,0,56,0,0,0,0,5,0,27,0,92,0,90
l40,0=0,0,0,0,0,0,0,0,0,0,1,0,35,0,79,0,21,60,70,78,83,79,76,71,89,0,85,92,0,0,8,60,49,0,0,0,0,0,0,0,0,0,92,88,0
l41,0=0,0,0,0,0,0,0,0,0,31,69,0,57,42,87,0,78,75,88,92,90,0,75,89,90,91,89,85,0,0,66,38,63,0,0,0,0,0,0,10,21,41,93,91,90
l42,0=0,0,0,0,0,0,0,0,0,0,12,0,0,0,70,0,66,67,70,76,78,82,0,88,90,91,88,84,0,0,0,0,0,0,0,39,0,0,69,0,0,0,92,89,90
l43,0=0,0,0,0,0,0,0,0,0,0,42,0,0,0,30,0,44,35,63,64,56,82,67,84,87,90,85,88,0,0,0,0,53,76,0,14,57,0,68,0,0,0,92,87,89
l44,0=0,0,0,0,0,0,0,0,0,0,0,30,56,0,79,0,40,63,82,71,79,86,82,79,84,90,85,83,0,0,0,0,0,64,0,0,0,0,0,0,0,0,92,82,89

l0,1=0,88,91,91,90,89,92,89,81,80,79,81,81,85,52,0,65,5,0,0,0,0,0,0,0,0,0,0,0,0,75,49,0,0,0,0,0,0,0,0,0,0,0,0,0
l1,1=86,0,89,91,90,89,92,89,84,78,67,81,73,85,65,0,38,62,0,37,41,0,0,0,0,0,0,0,0,0,48,38,0,0,0,0,0,0,0,0,0,0,0,0,0
l2,1=88,88,0,86,88,89,92,94,87,84,78,82,81,89,69,0,70,68,52,0,39,0,0,0,0,33,20,0,0,0,21,29,0,0,0,0,0,0,0,0,0,0,0,0,0
l3,1=88,88,86,0,91,89,91,27,83,80,79,81,81,85,66,0,37,58,0,0,0,0,0,0,0,0,0,0,0,0,77,72,0,0,0,0,0,0,0,0,0,0,0,0,0
l4,1=88,88,86,92,0,89,88,75,79,72,67,81,81,85,48,0,40,55,0,25,0,0,0,0,0,0,0,0,0,0,50,0,0,0,0,0,0,0,0,0,0,0,0,0,0
l5,1=88,87,91,88,91,0,92,89,83,73,79,81,81,85,64,0,44,0,0,0,0,0,0,0,0,0,0,0,0,0,50,0,0,0,0,0,0,0,0,0,39,27,0,0,0
l6,1=88,88,91,90,87,89,0,94,87,75,79,81,81,88,71,0,48,66,55,45,41,0,0,0,0,0,0,0,0,0,52,36,0,0,0,0,0,0,0,0,0,0,0,0,0
l7,1=88,88,91,9,82,89,92,0,87,84,79,82,81,89,77,0,80,0,63,58,62,46,39,71,0,73,71,1,0,0,0,2,0,0,0,0,0,0,0,0,0,0,0,44,0
l8,1=69,88,91,88,68,89,92,94,0,84,78,82,81,89,75,0,72,59,63,69,37,60,42,66,43,53,63,13,0,0,49,36,0,0,0,0,0,0,0,0,0,0,0,0,0
l9,1=86,85,91,79,71,76,74,94,87,0,79,82,81,89,76,0,63,55,71,35,41,38,0,0,58,11,55,37,0,0,0,26,0,0,0,0,0,0,0,0,0,0,9,0,0
l10,1=78,54,75,72,61,81,87,81,82,80,0,81,81,85,68,0,85,69,77,73,73,37,62,14,8,79,73,67,0,0,41,7,0,2,0,0,0,0,0,0,0,0,61,46,57
l11,1=79,87,87,68,69,77,88,90,87,84,79,0,81,89,77,0,80,55,74,62,65,0,0,22,30,62,63,0,0,0,0,24,0,0,0,0,0,0,0,0,0,0,0,42,3
l12,1=74,55,86,69,83,87,89,86,80,81,82,82,0,89,78,0,80,68,73,67,75,45,0,34,27,68,65,54,0,0,29,13,0,0,0,0,0,0,0,0,0,0,0,0,0
l13,1=84,88,90,84,81,87,88,93,87,84,80,82,81,0,76,0,81,47,70,41,38,34,50,34,35,49,57,40,0,0,36,28,0,0,0,0,0,0,0,0,0,0,5,0,3
l14,1=26,39,67,63,34,29,41,42,71,62,64,74,78,75,0,0,86,72,79,82,93,50,41,49,39,46,65,40,0,0,57,39,0,0,0,0,0,0,38,0,49,32,71,78,63
l15,1=32,29,67,0,39,34,45,74,75,56,81,82,81,85,89,0,0,69,78,46,87,67,65,50,43,55,74,57,0,0,53,27,0,0,0,0,0,0,0,13,49,19,46,70,4
l16,1=0,53,65,3,45,0,7,0,66,52,67,64,56,14,75,0,28,0,58,54,54,31,0,15,30,23,60,56,0,0,66,55,2,54,0,0,15,5,38,35,33,42,40,0,59
l17,1=0,0,63,0,0,0,23,24,70,65,75,78,78,71,85,0,81,78,0,49,91,58,61,48,38,24,73,61,0,0,39,0,0,0,0,0,0,0,0,0,38,33,64,54,63
l18,1=0,29,0,0,27,0,13,9,67,29,65,63,63,40,83,0,51,80,59,0,90,80,74,21,91,87,90,73,0,0,27,55,0,21,0,24,0,0,59,62,44,47,76,77,50
l19,1=0,42,63,0,0,0,17,24,29,57,69,67,74,48,89,0,82,79,79,86,0,66,37,46,46,53,73,63,0,0,58,49,0,56,0,0,0,0,31,1,54,63,70,79,67
l20,1=0,0,0,0,0,0,0,60,66,57,47,1,62,58,65,0,74,52,59,80,75,0,95,84,87,90,83,88,0,0,42,0,58,56,0,76,62,44,79,25,49,56,85,79,83
l21,1=0,0,0,0,0,0,0,14,42,0,65,0,0,60,64,0,75,0,65,78,62,92,0,83,87,88,83,83,0,0,0,0,50,69,0,0,58,0,68,51,0,0,0,83,79
l22,1=0,0,0,0,0,0,0,61,56,0,22,34,54,47,70,0,68,57,60,60,63,82,74,0,90,83,90,83,0,0,0,0,72,71,0,76,64,50,69,56,68,61,80,73,40
l23,1=0,0,0,0,0,0,0,0,42,65,19,45,51,65,76,0,73,77,67,81,81,87,88,88,0,90,90,82,0,0,0,51,47,73,0,16,12,51,73,62,76,71,89,89,88
l24,1=0,0,51,0,0,0,0,66,53,13,69,62,70,73,79,0,76,75,52,81,82,87,87,83,91,0,90,81,0,0,2,59,27,51,0,0,28,33,51,67,79,64,90,80,88
l25,1=0,0,1,0,0,0,0,48,49,50,67,51,62,49,58,0,74,50,69,82,74,87,83,91,91,90,0,82,0,0,0,0,71,57,0,65,68,37,68,29,52,51,90,89,86
l26,1=0,0,0,0,0,0,0,19,46,44,62,0,63,63,63,0,68,64,62,78,73,87,88,86,87,88,83,0,0,0,0,0,73,80,0,82,69,70,80,64,19,53,81,70,88
l27,1=41,39,5,58,39,18,0,0,34,0,37,0,26,30,45,0,24,85,38,38,43,5,0,0,0,0,0,0,0,0,0,87,17,44,0,36,1,15,60,82,95,49,0,42,0
l28,1=33,39,43,52,0,0,0,0,32,22,28,33,25,31,48,0,5,85,4,53,47,0,0,0,21,31,0,0,0,0,90,0,18,61,0,64,22,19,71,76,95,80,0,13,36
l29,1=0,0,0,0,0,0,0,0,0,0,0,0,0,0,0,0,0,21,0,0,0,30,27,89,35,18,78,87,0,0,54,82,0,92,0,96,85,96,94,93,95,88,25,0,30
l30,1=0,0,0,0,0,0,0,0,0,0,0,0,0,0,0,0,0,30,0,11,31,25,28,81,40,25,34,78,0,0,83,42,84,0,0,96,85,83,94,93,95,90,28,33,0
l31,1=0,0,0,0,0,0,0,0,0,0,0,0,0,0,0,0,0,0,0,20,0,58,0,78,24,0,63,82,0,0,61,63,84,92,0,0,85,96,94,67,95,90,21,23,0
l32,1=0,0,0,0,0,0,0,0,0,0,0,0,0,0,0,0,0,30,0,0,0,36,33,60,29,28,69,65,0,0,6,39,84,92,0,96,0,96,94,93,64,86,0,0,0
l33,1=0,0,0,0,0,0,0,0,0,0,0,0,0,0,0,0,0,0,0,0,0,0,0,57,61,5,63,46,0,0,39,12,84,84,0,96,85,0,94,74,89,61,0,0,0
l34,1=0,0,0,0,0,0,0,0,0,0,0,0,0,0,24,0,0,72,0,74,22,78,36,81,81,37,79,81,0,0,81,76,84,92,0,96,85,96,0,93,95,90,54,42,0
l35,1=0,0,0,0,0,0,0,0,0,0,0,0,0,0,0,0,7,33,0,71,1,2,27,43,45,47,25,40,0,0,90,48,84,92,0,51,75,87,94,0,95,90,2,0,0
l36,1=0,0,0,0,0,13,0,0,0,0,0,0,0,0,42,0,19,48,20,52,84,3,0,20,33,36,36,0,0,0,78,86,54,91,0,56,43,90,90,88,0,87,0,3,0
l37,1=0,0,0,0,0,14,0,0,0,0,0,0,0,0,33,0,12,46,34,65,39,27,4,32,54,35,38,25,0,0,90,81,82,92,0,96,77,46,94,93,95,0,0,4,0
l38,1=0,0,0,0,0,0,0,0,0,0,53,0,0,0,82,0,57,68,64,74,73,80,0,85,85,88,88,78,0,0,0,0,1,50,0,0,0,0,55,0,0,0,0,89,88
l39,1=0,0,0,0,0,0,0,20,0,0,38,26,0,0,80,0,75,0,54,77,80,82,58,83,90,86,89,75,0,0,30,0,0,36,0,2,0,0,24,0,5,0,91,0,88
l40,1=0,0,0,0,0,0,0,0,0,0,53,4,0,0,72,0,1,46,65,44,71,83,63,28,89,88,79,80,0,0,0,3,13,0,0,0,0,0,0,0,0,0,90,88,0
l41,1=0,0,0,0,0,0,0,0,23,50,70,38,50,41,81,0,75,76,67,78,75,86,60,83,90,88,82,81,0,0,72,70,0,35,0,21,0,0,20,0,0,21,91,91,88
l42,1=0,0,0,0,0,0,0,0,0,0,0,0,0,0,55,0,56,60,53,77,0,25,0,82,90,89,89,79,0,0,0,0,46,3,0,56,26,0,39,0,0,0,90,89,88
l43,1=0,0,0,0,0,0,0,0,0,0,31,0,0,0,49,0,48,42,0,58,55,84,56,82,85,87,83,67,0,0,0,0,37,54,0,26,13,0,37,0,0,0,83,88,87
l44,1=0,0,0,0,0,0,0,0,0,0,0,0,36,0,57,0,19,0,63,69,66,78,61,82,83,87,79,79,0,0,46,0,3,35,0,0,0,0,0,0,0,0,90,82,88

l0,2=0,88,89,85,85,87,87,84,78,86,78,81,82,78,46,0,56,57,70,7,0,0,0,0,0,0,0,0,0,0,69,46,0,0,0,0,0,0,0,0,0,0,0,0,0
l1,2=84,0,88,83,85,87,87,84,79,85,73,87,77,75,62,0,81,65,57,44,19,0,0,0,0,0,0,0,0,0,68,67,0,0,0,0,0,0,0,0,0,0,0,0,0
l2,2=89,88,0,78,84,87,87,91,82,89,78,87,83,78,73,0,86,68,66,67,35,0,0,36,0,55,0,0,0,0,66,68,0,0,0,0,0,0,0,0,0,0,0,0,0
l3,2=91,88,88,0,85,83,87,81,80,85,77,81,82,79,53,0,68,62,60,0,0,0,0,0,0,0,0,0,0,0,67,67,0,0,0,0,0,0,0,0,0,0,0,0,0
l4,2=86,88,89,85,0,87,87,81,78,31,75,87,81,78,62,0,71,22,31,0,0,0,0,0,0,0,0,0,0,0,0,66,0,0,0,0,0,0,0,0,0,0,0,0,0
l5,2=88,88,88,77,84,0,87,84,80,85,78,85,82,80,73,0,63,0,54,60,19,0,0,0,0,0,0,0,0,0,72,13,0,0,0,0,0,0,0,0,0,0,0,0,0
l6,2=89,88,89,77,84,87,0,91,80,89,78,88,83,82,65,0,89,67,63,0,22,1,0,0,0,0,0,0,0,0,21,50,0,0,0,0,0,0,0,0,0,0,0,0,0
l7,2=87,88,89,77,83,83,87,0,80,89,77,88,83,82,67,0,89,0,76,60,55,29,36,55,44,69,58,0,0,0,0,0,0,0,0,0,0,0,0,0,0,0,0,0,0
l8,2=78,88,89,76,83,84,85,91,0,89,69,87,83,80,73,0,86,9,70,67,1,30,45,60,3,53,55,48,0,0,38,40,0,0,0,0,0,0,0,0,0,0,0,0,0
l9,2=83,88,89,76,49,82,85,91,79,0,79,88,83,81,73,0,81,58,75,52,52,45,10,0,58,51,55,58,0,0,35,45,0,0,0,0,0,0,0,0,0,0,0,24,0
l10,2=69,66,73,65,67,82,70,70,70,85,0,87,83,78,62,0,90,62,79,73,66,0,44,49,51,71,69,59,0,0,0,54,0,0,0,0,0,0,0,0,19,0,8,50,52
l11,2=56,87,77,73,81,61,84,91,80,89,78,0,83,82,74,0,89,60,76,53,69,54,42,32,44,70,53,0,0,0,41,42,0,0,0,0,0,0,0,0,0,0,43,48,38
l12,2=76,83,88,73,77,82,84,73,78,85,83,88,0,82,70,0,89,63,76,67,66,0,40,44,59,65,52,60,0,0,28,41,0,0,0,0,0,0,0,0,0,2,29,45,0
l13,2=71,79,86,76,82,83,85,90,81,89,79,88,83,0,74,0,89,52,69,59,59,0,0,58,43,47,0,0,0,0,41,52,0,0,0,0,0,0,0,0,0,0,0,0,0
l14,2=42,54,64,14,50,56,52,59,72,68,72,79,72,69,0,0,90,61,81,78,89,57,47,72,61,76,85,41,0,0,68,64,0,0,0,0,0,0,23,44,49,4,56,85,63
l15,2=20,76,69,17,53,46,76,81,74,68,83,87,83,78,84,0,0,70,76,75,77,64,58,71,62,70,74,62,0,0,69,68,0,0,0,0,0,0,0,43,61,50,55,70,31
l16,2=30,32,35,25,20,0,63,0,2,34,56,64,62,23,35,0,79,0,71,85,82,0,0,0,69,72,41,38,0,0,88,85,21,41,0,4,0,0,29,0,71,60,54,51,38
l17,2=53,35,54,1,43,49,51,57,62,71,80,77,76,52,84,0,80,64,0,69,89,58,48,64,65,59,55,54,0,0,47,45,0,33,0,0,0,0,0,0,45,0,56,58,62
l18,2=0,3,48,0,0,42,0,32,57,30,67,48,62,46,73,0,68,84,70,0,89,79,45,77,86,79,94,69,0,0,64,69,9,0,0,0,0,0,28,39,48,51,76,59,42
l19,2=0,0,2,0,0,12,5,57,0,54,74,70,70,59,84,0,86,81,81,85,0,63,0,65,72,82,70,71,0,0,51,75,0,42,0,0,0,0,0,0,63,52,55,70,59
l20,2=0,0,0,0,0,0,0,45,37,49,0,62,0,0,66,0,71,0,62,77,71,0,95,88,79,85,86,93,0,0,0,0,76,23,0,68,31,54,53,57,48,56,80,77,83
l21,2=0,0,0,0,0,0,0,26,54,0,55,55,47,0,60,0,74,0,58,69,0,91,0,84,85,80,84,81,0,0,0,0,0,0,0,0,0,0,0,0,0,0,0,76,74
l22,2=0,0,2,0,0,0,0,50,47,0,39,30,37,33,66,0,67,0,59,72,60,84,81,0,86,84,94,89,0,0,0,0,75,76,0,68,67,36,69,65,58,0,73,74,62
l23,2=0,0,0,0,0,0,0,36,0,59,45,42,59,26,64,0,73,76,68,81,76,82,86,88,0,87,93,80,0,0,0,0,61,70,0,50,59,48,61,0,44,69,84,86,83
l24,2=0,0,30,0,0,0,0,70,39,38,71,65,62,37,72,0,75,76,55,77,78,85,86,85,83,0,93,79,0,0,37,39,60,22,0,33,31,36,42,58,69,75,83,83,86
l25,2=0,0,0,0,0,0,0,45,42,46,64,44,41,0,70,0,72,48,53,77,66,84,85,90,86,87,0,81,0,0,4,23,61,73,0,49,69,36,62,0,63,33,84,85,87
l26,2=0,0,0,0,0,0,0,0,36,52,52,21,58,0,50,0,64,51,60,77,78,90,88,89,85,84,86,0,0,0,0,0,78,84,0,76,73,47,75,40,51,35,79,81,87
l27,2=58,71,61,46,2,76,4,0,61,2,0,59,29,43,48,0,59,85,70,76,67,0,0,0,0,47,1,0,0,0,0,85,36,73,0,42,33,55,48,74,94,80,0,45,0
l28,2=34,63,57,42,60,22,36,0,56,32,44,45,29,45,49,0,57,85,49,84,74,0,0,3,0,60,44,0,0,0,88,0,39,80,0,51,32,41,66,74,94,92,0,0,28
l29,2=0,0,0,0,0,0,0,0,0,0,0,0,0,0,0,0,0,45,0,12,0,81,0,90,61,66,66,86,0,0,44,74,0,92,0,90,91,96,95,93,94,98,0,0,0
l30,2=0,0,0,0,0,0,0,0,0,0,0,0,0,0,0,0,0,53,29,0,30,0,0,84,63,5,72,93,0,0,68,75,88,0,0,90,91,96,95,93,94,98,13,53,0
l31,2=0,0,0,0,0,0,0,0,0,0,0,0,0,0,0,0,0,48,0,21,0,63,0,73,57,42,59,85,0,0,37,54,88,92,0,0,91,96,95,90,94,98,49,0,0
l32,2=0,0,0,0,0,0,0,0,0,0,0,0,0,0,0,0,0,0,0,0,0,32,16,86,65,54,84,71,0,0,35,56,88,92,0,90,0,96,95,93,0,95,0,2,0
l33,2=0,0,0,0,0,0,0,0,0,0,0,0,0,0,0,0,0,0,0,0,0,61,0,57,61,41,60,52,0,0,44,48,88,92,0,90,91,0,95,91,92,83,0,0,0
l34,2=0,0,0,0,0,0,0,0,0,0,0,0,0,0,17,0,0,35,0,53,0,44,0,84,65,39,75,85,0,0,81,84,88,92,0,90,91,92,0,93,94,98,45,36,0
l35,2=0,0,0,0,0,0,0,0,0,0,0,0,0,0,34,0,34,1,0,47,0,47,0,63,0,54,0,16,0,0,64,79,88,92,0,64,91,92,95,0,94,98,0,0,0
l36,2=0,0,0,0,0,0,0,0,0,0,4,0,0,0,40,0,54,80,56,71,77,44,13,66,48,76,81,33,0,0,87,85,53,89,0,86,0,87,95,93,0,98,0,0,0
l37,2=0,0,0,0,0,0,0,0,0,0,0,0,28,0,17,0,60,76,0,79,60,51,6,27,78,78,48,29,0,0,86,85,88,92,0,90,87,86,95,93,94,0,39,43,25
l38,2=0,0,0,0,0,0,0,0,0,0,0,28,5,0,61,0,55,60,56,70,49,68,0,78,83,78,90,68,0,0,0,0,0,0,0,6,0,0,50,0,0,0,0,89,88
l39,2=0,0,0,0,0,0,0,0,0,0,34,49,39,0,70,0,70,64,61,69,75,69,62,80,85,82,85,74,0,0,23,0,0,57,0,0,0,0,34,0,0,21,88,0,88
l40,2=0,0,0,0,0,0,0,0,0,0,47,29,0,0,66,0,41,52,61,45,63,76,49,63,84,80,82,77,0,0,0,1,0,0,0,0,0,0,0,0,0,0,86,87,0
l41,2=0,0,0,0,0,0,0,0,13,0,60,42,43,50,73,0,74,74,65,77,77,82,24,84,85,83,83,73,0,0,12,42,0,24,0,0,7,0,48,0,0,11,87,86,87
l42,2=0,0,0,0,0,0,0,0,0,0,0,0,0,0,62,0,63,65,57,76,69,70,71,83,85,84,84,72,0,0,0,0,0,64,0,0,41,0,57,32,0,0,81,88,87
l43,2=0,0,0,0,0,0,0,0,0,0,0,0,0,0,50,0,44,0,41,48,41,75,63,69,73,74,83,69,0,0,0,0,38,53,0,0,38,0,49,0,0,0,74,75,87
l44,2=0,0,0,0,0,0,0,0,0,0,0,0,0,0,42,0,43,52,48,64,55,65,55,78,84,79,83,72,0,0,0,0,0,50,0,0,0,0,14,39,0,0,84,83,86

l0,3=0,92,89,98,87,91,86,89,90,83,80,77,82,79,75,0,65,59,71,0,0,0,0,0,0,0,0,0,0,0,71,0,0,0,0,0,0,0,0,0,0,0,0,0,0
l1,3=92,0,88,98,87,91,87,89,90,81,86,83,88,76,0,0,73,73,78,9,53,0,0,0,55,0,0,0,0,0,70,65,0,0,0,0,0,0,0,0,0,0,0,0,0
l2,3=88,91,0,95,85,89,87,94,90,83,85,83,89,79,77,0,78,69,0,62,0,0,0,17,0,0,3,0,0,0,63,62,0,0,0,0,0,0,0,0,0,0,0,0,0
l3,3=92,92,90,0,87,91,84,75,90,83,74,83,89,77,61,0,82,0,0,0,0,0,0,0,0,0,0,0,0,0,65,57,0,0,0,0,0,0,0,0,21,0,0,0,0
l4,3=92,92,94,98,0,91,87,81,90,75,75,83,77,78,70,0,0,0,74,0,7,0,0,0,0,0,0,0,0,0,0,0,0,0,0,0,0,0,0,0,0,0,0,0,0
l5,3=92,92,88,98,87,0,87,94,90,81,88,3,88,75,69,0,72,59,71,68,20,0,0,0,0,0,0,0,0,0,73,59,0,0,0,0,0,0,0,0,0,0,0,0,0
l6,3=89,92,94,92,87,91,0,94,90,85,85,83,89,76,77,0,77,73,81,0,0,0,0,29,0,39,18,0,0,0,16,0,0,0,0,0,0,0,0,0,17,0,0,0,0
l7,3=88,91,90,76,83,89,82,0,90,85,82,83,88,81,84,0,80,0,83,82,68,0,0,79,37,83,61,0,0,0,0,0,0,0,0,0,0,0,0,0,0,0,0,0,0
l8,3=88,91,90,93,84,89,82,94,0,85,85,83,89,81,83,0,77,47,84,84,72,0,69,63,4,60,54,61,0,0,60,0,0,0,0,0,0,0,0,0,0,0,0,48,0
l9,3=87,91,90,87,81,89,82,94,90,0,86,83,89,84,82,0,77,55,83,73,67,35,0,63,60,64,49,55,0,0,50,52,0,0,0,0,0,0,0,0,0,0,0,0,0
l10,3=76,90,85,74,78,89,76,79,90,84,0,83,89,84,87,0,85,63,95,82,82,69,48,77,59,84,64,73,0,0,0,43,0,0,0,0,0,0,0,0,0,0,0,43,0
l11,3=77,87,90,80,81,50,77,94,90,85,84,0,89,84,79,0,82,65,80,75,77,67,59,63,61,70,55,49,0,0,68,60,0,0,0,0,0,0,0,0,0,0,0,53,0
l12,3=64,88,90,86,62,89,81,92,90,85,88,87,0,84,90,0,85,60,83,71,75,20,59,55,63,60,58,70,0,0,51,44,0,0,0,0,0,0,0,0,0,36,0,40,0
l13,3=86,91,90,89,83,89,82,94,90,85,86,83,89,0,84,0,82,69,77,56,68,54,3,76,54,62,0,0,0,0,64,58,0,0,0,0,0,0,0,0,0,0,0,0,0
l14,3=57,0,65,48,64,63,67,77,88,71,86,81,88,74,0,0,88,89,97,90,100,68,68,80,66,76,68,62,0,0,74,79,0,0,0,0,0,0,0,53,20,15,76,64,60
l15,3=39,74,77,75,0,61,76,89,83,79,88,83,89,79,90,0,0,81,95,85,93,75,72,77,69,80,63,63,0,0,70,70,0,0,0,0,0,0,0,21,51,22,60,55,47
l16,3=20,75,58,0,0,54,77,0,58,53,70,66,72,42,92,0,88,0,87,94,100,48,0,64,57,77,70,60,0,0,95,92,0,51,0,0,33,0,74,63,88,27,59,59,50
l17,3=29,71,0,0,57,66,66,72,90,82,88,81,87,58,92,0,86,78,0,91,94,62,66,85,85,69,0,45,0,0,76,68,0,0,0,0,0,0,0,0,65,26,69,39,45
l18,3=0,0,32,0,0,53,0,57,80,58,82,68,64,15,84,0,80,88,94,0,100,78,74,81,89,88,80,84,0,0,85,79,42,0,0,2,0,0,52,48,78,31,57,53,0
l19,3=0,29,0,0,45,34,0,59,75,59,86,79,82,61,92,0,88,94,97,94,0,71,66,75,85,89,67,84,0,0,85,58,36,1,0,0,0,0,1,0,77,13,81,64,0
l20,3=0,0,0,0,0,0,0,0,0,3,79,55,33,34,83,0,83,47,84,88,90,0,97,92,86,88,78,94,0,0,0,0,93,89,0,78,89,90,88,35,35,0,80,68,79
l21,3=0,0,0,0,0,0,0,0,73,0,35,49,56,0,73,0,80,0,78,86,74,97,0,92,88,85,77,87,0,0,0,0,0,59,0,68,0,40,0,0,1,0,23,62,55
l22,3=0,0,0,0,0,0,0,47,48,43,53,32,43,47,66,0,64,40,76,81,62,94,87,0,88,89,83,93,0,0,40,0,76,76,0,64,86,53,85,32,46,38,74,62,65
l23,3=0,44,0,0,0,0,0,12,0,42,50,44,64,40,69,0,69,56,77,89,87,69,78,92,0,91,83,87,0,0,0,0,75,69,0,73,74,44,64,63,64,71,83,71,80
l24,3=0,0,0,0,0,0,21,63,46,47,79,60,57,42,73,0,75,67,61,92,90,94,64,96,88,0,82,88,0,0,0,0,70,55,0,34,37,41,48,62,71,51,75,76,83
l25,3=0,0,0,0,0,0,3,51,54,41,59,51,58,0,74,0,72,65,0,89,69,78,70,97,89,89,0,87,0,0,35,60,63,60,0,65,71,0,64,45,70,16,83,70,63
l26,3=0,0,0,0,0,0,0,19,51,43,60,24,64,0,51,0,52,50,30,83,83,96,92,93,88,80,79,0,0,0,2,6,84,81,0,84,84,27,80,72,56,43,81,52,78
l27,3=24,68,51,55,0,79,2,0,66,40,0,22,54,26,51,0,47,94,48,93,84,0,0,55,5,0,37,0,0,0,0,92,77,41,0,40,69,0,92,92,95,95,47,32,44
l28,3=0,69,53,53,0,60,0,0,0,47,47,21,49,22,56,0,43,94,47,56,46,0,0,0,0,0,51,1,0,0,95,0,82,64,0,40,76,28,98,98,95,97,58,43,0
l29,3=0,0,0,0,0,0,0,0,0,0,0,0,0,0,0,0,0,0,0,42,37,96,0,91,85,84,58,89,0,0,81,85,0,100,0,99,100,100,99,99,91,100,0,0,1
l30,3=0,0,0,0,0,0,0,0,0,0,0,0,0,0,0,0,0,87,0,0,0,83,65,96,84,79,73,94,0,0,93,92,98,0,0,99,100,100,99,99,95,100,64,0,24
l31,3=0,0,0,0,0,0,0,0,0,0,0,0,0,0,0,0,0,0,0,38,7,81,69,81,83,56,69,89,0,0,60,20,98,100,0,0,100,97,99,99,95,100,51,36,35
l32,3=0,0,0,0,0,0,0,0,0,0,0,0,0,0,0,0,0,27,0,0,0,77,0,96,80,32,79,88,0,0,72,54,98,100,0,99,0,100,99,99,91,99,0,10,0
l33,3=0,0,0,0,0,0,0,0,0,0,0,0,0,0,0,0,0,0,0,0,0,77,20,78,64,57,0,5,0,0,0,49,98,100,0,90,100,0,99,99,91,84,0,0,0
l34,3=0,0,0,0,0,0,0,0,0,0,0,0,0,0,0,0,0,72,0,49,0,83,0,94,76,54,65,77,0,0,93,92,98,100,0,99,100,100,0,99,95,100,1,0,55
l35,3=0,0,0,0,0,0,0,0,0,0,0,0,0,0,55,0,31,52,0,54,0,54,0,60,77,84,59,81,0,0,81,54,98,100,0,79,97,67,99,0,95,100,20,0,0
l36,3=0,0,0,0,0,0,0,0,0,0,0,0,0,0,2,0,44,59,51,59,68,16,2,42,74,84,72,54,0,0,95,92,92,98,0,99,91,38,99,99,0,100,0,54,0
l37,3=0,0,0,0,0,0,0,0,0,0,9,0,63,0,45,0,38,50,47,56,46,0,0,76,84,86,50,66,0,0,85,92,98,100,0,79,97,36,99,99,95,0,62,42,0
l38,3=0,0,0,0,0,0,0,0,0,0,0,0,0,0,64,0,47,43,57,61,68,70,0,68,77,63,69,73,0,0,8,46,0,38,0,0,0,0,0,0,0,14,0,71,83
l39,3=0,0,0,0,0,0,0,0,44,0,42,48,47,0,65,0,55,54,45,63,62,62,59,72,82,79,70,55,0,0,31,52,0,0,0,1,2,0,0,0,48,10,84,0,83
l40,3=0,0,0,0,0,0,0,0,0,0,0,0,0,0,57,0,44,44,44,0,0,68,48,64,81,77,64,70,0,0,34,0,0,7,0,0,0,0,51,0,0,0,84,76,0
l41,3=0,0,0,0,0,0,0,0,34,0,46,0,46,39,77,0,64,79,64,89,78,60,0,81,88,87,79,71,0,0,40,53,0,0,0,0,0,0,41,0,0,0,83,71,80
l42,3=0,0,0,0,0,0,0,0,0,0,16,0,0,0,57,0,48,36,42,75,73,72,63,74,88,80,78,62,0,0,0,0,0,0,0,40,30,46,55,19,0,0,83,78,80
l43,3=0,0,0,0,0,0,0,0,0,0,0,0,18,0,48,0,22,35,0,51,59,67,44,42,70,70,70,66,0,0,0,0,60,0,0,0,0,0,39,0,0,0,72,61,71
l44,3=0,0,0,0,0,0,0,0,0,0,0,0,0,0,39,0,41,44,23,67,52,46,55,69,82,79,70,63,0,0,0,0,43,54,0,3,0,0,49,40,0,0,83,65,72

l0,4=0,96,97,97,90,97,94,95,96,96,0,90,91,94,81,0,81,74,8,34,0,0,0,0,0,0,0,0,0,0,88,78,0,0,0,0,0,0,0,0,0,0,0,0,0
l1,4=97,0,96,97,88,97,95,92,96,95,93,95,92,97,0,0,72,65,75,68,1,0,0,0,46,0,0,0,0,0,68,28,0,0,0,0,0,0,0,0,3,0,0,0,0
l2,4=93,93,0,95,90,96,95,99,96,97,94,95,95,97,81,0,81,69,61,69,0,0,0,0,0,0,19,0,0,0,0,73,0,0,0,0,0,0,0,0,0,0,0,0,0
l3,4=97,96,90,0,91,97,91,97,96,91,85,90,89,92,78,0,83,73,77,0,0,0,0,0,0,0,0,0,0,0,86,76,0,0,0,0,0,0,0,0,0,0,0,0,0
l4,4=97,96,99,97,0,97,95,99,95,91,88,87,83,97,79,0,83,79,79,0,0,0,0,0,0,0,0,0,0,0,0,81,0,0,0,0,0,0,0,0,0,0,0,0,0
l5,4=96,96,99,97,91,0,95,99,96,96,94,95,92,97,68,0,4,0,0,0,59,0,0,0,0,0,0,0,0,0,92,62,0,0,0,0,0,0,0,0,47,5,0,0,0
l6,4=93,95,96,95,89,97,0,99,3,96,94,95,92,97,85,0,85,79,79,67,56,0,0,0,0,61,0,0,0,0,89,0,0,0,0,0,0,0,0,0,0,0,0,0,0
l7,4=93,91,96,95,86,95,93,0,96,96,94,95,92,97,88,0,85,0,82,81,71,5,0,67,42,79,75,64,0,0,0,0,0,0,0,0,0,0,0,0,0,0,0,0,0
l8,4=93,93,99,95,85,95,7,99,0,96,64,95,92,97,87,0,83,9,84,81,56,42,0,56,47,50,57,59,0,0,61,0,0,0,0,0,0,0,0,0,0,0,0,62,0
l9,4=93,91,96,81,74,95,93,99,96,0,94,95,92,97,85,0,84,79,84,68,70,0,0,61,67,74,39,67,0,0,76,63,0,0,0,0,0,0,0,0,0,0,0,0,0
l10,4=0,86,81,77,69,94,91,86,51,94,0,92,95,96,84,0,85,79,84,76,82,49,54,65,70,81,71,64,0,0,67,72,0,0,0,0,0,0,0,0,0,3,67,71,0
l11,4=93,91,96,83,66,89,92,99,96,96,92,0,95,97,75,0,85,69,84,75,70,0,42,62,59,69,64,66,0,0,56,69,0,0,0,0,0,0,0,0,0,0,0,55,0
l12,4=91,91,96,85,62,92,93,99,95,96,94,95,0,97,89,0,85,84,78,75,83,0,61,59,73,71,73,75,0,0,64,0,0,0,0,0,0,0,0,0,0,0,28,67,60
l13,4=93,91,95,86,85,92,92,99,95,96,94,95,92,0,89,0,84,83,84,67,81,49,0,62,68,75,64,69,0,0,0,61,0,0,0,0,0,0,0,0,0,0,0,59,0
l14,4=61,0,54,51,58,60,73,77,76,69,91,70,87,88,0,0,81,91,87,78,83,60,0,56,61,69,72,68,0,0,73,67,0,0,0,0,0,0,0,41,7,56,72,72,69
l15,4=62,44,64,68,57,1,80,80,74,79,94,93,92,77,89,0,0,83,85,77,84,67,65,59,70,69,68,67,0,0,80,72,0,47,0,0,0,0,0,0,53,0,65,70,42
l16,4=50,23,50,42,61,0,75,0,1,69,82,71,85,81,89,0,85,0,86,91,90,3,0,0,67,71,74,0,0,0,98,96,0,49,0,0,4,0,73,71,83,63,71,80,65
l17,4=0,65,12,65,56,0,77,79,77,77,87,80,73,77,89,0,81,77,0,82,65,0,61,63,62,68,67,65,0,0,72,71,0,0,0,0,0,0,4,0,59,56,41,76,69
l18,4=0,33,37,0,0,0,54,76,74,50,75,73,67,39,79,0,75,92,80,0,93,61,72,58,82,81,81,76,0,0,76,80,0,38,0,47,0,0,52,35,47,48,64,73,68
l19,4=0,0,0,0,0,59,61,79,65,75,84,77,80,80,89,0,85,92,74,91,0,68,68,65,79,72,74,75,0,0,74,72,0,26,0,0,0,0,53,29,53,65,79,81,73
l20,4=0,0,0,0,0,0,0,27,52,0,50,0,0,53,50,0,70,5,0,74,49,0,89,79,75,86,82,89,0,0,0,0,82,63,0,55,62,66,55,44,38,42,82,77,70
l21,4=0,0,0,0,0,0,0,0,0,0,38,49,60,0,0,0,70,0,50,76,57,92,0,79,69,81,81,87,0,0,0,0,0,0,0,66,0,0,55,0,0,0,43,72,79
l22,4=0,0,0,0,0,0,0,54,55,54,63,54,57,58,51,0,60,0,56,61,45,75,71,0,85,87,89,88,0,0,0,0,61,63,0,67,79,65,41,4,42,49,59,78,65
l23,4=0,20,0,0,0,0,0,31,47,47,66,49,67,51,63,0,64,57,66,89,74,81,65,88,0,88,89,82,0,0,0,38,52,43,0,62,64,50,42,64,1,57,78,87,87
l24,4=0,0,0,0,0,0,41,72,40,62,84,64,69,69,80,0,68,71,76,82,68,83,79,84,86,0,87,80,0,0,0,47,60,45,0,0,52,0,46,73,53,51,75,87,86
l25,4=0,0,0,0,0,0,0,60,56,1,68,59,69,55,68,0,61,65,61,73,55,72,69,90,88,84,0,72,0,0,42,3,74,65,0,61,67,60,40,49,48,27,52,80,67
l26,4=0,0,0,0,0,0,0,53,52,52,60,55,64,58,54,0,54,1,50,75,57,91,80,90,76,81,84,0,0,0,40,48,72,68,0,69,72,60,59,62,55,46,73,66,71
l27,4=68,13,0,48,0,87,77,1,77,75,77,75,63,0,73,0,75,92,87,89,73,0,0,0,0,0,63,31,0,0,0,96,78,54,0,57,57,20,84,100,100,100,39,44,0
l28,4=66,9,55,38,70,57,0,0,0,63,77,86,0,36,55,0,74,92,84,69,70,0,0,0,54,58,9,57,0,0,98,0,56,94,0,69,83,53,93,100,100,100,37,60,40
l29,4=0,0,0,0,0,0,0,0,0,0,0,0,0,0,0,0,0,0,0,0,0,84,1,81,76,81,84,84,0,0,82,81,0,97,0,100,100,100,100,100,98,100,53,77,0
l30,4=0,0,0,0,0,0,0,0,0,0,0,0,0,0,0,0,63,72,0,55,18,83,0,83,71,79,84,84,0,0,79,94,95,0,0,100,100,97,100,100,100,100,70,0,0
l31,4=0,0,0,0,0,0,0,0,0,0,0,0,0,0,0,0,0,0,0,77,0,74,53,87,84,3,81,88,0,0,72,87,95,97,0,0,100,100,100,100,100,100,0,38,72
l32,4=0,0,0,0,0,0,0,0,0,0,0,0,0,0,0,0,0,1,0,0,0,82,0,89,80,77,86,87,0,0,87,93,95,97,0,100,0,100,100,100,99,100,0,30,0
l33,4=0,0,0,0,0,0,0,0,0,0,0,0,0,0,0,0,0,0,0,0,0,85,0,88,72,0,81,80,0,0,0,91,95,97,0,100,100,0,100,100,100,89,0,0,0
l34,4=0,0,0,0,0,0,0,0,0,0,0,0,0,0,0,0,0,92,1,90,52,85,46,89,84,80,79,89,0,0,98,96,95,97,0,100,100,100,0,100,100,100,0,0,66
l35,4=0,0,0,0,0,0,0,0,0,0,0,0,0,0,73,0,1,56,0,61,39,83,0,50,88,87,87,88,0,0,98,96,95,97,0,100,100,64,100,0,100,100,0,0,8
l36,4=0,0,0,0,0,67,0,0,0,0,0,0,0,0,0,0,68,56,85,60,51,56,0,71,14,73,88,75,0,0,98,96,94,97,0,82,92,59,100,100,0,100,0,60,0
l37,4=0,0,0,0,0,56,0,0,0,0,27,0,0,0,59,0,25,51,63,56,67,66,0,81,86,82,67,68,0,0,98,96,95,97,0,100,95,55,100,100,100,0,27,0,69
l38,4=0,0,0,0,0,0,0,0,0,0,51,0,0,0,56,0,46,44,8,52,44,56,1,53,61,57,34,58,0,0,24,15,39,36,0,0,0,0,0,0,0,0,0,87,87
l39,4=0,0,0,0,0,0,0,0,40,0,52,38,51,32,60,0,55,50,61,70,65,61,47,73,69,76,78,62,0,0,6,39,39,0,0,0,10,0,0,0,21,0,81,0,86
l40,4=0,0,0,0,0,0,0,0,0,0,0,0,44,0,55,0,23,33,48,57,49,55,58,60,72,70,55,57,0,0,0,0,0,0,0,2,0,0,35,0,0,1,88,87,0
l41,4=0,0,0,0,0,0,0,0,0,0,65,49,62,58,63,0,59,74,57,77,64,62,54,71,71,76,80,61,0,0,44,58,16,0,0,0,0,0,27,7,0,0,83,84,82
l42,4=0,0,0,0,0,0,0,0,0,0,48,0,0,0,52,0,0,42,53,71,55,66,51,67,72,76,75,64,0,0,0,0,41,25,0,51,49,26,41,11,6,0,81,85,84
l43,4=0,0,0,0,0,0,0,0,0,0,0,0,36,0,1,0,39,27,34,11,52,71,55,67,57,75,72,48,0,0,0,0,60,30,0,0,0,0,0,0,0,0,78,84,81
l44,4=0,0,0,0,0,0,0,0,0,0,0,0,0,0,64,0,55,43,47,64,34,68,49,69,76,82,84,55,0,0,0,0,52,45,0,0,0,0,39,0,0,0,88,87,82

l0,5=0,92,90,94,85,81,91,56,90,87,25,75,91,82,58,0,79,67,0,27,0,0,0,0,0,0,0,0,0,0,48,0,0,0,0,0,0,0,0,0,0,0,0,0,0
l1,5=94,0,90,93,82,83,91,94,91,81,81,73,92,89,67,0,70,74,72,29,21,0,0,0,0,0,0,0,0,0,32,26,0,0,0,0,0,0,0,0,0,0,0,0,0
l2,5=94,92,0,93,83,82,91,95,91,86,45,75,92,89,69,0,53,63,62,27,0,0,0,0,6,4,0,0,0,0,0,34,0,0,0,0,0,0,0,0,0,0,0,0,0
l3,5=94,92,94,0,88,85,93,94,90,87,75,75,88,89,48,0,66,68,66,0,0,0,0,0,0,0,0,0,0,0,78,62,0,12,0,0,0,0,0,0,0,0,0,0,0
l4,5=93,92,94,94,0,86,93,94,90,80,18,75,91,89,0,0,79,76,61,75,0,0,0,0,0,0,0,0,0,0,81,33,0,0,0,0,0,0,0,0,0,0,0,0,0
l5,5=91,92,90,92,88,0,93,95,89,86,82,75,69,87,69,0,77,51,60,22,18,0,0,0,0,0,0,0,0,0,85,28,0,0,0,0,0,0,4,0,5,0,0,0,0
l6,5=89,92,90,88,83,83,0,95,88,87,76,68,92,87,68,0,82,65,76,44,0,0,0,0,8,49,7,0,0,0,39,29,0,0,0,0,0,0,0,0,0,0,0,0,0
l7,5=68,92,88,84,77,81,93,0,91,88,66,75,92,89,83,0,82,0,78,82,0,0,0,0,0,58,34,6,0,0,0,0,0,0,0,0,0,0,0,0,0,0,0,0,0
l8,5=94,92,94,75,64,68,79,97,0,89,73,75,92,92,75,0,73,59,56,75,41,0,48,66,40,51,54,32,0,0,33,0,0,0,0,0,0,0,0,0,0,0,0,2,0
l9,5=89,83,72,74,62,71,91,93,91,0,79,76,92,91,75,0,74,70,76,28,25,21,0,0,54,57,33,26,0,0,34,11,0,0,0,0,0,0,0,0,0,0,0,47,0
l10,5=47,48,19,17,39,78,49,40,52,52,0,74,92,89,95,0,87,76,75,31,51,25,39,62,59,64,41,26,0,0,39,28,0,0,0,0,0,0,0,0,0,26,52,66,0
l11,5=80,55,72,45,62,69,45,94,90,87,73,0,92,91,0,0,80,40,75,33,26,0,0,67,56,51,34,37,0,0,38,32,0,0,0,0,0,0,0,0,0,0,47,0,0
l12,5=89,92,85,16,70,36,91,93,90,87,84,76,0,92,92,0,87,79,80,43,83,17,38,38,64,55,72,34,0,0,36,25,0,0,0,0,0,0,0,0,1,0,47,67,0
l13,5=78,85,73,74,64,69,79,86,88,89,76,76,92,0,82,0,76,76,74,76,76,30,0,61,57,61,31,57,0,0,71,32,0,0,0,0,0,0,0,0,0,0,0,57,0
l14,5=25,16,11,0,20,35,20,49,51,30,78,16,87,85,0,0,82,87,87,53,83,18,51,45,61,55,40,29,0,0,50,31,0,0,0,0,0,0,0,10,19,18,56,74,22
l15,5=55,22,14,9,52,45,52,43,53,27,82,73,89,66,90,0,0,84,84,37,51,33,49,66,63,56,43,32,0,0,34,44,0,0,0,0,0,0,3,0,22,18,46,73,1
l16,5=25,20,4,1,58,22,15,0,28,15,6,17,68,71,95,0,82,0,77,56,30,0,0,40,47,58,40,5,0,0,57,52,0,0,0,0,0,0,49,24,25,27,51,37,1
l17,5=0,24,15,7,42,37,43,42,34,38,21,61,66,62,96,0,82,84,0,32,62,16,42,58,49,71,38,0,0,0,83,34,0,0,0,0,0,0,15,0,18,13,57,70,16
l18,5=13,9,4,0,34,13,23,54,62,14,51,37,35,49,69,0,65,85,60,0,83,69,56,71,72,73,69,64,0,0,60,62,28,6,0,3,3,4,59,20,52,0,36,78,71
l19,5=0,25,0,0,0,29,0,0,34,23,21,52,61,66,90,0,82,85,80,88,0,29,25,67,74,68,35,40,0,0,45,45,0,31,0,0,0,0,51,19,0,39,53,79,21
l20,5=0,0,0,0,0,0,0,0,0,7,25,0,15,18,29,0,53,1,19,62,37,0,79,83,77,71,73,80,0,0,0,0,47,40,0,23,48,35,57,24,9,23,39,72,29
l21,5=0,0,0,0,0,0,0,0,22,0,19,0,16,0,39,0,36,0,21,63,5,84,0,62,63,72,66,77,0,0,0,0,0,0,0,16,0,0,0,0,0,0,36,19,36
l22,5=0,0,0,0,0,0,0,0,49,0,33,39,14,23,31,0,52,46,47,68,48,82,48,0,79,79,79,79,0,0,17,0,20,58,0,44,59,59,29,31,43,24,71,82,13
l23,5=0,0,0,0,0,0,0,0,5,9,23,25,36,26,52,0,53,54,40,77,68,77,40,84,0,82,80,69,0,0,18,12,21,0,0,26,14,21,0,55,13,41,70,79,73
l24,5=0,0,0,0,0,0,18,43,27,21,52,24,25,31,42,0,49,43,63,72,68,71,65,85,81,0,74,66,0,0,12,31,12,14,0,10,14,0,0,52,19,0,64,82,73
l25,5=0,0,0,0,0,0,0,12,24,11,32,24,42,22,44,0,60,48,53,69,31,75,56,85,81,71,0,66,0,0,19,5,51,45,0,16,15,30,34,6,24,26,63,83,53
l26,5=0,0,0,0,0,0,0,7,17,4,27,30,24,26,37,0,43,17,0,67,58,84,70,85,74,68,67,0,0,0,5,2,44,60,0,22,48,0,52,30,33,17,71,72,57
l27,5=41,5,0,2,67,48,15,0,22,3,8,25,78,75,81,0,46,87,70,27,27,0,0,20,29,19,19,0,0,0,0,88,46,25,0,0,3,44,49,34,54,62,0,1,0
l28,5=0,13,13,2,32,15,10,0,0,0,5,23,47,40,68,0,54,87,48,51,54,0,0,0,25,60,14,2,0,0,92,0,46,26,0,1,5,39,43,90,90,89,15,27,0
l29,5=0,0,0,0,0,0,0,0,0,0,0,0,0,0,0,0,0,0,0,30,0,72,0,29,37,28,73,61,0,0,14,39,0,95,0,84,100,99,89,95,81,92,33,1,5
l30,5=0,0,0,0,0,0,0,0,0,0,0,0,0,0,0,0,0,0,0,6,4,25,0,71,0,24,65,75,0,0,33,47,86,0,0,84,100,97,89,95,94,95,51,22,1
l31,5=0,0,0,0,0,0,0,0,0,0,0,0,0,0,0,0,0,18,0,54,0,37,29,67,60,51,49,51,0,0,51,51,86,95,0,0,100,100,89,95,94,95,24,13,3
l32,5=0,0,0,0,0,0,0,0,0,0,0,0,0,0,0,0,0,0,0,20,0,54,0,64,23,27,44,61,0,0,16,45,86,95,0,84,0,100,88,95,93,93,19,1,0
l33,5=0,0,0,0,0,0,0,0,0,0,0,0,0,0,0,0,0,0,0,0,0,55,0,46,14,0,62,0,0,0,36,41,86,95,0,84,100,0,89,86,94,72,0,0,0
l34,5=0,0,0,0,0,1,0,0,0,0,0,0,0,0,0,0,14,58,9,61,13,44,0,16,0,0,42,44,0,0,42,49,86,95,0,76,82,89,0,95,94,95,0,23,0
l35,5=0,0,0,0,0,0,0,0,0,0,0,0,0,0,31,0,0,50,0,19,21,17,0,30,42,74,17,15,0,0,62,85,86,91,0,77,59,56,89,0,94,95,27,0,0
l36,5=0,0,0,0,0,22,0,0,0,0,0,0,11,0,71,0,46,54,39,42,0,7,0,37,33,66,26,20,0,0,94,87,80,95,0,53,33,55,87,95,0,95,0,0,0
l37,5=0,0,0,0,0,0,0,0,0,0,4,0,2,0,46,0,34,44,34,0,25,21,0,32,37,0,26,16,0,0,94,87,86,95,0,84,33,44,89,95,94,0,0,0,0
l38,5=0,0,0,0,0,0,0,0,0,0,22,10,16,0,44,0,21,35,52,14,33,33,25,61,65,49,58,59,0,0,0,0,16,26,0,0,0,0,0,4,0,0,0,47,83
l39,5=0,0,0,0,0,0,0,0,0,0,11,0,21,15,58,0,61,41,58,69,62,62,0,70,64,64,67,63,0,0,0,9,0,11,0,0,0,0,19,0,0,0,67,0,80
l40,5=0,0,0,0,0,0,0,0,0,0,0,0,0,0,48,0,20,17,23,63,20,18,22,25,66,54,55,43,0,0,0,0,0,10,0,0,0,0,0,0,0,0,77,86,0
l41,5=0,0,0,0,0,0,0,0,0,9,0,20,36,19,61,0,60,61,58,70,52,18,26,70,70,62,66,29,0,0,23,10,0,0,0,0,0,0,23,11,12,0,73,84,72
l42,5=0,0,0,0,0,0,0,0,0,0,3,0,0,0,27,0,0,26,27,68,39,34,0,73,66,67,64,63,0,0,0,0,0,20,0,0,22,0,21,0,17,0,73,82,78
l43,5=0,0,0,0,0,0,0,0,0,0,14,0,2,0,0,0,0,0,17,37,31,49,21,64,44,45,63,64,0,0,0,0,19,0,0,12,0,0,20,0,0,0,72,80,68
l44,5=0,0,0,0,0,0,0,0,0,0,0,1,12,0,36,0,30,14,19,68,29,65,23,71,66,66,67,62,0,0,0,0,7,23,0,0,15,0,1,0,0,0,72,80,78

l0,6=0,89,83,88,91,87,73,83,83,84,74,79,61,77,0,0,65,22,43,1,0,0,0,0,0,0,0,0,0,0,66,28,0,0,0,0,0,0,0,0,0,0,0,0,0
l1,6=91,0,84,87,91,89,74,85,85,79,79,69,65,73,0,0,51,39,57,52,45,0,0,0,0,0,0,0,0,0,61,0,0,0,0,0,0,0,0,0,0,0,0,0,0
l2,6=89,89,0,87,87,87,74,85,86,80,70,77,65,77,45,0,33,30,56,50,0,0,0,0,0,34,0,0,0,0,67,0,0,0,0,0,0,0,0,0,0,0,0,0,0
l3,6=91,89,85,0,91,89,73,72,75,83,70,76,54,77,38,0,51,19,42,1,0,0,0,0,0,0,0,0,0,0,0,54,0,0,0,0,0,0,0,0,11,0,0,0,0
l4,6=91,87,84,88,0,89,74,85,83,85,61,79,63,70,45,0,61,20,49,50,0,0,0,0,0,0,0,0,0,0,61,68,0,0,0,0,0,0,0,0,0,0,0,0,0
l5,6=86,89,84,88,91,0,74,82,85,84,84,79,55,68,50,0,40,20,46,37,0,0,0,0,0,0,0,0,0,0,63,51,0,2,0,0,0,0,26,19,0,0,0,0,0
l6,6=88,89,85,82,91,89,0,85,73,88,81,69,65,65,59,0,64,20,53,0,48,0,0,0,5,36,25,0,0,0,55,35,0,0,0,0,0,0,0,0,0,0,0,0,0
l7,6=80,89,84,68,90,82,74,0,86,88,74,80,47,77,67,0,64,41,55,58,6,0,0,0,0,53,48,0,0,0,0,0,0,0,0,0,0,0,0,0,0,0,0,0,0
l8,6=86,84,85,68,77,82,59,85,0,88,69,79,66,75,65,0,64,10,39,54,0,33,37,41,36,50,54,31,0,0,0,0,0,0,0,0,0,0,0,0,0,0,0,0,0
l9,6=86,80,78,80,76,82,74,85,86,0,80,79,66,78,72,0,68,22,62,42,47,0,27,0,42,40,29,14,0,0,35,0,0,0,0,0,0,0,0,0,0,0,11,0,0
l10,6=52,70,34,29,27,77,67,55,60,76,0,78,66,73,80,0,74,28,56,49,55,41,32,51,55,41,35,12,0,0,0,46,0,0,0,0,0,0,0,0,0,8,25,34,0
l11,6=81,59,69,67,62,77,62,80,79,82,76,0,67,74,66,0,66,42,63,55,36,45,1,57,54,47,33,29,0,0,47,34,0,0,0,0,0,0,0,0,0,0,0,34,0
l12,6=66,79,81,32,70,65,71,72,84,84,85,80,0,78,74,0,69,44,64,58,51,0,0,40,54,38,56,15,0,0,36,31,0,0,0,0,0,0,0,0,1,0,26,34,0
l13,6=84,74,82,78,67,76,64,84,86,88,82,80,67,0,73,0,68,42,62,58,45,26,0,48,49,49,27,24,0,0,47,37,0,0,0,0,0,0,0,0,0,0,0,28,0
l14,6=0,0,10,5,16,48,43,55,63,74,80,72,62,71,0,0,69,66,78,66,66,33,43,40,55,23,16,16,0,0,76,43,0,25,0,0,0,0,22,0,23,0,32,58,60
l15,6=44,33,19,14,18,52,52,53,60,60,85,70,54,60,58,0,0,21,71,56,56,54,44,62,55,4,33,27,0,0,43,47,0,0,0,0,0,0,2,12,24,3,4,38,0
l16,6=25,45,13,14,15,34,21,19,14,18,66,60,36,30,67,0,36,0,70,66,67,11,0,40,57,21,34,17,0,0,82,75,8,0,0,19,0,0,24,17,58,6,7,34,57
l17,6=24,46,32,7,22,48,44,37,31,59,64,70,54,59,84,0,72,53,0,59,60,43,38,56,52,46,31,34,0,0,67,49,0,13,0,0,0,0,0,0,18,0,30,57,56
l18,6=0,34,12,0,21,16,0,51,52,18,50,54,44,52,67,0,63,49,60,0,66,56,41,53,61,65,59,64,0,0,43,46,24,15,0,19,0,0,39,30,30,4,48,57,59
l19,6=0,39,0,0,0,0,38,21,0,51,71,45,41,48,73,0,65,66,73,72,0,43,43,53,67,65,28,59,0,0,46,69,0,43,0,0,0,0,40,32,20,21,26,55,57
l20,6=0,0,0,0,0,0,0,0,24,0,32,21,0,17,31,0,60,6,30,60,34,0,74,78,68,67,64,77,0,0,0,0,62,24,0,30,30,7,45,12,12,20,46,21,31
l21,6=0,0,0,0,0,0,0,0,33,22,26,13,0,0,55,0,55,0,22,55,28,72,0,69,62,61,49,73,0,0,0,0,16,22,0,0,0,0,16,0,0,0,20,29,40
l22,6=0,0,0,0,0,0,0,0,26,0,27,19,13,23,26,0,35,11,24,46,23,69,35,0,72,71,75,81,0,0,0,11,22,59,0,27,51,28,32,12,17,19,67,27,60
l23,6=0,0,0,0,0,0,0,0,20,22,37,25,22,25,48,0,44,31,25,58,62,64,31,82,0,73,75,73,0,0,17,19,26,25,0,33,0,0,16,12,18,23,67,65,27
l24,6=0,0,14,0,0,0,20,42,38,26,47,21,20,33,24,0,7,11,57,59,55,59,54,81,74,0,75,71,0,0,15,18,0,23,0,27,7,0,8,12,5,17,57,60,62
l25,6=0,0,0,0,0,0,13,19,30,24,40,17,21,23,23,0,50,22,34,60,20,60,24,87,74,76,0,66,0,0,0,0,44,25,0,24,14,23,18,14,17,18,31,71,53
l26,6=0,0,0,0,0,0,0,0,25,10,16,39,12,25,36,0,55,8,33,63,51,71,69,81,68,67,64,0,0,0,5,0,40,55,0,19,48,33,46,11,33,14,67,52,57
l27,6=28,44,12,0,13,41,26,0,0,16,0,51,12,28,65,0,5,41,69,48,34,0,0,0,46,17,0,0,0,0,0,78,33,38,0,22,27,16,52,73,74,48,0,0,0
l28,6=11,0,0,26,37,46,20,9,0,0,57,45,21,29,28,0,31,70,53,48,60,0,0,15,39,21,0,0,0,0,87,0,36,38,0,30,31,26,26,42,75,73,22,19,0
l29,6=0,0,0,0,0,0,0,0,0,0,0,0,0,0,0,0,0,7,0,38,0,52,10,55,52,0,52,27,0,0,47,56,0,75,0,71,74,83,63,85,55,60,0,10,5
l30,6=0,0,0,0,0,0,0,0,0,0,0,0,0,0,14,0,0,0,15,30,16,21,25,63,48,21,39,50,0,0,48,58,77,0,0,71,74,76,63,69,88,86,18,20,0
l31,6=0,0,0,0,0,0,0,0,0,0,0,0,0,0,0,0,0,25,0,35,0,50,0,57,61,49,44,32,0,0,40,48,77,73,0,0,74,86,62,78,85,83,34,14,0
l32,6=0,0,0,0,0,0,0,0,0,0,0,0,0,0,0,0,0,0,0,0,0,32,0,65,0,24,27,59,0,0,45,44,77,73,0,71,0,82,61,77,78,41,39,0,0
l33,6=0,0,0,0,0,0,0,0,0,0,0,0,0,0,0,0,0,0,0,0,0,3,0,59,0,0,38,42,0,0,44,39,77,74,0,71,73,0,60,49,74,77,0,0,0
l34,6=0,0,0,0,0,20,0,0,0,0,0,0,0,0,19,0,0,17,0,49,38,42,26,52,49,0,35,58,0,0,53,42,77,75,0,71,61,48,0,85,88,86,26,23,0
l35,6=0,0,0,0,0,17,0,0,0,0,0,0,0,0,0,0,21,12,0,57,35,31,0,35,45,27,25,23,0,0,81,58,77,48,0,64,67,28,63,0,88,86,19,19,0
l36,6=0,0,0,0,0,0,0,0,0,0,0,0,7,0,24,0,29,68,37,59,9,22,0,37,45,1,22,21,0,0,88,65,46,75,0,71,71,58,63,85,0,86,0,1,0
l37,6=0,0,0,0,0,0,0,0,0,0,40,0,3,0,0,0,23,22,0,32,27,30,0,36,50,29,23,21,0,0,76,77,73,75,0,65,65,74,63,85,88,0,0,6,0
l38,6=0,0,0,0,0,0,0,0,0,0,20,0,12,0,46,0,5,17,19,30,14,24,0,62,60,50,37,62,0,0,0,12,0,11,0,0,6,0,14,0,0,0,0,66,68
l39,6=0,0,0,0,0,0,0,0,0,0,24,14,14,8,49,0,32,23,40,51,43,20,15,36,60,55,65,52,0,0,0,11,7,15,0,0,0,0,13,12,1,0,69,0,72
l40,6=0,0,0,0,0,0,0,0,0,0,0,0,0,0,47,0,0,20,19,46,32,28,18,57,27,59,48,39,0,0,0,0,0,0,0,0,0,0,0,0,0,0,71,75,0
l41,6=0,0,0,0,0,0,0,0,0,0,10,0,29,23,64,0,34,25,47,58,59,39,19,64,70,64,61,49,0,0,17,18,0,0,0,0,0,0,14,0,13,4,66,74,65
l42,6=0,0,0,0,0,0,0,0,0,0,0,0,0,0,22,0,0,11,19,38,21,26,18,50,44,63,63,67,0,0,0,0,19,0,0,22,17,8,17,0,14,0,68,69,58
l43,6=0,0,0,0,0,0,0,0,0,0,0,0,0,0,16,0,0,0,18,31,16,26,25,67,20,60,58,68,0,0,0,0,17,0,0,20,10,0,13,0,0,0,67,67,67
l44,6=0,0,0,0,0,0,0,0,0,0,0,0,5,0,23,0,22,11,17,23,18,27,23,49,68,65,50,56,0,0,0,0,0,0,0,0,0,0,0,0,0,0,66,66,68

l0,7=0,95,82,90,94,91,89,89,85,74,47,85,87,87,8,0,65,57,0,0,0,0,0,0,0,0,0,0,0,0,42,9,0,0,0,0,0,0,0,0,28,0,0,0,0
l1,7=91,0,87,90,94,91,91,37,87,77,64,82,87,87,12,0,64,12,74,51,0,0,0,0,0,0,0,0,0,0,50,34,0,0,0,0,0,0,0,0,0,0,0,0,0
l2,7=91,95,0,90,94,91,91,95,87,44,40,86,87,87,28,0,15,78,67,41,52,10,0,0,0,0,0,2,0,0,56,0,0,0,0,0,0,0,0,0,0,0,0,0,0
l3,7=91,95,87,0,94,91,90,90,82,77,7,34,87,86,9,0,28,14,32,0,0,0,0,0,0,0,0,0,0,0,69,70,0,0,0,0,0,0,0,0,0,0,0,0,0
l4,7=91,94,82,90,0,91,89,91,82,72,14,82,53,81,0,0,33,0,0,19,0,0,0,0,0,0,0,0,0,0,70,7,0,0,0,0,0,0,0,0,0,0,0,0,0
l5,7=91,95,87,90,94,0,91,90,87,72,76,86,87,86,6,0,64,21,31,15,46,0,0,0,0,0,0,0,0,0,44,12,0,0,0,0,0,0,0,0,0,0,0,0,0
l6,7=91,95,87,90,94,91,0,95,87,78,76,86,87,79,60,0,0,73,70,54,9,0,0,0,0,47,2,0,0,0,40,23,0,0,0,0,0,0,0,0,0,0,0,0,0
l7,7=84,83,84,79,92,80,90,0,88,80,77,88,75,88,65,0,62,72,0,63,67,25,4,0,49,68,44,52,0,0,0,0,0,0,0,0,0,0,0,0,0,0,0,0,0
l8,7=85,93,82,73,82,82,88,95,0,78,70,84,84,84,60,0,60,0,64,59,60,47,54,53,41,45,53,3,0,0,1,16,0,0,0,0,0,0,0,0,0,0,0,0,0
l9,7=87,93,77,84,91,80,92,95,88,0,71,88,91,89,67,0,56,0,74,58,68,23,0,15,0,55,48,0,0,0,17,15,0,0,0,0,0,0,0,0,0,0,0,22,0
l10,7=23,78,54,1,21,47,88,86,46,43,0,80,88,85,78,0,68,77,77,56,80,20,18,24,50,66,58,0,0,0,32,31,0,0,0,0,0,0,0,0,25,0,8,26,0
l11,7=54,84,81,35,75,82,86,91,85,76,80,0,91,85,70,0,66,62,74,66,0,15,0,20,46,8,42,50,0,0,0,13,0,0,0,0,0,0,0,0,0,0,0,29,30
l12,7=81,93,74,61,51,70,82,84,85,78,85,88,0,89,71,0,68,0,75,62,64,5,16,15,54,65,63,37,0,0,38,17,0,0,0,0,0,0,0,0,2,0,16,0,0
l13,7=84,93,82,76,82,80,79,92,85,78,80,88,91,0,75,0,43,35,74,62,68,0,20,33,48,63,0,12,0,0,2,18,0,0,0,0,0,0,0,0,0,0,0,0,0
l14,7=0,41,29,7,0,15,56,80,35,33,63,46,54,80,0,0,74,88,82,78,79,29,0,24,51,66,69,55,0,0,58,39,0,1,0,0,0,0,0,33,26,0,19,26,47
l15,7=22,38,0,20,15,20,0,79,46,22,84,43,54,28,81,0,0,64,73,62,74,26,16,17,47,45,47,44,0,0,18,19,0,4,0,0,0,0,0,45,21,0,1,0,35
l16,7=0,7,23,7,0,0,56,37,0,0,37,18,0,17,81,0,63,0,82,78,92,13,0,10,44,52,58,24,0,0,75,94,0,9,0,0,0,1,5,62,86,0,10,26,46
l17,7=0,56,53,26,0,16,56,0,30,29,60,78,55,76,83,0,68,83,0,67,84,25,0,25,59,75,64,60,0,0,57,21,0,0,0,0,0,0,1,0,0,0,0,27,45
l18,7=0,30,13,0,11,0,44,58,30,20,16,60,30,50,69,0,58,74,59,0,77,60,34,10,63,73,64,71,0,0,40,29,29,0,0,0,0,0,38,51,54,3,7,67,50
l19,7=0,0,21,0,0,14,0,63,29,33,55,0,23,56,76,0,70,88,77,78,0,29,15,32,82,80,57,64,0,0,31,16,0,30,0,0,0,3,18,47,46,0,20,36,56
l20,7=0,0,2,0,0,0,0,29,38,10,11,15,6,0,49,0,53,24,41,67,41,0,75,77,75,78,61,75,0,0,0,0,38,36,0,32,33,1,67,27,0,0,61,64,56
l21,7=0,0,0,0,0,0,0,30,57,0,27,0,50,33,0,0,57,0,24,64,45,81,0,71,74,72,38,73,0,0,0,0,10,23,0,0,5,0,37,1,0,0,63,60,51
l22,7=0,0,0,0,0,0,3,0,15,7,39,31,8,18,42,0,29,31,55,21,67,72,60,0,79,78,73,75,0,0,2,0,43,63,0,10,66,53,68,31,32,50,69,65,62
l23,7=0,0,0,0,0,0,0,30,15,0,25,32,39,15,46,0,56,31,60,64,63,70,59,84,0,87,83,72,0,0,0,2,37,36,0,45,15,0,22,29,38,17,66,65,57
l24,7=0,0,0,0,0,0,29,62,15,10,28,12,55,24,57,0,34,49,65,64,63,70,36,77,82,0,83,74,0,0,10,8,0,20,0,21,11,0,11,41,36,10,66,64,47
l25,7=0,0,0,0,0,0,1,32,20,13,38,32,56,0,57,0,56,50,63,67,30,60,11,84,82,87,0,68,0,0,0,12,62,47,0,28,36,23,47,30,38,11,66,77,60
l26,7=0,0,1,0,0,0,0,29,13,0,0,36,15,14,29,0,25,20,48,67,33,72,69,78,75,79,70,0,0,0,7,0,49,29,0,0,63,21,68,33,22,4,66,44,63
l27,7=0,39,29,28,24,1,42,0,0,9,15,0,24,0,77,0,27,88,79,70,65,0,0,1,2,18,0,1,0,0,0,94,31,46,0,23,16,1,26,86,87,30,0,5,21
l28,7=0,35,0,25,14,0,15,0,15,20,17,16,16,40,72,0,32,88,41,67,40,0,0,0,16,6,18,0,0,0,93,0,35,72,0,21,17,7,21,87,45,7,4,5,0
l29,7=0,0,0,0,0,0,0,0,0,0,0,0,0,0,0,0,0,0,0,54,0,21,1,52,57,0,52,39,0,0,21,36,0,78,0,80,82,88,81,92,78,79,3,20,0
l30,7=0,0,0,0,0,0,0,0,0,0,0,0,0,0,0,0,0,2,0,0,16,12,4,66,57,31,27,30,0,0,42,38,82,0,0,80,82,85,81,57,88,87,0,1,14
l31,7=0,0,0,0,0,0,0,0,0,0,0,0,0,0,0,0,0,0,0,0,0,33,0,21,64,65,60,0,0,0,40,32,82,73,0,0,82,90,78,59,87,78,0,8,0
l32,7=0,0,0,0,0,0,0,0,0,0,0,0,0,0,0,0,0,0,0,0,0,23,0,73,59,49,34,45,0,0,39,62,82,76,0,80,0,90,78,82,71,68,2,0,0
l33,7=0,0,0,0,0,0,0,0,0,0,0,0,0,0,0,0,0,0,0,0,0,0,0,67,0,0,30,29,0,0,22,35,81,78,0,80,82,0,81,81,82,79,15,0,0
l34,7=0,0,0,0,0,0,0,0,0,0,0,0,0,0,0,0,0,5,3,59,48,53,9,70,58,32,43,64,0,0,69,23,82,78,0,80,80,83,0,92,88,88,7,8,0
l35,7=0,0,0,0,0,0,0,0,0,0,0,0,0,0,7,0,14,29,0,65,39,11,0,17,22,40,37,61,0,0,35,76,82,75,0,26,82,61,81,0,88,88,1,2,0
l36,7=0,0,0,0,0,0,0,0,0,0,0,0,2,0,21,0,16,36,0,64,35,0,0,20,63,36,33,4,0,0,80,67,59,78,0,49,30,49,81,92,0,88,4,0,0
l37,7=0,0,0,0,0,0,0,0,0,0,0,0,0,0,0,0,0,12,0,55,4,0,0,23,60,38,30,18,0,0,50,64,75,78,0,26,29,48,81,92,88,0,4,3,0
l38,7=0,0,0,0,0,0,0,0,0,0,0,0,4,0,35,0,8,29,0,18,19,27,13,64,67,60,63,52,0,0,4,0,0,0,0,0,0,2,9,0,0,3,0,69,67
l39,7=0,0,0,0,0,0,0,0,0,1,12,17,0,0,25,0,0,34,50,56,40,48,7,54,69,58,83,22,0,0,5,5,15,0,0,3,0,0,10,1,0,0,75,0,68
l40,7=0,0,0,0,0,0,0,0,0,0,0,8,0,0,16,0,20,21,23,41,35,46,15,51,58,41,56,54,0,0,0,0,0,2,0,0,0,0,0,0,0,0,74,68,0
l41,7=0,0,0,0,0,0,0,26,12,0,12,10,51,14,59,0,49,41,67,56,69,22,5,52,76,76,68,32,0,0,6,19,24,0,0,0,0,0,10,12,0,11,67,78,65
l42,7=0,0,0,0,0,0,0,0,0,0,0,0,0,0,46,0,20,0,0,54,0,60,28,57,71,81,73,67,0,0,0,0,31,15,0,0,0,7,13,0,0,0,69,71,52
l43,7=0,0,0,0,0,0,0,0,0,0,0,0,0,0,14,0,16,0,33,57,22,30,21,69,43,77,70,57,0,0,0,0,28,5,0,20,15,0,21,0,0,0,69,69,64
l44,7=0,0,0,0,0,0,0,0,0,0,0,0,9,0,17,0,18,21,27,24,23,25,22,63,76,73,42,39,0,0,0,0,2,13,0,0,0,0,13,0,0,9,69,70,66

l0,8=0,94,97,97,99,97,98,95,95,95,90,82,97,95,90,0,96,54,47,0,0,0,0,0,0,0,0,0,0,0,0,0,0,0,0,0,0,0,0,0,0,0,0,0,0
l1,8=97,0,98,97,99,97,98,98,97,99,81,60,97,97,82,0,89,28,52,57,0,0,0,0,7,0,0,0,0,0,52,0,0,0,0,0,0,0,0,0,0,0,0,0,0
l2,8=97,95,0,97,99,97,98,99,97,96,80,99,97,97,90,0,87,55,54,0,70,0,0,0,0,0,0,0,0,0,48,0,0,0,0,0,0,0,0,0,0,0,0,36,0
l3,8=97,95,98,0,99,97,98,96,95,92,86,82,98,95,0,0,85,55,51,0,0,0,0,0,0,0,0,0,0,0,41,29,0,0,0,0,0,0,0,0,0,0,0,0,0
l4,8=96,94,98,97,0,97,98,65,95,95,90,82,86,95,53,0,93,57,48,42,0,0,0,0,0,0,0,0,0,0,0,1,0,0,0,0,0,0,0,0,0,0,0,0,0
l5,8=97,95,98,97,99,0,98,97,58,97,90,99,98,97,79,0,96,56,47,59,78,0,0,0,0,0,0,0,0,0,42,63,0,0,0,0,0,0,0,0,0,0,0,0,0
l6,8=97,95,98,97,99,97,0,99,97,99,94,99,98,95,90,0,96,58,56,0,94,0,0,30,0,83,0,2,0,0,49,61,0,0,0,0,0,0,0,0,0,0,0,0,0
l7,8=93,92,98,97,52,97,98,0,97,99,100,99,98,97,94,0,98,55,57,92,90,76,0,55,82,89,85,0,0,0,0,0,0,0,0,0,0,0,0,0,0,0,0,0,0
l8,8=92,95,98,94,96,28,92,99,0,99,94,99,98,97,86,0,93,0,90,89,92,90,36,76,79,0,67,88,0,0,0,1,0,0,0,0,0,0,0,0,0,0,0,41,0
l9,8=56,95,91,93,97,92,98,99,97,0,99,99,98,97,93,0,98,41,56,65,93,86,0,83,77,88,86,0,0,0,15,57,0,0,0,0,0,0,0,0,0,0,0,49,0
l10,8=55,54,89,92,58,55,78,95,58,96,0,94,98,97,97,0,98,16,95,65,93,86,84,89,83,86,87,0,0,0,30,66,0,0,0,0,0,0,0,0,0,0,0,48,0
l11,8=92,54,93,93,90,92,92,99,97,98,94,0,98,97,94,0,93,49,94,65,4,40,0,84,87,79,86,55,0,0,43,0,0,0,0,0,0,0,0,0,0,0,0,40,24
l12,8=78,56,91,94,54,55,78,96,97,99,100,99,0,97,94,0,98,61,96,65,94,0,86,0,87,89,87,48,0,0,43,60,0,0,0,0,0,0,0,0,0,0,50,0,0
l13,8=93,92,98,94,96,97,92,99,97,99,100,99,98,0,94,0,93,59,94,66,94,91,87,90,87,89,0,55,0,0,0,62,0,0,0,0,0,0,0,0,51,0,0,0,0
l14,8=18,16,81,0,13,21,73,93,32,94,100,99,98,91,0,0,98,64,97,98,100,86,68,87,87,91,86,31,0,0,50,68,0,0,0,0,0,0,0,17,13,48,22,43,31
l15,8=58,32,60,78,36,59,82,98,61,99,100,99,98,96,97,0,0,64,61,66,99,95,0,87,90,92,89,57,0,0,17,71,0,15,0,0,0,0,1,20,69,0,1,39,19
l16,8=15,0,62,69,19,40,29,76,0,0,13,42,96,70,96,0,97,0,59,74,100,50,0,0,90,92,92,0,0,0,96,73,0,0,0,0,49,15,22,75,98,78,41,28,39
l17,8=14,15,61,51,15,23,34,88,50,48,100,98,98,94,97,0,98,64,0,69,100,87,90,84,87,93,86,53,0,0,49,50,0,0,0,0,0,0,0,22,61,41,16,45,36
l18,8=0,30,0,0,27,19,0,85,50,47,72,70,84,75,97,0,69,100,88,0,95,91,78,91,91,92,94,94,0,0,69,52,27,0,0,0,0,0,42,38,59,72,69,47,56
l19,8=0,0,44,0,0,31,70,86,55,96,99,29,96,85,96,0,96,100,97,98,0,86,16,91,91,92,95,93,0,0,86,39,0,41,0,0,0,0,22,47,96,60,56,87,65
l20,8=0,0,0,0,0,0,0,35,51,31,59,20,6,64,68,0,59,34,68,82,60,0,98,94,82,87,51,95,0,0,0,0,57,62,0,30,20,0,68,22,26,43,61,58,62
l21,8=0,0,0,0,0,0,0,0,41,0,58,0,63,60,58,0,2,0,65,90,12,96,0,89,86,90,42,93,0,0,0,0,0,43,0,0,65,0,59,0,0,0,59,74,57
l22,8=0,0,0,0,0,0,6,23,23,18,58,29,0,41,60,0,33,0,28,88,73,94,74,0,91,91,95,94,0,0,0,0,55,76,0,49,67,59,82,28,26,49,81,79,69
l23,8=0,0,0,0,0,0,0,43,14,6,59,58,54,49,67,0,62,66,69,91,71,80,69,92,0,93,97,93,0,0,20,0,42,69,0,62,59,17,66,30,60,19,76,87,80
l24,8=0,0,0,0,0,0,32,61,0,48,58,39,67,58,78,0,61,70,80,90,71,91,68,90,91,0,96,90,0,0,32,11,59,29,0,21,46,29,64,27,64,0,88,83,63
l25,8=0,0,0,0,0,0,0,53,16,46,67,60,67,0,68,0,57,64,68,89,71,70,25,92,91,93,0,67,0,0,0,17,63,69,0,37,77,56,34,21,44,47,87,88,77
l26,8=0,0,0,0,0,0,4,16,25,0,0,41,22,29,25,0,52,0,63,88,62,93,85,92,85,91,68,0,0,0,0,0,56,29,0,59,85,25,82,21,0,20,69,58,76
l27,8=0,23,69,79,0,24,46,0,0,0,50,35,72,0,71,0,73,93,59,69,63,0,0,0,84,57,0,0,0,0,0,98,0,63,0,49,95,34,62,78,100,98,0,1,2
l28,8=0,0,0,71,20,45,61,0,9,7,98,11,78,60,59,0,98,100,56,50,35,0,0,0,11,15,41,0,0,0,96,0,57,60,0,31,96,42,26,55,100,96,23,15,0
l29,8=0,0,0,0,0,0,0,0,0,0,0,0,0,0,0,0,0,0,0,57,0,84,0,84,82,67,85,86,0,0,0,80,0,100,0,96,98,100,100,99,95,92,42,0,0
l30,8=0,0,0,0,0,0,0,0,0,0,0,0,0,0,0,0,33,0,0,0,47,79,31,93,88,58,90,42,0,0,93,84,95,0,0,96,98,100,100,99,100,98,1,6,0
l31,8=0,0,0,0,0,0,0,0,0,0,0,0,0,0,0,0,0,0,0,18,0,64,0,86,82,32,47,89,0,0,82,35,95,100,0,0,98,100,100,91,100,97,0,10,0
l32,8=0,0,0,0,0,0,0,0,0,0,0,0,0,0,0,0,0,34,0,0,0,0,56,62,76,76,67,90,0,0,61,83,95,100,0,96,0,100,100,86,90,93,35,0,0
l33,8=0,0,0,0,0,0,0,0,0,0,0,0,0,0,0,0,0,26,0,0,0,0,0,65,81,55,63,65,0,0,65,48,95,100,0,96,98,0,100,99,100,73,0,0,0
l34,8=0,0,0,0,0,0,0,0,0,0,0,0,0,0,0,0,73,52,0,47,52,86,80,92,88,66,62,93,0,0,91,90,95,100,0,96,98,99,0,99,100,98,40,12,1
l35,8=0,0,0,0,0,0,0,0,0,0,0,0,0,0,20,0,82,88,37,47,54,62,0,84,82,60,60,51,0,0,62,66,95,100,0,53,95,100,100,0,100,98,0,0,0
l36,8=0,0,0,0,0,0,0,0,0,0,0,0,0,24,2,0,82,100,47,46,57,36,0,55,87,62,45,0,0,0,64,66,79,100,0,55,97,84,100,99,0,98,28,0,0
l37,8=0,0,0,0,0,0,0,0,0,0,0,0,0,0,43,0,0,57,43,49,51,78,0,89,61,0,62,10,0,0,83,54,79,99,0,54,97,42,100,99,100,0,15,0,0
l38,8=0,0,0,0,0,0,0,0,0,0,0,0,39,0,46,0,0,46,11,62,44,49,43,57,67,55,52,53,0,0,0,3,33,1,0,0,21,0,20,0,11,0,0,87,86
l39,8=0,0,0,0,0,0,0,0,0,20,54,15,0,0,54,0,36,33,57,74,69,41,49,80,90,83,95,44,0,0,9,16,0,5,0,5,0,0,13,0,0,0,88,0,86
l40,8=0,0,0,0,0,0,0,0,0,0,0,2,0,0,29,0,22,38,34,62,54,49,28,61,84,50,79,74,0,0,0,0,0,0,0,0,0,0,0,0,0,0,88,84,0
l41,8=0,0,0,0,0,0,0,20,26,9,0,52,54,30,72,0,64,27,87,80,78,52,41,69,90,92,95,17,0,0,11,61,11,0,0,0,0,0,11,0,0,20,88,87,82
l42,8=0,0,0,0,0,0,0,0,0,0,0,0,0,0,59,0,5,6,42,68,45,65,63,70,80,91,86,72,0,0,0,0,26,27,0,0,0,0,0,0,0,3,89,89,66
l43,8=0,0,0,0,0,0,0,0,0,0,0,0,0,0,26,0,0,0,15,70,45,54,28,69,66,62,65,57,0,0,0,0,22,2,0,0,0,0,4,0,0,0,81,73,72
l44,8=0,0,0,0,0,0,0,0,0,0,0,0,1,0,42,0,21,10,40,65,26,43,31,64,85,58,51,42,0,0,0,0,0,23,0,3,0,0,0,0,0,0,87,80,65

l0,9=0,100,100,100,100,100,100,69,99,91,86,97,94,98,47,0,85,55,0,0,0,0,0,0,11,0,0,0,0,0,71,84,0,0,0,0,0,0,0,0,0,0,0,0,0
l1,9=99,0,100,100,100,100,100,82,100,98,58,62,75,36,55,0,0,93,0,86,0,0,0,0,0,73,0,0,0,0,97,37,0,0,0,0,0,0,0,0,26,0,0,0,0
l2,9=99,100,0,100,100,100,100,97,100,99,58,100,96,100,73,0,89,0,96,84,0,0,0,0,6,0,0,0,0,0,98,0,0,0,0,0,0,0,0,0,0,0,0,0,0
l3,9=99,100,100,0,100,100,100,94,99,71,57,0,96,61,41,0,53,0,77,87,0,0,0,0,0,0,0,0,0,0,90,88,0,0,0,0,0,0,0,0,0,0,0,0,0
l4,9=99,100,100,100,0,100,100,86,100,70,62,100,83,99,53,0,97,80,10,88,0,0,0,0,0,0,0,0,0,0,89,86,0,0,0,0,0,0,0,0,0,0,0,0,0
l5,9=99,100,100,100,100,0,100,86,100,97,59,100,96,99,57,0,96,93,36,32,67,0,0,0,0,43,0,0,0,0,95,92,0,0,0,0,0,0,0,0,62,0,0,0,0
l6,9=99,100,100,100,100,100,0,99,100,99,97,100,96,99,87,0,89,97,92,0,95,12,0,0,0,0,0,0,0,0,64,91,0,0,0,0,0,0,0,0,0,0,0,0,0
l7,9=99,100,100,100,100,100,100,0,100,99,97,100,96,100,80,0,100,90,0,99,100,99,0,0,64,99,77,90,0,0,0,0,0,0,0,0,0,0,0,0,0,0,0,2,0
l8,9=99,100,100,100,100,100,100,98,0,99,97,100,96,99,99,0,100,98,98,98,99,95,0,55,58,88,86,91,0,0,0,0,0,0,0,0,0,0,0,0,0,0,0,17,0
l9,9=99,100,100,100,100,100,100,92,100,0,97,100,96,99,99,0,100,99,98,98,100,96,0,20,58,88,88,94,0,0,1,88,0,0,0,0,0,0,0,0,0,0,0,0,0
l10,9=36,36,85,100,98,36,62,82,100,75,0,100,96,71,100,0,100,98,99,98,99,96,74,34,36,88,93,0,0,0,95,94,0,0,0,0,0,0,0,0,13,5,56,34,28
l11,9=99,60,100,0,100,100,100,94,100,99,97,0,96,100,99,0,100,100,99,98,83,0,0,34,60,13,89,100,0,0,81,0,0,0,0,0,0,0,0,0,0,0,0,30,22
l12,9=52,37,92,100,98,36,42,89,100,99,97,100,0,100,78,0,100,100,99,98,98,92,79,0,28,82,89,81,0,0,89,78,0,0,0,0,0,0,0,0,0,0,51,15,0
l13,9=99,35,100,100,100,100,100,93,100,99,97,100,96,0,99,0,100,99,99,98,100,98,0,34,67,89,88,92,0,0,97,92,0,0,0,0,0,0,0,0,54,0,0,27,0
l14,9=4,17,83,16,34,34,39,71,98,74,60,64,35,36,0,0,100,100,99,99,100,96,36,33,36,89,91,98,0,0,96,96,0,0,0,0,0,0,0,0,25,94,57,33,20
l15,9=35,0,82,2,97,35,39,83,97,75,60,91,96,61,96,0,0,97,99,99,98,96,73,33,36,89,88,98,0,0,75,94,0,0,0,0,0,0,33,0,48,93,57,33,0
l16,9=4,36,0,0,70,35,39,68,97,69,58,61,34,36,79,0,97,0,99,99,100,0,0,31,35,89,72,0,0,0,100,95,16,23,0,0,83,8,23,34,70,98,57,33,19
l17,9=0,0,72,11,42,9,39,0,96,73,60,64,35,37,100,0,100,100,0,99,100,96,51,3,35,90,93,98,0,0,100,94,0,0,0,0,0,0,0,27,35,0,7,33,0
l18,9=0,25,7,41,55,11,0,78,97,72,59,61,57,36,98,0,98,97,98,0,98,97,80,62,97,89,94,98,0,0,89,95,29,25,0,31,41,15,36,19,68,98,58,33,34
l19,9=0,0,0,0,0,31,37,38,75,73,59,45,33,39,100,0,97,100,99,99,0,68,0,56,60,91,94,98,0,0,86,98,0,30,0,0,0,0,20,9,72,51,36,56,34
l20,9=0,0,0,0,0,0,3,74,85,80,78,0,83,85,83,0,89,0,89,96,84,0,100,97,97,98,94,99,0,0,0,0,81,87,0,71,78,0,87,70,0,84,80,75,82
l21,9=0,0,0,0,0,0,0,14,0,0,47,1,94,2,84,0,87,0,96,98,0,100,0,95,97,98,89,98,0,0,0,0,0,83,0,8,63,0,46,5,0,0,61,92,86
l22,9=0,0,0,0,0,0,0,0,84,2,77,80,0,82,79,0,76,76,81,98,94,97,77,0,98,98,94,98,0,0,0,0,79,82,0,82,79,82,95,67,57,81,76,92,78
l23,9=0,0,0,0,0,0,0,55,73,52,42,51,15,53,96,0,97,91,97,98,97,96,93,97,0,99,95,98,0,0,63,48,85,45,0,45,48,52,58,22,47,87,92,92,95
l24,9=0,39,0,0,0,37,0,88,90,56,45,38,52,93,94,0,97,97,98,92,97,97,98,96,99,0,95,98,0,0,59,0,90,75,0,14,85,73,90,80,90,82,92,87,37
l25,9=0,0,0,0,0,0,0,46,83,54,90,51,89,53,91,0,76,67,93,90,90,90,59,97,99,99,0,90,0,0,0,1,92,91,0,59,91,67,91,0,64,0,92,93,90
l26,9=0,0,0,0,0,0,0,49,86,53,0,91,46,28,89,0,81,0,92,98,88,97,96,97,97,98,94,0,0,0,0,0,82,96,0,91,94,76,99,69,33,83,75,42,31
l27,9=5,36,39,35,39,34,23,0,0,0,32,46,4,5,63,0,55,100,99,99,97,0,0,0,23,23,0,0,0,0,0,99,0,63,0,33,47,60,18,37,50,100,0,10,7
l28,9=28,4,0,62,62,35,41,0,0,54,34,0,24,27,44,0,62,38,68,99,100,0,0,0,20,0,4,0,0,0,100,0,36,0,0,3,48,0,19,9,66,35,0,0,0
l29,9=0,0,0,0,0,0,0,0,0,0,0,0,0,0,0,0,0,17,0,66,0,66,0,97,99,99,94,98,0,0,0,95,0,100,0,100,100,100,100,100,100,100,37,49,31
l30,9=0,0,0,0,0,0,0,0,0,0,0,0,0,0,0,0,0,22,0,48,82,97,16,96,47,73,95,100,0,0,100,0,100,0,0,100,100,100,100,100,100,100,29,30,23
l31,9=0,0,0,0,0,0,0,0,0,0,0,0,0,0,0,0,0,0,0,47,0,58,5,65,72,24,86,96,0,0,47,25,100,100,0,0,100,100,100,67,99,91,0,0,0
l32,9=0,0,0,0,0,0,0,0,0,0,0,0,0,0,0,0,0,27,0,49,0,59,3,96,19,93,94,98,0,0,29,88,100,100,0,100,0,100,100,89,97,99,0,0,0
l33,9=0,0,0,0,0,0,0,0,0,0,0,0,0,0,0,0,0,1,0,0,0,0,0,20,40,51,74,47,0,0,29,0,100,100,0,100,100,0,100,76,97,99,0,0,0
l34,9=0,0,0,0,0,0,0,0,0,0,0,0,0,0,6,0,56,25,0,99,97,50,12,97,63,58,94,100,0,0,28,97,100,100,0,100,100,100,0,100,100,100,24,28,0
l35,9=0,0,0,0,0,3,0,0,0,0,0,0,0,0,38,0,0,38,67,98,97,49,0,29,62,62,0,94,0,0,62,97,100,100,0,63,58,99,100,0,100,100,0,0,0
l36,9=0,2,0,0,0,34,0,0,0,0,0,0,0,24,43,0,58,39,67,99,100,0,0,2,23,60,79,55,0,0,29,98,56,100,0,63,59,64,100,100,0,100,0,0,0
l37,9=0,0,0,0,0,0,0,0,0,0,1,0,0,0,43,0,59,37,12,99,98,49,0,2,23,57,0,93,0,0,57,97,56,51,0,37,60,64,100,100,100,0,0,0,0
l38,9=0,0,0,0,0,0,0,0,0,0,29,0,27,0,74,0,68,67,3,89,59,70,36,80,95,93,94,70,0,0,0,0,34,33,0,0,0,0,3,0,0,0,0,92,95
l39,9=0,0,0,0,0,0,0,1,0,0,44,32,7,10,64,0,71,88,90,88,90,71,63,89,97,88,94,70,0,0,54,0,28,27,0,0,0,0,2,0,0,0,92,0,95
l40,9=0,0,0,0,0,0,0,0,0,0,23,12,0,0,45,0,0,57,0,87,82,83,55,57,91,17,87,53,0,0,0,0,0,1,0,0,0,0,0,0,0,0,92,92,0
l41,9=0,0,0,0,0,0,0,26,61,0,40,44,78,31,96,0,90,92,96,98,80,74,0,52,97,98,94,77,0,0,44,79,0,15,0,0,3,0,19,0,0,66,92,92,95
l42,9=0,0,0,0,0,0,0,0,0,0,0,0,0,0,0,0,12,10,65,89,76,89,70,91,97,98,92,97,0,0,0,0,0,65,0,0,7,0,34,0,0,30,92,92,95
l43,9=0,0,0,0,0,0,0,0,0,0,0,0,0,0,77,0,0,50,76,88,65,78,65,85,92,88,92,88,0,0,0,0,37,0,0,38,1,0,0,0,0,0,87,85,89
l44,9=0,0,0,0,0,0,0,0,0,0,0,0,4,17,76,0,7,73,79,93,64,73,68,96,97,98,94,77,0,0,0,0,15,0,0,44,0,0,0,0,0,30,92,92,91

l0,10=0,97,97,99,99,92,92,2,77,94,93,90,94,92,20,0,76,67,0,0,0,0,0,0,0,0,0,0,0,0,0,51,0,0,0,0,0,0,0,0,0,0,0,0,0
l1,10=97,0,97,99,99,98,91,0,93,95,89,92,94,92,88,0,83,85,62,0,26,0,0,0,0,29,0,0,0,0,0,47,0,0,0,0,0,0,0,0,1,0,0,0,0
l2,10=97,97,0,94,99,98,92,1,94,93,93,94,94,93,85,0,86,77,66,76,47,0,0,0,59,65,48,0,0,0,0,37,0,0,0,0,0,0,0,0,0,0,0,53,0
l3,10=97,97,95,0,99,98,92,0,94,96,90,86,94,92,61,0,78,0,0,0,0,0,0,0,0,0,0,0,0,0,54,52,0,0,0,0,0,0,0,0,0,0,0,0,0
l4,10=97,97,97,99,0,98,92,1,92,93,90,76,92,86,0,0,86,80,71,0,0,0,0,0,0,0,0,0,0,0,0,84,0,0,0,0,0,0,0,0,0,0,0,0,0
l5,10=81,97,97,99,99,0,92,1,94,91,94,94,94,93,78,0,82,84,62,0,0,0,0,0,0,0,0,0,0,0,29,50,0,0,0,0,0,0,4,0,0,0,0,0,0
l6,10=97,97,97,99,99,98,0,0,94,96,93,94,91,91,60,0,87,88,64,31,0,0,0,0,47,0,46,0,0,0,38,48,0,0,0,0,0,0,0,0,0,0,0,0,0
l7,10=97,97,97,98,97,98,92,0,94,96,95,94,94,93,84,0,89,86,77,88,88,87,0,71,9,82,77,82,0,0,0,44,0,0,0,0,0,0,0,0,0,0,0,21,0
l8,10=83,94,97,92,93,98,92,0,0,96,95,94,94,92,80,0,82,76,81,83,80,77,0,60,65,64,76,78,0,0,7,0,0,0,0,0,0,0,0,0,0,0,0,31,0
l9,10=92,94,93,93,92,92,90,1,91,0,93,94,94,93,87,0,87,84,67,47,44,82,0,56,67,61,64,68,0,0,0,40,0,0,0,0,0,0,0,0,0,0,0,0,0
l10,10=81,60,55,74,88,92,89,0,91,92,0,91,94,91,91,0,89,76,87,39,52,75,17,75,63,68,78,71,0,0,43,43,0,0,0,0,0,0,0,0,8,0,0,60,2
l11,10=76,60,93,69,71,94,90,1,93,96,93,0,94,93,90,0,87,73,87,58,44,67,0,60,62,60,64,68,0,0,27,40,0,0,0,0,0,0,0,0,0,0,0,0,0
l12,10=91,59,93,86,89,92,40,0,91,93,94,94,0,92,90,0,88,86,68,41,42,75,68,55,60,66,71,63,0,0,0,0,0,0,0,0,0,0,0,0,0,0,61,0,1
l13,10=92,93,94,88,79,98,76,0,91,96,94,94,94,0,85,0,87,67,87,48,85,9,71,62,7,59,64,61,0,0,0,42,0,0,0,0,0,0,0,0,0,0,0,55,0
l14,10=4,38,10,19,4,36,14,0,72,83,91,79,92,79,0,0,90,93,89,41,97,77,70,61,67,68,71,76,0,0,47,48,0,0,0,0,0,0,0,16,0,67,72,64,0
l15,10=31,25,45,25,85,47,53,0,85,93,95,92,94,90,94,0,0,86,89,51,51,79,59,71,73,68,72,80,0,0,51,51,0,14,0,0,0,8,0,14,6,33,58,64,0
l16,10=36,43,8,0,68,34,36,2,37,66,55,48,93,42,94,0,89,0,68,67,97,53,0,68,65,65,65,1,0,0,95,57,21,0,0,0,0,0,35,0,53,41,0,64,15
l17,10=0,51,48,0,60,85,28,4,83,77,90,84,85,85,94,0,90,82,0,88,97,8,49,70,67,67,72,75,0,0,74,76,0,0,0,0,0,0,0,0,0,26,0,0,81
l18,10=0,0,25,0,0,0,12,0,74,52,37,71,45,52,71,0,88,92,88,0,97,85,73,83,83,84,45,95,0,0,43,40,0,43,0,0,0,7,41,32,33,75,85,61,45
l19,10=0,5,16,0,0,0,1,3,74,50,89,75,73,82,94,0,88,93,89,88,0,79,0,84,83,83,89,80,0,0,57,53,0,16,0,0,0,0,37,35,43,44,3,66,45
l20,10=0,0,0,0,0,0,0,0,73,68,70,65,68,21,72,0,64,66,34,84,80,0,98,87,79,84,86,95,0,0,0,0,75,73,0,74,0,0,75,64,0,56,67,71,73
l21,10=0,0,0,0,0,0,0,0,0,0,47,0,80,76,80,0,72,9,79,84,0,94,0,87,83,85,89,95,0,0,0,0,0,72,0,14,1,0,0,0,0,0,87,82,84
l22,10=0,0,0,0,0,0,0,4,53,38,72,55,53,54,61,0,64,68,69,76,74,92,80,0,83,84,89,95,0,0,0,0,75,77,0,63,78,67,75,67,41,49,76,70,73
l23,10=0,0,3,0,0,0,7,0,61,54,60,53,63,0,73,0,71,67,74,87,82,70,80,87,0,85,91,92,0,0,49,38,56,69,0,69,58,53,67,68,56,52,76,84,92
l24,10=0,20,45,0,0,0,0,0,56,50,67,51,71,53,74,0,65,65,74,87,88,87,83,87,83,0,90,77,0,0,40,46,67,52,0,56,71,56,65,43,65,66,82,76,69
l25,10=0,0,0,0,0,0,17,3,61,40,75,56,63,52,67,0,59,62,73,58,87,77,67,87,83,85,0,91,0,0,16,0,75,58,0,60,78,57,74,53,0,58,88,84,89
l26,10=0,0,0,0,0,0,0,3,72,48,56,64,65,50,79,0,72,15,74,86,80,92,90,87,83,78,89,0,0,0,0,5,79,81,0,75,81,79,83,0,51,73,72,79,81
l27,10=0,0,0,40,34,26,24,0,6,0,38,37,0,0,84,0,52,93,47,18,25,0,0,0,37,22,35,0,0,0,0,93,31,23,0,40,38,74,58,56,90,86,0,16,0
l28,10=51,4,0,26,50,32,27,0,0,35,43,49,1,38,92,0,57,93,43,12,24,0,0,0,21,24,0,0,0,0,95,0,37,54,0,0,11,0,63,39,90,56,28,0,0
l29,10=0,0,0,0,0,0,0,0,0,0,0,0,0,0,0,0,0,65,0,0,0,74,0,80,48,72,81,82,0,0,44,79,0,90,0,89,90,96,94,90,80,87,56,43,0
l30,10=0,0,0,0,0,0,0,0,0,0,0,0,0,0,0,0,34,0,0,38,13,67,67,75,73,25,67,81,0,0,17,48,88,0,0,89,90,96,94,90,87,90,49,37,31
l31,10=0,0,0,0,0,0,0,0,0,0,0,0,0,0,0,0,0,0,0,0,0,79,36,58,78,57,79,74,0,0,54,0,88,90,0,0,90,96,94,81,87,88,1,0,31
l32,10=0,0,0,0,0,0,0,0,0,0,0,0,0,0,0,0,0,0,0,0,0,0,0,80,76,76,80,83,0,0,19,2,88,90,0,89,0,97,94,82,79,86,0,0,0
l33,10=0,0,0,0,0,0,0,0,0,0,0,0,0,0,0,0,0,0,0,0,0,0,0,56,25,28,58,58,0,0,33,0,88,90,0,88,90,0,94,90,85,87,0,0,0
l34,10=0,0,0,0,0,11,0,0,0,0,0,0,1,0,0,0,0,66,0,16,17,69,0,71,48,42,56,50,0,0,48,83,88,90,0,88,90,96,0,90,90,90,44,11,0
l35,10=0,0,0,0,0,0,0,0,0,0,0,0,0,0,59,0,41,0,0,16,20,71,0,71,74,31,56,2,0,0,84,46,88,90,0,82,87,97,94,0,90,90,47,0,0
l36,10=0,0,0,0,0,0,0,0,0,0,12,0,0,0,0,0,27,81,0,17,22,0,0,37,34,44,0,29,0,0,94,93,63,90,0,85,55,87,94,93,0,90,0,0,0
l37,10=0,0,0,0,0,0,0,0,0,0,0,0,0,0,70,0,43,73,35,28,20,58,0,70,48,42,56,46,0,0,79,56,62,90,0,51,48,83,94,93,90,0,0,0,0
l38,10=0,0,0,0,0,0,0,0,0,0,0,0,68,0,77,0,65,0,0,76,0,33,65,77,74,73,86,70,0,0,0,17,47,43,0,0,0,0,8,22,0,0,0,86,92
l39,10=0,0,0,0,0,0,0,0,8,0,51,0,0,37,77,0,69,71,0,69,73,69,58,70,78,68,85,71,0,0,13,0,30,20,0,0,0,0,0,0,0,0,88,0,92
l40,10=0,0,0,0,0,0,0,0,0,0,0,0,0,0,0,0,0,57,72,71,72,67,55,75,82,59,87,81,0,0,0,0,0,19,0,0,0,0,0,0,0,0,88,84,0
l41,10=0,0,0,0,0,0,0,0,0,45,61,54,66,37,81,0,66,77,82,83,76,66,0,78,78,78,88,69,0,0,16,68,0,0,0,0,0,0,0,9,0,30,86,84,88
l42,10=0,0,0,0,0,0,0,0,0,0,0,0,0,0,75,0,60,52,51,78,79,74,5,84,83,83,82,84,0,0,0,0,0,43,0,0,0,0,61,0,0,0,88,84,89
l43,10=0,0,0,0,0,0,0,0,0,0,7,0,0,0,44,0,0,40,75,37,71,77,45,87,83,66,89,79,0,0,0,0,5,0,0,0,0,0,36,0,0,0,88,81,89
l44,10=0,0,0,0,0,0,0,0,0,0,0,37,0,0,58,0,20,53,0,84,65,80,68,87,83,84,89,79,0,0,0,0,37,0,0,30,52,0,0,0,0,0,88,84,89

l0,11=0,97,99,95,99,94,98,0,91,95,89,95,92,94,36,0,77,51,62,0,0,0,0,0,0,0,0,0,0,0,63,11,0,0,0,0,0,0,0,0,0,0,0,0,0
l1,11=96,0,99,95,99,94,98,0,95,94,82,55,92,90,52,0,32,76,77,67,0,0,0,0,0,10,0,0,0,0,77,40,0,0,0,0,0,0,0,0,0,0,0,0,0
l2,11=96,97,0,92,98,94,98,0,95,93,87,92,90,90,78,0,65,46,66,77,60,0,0,0,22,19,0,0,0,0,61,4,0,0,0,0,0,0,0,0,0,0,0,3,0
l3,11=96,97,88,0,99,94,98,0,95,94,75,54,61,68,14,0,32,76,65,0,0,0,0,0,0,0,0,0,0,0,82,65,0,0,0,0,0,0,0,0,0,0,0,0,0
l4,11=96,97,97,95,0,94,98,0,95,94,63,56,60,75,36,0,33,68,53,4,0,0,0,0,0,0,0,0,0,0,71,12,0,0,0,0,0,0,0,0,0,0,0,0,0
l5,11=96,97,99,95,99,0,98,0,94,90,89,96,92,94,2,0,39,77,46,72,0,0,0,0,10,0,0,0,0,0,85,74,0,0,0,0,0,0,13,0,1,0,0,0,0
l6,11=96,97,99,95,99,94,0,0,95,94,88,96,92,94,6,0,65,74,78,72,40,0,0,0,0,5,0,0,0,0,63,0,0,0,0,0,0,0,0,0,0,0,0,0,0
l7,11=96,97,99,94,98,94,98,0,95,95,90,96,92,94,84,0,86,76,0,79,65,72,0,58,9,41,33,62,0,0,0,0,0,0,0,0,0,0,0,0,0,0,0,1,0
l8,11=91,95,95,92,95,94,93,0,0,94,89,96,92,90,81,0,83,67,80,76,50,54,0,68,23,19,28,66,0,0,27,0,0,0,0,0,0,0,0,0,0,0,0,29,0
l9,11=95,94,92,64,95,93,93,0,90,0,88,96,92,94,84,0,83,3,63,52,58,54,0,64,45,23,36,60,0,0,52,0,0,0,0,0,0,0,0,0,0,0,0,0,0
l10,11=77,31,25,35,75,92,51,0,80,92,0,95,92,93,84,0,87,64,83,72,80,6,68,63,20,24,31,56,0,0,75,48,0,0,0,0,0,0,0,0,0,0,65,55,0
l11,11=95,59,70,37,91,93,93,0,90,95,88,0,92,94,84,0,83,57,80,77,65,6,0,61,10,21,33,16,0,0,0,36,0,0,0,0,0,0,0,0,0,0,0,0,0
l12,11=95,73,27,36,84,93,88,0,90,93,89,94,0,91,84,0,83,62,80,60,71,22,50,58,25,48,31,50,0,0,0,53,0,0,0,0,0,0,0,0,0,0,53,10,0
l13,11=96,94,93,35,87,94,93,0,90,95,89,96,92,0,83,0,83,62,80,65,62,51,55,62,12,41,39,40,0,0,35,51,0,0,0,0,0,0,0,0,10,0,0,51,0
l14,11=33,31,17,0,33,2,3,0,31,68,84,55,58,43,0,0,87,86,83,81,88,63,21,42,24,25,39,63,0,0,14,73,0,0,0,0,0,0,0,16,21,6,74,77,7
l15,11=70,30,25,23,73,68,36,0,33,93,91,90,92,89,84,0,0,68,83,79,82,67,32,70,25,25,39,39,0,0,79,76,0,0,0,0,0,1,0,12,9,0,30,77,0
l16,11=27,29,0,28,46,44,11,2,28,0,49,29,45,34,83,0,31,0,83,83,88,39,0,53,22,0,26,22,0,0,95,81,4,35,0,0,0,3,19,25,29,25,28,76,24
l17,11=37,27,5,17,38,23,32,0,31,39,89,81,63,66,84,0,87,83,0,84,84,58,15,71,53,25,38,60,0,0,75,70,0,0,0,0,0,0,0,0,0,10,29,76,22
l18,11=0,22,15,0,28,30,10,0,24,7,59,45,27,32,79,0,80,75,83,0,88,67,40,66,78,82,25,70,0,0,65,62,34,23,0,33,3,0,30,21,22,26,69,76,3
l19,11=0,0,12,0,0,0,10,0,12,39,75,39,50,38,84,0,87,87,83,85,0,62,0,44,78,79,54,59,0,0,61,62,0,0,0,0,0,0,25,21,20,16,30,69,21
l20,11=0,0,0,0,0,0,0,0,63,63,7,35,51,71,69,0,64,49,61,70,66,0,91,84,70,81,74,82,0,0,0,0,67,65,0,61,0,0,69,45,0,0,67,71,63
l21,11=0,0,0,0,0,0,0,0,0,0,66,23,71,69,67,0,69,0,58,77,0,88,0,85,78,83,79,81,0,0,0,0,0,71,0,53,0,0,38,0,37,0,70,70,66
l22,11=0,0,0,0,0,0,0,2,63,58,66,63,61,72,62,0,68,58,64,69,53,84,78,0,78,83,78,84,0,0,0,54,75,71,0,64,73,67,75,31,24,52,68,72,56
l23,11=0,0,12,0,0,3,0,0,38,58,48,25,43,28,67,0,62,55,68,81,76,63,67,85,0,84,82,75,0,0,57,0,60,56,0,61,35,0,37,55,32,0,64,81,80
l24,11=0,11,9,0,0,0,14,0,21,50,57,56,78,54,66,0,60,0,59,80,74,81,72,84,78,0,82,57,0,0,40,49,57,52,0,55,55,36,51,0,0,1,68,74,65
l25,11=0,0,0,0,0,0,0,0,24,44,43,38,33,43,73,0,60,44,59,55,70,70,72,83,78,84,0,70,0,0,10,50,68,28,0,33,67,27,32,41,22,29,72,80,78
l26,11=0,0,0,0,0,0,0,1,61,55,56,35,39,30,69,0,54,46,58,74,64,86,82,85,71,73,77,0,0,0,0,0,74,66,0,69,67,66,74,0,32,61,66,63,72
l27,11=49,27,12,32,50,40,13,0,8,38,55,0,0,22,23,0,32,86,62,68,19,0,0,0,19,11,6,0,0,0,0,81,38,30,0,42,10,28,39,63,90,30,0,34,18
l28,11=13,10,0,14,35,38,0,0,0,0,35,36,29,28,30,0,29,65,49,57,17,0,0,33,7,13,22,0,0,0,95,0,39,30,0,40,11,0,41,32,40,24,26,26,0
l29,11=0,0,0,0,0,0,0,0,0,0,0,0,0,0,0,0,0,15,0,43,0,58,0,68,65,40,69,68,0,0,40,59,0,79,0,85,79,87,84,80,84,80,0,41,0
l30,11=0,0,0,0,0,0,0,0,0,0,0,0,0,0,0,0,0,31,0,51,0,59,34,70,59,55,33,64,0,0,41,55,82,0,0,84,79,87,84,61,84,80,0,0,0
l31,11=0,0,0,0,0,0,0,0,0,0,0,0,0,0,0,0,0,0,0,28,0,40,27,58,67,31,36,69,0,0,66,26,83,82,0,0,83,90,84,73,54,72,0,19,0
l32,11=0,0,0,0,0,0,0,0,0,0,0,0,0,0,0,0,0,0,0,6,0,0,0,70,28,42,69,65,0,0,55,42,82,79,0,85,0,90,84,80,83,80,20,0,0
l33,11=0,0,0,0,0,0,0,0,0,0,0,0,0,0,0,0,0,1,0,0,0,0,0,44,0,15,17,57,0,0,42,0,83,82,0,85,83,0,81,79,57,73,0,0,0
l34,11=0,0,0,0,0,27,0,0,0,0,0,0,0,0,0,0,0,31,0,50,1,60,4,49,66,16,19,46,0,0,49,70,82,81,0,83,79,85,0,81,89,84,26,0,0
l35,11=0,0,0,0,0,0,0,0,0,0,0,0,0,0,26,0,20,33,0,60,20,45,0,39,29,0,24,0,0,0,77,68,82,67,0,81,73,81,84,0,92,87,9,0,0
l36,11=0,0,0,0,0,3,0,0,0,0,0,0,0,9,28,0,21,43,3,62,23,0,5,40,20,0,20,36,0,0,95,46,53,83,0,80,32,50,84,88,0,87,0,8,0
l37,11=0,0,0,0,0,0,0,0,0,0,0,0,0,0,25,0,1,71,37,70,14,0,0,48,0,5,24,46,0,0,78,69,78,79,0,81,74,80,84,88,92,0,0,20,0
l38,11=0,0,0,0,0,0,0,0,0,0,26,0,33,0,71,0,15,27,35,70,37,59,56,70,71,72,73,57,0,0,0,10,0,0,0,0,0,0,15,0,0,0,0,85,78
l39,11=0,0,0,0,0,0,0,0,3,0,16,0,8,28,69,0,64,64,62,70,60,64,0,69,75,72,79,49,0,0,30,13,36,0,0,0,0,0,0,0,0,0,79,0,85
l40,11=0,0,0,0,0,0,0,0,0,0,0,0,0,0,27,0,0,62,57,1,57,36,15,56,74,67,82,64,0,0,11,0,0,0,0,0,0,0,0,0,0,0,74,84,0
l41,11=0,0,0,0,0,0,0,0,12,42,39,40,0,34,49,0,53,62,70,82,72,60,0,76,74,80,79,63,0,0,0,57,14,11,0,0,0,0,0,0,0,15,79,84,78
l42,11=0,0,0,0,0,0,0,0,0,0,0,0,0,0,69,0,58,30,48,73,66,66,63,76,74,78,76,64,0,0,0,0,55,0,0,50,0,0,53,12,0,0,73,83,79
l43,11=0,0,0,0,0,0,0,0,0,0,0,0,0,0,0,0,2,32,22,67,56,61,0,83,70,66,82,67,0,0,0,0,30,47,0,0,8,0,9,0,0,0,75,81,77
l44,11=0,0,0,0,0,0,0,0,0,0,24,20,16,0,66,0,22,0,44,73,0,72,55,83,77,81,79,54,0,0,0,0,56,0,0,0,25,0,0,0,0,0,79,79,77

l0,12=0,98,98,96,94,97,96,5,91,98,89,96,90,87,82,0,87,0,0,56,0,0,0,0,0,0,0,0,0,0,11,0,0,0,0,0,0,0,0,0,0,0,0,0,0
l1,12=98,0,93,96,94,97,96,0,91,95,85,95,88,55,86,0,83,0,13,76,0,0,0,0,0,49,0,0,0,0,75,54,0,0,0,0,0,0,0,0,0,0,0,0,0
l2,12=98,98,0,95,93,97,93,1,91,93,87,93,87,91,66,0,88,65,78,83,47,27,0,23,32,33,41,0,0,0,58,63,0,0,0,0,0,0,0,0,0,0,0,0,0
l3,12=98,98,98,0,94,97,96,3,91,96,84,90,86,94,72,0,0,62,0,70,0,0,0,0,0,0,0,0,0,0,77,21,0,0,0,0,0,0,0,0,46,0,0,0,0
l4,12=98,98,98,96,0,97,96,7,91,96,78,96,54,93,0,0,84,70,0,6,0,0,0,0,0,0,0,0,0,0,8,54,0,0,0,0,0,0,0,0,0,0,0,0,0
l5,12=98,98,98,96,94,0,96,2,91,95,90,96,89,94,67,0,0,0,78,80,0,0,0,0,20,0,0,0,0,0,78,63,0,0,0,0,0,0,0,0,0,0,0,0,0
l6,12=98,98,98,96,93,97,0,2,91,98,92,96,90,94,75,0,82,77,82,84,9,0,0,0,60,0,0,0,0,0,76,0,0,0,0,0,0,0,0,0,0,0,0,0,0
l7,12=95,17,98,96,92,97,96,0,91,98,81,96,90,94,88,0,88,74,81,82,0,42,0,71,68,71,60,61,0,0,0,0,0,0,0,0,0,0,0,0,0,0,0,0,0
l8,12=93,96,95,93,92,97,95,0,0,96,87,93,87,89,86,0,88,74,83,78,29,15,18,70,53,57,60,66,0,0,0,0,0,0,0,0,0,0,0,0,0,0,0,33,0
l9,12=93,94,57,69,92,95,90,0,90,0,88,96,90,94,86,0,88,72,81,79,41,43,0,65,73,72,63,69,0,0,71,26,0,0,0,0,0,0,0,0,0,0,0,7,0
l10,12=83,81,48,45,43,95,82,4,57,93,0,96,90,93,87,0,93,79,85,84,48,20,29,71,66,71,56,57,0,0,70,52,0,0,0,0,0,0,0,0,0,0,37,42,8
l11,12=93,93,80,57,92,94,90,12,89,98,87,0,89,94,86,0,88,69,82,83,48,5,0,38,60,61,65,63,0,0,62,48,0,0,0,0,0,0,0,0,0,0,0,33,10
l12,12=93,93,91,78,63,94,90,8,89,93,88,94,0,94,86,0,88,65,82,83,79,8,40,57,76,77,49,43,0,0,61,34,0,0,0,0,0,0,0,0,0,0,0,17,0
l13,12=71,94,87,95,91,95,90,0,90,98,92,96,90,0,85,0,91,2,84,73,36,0,51,62,62,61,62,54,0,0,36,38,0,0,0,0,0,0,0,0,0,0,0,65,0
l14,12=64,78,1,7,0,45,41,1,55,76,87,91,55,50,0,0,93,80,85,84,86,17,0,50,72,76,73,66,0,0,81,67,0,0,0,0,0,0,1,0,27,16,74,80,38
l15,12=81,67,48,0,59,0,45,1,55,86,92,90,90,87,89,0,0,80,85,84,48,38,35,0,73,76,70,66,0,0,83,64,0,0,0,0,0,0,0,0,0,7,41,74,22
l16,12=0,0,1,0,10,0,45,1,12,37,55,36,31,1,88,0,86,0,85,87,52,3,0,52,50,38,61,57,0,0,91,72,0,5,0,0,0,0,0,37,53,50,29,80,43
l17,12=1,0,21,0,0,69,63,13,55,65,86,90,68,70,89,0,93,80,0,84,81,35,30,71,74,76,70,61,0,0,74,64,0,0,0,0,0,0,18,22,36,11,57,79,40
l18,12=26,55,33,12,11,61,58,0,44,54,80,74,50,39,84,0,89,76,85,0,86,78,57,69,75,80,73,71,0,0,72,62,33,35,0,44,0,0,53,57,45,42,61,82,74
l19,12=0,0,31,0,0,31,26,0,32,50,82,71,82,29,89,0,93,84,85,87,0,36,0,82,78,82,77,55,0,0,69,55,0,0,0,0,0,0,49,51,40,32,58,68,63
l20,12=0,0,5,0,0,0,0,5,30,70,56,56,40,0,64,0,66,48,61,79,67,0,91,84,75,78,67,80,0,0,0,0,55,69,0,67,56,56,67,54,44,16,68,72,67
l21,12=0,0,0,0,0,0,0,0,52,0,64,0,73,68,0,0,68,0,62,86,0,85,0,83,78,80,78,80,0,0,0,0,18,66,0,0,0,0,64,0,0,0,80,0,66
l22,12=0,0,0,0,0,0,0,4,66,62,69,46,65,36,58,0,0,60,69,72,73,82,77,0,78,80,79,81,0,0,0,0,69,75,0,73,76,60,72,77,32,68,74,78,66
l23,12=0,0,0,0,0,15,26,8,23,57,56,42,76,27,70,0,81,37,77,85,83,78,69,84,0,82,79,78,0,0,30,0,59,36,0,64,0,0,60,0,35,51,80,85,78
l24,12=0,35,2,0,0,0,0,9,32,59,58,56,75,33,66,0,72,45,73,85,84,80,62,84,78,0,79,71,0,0,52,42,53,56,0,50,54,45,55,47,62,27,81,77,81
l25,12=0,0,0,0,0,0,0,6,31,52,44,55,31,57,70,0,60,41,58,72,73,62,59,84,78,82,0,76,0,0,33,37,59,60,0,32,55,0,52,48,0,47,79,84,73
l26,12=0,0,0,0,0,0,0,11,60,65,55,61,60,56,63,0,66,51,60,73,57,85,78,84,73,72,72,0,0,0,0,0,70,65,0,73,66,56,71,54,60,56,68,67,72
l27,12=14,47,1,26,11,54,49,0,0,40,41,34,25,18,77,0,52,84,52,63,37,0,0,0,46,34,39,0,0,0,0,83,21,29,0,46,13,73,62,77,69,34,0,38,28
l28,12=0,33,3,0,12,52,0,0,0,18,37,33,23,21,76,0,41,84,53,57,34,0,0,0,1,31,49,0,0,0,91,0,22,0,0,40,42,3,65,54,51,45,23,32,12
l29,12=0,0,0,0,0,0,0,0,0,0,0,0,0,0,0,0,0,0,0,56,0,33,0,72,65,61,70,73,0,0,61,36,0,85,0,84,84,86,84,84,77,81,40,50,0
l30,12=0,0,0,0,14,0,0,0,0,0,0,0,0,0,0,0,2,39,0,55,0,71,40,73,66,63,70,65,0,0,62,0,79,0,0,84,83,84,84,84,82,82,49,49,28
l31,12=0,0,0,0,0,0,0,0,0,0,0,0,0,0,0,0,0,0,0,43,0,41,0,65,67,33,41,71,0,0,68,48,79,86,0,0,84,89,82,78,76,81,0,6,0
l32,12=0,0,0,0,0,0,0,0,0,0,0,0,0,0,0,0,0,0,0,0,0,17,0,72,8,29,46,58,0,0,59,52,79,80,0,84,0,89,84,79,76,78,0,0,0
l33,12=0,0,0,0,0,0,0,0,0,0,0,0,0,0,0,0,0,0,0,0,0,8,0,61,0,2,0,56,0,0,75,0,79,82,0,84,84,0,84,83,79,82,0,0,0
l34,12=0,0,0,0,0,0,0,0,0,0,0,0,0,0,0,0,0,0,35,47,29,39,39,73,66,42,66,72,0,0,75,73,79,85,0,82,84,85,0,84,85,84,19,47,19
l35,12=0,0,0,0,0,0,0,0,0,0,0,0,0,0,0,0,0,62,37,57,40,34,0,61,35,41,67,63,0,0,78,72,79,85,0,80,80,81,84,0,88,84,10,0,0
l36,12=0,0,0,18,0,0,0,0,0,0,0,0,18,0,62,0,0,75,43,59,44,21,0,43,62,43,0,57,0,0,87,76,78,85,0,50,47,78,84,88,0,84,0,0,0
l37,12=0,0,0,0,0,0,0,0,0,0,0,0,0,0,61,0,19,68,39,59,40,17,0,57,58,41,64,67,0,0,75,73,79,85,0,80,78,78,84,88,87,0,16,0,0
l38,12=0,0,0,0,0,0,0,0,0,0,31,0,0,0,70,0,40,33,55,69,30,64,43,57,71,76,70,62,0,0,0,0,1,15,0,0,0,0,0,0,0,0,0,86,86
l39,12=0,0,0,0,0,0,0,0,2,0,33,26,22,23,69,0,68,64,71,78,37,63,0,76,76,71,77,52,0,0,44,18,23,17,0,0,0,0,14,0,0,0,84,0,85
l40,12=0,0,0,0,0,0,0,0,0,0,0,1,0,0,50,0,3,49,53,77,63,57,10,51,71,77,70,69,0,0,0,0,0,0,0,0,0,0,0,0,0,0,83,84,0
l41,12=0,0,0,0,0,0,2,0,18,51,46,34,0,29,48,0,66,62,73,85,77,54,43,76,72,75,70,67,0,0,0,0,0,22,0,0,0,0,21,0,0,29,84,85,80
l42,12=0,0,0,0,0,0,0,0,0,0,0,1,32,0,53,0,57,0,0,78,75,68,55,83,73,76,72,70,0,0,0,0,52,48,0,0,0,0,55,9,0,0,82,84,84
l43,12=0,0,0,0,0,0,0,0,0,0,0,0,27,0,2,0,55,0,53,62,30,46,28,78,75,67,74,73,0,0,0,0,0,29,0,2,26,0,0,0,0,0,80,81,82
l44,12=0,0,0,0,0,0,0,0,0,0,40,0,0,0,47,0,61,34,27,77,65,70,23,74,75,78,70,69,0,0,0,0,43,0,0,0,0,0,26,0,0,0,83,84,81

l0,13=0,98,100,100,100,99,98,100,96,98,96,95,95,96,53,0,59,5,47,51,0,0,0,0,0,0,0,0,0,0,1,6,0,0,0,0,0,0,0,0,0,0,0,0,0
l1,13=100,0,100,100,100,100,98,98,97,22,61,94,95,96,48,0,0,56,1,78,0,0,0,0,0,32,0,0,0,0,66,76,0,0,0,0,0,0,0,0,0,0,0,0,0
l2,13=100,98,0,100,100,100,98,97,97,98,79,95,95,96,48,0,48,57,0,91,76,0,0,51,16,37,25,0,0,0,53,75,0,0,0,0,0,0,0,0,0,0,0,0,0
l3,13=100,98,100,0,100,100,98,99,97,97,74,95,93,96,47,0,82,81,3,78,0,0,0,0,0,0,0,0,0,0,0,85,0,0,0,0,0,0,0,0,52,0,0,0,0
l4,13=100,98,100,100,0,100,98,100,97,98,89,95,66,96,0,0,0,0,0,0,0,0,0,0,0,0,0,0,0,0,78,74,0,0,0,0,0,0,0,0,0,0,0,0,0
l5,13=100,98,100,100,100,0,98,99,97,96,96,95,95,96,50,0,55,69,70,84,0,0,0,0,0,0,0,0,0,0,71,76,0,0,0,0,0,0,0,20,45,0,0,0,0
l6,13=100,98,100,100,100,100,0,99,97,98,96,95,95,96,91,0,97,55,91,89,63,0,0,0,74,0,0,0,0,0,76,0,0,0,0,0,0,0,0,0,0,0,0,0,0
l7,13=100,98,100,100,100,100,98,0,97,98,96,95,95,96,96,0,97,0,95,91,4,55,36,86,84,86,51,0,0,0,7,74,0,0,0,0,0,0,0,0,0,0,0,50,0
l8,13=46,95,100,100,100,100,98,100,0,98,95,95,95,81,96,0,95,50,92,69,30,64,61,82,0,59,34,26,0,0,0,0,0,0,0,0,0,0,0,0,0,0,29,31,0
l9,13=94,56,96,91,98,99,93,90,97,0,96,95,95,96,91,0,95,53,91,88,81,84,19,68,91,72,26,30,0,0,66,35,0,0,0,0,0,0,0,0,0,0,0,35,0
l10,13=36,87,90,29,33,73,95,92,37,98,0,95,95,96,51,0,97,53,58,89,94,0,0,86,88,75,30,32,0,0,71,34,0,0,0,0,0,0,0,0,23,0,5,50,0
l11,13=95,94,98,29,95,79,93,99,97,98,96,0,95,96,92,0,94,37,81,84,76,78,0,65,79,0,30,31,0,0,70,79,0,0,0,0,0,0,0,0,0,0,0,43,0
l12,13=93,96,94,50,31,92,94,94,93,98,96,95,0,96,91,0,97,0,91,88,94,47,58,73,91,86,30,33,0,0,71,15,0,0,0,0,0,0,0,0,0,0,0,0,0
l13,13=92,95,96,93,94,100,98,97,52,98,96,95,95,0,91,0,97,44,92,84,64,56,67,82,86,74,30,20,0,0,0,64,0,0,0,0,0,0,0,0,14,0,19,51,0
l14,13=32,76,57,15,0,60,75,94,37,33,60,93,67,56,0,0,97,54,95,94,100,69,49,0,83,82,30,28,0,0,71,81,0,0,0,0,0,0,0,0,47,43,38,54,75
l15,13=49,0,59,41,0,73,89,90,58,95,96,93,95,96,96,0,0,60,95,92,100,72,73,72,90,81,30,49,0,0,78,79,0,0,0,0,0,0,0,0,51,37,36,0,68
l16,13=0,79,66,8,0,58,71,0,26,25,37,40,0,30,54,0,61,0,60,94,100,0,0,70,85,58,0,16,0,0,79,93,0,45,0,0,5,9,8,19,60,57,6,52,76
l17,13=9,0,0,0,0,63,76,85,31,28,57,86,79,58,96,0,97,95,0,94,100,71,73,76,90,75,27,31,0,0,64,85,0,0,0,0,0,0,0,20,47,35,36,45,77
l18,13=16,54,62,15,11,52,76,82,25,25,60,53,65,46,92,0,94,94,94,0,99,87,75,85,88,84,54,45,0,0,63,85,26,32,0,34,0,0,9,39,52,49,39,54,59
l19,13=0,0,51,0,0,0,53,43,16,23,60,67,64,36,96,0,97,95,95,94,0,76,61,91,97,95,33,30,0,0,78,82,0,0,0,0,0,0,28,39,55,45,36,56,81
l20,13=0,0,0,0,0,0,0,68,30,76,0,77,56,35,79,0,79,21,78,91,82,0,98,95,92,95,81,91,0,0,0,0,0,81,0,79,68,65,78,0,32,66,79,72,74
l21,13=0,0,0,0,0,0,0,72,69,17,0,0,87,89,68,0,89,0,88,85,90,92,0,92,95,88,91,90,0,0,0,0,82,71,0,7,0,0,84,0,0,0,84,33,88
l22,13=0,0,1,0,0,0,0,71,44,22,69,65,47,40,0,0,44,46,81,80,82,90,86,0,97,93,92,91,0,0,0,0,74,75,0,72,80,55,79,71,0,38,78,89,80
l23,13=0,0,0,0,0,0,23,68,0,37,45,50,82,38,79,0,84,77,89,88,98,89,96,93,0,95,93,89,0,0,0,59,73,70,0,69,0,40,86,31,30,80,90,92,91
l24,13=0,10,0,0,0,0,0,77,24,29,63,0,91,47,94,0,93,75,90,92,98,90,73,93,97,0,93,90,0,0,57,61,70,79,0,42,70,0,56,17,38,72,69,92,94
l25,13=0,0,26,0,0,0,0,61,38,17,46,61,45,32,88,0,34,0,55,92,86,59,85,93,97,95,0,76,0,0,42,0,83,81,0,50,63,50,36,32,0,34,90,92,92
l26,13=0,0,0,0,0,0,0,17,71,69,75,75,72,43,75,0,87,73,73,90,72,91,96,95,92,88,80,0,0,0,45,25,86,79,0,86,78,22,91,86,37,65,83,90,91
l27,13=0,61,6,0,32,56,72,40,0,25,38,44,35,0,52,0,56,95,57,84,89,0,0,0,0,61,11,5,0,0,0,93,51,47,0,54,46,15,11,55,61,54,0,0,0
l28,13=1,67,38,27,29,55,0,57,0,1,9,44,14,26,35,0,58,95,60,87,93,0,0,0,76,53,0,9,0,0,96,0,28,50,0,56,60,11,13,22,60,57,30,45,40
l29,13=0,0,0,0,0,0,0,0,0,0,0,0,0,0,0,0,0,0,0,53,0,0,37,74,73,72,77,82,0,0,71,30,0,94,0,91,91,95,94,85,89,75,0,53,0
l30,13=0,0,0,0,0,0,0,0,0,0,0,0,0,0,0,0,0,62,9,62,0,67,23,72,68,71,75,68,0,0,62,37,87,0,0,91,91,92,94,92,92,89,40,40,61
l31,13=0,0,0,0,0,0,0,0,0,0,0,0,0,0,0,0,0,0,0,59,0,28,0,54,69,49,28,77,0,0,69,68,87,94,0,0,92,95,94,78,84,84,0,0,0
l32,13=0,0,0,0,0,0,0,0,0,0,0,0,0,0,0,0,0,21,0,0,0,25,0,45,0,57,35,37,0,0,60,70,87,75,0,91,0,95,94,93,57,89,0,0,0
l33,13=0,0,0,0,0,0,0,0,0,0,0,0,0,0,0,0,0,48,0,0,0,29,0,40,66,0,35,0,0,0,67,62,87,87,0,91,92,0,94,86,89,52,0,0,0
l34,13=0,0,0,0,0,0,0,0,0,0,0,0,0,0,0,0,0,67,0,65,53,69,30,84,85,67,22,86,0,0,75,84,87,94,0,91,91,94,0,93,99,94,7,45,63
l35,13=0,0,0,0,0,46,0,0,0,0,0,0,0,0,0,0,0,47,39,83,63,0,0,80,64,57,22,80,0,0,91,50,87,94,0,57,92,63,94,0,99,94,4,47,0
l36,13=0,0,0,24,0,46,0,0,0,0,2,0,0,8,27,0,45,91,47,86,86,46,0,0,65,63,0,22,0,0,96,89,86,93,0,60,63,59,94,93,0,94,0,2,0
l37,13=0,0,0,0,0,0,0,0,0,0,0,0,0,0,28,0,44,91,40,86,69,62,0,64,81,69,46,41,0,0,89,88,82,94,0,91,92,30,94,93,99,0,0,1,0
l38,13=0,0,0,0,0,0,0,0,9,0,0,0,0,0,46,0,24,4,54,83,70,73,60,84,95,77,91,81,0,0,0,45,0,57,0,0,0,0,0,0,0,0,0,93,94
l39,13=0,0,0,0,0,0,0,41,1,8,37,57,0,43,78,0,0,77,79,74,77,55,0,75,95,82,91,75,0,0,0,50,52,0,0,0,0,0,14,19,0,0,91,0,94
l40,13=0,0,0,0,0,0,0,0,0,0,0,0,0,0,72,0,46,78,75,68,83,58,67,86,89,90,90,83,0,0,0,0,0,4,0,0,0,0,46,0,0,0,90,92,0
l41,13=0,0,0,0,0,0,0,0,0,0,54,0,48,36,33,0,68,85,86,90,95,66,60,84,95,89,82,81,0,0,46,0,17,0,0,0,0,0,9,0,35,37,90,92,88
l42,13=0,0,0,0,0,0,0,0,0,0,0,0,0,0,78,0,56,43,0,90,81,80,65,92,95,90,90,81,0,0,0,0,62,63,0,0,0,0,31,0,0,0,90,92,90
l43,13=0,0,0,0,0,0,0,0,0,0,0,0,36,0,64,0,52,26,33,80,0,71,63,90,89,84,85,86,0,0,0,0,46,60,0,54,19,0,27,0,0,0,90,92,90
l44,13=0,0,0,0,0,0,0,0,0,0,9,0,1,0,73,0,39,11,29,65,86,85,46,88,95,89,80,80,0,0,0,0,0,0,0,0,0,0,13,6,0,22,90,92,93

l0,14=0,100,100,100,100,100,100,100,100,100,95,100,100,99,58,0,58,37,94,0,0,0,0,0,0,0,0,0,0,0,98,0,0,0,0,0,0,0,0,0,0,0,0,0,0
l1,14=100,0,100,100,100,100,100,100,100,100,98,100,100,99,53,0,96,98,99,100,0,0,0,0,0,0,0,0,0,0,99,98,0,0,0,0,0,0,0,0,0,0,0,0,0
l2,14=100,100,0,100,100,100,100,100,100,100,98,100,100,84,88,0,60,99,100,100,0,0,0,0,0,14,0,0,0,0,32,0,0,0,0,0,0,0,0,0,0,0,0,0,0
l3,14=100,100,100,0,100,100,100,100,63,59,72,100,100,78,0,0,64,36,100,59,0,0,0,0,0,0,0,0,0,0,85,97,0,0,0,0,0,0,0,0,0,0,0,0,0
l4,14=100,100,100,100,0,100,100,100,100,100,71,100,100,99,58,0,65,94,100,0,0,0,0,0,0,0,0,0,0,0,100,70,0,0,0,0,0,0,0,0,17,0,0,0,0
l5,14=100,100,100,100,100,0,100,100,100,100,98,100,100,99,59,0,65,99,100,100,37,0,0,0,0,0,0,0,0,0,100,100,0,0,0,0,0,0,0,17,58,26,0,0,0
l6,14=100,100,100,100,100,100,0,100,100,100,98,100,100,99,2,0,96,60,100,100,83,0,0,0,0,0,0,0,0,0,100,0,0,0,0,0,0,0,0,0,0,0,0,5,0
l7,14=100,100,100,100,100,100,100,0,100,100,98,100,100,99,95,0,96,94,100,99,96,0,0,98,85,97,97,0,0,0,0,4,0,0,0,0,0,0,0,0,0,0,0,0,0
l8,14=100,100,100,100,100,100,100,100,0,100,98,100,100,99,95,0,96,95,100,92,0,62,0,62,83,89,99,89,0,0,28,0,0,0,0,0,0,0,0,0,0,0,0,64,0
l9,14=71,100,100,77,100,100,100,100,100,0,98,100,100,99,61,0,96,94,87,100,18,61,0,57,87,91,88,89,0,0,82,5,0,0,0,0,0,0,0,0,0,0,0,0,0
l10,14=59,99,99,80,60,100,100,100,100,100,0,100,100,99,58,0,96,96,100,99,98,13,0,62,99,99,98,78,0,0,86,83,0,0,0,0,0,0,0,0,92,0,47,55,0
l11,14=100,100,100,68,100,100,100,100,100,100,98,0,100,99,95,0,96,95,100,100,93,62,0,54,81,89,90,92,0,0,0,87,0,0,0,0,0,0,0,0,0,0,0,40,8
l12,14=64,100,100,72,65,95,100,100,100,100,98,100,0,99,95,0,96,85,100,100,92,59,56,57,100,100,89,3,0,0,38,87,0,0,0,0,0,0,0,0,23,0,5,61,0
l13,14=100,100,99,100,100,100,100,100,100,100,98,100,100,0,95,0,96,93,100,92,90,32,0,0,93,99,88,83,0,0,0,84,0,0,0,0,0,0,0,0,0,0,0,68,0
l14,14=21,82,85,0,51,31,11,95,63,48,59,94,98,60,0,0,96,96,100,99,100,38,0,57,92,98,94,84,0,0,83,95,0,22,0,0,0,0,0,69,95,35,50,68,86
l15,14=23,96,52,65,56,44,93,99,61,59,71,100,100,66,95,0,0,82,100,100,100,71,0,56,86,98,94,89,0,0,96,96,0,0,0,0,0,0,35,0,0,0,49,62,88
l16,14=0,87,85,0,23,25,51,90,35,19,39,59,53,48,59,0,30,0,100,100,100,0,0,26,94,91,90,82,0,0,100,100,87,21,0,1,0,0,36,74,100,33,29,67,86
l17,14=48,89,85,68,57,58,98,100,78,20,98,100,100,65,95,0,96,99,0,100,100,0,57,63,100,100,97,87,0,0,99,100,0,30,0,0,0,0,55,0,0,30,59,72,95
l18,14=0,87,84,14,0,53,86,91,59,59,61,98,97,60,92,0,70,97,100,0,98,98,59,59,98,98,98,98,0,0,89,95,39,0,0,0,0,0,87,70,99,61,89,98,96
l19,14=0,0,0,0,0,40,85,96,0,1,69,98,98,64,95,0,96,99,100,100,0,71,0,63,100,100,99,84,0,0,100,98,0,0,0,0,0,0,0,96,99,54,58,72,98
l20,14=0,0,0,0,0,0,0,0,91,80,1,92,89,48,82,0,95,0,0,99,93,0,99,98,98,99,89,100,0,0,0,0,92,92,0,0,92,88,99,90,76,93,98,96,98
l21,14=0,0,0,0,0,0,0,19,0,0,0,0,97,0,43,0,0,0,98,99,5,100,0,98,98,98,98,99,0,0,0,0,97,0,0,0,0,0,87,0,0,0,0,96,98
l22,14=0,0,0,0,0,0,0,94,92,58,89,78,89,0,89,0,93,92,98,99,98,100,91,0,100,100,99,100,0,0,0,91,92,91,0,0,98,93,99,92,91,52,98,93,98
l23,14=0,0,0,0,0,0,0,77,79,84,94,92,97,97,92,0,86,96,98,99,98,97,98,100,0,100,99,98,0,0,74,95,98,97,0,95,83,96,98,77,79,98,98,96,98
l24,14=0,0,0,0,0,0,0,92,55,55,95,89,97,64,92,0,93,92,98,99,98,98,61,99,100,0,99,98,0,0,86,84,98,61,0,51,77,0,89,23,95,72,98,98,98
l25,14=0,0,0,0,0,0,0,84,97,77,93,83,90,62,92,0,94,89,95,99,98,76,97,98,100,99,0,98,0,0,0,0,98,97,0,94,97,89,94,91,47,54,98,98,98
l26,14=0,0,0,0,0,0,0,13,97,98,69,98,68,70,92,0,95,89,97,99,86,100,98,100,98,98,98,0,0,0,56,0,98,97,0,97,98,90,98,99,73,97,0,97,98
l27,14=30,88,0,30,56,52,94,0,14,46,64,0,88,0,59,0,65,99,98,98,100,0,0,0,94,94,2,67,0,0,0,100,98,60,0,21,39,95,99,99,100,64,15,65,0
l28,14=0,89,0,71,23,55,0,83,0,0,44,60,99,38,59,0,39,99,100,100,100,0,0,21,99,93,0,0,0,0,100,0,99,39,0,32,40,56,60,78,64,61,14,38,0
l29,14=0,0,0,0,0,0,0,0,0,0,0,0,0,0,0,0,0,46,0,29,0,57,52,93,93,95,98,100,0,0,96,91,0,100,0,99,100,100,100,100,100,99,0,84,0
l30,14=0,0,0,0,0,0,0,0,0,0,0,0,0,0,50,0,0,40,60,0,0,93,0,97,98,98,98,98,0,0,99,98,100,0,0,99,100,99,100,100,100,99,95,0,80
l31,14=0,0,0,0,0,0,0,0,0,0,0,0,0,0,0,0,0,31,0,0,0,0,0,3,79,71,77,85,0,0,52,82,100,100,0,0,100,100,100,91,94,99,31,0,38
l32,14=0,0,0,0,0,0,0,0,0,0,0,0,0,0,0,0,0,0,0,0,0,65,0,68,74,78,75,62,0,0,56,87,100,100,0,99,0,100,100,100,25,99,0,0,0
l33,14=0,0,0,0,0,0,0,0,0,0,0,0,0,0,0,0,0,0,0,0,0,57,0,49,79,0,81,58,0,0,71,74,100,94,0,99,100,0,92,93,84,84,0,0,0
l34,14=0,0,0,0,0,0,0,0,0,0,0,0,0,0,0,0,6,31,56,97,0,98,9,98,98,80,94,98,0,0,99,83,100,100,0,99,100,100,0,100,100,99,14,0,0
l35,14=0,0,0,0,0,48,0,0,0,0,0,0,0,0,41,0,0,57,0,91,89,64,0,97,82,30,92,99,0,0,99,93,100,100,0,62,100,99,100,0,100,99,0,65,0
l36,14=0,0,0,0,48,52,0,0,0,0,68,0,55,0,50,0,0,99,0,100,100,53,0,59,80,98,69,79,0,0,100,100,100,100,0,99,37,100,100,100,0,99,0,0,0
l37,14=0,0,0,0,17,45,0,0,0,0,0,0,0,0,41,0,0,58,87,100,86,64,0,50,100,98,82,97,0,0,100,100,100,100,0,99,100,88,100,100,100,0,0,39,0
l38,14=0,0,0,0,0,0,0,0,0,0,51,0,16,0,80,0,37,83,84,98,85,85,0,90,98,96,98,0,0,0,0,2,0,82,0,0,0,0,0,0,0,0,0,98,98
l39,14=0,0,0,0,0,0,0,7,52,0,9,0,85,60,88,0,61,84,84,99,86,62,49,69,79,98,98,82,0,0,80,54,83,0,0,0,0,0,0,41,0,0,100,0,98
l40,14=0,0,0,0,0,0,0,0,0,0,0,0,0,0,92,0,89,87,92,98,91,94,90,96,97,95,96,96,0,0,0,0,0,66,0,0,0,0,0,0,0,0,98,97,0
l41,14=0,0,0,0,0,0,38,0,0,0,80,0,88,14,86,0,87,96,92,92,98,69,0,93,99,98,98,98,0,0,81,0,0,0,0,0,0,0,18,0,89,73,98,100,98
l42,14=0,0,0,0,0,0,0,0,0,0,0,0,82,0,92,0,0,65,94,99,97,96,97,98,98,98,98,96,0,0,0,0,95,73,0,0,16,0,0,0,0,0,98,98,98
l43,14=0,0,0,0,0,0,0,0,0,0,0,0,74,0,32,0,5,75,0,95,61,95,84,98,97,97,98,94,0,0,0,0,68,85,0,79,0,0,80,77,0,0,99,98,98
l44,14=0,0,0,0,0,0,0,0,0,0,0,0,80,0,91,0,89,66,83,98,96,96,88,96,98,96,97,96,0,0,0,0,83,0,0,0,0,0,0,0,0,85,98,98,98

l0,15=0,100,100,100,99,99,100,100,100,100,100,99,100,100,96,0,100,65,59,57,0,0,0,0,0,0,0,0,0,0,63,83,0,0,0,0,0,0,0,0,0,0,0,0,0
l1,15=100,0,100,100,99,99,100,100,100,56,100,99,100,100,0,0,100,99,100,100,0,0,0,0,0,0,0,0,0,0,100,0,0,0,0,0,0,0,0,0,0,0,0,0,0
l2,15=100,100,0,100,99,99,100,100,100,100,27,99,100,100,100,0,99,66,59,67,0,0,0,0,0,88,0,0,0,0,61,0,0,0,0,0,0,0,0,0,0,0,0,0,0
l3,15=100,100,100,0,99,99,100,100,98,100,100,1,100,100,100,0,97,66,59,0,0,0,0,0,0,0,0,0,0,0,63,83,0,0,0,0,0,0,0,0,0,20,0,0,0
l4,15=100,100,100,100,0,99,100,100,100,81,11,74,0,100,96,0,100,57,57,51,0,0,0,0,0,0,0,0,0,0,63,7,0,0,0,0,0,0,0,0,0,0,0,0,0
l5,15=100,100,100,100,99,0,100,100,100,76,59,99,100,100,100,0,100,64,59,0,99,0,0,0,0,0,0,0,0,0,6,83,0,0,0,0,0,0,0,0,97,0,0,0,0
l6,15=100,100,100,100,99,99,0,100,100,100,100,99,100,100,100,0,100,99,100,100,96,87,0,0,94,0,0,0,0,0,100,0,0,0,0,0,0,0,0,0,0,0,0,0,0
l7,15=100,100,100,100,99,99,100,0,100,100,100,99,100,100,100,0,100,98,100,100,100,99,0,98,0,99,97,99,0,0,0,24,0,0,0,0,0,0,0,0,0,0,0,0,0
l8,15=100,100,100,95,99,99,100,100,0,100,100,99,100,100,100,0,100,58,100,100,97,99,0,97,98,90,98,98,0,0,0,81,0,0,0,0,0,0,0,0,0,0,0,0,0
l9,15=100,54,100,100,99,99,100,100,100,0,100,99,100,100,100,0,100,62,100,100,16,92,0,96,71,98,93,98,0,0,52,0,0,0,0,0,0,0,0,0,0,0,0,53,0
l10,15=77,59,0,96,51,99,98,98,100,100,0,99,100,100,97,0,94,60,100,66,95,0,0,97,97,98,98,57,0,0,0,15,0,0,0,0,0,0,0,0,93,0,56,54,70
l11,15=100,100,100,0,98,99,100,100,100,100,100,0,100,100,97,0,100,63,100,100,100,99,0,0,98,98,98,58,0,0,62,82,0,0,0,0,0,0,0,0,0,0,0,0,0
l12,15=100,100,89,95,0,99,100,100,100,100,100,99,0,100,100,0,100,63,100,66,96,94,95,96,100,100,93,0,0,0,60,23,0,0,0,0,0,0,0,0,0,0,0,55,0
l13,15=100,100,95,88,99,99,100,100,100,100,100,99,100,0,99,0,100,72,56,100,8,94,14,96,89,97,33,56,0,0,60,78,0,0,0,0,0,0,0,0,0,0,3,0,0
l14,15=56,0,88,83,53,56,67,92,99,58,54,70,97,90,0,0,100,66,100,67,100,21,0,97,93,99,98,57,0,0,61,83,0,91,0,0,0,0,0,0,95,93,56,59,70
l15,15=61,61,88,87,55,59,77,100,100,63,54,74,100,100,100,0,0,64,100,66,100,95,96,97,99,99,99,57,0,0,61,82,0,69,0,0,0,0,0,34,0,51,56,59,70
l16,15=61,49,56,58,53,55,71,95,86,58,54,70,100,100,100,0,100,0,100,100,100,79,0,97,100,90,100,56,0,0,100,100,96,96,0,24,0,11,48,68,100,100,0,53,67
l17,15=56,53,88,87,51,59,71,100,100,59,100,99,100,94,100,0,100,99,0,100,100,98,90,96,100,100,96,52,0,0,63,83,0,0,0,0,0,0,0,0,97,92,92,61,67
l18,15=49,45,52,0,52,31,58,99,99,63,58,74,98,100,99,0,99,99,100,0,100,99,99,98,99,99,100,58,0,0,63,82,77,91,0,13,0,0,58,59,99,92,98,99,71
l19,15=0,0,0,0,0,56,72,99,99,19,57,74,98,60,100,0,100,99,100,100,0,99,90,98,100,100,100,56,0,0,63,83,0,0,0,0,0,0,53,71,99,99,61,62,70
l20,15=0,0,0,0,0,0,67,91,92,81,0,88,93,85,44,0,90,76,94,100,90,0,100,98,97,100,100,100,0,0,0,0,94,96,0,0,94,93,91,86,0,86,93,93,97
l21,15=0,0,0,0,0,0,0,28,0,8,0,0,93,70,0,0,88,0,94,100,80,100,0,98,99,97,99,100,0,0,0,0,85,0,0,0,53,0,41,0,0,17,92,91,0
l22,15=0,0,0,0,0,0,0,88,96,56,97,0,92,77,97,0,93,59,96,100,96,99,98,0,100,100,100,100,0,0,0,8,97,95,0,84,98,59,96,62,97,90,94,94,97
l23,15=0,0,0,0,0,0,41,0,92,0,95,88,97,93,98,0,96,94,97,97,97,95,96,98,0,100,100,97,0,0,96,89,98,97,0,90,45,85,88,80,82,91,96,99,100
l24,15=0,0,32,0,0,0,0,90,78,62,96,69,97,93,99,0,91,54,99,89,99,99,93,98,100,0,100,96,0,0,58,72,88,92,0,91,91,0,35,62,97,95,98,99,98
l25,15=0,0,0,0,0,0,0,78,93,39,95,47,92,17,98,0,89,91,91,100,99,89,89,98,100,100,0,99,0,0,0,0,94,93,0,8,92,37,0,82,78,81,92,99,96
l26,15=0,0,0,0,0,0,0,91,96,94,95,64,6,94,97,0,97,92,92,97,91,100,99,98,99,98,99,0,0,0,0,0,98,97,0,97,94,95,96,90,95,95,92,96,97
l27,15=63,53,62,61,58,21,74,0,0,37,0,72,95,97,100,0,97,99,21,35,74,0,0,0,98,100,0,0,0,0,0,100,100,89,0,98,96,57,52,75,100,100,0,55,0
l28,15=62,0,0,62,28,60,0,88,87,0,1,73,90,96,100,0,100,99,46,31,77,0,0,1,99,93,0,0,0,0,100,0,100,100,0,99,97,58,52,73,100,100,50,50,0
l29,15=0,0,0,0,0,0,0,0,0,0,0,0,0,0,0,0,0,94,0,17,0,99,81,98,100,96,100,100,0,0,94,100,0,100,0,99,100,100,100,100,100,100,45,63,0
l30,15=0,0,0,0,0,0,0,0,0,0,0,0,0,0,96,0,84,96,3,50,0,99,0,98,99,94,99,99,0,0,73,99,100,0,0,99,100,100,100,100,100,100,47,0,51
l31,15=0,0,0,0,0,0,0,0,0,0,0,0,0,0,0,0,0,45,0,8,0,0,0,59,68,87,2,93,0,0,76,90,100,100,0,0,100,100,100,100,100,100,1,0,48
l32,15=0,0,0,0,0,0,0,0,0,0,0,0,0,0,0,0,0,0,0,0,0,94,0,98,58,88,99,65,0,0,66,98,100,100,0,99,0,100,100,100,100,100,0,0,0
l33,15=0,0,0,0,0,0,0,0,0,0,0,0,0,0,0,0,0,30,0,0,0,83,0,59,60,0,86,63,0,0,64,78,100,97,0,99,100,0,90,97,94,94,0,0,0
l34,15=0,0,0,0,0,0,0,0,0,0,0,0,0,0,0,0,0,96,0,64,73,99,0,98,99,38,0,99,0,0,100,99,100,100,0,99,100,100,0,100,100,100,11,0,0
l35,15=0,0,0,0,0,0,0,0,0,0,0,0,0,0,0,0,67,98,0,41,71,90,0,93,93,92,99,64,0,0,100,100,100,100,0,99,100,100,100,0,100,100,0,9,0
l36,15=0,0,0,0,0,56,0,0,0,0,52,0,0,0,96,0,0,99,62,64,76,0,0,98,90,100,90,63,0,0,100,100,100,100,0,99,97,64,100,100,0,100,0,0,0
l37,15=0,0,0,0,0,0,0,0,0,0,0,0,0,0,95,0,37,99,19,28,76,90,0,96,90,100,90,58,0,0,100,100,100,100,0,99,100,64,100,100,100,0,0,29,0
l38,15=0,0,0,0,0,0,0,0,0,0,47,0,0,0,87,0,67,0,91,88,68,85,55,86,96,97,94,72,0,0,0,61,58,41,0,0,0,0,0,0,0,0,0,100,100
l39,15=0,0,0,0,0,0,0,0,0,6,41,0,84,0,91,0,82,52,85,100,89,87,79,83,99,99,99,88,0,0,52,57,79,0,0,0,0,0,0,0,0,0,99,0,100
l40,15=0,0,0,0,0,0,0,0,0,0,43,0,0,0,89,0,84,77,69,96,82,91,0,86,99,96,96,94,0,0,0,0,0,0,0,12,0,0,0,0,0,0,98,98,0
l41,15=0,0,0,0,0,0,0,67,2,0,89,41,92,83,99,0,90,98,99,97,99,90,0,95,99,99,99,96,0,0,93,0,0,14,0,0,0,0,52,0,90,0,98,100,97
l42,15=0,0,0,0,0,0,0,0,0,0,0,0,48,0,70,0,61,57,40,88,0,86,61,88,99,99,90,80,0,0,0,0,40,55,0,1,0,0,0,0,0,0,98,99,100
l43,15=0,0,0,0,0,0,0,0,0,0,0,0,0,0,77,0,70,65,59,61,58,67,60,89,66,91,98,90,0,0,0,0,67,61,0,69,0,0,67,62,0,0,93,96,97
l44,15=0,0,0,0,0,0,0,0,0,0,0,0,49,0,74,0,72,0,0,88,55,92,62,71,96,88,97,92,0,0,0,0,60,0,0,0,0,0,23,0,0,2,94,95,97

