l0,0=0,88,92,87,89,87,89,86,85,86,88,89,84,89,44,0,82,5,70,44,0,0,0,0,0,0,0,0,0,0,34,75,0,0,0,0,0,0,0,0,0,0,0,0,0
l1,0=88,0,90,91,88,87,89,85,90,52,50,89,84,92,14,0,31,42,72,0,45,0,0,0,0,0,0,0,0,0,73,65,0,0,0,0,0,0,0,0,28,0,0,0,0
l2,0=89,88,0,88,85,87,89,93,90,86,88,89,84,92,52,0,83,70,69,63,30,3,0,0,0,0,69,0,0,0,61,69,0,0,0,0,0,0,0,0,0,0,0,37,0
l3,0=89,89,92,0,89,87,89,85,90,79,67,89,79,84,20,0,62,72,6,35,6,0,0,0,0,0,0,0,0,0,77,69,0,0,0,0,0,0,0,0,0,39,0,0,0
l4,0=89,88,90,93,0,87,89,82,80,82,83,72,80,85,28,0,51,17,0,0,0,0,0,0,0,0,0,0,0,0,75,62,0,0,0,0,0,0,0,0,0,0,0,0,0
l5,0=89,89,92,85,89,0,89,92,82,29,28,88,84,80,24,0,32,58,72,4,5,0,0,0,0,0,0,0,0,0,0,0,0,0,0,0,0,0,0,0,60,28,0,0,0
l6,0=89,89,92,88,89,87,0,93,89,89,88,82,84,89,31,0,60,64,79,42,43,0,0,2,0,0,2,0,0,0,77,0,0,0,0,0,0,0,0,0,0,0,0,0,0
l7,0=86,88,92,82,25,87,89,0,90,89,88,89,84,92,80,0,83,0,80,70,85,1,70,71,72,75,77,0,0,0,63,0,0,0,0,0,0,0,0,0,0,0,0,45,0
l8,0=88,88,92,88,85,87,89,93,0,89,88,89,84,92,77,0,79,64,80,67,46,0,49,29,51,60,69,44,0,0,7,0,0,0,0,0,0,0,0,0,0,0,0,35,0
l9,0=89,88,92,75,86,79,89,92,90,0,88,89,84,92,79,0,82,60,71,34,47,37,0,30,48,64,63,3,0,0,50,54,0,0,0,0,0,0,0,0,0,0,0,0,0
l10,0=88,73,89,70,30,28,69,85,72,85,0,88,84,46,27,0,85,69,87,71,53,1,44,31,59,80,74,69,0,0,73,35,0,0,0,0,0,0,0,0,1,0,24,39,0
l11,0=88,88,90,83,24,87,43,89,90,89,88,0,84,92,82,0,83,70,67,64,82,29,4,0,55,44,64,65,0,0,52,57,0,0,0,0,0,0,0,0,0,0,0,0,0
l12,0=52,88,89,72,62,87,88,85,85,85,92,89,0,92,81,0,83,77,80,67,88,0,1,14,47,61,76,65,0,0,2,55,0,1,0,0,0,0,0,0,15,0,0,0,6
l13,0=89,88,92,77,52,87,89,93,90,89,37,89,84,0,84,0,83,76,83,40,50,34,5,31,0,75,0,10,0,0,20,6,0,0,0,0,0,0,0,0,2,0,0,0,0
l14,0=30,15,66,51,24,21,47,73,54,27,26,83,80,70,0,0,84,85,91,83,100,0,33,30,55,74,65,67,0,0,86,65,0,37,0,0,0,0,0,39,64,53,46,52,46
l15,0=43,61,79,62,27,23,48,87,53,26,92,89,82,91,87,0,0,38,91,41,57,46,40,31,40,87,72,79,0,0,75,42,2,0,0,0,0,0,2,17,62,0,34,42,0
l16,0=0,15,37,42,5,4,28,0,47,0,29,73,74,59,33,0,25,0,91,60,57,0,0,9,63,44,69,0,0,0,93,84,15,13,0,0,3,5,63,75,80,66,40,46,1
l17,0=38,49,17,0,0,24,46,71,52,22,56,71,77,80,89,0,85,89,0,62,68,45,0,23,67,65,72,66,0,0,73,66,0,0,0,0,0,0,0,0,56,40,40,41,42
l18,0=35,0,64,39,0,1,28,70,53,10,50,69,73,56,74,0,25,89,89,0,100,61,44,33,79,90,90,77,0,0,70,0,27,21,0,14,0,0,37,1,74,58,49,52,42
l19,0=0,28,52,0,0,0,19,34,42,19,53,82,82,60,89,0,82,87,90,84,0,35,35,29,74,90,87,61,0,0,91,82,0,21,0,0,0,0,0,1,91,41,1,87,58
l20,0=0,0,0,0,0,0,0,0,0,38,32,43,0,59,0,0,82,0,71,82,84,0,100,93,90,91,90,94,0,0,0,0,83,86,0,81,82,14,80,59,1,58,80,58,86
l21,0=0,0,0,0,0,0,0,72,84,0,81,4,0,0,57,0,74,0,0,80,72,99,0,85,93,85,90,93,0,0,0,0,15,83,0,0,22,0,67,39,0,0,65,8,86
l22,0=0,0,0,0,0,0,0,56,58,46,66,0,0,67,65,0,65,58,54,81,69,97,69,0,93,2,92,93,0,0,0,0,75,90,0,70,81,65,74,62,51,62,59,75,75
l23,0=0,0,0,0,0,0,0,55,35,11,27,58,53,0,31,0,40,78,72,78,90,81,89,92,0,91,92,89,0,0,0,21,54,47,0,17,0,0,80,62,65,78,77,87,91
l24,0=0,0,2,0,0,0,0,63,34,13,82,45,58,66,73,0,76,64,67,79,92,97,69,2,94,0,92,82,0,0,0,12,44,87,0,19,26,6,53,79,61,41,82,87,81
l25,0=0,0,41,0,0,0,0,64,47,9,77,56,72,0,34,0,70,60,62,82,90,78,88,94,94,91,0,86,0,0,46,0,87,89,0,40,49,62,0,72,48,68,82,87,89
l26,0=0,0,0,0,0,0,0,0,46,1,73,64,67,26,66,0,77,0,66,77,78,98,98,93,92,86,90,0,0,0,54,29,87,85,0,96,81,70,93,83,0,77,78,74,90
l27,0=1,49,29,70,24,0,21,17,2,12,24,57,0,0,29,0,30,89,43,25,51,0,0,0,0,0,33,6,0,0,0,84,29,46,0,32,21,28,52,95,86,92,17,19,39
l28,0=40,46,62,68,22,0,0,0,0,14,22,59,67,0,22,0,27,89,41,0,53,0,0,11,11,8,0,24,0,0,93,0,56,60,0,29,30,32,49,64,92,94,0,3,36
l29,0=0,0,0,0,0,0,0,0,0,0,0,0,0,0,0,0,10,23,0,46,0,85,24,82,36,36,90,83,0,0,75,82,0,100,0,99,98,98,97,97,91,94,36,4,0
l30,0=0,0,0,0,0,0,0,0,0,0,0,0,0,0,3,0,0,9,0,24,8,46,41,86,25,47,66,76,0,0,91,83,99,0,0,99,98,98,97,97,92,95,29,21,0
l31,0=0,0,0,0,0,0,0,0,0,0,0,0,0,0,0,0,0,24,0,23,0,81,0,57,24,38,57,90,0,0,57,47,99,100,0,0,98,98,97,97,92,95,22,0,0
l32,0=0,0,0,0,0,0,0,0,0,0,0,0,0,0,0,0,0,11,0,0,0,79,24,83,0,36,73,54,0,0,32,52,99,100,0,99,0,98,97,97,85,84,3,0,0
l33,0=0,0,0,0,0,0,0,0,0,0,0,0,0,0,0,0,0,34,0,0,0,0,0,44,0,0,76,40,0,0,34,40,99,100,0,99,98,0,97,90,90,46,0,0,0
l34,0=0,0,0,0,0,0,0,0,0,0,0,0,0,0,0,0,1,46,0,35,0,68,37,85,81,22,0,91,0,0,92,82,99,100,0,99,98,98,0,97,92,95,22,6,0
l35,0=0,0,0,0,0,0,0,0,0,0,0,0,0,0,6,0,6,47,0,2,3,28,21,75,30,29,51,84,0,0,93,32,64,100,0,99,98,55,97,0,92,95,5,0,0
l36,0=0,4,0,0,0,21,0,0,0,0,0,0,0,0,24,0,27,53,39,35,33,0,0,26,32,26,40,0,0,0,92,50,40,100,0,94,54,46,92,97,0,95,0,8,0
l37,0=0,0,0,13,0,18,0,0,0,0,0,0,0,0,21,0,0,68,43,37,30,29,0,31,31,23,50,80,0,0,93,84,97,100,0,99,95,35,97,97,92,0,28,0,0
l38,0=0,0,0,0,0,0,0,0,0,0,60,0,0,0,68,0,63,66,64,71,0,69,57,68,78,87,79,74,0,0,7,0,6,63,0,2,0,0,37,0,0,36,0,87,91
l39,0=0,0,3,0,0,0,0,33,20,0,17,0,0,0,69,0,63,66,60,73,72,33,16,71,90,83,90,46,0,0,10,0,0,46,0,0,0,0,0,0,3,0,82,0,88
l40,0=0,0,0,0,0,0,0,0,0,0,0,0,0,0,65,0,0,3,52,71,83,67,72,71,92,76,81,82,0,0,66,41,0,0,0,0,0,0,0,0,0,0,82,87,0
l41,0=0,0,0,0,0,0,0,0,0,34,65,0,52,50,67,0,64,67,71,75,84,0,71,77,93,86,84,78,0,0,76,30,58,0,0,1,0,0,0,0,40,39,82,88,89
l42,0=0,0,0,0,0,0,0,0,0,0,0,0,0,0,61,0,53,59,58,71,62,67,32,87,93,88,90,68,0,0,0,0,2,61,0,0,0,0,53,0,0,0,82,87,89
l43,0=0,0,0,0,0,0,0,0,0,0,21,0,0,0,39,0,0,35,25,58,63,77,70,82,90,88,87,79,0,0,0,0,44,79,0,8,24,0,49,0,0,0,82,87,91
l44,0=0,0,0,0,0,0,0,0,0,0,5,39,29,0,63,0,51,57,61,63,59,71,72,75,92,86,86,79,0,0,0,0,45,23,0,0,0,0,53,0,0,0,82,86,85

l0,1=0,86,89,91,92,88,88,89,82,80,71,78,85,86,39,0,85,0,2,0,0,0,0,0,0,0,0,0,0,0,76,33,0,0,0,0,0,0,0,0,0,0,0,0,0
l1,1=89,0,89,88,92,88,88,82,82,78,67,78,80,86,57,0,48,40,61,55,55,0,0,0,0,0,0,0,0,0,44,1,0,0,0,0,0,0,0,0,0,0,0,0,0
l2,1=92,86,0,89,91,88,88,94,82,81,71,78,85,90,72,0,85,73,69,52,54,0,0,4,0,67,13,0,0,0,28,6,0,0,0,0,0,0,0,0,0,0,0,0,0
l3,1=92,87,89,0,92,88,88,87,82,75,70,78,85,85,65,0,80,64,20,33,10,0,0,0,0,0,0,0,0,0,72,65,0,0,0,0,0,0,0,0,0,2,0,0,0
l4,1=91,87,87,92,0,88,85,78,78,77,28,37,85,85,32,0,65,34,0,0,0,0,0,0,0,0,0,0,0,0,43,28,0,0,0,0,0,0,0,0,0,0,0,0,0
l5,1=91,84,89,85,92,0,88,92,80,75,45,47,70,85,56,0,53,4,62,0,0,0,0,0,0,0,0,0,0,0,0,0,0,0,0,0,0,0,0,0,41,13,0,0,0
l6,1=91,86,89,89,87,88,0,94,82,78,72,68,85,86,49,0,84,39,64,66,53,0,0,1,0,0,0,0,0,0,38,0,0,0,0,0,0,0,0,0,0,0,0,0,0
l7,1=91,84,89,84,76,88,88,0,82,81,72,78,85,90,71,0,85,0,66,60,62,50,44,59,0,73,65,0,0,0,9,0,0,0,0,0,0,0,0,0,0,0,0,35,0
l8,1=91,86,89,89,86,88,88,94,0,81,71,78,67,90,74,0,84,52,68,71,9,54,45,45,56,60,61,5,0,0,27,26,0,0,0,0,0,0,0,0,0,0,0,0,0
l9,1=90,84,89,55,75,63,85,94,82,0,72,78,85,90,70,0,66,45,68,58,47,33,0,0,61,3,48,30,0,0,21,26,0,0,0,0,0,0,0,0,0,0,22,0,0
l10,1=62,71,48,63,59,76,85,86,73,78,0,78,85,85,56,0,88,65,70,71,65,29,50,19,50,74,67,56,0,0,40,17,0,24,0,0,0,0,0,0,0,0,31,49,45
l11,1=89,83,88,65,42,88,81,89,82,81,71,0,85,90,74,0,85,56,73,67,59,0,0,9,53,63,62,0,0,0,16,38,0,0,0,0,0,0,0,0,0,0,0,31,0
l12,1=58,74,87,62,81,69,86,87,46,78,76,78,0,90,74,0,85,70,73,73,72,41,0,32,51,71,66,55,0,0,26,19,0,0,0,0,0,0,0,0,0,0,0,0,0
l13,1=89,86,89,72,86,88,85,89,82,81,74,78,85,0,74,0,88,30,73,70,45,31,42,31,61,71,57,38,0,0,27,14,0,0,0,0,0,0,0,0,0,0,0,0,0
l14,1=26,39,41,50,40,39,26,55,61,61,34,70,78,72,0,0,88,45,81,83,80,38,41,47,59,62,59,38,0,0,42,32,0,6,0,0,0,0,54,0,48,40,35,72,60
l15,1=36,38,45,48,52,47,48,71,70,61,75,77,85,85,82,0,0,41,79,74,75,44,56,58,63,71,63,53,0,0,46,20,0,0,0,0,0,0,0,37,45,13,17,67,29
l16,1=0,16,27,45,32,11,7,0,53,55,21,7,39,57,49,0,27,0,72,85,63,20,0,25,67,47,42,35,0,0,53,50,0,56,0,0,30,0,66,49,30,23,24,31,19
l17,1=0,27,36,1,0,29,21,47,58,62,45,43,63,75,82,0,81,45,0,81,76,23,33,49,61,36,63,51,0,0,31,10,0,0,0,0,0,0,0,12,28,25,35,29,61
l18,1=0,10,2,0,0,0,26,31,59,39,41,40,57,57,79,0,50,76,73,0,76,57,48,20,86,83,82,66,0,0,40,39,3,40,0,9,0,0,53,53,62,38,43,84,14
l19,1=0,35,27,0,0,0,36,53,12,57,40,40,56,62,82,0,82,74,81,85,0,39,32,25,68,67,65,51,0,0,43,38,0,61,0,0,0,0,32,11,55,25,36,73,60
l20,1=0,0,0,0,0,0,0,47,57,40,39,0,57,42,56,0,68,36,44,82,60,0,90,70,84,85,81,89,0,0,12,0,66,49,0,59,55,33,78,38,19,10,60,74,69
l21,1=0,0,0,0,0,0,0,13,33,0,62,0,0,53,62,0,69,0,60,73,47,93,0,68,84,78,77,84,0,0,0,0,43,78,0,0,11,0,35,42,0,1,50,74,67
l22,1=0,0,0,0,0,0,0,50,46,0,17,10,31,36,64,0,61,49,53,36,32,73,72,0,85,75,83,84,0,0,0,0,71,80,0,67,62,40,77,60,30,30,69,61,45
l23,1=0,0,0,0,0,0,0,0,36,54,40,36,39,53,70,0,67,69,63,80,60,81,82,72,0,85,82,84,0,0,0,39,0,68,0,39,0,40,72,39,50,68,57,83,85
l24,1=0,0,31,0,0,0,0,57,39,0,67,56,63,63,70,0,74,59,35,79,61,87,75,62,86,0,82,80,0,0,0,47,46,56,0,21,40,31,29,65,61,60,84,76,76
l25,1=0,0,0,0,0,0,0,42,43,33,64,41,54,45,46,0,67,51,65,82,62,87,83,79,86,86,0,85,0,0,0,0,72,25,0,31,57,36,26,24,2,37,85,85,66
l26,1=0,0,0,0,0,0,0,9,29,35,63,0,55,52,47,0,59,48,51,73,58,89,81,73,83,80,77,0,0,0,0,0,74,83,0,68,62,44,83,64,16,52,71,71,79
l27,1=28,35,0,53,24,4,25,0,38,0,33,6,27,37,44,0,48,81,42,45,54,0,0,0,0,0,0,0,0,0,0,82,47,80,0,40,2,13,52,87,93,84,0,40,0
l28,1=16,0,0,42,17,0,0,1,33,49,3,22,11,0,40,0,17,83,19,81,62,0,0,0,34,55,0,0,0,0,85,0,67,75,0,52,34,0,76,80,93,53,0,12,0
l29,1=0,0,0,0,0,0,0,0,0,0,0,0,0,0,0,0,0,0,0,5,0,58,17,77,0,54,80,85,0,0,55,71,0,94,0,87,91,98,95,90,93,92,17,0,0
l30,1=0,0,0,0,0,0,0,0,0,0,0,0,0,0,0,0,0,36,0,13,42,10,33,72,35,59,23,81,0,0,84,54,89,0,0,87,91,92,95,90,93,93,0,14,0
l31,1=0,0,0,0,0,0,0,0,0,0,0,0,0,0,0,0,0,0,0,23,0,59,1,74,52,23,60,74,0,0,51,58,89,94,0,0,91,98,95,74,93,93,0,0,0
l32,1=0,0,0,0,0,0,0,0,0,0,0,0,0,0,0,0,0,41,0,0,0,47,12,43,0,45,63,49,0,0,5,34,89,94,0,87,0,98,95,90,74,83,0,0,0
l33,1=0,0,0,0,0,0,0,0,0,0,0,0,0,0,0,0,0,0,0,0,0,18,0,46,36,10,60,44,0,0,26,0,89,82,0,87,91,0,85,81,87,50,0,0,0
l34,1=0,0,0,0,0,0,0,0,0,0,0,0,0,0,10,0,0,49,0,16,14,69,12,67,74,19,27,81,0,0,21,72,89,94,0,87,91,96,0,90,93,93,21,21,0
l35,1=0,0,0,0,0,0,0,0,0,0,0,0,0,0,0,0,5,27,0,35,4,15,12,40,18,74,40,59,0,0,85,46,89,94,0,56,81,55,95,0,93,93,0,0,0
l36,1=0,0,0,0,0,5,0,0,0,0,0,0,0,0,36,0,34,64,19,51,74,4,0,24,38,70,3,0,0,0,85,80,84,93,0,67,41,58,91,88,0,90,0,33,0
l37,1=0,0,0,0,0,13,0,0,0,0,0,0,0,0,30,0,13,62,31,61,15,8,11,28,76,70,59,53,0,0,85,82,85,94,0,87,88,63,95,90,93,0,0,0,0
l38,1=0,0,0,0,0,0,0,0,0,0,52,0,0,0,69,0,26,60,61,73,45,50,48,59,60,78,72,70,0,0,0,0,27,0,0,0,0,0,43,0,0,0,0,83,86
l39,1=0,0,0,0,0,0,0,26,0,0,35,17,0,0,69,0,67,34,32,77,60,71,65,55,85,73,81,70,0,0,21,2,0,24,0,0,0,0,29,0,14,0,84,0,86
l40,1=0,0,0,0,0,0,0,0,0,0,30,0,0,0,64,0,23,13,57,23,54,58,48,39,85,73,61,74,0,0,0,0,0,0,0,0,0,0,0,0,0,0,83,83,0
l41,1=0,0,0,0,0,0,0,0,21,37,63,40,34,46,76,0,68,61,51,80,44,74,53,65,86,80,75,73,0,0,46,53,0,34,0,7,0,0,23,0,0,0,86,85,84
l42,1=0,0,0,0,0,0,0,0,0,0,0,0,0,0,55,0,52,50,0,73,40,58,57,67,85,84,81,63,0,0,0,0,32,42,0,0,0,0,30,0,0,0,84,83,79
l43,1=0,0,0,0,0,0,0,0,0,0,7,0,0,0,28,0,29,35,27,52,40,77,47,48,79,79,76,54,0,0,0,0,26,39,0,30,0,0,0,4,0,0,79,79,86
l44,1=0,0,0,0,0,0,0,0,0,0,0,0,13,0,53,0,0,0,55,54,55,67,54,62,82,82,55,79,0,0,42,6,0,11,0,0,0,0,26,0,0,0,83,78,86

l0,2=0,89,87,88,80,82,86,77,81,86,70,67,68,73,0,0,59,38,57,0,0,0,0,0,0,0,0,0,0,0,28,13,0,0,0,0,0,0,0,0,0,0,0,0,0
l1,2=87,0,87,80,81,82,86,72,79,83,72,83,78,80,64,0,80,44,65,34,55,0,0,0,0,0,0,0,0,0,29,46,0,0,0,0,0,0,0,0,0,0,0,0,0
l2,2=90,89,0,72,68,82,86,83,83,87,70,80,81,72,64,0,26,45,55,45,27,0,0,15,0,30,0,0,0,0,27,44,0,0,0,0,0,0,0,0,0,0,0,0,0
l3,2=91,89,77,0,81,82,86,77,83,76,71,80,79,76,42,0,69,0,49,0,6,0,0,0,0,0,0,0,0,0,30,1,0,0,0,0,0,0,0,0,0,0,0,0,0
l4,2=91,89,77,88,0,82,73,0,78,76,70,76,70,77,45,0,64,39,38,0,0,0,0,0,0,0,0,0,0,0,29,5,0,0,0,0,0,0,0,0,0,0,0,0,0
l5,2=89,89,85,80,81,0,86,80,82,81,71,28,79,74,64,0,78,31,60,50,0,0,0,0,0,0,0,0,0,0,34,24,0,0,0,0,0,0,0,0,0,0,0,0,0
l6,2=89,89,87,82,64,81,0,86,83,87,70,77,81,82,61,0,82,45,53,0,46,0,0,0,0,0,0,0,0,0,26,37,0,0,0,0,0,0,0,0,0,0,0,0,0
l7,2=87,86,87,78,0,80,86,0,83,87,70,83,78,80,64,0,80,0,67,57,61,34,40,38,17,36,20,0,0,0,0,0,0,0,0,0,0,0,0,0,0,0,0,0,0
l8,2=90,86,87,82,68,75,85,85,0,86,70,81,79,76,69,0,80,0,65,59,0,16,50,40,0,25,20,27,0,0,20,36,0,0,0,0,0,0,0,0,0,0,0,0,0
l9,2=88,86,86,66,65,74,84,81,83,0,70,82,78,78,67,0,72,43,65,57,56,34,15,9,21,25,20,29,0,0,0,38,0,0,0,0,0,0,0,0,0,0,0,37,0
l10,2=74,73,74,61,49,75,66,59,69,82,0,80,81,77,61,0,81,44,69,64,60,0,43,34,19,36,23,25,0,0,20,39,0,0,0,0,0,0,0,0,0,0,22,35,46
l11,2=58,86,81,64,62,0,74,85,83,87,70,0,81,82,67,0,80,41,67,8,65,44,45,26,17,35,19,0,0,0,20,37,0,0,0,0,0,0,0,0,0,0,19,41,44
l12,2=57,83,81,73,54,75,81,76,78,81,76,83,0,80,67,0,80,45,67,63,64,0,42,35,24,35,18,34,0,0,20,34,0,0,0,0,0,0,0,0,0,1,12,35,0
l13,2=85,86,81,78,66,75,84,81,83,87,70,83,81,0,67,0,80,40,62,52,57,0,0,36,18,25,0,0,0,0,21,36,0,0,0,0,0,0,0,0,0,0,0,0,0
l14,2=0,63,50,35,38,55,55,45,68,70,65,72,69,61,0,0,82,51,80,77,85,41,48,53,53,70,70,22,0,0,62,56,0,0,0,0,0,0,29,38,47,8,30,68,54
l15,2=53,68,18,42,33,58,76,70,72,64,73,80,79,72,82,0,0,44,66,64,73,52,56,47,23,36,23,29,0,0,26,45,0,0,0,0,0,0,0,41,38,6,27,46,12
l16,2=52,37,30,0,36,39,34,0,0,60,67,35,62,41,51,0,73,0,69,80,81,3,0,27,64,54,5,14,0,0,90,83,12,4,0,0,0,0,23,25,56,6,26,37,31
l17,2=60,60,42,1,34,54,54,51,64,66,74,73,72,50,82,0,71,46,0,61,85,43,49,41,22,25,19,28,0,0,24,40,0,0,0,0,0,0,0,0,39,0,26,42,52
l18,2=0,8,11,0,0,40,0,43,56,47,64,17,56,34,75,0,62,77,53,0,85,78,45,61,84,72,86,63,0,0,73,70,0,0,0,2,0,4,41,33,48,8,73,40,42
l19,2=0,55,1,0,0,0,42,45,0,55,69,61,67,51,82,0,76,75,80,80,0,47,0,41,62,79,56,67,0,0,27,68,0,2,0,0,0,0,9,0,55,8,26,51,53
l20,2=0,0,0,0,0,0,2,35,33,40,0,59,0,0,56,0,62,12,62,78,68,0,93,89,77,85,84,88,0,0,0,0,63,73,0,69,0,55,26,55,25,8,73,66,72
l21,2=0,0,0,0,0,0,0,9,50,0,46,50,43,0,43,0,64,0,57,57,0,91,0,78,79,79,74,84,0,0,0,0,1,21,0,0,0,0,0,0,0,0,64,66,58
l22,2=0,0,0,0,0,0,0,36,54,0,35,28,37,27,56,0,62,14,59,64,54,79,71,0,83,80,85,86,0,0,0,0,65,77,0,63,70,0,71,51,53,0,72,68,54
l23,2=0,0,0,0,0,0,0,24,0,50,41,36,57,25,57,0,65,67,62,77,73,70,75,83,0,85,85,83,0,0,0,0,43,60,0,51,38,42,57,0,39,61,78,79,83
l24,2=0,0,22,0,0,0,0,54,40,34,66,61,63,24,69,0,69,59,36,72,76,81,80,80,84,0,85,80,0,0,11,31,15,1,0,4,13,16,18,40,56,26,78,73,79
l25,2=0,0,0,0,0,8,0,30,39,39,60,40,38,0,70,0,68,22,34,75,71,79,80,89,84,85,0,81,0,0,0,29,24,67,0,6,75,18,32,0,49,7,78,74,81
l26,2=0,0,0,0,0,0,0,0,43,45,45,21,60,0,33,0,52,37,58,72,77,85,82,87,79,80,81,0,0,0,0,0,68,83,0,77,66,55,78,22,43,38,74,70,78
l27,2=60,64,46,54,43,69,41,0,52,0,25,54,48,32,68,0,72,77,64,79,61,0,0,0,0,16,0,0,0,0,0,83,51,83,0,17,26,47,71,86,93,83,0,25,0
l28,2=0,49,39,0,12,35,46,0,51,50,57,38,39,29,63,0,67,77,35,79,69,0,0,0,0,39,15,0,0,0,92,0,59,79,0,34,18,16,83,78,93,93,0,0,3
l29,2=0,0,0,0,0,0,0,0,0,0,0,0,0,0,0,0,0,22,0,0,0,69,22,87,58,52,56,86,0,0,57,76,0,97,0,94,95,99,94,92,93,92,11,0,0
l30,2=0,0,0,0,0,0,0,0,0,0,0,0,0,0,0,0,0,53,0,0,36,53,44,80,53,40,60,88,0,0,88,81,83,0,0,94,95,99,94,92,93,94,0,40,0
l31,2=0,0,0,0,0,0,0,0,0,0,0,0,0,0,0,0,0,22,0,47,0,62,0,78,54,44,47,83,0,0,51,63,83,97,0,0,95,99,94,92,93,94,49,0,0
l32,2=0,0,0,0,0,0,0,0,0,0,0,0,0,0,0,0,0,0,0,1,0,0,0,80,55,53,72,60,0,0,55,51,83,97,0,94,0,99,94,91,0,87,0,45,0
l33,2=0,0,0,0,0,0,0,0,0,0,0,0,0,0,0,0,0,0,0,0,0,60,0,0,54,47,39,55,0,0,62,45,83,97,0,94,95,0,92,84,83,73,0,0,0
l34,2=0,0,0,0,0,0,0,0,0,0,0,0,0,0,12,0,0,46,0,50,21,26,0,83,62,6,46,80,0,0,78,83,83,97,0,94,95,95,0,92,93,94,51,41,0
l35,2=0,0,0,0,0,0,0,0,0,0,0,0,0,0,38,0,49,48,0,52,0,50,0,68,0,58,0,10,0,0,86,77,83,97,0,89,95,95,94,0,93,94,0,0,0
l36,2=0,0,0,0,0,0,0,0,0,0,0,0,0,0,48,0,35,70,37,64,76,15,3,45,34,75,54,29,0,0,92,83,80,93,0,89,0,85,92,92,0,94,0,0,0
l37,2=0,0,0,0,0,0,0,0,0,0,0,0,35,0,38,0,44,69,29,79,46,36,35,0,76,75,52,35,0,0,92,83,83,97,0,91,88,84,94,92,93,0,35,32,0
l38,2=0,0,0,0,0,0,0,0,0,0,7,15,0,0,53,0,57,39,58,69,61,66,43,69,74,73,75,71,0,0,0,0,0,0,0,3,0,0,41,0,0,0,0,78,84
l39,2=0,0,0,0,0,0,0,0,0,20,37,48,40,0,69,0,56,35,57,56,63,43,61,75,84,78,84,76,0,0,11,0,0,1,0,0,9,0,34,0,0,0,81,0,86
l40,2=0,0,0,0,0,0,0,0,0,0,38,18,0,0,51,0,10,37,59,49,57,63,35,39,76,71,72,72,0,0,0,0,0,0,0,0,0,0,0,0,0,0,81,78,0
l41,2=0,0,0,0,0,0,0,0,0,5,57,34,33,39,64,0,65,67,62,77,66,68,0,69,84,78,72,75,0,0,2,45,0,0,0,0,2,0,35,20,5,0,82,79,86
l42,2=0,0,0,0,0,0,0,0,0,0,0,0,0,0,50,0,56,49,55,71,50,58,57,78,79,79,80,73,0,0,0,0,20,2,0,0,0,0,54,0,0,0,78,76,82
l43,2=0,0,0,0,0,0,0,0,0,0,0,0,0,0,24,0,23,0,40,46,40,63,43,33,54,76,75,74,0,0,0,0,1,6,0,13,9,0,31,0,0,0,78,73,83
l44,2=0,0,0,0,0,0,0,0,0,0,0,0,2,0,31,0,42,37,43,50,53,55,47,62,78,77,63,71,0,0,0,0,0,1,0,0,0,0,34,0,0,0,78,72,80

l0,3=0,84,87,92,87,87,65,93,64,53,20,35,49,86,73,0,59,0,32,0,0,0,0,0,0,0,0,0,0,0,56,66,0,0,0,0,0,0,0,0,0,0,0,0,0
l1,3=84,0,87,92,87,87,65,89,68,47,20,37,50,87,69,0,62,75,80,61,55,0,0,0,56,0,0,0,0,0,59,71,0,0,0,0,0,0,0,0,0,0,0,0,0
l2,3=82,83,0,85,78,74,65,92,68,49,20,36,51,90,74,0,62,73,76,66,39,0,0,20,0,0,18,0,0,0,59,63,0,0,0,0,0,0,0,0,0,0,0,0,0
l3,3=89,86,85,0,87,87,49,84,67,48,20,36,50,87,0,0,63,66,48,0,38,0,0,0,0,0,0,0,0,0,54,28,0,0,0,0,0,0,0,0,0,0,0,0,0
l4,3=89,86,83,92,0,87,53,85,66,46,19,36,47,83,70,0,51,0,70,0,0,0,0,0,0,0,0,0,0,0,4,0,0,0,0,0,0,0,0,0,34,0,0,0,0
l5,3=89,86,87,92,87,0,65,94,66,50,23,35,55,87,65,0,0,71,72,62,45,0,0,0,0,0,0,0,0,0,63,65,0,0,0,0,0,0,0,0,0,0,0,0,0
l6,3=82,86,87,81,80,87,0,91,65,53,20,35,51,91,75,0,65,77,79,4,3,0,0,6,0,4,0,0,0,0,54,0,0,0,0,0,0,0,0,0,0,0,0,0,0
l7,3=80,73,85,77,78,73,47,0,67,49,13,39,50,89,78,0,62,57,80,70,52,0,0,56,57,59,73,1,0,0,0,0,0,0,0,0,0,0,0,0,0,0,0,0,0
l8,3=79,73,85,82,78,73,47,91,0,49,13,36,50,90,80,0,57,44,83,70,53,0,63,42,0,54,63,61,0,0,43,0,0,0,0,0,0,0,0,0,0,0,0,52,0
l9,3=79,69,84,79,78,72,47,91,67,0,20,36,50,90,76,0,62,63,80,69,54,34,0,45,63,55,61,58,0,0,47,55,0,0,0,0,0,0,0,0,0,0,20,0,0
l10,3=70,68,81,76,73,73,45,80,56,47,0,29,54,90,84,0,68,76,88,71,63,68,45,52,54,60,76,71,0,0,37,72,0,0,0,0,0,0,0,0,0,0,0,59,0
l11,3=74,73,84,76,78,72,47,91,68,49,19,0,54,90,78,0,63,76,79,66,59,64,48,41,64,57,71,57,0,0,60,63,0,0,0,0,0,0,0,0,0,0,0,61,0
l12,3=72,65,83,76,76,72,47,90,62,37,23,40,0,91,82,0,67,76,78,62,58,44,48,37,63,55,72,71,0,0,36,0,0,0,0,0,0,0,0,0,0,49,0,54,0
l13,3=79,73,84,79,78,72,47,91,67,49,20,36,52,0,78,0,62,77,77,62,58,61,0,58,64,57,0,0,0,0,54,72,0,0,0,0,0,0,0,0,0,0,0,0,0
l14,3=49,37,60,0,43,49,39,79,63,29,20,31,49,79,0,0,69,90,96,76,85,65,51,45,55,58,75,50,0,0,40,72,0,0,0,0,0,0,0,51,42,0,46,71,53
l15,3=51,52,67,68,45,0,47,90,52,45,22,35,50,86,88,0,0,85,88,75,72,77,66,52,67,60,76,56,0,0,62,56,0,0,0,0,0,0,0,0,46,40,47,62,6
l16,3=0,44,56,34,0,47,42,48,28,23,14,26,36,55,92,0,69,0,87,89,85,43,0,33,50,59,70,53,0,0,91,91,0,65,0,0,19,0,54,77,79,53,42,54,50
l17,3=1,46,62,1,50,58,40,67,62,41,23,32,46,63,92,0,69,84,0,80,74,64,50,57,75,38,45,44,0,0,67,71,0,0,0,0,0,0,0,0,59,48,47,62,46
l18,3=0,21,44,0,0,39,0,70,55,35,17,27,33,48,86,0,62,92,95,0,85,79,64,48,87,72,88,79,0,0,83,73,0,0,0,23,0,16,50,0,59,60,55,0,30
l19,3=0,42,33,23,16,45,0,58,55,23,19,33,43,70,92,0,69,92,96,89,0,69,57,44,79,69,78,78,0,0,76,81,30,0,0,4,0,0,3,20,64,0,67,63,4
l20,3=0,0,0,0,0,0,0,0,0,1,15,21,15,48,73,0,60,45,73,83,57,0,98,90,60,72,81,93,0,0,0,0,83,79,0,79,50,62,74,0,0,0,78,68,70
l21,3=0,0,0,0,0,0,0,0,48,0,8,20,24,0,66,0,50,0,66,81,46,95,0,88,84,59,83,92,0,0,0,0,0,0,0,57,0,19,0,0,0,0,42,65,0
l22,3=0,0,0,0,0,0,0,62,26,18,10,14,17,62,61,0,42,38,73,67,36,91,80,0,83,70,88,93,0,0,29,3,19,71,0,59,84,24,67,30,29,44,76,72,45
l23,3=0,7,0,0,0,0,0,42,0,27,9,16,30,54,52,0,46,57,81,87,63,45,80,90,0,72,88,90,0,0,26,0,54,54,0,62,51,23,54,54,18,55,78,74,82
l24,3=0,0,0,0,0,1,6,74,32,28,16,21,26,63,69,0,49,64,52,83,61,90,47,89,87,0,87,82,0,0,0,26,55,52,0,46,31,17,31,61,48,57,75,74,66
l25,3=0,0,0,0,0,0,0,69,36,20,15,17,30,0,79,0,48,65,30,83,49,89,71,91,86,72,0,88,0,0,21,48,59,68,0,60,66,0,49,0,48,35,78,74,72
l26,3=0,0,0,0,0,0,0,22,26,19,14,15,34,0,48,0,32,39,35,83,61,95,91,91,83,64,82,0,0,0,0,0,80,82,0,84,73,28,74,70,23,31,52,40,59
l27,3=58,57,57,36,12,70,27,0,30,16,6,28,19,48,55,0,59,92,80,84,74,0,0,36,45,0,42,0,0,0,0,91,78,83,0,0,50,0,90,89,92,89,29,0,3
l28,3=43,43,49,2,0,52,0,0,0,21,14,23,0,57,75,0,55,92,77,86,63,0,0,18,0,23,61,0,0,0,91,0,74,95,0,57,63,40,94,95,92,96,39,42,0
l29,3=0,0,0,0,0,0,0,0,0,0,0,0,0,0,0,0,0,0,0,7,31,90,0,31,73,62,75,88,0,0,86,84,0,100,0,100,98,100,98,99,86,100,0,0,0
l30,3=0,0,0,0,0,0,0,0,0,0,0,0,0,0,0,0,0,80,0,0,0,87,0,86,72,53,81,93,0,0,86,91,97,0,0,100,98,100,98,99,92,100,44,0,39
l31,3=0,0,0,0,0,0,0,0,0,0,0,0,0,0,0,0,0,0,0,59,28,81,63,78,79,50,72,88,0,0,0,67,97,100,0,0,98,98,98,99,92,99,38,46,0
l32,3=0,0,0,0,0,0,0,0,0,0,0,0,0,0,0,0,0,39,0,0,0,68,0,87,71,44,76,74,0,0,77,78,97,100,0,100,0,100,98,99,84,100,0,51,0
l33,3=0,0,0,0,0,0,0,0,0,0,0,0,0,0,0,0,0,0,0,9,0,77,9,64,49,0,0,44,0,0,0,69,97,100,0,97,98,0,97,99,85,70,0,0,0
l34,3=0,0,0,0,0,0,0,0,0,0,0,0,0,0,0,0,0,72,0,71,0,80,0,83,71,25,66,83,0,0,91,91,97,100,0,100,98,100,0,99,92,100,53,0,14
l35,3=0,0,0,0,0,0,0,0,0,0,0,0,0,0,66,0,0,87,0,0,23,0,0,53,74,63,0,78,0,0,91,91,97,100,0,100,98,100,98,0,92,100,43,0,0
l36,3=0,0,0,0,41,0,0,0,0,0,0,0,0,0,66,0,58,91,83,84,74,0,0,59,41,63,77,48,0,0,91,91,85,99,0,99,93,91,98,99,0,100,0,43,0
l37,3=0,0,0,0,0,0,0,0,0,0,0,0,32,0,0,0,42,81,85,88,0,0,0,76,82,66,69,64,0,0,91,91,97,100,0,100,98,92,98,99,92,0,55,8,0
l38,3=0,0,0,0,0,0,0,0,0,0,0,0,0,0,61,0,29,49,54,58,48,63,29,59,70,48,67,46,0,0,2,38,0,15,0,0,0,0,31,7,0,9,0,78,79
l39,3=0,0,0,0,0,0,0,0,26,0,9,20,21,0,67,0,36,55,61,0,42,50,46,60,79,62,77,35,0,0,0,30,0,0,0,20,28,0,0,0,15,0,83,0,81
l40,3=0,0,0,0,0,0,0,0,0,0,0,0,0,0,58,0,1,56,53,41,0,50,0,40,77,49,71,59,0,0,0,0,0,19,0,0,0,0,0,0,0,0,82,78,0
l41,3=0,0,0,0,0,0,0,0,0,1,6,2,24,62,76,0,45,73,79,81,50,62,41,72,85,71,85,69,0,0,0,45,0,39,0,0,0,0,1,0,0,2,83,78,78
l42,3=0,0,0,0,0,0,0,0,0,0,0,0,0,0,51,0,25,42,39,67,42,63,48,67,82,61,78,75,0,0,0,0,43,0,0,33,28,25,41,0,0,0,77,74,78
l43,3=0,0,0,0,0,0,0,0,0,0,0,0,0,0,40,0,15,36,31,37,26,62,27,48,49,49,72,75,0,0,0,0,38,27,0,28,0,0,30,0,0,0,76,72,75
l44,3=0,0,0,0,0,0,0,0,0,0,0,0,0,0,50,0,19,45,27,52,30,48,52,60,83,59,73,0,0,0,0,0,30,40,0,0,0,0,30,2,0,3,78,71,73

l0,4=0,95,92,95,98,100,92,96,92,92,85,94,89,88,69,0,65,69,0,38,0,0,0,0,0,0,0,0,0,0,25,80,0,0,0,0,0,0,0,0,0,0,0,0,0
l1,4=95,0,95,95,98,100,92,91,94,92,85,94,87,89,64,0,57,0,29,66,60,0,0,0,42,0,0,0,0,0,2,54,0,0,0,0,0,0,0,0,0,0,0,0,0
l2,4=88,95,0,90,98,94,92,94,94,93,87,94,90,88,0,0,64,71,71,58,0,0,0,0,0,0,56,0,0,0,66,11,0,0,0,0,0,0,0,0,0,0,0,0,0
l3,4=95,95,92,0,98,100,91,93,94,91,87,92,88,88,67,0,65,72,76,0,0,0,0,0,0,0,0,0,0,0,86,84,0,0,0,0,0,0,0,0,0,0,0,0,0
l4,4=95,95,95,95,0,100,92,96,94,4,86,90,91,89,59,0,65,70,75,0,0,0,0,0,0,0,0,0,0,0,25,86,0,0,0,0,0,0,0,0,0,0,0,0,0
l5,4=95,95,94,95,98,0,92,97,80,91,89,94,90,81,12,0,51,64,62,0,62,0,0,0,0,0,0,0,0,0,91,63,0,0,0,0,0,0,0,0,72,0,0,0,0
l6,4=85,95,93,88,90,100,0,89,91,94,86,89,89,88,68,0,66,73,75,0,64,0,0,0,0,57,0,0,0,0,86,0,0,0,0,0,0,0,0,0,0,0,0,0,0
l7,4=81,90,90,89,89,92,89,0,93,93,86,94,89,88,68,0,66,0,75,75,62,6,0,57,58,75,70,68,0,0,0,0,0,0,0,0,0,0,0,0,0,0,0,0,0
l8,4=81,92,94,89,86,78,82,96,0,94,68,94,89,88,71,0,64,24,75,75,54,43,0,56,60,15,64,67,0,0,63,0,0,0,0,0,0,0,0,0,0,0,0,48,0
l9,4=80,90,90,83,61,93,89,91,91,0,87,94,89,88,69,0,66,69,75,66,63,13,0,57,68,72,0,70,0,0,71,57,0,0,0,0,0,0,0,0,0,0,0,16,0
l10,4=66,77,78,74,74,91,75,73,77,87,0,82,91,85,68,0,73,69,73,71,65,34,56,63,69,71,70,72,0,0,69,61,0,0,0,0,0,0,0,0,27,49,65,60,0
l11,4=80,90,90,72,73,82,81,91,91,93,82,0,91,88,61,0,66,66,75,71,61,0,37,64,65,67,69,72,0,0,23,69,0,0,0,0,0,0,0,0,0,0,0,2,0
l12,4=76,78,84,74,76,93,86,92,91,88,89,95,0,89,70,0,73,73,62,69,71,0,57,63,73,67,71,76,0,0,0,33,0,0,0,0,0,0,0,0,0,0,33,53,63
l13,4=79,92,90,83,83,79,88,91,91,93,87,94,90,0,70,0,63,72,73,67,69,51,0,62,68,67,69,74,0,0,56,66,0,0,0,0,0,0,0,0,0,0,0,56,0
l14,4=62,64,0,64,59,40,70,72,76,74,84,78,84,81,0,0,73,81,83,72,79,52,0,63,65,78,70,74,0,0,71,54,0,0,0,0,0,0,5,74,50,58,68,59,67
l15,4=63,60,71,74,71,73,81,81,76,81,89,92,91,66,70,0,0,73,76,72,75,54,61,63,70,74,70,74,0,0,76,61,0,67,0,0,0,0,0,0,69,0,65,59,0
l16,4=50,0,73,45,72,73,75,0,10,72,72,80,78,69,82,0,73,0,81,81,82,39,0,0,69,72,73,0,0,0,91,98,0,76,0,0,35,0,81,81,80,65,62,60,67
l17,4=0,6,63,65,71,73,68,81,79,74,84,86,69,69,81,0,69,72,0,78,61,0,56,62,70,73,66,70,0,0,71,62,0,0,0,0,0,0,0,0,70,63,60,61,61
l18,4=4,55,3,0,0,0,0,80,76,56,66,74,74,50,75,0,69,80,80,0,88,54,71,71,87,90,85,83,0,0,71,70,0,12,0,58,0,0,61,53,66,60,64,60,63
l19,4=0,64,0,0,0,72,62,76,63,67,74,82,80,70,82,0,73,82,70,81,0,51,63,67,87,78,70,77,0,0,70,64,0,5,0,0,0,0,75,58,69,57,69,73,33
l20,4=0,0,0,0,0,0,0,32,46,2,38,0,0,46,46,0,64,29,0,66,49,0,91,81,78,88,84,91,0,0,0,0,78,65,0,27,0,64,68,0,31,36,70,52,51
l21,4=0,0,0,0,0,0,0,0,0,0,40,54,55,0,0,0,53,0,49,70,62,92,0,82,76,84,78,87,0,0,0,0,0,0,0,59,0,0,50,0,0,0,0,61,67
l22,4=0,0,0,0,0,0,0,47,55,54,50,61,56,50,44,0,45,0,54,56,49,78,65,0,86,90,90,91,0,0,0,0,53,63,0,52,73,62,60,47,51,41,54,69,2
l23,4=0,0,0,0,0,0,0,36,49,51,59,52,72,49,50,0,58,52,71,80,75,84,64,84,0,90,90,87,0,0,29,0,49,41,0,67,63,53,59,72,0,55,73,85,83
l24,4=0,0,0,0,0,8,45,71,32,59,71,70,63,55,68,0,64,59,73,74,67,86,79,83,86,0,84,85,0,0,17,0,56,43,0,57,62,0,54,71,62,61,71,85,82
l25,4=0,0,19,0,0,0,0,54,53,0,62,59,67,50,63,0,55,57,58,65,55,77,66,84,86,89,0,80,0,0,11,0,69,70,0,45,62,64,60,60,67,49,57,76,70
l26,4=0,0,0,0,0,0,0,52,51,50,50,58,65,49,56,0,37,0,50,71,65,92,85,85,80,87,84,0,0,0,37,45,67,72,0,68,71,62,70,59,59,44,42,64,70
l27,4=0,0,56,10,23,90,77,0,65,67,59,67,0,20,78,0,73,82,83,80,75,0,0,0,54,14,3,18,0,0,0,98,79,80,0,69,77,0,89,100,100,100,0,22,0
l28,4=61,35,0,77,85,78,0,0,0,67,72,90,58,63,45,0,73,82,79,81,80,0,0,0,0,0,1,59,0,0,93,0,74,91,0,85,93,91,94,100,100,100,63,56,39
l29,4=0,0,0,0,0,0,0,0,0,0,0,0,0,0,0,0,0,0,0,0,0,87,0,77,76,81,90,87,0,0,79,70,0,94,0,100,100,100,100,100,100,100,64,71,0
l30,4=0,0,0,0,0,0,0,0,0,0,0,0,0,0,0,0,51,77,0,11,0,82,0,80,65,65,79,83,0,0,77,76,92,0,0,100,100,97,100,100,100,100,44,0,0
l31,4=0,0,0,0,0,0,0,0,0,0,0,0,0,0,0,0,0,0,0,62,1,53,66,79,82,76,70,85,0,0,72,71,92,94,0,0,100,100,100,100,100,100,58,68,0
l32,4=0,0,0,0,0,0,0,0,0,0,0,0,0,0,0,0,0,22,0,0,0,0,0,81,77,75,78,81,0,0,80,82,92,94,0,100,0,100,100,98,100,100,2,45,0
l33,4=0,0,0,0,0,0,0,0,0,0,0,0,0,0,0,0,0,0,0,0,0,80,0,77,78,0,78,76,0,0,0,84,92,90,0,100,100,0,100,97,98,84,0,0,0
l34,4=0,0,0,0,0,0,0,0,0,0,0,0,0,0,0,0,0,79,0,72,74,86,59,82,80,87,80,89,0,0,82,81,92,94,0,100,100,100,0,100,100,100,59,52,60
l35,4=0,0,0,0,0,0,0,0,0,0,0,0,0,0,76,0,0,82,0,73,64,0,0,79,87,92,88,90,0,0,93,98,92,94,0,100,100,100,100,0,100,100,5,0,0
l36,4=0,0,0,0,0,77,0,0,0,0,2,0,0,0,11,0,61,82,74,81,68,9,0,70,1,79,82,81,0,0,93,98,92,94,0,100,100,100,100,100,0,100,0,1,0
l37,4=0,0,0,0,0,0,0,0,0,0,64,0,0,0,71,0,19,76,77,81,71,68,0,83,87,92,88,66,0,0,93,98,92,94,0,100,100,98,100,100,100,0,0,0,64
l38,4=0,0,0,0,0,0,0,0,0,0,41,0,0,0,53,0,32,22,33,42,49,53,0,56,71,76,39,10,0,0,0,34,43,2,0,0,0,0,36,0,0,0,0,85,89
l39,4=0,0,0,0,0,0,0,0,43,0,44,4,49,42,53,0,56,38,67,62,70,38,40,78,74,85,81,64,0,0,2,39,45,0,0,36,26,0,31,0,0,0,72,0,89
l40,4=0,0,0,0,0,0,0,0,0,0,0,0,49,0,54,0,0,33,40,49,1,30,43,22,77,78,57,58,0,0,0,7,0,0,0,0,0,0,31,0,0,10,77,85,0
l41,4=0,0,0,0,0,0,0,0,0,0,51,54,63,53,59,0,48,70,69,67,63,50,48,81,76,85,83,64,0,0,49,53,47,0,0,0,0,0,50,0,44,0,75,84,81
l42,4=0,0,0,0,0,0,0,0,0,0,37,0,0,0,51,0,0,39,53,55,60,70,40,65,79,83,60,67,0,0,0,0,60,21,0,41,47,0,51,3,0,0,76,85,81
l43,4=0,0,0,0,0,0,0,0,0,0,1,0,0,0,32,0,30,0,40,45,56,72,0,67,69,65,74,53,0,0,0,0,54,50,0,32,0,0,0,0,0,0,62,83,78
l44,4=0,0,0,0,0,0,0,0,0,0,0,0,0,0,58,0,35,38,47,56,51,73,49,66,79,79,82,68,0,0,1,0,54,50,0,0,21,0,0,0,0,0,74,80,81

l0,5=0,89,86,95,96,94,80,82,88,89,84,85,89,85,20,0,58,72,58,28,0,0,0,0,0,0,0,0,0,0,44,0,0,0,0,0,0,0,0,0,0,0,0,0,0
l1,5=85,0,86,91,95,95,82,82,88,87,72,85,89,90,0,0,26,71,58,28,19,0,0,0,0,0,0,0,0,0,39,0,0,0,0,0,0,0,0,0,0,0,0,0,0
l2,5=85,93,0,91,95,84,80,82,88,52,0,85,89,90,24,0,25,52,0,0,0,0,0,0,0,0,0,0,0,0,30,21,0,0,0,0,0,0,0,0,0,0,0,0,0
l3,5=89,96,90,0,98,95,82,85,88,85,81,86,82,89,39,0,67,57,63,0,0,0,0,0,0,0,0,0,0,0,82,67,0,2,0,0,0,0,0,0,0,0,0,0,0
l4,5=89,93,87,96,0,95,81,81,86,76,50,81,89,88,0,0,69,76,65,33,0,0,0,0,0,0,0,0,0,0,68,67,0,0,0,0,0,0,0,0,0,0,0,0,0
l5,5=85,94,76,91,98,0,82,82,87,84,88,81,85,86,45,0,31,71,55,28,21,0,0,0,0,0,0,0,0,0,82,23,0,0,0,0,0,0,0,0,1,0,0,0,0
l6,5=80,93,85,85,95,94,0,82,81,90,79,77,89,90,44,0,71,76,71,30,0,0,0,0,0,20,0,0,0,0,36,19,0,0,0,0,0,0,0,0,0,0,0,0,0
l7,5=75,87,85,84,87,93,80,0,89,90,64,87,88,90,70,0,69,0,78,74,0,0,0,0,0,66,47,14,0,0,0,0,0,0,0,0,0,0,0,0,0,0,0,0,0
l8,5=86,96,90,86,91,79,64,85,0,92,82,87,90,92,70,0,64,56,67,69,56,0,35,59,25,62,57,43,0,0,27,0,0,0,0,0,0,0,0,0,0,0,0,20,0
l9,5=75,78,43,63,75,81,78,76,87,0,86,87,87,92,72,0,66,72,81,20,18,41,0,0,18,21,48,41,0,0,28,9,0,0,0,0,0,0,0,0,0,0,0,32,0
l10,5=64,28,0,43,66,89,63,63,81,82,0,54,89,90,79,0,77,73,61,29,27,54,32,48,22,23,52,39,0,0,34,17,0,0,0,0,0,0,0,0,35,33,48,45,0
l11,5=68,74,73,63,84,77,62,82,88,91,82,0,90,90,20,0,68,51,68,30,21,0,0,53,20,18,45,44,0,0,35,19,0,0,0,0,0,0,0,0,0,0,28,2,0
l12,5=75,78,82,43,84,74,77,76,88,85,88,87,0,92,75,0,77,74,73,48,75,36,29,31,58,22,64,47,0,0,0,9,0,0,0,0,0,0,0,0,0,0,45,45,0
l13,5=69,78,75,74,84,77,69,73,86,89,86,87,90,0,72,0,62,74,75,72,73,49,0,54,60,69,47,48,0,0,33,0,0,0,0,0,0,0,0,0,0,0,0,37,0
l14,5=17,0,21,18,0,52,46,56,79,52,86,34,53,85,0,0,77,93,87,85,89,49,39,47,22,20,50,40,0,0,33,16,0,0,0,0,0,0,0,14,53,48,43,49,23
l15,5=41,18,20,38,66,43,57,56,78,46,88,52,88,43,79,0,0,80,87,53,50,56,40,49,22,20,53,40,0,0,32,21,0,0,0,0,0,0,0,0,56,45,41,44,0
l16,5=22,25,6,0,29,36,32,0,36,37,40,24,51,49,50,0,37,0,67,32,30,0,0,56,24,21,57,0,0,0,48,52,0,29,0,18,0,0,29,41,83,60,30,16,17
l17,5=21,22,0,28,43,42,58,68,50,65,44,46,47,46,80,0,72,83,0,30,77,49,35,49,19,39,53,0,0,0,64,17,0,0,0,0,0,0,8,0,52,50,50,47,19
l18,5=8,33,0,0,25,33,31,55,63,31,66,34,68,66,75,0,59,88,59,0,90,76,61,76,82,82,74,63,0,0,72,67,12,14,0,41,43,0,53,25,71,31,45,71,57
l19,5=0,16,0,0,0,40,0,0,49,36,43,40,49,45,79,0,72,88,81,93,0,50,23,57,82,27,47,62,0,0,34,39,0,15,0,0,0,0,32,20,3,51,51,55,19
l20,5=0,0,0,0,0,0,0,0,0,4,33,0,24,34,32,0,51,0,23,79,40,0,75,82,79,76,71,73,0,0,0,0,51,34,0,0,48,33,50,0,31,31,35,61,48
l21,5=0,0,0,0,0,0,0,0,26,0,24,0,28,0,50,0,44,0,21,77,1,83,0,63,76,76,66,70,0,0,0,0,0,25,0,10,16,0,13,0,0,0,48,24,26
l22,5=0,0,0,0,0,0,0,0,47,0,41,37,21,33,28,0,50,38,30,79,48,76,34,0,84,82,79,73,0,0,15,0,23,61,0,28,68,52,27,20,35,27,59,67,0
l23,5=0,0,0,0,0,0,0,0,20,15,39,16,58,25,54,0,51,56,33,81,79,79,52,86,0,84,80,65,0,0,11,4,18,16,0,56,18,17,0,47,25,56,60,68,63
l24,5=0,0,0,0,0,1,24,42,24,32,60,19,44,45,47,0,48,49,54,85,77,76,67,86,85,0,79,63,0,0,6,14,21,33,0,28,25,0,15,37,31,0,58,71,63
l25,5=0,0,0,0,0,0,0,23,25,19,51,16,65,29,48,0,51,59,47,79,40,76,52,86,85,76,0,64,0,0,0,5,60,56,0,23,21,37,28,23,6,32,55,71,60
l26,5=0,0,0,0,0,0,0,22,22,9,29,27,32,36,33,0,37,8,1,83,70,83,67,86,80,78,71,0,0,0,2,7,34,62,0,31,35,22,47,12,32,31,56,65,53
l27,5=16,23,8,31,31,86,30,0,29,18,39,42,3,34,28,0,34,93,67,32,29,0,0,43,13,1,6,2,0,0,0,93,16,38,0,44,41,36,22,84,93,90,0,17,0
l28,5=0,0,22,19,30,36,29,0,0,7,38,43,27,0,24,0,65,93,23,58,85,0,0,3,16,19,36,22,0,0,93,0,24,40,0,41,66,37,22,67,93,93,38,19,0
l29,5=0,0,0,0,0,0,0,0,0,0,0,0,0,0,0,0,0,0,0,48,0,65,0,60,58,32,71,60,0,0,33,55,0,91,0,84,93,97,80,88,89,91,30,25,7
l30,5=0,0,0,0,0,0,0,0,0,0,0,0,0,0,0,0,0,22,0,8,2,49,23,64,21,16,63,59,0,0,39,62,89,0,0,84,93,97,80,88,97,95,37,16,9
l31,5=0,0,0,0,0,0,0,0,0,0,0,0,0,0,0,0,0,18,0,41,0,1,28,62,65,51,52,48,0,0,50,38,89,91,0,0,93,97,80,88,97,95,41,14,0
l32,5=0,0,0,0,0,0,0,0,0,0,0,0,0,0,0,0,0,0,0,62,0,62,17,76,44,25,24,56,0,0,52,79,89,91,0,84,0,97,78,85,94,59,0,0,0
l33,5=0,0,0,0,0,0,0,0,0,0,0,0,0,0,0,0,0,0,0,0,0,57,0,70,50,0,29,42,0,0,49,51,89,91,0,84,93,0,80,61,96,49,0,0,0
l34,5=0,0,0,0,0,3,0,0,0,0,0,0,0,0,0,0,0,25,5,50,34,66,31,60,3,21,49,38,0,0,29,24,89,91,0,84,81,92,0,88,97,95,28,16,0
l35,5=0,0,0,0,0,0,0,0,0,0,0,0,0,0,17,0,0,32,0,22,20,0,0,64,50,25,45,23,0,0,57,58,89,91,0,83,93,47,80,0,97,95,2,0,0
l36,5=0,0,0,0,0,7,0,0,0,0,21,2,5,0,24,0,35,56,17,26,0,49,0,64,22,20,11,37,0,0,93,92,32,91,0,82,87,81,80,88,0,95,0,0,0
l37,5=0,0,0,0,0,0,0,0,0,0,28,0,0,0,21,0,23,25,17,21,21,54,0,59,48,0,59,35,0,0,93,66,89,91,0,84,82,39,80,88,97,0,0,9,0
l38,5=0,0,0,0,0,0,0,0,0,0,29,7,16,0,31,0,14,25,44,25,24,35,37,74,78,68,65,58,0,0,0,4,8,28,0,18,0,0,3,0,0,0,0,69,65
l39,5=0,0,0,0,0,0,0,0,12,11,23,1,28,16,57,0,48,32,47,79,67,62,17,76,78,73,72,60,0,0,14,6,9,12,0,3,0,0,16,0,0,0,60,0,68
l40,5=0,0,0,0,0,0,0,0,0,0,0,0,0,0,50,0,0,28,22,57,10,33,27,0,77,63,62,48,0,0,0,0,5,11,0,0,0,0,0,0,0,0,60,70,0
l41,5=0,0,0,0,0,0,0,0,4,8,18,13,36,19,62,0,31,61,54,79,76,25,44,77,79,72,73,39,0,0,17,6,4,0,0,0,0,0,6,0,24,0,61,72,63
l42,5=0,0,0,0,0,0,0,0,0,0,20,0,0,0,28,0,0,33,29,68,45,49,0,76,78,73,70,62,0,0,0,0,11,29,0,24,22,0,13,0,12,0,60,69,63
l43,5=0,0,0,0,0,0,0,0,0,0,21,0,2,0,17,0,16,0,23,45,33,51,24,73,39,36,65,61,0,0,0,0,14,23,0,4,0,3,7,0,0,0,59,69,56
l44,5=0,0,0,0,0,0,0,0,0,0,0,0,12,0,50,0,31,22,22,79,32,75,31,43,78,72,70,61,0,0,0,0,10,20,0,0,20,0,0,0,0,0,59,67,63

l0,6=0,95,88,85,93,88,83,85,78,81,84,80,84,87,58,0,67,61,43,10,0,0,0,0,0,0,0,0,0,0,75,0,0,0,0,0,0,0,0,0,17,0,0,0,0
l1,6=91,0,81,81,91,88,83,86,78,75,86,79,84,88,0,0,32,56,47,41,20,0,0,0,0,0,0,0,0,0,88,19,0,0,0,0,0,0,0,0,0,0,0,0,0
l2,6=95,85,0,81,81,88,85,91,80,70,77,80,89,87,39,0,38,79,44,49,0,0,0,0,0,32,0,0,0,0,1,0,0,0,0,0,0,0,0,0,0,0,0,0,0
l3,6=95,95,90,0,93,88,82,82,77,68,77,79,56,87,30,0,65,71,44,0,0,0,0,0,0,0,0,0,0,0,74,0,0,0,0,0,0,0,0,0,0,0,0,0,0
l4,6=95,93,84,85,0,88,85,87,77,71,63,82,87,83,0,0,37,25,48,1,0,0,0,0,0,0,0,0,0,0,84,58,0,0,0,0,0,0,0,0,0,0,0,0,0
l5,6=93,95,82,82,93,0,85,87,79,73,86,80,84,84,38,0,39,72,57,0,19,0,0,0,0,0,0,0,0,0,80,34,0,0,0,0,0,0,3,13,0,0,0,0,0
l6,6=91,92,90,64,91,88,0,88,75,85,85,71,89,75,68,0,67,70,55,27,37,13,0,0,0,33,0,0,0,0,0,45,0,0,0,0,0,0,0,0,0,0,0,0,0
l7,6=83,90,90,50,72,88,85,0,80,85,74,83,83,89,71,0,74,58,47,61,7,0,0,0,0,59,52,0,0,0,0,0,0,0,0,0,0,0,0,0,0,0,0,0,0
l8,6=86,90,91,67,66,88,71,91,0,85,71,83,91,90,76,0,69,19,42,57,0,39,25,49,21,59,59,49,0,0,4,0,0,0,0,0,0,0,0,0,0,0,0,0,0
l9,6=84,83,71,37,59,88,85,90,80,0,87,83,91,92,81,0,69,61,62,6,42,0,18,0,30,57,29,30,0,0,47,12,0,0,0,0,0,0,0,0,0,0,0,0,0
l10,6=62,74,41,42,39,86,55,41,34,78,0,80,89,86,85,0,77,75,59,62,37,32,16,47,45,38,44,37,0,0,41,31,0,0,0,0,0,0,0,0,11,9,50,52,0
l11,6=76,81,79,48,78,86,59,84,75,78,87,0,91,86,79,0,72,58,60,59,16,24,4,45,57,37,26,44,0,0,40,7,0,0,0,0,0,0,0,0,0,0,0,35,0
l12,6=64,82,81,23,76,76,82,78,80,83,90,83,0,92,83,0,72,68,60,65,61,0,0,28,62,52,65,27,0,0,44,19,0,0,0,0,0,0,0,0,0,0,42,56,0
l13,6=83,82,80,71,65,86,63,89,80,85,90,83,91,0,83,0,72,68,63,69,41,18,0,47,52,57,43,55,0,0,51,38,0,0,0,0,0,0,0,0,0,0,0,32,0
l14,6=45,0,36,22,17,56,36,38,35,67,84,71,76,65,0,0,74,83,65,73,37,15,49,59,44,22,0,51,0,0,82,25,0,11,0,0,0,0,32,0,12,0,64,71,57
l15,6=48,44,32,35,41,48,39,41,31,61,89,71,74,62,68,0,0,67,63,62,33,36,45,59,42,3,43,56,0,0,53,30,0,0,0,0,0,0,0,4,22,0,18,59,0
l16,6=58,26,35,33,29,61,22,9,6,27,77,46,66,41,51,0,43,0,61,67,49,0,0,60,46,5,40,22,0,0,91,74,0,0,0,18,0,0,39,0,49,18,36,70,60
l17,6=39,54,18,24,36,56,36,33,17,60,70,71,73,74,88,0,73,77,0,68,65,34,40,61,39,52,39,61,0,0,76,33,0,1,0,0,0,0,0,0,19,5,59,70,52
l18,6=3,32,17,0,20,0,10,52,42,0,58,52,52,60,73,0,60,74,46,0,74,68,50,64,63,73,70,66,0,0,48,28,27,22,0,27,14,0,51,34,56,12,64,75,52
l19,6=0,42,0,0,0,24,18,11,0,49,73,43,62,47,77,0,69,83,58,79,0,58,50,57,73,72,37,65,0,0,60,61,0,23,0,0,0,0,52,42,9,4,57,71,43
l20,6=0,0,0,0,0,0,5,0,11,0,27,21,0,10,29,0,54,8,28,60,25,0,72,76,68,73,75,77,0,0,0,0,31,15,0,28,33,9,57,21,20,19,26,15,20
l21,6=0,0,0,0,0,0,0,0,12,17,26,16,0,0,53,0,48,0,21,51,21,83,0,64,63,68,61,76,0,0,0,0,0,15,0,0,0,0,0,2,0,0,55,25,24
l22,6=0,0,0,0,0,0,0,0,12,0,25,22,15,20,29,0,38,30,22,43,13,80,40,0,77,76,78,80,0,0,0,14,27,62,0,24,62,18,50,26,27,22,70,32,22
l23,6=0,0,0,0,0,0,0,0,4,17,30,23,32,23,52,0,47,40,20,68,49,75,27,80,0,78,78,73,0,0,24,15,29,22,0,46,25,10,25,29,26,23,71,74,56
l24,6=0,0,9,0,0,0,12,46,21,22,58,22,23,28,32,0,11,29,43,70,48,71,56,81,77,0,78,73,0,0,3,13,6,27,0,30,24,9,18,11,0,24,68,72,59
l25,6=0,0,0,0,0,0,0,20,14,19,32,21,30,23,0,0,51,40,29,68,13,75,23,85,77,77,0,73,0,0,0,0,41,6,0,28,26,16,21,27,30,22,33,77,29
l26,6=0,0,0,0,0,0,0,0,9,13,25,18,11,20,30,0,47,22,35,69,44,85,71,85,67,74,73,0,0,0,16,5,55,58,0,35,64,23,62,32,24,18,69,61,55
l27,6=54,70,0,31,63,78,0,2,0,19,30,31,46,30,46,0,21,89,61,30,20,0,0,0,13,0,0,17,0,0,0,53,18,34,0,41,70,11,46,62,81,45,0,0,0
l28,6=0,15,0,0,60,48,23,0,0,6,60,33,36,31,18,0,33,89,52,49,69,0,0,44,35,20,0,2,0,0,93,0,39,46,0,38,41,28,61,60,83,73,15,49,0
l29,6=0,0,0,0,0,0,0,0,0,0,0,0,0,0,0,0,0,0,0,42,0,46,0,56,55,2,63,60,0,0,48,44,0,82,0,84,83,82,77,86,70,68,0,18,0
l30,6=0,0,0,0,0,0,0,0,0,0,0,0,0,0,8,0,0,3,17,30,8,34,20,62,56,27,17,58,0,0,61,43,80,0,0,84,83,78,77,68,89,77,16,42,27
l31,6=0,0,0,0,0,0,0,0,0,0,0,0,0,0,0,0,0,34,0,34,0,65,0,55,65,54,65,54,0,0,56,39,80,82,0,0,83,82,72,75,79,68,27,46,0
l32,6=0,0,0,0,0,0,0,0,0,0,0,0,0,0,0,0,0,0,0,31,0,48,0,62,55,44,59,57,0,0,60,43,80,81,0,84,0,79,69,72,74,41,26,0,0
l33,6=0,0,0,0,0,0,0,0,0,0,0,0,0,0,0,0,0,0,0,0,0,22,0,59,54,11,64,55,0,0,60,43,78,78,0,84,79,0,68,58,72,67,0,0,0
l34,6=0,0,0,0,0,4,0,0,0,0,0,0,0,0,20,0,0,41,0,39,22,68,0,57,57,18,27,60,0,0,62,36,80,82,0,83,80,57,0,86,89,77,37,49,0
l35,6=0,0,0,0,0,20,0,0,0,0,0,0,0,0,0,0,5,0,1,43,33,37,4,56,56,8,35,44,0,0,74,52,80,78,0,63,46,33,77,0,89,77,0,36,0
l36,6=14,0,0,0,0,0,0,0,0,0,37,0,0,0,18,0,18,84,35,46,1,34,0,56,36,0,29,42,0,0,93,64,72,82,0,83,50,46,77,86,0,77,0,0,0
l37,6=0,0,0,0,0,0,0,0,0,0,45,0,0,0,0,0,11,46,33,33,2,35,0,56,37,26,27,42,0,0,80,54,70,82,0,76,70,63,77,86,89,0,0,3,0
l38,6=0,0,0,0,0,0,0,0,0,0,24,0,16,0,31,0,3,23,17,58,6,0,18,62,64,59,33,68,0,0,0,0,0,1,0,0,13,0,16,0,0,0,0,76,64
l39,6=0,0,0,0,0,0,0,0,0,0,22,13,27,7,60,0,48,51,37,66,37,16,9,60,61,71,73,64,0,0,0,12,5,4,0,12,0,0,12,4,0,0,74,0,66
l40,6=0,0,0,0,0,0,0,0,0,0,0,0,0,0,57,0,0,48,31,53,6,46,17,54,58,67,57,60,0,0,0,0,0,2,0,0,0,0,0,0,0,0,76,78,0
l41,6=0,0,0,0,0,0,0,0,0,0,9,0,47,20,64,0,36,42,42,62,45,33,22,66,68,67,73,55,0,0,22,13,2,0,0,0,0,0,10,0,14,10,68,77,52
l42,6=0,0,0,0,0,0,0,0,0,0,24,0,0,0,26,0,22,29,23,59,14,54,0,68,64,67,71,71,0,0,0,0,25,0,0,26,24,0,22,0,7,0,74,74,50
l43,6=0,0,0,0,0,0,0,0,0,0,6,0,0,0,0,0,7,0,10,51,12,28,18,66,34,68,68,72,0,0,0,0,15,0,0,27,0,5,9,0,0,0,71,75,63
l44,6=0,0,0,0,0,0,0,0,0,0,0,0,11,0,28,0,26,30,18,58,10,49,22,60,65,73,69,68,0,0,0,0,0,12,0,0,0,0,0,0,0,4,71,71,64

l0,7=0,96,97,96,97,94,89,94,89,90,58,94,85,88,39,0,80,53,0,0,0,0,0,0,0,0,0,0,0,0,49,47,0,0,0,0,0,0,0,0,25,11,0,0,0
l1,7=96,0,97,96,97,94,89,94,89,91,49,51,89,88,0,0,79,0,72,67,0,0,0,0,0,0,0,0,0,0,71,38,0,0,0,0,0,0,0,0,0,0,0,0,0
l2,7=96,96,0,95,97,94,89,93,89,79,57,96,85,88,46,0,45,35,64,65,14,0,0,0,0,2,0,0,0,0,77,0,0,0,0,0,0,0,0,0,0,0,0,0,0
l3,7=96,96,96,0,97,94,87,92,89,83,46,47,86,85,3,0,72,31,65,0,0,0,0,0,0,0,0,0,0,0,89,51,0,0,0,0,0,0,0,0,0,0,0,0,0
l4,7=96,96,91,96,0,94,87,88,89,80,63,94,0,85,0,0,46,7,0,47,0,0,0,0,0,0,0,0,0,0,91,46,0,0,0,0,0,0,0,0,0,0,0,0,0
l5,7=95,96,91,94,97,0,89,92,89,81,64,94,82,85,73,0,79,24,70,38,8,0,0,0,0,0,0,0,0,0,70,23,0,0,0,0,0,0,0,0,0,0,0,0,0
l6,7=96,96,97,90,97,94,0,94,89,91,64,94,83,88,66,0,71,79,65,56,27,0,0,35,0,32,0,0,0,0,0,47,0,0,0,0,0,0,0,0,0,0,0,0,0
l7,7=77,87,79,66,82,89,89,0,89,91,65,96,80,88,82,0,77,47,0,72,38,14,4,0,59,41,18,45,0,0,0,0,0,0,0,0,0,0,0,0,0,0,0,0,0
l8,7=86,93,91,64,82,91,84,93,0,86,63,96,85,85,72,0,75,0,60,68,45,48,33,50,52,52,56,31,0,0,0,0,0,0,0,0,0,0,0,0,0,0,9,0,0
l9,7=90,93,79,75,76,91,89,94,89,0,58,96,89,88,81,0,68,0,77,62,41,11,0,33,0,20,22,5,0,0,7,25,0,0,0,0,0,0,0,0,0,0,0,38,0
l10,7=60,53,22,13,39,84,78,83,79,71,0,82,85,85,89,0,79,32,79,65,27,15,35,59,67,22,23,0,0,0,37,39,0,0,0,0,0,0,0,0,21,27,3,71,0
l11,7=88,60,83,11,87,91,81,90,86,83,66,0,89,85,84,0,79,22,80,72,0,7,0,48,65,13,20,46,0,0,3,21,0,0,0,0,0,0,0,0,0,0,0,57,5
l12,7=79,93,90,51,0,88,82,87,86,83,68,96,0,88,89,0,79,0,79,70,37,0,19,30,74,43,40,35,0,0,33,29,0,0,0,0,0,0,0,0,0,0,37,26,0
l13,7=84,93,89,86,87,90,84,90,85,83,67,96,89,0,89,0,0,28,79,74,70,2,32,56,58,56,0,37,0,0,47,32,0,0,0,0,0,0,0,0,0,0,0,0,0
l14,7=13,0,14,0,0,47,42,76,75,71,62,54,50,50,0,0,85,90,84,79,28,23,0,49,72,24,22,52,0,0,78,51,0,0,0,0,0,0,1,4,0,0,67,37,0
l15,7=36,50,12,15,14,48,34,75,75,18,71,45,53,0,88,0,0,29,83,67,28,22,32,32,67,22,20,43,0,0,39,29,0,9,0,0,0,0,0,7,28,0,37,0,2
l16,7=26,0,22,8,8,12,36,58,0,0,53,21,0,11,58,0,47,0,83,74,51,5,0,22,71,23,23,37,0,0,97,79,0,13,0,0,0,11,28,11,77,31,52,76,46
l17,7=0,52,14,17,0,46,47,0,51,38,67,70,51,52,93,0,79,60,0,70,31,21,1,54,69,26,23,50,0,0,79,31,0,1,0,0,0,0,0,0,2,45,52,64,45
l18,7=0,40,7,0,6,10,15,43,52,18,36,51,29,34,86,0,65,89,71,0,85,65,54,24,69,74,67,75,0,0,46,32,10,0,0,0,0,0,34,10,53,49,56,80,16
l19,7=0,0,4,0,0,12,18,43,49,42,50,0,29,36,83,0,80,94,81,80,0,21,47,58,84,79,20,49,0,0,42,31,0,15,0,0,0,2,19,32,46,39,63,66,46
l20,7=0,0,0,0,0,0,0,20,26,7,7,11,5,3,51,0,53,6,37,67,32,0,76,70,70,76,67,80,0,0,0,0,15,32,0,14,36,11,70,13,0,0,56,72,59
l21,7=0,0,0,0,0,0,0,23,43,0,21,0,36,36,0,0,56,0,11,66,36,80,0,66,70,66,12,80,0,0,0,0,13,15,0,0,0,0,22,4,0,0,49,43,23
l22,7=0,0,0,0,0,0,7,0,23,1,22,23,16,26,29,0,30,16,42,29,65,76,58,0,82,75,75,83,0,0,2,0,45,64,0,35,60,35,70,22,21,29,69,75,37
l23,7=0,0,0,0,0,0,0,19,20,0,21,33,34,12,48,0,61,48,66,66,67,68,63,80,0,83,76,81,0,0,4,11,20,52,0,41,20,0,22,14,29,19,69,78,62
l24,7=0,0,0,0,0,0,17,39,24,7,31,14,53,20,55,0,51,32,69,67,66,74,51,73,84,0,76,80,0,0,12,0,0,4,0,13,14,0,3,24,28,43,68,75,61
l25,7=0,0,0,0,0,0,0,23,25,5,24,24,49,0,54,0,57,41,61,68,34,53,6,80,84,83,0,73,0,0,0,2,49,45,0,15,36,27,18,29,31,25,72,83,20
l26,7=0,0,0,0,0,0,0,22,17,0,0,27,21,10,35,0,33,13,56,68,46,80,68,80,75,76,68,0,0,0,7,0,54,29,0,15,58,41,70,34,0,14,64,22,56
l27,7=18,48,23,28,23,21,0,0,0,0,12,3,13,12,58,0,40,41,83,73,20,0,0,2,8,9,0,16,0,0,0,93,0,28,0,15,43,36,36,19,77,87,0,4,3
l28,7=26,41,0,38,22,13,35,0,0,15,38,20,24,18,91,0,43,94,73,73,33,0,0,0,21,0,4,0,0,0,97,0,32,51,0,20,46,44,39,51,49,83,1,33,0
l29,7=0,0,0,0,0,0,0,0,0,0,0,0,0,0,0,0,0,0,0,53,0,30,11,48,55,0,43,63,0,0,22,50,0,83,0,76,83,91,80,85,72,77,0,31,16
l30,7=0,0,0,0,0,0,0,0,0,0,0,0,0,0,0,0,25,15,24,0,16,19,23,56,58,23,33,29,0,0,51,53,81,0,0,61,79,84,80,58,79,85,0,22,16
l31,7=0,0,0,0,0,0,0,0,0,0,0,0,0,0,0,0,0,0,0,0,0,34,0,62,70,63,65,46,0,0,46,44,81,79,0,0,83,92,77,65,74,72,0,26,0
l32,7=0,0,0,0,0,0,0,0,0,0,0,0,0,0,0,0,0,0,0,0,0,58,0,61,36,32,26,37,0,0,34,52,81,79,0,76,0,92,74,77,67,33,0,0,0
l33,7=0,0,0,0,0,0,0,0,0,0,0,0,0,0,0,0,0,5,0,0,0,0,0,34,0,0,27,36,0,0,34,45,80,83,0,76,83,0,79,62,73,59,5,0,0
l34,7=0,0,0,0,0,0,0,0,0,0,0,0,0,0,0,0,4,31,0,54,8,61,18,45,21,0,16,72,0,0,71,37,81,79,0,64,77,82,0,85,79,89,41,27,0
l35,7=0,0,0,0,0,0,0,0,0,0,0,0,0,0,12,0,29,22,0,52,19,21,4,21,20,37,43,55,0,0,69,72,81,76,0,34,51,81,80,0,79,89,26,0,0
l36,7=6,0,0,0,0,0,0,0,0,0,10,0,0,0,0,0,31,83,1,65,18,0,0,20,22,37,48,0,0,0,96,76,49,83,0,67,50,82,80,85,0,89,24,0,0
l37,7=14,0,0,0,0,0,0,0,0,0,15,0,0,0,0,0,17,19,53,57,15,0,0,21,19,63,53,41,0,0,79,74,77,82,0,34,49,82,80,85,79,0,46,3,0
l38,7=0,0,0,0,0,0,0,0,1,0,0,0,11,0,32,0,14,9,17,26,10,15,19,55,66,69,63,47,0,0,0,0,0,0,0,0,0,4,12,2,6,12,0,85,70
l39,7=0,0,0,0,0,0,0,0,0,1,11,16,5,0,14,0,0,55,57,64,18,41,16,50,64,60,75,11,0,0,1,12,2,2,0,4,0,0,13,0,0,0,76,0,61
l40,7=0,0,0,0,0,0,0,0,0,0,0,1,0,0,0,0,0,22,24,23,17,42,12,20,56,55,18,38,0,0,0,0,0,3,0,0,0,0,0,0,0,0,72,83,0
l41,7=0,0,0,0,0,0,0,0,21,0,11,0,46,0,64,0,52,41,62,57,72,26,3,42,82,75,68,25,0,0,0,38,0,0,0,0,0,0,17,0,0,20,72,87,55
l42,7=0,0,0,0,0,0,0,0,0,0,0,0,0,0,41,0,27,0,13,52,8,49,28,52,52,74,70,64,0,0,0,0,9,25,0,0,2,0,0,0,0,0,75,85,52
l43,7=0,0,0,0,0,0,0,0,0,0,0,0,0,0,0,0,11,0,24,56,16,40,18,54,53,74,67,74,0,0,0,0,21,18,0,8,15,0,20,0,6,0,71,79,63
l44,7=0,0,0,0,0,0,0,0,0,0,0,0,10,0,27,0,23,18,30,37,41,52,29,56,70,71,58,65,0,0,0,0,14,23,0,0,0,0,27,0,0,0,68,82,64

l0,8=0,100,97,100,100,100,100,98,99,99,71,99,92,97,87,0,74,45,66,11,0,0,0,0,0,0,0,0,0,0,83,73,0,0,0,0,0,0,0,0,0,0,0,0,0
l1,8=100,0,97,100,100,100,99,98,99,99,97,99,92,97,0,0,48,43,70,70,0,0,0,0,0,0,0,0,0,0,86,2,0,0,0,0,0,0,0,0,0,0,0,0,0
l2,8=100,100,0,100,100,100,100,0,99,99,98,99,0,97,85,0,96,52,74,62,90,0,0,0,0,0,0,0,0,0,71,0,0,0,0,0,0,0,0,0,0,0,0,37,0
l3,8=100,100,97,0,100,100,100,98,99,96,98,97,92,97,0,0,76,38,73,65,0,0,0,0,0,0,0,0,0,0,99,88,0,0,0,0,0,0,0,0,0,0,0,0,0
l4,8=100,100,97,100,0,100,100,96,99,99,84,99,60,97,0,0,50,50,0,77,0,0,0,0,0,0,0,0,0,0,96,0,0,0,0,0,0,0,0,0,0,0,0,0,0
l5,8=100,100,97,100,100,0,100,98,99,99,78,99,94,97,88,0,97,37,11,76,91,0,0,0,0,0,0,0,0,0,89,91,0,0,0,0,0,0,0,0,0,0,0,0,0
l6,8=100,100,99,100,100,100,0,98,99,99,98,99,92,97,98,0,97,27,69,0,96,0,0,17,0,85,0,3,0,0,49,0,0,0,0,0,0,0,0,0,0,0,0,0,0
l7,8=100,100,86,94,94,100,99,0,99,99,98,99,94,98,92,0,97,57,79,81,91,39,0,47,79,83,43,0,0,0,0,0,0,0,0,0,0,0,0,0,0,0,0,0,0
l8,8=94,100,97,96,97,100,95,99,0,99,93,99,94,93,92,0,93,52,93,84,94,81,2,75,77,0,71,86,0,0,0,1,0,0,0,0,0,0,0,0,0,0,0,20,0
l9,8=94,100,92,90,97,99,99,99,99,0,94,99,95,98,94,0,97,34,59,83,95,45,0,58,74,68,49,0,0,0,0,72,0,0,0,0,0,0,0,0,0,0,0,66,0
l10,8=47,92,88,90,89,79,94,89,61,57,0,94,95,97,97,0,97,0,89,78,95,53,27,68,79,67,52,0,0,0,17,92,0,0,0,0,0,0,0,0,0,0,0,67,0
l11,8=94,96,93,80,97,94,95,98,99,98,92,0,95,98,95,0,93,9,93,79,48,16,0,60,82,61,46,55,0,0,30,0,0,0,0,0,0,0,0,0,0,0,0,45,59
l12,8=70,96,1,95,79,94,95,91,99,99,98,99,0,98,95,0,97,50,94,85,95,0,51,0,83,72,51,52,0,0,73,74,0,0,0,0,0,0,0,0,0,0,37,54,17
l13,8=94,96,99,96,97,98,95,98,94,99,97,99,95,0,95,0,93,46,93,85,93,55,49,71,83,72,0,58,0,0,67,63,0,0,0,0,0,0,0,0,53,0,0,0,0
l14,8=29,0,56,0,2,66,78,86,26,42,87,98,67,95,0,0,57,53,98,99,100,52,16,59,88,74,49,24,0,0,88,92,0,0,0,0,0,0,0,0,33,3,0,64,82
l15,8=65,66,90,71,81,97,98,93,56,60,98,99,95,96,99,0,0,53,83,94,97,57,0,51,89,75,53,58,0,0,69,93,0,1,0,0,0,0,13,30,82,20,5,54,0
l16,8=26,31,82,0,90,69,21,86,5,1,0,10,66,91,99,0,57,0,81,99,100,7,0,0,88,76,38,0,0,0,100,100,0,0,0,0,51,43,73,90,97,52,23,32,88
l17,8=9,44,66,57,0,25,36,73,31,12,87,98,67,95,99,0,58,53,0,97,100,53,24,42,84,77,49,54,0,0,87,82,0,0,0,0,0,0,0,33,41,26,13,65,65
l18,8=0,42,7,8,37,49,0,78,53,43,39,61,86,70,99,0,41,94,96,0,99,92,51,89,91,86,87,96,0,0,86,83,30,1,0,0,0,0,77,37,61,51,50,76,75
l19,8=0,0,42,0,9,71,75,81,88,95,94,28,94,86,99,0,95,94,98,99,0,89,19,96,90,88,88,92,0,0,95,79,0,39,0,0,0,0,75,69,90,67,77,87,85
l20,8=0,0,0,0,0,0,0,43,54,35,48,24,13,60,60,0,63,28,60,93,59,0,93,97,89,85,75,96,0,0,0,0,51,65,0,0,54,0,72,31,45,23,51,58,66
l21,8=0,0,0,0,0,0,0,0,10,0,45,4,58,52,43,0,0,0,56,88,21,94,0,86,89,67,0,92,0,0,0,0,16,63,0,0,47,0,52,0,0,0,49,65,57
l22,8=0,0,0,0,0,0,1,31,24,19,54,31,2,51,57,0,43,0,26,87,64,91,62,0,90,84,85,92,0,0,0,0,40,74,0,69,68,55,78,47,0,70,54,80,66
l23,8=0,0,0,0,0,0,0,50,14,5,44,48,51,49,60,0,57,49,59,93,78,91,65,97,0,91,89,94,0,0,38,0,51,64,0,62,48,0,75,33,54,19,72,86,88
l24,8=0,0,0,0,0,0,45,63,0,42,49,25,64,53,73,0,58,64,79,91,66,92,53,94,91,0,89,90,0,0,33,16,17,34,0,26,24,24,62,21,56,25,74,74,45
l25,8=0,0,0,0,0,0,0,51,17,28,56,45,62,0,59,0,55,56,59,90,64,68,0,97,91,91,0,72,0,0,19,0,55,73,0,18,67,50,63,12,33,27,73,85,71
l26,8=0,0,0,0,0,0,12,0,25,0,0,31,20,29,25,0,53,1,66,94,60,93,81,94,89,82,76,0,0,0,0,0,70,69,0,35,77,27,85,19,22,27,70,42,64
l27,8=20,86,44,62,67,95,0,0,0,0,0,32,41,2,96,0,37,84,81,99,94,0,0,0,83,56,19,0,0,0,0,100,0,59,0,34,53,53,99,94,97,61,0,20,0
l28,8=0,0,0,25,45,83,1,0,0,24,52,0,55,10,98,0,55,93,80,99,88,0,0,0,0,53,0,0,0,0,100,0,65,60,0,31,68,46,65,97,100,43,8,49,0
l29,8=0,0,0,0,0,0,0,0,0,0,0,0,0,0,0,0,0,0,0,49,0,81,11,81,81,50,80,86,0,0,0,84,0,99,0,96,97,96,99,99,97,90,50,0,0
l30,8=0,0,0,0,18,0,0,0,0,0,0,0,0,0,0,0,31,0,0,12,64,52,38,96,85,65,87,86,0,0,94,77,94,0,0,96,97,99,99,99,100,99,0,26,0
l31,8=0,0,0,0,0,0,0,0,0,0,0,0,0,0,0,0,0,0,0,2,0,0,0,83,83,56,39,76,0,0,81,64,94,99,0,0,97,99,99,90,100,99,0,24,0
l32,8=0,0,0,0,0,0,0,0,0,0,0,0,0,0,0,0,0,54,0,0,0,65,28,54,59,68,76,87,0,0,75,78,94,98,0,96,0,99,99,77,86,93,1,0,0
l33,8=0,0,0,0,0,0,0,0,0,0,0,0,0,0,0,0,0,51,0,0,0,0,0,55,0,66,76,76,0,0,83,74,94,99,0,96,97,0,73,99,100,68,0,0,0
l34,8=0,0,0,0,0,0,0,0,0,0,0,0,0,0,0,0,29,44,0,91,72,55,22,80,83,68,52,95,0,0,90,87,94,99,0,96,97,54,0,99,100,99,0,32,0
l35,8=0,0,0,0,0,0,0,0,0,0,0,0,0,0,0,0,41,75,60,86,75,23,0,57,82,68,41,53,0,0,97,95,94,99,0,88,72,98,99,0,100,99,0,0,0
l36,8=0,0,0,0,0,0,0,0,0,0,0,0,0,32,76,0,79,93,78,93,85,24,0,0,82,84,69,47,0,0,100,100,69,99,0,96,76,59,99,99,0,99,11,0,0
l37,8=0,0,0,0,0,0,0,0,0,0,0,0,0,0,2,0,45,43,65,93,77,18,0,63,79,64,49,48,0,0,100,80,69,99,0,93,74,51,99,99,100,0,2,0,0
l38,8=0,0,0,0,0,0,0,0,0,0,0,0,36,0,0,0,10,39,19,55,43,51,36,57,57,71,81,65,0,0,0,3,37,1,0,0,4,0,1,0,10,0,0,86,90
l39,8=0,0,0,0,0,0,0,0,0,15,43,8,8,0,40,0,17,14,43,64,62,31,25,66,89,59,87,38,0,0,6,41,0,5,0,0,0,0,10,0,0,0,77,0,90
l40,8=0,0,0,0,0,0,0,0,0,0,0,10,0,0,21,0,0,43,15,46,19,55,12,54,85,17,56,56,0,0,0,0,0,0,0,0,0,0,0,0,0,0,77,83,0
l41,8=0,0,0,0,0,0,0,16,15,0,18,37,66,40,68,0,60,25,83,59,71,56,32,76,89,87,86,0,0,0,21,55,0,0,0,0,0,0,14,0,2,20,77,86,88
l42,8=0,0,0,0,0,0,0,0,0,0,0,0,0,0,45,0,13,0,24,55,44,73,49,71,89,85,82,86,0,0,0,0,15,24,0,0,20,0,0,0,0,0,74,86,78
l43,8=0,0,0,0,0,0,0,0,0,0,0,0,0,0,0,0,0,0,21,49,19,60,6,68,60,54,83,56,0,0,0,0,15,25,0,0,13,0,16,1,0,0,72,77,84
l44,8=0,0,0,0,0,0,0,0,0,0,0,0,0,9,35,0,0,24,44,54,20,3,32,66,82,59,56,69,0,0,0,0,0,10,0,0,0,0,14,0,0,0,72,81,80

l0,9=0,97,100,100,100,100,100,92,99,99,87,100,98,95,88,0,95,0,0,71,0,0,0,0,0,0,0,0,0,0,25,77,0,0,0,0,0,0,0,0,0,0,0,0,0
l1,9=62,0,100,100,100,100,100,93,99,100,83,100,98,36,0,0,50,36,0,80,66,0,0,0,0,75,0,0,0,0,30,5,0,0,0,0,0,0,0,0,0,0,0,0,0
l2,9=62,97,0,100,100,100,100,100,100,100,93,100,98,98,60,0,52,34,57,0,0,0,0,0,8,0,0,0,0,0,38,91,0,0,0,0,0,0,0,0,0,0,0,0,0
l3,9=62,100,100,0,100,100,100,100,94,100,85,85,98,98,0,0,50,21,11,75,0,0,0,0,0,0,0,0,0,0,43,91,0,0,0,0,0,0,0,0,0,0,0,0,0
l4,9=62,98,100,100,0,100,100,100,99,100,87,100,96,98,54,0,92,33,0,80,0,0,0,0,0,0,0,0,0,0,28,86,0,0,0,0,0,0,0,0,0,0,0,0,0
l5,9=62,96,100,100,100,0,100,99,99,100,94,100,94,98,61,0,56,38,0,76,79,0,0,0,0,76,0,0,0,0,37,58,0,0,0,0,0,0,0,0,76,0,0,0,0
l6,9=62,99,100,100,100,100,0,100,100,100,96,100,98,98,62,0,92,62,73,0,84,0,0,0,0,0,0,0,0,0,0,100,0,0,0,0,0,0,0,0,0,0,0,0,0
l7,9=62,100,100,100,100,100,100,0,100,100,97,100,98,100,57,0,100,66,0,98,89,78,0,0,95,98,40,34,0,0,0,0,0,0,0,0,0,0,0,0,0,0,0,67,0
l8,9=60,98,100,94,100,100,100,98,0,100,95,100,98,100,98,0,100,99,98,98,87,76,0,86,98,97,77,97,0,0,18,0,0,0,0,0,0,0,0,0,0,0,0,57,0
l9,9=60,97,100,95,100,100,100,94,99,0,95,100,98,100,98,0,100,34,37,97,95,35,0,30,91,83,38,31,0,0,23,78,0,0,0,0,0,0,0,0,0,0,0,0,0
l10,9=58,94,92,57,36,41,99,98,99,99,0,100,98,81,98,0,100,35,82,85,93,35,25,41,91,83,51,0,0,0,33,90,0,0,0,0,0,0,0,0,72,12,69,93,63
l11,9=61,95,100,54,100,100,100,96,100,100,95,0,98,100,98,0,100,42,99,98,73,0,0,38,93,36,45,45,0,0,26,0,0,0,0,0,0,0,0,0,0,0,0,80,5
l12,9=60,92,100,62,36,34,99,93,98,100,96,100,0,100,66,0,100,43,63,88,88,35,30,0,33,84,47,29,0,0,31,0,0,0,0,0,0,0,0,0,50,0,72,70,0
l13,9=60,6,100,100,100,100,100,98,99,100,94,100,98,0,98,0,100,41,99,93,100,39,0,40,98,93,46,30,0,0,0,85,0,0,0,0,0,0,0,0,68,0,1,15,0
l14,9=34,0,91,0,15,34,74,87,96,92,84,59,60,60,0,0,57,38,99,88,100,38,11,39,93,92,48,34,0,0,35,92,0,4,0,0,0,0,27,3,29,33,88,94,83
l15,9=55,90,94,57,36,34,97,100,97,100,95,100,98,61,86,0,0,36,99,92,95,40,34,40,98,93,44,34,0,0,37,98,0,14,0,0,0,0,50,0,52,59,74,94,0
l16,9=0,64,58,0,35,35,53,88,98,63,66,60,60,60,61,0,57,0,38,88,100,0,0,38,95,98,49,0,0,0,100,100,56,11,0,0,9,0,57,60,96,93,88,97,71
l17,9=0,0,87,0,0,0,90,0,95,89,83,99,59,60,98,0,92,39,0,92,100,40,31,33,93,95,49,34,0,0,35,92,0,0,0,0,0,0,0,37,53,46,0,94,40
l18,9=7,34,0,39,34,8,0,97,98,92,55,76,96,60,96,0,97,97,98,0,98,40,35,64,96,93,67,98,0,0,36,87,55,18,0,16,27,11,55,17,91,93,93,95,89
l19,9=0,34,0,0,0,16,45,81,98,98,81,57,58,60,98,0,55,100,99,98,0,40,0,64,95,96,70,61,0,0,61,97,0,18,0,0,0,0,58,38,94,66,94,96,91
l20,9=0,0,0,0,0,0,0,91,81,75,81,0,76,81,87,0,94,0,89,94,87,0,100,99,97,97,95,100,0,0,0,0,86,81,0,0,83,0,78,79,72,68,87,89,79
l21,9=0,0,0,0,0,0,0,9,0,0,85,15,96,1,89,0,79,0,97,97,0,99,0,96,97,97,77,100,0,0,0,0,0,77,0,0,76,0,63,0,0,0,95,96,92
l22,9=0,0,0,0,0,0,0,0,80,28,80,78,0,81,79,0,78,80,82,97,97,97,81,0,97,96,94,100,0,0,0,0,79,98,0,77,80,0,82,77,78,77,77,96,82
l23,9=0,0,0,0,0,0,0,74,76,66,63,81,2,59,95,0,97,57,98,97,96,96,93,98,0,98,97,98,0,0,29,0,66,47,0,44,41,21,91,46,67,80,95,96,92
l24,9=0,47,0,0,0,55,2,92,87,64,76,65,74,86,94,0,96,97,98,90,97,97,98,96,98,0,95,98,0,0,46,0,78,76,0,45,79,75,78,84,93,78,95,90,83
l25,9=0,0,0,0,0,0,0,68,82,70,89,83,85,55,91,0,45,30,92,88,90,88,28,98,98,98,0,91,0,0,0,27,90,90,0,50,91,87,81,21,81,40,94,96,85
l26,9=0,0,0,0,0,0,0,65,81,67,0,86,64,47,95,0,83,0,94,97,95,97,98,98,96,96,94,0,0,0,0,0,96,98,0,80,99,75,98,49,0,79,94,77,72
l27,9=13,0,70,59,10,16,0,0,23,0,51,6,26,0,60,0,57,100,38,64,65,0,0,0,94,31,0,0,0,0,0,100,2,18,0,21,27,58,59,61,58,95,0,92,16
l28,9=20,11,70,60,33,2,38,0,0,38,58,0,0,56,60,0,57,38,26,34,38,0,0,0,0,0,28,0,0,0,100,0,60,0,0,13,32,0,61,20,98,68,4,91,0
l29,9=0,0,0,0,0,0,0,0,0,0,0,0,0,0,0,0,0,54,0,48,0,92,0,57,89,90,94,99,0,0,0,97,0,100,0,99,100,100,100,99,99,94,88,42,2
l30,9=0,0,0,0,0,0,0,0,0,0,0,0,0,0,23,0,35,30,0,28,33,56,34,99,96,95,97,100,0,0,52,0,100,0,0,99,100,100,100,99,100,95,0,46,22
l31,9=0,0,0,0,0,0,0,0,0,0,0,0,0,0,0,0,0,0,0,35,0,0,0,88,91,84,85,77,0,0,60,34,100,100,0,0,100,100,100,47,99,84,0,0,0
l32,9=0,0,0,0,0,0,0,0,0,0,0,0,0,0,0,0,0,63,0,25,0,97,56,96,95,96,94,98,0,0,46,43,100,100,0,99,0,100,100,93,98,94,0,34,0
l33,9=0,0,0,0,0,0,0,0,0,0,0,0,0,0,0,0,0,0,0,0,0,0,0,0,62,89,65,41,0,0,26,0,100,100,0,99,100,0,100,97,92,95,0,0,0
l34,9=0,0,0,0,0,0,0,0,0,0,0,0,0,0,44,0,44,35,0,34,33,51,12,97,96,96,75,100,0,0,35,62,100,100,0,99,100,100,0,99,100,95,0,0,0
l35,9=0,0,0,0,0,0,0,0,0,0,0,0,0,0,48,0,0,97,39,35,37,62,0,64,94,96,50,54,0,0,88,62,100,100,0,36,69,99,100,0,100,95,0,0,0
l36,9=0,0,0,0,0,13,0,0,0,0,45,0,55,55,59,0,54,100,25,37,38,40,0,43,95,98,69,0,0,0,87,64,63,100,0,61,70,99,100,99,0,90,0,72,0
l37,9=0,0,0,0,0,0,0,0,0,0,5,0,0,0,56,0,55,59,22,37,37,40,0,41,95,96,46,36,0,0,87,63,63,68,0,21,70,99,100,99,100,0,0,0,0
l38,9=0,0,0,0,0,0,0,0,0,0,9,0,25,0,84,0,30,34,0,63,75,87,29,80,96,94,94,86,0,0,0,0,72,0,0,0,0,0,0,0,0,0,0,97,92
l39,9=0,0,0,0,0,0,0,4,0,0,67,34,10,0,76,0,44,78,84,84,84,35,25,92,96,81,94,18,0,0,27,56,59,19,0,0,8,0,0,0,1,0,95,0,92
l40,9=0,0,0,0,0,0,0,0,0,0,1,0,0,0,66,0,0,40,3,61,79,49,41,81,87,80,86,28,0,0,2,0,0,0,0,0,0,0,0,0,0,0,95,96,0
l41,9=0,0,0,0,0,0,0,13,52,0,43,40,71,48,96,0,91,87,95,97,92,54,0,83,96,96,94,51,0,0,24,82,0,15,0,0,10,0,23,29,0,34,95,96,92
l42,9=0,0,0,0,0,0,0,0,0,0,0,0,0,0,0,0,0,58,40,82,77,83,75,90,96,96,91,91,0,0,0,0,0,0,0,0,66,0,0,0,0,0,95,96,92
l43,9=0,0,0,0,0,0,0,0,0,0,0,0,0,0,60,0,0,0,60,55,64,83,43,85,86,85,92,81,0,0,0,0,2,15,0,52,0,0,40,0,0,0,91,90,84
l44,9=0,0,0,0,0,0,0,0,0,0,0,0,11,33,75,0,36,39,46,69,78,69,78,96,97,96,89,77,0,0,0,0,63,14,0,15,0,0,0,0,0,45,95,80,89

l0,10=0,96,95,87,93,89,94,0,92,92,91,88,93,88,72,0,80,45,11,0,0,0,0,0,0,0,0,0,0,0,0,69,0,0,0,0,0,0,0,0,0,0,0,0,0
l1,10=96,0,92,88,94,90,95,1,92,49,49,49,94,79,61,0,70,53,40,46,43,0,0,0,0,61,0,0,0,0,44,57,0,0,0,0,0,0,0,0,0,0,0,0,0
l2,10=96,92,0,85,89,90,95,0,95,95,61,92,95,90,80,0,91,23,48,46,37,0,0,0,30,58,22,0,0,0,0,51,0,0,0,0,0,0,0,0,0,0,0,35,0
l3,10=96,96,92,0,94,89,95,0,95,83,87,89,93,93,1,0,84,0,4,2,0,0,0,0,0,0,0,0,0,0,51,65,0,0,0,0,0,0,0,0,0,0,0,0,0
l4,10=96,96,93,89,0,90,93,2,92,91,91,0,91,84,62,0,90,70,54,0,0,0,0,0,0,0,0,0,0,0,52,25,0,0,0,0,0,0,0,0,0,0,0,0,0
l5,10=94,96,97,85,94,0,95,0,94,91,95,93,94,96,60,0,1,47,44,0,0,0,0,0,0,3,0,0,0,0,45,56,0,0,0,0,0,0,0,0,56,0,0,0,0
l6,10=96,96,97,89,88,90,0,0,95,93,92,93,92,90,63,0,90,49,44,39,20,0,0,0,27,37,0,0,0,0,12,57,0,0,0,0,0,0,0,0,0,0,0,0,0
l7,10=96,96,97,84,89,90,95,0,95,95,97,93,95,96,91,0,97,82,45,86,89,88,0,41,23,80,73,40,0,0,1,42,0,0,0,0,0,0,0,0,0,0,0,12,0
l8,10=92,92,97,83,88,88,95,0,0,95,97,93,95,92,76,0,72,39,82,78,77,71,0,28,42,49,51,32,0,0,21,0,0,0,0,0,0,0,0,0,0,0,0,6,0
l9,10=92,47,94,85,89,85,93,0,92,0,92,93,95,93,93,0,93,49,48,50,71,76,0,35,42,57,45,29,0,0,0,51,0,0,0,0,0,0,0,0,0,0,0,0,0
l10,10=90,52,89,80,81,79,91,0,92,91,0,92,95,90,94,0,94,58,92,40,92,83,0,58,37,73,79,34,0,0,40,61,0,0,0,0,0,0,0,0,55,0,44,41,15
l11,10=45,47,94,77,0,85,93,0,92,95,92,0,95,96,93,0,93,39,92,69,73,62,0,34,32,56,49,34,0,0,9,49,0,0,0,0,0,0,0,0,0,0,0,0,0
l12,10=55,56,94,83,88,83,91,0,91,93,92,92,0,91,93,0,93,81,86,47,64,75,43,28,36,77,68,23,0,0,7,0,0,0,0,0,0,0,0,0,3,0,38,19,0
l13,10=90,86,94,83,85,85,91,0,92,95,92,93,95,0,79,0,93,45,92,70,93,11,41,36,12,54,56,26,0,0,0,51,0,0,0,0,0,0,0,0,0,0,0,38,0
l14,10=10,8,90,0,57,75,79,0,88,54,57,63,94,88,0,0,97,66,95,51,100,89,31,10,46,78,77,38,0,0,58,66,0,30,0,0,0,0,0,36,0,47,57,52,28
l15,10=6,6,80,40,74,39,90,0,79,55,93,64,94,90,94,0,0,60,94,54,93,80,26,45,45,77,72,44,0,0,58,68,0,33,0,0,0,2,0,18,40,41,32,52,0
l16,10=7,39,0,0,56,76,70,2,64,25,41,31,94,49,96,0,94,0,56,55,100,57,0,31,46,77,73,6,0,0,99,72,59,0,0,0,0,0,77,0,90,67,16,55,28
l17,10=0,16,69,0,38,80,66,9,91,64,92,92,93,90,96,0,97,92,0,88,100,4,33,80,71,80,79,77,0,0,89,85,0,0,0,0,0,0,0,8,0,36,36,10,90
l18,10=0,33,74,0,0,0,61,1,80,27,17,56,72,73,72,0,96,91,94,0,100,89,51,51,81,83,65,83,0,0,45,53,0,65,0,0,0,0,41,65,69,76,84,47,59
l19,10=0,5,7,0,0,0,39,2,73,22,59,55,78,89,96,0,96,94,95,93,0,85,0,53,53,83,84,44,0,0,63,66,0,49,0,0,0,0,34,51,75,78,0,55,61
l20,10=0,0,0,0,0,0,0,0,70,72,60,59,66,28,70,0,69,64,20,93,78,0,97,84,74,83,83,84,0,0,0,0,62,71,0,67,0,0,67,61,53,0,80,83,72
l21,10=0,0,0,0,0,0,0,0,0,0,33,0,77,80,82,0,80,0,84,86,0,94,0,86,82,85,79,87,0,0,0,0,0,74,0,0,0,0,0,0,0,2,76,78,88
l22,10=0,0,0,0,0,0,0,5,61,55,68,54,58,56,59,0,70,64,79,82,80,94,78,0,82,83,84,87,0,0,0,0,68,78,0,62,66,56,74,64,64,65,81,79,78
l23,10=0,0,55,0,0,0,19,2,64,68,58,54,66,0,68,0,76,68,78,93,81,72,73,86,0,85,86,84,0,0,63,0,63,71,0,70,62,49,70,70,70,60,88,92,87
l24,10=0,56,56,0,0,18,56,0,62,66,65,58,74,56,74,0,74,69,80,93,87,82,82,84,82,0,86,77,0,0,20,35,59,72,0,58,66,50,70,55,72,69,81,83,73
l25,10=0,0,0,0,0,0,0,1,64,25,65,56,70,56,62,0,63,64,78,68,90,76,67,85,82,85,0,84,0,0,13,0,66,66,0,62,66,58,67,62,51,60,88,91,87
l26,10=0,0,0,0,0,0,0,1,68,29,55,57,65,49,72,0,71,38,76,85,78,93,80,85,78,75,84,0,0,0,0,0,65,80,0,51,74,65,70,0,50,71,74,77,80
l27,10=0,10,0,44,34,55,48,0,27,0,13,26,41,0,92,0,83,94,37,52,97,0,0,0,34,36,39,0,0,0,0,91,63,41,0,42,29,24,51,93,95,86,0,26,0
l28,10=23,23,33,41,42,53,66,1,0,9,27,36,20,62,93,0,97,94,40,45,93,0,0,0,2,39,0,0,0,0,99,0,75,69,0,1,0,0,87,39,95,86,26,22,7
l29,10=0,0,0,0,0,0,0,0,0,0,0,0,0,0,0,0,0,59,0,0,0,68,0,81,77,51,81,73,0,0,65,70,0,88,0,86,90,93,89,92,83,82,68,56,0
l30,10=0,0,0,0,0,0,0,0,0,0,0,0,0,0,45,0,43,0,0,44,66,72,41,84,80,71,66,84,0,0,32,56,84,0,0,86,90,93,90,92,93,87,30,21,6
l31,10=0,0,0,0,0,0,0,0,0,0,0,0,0,0,0,0,0,0,0,0,0,81,0,69,80,53,79,51,0,0,83,31,84,88,0,0,90,93,89,81,92,86,0,22,26
l32,10=0,0,0,0,0,0,0,0,0,0,0,0,0,0,0,0,0,4,0,0,0,0,0,76,70,67,76,78,0,0,48,0,84,88,0,86,0,93,89,90,72,77,0,0,0
l33,10=0,0,0,0,0,0,0,0,0,0,0,0,0,0,0,0,0,0,0,0,0,0,0,60,34,43,69,71,0,0,26,0,84,88,0,86,90,0,89,83,61,69,0,0,0
l34,10=0,0,0,0,0,0,0,0,0,0,0,0,5,0,0,0,0,26,0,34,58,73,0,81,79,68,73,50,0,0,54,74,84,88,0,86,90,93,0,92,95,87,0,0,0
l35,10=0,0,0,0,0,0,0,0,0,0,0,0,0,0,59,0,50,0,18,48,79,71,0,48,78,66,72,0,0,0,93,50,84,88,0,82,90,93,90,0,95,87,29,1,0
l36,10=0,0,0,0,0,34,0,0,0,0,27,0,57,0,0,0,43,50,0,67,83,38,0,44,71,75,47,11,0,0,62,81,84,88,0,86,82,64,90,96,0,87,0,0,0
l37,10=0,0,0,0,0,0,0,0,0,0,0,0,0,0,62,0,60,27,23,82,81,0,0,48,43,73,65,28,0,0,59,73,84,88,0,85,54,54,90,96,95,0,0,0,0
l38,10=0,0,0,0,0,0,0,0,0,0,32,0,69,0,80,0,69,10,45,81,0,81,46,80,78,75,84,64,0,0,0,24,57,49,0,0,0,0,0,5,0,0,0,92,92
l39,10=0,0,0,0,0,0,0,0,0,0,26,0,46,44,79,0,76,76,28,77,79,79,35,75,81,75,84,71,0,0,36,24,50,33,0,5,0,0,0,0,0,0,89,0,91
l40,10=0,0,0,0,0,0,0,0,0,0,0,0,0,0,62,0,0,60,79,76,69,58,59,78,81,65,82,73,0,0,0,0,0,0,0,0,0,0,0,0,0,0,89,91,0
l41,10=0,0,0,0,0,0,0,0,0,27,36,49,65,32,81,0,76,66,81,93,81,76,0,79,79,83,84,64,0,0,38,65,0,0,0,0,0,0,0,5,51,34,89,91,91
l42,10=0,0,0,0,0,0,0,0,0,0,0,0,0,0,73,0,54,51,54,85,76,84,58,84,78,78,80,80,0,0,0,0,3,0,0,0,7,0,64,0,0,0,87,91,86
l43,10=0,0,0,0,0,0,0,0,0,0,12,0,0,0,23,0,0,0,71,77,66,84,63,84,75,72,84,77,0,0,0,0,49,47,0,51,0,0,44,0,0,0,83,86,86
l44,10=0,0,0,0,0,0,0,0,0,0,0,31,0,0,60,0,52,40,0,81,63,86,73,84,81,81,82,83,0,0,0,0,57,0,0,0,4,0,50,0,2,0,91,91,87

l0,11=0,89,93,88,89,82,88,0,82,89,79,84,74,80,45,0,46,48,0,1,0,0,0,0,0,0,0,0,0,0,0,21,0,0,0,0,0,0,0,0,0,0,0,0,0
l1,11=95,0,86,88,89,82,88,0,86,75,68,79,74,77,48,0,41,51,31,34,39,0,0,0,10,27,0,0,0,0,21,20,0,0,0,0,0,0,0,0,0,0,0,0,0
l2,11=95,89,0,84,87,82,88,0,85,89,78,83,74,80,45,0,75,0,0,73,29,0,0,0,23,39,0,0,0,0,27,1,0,0,0,0,0,0,0,0,0,0,0,0,0
l3,11=95,90,92,0,90,79,88,0,83,88,75,80,74,68,41,0,40,45,34,0,0,0,0,0,0,0,0,0,0,0,40,21,0,0,0,0,0,0,0,0,0,0,0,0,0
l4,11=95,89,93,88,0,82,88,0,86,82,63,75,74,77,42,0,41,43,0,0,0,0,0,0,0,0,0,0,0,0,21,21,0,0,0,0,0,0,0,0,0,0,0,0,0
l5,11=94,89,93,78,89,0,88,0,71,88,79,84,74,80,57,0,67,64,22,30,0,0,0,0,0,0,0,0,0,0,64,33,0,0,0,0,0,0,19,0,19,0,0,0,0
l6,11=95,89,93,88,89,82,0,0,86,89,76,84,74,81,35,0,44,38,37,43,41,0,0,0,3,19,0,0,0,0,21,3,0,0,0,0,0,0,0,0,0,0,0,0,0
l7,11=95,90,93,83,87,81,86,0,87,91,78,85,77,84,82,0,77,78,0,76,61,71,0,32,27,60,47,38,0,0,0,1,0,0,0,0,0,0,0,0,0,0,0,0,0
l8,11=80,89,89,83,87,46,85,0,0,89,79,83,74,80,56,0,72,40,70,61,2,57,0,16,13,23,1,20,0,0,13,0,0,0,0,0,0,0,0,0,0,0,0,22,0
l9,11=92,78,88,81,70,78,85,0,82,0,78,87,75,82,80,0,76,38,41,8,48,62,0,16,42,54,55,29,0,0,13,0,0,0,0,0,0,0,0,0,0,0,0,0,0
l10,11=88,71,84,74,45,48,22,1,83,89,0,84,77,81,56,0,83,45,72,45,76,26,17,20,23,60,58,36,0,0,18,14,0,0,0,0,0,0,0,0,0,0,27,39,0
l11,11=80,80,87,79,69,78,85,0,83,89,78,0,76,82,80,0,75,29,70,73,56,0,0,16,6,45,48,0,0,0,0,13,0,0,0,0,0,0,0,0,0,0,0,0,0
l12,11=81,83,82,72,69,78,78,1,83,89,79,84,0,81,83,0,81,36,70,30,60,45,20,14,19,64,27,19,0,0,0,16,0,0,0,0,0,0,0,0,0,0,33,0,0
l13,11=76,85,84,55,75,79,85,1,82,91,79,87,77,0,77,0,76,38,70,48,63,51,11,53,9,45,53,0,0,0,15,22,0,0,0,0,0,0,0,0,15,0,0,16,0
l14,11=44,47,26,32,46,3,2,0,72,83,78,82,64,43,0,0,83,83,76,49,90,64,13,21,27,56,73,39,0,0,17,24,0,9,0,0,0,0,0,19,11,4,60,70,63
l15,11=51,24,72,52,45,12,21,2,76,89,81,84,75,81,87,0,0,49,76,80,90,47,0,21,27,30,44,29,0,0,23,24,0,8,0,0,0,0,0,15,0,0,29,60,27
l16,11=47,65,0,58,36,15,0,0,54,38,51,30,46,31,56,0,34,0,48,52,79,42,0,17,21,19,43,22,0,0,56,25,2,60,0,0,0,5,28,23,45,41,28,61,65
l17,11=0,32,0,49,0,14,20,0,73,66,77,77,70,74,87,0,83,81,0,81,90,59,1,20,48,66,44,34,0,0,25,20,0,0,0,0,0,0,0,0,0,16,42,70,68
l18,11=0,13,53,0,0,5,18,0,54,23,60,67,42,31,64,0,50,55,76,0,92,67,34,21,84,75,64,59,0,0,21,18,60,57,0,5,1,0,27,23,39,48,53,65,67
l19,11=0,16,0,0,0,0,2,2,31,51,74,65,61,38,87,0,83,87,76,85,0,65,0,13,84,71,72,42,0,0,25,19,0,0,0,0,0,0,26,23,37,11,35,61,62
l20,11=0,0,0,0,0,0,0,0,52,61,33,42,51,58,70,0,55,56,50,70,71,0,89,83,79,73,73,79,0,0,0,0,59,65,0,65,9,44,68,45,0,0,74,67,0
l21,11=0,0,0,0,0,0,0,0,2,0,63,54,60,61,68,0,64,0,33,75,0,86,0,81,83,75,79,80,0,0,0,0,0,69,0,0,0,42,0,0,24,0,62,0,74
l22,11=0,0,0,0,0,0,0,3,58,61,64,65,54,62,70,0,66,56,60,49,57,84,79,0,83,77,77,80,0,0,0,19,70,70,0,69,65,58,44,38,33,57,70,67,74
l23,11=0,0,37,0,0,0,0,0,49,65,51,15,59,22,49,0,69,41,64,73,78,61,75,81,0,78,83,74,0,0,33,0,67,62,0,69,17,0,66,44,35,30,49,75,78
l24,11=0,16,4,0,0,0,2,2,35,57,62,69,63,60,72,0,61,30,54,75,77,77,77,80,84,0,83,67,0,0,16,6,63,63,0,11,42,29,27,20,1,33,77,72,72
l25,11=0,0,0,0,0,0,0,1,46,58,41,61,51,49,74,0,59,31,52,38,77,62,76,81,84,78,0,74,0,0,1,21,66,50,0,10,63,36,34,29,2,22,77,73,77
l26,11=0,0,0,0,0,0,0,0,55,63,59,43,50,27,70,0,55,49,52,68,66,77,80,82,80,64,76,0,0,0,0,5,65,6,0,65,68,66,70,36,22,65,70,64,75
l27,11=0,18,19,63,42,10,2,0,47,27,42,0,0,10,16,0,21,87,40,41,57,0,0,0,7,15,2,0,0,0,0,82,49,58,0,5,1,28,35,43,89,34,0,0,51
l28,11=34,19,0,50,39,9,1,0,0,0,33,32,35,13,48,0,43,59,30,37,55,0,0,13,0,13,25,1,0,0,93,0,58,55,0,5,2,0,48,30,51,14,26,43,0
l29,11=0,0,0,0,0,0,0,0,0,0,0,0,0,0,0,0,0,9,0,46,0,49,0,71,77,36,72,67,0,0,26,58,0,85,0,87,78,84,81,66,82,83,0,48,15
l30,11=0,0,0,0,0,0,0,0,0,0,0,0,0,0,0,0,0,32,0,46,0,61,34,81,32,20,29,0,0,0,35,18,80,0,0,83,78,84,81,36,82,83,0,0,0
l31,11=0,0,0,0,0,0,0,0,0,0,0,0,0,0,0,0,0,0,0,29,0,43,0,75,78,35,61,65,0,0,67,12,80,85,0,0,83,89,81,65,74,76,22,55,0
l32,11=0,0,0,0,0,0,0,0,0,0,0,0,0,0,0,0,0,0,0,4,0,7,0,67,28,60,67,70,0,0,32,41,80,84,0,87,0,89,81,62,78,79,13,0,0
l33,11=0,0,0,0,0,0,0,0,0,0,0,0,0,0,0,0,0,0,0,0,0,0,0,72,0,16,39,70,0,0,69,0,79,85,0,87,83,0,81,66,80,79,0,0,0
l34,11=0,0,0,0,0,8,0,0,0,0,0,0,0,0,0,0,0,26,3,29,10,65,0,19,29,13,25,71,0,0,73,69,80,85,0,83,78,84,0,66,86,85,6,29,0
l35,11=0,0,0,0,0,0,0,0,0,0,0,0,0,0,15,0,16,32,0,40,44,48,0,17,8,13,31,26,0,0,76,47,80,78,0,58,59,60,81,0,88,90,0,0,0
l36,11=0,0,0,0,0,4,0,0,0,0,0,2,13,5,17,0,0,74,0,73,64,0,1,14,7,9,20,8,0,0,93,80,79,85,0,20,47,53,81,75,0,90,0,0,0
l37,11=0,0,0,0,0,0,0,0,0,0,0,0,0,0,15,0,3,40,27,72,58,0,0,22,7,23,32,39,0,0,76,22,80,85,0,79,78,82,81,75,89,0,0,19,0
l38,11=0,0,0,0,0,0,0,0,0,0,17,0,29,0,75,0,32,31,51,63,49,67,6,71,40,66,72,65,0,0,0,12,0,0,0,0,0,0,0,0,0,0,0,79,79
l39,11=0,0,0,0,0,0,0,0,3,0,31,0,0,0,69,0,54,64,59,59,64,67,0,71,82,66,80,50,0,0,0,13,39,0,0,11,0,0,0,0,0,0,83,0,86
l40,11=0,0,0,0,0,0,0,0,0,0,0,0,0,0,34,0,0,54,57,61,61,0,33,63,80,55,78,68,0,0,5,0,0,0,0,0,0,0,0,0,0,0,82,77,0
l41,11=0,0,0,0,0,0,4,1,37,50,22,63,28,26,60,0,67,61,63,83,68,61,31,76,76,76,81,64,0,0,5,18,0,0,0,2,0,0,0,0,2,34,82,78,77
l42,11=0,0,0,0,0,0,0,0,0,0,0,0,0,0,71,0,60,0,0,69,73,69,72,76,81,70,76,72,0,0,0,0,52,0,0,50,0,0,60,4,0,0,77,78,81
l43,11=0,0,0,0,0,0,0,0,0,0,0,0,0,0,0,0,47,2,46,58,63,68,51,81,70,63,79,71,0,0,0,0,0,51,0,0,0,0,37,0,0,0,71,76,82
l44,11=0,0,0,0,0,0,0,0,0,0,23,8,1,0,70,0,37,0,35,68,0,72,49,81,83,77,78,73,0,0,0,0,57,0,0,0,18,0,33,0,0,0,83,72,81

l0,12=0,94,91,88,91,94,88,1,89,92,79,87,73,89,81,0,85,63,0,44,0,4,0,0,0,0,0,0,0,0,8,40,0,0,0,0,0,0,0,0,0,0,0,0,0
l1,12=94,0,87,88,91,92,86,0,92,16,42,86,72,87,85,0,86,57,46,45,0,0,0,0,0,12,0,0,0,0,0,46,0,0,0,0,0,0,0,0,28,0,0,0,0
l2,12=94,92,0,85,91,94,85,0,92,88,79,86,71,87,39,0,85,57,50,81,44,34,0,4,32,25,0,0,0,0,0,44,0,0,0,0,0,0,0,0,0,0,0,0,0
l3,12=94,94,89,0,91,94,88,4,89,87,77,87,73,87,72,0,80,0,11,0,0,0,0,0,0,0,0,0,0,0,33,42,0,0,0,0,0,0,0,0,43,0,0,0,0
l4,12=94,94,89,88,0,94,88,0,92,88,43,86,65,87,0,0,83,63,0,0,0,0,0,0,0,0,0,0,0,0,36,43,0,0,0,0,0,0,0,0,0,0,0,0,0
l5,12=94,94,91,88,92,0,88,1,92,90,80,86,73,89,59,0,77,64,52,48,21,0,0,0,18,0,0,0,0,0,35,46,0,0,0,0,0,0,14,0,0,0,0,0,0
l6,12=94,92,85,88,91,94,0,2,92,89,80,87,73,87,54,0,83,61,54,53,39,0,0,0,30,31,0,0,0,0,33,0,0,0,0,0,0,0,0,0,19,0,0,0,0
l7,12=93,93,92,85,91,93,88,0,92,92,74,89,74,90,90,0,86,59,77,85,0,51,0,40,36,37,34,37,0,0,0,0,0,0,0,0,0,0,0,0,0,0,0,0,0
l8,12=84,92,89,85,91,90,88,1,0,88,79,86,66,87,90,0,86,65,77,44,43,16,22,39,28,35,44,50,0,0,0,0,0,0,0,0,0,0,0,0,0,0,0,2,0
l9,12=90,26,63,85,91,90,85,2,88,0,79,90,75,90,90,0,86,60,55,46,46,55,0,39,42,45,56,66,0,0,34,0,0,0,0,0,0,0,0,0,0,0,0,23,0
l10,12=57,41,57,73,74,90,85,2,88,87,0,87,75,88,95,0,88,71,76,56,62,32,19,40,35,38,52,51,0,0,3,34,0,0,0,0,0,0,0,0,0,0,11,25,0
l11,12=59,90,57,85,90,89,84,4,88,88,80,0,74,89,89,0,86,58,77,53,59,9,0,14,19,36,53,53,0,0,14,25,0,0,0,0,0,0,0,0,11,0,0,19,15
l12,12=89,90,74,85,89,89,84,8,83,88,80,87,0,87,93,0,86,57,79,85,79,12,53,29,72,80,34,36,0,0,20,14,0,0,0,0,0,0,0,0,0,0,26,2,0
l13,12=89,82,86,83,91,90,85,0,88,92,81,90,75,0,90,0,86,0,77,63,39,0,49,34,24,31,48,33,0,0,12,11,0,0,0,0,0,0,0,0,0,0,0,25,0
l14,12=21,44,0,15,0,2,50,0,88,87,46,51,60,86,0,0,88,78,82,57,90,41,0,13,47,53,70,67,0,0,42,52,0,0,0,0,0,0,1,0,44,22,79,51,25
l15,12=47,45,53,73,81,34,77,5,88,88,82,50,75,87,95,0,0,71,82,57,67,56,15,0,44,47,63,65,0,0,41,51,0,0,0,0,0,1,0,0,13,0,33,35,20
l16,12=18,17,8,0,34,37,62,12,62,35,13,6,28,0,95,0,88,0,62,58,70,24,0,8,2,20,54,52,0,0,46,55,0,45,0,0,0,0,0,27,64,50,6,45,20
l17,12=0,34,29,0,0,68,69,12,80,69,80,63,66,81,95,0,88,80,0,88,87,56,17,48,74,50,68,61,0,0,40,50,0,0,0,0,0,0,12,20,32,12,72,46,35
l18,12=23,32,42,0,9,68,71,2,63,63,42,42,59,69,87,0,84,80,82,0,90,69,79,47,84,85,72,69,0,0,40,32,49,51,0,33,0,0,25,57,60,47,66,44,49
l19,12=0,0,35,0,0,39,53,0,50,52,71,50,70,46,95,0,88,84,82,92,0,60,0,79,84,90,72,53,0,0,37,33,0,45,0,0,0,0,39,54,52,31,55,35,42
l20,12=14,0,17,0,0,0,0,5,50,66,53,36,46,0,68,0,67,45,52,84,66,0,94,83,80,88,67,78,0,0,0,0,0,69,0,62,55,61,65,57,35,52,72,66,67
l21,12=0,0,0,0,0,0,0,0,54,0,57,0,60,64,0,0,68,0,56,86,0,80,0,82,83,84,75,79,0,0,0,0,57,63,0,0,0,0,63,0,0,0,64,14,64
l22,12=0,0,0,0,0,0,0,4,57,64,61,25,51,61,68,0,0,61,60,70,73,79,76,0,84,90,75,78,0,0,0,0,67,69,0,66,65,20,59,71,34,66,70,69,71
l23,12=0,0,0,0,0,10,48,22,43,65,28,23,64,47,75,0,73,45,61,85,83,68,72,84,0,90,76,74,0,0,25,0,58,56,0,65,0,0,66,0,45,57,69,81,77
l24,12=0,8,5,0,0,0,54,4,52,60,58,40,65,52,76,0,75,49,61,85,84,75,70,83,84,0,76,75,0,0,27,29,55,61,0,0,13,17,46,44,57,0,80,70,75
l25,12=0,0,0,0,0,0,0,8,49,57,25,37,42,55,76,0,63,43,54,69,74,61,65,83,84,90,0,73,0,0,0,32,53,63,0,52,52,0,48,52,0,56,72,75,77
l26,12=0,0,0,0,0,0,0,23,56,65,54,53,54,58,68,0,65,53,51,74,62,77,78,84,79,80,73,0,0,0,0,14,63,60,0,70,66,62,76,61,53,62,66,63,68
l27,12=4,0,0,43,39,40,67,0,0,36,3,21,41,29,71,0,72,84,51,44,39,0,0,0,11,31,0,0,0,0,0,81,45,59,0,42,4,29,43,83,87,46,0,16,20
l28,12=12,28,11,24,35,41,0,0,0,0,5,5,22,13,81,0,68,84,57,28,26,0,0,0,0,10,55,14,0,0,77,0,31,42,0,38,16,0,68,61,63,53,22,7,5
l29,12=0,0,0,0,0,0,0,0,0,0,0,0,0,0,0,0,0,0,0,60,0,0,27,77,73,68,65,72,0,0,49,46,0,83,0,83,79,84,86,80,72,84,22,34,0
l30,12=0,0,0,0,27,0,0,0,0,0,0,0,0,0,0,0,0,42,0,36,29,67,38,84,41,70,70,68,0,0,31,31,76,0,0,83,79,84,86,80,80,84,0,13,17
l31,12=0,0,0,0,0,0,0,0,0,0,0,0,0,0,0,0,0,0,0,46,0,59,0,74,75,0,40,74,0,0,62,54,76,82,0,0,82,88,86,76,72,84,31,0,0
l32,12=0,0,0,0,0,0,0,0,0,0,0,0,0,0,0,0,0,0,0,0,0,59,0,69,0,32,46,67,0,0,53,62,76,80,0,83,0,88,86,76,65,79,0,0,0
l33,12=0,0,0,0,0,0,0,0,0,0,0,0,0,0,0,0,0,0,0,0,0,59,0,1,0,0,0,55,0,0,62,0,76,82,0,83,82,0,86,80,73,81,0,0,0
l34,12=0,0,0,0,0,24,0,0,0,0,0,0,0,0,0,0,0,5,32,32,34,64,21,43,59,45,64,79,0,0,58,76,76,83,0,82,79,84,0,81,82,86,0,21,0
l35,12=0,0,0,0,0,0,0,0,0,0,0,0,0,0,0,0,0,59,39,44,35,51,0,50,8,40,65,54,0,0,67,75,76,82,0,58,79,84,86,0,87,86,0,0,0
l36,12=0,11,0,4,0,0,28,0,0,0,0,8,13,1,66,0,0,78,43,48,50,23,0,0,31,46,0,50,0,0,72,78,76,83,0,50,23,33,86,88,0,86,0,0,0
l37,12=0,0,0,0,12,0,0,0,0,0,0,0,4,0,65,0,0,73,45,77,43,54,0,36,54,0,65,61,0,0,63,76,76,83,0,83,79,71,86,88,87,0,28,0,0
l38,12=0,0,0,0,0,0,0,0,0,0,0,0,4,0,78,0,47,0,50,66,41,64,23,74,76,84,72,68,0,0,0,0,0,0,0,0,0,0,0,0,0,0,0,89,85
l39,12=0,0,0,0,0,0,0,0,0,0,25,20,27,54,80,0,62,65,62,69,48,56,0,77,82,72,75,55,0,0,20,4,39,22,0,0,0,0,45,0,0,0,82,0,84
l40,12=0,0,0,0,0,0,0,0,0,0,0,5,0,0,69,0,55,56,50,70,63,47,1,70,77,84,71,68,0,0,15,0,0,8,0,0,0,0,0,0,0,0,81,86,0
l41,12=0,0,0,0,0,0,54,0,46,56,30,0,42,51,57,0,66,67,60,90,75,60,56,76,82,81,70,70,0,0,0,0,0,27,0,0,0,0,0,0,0,32,82,88,79
l42,12=0,0,0,0,0,0,0,0,0,0,0,0,36,0,53,0,55,0,0,77,72,62,52,81,80,83,73,71,0,0,0,0,52,21,0,0,0,0,60,0,0,0,81,88,84
l43,12=0,0,0,0,0,0,0,0,0,0,0,0,33,0,0,0,57,2,37,75,57,0,0,77,74,82,73,68,0,0,0,0,32,36,0,0,12,0,0,0,0,0,74,84,79
l44,12=0,0,0,0,0,0,0,0,0,0,23,0,0,0,67,0,64,41,0,74,72,74,49,81,80,86,71,69,0,0,0,0,47,48,0,0,22,0,0,0,0,0,82,87,82

l0,13=0,98,98,98,95,100,99,97,91,92,95,96,79,93,81,0,44,47,0,54,0,0,0,0,0,0,0,0,0,0,0,31,0,0,0,0,0,0,0,0,0,0,0,0,0
l1,13=98,0,98,98,95,100,99,97,90,91,90,97,92,94,79,0,43,48,41,52,0,0,0,0,0,0,0,0,0,0,0,31,0,0,0,0,0,0,0,0,0,0,0,0,0
l2,13=98,98,0,94,95,100,99,84,94,94,92,98,93,98,72,0,42,48,25,55,30,0,0,1,0,7,34,0,0,0,1,31,0,0,0,0,0,0,0,0,0,0,0,0,0
l3,13=98,98,98,0,95,100,99,95,94,70,94,97,93,92,79,0,55,51,6,0,0,0,0,0,0,0,0,0,0,0,0,54,0,0,0,0,0,0,0,0,0,0,0,0,0
l4,13=98,98,98,98,0,100,99,93,94,95,92,98,90,98,28,0,0,9,22,0,0,0,0,0,0,0,0,0,0,0,45,26,0,0,0,0,0,0,0,0,0,0,0,0,0
l5,13=98,98,98,98,95,0,99,97,94,94,96,97,93,98,74,0,41,44,48,48,0,0,0,0,0,0,0,0,0,0,33,30,0,0,0,0,0,0,5,1,0,0,0,0,0
l6,13=98,98,98,98,95,100,0,97,94,94,94,98,93,98,63,0,91,26,82,92,0,0,0,0,19,1,0,0,0,0,21,0,0,0,0,0,0,0,0,0,28,0,0,0,0
l7,13=98,98,95,97,90,100,99,0,94,95,92,98,93,98,96,0,91,2,89,94,0,17,0,86,83,83,74,0,0,0,0,33,0,0,0,0,0,0,0,0,0,0,0,39,0
l8,13=93,98,98,94,95,97,99,97,0,95,92,98,93,87,94,0,85,47,89,55,24,0,20,30,0,25,78,70,0,0,3,0,0,0,0,0,0,0,0,0,0,0,24,0,0
l9,13=93,83,91,42,90,95,95,88,93,0,95,98,93,98,92,0,91,38,44,56,34,72,0,27,16,36,57,83,0,0,35,28,0,0,0,0,0,0,0,0,0,0,0,39,0
l10,13=90,79,79,90,89,55,31,41,93,95,0,98,93,98,92,0,95,36,56,57,39,0,0,32,23,51,65,75,0,0,42,0,0,0,0,0,0,0,0,0,0,0,0,56,0
l11,13=93,94,92,91,89,68,94,96,93,95,92,0,93,98,92,0,91,34,73,51,29,72,0,21,14,0,86,84,0,0,29,30,0,0,0,0,0,0,0,0,0,0,0,57,0
l12,13=37,94,74,75,84,94,94,93,93,93,96,98,0,98,92,0,93,29,92,88,62,20,12,23,26,50,63,77,0,0,38,12,0,0,0,0,0,0,0,0,0,0,0,1,0
l13,13=93,89,91,59,89,89,95,96,85,95,96,98,93,0,92,0,95,29,92,47,26,35,17,26,12,33,54,50,0,0,26,10,0,0,0,0,0,0,0,0,16,0,4,56,0
l14,13=53,32,15,46,59,42,3,38,91,90,89,92,86,94,0,0,95,53,95,57,100,29,20,0,30,53,85,77,0,0,42,33,0,0,0,0,0,0,0,12,19,13,28,74,54
l15,13=60,75,68,61,12,43,63,93,92,93,96,93,93,96,96,0,0,90,95,97,94,71,32,39,54,66,60,87,0,0,60,53,0,0,0,0,0,0,0,0,39,2,5,53,55
l16,13=40,32,31,69,22,42,1,0,70,88,82,33,45,44,94,0,46,0,59,66,61,0,0,11,31,52,1,82,0,0,43,34,0,28,0,0,0,4,37,63,64,58,0,78,90
l17,13=0,28,5,0,71,47,31,40,93,91,92,93,90,95,96,0,95,60,0,99,100,68,28,32,31,53,84,86,0,0,42,33,0,0,0,0,0,0,0,72,44,1,55,75,75
l18,13=44,23,48,0,5,27,26,39,74,85,93,60,92,70,94,0,82,98,95,0,100,94,82,32,50,68,93,93,0,0,42,33,0,22,0,0,0,0,33,87,62,53,61,79,83
l19,13=0,0,24,0,0,0,0,0,68,83,90,66,90,82,96,0,95,98,95,99,0,82,75,40,94,95,92,83,0,0,59,31,0,0,0,0,0,0,44,82,60,48,55,69,85
l20,13=0,0,0,0,0,0,1,26,9,77,0,80,71,44,76,0,76,2,77,97,81,0,98,93,92,94,80,94,0,0,0,0,27,79,0,60,20,60,76,73,9,53,91,80,77
l21,13=0,0,0,0,0,0,0,56,79,12,0,0,82,90,74,0,82,0,85,91,84,95,0,91,94,87,89,93,0,0,0,0,77,79,0,36,0,0,79,0,0,0,82,0,88
l22,13=0,0,0,0,0,0,0,48,74,66,81,53,68,72,0,0,35,40,80,82,82,94,85,0,94,94,94,94,0,0,0,5,72,78,0,59,74,3,66,76,0,39,88,86,83
l23,13=0,0,0,0,0,0,16,69,0,69,72,66,79,67,74,0,77,66,89,95,98,93,94,93,0,95,94,93,0,0,0,16,68,58,0,67,0,3,81,60,47,82,99,98,88
l24,13=0,0,0,0,0,0,1,52,48,79,81,0,87,85,93,0,88,50,89,98,96,94,83,92,94,0,94,93,0,0,50,24,48,80,0,0,36,4,66,68,62,39,92,98,92
l25,13=0,0,0,0,0,0,0,39,63,56,66,74,64,66,86,0,23,4,43,92,81,63,79,92,94,95,0,69,0,0,28,0,47,61,0,58,49,22,44,52,39,40,99,98,87
l26,13=0,0,0,0,0,0,0,14,67,70,73,71,66,67,55,0,80,67,64,90,70,95,91,93,92,89,75,0,0,0,36,0,79,67,0,84,78,47,86,80,68,1,90,89,86
l27,13=0,0,0,0,85,34,2,2,0,73,88,28,50,38,94,0,48,98,52,39,26,0,0,0,1,47,74,62,0,0,0,93,7,26,0,74,19,8,71,92,64,15,0,0,0
l28,13=61,29,15,74,68,38,0,4,0,64,0,34,38,55,96,0,46,59,54,39,21,0,0,7,24,47,0,12,0,0,95,0,5,28,0,75,22,8,75,90,64,50,15,54,0
l29,13=0,0,0,0,0,0,0,0,0,0,0,0,0,0,0,0,0,0,0,1,0,16,34,77,79,70,77,72,0,0,69,26,0,91,0,88,90,93,93,88,92,69,0,28,0
l30,13=0,0,0,0,0,0,0,0,0,0,0,0,0,0,1,0,0,35,0,21,0,27,33,86,73,74,75,64,0,0,59,39,83,0,0,88,90,93,93,93,93,93,27,0,2
l31,13=0,0,0,0,0,0,0,0,0,0,0,0,0,0,0,0,0,0,0,0,0,28,5,46,74,0,77,82,0,0,67,52,83,91,0,0,90,93,93,84,84,92,5,0,0
l32,13=0,0,0,0,0,0,0,0,0,0,0,0,0,0,0,0,0,0,0,0,0,14,0,75,0,54,71,75,0,0,47,64,83,80,0,88,0,93,93,93,84,94,2,0,0
l33,13=0,0,0,0,0,0,0,0,0,0,0,0,0,0,0,0,0,17,0,0,0,32,0,0,14,0,69,73,0,0,48,34,83,89,0,88,90,0,93,91,85,50,0,0,0
l34,13=0,0,0,0,0,8,0,0,0,0,0,0,0,0,0,0,0,17,0,21,12,26,35,73,91,53,58,89,0,0,78,61,83,91,0,88,90,93,0,93,99,99,0,27,0
l35,13=0,0,0,0,0,15,0,0,0,0,0,0,0,0,43,0,0,48,46,55,22,23,0,89,72,52,77,87,0,0,90,57,80,91,0,87,90,93,93,0,99,99,14,65,0
l36,13=0,0,0,0,1,0,2,0,0,0,0,0,17,29,65,0,26,38,32,38,26,2,0,0,26,47,67,64,0,0,95,35,81,89,0,84,34,36,93,93,0,99,0,21,0
l37,13=0,0,0,0,1,0,0,0,0,0,0,0,0,0,65,0,0,63,15,57,25,24,0,44,90,50,74,0,0,0,90,75,52,91,0,88,90,51,93,93,99,0,0,0,0
l38,13=0,0,0,0,0,0,0,0,0,0,0,0,0,0,81,0,0,0,65,90,78,89,39,85,93,87,92,85,0,0,0,0,0,13,0,0,0,0,0,0,0,0,0,99,93
l39,13=0,0,0,0,0,0,0,16,0,3,79,67,0,91,87,0,32,57,85,89,55,80,0,86,93,91,92,89,0,0,0,20,24,0,0,0,0,0,14,46,0,0,100,0,93
l40,13=0,0,0,0,0,0,0,0,0,0,0,0,0,0,31,0,33,78,75,75,81,59,66,82,83,89,83,79,0,0,0,0,0,0,0,0,0,0,0,0,0,0,99,98,0
l41,13=0,0,0,0,0,0,0,0,0,0,77,38,72,68,58,0,48,95,93,98,96,83,36,88,93,93,92,85,0,0,32,6,22,0,0,0,0,0,0,0,32,38,99,100,93
l42,13=0,0,0,0,0,0,0,0,0,0,0,0,0,0,82,0,36,0,14,93,85,89,72,89,92,89,90,79,0,0,0,0,15,15,0,0,5,0,61,0,0,0,99,98,90
l43,13=0,0,0,0,0,0,0,0,0,0,0,0,31,0,63,0,65,0,56,81,66,88,61,87,87,86,87,81,0,0,0,0,54,63,0,45,35,0,59,0,0,0,99,98,89
l44,13=0,0,0,0,0,0,0,0,0,0,30,0,0,0,75,0,43,16,33,69,82,89,0,83,92,89,83,74,0,0,0,0,0,62,0,0,0,0,0,30,0,10,99,98,93

l0,14=0,100,100,100,100,100,100,100,100,96,99,100,77,100,86,0,92,0,0,80,0,0,0,0,0,0,0,0,0,0,57,3,0,0,0,0,0,0,0,0,0,0,0,0,0
l1,14=100,0,100,100,100,100,100,100,100,0,99,100,100,100,76,0,93,99,95,90,0,0,0,0,0,0,0,0,0,0,66,40,0,0,0,0,0,0,0,0,0,0,0,0,0
l2,14=100,100,0,100,100,100,100,100,100,100,100,100,100,100,100,0,84,97,89,99,11,0,0,0,0,0,0,0,0,0,0,0,0,0,0,0,0,0,0,0,0,0,0,0,0
l3,14=100,100,100,0,100,100,100,98,100,98,77,58,62,98,86,0,85,89,96,0,0,0,0,0,0,0,0,0,0,0,68,0,0,0,0,0,0,0,0,0,0,0,0,0,0
l4,14=100,100,98,100,0,100,100,100,100,100,77,95,100,100,84,0,93,90,91,0,0,0,0,0,0,0,0,0,0,0,62,17,0,0,0,0,0,0,0,0,0,0,0,0,0
l5,14=100,100,100,100,100,0,100,100,100,100,100,100,100,100,97,0,84,88,90,80,0,0,0,0,0,0,0,0,0,0,68,79,0,0,0,0,0,0,0,1,69,0,0,0,0
l6,14=100,100,100,100,100,100,0,100,100,100,100,100,100,100,0,0,99,0,100,99,0,0,0,0,0,0,0,0,0,0,2,0,0,0,0,0,0,0,0,0,0,0,0,1,0
l7,14=100,100,100,100,100,100,100,0,100,100,100,100,100,100,100,0,100,2,100,99,82,0,0,82,55,49,85,0,0,0,0,0,0,0,0,0,0,0,0,0,0,0,0,30,0
l8,14=100,100,100,100,100,100,100,100,0,100,100,100,100,100,100,0,100,97,100,95,0,90,0,81,56,47,94,93,0,0,58,0,0,0,0,0,0,0,0,0,0,0,0,70,0
l9,14=96,0,100,90,100,100,100,100,100,0,100,100,100,100,100,0,100,99,98,100,14,85,0,74,56,58,82,93,0,0,62,0,0,0,0,0,0,0,0,0,0,0,0,66,0
l10,14=93,63,60,93,100,100,100,100,100,100,0,100,100,100,90,0,99,93,100,91,58,36,0,83,60,63,93,81,0,0,65,50,0,0,0,0,0,0,0,0,88,0,53,57,0
l11,14=100,100,100,81,100,100,100,100,100,100,100,0,100,100,100,0,100,87,100,100,56,87,0,72,55,56,84,93,0,0,0,46,0,0,0,0,0,0,0,0,0,0,0,65,26
l12,14=83,100,100,91,100,99,100,100,100,100,100,100,0,100,100,0,100,86,100,99,64,84,88,72,100,100,79,0,0,0,61,47,0,0,0,0,0,0,0,0,0,0,35,67,0
l13,14=93,100,100,87,100,100,100,100,100,100,100,100,100,0,100,0,100,93,100,92,57,68,0,0,60,63,83,88,0,0,47,25,0,0,0,0,0,0,0,0,0,0,0,69,29
l14,14=53,18,52,36,92,92,0,95,99,90,48,59,62,95,0,0,100,98,100,98,97,57,0,78,56,58,87,92,0,0,64,52,0,87,0,0,0,0,0,86,92,57,58,72,34
l15,14=82,58,44,77,95,93,96,99,99,100,77,61,100,100,100,0,0,64,100,92,58,97,0,78,46,58,88,93,0,0,67,54,0,0,0,0,0,0,4,0,0,0,41,68,59
l16,14=0,26,22,2,56,58,0,44,71,56,26,24,23,67,100,0,8,0,100,100,58,0,0,69,55,29,79,57,0,0,76,58,34,0,0,1,0,0,31,91,100,58,38,33,24
l17,14=0,43,36,86,94,93,99,99,100,80,100,100,100,100,100,0,100,100,0,100,98,0,91,87,63,96,88,93,0,0,66,61,0,73,0,0,0,0,1,34,0,52,60,73,58
l18,14=26,59,55,0,0,55,87,91,89,95,70,59,62,92,99,0,98,100,100,0,96,97,93,81,98,64,97,92,0,0,64,52,52,3,0,11,0,0,52,91,95,58,66,98,57
l19,14=0,0,0,0,0,3,0,97,0,2,74,60,62,94,100,0,100,100,100,100,0,97,6,87,100,100,94,87,0,0,69,57,0,0,0,0,0,0,0,98,98,56,60,73,62
l20,14=0,0,0,0,0,0,0,0,90,88,12,91,93,82,88,0,97,0,0,98,89,0,100,98,97,99,91,100,0,0,0,0,88,93,0,0,87,85,95,91,8,85,97,95,96
l21,14=0,0,0,0,0,0,0,6,0,3,0,0,98,0,64,0,0,0,98,98,38,99,0,98,98,99,97,99,0,0,0,0,98,0,0,27,0,0,50,0,0,0,92,18,96
l22,14=0,0,0,0,0,0,0,90,97,66,97,65,94,0,98,0,96,97,98,98,96,98,98,0,100,100,100,100,0,0,0,63,97,95,0,0,95,68,93,96,85,48,96,98,96
l23,14=0,0,0,0,0,0,0,71,82,83,96,93,99,97,99,0,81,98,98,98,96,97,98,99,0,100,100,95,0,0,74,76,91,94,0,84,76,77,90,77,81,96,98,98,97
l24,14=0,0,0,0,0,0,0,86,75,90,97,56,99,100,99,0,98,98,98,98,96,98,95,99,100,0,100,99,0,0,59,49,65,98,0,88,64,0,0,87,91,68,98,98,97
l25,14=0,0,0,0,0,0,0,74,96,80,97,90,91,74,99,0,93,93,94,98,95,82,98,98,100,100,0,97,0,0,0,0,96,92,0,87,95,77,77,82,81,85,98,98,96
l26,14=0,0,0,0,0,0,0,5,97,94,71,97,19,86,98,0,94,90,96,98,72,99,98,100,95,99,97,0,0,0,41,0,97,96,0,95,95,89,95,95,87,89,96,95,96
l27,14=25,54,0,62,61,63,51,8,73,58,42,0,57,43,97,0,100,100,63,78,58,0,0,0,50,50,0,43,0,0,0,98,66,100,0,85,54,54,61,96,100,63,7,23,0
l28,14=2,10,0,0,34,63,0,0,0,0,31,20,52,47,67,0,86,100,66,76,58,0,0,68,50,26,0,0,0,0,100,0,56,93,0,99,63,25,47,95,99,62,36,8,0
l29,14=0,0,0,0,0,0,0,0,0,0,0,0,0,0,0,0,0,41,0,49,0,52,80,95,93,93,96,99,0,0,86,62,0,100,0,100,99,98,100,99,100,100,0,49,23
l30,14=0,0,0,0,0,0,0,0,0,0,0,0,0,0,59,0,0,0,51,4,0,94,0,98,98,99,97,95,0,0,67,64,100,0,0,100,98,95,100,99,100,100,35,0,21
l31,14=0,0,0,0,0,0,0,0,0,0,0,0,0,0,0,0,0,33,0,17,0,0,0,0,83,66,79,91,0,0,23,87,100,100,0,0,99,98,100,94,96,100,44,0,0
l32,14=0,0,0,0,0,0,0,0,0,0,0,0,0,0,0,0,0,0,0,0,0,79,0,90,79,71,65,65,0,0,45,89,100,100,0,100,0,98,100,99,65,100,0,0,0
l33,14=0,0,0,0,0,0,0,0,0,0,0,0,0,0,0,0,0,0,0,0,0,82,0,77,89,0,93,90,0,0,87,84,100,95,0,100,99,0,94,95,91,90,0,0,0
l34,14=0,0,0,0,0,0,0,0,0,0,0,0,0,0,0,0,0,28,7,81,0,97,0,96,98,0,87,61,0,0,59,61,100,100,0,100,99,96,0,99,100,100,29,18,0
l35,14=0,0,0,0,0,12,0,0,0,0,0,0,0,0,59,0,0,59,46,83,95,93,0,99,83,82,99,61,0,0,62,71,100,100,0,99,99,98,100,0,100,100,0,26,0
l36,14=0,0,0,0,18,43,0,0,0,0,31,0,13,0,61,0,0,100,0,94,58,0,0,83,58,63,94,57,0,0,100,33,100,100,0,100,68,98,100,99,0,100,0,20,0
l37,14=0,0,0,0,0,0,0,0,0,0,0,0,0,0,61,0,0,60,56,84,52,89,0,68,100,99,97,57,0,0,60,73,100,100,0,100,99,88,100,99,100,0,11,13,0
l38,14=0,0,0,0,0,0,0,0,0,0,73,0,40,0,90,0,36,84,85,98,66,88,47,89,98,94,97,88,0,0,0,52,0,54,0,73,0,0,29,0,0,0,0,98,97
l39,14=0,0,0,0,0,0,0,50,77,0,38,51,57,86,96,0,80,94,83,98,52,82,0,89,96,99,97,88,0,0,63,7,60,0,0,0,0,0,23,19,40,0,99,0,97
l40,14=0,0,0,0,0,0,0,0,0,0,0,0,0,1,88,0,85,90,86,95,83,84,60,91,94,96,89,87,0,0,0,0,55,30,0,0,0,0,0,0,0,0,98,98,0
l41,14=0,0,0,0,0,0,4,0,0,71,91,60,91,0,95,0,87,98,94,98,96,69,0,89,99,98,96,88,0,0,86,58,57,0,0,5,0,0,0,24,58,60,98,99,95
l42,14=0,0,0,0,0,0,0,0,0,0,0,0,42,0,94,0,2,0,93,98,56,88,92,97,98,99,97,87,0,0,0,0,78,83,0,27,43,0,0,0,0,0,98,98,97
l43,14=0,0,0,0,0,0,0,0,0,0,43,0,7,0,83,0,0,83,0,81,77,93,78,98,92,99,97,86,0,0,0,0,54,77,0,74,28,0,80,37,0,31,98,98,96
l44,14=0,0,0,0,0,0,0,0,0,0,7,0,71,0,91,0,88,0,84,96,88,89,82,97,98,98,97,96,0,0,14,0,0,80,0,0,0,0,0,0,0,83,98,98,97

l0,15=0,100,100,100,100,100,100,100,100,100,99,100,99,100,77,0,61,96,88,59,0,0,0,0,0,0,0,0,0,0,99,36,0,0,0,0,0,0,0,0,0,0,0,0,0
l1,15=100,0,100,100,100,100,79,100,100,100,99,100,99,100,73,0,97,100,94,65,0,0,0,0,0,0,0,0,0,0,100,47,0,0,0,0,0,0,0,0,0,0,0,0,0
l2,15=100,100,0,100,100,100,100,99,100,100,100,100,98,100,99,0,68,100,99,64,0,0,0,0,0,0,0,0,0,0,99,0,0,0,0,0,0,0,0,0,0,0,0,0,0
l3,15=100,100,100,0,100,100,100,99,100,100,99,98,99,98,77,0,10,94,100,13,0,0,0,0,0,0,0,0,0,0,100,0,0,0,0,0,0,0,0,0,0,0,0,0,0
l4,15=100,100,100,100,0,100,100,99,100,100,96,96,98,100,74,0,69,0,55,62,0,0,0,0,0,0,0,0,0,0,100,0,0,0,0,0,0,0,0,0,0,0,0,0,0
l5,15=99,100,100,100,100,0,100,99,100,100,100,100,99,100,80,0,69,94,99,60,53,0,0,0,0,0,0,0,0,0,96,61,0,0,0,0,0,0,0,0,56,0,0,0,0
l6,15=99,72,100,100,100,100,0,99,100,100,100,100,99,100,100,0,97,100,100,99,95,71,0,0,33,0,0,0,0,0,100,0,0,0,0,0,0,0,0,0,0,0,0,0,0
l7,15=100,100,100,100,100,100,100,0,100,100,100,100,99,100,100,0,97,99,100,100,99,97,0,99,0,99,96,98,0,0,0,0,0,0,0,0,0,0,0,0,0,0,0,0,0
l8,15=100,100,100,100,100,100,100,100,0,100,100,100,99,100,100,0,97,96,100,100,56,66,0,98,91,54,98,96,0,0,46,56,0,0,0,0,0,0,0,0,0,0,0,0,0
l9,15=99,100,100,100,100,100,100,100,100,0,100,100,99,100,100,0,97,100,100,100,51,61,0,94,0,62,76,100,0,0,0,0,0,0,0,0,0,0,0,0,0,0,0,88,0
l10,15=96,98,99,98,98,100,64,62,100,100,0,100,99,100,79,0,66,100,100,64,54,0,0,94,63,65,85,95,0,0,98,0,0,0,0,0,0,0,0,0,53,0,94,96,96
l11,15=100,100,100,88,99,100,100,100,100,100,100,0,99,100,100,0,97,91,100,100,100,67,0,0,96,55,75,86,0,0,98,59,0,0,0,0,0,0,0,0,0,0,0,0,0
l12,15=97,100,91,94,95,100,100,100,100,100,100,100,0,100,76,0,97,98,100,64,56,59,92,93,100,100,81,0,0,0,92,0,0,0,0,0,0,0,0,0,0,0,0,89,0
l13,15=99,100,100,86,100,100,100,100,100,100,100,100,99,0,98,0,97,99,99,98,0,59,3,91,62,60,49,95,0,0,84,50,0,0,0,0,0,0,0,0,0,0,0,0,0
l14,15=82,26,93,86,89,95,58,59,77,92,95,94,92,94,0,0,97,100,100,72,59,0,0,94,60,61,82,88,0,0,94,60,0,68,0,0,0,0,0,52,51,57,92,100,92
l15,15=78,96,92,0,96,100,64,62,78,99,88,100,99,100,100,0,0,100,100,65,59,61,92,94,63,59,85,92,0,0,99,61,0,69,0,0,0,0,2,1,51,0,89,94,94
l16,15=90,60,59,67,0,95,26,25,37,92,98,93,99,84,95,0,33,0,100,100,69,37,0,94,52,20,48,87,0,0,100,100,57,75,0,65,0,0,51,63,55,73,55,100,94
l17,15=62,89,85,87,79,94,57,99,100,94,100,100,99,96,100,0,97,100,0,100,100,64,88,93,100,100,79,80,0,0,100,100,0,0,0,0,0,0,0,0,60,59,100,91,85
l18,15=78,57,52,0,86,89,26,63,77,99,99,99,99,99,100,0,68,100,100,0,100,72,97,95,97,61,98,98,0,0,97,57,10,69,0,20,0,0,60,56,62,35,99,100,97
l19,15=0,0,1,0,0,96,48,63,77,81,99,99,99,38,100,0,97,100,100,100,0,67,82,95,100,100,98,94,0,0,99,59,0,0,0,0,0,0,61,63,62,73,98,100,100
l20,15=0,0,0,0,0,0,58,93,61,55,0,86,91,72,0,0,95,56,85,100,94,0,99,100,95,100,91,100,0,0,0,0,94,91,0,9,90,85,88,67,0,59,96,90,92
l21,15=0,0,0,0,0,0,0,72,0,2,0,1,94,66,0,0,95,0,86,99,84,98,0,100,99,98,96,100,0,0,0,0,91,0,0,0,0,0,0,0,0,0,94,90,32
l22,15=0,0,0,0,0,0,0,68,76,74,90,0,94,76,93,0,95,88,92,99,98,98,94,0,100,100,98,100,0,0,0,0,97,94,0,96,93,44,90,51,59,96,97,90,24
l23,15=0,0,0,0,0,0,0,0,83,0,86,88,97,79,95,0,95,94,96,96,96,96,93,100,0,100,98,97,0,0,82,80,95,93,0,98,31,52,96,61,85,90,99,100,100
l24,15=0,0,0,0,0,0,0,89,66,87,96,91,99,92,98,0,95,92,100,96,99,97,91,100,100,0,98,99,0,0,87,52,93,90,0,97,91,0,33,0,97,95,99,100,96
l25,15=0,0,0,0,0,0,0,46,91,48,89,63,90,40,95,0,95,97,71,99,99,93,88,100,100,100,0,96,0,0,0,0,93,78,0,66,92,79,79,92,51,69,99,100,92
l26,15=0,0,0,0,0,0,0,89,91,86,85,69,0,81,73,0,93,90,82,94,59,98,97,100,99,99,96,0,0,0,0,0,96,91,0,95,48,50,88,92,91,45,97,89,97
l27,15=94,64,57,83,100,95,26,0,8,0,99,99,99,24,44,0,33,100,100,65,59,0,0,0,52,23,0,0,0,0,0,100,62,80,0,84,34,27,62,64,62,74,0,98,0
l28,15=44,5,0,0,0,100,0,1,49,0,0,100,34,72,80,0,32,100,100,65,59,0,0,0,53,22,0,0,0,0,100,0,62,83,0,84,35,27,62,64,62,39,58,94,0
l29,15=0,0,0,0,0,0,0,0,0,0,0,0,0,0,0,0,0,93,0,1,0,98,89,100,100,61,98,100,0,0,95,100,0,100,0,100,98,100,100,100,100,100,40,89,60
l30,15=0,0,0,0,0,43,0,0,0,0,0,0,0,0,54,0,34,93,42,95,0,97,0,100,99,97,97,99,0,0,91,97,100,0,0,100,98,100,100,100,100,100,7,0,93
l31,15=0,0,0,0,0,0,0,0,0,0,0,0,0,0,0,0,0,90,0,36,0,2,0,77,91,92,40,92,0,0,96,93,100,100,0,0,98,100,100,98,100,100,44,4,0
l32,15=0,0,0,0,0,0,0,0,0,0,0,0,0,0,0,0,0,0,0,0,0,73,0,100,87,90,97,91,0,0,91,96,100,100,0,100,0,100,100,100,100,100,0,0,0
l33,15=0,0,0,0,0,0,0,0,0,0,0,0,0,0,0,0,0,0,0,0,0,60,0,77,83,0,90,92,0,0,91,91,100,97,0,100,98,0,96,96,94,94,0,0,0
l34,15=0,0,0,0,0,0,0,0,0,0,0,0,0,0,0,0,0,86,0,99,60,97,0,100,88,3,60,93,0,0,99,98,100,100,0,100,98,100,0,100,100,100,34,0,91
l35,15=0,0,0,0,0,0,0,0,0,0,0,0,0,0,42,0,0,97,0,66,56,67,0,95,50,0,60,93,0,0,100,100,100,100,0,100,98,100,100,0,100,100,0,0,0
l36,15=0,0,0,0,0,98,0,0,0,0,95,0,0,0,42,0,31,98,100,100,100,0,0,94,51,62,48,93,0,0,100,100,100,100,0,84,61,67,100,100,0,100,0,3,0
l37,15=0,0,0,0,0,0,0,0,0,0,0,0,0,0,42,0,0,100,96,62,100,66,0,100,89,62,48,89,0,0,100,100,100,100,0,100,98,67,100,100,100,0,0,0,62
l38,15=0,0,0,0,0,0,0,0,0,0,62,0,0,0,69,0,54,56,78,94,36,85,68,91,97,96,89,89,0,0,0,37,6,0,0,0,0,0,2,0,0,0,0,100,100
l39,15=0,0,0,0,0,0,0,0,0,26,74,0,77,0,98,0,82,91,69,99,86,84,83,85,100,99,97,75,0,0,69,37,45,0,0,0,0,0,0,0,0,0,100,0,100
l40,15=0,0,0,0,0,0,0,0,0,0,57,0,0,0,66,0,70,56,50,94,81,89,0,0,98,97,90,91,0,0,0,0,1,33,0,0,0,0,10,0,0,0,99,100,0
l41,15=0,0,0,0,0,0,0,0,0,0,82,3,60,78,98,0,93,99,100,98,99,85,0,96,99,99,97,94,0,0,84,0,6,1,0,0,0,0,49,0,45,0,99,100,100
l42,15=0,0,0,0,0,0,0,0,0,0,0,0,63,0,3,0,56,57,55,94,49,90,71,97,99,99,79,86,0,0,0,0,20,67,0,7,0,0,1,0,0,0,99,100,100
l43,15=0,0,0,0,0,0,0,0,0,0,0,0,0,4,57,0,26,53,15,0,60,69,63,95,71,96,92,85,0,0,0,0,60,55,0,68,0,0,64,48,0,0,97,97,96
l44,15=0,0,0,0,0,0,0,0,0,0,0,0,41,0,61,0,58,2,0,94,57,93,68,90,99,77,97,89,0,0,0,0,60,0,0,0,52,0,0,0,0,48,99,82,100

