l0,0=0,46,70,93,87,49,84,92,52,93,58,6,11,6,17,0,62,67,0,43,0,0,0,0,0,0,0,0,0,0,79,49,0,0,0,0,0,0,0,0,0,0,0,0,0
l1,0=14,0,70,93,82,49,84,90,84,90,58,28,14,26,4,0,44,56,30,39,0,0,0,0,0,0,0,0,0,0,61,36,0,0,0,0,0,0,0,0,50,0,0,0,0
l2,0=32,65,0,90,77,49,84,99,84,87,57,30,24,31,20,0,63,52,28,66,38,0,0,0,0,40,46,0,0,0,0,47,0,0,0,0,0,0,0,0,0,0,0,0,0
l3,0=35,60,57,0,90,32,83,90,53,91,31,5,11,6,0,0,38,68,0,0,0,0,0,0,0,0,0,0,0,0,83,74,0,0,0,0,0,0,0,0,41,1,0,0,0
l4,0=35,51,51,93,0,49,84,86,51,72,41,4,9,5,4,0,11,0,0,0,0,0,0,0,0,0,0,0,0,0,74,63,0,0,0,0,0,0,0,0,0,0,0,0,0
l5,0=35,64,59,52,90,0,84,94,53,52,41,6,12,6,2,0,41,41,37,34,26,0,0,0,0,0,0,0,0,0,0,0,0,0,0,0,0,0,0,0,59,0,0,0,0
l6,0=35,65,70,93,90,49,0,99,76,94,49,7,46,6,8,0,50,65,38,48,29,0,0,0,0,0,0,0,0,0,78,42,0,0,0,0,0,0,0,0,0,0,0,0,0
l7,0=32,58,70,89,65,49,84,0,84,95,78,31,46,31,31,0,90,0,44,76,62,0,48,56,70,73,72,0,0,0,53,0,0,0,0,0,0,0,0,0,0,0,0,2,0
l8,0=14,65,70,93,77,49,83,99,0,96,73,31,19,14,18,0,76,51,34,66,36,0,38,32,41,50,57,41,0,0,11,14,0,0,0,0,0,0,0,0,0,0,0,15,0
l9,0=29,45,57,88,77,25,83,97,84,0,81,31,27,31,30,0,90,28,39,0,35,28,0,34,44,56,48,0,0,0,31,22,0,0,0,0,0,0,0,0,0,0,0,0,0
l10,0=7,27,53,34,22,14,66,93,72,70,0,23,46,3,6,0,90,45,45,50,50,1,42,47,52,83,85,42,0,0,19,0,0,0,0,0,0,0,0,0,0,0,21,17,0
l11,0=15,50,69,90,18,45,81,94,84,96,55,0,46,31,20,0,90,70,11,50,46,18,9,0,48,39,68,32,0,0,0,27,0,0,0,0,0,0,0,0,0,0,0,0,0
l12,0=14,48,68,52,72,43,81,93,83,91,81,31,0,31,31,0,90,70,45,72,75,0,0,28,41,51,86,65,0,0,40,42,0,0,0,0,0,0,0,0,37,0,0,25,18
l13,0=14,58,70,44,81,47,80,97,84,96,38,31,46,0,33,0,90,59,47,38,37,28,1,40,0,75,0,11,0,0,50,37,0,0,0,0,0,0,0,0,0,0,0,6,0
l14,0=2,2,52,0,18,5,30,70,58,26,23,26,40,18,0,0,88,80,65,92,97,0,29,46,54,75,67,45,0,0,81,41,0,6,0,0,0,0,0,1,74,54,46,49,21
l15,0=2,4,50,34,10,9,41,94,61,40,81,31,33,29,54,0,0,65,65,18,51,37,34,46,50,87,80,78,0,0,63,53,16,0,0,0,0,0,0,10,57,0,40,23,17
l16,0=2,2,10,27,0,1,12,0,23,0,25,19,21,2,13,0,29,0,65,67,56,0,0,23,63,71,76,0,0,0,91,89,19,4,0,0,0,9,40,38,81,76,42,22,2
l17,0=0,2,31,0,0,9,33,77,58,18,52,8,29,16,65,0,90,85,0,87,82,39,0,45,69,73,80,46,0,0,79,35,0,0,0,0,0,0,0,0,57,75,43,44,20
l18,0=1,2,23,0,0,3,21,74,58,0,35,28,42,2,59,0,20,84,62,0,97,51,46,54,68,88,92,86,0,0,72,56,19,13,0,0,3,6,71,8,84,47,48,50,40
l19,0=0,0,12,0,0,6,6,30,27,14,49,27,43,4,65,0,88,85,64,93,0,17,23,50,76,88,93,68,0,0,88,86,0,21,0,0,0,0,0,0,93,59,26,84,45
l20,0=0,0,0,0,0,0,0,0,0,32,20,6,0,8,0,0,71,1,52,92,75,0,88,97,82,88,93,97,0,0,0,0,45,75,0,71,76,39,77,53,0,56,74,64,70
l21,0=0,0,0,0,0,0,0,59,67,0,58,0,0,0,34,0,72,0,0,80,76,92,0,86,90,72,86,98,0,0,0,0,59,83,0,0,6,0,71,50,0,0,71,5,62
l22,0=0,0,0,0,0,0,0,41,40,39,59,0,6,16,56,0,83,41,46,92,78,89,77,0,90,73,94,97,0,0,0,35,93,92,0,75,81,69,88,47,66,58,80,80,74
l23,0=0,0,0,0,0,0,0,22,11,5,39,13,8,0,10,0,30,70,57,79,76,60,80,97,0,89,94,88,0,0,0,39,73,78,0,15,0,5,76,27,76,79,87,84,84
l24,0=0,0,10,0,0,0,0,44,28,13,68,8,15,18,48,0,87,52,49,92,78,91,57,78,91,0,94,79,0,0,0,47,21,85,0,12,19,34,64,64,62,0,87,84,79
l25,0=0,0,19,0,0,0,0,43,37,8,51,13,33,0,21,0,65,51,55,92,73,60,69,98,91,89,0,88,0,0,41,0,83,78,0,7,62,50,55,73,51,68,85,84,76
l26,0=0,0,0,0,0,0,0,0,33,0,40,13,28,8,46,0,87,20,50,92,41,92,88,97,90,87,93,0,0,0,39,0,78,94,0,98,52,58,96,81,52,50,87,64,84
l27,0=6,2,0,48,18,0,11,15,2,11,1,0,2,1,29,0,29,83,47,39,16,0,0,0,0,0,32,0,0,0,0,89,31,74,0,21,4,42,87,93,89,93,0,13,20
l28,0=4,0,12,41,20,4,10,0,10,7,1,6,10,1,12,0,26,85,34,36,18,0,0,35,47,68,0,0,0,0,91,0,65,75,0,11,10,47,78,68,94,95,0,0,10
l29,0=0,0,0,0,0,0,0,0,0,0,0,0,0,0,0,0,53,54,0,43,0,38,58,98,77,39,93,93,0,0,86,88,0,98,0,100,98,100,97,99,94,95,0,0,0
l30,0=0,0,0,0,0,0,0,0,0,0,0,0,0,0,0,0,0,0,0,1,0,24,63,93,75,82,79,86,0,0,91,89,100,0,0,100,98,100,97,99,94,95,24,31,12
l31,0=0,0,0,0,0,0,0,0,0,0,0,0,0,0,0,0,0,13,0,4,0,88,26,92,62,68,46,97,0,0,89,75,100,98,0,0,98,100,97,99,94,95,16,0,25
l32,0=0,0,0,0,0,0,0,0,0,0,0,0,0,0,0,0,0,0,0,33,0,76,37,88,6,71,74,77,0,0,73,75,100,98,0,99,0,100,97,99,89,89,17,0,0
l33,0=0,0,0,0,0,0,0,0,0,0,0,0,0,0,0,0,0,51,0,1,0,14,0,84,1,62,74,77,0,0,82,78,100,98,0,100,98,0,97,94,89,0,0,0,0
l34,0=0,0,0,0,0,0,0,0,0,0,0,0,0,0,0,0,0,57,0,75,0,53,34,91,76,76,76,94,0,0,90,81,100,98,0,100,98,99,0,99,94,95,5,3,0
l35,0=0,0,0,0,0,0,0,0,0,0,0,0,0,0,0,0,4,64,0,7,0,5,9,52,25,77,81,86,0,0,91,89,100,98,0,100,98,100,97,0,94,95,2,0,0
l36,0=0,1,0,0,0,4,0,0,0,0,0,0,2,0,6,0,24,73,29,55,9,0,0,19,63,39,34,29,0,0,91,89,65,98,0,89,29,95,97,99,0,95,0,0,0
l37,0=0,0,0,0,0,0,0,0,0,0,0,0,0,0,3,0,3,79,51,72,31,7,0,74,83,0,83,49,0,0,91,89,98,98,0,100,92,3,97,99,94,0,6,0,0
l38,0=0,0,0,0,0,0,0,0,0,0,19,0,0,0,46,0,59,55,47,72,51,39,47,79,85,87,80,77,0,0,0,0,0,61,0,21,14,0,16,2,0,0,0,84,84
l39,0=0,0,0,0,0,0,0,0,13,0,18,0,6,0,47,0,44,14,19,79,71,39,22,83,90,86,93,32,0,0,21,0,0,14,0,0,0,0,1,0,0,0,89,0,84
l40,0=0,0,0,0,0,0,0,0,0,0,0,0,10,0,35,0,29,0,39,61,52,39,48,82,89,82,88,88,0,0,29,0,0,31,0,3,0,0,0,0,0,0,87,83,0
l41,0=0,0,0,0,0,0,0,0,0,11,59,15,0,9,51,0,75,78,61,92,90,57,57,91,90,86,89,91,0,0,47,9,9,12,0,0,0,0,0,17,38,0,89,85,83
l42,0=0,0,0,0,0,0,0,0,0,0,5,0,0,0,33,0,38,45,30,57,51,47,33,97,90,88,93,62,0,0,0,0,0,51,0,0,0,0,44,0,0,0,87,84,62
l43,0=0,0,0,0,0,0,0,0,0,0,19,0,0,0,12,0,10,28,34,70,45,49,53,85,89,88,84,74,0,0,0,0,31,31,0,0,16,0,0,0,0,0,87,84,83
l44,0=0,0,0,0,0,0,0,0,0,0,0,9,7,0,32,0,12,42,40,60,48,38,52,63,88,84,90,71,0,0,0,0,36,0,0,0,0,0,0,0,0,0,84,81,80

l0,1=0,65,20,34,35,26,23,15,18,45,21,88,65,5,1,0,9,0,0,0,0,0,0,0,0,0,0,0,0,0,4,0,0,0,0,0,0,0,0,0,0,0,0,0,0
l1,1=80,0,36,35,27,26,23,5,18,37,20,87,26,7,0,0,5,0,0,0,6,0,0,0,0,0,0,0,0,0,6,0,0,0,0,0,0,0,0,0,0,0,0,0,0
l2,1=87,82,0,41,35,27,23,72,30,52,21,91,72,10,1,0,10,0,2,1,9,0,0,0,0,23,0,0,0,0,4,18,0,0,0,0,0,0,0,0,0,0,0,0,0
l3,1=87,63,7,0,35,19,12,9,29,35,20,85,64,5,0,0,5,0,0,0,4,0,0,0,0,0,0,0,0,0,10,7,0,0,0,0,0,0,0,0,5,0,0,0,0
l4,1=87,65,4,41,0,26,12,0,17,33,17,78,63,5,0,0,5,0,0,1,0,0,0,0,0,0,0,0,0,0,12,0,0,0,0,0,0,0,0,0,0,0,0,0,0
l5,1=87,65,34,15,35,0,23,8,24,37,14,54,65,5,0,0,6,0,0,0,0,0,0,0,0,0,0,0,0,0,7,1,0,2,0,0,0,0,0,0,17,2,0,0,0
l6,1=87,82,54,20,15,27,0,68,28,36,21,87,68,5,0,0,5,0,1,2,7,0,0,0,0,0,0,0,0,0,9,0,0,0,0,0,0,0,0,0,0,0,0,0,0
l7,1=82,33,57,32,0,27,23,0,30,52,23,91,65,12,2,0,19,0,1,1,8,4,1,10,0,35,6,0,0,0,2,0,0,0,0,0,0,0,0,0,0,0,0,7,0
l8,1=71,79,57,28,12,26,23,70,0,52,18,89,57,7,1,0,9,0,2,4,2,4,1,10,28,28,7,0,0,0,0,4,0,0,0,0,0,0,0,0,0,0,1,0,0
l9,1=80,80,29,11,14,21,14,69,30,0,22,91,68,12,1,0,10,0,3,2,7,0,0,0,40,1,4,0,0,0,0,3,0,0,0,0,0,0,0,0,0,0,0,1,0
l10,1=65,55,12,12,5,9,21,15,17,37,0,90,73,10,0,0,20,2,3,5,13,1,1,7,13,46,17,0,0,0,5,0,0,1,0,0,0,0,0,0,0,0,5,4,1
l11,1=77,81,34,12,9,18,21,41,30,52,29,0,73,12,1,0,22,1,3,2,10,0,0,3,30,40,11,0,0,0,2,0,0,0,0,0,0,0,0,0,0,0,0,9,0
l12,1=68,13,27,9,11,19,21,16,18,37,37,91,0,12,1,0,22,1,3,4,10,0,0,6,30,41,12,0,0,0,2,3,0,0,0,0,0,0,0,0,0,0,2,2,0
l13,1=71,81,49,13,14,21,17,31,30,52,25,91,73,0,1,0,21,0,3,1,6,0,1,6,35,36,7,0,0,0,3,0,0,0,0,0,0,0,0,0,0,0,1,0,0
l14,1=17,12,6,6,0,4,2,6,20,25,17,65,65,7,0,0,25,4,22,39,39,3,3,10,35,24,11,0,0,0,7,0,0,0,0,0,0,0,3,0,19,2,8,7,4
l15,1=15,13,6,3,1,4,10,15,16,20,33,91,70,11,46,0,0,1,6,8,24,6,2,12,44,45,14,0,0,0,10,0,0,0,0,0,0,0,0,13,12,1,6,4,3
l16,1=7,6,6,2,5,0,0,0,13,14,11,6,20,3,0,0,1,0,5,43,28,0,0,10,54,26,7,0,0,0,33,28,0,11,0,0,6,0,15,32,37,1,1,5,2
l17,1=0,8,5,0,2,2,1,5,14,26,22,48,49,9,46,0,24,6,0,32,39,0,1,11,52,12,14,0,0,0,3,0,0,0,0,0,0,0,0,0,13,7,5,5,6
l18,1=0,0,7,0,3,0,0,4,15,11,16,36,36,3,41,0,13,16,15,0,38,39,3,8,68,52,67,34,0,0,5,15,3,0,0,0,0,0,15,30,17,5,15,64,4
l19,1=0,4,10,0,0,0,1,8,5,16,18,39,46,3,46,0,22,13,22,43,0,4,3,11,55,39,20,0,0,0,4,20,0,11,0,0,0,0,11,0,45,12,5,67,6
l20,1=0,0,0,0,0,0,0,38,22,18,24,0,44,8,29,0,21,4,10,33,25,0,81,67,65,51,64,67,0,0,8,0,45,59,0,38,57,47,61,40,44,36,70,63,70
l21,1=0,0,0,0,0,0,0,7,17,0,27,0,0,6,30,0,21,0,12,32,20,87,0,67,65,48,64,65,0,0,0,0,0,58,0,0,20,0,50,39,0,0,71,67,0
l22,1=0,0,0,0,0,0,0,37,19,0,16,19,34,5,29,0,17,7,10,22,22,73,65,0,68,44,69,68,0,0,0,0,50,58,0,49,52,38,49,39,46,48,65,62,63
l23,1=0,0,0,0,0,0,0,0,9,30,9,44,37,8,35,0,21,9,12,34,27,75,71,72,0,56,69,60,0,0,1,8,8,0,0,29,0,7,55,31,43,62,71,76,76
l24,1=0,0,12,0,0,0,0,29,11,0,27,56,50,10,34,0,21,9,1,34,26,80,64,56,70,0,69,54,0,0,0,16,8,19,0,0,4,0,11,50,59,44,75,68,76
l25,1=0,0,0,0,0,0,0,29,17,15,26,49,42,5,22,0,21,2,11,34,27,76,70,77,70,56,0,60,0,0,1,0,50,46,0,41,50,11,47,29,29,28,75,76,69
l26,1=0,0,0,0,0,0,0,4,11,18,25,1,42,8,26,0,17,6,10,29,23,88,71,77,64,48,66,0,0,0,0,0,45,62,0,50,52,9,62,48,38,50,70,64,72
l27,1=2,13,0,9,10,3,3,4,0,0,4,3,14,1,0,0,19,16,0,6,8,0,0,0,11,0,1,0,0,0,0,52,4,40,0,30,1,5,21,86,91,42,0,6,0
l28,1=0,0,10,2,0,0,0,0,13,17,0,0,22,0,0,0,5,17,0,35,18,0,0,0,33,35,0,0,0,0,53,0,15,18,0,37,10,1,23,53,94,50,0,1,0
l29,1=0,0,0,0,0,0,0,0,0,0,0,0,0,0,0,0,0,0,0,3,0,58,0,77,46,24,66,57,0,0,24,52,0,85,0,96,96,96,93,91,94,93,0,0,0
l30,1=0,0,0,0,0,0,0,0,0,0,0,0,0,0,0,0,0,3,0,0,16,52,36,66,0,34,48,61,0,0,53,40,71,0,0,96,96,93,93,91,94,95,23,7,0
l31,1=0,0,0,0,0,0,0,0,0,0,0,0,0,0,0,0,0,0,0,0,0,7,0,76,50,0,58,63,0,0,47,43,71,85,0,0,96,96,93,78,94,95,0,2,0
l32,1=0,0,0,0,0,0,0,0,0,0,0,0,0,0,0,0,0,6,0,0,0,59,25,62,0,39,57,47,0,0,4,26,71,85,0,96,0,96,93,91,84,90,0,0,0
l33,1=0,0,0,0,0,0,0,0,0,0,0,0,0,0,0,0,0,0,0,0,0,42,0,55,48,0,42,0,0,0,12,3,71,82,0,96,96,0,92,87,93,75,0,0,0
l34,1=0,0,0,0,0,0,0,0,0,0,0,0,0,0,0,0,0,7,0,13,4,67,29,56,53,24,49,61,0,0,21,45,71,85,0,96,96,94,0,91,94,95,23,18,0
l35,1=0,0,0,0,0,0,0,0,0,0,0,0,0,0,0,0,6,3,0,20,0,4,5,60,36,46,24,50,0,0,53,34,71,85,0,86,95,86,93,0,94,95,0,0,0
l36,1=0,0,0,0,0,2,0,0,0,0,0,0,0,0,19,0,9,16,0,20,26,1,0,24,45,50,7,0,0,0,53,52,65,84,0,90,87,88,90,89,0,94,0,0,0
l37,1=0,0,0,0,0,2,0,0,0,0,0,0,0,0,0,0,4,5,5,36,25,1,1,15,61,44,22,0,0,0,53,52,65,85,0,95,88,71,93,91,94,0,0,0,0
l38,1=0,0,0,0,0,0,0,0,0,0,17,0,15,0,35,0,21,2,9,31,22,63,54,57,57,49,61,53,0,0,0,0,0,13,0,0,0,0,6,0,0,0,0,76,76
l39,1=0,0,0,0,0,0,0,3,0,0,11,19,14,0,35,0,21,1,11,33,27,62,56,61,68,51,67,53,0,0,2,3,0,8,0,0,0,0,7,0,0,0,75,0,76
l40,1=0,0,0,0,0,0,0,0,0,0,11,0,0,0,34,0,20,6,11,29,24,66,0,55,63,49,59,53,0,0,0,0,0,0,0,0,0,0,0,0,0,0,74,70,0
l41,1=0,0,0,0,0,0,0,0,0,20,26,44,27,0,35,0,21,9,9,34,27,43,24,61,69,52,59,51,0,0,12,19,0,0,0,0,0,0,17,0,0,0,76,78,75
l42,1=0,0,0,0,0,0,0,0,0,0,0,0,0,0,27,0,17,8,1,29,4,63,56,65,65,49,64,49,0,0,0,0,0,24,0,0,4,0,0,0,0,3,71,76,75
l43,1=0,0,0,0,0,0,0,0,0,0,1,0,0,0,31,0,15,3,6,23,18,66,53,61,64,44,62,47,0,0,0,0,35,16,0,31,0,0,30,0,0,0,73,70,76
l44,1=0,0,0,0,0,0,0,0,0,0,0,0,31,3,32,0,0,4,11,27,23,60,57,57,59,47,63,54,0,0,0,0,9,0,0,0,0,0,7,0,0,0,75,71,77

l0,2=0,86,83,41,23,22,92,51,38,68,77,86,79,42,0,0,21,0,0,31,0,0,0,0,0,0,0,0,0,0,1,5,0,0,0,0,0,0,0,0,0,0,0,0,0
l1,2=77,0,84,41,30,28,92,46,41,90,72,88,75,38,1,0,22,5,1,0,25,0,0,0,0,0,0,0,0,0,12,4,0,0,0,0,0,0,0,0,0,0,0,0,0
l2,2=80,87,0,38,25,28,92,93,47,95,80,88,85,36,1,0,18,6,1,43,0,0,0,1,0,4,0,0,0,0,6,5,0,0,0,0,0,0,0,0,0,0,0,0,0
l3,2=83,87,84,0,32,27,88,53,39,30,78,87,80,26,1,0,16,0,1,23,0,0,0,0,0,0,0,0,0,0,2,5,0,0,0,0,0,0,0,0,0,0,0,0,0
l4,2=75,87,78,40,0,26,89,38,37,62,75,78,81,41,1,0,19,0,1,0,0,0,0,0,0,0,0,0,0,0,11,0,0,0,0,0,0,0,0,0,0,0,0,0,0
l5,2=75,87,84,40,32,0,92,53,42,67,80,58,85,42,3,0,17,1,2,45,0,0,0,0,0,0,0,0,0,0,13,0,0,0,0,0,0,0,0,0,0,0,0,0,0
l6,2=83,87,85,21,18,28,0,91,43,69,79,87,85,42,1,0,26,5,1,0,21,0,0,0,0,0,0,0,0,0,5,5,0,0,0,0,0,0,0,0,6,0,0,0,0
l7,2=78,74,85,37,25,28,92,0,47,95,76,91,82,59,1,0,39,1,12,46,43,7,0,2,2,13,3,0,0,0,7,0,0,0,0,0,0,0,0,0,0,0,0,0,0
l8,2=65,80,85,30,21,25,89,91,0,95,76,90,85,52,3,0,26,4,3,58,0,2,0,2,0,5,3,5,0,0,9,5,0,0,0,0,0,0,0,0,0,0,0,1,0
l9,2=74,80,83,2,17,21,89,90,46,0,80,90,85,59,3,0,26,6,4,54,39,3,0,0,3,3,6,6,0,0,2,4,0,0,0,0,0,0,0,0,0,0,0,7,0
l10,2=72,50,78,11,16,18,73,61,35,90,0,88,85,46,1,0,35,5,7,67,63,0,0,4,3,10,9,5,0,0,7,4,0,0,0,0,0,0,0,0,9,0,9,0,0
l11,2=73,79,79,29,12,6,87,93,44,95,80,0,85,59,4,0,41,6,11,8,56,8,0,0,2,9,5,0,0,0,9,0,0,0,0,0,0,0,0,0,0,0,7,7,1
l12,2=63,55,79,17,17,18,87,63,40,90,80,91,0,59,4,0,43,6,7,54,65,0,0,2,3,7,5,5,0,0,8,0,0,0,0,0,0,0,0,0,2,10,7,6,0
l13,2=73,74,45,8,13,26,89,81,46,95,80,91,85,0,3,0,45,5,3,0,46,0,0,2,2,5,0,0,0,0,5,0,0,0,0,0,0,0,0,0,0,0,0,1,0
l14,2=0,42,32,2,3,7,24,37,31,74,66,75,79,37,0,0,45,14,33,76,82,19,0,4,4,11,9,2,0,0,9,6,0,0,0,0,0,0,2,6,12,3,16,22,8
l15,2=38,40,24,1,2,7,72,68,31,58,80,89,85,48,38,0,0,11,6,59,71,25,0,4,3,10,8,5,0,0,26,10,0,0,0,0,0,0,0,5,10,11,13,14,0
l16,2=23,32,43,0,0,7,42,7,16,64,53,51,45,28,5,0,27,0,8,76,76,0,0,0,4,9,0,3,0,0,48,55,9,48,0,0,0,0,5,4,28,15,14,9,0
l17,2=0,24,27,2,3,6,53,54,26,72,80,90,85,28,38,0,35,19,0,57,82,23,0,5,8,4,0,11,0,0,21,5,0,0,0,0,0,0,0,1,11,0,15,15,12
l18,2=21,0,32,0,0,6,0,40,20,55,57,4,51,0,35,0,31,29,8,0,82,70,0,52,80,51,75,18,0,0,32,41,0,27,0,0,3,0,7,4,8,12,17,14,5
l19,2=0,4,0,0,0,0,2,42,0,54,68,47,71,21,38,0,45,29,33,76,0,20,0,6,18,62,8,22,0,0,22,26,0,20,0,0,0,0,0,0,21,13,22,30,11
l20,2=0,0,0,0,0,0,4,35,16,43,0,50,0,0,23,0,35,0,22,65,54,0,81,73,75,68,70,75,0,0,0,0,61,52,0,54,0,56,44,4,11,29,64,48,66
l21,2=0,0,0,0,0,0,0,2,24,0,52,47,48,0,19,0,35,0,20,50,0,82,0,72,75,54,69,71,0,0,0,0,0,0,0,0,18,0,0,0,0,0,67,52,0
l22,2=0,0,0,0,0,0,0,40,23,0,46,12,42,15,23,0,32,0,22,55,48,76,63,0,79,55,75,74,0,0,0,0,61,61,0,55,61,35,52,42,30,0,64,49,50
l23,2=0,0,0,0,0,0,0,2,0,61,49,27,55,12,23,0,33,20,25,70,56,66,67,76,0,70,75,70,0,0,0,0,52,28,0,43,52,28,51,0,30,56,70,60,72
l24,2=0,0,25,0,0,0,0,51,16,40,63,49,62,12,27,0,39,21,6,65,59,75,64,69,81,0,75,68,0,0,14,17,18,25,0,23,32,23,3,39,46,48,70,53,73
l25,2=0,0,0,0,0,0,0,30,14,42,61,36,44,0,27,0,36,0,0,69,50,68,60,80,81,70,0,64,0,0,0,9,45,55,0,38,65,17,32,7,29,12,70,54,72
l26,2=0,0,0,0,0,0,0,0,24,54,51,19,56,0,18,0,28,11,21,57,55,82,71,80,77,64,74,0,0,0,0,0,62,66,0,60,54,44,61,1,29,6,70,55,66
l27,2=24,72,18,3,15,15,66,11,19,0,37,63,62,5,3,0,38,29,3,69,66,0,0,0,0,5,0,0,0,0,0,55,11,71,0,48,32,46,18,72,93,43,0,9,0
l28,2=46,31,39,10,2,2,63,0,25,36,41,1,0,0,5,0,28,29,3,75,67,0,0,0,1,5,4,0,0,0,49,0,12,67,0,63,49,19,38,22,93,92,0,6,4
l29,2=0,0,0,0,0,0,0,0,0,0,0,0,0,0,0,0,0,10,0,0,0,78,0,79,69,44,61,75,0,0,28,54,0,87,0,95,95,98,91,88,93,95,0,1,0
l30,2=0,0,0,0,0,0,0,0,0,0,0,0,0,0,0,0,0,15,0,43,22,49,0,75,5,9,63,69,0,0,49,54,79,0,0,95,95,98,91,88,93,96,1,0,0
l31,2=0,0,0,0,0,0,0,0,0,0,0,0,0,0,0,0,0,0,0,0,0,59,0,72,61,12,60,74,0,0,32,46,79,87,0,0,95,98,91,88,93,96,45,8,2
l32,2=0,0,0,0,0,0,0,0,0,0,0,0,0,0,0,0,0,0,0,10,0,0,37,76,66,43,71,65,0,0,26,30,79,87,0,95,0,98,91,88,0,95,10,0,0
l33,2=0,0,0,0,0,0,0,0,0,0,0,0,0,0,0,0,0,0,0,0,0,58,0,44,57,19,3,50,0,0,39,15,79,87,0,95,95,0,91,88,91,89,0,0,0
l34,2=0,0,0,0,0,0,0,0,0,0,0,0,0,0,0,0,0,9,0,47,0,40,0,63,63,0,49,68,0,0,49,53,79,87,0,95,95,93,0,88,93,96,18,28,0
l35,2=0,0,0,0,0,0,0,0,0,0,0,0,0,0,11,0,21,10,1,38,33,11,0,58,0,38,14,0,0,0,47,48,79,87,0,90,95,92,91,0,93,96,0,0,0
l36,2=0,0,0,0,0,0,2,0,0,0,49,0,5,0,8,0,25,29,6,53,79,14,0,4,3,61,11,10,0,0,49,55,74,82,0,89,0,91,91,88,0,96,0,0,0
l37,2=0,0,0,0,0,0,0,0,0,0,0,0,34,0,2,0,24,27,0,71,48,20,0,0,73,60,6,5,0,0,49,55,76,87,0,95,89,91,91,88,93,0,9,0,0
l38,2=0,0,0,0,0,0,0,0,0,0,31,26,26,0,24,0,26,15,19,51,51,46,48,61,72,53,66,48,0,0,0,0,0,4,0,21,2,0,16,0,0,6,0,60,74
l39,2=0,0,0,0,0,0,0,0,0,26,0,35,9,0,25,0,35,17,18,53,57,38,58,63,78,54,73,56,0,0,8,3,1,0,0,0,0,0,10,0,0,0,76,0,75
l40,2=0,0,0,0,0,0,0,0,0,0,2,5,0,0,19,0,17,0,20,40,43,55,0,54,73,53,66,48,0,0,0,1,0,0,0,0,0,0,0,0,0,0,74,58,0
l41,2=0,0,0,0,0,0,0,0,0,0,57,39,27,26,29,0,40,21,25,74,46,55,1,63,77,63,71,44,0,0,0,31,0,0,0,0,0,0,14,0,7,0,77,60,71
l42,2=0,0,0,0,0,0,0,0,0,0,0,0,0,0,22,0,23,19,19,58,41,0,58,64,76,55,71,45,0,0,0,0,43,4,0,0,0,36,3,0,0,0,69,59,71
l43,2=0,0,0,0,0,0,0,0,0,0,0,0,0,0,22,0,2,0,20,49,46,64,50,61,72,44,69,51,0,0,0,0,12,0,0,0,0,0,21,0,0,0,70,54,72
l44,2=0,0,0,0,0,0,0,0,0,0,0,0,0,0,17,0,4,11,16,49,44,48,56,61,73,52,65,52,0,0,0,0,0,37,0,0,0,10,35,0,0,0,70,54,72

l0,3=0,67,82,87,79,78,66,86,66,75,13,22,32,74,42,0,58,12,8,4,0,0,0,0,0,0,0,0,0,0,50,1,0,0,0,0,0,0,0,0,0,0,0,0,0
l1,3=78,0,85,87,88,78,68,54,67,68,48,57,31,63,0,0,79,39,10,1,7,0,0,0,3,0,2,0,0,0,57,38,0,0,0,0,0,0,0,0,0,0,0,0,0
l2,3=67,67,0,86,82,74,68,89,67,80,49,68,73,73,61,0,81,42,10,6,1,0,0,0,0,0,0,0,0,0,50,43,0,0,0,0,0,0,0,0,0,0,0,0,0
l3,3=78,67,84,0,88,78,62,37,55,60,19,26,33,55,24,0,82,20,6,4,0,0,0,0,0,0,0,0,0,0,35,33,0,0,0,0,0,0,0,0,0,0,0,0,0
l4,3=58,62,81,87,0,75,63,22,58,57,17,25,33,65,37,0,34,16,2,0,1,0,0,0,0,0,0,0,0,0,47,35,0,0,0,0,0,0,0,0,7,0,0,0,0
l5,3=76,67,70,87,86,0,68,35,60,66,20,25,34,66,54,0,67,0,13,4,0,0,0,0,0,0,0,0,0,0,73,35,0,0,0,0,0,0,0,0,0,2,0,0,0
l6,3=73,67,85,84,83,78,0,90,67,82,43,66,75,75,60,0,84,40,12,6,0,0,0,1,0,5,0,0,0,0,13,9,0,0,0,0,0,0,0,0,0,0,0,0,0
l7,3=70,67,81,85,77,75,66,0,67,82,34,68,76,73,80,0,88,38,21,27,9,0,0,17,3,19,20,10,0,0,0,13,0,0,0,0,0,0,0,0,0,0,0,0,0
l8,3=68,67,81,83,81,75,65,87,0,82,23,68,66,73,74,0,86,26,16,16,12,0,11,8,1,6,12,35,0,0,50,0,0,0,0,0,0,0,0,0,0,0,0,52,0
l9,3=70,66,80,82,77,75,65,86,66,0,52,68,76,73,76,0,87,37,29,16,14,5,0,10,3,6,10,22,0,0,59,38,0,0,0,0,0,0,0,0,0,0,0,0,0
l10,3=44,46,70,81,66,71,55,18,53,67,0,39,76,73,74,0,88,34,38,8,15,19,7,11,5,9,15,37,0,0,0,48,0,0,0,0,0,0,0,0,0,0,25,5,0
l11,3=52,56,80,83,75,70,64,86,66,82,49,0,76,73,73,0,88,45,15,12,15,16,8,8,3,7,12,22,0,0,71,20,0,0,0,0,0,0,0,0,0,0,0,54,0
l12,3=41,44,72,76,71,71,61,38,61,75,52,68,0,74,75,0,88,16,14,7,13,11,9,6,8,6,15,35,0,0,40,17,0,0,0,0,0,0,0,0,5,3,23,33,0
l13,3=69,59,79,66,79,74,65,84,66,82,52,68,76,0,75,0,88,43,10,5,11,13,0,11,6,6,0,0,0,0,28,0,0,0,0,0,0,0,0,0,0,0,0,0,0
l14,3=32,0,61,0,45,57,50,34,65,62,52,66,76,65,0,0,88,81,67,60,93,19,11,18,14,27,39,24,0,0,20,53,0,0,0,0,0,0,0,20,17,2,58,57,60
l15,3=38,43,54,70,32,50,57,40,56,66,52,68,76,72,85,0,0,63,55,41,70,32,13,14,27,12,29,34,0,0,73,50,0,0,0,0,0,0,0,0,12,0,41,61,39
l16,3=0,40,58,18,45,0,55,17,39,43,38,39,32,59,89,0,85,0,17,77,88,16,0,11,8,12,18,41,0,0,93,87,0,39,0,0,0,0,44,25,38,13,44,63,43
l17,3=17,33,37,0,35,57,48,19,59,67,50,58,67,53,89,0,88,43,0,70,91,17,10,18,39,6,13,0,0,0,75,51,0,0,0,0,0,0,0,0,19,5,36,62,51
l18,3=6,0,43,1,0,37,22,29,54,62,45,49,50,43,78,0,79,86,65,0,93,87,52,42,95,90,94,70,0,0,84,65,0,28,0,0,0,4,35,5,53,16,37,52,62
l19,3=0,30,0,0,31,0,0,19,46,49,48,56,63,51,89,0,88,87,67,77,0,34,14,38,82,84,65,65,0,0,81,61,32,0,0,0,0,0,38,18,36,0,75,67,42
l20,3=0,0,0,0,0,0,0,0,0,1,42,40,31,31,65,0,74,38,54,70,76,0,98,89,69,89,85,91,0,0,0,0,82,76,0,26,71,68,74,0,0,0,80,69,86
l21,3=0,0,0,0,0,0,0,0,51,0,23,38,45,0,60,0,73,0,50,69,65,94,0,85,92,84,91,91,0,0,0,0,0,46,0,58,0,21,0,0,1,0,69,68,54
l22,3=0,0,0,0,0,0,2,51,37,32,38,25,27,53,58,0,59,41,53,51,68,92,78,0,92,92,95,91,0,0,31,0,70,82,0,65,78,52,76,48,36,43,77,61,0
l23,3=0,23,0,0,0,0,0,17,0,49,34,35,56,45,54,0,66,49,63,75,83,68,88,89,0,94,95,87,0,0,51,10,66,19,0,62,63,15,63,67,35,62,80,74,87
l24,3=0,0,0,0,0,0,24,57,43,52,47,39,57,48,70,0,71,67,37,71,81,91,65,90,95,0,94,80,0,0,0,1,61,61,0,32,26,16,40,64,64,61,70,69,85
l25,3=0,0,0,0,0,0,0,56,47,34,46,37,60,0,77,0,75,66,34,71,73,91,83,93,95,93,0,86,0,0,1,43,55,75,0,68,78,0,65,33,59,35,80,73,86
l26,3=0,0,0,0,0,0,0,18,43,27,41,30,60,0,28,0,50,59,4,63,80,94,94,93,93,87,94,0,0,0,0,0,81,88,0,81,80,40,80,70,45,33,77,67,81
l27,3=40,41,34,2,43,64,1,0,40,42,0,52,24,13,4,0,81,82,47,72,50,0,0,10,8,0,0,0,0,0,0,87,43,59,0,17,13,1,93,94,94,97,26,49,0
l28,3=0,34,44,49,48,48,16,6,0,40,44,21,31,0,73,0,80,87,26,72,17,0,0,0,4,0,13,0,0,0,93,0,52,96,0,17,36,18,96,97,94,98,21,50,0
l29,3=0,0,0,0,0,0,0,0,0,0,0,0,0,0,0,0,0,0,0,0,48,93,0,88,90,80,81,87,0,0,86,82,0,100,0,100,100,100,100,99,89,100,11,0,49
l30,3=0,0,0,0,0,0,0,0,0,0,0,0,0,0,0,0,0,76,0,54,0,84,36,93,36,78,87,90,0,0,92,87,98,0,0,100,100,100,100,99,94,100,18,0,31
l31,3=0,0,0,0,0,0,0,0,0,0,0,0,0,0,0,0,0,0,0,0,0,45,72,91,85,74,92,91,0,0,75,61,98,100,0,0,100,100,100,99,94,100,56,53,3
l32,3=0,0,0,0,0,0,0,0,0,0,0,0,0,0,0,0,0,0,0,0,0,85,4,93,88,68,94,87,0,0,84,80,98,100,0,100,0,100,100,99,94,100,0,0,0
l33,3=0,0,0,0,0,0,0,0,0,0,0,0,0,0,0,0,0,0,0,21,0,83,2,80,21,63,0,31,0,0,0,74,98,100,0,100,100,0,100,99,94,92,0,0,0
l34,3=0,0,0,0,0,0,0,0,0,0,0,0,0,0,0,0,0,73,0,55,51,82,0,86,73,60,83,82,0,0,93,87,98,100,0,100,100,100,0,99,94,100,0,0,0
l35,3=0,0,0,0,0,0,0,0,0,0,0,0,0,0,67,0,0,78,0,12,57,0,1,72,81,80,60,80,0,0,93,87,98,100,0,100,100,100,100,0,94,100,0,0,0
l36,3=0,0,0,0,61,0,0,0,0,0,0,0,44,0,65,0,69,78,61,69,48,0,2,14,20,79,56,48,0,0,93,87,88,99,0,97,92,91,100,99,0,100,1,0,0
l37,3=0,0,0,0,0,43,0,0,0,0,0,0,55,0,40,0,56,74,25,70,0,0,0,76,89,88,71,56,0,0,93,87,98,100,0,100,100,89,100,99,94,0,35,0,0
l38,3=0,0,0,0,0,0,0,0,0,0,16,0,16,0,59,0,47,42,33,36,69,72,36,64,79,52,76,49,0,0,27,0,0,1,0,11,0,0,0,0,0,0,0,74,91
l39,3=0,0,0,0,0,0,0,0,42,0,0,32,21,0,57,0,53,48,45,34,71,71,55,68,75,72,79,49,0,0,42,33,0,0,0,7,0,0,0,0,0,0,84,0,91
l40,3=0,0,0,0,0,0,0,0,0,0,0,0,0,0,59,0,26,12,35,45,0,69,23,0,82,73,78,52,0,0,0,0,2,0,0,0,0,0,0,0,0,0,84,77,0
l41,3=0,0,0,0,0,0,0,0,0,0,0,31,47,43,64,0,62,71,56,62,71,63,1,79,93,88,91,22,0,0,42,35,28,0,0,0,0,0,1,0,0,0,81,73,83
l42,3=0,0,0,0,0,0,0,0,0,0,0,0,0,1,43,0,40,29,44,48,63,71,68,57,85,82,86,46,0,0,0,0,40,35,0,34,0,40,0,0,0,1,80,77,83
l43,3=0,0,0,0,0,0,0,0,0,0,0,0,0,0,42,0,30,26,36,47,43,82,31,66,75,73,84,70,0,0,0,0,42,54,0,0,0,0,32,0,0,0,81,69,86
l44,3=0,0,0,0,0,0,0,0,0,0,0,0,0,0,43,0,0,40,34,48,0,56,64,63,83,80,86,56,0,0,0,0,34,38,0,0,0,0,35,0,0,0,81,69,87

l0,4=0,96,98,97,84,98,95,99,92,90,62,67,58,67,82,0,88,55,59,16,0,0,0,0,0,0,0,0,0,0,78,55,0,0,0,0,0,0,0,0,0,0,0,0,0
l1,4=97,0,98,97,98,98,96,99,92,96,68,84,90,92,0,0,90,78,28,58,0,0,0,0,35,0,0,0,0,0,4,0,0,0,0,0,0,0,0,0,0,0,0,0,0
l2,4=96,96,0,94,98,56,96,99,92,96,73,84,90,92,69,0,92,71,52,59,0,0,0,0,0,0,4,0,0,0,17,58,0,0,0,0,0,0,0,0,0,0,0,0,0
l3,4=97,96,60,0,99,87,96,99,92,86,69,71,46,61,15,0,90,0,5,0,0,0,0,0,0,0,0,0,0,0,0,74,0,0,0,0,0,0,0,0,0,0,0,0,0
l4,4=97,96,62,97,0,60,96,96,78,75,64,66,63,66,9,0,15,0,12,0,0,0,0,0,0,0,0,0,0,0,0,67,0,0,0,0,0,0,0,0,0,0,0,0,0
l5,4=97,96,58,97,84,0,96,99,92,90,74,84,65,67,35,0,47,0,5,11,14,0,0,0,0,0,0,0,0,0,87,10,0,0,0,0,0,0,0,0,36,3,0,0,0
l6,4=93,96,92,84,83,95,0,99,92,92,73,84,65,66,83,0,94,82,72,13,18,0,0,0,0,23,0,0,0,0,76,16,0,0,0,0,0,0,0,0,0,0,0,0,0
l7,4=93,94,92,90,97,94,92,0,92,96,74,86,90,91,88,0,94,57,69,70,49,42,0,63,30,66,66,63,0,0,0,0,0,0,0,0,0,0,0,0,0,0,0,0,0
l8,4=93,94,97,90,51,94,93,99,0,96,50,87,90,92,88,0,94,30,73,70,17,41,0,62,36,42,60,61,0,0,68,0,0,0,0,0,0,0,0,0,1,0,0,54,0
l9,4=92,93,92,85,85,94,93,99,92,0,74,89,89,91,85,0,94,72,72,58,51,0,0,57,39,57,0,62,0,0,73,50,0,0,0,0,0,0,0,0,0,0,0,0,0
l10,4=72,82,80,77,82,90,79,85,69,84,0,68,93,85,85,0,94,73,71,61,54,31,8,61,41,65,67,6,0,0,11,69,0,0,0,0,0,0,0,0,0,0,2,65,0
l11,4=72,93,92,77,54,94,92,99,92,96,60,0,93,92,74,0,94,1,71,63,51,0,37,62,37,59,62,63,0,0,72,67,0,0,0,0,0,0,0,0,0,0,0,15,0
l12,4=80,90,93,73,89,90,94,96,91,93,75,89,0,92,88,0,94,79,66,66,61,0,55,58,50,67,68,74,0,0,0,63,0,0,0,0,0,0,0,0,0,0,60,59,27
l13,4=92,93,92,81,95,94,92,99,92,96,74,88,90,0,88,0,93,81,71,64,59,58,0,64,44,64,63,65,0,0,0,0,0,0,0,0,0,0,0,0,0,0,0,56,0
l14,4=56,0,55,37,51,52,68,80,73,74,62,71,82,75,0,0,94,85,76,61,69,52,0,54,39,61,63,56,0,0,74,62,0,0,0,0,0,0,0,36,8,53,69,63,73
l15,4=65,69,71,67,65,58,73,84,68,79,74,87,90,73,88,0,0,80,73,66,58,61,56,60,43,58,61,64,0,0,80,67,0,46,0,0,0,0,0,0,65,0,65,57,67
l16,4=36,67,60,0,0,0,73,46,16,69,58,39,80,76,92,0,94,0,64,78,65,42,0,0,52,65,72,0,0,0,96,97,0,74,0,0,10,0,79,65,80,70,71,72,56
l17,4=50,21,55,33,63,38,58,67,67,73,65,76,56,63,92,0,92,77,0,65,52,0,34,45,45,51,52,53,0,0,64,55,0,0,0,0,0,0,0,0,56,50,50,49,55
l18,4=1,46,46,0,0,47,15,79,72,51,54,70,66,50,79,0,79,80,62,0,73,65,63,71,66,74,76,80,0,0,85,74,34,43,0,52,0,0,55,32,53,76,70,76,75
l19,4=0,0,0,0,0,50,43,68,29,61,62,59,81,74,92,0,94,84,60,78,0,55,41,44,66,62,62,72,0,0,76,60,6,29,0,0,0,0,59,31,55,57,70,79,60
l20,4=0,0,0,0,0,0,0,48,48,0,35,0,0,45,59,0,81,42,0,64,46,0,79,81,69,78,77,91,0,0,0,0,84,64,0,0,40,60,73,23,0,48,79,77,75
l21,4=0,0,0,0,0,0,0,0,0,0,15,53,57,0,0,0,77,0,41,71,48,90,0,81,67,76,78,91,0,0,0,0,0,0,0,67,0,0,66,0,0,0,48,68,81
l22,4=0,0,0,0,0,0,0,51,51,50,39,52,42,46,44,0,50,0,29,54,31,67,50,0,73,81,87,91,0,0,0,0,55,73,0,57,73,43,63,4,47,48,0,54,42
l23,4=0,23,0,0,0,0,0,22,46,51,47,47,54,51,53,0,58,55,46,78,53,66,44,92,0,88,87,73,0,0,41,29,48,0,0,68,49,40,54,55,0,58,71,82,73
l24,4=0,0,0,0,0,2,26,68,38,52,56,52,54,54,75,0,66,59,52,70,47,76,54,85,71,0,81,74,0,0,41,31,46,43,0,44,43,25,52,54,50,51,53,71,74
l25,4=0,0,1,0,0,0,0,70,53,0,49,58,55,48,63,0,58,57,38,69,45,56,45,92,78,85,0,80,0,0,0,0,66,62,0,59,54,53,55,36,64,22,50,84,59
l26,4=0,0,0,0,0,0,0,60,49,46,36,57,54,49,53,0,55,0,35,71,48,90,68,92,70,76,81,0,0,0,34,37,64,70,0,75,82,52,66,54,51,51,73,60,67
l27,4=66,0,0,0,0,84,66,0,64,60,3,60,0,0,87,0,94,87,73,76,64,0,0,0,32,45,0,0,0,0,0,97,83,65,0,63,63,53,89,95,100,100,0,46,0
l28,4=65,0,66,83,92,21,18,0,0,35,74,77,80,0,89,0,94,87,75,78,68,0,0,0,33,51,0,60,0,0,96,0,77,100,0,88,93,94,96,100,100,100,0,60,25
l29,4=0,0,0,0,0,0,0,0,0,0,0,0,0,0,0,0,0,0,0,46,5,83,0,85,65,71,81,86,0,0,89,71,0,100,0,100,99,100,100,100,99,100,33,69,0
l30,4=0,0,0,0,0,0,0,0,0,0,0,0,0,0,0,0,60,69,0,62,3,74,0,91,0,67,83,87,0,0,72,96,98,0,0,100,99,99,100,100,100,100,69,0,0
l31,4=0,0,0,0,0,0,0,0,0,0,0,0,0,0,0,0,0,0,0,62,5,0,58,92,77,69,83,91,0,0,78,84,98,100,0,0,99,100,100,100,100,100,0,73,28
l32,4=0,0,0,0,0,0,0,0,0,0,0,0,0,0,0,0,0,25,0,0,0,31,0,92,67,69,76,90,0,0,71,88,97,100,0,100,0,100,100,100,100,100,0,0,0
l33,4=0,0,0,0,0,0,0,0,0,0,0,0,0,0,0,0,0,0,0,0,0,80,0,86,61,4,80,75,0,0,73,85,98,100,0,100,99,0,100,100,100,90,0,0,0
l34,4=0,0,0,0,0,0,0,0,0,0,0,0,0,0,0,0,0,74,0,59,36,75,37,85,62,69,70,77,0,0,91,84,98,100,0,100,99,100,0,100,100,100,57,0,0
l35,4=0,0,0,0,0,0,0,0,0,0,0,0,0,0,80,0,0,86,0,70,51,68,0,20,78,82,80,86,0,0,96,97,98,100,0,100,99,100,100,0,100,100,0,4,0
l36,4=0,0,0,0,0,52,0,0,0,0,0,0,0,0,0,0,73,87,65,69,47,0,0,80,9,74,81,78,0,0,96,97,98,100,0,100,99,100,100,100,0,100,0,0,0
l37,4=5,0,0,0,39,41,0,0,0,0,0,0,0,0,68,0,32,84,56,78,67,58,1,83,78,79,47,63,0,0,96,97,98,100,0,100,99,90,100,100,100,0,0,0,66
l38,4=0,0,0,0,0,0,0,0,0,0,0,0,39,0,53,0,44,46,27,42,39,45,22,0,66,42,50,54,0,0,0,0,7,37,0,0,0,0,47,0,0,0,0,85,88
l39,4=0,0,0,0,0,0,0,0,37,0,37,31,38,35,58,0,48,48,41,56,51,56,21,58,59,60,67,43,0,0,38,30,37,0,0,36,0,0,0,0,0,0,75,0,72
l40,4=0,0,0,0,0,0,0,0,0,0,0,0,23,0,58,0,42,34,31,52,42,54,29,43,68,69,62,67,0,0,0,0,0,0,0,0,0,0,0,0,0,37,90,84,0
l41,4=0,0,0,0,0,0,0,0,0,33,31,38,45,49,63,0,44,61,48,54,43,40,22,66,65,70,76,50,0,0,42,41,42,0,0,0,0,0,43,18,43,37,85,81,67
l42,4=0,0,0,0,0,0,0,0,0,0,33,0,0,1,47,0,36,42,33,55,36,51,38,64,59,70,63,63,0,0,0,0,44,0,0,47,30,0,44,0,0,0,73,72,74
l43,4=0,0,0,0,0,0,0,0,0,0,23,0,0,0,43,0,4,42,25,45,37,54,31,58,43,61,72,61,0,0,12,0,48,43,0,2,35,0,0,1,0,0,88,84,86
l44,4=0,0,0,0,0,0,0,0,0,0,0,0,0,0,50,0,42,43,32,52,31,46,35,50,64,64,67,55,0,0,0,0,44,43,0,1,0,0,46,0,0,0,90,83,72

l0,5=0,91,93,97,89,84,76,52,92,87,80,13,88,88,36,0,0,66,0,12,0,0,0,0,0,0,0,0,0,0,37,12,0,0,0,0,0,0,0,0,0,0,0,0,0
l1,5=91,0,94,97,89,84,78,89,96,77,54,62,89,89,0,0,0,58,48,14,11,0,0,0,0,0,0,0,0,0,34,3,0,0,0,0,0,0,0,0,11,0,0,0,0
l2,5=90,91,0,92,75,84,76,89,96,80,80,89,93,89,30,0,1,45,38,9,1,0,0,0,1,0,0,0,0,0,29,12,0,0,0,0,0,0,0,0,0,0,0,0,0
l3,5=92,91,93,0,92,76,76,51,84,80,47,13,46,87,34,0,1,0,0,0,0,0,0,0,0,0,0,0,0,0,45,13,0,0,0,0,0,0,0,0,0,0,0,0,0
l4,5=73,63,93,97,0,86,76,51,84,59,47,12,52,86,0,0,7,55,53,17,0,0,0,0,0,0,0,0,0,0,44,29,0,0,0,0,0,0,0,0,0,0,0,0,0
l5,5=88,64,93,58,91,0,76,51,77,86,80,47,72,88,57,0,9,58,55,2,17,0,0,0,1,2,0,0,0,0,43,5,0,0,0,0,0,0,3,0,0,0,0,0,0
l6,5=55,91,92,55,81,84,0,89,86,87,84,14,89,0,62,0,11,44,62,48,0,0,0,0,0,20,14,0,0,0,36,15,0,0,0,0,0,0,0,0,0,0,0,0,0
l7,5=83,88,93,85,86,81,76,0,96,87,63,94,91,89,69,0,43,0,65,59,0,0,0,0,0,29,20,1,0,0,0,0,0,0,0,0,0,0,0,0,0,0,0,0,0
l8,5=91,91,94,83,83,76,76,90,0,91,81,94,94,93,75,0,64,61,62,57,43,0,50,46,10,49,55,30,0,0,8,0,0,0,0,0,0,0,0,0,0,0,0,0,0
l9,5=82,12,84,47,70,79,75,89,90,0,81,89,92,91,79,0,66,42,73,7,20,6,0,5,7,21,16,28,0,0,20,0,0,0,0,0,0,0,0,0,0,0,0,29,0
l10,5=62,34,30,20,20,76,69,67,83,82,0,52,93,76,83,0,72,62,70,26,49,15,35,35,28,23,28,22,0,0,23,20,0,0,0,0,0,0,0,0,0,8,43,63,0
l11,5=76,55,84,77,80,76,69,89,92,87,81,0,94,91,26,0,69,45,67,14,42,0,0,34,17,19,21,28,0,0,18,12,0,0,0,0,0,0,0,0,0,0,0,0,0
l12,5=82,88,93,23,79,59,76,89,92,87,86,94,0,92,83,0,72,71,61,19,72,14,33,12,29,19,58,46,0,0,36,3,0,0,0,0,0,0,0,0,0,0,47,61,1
l13,5=74,81,85,50,82,76,1,85,88,87,81,94,94,0,80,0,39,63,50,42,65,14,0,29,35,28,28,30,0,0,21,3,0,0,0,0,0,0,0,0,0,0,0,35,0
l14,5=18,0,10,11,0,19,37,64,74,40,86,21,83,68,0,0,72,90,82,35,87,20,48,29,21,20,22,19,0,0,31,14,0,0,0,0,0,0,0,11,13,10,46,71,19
l15,5=0,1,19,22,56,53,63,65,83,77,82,52,56,40,83,0,0,72,76,27,50,31,54,33,28,19,23,40,0,0,20,24,0,0,0,0,0,0,0,0,28,12,52,66,7
l16,5=26,2,2,0,43,53,25,0,37,13,40,35,40,45,85,0,26,0,76,29,32,13,0,36,31,23,29,0,0,0,78,57,0,3,0,0,0,0,34,55,61,54,63,43,7
l17,5=0,5,12,0,19,31,55,69,50,80,43,47,36,33,89,0,68,84,0,16,56,20,41,33,19,37,27,0,0,0,74,12,0,0,0,0,0,0,0,0,13,6,64,73,16
l18,5=1,1,3,0,15,11,33,59,58,0,62,33,20,12,68,0,55,82,31,0,82,46,65,47,77,72,76,56,0,0,58,34,16,1,0,1,8,0,32,15,59,52,48,76,33
l19,5=0,0,0,0,0,49,0,0,51,39,46,40,45,42,85,0,68,87,76,73,0,28,19,49,82,30,31,57,0,0,50,29,0,4,0,0,0,0,25,15,0,48,67,82,18
l20,5=0,0,0,0,0,0,0,0,0,0,31,0,15,20,37,0,51,16,28,61,32,0,92,66,81,75,80,72,0,0,0,0,44,35,0,16,49,37,65,6,22,36,66,77,54
l21,5=0,0,0,0,0,0,0,0,27,0,25,0,19,0,65,0,38,0,26,61,16,90,0,51,76,78,82,72,0,0,0,0,19,0,0,22,0,0,26,0,0,0,65,33,30
l22,5=0,0,0,0,0,0,0,1,48,0,42,49,6,27,45,0,43,37,39,61,52,88,53,0,87,78,84,71,0,0,27,0,18,43,0,8,64,43,49,28,42,34,60,77,62
l23,5=0,0,0,0,0,0,0,0,15,26,51,18,44,22,59,0,47,55,32,64,68,80,49,75,0,80,84,60,0,0,13,2,7,4,0,43,18,13,11,55,30,49,71,78,71
l24,5=0,0,0,0,0,20,22,53,24,35,57,19,27,37,57,0,40,43,53,63,59,83,69,70,89,0,80,59,0,0,4,13,8,3,0,12,8,0,16,48,40,0,61,78,70
l25,5=0,0,0,0,0,0,4,25,22,23,39,18,51,17,56,0,48,53,57,62,30,81,70,75,89,76,0,58,0,0,1,5,47,30,0,20,17,32,36,29,29,36,29,83,67
l26,5=0,0,0,0,0,0,0,15,17,22,32,30,26,29,41,0,31,0,0,64,62,90,80,75,81,75,81,0,0,0,14,2,35,31,0,47,54,14,32,0,31,32,69,29,56
l27,5=17,2,8,20,46,70,43,0,9,18,33,31,19,4,5,0,15,87,58,2,0,0,0,22,4,0,0,2,0,0,0,92,22,7,0,6,12,37,39,64,90,81,1,0,0
l28,5=20,2,10,16,41,33,45,0,0,1,36,36,16,8,21,0,67,90,44,72,75,0,0,0,3,4,18,3,0,0,91,0,22,26,0,6,16,40,40,81,91,78,19,58,0
l29,5=0,0,0,0,0,0,0,0,0,0,0,0,0,0,0,0,0,0,0,32,0,66,37,36,36,10,71,50,0,0,52,49,0,75,0,85,87,82,87,78,72,78,31,50,7
l30,5=0,0,0,0,0,0,0,0,0,0,0,0,0,0,0,0,0,32,0,1,0,36,0,44,5,3,62,50,0,0,45,62,71,0,0,85,83,81,88,78,94,78,38,51,3
l31,5=0,0,0,0,0,0,0,0,0,0,0,0,0,0,0,0,0,8,0,10,0,33,37,22,71,31,60,58,0,0,57,52,71,75,0,0,91,91,87,78,93,79,34,17,0
l32,5=0,0,0,0,0,0,0,0,0,0,0,0,0,0,0,0,0,0,0,41,0,57,0,61,55,38,52,66,0,0,50,54,71,75,0,85,0,91,87,78,93,77,0,0,0
l33,5=0,0,0,0,0,0,0,0,0,0,0,0,0,0,0,0,0,0,0,0,0,52,0,47,41,0,64,3,0,0,58,51,70,75,0,85,90,0,86,63,86,63,0,0,0
l34,5=0,0,0,0,0,17,0,0,0,0,0,0,0,0,0,0,0,46,0,33,11,68,44,31,16,13,59,42,0,0,54,47,71,75,0,72,74,74,0,84,90,79,0,29,12
l35,5=0,0,0,0,0,0,0,0,0,0,0,0,0,0,3,0,0,69,0,1,0,5,0,40,43,4,31,0,0,0,76,82,71,57,0,57,58,41,88,0,98,86,0,0,0
l36,5=0,0,0,0,10,16,0,0,0,0,0,0,0,0,3,0,17,68,29,5,0,19,0,38,7,4,28,45,0,0,91,86,52,75,0,36,46,80,88,88,0,86,0,0,0
l37,5=0,0,0,0,23,2,0,0,0,0,24,0,4,0,3,0,13,50,29,2,0,29,0,31,46,0,28,43,0,0,80,79,70,74,0,79,43,60,88,88,98,0,0,9,0
l38,5=0,0,0,0,0,0,0,0,0,0,30,0,19,0,35,0,19,29,30,20,28,30,32,25,74,40,33,33,0,0,0,0,1,9,0,5,0,0,0,0,0,0,0,74,78
l39,5=0,0,0,0,0,0,0,0,0,0,25,0,12,16,60,0,35,13,50,56,59,61,16,47,78,65,78,25,0,0,0,6,3,3,0,0,0,0,2,0,0,0,70,0,80
l40,5=0,0,0,0,0,0,0,0,0,0,0,0,1,0,51,0,14,23,20,34,25,25,24,23,77,63,59,28,0,0,0,0,4,10,0,0,0,0,10,0,0,0,80,85,0
l41,5=0,0,0,0,0,0,0,0,10,18,19,17,29,7,60,0,41,57,52,53,61,0,34,47,80,63,78,38,0,0,21,6,7,0,0,0,0,0,12,9,37,12,81,84,62
l42,5=0,0,0,0,0,0,0,0,0,0,26,0,0,0,39,0,0,22,25,61,31,46,21,60,78,72,78,58,0,0,0,0,0,9,0,14,21,0,9,0,21,0,80,86,73
l43,5=0,0,0,0,0,0,0,0,0,0,25,0,0,0,22,0,0,0,25,30,25,23,27,60,42,70,78,53,0,0,0,0,13,9,0,14,6,11,24,10,0,0,79,83,75
l44,5=0,0,0,0,0,0,0,0,0,0,0,8,5,0,35,0,20,24,22,40,24,36,34,54,78,71,78,46,0,0,0,0,12,11,0,0,0,0,20,0,0,0,80,82,75

l0,6=0,80,81,70,88,84,84,75,86,68,73,76,84,82,50,0,69,72,0,54,0,0,0,0,0,0,0,0,0,0,44,49,0,0,0,0,0,0,0,0,0,0,0,0,0
l1,6=80,0,81,66,88,85,87,75,86,67,74,75,87,78,0,0,33,40,50,47,10,0,0,0,0,0,0,0,0,0,51,26,0,0,0,0,0,0,0,0,0,0,0,0,0
l2,6=91,87,0,67,86,84,85,75,89,60,0,76,87,83,29,0,42,43,42,54,24,0,0,0,0,33,0,0,0,0,35,1,0,0,0,0,0,0,0,0,0,0,0,0,0
l3,6=93,88,85,0,88,85,75,68,81,69,36,79,67,82,5,0,69,41,12,0,0,0,0,0,0,0,0,0,0,0,41,51,0,0,0,0,0,0,0,0,0,0,0,0,0
l4,6=92,87,81,70,0,85,84,75,81,62,70,79,87,81,0,0,41,41,40,42,0,0,0,0,0,0,0,0,0,0,47,61,0,0,0,0,0,0,0,0,0,0,0,0,0
l5,6=87,88,78,64,88,0,87,71,87,65,74,79,80,79,59,0,73,45,46,44,40,0,0,0,0,16,0,0,0,0,35,55,0,0,0,0,0,0,4,9,0,0,0,0,0
l6,6=92,88,83,54,86,85,0,80,81,71,73,73,87,71,57,0,68,44,47,47,42,4,0,0,0,43,0,0,0,0,39,0,0,0,0,0,0,0,0,0,0,0,0,0,0
l7,6=73,81,81,42,75,80,85,0,89,72,65,79,82,85,51,0,73,56,47,61,0,0,0,0,0,60,39,0,0,0,0,0,0,0,0,0,0,0,0,0,0,0,0,0,0
l8,6=87,85,85,57,80,82,80,82,0,72,64,79,85,83,57,0,72,61,36,64,0,28,17,28,30,59,51,22,0,0,0,0,0,0,0,0,0,0,0,0,0,0,0,0,0
l9,6=86,83,76,62,69,81,85,80,86,0,74,80,87,85,65,0,75,22,57,41,43,0,3,0,37,43,20,3,0,0,44,0,0,0,0,0,0,0,0,0,0,0,7,0,0
l10,6=59,63,0,5,55,72,69,47,37,50,0,72,87,77,68,0,83,43,50,57,51,15,4,38,53,39,36,12,0,0,38,40,0,0,0,0,0,0,0,0,0,5,17,43,0
l11,6=74,77,72,52,76,78,68,76,81,68,71,0,88,81,57,0,74,57,55,53,31,30,2,45,49,42,28,34,0,0,46,32,0,0,0,0,0,0,0,0,0,0,0,16,0
l12,6=74,83,76,16,72,69,81,71,82,68,79,80,0,87,70,0,77,26,60,59,50,0,0,34,49,28,34,10,0,0,28,41,0,0,0,0,0,0,0,0,0,0,18,43,0
l13,6=82,78,78,57,71,82,67,78,89,73,78,80,88,0,66,0,74,66,56,62,37,8,0,30,39,48,32,25,0,0,26,35,0,0,0,0,0,0,0,0,0,0,0,37,0
l14,6=23,0,22,0,10,47,24,38,39,29,69,55,79,68,0,0,79,81,76,66,61,4,7,19,36,23,1,17,0,0,60,42,0,5,0,0,0,0,9,0,16,0,15,57,58
l15,6=23,35,48,40,37,66,58,50,40,32,79,71,76,69,65,0,0,31,62,60,56,24,26,43,52,0,32,35,0,0,40,52,0,0,0,0,0,0,0,7,9,13,15,51,0
l16,6=27,38,45,30,41,48,32,21,4,11,65,31,45,51,59,0,16,0,66,67,66,0,0,42,53,13,34,5,0,0,73,66,0,3,0,10,2,0,19,0,49,17,11,25,56
l17,6=0,47,31,0,41,43,31,37,27,47,63,70,74,64,76,0,70,71,0,60,63,16,7,45,59,62,40,32,0,0,55,48,0,0,0,0,0,0,0,6,0,0,19,61,55
l18,6=13,27,27,0,25,9,8,48,35,11,47,39,61,48,64,0,55,75,57,0,76,44,24,62,69,69,72,67,0,0,32,42,13,5,0,2,12,1,29,28,36,7,24,68,56
l19,6=0,14,21,0,0,47,44,3,5,19,61,37,60,51,71,0,76,81,68,75,0,24,22,4,73,63,26,60,0,0,45,49,0,20,0,0,0,0,28,35,26,30,11,60,0
l20,6=0,0,0,0,0,0,3,0,21,0,24,19,0,14,19,0,45,9,35,53,30,0,86,83,79,73,65,82,0,0,4,0,57,42,0,17,46,12,55,19,15,23,52,25,32
l21,6=0,0,0,0,0,0,0,0,27,15,24,14,0,0,39,0,44,0,26,54,19,75,0,63,70,65,62,80,0,0,0,0,21,26,0,0,0,0,22,9,0,0,51,0,27
l22,6=0,0,0,0,0,0,0,0,25,0,23,18,27,16,20,0,43,31,44,57,1,70,40,0,80,74,77,81,0,0,0,12,6,58,0,15,54,19,51,15,19,34,56,16,62
l23,6=0,0,0,0,0,0,0,0,17,12,51,43,56,25,49,0,49,50,45,60,62,54,54,85,0,77,79,72,0,0,27,12,10,30,0,47,24,11,42,25,23,32,58,67,63
l24,6=0,0,19,0,0,15,16,46,49,12,51,22,43,33,28,0,1,31,51,65,58,57,49,85,81,0,79,76,0,0,15,5,6,16,0,15,22,9,17,14,11,32,60,65,71
l25,6=0,0,0,0,0,0,0,27,28,15,36,14,39,15,1,0,48,40,42,60,11,45,26,85,81,78,0,71,0,0,0,0,30,32,0,15,26,19,25,20,19,25,43,73,34
l26,6=0,0,0,0,0,0,0,0,24,1,16,16,22,15,24,0,36,22,33,65,50,74,66,84,78,73,73,0,0,0,8,0,52,38,0,43,54,15,56,21,18,31,60,31,44
l27,6=22,46,21,28,46,53,33,0,0,9,28,14,23,30,44,0,23,52,29,25,27,0,0,4,33,8,0,1,0,0,0,68,13,7,0,15,48,29,25,51,71,40,0,0,0
l28,6=25,34,0,18,47,53,0,0,0,0,48,23,39,33,36,0,40,83,41,51,41,0,0,19,31,3,0,0,0,0,82,0,38,31,0,15,48,30,31,46,69,54,16,11,0
l29,6=0,0,0,0,0,0,0,0,0,0,0,0,0,0,0,0,0,0,0,41,0,54,35,21,48,32,64,64,0,0,43,49,0,73,0,74,66,59,68,67,54,65,2,31,0
l30,6=0,0,0,0,0,0,0,0,0,0,0,0,0,0,18,0,0,5,0,33,24,39,9,71,64,38,65,63,0,0,53,50,75,0,0,69,61,59,69,61,70,66,14,19,32
l31,6=0,0,0,0,0,0,0,0,0,0,0,0,0,0,0,0,0,23,0,33,0,53,0,65,68,59,59,61,0,0,48,44,75,73,0,0,76,73,69,63,55,65,0,0,0
l32,6=0,0,0,0,0,0,0,0,0,0,0,0,0,0,0,0,0,1,0,21,0,58,0,71,60,59,57,68,0,0,52,50,74,69,0,74,0,61,63,63,54,62,30,0,0
l33,6=0,0,0,0,0,0,0,0,0,0,0,0,0,0,0,0,0,0,0,0,0,0,0,59,28,0,58,46,0,0,48,39,68,70,0,74,63,0,63,51,54,65,0,0,0
l34,6=0,0,0,0,0,28,0,0,0,0,0,0,0,0,27,0,0,34,0,37,43,53,12,62,54,37,54,68,0,0,52,45,73,73,0,70,58,59,0,70,69,74,22,27,24
l35,6=0,0,0,0,0,40,0,0,0,0,0,0,0,0,0,0,19,2,6,38,41,24,1,19,42,24,33,24,0,0,53,50,75,49,0,64,58,41,71,0,82,81,0,0,0
l36,6=0,0,0,0,0,0,0,0,0,0,0,0,0,0,34,0,17,42,0,42,28,17,0,19,32,20,34,10,0,0,73,58,44,73,0,55,58,50,70,74,0,77,0,4,0
l37,6=0,0,0,0,0,0,0,0,0,0,28,0,1,0,0,0,18,11,12,17,39,21,0,28,37,34,30,20,0,0,60,57,67,73,0,66,55,63,70,80,71,0,11,0,0
l38,6=0,0,0,0,0,0,0,0,0,0,13,0,17,0,13,0,13,23,16,21,1,12,21,32,66,50,33,32,0,0,0,11,0,4,0,0,7,0,7,0,0,0,0,78,82
l39,6=0,0,0,0,0,0,0,0,0,0,20,5,21,10,39,0,27,22,34,61,38,6,0,16,71,46,76,23,0,0,0,1,6,7,0,0,0,0,10,0,10,0,67,0,79
l40,6=0,0,0,0,0,0,0,0,0,0,0,0,0,0,23,0,0,27,14,26,0,4,5,31,57,60,23,20,0,0,0,0,0,12,0,0,0,0,4,0,0,0,68,76,0
l41,6=0,0,0,0,0,0,0,0,0,0,10,10,48,19,45,0,15,16,50,56,56,19,5,63,75,62,76,26,0,0,17,11,0,0,0,0,0,0,9,0,12,5,65,76,74
l42,6=0,0,0,0,0,0,0,0,0,0,18,0,0,0,14,0,0,23,1,61,14,3,0,70,70,68,73,68,0,0,0,0,8,13,0,4,16,7,14,0,10,0,68,77,76
l43,6=0,0,0,0,0,0,0,0,0,0,17,0,0,0,21,0,13,0,13,22,17,17,24,72,31,68,74,54,0,0,0,0,12,8,0,8,0,8,17,0,0,0,65,71,79
l44,6=0,0,0,0,0,0,0,0,0,0,0,0,0,1,21,0,24,23,17,21,0,9,25,68,74,72,74,61,0,0,0,0,0,0,0,0,0,0,0,0,0,12,67,72,79

l0,7=0,89,72,93,96,82,94,87,89,38,70,78,84,58,24,0,48,62,0,52,4,0,0,0,0,0,0,0,0,0,5,60,0,0,0,0,0,0,0,0,1,3,0,0,0
l1,7=83,0,82,93,96,82,94,87,89,77,75,59,88,92,18,0,45,24,11,45,0,0,0,0,0,0,0,0,0,0,25,33,0,0,0,0,0,0,0,0,0,0,0,0,0
l2,7=78,89,0,93,96,77,94,87,89,71,0,77,90,93,31,0,42,21,19,45,30,0,0,0,0,0,0,1,0,0,25,0,0,0,0,0,0,0,0,0,0,0,0,0,0
l3,7=87,92,87,0,96,82,91,83,86,36,63,72,78,54,28,0,46,14,21,13,0,0,0,0,0,0,0,0,0,0,43,56,0,0,0,0,0,0,0,0,2,0,0,0,0
l4,7=87,57,73,93,0,82,82,83,86,36,64,77,83,46,0,0,30,38,14,46,0,0,0,0,0,0,0,0,0,0,46,27,0,0,0,0,0,0,0,0,0,0,0,0,0
l5,7=85,91,71,93,96,0,94,83,89,37,74,81,83,46,35,0,44,22,43,49,17,0,0,0,0,0,0,0,0,0,46,14,0,0,0,0,0,0,0,0,0,0,0,0,0
l6,7=87,91,87,93,94,82,0,87,86,80,75,81,84,46,75,0,75,59,43,41,22,0,0,10,0,35,0,0,0,0,23,26,0,0,0,0,0,0,0,0,0,0,0,0,0
l7,7=74,80,74,85,79,71,94,0,89,79,72,83,85,93,68,0,77,57,6,64,35,19,7,0,22,52,42,30,0,0,0,0,0,0,0,0,0,0,0,0,0,0,0,0,0
l8,7=79,85,86,87,88,77,86,87,0,81,70,81,89,91,67,0,78,41,42,63,29,36,51,47,15,39,60,14,0,0,4,10,0,0,0,0,0,0,0,0,0,0,0,0,0
l9,7=79,86,84,85,86,75,94,87,89,0,72,84,90,93,72,0,43,0,69,44,49,26,0,12,0,41,42,0,0,0,11,35,0,0,0,0,0,0,0,0,0,0,0,43,0
l10,7=33,79,0,30,15,47,88,83,86,68,0,78,89,89,81,0,81,35,75,48,54,7,7,18,57,59,42,0,0,0,20,45,0,0,0,0,0,0,0,0,0,0,32,24,0
l11,7=81,26,85,42,66,77,91,83,89,80,76,0,90,91,49,0,72,20,73,63,0,12,0,14,53,1,34,19,0,0,0,25,0,0,0,0,0,0,0,0,0,0,9,41,1
l12,7=78,86,85,62,28,26,82,80,89,80,78,84,0,93,79,0,81,39,76,52,43,0,11,11,61,63,46,18,0,0,9,27,0,0,0,0,0,0,0,0,0,0,21,27,0
l13,7=83,84,86,90,89,77,91,83,89,81,78,84,90,0,75,0,21,31,73,70,54,6,16,18,41,47,0,10,0,0,9,18,0,0,0,0,0,0,0,0,3,0,0,1,0
l14,7=10,13,9,15,0,10,48,76,54,51,78,68,85,57,0,0,84,70,78,79,69,27,0,9,67,57,48,22,0,0,27,56,0,0,0,0,0,0,24,0,14,0,3,63,20
l15,7=36,37,48,44,18,17,59,79,80,44,79,66,89,1,82,0,0,43,76,53,59,8,1,11,61,44,46,4,0,0,1,56,0,1,0,0,0,0,0,21,35,0,3,0,10
l16,7=47,31,23,0,14,9,49,47,30,0,47,27,57,30,52,0,44,0,46,74,80,4,0,7,51,50,39,0,0,0,33,80,0,2,0,0,3,5,27,33,49,0,45,51,47
l17,7=0,7,21,20,8,21,36,5,37,60,75,69,84,51,85,0,48,69,0,49,69,29,1,13,59,71,44,25,0,0,23,36,0,0,0,0,0,0,0,13,0,24,1,49,19
l18,7=38,30,35,0,13,12,17,56,30,25,21,54,56,61,82,0,66,70,47,0,74,62,60,1,69,73,76,70,0,0,50,13,30,2,0,0,0,0,52,38,59,4,31,66,49
l19,7=0,0,40,0,0,17,37,53,52,52,56,0,60,38,52,0,78,72,71,82,0,33,18,19,73,72,49,25,0,0,22,40,0,4,0,0,0,0,33,7,33,0,65,63,53
l20,7=0,0,0,0,0,0,0,24,41,17,18,14,16,9,56,0,51,5,35,65,37,0,82,77,75,79,69,82,0,0,0,0,67,30,0,6,42,15,73,12,0,1,46,61,47
l21,7=0,0,0,0,0,0,0,35,55,0,35,0,50,48,1,0,56,0,15,63,48,76,0,66,75,72,71,81,0,0,0,0,5,0,0,0,3,0,42,4,0,0,67,0,53
l22,7=0,0,0,0,0,0,7,0,31,14,43,28,27,24,32,0,37,24,36,5,47,70,58,0,79,78,83,79,0,0,0,11,37,73,0,61,56,26,71,21,18,37,71,66,2
l23,7=0,0,0,0,0,0,0,20,19,0,30,26,55,17,60,0,53,46,43,68,55,68,64,78,0,82,84,77,0,0,7,14,34,57,0,54,0,0,32,23,26,13,65,71,68
l24,7=5,0,0,0,0,0,24,62,29,33,53,6,65,24,41,0,32,50,50,62,56,64,38,76,79,0,84,79,0,0,8,6,0,11,0,12,16,1,12,45,31,14,71,67,71
l25,7=0,0,0,0,0,0,0,18,33,23,42,21,52,0,63,0,55,49,43,75,42,36,23,78,79,82,0,79,0,0,0,12,48,65,0,26,42,20,30,28,40,25,67,75,67
l26,7=0,0,0,0,0,0,0,24,21,0,0,23,21,13,49,0,26,4,43,62,45,70,70,77,75,78,79,0,0,0,8,0,52,67,0,37,59,31,73,35,12,22,71,64,46
l27,7=29,56,54,40,24,14,29,0,17,9,26,0,31,3,30,0,1,46,37,48,31,0,0,0,26,38,0,0,0,0,0,80,0,5,0,22,27,20,42,47,52,43,0,11,0
l28,7=50,23,0,43,13,11,26,1,26,11,29,20,61,26,23,0,11,74,30,41,28,0,0,12,54,17,8,0,0,0,85,0,37,5,0,23,30,38,35,45,40,15,16,0,0
l29,7=0,0,0,0,0,0,0,0,0,0,0,0,0,0,0,0,0,0,0,53,0,56,0,39,65,0,66,69,0,0,0,52,0,86,0,82,86,65,83,81,67,61,0,20,2
l30,7=0,0,0,0,0,0,0,0,0,0,0,0,0,0,0,0,0,1,0,14,13,9,0,63,64,21,56,41,0,0,59,57,82,0,0,75,70,63,81,74,80,70,1,0,7
l31,7=0,0,0,0,0,0,0,0,0,0,0,0,0,0,0,0,0,2,0,0,0,7,0,63,63,65,67,68,0,0,32,52,82,84,0,0,86,86,81,73,77,61,0,0,0
l32,7=0,0,0,0,0,0,0,0,0,0,0,0,0,0,0,0,0,1,0,0,0,55,0,63,0,66,67,70,0,0,58,55,82,78,0,82,0,82,77,76,65,59,0,0,0
l33,7=0,0,0,0,0,0,0,0,0,0,0,0,0,0,0,0,0,1,0,0,0,0,0,60,0,0,68,69,0,0,31,40,75,78,0,82,86,0,77,74,67,61,4,0,0
l34,7=0,0,0,0,0,0,0,0,0,0,0,0,0,0,5,0,0,5,0,54,27,30,0,63,62,9,9,69,0,0,59,33,81,83,0,75,68,64,0,80,80,71,14,25,0
l35,7=0,0,0,0,0,0,0,0,0,0,0,0,0,0,0,0,4,2,6,58,2,3,0,12,63,49,8,5,0,0,58,58,82,78,0,68,72,64,83,0,86,86,10,0,0
l36,7=0,0,0,0,0,0,0,0,0,0,0,0,14,0,4,0,21,21,0,68,23,0,0,10,70,49,36,1,0,0,44,40,47,85,0,75,72,71,83,81,0,46,0,1,0
l37,7=6,0,0,0,0,6,0,0,0,0,0,0,0,0,0,0,0,0,11,18,0,4,0,32,60,28,10,2,0,0,69,35,76,83,0,68,61,63,83,82,81,0,10,7,0
l38,7=0,0,0,0,0,0,0,0,0,0,15,5,8,0,7,0,9,14,0,22,23,12,5,44,42,76,55,52,0,0,0,3,0,0,0,0,0,8,15,10,0,6,0,74,81
l39,7=0,0,0,0,0,0,0,0,0,22,20,14,28,0,53,0,0,27,35,63,24,19,0,47,72,58,84,40,0,0,3,0,4,0,0,0,0,0,16,0,13,1,75,0,76
l40,7=0,0,0,0,0,0,0,0,0,0,0,3,0,0,22,0,2,36,8,24,20,29,14,0,62,63,74,47,0,0,0,0,0,0,0,0,0,0,0,0,0,0,76,72,0
l41,7=0,0,0,0,0,0,0,1,18,0,21,8,51,0,68,0,30,19,49,51,54,30,4,0,78,76,80,25,0,0,0,24,11,0,0,0,0,0,1,0,0,14,73,75,76
l42,7=0,0,0,0,0,0,0,0,0,0,0,0,0,0,51,0,15,12,21,28,17,46,0,52,62,79,81,65,0,0,0,0,25,18,0,0,12,0,0,0,0,0,73,73,76
l43,7=0,0,0,0,0,0,0,0,0,0,0,0,2,0,12,0,16,19,19,21,20,24,8,28,58,77,81,55,0,0,0,0,20,0,0,0,0,0,27,20,0,0,76,73,79
l44,7=0,0,0,0,0,0,0,0,0,0,0,0,7,1,26,0,23,24,23,24,20,36,48,67,76,79,80,71,0,0,0,0,21,22,0,0,0,0,0,0,0,3,74,74,78

l0,8=0,15,99,98,97,97,80,96,98,71,59,99,97,98,33,0,85,74,0,41,0,0,0,0,0,0,0,0,0,0,0,0,0,0,0,0,0,0,0,0,0,0,0,0,0
l1,8=30,0,99,98,97,97,78,96,99,100,98,99,98,98,0,0,76,87,15,56,0,0,0,0,37,0,0,0,0,0,86,0,0,0,0,0,0,0,0,0,0,0,0,0,0
l2,8=96,98,0,98,97,97,81,98,99,99,55,100,96,99,0,0,84,10,56,0,70,0,0,0,0,0,0,0,0,0,55,0,0,0,0,0,0,0,0,0,0,0,0,43,0
l3,8=96,98,99,0,97,97,82,99,98,97,98,99,98,99,0,0,79,73,52,29,0,0,0,0,0,0,0,0,0,0,57,61,0,0,0,0,0,0,0,0,0,0,0,0,0
l4,8=96,98,99,98,0,97,81,96,98,97,90,99,92,98,0,0,60,74,46,41,0,0,0,0,0,0,0,0,0,0,93,59,0,0,0,0,0,0,0,0,0,0,0,0,0
l5,8=96,98,99,98,97,0,81,99,99,99,58,100,97,99,75,0,86,68,28,43,83,0,0,0,0,0,0,0,0,0,56,59,0,0,0,0,0,0,0,0,0,0,0,0,0
l6,8=96,98,99,98,97,97,0,99,99,100,100,100,99,99,98,0,86,82,92,42,93,0,0,1,0,72,0,0,0,0,0,48,0,0,0,0,0,0,0,0,0,0,0,0,0
l7,8=96,95,99,98,93,96,81,0,99,100,100,100,99,99,95,0,97,89,90,73,86,70,0,19,76,82,68,0,0,0,0,0,0,0,0,0,0,0,0,0,0,0,0,0,0
l8,8=93,98,95,94,93,97,78,99,0,100,97,100,99,99,92,0,91,0,88,75,91,80,2,20,45,0,68,51,0,0,34,0,0,0,0,0,0,0,0,0,0,0,0,21,0
l9,8=47,98,94,94,93,95,82,99,99,0,100,100,99,99,95,0,97,54,31,50,94,77,0,20,27,79,79,0,0,0,0,0,0,0,0,0,0,0,0,0,0,0,0,40,0
l10,8=30,57,64,93,91,82,78,93,94,75,0,55,99,99,98,0,98,0,58,53,93,84,57,52,44,78,88,0,0,0,0,59,0,0,0,0,0,0,0,0,0,0,27,43,0
l11,8=93,58,92,92,92,89,78,99,99,95,96,0,99,99,95,0,92,51,94,50,22,48,0,12,42,55,80,55,0,0,45,0,0,0,0,0,0,0,0,0,0,0,34,0,0
l12,8=92,93,84,94,51,86,77,93,99,100,100,100,0,99,95,0,97,53,94,54,94,61,66,9,40,78,86,14,0,0,50,56,0,0,0,0,0,0,0,0,0,0,56,38,0
l13,8=93,93,98,94,93,89,77,99,95,100,99,100,99,0,95,0,91,59,94,86,91,87,61,23,63,75,0,28,0,0,23,53,0,0,0,0,0,0,0,0,62,0,0,0,0
l14,8=0,0,0,0,0,41,70,87,85,67,62,56,99,94,0,0,98,85,98,100,99,86,42,35,45,82,86,21,0,0,54,59,0,0,0,0,0,0,34,9,17,30,3,43,27
l15,8=48,20,66,42,35,81,61,98,94,99,100,100,99,98,99,0,0,100,98,56,95,90,0,38,46,78,83,58,0,0,48,58,0,25,0,0,0,0,32,26,89,0,33,44,29
l16,8=18,19,0,30,74,27,59,82,0,9,0,11,29,28,97,0,98,0,61,62,99,48,0,2,23,87,89,0,0,0,94,68,0,0,0,0,0,25,84,96,99,54,40,36,21
l17,8=0,0,58,34,33,28,67,78,54,0,62,58,99,92,99,0,98,85,0,61,100,85,64,16,40,83,83,56,0,0,50,47,0,0,0,0,0,0,0,27,11,35,40,44,28
l18,8=10,21,0,0,46,25,15,88,85,25,33,50,88,78,99,0,64,100,89,0,97,97,82,95,86,95,94,93,0,0,54,50,46,0,0,10,1,0,68,68,81,27,86,81,39
l19,8=0,0,25,0,0,54,57,65,82,70,58,24,97,71,99,0,96,100,98,100,0,90,36,94,86,94,93,62,0,0,82,48,0,62,0,0,0,0,64,63,87,39,68,83,29
l20,8=0,0,0,0,0,0,0,46,54,43,60,24,41,64,65,0,68,39,68,93,72,0,96,94,83,94,60,92,0,0,0,0,65,65,0,12,29,0,65,50,1,39,63,60,55
l21,8=0,0,0,0,0,0,0,0,12,0,58,4,72,55,58,0,0,0,60,92,33,97,0,92,83,92,71,92,0,0,0,0,41,61,0,0,55,0,58,0,0,0,76,59,52
l22,8=0,0,0,0,0,0,0,22,22,19,55,15,27,27,49,0,31,25,26,87,83,94,78,0,86,93,94,93,0,0,0,0,26,81,0,72,18,31,77,26,0,29,82,82,40
l23,8=0,0,0,0,0,0,0,47,20,0,29,24,59,46,59,0,64,41,61,92,74,93,69,94,0,95,94,89,0,0,27,0,56,62,0,48,11,13,59,31,53,38,83,83,74
l24,8=0,0,0,0,0,0,15,68,0,52,54,7,76,47,83,0,62,79,80,88,76,93,67,91,86,0,94,87,0,0,17,17,54,26,0,37,34,24,49,59,64,4,83,41,45
l25,8=0,0,0,0,0,0,0,52,45,45,56,48,64,0,55,0,56,57,55,93,64,51,37,95,86,95,0,63,0,0,0,9,57,67,0,0,55,59,49,0,43,16,88,85,55
l26,8=0,0,0,0,0,0,0,0,28,0,0,26,30,25,24,0,52,0,57,87,62,96,80,94,84,92,85,0,0,0,0,0,48,72,0,33,77,27,72,33,0,20,75,80,57
l27,8=0,21,60,87,88,79,0,17,49,0,0,20,49,6,95,0,79,100,57,58,92,0,0,1,22,44,0,0,0,0,0,100,68,95,0,47,26,34,97,97,99,97,0,0,0
l28,8=0,0,0,60,79,52,27,0,0,0,48,19,76,55,60,0,78,100,49,25,44,0,0,0,0,42,30,0,0,0,95,0,92,96,0,57,52,51,94,81,99,52,39,43,0
l29,8=0,0,0,0,0,0,0,0,0,0,0,0,0,0,0,0,0,0,0,20,0,95,36,79,83,83,86,87,0,0,15,90,0,98,0,100,96,92,99,100,93,83,66,34,0
l30,8=0,0,0,0,0,0,0,0,0,0,0,0,0,0,0,0,40,11,0,0,33,67,43,89,75,26,86,81,0,0,84,84,98,0,0,88,88,91,94,95,98,85,10,0,0
l31,8=0,0,0,0,0,0,0,0,0,0,0,0,0,0,0,0,0,20,0,9,0,38,0,91,74,71,1,75,0,0,77,44,99,96,0,0,96,100,99,94,94,83,35,0,0
l32,8=0,0,0,0,0,0,0,0,0,0,0,0,0,0,0,0,0,13,0,0,0,59,63,77,69,83,87,89,0,0,68,90,99,96,0,100,0,100,99,91,91,83,0,0,0
l33,8=0,0,0,0,0,0,0,0,0,0,0,0,0,0,0,0,0,55,0,0,0,0,0,85,39,49,85,78,0,0,79,77,97,96,0,100,96,0,94,95,94,54,0,0,0
l34,8=0,0,0,0,0,0,0,0,0,0,0,0,0,0,21,0,44,64,0,20,49,76,70,93,46,47,74,90,0,0,56,85,96,96,0,89,89,91,0,96,99,97,57,38,0
l35,8=0,0,0,0,0,0,0,0,0,0,0,0,0,0,5,0,76,88,80,62,54,83,0,91,49,60,0,88,0,0,59,92,99,98,0,89,88,93,99,0,99,97,72,0,0
l36,8=0,0,0,0,0,0,0,0,0,0,0,0,0,21,28,0,69,88,43,58,46,1,0,0,47,59,45,0,0,0,56,93,95,98,0,89,89,91,99,100,0,94,57,0,0
l37,8=0,0,0,0,0,0,0,0,0,0,0,0,0,0,37,0,0,73,41,24,34,71,0,54,16,6,35,53,0,0,86,63,95,96,0,89,89,48,99,100,99,0,24,28,0
l38,8=0,0,0,0,0,0,0,0,0,0,8,6,23,0,0,0,19,36,22,66,58,36,30,64,62,65,72,58,0,0,0,8,21,3,0,1,0,0,20,11,11,2,0,83,82
l39,8=0,0,4,0,0,0,0,0,0,11,25,0,27,0,44,0,43,26,42,59,59,54,38,81,84,35,94,54,0,0,0,12,24,0,0,0,0,0,24,0,0,0,89,0,79
l40,8=0,0,0,0,0,0,0,0,0,0,0,0,0,0,40,0,23,47,39,48,29,54,19,54,80,43,64,51,0,0,0,0,0,0,0,0,0,0,0,0,0,0,88,79,0
l41,8=0,0,0,0,0,18,6,16,15,0,9,16,58,34,58,0,51,32,80,92,81,61,23,82,84,94,94,62,0,0,13,47,0,0,0,0,0,0,16,0,9,19,89,83,79
l42,8=0,0,0,0,0,0,0,0,0,0,0,0,0,0,39,0,30,0,22,68,43,68,23,67,74,94,93,64,0,0,0,0,23,25,0,0,0,0,19,0,0,9,88,83,48
l43,8=0,0,0,0,0,0,0,0,0,0,0,0,0,0,19,0,17,28,19,31,29,47,24,40,56,65,80,27,0,0,0,0,22,19,0,0,8,0,12,21,0,0,88,63,70
l44,8=0,0,0,0,0,0,0,0,0,0,0,0,0,13,46,0,23,1,37,68,49,60,55,76,82,69,52,51,0,0,0,0,7,23,0,0,0,0,0,1,0,0,88,83,56

l0,9=0,92,99,98,100,100,100,99,80,64,96,99,100,64,6,0,55,38,54,0,0,0,0,0,0,0,0,0,0,0,51,51,0,0,0,0,0,0,0,0,0,0,0,0,0
l1,9=100,0,99,98,100,100,100,97,100,100,93,91,91,98,27,0,55,60,58,0,0,0,0,0,0,6,0,0,0,0,67,0,0,0,0,0,0,0,0,0,0,0,0,0,0
l2,9=100,92,0,98,100,100,100,99,100,100,97,99,100,98,57,0,60,0,69,63,0,0,0,0,0,0,0,0,0,0,0,29,0,0,0,0,0,0,0,0,0,0,0,0,0
l3,9=100,92,99,0,100,100,100,100,78,67,96,91,100,98,44,0,53,59,0,39,0,0,0,0,0,0,0,0,0,0,37,34,0,0,0,0,0,0,0,0,0,0,0,0,0
l4,9=100,88,99,98,0,100,100,93,100,65,94,98,99,99,25,0,59,59,0,41,0,0,0,0,0,0,0,0,0,0,79,54,0,0,0,0,0,0,0,0,0,0,0,0,0
l5,9=100,92,99,98,100,0,100,97,99,67,98,99,88,98,53,0,52,58,0,36,36,0,0,0,0,28,0,0,0,0,56,0,0,0,0,0,0,0,0,1,49,10,0,0,0
l6,9=100,91,99,98,100,100,0,100,100,100,100,99,100,98,96,0,98,60,85,35,60,0,0,0,0,28,0,0,0,0,49,54,0,0,0,0,0,0,0,0,0,0,0,0,0
l7,9=100,92,99,98,100,100,100,0,100,100,100,99,100,99,58,0,98,69,53,100,38,99,0,0,59,99,83,77,0,0,0,0,0,0,0,0,0,0,0,0,0,0,0,0,0
l8,9=100,92,99,98,100,100,100,100,0,100,100,99,100,98,100,0,98,95,98,100,92,89,0,90,85,88,90,85,0,0,1,0,0,0,0,0,0,0,0,0,0,0,0,22,0
l9,9=100,92,99,98,100,100,100,98,100,0,100,99,100,99,100,0,98,51,60,44,42,71,0,28,34,33,82,72,0,0,50,30,0,0,0,0,0,0,0,0,0,0,0,0,0
l10,9=99,88,68,96,95,62,41,64,100,100,0,99,100,99,100,0,62,59,72,42,37,63,87,47,35,39,94,0,0,0,54,33,0,0,0,0,0,0,3,0,43,45,60,93,51
l11,9=100,57,99,75,99,100,100,100,100,100,100,0,100,99,100,0,98,56,100,70,35,0,0,44,34,35,85,90,0,0,47,0,0,0,0,0,0,0,0,0,0,0,0,85,15
l12,9=100,87,99,98,97,57,40,99,100,100,100,99,0,99,100,0,98,60,72,65,36,82,95,0,21,37,93,77,0,0,50,30,0,0,0,0,0,0,0,0,12,0,54,62,0
l13,9=97,91,99,98,100,100,100,100,100,100,100,99,100,0,100,0,98,58,100,70,64,92,0,45,59,55,90,68,0,0,49,34,0,0,0,0,0,0,0,0,49,0,0,0,0
l14,9=1,28,55,4,19,18,35,31,82,61,100,98,100,56,0,0,60,60,100,43,38,44,50,38,36,41,58,99,0,0,59,34,0,33,0,0,0,0,13,0,51,53,63,0,41
l15,9=98,52,61,55,97,57,62,99,99,100,100,99,100,99,100,0,0,88,100,100,37,84,94,47,74,49,55,92,0,0,57,57,0,34,0,0,0,0,51,35,60,58,61,91,0
l16,9=4,67,0,39,22,14,38,35,99,13,71,61,100,34,60,0,60,0,64,43,43,0,0,13,36,43,49,0,0,0,75,8,35,68,0,0,0,4,16,62,61,62,62,96,41
l17,9=91,45,57,0,0,0,36,1,74,33,99,99,99,64,100,0,98,60,0,72,100,44,97,13,36,43,60,98,0,0,56,33,0,0,0,0,0,0,0,17,53,29,62,94,36
l18,9=0,0,52,30,19,11,21,53,99,97,98,97,99,47,99,0,98,97,99,0,99,86,99,64,93,65,92,99,0,0,58,33,35,74,0,58,1,17,22,1,59,59,62,94,94
l19,9=0,0,0,0,0,21,37,36,99,98,98,55,99,63,99,0,58,97,100,99,0,86,0,75,58,65,92,98,0,0,58,11,0,92,0,0,0,0,18,15,60,59,62,94,94
l20,9=0,0,0,0,0,0,0,97,79,78,77,0,96,86,87,0,92,3,93,97,93,0,100,95,92,98,92,98,0,0,0,0,83,96,0,81,79,0,99,79,0,78,37,92,76
l21,9=0,0,0,0,0,0,0,19,0,0,94,0,99,0,93,0,83,0,98,97,0,100,0,91,92,98,90,98,0,0,0,0,0,99,0,0,49,0,89,0,0,0,94,94,94
l22,9=0,0,0,0,0,0,0,0,79,9,78,79,0,73,77,0,81,83,68,97,96,98,82,0,93,98,93,99,0,0,0,0,79,81,0,84,79,80,95,74,65,77,79,93,80
l23,9=0,0,0,0,0,0,0,30,77,75,72,76,42,48,95,0,94,49,68,97,59,93,92,96,0,99,94,98,0,0,46,0,26,82,0,80,23,32,72,32,37,44,94,94,93
l24,9=0,2,0,0,0,51,26,93,79,68,76,75,82,74,87,0,89,97,97,97,98,98,99,95,95,0,94,94,0,0,53,0,79,0,0,81,78,76,75,74,88,78,94,94,79
l25,9=0,0,0,0,0,0,0,30,85,80,92,84,92,64,87,0,45,47,90,96,95,93,84,96,95,99,0,98,0,0,0,19,90,89,0,85,90,37,92,43,80,6,95,95,93
l26,9=0,0,0,0,0,0,0,37,80,72,0,87,80,41,97,0,87,0,97,97,98,98,99,96,92,98,92,0,0,0,0,0,81,99,0,83,98,0,99,82,0,84,94,94,88
l27,9=79,75,0,47,36,21,2,0,0,57,94,35,37,19,60,0,60,98,27,41,38,0,0,0,16,15,0,0,0,0,0,93,1,100,0,97,34,38,17,61,59,62,51,1,7
l28,9=96,0,78,52,39,1,29,0,0,56,98,0,38,38,65,0,60,26,20,17,38,0,0,0,0,0,49,0,0,0,99,0,36,66,0,48,35,14,17,1,100,62,0,91,2
l29,9=0,0,0,0,0,0,0,0,0,0,0,0,0,0,0,0,2,22,0,63,0,88,0,32,87,94,93,68,0,0,0,90,0,100,0,100,100,100,100,100,98,100,71,82,0
l30,9=0,0,0,0,5,0,0,0,0,0,0,0,0,0,4,0,16,24,0,14,29,81,35,63,70,0,81,100,0,0,58,6,99,0,0,100,100,100,100,100,100,100,48,68,68
l31,9=0,0,0,0,0,0,0,0,0,0,0,0,0,0,0,0,0,0,0,68,0,69,0,87,76,75,74,78,0,0,77,9,99,100,0,0,100,100,100,82,98,80,0,0,0
l32,9=0,0,0,0,0,0,0,0,0,0,0,0,0,0,0,0,0,3,0,51,0,88,8,62,65,94,93,99,0,0,67,87,99,100,0,100,0,100,100,58,98,100,45,0,71
l33,9=0,0,0,0,0,0,0,0,0,0,0,0,0,0,0,0,0,1,0,0,0,0,0,28,49,72,69,0,0,0,58,0,99,100,0,100,100,0,100,100,98,100,0,0,0
l34,9=0,0,0,0,0,0,0,0,0,0,0,0,0,0,45,0,46,22,0,56,32,100,30,46,63,80,84,60,0,0,34,67,99,100,0,100,100,100,0,100,100,100,0,76,0
l35,9=0,0,0,0,0,6,0,0,0,0,0,0,0,0,48,0,50,35,16,14,34,88,0,20,29,66,73,57,0,0,86,67,99,100,0,93,58,100,100,0,100,100,0,0,0
l36,9=0,0,0,0,16,29,0,0,0,0,66,0,8,53,87,0,91,35,26,64,97,0,0,22,44,97,74,0,0,0,61,67,99,100,0,100,99,83,100,100,0,100,0,0,0
l37,9=0,0,0,0,0,19,0,0,0,0,66,0,8,0,53,0,51,26,14,43,32,77,0,8,17,38,41,56,0,0,61,35,99,100,0,89,100,83,100,100,100,0,0,0,0
l38,9=0,0,0,0,0,0,0,0,0,0,24,0,78,0,54,0,21,76,62,38,18,17,81,90,92,98,92,98,0,0,6,0,53,52,0,0,0,0,0,0,0,0,0,96,97
l39,9=0,0,0,0,0,0,0,0,0,0,52,74,59,0,0,0,22,63,75,91,91,89,81,91,92,97,92,88,0,0,0,17,25,39,0,0,0,0,36,0,0,0,95,0,94
l40,9=0,0,0,0,0,0,0,0,0,0,15,17,0,0,82,0,0,40,29,88,35,13,75,88,88,37,86,81,0,0,0,0,0,34,0,0,0,0,0,0,0,0,94,94,0
l41,9=0,0,4,0,0,0,0,5,69,0,0,74,86,45,97,0,94,51,90,97,23,82,72,67,92,98,92,96,0,0,41,22,0,0,0,6,3,0,40,21,0,17,94,94,94
l42,9=0,0,0,0,0,0,0,0,0,0,0,0,0,0,78,0,26,64,49,97,90,94,82,90,92,98,91,97,0,0,0,0,36,0,0,0,5,0,48,0,0,0,94,94,89
l43,9=0,0,0,0,0,0,0,0,0,0,0,0,0,0,74,0,0,0,68,66,76,74,73,78,86,86,91,88,0,0,0,0,61,69,0,8,62,0,0,0,32,0,94,88,93
l44,9=0,0,0,0,0,0,0,0,0,0,0,0,80,33,82,0,29,43,39,96,86,86,87,95,92,98,92,87,0,0,0,0,21,60,0,3,0,0,0,0,0,0,94,94,73

l0,10=0,72,92,90,90,91,91,2,85,90,88,84,52,83,0,0,77,72,72,0,0,0,0,0,0,0,0,0,0,0,27,83,0,0,0,0,0,0,0,0,0,0,0,0,0
l1,10=92,0,91,95,90,91,91,0,87,90,87,48,88,82,80,0,0,82,0,42,0,0,0,0,0,4,0,0,0,0,61,46,0,0,0,0,0,0,0,0,0,0,0,0,0
l2,10=92,93,0,87,90,91,91,0,88,90,87,87,91,89,82,0,80,82,83,65,33,0,0,0,53,38,27,0,0,0,10,51,0,0,0,0,0,0,0,0,0,0,0,66,0
l3,10=61,68,92,0,90,91,91,0,87,89,84,84,52,83,21,0,79,0,72,45,0,0,0,0,0,0,0,0,0,0,77,83,0,0,0,0,0,0,0,0,0,0,0,0,0
l4,10=92,94,92,95,0,91,91,1,86,90,87,66,52,83,0,0,81,78,0,0,0,0,0,0,0,0,0,0,0,0,0,83,0,0,0,0,0,0,0,0,0,0,0,0,0
l5,10=92,94,92,95,90,0,91,0,86,90,87,87,89,90,79,0,76,79,78,40,0,0,0,0,0,0,0,0,0,0,60,47,0,0,0,0,0,0,7,0,32,10,0,18,0
l6,10=61,94,91,91,90,90,0,0,87,90,87,87,79,90,0,0,84,86,83,0,39,0,0,0,53,36,0,0,0,0,0,53,0,0,0,0,0,0,0,0,0,0,0,33,0
l7,10=54,94,91,86,87,89,91,0,88,90,89,87,91,90,84,0,87,82,72,83,44,53,0,69,50,82,42,71,0,0,0,2,0,0,0,0,0,0,0,0,0,0,0,1,0
l8,10=87,92,91,86,87,88,91,0,0,90,89,87,91,89,83,0,0,72,79,81,79,72,0,54,70,40,56,68,0,0,0,0,0,0,0,0,0,0,0,0,0,0,0,28,0
l9,10=61,65,89,85,88,88,91,0,85,0,87,87,91,90,88,0,84,85,82,52,49,62,0,67,78,47,34,56,0,0,0,48,0,0,0,0,0,0,0,0,0,0,0,0,0
l10,10=86,69,54,53,85,88,91,0,85,90,0,86,91,89,91,0,88,84,84,52,50,51,4,77,54,49,43,69,0,0,79,53,0,0,0,0,0,0,0,0,43,0,78,74,41
l11,10=60,52,89,54,84,89,91,0,86,90,87,0,91,90,88,0,84,0,83,52,50,22,0,77,56,48,40,73,0,0,11,38,0,0,0,0,0,0,0,0,0,0,0,0,0
l12,10=86,90,88,85,88,87,91,0,84,90,92,86,0,89,88,0,85,85,83,52,44,51,76,71,54,49,43,69,0,0,78,0,0,0,0,0,0,0,0,0,0,0,76,0,0
l13,10=60,92,89,85,85,88,91,0,84,90,87,87,91,0,87,0,84,76,84,52,61,0,73,74,44,46,40,65,0,0,43,49,0,0,0,0,0,0,0,0,0,0,0,26,0
l14,10=0,31,2,0,66,78,0,0,78,90,92,50,53,57,0,0,91,94,89,34,93,8,25,65,56,49,14,55,0,0,84,52,0,41,0,0,1,0,1,0,38,44,55,64,34
l15,10=43,0,22,21,85,84,91,0,0,90,94,82,89,67,93,0,0,87,89,58,52,48,40,76,56,49,37,74,0,0,83,53,0,31,0,0,0,11,0,0,77,59,73,75,23
l16,10=45,49,5,0,70,74,81,0,70,80,92,0,53,34,93,0,88,0,89,59,62,4,0,83,63,45,30,28,0,0,95,59,10,37,0,0,0,0,30,38,92,75,56,60,28
l17,10=44,0,54,38,57,78,58,0,79,76,90,86,86,88,93,0,91,93,0,89,96,0,41,76,78,64,68,50,0,0,81,76,0,0,0,0,0,0,0,43,0,0,34,77,56
l18,10=0,14,20,0,0,44,0,0,74,45,58,44,44,56,58,0,89,92,89,0,96,68,72,85,89,90,46,83,0,0,74,51,30,59,0,0,0,0,26,46,77,84,76,76,57
l19,10=0,0,1,0,0,8,50,3,76,47,88,39,41,64,93,0,88,97,89,90,0,61,0,87,70,72,52,79,0,0,86,56,0,53,0,0,0,0,31,55,76,65,70,89,59
l20,10=0,0,0,0,0,0,0,1,69,76,69,63,69,0,69,0,71,54,15,86,75,0,100,90,81,90,87,89,0,0,0,0,72,74,0,72,44,0,80,68,0,0,67,69,69
l21,10=0,0,0,0,0,0,0,0,0,0,39,0,75,73,76,0,77,14,75,87,0,98,0,91,86,89,86,86,0,0,0,0,0,84,0,2,0,0,0,0,0,0,77,89,80
l22,10=0,0,0,0,0,0,0,2,44,52,73,56,57,63,50,0,71,63,72,80,83,98,92,0,91,90,91,91,0,0,0,0,82,83,0,61,77,71,86,74,53,45,85,83,79
l23,10=0,0,3,0,0,0,43,6,59,70,62,60,67,30,77,0,84,74,79,88,86,84,90,91,0,91,92,88,0,0,56,38,71,85,0,76,62,44,84,77,74,68,89,92,88
l24,10=0,4,6,0,0,0,36,1,53,63,76,59,79,61,80,0,81,77,82,88,91,98,95,90,91,0,92,84,0,0,0,50,70,66,0,53,73,42,74,49,78,77,74,92,36
l25,10=0,0,0,0,0,0,0,0,59,35,75,55,68,50,64,0,67,67,75,76,86,86,71,90,91,90,0,89,0,0,35,0,84,75,0,68,75,71,80,71,59,54,89,92,88
l26,10=0,0,0,0,0,0,0,1,69,44,63,65,43,41,71,0,76,46,72,85,74,98,88,91,85,81,89,0,0,0,0,0,82,84,0,62,80,82,79,57,46,81,84,81,79
l27,10=6,12,0,21,0,62,0,0,3,0,43,2,42,8,61,0,53,97,86,58,28,0,0,0,45,0,0,0,0,0,0,94,38,41,0,68,28,19,42,73,96,90,0,0,0
l28,10=71,16,15,22,71,63,72,0,0,40,46,22,17,35,82,0,87,97,83,56,27,0,0,0,33,17,0,0,0,0,95,0,42,63,0,0,0,0,56,42,96,92,0,0,0
l29,10=0,0,0,0,0,0,0,0,0,0,0,0,0,0,0,0,0,58,0,65,0,55,0,77,73,70,84,70,0,0,67,82,0,94,0,93,91,93,94,92,90,93,67,65,0
l30,10=0,0,0,0,0,0,0,0,0,0,0,0,0,0,40,0,28,45,0,53,18,34,57,85,86,24,78,88,0,0,68,72,93,0,0,93,91,93,94,92,94,93,66,66,1
l31,10=0,0,0,0,0,0,0,0,0,0,0,0,0,0,0,0,0,0,0,0,0,85,9,72,83,56,78,68,0,0,79,0,92,94,0,0,91,93,94,92,93,93,0,0,1
l32,10=0,0,0,0,0,0,0,0,0,0,0,0,0,0,0,0,0,0,0,0,0,12,0,80,71,74,80,79,0,0,67,0,93,94,0,93,0,93,94,90,79,86,0,21,0
l33,10=0,0,0,0,0,0,0,0,0,0,0,0,0,0,0,0,1,0,0,0,0,0,0,76,53,12,62,77,0,0,76,0,92,94,0,93,91,0,94,92,89,92,0,0,0
l34,10=0,0,0,0,0,15,0,0,0,0,0,0,7,0,0,0,0,59,0,46,18,54,0,84,85,49,52,53,0,0,78,87,92,94,0,93,91,93,0,92,96,93,66,3,0
l35,10=0,0,0,0,0,0,0,0,0,0,0,0,0,0,0,0,0,54,62,53,27,31,0,82,85,21,50,52,0,0,90,48,93,94,0,88,91,93,94,0,96,93,6,1,0
l36,10=0,0,0,0,0,30,0,0,0,0,22,0,3,0,11,0,16,67,0,79,16,0,0,67,61,28,4,27,0,0,95,94,77,94,0,84,51,55,94,97,0,93,40,1,0
l37,10=0,0,0,0,0,32,0,0,0,0,0,0,0,0,42,0,42,64,14,82,21,0,0,69,53,25,20,54,0,0,87,88,81,94,0,84,56,28,94,97,96,0,0,0,0
l38,10=0,0,0,0,0,0,0,0,0,0,39,0,68,0,78,0,73,66,23,82,57,50,46,83,89,56,87,77,0,0,0,0,70,62,0,0,0,0,43,0,4,0,0,93,96
l39,10=0,0,0,0,0,0,0,0,1,0,33,0,0,6,77,0,71,72,62,79,81,42,44,80,89,90,91,73,0,0,0,0,67,65,0,0,2,0,0,0,0,0,92,0,93
l40,10=0,0,0,0,0,0,0,0,0,0,2,0,0,0,73,0,0,27,60,82,77,71,34,81,87,0,90,73,0,0,0,0,0,0,0,0,0,0,0,0,0,0,92,92,0
l41,10=0,0,0,0,0,0,0,0,53,3,30,20,42,24,82,0,81,85,79,88,47,58,0,85,89,90,91,75,0,0,29,49,0,0,0,0,0,0,0,35,29,0,92,92,93
l42,10=0,0,0,0,0,0,0,0,0,0,0,0,0,0,71,0,67,56,34,83,76,76,73,88,88,89,73,83,0,0,0,0,0,0,0,0,0,0,61,0,0,0,89,92,84
l43,10=0,0,0,0,0,0,0,0,0,0,4,0,0,0,1,0,0,0,68,69,65,80,13,80,76,82,91,77,0,0,0,0,65,1,0,0,0,0,36,0,37,0,90,87,91
l44,10=0,0,0,0,0,0,0,0,0,0,0,16,27,0,46,0,34,23,0,74,70,44,81,89,89,90,91,71,0,0,0,0,45,52,0,0,56,0,36,0,0,0,92,85,77

l0,11=0,89,74,78,89,88,90,0,87,81,83,85,90,89,6,0,10,64,26,23,0,0,0,0,0,0,0,0,0,0,34,69,0,0,0,0,0,0,0,0,0,0,0,0,0
l1,11=90,0,86,93,89,88,91,0,88,82,84,81,92,88,87,0,50,69,49,37,0,0,0,0,0,1,0,0,0,0,40,0,0,0,0,0,0,0,0,0,0,0,0,0,0
l2,11=90,87,0,88,89,88,91,0,87,81,83,84,90,89,83,0,51,48,51,44,0,0,0,0,67,45,0,0,0,0,27,72,0,0,0,0,0,0,0,0,0,0,0,0,0
l3,11=91,89,57,0,89,88,91,0,87,26,82,61,85,89,3,0,37,42,46,0,0,0,0,0,0,0,0,0,0,0,37,73,0,0,0,0,0,0,0,0,0,0,0,0,0
l4,11=91,89,89,96,0,88,91,0,49,79,60,81,85,79,44,0,47,43,0,0,0,0,0,0,0,0,0,0,0,0,41,66,0,0,0,0,0,0,0,0,0,0,0,0,0
l5,11=91,89,88,96,89,0,89,0,87,81,83,85,90,89,59,0,50,67,36,25,0,0,0,0,0,0,0,0,0,0,40,63,0,0,0,0,0,0,9,0,0,0,0,0,0
l6,11=89,89,88,89,88,86,0,0,87,81,82,85,90,89,60,0,50,61,68,46,0,0,0,0,9,31,0,0,0,0,39,0,0,0,0,0,0,0,0,0,0,0,0,0,0
l7,11=89,89,88,88,88,86,91,0,88,82,82,85,92,89,87,0,85,66,17,78,62,75,0,67,31,65,27,50,0,0,0,54,0,0,0,0,0,0,0,0,0,0,0,7,0
l8,11=85,87,86,88,86,85,89,0,0,81,83,85,90,89,84,0,85,40,82,76,38,57,0,66,67,35,18,36,0,0,10,0,0,0,0,0,0,0,0,0,0,0,0,0,0
l9,11=89,86,86,73,88,86,88,0,87,0,83,85,90,89,86,0,85,47,49,5,45,47,0,58,75,52,20,21,0,0,0,0,0,0,0,0,0,0,0,0,0,0,2,0,3
l10,11=55,54,85,87,55,86,88,0,87,50,0,85,93,89,87,0,92,52,84,46,48,26,25,65,70,53,20,20,0,0,77,73,0,0,0,0,0,0,0,0,0,6,45,42,0
l11,11=75,54,86,87,88,86,88,0,87,87,83,0,91,89,86,0,85,0,82,46,48,4,0,33,40,53,21,1,0,0,30,21,0,0,0,0,0,0,0,0,0,0,7,0,0
l12,11=75,54,85,87,87,86,88,0,87,82,87,85,0,89,86,0,85,35,82,35,48,18,14,49,75,63,22,13,0,0,36,55,0,0,0,0,0,0,0,0,0,0,39,41,0
l13,11=89,86,86,87,87,86,89,0,87,84,83,85,93,0,86,0,85,40,82,46,58,45,30,77,50,53,21,8,0,0,3,73,0,0,0,0,0,0,0,0,0,0,0,34,0
l14,11=1,27,39,0,27,43,27,0,29,29,71,85,90,86,0,0,91,89,87,80,92,17,8,28,56,36,21,22,0,0,76,75,0,0,0,0,0,0,2,13,28,29,47,44,42
l15,11=1,27,62,63,56,75,79,0,30,81,88,85,90,89,92,0,0,43,85,82,57,30,13,49,75,38,19,15,0,0,76,75,0,0,0,0,0,6,0,6,0,35,43,43,39
l16,11=38,47,38,58,34,62,64,0,2,3,64,0,40,45,93,0,84,0,65,51,57,16,0,46,72,49,22,5,0,0,93,88,0,14,0,0,0,21,9,4,37,55,50,45,49
l17,11=4,22,53,56,0,35,57,0,51,26,86,85,89,88,93,0,92,89,0,85,92,29,11,49,79,49,17,14,0,0,45,70,0,0,0,0,0,0,0,0,25,38,1,28,36
l18,11=6,30,70,0,4,58,76,0,25,1,63,74,75,72,86,0,88,92,87,0,94,44,47,64,90,88,20,32,0,0,80,76,49,22,0,22,47,0,0,23,30,51,47,59,50
l19,11=0,0,0,0,0,0,0,1,3,26,85,75,86,77,93,0,92,94,87,87,0,73,0,55,88,84,80,42,0,0,71,77,1,0,0,0,0,0,0,20,45,37,42,81,76
l20,11=0,0,0,0,0,0,0,0,72,67,52,51,69,72,66,0,68,63,67,77,71,0,97,89,78,86,81,88,0,0,0,0,58,73,0,66,0,0,72,66,0,0,67,69,75
l21,11=0,0,0,0,0,0,0,0,0,0,67,57,76,73,66,0,68,0,63,83,0,90,0,90,90,87,84,89,0,0,0,0,0,77,0,34,0,0,56,0,9,0,88,4,0
l22,11=0,0,0,0,0,0,0,2,73,35,72,64,75,72,67,0,71,69,71,71,66,88,84,0,90,85,84,88,0,0,0,55,68,83,0,66,70,76,75,29,42,58,84,83,1
l23,11=0,0,32,0,0,0,0,0,22,40,55,44,69,42,65,0,71,52,77,85,82,72,81,90,0,88,85,85,0,0,64,21,64,40,0,48,28,0,47,42,31,1,68,90,80
l24,11=0,1,20,0,0,0,39,1,18,58,68,64,83,69,64,0,69,58,64,86,81,88,79,89,90,0,85,77,0,0,42,23,61,55,0,44,51,27,58,54,0,60,79,90,72
l25,11=0,0,0,0,0,0,0,0,22,20,47,63,63,60,71,0,65,62,65,50,73,74,70,89,90,88,0,79,0,0,49,54,73,19,0,0,52,53,19,15,16,68,91,93,77
l26,11=0,0,0,0,0,0,0,0,71,44,71,46,71,54,71,0,71,61,70,76,76,90,86,90,86,79,81,0,0,0,0,0,73,78,0,75,74,79,73,0,0,75,85,79,78
l27,11=10,19,4,73,70,61,62,0,3,0,38,34,44,20,44,0,60,95,46,24,19,0,0,0,25,12,7,0,0,0,0,88,20,9,0,24,32,42,10,47,95,53,0,34,26
l28,11=11,0,26,69,70,65,0,2,0,0,39,29,44,42,87,0,70,95,44,40,20,0,0,49,18,13,10,0,0,0,93,0,29,8,0,15,40,0,30,24,62,52,2,37,0
l29,11=0,0,0,0,0,0,0,0,0,0,0,0,0,0,0,0,0,22,0,18,0,47,0,73,68,43,73,71,0,0,36,43,0,93,0,90,89,94,84,87,91,91,45,44,0
l30,11=0,0,0,0,0,0,0,0,0,0,0,0,0,0,26,0,0,73,0,20,0,51,41,83,35,21,40,72,0,0,67,25,85,0,0,90,89,94,84,76,92,91,0,50,0
l31,11=0,0,0,0,0,0,0,0,0,0,0,0,0,0,0,0,0,5,0,38,0,58,19,74,81,40,15,73,0,0,75,39,85,93,0,0,89,94,81,85,74,90,0,0,0
l32,11=0,0,0,0,0,0,0,0,0,0,0,0,0,0,0,0,0,0,0,35,0,0,0,71,50,57,61,72,0,0,63,58,85,93,0,90,0,95,84,81,86,87,0,40,0
l33,11=0,0,0,0,0,0,0,0,0,0,0,0,0,0,0,0,0,36,0,0,0,0,0,75,0,10,36,75,0,0,71,0,85,93,0,90,89,0,81,86,82,87,0,0,0
l34,11=0,0,0,0,0,55,0,0,0,0,0,0,0,0,27,0,0,42,1,3,0,57,15,79,29,21,39,78,0,0,79,67,85,93,0,90,89,94,0,87,95,94,30,0,0
l35,11=0,0,0,0,0,0,0,0,0,0,0,0,0,0,35,0,30,36,0,23,19,23,0,46,31,13,12,0,0,0,89,55,85,11,0,61,85,55,84,0,95,94,10,0,0
l36,11=0,0,0,0,0,1,0,0,0,0,0,1,0,3,41,0,0,88,33,25,22,0,0,49,29,0,11,0,0,0,93,60,52,93,0,22,57,54,84,93,0,94,0,15,0
l37,11=0,0,0,0,0,0,0,0,0,0,4,0,0,0,38,0,49,61,34,79,17,0,0,57,12,12,11,23,0,0,85,57,85,93,0,64,87,93,84,93,95,0,0,0,0
l38,11=0,0,0,0,0,0,0,0,0,0,47,0,28,0,79,0,65,73,0,76,26,53,76,82,75,79,79,78,0,0,0,0,2,0,0,0,0,0,0,0,0,0,0,94,88
l39,11=0,0,0,0,0,0,0,0,0,0,32,0,19,1,78,0,78,43,16,80,78,53,0,81,87,82,84,75,0,0,31,56,40,9,0,0,7,0,0,0,0,0,92,0,91
l40,11=0,0,0,0,0,0,0,0,0,0,0,0,0,0,72,0,57,75,22,79,77,81,0,0,82,77,81,80,0,0,14,0,0,0,0,0,0,0,0,0,0,0,90,93,0
l41,11=0,0,0,0,0,0,0,0,23,19,62,66,28,59,74,0,81,46,84,86,47,43,11,81,58,87,84,22,0,0,0,67,0,0,0,2,0,0,0,0,17,32,91,93,91
l42,11=0,0,0,0,0,0,0,0,0,0,0,0,0,0,57,0,52,0,9,80,69,80,65,83,85,83,84,85,0,0,0,0,57,0,0,0,0,0,56,0,0,11,91,93,89
l43,11=0,0,0,0,0,0,0,0,0,0,0,0,10,0,45,0,0,50,31,75,65,79,14,82,73,80,84,75,0,0,0,0,41,61,0,37,1,0,57,0,0,0,91,85,86
l44,11=0,0,0,0,0,0,0,0,0,0,8,28,52,0,68,0,44,0,42,74,54,80,52,82,82,83,79,39,0,0,0,0,64,0,0,0,51,0,5,3,0,0,91,84,84

l0,12=0,59,91,88,91,87,87,2,65,57,48,80,84,62,13,0,44,13,7,47,0,0,0,0,0,0,0,0,0,0,0,15,0,0,0,0,0,0,0,0,0,0,0,0,0
l1,12=92,0,84,87,91,87,87,0,85,89,63,78,82,67,18,0,25,15,52,46,0,0,0,0,0,2,0,0,0,0,44,32,0,0,0,0,0,0,0,0,0,0,0,0,0
l2,12=91,58,0,86,91,87,87,1,84,79,80,78,82,89,7,0,41,0,7,57,80,13,0,1,52,32,40,0,0,0,30,53,0,0,0,0,0,0,0,0,0,0,0,0,0
l3,12=84,59,57,0,91,58,54,2,56,51,50,78,77,62,1,0,0,14,34,28,0,0,0,0,0,0,0,0,0,0,49,24,0,0,0,0,0,0,0,0,8,0,0,0,0
l4,12=96,93,91,88,0,87,87,4,67,53,46,77,76,58,0,0,23,12,0,0,0,0,0,0,0,0,0,0,0,0,49,29,0,0,0,0,0,0,0,0,0,0,0,0,0
l5,12=96,93,91,88,91,0,87,0,64,55,52,78,84,61,13,0,24,12,3,56,0,0,0,0,49,0,0,0,0,0,27,14,0,0,0,0,0,0,21,0,0,0,0,0,0
l6,12=91,93,91,87,91,85,0,1,84,80,51,80,84,83,13,0,27,17,56,58,62,0,0,0,46,0,0,0,0,0,45,2,0,0,0,0,0,0,0,0,0,0,0,0,0
l7,12=88,92,91,86,88,84,87,0,84,90,49,80,84,90,89,0,44,25,82,83,0,70,0,28,71,39,39,23,0,0,39,1,0,0,0,0,0,0,0,0,0,0,0,0,0
l8,12=86,92,89,69,88,82,87,2,0,90,80,80,82,88,86,0,44,26,83,81,67,12,7,23,52,34,39,28,0,0,0,0,0,0,0,0,0,0,0,0,0,0,0,2,0
l9,12=86,91,56,82,88,82,87,0,84,0,80,82,84,90,49,0,45,17,56,57,85,74,0,18,64,42,45,29,0,0,45,0,0,0,0,0,0,0,0,0,0,0,0,11,0
l10,12=83,91,88,79,48,79,63,4,83,88,0,82,88,89,54,0,62,26,86,82,86,68,19,41,59,63,36,40,0,0,28,51,0,0,0,0,0,0,0,0,0,13,60,58,0
l11,12=86,91,69,86,88,80,86,5,83,88,80,0,86,90,86,0,31,17,83,62,87,1,0,5,18,41,43,28,0,0,44,3,0,0,0,0,0,0,0,0,1,0,0,59,5
l12,12=86,91,88,83,49,81,86,1,83,88,82,81,0,88,86,0,47,15,83,81,87,48,25,18,76,70,36,11,0,0,48,13,0,0,0,0,0,0,0,0,0,0,69,29,1
l13,12=86,90,89,86,88,82,87,0,83,90,83,82,88,0,86,0,46,16,83,61,72,0,28,25,60,38,42,41,0,0,0,29,0,0,0,0,0,0,0,0,0,0,0,59,0
l14,12=28,79,6,1,22,34,42,0,84,88,82,81,86,81,0,0,62,78,93,89,96,66,0,5,62,70,72,33,0,0,51,63,0,3,0,0,0,0,49,0,28,22,81,83,18
l15,12=57,55,57,0,52,45,61,0,82,88,84,80,86,87,94,0,0,26,93,85,88,72,45,0,77,69,64,43,0,0,80,46,0,24,0,0,0,0,0,0,17,0,77,82,19
l16,12=24,50,0,13,28,25,39,4,74,45,22,46,72,30,60,0,34,0,93,92,98,45,0,5,20,9,41,16,0,0,58,68,0,45,0,0,0,0,0,60,53,57,64,59,26
l17,12=0,39,0,37,0,10,52,5,83,71,83,79,84,79,95,0,62,88,0,89,93,66,32,21,68,69,62,39,0,0,48,63,0,0,0,0,0,0,18,21,0,19,64,48,18
l18,12=34,34,73,10,5,39,53,0,73,74,79,74,83,70,92,0,62,95,93,0,98,81,65,44,88,78,68,54,0,0,52,51,60,46,0,10,0,0,56,57,51,47,77,88,64
l19,12=0,0,45,0,0,0,39,0,67,73,83,81,86,59,95,0,62,95,93,92,0,65,0,80,90,82,81,43,0,0,54,53,0,48,0,0,0,0,0,52,43,23,84,28,24
l20,12=5,0,0,0,0,3,0,1,37,69,60,35,63,0,68,0,34,20,74,89,75,0,96,84,83,83,76,89,0,0,0,0,57,63,0,36,61,53,83,58,10,0,67,73,73
l21,12=0,0,0,0,0,0,0,0,67,0,63,0,75,76,0,0,43,0,76,91,0,89,0,84,88,81,82,90,0,0,0,0,0,59,0,0,0,0,69,46,0,0,81,0,77
l22,12=0,0,0,0,0,0,0,2,68,70,62,49,68,65,46,0,0,22,77,80,84,88,79,0,90,83,83,90,0,0,3,0,67,85,0,41,67,61,80,68,27,63,77,84,68
l23,12=0,0,0,0,0,23,5,14,58,64,56,48,77,54,53,0,54,21,84,92,92,79,76,85,0,83,84,86,0,0,33,0,61,53,0,67,16,0,66,42,37,39,67,93,85
l24,12=0,0,32,0,0,0,25,4,60,58,58,52,79,59,81,0,48,12,82,90,95,86,76,84,90,0,84,84,0,0,25,0,63,56,0,17,0,18,62,45,57,0,88,79,86
l25,12=0,0,17,0,0,0,0,12,59,59,28,56,59,65,74,0,47,34,67,72,75,68,72,85,90,83,0,79,0,0,15,42,56,49,0,16,66,0,51,41,0,70,90,90,71
l26,12=0,0,0,0,0,0,0,15,68,70,62,61,66,73,71,0,48,72,73,80,76,88,87,85,81,74,78,0,0,0,0,1,70,81,0,77,70,47,85,63,0,72,78,6,77
l27,12=0,33,1,43,51,16,29,10,1,29,22,50,66,0,55,0,31,87,54,52,82,0,0,0,22,27,31,0,0,0,0,89,63,49,0,22,5,47,71,83,57,58,0,7,13
l28,12=15,34,42,28,42,8,5,15,0,0,38,39,59,51,58,0,25,88,88,77,71,0,0,0,0,0,43,0,0,0,93,0,62,0,0,25,30,0,93,79,56,62,47,40,4
l29,12=0,0,0,0,0,0,0,0,0,0,0,0,0,0,0,0,0,0,0,68,0,63,0,70,69,68,65,78,0,0,65,37,0,93,0,89,90,90,92,89,86,89,0,41,0
l30,12=0,0,0,0,0,0,0,0,0,0,0,0,0,0,26,0,26,44,0,37,60,72,49,49,44,70,66,64,0,0,43,0,82,0,0,89,90,90,93,89,91,89,1,26,14
l31,12=0,0,0,0,0,0,0,0,0,0,0,0,0,0,0,0,0,2,0,37,1,59,0,73,82,62,57,86,0,0,78,66,82,93,0,0,90,90,87,83,87,88,48,0,0
l32,12=0,0,0,0,0,0,0,0,0,0,0,0,0,0,0,0,0,0,0,0,0,59,0,66,43,0,63,76,0,0,62,68,82,92,0,89,0,90,92,85,83,88,0,0,0
l33,12=0,0,0,0,0,0,0,0,0,0,0,0,0,0,0,0,0,0,0,0,0,56,0,67,0,0,0,33,0,0,71,0,82,91,0,89,90,0,92,89,82,82,0,0,0
l34,12=0,0,0,0,0,29,0,0,0,0,0,0,0,0,31,0,0,0,21,41,0,75,36,72,49,70,60,84,0,0,51,85,82,93,0,89,90,90,0,91,95,93,43,43,27
l35,12=0,0,0,0,0,0,0,0,0,0,0,0,0,0,0,0,0,52,37,46,61,64,23,42,31,65,57,38,0,0,85,70,82,93,0,89,90,90,93,0,95,93,51,36,0
l36,12=0,0,0,28,0,0,0,0,0,0,0,29,7,0,47,0,12,95,1,86,72,6,0,5,65,67,0,0,0,0,93,88,82,93,0,80,90,86,93,91,0,93,0,0,0
l37,12=0,0,0,0,34,0,0,0,0,0,21,0,0,0,41,0,0,89,37,80,41,0,0,21,31,0,79,32,0,0,84,86,82,93,0,89,90,83,93,91,95,0,0,33,0
l38,12=0,0,0,0,0,0,0,0,0,0,9,0,52,0,81,0,38,41,60,82,81,54,27,76,72,74,79,82,0,0,0,1,0,0,0,0,0,0,2,0,0,0,0,93,82
l39,12=0,0,0,0,0,0,0,0,0,0,18,52,36,30,79,0,53,74,43,85,10,65,0,76,88,72,81,0,0,0,1,25,25,0,0,0,0,0,43,5,0,0,95,0,87
l40,12=0,0,0,0,0,0,0,0,0,0,0,8,18,0,34,0,21,68,49,86,13,72,29,71,78,76,77,81,0,0,28,0,0,0,0,0,0,0,9,0,0,0,87,91,0
l41,12=0,0,0,0,0,0,0,0,1,60,61,26,64,59,82,0,28,79,88,91,87,66,38,80,89,75,80,49,0,0,30,0,0,0,0,0,0,0,38,0,0,37,95,93,89
l42,12=0,0,0,0,0,0,0,0,0,0,0,0,38,0,0,0,0,3,54,88,84,81,34,83,84,82,82,85,0,0,0,0,35,34,0,3,0,0,66,11,0,12,95,92,90
l43,12=0,0,0,0,0,0,0,1,0,0,0,0,47,0,0,0,21,45,58,79,66,73,26,74,82,78,80,77,0,0,0,0,37,36,0,21,0,0,58,0,0,0,89,87,82
l44,12=0,0,0,0,0,0,0,0,0,0,29,0,21,0,63,0,46,0,61,77,73,76,27,76,81,81,79,74,0,0,0,0,38,37,0,0,26,0,0,0,0,0,94,91,59

l0,13=0,89,93,96,95,94,84,84,13,84,90,91,83,92,70,0,26,0,0,47,0,0,0,0,0,0,0,0,0,0,19,0,0,0,0,0,0,0,0,0,0,0,0,0,0
l1,13=97,0,92,95,95,94,84,81,22,76,87,89,91,91,68,0,52,86,8,59,19,0,0,0,0,0,0,0,0,0,32,28,0,0,0,0,0,0,0,0,0,0,0,0,0
l2,13=92,88,0,91,95,89,84,2,29,93,90,91,91,92,65,0,52,86,0,63,17,0,0,18,0,30,59,0,0,0,21,30,0,0,0,0,0,0,0,0,0,0,0,0,0
l3,13=97,70,92,0,95,94,84,83,5,69,52,54,22,92,61,0,24,86,0,49,0,0,0,0,0,0,0,0,0,0,20,30,0,0,0,0,0,0,0,0,0,0,0,0,0
l4,13=96,89,92,96,0,94,84,86,5,84,63,90,83,90,0,0,8,0,61,0,0,0,0,0,0,0,0,0,0,0,20,28,0,0,0,0,0,0,0,0,0,2,0,0,0
l5,13=96,89,92,96,95,0,84,79,4,84,93,60,82,92,67,0,47,86,76,47,0,0,0,0,0,0,0,0,0,0,0,28,0,0,0,0,0,0,0,7,25,0,0,0,0
l6,13=95,88,94,57,93,94,0,91,25,84,90,89,91,92,71,0,53,87,85,64,12,0,0,0,23,0,0,0,0,0,32,0,0,0,0,0,0,0,0,0,0,0,0,0,0
l7,13=90,88,17,90,92,89,84,0,25,93,89,90,91,92,90,0,81,85,87,83,0,13,7,66,76,85,77,0,0,0,29,21,0,0,0,0,0,0,0,0,0,0,0,2,0
l8,13=90,88,93,86,92,83,84,88,0,93,87,90,91,91,90,0,81,82,87,63,0,6,38,27,0,40,78,78,0,0,0,0,0,0,0,0,0,0,0,0,0,0,0,0,0
l9,13=84,49,90,43,89,84,83,60,13,0,89,91,91,92,87,0,81,81,86,80,22,28,0,27,51,48,48,81,0,0,29,18,0,0,0,0,0,0,0,0,0,0,0,0,0
l10,13=55,51,53,51,50,89,83,90,25,90,0,91,91,92,90,0,95,87,88,86,46,0,0,45,48,50,74,74,0,0,27,28,0,0,0,0,0,0,0,0,0,0,10,71,0
l11,13=77,51,90,54,86,75,83,84,27,93,89,0,91,92,87,0,81,54,87,81,19,27,0,22,29,0,75,77,0,0,28,29,0,0,0,0,0,0,0,0,7,0,0,49,0
l12,13=84,86,89,39,84,81,83,90,15,89,94,91,0,92,87,0,93,84,88,81,46,0,34,57,82,84,46,78,0,0,86,0,0,0,0,0,0,0,0,0,0,0,0,48,0
l13,13=88,86,93,78,52,84,83,81,11,93,94,91,91,0,89,0,94,81,89,61,20,9,45,27,29,49,74,64,0,0,0,28,0,0,0,0,0,0,0,0,3,0,2,48,0
l14,13=54,50,25,46,18,70,58,70,27,87,36,34,50,90,0,0,95,95,92,95,97,5,13,0,55,55,87,38,0,0,35,33,0,0,0,0,0,0,0,0,13,10,35,82,66
l15,13=50,84,53,44,47,71,82,68,21,89,92,56,91,91,97,0,0,89,92,95,92,3,29,44,72,88,13,87,0,0,59,39,0,0,0,0,0,0,0,2,0,6,18,70,53
l16,13=0,48,24,52,0,78,40,11,4,27,35,0,41,62,96,0,87,0,92,99,91,0,0,21,52,52,4,32,0,0,37,36,0,3,0,0,0,0,21,25,43,33,1,29,44
l17,13=0,0,0,0,45,70,42,55,26,83,35,34,67,89,97,0,95,97,0,99,97,3,23,42,49,50,30,75,0,0,30,33,0,0,0,0,0,0,0,21,9,3,28,72,0
l18,13=36,37,41,34,0,51,72,76,9,50,36,34,67,71,96,0,92,100,91,0,96,95,29,50,94,99,93,98,0,0,34,20,26,5,0,19,0,0,37,81,74,34,32,86,90
l19,13=0,39,33,0,0,17,68,0,1,79,35,31,67,79,97,0,95,100,92,99,0,41,23,71,95,100,89,87,0,0,84,33,0,0,0,0,0,0,0,81,72,28,35,83,83
l20,13=0,0,0,0,0,0,0,59,14,72,0,67,51,56,82,0,74,54,74,99,84,0,97,88,94,99,70,99,0,0,0,1,67,72,0,64,49,63,89,0,17,37,75,81,76
l21,13=0,0,0,0,0,0,0,53,23,3,0,0,75,73,74,0,80,28,77,89,53,98,0,86,94,93,85,99,0,0,0,0,74,64,0,36,0,0,70,0,0,0,87,84,80
l22,13=0,0,2,0,0,0,0,65,22,69,71,26,40,67,0,0,76,70,75,83,85,97,86,0,95,99,94,100,0,0,0,0,69,71,0,74,75,13,82,79,0,22,90,87,75
l23,13=0,0,0,0,0,0,40,63,0,67,67,29,83,64,90,0,85,79,88,95,95,95,93,89,0,100,95,98,0,0,0,22,73,63,0,80,4,0,88,69,62,84,98,94,88
l24,13=0,0,1,0,0,0,0,69,18,65,59,0,86,73,96,0,89,78,90,99,96,96,49,88,95,0,95,98,0,0,26,16,68,77,0,67,26,1,57,65,52,45,96,92,92
l25,13=0,0,3,0,0,0,0,60,21,57,48,43,44,62,86,0,34,60,68,90,80,10,50,88,95,100,0,72,0,0,21,0,67,33,0,71,48,14,35,69,5,39,99,94,84
l26,13=0,0,0,0,0,0,0,12,23,67,75,65,68,61,75,0,82,70,67,97,74,96,96,88,92,97,77,0,0,0,10,4,89,78,0,90,80,68,93,80,5,32,78,83,85
l27,13=34,22,0,46,37,0,64,36,0,27,9,7,47,0,96,0,56,100,58,95,89,0,0,0,0,31,28,12,0,0,0,100,68,34,0,31,6,3,51,61,79,15,13,0,0
l28,13=0,41,36,52,41,66,0,17,0,25,31,31,22,73,95,0,93,100,92,80,81,0,0,1,46,18,0,1,0,0,99,0,17,34,0,51,33,23,55,88,79,36,6,25,35
l29,13=0,0,0,0,0,0,0,0,0,0,0,0,0,0,0,0,0,0,0,61,0,11,18,77,81,85,84,89,0,0,87,14,0,93,0,93,94,93,95,94,90,75,9,41,0
l30,13=0,0,0,0,0,0,0,0,0,0,0,0,0,0,20,0,0,48,0,73,1,29,21,53,83,90,27,37,0,0,58,79,93,0,0,93,70,91,95,94,89,93,0,17,0
l31,13=0,0,0,0,0,0,0,0,0,0,0,0,0,0,0,0,0,0,0,69,0,46,5,67,79,78,76,85,0,0,83,78,93,93,0,0,94,93,95,80,88,92,0,0,0
l32,13=0,0,0,0,0,0,0,0,0,0,0,0,0,0,0,0,0,37,0,0,0,35,0,74,57,72,81,82,0,0,73,81,93,87,0,93,0,93,95,94,89,94,0,0,0
l33,13=0,0,0,0,0,0,0,0,0,0,0,0,0,0,0,0,0,61,0,0,0,70,0,62,0,0,70,71,0,0,60,67,93,81,0,93,94,0,91,86,79,75,0,0,0
l34,13=0,0,0,0,0,0,0,0,0,0,0,0,0,0,5,0,0,43,5,79,0,53,25,68,89,85,28,75,0,0,71,91,93,93,0,93,94,92,0,95,96,98,0,23,58
l35,13=0,0,0,0,0,50,0,0,0,0,0,0,0,0,0,0,10,50,44,87,74,0,0,49,53,47,30,35,0,0,93,50,93,93,0,32,94,92,95,0,96,98,15,20,0
l36,13=0,0,0,0,0,57,1,0,0,0,0,19,28,4,81,0,0,63,46,97,79,2,0,0,54,48,9,0,0,0,99,68,93,60,0,55,40,56,95,95,0,98,1,23,0
l37,13=0,0,0,0,38,0,0,0,0,0,0,0,0,0,72,0,42,98,40,95,65,12,0,24,82,46,30,28,0,0,72,95,72,93,0,93,94,21,95,95,96,0,1,0,0
l38,13=0,0,0,0,0,0,0,0,0,0,0,0,0,0,80,0,20,0,67,74,74,12,43,79,92,98,93,77,0,0,0,0,0,0,0,0,0,0,0,17,0,0,0,94,92
l39,13=0,0,0,0,0,0,0,1,0,0,22,31,33,54,86,0,22,73,69,85,45,4,31,79,94,97,93,86,0,0,0,11,15,0,0,0,0,0,2,0,7,0,99,0,92
l40,13=0,0,0,0,0,0,0,0,0,0,0,0,0,0,80,0,15,75,0,91,74,83,77,77,89,99,93,96,0,0,0,0,0,0,0,0,0,0,26,0,0,0,98,93,0
l41,13=0,0,0,0,0,0,0,1,0,0,31,0,39,56,92,0,64,99,91,99,96,39,29,83,95,99,85,95,0,0,25,0,43,0,0,0,0,0,0,0,0,22,100,95,92
l42,13=0,0,0,0,0,0,0,0,0,0,0,0,0,0,84,0,0,60,2,97,83,69,46,88,94,98,94,92,0,0,0,0,5,32,0,0,0,0,54,0,0,0,99,94,93
l43,13=0,0,0,0,0,0,0,0,0,0,0,0,30,0,9,0,43,46,55,71,65,87,48,83,91,92,93,92,0,0,0,0,36,0,0,0,45,0,33,0,0,0,98,93,79
l44,13=0,0,0,0,0,0,0,0,0,0,0,0,2,0,74,0,55,33,64,73,75,89,48,84,92,95,88,70,0,0,0,15,21,55,0,0,0,0,0,0,0,0,98,93,84

l0,14=0,100,62,96,100,100,100,77,92,98,50,88,86,49,87,0,0,10,0,0,0,0,0,0,0,0,0,0,0,0,97,18,0,0,0,0,0,0,0,0,0,0,0,0,0
l1,14=100,0,100,96,100,100,100,100,92,100,50,100,100,63,28,0,100,29,10,48,7,0,0,0,0,0,0,0,0,0,47,0,0,0,0,0,0,0,0,0,0,0,0,0,0
l2,14=100,100,0,72,100,100,100,100,92,100,50,94,89,63,100,0,100,73,32,81,0,0,0,0,0,34,2,0,0,0,93,0,0,0,0,0,0,0,0,0,0,0,0,0,0
l3,14=100,100,62,0,100,100,55,77,85,96,50,88,86,49,0,0,92,29,5,0,0,0,0,0,0,0,0,0,0,0,52,0,0,0,0,0,0,0,0,0,0,0,0,0,0
l4,14=100,100,62,96,0,100,67,52,92,100,50,88,86,49,91,0,98,26,21,0,0,0,0,0,0,0,0,0,0,0,87,2,0,0,0,0,0,0,0,0,0,0,0,0,0
l5,14=100,100,62,96,100,0,100,77,92,100,50,90,86,100,78,0,0,25,14,35,0,0,0,0,0,0,0,0,0,0,88,32,0,0,0,0,0,0,0,0,82,0,0,0,0
l6,14=100,100,100,70,100,100,0,82,92,100,50,90,89,63,0,0,100,0,52,97,2,0,0,0,0,0,0,0,0,0,92,0,0,0,0,0,0,0,0,0,0,0,0,0,0
l7,14=100,100,100,96,100,100,100,0,92,100,100,100,100,100,100,0,100,0,98,28,20,0,0,54,29,54,17,0,0,0,0,0,0,0,0,0,0,0,0,0,0,0,0,0,0
l8,14=100,100,100,72,100,100,100,100,0,100,93,100,100,90,100,0,100,10,66,36,0,50,0,55,30,35,36,40,0,0,22,0,0,0,0,0,0,0,0,0,0,0,0,6,0
l9,14=57,94,100,40,100,100,100,100,92,0,100,100,100,100,90,0,100,15,3,99,11,27,1,44,43,48,13,64,0,0,20,0,0,0,0,0,0,0,0,0,0,0,0,0,0
l10,14=60,71,100,83,100,100,100,100,92,100,0,100,100,100,82,0,100,61,100,83,96,0,0,90,97,81,76,38,0,0,84,33,0,0,0,0,0,0,0,0,88,0,49,46,0
l11,14=100,100,100,82,100,100,100,100,92,100,100,0,100,100,100,0,100,10,100,99,100,62,0,47,94,48,67,97,0,0,0,8,0,0,0,0,0,0,0,0,0,0,0,21,7
l12,14=99,100,100,57,100,100,100,100,92,100,100,100,0,100,100,0,100,20,100,99,98,53,41,49,99,100,37,0,0,0,68,19,0,0,0,0,0,0,0,0,0,0,4,59,0
l13,14=100,99,100,77,100,100,100,100,92,100,100,100,100,0,100,0,100,43,100,77,60,26,0,0,98,78,7,53,0,0,95,46,0,0,0,0,0,0,0,0,0,0,0,53,0
l14,14=43,56,76,0,42,81,0,60,62,93,77,92,99,93,0,0,100,61,100,83,100,15,22,89,96,78,74,50,0,0,94,57,0,22,0,0,0,0,0,31,93,85,22,55,80
l15,14=7,70,90,31,93,0,67,60,59,98,100,100,100,100,100,0,0,58,100,77,99,93,0,90,92,73,69,89,0,0,99,59,0,0,0,0,0,0,0,38,0,0,0,30,77
l16,14=24,61,93,39,66,68,0,0,36,93,97,52,83,77,100,0,87,0,69,99,100,0,0,89,66,17,42,62,0,0,100,59,10,13,0,14,0,0,0,54,100,58,8,38,43
l17,14=4,64,76,40,56,91,67,66,92,8,100,100,100,100,100,0,100,99,0,99,100,0,59,91,99,100,43,55,0,0,98,98,0,0,0,0,0,0,14,40,0,75,56,59,80
l18,14=0,65,85,0,0,77,40,47,62,97,99,98,98,98,98,0,98,99,100,0,97,98,97,98,97,98,98,98,0,0,98,59,0,0,0,59,0,0,33,50,99,95,61,95,83
l19,14=0,60,0,0,0,5,37,60,0,91,99,98,98,93,100,0,99,99,100,99,0,96,0,98,99,100,99,97,0,0,98,59,0,0,0,0,0,0,0,89,99,80,49,61,83
l20,14=0,0,0,0,0,0,1,0,83,89,0,89,90,86,85,0,98,0,0,97,92,0,98,98,97,99,92,99,0,0,0,0,90,94,0,87,90,90,97,85,14,85,97,87,90
l21,14=0,0,0,0,0,0,0,26,0,10,0,0,96,0,79,0,0,0,95,96,0,100,0,96,97,97,98,99,0,0,0,0,94,0,0,3,0,0,86,0,0,0,74,75,90
l22,14=0,0,0,0,0,0,0,91,88,56,92,80,90,0,93,0,98,91,98,97,97,98,93,0,99,99,99,100,0,0,0,73,92,91,0,88,97,85,95,91,66,31,97,94,89
l23,14=0,0,0,0,0,0,0,74,77,88,96,95,98,97,98,0,87,98,98,97,97,97,98,100,0,100,100,98,0,0,82,92,97,97,0,97,85,88,96,82,60,98,97,98,97
l24,14=0,0,0,0,0,0,0,57,37,93,98,91,98,97,98,0,98,58,98,97,97,99,92,99,99,0,100,98,0,0,94,48,86,87,0,0,86,0,48,69,91,96,97,98,97
l25,14=0,1,0,0,0,0,0,59,89,81,94,96,96,67,93,0,97,97,95,97,96,87,92,99,99,100,0,95,0,0,0,0,94,88,0,93,95,71,89,88,67,67,97,99,95
l26,14=0,0,0,0,0,0,0,14,88,93,82,94,73,90,92,0,95,95,94,97,94,98,98,98,97,99,98,0,0,0,67,0,97,96,0,95,95,97,96,90,81,94,95,92,96
l27,14=45,58,77,46,80,78,39,0,34,64,76,0,97,94,100,0,96,99,61,50,61,0,0,0,61,38,0,43,0,0,0,98,38,42,0,91,81,38,35,55,100,70,0,46,0
l28,14=42,0,0,0,54,100,0,0,0,0,30,86,99,95,100,0,100,61,61,83,99,0,0,92,66,8,0,0,0,0,100,0,52,12,0,99,87,0,9,91,100,97,0,0,0
l29,14=0,0,0,0,0,0,0,0,0,0,0,0,0,0,0,0,0,76,0,0,0,78,86,89,97,99,98,99,0,0,98,93,0,100,0,100,100,100,100,100,100,100,0,91,0
l30,14=0,0,0,0,0,0,0,0,0,0,0,0,0,0,83,0,0,42,8,0,0,66,0,90,66,63,63,98,0,0,98,31,100,0,0,100,100,100,100,99,100,100,0,52,70
l31,14=0,0,0,0,0,0,0,0,0,0,0,0,0,0,0,0,0,48,0,67,0,82,0,81,92,0,85,90,0,0,81,84,100,100,0,0,100,100,100,87,100,100,18,11,68
l32,14=0,0,0,0,0,0,0,0,0,0,0,0,0,0,0,0,0,0,0,0,0,86,0,91,87,89,91,89,0,0,87,83,100,100,0,100,0,100,100,100,88,100,0,0,0
l33,14=0,0,0,0,0,0,0,0,0,0,0,0,0,0,0,0,0,0,0,0,0,80,0,83,92,0,87,91,0,0,92,0,100,93,0,100,100,0,94,89,95,96,0,0,0
l34,14=0,0,0,0,0,0,0,0,0,0,0,0,0,0,9,0,0,0,49,66,0,71,69,99,67,44,68,100,0,0,100,60,100,100,0,100,100,83,0,100,100,100,0,0,0
l35,14=0,0,0,0,0,9,0,0,0,0,0,0,20,0,80,0,74,80,52,53,61,65,0,98,65,45,59,98,0,0,99,69,100,100,0,99,100,72,100,0,100,100,0,21,0
l36,14=0,0,0,0,53,65,0,0,0,0,99,0,0,0,98,0,0,80,0,67,60,3,0,92,36,44,39,97,0,0,100,67,63,70,0,100,90,72,100,100,0,100,0,32,0
l37,14=0,0,0,0,76,0,0,0,0,0,0,0,0,0,96,0,0,57,52,67,57,57,0,48,67,53,44,90,0,0,100,98,100,100,0,100,100,40,100,100,100,0,0,0,0
l38,14=0,0,0,0,0,0,0,0,0,0,77,0,39,0,75,0,0,20,85,93,64,89,3,92,97,99,98,84,0,0,0,0,0,0,0,0,0,0,0,0,0,0,0,99,97
l39,14=0,0,0,0,0,0,0,0,27,0,79,66,76,58,95,0,52,55,94,95,92,54,4,83,96,99,98,68,0,0,87,0,45,17,0,0,0,0,0,0,13,0,100,0,97
l40,14=0,0,0,0,0,0,0,0,0,0,0,0,0,0,88,0,93,2,90,95,91,86,50,84,95,95,97,96,0,0,0,0,0,13,0,0,0,0,0,0,0,0,97,98,0
l41,14=0,0,0,0,0,0,0,0,0,86,87,75,75,0,89,0,91,98,98,90,97,0,0,93,97,99,98,98,0,0,93,0,47,28,0,0,0,0,0,0,2,81,97,100,94
l42,14=0,0,0,0,0,0,0,0,0,0,0,0,19,0,91,0,89,74,92,94,75,79,88,94,97,97,98,92,0,0,0,0,83,1,0,0,66,0,0,0,0,0,97,98,97
l43,14=0,0,0,0,0,0,0,0,0,0,0,0,0,0,0,0,0,81,68,88,75,94,0,0,93,95,97,90,0,0,0,0,79,68,0,35,66,0,41,25,0,9,97,98,97
l44,14=0,0,0,0,0,0,0,0,0,0,0,0,77,0,88,0,86,29,90,92,86,94,74,91,97,95,98,58,0,0,0,0,72,0,0,0,0,0,0,0,0,5,97,98,97

l0,15=0,100,100,100,83,86,100,100,59,91,100,99,62,97,80,0,92,48,76,94,0,0,0,0,0,0,0,0,0,0,81,81,0,0,0,0,0,0,0,0,0,0,0,0,0
l1,15=100,0,100,100,100,100,100,100,98,89,99,99,100,100,46,0,95,62,98,96,0,0,0,0,0,0,0,0,0,0,81,0,0,0,0,0,0,0,0,0,70,0,0,0,0
l2,15=94,100,0,100,100,100,100,100,98,100,100,99,62,99,90,0,95,63,100,100,0,0,0,0,0,36,0,0,0,0,75,81,0,0,0,0,0,0,0,0,0,0,0,0,0
l3,15=100,100,100,0,100,100,100,100,59,91,100,99,62,62,86,0,0,37,98,0,0,0,0,0,0,0,0,0,0,0,17,85,0,0,0,0,0,0,0,0,0,0,0,0,0
l4,15=100,100,100,100,0,100,100,100,59,91,100,94,54,97,88,0,95,59,100,94,0,0,0,0,0,0,0,0,0,0,83,2,0,0,0,0,0,0,0,0,0,0,0,0,0
l5,15=100,100,100,100,100,0,100,100,79,100,100,99,100,100,90,0,95,62,100,46,45,0,0,0,0,0,0,0,0,0,80,84,0,0,0,0,0,0,0,0,87,0,0,0,0
l6,15=100,100,100,100,100,100,0,100,98,91,100,99,62,97,100,0,95,56,100,100,69,37,0,0,0,0,0,0,0,0,76,21,0,0,0,0,0,0,0,0,0,0,0,0,0
l7,15=100,100,100,100,100,100,100,0,98,100,100,99,100,100,100,0,100,98,100,100,97,96,0,94,0,94,65,92,0,0,0,46,0,0,0,0,0,0,0,0,0,0,0,0,0
l8,15=100,100,100,100,60,90,100,100,0,99,100,99,100,100,100,0,95,0,100,100,85,56,0,96,94,55,97,59,0,0,0,84,0,0,0,0,0,0,0,0,0,0,23,0,0
l9,15=100,94,100,100,100,100,100,100,98,0,100,99,100,100,100,0,100,54,100,100,83,38,0,91,14,96,31,71,0,0,0,18,0,0,0,0,0,0,0,0,0,0,36,17,0
l10,15=98,94,60,97,75,100,100,99,98,100,0,99,100,100,99,0,98,99,100,97,0,0,0,96,91,96,83,68,0,0,0,66,0,0,0,0,0,0,0,0,76,0,64,58,49
l11,15=100,100,100,97,99,100,100,100,98,100,100,0,100,100,99,0,100,97,100,100,97,77,0,0,96,54,56,52,0,0,0,81,0,0,0,0,0,0,0,0,0,1,56,0,0
l12,15=100,100,59,72,56,100,100,100,97,100,100,99,0,100,89,0,100,99,100,100,92,44,66,87,100,98,55,0,0,0,73,44,0,0,0,0,0,0,0,0,0,0,0,53,0
l13,15=100,100,100,93,100,100,100,100,98,100,100,99,100,0,88,0,100,99,98,100,0,45,1,51,91,54,0,69,0,0,72,82,0,0,0,0,0,0,0,0,0,0,0,0,0
l14,15=35,14,57,21,65,98,81,95,97,64,94,92,62,58,0,0,100,100,100,100,99,0,0,87,95,58,57,39,0,0,91,84,0,43,0,0,0,0,0,0,54,48,58,60,55
l15,15=98,96,61,0,73,98,97,100,95,99,94,94,100,62,100,0,0,98,100,100,100,70,55,87,95,54,57,70,0,0,91,86,0,0,0,0,0,0,10,12,6,55,61,59,54
l16,15=69,86,56,0,45,54,96,98,0,86,100,90,56,44,100,0,100,0,100,100,100,38,0,45,65,44,62,40,0,0,100,100,60,45,0,29,0,0,28,40,90,100,49,62,47
l17,15=23,84,47,47,73,100,97,100,98,91,100,99,100,55,100,0,100,100,0,100,100,56,41,60,100,98,35,31,0,0,100,100,0,0,0,0,0,0,1,0,82,48,64,62,0
l18,15=49,95,59,0,35,43,71,99,97,99,100,93,62,62,90,0,99,100,100,0,99,80,79,95,100,58,99,72,0,0,55,87,0,51,0,38,5,0,62,58,90,98,73,62,56
l19,15=0,3,0,0,0,49,74,99,83,88,0,93,62,0,100,0,100,100,100,100,0,68,38,95,100,98,100,28,0,0,45,87,0,0,0,0,0,0,27,29,62,98,60,57,49
l20,15=0,0,0,0,0,0,57,88,59,73,0,87,88,82,26,0,90,52,81,97,84,0,100,94,95,98,95,96,0,0,0,0,73,94,0,0,93,66,96,77,0,0,93,92,87
l21,15=0,0,0,0,0,0,0,53,0,0,0,0,96,61,0,0,92,0,88,100,50,99,0,97,100,93,98,96,0,0,0,0,90,0,0,0,78,0,63,0,0,0,96,95,80
l22,15=0,0,0,0,0,0,0,65,68,75,77,0,79,41,79,0,76,60,72,99,78,97,84,0,100,98,100,96,0,0,0,20,83,43,0,66,85,56,80,35,59,65,82,81,78
l23,15=0,0,0,0,0,0,0,0,73,0,75,79,85,77,82,0,78,73,85,87,83,79,81,97,0,98,100,80,0,0,69,75,83,81,0,83,74,47,71,75,1,78,83,84,84
l24,15=0,0,2,0,0,0,0,75,75,83,87,79,85,81,83,0,78,72,85,88,84,83,83,94,100,0,100,80,0,0,79,76,78,80,0,82,82,0,50,46,85,85,83,84,84
l25,15=0,0,0,0,0,0,0,63,77,65,81,64,82,0,83,0,80,75,71,100,86,81,83,97,100,98,0,80,0,0,0,0,85,58,0,76,85,61,81,78,72,69,98,99,75
l26,15=0,0,0,0,0,0,0,71,74,79,73,60,32,79,77,0,78,64,59,93,14,98,98,95,100,94,98,0,0,0,0,0,99,96,0,70,61,74,79,75,77,69,98,50,95
l27,15=97,97,39,4,47,59,95,0,0,0,0,0,53,42,90,0,100,100,59,68,53,0,0,0,63,56,0,0,0,0,0,100,46,25,0,69,59,86,36,40,91,100,0,61,0
l28,15=95,0,36,51,25,59,44,94,95,0,66,90,52,41,90,0,100,100,100,100,100,0,0,17,64,56,0,0,0,0,100,0,61,64,0,96,92,90,62,55,91,100,68,14,0
l29,15=0,0,0,0,0,0,0,0,0,0,0,0,0,0,0,0,0,66,0,0,0,85,47,97,100,89,100,96,0,0,48,100,0,100,0,100,99,99,99,99,100,100,91,89,0
l30,15=0,0,0,0,0,0,0,0,0,0,0,0,0,0,93,0,21,61,0,66,0,98,0,57,67,90,95,95,0,0,53,60,100,0,0,100,99,99,99,99,100,100,0,84,77
l31,15=0,0,0,0,0,0,0,0,0,0,0,0,0,0,0,0,0,56,0,54,0,0,0,91,95,90,94,64,0,0,95,97,100,100,0,0,99,99,99,99,100,100,67,0,51
l32,15=0,0,0,0,0,0,0,0,0,0,0,0,0,0,0,0,0,0,0,0,0,95,41,92,94,90,95,69,0,0,95,93,100,100,0,100,0,99,99,99,99,100,0,3,62
l33,15=0,0,0,0,0,0,0,0,0,0,0,0,0,0,0,0,0,0,0,0,0,95,0,74,62,0,95,91,0,0,59,90,100,94,0,100,99,0,92,93,95,97,0,0,0
l34,15=0,0,0,0,0,0,0,0,0,0,0,0,0,0,0,0,28,67,7,68,86,98,0,58,65,57,99,54,0,0,59,60,100,100,0,100,99,99,0,99,100,100,62,0,52
l35,15=0,0,0,0,0,0,0,0,0,0,0,0,0,0,0,0,83,68,0,68,99,80,0,58,65,55,100,59,0,0,60,61,100,100,0,100,99,99,99,0,100,100,56,0,20
l36,15=0,57,0,0,8,60,0,0,0,0,99,0,0,0,83,0,3,68,58,68,99,0,0,58,37,67,62,54,0,0,60,61,100,100,0,73,62,99,99,99,0,100,0,0,0
l37,15=0,0,0,0,0,0,0,0,0,0,0,5,0,0,85,0,91,100,56,68,100,0,0,57,63,97,58,51,0,0,100,100,100,100,0,100,99,99,99,99,100,0,0,5,0
l38,15=0,0,0,0,0,0,0,0,1,0,47,38,2,0,60,0,40,28,49,88,54,77,58,79,97,95,96,89,0,0,0,38,57,0,0,29,0,0,32,1,0,0,0,98,95
l39,15=0,0,0,0,0,0,0,6,0,0,49,0,27,0,78,0,71,55,70,84,59,30,43,69,84,77,87,17,0,0,58,0,35,28,0,0,0,0,0,0,0,0,99,0,84
l40,15=0,0,0,0,0,0,0,0,0,0,34,0,0,0,75,0,72,55,0,84,68,74,55,75,96,77,77,76,0,0,0,0,0,44,0,51,5,0,47,0,0,0,98,98,0
l41,15=0,0,0,0,0,0,0,41,12,0,66,47,40,45,82,0,76,81,83,86,84,44,30,81,100,85,97,78,0,0,65,12,34,35,0,0,0,0,0,0,0,0,98,99,83
l42,15=0,0,0,0,0,0,0,0,0,0,0,0,4,0,57,0,48,42,42,82,0,79,59,78,96,85,74,74,0,0,0,0,61,0,0,0,58,0,58,0,0,0,99,84,96
l43,15=0,0,0,0,0,0,0,0,0,0,0,0,0,0,58,0,21,29,44,72,55,69,0,79,58,81,97,58,0,0,0,0,0,48,0,55,56,0,60,42,0,23,95,95,94
l44,15=0,0,0,0,0,0,0,0,0,0,0,0,8,0,49,0,55,21,37,81,51,81,51,76,100,76,97,71,0,0,0,0,57,38,0,0,56,0,0,0,0,0,98,97,96

