l0,0=0,90,86,81,91,90,84,83,79,79,82,86,83,85,2,0,79,0,42,0,0,0,0,0,0,0,0,0,0,0,13,18,0,0,0,0,0,0,0,0,0,0,0,0,0
l1,0=88,0,48,74,91,90,92,87,84,81,66,85,83,86,45,0,61,0,48,19,16,0,0,0,0,0,0,0,0,0,24,8,0,0,0,0,0,0,0,0,8,0,0,0,0
l2,0=87,88,0,69,88,90,91,87,85,82,82,85,83,86,71,0,78,72,0,29,18,11,0,0,0,0,32,0,0,0,0,16,0,0,0,0,0,0,0,0,0,0,0,0,0
l3,0=88,90,86,0,91,58,91,81,82,81,77,85,79,85,0,0,62,74,35,0,0,0,0,0,0,0,0,0,0,0,40,38,0,0,0,0,0,0,0,0,11,0,0,0,0
l4,0=88,89,87,81,0,89,91,79,79,82,63,50,48,87,48,0,64,71,0,0,0,0,0,0,0,0,0,0,0,0,25,12,0,0,0,0,0,0,0,0,0,0,0,0,0
l5,0=88,87,86,53,91,0,92,86,75,80,55,67,83,83,43,0,60,6,49,0,16,0,0,0,0,0,0,0,0,0,25,0,0,0,0,0,0,0,0,0,62,42,0,0,0
l6,0=87,90,87,74,91,90,0,87,83,89,83,52,84,85,68,0,79,75,55,38,15,0,0,0,0,6,0,0,0,0,29,0,0,0,0,0,0,0,0,0,0,0,0,0,0
l7,0=87,89,85,71,91,90,91,0,84,89,82,86,83,86,83,0,79,0,66,73,59,7,52,66,39,39,52,0,0,0,21,0,0,0,0,0,0,0,0,0,0,0,0,0,0
l8,0=87,89,88,70,91,88,91,87,0,90,82,88,83,86,81,0,79,60,61,70,23,42,59,58,8,8,41,27,0,0,0,0,0,0,0,0,0,0,0,0,0,0,0,24,0
l9,0=71,89,88,58,87,90,92,87,85,0,84,89,84,88,86,0,79,40,33,0,24,48,0,64,10,3,17,18,0,0,16,12,0,0,0,0,0,0,0,0,0,0,0,0,0
l10,0=78,52,57,44,77,88,85,81,81,84,0,53,86,81,33,0,87,69,72,76,48,16,57,67,17,54,64,61,0,0,27,13,0,0,0,0,0,0,0,0,0,0,17,0,0
l11,0=88,88,88,68,80,88,82,82,85,91,83,0,86,88,83,0,79,71,53,68,71,32,2,42,15,8,58,67,0,0,0,14,0,0,0,0,0,0,0,0,0,0,18,33,0
l12,0=87,88,87,48,81,88,86,80,80,83,91,89,0,88,81,0,79,70,66,69,77,2,0,52,3,18,69,52,0,0,23,14,0,1,0,0,0,0,0,0,0,0,0,24,4
l13,0=87,89,88,62,84,88,83,89,85,91,68,89,86,0,83,0,84,72,66,39,46,49,8,66,0,29,0,4,0,0,19,11,0,0,0,0,0,0,0,0,0,0,0,2,0
l14,0=0,11,8,0,29,17,47,38,60,76,32,27,27,49,0,0,86,78,77,61,99,6,28,64,12,18,47,55,0,0,43,19,0,1,0,0,0,0,0,1,47,33,57,45,5
l15,0=65,21,13,18,44,37,69,83,70,79,91,89,60,88,92,0,0,53,77,19,93,69,58,71,15,78,63,75,0,0,63,23,2,4,0,0,0,0,0,15,45,0,38,38,5
l16,0=0,0,13,26,15,6,39,0,59,27,48,20,25,42,57,0,55,0,66,32,34,0,0,27,25,4,52,3,0,0,59,30,1,9,0,8,0,3,36,49,84,51,53,46,1
l17,0=9,14,5,4,13,44,57,62,66,51,73,18,28,49,92,0,87,84,0,55,61,49,5,55,22,10,52,53,0,0,36,15,0,0,0,0,0,0,0,0,29,30,22,44,8
l18,0=0,2,21,0,0,1,27,57,64,0,68,21,25,32,90,0,45,82,73,0,99,89,62,76,51,82,80,58,0,0,25,18,10,28,0,15,3,0,20,10,65,33,55,48,26
l19,0=0,9,11,0,0,8,12,57,55,48,82,51,82,63,92,0,87,83,77,83,0,51,43,65,50,82,74,46,0,0,88,67,0,23,0,0,0,0,0,14,90,31,33,81,48
l20,0=0,0,2,0,0,0,0,16,37,63,63,38,2,31,4,0,85,0,69,82,79,0,98,96,86,83,82,94,0,0,0,0,55,74,0,92,77,0,62,59,0,23,75,70,83
l21,0=0,0,0,0,0,0,0,70,82,0,87,4,6,8,57,0,83,0,4,82,82,97,0,96,87,79,84,94,0,0,0,0,0,91,0,0,0,0,81,0,0,0,63,0,85
l22,0=0,0,0,0,0,0,0,47,49,51,66,6,49,56,72,0,80,44,47,78,66,96,65,0,87,63,87,94,0,0,0,0,84,64,0,56,75,69,84,43,57,24,58,63,79
l23,0=0,0,0,0,0,0,0,53,25,26,67,38,15,0,44,0,70,74,69,77,80,81,87,96,0,84,87,78,0,0,0,13,45,45,0,46,0,0,49,51,73,70,58,77,86
l24,0=0,0,13,0,0,0,14,51,40,38,84,10,23,63,79,0,84,46,55,81,87,96,58,55,88,0,86,77,0,0,0,13,5,56,0,45,33,22,32,67,46,14,83,77,85
l25,0=0,0,13,0,0,0,0,51,49,18,74,36,73,0,69,0,84,44,63,82,72,81,87,99,88,84,0,79,0,0,0,0,58,45,0,24,56,32,45,57,50,58,77,79,85
l26,0=0,0,0,0,0,0,0,0,50,14,69,61,67,1,71,0,85,0,63,80,44,97,98,98,87,74,84,0,0,0,16,6,91,93,0,98,68,70,91,78,38,60,79,32,87
l27,0=22,18,0,44,34,13,22,43,0,0,25,0,18,14,52,0,64,84,52,22,31,0,0,0,0,0,0,3,0,0,0,81,27,92,0,79,0,32,49,90,91,60,35,0,21
l28,0=27,1,8,42,33,0,0,0,0,47,22,18,16,30,38,0,60,84,41,25,29,0,0,3,15,12,0,0,0,0,92,0,31,87,0,40,33,34,42,59,91,61,12,0,18
l29,0=0,0,0,0,0,0,0,0,0,0,0,0,0,0,0,0,31,40,0,55,0,61,18,95,70,6,81,94,0,0,83,79,0,95,0,100,96,100,93,96,91,96,0,0,2
l30,0=0,0,0,0,0,0,0,0,0,0,0,0,0,0,0,0,0,10,0,24,12,74,65,82,25,49,40,88,0,0,92,81,98,0,0,100,96,100,93,96,91,96,41,0,0
l31,0=0,0,0,0,0,0,0,0,0,0,0,0,0,0,0,0,0,35,0,22,0,74,0,31,33,25,37,93,0,0,79,60,98,95,0,0,96,100,93,96,91,96,5,0,0
l32,0=0,0,0,0,0,0,0,0,0,0,0,0,0,0,0,0,0,0,0,0,0,68,4,75,0,49,65,69,0,0,0,64,98,95,0,100,0,100,93,96,81,88,0,0,0
l33,0=0,0,0,0,0,0,0,0,0,0,0,0,0,0,0,0,0,37,0,0,0,0,0,35,0,25,52,62,0,0,59,59,98,95,0,100,96,0,89,85,86,0,0,0,0
l34,0=0,0,0,0,0,0,0,0,0,0,0,0,0,0,0,0,0,63,0,64,0,73,69,88,49,48,73,89,0,0,91,79,98,95,0,100,96,99,0,96,91,96,24,0,0
l35,0=0,0,0,0,0,0,0,0,0,0,0,0,0,0,0,0,25,73,0,24,18,64,0,28,23,33,61,75,0,0,92,81,98,95,0,96,71,58,93,0,91,96,3,0,0
l36,0=0,0,0,0,0,11,0,0,0,0,0,0,0,0,36,0,56,81,45,29,30,0,0,29,28,19,56,11,0,0,68,81,57,94,0,88,41,50,93,96,0,96,0,19,0
l37,0=0,0,0,0,0,11,0,0,0,0,0,0,0,0,34,0,28,84,47,70,27,55,0,23,32,11,75,74,0,0,92,81,98,95,0,99,64,1,93,96,91,0,45,21,0
l38,0=0,0,0,0,0,0,0,0,0,0,53,1,0,0,77,0,70,53,56,72,54,68,45,64,67,82,72,64,0,0,26,0,0,46,0,0,0,0,5,0,0,16,0,77,86
l39,0=0,0,0,0,0,0,0,0,0,0,0,12,12,0,78,0,68,49,64,71,77,63,0,68,82,80,83,30,0,0,0,0,0,0,0,0,0,0,0,0,6,2,83,0,86
l40,0=0,0,0,0,0,0,0,0,0,0,0,0,30,0,68,0,61,30,58,67,61,68,60,72,86,74,77,71,0,0,27,15,0,9,0,0,0,0,0,0,0,0,84,77,0
l41,0=0,0,0,0,0,0,0,0,0,35,56,24,10,36,87,0,75,68,69,82,86,28,56,88,85,81,78,69,0,0,53,26,2,14,0,0,0,0,0,11,1,9,83,79,86
l42,0=0,0,0,0,0,0,0,0,0,0,25,0,0,0,51,0,58,42,0,62,47,61,46,77,87,82,83,28,0,0,0,0,27,37,0,41,0,0,6,0,24,0,79,78,78
l43,0=0,0,0,0,0,0,0,0,0,0,55,0,0,0,0,0,0,28,34,70,53,68,57,93,84,79,74,77,0,0,0,0,0,37,0,0,0,0,11,0,0,0,75,76,86
l44,0=0,0,0,0,0,0,0,0,0,0,21,9,0,0,74,0,49,32,43,69,60,69,58,57,83,82,81,61,0,0,0,0,3,0,0,18,0,0,0,0,2,0,75,76,86

l0,1=0,79,89,84,78,89,87,86,87,83,76,86,85,84,0,0,75,54,0,11,0,0,0,0,0,0,0,0,0,0,73,55,0,0,0,0,0,0,0,0,0,0,0,0,0
l1,1=88,0,83,78,79,84,88,86,86,83,74,86,82,86,60,0,73,44,55,49,37,0,0,0,22,0,0,0,0,0,64,0,0,0,0,0,0,0,0,0,2,0,0,0,0
l2,1=87,78,0,81,82,87,88,90,87,84,75,87,85,87,56,0,73,64,61,62,56,0,0,7,0,58,0,0,0,0,52,0,0,0,0,0,0,0,0,0,0,0,0,0,0
l3,1=88,79,86,0,82,89,88,86,86,83,67,83,85,84,57,0,70,58,31,0,0,0,0,0,0,0,0,0,0,0,74,13,0,0,0,0,0,0,0,0,0,0,0,0,0
l4,1=86,79,86,84,0,89,84,83,82,82,52,83,84,84,10,0,68,64,0,0,0,0,0,0,0,0,0,0,0,0,73,35,0,0,0,0,0,0,0,0,0,0,0,0,0
l5,1=87,79,86,79,80,0,88,86,83,13,74,85,85,84,60,0,73,16,32,17,0,0,0,0,0,0,0,0,0,0,26,13,0,0,0,0,0,0,0,6,22,9,0,0,0
l6,1=87,79,89,81,82,88,0,90,87,81,77,85,87,85,59,0,74,44,48,51,21,0,0,0,0,0,0,0,0,0,73,0,0,0,0,0,0,0,0,0,0,0,0,0,0
l7,1=87,79,88,78,78,86,86,0,87,86,77,88,88,87,58,0,77,0,55,50,50,28,55,53,0,70,48,21,0,0,0,13,0,0,0,0,0,0,0,0,0,0,0,40,0
l8,1=85,79,89,79,77,85,86,90,0,86,75,88,80,87,64,0,74,51,62,64,3,39,49,46,48,27,52,0,0,0,40,39,0,0,0,0,0,0,0,0,0,0,0,0,0
l9,1=80,79,85,75,79,46,77,90,87,0,79,89,88,87,64,0,75,52,63,40,46,12,13,3,60,2,24,28,0,0,0,31,0,0,0,0,0,0,0,0,0,0,0,0,0
l10,1=63,78,75,48,17,72,82,82,61,83,0,87,88,84,59,0,80,46,64,67,46,18,51,42,11,77,46,59,0,0,58,43,0,0,0,0,0,0,0,0,23,0,50,24,52
l11,1=83,79,84,59,74,81,78,87,86,86,76,0,88,87,64,0,76,57,63,65,59,9,0,19,53,68,58,0,0,0,0,45,0,0,0,0,0,0,0,0,0,0,27,42,18
l12,1=80,65,84,71,78,86,83,86,80,83,82,89,0,87,64,0,77,65,63,67,64,27,16,38,38,73,42,61,0,0,0,0,0,0,0,0,0,0,0,0,0,0,0,12,0
l13,1=83,79,88,73,78,65,83,87,86,86,79,89,88,0,64,0,77,42,63,56,28,10,17,36,44,45,30,38,0,0,46,28,0,0,0,0,0,0,0,0,0,0,11,0,0
l14,1=6,32,43,43,6,51,38,36,44,66,58,72,76,65,0,0,81,55,70,73,78,28,48,52,40,36,24,34,0,0,63,42,0,0,0,0,0,0,5,0,50,34,57,50,59
l15,1=36,53,57,22,49,62,47,49,43,65,82,88,88,84,70,0,0,44,67,57,68,32,57,54,41,46,34,50,0,0,67,0,0,1,0,0,0,0,0,0,41,24,46,6,0
l16,1=21,37,55,40,52,0,20,0,4,42,61,50,60,30,62,0,65,0,42,63,41,13,0,46,31,9,1,34,0,0,89,58,1,7,0,0,19,0,22,28,77,20,24,0,38
l17,1=0,46,55,0,0,33,23,22,37,63,71,76,78,58,70,0,81,49,0,61,78,23,54,49,42,0,30,50,0,0,59,0,0,0,0,0,0,0,0,2,22,34,24,44,61
l18,1=4,17,26,0,0,21,25,19,35,22,65,57,55,38,68,0,67,77,58,0,78,47,61,48,75,80,81,57,0,0,62,53,2,2,0,1,0,0,24,43,67,33,60,63,32
l19,1=0,50,53,0,0,0,36,32,8,42,63,50,61,36,70,0,76,76,68,75,0,29,39,45,44,35,39,45,0,0,65,64,0,37,0,0,0,0,25,0,69,33,36,61,58
l20,1=0,0,0,0,0,0,0,35,38,12,47,22,59,4,51,0,65,35,43,72,57,0,94,82,78,86,74,86,0,0,0,0,65,64,0,46,68,15,75,0,37,44,65,65,66
l21,1=0,0,0,0,0,0,0,0,38,0,68,0,0,1,14,0,64,0,2,59,39,87,0,83,78,84,78,83,0,0,0,0,0,72,0,0,7,0,67,0,0,0,64,71,75
l22,1=0,0,0,0,0,0,0,33,43,0,51,0,44,16,54,0,60,36,50,62,19,78,78,0,78,58,81,84,0,0,0,0,62,64,0,67,14,33,72,60,44,32,65,65,9
l23,1=0,0,0,0,0,0,0,0,18,33,25,33,34,26,58,0,59,69,48,73,63,75,82,83,0,87,80,81,0,0,0,17,23,15,0,20,0,24,68,27,47,56,16,76,84
l24,1=0,0,34,0,0,0,0,44,16,8,72,48,64,42,64,0,73,65,17,73,57,81,70,52,80,0,80,77,0,0,0,47,11,9,0,29,42,4,34,73,58,49,76,73,79
l25,1=0,0,0,0,0,0,0,27,25,18,67,32,58,16,28,0,71,6,57,73,74,71,88,88,80,87,0,83,0,0,0,0,61,61,0,19,49,24,72,0,33,29,76,76,64
l26,1=0,0,0,0,0,0,0,0,0,22,63,0,58,19,40,0,50,48,48,61,51,85,84,86,75,80,78,0,0,0,0,2,67,71,0,70,66,54,81,67,44,44,68,67,70
l27,1=62,45,26,59,57,55,39,0,8,0,54,0,0,31,61,0,73,75,52,55,24,0,0,0,0,0,0,0,0,0,0,76,41,57,0,62,1,27,32,80,92,54,0,0,0
l28,1=37,22,0,1,28,12,0,1,18,42,56,63,0,27,56,0,0,79,3,56,26,0,0,0,33,38,0,0,0,0,89,0,45,46,0,59,28,24,45,69,92,56,0,9,29
l29,1=0,0,0,0,0,0,0,0,0,0,0,0,0,0,0,0,0,2,0,24,0,62,0,86,54,54,70,82,0,0,82,75,0,92,0,96,91,96,95,92,92,93,23,0,0
l30,1=0,0,0,0,0,0,0,0,0,0,0,0,0,0,0,0,3,44,0,42,27,44,38,79,49,29,57,80,0,0,89,71,90,0,0,96,91,92,95,92,92,95,30,15,18
l31,1=0,0,0,0,0,0,0,0,0,0,0,0,0,0,0,0,0,0,0,22,0,30,0,77,53,50,49,81,0,0,80,66,90,92,0,0,91,96,95,69,92,95,0,0,0
l32,1=0,0,0,0,0,0,0,0,0,0,0,0,0,0,0,0,0,31,0,0,0,60,25,38,6,61,60,55,0,0,8,41,90,92,0,96,0,96,95,92,66,91,0,0,0
l33,1=0,0,0,0,0,0,0,0,0,0,0,0,0,0,0,0,0,0,0,0,0,1,0,49,51,2,49,54,0,0,48,26,90,81,0,96,91,0,93,79,85,69,0,0,0
l34,1=0,0,0,0,0,0,0,0,0,0,0,0,0,0,45,0,0,68,0,60,27,51,40,73,70,55,61,76,0,0,67,73,90,92,0,96,91,92,0,92,92,95,31,1,0
l35,1=0,0,0,0,0,32,0,0,0,0,0,0,0,0,0,0,0,43,7,59,0,0,4,42,26,73,0,60,0,0,89,70,90,91,0,39,84,60,95,0,92,95,0,0,0
l36,1=0,0,0,0,0,3,0,0,0,0,26,0,0,0,56,0,55,56,16,55,24,12,0,31,41,47,34,64,0,0,89,73,74,91,0,61,43,62,85,87,0,90,0,2,0
l37,1=0,0,0,0,0,48,0,0,0,0,0,0,0,0,42,0,44,62,48,62,32,9,4,33,71,73,47,61,0,0,89,74,75,91,0,96,45,57,95,92,92,0,0,0,0
l38,1=0,0,0,0,0,0,0,0,0,0,38,1,1,0,60,0,45,41,39,64,37,44,59,74,44,84,72,72,0,0,0,0,6,15,0,0,0,0,40,0,0,0,0,76,84
l39,1=0,0,0,0,0,0,0,18,0,0,13,34,11,0,43,0,35,2,44,71,69,56,64,71,77,80,75,71,0,0,0,4,0,11,0,0,0,0,0,0,7,0,76,0,84
l40,1=0,0,0,0,0,0,0,0,0,0,42,2,0,0,50,0,0,34,53,39,59,42,64,1,75,75,62,66,0,0,0,0,0,0,0,0,0,0,0,0,0,0,76,76,0
l41,1=0,0,0,0,0,0,0,0,0,18,50,38,30,7,67,0,63,50,35,73,37,49,45,75,77,81,66,70,0,0,12,26,0,0,0,0,4,0,9,0,0,0,77,77,81
l42,1=0,0,0,0,0,0,0,0,0,0,0,0,0,0,33,0,46,43,0,55,41,47,63,78,78,85,78,55,0,0,0,0,0,0,0,19,0,0,0,0,0,0,76,76,84
l43,1=0,0,0,0,0,0,0,0,0,0,33,0,0,0,29,0,42,32,0,41,33,57,45,76,74,79,74,58,0,0,0,0,11,11,0,0,0,0,0,9,0,0,75,71,84
l44,1=0,0,0,0,0,0,0,0,0,0,0,0,27,12,38,0,0,0,42,47,50,51,45,73,74,85,77,80,0,0,1,0,10,0,0,0,0,0,0,0,0,0,77,75,84

l0,2=0,86,87,91,85,77,87,70,77,79,69,80,81,83,0,0,54,53,0,47,0,0,0,0,0,0,0,0,0,0,58,6,0,0,0,0,0,0,0,0,0,0,0,0,0
l1,2=86,0,83,83,85,78,87,68,79,78,70,80,80,83,65,0,57,41,60,42,47,0,0,0,0,0,0,0,0,0,61,59,0,0,0,0,0,0,0,0,0,0,0,0,0
l2,2=82,85,0,79,83,78,87,69,80,83,69,80,83,84,72,0,63,58,61,50,0,0,0,4,0,48,0,0,0,0,50,68,0,0,0,0,0,0,0,0,0,0,0,0,0
l3,2=87,86,87,0,87,80,87,69,80,77,69,74,83,80,14,0,56,0,57,4,1,0,0,0,0,0,0,0,0,0,60,0,0,0,0,0,0,0,0,0,0,0,0,0,0
l4,2=87,86,87,91,0,80,87,63,79,71,69,76,81,82,67,0,58,55,54,0,0,0,0,0,0,0,0,0,0,0,59,43,0,0,0,0,0,0,0,0,0,0,0,0,0
l5,2=80,85,87,89,85,0,87,67,78,78,69,77,83,83,68,0,14,25,62,27,0,0,0,0,0,0,0,0,0,0,61,0,0,0,0,0,0,0,0,0,0,0,0,0,0
l6,2=79,86,87,84,85,78,0,71,79,82,69,80,83,87,68,0,63,60,57,0,29,1,0,0,0,0,0,0,0,0,60,72,0,0,0,0,0,0,0,0,0,0,0,0,0
l7,2=84,84,86,79,76,76,87,0,79,83,69,80,82,87,65,0,65,0,63,47,43,16,24,46,22,51,47,0,0,0,0,0,0,0,0,0,0,0,0,0,0,0,0,0,0
l8,2=77,85,87,77,80,75,83,75,0,83,66,81,83,87,72,0,62,25,63,52,0,11,47,53,0,36,47,41,0,0,41,52,0,0,0,0,0,0,0,0,0,0,0,0,0
l9,2=75,84,84,74,75,75,83,73,77,0,70,82,83,87,72,0,60,59,63,53,53,31,8,1,53,40,49,51,0,0,43,61,0,0,0,0,0,0,0,0,0,0,0,29,0
l10,2=56,83,82,61,60,78,57,51,60,79,0,82,83,83,65,0,70,51,67,55,64,0,49,42,46,53,61,53,0,0,45,62,0,0,0,0,0,0,0,0,49,0,41,0,18
l11,2=75,83,82,63,66,73,78,75,76,84,69,0,83,87,72,0,63,57,63,19,63,46,49,37,35,50,48,0,0,0,48,0,0,0,0,0,0,0,0,0,0,0,38,43,9
l12,2=74,83,82,74,76,77,78,69,72,78,74,82,0,87,72,0,66,59,63,54,65,0,51,37,58,49,51,67,0,0,45,55,0,0,0,0,0,0,0,0,0,19,36,39,0
l13,2=75,83,81,63,77,75,83,66,77,84,70,82,83,0,73,0,65,53,61,53,56,0,0,44,34,45,0,0,0,0,47,0,0,0,0,0,0,0,0,0,0,0,0,0,0
l14,2=0,49,60,0,45,39,48,48,60,62,60,69,65,73,0,0,75,51,77,69,78,37,45,54,54,54,59,34,0,0,61,70,0,0,0,0,0,0,27,34,50,26,51,71,26
l15,2=51,59,60,55,54,24,54,59,60,55,72,82,83,86,85,0,0,52,60,56,70,44,59,50,54,53,54,57,0,0,57,65,0,31,0,0,0,0,0,38,50,37,46,0,24
l16,2=52,23,33,0,33,0,46,0,37,51,34,38,64,47,64,0,66,0,64,70,77,4,0,8,65,46,28,11,0,0,88,85,17,37,0,0,0,0,18,36,50,49,36,61,0
l17,2=0,49,55,33,49,33,41,54,59,62,73,73,73,62,85,0,63,54,0,55,78,42,50,48,56,28,41,61,0,0,52,52,0,26,0,0,0,0,0,0,0,0,50,49,31
l18,2=21,33,45,0,0,4,0,43,47,45,62,10,59,45,76,0,67,67,61,0,78,73,47,65,84,51,79,56,0,0,75,75,0,0,0,0,0,0,35,43,62,42,41,52,0
l19,2=0,45,0,0,0,0,8,42,0,46,60,55,57,52,85,0,71,72,77,70,0,38,2,43,59,52,57,42,0,0,48,73,0,24,0,0,0,0,26,0,50,43,46,48,26
l20,2=0,0,0,0,0,0,0,31,31,35,0,59,0,0,59,0,58,19,56,67,63,0,93,83,77,60,73,88,0,0,0,0,69,0,0,68,41,51,28,25,35,0,62,66,70
l21,2=0,0,0,0,0,0,0,4,46,0,36,44,27,0,45,0,66,0,51,52,0,87,0,77,80,57,69,87,0,0,0,0,0,0,0,0,0,0,0,0,0,0,41,74,66
l22,2=0,0,0,0,0,0,0,29,47,0,19,9,11,17,62,0,57,0,54,56,44,82,70,0,83,58,79,88,0,0,0,0,54,64,0,63,65,7,57,59,51,0,73,64,60
l23,2=0,0,0,0,0,0,0,12,0,39,22,13,55,3,49,0,59,60,65,67,64,71,72,83,0,60,79,78,0,0,0,9,41,26,0,45,27,0,48,12,32,52,77,78,81
l24,2=0,0,31,0,0,0,0,48,34,31,65,61,69,18,75,0,67,57,32,63,70,81,75,78,84,0,79,77,0,0,34,50,31,25,0,0,41,0,5,35,56,54,77,74,80
l25,2=0,0,0,0,0,0,0,26,33,29,64,18,15,0,68,0,65,27,32,67,65,77,73,86,84,60,0,80,0,0,0,32,41,53,0,33,74,38,45,31,49,1,77,79,80
l26,2=0,0,0,0,0,0,0,0,44,37,38,5,63,0,44,0,56,26,56,60,66,85,81,85,80,58,75,0,0,0,0,0,77,74,0,78,70,49,69,59,45,3,79,75,35
l27,2=54,73,34,53,63,35,51,0,49,23,56,56,56,53,74,0,71,83,65,65,64,0,0,0,0,39,0,0,0,0,0,85,69,85,0,67,46,73,48,79,92,78,0,0,0
l28,2=13,19,53,0,52,1,52,0,50,52,56,25,51,0,70,0,60,84,51,66,68,0,0,0,35,43,37,0,0,0,88,0,72,88,0,64,61,42,72,70,91,86,0,34,23
l29,2=0,0,0,0,0,0,0,0,0,0,0,0,0,0,0,0,0,18,0,0,0,76,0,64,54,38,60,84,0,0,80,81,0,93,0,96,96,97,94,86,93,93,41,1,0
l30,2=0,0,0,0,0,0,0,0,0,0,0,0,0,0,0,0,50,46,26,0,45,8,0,74,51,38,62,80,0,0,87,85,90,0,0,96,96,97,94,86,93,90,38,0,0
l31,2=0,0,0,0,0,0,0,0,0,0,0,0,0,0,0,0,0,6,0,0,0,57,0,64,60,0,57,86,0,0,66,76,90,93,0,0,96,97,94,85,93,93,12,0,0
l32,2=0,0,0,0,0,0,0,0,0,0,0,0,0,0,0,0,0,0,0,0,0,11,19,79,8,53,76,75,0,0,60,73,90,93,0,96,0,97,94,86,1,89,0,0,0
l33,2=0,0,0,0,0,0,0,0,0,0,0,0,0,0,0,0,0,0,0,0,0,61,0,0,0,0,61,71,0,0,74,36,90,93,0,96,96,0,94,85,91,82,0,0,0
l34,2=0,0,0,0,0,0,0,0,0,0,0,0,0,0,46,0,0,41,0,50,54,49,0,77,59,7,54,80,0,0,75,85,90,93,0,96,96,94,0,86,93,93,41,4,0
l35,2=0,0,0,0,0,3,0,0,0,0,0,0,0,0,53,0,50,43,0,55,0,22,0,63,52,39,46,68,0,0,85,80,90,93,0,85,96,96,94,0,93,93,0,0,0
l36,2=0,0,0,0,0,0,0,0,0,0,43,0,0,0,70,0,51,68,0,61,71,40,0,63,51,46,65,61,0,0,88,85,83,91,0,88,2,86,88,86,0,89,0,0,0
l37,2=0,0,0,0,0,0,0,0,0,0,0,0,40,0,41,0,49,57,0,58,54,0,12,7,70,50,35,0,0,0,88,85,88,93,0,90,92,88,94,86,93,0,33,7,0
l38,2=0,0,0,0,0,0,0,0,0,0,5,11,3,0,44,0,52,25,45,32,38,51,10,69,73,55,68,71,0,0,0,0,28,5,0,0,0,0,19,0,0,0,0,78,85
l39,2=0,0,0,0,0,0,0,0,0,8,0,28,4,0,64,0,10,41,49,60,61,67,53,70,83,55,76,71,0,0,0,13,0,0,0,0,0,0,0,0,0,0,79,0,85
l40,2=0,0,0,0,0,0,0,0,0,0,0,2,0,0,44,0,31,0,55,0,41,65,52,58,78,53,69,44,0,0,0,5,0,0,0,0,0,0,0,0,0,0,78,77,0
l41,2=0,0,0,0,0,0,0,0,0,1,24,14,0,4,70,0,65,54,60,67,45,57,27,68,83,55,69,64,0,0,3,45,0,0,0,0,0,0,9,0,15,0,81,79,82
l42,2=0,0,0,0,0,0,0,0,0,0,0,0,0,0,42,0,1,34,46,59,33,61,59,73,78,57,73,37,0,0,0,0,32,0,0,0,8,18,0,0,0,0,76,74,81
l43,2=0,0,0,0,0,0,0,0,0,0,0,0,0,0,43,0,1,0,42,41,15,61,2,76,73,56,69,74,0,0,0,0,0,0,0,0,0,0,0,0,0,0,73,73,81
l44,2=0,0,0,0,0,0,0,0,0,0,0,0,0,0,40,0,0,29,15,35,39,58,55,59,78,53,65,70,0,0,0,0,0,26,0,0,0,4,34,0,0,0,77,75,84

l0,3=0,73,87,95,82,90,80,79,85,80,63,79,34,90,66,0,69,39,0,0,0,0,0,0,0,0,0,0,0,0,26,0,0,0,0,0,0,0,0,0,0,0,0,0,0
l1,3=88,0,89,95,87,90,80,76,83,78,82,77,72,83,70,0,60,61,59,49,59,0,0,0,37,0,0,0,0,0,66,43,0,0,0,0,0,0,0,0,0,0,0,0,0
l2,3=78,59,0,82,73,71,79,69,85,84,82,79,76,87,74,0,69,59,56,58,0,0,0,0,0,0,56,0,0,0,59,63,0,0,0,0,0,0,0,0,0,0,0,0,0
l3,3=86,73,88,0,89,90,71,64,83,72,81,78,75,83,0,0,74,0,0,21,36,0,0,0,0,0,0,0,0,0,55,0,0,0,0,0,0,0,0,0,0,0,0,0,0
l4,3=87,73,89,97,0,90,77,76,83,75,77,77,71,84,73,0,0,4,52,0,0,0,0,0,0,0,0,0,0,0,68,52,0,0,0,0,0,0,0,0,1,0,0,0,0
l5,3=88,73,89,97,89,0,80,79,83,79,86,78,78,91,69,0,50,21,53,26,0,0,0,0,0,0,0,0,0,0,69,63,0,0,0,0,0,0,0,0,0,0,0,0,0
l6,3=81,73,89,73,73,90,0,75,79,85,82,79,74,90,74,0,74,63,59,23,29,0,0,0,0,0,0,0,0,0,34,54,0,0,0,0,0,0,0,0,0,0,0,0,0
l7,3=79,54,87,71,72,68,71,0,85,85,82,79,76,89,82,0,78,8,66,63,59,0,0,70,55,71,68,0,0,0,0,0,0,0,0,0,0,0,0,0,0,0,0,0,0
l8,3=78,54,88,75,73,67,64,72,0,84,82,79,76,89,78,0,68,58,62,65,67,0,63,60,8,67,59,51,0,0,47,0,0,0,0,0,0,0,0,0,0,0,0,40,0
l9,3=75,54,86,60,66,62,73,70,84,0,82,80,76,89,76,0,70,63,65,62,68,13,0,59,66,69,57,38,0,0,67,59,0,0,0,0,0,0,0,0,0,0,0,0,0
l10,3=47,49,74,63,62,61,63,48,82,81,0,77,79,86,84,0,86,54,76,68,78,71,45,66,38,77,70,56,0,0,56,64,0,0,0,0,0,0,0,0,0,0,14,54,0
l11,3=75,54,81,68,67,60,71,69,85,86,82,0,79,90,76,0,80,64,63,63,74,73,54,66,69,69,67,39,0,0,65,57,0,0,0,0,0,0,0,0,0,0,0,50,0
l12,3=0,47,82,64,61,66,63,61,82,85,87,80,0,90,82,0,86,63,63,62,72,22,50,46,68,67,66,55,0,0,66,59,0,0,0,0,0,0,0,0,7,12,0,36,0
l13,3=77,53,79,69,68,67,73,68,85,86,83,80,79,0,77,0,80,63,49,23,68,48,18,70,66,67,0,0,0,0,68,34,0,0,0,0,0,0,0,0,0,0,0,40,0
l14,3=42,30,54,0,50,45,59,56,84,74,87,79,76,84,0,0,88,82,86,82,96,69,51,59,62,78,74,45,0,0,64,78,0,0,0,0,0,0,0,49,24,0,32,63,55
l15,3=62,40,62,55,2,38,71,63,81,69,87,80,77,89,94,0,0,76,79,82,93,82,57,70,72,73,72,46,0,0,53,67,0,0,0,0,0,0,14,0,28,0,30,54,2
l16,3=41,35,48,0,0,35,57,13,38,43,40,65,58,54,97,0,88,0,72,87,96,51,0,0,49,77,71,41,0,0,95,93,0,51,0,0,0,0,52,63,88,6,24,50,27
l17,3=0,43,41,0,37,45,53,48,80,80,87,79,77,30,97,0,86,73,0,83,93,60,52,74,78,60,55,0,0,0,69,67,0,1,0,0,0,0,0,0,29,35,26,57,43
l18,3=0,24,40,0,0,18,16,36,72,68,74,55,50,3,96,0,82,88,84,0,96,83,72,73,87,92,87,78,0,0,87,80,0,17,0,12,0,0,40,11,46,38,25,60,0
l19,3=0,26,0,0,0,23,8,26,44,37,83,62,69,30,97,0,88,91,86,87,0,61,41,49,81,88,54,65,0,0,82,78,29,0,0,0,0,0,1,12,37,0,39,63,44
l20,3=0,0,0,0,0,0,0,0,0,6,60,31,13,29,74,0,82,24,57,84,68,0,96,89,50,90,82,92,0,0,0,0,87,77,0,64,69,47,53,30,8,0,61,70,67
l21,3=0,0,0,0,0,0,0,0,68,0,36,54,54,0,88,0,82,0,71,85,85,97,0,84,79,84,79,93,0,0,0,0,27,0,0,60,0,0,0,0,0,0,40,71,0
l22,3=0,0,0,0,0,0,0,37,22,32,37,29,22,48,65,0,63,0,62,71,45,91,67,0,79,86,88,92,0,0,0,0,61,76,0,27,69,39,61,36,25,39,49,61,57
l23,3=0,20,0,0,0,0,0,6,0,33,11,26,45,32,62,0,62,43,67,86,71,59,61,83,0,93,88,89,0,0,20,0,53,19,0,30,46,30,65,46,30,54,58,74,81
l24,3=0,0,0,0,0,0,0,33,24,35,73,37,47,26,70,0,71,53,46,86,77,95,47,89,86,0,87,82,0,0,0,25,38,26,0,27,35,0,41,49,34,40,42,74,80
l25,3=0,0,9,0,0,0,0,35,27,29,46,19,45,0,72,0,67,51,36,84,55,88,50,90,86,93,0,89,0,0,0,43,54,50,0,56,60,28,49,6,47,2,62,74,81
l26,3=0,0,0,0,0,0,0,13,30,27,48,28,57,0,46,0,52,38,0,77,76,97,92,90,80,86,82,0,0,0,0,0,76,78,0,81,81,28,59,71,35,30,51,69,70
l27,3=41,56,33,23,29,75,5,0,58,58,60,61,49,70,70,0,69,91,57,82,83,0,0,0,53,2,0,0,0,0,0,93,73,87,0,6,62,65,85,89,93,94,24,50,14
l28,3=0,37,45,0,22,54,0,0,0,50,57,60,51,1,88,0,69,91,54,73,80,0,0,0,0,57,63,0,0,0,95,0,70,92,0,50,76,64,89,94,93,97,4,27,0
l29,3=0,0,0,0,0,0,0,0,0,0,0,0,0,0,0,0,0,0,0,0,49,97,2,90,82,90,88,89,0,0,89,82,0,100,0,100,100,100,99,96,93,100,4,0,0
l30,3=0,0,0,0,0,0,0,0,0,0,0,0,0,0,0,0,0,71,0,54,0,86,0,90,16,13,70,85,0,0,93,93,99,0,0,100,100,100,99,96,93,100,47,0,42
l31,3=0,0,0,0,0,0,0,0,0,0,0,0,0,0,0,0,0,0,0,58,10,85,76,52,76,66,80,93,0,0,9,74,99,100,0,0,100,100,99,96,93,100,0,45,0
l32,3=0,0,0,0,0,0,0,0,0,0,0,0,0,0,0,0,0,0,0,0,0,80,0,85,71,81,87,90,0,0,77,83,99,100,0,100,0,100,99,96,91,100,2,0,0
l33,3=0,0,0,0,0,0,0,0,0,0,0,0,0,0,0,0,0,0,0,0,0,75,0,64,57,0,24,0,0,0,78,80,99,100,0,99,100,0,99,96,93,90,0,0,0
l34,3=0,0,0,0,0,0,0,0,0,0,0,0,0,0,0,0,2,77,0,77,0,74,0,80,77,79,73,76,0,0,93,91,99,100,0,100,100,100,0,96,93,100,0,0,0
l35,3=0,0,0,0,0,0,0,0,0,0,0,0,0,0,71,0,0,80,0,36,40,65,0,60,76,82,60,81,0,0,92,91,99,100,0,95,99,99,99,0,93,100,0,26,0
l36,3=0,0,0,0,11,0,0,0,0,0,0,0,37,0,71,0,68,89,65,79,86,0,0,56,70,82,77,28,0,0,95,93,88,100,0,94,91,91,99,96,0,100,12,0,0
l37,3=0,0,0,0,0,0,0,0,0,0,0,0,49,0,0,0,0,58,61,83,1,0,0,70,81,87,32,18,0,0,95,92,99,100,0,100,100,86,99,96,93,0,0,9,0
l38,3=0,0,0,0,0,0,0,0,0,0,0,0,0,0,58,0,46,25,27,35,62,61,28,54,67,60,74,37,0,0,20,0,0,20,0,0,0,0,0,0,0,0,0,77,85
l39,3=0,0,0,0,0,0,0,0,21,0,13,16,10,5,62,0,51,35,51,51,56,66,38,55,72,72,74,45,0,0,23,0,0,0,0,0,0,0,0,8,0,0,65,0,84
l40,3=0,0,0,0,0,0,0,0,0,0,0,0,0,0,53,0,0,14,29,0,46,56,0,46,71,78,76,36,0,0,0,0,0,5,0,0,0,0,0,0,0,0,65,77,0
l41,3=0,0,0,0,0,0,0,0,0,1,0,1,18,25,80,0,57,68,64,75,56,60,2,76,85,88,82,40,0,0,0,39,1,0,0,0,0,0,0,0,10,0,65,74,80
l42,3=0,0,0,0,0,0,0,0,0,0,0,0,0,0,43,0,19,0,28,39,48,63,34,61,72,78,78,42,0,0,0,0,14,19,0,27,18,26,21,0,0,0,65,75,74
l43,3=0,0,0,0,0,0,0,0,0,0,4,0,0,0,33,0,3,3,24,40,41,72,21,63,68,61,74,63,0,0,0,0,8,20,0,0,0,0,23,0,0,0,61,70,80
l44,3=0,0,0,0,0,0,0,0,0,0,0,0,0,0,34,0,0,38,0,47,44,63,39,55,74,67,77,55,0,0,0,0,0,25,0,0,0,3,23,0,0,0,62,73,79

l0,4=0,96,71,95,96,95,95,93,93,85,78,73,76,89,51,0,70,4,30,1,0,0,0,0,0,0,0,0,0,0,72,54,0,0,0,0,0,0,0,0,0,0,0,0,0
l1,4=94,0,80,97,91,91,93,78,75,81,88,73,76,90,19,0,54,0,38,31,0,0,0,0,0,0,0,0,0,0,22,0,0,0,0,0,0,0,0,0,9,0,0,0,0
l2,4=88,91,0,91,96,83,91,78,76,87,88,78,81,90,38,0,65,73,35,37,1,0,0,0,0,0,2,0,0,0,32,12,0,0,0,0,0,0,0,0,0,0,0,0,0
l3,4=97,96,79,0,97,95,81,85,93,82,87,49,75,89,38,0,67,45,17,31,6,0,0,0,0,0,0,0,0,0,69,61,0,0,0,0,0,0,0,0,0,0,0,0,0
l4,4=97,90,82,99,0,95,96,81,78,82,90,74,74,90,37,0,69,54,45,0,0,0,0,0,0,0,0,0,0,0,82,80,0,0,0,0,0,0,0,0,0,0,0,0,0
l5,4=95,95,74,99,97,0,91,78,74,85,90,75,80,90,30,0,66,66,42,1,43,0,0,0,0,0,0,0,0,0,86,7,0,0,0,0,0,0,0,0,35,0,0,0,0
l6,4=89,94,72,83,90,90,0,75,72,88,90,76,77,90,52,0,71,76,46,5,41,0,0,0,0,34,0,0,0,0,74,25,0,0,0,0,0,0,0,0,0,0,0,0,0
l7,4=88,84,68,89,81,82,83,0,93,88,89,84,77,92,50,0,72,0,46,61,70,0,0,39,1,60,55,40,0,0,11,0,0,0,0,0,0,0,0,0,0,0,0,0,0
l8,4=87,89,75,89,79,81,80,81,0,85,69,83,77,91,54,0,71,53,46,58,50,54,0,38,52,45,42,41,0,0,41,11,0,0,0,0,0,0,0,0,0,0,0,47,0
l9,4=88,80,69,77,65,82,91,92,91,0,91,84,76,92,49,0,71,69,46,37,68,0,0,39,49,51,11,0,0,0,57,47,0,0,0,0,0,0,0,0,0,0,0,0,0
l10,4=66,60,41,65,70,82,72,67,56,82,0,62,85,90,58,0,75,67,53,51,73,49,30,43,54,60,48,0,0,0,54,61,0,0,0,0,0,0,0,0,0,0,36,50,24
l11,4=76,81,67,66,73,82,84,93,91,88,84,0,85,92,43,0,74,71,46,56,67,0,0,48,23,56,45,48,0,0,0,56,0,0,0,0,0,0,0,0,0,0,0,0,0
l12,4=77,67,68,62,53,86,83,80,77,80,94,86,0,92,57,0,75,76,37,46,77,4,0,43,61,51,52,56,0,0,51,12,0,0,0,0,0,0,0,0,0,0,3,48,0
l13,4=86,79,59,82,77,82,80,92,89,88,94,84,82,0,59,0,67,75,45,43,74,2,0,44,56,57,0,48,0,0,11,0,0,0,0,0,0,0,0,0,0,0,0,50,0
l14,4=55,0,24,28,42,48,68,70,75,72,89,53,77,77,0,0,75,88,63,68,84,57,6,48,43,72,55,56,0,0,60,52,0,0,0,0,0,0,0,52,0,46,56,69,48
l15,4=67,31,19,62,61,60,71,68,61,70,94,84,81,64,65,0,0,80,54,63,79,63,46,44,55,60,51,55,0,0,59,58,0,39,0,0,0,0,0,0,55,2,47,53,41
l16,4=7,0,27,19,42,55,66,0,16,66,60,59,78,72,73,0,73,0,62,86,91,15,0,17,60,59,66,13,0,0,95,93,2,50,0,0,0,0,61,68,67,57,43,67,30
l17,4=46,40,27,1,59,60,67,57,82,75,89,72,59,74,73,0,74,85,0,74,65,27,25,42,63,61,46,48,0,0,75,64,0,0,0,0,0,0,0,0,54,49,24,66,23
l18,4=0,24,18,1,0,9,1,71,80,44,67,59,56,47,65,0,69,81,53,0,92,62,54,71,80,79,76,72,0,0,70,67,18,38,0,50,0,0,39,46,62,50,57,70,28
l19,4=0,0,0,0,0,44,43,60,36,69,79,53,78,73,73,0,74,88,42,86,0,63,43,54,78,72,51,68,0,0,67,62,52,0,0,0,0,0,46,6,51,51,58,82,45
l20,4=0,0,0,0,0,0,0,0,0,5,51,0,22,37,41,0,63,33,0,65,62,0,91,74,70,81,83,85,0,0,0,0,73,62,0,46,0,49,58,43,0,39,66,75,31
l21,4=0,0,0,0,0,0,0,0,0,0,47,36,38,0,0,0,60,0,32,74,63,93,0,79,70,81,84,85,0,0,0,0,0,0,0,55,0,0,0,0,0,0,58,61,46
l22,4=0,0,0,0,0,0,0,38,43,39,50,41,38,39,41,0,51,14,31,62,62,77,65,0,80,84,86,85,0,0,0,0,59,67,0,58,70,35,51,50,37,43,32,72,0
l23,4=0,0,0,0,0,0,0,11,30,40,53,30,53,38,39,0,61,67,43,81,80,76,49,85,0,86,87,77,0,0,20,2,48,25,0,55,55,26,47,68,29,51,83,83,84
l24,4=0,0,8,0,0,0,39,64,0,58,80,47,57,58,69,0,64,70,45,77,77,84,67,79,76,0,83,79,0,0,12,7,50,50,0,49,57,33,74,70,51,47,85,83,80
l25,4=0,0,1,0,0,0,0,44,36,0,58,37,56,35,56,0,56,70,30,66,64,78,59,85,82,86,0,70,0,0,0,0,53,59,0,57,60,32,54,51,50,31,66,81,53
l26,4=0,0,0,0,0,0,0,39,29,38,0,37,55,39,51,0,53,28,34,73,70,93,82,86,73,80,83,0,0,0,16,25,49,57,0,65,66,27,55,65,39,0,65,68,69
l27,4=58,0,0,47,35,85,67,21,48,59,63,27,50,45,63,0,71,88,56,81,79,0,0,0,24,16,11,3,0,0,0,93,71,69,0,34,43,0,72,96,100,99,1,26,0
l28,4=53,18,0,30,65,1,54,0,0,41,63,51,55,0,41,0,65,88,55,83,78,0,0,2,20,2,0,39,0,0,96,0,23,93,0,76,86,83,89,95,100,99,5,44,0
l29,4=0,0,0,0,0,0,0,0,0,0,0,0,0,0,0,0,0,0,0,49,45,88,0,78,66,74,77,54,0,0,84,56,0,98,0,100,100,100,100,100,98,99,62,0,0
l30,4=0,0,0,0,0,0,0,0,0,0,0,0,0,0,0,0,47,73,0,36,0,79,0,76,62,74,76,70,0,0,75,93,93,0,0,100,100,95,100,100,100,99,59,72,7
l31,4=0,0,0,0,0,0,0,0,0,0,0,0,0,0,0,0,0,0,0,74,6,75,70,83,81,83,86,85,0,0,75,83,93,98,0,0,100,100,100,100,100,99,0,74,0
l32,4=0,0,0,0,0,0,0,0,0,0,0,0,0,0,0,0,0,0,0,0,0,3,0,85,80,82,86,85,0,0,34,93,93,98,0,100,0,100,100,100,100,99,34,0,0
l33,4=0,0,0,0,0,0,0,0,0,0,0,0,0,0,0,0,0,0,0,0,0,88,0,85,66,65,79,0,0,0,7,93,93,98,0,100,100,0,100,100,100,88,0,0,0
l34,4=0,0,0,0,0,0,0,0,0,0,0,0,0,0,0,0,20,82,0,18,70,76,0,72,63,78,77,53,0,0,95,92,93,98,0,100,100,100,0,100,100,99,0,0,0
l35,4=0,0,0,0,0,0,0,0,0,0,4,0,0,0,62,0,0,81,0,73,11,68,0,75,70,79,77,76,0,0,92,92,93,98,0,100,93,93,100,0,100,99,0,0,0
l36,4=0,9,0,0,0,57,0,0,0,0,0,0,0,0,0,0,63,78,53,77,69,0,0,65,33,65,69,58,0,0,96,93,84,98,0,99,99,93,100,100,0,99,0,0,0
l37,4=0,0,0,0,0,0,0,0,0,0,9,0,0,0,49,0,0,78,49,72,71,66,0,73,70,77,71,0,0,0,96,93,93,98,0,100,100,81,100,100,100,0,0,0,38
l38,4=0,0,0,0,0,0,0,0,0,0,9,0,0,0,58,0,46,40,0,36,56,55,24,27,61,69,48,56,0,0,0,1,5,15,0,0,0,0,0,0,0,0,0,83,87
l39,4=0,0,0,0,0,0,0,0,26,0,46,1,28,28,47,0,49,54,46,59,73,59,22,63,68,70,79,48,0,0,9,21,0,29,0,34,0,0,0,0,0,0,85,0,87
l40,4=0,0,0,0,0,0,0,0,0,0,6,0,0,0,50,0,36,42,6,35,53,20,31,0,57,55,46,53,0,0,0,0,0,0,0,0,0,0,0,0,0,0,85,83,0
l41,4=0,0,0,0,0,0,0,0,4,3,2,27,46,50,56,0,3,75,45,71,70,66,31,78,72,78,77,8,0,0,0,39,32,0,0,0,0,0,18,0,8,0,81,82,85
l42,4=0,0,0,0,0,0,0,0,0,0,21,0,0,0,41,0,39,37,23,49,52,67,32,54,73,74,47,65,0,0,0,0,38,7,0,43,39,13,32,0,0,0,85,83,72
l43,4=0,0,0,0,0,0,0,0,0,0,20,0,0,0,21,0,30,0,0,38,57,60,15,61,48,65,77,60,0,0,0,0,37,0,0,33,0,0,34,0,0,0,81,81,87
l44,4=0,0,0,0,0,0,0,0,0,0,0,0,0,0,51,0,41,31,21,57,62,65,28,58,73,79,79,38,0,0,0,0,22,38,0,0,0,0,12,0,0,0,81,79,80

l0,5=0,88,48,82,88,81,78,89,83,76,25,88,82,78,57,0,49,43,48,33,0,0,0,0,0,0,0,0,0,0,41,0,0,0,0,0,0,0,0,0,0,0,0,0,0
l1,5=81,0,52,86,64,82,83,85,85,72,71,88,83,87,52,0,41,50,48,3,0,0,0,0,0,0,0,0,0,0,28,0,0,0,0,0,0,0,0,0,0,0,0,0,0
l2,5=86,91,0,82,87,80,75,88,85,57,11,90,83,90,45,0,74,38,40,44,0,0,0,0,0,0,10,0,0,0,33,28,0,0,0,0,0,0,0,0,0,0,0,0,0
l3,5=88,95,52,0,93,82,73,90,70,62,69,87,77,83,13,0,67,50,52,0,0,0,0,0,0,0,0,0,0,0,68,38,0,0,0,0,0,0,0,0,0,0,0,0,0
l4,5=88,92,51,87,0,82,83,81,82,55,47,82,84,83,0,0,78,57,54,67,0,0,0,0,0,0,0,0,0,0,71,74,0,0,0,0,0,0,0,0,0,0,0,0,0
l5,5=86,94,41,87,93,0,73,85,75,68,78,85,84,73,68,0,17,66,57,56,10,0,0,0,0,0,0,0,0,0,74,66,0,0,0,0,0,0,0,0,51,0,0,0,0
l6,5=85,92,48,51,88,63,0,89,81,78,75,83,83,88,66,0,78,48,64,66,0,0,0,0,14,63,0,0,0,0,59,44,0,0,0,0,0,0,0,0,0,0,0,0,0
l7,5=78,75,43,54,73,71,76,0,85,79,50,93,81,90,69,0,75,6,69,80,11,0,0,0,15,67,34,9,0,0,0,0,0,0,0,0,0,0,0,0,0,0,0,0,0
l8,5=87,94,52,43,91,59,75,93,0,81,72,93,85,90,69,0,73,48,58,75,52,5,15,43,58,64,37,51,0,0,52,0,0,0,0,0,0,0,0,0,0,0,0,35,0
l9,5=73,68,17,30,55,56,75,89,85,0,76,93,82,91,70,0,71,61,71,36,41,9,0,3,64,65,33,35,0,0,23,0,0,0,0,0,0,0,0,0,0,0,0,36,0
l10,5=24,61,3,9,13,41,65,38,41,47,0,58,85,86,83,0,85,62,65,73,68,17,5,26,69,70,36,45,0,0,36,28,0,0,0,0,0,0,0,0,0,0,19,63,0
l11,5=55,72,17,13,36,46,62,90,84,78,69,0,86,91,46,0,70,43,62,69,54,0,0,28,64,63,33,55,0,0,35,31,0,0,0,0,0,0,0,0,0,0,0,0,0
l12,5=74,75,19,13,67,55,75,88,84,76,83,93,0,91,73,0,84,72,67,59,78,0,0,13,70,69,39,50,0,0,21,0,0,0,0,0,0,0,0,0,0,0,13,41,0
l13,5=57,76,19,50,64,52,73,81,84,78,77,93,86,0,73,0,68,69,65,78,72,11,0,27,69,69,29,58,0,0,60,22,0,0,0,0,0,0,0,0,0,0,0,56,0
l14,5=13,16,1,1,2,22,12,34,40,36,64,14,61,86,0,0,83,90,82,85,82,11,5,21,65,60,33,45,0,0,41,25,0,0,0,0,0,0,7,21,4,17,21,68,59
l15,5=2,28,8,7,10,5,50,48,40,33,82,55,79,62,81,0,0,79,78,79,74,20,5,33,73,64,38,48,0,0,29,43,0,0,0,0,0,0,0,0,34,15,14,65,26
l16,5=7,42,6,1,6,28,17,0,27,21,32,9,38,65,82,0,80,0,56,85,73,0,0,15,67,38,36,20,0,0,55,90,0,13,0,0,0,0,31,51,62,29,6,54,0
l17,5=0,32,6,6,8,21,34,55,31,35,28,38,38,57,84,0,80,58,0,74,77,18,5,31,60,68,32,0,0,0,71,19,0,0,0,0,0,0,1,0,24,0,21,70,35
l18,5=4,15,2,0,8,14,13,52,34,5,24,15,22,58,76,0,66,74,59,0,80,37,9,50,73,74,44,59,0,0,55,60,19,9,0,31,9,0,31,31,40,0,21,77,47
l19,5=0,0,0,0,0,21,0,28,27,22,31,20,45,58,82,0,80,85,74,87,0,18,3,44,74,80,39,62,0,0,39,52,0,6,0,0,0,0,14,24,34,19,22,71,52
l20,5=0,0,0,0,0,0,0,0,0,0,2,0,0,3,32,0,53,0,26,44,21,0,58,79,74,80,43,75,0,0,0,0,42,30,0,3,9,21,27,19,2,22,40,65,3
l21,5=0,0,0,0,0,0,0,0,23,0,4,11,8,0,35,0,39,0,16,38,5,79,0,37,56,76,43,74,0,0,0,0,13,0,0,0,0,0,1,0,0,0,30,42,26
l22,5=0,0,0,0,0,0,0,13,32,0,21,31,21,19,27,0,45,28,34,47,13,72,7,0,79,87,55,74,0,0,17,0,37,55,0,31,47,29,33,38,19,0,46,70,23
l23,5=0,0,0,0,0,0,0,1,9,6,20,13,40,21,45,0,56,49,29,73,52,61,16,81,0,83,56,61,0,0,3,10,20,9,0,28,0,6,17,47,13,41,53,77,66
l24,5=0,0,0,0,0,0,4,23,23,12,48,17,36,28,39,0,61,32,60,75,45,58,40,82,81,0,52,62,0,0,1,28,9,11,0,29,7,7,46,31,12,9,55,79,65
l25,5=0,0,0,0,0,0,0,17,17,8,34,0,44,5,45,0,57,49,52,55,25,60,37,82,81,82,0,61,0,0,0,0,41,52,0,25,16,22,49,18,8,20,51,79,66
l26,5=0,0,0,0,0,0,0,0,16,5,11,31,26,20,27,0,25,11,5,49,26,79,51,82,68,75,42,0,0,0,0,0,16,26,0,38,22,8,24,18,8,16,27,53,26
l27,5=36,8,15,7,12,45,16,0,22,4,20,10,14,51,79,0,53,90,76,80,69,0,0,16,6,0,3,1,0,0,0,96,34,27,0,58,18,27,42,88,80,35,0,0,2
l28,5=0,0,11,0,9,27,17,0,1,3,18,11,5,23,57,0,80,90,19,84,78,0,0,0,24,27,0,0,0,0,92,0,33,35,0,56,23,20,21,64,92,35,13,52,0
l29,5=0,0,0,0,0,0,0,0,0,0,0,0,0,0,0,0,0,0,0,35,0,47,1,62,53,15,44,52,0,0,47,42,0,79,0,83,91,98,87,95,59,90,1,0,5
l30,5=0,0,0,0,0,0,0,0,0,0,0,0,0,0,0,0,0,18,0,24,0,15,0,70,21,35,44,33,0,0,35,60,81,0,0,83,91,98,87,95,95,93,2,43,0
l31,5=0,0,0,0,0,0,0,0,0,0,0,0,0,0,0,0,0,6,0,40,0,0,0,58,50,67,27,60,0,0,56,62,81,79,0,0,91,98,87,95,95,93,8,0,0
l32,5=0,0,0,0,0,0,0,0,0,0,0,0,0,0,0,0,0,0,0,18,0,14,0,77,1,34,25,49,0,0,46,51,81,79,0,83,0,98,87,95,95,92,0,0,0
l33,5=0,0,0,0,0,0,0,0,0,0,0,0,0,0,0,0,0,0,0,0,0,24,0,64,37,37,33,22,0,0,60,57,81,79,0,83,91,0,87,81,86,72,0,0,0
l34,5=0,0,0,0,0,0,0,0,0,0,0,0,0,0,8,0,0,41,0,55,32,15,0,18,22,39,30,28,0,0,42,46,81,79,0,83,83,98,0,95,95,93,0,2,0
l35,5=0,0,0,0,0,0,0,0,0,0,0,0,0,0,49,0,0,28,0,66,40,15,0,28,45,44,0,0,0,0,85,93,81,79,0,82,88,21,87,0,95,93,3,0,0
l36,5=0,1,0,0,0,18,0,0,0,0,0,0,0,0,9,0,45,31,25,71,44,9,0,31,37,26,17,27,0,0,92,93,67,79,0,77,75,38,86,95,0,93,0,0,0
l37,5=0,0,0,0,0,0,0,0,0,0,3,0,0,0,46,0,34,46,1,4,50,18,0,19,68,58,26,29,0,0,92,96,81,79,0,83,75,39,87,95,95,0,0,0,0
l38,5=0,0,0,0,0,0,0,0,0,0,0,0,0,0,17,0,3,5,44,29,22,19,5,28,62,63,39,37,0,0,0,4,0,6,0,2,0,0,0,0,0,0,0,75,68
l39,5=0,0,0,0,0,0,0,0,1,0,7,0,10,13,54,0,46,13,57,49,43,27,1,61,61,66,44,48,0,0,0,8,0,5,0,0,0,0,1,0,0,0,53,0,65
l40,5=0,0,0,0,0,0,0,0,0,0,0,0,0,0,34,0,8,3,19,21,16,10,2,13,64,58,37,32,0,0,0,0,2,2,0,0,0,0,0,0,0,0,61,77,0
l41,5=0,0,0,0,0,0,0,0,7,0,5,6,38,0,59,0,53,60,61,40,50,0,2,63,70,68,48,27,0,0,11,0,6,0,0,0,0,0,0,7,14,0,62,79,65
l42,5=0,0,0,0,0,0,0,0,0,0,5,0,0,0,20,0,0,11,31,40,10,50,0,55,65,70,42,59,0,0,0,0,6,0,0,19,12,0,17,0,0,0,61,78,67
l43,5=0,0,0,0,0,0,0,0,0,0,11,0,0,0,5,0,1,0,28,26,11,26,5,59,37,59,43,53,0,0,0,0,9,11,0,9,0,3,29,2,0,0,60,77,68
l44,5=0,0,0,0,0,0,0,0,0,0,0,0,0,0,25,0,22,12,23,42,4,51,9,45,65,69,44,40,0,0,0,0,9,11,0,0,5,0,1,0,0,0,60,75,68

l0,6=0,86,73,94,89,84,87,78,87,72,54,85,74,86,21,0,58,26,4,45,0,0,0,0,0,0,0,0,0,0,62,0,0,0,0,0,0,0,0,0,0,0,0,0,0
l1,6=86,0,76,93,87,84,92,77,89,68,56,79,81,84,33,0,60,20,44,43,0,0,0,0,0,0,0,0,0,0,34,0,0,0,0,0,0,0,0,0,0,0,0,0,0
l2,6=91,91,0,94,88,81,91,85,90,77,49,87,83,87,49,0,64,25,21,40,8,0,0,0,0,34,0,0,0,0,4,0,0,0,0,0,0,0,0,0,0,0,0,0,0
l3,6=91,89,76,0,89,84,77,82,86,72,49,84,70,86,15,0,63,54,7,0,0,0,0,0,0,0,0,0,0,0,0,65,0,0,0,0,0,0,0,0,0,0,0,0,0
l4,6=91,89,74,94,0,84,79,81,84,72,45,86,81,76,49,0,64,0,28,40,0,0,0,0,0,0,0,0,0,0,41,74,0,0,0,0,0,0,0,0,0,0,0,0,0
l5,6=90,89,70,94,89,0,83,80,79,69,57,79,70,80,60,0,60,22,20,24,39,0,0,0,0,0,0,0,0,0,40,68,0,0,0,0,0,0,0,16,5,0,0,0,0
l6,6=92,91,76,91,87,81,0,83,85,79,60,76,81,85,58,0,64,44,45,39,56,20,0,0,19,49,6,0,0,0,2,49,0,0,0,0,0,0,0,0,0,0,0,0,0
l7,6=56,55,76,78,82,79,90,0,90,79,56,88,69,88,62,0,66,42,45,52,54,0,0,0,0,55,15,0,0,0,0,0,0,0,0,0,0,0,0,0,0,0,0,0,0
l8,6=81,89,78,85,82,78,82,88,0,78,49,84,83,85,63,0,63,9,12,51,0,30,31,42,37,53,17,22,0,0,15,0,0,0,0,0,0,0,0,0,0,0,0,0,0
l9,6=74,72,65,74,77,78,92,88,90,0,61,90,84,88,63,0,66,39,56,13,61,0,24,7,43,52,12,9,0,0,21,0,0,0,0,0,0,0,0,0,0,0,2,0,0
l10,6=44,44,53,35,34,55,60,74,67,70,0,83,81,83,67,0,70,29,53,53,70,31,32,50,65,56,17,13,0,0,16,56,0,0,0,0,0,0,0,0,0,15,9,17,0
l11,6=81,72,64,73,78,78,68,81,84,75,61,0,84,83,63,0,69,35,60,70,45,29,6,50,63,52,12,25,0,0,4,0,0,0,0,0,0,0,0,0,0,0,0,12,0
l12,6=38,80,73,32,71,39,80,71,86,78,66,90,0,88,68,0,69,16,63,71,68,0,0,30,57,48,15,13,0,0,10,38,0,0,0,0,0,0,0,0,0,0,9,7,0
l13,6=78,75,66,69,71,68,69,86,90,80,64,90,84,0,68,0,66,46,57,70,56,22,0,52,53,55,12,39,0,0,47,48,0,0,0,0,0,0,0,0,0,0,0,0,0
l14,6=1,7,19,0,17,32,29,69,71,49,62,70,75,77,0,0,69,71,68,74,69,23,37,45,62,47,0,15,0,0,36,51,0,1,0,0,0,0,9,0,2,0,0,23,16
l15,6=3,19,39,35,25,22,46,68,55,40,64,73,72,63,66,0,0,26,61,53,69,37,39,40,62,26,17,23,0,0,10,51,0,0,0,0,0,0,1,6,3,0,1,21,7
l16,6=3,8,22,24,0,20,19,30,17,15,28,39,55,52,70,0,66,0,39,56,71,1,0,51,67,27,9,17,0,0,43,87,0,0,0,0,0,0,14,22,43,29,2,4,10
l17,6=4,33,19,0,29,16,30,56,40,47,51,73,70,73,75,0,65,59,0,70,69,35,5,53,59,56,16,28,0,0,59,67,0,0,0,0,0,0,2,0,3,7,15,24,12
l18,6=12,24,28,0,24,14,19,51,52,0,36,46,51,50,64,0,50,48,44,0,74,39,41,52,70,63,21,51,0,0,0,37,16,1,0,1,0,0,21,6,10,0,13,45,15
l19,6=0,0,8,0,0,26,32,44,0,33,45,36,57,45,70,0,68,71,65,76,0,34,40,45,77,64,14,50,0,0,24,60,0,2,0,0,0,0,18,29,4,22,11,49,8
l20,6=0,0,0,0,0,0,0,0,9,0,5,5,0,0,0,0,38,0,17,66,0,0,68,74,71,62,25,69,0,0,0,0,48,26,0,0,0,0,28,0,0,0,37,31,0
l21,6=0,0,0,0,0,0,0,0,29,10,20,17,0,0,41,0,41,0,13,62,39,69,0,59,67,54,19,63,0,0,0,0,27,0,0,0,0,0,17,0,0,0,15,26,10
l22,6=0,0,0,0,0,0,0,0,17,0,17,12,0,0,1,0,21,17,17,61,0,68,37,0,76,66,26,71,0,0,0,0,50,48,0,16,42,0,23,11,2,12,31,23,14
l23,6=0,0,0,0,0,0,0,0,15,11,25,30,33,0,31,0,35,25,5,66,63,64,20,79,0,70,26,62,0,0,1,0,3,15,0,4,0,0,10,1,2,13,41,60,31
l24,6=0,0,12,0,0,0,14,48,31,12,38,16,0,3,0,0,0,0,40,70,58,57,44,83,79,0,26,66,0,0,0,0,0,3,0,1,0,0,9,0,0,13,31,51,30
l25,6=0,0,0,0,0,0,1,17,25,9,26,12,0,0,0,0,22,2,0,67,0,41,0,81,79,65,0,55,0,0,0,0,0,1,0,1,0,0,12,0,3,13,22,60,17
l26,6=0,0,0,0,0,0,0,0,16,2,8,12,0,18,17,0,23,10,14,67,59,69,60,78,71,62,26,0,0,0,0,0,34,22,0,41,24,6,45,7,0,13,46,29,5
l27,6=8,4,4,0,17,28,4,0,20,10,4,28,34,47,67,0,27,42,41,18,63,0,0,1,44,16,0,0,0,0,0,86,25,37,0,35,44,16,35,62,66,42,2,0,0
l28,6=0,0,0,0,35,29,26,18,0,0,27,0,46,36,27,0,36,74,47,42,41,0,0,4,49,22,0,0,0,0,86,0,57,39,0,24,31,21,34,58,68,44,11,0,0
l29,6=0,0,0,0,0,0,0,0,0,0,0,0,0,0,0,0,0,0,0,50,0,49,19,56,53,19,18,44,0,0,24,50,0,76,0,74,81,83,80,81,69,58,0,0,0
l30,6=0,0,0,0,0,0,0,0,0,0,0,0,0,0,4,0,0,1,0,33,1,30,0,55,55,47,19,25,0,0,31,48,77,0,0,74,81,80,80,59,85,63,0,0,0
l31,6=0,0,0,0,0,0,0,0,0,0,0,0,0,0,0,0,0,1,0,50,0,25,0,40,52,44,20,50,0,0,25,35,77,76,0,0,81,86,80,74,85,60,6,0,0
l32,6=0,0,0,0,0,0,0,0,0,0,0,0,0,0,0,0,0,0,0,29,0,20,0,51,35,0,1,35,0,0,33,49,77,73,0,74,0,78,74,64,69,32,11,0,0
l33,6=0,0,0,0,0,0,0,0,0,0,0,0,0,0,0,0,0,0,0,0,0,17,0,37,4,36,14,25,0,0,20,35,74,73,0,74,76,0,71,32,56,56,0,0,0
l34,6=0,0,0,0,0,0,0,0,0,0,0,0,0,0,18,0,0,16,0,44,25,25,3,48,52,29,17,44,0,0,47,42,77,76,0,73,67,70,0,82,89,67,1,19,0
l35,6=0,0,0,0,0,1,0,0,0,0,0,0,0,0,0,0,6,16,0,43,31,22,0,46,52,0,5,28,0,0,67,68,77,70,0,57,38,22,80,0,89,67,10,0,0
l36,6=0,0,0,0,0,8,0,0,0,0,0,0,0,0,6,0,28,71,17,61,26,10,0,49,53,15,7,18,0,0,88,88,68,76,0,73,41,40,80,82,0,67,0,3,0
l37,6=0,0,0,0,0,0,0,0,0,0,15,0,0,0,0,0,2,28,10,0,25,21,0,46,46,50,9,30,0,0,67,75,63,75,0,65,62,71,80,82,89,0,0,0,0
l38,6=0,0,0,0,0,0,0,0,0,0,6,0,0,0,0,0,0,0,0,0,0,0,0,0,41,16,0,24,0,0,0,0,0,0,0,0,0,0,0,0,0,0,0,61,61
l39,6=0,0,0,0,0,0,0,0,0,0,15,3,0,0,0,0,1,0,1,57,1,0,0,0,69,1,25,0,0,0,0,0,0,0,0,0,0,0,0,0,0,0,50,0,67
l40,6=0,0,0,0,0,0,0,0,0,0,0,0,0,0,30,0,0,0,0,0,0,0,0,0,55,45,0,0,0,0,0,0,0,0,0,0,0,0,0,0,0,0,48,60,0
l41,6=0,0,0,0,0,0,0,0,2,0,1,18,4,0,55,0,4,0,39,67,61,0,0,54,75,58,23,0,0,0,1,0,0,0,0,0,0,0,0,0,0,1,44,66,53
l42,6=0,0,0,0,0,0,0,0,0,0,0,0,0,0,0,0,0,0,0,44,0,0,0,2,9,61,25,49,0,0,0,0,0,0,0,0,0,0,1,0,0,0,50,67,41
l43,6=0,0,0,0,0,0,0,0,0,0,6,0,0,0,0,0,0,0,0,0,0,1,0,50,0,52,11,42,0,0,0,0,0,0,0,0,0,0,2,0,0,0,47,59,61
l44,6=0,0,0,0,0,0,0,0,0,0,0,0,0,0,0,0,0,0,0,0,0,6,0,46,71,54,25,45,0,0,0,0,0,0,0,0,0,0,0,0,0,0,48,61,61

l0,7=0,95,95,95,93,92,96,77,89,65,57,47,88,93,0,0,64,33,0,40,0,0,0,0,0,0,0,0,0,0,41,51,0,0,0,0,0,0,0,0,0,8,0,0,0
l1,7=88,0,96,95,93,92,96,82,90,75,40,74,94,91,0,0,66,27,27,38,0,0,0,0,0,0,0,0,0,0,23,46,0,0,0,0,0,0,0,0,0,0,0,0,0
l2,7=87,94,0,92,90,91,96,94,90,87,36,87,93,93,20,0,65,29,22,41,9,0,0,0,0,14,0,0,0,0,54,0,0,0,0,0,0,0,0,0,0,0,0,0,0
l3,7=88,95,97,0,93,92,96,85,89,81,12,74,82,93,2,0,46,21,19,0,0,0,0,0,0,0,0,0,0,0,56,37,0,0,0,0,0,0,0,0,0,0,0,0,0
l4,7=87,95,86,95,0,92,96,81,89,58,42,78,14,58,1,0,29,0,0,38,0,0,0,0,0,0,0,0,0,0,60,7,0,0,0,0,0,0,0,0,0,0,0,0,0
l5,7=87,95,90,93,93,0,96,91,88,75,73,84,88,93,13,0,46,10,8,31,8,0,0,0,0,0,0,0,0,0,45,14,0,0,0,0,0,0,0,0,0,0,0,0,0
l6,7=88,95,96,91,90,91,0,94,89,90,74,82,57,77,45,0,71,36,26,44,5,0,0,0,0,16,0,0,0,0,31,44,0,0,0,0,0,0,0,0,0,0,0,0,0
l7,7=62,87,93,83,73,87,96,0,90,91,78,90,85,94,59,0,71,45,0,55,40,2,0,0,18,61,34,51,0,0,0,0,0,0,0,0,0,0,0,0,0,0,0,0,0
l8,7=63,91,92,83,73,77,86,94,0,84,74,87,91,90,50,0,71,14,22,50,16,35,26,11,7,18,41,37,0,0,0,0,0,0,0,0,0,0,0,0,0,0,0,0,0
l9,7=23,88,79,81,81,84,96,95,90,0,75,90,95,94,67,0,66,4,50,46,32,0,0,2,0,25,38,0,0,0,9,26,0,0,0,0,0,0,0,0,0,0,0,15,0
l10,7=15,23,44,26,68,51,53,76,86,58,0,50,91,90,70,0,71,37,66,47,25,0,0,4,19,37,40,0,0,0,27,51,0,0,0,0,0,0,0,0,1,0,20,16,0
l11,7=19,75,85,77,82,86,87,90,88,84,78,0,95,90,68,0,71,14,65,53,0,0,0,4,16,11,36,50,0,0,22,8,0,0,0,0,0,0,0,0,1,0,0,14,0
l12,7=48,90,74,53,38,44,29,66,88,86,83,90,0,94,71,0,71,14,65,50,22,0,0,3,10,27,43,25,0,0,23,29,0,0,0,0,0,0,0,0,13,0,0,0,0
l13,7=75,89,85,83,81,85,80,91,88,86,81,90,95,0,70,0,64,29,63,52,23,0,0,18,18,18,0,34,0,0,37,34,0,0,0,0,0,0,0,0,0,0,0,0,0
l14,7=0,0,14,2,41,11,14,48,40,32,67,34,87,31,0,0,75,60,71,61,38,41,0,2,22,45,45,54,0,0,62,42,0,0,0,0,0,0,5,0,24,0,21,19,2
l15,7=10,18,20,17,31,11,17,50,81,44,84,41,91,10,63,0,0,50,64,53,44,0,1,4,23,37,38,46,0,0,16,0,0,6,0,0,0,0,0,1,25,0,15,17,1
l16,7=2,6,42,5,0,3,17,21,17,0,37,15,3,9,53,0,65,0,63,63,50,0,0,2,23,37,38,11,0,0,73,83,0,1,0,0,6,12,4,3,60,34,26,14,3
l17,7=0,23,29,18,0,13,14,10,46,47,52,53,90,36,75,0,71,58,0,55,45,0,0,4,23,57,47,58,0,0,58,49,0,5,0,0,0,0,9,0,28,12,19,18,4
l18,7=5,13,36,0,39,11,13,30,51,19,27,18,50,33,68,0,59,55,46,0,49,70,29,3,64,61,63,67,0,0,39,41,24,5,0,0,0,0,10,12,36,22,33,48,10
l19,7=0,0,38,0,0,12,10,29,38,28,35,1,37,15,58,0,70,75,62,69,0,40,27,6,75,54,45,57,0,0,44,39,0,21,0,0,0,0,10,12,30,6,33,11,10
l20,7=0,0,0,0,0,0,0,1,11,8,0,2,1,1,46,0,21,14,24,63,12,0,69,74,72,66,60,72,0,0,0,0,26,20,0,2,21,0,36,12,0,2,0,40,32
l21,7=0,0,0,0,0,0,0,5,31,0,0,10,31,31,2,0,53,1,12,63,32,76,0,67,71,59,59,71,0,0,0,0,26,0,0,0,15,0,6,0,0,0,40,25,41
l22,7=0,0,0,0,0,0,0,0,1,0,24,22,2,8,32,0,40,17,43,16,44,73,52,0,77,67,67,73,0,0,0,0,51,53,0,44,59,10,40,14,33,14,59,40,18
l23,7=0,0,0,0,0,0,0,10,10,0,23,12,49,9,52,0,52,36,46,58,44,68,47,75,0,85,71,71,0,0,4,9,30,34,0,24,7,17,10,5,16,38,57,44,53
l24,7=0,0,9,0,0,0,7,32,14,12,30,12,58,11,33,0,48,43,51,67,46,75,27,74,78,0,70,75,0,0,13,5,0,7,0,16,0,15,1,5,13,22,63,41,54
l25,7=0,0,0,0,0,0,0,13,13,11,36,25,53,0,54,0,53,28,48,66,20,46,13,75,78,85,0,67,0,0,1,4,33,10,0,40,8,20,27,4,25,12,57,55,53
l26,7=0,0,0,0,0,0,0,13,0,0,7,19,22,0,36,0,28,6,42,63,20,75,64,75,73,69,60,0,0,0,3,0,48,18,0,38,48,25,33,12,3,12,59,13,10
l27,7=3,0,50,23,58,27,8,0,0,1,29,12,16,6,53,0,28,65,61,64,35,0,0,0,1,13,1,0,0,0,0,84,8,40,0,10,36,22,20,25,63,73,1,3,0
l28,7=8,13,0,48,31,4,16,0,0,20,38,10,28,10,38,0,2,70,21,18,18,0,0,0,3,15,21,0,0,0,92,0,35,24,0,8,35,45,12,41,55,67,0,11,0
l29,7=0,0,0,0,0,0,0,0,0,0,0,0,0,0,0,0,0,0,0,43,0,33,13,62,55,12,43,44,0,0,10,29,0,69,0,75,81,84,66,75,71,71,8,0,0
l30,7=0,0,0,0,0,0,0,0,0,0,0,0,0,0,1,0,15,14,0,11,21,22,0,57,53,24,35,35,0,0,43,46,86,0,0,70,73,80,64,62,85,78,0,0,0
l31,7=0,0,0,0,0,0,0,0,0,0,0,0,0,0,0,0,0,11,0,0,0,33,0,57,58,48,49,51,0,0,40,42,86,68,0,0,81,89,66,44,81,66,0,0,0
l32,7=0,0,0,0,0,0,0,0,0,0,0,0,0,0,0,0,0,1,0,0,0,33,6,30,27,0,37,26,0,0,22,45,86,69,0,75,0,89,56,61,59,50,0,19,0
l33,7=0,0,0,0,0,0,0,0,0,0,0,0,0,0,0,0,0,4,0,0,0,0,0,10,53,8,40,24,0,0,10,40,86,69,0,75,81,0,63,60,69,69,0,0,0
l34,7=0,0,0,0,0,0,0,0,0,0,0,0,0,0,19,0,0,22,9,56,13,55,1,40,10,0,51,57,0,0,60,25,86,65,0,72,71,82,0,75,85,85,23,9,0
l35,7=0,0,0,0,0,0,0,0,0,0,0,0,0,0,15,0,26,28,0,14,17,29,0,2,12,26,18,47,0,0,40,49,86,44,0,18,73,74,66,0,84,87,18,0,0
l36,7=0,0,0,0,0,0,0,0,0,0,1,10,18,0,29,0,57,74,16,21,22,0,0,4,16,33,45,0,0,0,92,41,53,69,0,43,73,85,66,75,0,85,0,0,0
l37,7=1,0,0,0,0,0,0,0,0,0,0,0,0,0,5,0,3,37,4,25,10,0,0,6,41,31,41,49,0,0,79,69,84,69,0,49,65,78,66,75,85,0,0,0,0
l38,7=0,0,0,0,0,0,0,0,0,0,5,0,0,0,15,0,5,13,9,25,19,0,2,40,67,64,59,65,0,0,0,0,0,0,0,0,0,1,0,0,0,0,0,53,62
l39,7=0,0,0,0,0,0,0,0,0,1,16,10,0,0,42,0,33,21,45,63,14,43,0,36,72,40,66,20,0,0,1,1,0,0,0,0,0,0,0,0,0,0,67,0,65
l40,7=0,0,0,0,0,0,0,0,0,0,0,0,0,0,3,0,4,2,12,17,0,24,2,16,60,38,49,0,0,0,0,0,0,0,0,0,0,0,0,0,0,0,64,53,0
l41,7=0,0,0,0,0,0,0,8,11,0,14,0,53,2,59,0,49,21,48,43,45,30,6,3,78,67,64,33,0,0,13,34,8,0,0,0,2,0,1,0,0,0,62,56,59
l42,7=0,0,0,0,0,0,0,0,0,0,0,0,0,0,21,0,30,15,1,23,14,57,6,28,58,66,64,64,0,0,0,0,0,13,0,0,6,0,0,0,0,0,63,56,57
l43,7=0,0,0,0,0,0,0,0,0,0,6,0,0,0,0,0,0,9,18,25,16,32,1,42,59,54,60,32,0,0,0,0,18,0,0,16,6,0,10,0,0,0,61,46,58
l44,7=0,0,0,0,0,0,0,0,0,0,0,0,9,1,27,0,0,17,6,20,16,27,21,63,72,66,57,59,0,0,0,0,9,10,0,0,0,0,1,0,2,0,60,48,59

l0,8=0,99,97,97,99,96,99,95,95,97,53,99,95,95,12,0,96,16,1,27,0,0,0,0,0,0,0,0,0,0,0,9,0,0,0,0,0,0,0,0,0,0,0,0,0
l1,8=100,0,98,100,98,98,100,95,100,98,83,99,96,83,67,0,43,89,56,40,0,0,0,0,0,0,0,0,0,0,62,0,0,0,0,0,0,0,0,0,6,0,0,0,0
l2,8=99,98,0,97,99,91,100,94,97,97,91,99,90,97,71,0,91,93,80,32,50,0,0,0,51,1,0,0,0,0,50,0,0,0,0,0,0,0,0,0,0,0,0,0,0
l3,8=95,99,93,0,100,95,95,95,96,96,91,99,95,95,13,0,74,1,44,17,0,0,0,0,0,0,0,0,0,0,90,17,0,0,0,0,0,0,0,0,0,0,0,0,0
l4,8=97,94,92,100,0,99,95,85,95,97,70,99,93,95,1,0,78,0,7,41,0,0,0,0,0,0,0,0,0,0,37,0,0,0,0,0,0,0,0,0,0,0,0,0,0
l5,8=99,98,92,98,100,0,100,95,95,97,92,99,81,97,82,0,97,88,52,41,51,0,0,0,0,0,0,0,0,0,49,38,0,0,0,0,0,0,0,0,0,0,0,0,0
l6,8=99,98,98,97,99,95,0,97,96,98,93,99,97,95,88,0,83,86,65,0,64,0,0,0,0,70,1,0,0,0,5,0,0,0,0,0,0,0,0,0,0,0,0,0,0
l7,8=91,98,88,91,97,88,99,0,100,98,93,99,97,98,91,0,95,86,70,76,88,37,0,54,85,82,72,46,0,0,0,0,0,0,0,0,0,0,0,0,0,0,0,0,0
l8,8=95,98,96,92,97,90,93,99,0,98,91,99,97,95,82,0,93,0,76,76,87,83,0,55,81,22,43,66,0,0,0,0,0,0,0,0,0,0,0,0,0,0,0,11,0
l9,8=94,98,96,88,97,86,100,99,100,0,96,99,99,98,91,0,99,68,19,48,91,80,0,63,67,77,71,1,0,0,4,26,0,0,0,0,0,0,0,0,0,0,0,50,0
l10,8=0,55,54,85,81,51,57,68,96,58,0,95,99,96,97,0,100,72,93,44,59,80,47,87,77,71,82,12,0,0,14,54,0,0,0,0,0,0,0,0,4,0,29,52,0
l11,8=95,94,92,85,97,85,97,99,100,98,91,0,99,98,91,0,94,58,90,45,15,44,3,65,87,48,66,76,0,0,41,0,0,0,0,0,0,0,0,0,0,0,56,48,0
l12,8=78,93,17,89,96,46,95,95,99,98,97,99,0,98,92,0,100,88,92,49,58,56,69,19,80,82,73,70,0,0,7,21,0,0,0,0,0,0,0,0,0,0,70,25,22
l13,8=91,77,98,91,96,96,95,99,98,98,95,99,99,0,91,0,94,83,90,77,79,83,64,71,78,70,12,73,0,0,50,34,0,0,0,0,0,0,0,0,36,0,0,0,0
l14,8=0,2,0,2,12,28,23,43,45,57,91,97,99,94,0,0,100,100,99,93,64,81,67,82,90,84,78,61,0,0,57,51,0,0,0,0,0,0,2,8,10,44,49,57,17
l15,8=78,13,44,10,71,54,46,72,96,93,97,95,99,87,97,0,0,95,98,51,59,92,4,82,81,78,74,74,0,0,56,53,0,20,0,0,0,0,4,12,59,0,74,57,25
l16,8=2,25,17,0,51,17,16,47,2,9,16,12,70,76,97,0,100,0,72,54,94,6,0,0,77,82,55,3,0,0,97,58,0,0,0,0,0,35,37,56,69,76,60,18,21
l17,8=26,19,8,1,39,2,18,53,89,35,91,98,99,93,97,0,100,99,0,53,96,80,67,76,86,83,77,80,0,0,57,34,0,0,0,0,0,0,0,12,11,4,19,57,22
l18,8=17,27,4,0,42,23,12,59,81,41,58,78,84,77,97,0,86,100,93,0,100,87,85,88,94,85,87,92,0,0,52,45,30,15,0,5,0,0,54,28,22,81,83,73,50
l19,8=8,0,30,0,33,49,45,57,87,57,89,35,98,85,97,0,99,100,99,93,0,78,35,93,93,86,89,88,0,0,64,37,0,41,0,0,0,0,46,46,64,76,82,90,46
l20,8=0,0,0,0,0,0,0,25,43,18,51,5,25,55,66,0,62,1,63,72,50,0,97,94,83,84,69,92,0,0,0,0,54,50,0,4,23,0,64,0,0,30,53,63,62
l21,8=0,0,0,0,0,0,0,0,0,0,40,8,51,51,39,0,5,0,59,68,5,94,0,84,84,62,43,87,0,0,0,0,57,0,0,0,37,0,57,7,0,0,56,56,51
l22,8=0,0,0,0,0,0,0,0,15,7,49,35,16,35,60,0,49,0,33,70,70,90,80,0,94,83,90,92,0,0,0,1,45,79,0,43,46,29,79,32,3,37,66,79,42
l23,8=0,0,0,0,0,0,0,33,14,3,39,53,44,50,66,0,61,51,65,83,65,78,67,93,0,88,91,90,0,0,15,1,63,17,0,17,24,5,63,19,59,29,60,89,82
l24,8=0,0,0,0,0,0,12,47,31,41,43,38,53,55,73,0,55,68,83,82,60,86,31,91,94,0,91,88,0,0,22,11,58,14,0,16,19,23,59,7,60,53,81,85,62
l25,8=0,0,0,0,0,0,0,22,20,32,59,56,53,0,64,0,58,64,62,73,62,62,52,94,94,88,0,61,0,0,2,7,53,57,0,46,1,31,46,36,42,22,80,91,62
l26,8=0,0,0,0,0,0,3,4,14,1,3,47,17,28,30,0,40,22,69,72,50,92,76,93,90,77,52,0,0,0,0,0,45,56,0,17,65,12,73,0,0,25,75,53,52
l27,8=0,19,16,87,86,14,10,0,0,0,1,19,29,64,91,0,58,100,69,54,55,0,0,0,67,63,2,0,0,0,0,95,0,62,0,48,70,72,63,60,69,99,0,2,0
l28,8=0,0,0,46,5,26,0,0,0,20,57,0,56,64,94,0,88,100,58,53,33,0,0,13,48,53,27,0,0,0,97,0,38,60,0,10,83,44,63,64,100,95,5,23,0
l29,8=0,0,0,0,0,0,0,0,0,0,0,0,0,0,0,0,0,0,0,70,0,33,30,79,82,79,66,79,0,0,0,69,0,100,0,95,95,90,100,98,86,87,30,3,0
l30,8=0,0,0,0,0,0,0,0,0,0,0,0,0,0,0,0,28,0,0,30,29,56,3,90,50,16,78,79,0,0,91,73,96,0,0,92,92,94,97,98,100,95,0,12,0
l31,8=0,0,0,0,0,0,0,0,0,0,0,0,0,0,0,0,0,0,0,0,0,52,1,79,74,66,80,72,0,0,83,0,96,100,0,0,95,96,99,92,98,96,0,11,0
l32,8=0,0,0,0,0,0,0,0,0,0,0,0,0,0,0,0,0,1,0,0,0,57,27,59,35,62,68,86,0,0,53,56,96,99,0,95,0,96,99,81,89,91,0,0,0
l33,8=0,0,0,0,0,0,0,0,0,0,0,0,0,0,0,0,0,21,0,0,0,0,0,61,25,71,75,2,0,0,61,0,96,100,0,95,95,0,99,98,99,64,0,0,0
l34,8=0,0,0,0,0,0,0,0,0,0,0,0,0,0,1,0,0,78,3,62,38,83,34,91,80,76,63,86,0,0,93,67,96,100,0,94,95,92,0,98,100,99,25,41,0
l35,8=0,0,0,0,0,0,0,0,0,0,0,0,0,0,36,0,22,55,41,46,49,3,0,52,76,6,53,0,0,0,70,53,96,100,0,85,87,94,100,0,100,99,0,0,0
l36,8=0,0,0,0,0,0,0,0,0,0,0,0,0,39,30,0,54,61,48,0,89,0,0,11,80,77,38,30,0,0,93,56,61,100,0,94,89,89,100,98,0,99,14,0,0
l37,8=3,0,0,0,0,0,0,0,0,0,0,0,0,0,68,0,0,90,48,86,53,65,0,73,72,74,52,80,0,0,97,80,96,100,0,91,92,69,100,98,100,0,0,0,0
l38,8=0,0,0,0,0,0,0,0,0,0,2,3,16,0,17,0,23,45,2,36,35,34,46,51,62,66,66,53,0,0,0,0,14,0,0,0,0,0,10,0,4,0,0,90,85
l39,8=0,0,0,0,0,0,0,0,1,2,16,6,3,0,60,0,25,25,51,50,50,37,25,77,92,66,90,53,0,0,0,9,0,6,0,0,0,0,12,0,0,0,84,0,82
l40,8=0,0,0,0,0,0,0,0,0,0,0,0,2,0,30,0,13,23,23,33,11,37,14,44,86,42,52,45,0,0,0,0,0,0,0,0,0,0,0,0,0,0,83,88,0
l41,8=0,0,0,0,0,3,1,3,3,7,17,19,52,27,81,0,47,40,84,68,57,46,31,78,92,86,90,46,0,0,10,48,0,1,0,0,11,0,0,0,9,24,84,91,85
l42,8=0,0,0,0,0,0,0,0,0,0,0,0,0,0,28,0,18,0,23,47,44,55,3,58,69,84,85,70,0,0,0,0,0,20,0,0,0,0,11,0,0,0,83,90,76
l43,8=0,0,0,0,0,0,0,0,0,0,8,0,0,0,17,0,0,23,24,37,38,53,29,66,63,61,82,38,0,0,0,0,21,0,0,12,16,0,19,1,0,0,82,84,80
l44,8=0,0,0,0,0,0,0,0,0,0,0,0,0,0,50,0,22,18,19,42,14,16,43,69,87,76,58,26,0,0,0,0,0,8,0,6,0,0,0,0,0,0,83,85,63

l0,9=0,97,97,100,100,94,99,19,100,100,80,97,95,72,26,0,71,50,49,0,17,0,0,0,0,2,0,0,0,0,68,69,0,0,0,0,0,0,0,0,0,0,0,0,0
l1,9=89,0,98,100,100,100,98,91,99,100,87,97,55,68,18,0,56,92,35,33,64,0,0,0,0,21,0,0,0,0,86,68,0,0,0,0,0,0,0,0,0,0,0,0,0
l2,9=87,96,0,97,97,100,96,99,98,99,79,97,90,99,17,0,16,66,92,93,0,0,0,0,5,0,0,4,0,0,92,81,0,0,0,0,0,0,0,0,0,0,0,0,0
l3,9=91,99,97,0,100,100,99,96,94,90,37,41,99,94,0,0,32,67,5,59,0,0,0,0,0,0,0,0,0,0,84,72,0,0,0,0,0,0,0,0,0,0,0,0,0
l4,9=89,98,97,100,0,100,98,57,99,100,86,91,50,64,0,0,54,62,3,72,0,0,0,0,0,0,0,0,0,0,88,75,0,0,0,0,0,0,0,0,0,0,0,0,0
l5,9=87,95,76,100,100,0,99,97,99,100,97,99,94,100,33,0,40,93,84,1,69,0,0,0,0,13,0,0,0,0,90,70,0,0,0,0,0,0,0,0,16,0,0,0,0
l6,9=89,98,99,99,98,100,0,100,99,100,96,99,96,100,49,0,57,98,97,68,88,0,0,0,1,2,0,0,0,0,25,95,0,0,0,0,0,0,0,0,0,0,0,0,0
l7,9=87,98,98,99,97,100,98,0,100,100,97,99,95,100,57,0,93,92,97,99,93,95,0,96,85,92,56,87,0,0,94,0,0,0,0,0,0,0,0,0,0,0,0,0,0
l8,9=89,98,97,97,97,100,98,99,0,75,97,100,96,100,96,0,91,92,98,99,30,92,7,95,94,81,72,91,0,0,9,5,0,0,0,0,0,0,0,0,0,0,0,0,0
l9,9=91,98,97,97,100,100,99,99,90,0,97,100,100,100,98,0,93,89,100,99,95,85,0,89,78,39,61,73,0,0,86,43,0,0,0,0,0,0,0,0,0,0,0,0,0
l10,9=86,35,32,56,95,100,53,65,78,100,0,95,100,92,100,0,90,90,100,91,96,89,53,98,31,31,64,1,0,0,91,96,0,0,0,0,0,0,0,0,0,30,86,79,28
l11,9=89,98,99,18,97,100,99,98,100,100,98,0,100,100,97,0,95,78,100,100,69,8,3,91,45,19,56,91,0,0,10,0,0,0,0,0,0,0,0,0,0,0,17,39,1
l12,9=89,37,37,73,70,99,99,97,100,100,99,100,0,100,97,0,95,95,100,100,77,91,85,43,17,22,61,23,0,0,0,45,0,0,0,0,0,0,0,0,0,0,50,33,0
l13,9=79,91,97,99,98,100,99,99,100,100,98,100,100,0,98,0,93,89,100,95,97,93,17,94,66,59,53,13,0,0,31,93,0,0,0,0,0,0,0,0,18,0,1,0,0
l14,9=56,0,12,0,34,89,35,4,12,79,91,55,68,49,0,0,60,100,100,100,100,57,41,97,33,35,58,95,0,0,97,97,0,0,0,0,0,0,73,2,25,36,84,0,29
l15,9=46,32,22,35,74,97,38,51,72,100,92,77,100,71,98,0,0,97,100,100,89,98,43,98,35,36,59,95,0,0,90,98,0,5,0,0,0,0,69,0,8,0,0,42,32
l16,9=28,33,0,10,38,61,36,26,34,29,77,54,65,20,63,0,37,0,100,100,100,18,0,94,34,37,37,0,0,0,100,100,72,5,0,0,26,3,97,32,13,15,96,85,0
l17,9=9,3,28,6,15,46,36,31,72,56,91,57,66,50,100,0,68,100,0,100,100,96,66,97,34,36,62,95,0,0,100,92,0,0,0,0,0,0,0,33,0,0,56,87,34
l18,9=20,26,30,12,49,0,20,57,96,65,88,55,97,29,98,0,94,98,98,0,99,98,99,98,97,58,97,98,0,0,97,90,24,59,0,27,0,0,98,43,56,99,93,91,34
l19,9=16,2,0,0,0,57,37,37,57,96,88,21,57,42,99,0,36,100,100,100,0,96,0,98,34,60,76,98,0,0,97,97,0,11,0,0,0,0,95,42,33,44,96,82,34
l20,9=0,0,0,0,0,0,0,81,66,70,63,4,87,83,74,0,84,29,78,97,78,0,99,98,94,95,97,98,0,0,0,0,83,84,0,0,70,0,82,17,0,80,74,69,49
l21,9=0,0,0,0,0,0,0,0,0,0,65,2,99,0,90,0,92,0,96,98,0,100,0,98,97,95,89,98,0,0,0,0,0,88,0,0,64,0,79,18,0,0,97,94,91
l22,9=0,0,0,0,0,0,0,0,78,0,79,75,50,54,72,0,76,79,77,97,99,98,81,0,98,95,97,98,0,0,0,0,87,94,0,72,75,0,92,82,23,80,85,95,86
l23,9=0,0,0,0,0,0,0,24,56,34,55,41,42,34,93,0,94,86,91,97,91,93,92,98,0,96,99,98,0,0,80,0,87,86,0,75,29,14,80,36,4,36,97,95,93
l24,9=0,12,0,0,0,57,0,91,89,70,70,23,52,46,93,0,89,97,98,93,99,98,99,98,99,0,99,98,0,0,5,0,89,89,0,67,72,84,88,70,87,90,97,94,83
l25,9=0,0,0,0,0,0,0,2,64,73,88,46,95,31,71,0,52,85,95,88,92,91,80,98,99,96,0,93,0,0,0,1,91,93,0,81,82,82,91,35,31,0,96,95,89
l26,9=0,0,0,0,0,0,0,21,3,11,21,92,64,15,98,0,87,0,89,97,99,98,99,99,98,95,97,0,0,0,0,0,89,99,0,82,91,86,98,73,0,85,97,85,76
l27,9=41,30,30,43,58,64,31,17,0,30,65,11,21,7,36,0,36,100,98,62,64,0,0,0,15,0,1,0,0,0,0,100,0,63,0,55,29,87,97,45,5,45,0,35,8
l28,9=78,22,28,60,70,6,37,0,0,9,79,33,45,21,36,0,37,100,95,60,63,0,0,0,3,0,0,0,0,0,100,0,78,2,0,39,49,54,99,45,60,52,0,65,0
l29,9=0,0,0,0,0,0,0,0,0,0,0,0,0,0,0,0,1,83,0,21,0,82,0,98,70,75,89,97,0,0,27,96,0,100,0,99,100,100,100,100,94,100,86,73,0
l30,9=0,0,0,0,0,0,0,0,0,0,0,0,0,0,0,0,28,5,0,42,1,92,78,98,64,46,97,98,0,0,97,40,99,0,0,99,100,100,100,100,95,100,79,60,0
l31,9=0,0,0,0,0,0,0,0,0,0,0,0,0,0,0,0,0,0,0,29,1,14,0,92,60,34,84,89,0,0,61,33,99,100,0,0,100,100,100,56,94,82,0,0,30
l32,9=0,0,0,0,0,0,0,0,0,0,0,0,0,0,0,0,0,70,0,0,0,88,25,98,45,62,96,99,0,0,57,73,99,100,0,99,0,100,100,58,95,100,0,0,0
l33,9=0,0,0,0,0,0,0,0,0,0,0,0,0,0,0,0,0,0,0,0,0,0,0,11,0,25,61,80,0,0,27,0,99,100,0,99,100,0,100,68,43,91,0,0,0
l34,9=0,0,0,0,0,0,0,0,0,0,0,0,0,0,8,0,24,93,0,93,13,97,65,99,38,36,63,98,0,0,96,99,99,100,0,99,100,100,0,100,95,100,0,34,0
l35,9=0,0,0,0,0,0,0,0,0,0,0,0,0,0,0,0,0,97,90,37,36,17,0,94,17,24,41,59,0,0,90,63,98,100,0,95,84,100,100,0,95,100,0,0,0
l36,9=0,0,0,0,15,34,0,0,0,0,0,0,0,6,12,0,20,97,0,37,37,0,0,91,34,50,56,0,0,0,48,63,79,100,0,96,97,95,100,100,0,69,0,0,0
l37,9=0,0,0,0,0,0,0,0,0,0,58,0,14,0,13,0,0,95,37,96,36,76,0,94,16,26,0,59,0,0,100,100,98,97,0,54,100,93,100,100,95,0,0,0,0
l38,9=0,0,0,0,0,0,0,0,0,0,49,25,7,0,73,0,0,66,21,53,34,80,44,88,96,93,96,83,0,0,0,0,27,4,0,0,0,0,0,0,0,0,0,95,93
l39,9=0,0,0,0,0,0,0,0,0,0,70,34,7,0,0,0,26,89,81,88,71,83,35,93,97,89,97,80,0,0,42,43,28,2,0,0,0,0,40,0,0,0,97,0,93
l40,9=0,0,0,0,0,0,0,0,0,0,19,0,0,0,25,0,30,0,51,80,81,35,43,85,92,81,91,72,0,0,0,0,0,0,0,1,0,0,0,0,0,0,97,94,0
l41,9=0,0,0,0,0,0,0,1,9,27,8,36,52,26,94,0,90,96,93,97,84,90,49,90,97,94,97,71,0,0,72,58,0,0,0,0,19,0,63,1,0,1,97,95,93
l42,9=0,0,0,0,0,0,0,0,0,0,0,0,0,0,56,0,0,57,68,94,87,90,0,80,97,95,97,97,0,0,0,0,0,0,0,0,0,0,1,0,0,41,97,95,93
l43,9=0,0,0,0,0,0,0,0,0,0,0,0,1,0,66,0,0,0,71,69,76,32,19,86,89,86,97,88,0,0,0,0,24,0,0,5,2,0,32,0,0,0,97,91,93
l44,9=0,0,0,0,0,0,0,0,0,0,0,0,5,6,66,0,27,69,58,94,75,84,84,98,97,95,94,73,0,0,0,0,0,0,0,0,0,0,0,0,0,1,98,95,93

l0,10=0,92,84,88,95,86,82,3,90,80,83,60,69,73,34,0,80,18,0,10,0,0,0,0,0,0,0,0,0,0,0,64,0,0,0,0,0,0,0,0,0,0,0,0,0
l1,10=83,0,84,90,94,86,85,0,90,78,1,29,70,26,32,0,25,45,2,28,0,0,0,0,0,4,0,0,0,0,2,0,0,0,0,0,0,0,0,0,0,0,0,0,0
l2,10=80,91,0,92,93,86,90,0,91,87,15,90,78,85,36,0,40,16,12,44,0,0,0,0,6,0,0,0,0,0,10,3,0,0,0,0,0,0,0,0,0,0,0,7,0
l3,10=83,92,84,0,95,86,84,2,73,80,71,72,71,69,29,0,3,12,25,0,0,0,0,0,0,0,0,0,0,0,71,11,0,0,0,0,0,0,0,0,0,0,0,0,0
l4,10=84,91,82,94,0,87,70,0,84,73,32,77,63,73,21,0,47,35,5,0,0,0,0,0,0,0,0,0,0,0,0,32,0,0,0,0,0,0,0,0,0,0,0,0,0
l5,10=75,91,85,93,95,0,52,0,87,15,83,95,67,76,24,0,15,17,6,0,0,0,0,0,0,0,0,0,0,0,10,8,0,0,0,0,0,0,4,0,4,0,0,0,0
l6,10=82,92,95,94,84,84,0,0,92,86,85,95,75,78,0,0,85,75,28,8,0,0,0,0,17,10,0,0,0,0,33,11,0,0,0,0,0,0,0,0,0,0,0,0,0
l7,10=76,91,96,74,88,84,92,0,92,91,89,96,82,92,82,0,91,75,82,81,75,45,0,46,12,72,61,53,0,0,6,14,0,0,0,0,0,0,0,0,0,0,0,0,0
l8,10=77,91,95,83,89,82,90,0,0,86,87,92,83,84,80,0,54,16,75,77,76,55,0,25,58,5,47,44,0,0,2,0,0,0,0,0,0,0,0,0,0,0,0,20,0
l9,10=77,90,93,87,72,71,88,0,88,0,89,96,91,92,85,0,90,60,86,61,44,31,0,50,63,45,38,20,0,0,0,16,0,0,0,0,0,0,0,0,0,0,0,0,0
l10,10=78,26,12,23,49,84,88,0,88,91,0,91,91,90,93,0,95,74,93,0,90,27,3,84,50,72,81,15,0,0,8,46,0,0,0,0,0,0,0,0,0,0,2,23,5
l11,10=64,79,92,43,44,83,89,1,88,92,89,0,91,93,90,0,91,30,89,79,52,11,0,47,50,32,41,33,0,0,12,50,0,0,0,0,0,0,0,0,0,0,0,0,0
l12,10=77,88,87,49,55,82,88,1,88,90,91,92,0,90,93,0,92,80,89,55,28,22,18,16,47,71,69,16,0,0,21,2,0,0,0,0,0,0,0,0,2,0,31,0,0
l13,10=77,80,93,87,89,83,86,0,89,92,89,96,91,0,81,0,92,29,93,66,86,0,17,27,3,7,18,11,0,0,0,9,0,0,0,0,0,0,0,0,0,0,0,5,0
l14,10=43,83,42,0,11,48,73,0,35,69,91,87,85,52,0,0,96,93,94,54,92,21,13,57,77,84,56,49,0,0,67,87,0,7,0,0,0,0,0,11,25,12,57,85,75
l15,10=71,77,57,0,50,60,88,0,26,70,94,90,91,90,97,0,0,92,94,91,65,44,5,79,80,84,44,51,0,0,83,88,0,2,0,0,0,0,0,0,14,0,2,85,0
l16,10=12,85,0,0,6,35,72,0,1,37,70,3,86,22,98,0,93,0,93,95,82,2,0,48,79,42,65,0,0,0,89,93,9,0,0,0,2,0,47,0,56,11,41,86,35
l17,10=1,0,34,4,11,81,17,4,57,70,90,89,87,89,98,0,96,91,0,92,93,8,14,84,79,84,80,81,0,0,83,86,0,0,0,0,0,0,0,9,30,16,35,85,83
l18,10=3,0,54,0,0,1,24,0,53,52,0,79,75,82,76,0,95,94,94,0,96,80,55,85,81,85,80,83,0,0,79,79,19,49,0,0,0,0,76,80,51,64,62,81,85
l19,10=55,0,4,0,0,0,0,0,54,59,91,84,78,89,98,0,94,96,94,95,0,53,0,86,80,85,85,83,0,0,84,86,0,2,0,0,0,0,18,77,51,49,62,89,87
l20,10=0,0,0,0,0,0,0,0,71,78,70,63,67,1,76,0,74,65,63,87,77,0,99,86,77,85,84,84,0,0,0,0,78,79,0,81,73,0,79,67,63,31,60,72,70
l21,10=0,0,0,0,0,0,0,0,0,0,47,0,79,84,84,0,85,2,82,94,0,96,0,87,81,85,85,84,0,0,0,0,1,0,0,0,27,0,0,0,0,0,90,83,83
l22,10=0,0,0,0,0,0,0,1,53,67,71,62,50,69,61,0,71,70,74,73,76,95,77,0,82,85,85,86,0,0,0,0,77,79,0,77,69,46,79,73,67,65,68,74,66
l23,10=0,0,5,0,0,0,37,3,62,71,65,59,60,8,77,0,85,75,76,90,79,79,77,86,0,88,87,84,0,0,61,19,59,80,0,82,50,0,77,73,70,58,90,89,88
l24,10=0,37,0,0,0,0,63,0,39,70,70,69,71,68,80,0,78,65,75,93,82,90,77,86,82,0,87,75,0,0,1,36,77,74,0,75,72,41,78,0,74,67,66,88,32
l25,10=0,0,0,0,0,0,0,0,63,67,76,59,63,65,65,0,61,64,83,71,89,87,64,87,82,88,0,85,0,0,58,3,79,71,0,74,73,66,72,67,34,56,93,90,88
l26,10=0,0,0,0,0,0,0,5,71,25,64,68,65,60,78,0,75,51,74,89,76,94,74,88,80,76,85,0,0,0,0,0,79,83,0,78,77,80,79,67,44,70,92,74,70
l27,10=3,2,0,2,0,2,0,1,0,1,1,2,5,0,80,0,58,96,57,50,60,0,0,0,2,0,2,0,0,0,0,93,3,1,0,9,1,16,24,58,97,78,1,0,0
l28,10=11,1,1,0,5,3,0,0,0,2,8,3,3,7,95,0,92,96,44,25,33,0,0,0,1,1,0,0,0,0,89,0,23,16,0,4,0,0,66,14,97,55,12,6,0
l29,10=0,0,0,0,0,0,0,0,0,0,0,0,0,0,0,0,0,58,0,42,0,51,0,79,64,70,76,66,0,0,64,77,0,91,0,89,89,93,87,90,84,83,51,66,0
l30,10=0,0,0,0,0,0,0,0,0,0,0,0,0,0,32,0,40,0,0,42,0,42,0,80,75,69,66,80,0,0,40,73,88,0,0,88,89,93,88,90,92,88,11,0,17
l31,10=0,0,0,0,0,0,0,0,0,0,0,0,0,0,0,0,0,0,0,0,0,58,0,82,78,53,54,76,0,0,73,37,88,91,0,0,89,93,86,82,92,85,0,0,10
l32,10=0,0,0,0,0,0,0,0,0,0,0,0,0,0,0,0,0,50,0,0,0,57,4,72,66,72,70,77,0,0,60,0,88,91,0,89,0,93,86,89,77,83,0,0,0
l33,10=0,0,0,0,0,0,0,0,0,0,0,0,0,0,0,0,0,0,0,0,0,0,0,44,0,18,53,71,0,0,42,0,88,91,0,88,89,0,87,90,88,87,0,0,0
l34,10=0,0,0,0,0,0,0,0,0,0,0,0,2,0,0,0,0,70,0,55,4,52,0,80,75,70,67,72,0,0,70,79,88,91,0,88,89,93,0,90,97,88,16,0,0
l35,10=0,0,0,0,0,0,0,0,0,0,0,0,0,0,12,0,5,0,8,43,49,26,0,46,47,0,55,35,0,0,75,60,88,91,0,85,89,93,88,0,97,88,0,0,0
l36,10=0,0,0,0,0,1,0,0,0,0,0,0,5,0,76,0,67,60,7,52,83,5,0,12,46,73,1,4,0,0,56,75,83,91,0,88,83,91,88,93,0,88,18,5,0
l37,10=0,0,0,0,0,0,0,0,0,0,0,0,0,0,72,0,24,48,40,76,52,0,0,70,54,70,66,57,0,0,82,86,63,91,0,64,54,54,88,93,97,0,0,0,0
l38,10=0,0,0,0,0,0,0,0,0,0,0,0,63,0,76,0,14,69,48,76,78,78,67,83,78,68,82,78,0,0,0,34,48,5,0,0,0,0,21,0,2,0,0,90,91
l39,10=0,0,0,0,0,0,0,0,21,0,40,0,0,3,80,0,79,77,67,81,85,61,29,83,80,84,85,73,0,0,0,8,55,0,0,0,0,0,0,0,0,0,93,0,91
l40,10=0,0,0,0,0,0,0,0,0,0,5,0,1,0,32,0,0,58,76,75,80,74,47,72,78,62,80,73,0,0,0,0,0,0,0,0,0,0,0,0,0,0,93,89,0
l41,10=0,0,0,0,0,0,0,0,24,45,0,56,61,21,83,0,81,83,84,93,87,81,29,83,80,85,85,36,0,0,33,78,0,0,0,0,0,0,0,0,15,10,93,89,91
l42,10=0,0,0,0,0,0,0,0,0,0,0,0,2,0,69,0,56,57,65,86,82,74,23,85,79,81,84,84,0,0,0,0,0,0,0,3,0,0,52,0,0,40,92,90,89
l43,10=0,0,0,0,0,0,0,0,0,0,0,0,0,0,47,0,0,7,66,55,77,81,0,81,76,77,85,81,0,0,0,0,47,7,0,0,0,0,49,0,0,0,92,84,88
l44,10=0,0,0,0,0,0,0,0,0,0,40,0,15,0,65,0,54,0,50,69,55,74,65,85,80,85,85,61,0,0,0,0,29,0,0,0,26,0,0,0,15,0,93,86,91

l0,11=0,86,93,79,85,90,93,0,84,80,68,70,90,66,10,0,22,4,1,7,0,0,0,0,0,0,0,0,0,0,3,33,0,0,0,0,0,0,0,0,0,0,0,0,0
l1,11=75,0,93,79,87,90,93,0,84,79,64,18,90,65,46,0,17,51,14,5,3,0,0,0,0,2,0,0,0,0,7,5,0,0,0,0,0,0,0,0,0,0,0,0,0
l2,11=87,89,0,75,84,90,93,0,85,78,39,74,89,64,34,0,49,9,9,35,7,0,0,0,12,0,0,0,0,0,1,0,0,0,0,0,0,0,0,0,0,0,0,3,0
l3,11=90,89,88,0,88,90,93,0,84,58,20,44,65,43,4,0,11,0,0,0,0,0,0,0,0,0,0,0,0,0,16,15,0,0,0,0,0,0,0,0,0,0,0,0,0
l4,11=91,89,92,79,0,90,93,0,74,71,12,48,80,67,7,0,15,6,3,0,0,0,0,0,0,0,0,0,0,0,4,1,0,0,0,0,0,0,0,0,0,0,0,0,0
l5,11=89,89,94,79,88,0,93,0,50,76,69,80,89,78,0,0,14,7,6,5,0,0,0,0,0,0,0,0,0,0,3,10,0,0,0,0,0,0,0,0,0,0,0,0,0
l6,11=90,90,93,77,84,90,0,0,85,79,41,75,90,71,7,0,50,0,20,40,1,0,0,0,0,19,0,0,0,0,11,2,0,0,0,0,0,0,0,0,0,0,0,0,0
l7,11=90,90,93,74,82,90,93,0,86,90,68,80,90,80,76,0,83,74,0,57,47,72,0,49,12,48,39,45,0,0,0,0,0,0,0,0,0,0,0,0,0,0,0,4,0
l8,11=88,87,89,75,77,84,91,0,0,84,70,77,90,70,69,0,83,32,61,58,14,28,0,57,52,0,3,17,0,0,4,0,0,0,0,0,0,0,0,0,0,0,0,1,0
l9,11=88,87,88,67,78,85,90,0,83,0,70,88,90,79,74,0,87,16,22,19,16,45,0,35,74,30,11,14,0,0,4,1,0,0,0,0,0,0,0,0,0,0,2,0,0
l10,11=28,51,83,37,20,54,88,0,75,52,0,83,90,53,52,0,88,28,78,49,83,8,12,74,51,74,26,20,0,0,5,36,0,0,0,0,0,0,0,0,0,0,0,17,0
l11,11=48,55,89,4,25,85,90,0,83,89,71,0,90,80,83,0,85,0,73,50,57,0,0,28,5,27,39,0,0,0,0,3,0,0,0,0,0,0,0,0,0,0,0,0,0
l12,11=88,88,71,10,25,85,90,0,84,89,74,87,0,78,88,0,88,15,71,8,70,6,7,17,52,77,8,7,0,0,1,22,0,0,0,0,0,0,0,0,0,0,1,1,0
l13,11=86,81,89,36,79,89,93,0,83,91,73,89,90,0,62,0,87,25,70,18,55,38,6,51,9,36,27,7,0,0,3,13,0,0,0,0,0,0,0,0,4,0,0,1,0
l14,11=6,28,45,0,1,0,10,0,67,27,22,80,90,50,0,0,88,87,79,66,92,34,0,49,75,48,37,27,0,0,27,73,0,1,0,0,0,0,0,27,36,4,30,26,35
l15,11=24,14,78,10,21,25,81,0,67,89,76,75,90,72,90,0,0,47,79,84,92,77,12,78,78,79,53,21,0,0,27,72,0,0,0,0,0,0,0,8,16,7,16,25,19
l16,11=0,38,13,1,3,20,0,1,54,2,8,0,56,27,54,0,47,0,34,66,93,0,0,57,70,52,21,0,0,0,53,76,16,30,0,0,0,6,25,24,56,49,24,25,50
l17,11=0,32,16,0,1,19,76,0,69,21,73,85,86,65,92,0,88,87,0,86,92,84,3,83,79,82,55,26,0,0,28,69,0,0,0,0,0,0,3,0,19,26,4,23,49
l18,11=17,25,63,0,0,21,73,0,57,14,16,64,60,23,79,0,55,80,79,0,93,82,70,82,79,83,54,50,0,0,24,64,48,22,0,28,6,0,44,47,48,49,29,49,59
l19,11=0,22,24,0,0,0,14,0,51,16,17,71,85,43,92,0,88,89,79,87,0,84,0,62,79,83,67,27,0,0,22,68,0,0,0,0,0,0,1,42,49,44,5,26,61
l20,11=0,0,0,0,0,0,0,1,61,66,39,10,70,54,65,0,74,22,64,76,76,0,88,85,74,83,74,81,0,0,0,0,61,17,0,56,8,58,76,61,0,0,65,64,60
l21,11=0,0,0,0,0,0,0,0,9,0,51,43,77,50,58,0,74,0,58,80,0,92,0,85,77,83,78,81,0,0,0,0,61,48,0,0,13,45,69,0,3,0,78,62,71
l22,11=0,0,0,0,0,0,0,0,61,59,50,64,72,54,63,0,71,64,65,73,64,90,74,0,78,83,79,81,0,0,0,52,61,51,0,56,70,65,70,57,63,70,77,68,63
l23,11=0,0,7,0,0,0,0,0,52,43,16,46,76,9,40,0,76,66,67,77,78,80,75,86,0,84,83,79,0,0,42,0,69,46,0,68,0,19,76,48,39,26,55,75,76
l24,11=0,28,0,0,0,0,66,0,33,39,53,57,81,34,65,0,76,45,65,81,77,87,75,85,79,0,83,35,0,0,14,34,69,34,0,47,66,38,51,45,28,32,82,75,70
l25,11=0,0,0,0,0,0,0,0,47,18,15,55,63,29,68,0,59,42,65,66,77,82,72,84,79,84,0,75,0,0,0,52,67,44,0,53,72,0,14,42,37,41,82,73,73
l26,11=0,0,0,0,0,0,0,0,61,48,48,36,70,29,69,0,68,38,58,76,77,87,79,86,77,72,79,0,0,0,0,0,69,52,0,66,76,76,74,37,38,63,81,31,74
l27,11=2,13,0,0,0,9,25,0,18,1,0,0,3,4,7,0,2,89,39,53,3,0,0,0,11,1,0,0,0,0,0,76,18,7,0,5,6,6,1,57,94,23,0,9,4
l28,11=1,12,0,0,0,11,21,1,2,0,0,6,24,5,42,0,25,85,22,18,29,0,0,1,4,0,2,0,0,0,84,0,27,16,0,5,17,0,43,44,56,47,4,8,0
l29,11=0,0,0,0,0,0,0,0,0,0,0,0,0,0,0,0,0,27,0,41,0,33,9,68,59,66,68,68,0,0,57,52,0,70,0,84,79,83,85,81,84,77,16,50,0
l30,11=0,0,0,0,0,0,0,0,0,0,0,0,0,0,0,0,0,26,0,35,0,0,0,43,48,49,4,2,0,0,21,50,74,0,0,81,79,83,86,70,84,77,16,15,0
l31,11=0,0,0,0,0,0,0,0,0,0,0,0,0,0,0,0,0,0,0,43,0,27,0,32,64,57,19,24,0,0,52,49,81,70,0,0,84,86,85,77,49,77,0,18,0
l32,11=0,0,0,0,0,0,0,0,0,0,0,0,0,0,0,0,0,0,0,14,0,9,0,48,26,57,38,67,0,0,25,51,81,67,0,84,0,86,85,77,78,74,0,0,0
l33,11=0,0,0,0,0,0,0,0,0,0,0,0,0,0,0,0,0,7,0,0,0,2,0,20,45,38,0,30,0,0,34,0,81,70,0,84,84,0,85,75,59,51,0,0,0
l34,11=0,0,0,0,0,15,0,0,0,0,0,0,0,0,0,0,0,17,5,58,1,25,1,41,67,58,2,28,0,0,13,60,74,71,0,81,79,83,0,81,90,82,0,0,0
l35,11=0,0,0,0,0,0,0,0,0,0,0,0,0,0,12,0,1,8,0,49,20,8,0,22,68,59,12,2,0,0,56,62,74,40,0,54,49,83,86,0,94,85,0,0,0
l36,11=0,0,0,0,0,0,0,0,0,0,0,0,0,8,31,0,0,28,7,73,70,0,0,48,66,2,8,3,0,0,66,66,75,73,0,49,47,52,86,89,0,85,0,13,0
l37,11=0,0,0,0,0,0,0,0,0,0,0,0,0,0,5,0,0,42,7,54,70,0,0,50,13,2,16,4,0,0,23,59,71,70,0,77,76,80,86,89,94,0,0,3,0
l38,11=0,0,0,0,0,0,0,0,0,0,0,0,53,0,69,0,29,62,3,79,7,43,41,83,69,81,81,77,0,0,0,9,7,34,0,0,0,0,0,0,0,0,0,81,79
l39,11=0,0,0,0,0,0,0,0,0,0,4,0,7,0,70,0,73,57,45,76,73,50,0,84,77,81,80,22,0,0,23,50,54,24,0,5,0,0,0,0,19,0,85,0,84
l40,11=0,0,0,0,0,0,0,0,0,0,0,0,0,0,24,0,26,51,42,73,66,41,26,62,73,69,70,77,0,0,1,0,0,0,0,0,0,0,0,0,0,0,82,80,0
l41,11=0,0,0,0,0,0,0,0,54,20,15,69,10,39,33,0,77,74,74,86,76,82,44,84,76,83,81,79,0,0,20,64,0,0,0,0,0,0,0,0,20,36,85,80,79
l42,11=0,0,0,0,0,0,0,0,0,0,0,0,0,0,68,0,66,0,57,75,74,79,73,84,77,82,79,79,0,0,0,0,61,0,0,52,0,0,70,0,0,45,84,78,81
l43,11=0,0,0,0,0,0,0,0,0,0,0,0,8,0,55,0,3,50,1,69,63,75,0,84,73,82,81,78,0,0,0,0,5,51,0,49,7,0,63,0,0,0,84,73,81
l44,11=0,0,0,0,0,0,0,0,0,0,10,0,59,0,65,0,38,0,35,72,6,79,57,84,76,83,79,76,0,0,0,0,53,0,0,0,40,0,0,0,0,0,85,35,80

l0,12=0,85,81,82,77,86,77,0,72,88,82,81,65,76,28,0,81,0,0,23,0,0,0,0,0,0,0,0,0,0,0,0,0,0,0,0,0,0,0,0,0,0,0,0,0
l1,12=89,0,75,84,76,81,74,8,78,85,35,79,72,73,72,0,21,8,15,23,0,0,0,0,0,3,0,0,0,0,8,17,0,0,0,0,0,0,0,0,0,2,0,0,0
l2,12=89,84,0,79,73,84,77,0,73,85,81,79,55,73,28,0,9,0,56,58,8,2,0,1,0,0,1,0,0,0,0,17,0,0,0,0,0,0,0,0,0,0,0,0,0
l3,12=88,89,73,0,76,89,71,1,51,28,69,80,63,74,19,0,21,0,0,4,0,0,0,0,0,1,0,0,0,0,9,6,0,0,0,0,0,0,0,0,0,0,0,0,0
l4,12=89,91,82,82,0,87,78,2,72,83,9,81,52,75,0,0,11,6,0,0,0,0,0,0,0,0,0,0,0,0,7,9,0,0,0,0,0,0,0,0,0,0,0,0,0
l5,12=89,87,83,84,76,0,79,4,64,69,82,78,69,74,25,0,2,4,21,12,0,0,0,0,1,0,0,0,0,0,4,7,0,0,0,0,0,0,0,0,0,0,0,0,0
l6,12=89,86,76,82,73,84,0,1,73,75,82,80,65,75,28,0,44,49,67,72,0,0,0,0,3,0,0,0,0,0,19,0,0,0,0,0,0,0,0,0,0,0,0,0,0
l7,12=85,84,82,77,72,84,74,0,77,88,77,81,79,80,81,0,82,65,77,72,0,48,0,48,59,44,18,18,0,0,0,0,0,0,0,0,0,0,0,0,0,0,0,0,0
l8,12=84,84,81,66,69,80,77,0,0,86,82,76,45,72,83,0,82,64,81,62,32,4,3,30,33,20,37,56,0,0,0,0,0,0,0,0,0,0,0,0,0,0,0,0,0
l9,12=84,84,82,61,72,79,64,0,71,0,82,85,84,82,81,0,86,34,62,55,55,53,0,34,42,57,57,66,0,0,54,0,0,0,0,0,0,0,0,0,0,0,0,0,0
l10,12=48,42,60,57,30,50,47,2,78,74,0,84,86,81,83,0,89,59,87,86,81,15,15,38,33,53,14,38,0,0,20,41,0,0,0,0,0,0,0,0,0,0,13,5,0
l11,12=69,51,62,69,72,79,72,5,62,89,84,0,83,83,87,0,54,16,85,71,76,0,0,2,2,23,30,16,0,0,11,9,0,0,0,0,0,0,0,0,0,0,0,20,0
l12,12=81,83,34,50,64,81,73,0,56,89,84,84,0,82,88,0,88,55,84,68,75,0,21,22,72,75,14,7,0,0,18,18,0,0,0,0,0,0,0,0,2,0,17,0,0
l13,12=82,78,79,63,73,80,73,0,60,92,85,85,86,0,84,0,87,0,82,51,11,0,28,24,18,36,41,27,0,0,33,2,0,0,0,0,0,0,0,0,0,0,0,28,0
l14,12=19,47,20,0,0,26,5,0,77,72,51,53,82,79,0,0,89,72,87,88,93,32,0,10,50,66,80,77,0,0,73,76,0,0,0,0,0,0,1,0,69,31,65,51,32
l15,12=45,31,4,9,61,5,41,3,70,73,85,51,85,79,95,0,0,71,87,85,88,58,12,0,48,62,73,70,0,0,74,68,0,0,0,0,0,0,0,0,0,0,36,46,10
l16,12=0,3,0,0,49,5,9,8,67,30,34,5,41,0,84,0,52,0,87,90,93,0,0,10,9,0,54,25,0,0,76,76,0,3,0,0,0,1,5,30,82,77,36,48,19
l17,12=1,0,34,0,0,33,39,7,73,56,84,83,81,78,95,0,89,86,0,88,91,66,13,50,77,77,73,74,0,0,62,74,0,0,0,0,0,0,0,2,25,3,45,47,28
l18,12=36,38,53,2,0,40,38,0,56,50,43,43,66,54,89,0,82,86,87,0,93,76,73,54,78,78,78,82,0,0,63,60,63,28,0,13,0,0,60,56,68,66,58,47,53
l19,12=0,0,1,0,0,0,17,0,52,51,72,76,73,27,95,0,89,88,87,90,0,69,0,85,79,80,80,73,0,0,60,63,0,44,0,0,0,0,55,55,74,50,61,47,0
l20,12=0,0,9,0,0,0,0,3,50,64,50,24,46,0,67,0,62,28,62,84,70,0,87,85,74,73,63,82,0,0,0,0,0,67,0,49,39,31,59,58,9,40,49,61,0
l21,12=0,0,0,0,0,0,0,0,54,0,59,1,58,54,0,0,65,0,62,87,0,88,0,86,78,76,77,83,0,0,0,0,56,29,0,0,0,0,61,0,0,14,56,69,68
l22,12=0,0,0,0,0,0,0,6,57,54,56,28,48,45,57,0,0,61,69,80,75,82,77,0,77,77,81,82,0,0,0,0,73,70,0,72,59,26,64,69,44,51,53,80,64
l23,12=0,0,0,0,0,1,0,8,35,57,33,23,61,35,68,0,62,51,70,84,80,77,69,86,0,80,84,78,0,0,42,0,69,58,0,72,27,2,61,35,51,47,55,85,77
l24,12=0,0,0,0,0,0,9,3,48,62,55,46,65,45,75,0,63,41,70,86,84,82,70,86,79,0,84,80,0,0,48,37,68,67,0,46,27,0,57,47,54,0,69,74,66
l25,12=0,0,1,0,0,0,0,6,48,30,24,35,41,47,74,0,57,45,69,78,75,68,73,86,79,80,0,77,0,0,0,45,71,53,0,42,50,25,58,35,0,42,69,82,70
l26,12=0,0,0,0,0,0,0,13,58,66,57,54,46,44,67,0,59,58,62,80,68,82,78,86,75,72,74,0,0,0,0,44,72,69,0,71,61,4,62,51,46,42,54,63,63
l27,12=4,1,0,8,37,0,1,0,0,17,0,0,10,4,66,0,32,88,72,57,2,0,0,0,1,1,0,0,0,0,0,76,5,3,0,21,2,21,10,79,85,6,0,5,3
l28,12=0,2,0,0,40,0,3,0,0,0,9,0,16,3,68,0,19,87,74,13,2,0,0,0,0,0,0,4,0,0,76,0,7,3,0,9,28,0,67,67,80,79,0,8,1
l29,12=0,0,0,0,0,0,0,0,0,0,0,0,0,0,0,0,0,0,0,45,0,0,21,64,64,57,56,69,0,0,23,32,0,83,0,82,67,80,70,71,62,53,19,39,0
l30,12=0,0,0,0,0,0,0,0,0,0,0,0,0,0,0,0,0,26,0,33,34,59,13,65,32,60,43,66,0,0,22,24,79,0,0,82,65,79,70,74,68,56,31,2,0
l31,12=0,0,0,0,0,0,0,0,0,0,0,0,0,0,0,0,0,0,0,27,0,20,0,65,60,21,32,63,0,0,42,33,79,83,0,0,72,83,64,67,59,56,0,0,0
l32,12=0,0,0,0,0,0,0,0,0,0,0,0,0,0,0,0,0,0,0,0,0,18,0,41,36,26,52,47,0,0,25,34,79,73,0,82,0,84,70,68,55,54,0,0,0
l33,12=0,0,0,0,0,0,0,0,0,0,0,0,0,0,0,0,0,0,0,0,0,1,0,33,0,0,27,0,0,0,28,0,79,74,0,82,72,0,71,70,52,47,0,0,0
l34,12=0,0,0,0,0,0,0,0,0,0,0,0,0,0,1,0,0,37,6,45,27,30,46,65,51,33,34,68,0,0,46,58,79,83,0,80,68,80,0,79,81,77,7,42,0
l35,12=0,0,0,0,0,0,0,0,0,0,0,0,0,0,0,0,0,37,11,47,28,14,0,46,29,16,21,16,0,0,59,48,79,82,0,82,69,81,70,0,85,80,27,0,0
l36,12=0,0,0,0,0,0,0,0,0,0,0,0,6,0,30,0,0,72,12,67,55,0,0,19,40,41,0,0,0,0,68,67,74,82,0,67,63,64,72,85,0,80,0,0,0
l37,12=0,1,0,0,0,0,0,0,0,0,0,0,0,0,28,0,0,66,9,55,6,0,4,40,31,0,29,52,0,0,44,64,79,82,0,82,69,66,72,85,85,0,0,0,0
l38,12=0,0,0,0,0,0,0,0,0,0,8,0,21,0,78,0,32,58,65,77,70,67,13,76,70,72,80,78,0,0,0,0,0,20,0,0,0,0,0,13,0,0,0,89,83
l39,12=0,0,0,0,0,0,0,0,0,0,1,15,1,24,77,0,57,67,63,76,59,54,16,80,76,66,79,69,0,0,33,18,44,0,0,0,0,0,23,0,0,0,76,0,83
l40,12=0,0,0,0,0,0,0,0,0,0,0,0,0,0,46,0,15,61,40,80,0,5,58,71,75,70,77,76,0,0,23,0,0,0,0,0,0,0,0,0,0,0,74,87,0
l41,12=0,0,0,0,0,0,1,0,26,31,29,0,16,38,79,0,64,73,74,88,75,71,54,81,76,77,81,76,0,0,1,0,0,0,0,0,0,0,30,0,0,33,75,88,83
l42,12=0,0,0,0,0,0,0,0,0,0,0,0,1,0,50,0,0,0,41,81,68,74,51,82,75,75,81,78,0,0,0,0,0,0,0,9,0,0,49,10,0,0,76,88,82
l43,12=0,0,0,0,0,0,0,0,0,0,0,0,25,0,38,0,43,39,48,77,69,67,1,81,74,71,81,76,0,0,0,0,56,59,0,43,0,0,36,0,0,0,75,86,81
l44,12=0,0,0,0,0,0,0,0,0,0,31,0,0,0,60,0,50,0,15,76,65,84,0,81,75,74,80,77,0,0,0,0,61,25,0,0,0,0,0,0,0,0,76,86,78

l0,13=0,92,94,94,96,98,98,92,85,74,75,91,42,83,67,0,58,22,0,35,0,0,0,0,0,0,0,0,0,0,33,15,0,0,0,0,0,0,0,0,0,0,0,0,0
l1,13=92,0,94,92,95,98,97,88,94,81,8,83,87,73,77,0,81,78,0,25,0,0,0,0,0,2,0,0,0,0,38,14,0,0,0,0,0,0,0,0,0,0,0,0,0
l2,13=89,91,0,86,94,97,97,93,92,81,89,90,81,80,63,0,59,15,0,37,34,0,0,2,0,4,21,0,0,0,3,12,0,0,0,0,0,0,0,0,0,0,0,0,0
l3,13=85,89,80,0,96,98,94,62,80,38,78,25,22,43,8,0,34,4,39,31,0,0,0,0,0,0,0,0,0,0,30,17,0,0,0,0,0,0,0,0,0,0,0,0,0
l4,13=92,93,93,94,0,98,98,90,93,84,62,86,67,78,0,0,0,9,0,0,0,0,0,0,0,0,0,0,0,0,30,16,0,0,0,0,0,0,0,0,0,0,0,0,0
l5,13=92,93,94,94,95,0,98,93,89,50,93,44,86,82,7,0,31,8,39,32,0,0,0,0,0,0,0,0,0,0,12,3,0,0,0,0,0,0,0,5,5,0,0,0,0
l6,13=91,92,97,92,95,98,0,93,96,66,89,92,87,79,21,0,85,25,44,71,32,0,0,0,9,0,0,0,0,0,33,0,0,0,0,0,0,0,0,0,0,0,0,0,0
l7,13=89,92,95,87,95,98,97,0,96,93,91,94,93,93,95,0,93,9,91,83,0,17,4,54,56,62,46,0,0,0,0,0,0,0,0,0,0,0,0,0,0,0,0,1,0
l8,13=84,92,95,87,95,96,97,97,0,95,89,94,92,64,92,0,88,23,83,31,18,0,28,52,0,49,57,55,0,0,0,0,0,0,0,0,0,0,0,0,0,0,0,5,0
l9,13=87,90,90,25,90,93,67,80,90,0,93,95,95,96,91,0,94,44,68,83,36,52,1,40,76,58,43,63,0,0,55,24,0,0,0,0,0,0,0,0,0,0,0,0,0
l10,13=88,11,36,38,89,88,36,55,78,94,0,95,95,96,93,0,97,52,56,54,59,0,0,83,75,90,84,66,0,0,61,7,0,0,0,0,0,0,0,0,0,0,15,16,0
l11,13=89,34,94,36,91,87,96,88,94,96,96,0,95,97,92,0,72,2,54,48,26,38,0,19,44,0,78,80,0,0,24,26,0,0,0,0,0,0,0,0,0,0,0,37,0
l12,13=72,92,56,19,89,93,94,89,89,92,97,95,0,97,92,0,95,10,93,85,72,0,14,41,82,83,66,72,0,0,62,0,0,0,0,0,0,0,0,0,0,0,0,3,0
l13,13=86,58,91,34,90,93,95,95,82,96,97,95,95,0,91,0,96,19,86,41,29,21,32,62,54,79,52,38,0,0,0,17,0,0,0,0,0,0,0,0,0,0,3,46,0
l14,13=29,27,15,20,3,50,4,28,78,91,89,35,33,70,0,0,98,54,97,55,100,57,13,0,55,91,84,48,0,0,74,35,0,0,0,0,0,0,0,1,50,51,49,55,48
l15,13=75,58,31,29,13,72,91,65,87,92,97,90,95,97,96,0,0,67,97,94,95,63,58,69,82,90,47,84,0,0,80,53,0,0,0,0,0,0,0,0,0,1,13,0,12
l16,13=0,31,4,0,69,71,20,0,67,53,60,0,16,35,94,0,70,0,61,96,64,0,0,45,52,81,0,72,0,0,88,38,0,48,0,0,0,19,65,81,60,57,0,57,48
l17,13=0,0,0,2,0,72,33,33,77,83,85,34,59,70,96,0,98,57,0,96,100,58,54,80,84,89,79,77,0,0,73,36,0,0,0,0,0,0,0,40,49,6,52,53,49
l18,13=39,4,27,24,0,64,34,33,61,73,92,35,34,50,93,0,96,95,96,0,99,90,85,88,87,94,89,93,0,0,73,28,17,0,0,0,0,0,80,83,59,55,55,55,61
l19,13=0,0,25,0,0,10,21,0,32,80,91,11,57,67,96,0,98,95,97,96,0,64,64,88,89,96,86,84,0,0,82,35,0,15,0,0,0,0,25,83,89,35,56,55,55
l20,13=0,0,0,0,0,0,0,26,1,75,0,73,29,41,79,0,83,27,80,94,84,0,95,90,87,95,83,93,0,0,0,0,53,81,0,0,81,81,81,76,0,46,52,68,79
l21,13=0,0,0,0,0,0,0,70,84,6,0,0,86,87,77,0,89,2,87,89,89,98,0,90,88,90,85,94,0,0,0,0,68,43,0,60,1,0,83,0,0,0,85,88,88
l22,13=0,0,0,0,0,0,0,62,70,68,74,23,31,59,0,0,70,41,81,85,87,97,85,0,89,96,90,94,0,0,0,0,72,77,0,70,76,71,80,72,39,56,87,89,72
l23,13=0,0,0,0,0,0,1,60,0,65,69,24,73,46,73,0,78,64,89,90,96,91,87,92,0,96,91,92,0,0,0,14,74,60,0,69,72,0,80,63,35,74,94,98,80
l24,13=0,0,1,0,0,0,4,49,58,66,88,0,93,63,93,0,92,43,95,94,97,95,79,90,89,0,91,93,0,0,57,25,44,85,0,75,68,0,83,66,57,40,94,98,95
l25,13=0,0,7,0,0,0,0,28,62,61,72,41,38,39,84,0,39,17,46,89,85,69,78,90,89,96,0,82,0,0,47,0,40,50,0,72,50,58,59,57,40,48,95,95,92
l26,13=0,0,0,0,0,0,0,11,68,68,70,67,67,48,68,0,84,64,67,92,74,95,95,90,82,89,74,0,0,0,24,11,75,3,0,82,77,67,87,71,49,72,66,91,91
l27,13=0,0,0,8,46,12,10,0,0,6,14,1,5,0,93,0,70,95,6,24,56,0,0,0,0,9,3,12,0,0,0,98,7,36,0,50,9,1,32,87,96,56,7,0,0
l28,13=0,1,4,31,80,54,0,0,0,8,10,4,0,6,89,0,71,50,32,21,51,0,0,0,5,33,0,11,0,0,98,0,0,25,0,71,54,31,79,81,60,60,0,0,0
l29,13=0,0,0,0,0,0,0,0,0,0,0,0,0,0,0,0,0,0,0,21,0,44,26,64,63,68,61,68,0,0,36,0,0,93,0,87,91,94,91,91,92,62,0,20,0
l30,13=0,0,0,0,0,0,0,0,0,0,0,0,0,0,0,0,0,51,0,0,1,65,0,70,34,79,42,32,0,0,62,12,80,0,0,87,91,85,91,94,92,92,0,0,0
l31,13=0,0,0,0,0,0,0,0,0,0,0,0,0,0,0,0,0,0,0,0,0,0,3,61,63,29,64,75,0,0,54,46,80,93,0,0,91,94,91,76,87,92,7,13,0
l32,13=0,0,0,0,0,0,0,0,0,0,0,0,0,0,0,0,0,0,0,0,0,60,0,54,31,20,32,75,0,0,32,37,80,93,0,87,0,94,91,94,88,92,0,0,0
l33,13=0,0,0,0,0,0,0,0,0,0,0,0,0,0,0,0,0,42,0,0,0,67,0,37,0,0,58,52,0,0,0,34,80,85,0,87,91,0,89,86,82,47,0,0,0
l34,13=0,0,0,0,0,0,0,0,0,0,0,0,0,0,0,0,0,49,0,24,17,68,41,41,56,57,50,72,0,0,26,44,80,93,0,87,91,94,0,94,99,96,2,1,12
l35,13=0,0,0,0,0,11,0,0,0,0,0,0,0,0,0,0,2,30,4,28,39,46,0,29,26,46,53,61,0,0,87,3,80,93,0,82,91,94,91,0,99,96,31,0,0
l36,13=0,0,0,0,0,32,0,0,0,0,0,0,2,0,67,0,20,38,4,25,53,0,0,8,5,47,45,21,0,0,65,10,71,87,0,83,55,54,91,94,0,96,0,0,0
l37,13=0,0,0,0,1,0,0,0,0,0,0,0,0,0,53,0,0,86,4,51,25,44,0,20,27,43,52,47,0,0,62,92,50,93,0,87,91,37,91,94,99,0,0,0,0
l38,13=0,0,0,0,0,0,0,0,0,0,18,0,3,0,68,0,0,0,74,76,82,46,41,84,87,87,89,68,0,0,0,0,0,0,0,0,0,0,0,25,0,0,0,98,95
l39,13=0,0,0,0,0,0,0,1,1,0,63,28,10,48,93,0,0,61,84,79,66,44,28,81,87,92,88,86,0,0,0,7,20,0,0,0,0,0,8,0,0,0,95,0,95
l40,13=0,0,0,0,0,0,0,0,0,0,0,0,0,0,72,0,32,74,38,85,73,72,74,74,80,89,86,87,0,0,0,0,0,0,0,0,0,0,10,0,0,0,94,98,0
l41,13=0,0,0,0,0,0,0,0,22,0,85,0,30,8,84,0,88,92,95,94,96,87,40,79,87,94,89,83,0,0,41,0,22,0,0,0,0,0,0,0,0,47,94,98,95
l42,13=0,0,0,0,0,0,0,0,0,0,0,0,0,0,75,0,0,46,16,89,15,67,53,89,87,94,89,86,0,0,0,0,29,0,0,0,29,0,56,0,0,0,94,98,94
l43,13=0,0,0,0,0,0,0,0,0,0,0,15,14,0,10,0,51,8,8,77,71,88,55,70,86,84,89,90,0,0,0,0,30,0,0,0,63,0,15,0,0,0,94,98,90
l44,13=0,0,0,0,0,0,0,0,0,0,43,0,0,0,77,0,65,0,42,83,77,90,59,86,87,94,88,84,0,0,0,0,11,66,0,37,0,0,0,0,0,26,94,98,95

l0,14=0,100,95,98,97,99,98,98,98,95,94,98,98,95,82,0,41,1,69,0,0,0,0,0,0,0,0,0,0,0,73,1,0,0,0,0,0,0,0,0,0,0,0,0,0
l1,14=95,0,98,98,95,99,97,98,98,83,84,98,99,99,3,0,92,78,60,77,0,0,0,0,0,0,0,0,0,0,0,20,0,0,0,0,0,0,0,0,0,0,0,0,0
l2,14=67,54,0,94,95,99,97,98,98,98,96,98,99,97,97,0,88,88,82,46,21,0,0,0,0,4,0,0,0,0,2,0,0,0,0,0,0,0,0,0,0,0,0,0,0
l3,14=94,100,57,0,97,100,97,89,99,58,82,90,38,58,68,0,84,24,45,0,0,0,0,0,0,0,0,0,0,0,79,55,0,0,0,0,0,0,0,0,0,0,0,0,0
l4,14=96,94,87,98,0,99,98,89,98,82,82,98,38,98,70,0,85,59,34,0,0,0,0,0,0,0,0,0,0,0,81,58,0,0,0,0,0,0,0,0,0,0,0,0,0
l5,14=94,98,98,98,96,0,98,98,98,84,97,98,90,99,80,0,81,47,54,41,52,0,0,0,0,0,0,0,0,0,89,86,0,0,0,0,0,0,0,0,28,0,0,3,0
l6,14=71,59,98,98,95,99,0,98,99,97,97,98,99,99,68,0,97,60,97,96,0,0,0,0,0,0,0,0,0,0,50,67,0,0,0,0,0,0,0,0,0,0,0,8,0
l7,14=69,59,98,98,95,99,97,0,100,98,97,98,100,99,98,0,97,0,97,95,83,0,0,89,72,46,55,0,0,0,0,0,0,0,0,0,0,0,0,0,0,0,0,0,0
l8,14=67,54,98,98,95,99,97,99,0,98,97,98,99,99,98,0,97,91,97,94,1,74,0,82,82,40,96,84,0,0,2,14,0,0,0,0,0,0,0,0,0,0,0,52,0
l9,14=65,54,98,55,95,99,97,98,99,0,97,100,100,100,96,0,97,95,55,98,0,65,0,72,90,50,46,71,0,0,54,65,0,0,0,0,0,0,0,0,0,0,0,0,0
l10,14=71,47,57,54,70,100,100,99,100,100,0,100,100,100,82,0,100,99,100,60,71,0,0,80,93,61,56,57,0,0,84,80,0,0,0,0,0,0,0,0,46,0,46,0,0
l11,14=69,55,98,57,97,100,100,99,100,100,100,0,100,100,99,0,100,80,99,98,93,82,0,66,88,53,55,80,0,0,3,76,0,0,0,0,0,0,0,0,0,0,0,57,20
l12,14=80,98,98,58,53,79,99,99,99,100,100,100,0,100,99,0,100,0,100,98,81,78,78,75,100,99,48,0,0,0,31,85,0,0,0,0,0,0,0,0,0,0,0,68,0
l13,14=47,81,57,57,97,100,100,99,100,100,100,100,100,0,99,0,100,0,97,56,71,69,0,0,93,56,42,65,0,0,36,79,0,0,0,0,0,0,0,0,0,0,0,56,0
l14,14=74,0,55,9,42,84,31,54,57,60,88,83,53,56,0,0,100,96,100,63,100,41,0,80,89,55,51,47,0,0,88,89,0,25,0,0,0,0,0,19,41,63,22,93,55
l15,14=50,96,46,42,56,84,97,63,61,69,100,94,100,62,100,0,0,90,100,59,82,99,0,83,50,60,50,70,0,0,88,89,0,0,0,0,0,0,0,28,21,0,21,64,85
l16,14=5,85,30,19,24,81,75,0,25,25,93,75,0,0,87,0,75,0,100,99,100,0,0,50,91,44,24,32,0,0,99,98,84,49,0,0,0,0,18,62,92,57,36,53,73
l17,14=55,25,26,31,41,83,85,54,57,25,100,100,100,60,100,0,100,100,0,99,100,0,80,82,94,68,52,69,0,0,90,94,0,0,0,0,0,0,9,0,0,59,24,100,86
l18,14=0,84,2,0,0,81,94,56,60,68,98,95,59,59,99,0,98,100,100,0,98,99,98,95,98,61,98,76,0,0,96,98,46,49,0,18,0,0,58,56,90,95,97,99,96
l19,14=0,0,0,0,0,95,0,62,7,3,98,95,60,60,100,0,100,100,100,99,0,98,6,96,100,100,99,74,0,0,98,99,0,0,0,0,0,0,10,62,91,93,97,98,96
l20,14=0,0,0,0,0,0,0,0,89,87,0,91,84,85,91,0,97,0,0,96,94,0,100,95,98,100,97,100,0,0,0,0,81,92,0,83,94,91,98,91,0,88,91,88,92
l21,14=0,0,0,0,0,0,0,2,0,0,0,0,97,0,53,0,9,0,99,96,71,100,0,95,99,100,98,99,0,0,0,0,88,0,0,1,0,0,93,0,0,0,88,96,97
l22,14=0,0,0,0,0,0,0,82,99,48,69,62,64,1,93,0,91,85,88,97,98,100,99,0,100,100,100,100,0,0,0,42,88,93,0,49,92,91,98,92,81,81,97,97,0
l23,14=0,0,0,0,0,0,0,52,76,69,69,81,98,88,99,0,69,96,99,96,98,96,99,96,0,100,100,98,0,0,74,63,88,90,0,97,92,73,98,70,85,84,98,99,98
l24,14=0,0,0,0,0,0,0,51,46,55,97,78,98,82,99,0,97,91,99,95,98,99,88,97,100,0,100,98,0,0,80,64,86,88,0,61,36,0,54,49,84,83,98,99,98
l25,14=0,0,0,0,0,0,0,72,97,62,89,94,88,45,99,0,94,87,99,96,98,99,99,96,100,100,0,98,0,0,20,0,85,66,0,83,83,72,42,76,87,89,98,99,98
l26,14=0,0,0,0,0,0,0,35,98,95,52,97,4,84,91,0,95,82,74,95,92,99,99,95,96,100,96,0,0,0,64,0,86,94,0,95,96,95,95,90,75,74,88,93,98
l27,14=38,56,7,45,64,95,87,0,10,16,93,82,44,3,81,0,100,100,62,57,82,0,0,0,87,45,7,19,0,0,0,100,95,70,0,52,54,84,60,57,100,100,0,56,0
l28,14=26,0,0,42,39,100,1,0,0,0,79,55,56,17,86,0,94,99,40,57,82,0,0,32,96,23,0,0,0,0,99,0,96,64,0,60,62,79,50,35,75,99,33,0,0
l29,14=0,0,0,0,0,0,0,0,0,0,0,0,0,0,0,0,0,40,0,0,0,64,37,80,98,100,98,95,0,0,95,68,0,100,0,99,100,100,99,100,99,100,0,48,0
l30,14=0,0,0,0,0,0,0,0,0,0,0,0,0,0,63,0,0,26,16,67,0,57,0,79,97,100,64,83,0,0,95,59,99,0,0,99,100,100,99,99,100,100,40,0,62
l31,14=0,0,0,0,0,0,0,0,0,0,0,0,0,0,0,0,0,38,0,43,0,46,0,11,96,51,55,78,0,0,78,80,99,100,0,0,100,100,99,93,100,100,38,0,0
l32,14=0,0,0,0,0,0,0,0,0,0,0,0,0,0,0,0,0,0,0,0,0,51,0,75,82,29,56,81,0,0,62,73,99,100,0,99,0,100,99,100,79,100,0,0,0
l33,14=0,0,0,0,0,0,0,0,0,0,0,0,0,0,0,0,0,0,0,0,0,52,0,89,66,0,57,89,0,0,89,76,99,97,0,99,100,0,95,92,94,87,0,0,0
l34,14=0,0,0,0,0,0,0,0,0,0,0,0,0,0,0,0,0,20,14,83,0,63,34,54,98,52,40,60,0,0,62,46,99,100,0,99,100,100,0,100,100,100,1,0,0
l35,14=0,0,0,0,0,0,0,0,0,0,0,0,0,0,75,0,35,61,0,88,88,63,0,53,91,70,0,45,0,0,66,81,99,100,0,60,100,99,99,0,100,100,0,6,0
l36,14=0,0,0,0,22,66,0,0,0,0,43,0,9,0,76,0,29,59,0,94,76,0,0,39,92,59,32,33,0,0,98,77,98,100,0,61,60,95,99,100,0,100,0,2,0
l37,14=0,0,0,0,24,14,0,0,0,0,0,0,0,0,76,0,0,57,28,96,67,54,0,51,100,54,32,12,0,0,98,100,99,100,0,99,100,90,99,100,100,0,42,0,0
l38,14=0,0,0,0,0,0,0,0,0,0,78,0,0,0,17,0,1,46,61,93,74,71,12,93,98,100,97,94,0,0,0,54,0,55,0,28,0,0,0,0,0,19,0,100,98
l39,14=0,0,0,0,0,0,0,11,38,0,0,60,44,41,87,0,56,83,89,94,47,67,71,74,98,97,98,68,0,0,64,0,60,0,0,0,0,0,0,0,0,0,98,0,98
l40,14=0,0,0,0,0,0,0,0,0,0,0,0,0,0,83,0,87,89,87,93,80,72,77,5,96,96,94,98,0,0,0,0,0,64,0,0,0,0,0,0,0,0,98,98,0
l41,14=0,0,0,0,0,0,0,0,0,47,84,69,87,0,98,0,95,98,97,95,98,84,0,95,98,100,97,98,0,0,2,75,72,0,0,0,0,0,0,37,79,78,98,99,97
l42,14=0,0,0,0,0,0,0,0,0,0,0,0,11,0,91,0,57,32,86,93,82,78,80,92,98,100,97,94,0,0,0,0,63,0,0,19,0,0,0,0,0,0,97,98,98
l43,14=0,0,0,0,0,0,0,0,0,0,0,0,0,0,0,0,0,78,0,82,79,96,66,90,98,100,97,98,0,0,0,0,65,64,0,13,70,0,70,51,0,7,97,98,98
l44,14=0,0,0,0,0,0,0,0,0,0,0,0,74,0,91,0,85,72,0,94,87,97,76,86,98,99,97,98,0,0,0,0,0,62,0,0,3,0,0,0,0,18,97,98,98

l0,15=0,100,83,100,99,100,100,100,100,97,93,80,93,96,56,0,66,94,77,74,0,0,0,0,0,0,0,0,0,0,81,89,0,0,0,0,0,0,0,0,0,0,0,0,0
l1,15=98,0,83,95,98,100,98,98,98,97,46,80,93,96,30,0,96,93,82,74,0,0,0,0,38,0,0,0,0,0,36,0,0,0,0,0,0,0,0,0,0,0,0,0,0
l2,15=67,85,0,95,98,94,98,98,98,98,51,78,93,95,57,0,59,95,80,79,0,0,0,0,0,2,0,24,0,0,84,0,0,0,0,0,0,0,0,0,0,0,0,0,0
l3,15=100,99,83,0,99,100,99,98,69,97,93,80,93,70,57,0,53,97,77,15,0,0,0,0,0,0,0,0,0,0,84,88,0,0,0,0,0,0,0,0,0,0,0,0,0
l4,15=100,98,83,100,0,100,98,98,98,97,54,80,93,96,57,0,55,94,76,79,0,0,0,0,0,0,0,0,0,0,88,55,0,0,0,0,0,0,0,0,0,0,0,0,0
l5,15=98,100,83,95,99,0,98,90,94,64,93,80,93,96,57,0,60,96,82,82,93,0,0,0,0,0,0,0,0,0,89,89,0,0,0,0,0,0,0,0,82,7,0,0,0
l6,15=100,84,99,95,98,100,0,100,99,97,92,80,93,96,99,0,97,98,82,82,2,17,0,0,0,0,0,0,0,0,90,0,0,0,0,0,0,0,0,0,0,0,0,0,0
l7,15=98,85,83,95,97,90,98,0,100,98,91,80,93,96,99,0,97,92,82,84,98,91,0,64,0,94,94,87,0,0,0,0,0,0,0,0,0,0,0,0,0,0,0,0,0
l8,15=98,85,83,53,98,96,98,100,0,98,91,80,92,96,100,0,94,72,82,83,97,74,0,92,93,53,95,88,0,0,81,89,0,0,0,0,0,0,0,0,0,0,0,20,0
l9,15=98,85,83,94,98,96,98,100,98,0,93,80,93,99,58,0,96,98,82,86,78,58,0,55,0,98,84,91,0,0,0,0,0,0,0,0,0,0,0,0,0,0,0,14,0
l10,15=58,71,77,91,59,100,87,98,100,100,0,96,100,99,65,0,62,97,100,92,88,0,0,56,91,98,97,81,0,0,29,64,0,0,0,0,0,0,0,0,0,0,52,56,87
l11,15=100,99,99,91,76,100,100,100,100,100,98,0,100,99,87,0,100,74,100,100,99,77,0,2,93,90,88,66,0,0,72,88,0,0,0,0,0,0,0,0,0,0,3,14,0
l12,15=98,85,83,87,61,100,100,100,69,100,98,96,0,99,58,0,100,96,100,86,97,73,55,56,99,100,98,0,0,0,82,0,0,0,0,0,0,0,0,0,0,0,0,56,0
l13,15=98,100,83,63,98,100,100,100,99,100,98,96,100,0,99,0,100,93,83,84,55,72,2,52,92,95,0,87,0,0,66,56,0,0,0,0,0,0,0,0,0,0,0,0,0
l14,15=47,0,91,68,48,56,49,99,71,51,56,57,94,73,0,0,100,99,100,100,98,0,0,55,94,99,92,67,0,0,83,97,0,49,0,0,0,0,0,82,58,32,24,62,92
l15,15=54,95,98,71,50,58,89,100,71,61,57,96,100,76,100,0,0,100,100,100,100,74,49,55,98,97,99,91,0,0,97,95,0,19,0,0,0,0,38,0,49,25,45,62,95
l16,15=22,74,87,52,61,52,56,56,29,57,57,65,97,61,100,0,100,0,100,100,100,28,0,45,81,0,60,63,0,0,100,98,40,20,0,1,0,0,78,100,100,99,0,60,91
l17,15=52,82,80,66,45,58,84,99,100,61,98,96,100,83,100,0,100,100,0,100,100,81,54,58,99,100,92,88,0,0,100,98,0,0,0,0,0,0,0,0,94,34,54,62,44
l18,15=43,60,69,0,50,52,48,99,71,61,53,95,99,70,99,0,63,100,100,0,98,87,59,58,99,98,100,90,0,0,86,46,0,54,0,13,0,0,82,77,99,58,58,99,98
l19,15=0,0,0,0,0,56,37,99,70,57,54,95,99,58,100,0,100,100,100,100,0,81,24,78,99,100,100,86,0,0,92,97,30,0,0,0,0,0,84,95,99,73,56,62,98
l20,15=0,0,0,0,0,0,31,85,61,50,2,67,67,70,20,0,85,67,91,100,75,0,100,92,94,100,90,99,0,0,0,0,72,50,0,0,75,67,81,68,0,60,76,69,67
l21,15=0,0,0,0,0,0,0,55,0,0,0,0,78,64,8,0,85,0,85,100,64,99,0,94,98,98,97,99,0,0,0,0,66,45,0,0,60,0,78,0,0,0,87,88,77
l22,15=0,0,0,0,0,0,0,77,53,41,83,23,67,42,81,0,82,66,78,94,73,86,76,0,99,100,99,99,0,0,0,0,57,31,0,21,62,81,76,51,66,57,75,60,57
l23,15=0,0,0,0,0,0,0,0,69,0,73,65,80,70,74,0,78,93,96,100,93,85,86,94,0,100,100,90,0,0,53,38,69,74,0,50,35,37,75,64,68,80,96,98,95
l24,15=0,0,0,0,0,0,0,78,35,86,97,69,99,87,99,0,83,49,100,96,98,98,80,94,99,0,100,90,0,0,61,42,58,72,0,52,59,0,78,0,80,76,83,86,80
l25,15=0,0,0,0,0,0,0,74,83,29,85,52,69,15,84,0,84,81,62,100,78,85,76,95,99,100,0,81,0,0,0,0,57,57,0,21,63,71,54,68,63,75,94,98,68
l26,15=0,0,0,0,0,0,0,79,74,83,73,50,18,75,81,0,83,77,72,87,65,98,99,94,98,88,94,0,0,0,0,0,57,75,0,39,59,74,74,29,72,74,69,54,92
l27,15=30,66,93,73,57,56,61,0,40,0,11,68,74,21,38,0,27,100,97,94,56,0,0,0,82,53,0,0,0,0,0,98,52,58,0,40,57,87,89,96,100,73,0,50,0
l28,15=38,0,0,78,48,58,18,0,40,0,39,85,12,48,57,0,23,100,100,82,79,0,0,0,72,51,0,0,0,0,100,0,61,23,0,33,58,86,91,100,100,74,24,28,0
l29,15=0,0,0,0,0,0,0,0,0,0,0,0,0,0,0,0,0,79,0,30,1,86,29,79,86,94,92,93,0,0,59,62,0,98,0,95,95,99,99,95,83,79,0,27,43
l30,15=0,0,0,0,0,0,0,0,0,0,0,0,0,0,41,0,32,47,0,92,0,45,0,62,85,65,64,93,0,0,80,55,98,0,0,95,74,90,99,81,88,91,47,35,64
l31,15=0,0,0,0,0,0,0,0,0,0,0,0,0,0,0,0,0,44,0,51,0,0,0,34,76,75,45,46,0,0,55,52,98,98,0,0,97,99,97,91,96,81,3,0,65
l32,15=0,0,0,0,0,0,0,0,0,0,0,0,0,0,0,0,0,0,0,0,0,77,27,68,67,67,87,67,0,0,60,57,98,85,0,95,0,99,99,95,88,95,0,0,0
l33,15=0,0,0,0,0,0,0,0,0,0,0,0,0,0,0,0,0,0,0,0,0,59,0,60,65,0,71,54,0,0,51,50,98,78,0,95,97,0,93,96,94,71,0,0,0
l34,15=0,0,0,0,0,0,0,0,0,0,0,0,0,0,0,0,4,63,0,92,38,61,17,65,78,55,53,74,0,0,84,65,98,98,0,93,94,93,0,100,100,100,0,0,66
l35,15=0,0,0,0,0,0,0,0,0,0,0,0,0,0,16,0,1,64,0,81,43,40,0,43,76,0,72,70,0,0,78,63,98,98,0,73,97,98,99,0,100,100,0,0,0
l36,15=0,0,0,0,3,19,0,0,0,0,8,0,3,0,17,0,18,82,85,85,48,0,0,43,76,56,56,73,0,0,97,96,43,97,0,65,80,91,99,100,0,100,0,21,0
l37,15=0,0,0,0,0,1,0,0,0,0,0,0,0,0,14,0,0,77,67,83,53,0,0,39,76,82,66,70,0,0,88,96,98,98,0,95,97,85,99,100,100,0,0,0,0
l38,15=0,0,0,0,0,0,0,0,0,0,45,0,0,0,40,0,29,15,65,91,62,70,14,86,98,91,91,76,0,0,0,21,0,29,0,0,0,0,0,0,0,0,0,100,97
l39,15=0,0,0,0,0,0,0,0,0,0,22,0,48,0,87,0,73,79,82,98,88,70,21,68,97,91,99,42,0,0,25,0,4,0,0,0,0,0,0,0,1,0,96,0,98
l40,15=0,0,0,0,0,0,0,0,0,0,44,0,0,0,68,0,63,58,13,92,71,86,44,61,96,92,91,91,0,0,0,0,16,45,0,34,0,0,44,0,0,0,94,99,0
l41,15=0,0,0,0,0,0,0,12,0,31,79,0,66,78,95,0,77,96,100,100,98,93,20,92,98,99,99,90,0,0,41,4,0,0,0,0,0,0,59,0,0,0,96,100,96
l42,15=0,0,0,0,0,0,0,0,0,0,0,0,47,0,53,0,49,69,69,97,56,94,52,92,98,98,90,80,0,0,0,0,0,7,0,0,0,0,1,0,0,20,96,99,98
l43,15=0,0,0,0,0,0,0,0,0,0,1,0,0,0,13,0,1,49,42,74,76,79,9,88,77,95,93,77,0,0,0,0,0,51,0,40,31,0,63,33,0,0,95,97,66
l44,15=0,0,0,0,0,0,0,0,0,0,0,0,6,0,60,0,63,11,60,92,51,96,48,87,98,81,99,84,0,0,0,2,37,42,0,0,34,0,29,0,0,0,95,97,98

