l0,0=0,90,95,96,97,94,97,98,86,91,94,91,51,94,79,0,87,13,52,63,0,0,0,0,0,0,0,0,0,0,58,52,0,0,0,0,0,0,0,0,5,0,0,0,0
l1,0=56,0,95,96,58,94,99,97,94,86,94,91,21,95,29,0,81,70,6,23,0,0,0,0,0,0,0,0,0,0,33,54,0,0,0,0,0,0,0,0,7,0,0,0,0
l2,0=95,92,0,96,58,94,99,100,95,86,94,91,91,95,28,0,87,77,52,72,71,15,0,0,0,0,58,0,0,0,0,52,0,0,0,0,0,0,0,0,0,0,0,0,0
l3,0=95,93,93,0,98,94,75,94,56,80,89,85,50,93,56,0,83,82,0,0,2,0,0,0,0,0,0,0,0,0,60,52,0,0,0,0,0,0,0,0,0,0,0,0,0
l4,0=94,91,87,96,0,94,72,92,56,85,91,78,19,90,28,0,83,0,0,0,0,0,0,0,0,0,0,0,0,0,28,52,0,0,0,0,0,0,0,0,0,0,0,0,0
l5,0=95,93,96,96,98,0,97,100,55,62,91,85,51,55,0,0,83,72,27,0,40,0,0,0,0,0,0,0,0,0,27,52,0,0,0,0,0,0,0,0,51,19,0,0,0
l6,0=95,93,96,96,60,94,0,100,95,90,95,91,91,86,32,0,87,70,6,23,42,0,0,0,0,0,0,0,0,0,32,43,0,0,0,0,0,0,0,0,0,0,0,0,0
l7,0=95,92,96,94,98,94,99,0,95,93,95,91,91,95,90,0,88,0,93,88,89,0,68,79,55,79,75,0,0,0,47,0,0,0,0,0,0,0,0,0,0,0,0,8,0
l8,0=92,92,96,96,96,94,99,100,0,93,95,91,91,95,57,0,88,77,52,83,49,0,75,34,23,36,67,38,0,0,0,0,0,0,0,0,0,0,0,0,0,0,0,5,0
l9,0=94,90,64,54,94,94,97,99,95,0,95,91,91,95,88,0,88,19,5,8,49,20,0,35,23,27,36,4,0,0,1,17,0,0,0,0,0,0,0,0,0,0,0,5,0
l10,0=32,37,74,23,54,92,97,69,55,89,0,90,91,30,17,0,88,53,81,64,75,6,42,37,41,67,72,46,0,0,0,10,0,0,0,0,0,0,0,0,7,0,20,0,0
l11,0=92,90,92,92,26,93,97,96,95,93,95,0,91,95,86,0,88,68,2,80,88,6,10,0,41,9,44,46,0,0,0,4,0,0,0,0,0,0,0,0,0,0,26,4,0
l12,0=92,89,93,85,51,93,97,95,91,89,95,91,0,95,86,0,88,80,88,81,95,0,0,15,16,36,78,55,0,0,20,49,0,0,0,0,0,0,0,0,0,0,0,5,16
l13,0=92,92,96,89,93,93,97,98,95,93,94,91,91,0,86,0,88,84,89,45,60,21,0,41,0,50,0,10,0,0,7,35,0,0,0,0,0,0,0,0,0,0,5,0,10
l14,0=11,22,19,23,33,0,49,33,26,35,28,52,38,27,0,0,85,82,94,77,100,0,20,36,0,49,44,36,0,0,48,25,0,22,0,0,0,0,0,20,28,0,30,27,27
l15,0=7,26,46,16,12,53,89,69,32,44,95,91,61,95,88,0,0,32,94,16,86,51,26,38,41,67,73,59,0,0,41,8,15,0,0,0,0,0,0,0,11,0,39,22,16
l16,0=0,15,22,20,0,39,77,0,25,0,79,72,33,26,35,0,71,0,36,30,79,0,0,19,42,60,68,0,0,0,55,86,8,0,0,6,0,51,69,52,82,77,56,24,7
l17,0=6,23,35,0,0,73,82,35,28,28,95,3,34,43,91,0,88,89,0,54,89,55,0,35,43,46,71,50,0,0,45,42,0,0,0,0,0,0,0,0,0,12,56,6,15
l18,0=4,20,41,0,0,0,70,35,28,0,90,71,37,10,88,0,41,87,57,0,99,89,74,39,49,87,84,68,0,0,2,46,17,5,0,5,0,0,56,17,87,52,62,29,22
l19,0=0,0,42,0,0,17,63,33,15,13,91,83,61,13,91,0,85,88,94,89,0,74,63,36,49,88,84,26,0,0,55,86,0,10,0,0,0,0,0,41,90,44,36,83,21
l20,0=0,0,17,0,0,0,0,0,0,45,44,24,0,43,0,0,75,0,80,88,83,0,90,98,78,88,85,92,0,0,0,0,66,70,0,86,76,45,69,50,0,48,67,71,73
l21,0=0,0,0,0,0,0,0,75,80,0,83,1,0,0,50,0,74,0,0,83,80,97,0,73,88,77,79,93,0,0,0,0,62,76,0,0,3,0,59,53,0,0,0,24,77
l22,0=0,0,0,0,0,0,0,50,60,62,74,0,4,64,80,0,81,55,63,88,88,95,67,0,88,80,87,92,0,0,0,33,94,96,0,85,84,70,80,68,70,41,56,83,84
l23,0=0,0,0,0,0,0,0,27,6,4,60,51,10,0,0,0,63,75,83,76,91,86,90,98,0,90,87,90,0,0,0,25,74,56,0,36,0,0,63,3,42,80,71,83,94
l24,0=0,0,0,0,0,0,0,57,15,19,87,21,30,60,81,0,85,65,60,88,92,95,65,70,89,0,87,79,0,0,0,50,8,82,0,5,40,29,54,63,53,44,71,83,88
l25,0=0,0,28,0,0,0,0,54,35,16,76,49,63,0,47,0,71,58,77,88,89,88,79,99,89,90,0,92,0,0,18,0,84,72,0,25,58,61,47,61,54,66,70,83,90
l26,0=0,0,0,0,0,0,0,0,23,5,73,42,53,6,78,0,83,19,84,88,69,96,90,98,88,86,85,0,0,0,2,13,86,91,0,96,63,58,92,68,30,52,71,3,92
l27,0=8,31,0,28,3,19,78,26,0,0,0,0,20,6,16,0,49,88,30,6,35,0,0,0,0,0,32,0,0,0,0,86,27,57,0,48,36,62,85,93,62,86,13,0,15
l28,0=7,27,36,18,3,22,57,0,0,12,33,28,33,13,5,0,41,89,22,20,44,0,0,29,34,54,0,0,0,0,89,0,53,59,0,54,74,68,78,92,93,96,0,0,3
l29,0=0,0,0,0,0,0,0,0,0,0,0,0,0,0,0,0,33,27,0,46,0,69,60,96,68,5,85,81,0,0,52,84,0,98,0,99,99,100,98,95,93,97,0,0,0
l30,0=0,0,0,0,0,0,0,0,0,0,0,0,0,0,3,0,0,0,0,0,0,77,67,85,48,73,75,53,0,0,89,81,100,0,0,99,99,100,98,95,93,97,31,12,3
l31,0=0,0,0,0,0,0,0,0,0,0,0,0,0,0,0,0,0,26,0,15,0,87,50,86,37,9,59,88,0,0,80,61,100,98,0,0,99,100,98,95,93,97,32,0,21
l32,0=0,0,0,0,0,0,0,0,0,0,0,0,0,0,0,0,0,0,0,1,0,79,56,80,0,58,73,75,0,0,27,75,100,98,0,99,0,100,98,92,77,85,28,0,0
l33,0=0,0,0,0,0,0,0,0,0,0,0,0,0,0,0,0,0,61,0,0,0,60,0,76,0,31,72,53,0,0,59,76,100,98,0,99,99,0,93,88,89,0,0,0,0
l34,0=0,0,0,0,0,0,0,0,0,0,0,0,0,0,0,0,0,39,0,45,0,81,29,91,76,52,68,87,0,0,89,41,100,98,0,99,99,99,0,95,93,97,13,9,0
l35,0=0,0,0,0,0,0,0,0,0,0,0,0,0,0,0,0,0,20,0,5,16,75,25,56,0,79,78,34,0,0,89,52,100,98,0,99,99,98,98,0,93,97,10,0,0
l36,0=0,0,0,0,0,10,0,0,0,0,9,0,0,0,2,0,21,53,0,25,39,0,0,15,17,23,31,0,0,0,31,55,69,98,0,96,90,92,97,95,0,97,0,9,0
l37,0=0,0,0,0,0,10,0,0,0,0,0,0,0,0,1,0,14,54,23,58,34,42,0,32,79,45,79,26,0,0,89,86,99,98,0,99,91,24,98,95,93,0,12,0,0
l38,0=0,0,0,0,0,0,0,0,0,0,43,26,0,0,69,0,57,45,65,72,72,65,0,50,81,88,75,64,0,0,5,0,0,43,0,30,22,0,27,11,0,16,0,83,94
l39,0=0,0,0,0,0,0,0,5,12,7,7,7,19,0,49,0,33,37,11,72,84,25,9,66,86,88,85,5,0,0,0,0,0,27,0,0,0,0,18,0,7,0,71,0,94
l40,0=0,0,0,0,0,0,0,0,0,0,0,0,15,0,64,0,29,16,10,68,74,62,52,65,88,83,73,73,0,0,26,0,0,18,0,19,0,0,0,0,0,0,70,83,0
l41,0=0,0,0,0,0,0,0,0,0,16,45,0,0,28,36,0,79,81,87,87,95,28,23,89,87,88,81,78,0,0,35,4,4,17,0,0,0,0,0,5,13,0,71,83,92
l42,0=0,0,0,0,0,0,0,0,0,0,32,0,0,0,59,0,44,39,50,66,70,65,55,83,88,88,85,43,0,0,0,0,0,40,0,0,2,0,25,0,0,0,70,83,92
l43,0=0,0,0,0,0,0,0,0,0,0,34,0,0,0,0,0,25,28,36,69,51,71,47,87,86,86,70,64,0,0,0,0,19,43,0,0,9,0,5,0,0,0,70,83,94
l44,0=0,0,0,0,0,0,0,0,0,0,21,23,0,0,66,0,0,39,38,65,66,60,59,49,85,87,81,66,0,0,0,0,11,14,0,16,0,0,0,15,0,0,71,83,91

l0,1=0,92,97,96,94,98,96,72,88,92,82,94,87,90,33,0,54,46,0,0,0,0,0,0,0,0,0,0,0,0,8,0,0,0,0,0,0,0,0,0,0,0,0,0,0
l1,1=95,0,92,91,94,98,96,43,88,92,76,94,81,90,29,0,28,0,57,36,15,0,0,0,0,0,0,0,0,0,7,0,0,0,0,0,0,0,0,0,0,0,0,0,0
l2,1=98,92,0,96,95,98,96,100,93,94,82,94,87,93,49,0,54,50,66,37,17,0,0,0,0,35,24,0,0,0,0,32,0,0,0,0,0,0,0,0,0,0,0,0,0
l3,1=99,92,80,0,97,98,45,36,93,91,78,89,82,89,45,0,52,51,0,0,0,0,0,0,0,0,0,0,0,0,21,21,0,0,0,0,0,0,0,0,0,0,0,0,0
l4,1=98,92,76,96,0,98,45,42,88,91,47,89,86,87,0,0,52,49,0,0,0,0,0,0,0,0,0,0,0,0,20,23,0,0,0,0,0,0,0,0,0,0,0,0,0
l5,1=99,92,97,48,95,0,96,44,88,0,51,88,87,61,35,0,27,1,54,0,0,0,0,0,0,0,0,0,0,0,7,13,0,5,0,0,0,0,0,0,31,29,0,0,0
l6,1=97,92,97,47,90,98,0,69,90,92,82,94,87,90,33,0,29,43,69,35,9,0,0,0,0,0,0,0,0,0,7,1,0,0,0,0,0,0,0,0,0,0,0,0,0
l7,1=98,92,97,28,92,98,96,0,93,94,82,94,87,93,79,0,83,0,58,27,34,35,39,52,0,44,53,0,0,0,0,0,0,0,0,0,0,0,0,0,0,0,0,50,0
l8,1=94,92,97,96,90,96,95,100,0,94,82,94,86,93,81,0,83,37,79,72,1,28,47,53,26,28,52,13,0,0,2,24,0,0,0,0,0,0,0,0,0,0,0,0,0
l9,1=93,89,92,76,90,2,91,100,93,0,82,94,86,93,68,0,55,32,79,31,23,17,0,1,57,0,38,25,0,0,0,22,0,0,0,0,0,0,0,0,0,0,7,6,0
l10,1=83,89,89,62,17,92,90,93,87,92,0,94,87,90,68,0,83,73,79,72,48,5,33,24,8,56,66,57,0,0,32,28,0,11,0,0,0,0,0,0,0,0,55,51,37
l11,1=93,90,92,87,45,92,90,93,92,94,82,0,87,93,81,0,83,56,80,68,45,0,0,19,30,49,61,0,0,0,7,25,0,0,0,0,0,0,0,0,0,0,22,51,0
l12,1=93,74,92,39,89,91,91,92,75,93,82,94,0,93,81,0,83,74,79,72,58,20,0,41,24,54,52,56,0,0,0,22,0,0,0,0,0,0,0,0,0,0,43,12,0
l13,1=93,91,92,86,87,92,90,94,92,94,82,94,87,0,81,0,83,39,79,38,10,13,32,29,32,50,43,33,0,0,1,35,0,0,0,0,0,0,0,0,0,0,36,0,0
l14,1=56,51,26,36,1,23,23,31,62,57,33,76,78,65,0,0,83,41,82,76,65,13,35,33,54,46,35,25,0,0,57,43,0,0,0,0,0,0,15,0,36,26,58,58,56
l15,1=54,49,20,23,12,18,38,88,72,34,82,94,87,90,85,0,0,68,80,65,58,18,35,65,36,36,49,25,0,0,49,0,0,0,0,0,0,0,0,2,18,0,59,52,42
l16,1=31,0,27,39,22,0,18,0,26,15,25,48,71,14,22,0,30,0,70,53,34,0,0,48,22,17,27,25,0,0,56,82,0,38,0,0,32,12,54,1,32,16,44,51,49
l17,1=0,31,20,0,1,27,17,22,51,33,42,73,76,50,85,0,77,73,0,48,65,3,50,52,35,14,46,42,0,0,26,0,0,0,0,0,0,0,0,2,3,23,55,52,52
l18,1=0,40,11,0,0,0,22,13,44,18,35,56,53,16,78,0,56,76,60,0,65,35,51,48,76,57,71,51,0,0,29,52,18,0,0,9,0,0,39,12,20,32,58,68,41
l19,1=0,49,14,0,0,0,19,33,4,26,35,56,70,13,85,0,75,72,82,76,0,23,40,53,42,29,47,44,0,0,30,64,0,44,0,0,0,0,35,0,38,29,51,67,52
l20,1=0,0,0,0,0,0,0,37,56,34,35,0,51,31,55,0,53,42,41,67,45,0,84,72,73,56,60,72,0,0,2,0,57,49,0,46,59,49,60,35,47,42,59,67,66
l21,1=0,0,0,0,0,0,0,4,43,0,55,0,0,28,54,0,55,0,56,59,35,72,0,69,73,53,59,72,0,0,0,0,0,53,0,0,11,0,54,33,0,0,57,69,57
l22,1=0,0,0,0,0,0,0,33,47,0,17,20,32,15,57,0,48,37,42,44,35,57,64,0,79,47,72,75,0,0,0,0,59,50,0,61,50,37,41,32,44,35,50,63,26
l23,1=0,0,0,0,0,0,0,0,31,43,20,38,31,28,62,0,55,55,59,71,48,56,72,75,0,62,68,63,0,0,3,30,36,28,0,45,0,32,53,16,40,59,59,76,72
l24,1=0,0,17,0,0,4,0,41,39,0,61,55,55,44,59,0,57,55,33,68,45,67,63,63,80,0,72,62,0,0,0,39,0,43,0,0,34,10,28,39,64,51,67,70,72
l25,1=0,0,5,0,0,0,0,32,42,19,49,45,47,26,46,0,49,36,50,71,45,57,69,78,80,62,0,68,0,0,9,0,56,40,0,48,41,33,41,27,6,34,59,75,65
l26,1=0,0,0,0,0,0,0,10,29,20,49,0,49,26,31,0,49,47,46,57,40,74,71,78,67,53,60,0,0,0,0,1,52,52,0,66,56,13,59,37,54,51,59,61,66
l27,1=57,64,0,36,38,46,40,0,14,0,32,23,0,2,37,0,50,79,38,32,24,0,0,0,0,0,1,0,0,0,0,82,58,72,0,64,31,53,54,86,90,85,0,14,0
l28,1=0,0,16,3,8,15,1,0,18,17,24,32,21,26,24,0,0,81,0,54,32,0,0,2,16,22,0,0,0,0,88,0,69,71,0,70,67,1,79,29,90,61,0,30,15
l29,1=0,0,0,0,0,0,0,0,0,0,0,0,0,0,0,0,0,0,0,23,0,42,0,77,39,0,68,50,0,0,44,76,0,80,0,96,96,94,97,94,90,93,0,0,0
l30,1=0,0,0,0,0,0,0,0,0,0,0,0,0,0,0,0,0,42,0,0,26,37,43,65,13,33,31,64,0,0,87,54,77,0,0,96,96,89,97,94,90,95,29,36,0
l31,1=0,0,0,0,0,0,0,0,0,0,0,0,0,0,0,0,0,0,0,12,0,20,30,65,53,0,55,69,0,0,68,65,77,80,0,0,96,94,97,73,90,95,0,0,0
l32,1=0,0,0,0,0,0,0,0,0,0,0,0,0,0,0,0,0,46,0,0,0,45,37,57,0,32,50,47,0,0,29,49,77,80,0,96,0,94,97,94,79,90,0,0,0
l33,1=0,0,0,0,0,0,0,0,0,0,0,0,0,0,0,0,0,2,0,0,0,42,0,51,40,0,30,0,0,0,36,0,77,70,0,96,96,0,89,77,86,61,0,0,0
l34,1=0,0,0,0,0,0,0,0,0,0,0,0,0,0,8,0,0,47,0,52,13,57,41,60,65,13,52,67,0,0,51,74,77,80,0,96,96,93,0,94,90,95,22,44,0
l35,1=0,0,0,0,0,0,0,0,0,0,0,0,0,0,0,0,12,14,12,42,0,17,37,56,8,43,26,36,0,0,88,80,77,80,0,80,96,83,97,0,90,95,0,0,0
l36,1=0,0,0,0,0,34,0,0,0,0,0,0,0,0,20,0,36,76,14,31,30,9,2,30,11,28,0,5,0,0,87,82,74,80,0,90,89,87,92,89,0,93,0,24,0
l37,1=0,0,0,0,0,28,0,0,0,0,0,0,0,0,18,0,2,67,31,47,13,15,5,47,70,42,24,26,0,0,88,82,76,80,0,96,89,62,97,94,90,0,0,0,0
l38,1=0,0,0,0,0,0,0,0,0,0,35,7,30,1,61,0,47,28,45,58,32,50,42,62,61,53,54,53,0,0,0,0,0,22,0,0,0,0,8,0,0,0,0,74,77
l39,1=0,0,0,0,0,0,0,13,0,0,31,18,7,0,60,0,33,33,24,62,46,48,58,63,76,51,67,53,0,0,1,14,0,27,0,0,0,0,27,0,16,0,67,0,77
l40,1=0,0,0,0,0,0,0,0,0,0,10,0,0,0,52,0,17,21,46,44,38,47,24,1,64,50,52,52,0,0,0,0,0,0,0,0,0,0,0,0,0,0,66,73,0
l41,1=0,0,0,0,0,0,0,0,0,30,53,26,29,0,77,0,61,55,46,70,52,44,11,68,74,58,58,56,0,0,14,39,0,0,0,18,1,0,18,1,0,0,68,76,74
l42,1=0,0,0,0,0,0,0,0,0,0,0,0,0,0,52,0,35,42,40,55,23,38,53,66,75,55,66,53,0,0,0,0,0,2,0,0,16,0,0,0,0,3,67,73,77
l43,1=0,0,0,0,0,0,0,0,0,0,24,0,0,0,48,0,22,24,24,39,33,54,44,67,73,48,58,49,0,0,0,0,33,29,0,30,9,0,17,0,0,0,66,71,77
l44,1=0,0,0,0,0,0,0,0,0,0,0,0,35,15,48,0,0,39,39,44,35,38,48,46,65,53,59,59,0,0,17,0,32,0,0,0,0,0,24,0,0,0,66,71,77

l0,2=0,95,93,91,93,91,92,86,90,61,72,84,83,85,0,0,71,65,46,27,0,0,0,0,0,0,0,0,0,0,0,62,0,0,0,0,0,0,0,0,0,0,0,0,0
l1,2=87,0,91,88,93,91,94,80,93,59,74,89,90,85,69,0,73,69,75,23,56,0,0,0,0,0,0,0,0,0,72,55,0,0,0,0,0,0,0,0,0,0,0,0,0
l2,2=92,95,0,89,88,91,94,95,94,94,74,87,90,83,72,0,65,69,73,31,0,0,0,0,0,60,0,0,0,0,52,51,0,0,0,0,0,0,0,0,0,0,0,0,0
l3,2=92,95,93,0,93,54,91,83,92,58,74,88,89,82,47,0,67,0,64,0,0,0,0,0,0,0,0,0,0,0,0,22,0,0,0,0,0,0,0,0,0,0,0,0,0
l4,2=92,95,84,92,0,91,85,81,92,55,72,83,87,79,62,0,68,65,59,0,0,0,0,0,0,0,0,0,0,0,71,23,0,0,0,0,0,0,0,0,0,0,0,0,0
l5,2=92,95,91,91,93,0,94,81,94,55,75,83,90,80,69,0,63,52,60,24,0,0,0,0,0,0,0,0,0,0,71,40,0,0,0,0,0,0,0,0,0,0,0,0,0
l6,2=90,95,93,86,89,91,0,94,94,59,72,88,90,88,63,0,76,69,71,0,0,30,0,0,0,0,0,0,0,0,63,53,0,0,0,0,0,0,0,0,0,0,0,0,0
l7,2=91,94,93,81,86,89,94,0,94,94,75,89,89,87,58,0,75,0,79,53,57,23,25,41,43,71,36,0,0,0,0,0,0,0,0,0,0,0,0,0,0,0,0,0,0
l8,2=89,95,93,84,90,88,90,95,0,94,71,88,88,85,74,0,76,1,80,58,0,29,44,33,0,50,32,28,0,0,46,37,0,0,0,0,0,0,0,0,0,0,0,0,0
l9,2=87,95,92,81,88,84,89,90,93,0,75,88,89,86,74,0,72,70,78,33,49,41,2,1,65,54,42,35,0,0,35,31,0,0,0,0,0,0,0,0,0,0,0,57,0
l10,2=71,86,88,61,59,84,66,75,72,91,0,87,90,82,64,0,76,53,78,59,66,0,39,32,41,70,48,29,0,0,30,26,0,0,0,0,0,0,0,0,22,0,44,45,0
l11,2=86,93,89,81,87,84,88,95,94,94,74,0,90,88,73,0,76,49,78,22,69,45,45,9,48,70,40,0,0,0,56,28,0,0,0,0,0,0,0,0,0,0,49,57,0
l12,2=78,88,90,78,88,84,88,74,91,91,77,89,0,87,69,0,76,64,78,56,69,0,38,19,60,68,38,50,0,0,38,33,0,0,0,0,0,0,0,0,0,35,43,28,0
l13,2=86,95,89,70,74,84,90,86,93,94,75,89,90,0,71,0,76,53,69,0,59,0,0,22,42,51,0,0,0,0,40,29,0,0,0,0,0,0,0,0,0,0,0,0,0
l14,2=0,54,54,4,26,54,44,48,76,77,63,82,77,72,0,0,76,66,81,69,84,39,47,47,56,70,56,26,0,0,47,40,0,0,0,0,0,0,23,35,26,32,50,56,52
l15,2=43,52,41,38,24,36,77,76,83,50,75,88,89,83,81,0,0,67,78,59,72,54,55,55,56,66,47,34,0,0,64,39,0,0,0,0,0,0,0,32,28,34,53,53,5
l16,2=24,26,46,0,26,19,38,0,0,56,35,22,75,43,66,0,66,0,73,69,81,21,0,0,63,62,32,26,0,0,84,80,11,43,0,0,0,0,21,34,57,35,45,60,3
l17,2=11,67,50,26,23,36,49,60,66,68,76,88,89,59,81,0,74,65,0,53,84,40,51,43,58,29,0,32,0,0,42,30,0,25,0,0,0,0,0,15,39,25,50,56,52
l18,2=31,35,45,0,0,38,0,45,55,44,52,27,54,0,60,0,41,83,59,0,84,68,50,58,78,66,68,36,0,0,47,38,1,35,0,0,0,0,39,29,32,41,50,59,47
l19,2=0,31,0,0,0,0,0,49,0,52,63,44,71,45,81,0,76,84,81,69,0,49,0,41,63,73,48,42,0,0,37,46,0,4,0,0,0,0,0,0,39,41,53,66,48
l20,2=0,0,0,0,0,0,22,36,40,43,0,39,0,0,49,0,45,38,50,59,59,0,86,74,70,78,61,68,0,0,0,0,48,46,0,51,29,51,44,35,29,38,57,62,63
l21,2=0,0,0,0,0,0,0,1,51,0,43,35,48,0,37,0,43,0,49,52,0,79,0,72,70,70,58,61,0,0,0,0,0,0,0,0,10,0,0,0,9,0,49,67,19
l22,2=0,0,0,0,0,0,0,43,49,0,39,19,41,31,48,0,42,0,52,53,44,63,67,0,75,71,69,66,0,0,3,0,47,58,0,57,42,36,59,52,40,0,57,65,46
l23,2=0,0,0,0,0,0,0,31,0,52,41,28,60,16,46,0,41,60,61,62,66,56,68,74,0,79,69,52,0,0,0,0,43,46,0,45,36,36,57,18,43,52,64,75,74
l24,2=0,0,40,0,0,0,0,61,47,37,67,43,72,25,69,0,62,65,32,61,79,70,68,70,79,0,69,52,0,0,24,27,29,35,0,21,29,30,26,43,58,51,64,74,74
l25,2=0,0,0,0,0,0,0,34,43,38,58,29,42,0,56,0,46,38,0,62,65,61,72,80,79,79,0,51,0,0,3,18,41,61,0,31,45,26,38,26,40,30,64,75,72
l26,2=0,0,0,0,0,0,0,0,42,44,46,16,52,0,31,0,39,41,48,53,64,77,76,80,75,75,65,0,0,0,0,0,51,65,0,62,40,33,70,0,48,29,64,69,57
l27,2=0,76,46,0,58,66,63,0,62,40,57,63,62,43,66,0,66,84,70,64,65,0,0,19,0,49,0,0,0,0,0,80,43,82,0,56,18,58,78,87,94,81,26,0,0
l28,2=61,35,52,3,36,39,58,0,63,45,54,36,56,45,60,0,62,84,66,67,70,0,0,0,10,56,21,0,0,0,87,0,44,85,0,65,41,30,87,80,94,89,0,0,19
l29,2=0,0,0,0,0,0,0,0,0,0,0,0,0,0,0,0,0,7,0,1,0,68,0,78,59,55,50,65,0,0,42,63,0,93,0,95,93,96,93,91,94,92,0,2,0
l30,2=0,0,0,0,0,0,0,0,0,0,0,0,0,0,0,0,0,41,21,37,5,33,0,73,45,46,51,63,0,0,86,79,61,0,0,95,93,96,93,91,94,93,34,0,0
l31,2=0,0,0,0,0,0,0,0,0,0,0,0,0,0,0,0,0,0,0,0,0,41,0,71,52,43,40,63,0,0,49,62,61,93,0,0,93,96,93,91,94,93,34,1,0
l32,2=0,0,0,0,0,0,0,0,0,0,0,0,0,0,0,0,0,0,0,0,0,22,47,76,56,54,50,54,0,0,33,49,61,93,0,95,0,96,93,91,0,90,39,0,0
l33,2=0,0,0,0,0,0,0,0,0,0,0,0,0,0,0,0,0,0,0,0,0,43,0,54,53,53,9,21,0,0,54,24,61,93,0,95,93,0,93,86,89,82,0,0,0
l34,2=0,0,0,0,0,0,0,0,0,0,0,0,0,0,1,0,0,30,0,41,0,32,0,69,64,30,36,63,0,0,82,80,61,93,0,95,93,90,0,91,94,93,7,40,0
l35,2=0,0,0,0,0,0,0,0,0,0,0,0,0,0,28,0,28,28,24,28,2,25,0,51,32,50,20,0,0,0,87,76,61,93,0,84,93,91,93,0,94,93,0,0,0
l36,2=0,0,0,0,0,0,0,0,0,0,35,0,0,0,16,0,52,76,61,54,72,20,30,48,50,72,43,38,0,0,87,80,57,89,0,90,0,89,93,91,0,93,0,0,0
l37,2=0,0,0,0,0,0,0,0,0,0,0,0,35,0,24,0,41,34,41,65,51,33,6,0,72,72,50,25,0,0,87,80,59,93,0,94,88,89,93,91,94,0,28,33,0
l38,2=0,0,0,0,0,0,0,0,0,0,37,31,33,0,46,0,36,42,49,46,48,41,39,56,68,65,53,42,0,0,9,0,0,35,0,17,12,0,0,0,0,14,0,78,75
l39,2=0,0,0,0,0,0,0,0,0,21,26,31,8,0,51,0,37,53,52,55,65,41,61,59,74,66,59,43,0,0,0,0,3,0,0,0,0,0,34,0,0,2,67,0,77
l40,2=0,0,0,0,0,0,0,0,0,0,0,0,0,0,46,0,3,0,52,47,43,43,17,49,71,66,50,39,0,0,0,9,0,0,0,0,0,0,0,0,0,0,66,77,0
l41,2=0,0,0,0,0,0,0,0,4,0,54,33,47,40,65,0,49,59,58,61,50,47,24,58,74,69,54,36,0,0,29,25,0,0,0,1,1,0,41,1,28,0,67,79,71
l42,2=0,0,0,0,0,0,0,0,0,0,0,0,0,0,40,0,32,47,46,52,49,40,56,65,74,73,61,35,0,0,0,0,34,21,0,0,1,29,28,0,0,0,64,78,73
l43,2=0,0,0,0,0,0,0,0,0,0,0,0,0,0,44,0,0,0,45,41,43,50,51,63,71,67,57,43,0,0,0,0,0,0,0,0,9,0,44,0,0,0,66,71,76
l44,2=0,0,0,0,0,0,0,0,0,0,0,0,5,0,37,0,0,0,43,44,44,40,53,54,70,64,51,43,0,0,0,0,23,30,0,0,0,2,38,0,0,0,64,72,73

l0,3=0,97,92,91,50,90,91,97,92,95,80,91,86,98,71,0,0,68,81,48,0,0,0,0,0,0,0,0,0,0,0,72,0,0,0,0,0,0,0,0,0,0,0,0,0
l1,3=84,0,93,89,91,91,91,89,96,90,90,88,89,93,60,0,89,80,84,60,82,0,0,0,73,0,3,0,0,0,76,34,0,0,0,0,0,0,0,0,0,0,0,0,0
l2,3=94,95,0,88,74,85,91,96,96,95,90,93,91,98,77,0,89,78,0,66,0,0,0,0,0,0,18,0,0,0,75,0,0,0,0,0,0,0,0,0,0,0,0,0,0
l3,3=97,98,93,0,91,91,90,89,95,90,88,93,89,95,0,0,89,78,74,59,76,0,0,0,0,0,0,0,0,0,43,65,0,0,0,0,0,0,0,0,0,0,0,0,0
l4,3=54,98,88,91,0,91,91,81,96,91,83,93,86,96,73,0,83,0,84,0,0,0,0,0,0,0,0,0,0,0,0,6,0,0,0,0,0,0,0,0,5,0,0,0,0
l5,3=65,98,93,89,91,0,91,96,96,86,90,89,90,95,71,0,79,78,81,60,0,0,0,0,0,0,0,0,0,0,83,73,0,0,0,0,0,0,0,0,0,0,0,0,0
l6,3=68,98,94,50,61,91,0,96,95,95,88,89,91,98,76,0,90,82,85,0,74,0,0,43,0,55,0,0,0,0,42,0,0,0,0,0,0,0,0,0,0,0,0,0,0
l7,3=94,94,91,81,78,85,89,0,96,94,90,95,91,98,81,0,91,63,84,73,89,0,0,83,62,78,79,20,0,0,0,0,0,0,0,0,0,0,0,0,0,0,0,0,0
l8,3=66,95,92,85,79,83,89,97,0,94,90,95,91,98,81,0,90,76,87,73,88,0,77,73,2,71,73,73,0,0,77,0,0,0,0,0,0,0,0,0,0,0,0,68,0
l9,3=93,95,91,55,77,83,89,97,95,0,90,95,91,98,79,0,90,80,87,71,86,19,0,71,76,73,61,48,0,0,75,52,0,0,0,0,0,0,0,0,0,0,0,0,0
l10,3=57,93,87,77,50,81,86,84,88,90,0,91,91,98,85,0,91,74,90,71,91,75,45,76,64,76,77,76,0,0,68,76,0,0,0,0,0,0,0,0,0,0,0,50,0
l11,3=64,91,91,58,55,82,89,97,95,94,90,0,91,98,82,0,91,82,87,69,92,73,60,65,74,74,72,64,0,0,82,68,0,0,0,0,0,0,0,0,0,0,0,60,0
l12,3=53,91,89,54,43,83,89,93,91,91,91,95,0,98,81,0,91,76,86,65,89,37,62,53,77,69,71,79,0,0,65,54,0,0,0,0,0,0,0,0,0,57,1,51,0
l13,3=94,95,91,78,79,84,90,97,95,94,91,95,91,0,81,0,91,75,74,62,73,53,3,78,65,66,0,0,0,0,66,7,0,0,0,0,0,0,0,0,0,0,0,0,8
l14,3=50,47,72,0,61,66,75,78,90,77,90,93,90,92,0,0,91,91,94,81,100,68,60,68,64,70,83,48,0,0,63,76,0,0,0,0,0,0,0,54,15,0,71,62,64
l15,3=0,78,69,62,52,52,86,93,80,84,91,95,91,96,89,0,0,84,91,76,96,82,65,71,76,69,76,58,0,0,80,70,0,22,0,0,0,0,0,0,50,36,66,62,2
l16,3=35,75,53,33,0,60,83,46,62,65,65,71,76,74,93,0,90,0,75,86,100,55,0,60,58,83,80,60,0,0,95,94,0,70,0,0,0,0,68,64,86,64,61,57,61
l17,3=58,77,0,26,58,62,77,71,89,89,91,92,87,66,93,0,91,74,0,81,97,69,62,75,84,58,63,0,0,0,80,72,0,0,0,0,0,0,0,0,70,62,60,62,60
l18,3=5,68,62,18,0,62,0,71,82,74,78,71,72,68,90,0,87,96,93,0,100,85,69,70,92,89,96,87,0,0,91,75,0,34,0,3,0,32,68,31,75,72,57,67,61
l19,3=0,68,0,36,0,0,55,61,69,66,83,88,85,68,93,0,91,97,94,86,0,78,59,70,89,81,83,84,0,0,88,80,37,0,0,0,0,0,23,7,77,19,76,73,54
l20,3=0,0,0,0,0,0,0,0,0,0,69,65,39,53,75,0,85,39,63,79,66,0,98,89,62,85,90,96,0,0,0,0,90,63,0,47,80,69,72,0,0,34,79,75,82
l21,3=0,0,0,0,0,0,0,0,80,0,38,62,67,0,68,0,85,0,57,79,61,98,0,89,86,83,92,94,0,0,0,0,6,49,0,58,0,24,0,0,13,0,60,79,60
l22,3=0,0,0,0,0,0,2,63,47,26,60,35,29,79,69,0,75,34,62,69,60,92,87,0,87,86,96,96,0,0,35,0,68,82,0,76,84,56,81,23,26,56,70,72,50
l23,3=0,39,0,0,0,0,0,39,0,57,53,60,71,63,55,0,75,58,73,85,74,64,84,89,0,89,96,91,0,0,34,45,68,53,0,59,67,39,71,55,53,74,78,80,87
l24,3=0,0,0,0,0,0,33,68,61,63,75,71,73,69,78,0,76,76,50,83,74,96,57,90,92,0,96,86,0,0,0,18,64,58,0,58,39,51,59,49,65,74,81,80,84
l25,3=0,0,0,0,0,0,0,63,62,42,79,65,77,0,84,0,85,85,45,79,68,91,93,92,92,89,0,91,0,0,19,47,51,64,0,70,88,29,88,0,60,59,81,80,86
l26,3=0,0,0,0,0,0,0,32,66,26,70,55,76,0,38,0,66,65,0,78,74,98,94,92,87,83,92,0,0,0,13,0,81,91,0,87,83,60,83,73,60,58,78,71,83
l27,3=0,78,61,26,14,81,59,0,68,64,71,83,72,68,62,0,82,95,78,85,93,0,0,54,52,0,29,0,0,0,0,94,74,90,0,61,60,40,91,86,95,94,44,42,0
l28,3=64,36,0,51,39,76,0,0,0,50,73,73,62,9,85,0,81,97,76,83,84,2,0,0,57,32,59,0,0,0,95,0,80,94,0,59,77,76,94,95,95,96,21,53,0
l29,3=0,0,0,0,0,0,0,0,0,0,0,0,0,0,0,0,0,0,0,0,39,94,36,90,84,83,79,91,0,0,91,88,0,100,0,99,100,100,98,96,93,100,0,0,7
l30,3=0,0,0,0,0,0,0,0,0,0,0,0,0,0,0,0,40,92,0,58,0,85,70,91,74,80,89,94,0,0,94,92,98,0,0,99,100,100,98,96,95,100,69,0,0
l31,3=0,0,0,0,0,0,0,0,0,0,0,0,0,0,0,0,0,0,0,52,9,66,80,91,76,72,88,97,0,0,80,70,98,100,0,0,100,100,98,96,95,100,52,57,0
l32,3=0,0,0,0,0,0,0,0,0,0,0,0,0,0,0,0,0,0,0,0,0,93,0,92,88,63,96,97,0,0,85,92,98,100,0,99,0,100,98,96,95,100,0,0,0
l33,3=0,0,0,0,0,0,0,0,0,0,0,0,0,0,0,0,0,0,0,41,0,84,8,80,41,64,14,76,0,0,4,82,98,100,0,99,100,0,98,96,95,80,0,0,0
l34,3=0,0,0,0,0,0,0,0,0,0,0,0,0,0,0,0,1,82,0,69,6,82,0,85,82,56,90,86,0,0,95,94,98,100,0,99,100,99,0,96,95,100,0,0,0
l35,3=0,0,0,0,0,0,0,0,0,0,0,0,0,0,70,0,0,84,0,68,5,0,0,65,83,77,0,83,0,0,95,94,98,100,0,99,100,100,98,0,95,100,0,7,0
l36,3=0,0,0,0,18,0,0,0,0,0,0,0,0,0,11,0,81,91,86,83,90,0,20,55,77,82,87,63,0,0,95,94,90,100,0,95,92,94,98,96,0,100,57,46,0
l37,3=0,0,0,0,0,8,0,0,0,0,0,0,66,0,1,0,60,87,83,78,39,53,0,84,88,86,86,72,0,0,95,94,98,100,0,99,100,88,98,96,95,0,50,39,0
l38,3=0,0,0,0,0,0,0,0,0,0,0,0,0,0,66,0,64,36,30,43,55,66,31,72,76,69,79,62,0,0,37,1,0,33,0,1,0,0,0,0,33,25,0,84,90
l39,3=0,0,0,0,0,0,0,0,54,0,37,54,34,0,56,0,61,58,47,61,56,64,53,67,73,67,77,59,0,0,24,42,0,0,0,15,0,0,0,0,30,0,83,0,90
l40,3=0,0,0,0,0,0,0,0,0,0,0,0,0,0,66,0,0,38,29,60,15,70,33,54,81,74,79,74,0,0,0,0,0,0,0,0,0,0,0,0,0,0,83,84,0
l41,3=0,0,0,0,0,0,0,0,0,0,40,0,55,71,73,0,74,81,75,76,62,71,0,84,89,84,92,0,0,0,44,45,46,0,0,0,0,0,42,0,0,0,83,80,85
l42,3=0,0,0,0,0,0,0,0,0,0,2,0,0,0,45,0,52,47,40,52,52,54,56,63,82,78,84,65,0,0,0,0,49,32,0,0,0,36,54,0,0,5,78,84,85
l43,3=0,0,0,0,0,0,0,0,0,0,0,0,0,0,51,0,2,31,31,59,41,79,48,72,75,67,80,77,0,0,0,0,43,25,0,0,0,0,43,5,0,0,81,75,86
l44,3=0,0,0,0,0,0,0,0,0,0,0,0,0,0,35,0,0,29,8,63,0,31,63,69,75,70,84,70,0,0,0,0,21,22,0,0,0,13,41,0,0,0,81,76,86

l0,4=0,90,97,96,89,94,98,97,88,77,33,95,82,97,78,0,47,0,55,30,0,0,0,0,0,0,0,0,0,0,65,49,0,0,0,0,0,0,0,0,0,0,0,0,0
l1,4=97,0,98,96,86,95,98,59,90,56,33,95,82,97,54,0,22,76,0,34,34,0,0,0,37,0,0,0,0,0,76,24,0,0,0,0,0,0,0,0,0,0,0,0,0
l2,4=94,89,0,95,94,93,98,98,90,99,63,95,82,97,71,0,44,69,27,59,0,0,0,0,0,0,8,0,0,0,0,75,0,0,0,0,0,0,0,0,0,0,0,0,0
l3,4=98,90,98,0,97,96,94,59,90,55,32,95,80,97,6,0,51,0,55,32,0,0,0,0,0,0,0,0,0,0,0,78,0,0,0,0,0,0,0,0,0,0,0,0,0
l4,4=97,89,98,96,0,95,98,59,89,56,33,95,82,97,57,0,50,59,56,0,0,0,0,0,0,0,0,0,0,0,52,84,0,0,0,0,0,0,0,0,0,0,0,0,0
l5,4=98,90,98,96,97,0,98,98,86,77,91,96,82,97,26,0,49,76,51,38,55,0,0,0,0,0,0,0,0,0,80,0,0,0,0,0,0,0,0,0,37,0,0,0,0
l6,4=95,90,97,58,94,93,0,59,86,77,33,95,82,97,82,0,51,80,58,0,33,0,0,0,0,60,0,0,0,0,57,0,0,0,0,0,0,0,0,0,0,0,0,0,0
l7,4=94,87,97,94,92,87,96,0,90,99,91,95,82,97,93,0,86,0,83,80,68,39,0,57,33,74,75,62,0,0,0,0,0,0,0,0,0,0,0,0,0,0,0,0,0
l8,4=94,89,98,94,93,84,89,98,0,99,27,95,82,97,83,0,49,66,57,64,60,63,0,44,37,19,37,53,0,0,60,0,0,0,0,0,0,0,0,0,0,0,0,71,0
l9,4=93,84,97,77,83,87,96,98,90,0,91,95,82,97,93,0,86,73,85,67,65,2,0,42,41,67,0,56,0,0,64,71,0,0,0,0,0,0,0,0,0,0,0,0,32
l10,4=70,70,83,72,80,86,72,87,55,95,0,82,83,94,93,0,86,73,83,69,69,58,27,53,52,71,70,38,0,0,0,71,0,0,0,0,0,0,0,0,1,16,39,77,29
l11,4=90,88,96,88,92,88,90,98,90,99,32,0,83,97,74,0,86,64,85,65,66,0,33,49,38,66,38,56,0,0,52,74,0,0,0,0,0,0,0,0,0,0,0,60,0
l12,4=84,79,96,74,81,88,97,98,90,96,91,96,0,97,94,0,86,79,68,72,73,0,39,40,55,61,71,66,0,0,55,6,0,0,0,0,0,0,0,0,0,0,32,76,60
l13,4=87,88,96,89,90,83,96,98,90,99,91,95,82,0,94,0,84,79,82,69,71,70,0,55,38,73,62,62,0,0,0,0,0,0,0,0,0,0,0,0,0,0,0,71,0
l14,4=66,43,51,0,57,50,76,84,74,82,84,79,71,80,0,0,86,88,92,77,81,60,0,72,63,68,69,65,0,0,66,59,0,0,0,0,0,0,0,69,55,58,79,79,84
l15,4=69,58,52,74,70,70,79,81,69,85,91,93,82,82,94,0,0,77,86,72,73,72,68,71,53,63,64,64,0,0,70,71,0,61,0,0,0,0,10,0,67,47,74,79,77
l16,4=0,62,58,0,61,69,74,0,55,80,79,67,68,80,94,0,84,0,86,90,87,13,0,0,52,65,69,22,0,0,98,98,0,64,0,0,0,0,57,72,83,68,74,80,77
l17,4=54,0,0,58,59,63,67,66,71,80,88,80,54,70,94,0,86,83,0,83,53,0,57,60,54,64,53,48,0,0,66,59,0,0,0,0,0,0,0,0,61,60,57,63,65
l18,4=47,43,49,35,0,49,0,80,71,62,67,77,66,61,81,0,81,82,76,0,87,76,75,75,87,80,77,77,0,0,76,82,22,40,0,50,0,0,51,53,57,66,72,84,57
l19,4=0,43,0,0,0,60,59,68,49,67,80,72,69,80,94,0,86,88,73,90,0,64,60,63,87,70,69,74,0,0,69,66,44,0,0,0,0,0,43,54,58,65,79,86,69
l20,4=0,0,0,0,0,0,0,41,37,0,49,0,0,58,57,0,76,27,0,75,57,0,92,80,79,88,75,93,0,0,0,0,82,60,0,42,46,60,54,0,0,11,82,80,65
l21,4=0,0,0,0,0,0,0,0,0,0,32,56,50,0,0,0,75,0,55,82,63,95,0,86,78,87,83,91,0,0,0,0,0,0,0,55,0,0,43,0,0,0,59,62,63
l22,4=0,0,0,0,0,0,0,45,38,48,46,53,47,52,49,0,58,0,49,72,44,75,65,0,85,89,89,93,0,0,0,0,47,73,0,56,75,49,52,49,49,48,54,54,46
l23,4=0,22,0,0,0,0,0,31,37,56,57,55,49,61,57,0,62,47,54,85,63,69,53,92,0,91,89,69,0,0,41,0,48,41,0,54,52,42,42,59,0,61,69,89,73
l24,4=0,0,0,0,0,0,33,61,15,53,68,57,50,62,67,0,70,60,64,79,63,77,67,87,87,0,83,73,0,0,0,36,38,44,0,41,38,32,33,63,47,65,31,72,76
l25,4=0,0,0,0,0,0,0,58,39,0,56,57,50,55,58,0,62,56,52,77,57,73,58,93,88,90,0,83,0,0,42,0,61,59,0,52,54,55,40,57,63,49,57,83,61
l26,4=0,0,0,0,0,0,0,43,37,48,44,54,50,55,47,0,53,34,49,78,68,95,80,93,80,81,81,0,0,0,2,41,54,63,0,67,72,52,47,60,44,0,72,50,53
l27,4=71,67,0,0,64,92,80,0,67,76,0,63,54,0,93,0,86,88,91,88,81,0,0,0,46,0,52,0,0,0,0,98,86,73,0,62,69,19,93,100,100,100,27,0,0
l28,4=35,6,58,77,92,7,0,0,0,35,88,90,34,0,82,0,84,88,91,86,77,0,0,0,0,49,0,53,0,0,98,0,77,93,0,92,90,89,91,100,100,100,0,79,0
l29,4=0,0,0,0,0,0,0,0,0,0,0,0,0,0,0,0,0,0,0,35,33,90,0,83,76,61,82,85,0,0,86,78,0,99,0,98,98,100,98,100,99,100,0,56,0
l30,4=0,0,0,0,5,0,0,0,0,0,0,0,0,0,0,0,68,66,0,42,0,79,0,91,73,72,78,88,0,0,79,97,97,0,0,98,98,100,98,100,100,100,77,0,0
l31,4=0,0,0,0,0,0,0,0,0,0,0,0,0,0,0,0,0,0,0,71,0,62,67,88,83,69,80,92,0,0,78,86,97,99,0,0,98,100,98,100,100,100,48,73,66
l32,4=0,0,0,0,0,0,0,0,0,0,0,0,0,0,0,0,0,0,0,0,0,66,0,92,79,74,80,93,0,0,76,94,97,99,0,98,0,100,98,100,100,100,12,0,0
l33,4=0,0,0,0,0,0,0,0,0,0,0,0,0,0,0,0,0,0,0,0,0,89,0,88,75,0,81,78,0,0,0,94,97,99,0,98,98,0,98,100,100,87,0,0,0
l34,4=0,0,0,0,0,0,0,0,0,0,0,0,0,0,0,0,44,71,0,77,54,77,51,86,77,62,77,81,0,0,95,95,97,99,0,98,98,100,0,100,100,100,30,0,0
l35,4=0,0,0,0,0,0,0,0,0,0,0,0,0,0,84,0,0,88,0,83,55,0,0,75,88,88,83,89,0,0,98,98,97,99,0,98,98,100,98,0,100,100,0,5,0
l36,4=0,0,0,0,0,38,0,0,0,0,0,0,0,0,68,0,68,88,87,86,72,0,0,81,0,82,89,48,0,0,98,98,97,99,0,98,98,100,98,100,0,100,0,2,0
l37,4=0,0,0,0,41,0,0,0,0,0,38,0,0,0,70,0,68,61,73,89,77,29,0,87,88,87,70,0,0,0,98,98,97,99,0,98,98,88,98,100,100,0,0,0,67
l38,4=0,0,0,0,0,0,0,0,0,0,37,0,29,0,61,0,57,46,42,51,53,56,34,49,65,4,54,54,0,0,5,0,0,44,0,0,3,0,9,0,0,0,0,89,89
l39,4=0,0,0,0,0,0,0,0,33,0,52,36,41,49,53,0,62,49,56,71,60,64,43,60,67,65,70,28,0,0,0,38,26,0,0,32,0,0,0,0,0,0,76,0,75
l40,4=0,0,0,0,0,0,0,0,0,0,0,0,32,0,58,0,46,38,42,52,43,55,46,55,72,67,58,50,0,0,0,0,0,0,0,17,0,0,0,0,0,40,88,88,0
l41,4=0,0,0,0,0,0,0,0,0,0,27,50,47,63,60,0,60,59,59,67,54,54,44,66,79,76,77,44,0,0,40,50,42,0,0,0,0,0,27,0,0,36,83,88,68
l42,4=0,0,0,0,0,0,0,0,0,0,45,0,0,0,57,0,44,40,52,63,57,61,56,69,67,70,58,57,0,0,0,0,41,0,0,36,20,0,34,0,0,2,71,72,77
l43,4=0,0,0,0,0,0,0,0,0,0,38,0,0,0,41,0,38,29,44,58,53,65,40,58,56,61,62,46,0,0,9,0,49,27,0,30,25,0,7,24,0,0,83,80,87
l44,4=0,0,0,0,0,0,0,0,0,0,0,0,0,0,46,0,48,0,48,63,50,57,51,63,79,63,77,44,0,0,0,0,32,45,0,0,0,11,23,0,0,0,88,89,74

l0,5=0,84,85,87,93,90,89,81,91,88,61,91,90,88,48,0,76,67,14,28,0,0,0,0,0,0,0,0,0,0,15,0,0,0,0,0,0,0,0,0,0,0,0,0,0
l1,5=89,0,89,85,93,90,90,81,91,80,29,53,90,87,0,0,82,77,46,25,42,0,0,0,0,0,0,0,0,0,0,0,0,0,0,0,0,0,6,0,23,0,0,0,0
l2,5=89,95,0,83,93,90,89,81,92,85,39,90,90,88,37,0,55,0,0,5,0,0,0,1,6,0,0,0,0,0,1,21,0,0,0,0,0,0,0,0,0,0,0,0,0
l3,5=93,95,88,0,97,94,90,82,92,76,22,91,17,88,45,0,84,73,63,0,0,0,0,0,0,0,0,0,0,0,39,41,0,0,0,0,0,0,0,0,0,0,0,0,0
l4,5=93,57,86,89,0,94,90,84,92,79,74,91,90,88,0,0,81,73,70,39,0,0,0,0,0,0,0,0,0,0,46,41,0,0,0,0,0,0,0,0,0,0,0,0,0
l5,5=89,57,88,84,93,0,89,81,89,88,79,91,59,86,53,0,77,71,67,32,38,0,0,0,0,2,0,0,0,0,45,27,0,0,0,0,0,0,0,0,23,0,0,0,0
l6,5=89,95,78,67,92,90,0,81,91,88,70,91,90,87,54,0,86,60,74,46,15,0,0,0,9,20,40,0,0,0,1,17,0,0,0,0,0,0,0,0,0,0,0,0,0
l7,5=77,93,87,76,90,88,89,0,92,89,47,92,89,87,59,0,82,0,76,53,0,0,0,0,0,55,37,10,0,0,0,0,0,0,0,0,0,0,0,0,0,0,0,0,0
l8,5=90,96,93,84,88,80,88,84,0,89,70,92,92,92,59,0,80,61,64,49,51,0,43,69,17,38,39,43,0,0,11,0,0,0,0,0,0,0,0,0,0,0,0,0,0
l9,5=87,23,80,42,72,86,88,81,91,0,78,92,89,91,61,0,81,62,77,3,37,17,0,0,21,22,35,45,0,0,0,0,0,0,0,0,0,0,0,0,0,0,0,34,0
l10,5=29,23,19,39,60,80,77,59,81,80,0,53,90,86,71,0,87,72,46,31,70,30,29,31,23,22,53,44,0,0,19,22,0,0,0,0,0,0,0,0,0,30,38,40,0
l11,5=51,23,75,68,76,80,79,81,91,88,73,0,92,88,20,0,81,47,72,28,43,0,0,33,21,21,36,50,0,0,0,17,0,0,0,0,0,0,0,0,0,0,0,5,0
l12,5=61,92,88,0,79,65,88,80,91,88,81,92,0,92,66,0,86,76,75,29,74,14,26,1,23,21,59,50,0,0,20,0,0,0,0,0,0,0,0,0,0,0,34,32,4
l13,5=72,78,80,68,77,80,83,76,91,88,77,92,92,0,62,0,80,74,73,49,72,29,0,25,41,34,26,45,0,0,16,11,0,0,0,0,0,0,0,0,0,0,0,45,0
l14,5=11,0,16,35,0,54,58,44,54,40,77,22,87,84,0,0,83,93,83,72,86,19,9,11,23,11,17,7,0,0,22,20,0,0,0,0,0,0,0,20,20,26,21,47,28
l15,5=15,16,14,52,61,68,73,68,81,67,77,53,88,62,68,0,0,82,77,52,78,37,18,33,23,21,54,17,0,0,17,29,0,0,0,0,0,0,12,0,38,29,21,40,13
l16,5=15,17,0,24,49,60,41,0,31,33,20,8,47,69,71,0,83,0,46,45,54,0,0,16,27,23,56,0,0,0,30,58,0,0,0,10,0,0,38,61,64,30,22,10,23
l17,5=6,14,0,40,55,56,60,55,25,76,22,31,47,56,78,0,83,73,0,23,80,19,9,21,19,24,30,0,0,0,27,21,0,0,0,0,0,0,0,0,8,0,39,40,24
l18,5=13,7,0,0,49,43,43,57,62,0,36,37,43,50,67,0,72,91,34,0,86,63,53,74,78,74,66,55,0,0,49,56,29,0,0,8,5,0,40,28,53,30,38,67,68
l19,5=0,13,0,0,0,44,14,0,55,44,25,26,46,61,73,0,83,91,77,80,0,33,3,34,78,28,44,56,0,0,24,29,0,13,0,0,0,0,31,44,43,31,40,45,36
l20,5=0,0,0,0,0,0,0,0,0,0,24,0,15,18,21,0,62,0,26,61,41,0,82,87,79,78,67,68,0,0,0,0,51,51,0,25,41,32,56,15,32,22,60,73,50
l21,5=0,0,0,0,0,0,0,0,33,0,24,0,26,0,51,0,57,0,23,62,7,86,0,51,71,81,70,66,0,0,0,0,25,0,0,23,0,0,26,0,0,0,71,31,44
l22,5=0,0,0,0,0,0,0,0,48,0,32,55,1,21,25,0,56,51,46,61,58,78,30,0,83,81,76,67,0,0,25,0,25,52,0,20,56,41,54,28,58,33,77,74,58
l23,5=0,0,0,0,0,0,0,0,20,20,27,14,59,31,51,0,64,72,37,61,67,62,45,91,0,83,79,56,0,0,0,0,21,22,0,41,10,11,0,58,24,47,75,69,67
l24,5=0,0,0,0,0,25,35,47,31,29,45,13,34,33,35,0,54,47,52,60,60,64,53,90,85,0,67,56,0,0,0,11,19,15,0,24,7,0,21,41,32,16,61,66,59
l25,5=0,0,0,0,0,0,30,27,29,22,34,29,65,22,38,0,64,63,62,59,28,67,60,90,85,75,0,59,0,0,8,3,50,29,0,24,11,33,32,26,36,25,71,77,57
l26,5=0,0,0,0,0,0,0,19,29,19,24,29,33,26,24,0,40,2,0,61,59,86,68,91,79,78,62,0,0,0,3,1,44,47,0,41,46,18,34,0,37,25,50,41,47
l27,5=21,12,17,45,72,71,44,0,38,26,19,22,34,56,59,0,29,93,17,39,51,0,0,12,0,0,12,0,0,0,0,87,25,35,0,39,9,27,42,79,79,51,7,2,0
l28,5=0,0,23,53,68,68,54,0,0,0,19,22,0,40,57,0,76,93,40,70,85,0,0,0,0,26,16,0,0,0,89,0,41,70,0,38,24,27,41,82,94,82,19,13,0
l29,5=0,0,0,0,0,0,0,0,0,0,0,0,0,0,0,0,0,0,0,45,0,61,24,41,50,61,54,53,0,0,48,41,0,81,0,89,85,85,80,82,70,81,0,32,38
l30,5=0,0,0,0,0,0,0,0,0,0,0,0,0,0,0,0,0,0,0,0,2,24,0,59,24,17,36,58,0,0,26,44,71,0,0,89,84,85,80,82,88,83,17,18,14
l31,5=0,0,0,0,0,0,0,0,0,0,0,0,0,0,0,0,0,26,0,42,0,52,24,61,60,64,44,57,0,0,64,46,71,81,0,0,91,94,78,82,86,83,11,8,26
l32,5=0,0,0,0,0,0,0,0,0,0,0,0,0,0,0,0,0,0,0,43,0,56,0,83,53,64,31,62,0,0,35,50,71,81,0,89,0,94,78,82,86,80,0,0,3
l33,5=0,0,0,0,0,0,0,0,0,0,0,0,0,0,0,0,0,0,0,0,0,56,0,76,47,0,65,37,0,0,61,50,71,79,0,89,90,0,78,66,86,74,0,0,0
l34,5=0,0,0,0,0,2,0,0,0,0,0,0,0,0,0,0,40,63,0,49,52,57,21,65,0,35,44,50,0,0,37,28,70,80,0,77,67,78,0,91,85,83,0,0,1
l35,5=0,0,0,0,0,0,0,0,0,0,0,0,0,0,47,0,0,30,0,28,37,13,0,14,47,28,26,0,0,0,55,71,71,79,0,83,52,26,80,0,95,90,0,1,0
l36,5=0,8,0,0,0,47,0,0,0,0,0,0,0,0,43,0,35,34,5,57,35,22,0,17,16,28,20,22,0,0,89,82,39,81,0,50,44,80,80,91,0,90,0,0,0
l37,5=0,0,0,0,0,0,0,0,0,0,13,0,0,0,43,0,28,27,8,27,36,23,0,15,44,25,25,22,0,0,78,66,70,79,0,72,51,45,80,91,95,0,0,0,8
l38,5=0,0,0,0,0,0,0,0,0,0,23,0,20,0,22,0,27,21,38,33,31,24,25,52,70,32,38,25,0,0,0,1,0,8,0,0,0,0,0,0,0,0,0,64,74
l39,5=0,0,0,0,0,0,0,0,0,1,21,3,19,16,47,0,35,11,59,59,53,58,6,70,71,68,65,15,0,0,0,3,12,6,0,0,0,0,0,0,0,0,77,0,74
l40,5=0,0,0,0,0,0,0,0,0,0,0,0,0,0,35,0,26,25,28,51,24,26,20,55,69,67,51,37,0,0,0,0,6,7,0,0,0,0,0,0,0,0,84,83,0
l41,5=0,0,0,0,0,0,0,0,0,7,5,15,43,15,54,0,64,72,62,58,63,0,35,74,78,68,71,39,0,0,11,9,16,0,0,0,0,0,8,0,32,0,83,81,70
l42,5=0,0,0,0,0,0,0,0,0,0,17,0,0,0,30,0,22,24,30,59,36,42,28,79,72,74,61,50,0,0,0,0,0,16,0,20,8,0,20,0,18,0,80,79,81
l43,5=0,0,0,0,0,0,0,0,0,0,21,0,8,0,0,0,0,0,24,31,27,26,21,64,43,61,61,24,0,0,0,0,25,11,0,16,0,20,25,18,0,0,79,75,74
l44,5=0,0,0,0,0,0,0,0,0,0,3,6,0,0,23,0,31,25,24,56,29,43,29,75,72,72,64,37,0,0,25,0,0,14,0,0,0,0,9,0,0,0,80,76,74

l0,6=0,35,65,90,92,88,90,49,71,60,46,70,75,84,27,0,61,48,23,32,36,0,0,0,0,0,0,0,0,0,11,0,0,0,0,0,0,0,0,0,0,0,0,0,0
l1,6=56,0,81,90,92,88,90,78,80,61,36,73,81,74,0,0,79,19,33,25,43,0,0,0,0,0,0,0,0,0,29,0,0,0,0,0,0,0,0,0,39,0,0,0,0
l2,6=58,95,0,90,86,88,90,87,86,59,12,60,82,85,28,0,74,25,17,25,30,0,0,0,0,36,0,0,0,0,0,0,0,0,0,0,0,0,0,0,0,0,0,0,0
l3,6=95,95,81,0,92,88,85,48,64,60,35,71,1,68,26,0,79,50,34,0,0,0,0,0,0,0,0,0,0,0,5,35,0,0,0,0,0,0,0,0,0,0,0,0,0
l4,6=73,95,63,90,0,89,88,49,64,58,0,71,81,67,3,0,45,0,48,19,0,0,0,0,0,0,0,0,0,0,7,69,0,0,0,0,0,0,0,0,0,0,0,0,0
l5,6=91,92,78,76,92,0,86,46,67,56,51,70,72,74,45,0,78,45,53,6,0,0,0,0,0,4,1,0,0,0,2,47,0,5,0,0,0,0,1,20,25,0,0,0,0
l6,6=91,95,79,67,91,85,0,86,61,67,54,60,81,64,43,0,78,43,50,27,36,9,0,0,2,43,7,0,0,0,13,4,0,0,0,0,0,0,0,0,0,0,0,0,0
l7,6=77,95,80,50,83,72,90,0,86,69,69,76,76,90,66,0,79,40,50,66,33,0,0,0,0,68,61,0,0,0,0,0,0,0,0,0,0,0,0,0,0,0,0,0,0
l8,6=90,90,81,65,86,82,78,88,0,69,41,76,81,88,73,0,75,43,27,41,0,35,34,35,29,67,62,45,0,0,0,1,0,0,0,0,0,0,0,0,0,0,0,0,0
l9,6=89,88,70,79,85,80,90,88,86,0,81,76,82,90,83,0,79,37,79,24,60,0,26,13,23,67,43,13,0,0,28,2,0,0,0,0,0,0,0,0,0,0,8,0,0
l10,6=51,54,16,52,19,67,78,48,37,55,0,71,82,79,83,0,91,33,72,59,70,23,27,48,43,46,54,35,0,0,25,26,0,0,0,0,0,0,0,0,0,30,29,18,0
l11,6=70,67,47,65,82,75,40,83,81,63,80,0,83,85,79,0,86,26,79,57,53,28,5,41,60,38,41,49,0,0,26,26,0,0,0,0,0,0,0,0,0,0,0,9,0
l12,6=63,89,76,0,86,58,88,83,81,64,85,76,0,90,83,0,86,49,81,68,72,0,0,32,68,44,69,28,0,0,49,30,0,0,0,0,0,0,0,0,0,0,25,21,0
l13,6=89,82,72,50,75,80,55,86,86,69,85,76,83,0,83,0,81,51,80,66,64,12,0,39,24,50,44,55,0,0,27,28,0,0,0,0,0,0,0,0,0,0,0,9,0
l14,6=32,0,47,47,23,35,25,44,39,55,84,60,79,85,0,0,84,65,87,74,76,24,37,41,43,38,0,37,0,0,64,25,0,4,0,0,0,0,13,0,34,0,0,32,31
l15,6=26,46,47,54,27,59,43,45,40,53,85,61,73,76,75,0,0,33,79,60,70,43,44,67,43,7,53,51,0,0,54,37,0,0,0,0,0,0,3,0,37,0,24,33,6
l16,6=29,32,48,44,0,55,13,9,10,47,71,47,60,61,83,0,77,0,48,65,74,1,0,71,42,14,54,57,0,0,71,54,2,0,0,34,0,0,9,0,74,39,21,19,43
l17,6=17,54,20,33,31,35,33,39,14,53,71,60,72,74,87,0,80,57,0,68,72,36,39,41,43,46,51,43,0,0,65,37,0,0,0,0,0,0,0,0,0,2,37,34,30
l18,6=38,49,35,0,32,6,13,65,55,29,57,45,59,61,76,0,62,55,64,0,74,62,58,69,70,72,69,76,0,0,8,35,24,24,0,16,11,8,39,41,53,60,40,56,51
l19,6=36,50,30,0,0,0,35,32,0,45,70,45,55,54,77,0,82,66,79,79,0,41,59,66,73,70,44,70,0,0,54,60,0,34,0,0,0,0,40,41,54,54,0,50,36
l20,6=0,0,0,0,0,0,5,0,12,0,25,17,0,15,25,0,57,5,53,63,50,0,77,83,78,77,74,86,0,0,3,1,60,42,0,20,47,1,64,23,26,25,56,38,39
l21,6=0,0,0,0,0,0,0,0,22,15,23,19,0,0,53,0,56,0,29,62,31,82,0,63,71,71,65,86,0,0,0,0,24,25,0,0,0,0,28,0,0,0,37,0,30
l22,6=0,0,0,0,0,0,0,0,14,0,21,23,22,19,22,0,56,25,45,63,25,75,45,0,78,78,75,86,0,0,0,16,0,73,0,23,63,31,42,0,28,41,58,44,55
l23,6=0,0,0,0,0,0,0,0,9,13,40,28,47,23,58,0,57,45,38,64,67,71,44,83,0,79,77,75,0,0,22,20,18,32,0,39,24,0,45,27,28,39,64,66,35
l24,6=0,0,17,0,0,10,15,58,39,21,60,19,36,36,36,0,18,10,59,68,67,66,58,84,80,0,77,77,0,0,16,11,0,16,0,40,25,0,12,0,23,37,61,59,63
l25,6=0,0,0,0,0,0,0,22,23,15,44,17,37,16,0,0,56,44,43,64,16,59,34,84,80,80,0,71,0,0,0,0,33,35,0,30,28,27,28,27,34,36,58,70,23
l26,6=0,0,0,0,0,0,0,0,12,7,21,20,21,18,32,0,46,15,39,68,59,79,71,84,78,77,74,0,0,0,14,0,55,59,0,43,53,26,62,27,27,32,59,5,20
l27,6=23,38,0,42,51,48,4,0,0,46,49,45,60,46,47,0,41,41,46,12,41,0,0,0,19,0,0,12,0,0,0,49,8,31,0,36,52,8,38,54,82,49,2,0,0
l28,6=0,0,0,41,64,57,2,0,2,0,59,47,56,45,60,0,63,72,39,56,70,2,0,44,36,25,0,0,0,0,81,0,39,46,0,36,55,37,41,54,81,77,19,0,0
l29,6=0,0,0,0,0,0,0,0,0,0,0,0,0,0,0,0,0,24,0,50,0,68,51,0,52,0,70,75,0,0,48,64,0,84,0,82,84,76,82,69,69,69,1,37,0
l30,6=0,0,0,0,0,16,0,0,0,0,0,0,0,0,29,0,8,0,0,49,20,37,57,80,62,30,49,72,0,0,61,64,75,0,0,78,76,76,83,63,76,70,0,2,55
l31,6=0,0,0,0,0,0,0,0,0,0,0,0,0,0,0,0,0,27,0,35,0,59,0,69,71,71,69,76,0,0,57,55,75,82,0,0,88,83,79,65,72,71,0,0,0
l32,6=0,0,0,0,0,0,0,0,0,0,0,0,0,0,0,0,0,0,0,19,0,68,0,81,71,71,70,77,0,0,62,64,75,81,0,82,0,76,74,63,70,70,34,0,0
l33,6=0,0,0,0,0,0,0,0,0,0,0,0,0,0,0,0,0,0,0,0,0,0,0,72,0,0,69,73,0,0,56,49,72,78,0,82,75,0,74,57,70,70,0,0,0
l34,6=0,0,0,0,0,0,0,0,0,0,0,0,0,0,29,0,31,46,0,67,40,63,52,71,70,31,37,73,0,0,58,46,74,83,0,74,71,76,0,74,77,75,27,33,0
l35,6=0,0,0,0,0,44,0,0,0,0,0,0,0,0,0,0,3,0,0,50,38,30,0,0,38,0,32,57,0,0,58,60,75,77,0,70,73,39,83,0,85,83,0,0,0
l36,6=0,17,0,0,0,29,0,0,0,0,0,0,0,0,30,0,38,62,0,49,29,9,0,71,33,9,35,62,0,0,77,70,45,84,0,65,77,45,83,79,0,81,0,13,0
l37,6=0,0,0,0,0,0,0,0,0,0,58,0,0,0,0,0,11,49,17,50,19,30,0,70,48,28,33,60,0,0,64,67,73,84,0,74,68,74,83,81,83,0,2,8,0
l38,6=0,0,0,0,0,0,0,0,0,0,18,0,17,0,0,0,22,18,23,26,0,19,20,26,69,41,46,60,0,0,5,11,0,0,0,0,7,0,12,0,0,0,0,72,73
l39,6=0,0,0,0,0,0,0,0,0,0,19,14,23,0,51,0,41,19,47,64,40,12,0,24,66,53,71,0,0,0,0,0,9,0,0,0,0,0,12,0,2,0,75,0,72
l40,6=0,0,0,0,0,0,0,0,0,0,0,0,0,0,37,0,0,17,18,39,2,18,24,41,35,56,25,22,0,0,0,0,0,14,0,0,0,0,0,0,0,0,77,71,0
l41,6=0,0,0,0,0,0,0,0,4,0,0,18,54,12,70,0,56,20,60,67,65,54,21,73,76,72,72,15,0,0,0,12,12,0,0,0,0,0,12,0,18,12,73,70,66
l42,6=0,0,0,0,0,0,0,0,0,0,18,0,0,0,25,0,5,19,25,68,22,11,20,64,72,72,70,67,0,0,0,0,21,21,0,23,20,17,21,8,25,0,77,71,53
l43,6=0,0,0,0,0,0,0,0,0,0,14,0,4,0,23,0,0,0,22,28,21,21,25,42,33,63,65,62,0,0,0,0,20,21,0,21,0,13,19,0,0,0,65,64,70
l44,6=0,0,0,0,0,0,0,0,0,0,0,0,0,1,0,0,24,19,23,27,5,19,29,50,74,73,70,73,0,0,0,0,0,0,0,0,0,0,0,0,0,12,71,68,70

l0,7=0,99,90,97,91,83,96,89,95,39,70,91,92,90,42,0,79,56,0,51,0,0,0,0,0,0,0,0,0,0,1,46,0,0,0,0,0,0,0,0,2,25,0,0,0
l1,7=96,0,92,97,91,83,85,91,92,42,78,90,93,55,0,0,82,8,36,59,0,0,0,0,0,0,0,0,0,0,14,0,0,0,0,0,0,0,0,0,0,0,0,0,0
l2,7=91,99,0,97,91,83,96,93,95,35,71,92,93,90,55,0,72,44,35,68,30,1,0,0,0,0,0,0,0,0,35,0,0,0,0,0,0,0,0,0,0,0,0,0,0
l3,7=96,99,92,0,91,52,92,89,84,41,53,74,91,57,47,0,72,43,30,7,0,0,0,0,0,0,0,0,0,0,39,36,0,0,0,0,0,0,0,0,33,0,0,0,0
l4,7=57,92,92,97,0,85,80,87,95,40,75,91,89,53,0,0,59,13,0,59,0,0,0,0,0,0,0,0,0,0,47,37,0,0,0,0,0,0,0,0,0,0,0,0,0
l5,7=96,99,92,91,91,0,96,90,95,39,77,93,86,54,32,0,81,51,38,51,28,0,0,0,0,0,0,0,0,0,47,0,0,0,0,0,0,0,0,0,0,0,0,0,0
l6,7=96,99,89,97,91,83,0,93,95,87,80,75,91,79,62,0,74,46,36,30,21,0,0,3,0,10,3,0,0,0,21,28,0,0,0,0,0,0,0,0,0,0,0,0,0
l7,7=82,86,85,79,83,71,96,0,95,87,90,95,85,91,76,0,75,49,15,71,73,26,8,0,46,48,24,31,0,0,0,0,0,0,0,0,0,0,0,0,0,0,0,0,0
l8,7=81,85,87,65,83,79,93,93,0,86,79,93,92,86,66,0,72,19,35,66,60,50,24,59,27,33,33,18,0,0,3,14,0,0,0,0,0,0,0,0,0,0,0,0,0
l9,7=82,94,78,92,78,68,96,93,95,0,86,95,93,91,77,0,69,16,64,64,70,28,0,26,0,25,26,0,0,0,24,37,0,0,0,0,0,0,0,0,0,0,0,8,0
l10,7=34,50,35,10,32,68,85,79,82,69,0,81,92,85,81,0,83,49,84,66,45,10,13,42,45,18,20,0,0,0,33,56,0,0,0,0,0,0,0,0,0,1,22,36,0
l11,7=51,58,87,18,86,80,69,89,92,83,93,0,95,87,70,0,82,41,84,75,0,11,0,32,44,5,18,24,0,0,0,13,0,0,0,0,0,0,0,0,0,0,0,28,0
l12,7=69,92,84,43,51,65,85,81,92,83,93,95,0,91,81,0,83,26,84,71,37,0,20,24,52,22,21,14,0,0,9,29,0,0,0,0,0,0,0,0,4,0,10,21,0
l13,7=91,91,87,91,83,75,92,89,92,83,93,95,95,0,81,0,1,46,83,73,70,0,13,38,50,44,0,9,0,0,24,22,0,0,0,0,0,0,0,0,10,0,0,0,0
l14,7=9,0,13,9,0,8,55,77,65,42,93,80,55,52,0,0,85,69,87,79,73,16,1,13,50,18,22,23,0,0,77,50,0,0,0,0,0,0,5,0,4,0,18,40,19
l15,7=12,41,16,12,16,51,60,79,81,36,93,80,56,0,73,0,0,61,83,72,44,16,24,16,44,17,21,12,0,0,0,36,0,5,0,0,0,0,0,6,9,0,14,0,0
l16,7=28,0,30,0,4,30,54,44,48,0,57,49,6,20,68,0,77,0,86,81,84,2,0,19,46,15,20,8,0,0,90,89,0,3,0,0,0,0,11,20,62,0,31,37,33
l17,7=0,21,12,11,0,35,53,28,56,45,89,82,55,33,87,0,83,67,0,69,41,13,0,12,45,23,18,20,0,0,74,37,0,0,0,0,0,0,1,0,0,14,15,39,19
l18,7=13,26,30,0,10,15,12,52,61,40,56,54,34,53,83,0,64,68,62,0,78,72,64,1,65,67,72,70,0,0,53,58,13,12,0,0,0,0,32,18,62,19,51,82,0
l19,7=0,0,13,0,0,33,27,53,55,53,70,0,21,25,71,0,81,73,80,79,0,42,36,44,73,40,17,36,0,0,54,44,0,15,0,0,0,1,13,18,45,2,44,28,34
l20,7=0,0,0,0,0,0,0,27,33,21,25,19,6,1,46,0,51,17,28,72,42,0,84,83,73,85,68,84,0,0,0,0,72,30,0,18,43,0,68,0,0,1,36,71,61
l21,7=0,0,0,0,0,0,0,31,61,0,37,0,48,30,8,0,56,0,11,64,53,89,0,75,73,77,70,83,0,0,0,0,14,0,0,0,0,0,29,1,0,0,57,0,63
l22,7=0,0,0,0,0,0,1,0,29,17,54,32,13,13,34,0,43,14,58,5,61,85,69,0,73,85,78,82,0,0,1,0,35,74,0,58,67,38,66,27,21,51,79,69,35
l23,7=0,0,0,0,0,0,0,19,18,0,37,29,42,6,52,0,49,50,55,70,67,78,71,83,0,88,79,81,0,0,0,17,23,58,0,44,0,0,18,8,29,25,74,82,63
l24,7=0,0,0,0,0,2,14,53,24,27,48,14,40,12,46,0,48,34,64,68,65,81,52,82,75,0,79,81,0,0,18,0,0,6,0,29,28,1,3,30,21,29,79,76,63
l25,7=0,0,0,0,0,0,1,19,29,23,45,24,46,0,57,0,57,46,59,75,40,46,38,84,75,88,0,75,0,0,0,9,58,72,0,23,50,27,11,14,60,28,73,86,74
l26,7=0,0,0,0,0,0,0,26,23,0,0,20,14,5,25,0,25,16,51,68,39,85,76,83,73,86,77,0,0,0,12,0,53,59,0,38,70,45,69,31,17,27,80,48,39
l27,7=0,8,43,5,13,21,19,0,26,35,64,0,3,13,36,0,0,72,76,36,35,0,0,1,0,10,0,5,0,0,0,88,0,30,0,55,44,32,18,32,69,86,12,0,0
l28,7=33,0,0,17,11,0,29,0,46,30,70,36,21,19,37,0,31,73,27,48,27,0,0,0,21,0,12,0,0,0,90,0,21,43,0,46,44,35,14,52,47,69,0,0,0
l29,7=0,0,0,0,0,0,0,0,0,0,0,0,0,0,0,0,0,0,0,50,0,74,8,43,67,0,70,70,0,0,0,62,0,85,0,87,84,74,80,84,76,70,8,21,5
l30,7=0,0,0,0,0,0,0,0,0,0,0,0,0,0,0,0,10,20,0,12,16,45,0,76,36,16,45,54,0,0,66,69,86,0,0,81,78,74,79,80,84,76,0,0,11
l31,7=0,0,0,0,0,0,0,0,0,0,0,0,0,0,0,0,0,4,0,0,0,28,0,51,70,66,74,76,0,0,43,38,86,82,0,0,84,90,79,78,78,71,0,0,0
l32,7=0,0,0,0,0,0,0,0,0,0,0,0,0,0,0,0,0,10,0,0,0,74,0,75,2,66,72,77,0,0,64,69,86,82,0,87,0,86,78,81,72,67,0,0,0
l33,7=0,0,0,0,0,0,0,0,0,0,0,0,0,0,0,0,0,0,0,0,0,0,0,51,0,0,71,75,0,0,41,41,83,76,0,87,84,0,73,81,72,69,54,0,0
l34,7=0,0,0,0,0,0,0,0,0,0,0,0,0,0,8,0,0,45,0,43,16,74,13,53,25,4,30,80,0,0,66,25,86,83,0,81,79,77,0,84,82,76,45,40,0
l35,7=0,0,0,0,0,0,0,0,0,0,0,0,0,0,0,0,9,32,0,21,15,0,0,14,8,52,8,20,0,0,27,41,86,80,0,68,77,46,80,0,89,87,19,0,0
l36,7=0,0,0,1,0,0,0,0,0,0,0,0,6,5,27,0,25,55,0,32,34,0,0,27,25,20,70,23,0,0,48,27,61,84,0,81,47,47,80,85,0,76,12,17,0
l37,7=13,0,0,0,0,5,0,0,0,0,6,0,0,0,0,0,0,0,9,12,9,0,0,29,25,46,68,28,0,0,44,25,70,82,0,72,44,46,80,86,86,0,20,0,0
l38,7=0,0,0,0,0,0,0,0,0,0,7,0,3,0,13,0,15,13,16,45,17,9,14,63,50,70,47,62,0,0,1,0,0,0,0,0,0,6,4,5,1,2,0,85,81
l39,7=0,0,0,0,0,0,0,0,0,8,14,15,3,0,38,0,0,27,49,67,4,35,0,50,69,57,79,17,0,0,0,0,3,0,0,0,0,0,3,0,2,0,84,0,79
l40,7=0,0,0,0,0,0,0,0,0,0,0,0,0,0,13,0,0,12,11,0,9,29,30,29,46,47,57,23,0,0,0,0,0,0,0,0,0,0,0,0,0,0,81,85,0
l41,7=0,0,0,0,0,0,0,15,24,0,29,5,47,0,64,0,49,33,60,55,65,58,21,26,75,76,73,53,0,0,15,43,9,0,0,0,0,0,4,0,0,15,76,86,74
l42,7=0,0,0,0,0,0,0,0,0,0,0,0,0,0,36,0,22,14,21,49,27,58,34,29,52,85,77,60,0,0,0,0,17,9,0,0,19,8,9,0,0,0,84,85,69
l43,7=0,0,0,0,0,0,0,0,0,0,1,0,8,0,11,0,6,11,17,31,15,40,39,33,47,70,77,34,0,0,0,0,23,0,0,11,4,0,17,15,14,0,82,84,80
l44,7=0,0,0,0,0,0,0,0,0,0,0,0,1,0,16,0,17,15,20,30,12,45,44,69,72,82,66,72,0,0,0,0,11,7,0,2,0,0,0,0,0,2,84,86,79

l0,8=0,97,97,96,87,98,99,62,87,65,71,98,89,90,68,0,62,91,46,0,0,0,0,0,0,0,0,0,0,0,89,0,0,0,0,0,0,0,0,0,0,0,0,0,0
l1,8=100,0,96,100,99,98,98,0,81,93,97,63,89,82,80,0,58,87,55,46,0,0,0,0,11,0,0,0,0,0,93,0,0,0,0,0,0,0,0,0,5,0,0,0,0
l2,8=100,97,0,100,99,96,98,62,99,93,78,98,89,90,0,0,61,90,65,22,41,3,0,0,3,0,0,0,0,0,88,0,0,0,0,0,0,0,0,0,0,0,0,60,0
l3,8=100,97,97,0,99,98,99,62,81,95,97,62,89,92,20,0,62,97,62,17,0,0,0,0,0,0,0,0,0,0,94,72,0,0,0,0,0,0,0,0,0,0,0,0,0
l4,8=100,97,79,100,0,98,98,45,81,93,97,62,82,90,0,0,30,94,46,50,0,0,0,0,0,0,0,0,0,0,100,71,0,0,0,0,0,0,0,0,0,0,0,0,0
l5,8=100,97,95,100,99,0,98,69,87,93,79,98,89,91,67,0,60,87,50,46,41,0,0,0,0,0,0,0,0,0,89,84,0,0,0,0,0,0,0,0,0,0,0,0,0
l6,8=100,96,96,100,99,98,0,97,88,96,97,98,96,90,88,0,62,91,70,0,42,0,0,0,0,74,0,5,0,0,89,0,0,0,0,0,0,0,0,0,0,0,0,0,0
l7,8=100,92,96,100,87,98,98,0,99,96,97,98,96,92,90,0,100,93,70,88,58,42,0,61,82,84,78,0,0,0,1,0,0,0,0,0,0,0,0,0,0,0,0,0,0
l8,8=96,92,93,61,79,98,95,98,0,96,94,98,97,91,83,0,60,63,69,73,58,85,1,64,72,0,44,84,0,0,72,17,0,0,0,0,0,0,0,0,0,0,0,0,0
l9,8=67,96,95,94,95,93,99,98,99,0,97,98,97,92,90,0,100,90,27,48,54,54,0,63,74,73,54,0,0,0,75,70,0,0,0,0,0,0,0,0,0,0,0,62,0
l10,8=55,90,65,90,94,83,91,90,72,60,0,93,97,90,99,0,100,88,90,55,67,50,28,63,76,69,55,0,0,0,0,85,0,0,0,0,0,0,0,0,0,0,0,66,0
l11,8=96,92,91,89,95,92,91,98,99,94,89,0,97,92,91,0,94,66,91,45,11,37,0,44,74,42,51,46,0,0,53,0,0,0,0,0,0,0,0,0,0,0,26,0,40
l12,8=95,93,91,94,94,88,91,90,99,97,98,98,0,92,92,0,100,93,90,55,68,36,54,4,82,78,54,39,0,0,83,41,0,0,0,0,0,0,0,0,0,0,48,0,0
l13,8=96,91,93,94,95,89,93,98,97,97,94,98,97,0,92,0,94,94,90,57,66,70,51,65,81,71,0,49,0,0,7,78,0,0,0,0,0,0,0,0,36,0,0,0,0
l14,8=28,40,0,0,0,41,56,56,34,51,85,98,97,88,0,0,100,99,97,97,72,55,27,48,85,80,54,16,0,0,85,89,0,0,0,0,0,0,8,4,2,23,29,34,56
l15,8=60,72,84,81,35,95,59,94,61,93,98,98,97,89,99,0,0,99,97,59,71,56,0,46,88,79,56,56,0,0,55,94,0,19,0,0,0,0,13,15,32,0,27,43,17
l16,8=44,32,41,51,59,67,67,79,10,11,66,84,87,73,98,0,100,0,78,59,86,17,0,0,83,79,46,0,0,0,100,100,16,0,0,0,8,28,47,45,63,89,50,37,50
l17,8=11,27,44,38,50,32,51,52,36,0,85,98,97,87,99,0,100,100,0,55,91,55,46,44,81,79,55,46,0,0,89,36,0,0,0,0,0,0,0,12,0,19,34,67,44
l18,8=0,56,0,0,43,49,0,82,58,40,73,72,86,63,99,0,78,100,90,0,97,94,52,92,89,88,95,93,0,0,90,78,42,23,0,0,12,0,51,45,51,87,87,83,77
l19,8=0,0,36,0,1,69,68,77,52,51,77,47,86,60,99,0,97,100,97,96,0,53,4,89,88,83,68,54,0,0,87,59,0,25,0,0,0,0,31,39,50,67,85,83,70
l20,8=0,0,0,0,0,0,0,57,69,23,71,24,26,56,62,0,67,29,64,93,66,0,97,91,83,87,66,93,0,0,0,0,72,52,0,0,31,0,71,63,16,44,62,61,73
l21,8=0,0,0,0,0,0,0,0,10,0,66,15,60,54,50,0,0,0,59,88,3,95,0,91,87,73,67,93,0,0,0,0,55,40,0,0,45,0,67,0,0,0,62,62,65
l22,8=0,0,0,0,0,0,0,26,26,10,68,26,9,26,50,0,30,0,34,87,70,91,65,0,89,86,95,93,0,0,0,0,33,59,0,62,30,35,79,27,19,53,68,79,63
l23,8=0,0,0,0,0,0,0,56,16,2,52,52,52,37,68,0,66,63,66,88,79,90,66,92,0,92,95,90,0,0,33,0,66,58,0,33,22,23,76,15,54,37,75,82,84
l24,8=0,0,0,0,0,0,23,73,0,34,55,22,57,38,68,0,65,72,77,87,70,90,54,90,89,0,95,87,0,0,40,16,52,0,0,24,38,26,60,42,60,28,84,38,29
l25,8=0,0,0,0,0,0,0,57,17,25,72,47,57,0,51,0,61,71,54,85,68,61,17,93,89,92,0,60,0,0,0,16,63,59,0,9,53,59,57,7,45,33,81,87,67
l26,8=0,0,0,0,0,0,4,13,28,0,0,33,28,23,20,0,52,0,49,87,57,95,77,92,87,86,85,0,0,0,0,0,40,65,0,26,78,28,87,29,0,38,84,74,43
l27,8=43,49,42,52,91,74,74,22,13,7,0,73,78,4,95,0,50,100,77,59,68,0,0,0,77,61,0,0,0,0,0,100,56,62,0,26,55,80,71,62,63,100,42,0,32
l28,8=0,0,0,8,36,85,0,0,14,35,88,0,48,62,92,0,53,100,40,96,40,0,0,0,31,33,17,0,0,0,100,0,86,60,0,0,63,51,59,92,100,89,31,39,0
l29,8=0,0,0,0,0,0,0,0,0,0,0,0,0,0,0,0,0,44,0,47,0,84,28,47,82,75,86,80,0,0,58,78,0,98,0,99,100,92,98,100,89,89,71,55,0
l30,8=0,0,0,0,22,0,0,0,0,0,0,0,0,0,0,0,35,0,0,45,50,33,23,75,70,0,89,78,0,0,86,76,97,0,0,88,89,91,97,91,98,89,45,0,0
l31,8=0,0,0,0,0,0,0,0,0,0,0,0,0,0,0,0,0,9,0,21,0,0,0,90,76,59,34,43,0,0,76,16,99,92,0,0,100,100,97,89,90,89,42,5,0
l32,8=0,0,0,0,0,0,0,0,0,0,0,0,0,0,0,0,0,24,0,41,0,45,34,75,63,69,84,88,0,0,70,75,99,92,0,99,0,100,98,89,89,89,60,0,0
l33,8=0,0,0,0,0,0,0,0,0,0,0,0,0,0,0,0,0,48,0,0,0,0,0,82,62,69,92,83,0,0,83,57,90,95,0,99,100,0,97,92,90,75,0,0,0
l34,8=0,0,0,0,0,0,0,0,0,0,0,0,0,0,3,0,25,51,0,59,48,53,34,92,70,65,42,89,0,0,86,78,89,93,0,89,90,91,0,92,100,98,73,60,0
l35,8=0,0,0,0,0,0,0,0,0,0,0,0,0,0,12,0,40,58,37,58,64,40,0,66,83,76,13,42,0,0,69,87,99,98,0,61,62,95,98,0,100,100,46,0,1
l36,8=0,0,0,0,0,0,0,0,0,0,0,0,0,35,0,0,40,59,0,87,81,10,0,46,76,87,47,0,0,0,68,85,88,98,0,59,63,60,98,100,0,99,36,0,0
l37,8=0,0,0,0,0,0,0,0,0,0,0,0,0,0,52,0,15,58,31,81,53,18,0,63,68,60,22,29,0,0,68,84,88,61,0,59,63,54,98,100,100,0,3,57,0
l38,8=0,0,0,0,0,0,0,0,0,0,0,16,18,0,41,0,15,25,39,61,57,54,44,52,61,73,76,69,0,0,18,0,31,10,0,2,7,1,23,6,3,0,0,85,85
l39,8=0,0,0,0,0,0,0,0,0,7,52,0,0,0,25,0,38,11,51,57,62,30,9,76,88,24,94,55,0,0,0,5,12,0,0,0,0,0,16,0,0,7,92,0,85
l40,8=0,0,0,0,0,0,0,0,0,0,0,10,0,0,35,0,0,30,24,50,32,46,15,47,82,20,58,42,0,0,1,0,0,0,0,0,0,0,0,0,0,0,91,85,0
l41,8=0,0,0,0,0,23,6,13,24,0,19,15,51,27,79,0,63,28,79,88,70,59,31,90,88,90,94,57,0,0,33,59,13,0,0,0,0,0,19,0,0,27,91,87,85
l42,8=0,0,0,0,0,0,0,0,0,0,0,0,0,0,38,0,42,0,30,63,56,63,17,59,76,89,94,66,0,0,0,0,25,14,0,0,0,0,0,0,0,0,89,85,79
l43,8=0,0,0,0,0,0,0,0,0,0,4,0,0,0,20,0,0,21,29,56,31,27,20,54,56,65,82,28,0,0,0,0,27,18,0,1,25,0,20,17,0,0,85,68,85
l44,8=0,0,0,0,0,0,0,0,0,0,0,0,6,9,40,0,28,0,35,62,28,31,54,61,86,73,59,52,0,0,0,0,28,22,0,2,0,0,0,0,0,0,91,86,65

l0,9=0,99,98,98,100,99,96,100,81,65,72,99,100,90,37,0,87,0,0,0,0,0,0,0,2,0,0,0,0,0,2,0,0,0,0,0,0,0,0,0,0,0,0,0,0
l1,9=100,0,98,98,100,99,95,96,81,65,94,99,99,100,27,0,53,94,0,0,74,0,0,0,0,74,0,0,0,0,74,14,0,0,0,0,0,0,0,0,0,0,0,0,0
l2,9=100,99,0,97,100,99,95,100,100,99,93,99,100,100,28,0,35,88,90,78,0,0,0,0,47,1,0,0,0,0,28,54,0,0,0,0,0,0,0,0,0,0,0,0,0
l3,9=100,99,98,0,100,99,96,100,80,65,90,93,100,100,13,0,29,88,65,52,0,0,0,0,0,0,0,0,0,0,31,54,0,0,0,0,0,0,0,0,0,0,0,0,0
l4,9=100,99,98,98,0,99,96,99,81,55,91,99,100,100,29,0,33,80,0,77,0,0,0,0,0,0,0,0,0,0,43,59,0,0,0,0,0,0,0,0,0,0,0,0,0
l5,9=100,99,98,98,100,0,96,97,100,62,90,99,97,100,26,0,32,93,0,67,93,0,0,0,0,54,0,0,0,0,21,8,0,0,0,0,0,0,0,9,32,0,0,0,0
l6,9=100,98,98,97,100,99,0,100,100,99,94,99,100,100,47,0,96,99,88,75,95,0,0,0,0,1,0,0,0,0,45,51,0,0,0,0,0,0,0,0,0,0,0,0,0
l7,9=100,99,98,98,100,99,96,0,100,99,95,99,100,100,49,0,96,95,0,100,94,53,0,0,89,92,88,52,0,0,0,0,0,0,0,0,0,0,0,0,0,0,0,0,0
l8,9=100,99,98,92,100,99,95,100,0,65,94,99,100,100,92,0,95,93,83,99,92,42,0,83,70,78,86,58,0,0,5,0,0,0,0,0,0,0,0,0,0,0,0,41,0
l9,9=100,99,97,96,96,96,96,99,80,0,95,99,100,100,92,0,96,85,92,94,96,39,0,32,81,75,80,47,0,0,48,30,0,0,0,0,0,0,0,0,0,0,0,1,0
l10,9=87,72,55,87,37,32,78,100,100,99,0,99,100,100,93,0,96,92,99,83,94,44,38,58,70,84,92,0,0,0,32,62,0,0,0,0,0,0,0,0,34,25,81,86,48
l11,9=100,69,97,84,62,99,95,100,100,99,96,0,100,100,74,0,96,90,99,94,84,0,0,31,68,49,68,37,0,0,0,0,0,0,0,0,0,0,0,0,0,0,19,33,28
l12,9=98,59,58,90,38,32,64,100,99,99,98,99,0,100,61,0,96,92,99,81,91,72,23,0,33,76,88,30,0,0,26,18,0,0,0,0,0,0,0,0,0,0,24,27,0
l13,9=92,99,98,97,100,99,95,99,100,99,95,99,100,0,92,0,96,93,98,92,98,56,0,55,86,90,88,26,0,0,28,61,0,0,0,0,0,0,0,0,31,0,0,0,0
l14,9=34,41,33,0,18,5,48,88,92,95,98,84,100,46,0,0,54,95,99,85,100,50,4,26,72,61,36,37,0,0,35,44,0,6,0,0,0,0,1,5,35,34,35,30,44
l15,9=58,48,43,48,34,32,60,100,92,99,98,99,100,78,60,0,0,94,99,100,89,56,22,26,73,93,33,36,0,0,0,65,0,11,0,0,0,0,17,2,32,30,32,29,0
l16,9=0,35,11,51,10,30,62,90,91,92,80,58,100,56,54,0,33,0,99,84,100,0,0,32,53,96,31,0,0,0,80,66,38,28,0,0,5,3,29,44,37,37,33,92,34
l17,9=0,0,39,13,0,0,59,0,90,95,96,99,99,78,93,0,58,95,0,100,100,53,22,19,62,96,58,37,0,0,35,39,0,0,0,0,0,0,0,16,36,32,35,49,44
l18,9=0,0,28,27,34,24,38,97,96,96,94,97,98,78,92,0,94,99,96,0,98,86,87,98,97,94,94,97,0,0,59,34,38,36,0,29,26,12,63,8,62,62,36,91,59
l19,9=0,30,0,0,0,31,59,93,93,97,90,44,99,78,93,0,33,100,99,100,0,56,2,97,81,96,93,36,0,0,35,67,0,21,0,0,0,0,59,42,37,37,53,96,56
l20,9=0,0,0,0,0,0,0,81,81,71,74,0,80,80,75,0,84,0,80,97,80,0,98,98,96,96,95,97,0,0,0,0,87,82,0,44,70,0,98,75,0,69,76,79,56
l21,9=0,0,0,0,0,0,0,10,0,0,92,27,99,0,82,0,79,0,96,98,16,100,0,97,96,96,95,97,0,0,0,0,0,94,0,0,47,0,92,0,0,0,90,95,76
l22,9=0,0,0,0,0,0,0,0,79,32,77,78,17,79,74,0,77,67,75,96,95,98,81,0,97,96,95,98,0,0,0,0,81,77,0,74,72,71,84,77,77,68,82,94,78
l23,9=0,0,0,0,0,0,0,76,76,67,69,78,29,71,89,0,93,71,94,98,94,89,92,98,0,97,95,97,0,0,23,32,77,61,0,43,21,72,88,52,26,29,95,97,92
l24,9=0,50,0,0,0,36,2,90,81,61,71,77,76,82,84,0,86,97,96,97,97,98,95,97,98,0,95,92,0,0,28,0,83,0,0,50,72,71,82,77,91,39,95,96,77
l25,9=0,0,0,0,0,0,0,72,79,63,88,81,90,74,83,0,24,57,88,91,96,84,57,98,98,97,0,96,0,0,3,43,93,85,0,28,88,72,89,41,52,9,95,97,92
l26,9=0,0,0,0,0,0,0,72,81,60,0,88,73,56,86,0,83,0,93,98,95,98,98,98,96,95,95,0,0,0,0,0,97,98,0,75,97,0,98,89,0,95,95,96,91
l27,9=2,51,22,88,37,4,32,0,11,80,70,0,65,49,31,0,0,100,99,85,72,0,0,0,40,21,10,0,0,0,0,94,0,61,0,36,35,69,63,72,37,37,0,2,1
l28,9=0,11,34,97,37,16,66,0,0,35,78,0,51,56,31,0,39,97,99,34,38,0,0,0,32,0,36,0,0,0,94,0,40,29,0,21,36,0,64,45,100,41,0,64,0
l29,9=0,0,0,0,0,0,0,0,0,0,0,0,0,0,0,0,0,84,0,62,0,74,0,87,94,68,95,96,0,0,0,93,0,100,0,99,100,100,100,100,99,99,86,85,0
l30,9=0,0,0,0,0,0,0,0,0,0,0,0,0,0,7,0,22,79,0,33,13,46,52,97,62,0,45,97,0,0,84,26,100,0,0,99,100,100,100,100,100,99,79,0,44
l31,9=0,0,0,0,0,0,0,0,0,0,0,0,0,0,0,0,0,0,0,53,0,33,0,87,81,47,55,85,0,0,75,35,100,100,0,0,100,100,99,83,99,82,0,0,0
l32,9=0,0,0,0,0,0,0,0,0,0,0,0,0,0,0,0,0,59,0,36,0,67,25,97,45,62,95,98,0,0,89,66,100,100,0,99,0,100,100,61,99,100,78,1,45
l33,9=0,0,0,0,0,0,0,0,0,0,0,0,0,0,0,0,0,0,0,0,0,0,0,80,39,28,40,0,0,0,87,0,100,100,0,99,100,0,100,100,100,100,0,0,0
l34,9=0,0,0,0,0,0,0,0,0,0,0,0,0,0,7,0,24,77,0,30,28,71,50,99,64,36,66,99,0,0,32,63,100,100,0,99,100,100,0,100,100,100,0,3,0
l35,9=0,0,0,0,0,24,0,0,0,0,0,0,0,0,22,0,14,98,84,10,28,47,0,91,43,38,38,97,0,0,94,43,100,100,0,65,55,100,100,0,100,100,0,0,0
l36,9=0,0,0,0,0,28,0,0,0,0,59,0,0,42,35,0,26,100,84,41,36,0,0,53,40,37,41,0,0,0,51,62,40,100,0,68,61,61,100,100,0,100,0,0,0
l37,9=0,0,0,0,0,0,0,0,0,0,48,0,0,0,27,0,28,92,84,41,36,35,0,55,38,33,25,41,0,0,94,42,40,45,0,35,63,60,100,100,100,0,0,0,0
l38,9=0,0,0,0,0,0,0,0,0,0,57,15,19,0,83,0,33,42,73,17,59,63,22,91,96,92,95,96,0,0,0,0,35,21,0,0,17,0,0,0,0,0,0,97,93
l39,9=0,0,0,0,0,0,0,0,31,0,83,34,24,0,22,0,25,89,86,90,89,68,25,89,96,86,95,90,0,0,0,19,26,0,0,0,0,0,0,0,0,0,96,0,93
l40,9=0,0,0,0,0,0,0,0,0,0,38,15,0,0,44,0,0,37,77,86,57,2,21,84,89,72,90,79,0,0,0,0,0,17,0,0,7,0,0,0,0,0,95,96,0
l41,9=0,0,0,0,0,0,0,0,62,0,0,74,79,33,85,0,93,94,91,98,69,80,31,95,96,96,95,29,0,0,21,59,0,0,0,13,6,0,45,23,0,0,95,96,93
l42,9=0,0,0,0,0,0,0,0,0,0,0,0,0,0,35,0,39,61,60,97,82,91,79,94,96,96,95,96,0,0,0,0,38,0,0,0,0,0,66,0,0,0,95,96,91
l43,9=0,0,0,0,0,0,0,0,0,0,0,0,0,0,61,0,0,0,73,69,68,57,38,80,84,64,95,82,0,0,0,0,69,0,0,37,61,0,53,0,14,0,95,85,86
l44,9=0,0,0,0,0,0,0,0,0,0,0,0,26,47,69,0,22,58,65,97,72,49,76,97,97,93,95,84,0,0,0,0,0,51,0,22,0,0,43,0,0,1,96,96,91

l0,10=0,87,87,80,74,91,87,0,79,83,81,75,85,85,77,0,7,52,66,0,0,0,0,0,0,0,0,0,0,0,27,74,0,0,0,0,0,0,0,0,0,0,0,0,0
l1,10=84,0,87,89,74,91,90,1,85,78,77,74,83,85,77,0,36,58,63,0,20,0,0,0,0,53,1,0,0,0,34,44,0,0,0,0,0,0,0,0,13,0,0,0,0
l2,10=84,87,0,81,73,91,90,1,85,88,82,81,87,87,72,0,38,49,72,74,0,0,0,0,30,51,26,0,0,0,0,45,0,0,0,0,0,0,0,0,0,0,0,42,0
l3,10=84,87,87,0,74,91,90,1,79,82,80,76,84,87,45,0,36,11,66,0,0,0,0,0,0,0,0,0,0,0,54,50,0,0,0,0,0,0,0,0,0,0,0,0,0
l4,10=84,87,87,89,0,91,90,0,82,82,81,73,84,85,73,0,37,55,0,0,0,0,0,0,0,0,0,0,0,0,34,0,0,0,0,0,0,0,0,0,0,0,0,0,0
l5,10=84,87,87,89,74,0,90,1,85,82,81,88,84,89,66,0,37,56,70,60,0,0,0,0,0,0,0,0,0,0,35,49,0,0,0,0,0,0,14,0,39,0,0,0,0
l6,10=81,87,87,85,71,91,0,0,85,82,81,87,84,86,72,0,42,55,65,70,0,0,0,0,29,0,8,0,0,0,23,52,0,0,0,0,0,0,0,0,0,0,0,29,0
l7,10=81,87,87,85,65,91,90,0,84,89,89,88,89,90,81,0,82,56,66,79,55,58,0,28,24,75,52,14,0,0,0,45,0,0,0,0,0,0,0,0,0,0,0,26,0
l8,10=81,85,86,75,69,91,90,0,0,88,88,87,87,87,82,0,34,43,69,76,47,42,0,29,33,54,49,13,0,0,17,0,0,0,0,0,0,0,0,0,0,0,0,32,0
l9,10=81,82,82,81,40,90,87,0,81,0,87,88,89,89,88,0,79,54,81,72,44,53,0,29,56,64,44,11,0,0,8,44,0,0,0,0,0,0,0,0,0,0,0,0,0
l10,10=77,79,81,75,68,90,86,0,82,86,0,84,89,88,91,0,87,78,86,71,83,44,8,71,40,72,68,19,0,0,6,56,0,0,0,0,0,0,0,0,49,0,36,49,37
l11,10=74,61,82,79,59,91,87,0,82,88,87,0,89,90,88,0,79,58,81,80,48,38,0,31,34,66,51,22,0,0,24,47,0,0,0,0,0,0,0,0,0,0,0,33,0
l12,10=81,60,82,80,68,89,79,0,80,88,91,84,0,88,88,0,79,84,81,57,37,40,46,29,36,75,51,13,0,0,31,0,0,0,0,0,0,0,0,0,0,0,30,0,14
l13,10=81,74,84,81,57,91,87,0,81,89,87,88,89,0,78,0,78,34,81,74,84,0,43,30,27,56,46,12,0,0,0,45,0,0,0,0,0,0,0,0,0,0,0,0,0
l14,10=7,32,38,13,44,67,68,0,46,60,56,54,87,79,0,0,86,94,89,47,96,33,24,13,48,80,49,42,0,0,49,64,0,47,0,0,0,0,0,19,8,25,70,81,5
l15,10=0,24,50,39,64,86,85,0,44,61,92,69,88,87,93,0,0,85,89,89,57,42,18,39,52,51,42,42,0,0,43,60,0,34,0,0,0,4,0,34,36,24,49,48,0
l16,10=8,61,39,0,42,83,74,0,35,33,56,33,87,59,94,0,85,0,86,93,98,23,0,37,57,82,72,0,0,0,97,67,48,38,0,0,5,0,67,0,58,1,53,90,18
l17,10=42,19,73,62,1,84,69,1,44,64,91,84,86,88,94,0,89,89,0,89,98,0,39,73,75,50,43,47,0,0,74,77,0,0,0,0,0,0,0,1,0,35,46,47,51
l18,10=0,0,71,0,0,62,69,1,69,35,45,49,68,76,76,0,88,91,88,0,98,51,57,46,91,91,73,88,0,0,46,47,19,74,0,0,13,0,32,66,48,81,67,63,87
l19,10=2,7,0,0,0,0,0,0,72,18,55,49,71,84,94,0,87,95,89,93,0,50,0,51,59,91,85,53,0,0,52,64,0,41,0,0,0,0,38,77,54,57,62,91,85
l20,10=0,0,0,0,0,0,0,0,70,76,74,74,72,0,79,0,73,69,4,90,84,0,97,92,85,91,83,89,0,0,0,0,77,78,0,74,51,0,81,73,3,0,83,69,77
l21,10=0,0,0,0,0,0,0,0,0,0,38,0,77,77,81,0,76,0,73,92,0,93,0,94,93,92,85,90,0,0,0,0,0,82,0,12,0,0,0,0,0,0,83,83,82
l22,10=0,0,0,0,0,0,0,1,51,60,71,68,64,71,65,0,66,73,72,85,86,92,89,0,93,90,85,91,0,0,0,0,76,83,0,68,77,75,79,74,70,66,89,79,84
l23,10=0,0,54,0,0,0,2,6,61,71,67,69,64,19,79,0,81,80,78,91,88,83,89,92,0,93,87,89,0,0,62,34,78,83,0,80,64,55,80,81,77,77,90,92,90
l24,10=0,39,40,0,0,0,0,2,58,69,75,73,78,70,85,0,76,83,78,92,93,89,94,92,93,0,87,88,0,0,38,57,81,69,0,62,82,57,59,60,86,74,79,91,78
l25,10=0,0,0,0,0,0,0,1,62,33,72,69,69,70,76,0,67,74,69,80,91,80,73,93,93,93,0,89,0,0,29,0,82,76,0,74,77,77,77,74,43,30,90,92,90
l26,10=0,0,0,0,0,0,0,1,69,43,60,75,71,56,79,0,75,0,72,90,85,91,87,93,90,84,85,0,0,0,0,0,82,86,0,81,86,83,81,72,39,86,88,79,84
l27,10=5,23,0,72,59,82,37,0,32,0,0,27,63,0,89,0,82,95,89,76,59,0,0,0,36,41,54,0,0,0,0,95,73,77,0,36,8,48,86,86,96,60,10,0,0
l28,10=49,38,19,65,0,76,49,4,1,20,42,39,0,74,92,0,86,95,52,64,53,0,0,0,34,61,0,0,0,0,97,0,86,75,0,0,0,0,93,65,96,74,0,0,0
l29,10=0,0,0,0,0,0,0,0,0,0,0,0,0,0,0,0,0,47,0,18,0,65,0,78,79,64,79,65,0,0,35,81,0,95,0,90,93,93,93,91,93,94,69,65,0
l30,10=0,0,0,0,0,0,0,0,0,0,0,0,0,0,56,0,55,33,0,52,24,36,36,85,88,57,67,86,0,0,38,43,91,0,0,90,93,93,93,91,95,94,52,31,38
l31,10=0,0,0,0,0,0,0,0,0,0,0,0,0,0,0,0,0,0,0,0,0,76,14,74,85,65,72,72,0,0,82,0,91,95,0,0,93,93,93,86,93,94,0,0,9
l32,10=0,0,0,0,0,0,0,0,0,0,0,0,0,0,0,0,0,34,0,25,0,25,0,71,60,66,75,83,0,0,37,0,91,95,0,90,0,93,93,89,78,87,0,23,0
l33,10=0,0,0,0,0,0,0,0,0,0,0,0,0,0,0,0,0,0,0,0,0,0,0,56,53,28,67,71,0,0,64,0,91,95,0,90,93,0,93,88,76,78,0,0,0
l34,10=0,0,0,0,0,20,0,0,0,0,0,0,0,0,0,0,0,43,0,45,40,79,0,50,69,68,74,49,0,0,53,90,91,95,0,90,93,93,0,91,96,95,27,13,0
l35,10=0,0,0,0,0,0,0,0,0,0,0,0,0,0,41,0,61,12,9,78,53,44,0,37,85,59,75,32,0,0,91,44,91,95,0,76,93,93,93,0,96,95,0,23,0
l36,10=0,0,0,0,0,58,0,0,0,0,13,0,19,0,50,0,67,51,0,48,38,0,0,8,36,82,55,8,0,0,63,72,91,95,0,57,21,62,93,95,0,95,4,16,0
l37,10=0,0,0,0,0,0,0,0,0,0,0,0,0,0,64,0,67,25,38,71,55,0,0,35,43,72,52,39,0,0,48,69,91,95,0,47,42,58,93,95,96,0,1,0,0
l38,10=0,0,0,0,0,0,0,0,0,0,51,0,59,0,82,0,63,65,27,84,67,78,55,88,88,59,85,86,0,0,12,0,43,36,0,0,0,0,4,0,0,0,0,95,91
l39,10=0,0,6,0,0,0,0,1,3,0,50,27,0,0,76,0,70,77,72,72,84,70,73,80,91,90,85,79,0,0,0,0,53,22,0,0,3,0,0,0,33,0,92,0,91
l40,10=0,0,0,0,0,0,0,0,0,0,1,0,31,0,49,0,0,62,73,81,73,42,41,79,90,68,84,74,0,0,0,0,0,9,0,0,0,0,0,0,0,0,92,91,0
l41,10=0,0,0,0,0,0,0,0,29,30,3,42,66,16,79,0,79,80,74,92,82,75,0,86,91,91,85,42,0,0,32,71,0,0,0,0,0,0,0,14,2,0,92,92,91
l42,10=0,0,0,0,0,0,0,0,0,0,0,0,0,0,70,0,61,63,47,87,83,80,65,91,90,90,84,89,0,0,0,0,3,0,0,0,0,0,65,0,0,0,90,92,91
l43,10=0,0,0,0,0,0,0,0,0,0,0,0,0,0,9,0,0,0,51,75,74,80,0,85,81,88,85,86,0,0,0,0,70,53,0,0,0,0,51,0,33,0,90,77,89
l44,10=0,0,0,0,0,0,0,0,0,0,0,24,15,0,54,0,0,66,0,84,46,24,77,92,91,91,85,85,0,0,1,0,63,72,0,0,34,0,56,0,0,0,93,92,91

l0,11=0,78,83,79,83,86,83,0,69,82,87,85,71,69,71,0,46,4,22,57,0,0,0,0,0,0,0,0,0,0,18,11,0,0,0,0,0,0,0,0,0,0,0,0,0
l1,11=68,0,80,84,83,86,83,0,73,82,87,84,71,69,73,0,24,19,31,61,0,0,0,0,0,1,0,0,0,0,43,3,0,0,0,0,0,0,0,0,0,0,0,0,0
l2,11=67,77,0,49,83,86,84,0,71,76,86,85,71,69,73,0,51,16,21,62,0,0,0,0,41,21,0,0,0,0,22,17,0,0,0,0,0,0,0,0,0,0,0,0,0
l3,11=63,78,74,0,83,86,83,0,71,81,86,84,68,62,66,0,25,7,22,0,0,0,0,0,0,0,0,0,0,0,32,7,0,0,0,0,0,0,0,0,0,0,0,0,0
l4,11=69,78,83,85,0,86,83,0,73,82,50,85,71,2,71,0,43,7,0,0,0,0,0,0,0,0,0,0,0,0,21,6,0,0,0,0,0,0,0,0,0,0,0,0,0
l5,11=69,78,83,82,83,0,82,0,68,82,87,85,71,69,0,0,25,18,0,27,0,0,0,0,0,0,0,0,0,0,24,13,0,0,0,0,0,0,15,0,4,0,0,0,0
l6,11=67,78,80,82,82,85,0,0,73,80,87,85,71,69,72,0,48,18,30,62,6,0,0,0,0,1,0,0,0,0,24,4,0,0,0,0,0,0,0,0,0,0,0,0,0
l7,11=66,78,80,80,75,86,84,0,73,84,85,85,71,70,79,0,82,59,0,77,63,67,0,54,42,47,35,40,0,0,0,9,0,0,0,0,0,0,0,0,0,0,0,4,0
l8,11=42,77,77,70,79,82,83,0,0,82,87,85,72,69,68,0,76,13,62,53,46,55,0,33,38,25,27,38,0,0,19,0,0,0,0,0,0,0,0,0,0,0,0,0,0
l9,11=66,77,60,75,80,85,58,0,69,0,86,85,72,70,78,0,81,14,28,47,53,66,0,36,72,28,31,41,0,0,0,0,0,0,0,0,0,0,0,0,0,0,0,0,0
l10,11=49,77,73,48,17,80,52,0,71,82,0,85,72,70,78,0,88,21,83,79,74,37,43,45,34,38,16,40,0,0,21,0,0,0,0,0,0,0,0,0,0,0,21,37,0
l11,11=48,75,73,49,50,84,82,0,69,84,86,0,72,71,78,0,80,16,62,76,71,0,0,29,15,31,39,0,0,0,0,7,0,0,0,0,0,0,0,0,0,0,0,0,0
l12,11=64,75,75,38,65,84,82,0,69,84,88,85,0,71,79,0,85,13,62,52,70,36,28,29,67,62,35,35,0,0,0,15,0,0,0,0,0,0,0,0,0,0,15,9,0
l13,11=63,76,77,40,19,85,82,0,69,84,88,85,72,0,77,0,85,32,67,59,71,73,49,67,28,60,61,12,0,0,19,25,0,0,0,0,0,0,0,0,3,0,0,1,0
l14,11=21,72,46,12,18,0,24,0,68,82,87,84,72,69,0,0,88,94,85,89,94,45,26,29,48,37,44,48,0,0,24,22,0,0,0,0,0,0,0,2,14,18,27,59,28
l15,11=27,23,50,19,22,42,44,0,69,84,88,85,72,70,87,0,0,11,85,84,86,45,31,28,47,32,55,18,0,0,44,43,0,0,0,0,0,0,0,0,0,2,24,39,26
l16,11=10,53,30,13,15,45,23,0,38,39,74,67,53,34,89,0,13,0,70,91,96,18,0,31,38,2,13,6,0,0,53,24,1,0,0,0,0,0,16,18,86,26,22,64,73
l17,11=20,32,1,13,0,0,32,0,69,78,88,84,71,68,89,0,88,88,0,89,94,68,17,33,76,34,20,24,0,0,26,21,0,0,0,0,0,0,0,0,0,17,1,26,25
l18,11=18,49,64,0,0,35,30,0,55,53,72,72,59,60,86,0,51,58,85,0,96,78,76,52,86,85,48,53,0,0,26,19,26,69,0,54,17,0,49,71,79,26,28,64,83
l19,11=0,0,0,0,0,0,7,0,14,62,88,74,71,63,89,0,88,96,85,91,0,83,0,30,87,82,89,51,0,0,17,22,0,0,0,0,0,0,0,1,65,22,23,65,79
l20,11=0,0,0,0,0,0,0,0,57,67,60,53,58,64,69,0,71,60,65,80,72,0,98,86,84,83,82,86,0,0,0,0,68,73,0,71,7,0,75,64,0,0,77,75,73
l21,11=0,0,0,0,0,0,0,0,0,0,76,56,64,65,72,0,74,0,62,90,0,90,0,87,86,83,88,87,0,0,0,0,0,76,0,50,0,0,49,0,3,0,83,75,61
l22,11=0,0,0,0,0,0,0,0,48,61,72,61,54,63,64,0,70,59,72,76,58,87,86,0,87,83,87,87,0,0,0,26,72,82,0,62,64,64,76,0,54,23,83,83,63
l23,11=0,0,29,0,0,0,0,0,48,65,67,54,63,40,72,0,74,45,77,86,80,79,84,88,0,85,90,86,0,0,38,15,57,76,0,75,17,0,71,76,48,19,33,90,86
l24,11=0,1,6,0,0,0,9,3,34,60,74,73,65,60,70,0,72,29,68,90,80,84,84,86,87,0,90,79,0,0,47,47,68,59,0,62,64,48,70,13,21,56,80,90,43
l25,11=0,0,0,0,0,0,0,0,28,60,57,62,55,55,75,0,48,17,59,77,79,76,82,86,87,85,0,84,0,0,0,16,76,56,0,27,34,20,47,54,24,28,89,90,83
l26,11=0,0,0,0,0,0,0,0,53,66,68,40,59,48,69,0,69,43,67,79,71,90,86,88,86,79,84,0,0,0,0,10,70,79,0,71,76,78,79,0,40,77,78,77,76
l27,11=39,67,47,45,46,47,26,0,19,0,77,0,40,61,47,0,27,96,33,50,28,0,0,0,45,19,0,0,0,0,0,84,0,21,0,26,20,25,43,48,96,24,0,34,45
l28,11=40,1,55,44,45,44,8,1,0,0,0,64,65,60,81,0,25,60,31,45,29,0,0,38,35,18,22,8,0,0,85,0,21,17,0,21,22,12,47,43,94,23,0,31,0
l29,11=0,0,0,0,0,0,0,0,0,0,0,0,0,0,0,0,0,9,0,40,0,47,0,66,76,40,75,37,0,0,0,64,0,92,0,90,89,93,88,91,91,90,16,33,0
l30,11=0,0,0,0,0,0,0,0,0,0,0,0,0,0,1,0,2,20,0,42,0,27,33,82,74,23,23,38,0,0,38,11,86,0,0,90,89,93,88,44,92,90,0,34,0
l31,11=0,0,0,0,0,0,0,0,0,0,0,0,0,0,0,0,0,0,0,43,0,68,30,63,74,36,31,37,0,0,64,20,87,92,0,0,89,93,84,89,65,86,0,13,36
l32,11=0,0,0,0,0,0,0,0,0,0,0,0,0,0,0,0,0,0,0,57,0,0,0,64,62,62,59,66,0,0,55,64,87,92,0,90,0,93,88,84,86,85,52,39,0
l33,11=0,0,0,0,0,0,0,0,0,0,0,0,0,0,0,0,0,17,0,0,0,0,0,64,0,19,32,66,0,0,45,0,86,92,0,90,89,0,88,90,80,86,0,0,0
l34,11=0,0,0,0,0,23,0,0,0,0,0,0,0,0,0,0,0,19,0,45,0,27,1,74,73,29,24,39,0,0,70,77,87,92,0,87,89,93,0,92,96,95,0,0,0
l35,11=0,0,0,0,0,0,0,0,0,0,0,0,0,0,36,0,20,18,0,48,27,24,0,0,49,14,25,0,0,0,54,43,87,28,0,66,55,84,88,0,96,95,0,8,0
l36,11=0,0,0,0,0,18,0,0,0,0,0,0,0,30,41,0,0,48,1,53,29,0,0,36,43,2,3,7,0,0,85,83,42,92,0,28,87,92,88,96,0,95,0,0,0
l37,11=0,0,0,0,0,0,0,0,0,0,0,0,0,0,41,0,16,52,33,85,30,0,0,38,42,20,22,26,0,0,44,22,87,92,0,83,88,90,88,96,96,0,0,9,0
l38,11=0,0,0,0,0,0,0,0,0,0,28,0,28,0,74,0,16,49,0,78,54,76,72,84,74,77,85,82,0,0,0,0,1,0,0,0,13,0,0,0,0,0,0,93,88
l39,11=0,0,0,0,0,0,0,0,0,0,62,0,35,0,72,0,73,79,67,81,72,76,49,80,86,83,88,52,0,0,15,14,11,14,0,0,3,0,0,0,0,0,90,0,91
l40,11=0,0,0,0,0,0,0,0,0,0,0,0,0,0,40,0,15,75,38,77,73,77,0,54,86,21,87,79,0,0,2,0,0,0,0,0,0,0,0,0,0,0,90,92,0
l41,11=0,0,0,0,0,0,3,0,43,65,68,69,56,35,69,0,77,77,80,90,79,77,58,84,85,83,88,78,0,0,2,18,0,0,0,30,0,0,0,0,44,20,90,92,89
l42,11=0,0,0,0,0,0,0,0,0,0,0,0,0,0,68,0,57,1,0,81,76,81,81,84,86,83,87,86,0,0,0,0,57,0,0,34,0,0,74,0,0,38,90,92,90
l43,11=0,0,0,0,0,0,0,0,0,0,0,0,2,0,61,0,0,68,31,71,67,79,73,85,78,81,87,79,0,0,0,0,62,71,0,64,55,0,73,0,0,0,90,90,88
l44,11=0,0,0,0,0,0,0,0,0,0,53,27,51,0,71,0,20,18,41,79,61,80,72,86,86,83,77,78,0,0,0,0,64,0,0,0,20,0,10,23,0,0,90,88,88

l0,12=0,84,81,76,87,85,81,2,81,84,63,61,85,82,66,0,78,12,0,56,0,0,0,0,0,0,0,0,0,0,3,34,0,0,0,0,0,0,0,0,0,0,0,0,0
l1,12=86,0,78,76,87,85,81,2,82,83,68,50,84,65,70,0,77,16,36,60,0,0,0,0,0,10,0,0,0,0,0,22,0,0,0,0,0,0,0,0,0,0,0,0,0
l2,12=87,81,0,74,87,85,81,1,81,83,74,78,83,81,68,0,78,0,67,73,33,26,0,20,34,43,47,0,0,0,41,24,0,0,0,0,0,0,0,0,0,0,0,0,0
l3,12=86,84,78,0,87,85,81,0,82,83,61,23,49,75,59,0,0,0,53,44,0,0,0,0,0,0,0,0,0,0,42,10,0,0,0,0,0,0,0,0,64,0,0,0,0
l4,12=86,84,81,76,0,85,81,0,81,83,62,50,14,76,0,0,76,0,0,0,0,0,0,0,0,0,0,0,0,0,43,22,0,0,0,0,0,0,0,0,0,6,0,0,0
l5,12=86,84,81,76,87,0,81,0,81,83,68,24,49,76,66,0,77,16,66,61,0,0,0,0,18,0,0,0,0,0,28,23,0,0,0,0,0,0,0,0,0,0,0,0,0
l6,12=86,84,80,74,86,85,0,1,82,86,70,50,85,74,67,0,78,17,65,63,20,0,0,0,26,2,0,0,0,0,43,0,0,0,0,0,0,0,0,0,0,0,0,0,0
l7,12=84,81,80,74,83,84,83,0,82,87,62,79,86,83,73,0,79,15,69,74,0,34,0,44,36,40,42,36,0,0,0,1,0,0,0,0,0,0,0,0,0,0,0,0,0
l8,12=84,84,78,74,84,83,83,1,0,83,74,78,79,81,72,0,80,36,77,58,31,21,11,27,26,33,42,40,0,0,0,0,0,0,0,0,0,0,0,0,0,0,0,23,0
l9,12=84,81,78,74,83,83,81,1,81,0,74,79,86,83,72,0,81,15,58,62,27,40,0,28,41,49,52,47,0,0,39,3,0,0,0,0,0,0,0,0,0,0,0,0,0
l10,12=36,74,78,63,43,82,83,2,81,85,0,78,86,83,82,0,89,72,85,81,78,48,17,46,72,78,43,55,0,0,60,42,0,0,0,0,0,0,0,0,0,0,0,9,0
l11,12=56,78,78,31,73,82,80,2,80,85,77,0,84,84,75,0,82,42,78,76,73,5,0,10,32,47,54,57,0,0,60,22,0,0,0,0,0,0,0,0,0,0,0,40,0
l12,12=84,81,78,72,23,83,82,1,80,84,80,78,0,83,79,0,82,60,82,77,72,18,30,40,82,80,46,13,0,0,50,0,0,0,0,0,0,0,0,0,0,0,0,10,0
l13,12=84,81,78,74,83,84,81,0,81,89,82,79,86,0,72,0,83,14,77,63,27,0,33,24,32,41,57,35,0,0,11,0,0,0,0,0,0,0,0,0,7,0,0,27,0
l14,12=24,69,24,11,9,54,32,0,81,77,80,47,53,63,0,0,90,92,89,88,98,34,0,29,72,86,73,64,0,0,73,53,0,0,0,0,0,0,6,0,47,24,47,54,52
l15,12=46,61,47,0,48,81,52,2,80,85,80,47,84,83,91,0,0,78,89,85,86,33,24,0,78,81,60,66,0,0,58,45,0,0,0,0,0,0,0,1,2,0,32,49,49
l16,12=16,28,0,0,19,30,63,6,58,42,68,8,8,35,92,0,87,0,89,91,99,7,0,30,40,0,34,57,0,0,89,56,0,0,0,0,0,0,7,46,92,71,9,9,70
l17,12=0,0,19,0,0,64,45,9,79,38,79,46,53,62,92,0,90,92,0,88,94,31,18,43,85,85,61,64,0,0,69,53,0,0,0,0,0,0,0,23,35,0,1,38,0
l18,12=24,63,67,10,0,71,75,0,70,66,79,42,50,52,91,0,86,97,89,0,99,77,49,50,90,93,74,87,0,0,75,39,37,54,0,60,0,0,37,60,86,61,47,54,83
l19,12=0,0,28,0,0,0,40,0,64,48,81,75,85,47,92,0,90,97,89,91,0,69,0,88,91,94,89,61,0,0,82,43,0,47,0,0,0,0,0,1,87,21,74,52,56
l20,12=2,0,12,0,0,10,0,3,61,68,62,61,68,0,68,0,67,60,71,88,67,0,99,88,87,93,74,89,0,0,0,0,65,77,0,65,65,68,81,72,45,1,74,78,71
l21,12=0,0,0,0,0,0,0,0,67,0,65,0,72,70,0,0,72,0,74,90,0,90,0,88,90,93,89,90,0,0,0,0,0,75,0,0,0,0,64,1,0,0,82,0,80
l22,12=0,0,0,0,0,0,0,4,65,68,64,37,56,51,68,0,0,71,76,81,83,90,80,0,91,93,89,90,0,0,1,0,72,85,0,68,69,43,77,79,0,62,80,85,65
l23,12=0,0,0,0,0,46,6,19,59,68,62,36,76,40,79,0,78,70,82,90,95,85,79,89,0,94,90,85,0,0,52,0,54,64,0,75,49,0,44,57,66,44,70,90,85
l24,12=0,1,44,0,0,1,5,9,66,67,62,63,77,61,80,0,75,0,79,89,97,90,69,89,91,0,90,77,0,0,57,31,70,72,0,61,0,17,72,66,66,0,88,83,84
l25,12=0,0,28,0,0,0,0,10,60,58,49,41,41,63,79,0,71,64,73,77,83,75,73,89,91,94,0,81,0,0,0,37,41,51,0,48,72,0,31,47,0,74,88,89,82
l26,12=0,0,0,0,0,0,0,16,65,69,65,65,69,68,75,0,72,77,71,79,74,90,83,88,83,81,75,0,0,0,0,6,73,80,0,75,76,15,81,75,66,74,73,4,76
l27,12=2,0,15,65,33,14,39,0,0,47,51,30,28,13,76,0,48,97,76,50,49,0,0,0,15,6,0,0,0,0,0,90,33,27,0,77,47,41,41,73,95,67,0,3,58
l28,12=19,39,45,11,35,43,0,9,0,2,57,4,0,2,88,0,49,97,85,38,40,0,0,0,0,1,37,4,0,0,94,0,22,4,0,67,70,0,54,69,92,74,0,11,0
l29,12=0,0,0,0,0,0,0,0,0,0,0,0,0,0,0,0,0,0,0,58,0,54,0,70,74,73,58,75,0,0,70,59,0,95,0,90,91,92,87,90,85,89,0,44,25
l30,12=0,0,0,0,0,0,0,0,0,0,0,0,0,0,2,0,0,0,0,33,42,72,29,56,48,46,54,74,0,0,49,4,81,0,0,90,91,92,87,90,91,89,0,0,0
l31,12=0,0,0,0,0,0,0,0,0,0,0,0,0,0,0,0,0,0,0,45,1,56,0,68,75,58,51,77,0,0,72,64,81,95,0,0,91,92,84,85,78,86,17,0,0
l32,12=0,0,0,0,0,0,0,0,0,0,0,0,0,0,0,0,0,0,0,0,0,60,0,68,60,0,63,69,0,0,65,71,81,94,0,90,0,92,87,86,80,88,41,0,0
l33,12=0,0,0,0,0,0,0,0,0,0,0,0,0,0,0,0,0,0,0,0,0,54,0,67,0,0,0,0,0,0,74,0,81,92,0,90,91,0,87,89,74,76,0,0,0
l34,12=0,0,0,0,0,0,0,0,0,0,0,0,0,0,46,0,0,43,6,40,0,75,13,52,48,47,58,83,0,0,59,87,81,95,0,90,91,92,0,91,95,95,36,44,0
l35,12=0,0,0,0,0,0,0,0,0,0,0,0,0,0,0,0,11,54,55,44,0,61,0,46,46,45,61,67,0,0,89,77,81,95,0,90,91,92,87,0,95,95,29,14,0
l36,12=0,0,0,47,0,0,0,0,0,0,0,2,0,9,67,0,3,59,32,51,55,17,0,0,48,48,0,53,0,0,94,49,50,95,0,87,69,49,87,91,0,95,0,0,0
l37,12=0,0,0,0,36,0,0,0,0,0,4,0,0,0,67,0,1,91,3,75,40,1,0,41,48,0,68,70,0,0,72,87,81,95,0,90,91,91,87,91,95,0,0,21,0
l38,12=0,0,0,0,0,0,0,0,0,0,0,0,15,0,83,0,62,75,2,83,82,83,52,82,82,89,87,71,0,0,0,0,0,0,0,0,17,0,25,0,0,0,0,90,85
l39,12=0,0,0,0,0,0,0,0,39,0,21,54,40,32,81,0,69,74,72,81,44,45,0,75,89,82,87,0,0,0,40,62,52,0,0,0,0,0,50,0,0,0,91,0,91
l40,12=0,0,0,0,0,0,0,0,0,0,0,0,1,0,75,0,62,75,0,82,51,78,50,52,84,87,84,80,0,0,42,0,0,0,0,0,0,0,0,0,0,0,85,87,0
l41,12=0,0,0,0,0,0,23,0,54,59,65,0,65,10,83,0,77,82,85,89,88,73,40,83,90,93,87,81,0,0,64,0,0,1,0,0,0,0,36,0,37,51,91,89,91
l42,12=0,0,0,0,0,0,0,0,0,0,0,0,55,0,64,0,0,67,0,86,85,85,70,87,87,93,88,85,0,0,0,0,58,61,0,1,0,3,67,0,0,49,91,90,92
l43,12=0,0,0,0,0,0,0,0,0,0,0,0,41,0,65,0,62,63,60,80,64,81,19,84,85,88,86,64,0,0,0,0,58,49,0,49,0,0,63,0,0,0,86,87,84
l44,12=0,0,0,0,0,0,0,0,0,0,54,0,43,0,69,0,66,0,64,82,80,86,0,85,86,89,86,81,0,0,0,0,63,58,0,0,0,0,0,0,25,0,90,87,82

l0,13=0,87,94,91,96,86,83,54,91,84,56,64,90,66,63,0,73,0,0,49,0,0,0,0,0,0,0,0,0,0,47,10,0,0,0,0,0,0,0,0,0,0,0,0,0
l1,13=93,0,94,91,96,86,83,92,91,86,55,63,90,53,68,0,78,76,17,24,0,0,0,0,0,0,0,0,0,0,43,39,0,0,0,0,0,0,0,0,0,0,0,0,0
l2,13=93,87,0,90,94,86,83,1,91,59,78,90,90,91,66,0,87,75,20,32,45,0,0,59,3,51,36,0,0,0,0,2,0,0,0,0,0,0,0,0,0,0,0,0,0
l3,13=93,87,82,0,96,86,70,53,91,83,44,41,87,51,42,0,56,71,0,8,0,0,0,0,0,0,0,0,0,0,34,30,0,0,0,0,0,0,0,0,25,0,0,0,0
l4,13=93,87,94,91,0,86,83,56,91,91,57,64,90,56,0,0,0,0,6,0,0,0,0,0,0,0,0,0,0,0,43,34,0,0,0,0,0,0,0,0,0,0,0,0,0
l5,13=93,87,94,91,96,0,83,92,91,37,79,63,89,57,62,0,83,73,21,4,1,0,0,0,0,0,0,0,0,0,0,36,0,0,0,0,0,0,0,17,16,0,0,0,0
l6,13=93,87,94,89,94,86,0,93,91,90,58,64,90,91,68,0,87,78,67,72,0,0,0,0,73,0,0,0,0,0,45,0,0,0,0,0,0,0,0,0,1,0,0,0,0
l7,13=93,87,71,89,88,86,83,0,91,91,78,90,90,91,86,0,86,51,77,78,0,52,13,74,85,73,42,0,0,0,40,22,0,0,0,0,0,0,0,0,0,0,0,0,0
l8,13=93,87,94,88,91,82,83,94,0,91,78,90,90,82,86,0,87,77,77,28,3,49,38,73,16,50,43,38,0,0,0,0,0,0,0,0,0,0,0,0,0,0,15,0,0
l9,13=86,86,62,73,85,48,81,78,91,0,79,90,90,91,84,0,87,56,26,54,52,82,0,75,88,65,28,40,0,0,18,17,0,0,0,0,0,0,0,0,0,0,0,0,0
l10,13=34,33,49,50,78,60,49,79,52,89,0,90,90,91,89,0,93,77,32,33,53,0,0,77,87,70,41,32,0,0,50,49,0,0,0,0,0,0,0,0,0,0,0,26,0
l11,13=88,33,91,48,85,50,73,88,91,92,86,0,90,91,85,0,87,0,47,32,49,78,0,57,82,0,51,42,0,0,44,45,0,0,0,0,0,0,0,0,0,0,3,27,0
l12,13=55,86,66,84,78,48,81,90,91,88,91,90,0,91,84,0,92,81,80,54,52,11,29,69,86,72,37,32,0,0,46,13,0,0,0,0,0,0,0,0,0,0,3,0,0
l13,13=89,42,91,83,86,48,81,88,52,92,90,90,90,0,86,0,92,57,80,30,49,49,69,75,81,68,47,41,0,0,0,43,0,0,0,0,0,0,0,0,0,0,0,28,0
l14,13=18,31,7,32,0,47,47,50,52,37,83,89,88,87,0,0,93,92,88,36,100,87,9,0,92,78,55,14,0,0,59,51,0,0,0,0,0,0,0,0,57,38,52,32,29
l15,13=16,54,28,22,6,47,49,66,64,82,91,89,90,88,96,0,0,29,88,89,95,84,75,75,90,72,19,44,0,0,55,52,0,0,0,0,0,0,3,0,10,3,16,25,28
l16,13=0,26,22,12,0,36,20,3,37,13,80,0,88,9,95,0,41,0,35,58,62,0,0,26,74,73,20,14,0,0,61,59,0,11,0,0,0,7,32,33,76,96,0,33,30
l17,13=0,5,0,0,6,47,22,51,39,32,80,88,90,87,96,0,93,98,0,95,100,87,74,80,92,67,22,20,0,0,57,51,0,2,0,0,0,0,0,28,34,3,26,28,28
l18,13=24,23,40,22,0,30,47,53,48,37,89,88,89,33,94,0,91,98,88,0,98,98,83,85,97,98,94,88,0,0,60,56,33,22,0,22,0,0,30,33,77,93,87,33,33
l19,13=0,0,21,0,0,34,7,0,28,35,85,76,89,84,96,0,93,98,88,95,0,91,72,87,99,98,93,50,0,0,61,55,0,0,0,0,0,0,25,30,75,87,89,39,32
l20,13=0,0,0,0,0,0,0,49,53,75,0,76,69,54,78,0,74,60,77,92,81,0,97,90,97,98,78,92,0,0,0,0,74,80,0,56,79,76,86,0,37,72,82,83,80
l21,13=0,0,0,0,0,0,0,62,74,1,0,0,77,82,79,0,83,0,79,88,80,100,0,90,98,92,91,92,0,0,0,0,68,47,0,33,0,0,72,0,0,0,86,43,87
l22,13=0,0,2,0,0,0,0,69,69,30,74,69,71,73,0,0,70,69,76,80,85,100,87,0,99,98,95,93,0,0,0,0,78,82,0,56,82,68,82,80,2,53,83,90,11
l23,13=0,0,0,0,0,0,27,45,0,36,73,65,82,66,87,0,85,66,85,90,97,98,92,90,0,98,95,91,0,0,0,40,64,24,0,57,68,0,88,28,53,88,92,96,90
l24,13=0,0,10,0,0,0,9,67,38,50,82,0,86,78,94,0,90,84,86,92,97,98,83,90,99,0,95,91,0,0,47,27,67,53,0,51,81,0,52,32,71,63,92,96,93
l25,13=0,0,2,0,0,0,0,42,69,28,71,77,71,72,89,0,48,68,47,89,89,65,83,92,99,98,0,80,0,0,41,0,68,23,0,53,82,66,28,29,0,73,94,96,92
l26,13=0,0,0,0,0,0,0,18,66,70,70,77,72,70,73,0,85,75,72,91,76,98,96,90,94,94,86,0,0,0,2,23,89,90,0,91,81,73,93,84,63,33,73,91,90
l27,13=27,25,0,8,32,0,43,23,0,17,71,79,82,0,40,0,41,98,35,36,58,0,0,0,32,67,51,0,0,0,0,97,49,28,0,29,22,27,34,36,79,52,0,0,0
l28,13=5,26,0,26,29,36,0,18,0,17,77,81,72,34,95,0,70,97,35,36,54,0,0,0,73,39,0,2,0,0,99,0,7,31,0,29,56,57,37,32,79,98,39,28,0
l29,13=0,0,0,0,0,0,0,0,0,0,0,0,0,0,0,0,0,0,0,25,0,69,19,71,78,79,79,84,0,0,63,12,0,93,0,92,94,95,95,92,92,80,52,21,0
l30,13=0,0,0,0,0,0,0,0,0,0,0,0,0,0,0,0,0,72,19,44,0,77,26,27,72,84,72,30,0,0,30,48,93,0,0,92,77,80,95,93,92,91,0,21,0
l31,13=0,0,0,0,0,0,0,0,0,0,0,0,0,0,0,0,0,0,0,29,0,73,22,69,78,74,79,77,0,0,74,65,93,93,0,0,94,95,93,80,83,85,0,0,0
l32,13=0,0,0,0,0,0,0,0,0,0,0,0,0,0,0,0,0,33,0,0,0,68,0,69,62,69,76,62,0,0,39,70,93,90,0,92,0,95,94,93,87,92,2,0,0
l33,13=0,0,0,0,0,0,0,0,0,0,0,0,0,0,0,0,0,60,0,0,0,69,0,60,0,0,71,40,0,0,27,60,93,78,0,92,94,0,94,86,87,73,0,0,0
l34,13=0,0,0,0,0,0,0,0,0,0,0,0,0,0,2,0,0,80,0,68,38,80,42,32,81,81,76,54,0,0,34,74,93,93,0,92,94,95,0,96,100,98,1,77,7
l35,13=0,0,0,0,0,28,0,0,0,0,0,0,0,0,0,0,0,91,30,76,45,0,0,28,69,61,50,29,0,0,60,53,93,93,0,35,94,95,95,0,100,98,56,22,0
l36,13=0,0,0,2,0,25,6,0,0,0,0,0,12,1,32,0,9,96,29,36,54,34,0,1,64,69,0,21,0,0,99,48,86,57,0,59,56,75,95,96,0,98,0,20,0
l37,13=0,0,0,0,26,0,0,0,0,0,0,0,0,0,32,0,29,95,29,79,49,68,0,25,73,61,82,10,0,0,39,76,90,93,0,92,94,58,95,96,100,0,0,0,0
l38,13=0,0,0,0,0,0,0,0,0,0,0,0,57,0,77,0,26,0,46,82,84,83,76,86,97,94,94,15,0,0,0,14,1,0,0,0,0,0,0,15,0,0,0,96,93
l39,13=0,0,0,0,0,0,0,0,0,0,68,79,8,77,86,0,24,82,39,30,55,84,0,88,97,92,94,31,0,0,0,19,24,1,0,0,0,0,23,13,21,0,92,0,93
l40,13=0,0,0,0,0,0,0,0,0,0,0,0,0,0,79,0,25,57,36,82,81,84,81,1,89,96,91,87,0,0,0,0,0,0,0,0,0,0,0,0,0,0,92,96,0
l41,13=0,0,0,0,0,0,0,0,0,0,78,68,79,41,80,0,83,95,88,92,96,83,69,85,99,98,91,89,0,0,31,0,36,21,0,0,0,0,25,0,46,73,94,97,93
l42,13=0,0,0,0,0,0,0,0,0,0,0,0,0,0,87,0,0,69,30,91,78,90,78,90,97,98,95,86,0,0,0,0,37,28,0,0,0,0,55,0,0,0,94,96,93
l43,13=0,0,0,0,0,0,0,0,0,0,0,0,60,0,72,0,70,72,43,74,77,87,72,84,91,91,94,83,0,0,0,0,47,0,0,0,71,0,77,1,0,0,92,96,0
l44,13=0,0,0,0,0,0,0,0,0,0,0,0,1,0,83,0,72,0,67,84,84,93,75,89,96,96,92,83,0,0,0,0,0,69,0,0,0,0,0,0,0,0,92,96,93

l0,14=0,100,100,99,97,70,100,100,72,68,99,100,61,76,54,0,12,78,83,0,0,0,0,0,0,0,0,0,0,0,48,40,0,0,0,0,0,0,0,0,0,0,0,0,0
l1,14=100,0,100,99,97,100,100,100,100,99,99,100,100,100,0,0,99,93,97,98,0,0,0,0,0,0,39,0,0,0,44,89,0,0,0,0,0,0,0,0,0,0,0,0,0
l2,14=100,100,0,99,97,100,100,100,100,100,99,100,97,100,59,0,61,97,100,100,52,0,0,0,0,1,20,0,0,0,23,0,0,0,0,0,0,0,0,0,0,0,0,0,0
l3,14=100,100,100,0,97,100,100,100,65,56,99,100,60,57,55,0,59,0,0,69,0,0,0,0,0,0,0,0,0,0,56,52,0,0,0,0,0,0,0,0,0,0,0,0,0
l4,14=100,65,100,99,0,70,100,100,67,68,99,100,60,76,57,0,60,92,96,0,0,0,0,0,0,0,0,0,0,0,57,70,0,0,0,0,0,0,0,0,0,0,0,0,0
l5,14=100,100,100,99,97,0,100,100,72,74,99,100,62,100,57,0,48,87,89,91,1,0,0,0,0,0,0,0,0,0,57,100,0,0,0,0,0,0,0,3,40,0,0,0,0
l6,14=100,52,100,99,94,100,0,100,100,68,99,100,81,81,0,0,61,7,100,96,0,0,0,0,0,1,0,0,0,0,47,55,0,0,0,0,0,0,0,0,0,0,0,0,0
l7,14=100,100,100,99,97,100,100,0,100,74,99,100,100,100,97,0,99,0,100,90,86,0,0,70,35,50,91,0,0,0,0,14,0,0,0,0,0,0,0,0,0,0,0,0,0
l8,14=100,100,100,99,97,100,100,100,0,100,99,100,100,91,97,0,99,85,100,91,2,37,0,76,36,46,100,69,0,0,37,0,0,0,0,0,0,0,0,0,0,0,0,48,0
l9,14=100,100,100,58,97,100,100,93,100,0,99,100,100,100,58,0,99,87,0,100,68,30,0,34,46,49,85,75,0,0,38,0,0,0,0,0,0,0,0,0,0,0,0,0,0
l10,14=81,56,57,94,94,100,100,100,100,100,0,100,100,100,53,0,99,93,100,99,92,0,0,75,59,57,95,79,0,0,89,54,0,0,0,0,0,0,0,0,45,0,74,39,0
l11,14=100,100,100,97,97,100,100,100,100,100,99,0,100,100,97,0,99,76,100,100,99,35,0,34,53,48,97,81,0,0,0,85,0,0,0,0,0,0,0,0,0,3,0,42,0
l12,14=100,100,59,85,96,100,100,100,100,100,99,100,0,100,97,0,99,86,100,100,100,38,77,58,100,100,90,0,0,0,1,88,0,0,0,0,0,0,0,0,0,0,0,62,0
l13,14=86,63,63,96,96,100,100,100,100,100,99,100,100,0,58,0,99,62,100,90,89,27,0,0,59,57,80,65,0,0,50,85,0,0,0,0,0,0,0,0,0,0,0,54,0
l14,14=27,0,25,29,51,81,10,63,97,77,71,98,97,57,0,0,99,98,100,100,100,53,5,60,59,59,100,52,0,0,93,96,0,21,0,0,0,0,0,17,52,50,53,70,52
l15,14=21,57,42,72,64,22,61,64,100,100,99,100,100,63,97,0,0,91,100,100,100,94,0,62,44,57,97,94,0,0,97,98,0,0,0,0,0,0,42,5,0,0,53,48,47
l16,14=49,26,29,0,50,54,1,0,85,87,92,63,60,13,58,0,63,0,100,100,100,0,0,62,56,50,36,43,0,0,100,100,49,27,0,0,0,0,0,59,58,83,0,58,0
l17,14=21,58,57,0,62,52,62,71,98,0,99,100,100,99,97,0,99,99,0,100,100,0,58,51,100,100,100,99,0,0,100,100,0,31,0,0,0,0,10,1,34,51,62,52,57
l18,14=0,50,47,11,0,83,62,61,94,97,97,99,99,55,94,0,85,99,100,0,99,97,98,96,99,100,100,99,0,0,99,98,1,0,0,41,0,0,68,55,96,86,99,93,61
l19,14=0,0,5,0,0,51,0,65,34,84,97,99,97,61,97,0,99,99,100,100,0,97,0,83,100,100,100,99,0,0,99,98,0,0,0,0,0,0,0,59,58,86,99,72,61
l20,14=0,0,0,0,0,0,0,0,92,91,0,92,90,82,86,0,96,0,0,98,93,0,98,98,99,100,92,99,0,0,0,0,93,98,0,0,91,89,99,90,0,91,98,90,89
l21,14=0,0,0,0,0,0,0,25,0,1,0,0,99,0,74,0,10,0,98,98,3,100,0,98,100,100,100,100,0,0,0,0,99,0,0,0,1,0,96,0,0,0,76,0,98
l22,14=0,0,0,0,0,0,0,92,95,84,95,93,90,0,90,0,97,95,98,98,99,97,97,0,100,100,100,100,0,0,0,87,94,91,0,90,98,89,99,92,89,0,99,97,87
l23,14=0,0,0,0,0,0,0,52,77,83,96,95,98,95,94,0,87,93,98,98,99,96,98,99,0,100,100,99,0,0,83,94,99,98,0,97,83,82,99,71,49,97,99,97,98
l24,14=0,0,0,0,0,0,21,62,87,94,97,94,99,63,94,0,97,98,98,98,99,98,97,99,100,0,100,99,0,0,89,83,91,63,0,0,93,0,79,55,57,95,99,97,98
l25,14=0,0,0,0,0,0,0,93,97,77,97,99,98,67,94,0,97,98,98,98,99,93,98,99,100,100,0,99,0,0,48,0,99,98,0,97,98,93,85,95,0,90,99,98,98
l26,14=0,0,0,0,0,0,0,20,96,96,84,96,55,84,91,0,95,94,94,98,93,97,98,98,99,100,100,0,0,0,73,0,99,98,0,95,96,96,99,94,93,95,96,94,96
l27,14=74,24,1,73,93,90,55,30,61,66,95,0,46,50,58,0,84,99,100,100,100,0,0,0,48,44,22,20,0,0,0,100,60,62,0,47,93,99,62,59,100,87,0,52,0
l28,14=35,25,0,38,52,90,43,37,0,0,27,69,96,25,58,0,84,99,100,100,100,0,0,50,48,34,0,0,0,0,100,0,87,26,0,59,90,70,72,59,54,87,0,0,0
l29,14=0,0,0,0,0,0,0,0,0,0,0,0,0,0,0,0,0,80,0,1,0,70,76,85,99,97,100,99,0,0,94,93,0,100,0,98,100,99,100,99,100,100,0,59,0
l30,14=0,0,0,0,0,0,0,0,0,0,0,0,0,0,81,0,0,81,79,0,0,81,0,93,98,59,58,84,0,0,90,86,100,0,0,98,100,99,100,99,100,100,12,52,17
l31,14=0,0,0,0,0,0,0,0,0,0,0,0,0,0,0,0,0,73,0,76,0,12,0,82,93,0,85,90,0,0,75,89,100,100,0,0,100,99,100,91,99,100,0,0,9
l32,14=0,0,0,0,0,0,0,0,0,0,0,0,0,0,0,0,0,0,0,0,0,85,0,96,87,87,94,87,0,0,82,96,100,100,0,98,0,99,100,99,80,100,0,0,0
l33,14=0,0,0,0,0,0,0,0,0,0,0,0,0,0,0,0,0,0,0,0,0,72,0,76,90,0,92,91,0,0,88,33,100,90,0,98,100,0,91,92,92,96,0,0,0
l34,14=0,0,0,0,0,0,0,0,0,0,0,0,0,0,0,0,63,0,47,94,0,84,69,98,99,41,58,84,0,0,100,91,100,100,0,98,100,99,0,99,100,100,0,0,13
l35,14=0,0,0,0,0,66,0,0,0,0,0,0,0,0,60,0,28,99,68,89,96,78,0,97,92,59,60,81,0,0,100,99,100,100,0,81,100,99,100,0,100,100,0,53,0
l36,14=0,0,0,0,81,90,0,0,0,0,87,0,4,0,56,0,0,99,91,100,100,0,0,82,61,57,0,84,0,0,100,99,100,100,0,98,91,99,100,99,0,100,0,50,0
l37,14=0,0,0,0,61,0,0,0,0,0,0,7,0,0,54,0,0,99,89,100,90,74,0,0,78,57,58,75,0,0,100,99,100,100,0,98,100,91,100,99,100,0,3,0,0
l38,14=0,0,0,0,0,0,0,0,0,0,70,0,0,0,62,0,62,0,83,96,86,91,1,96,99,100,100,88,0,0,0,0,0,0,0,0,0,0,0,0,0,0,0,98,98
l39,14=0,0,0,0,0,0,0,0,27,0,0,37,89,49,81,0,71,83,85,88,87,64,0,85,99,96,100,84,0,0,84,0,80,25,0,0,0,0,0,14,43,0,99,0,98
l40,14=0,0,0,0,0,0,0,0,0,0,0,0,0,0,91,0,91,0,83,95,85,82,84,67,96,96,98,94,0,0,0,0,0,0,0,0,0,0,0,0,0,0,99,96,0
l41,14=0,0,0,0,0,0,0,0,0,53,82,56,96,0,92,0,97,98,98,87,99,0,0,98,100,100,100,99,0,0,80,0,85,49,0,0,0,0,0,2,0,60,99,99,98
l42,14=0,0,0,0,0,0,0,0,0,0,0,0,86,0,93,0,89,75,91,98,15,93,94,98,99,100,100,98,0,0,0,0,81,0,0,0,80,0,1,0,0,0,99,97,99
l43,14=0,0,0,0,0,0,0,0,0,0,2,0,0,0,0,0,0,70,75,77,84,94,68,96,96,98,99,96,0,0,0,0,81,83,0,73,82,0,83,76,0,21,99,96,97
l44,14=0,0,0,0,0,0,0,0,0,0,0,0,93,0,90,0,91,74,87,97,88,96,90,98,99,98,100,97,0,0,0,0,55,34,0,0,0,0,0,0,0,9,99,97,98

l0,15=0,100,100,100,100,100,100,100,100,100,97,100,100,100,94,0,98,95,92,92,0,0,0,0,0,0,0,0,0,0,57,89,0,0,0,0,0,0,0,0,0,0,0,0,0
l1,15=100,0,100,100,100,100,100,100,100,100,97,100,100,100,73,0,99,95,95,90,0,0,0,0,0,0,0,0,0,0,46,0,0,0,0,0,0,0,0,0,0,0,0,0,0
l2,15=100,100,0,100,100,100,100,100,100,100,70,100,100,100,95,0,95,100,99,86,10,0,0,0,0,54,0,0,0,0,50,1,0,0,0,0,0,0,0,0,0,0,0,0,0
l3,15=100,100,100,0,100,100,100,100,100,60,97,71,100,100,100,0,0,94,9,59,0,0,0,0,0,0,0,0,0,0,50,81,0,0,0,0,0,0,0,0,0,0,0,0,0
l4,15=100,100,100,100,0,100,100,100,100,60,59,100,100,100,99,0,99,99,93,89,0,0,0,0,0,0,0,0,0,0,60,0,0,0,0,0,0,0,0,0,0,0,0,0,0
l5,15=100,100,100,100,100,0,100,100,100,98,62,76,100,100,100,0,99,96,100,46,38,0,0,0,0,0,0,0,0,0,50,80,0,0,0,0,0,0,0,0,57,0,0,0,0
l6,15=100,100,100,100,100,100,0,100,100,100,97,100,100,100,88,0,99,98,100,85,9,37,0,0,33,0,0,0,0,0,35,0,0,0,0,0,0,0,0,0,0,0,0,0,0
l7,15=100,100,100,100,100,100,100,0,100,100,97,100,100,100,100,0,99,93,100,96,59,98,0,85,0,96,94,80,0,0,0,83,0,0,0,0,0,0,0,0,0,0,0,0,0
l8,15=100,100,100,100,100,100,100,100,0,100,97,100,100,100,100,0,99,93,100,96,57,55,0,86,55,95,94,81,0,0,0,96,0,0,0,0,0,0,0,0,0,0,1,15,0
l9,15=100,100,100,60,92,100,100,100,100,0,97,100,100,100,92,0,98,95,95,96,29,56,0,91,17,98,88,89,0,0,0,0,0,0,0,0,0,0,0,0,0,0,65,52,0
l10,15=97,97,58,70,87,100,98,99,100,100,0,100,100,100,97,0,97,93,100,83,54,0,0,94,88,97,94,59,0,0,0,0,0,0,0,0,0,0,0,0,54,0,92,87,84
l11,15=100,100,100,60,100,100,100,100,100,100,97,0,100,100,99,0,99,88,100,96,98,59,0,0,55,96,86,19,0,0,34,77,0,0,0,0,0,0,0,0,0,3,0,23,0
l12,15=100,100,58,65,87,100,100,100,100,100,97,100,0,100,92,0,99,94,100,93,42,55,79,86,94,99,91,0,0,0,47,51,0,0,0,0,0,0,0,0,0,0,0,58,0
l13,15=100,100,100,57,100,100,100,100,100,100,97,100,100,0,89,0,99,93,93,83,0,55,7,86,86,96,1,59,0,0,48,73,0,0,0,0,0,0,0,0,0,0,0,0,0
l14,15=22,2,46,47,58,97,61,97,95,58,57,67,93,96,0,0,99,94,100,87,58,0,0,95,89,97,90,57,0,0,61,80,0,46,0,0,0,0,0,43,46,44,93,94,16
l15,15=75,99,56,0,92,96,98,100,95,45,57,71,100,100,100,0,0,94,100,87,60,56,80,95,89,97,95,34,0,0,58,81,0,54,0,0,0,0,39,23,40,1,81,93,69
l16,15=12,60,57,46,90,64,94,92,62,55,58,50,99,99,100,0,98,0,100,96,79,46,0,55,55,62,95,54,0,0,100,100,57,51,0,21,0,0,57,86,60,60,79,94,61
l17,15=44,56,46,0,58,96,74,100,100,59,97,100,100,98,100,0,99,100,0,96,98,56,74,95,94,99,95,27,0,0,100,99,0,0,0,0,0,0,0,0,59,46,95,94,0
l18,15=37,51,48,8,64,39,80,99,98,60,58,69,99,96,99,0,98,100,100,0,97,62,85,97,92,98,95,59,0,0,63,80,0,78,0,41,0,0,99,75,59,48,95,94,90
l19,15=0,0,22,0,0,77,79,86,84,43,45,70,92,0,100,0,99,100,100,96,0,55,61,97,94,99,95,48,0,0,55,83,7,0,0,0,0,0,82,75,48,50,81,94,81
l20,15=0,0,0,0,0,0,58,96,61,66,0,86,83,58,0,0,91,49,94,96,90,0,100,97,87,99,91,99,0,0,0,0,56,96,0,0,95,68,97,85,0,0,98,91,63
l21,15=0,0,0,0,0,0,0,51,0,3,0,0,91,67,0,0,89,0,94,96,69,99,0,97,92,96,95,99,0,0,0,0,79,0,0,0,79,0,61,0,0,0,97,90,84
l22,15=0,0,0,0,0,0,0,74,75,44,76,0,67,55,88,0,76,56,85,96,77,99,76,0,94,99,95,99,0,0,0,0,82,66,0,36,79,42,81,63,39,31,99,75,78
l23,15=0,0,0,0,0,0,7,0,71,0,79,77,80,76,87,0,80,80,88,82,81,83,82,97,0,99,95,84,0,0,63,69,82,81,0,82,66,27,71,83,0,76,83,82,89
l24,15=0,0,3,0,0,0,0,81,77,83,80,72,82,79,89,0,79,83,89,82,83,87,82,97,94,0,95,84,0,0,49,75,80,82,0,82,77,1,80,0,83,83,83,79,87
l25,15=0,0,0,0,0,0,0,62,78,37,76,39,73,7,86,0,76,82,84,96,92,80,75,97,94,99,0,87,0,0,0,0,81,74,0,75,78,54,81,83,33,58,98,94,78
l26,15=0,0,0,0,0,0,0,88,89,91,74,39,23,86,97,0,90,78,77,86,39,98,99,97,92,93,95,0,0,0,0,0,96,94,0,87,27,91,96,88,90,74,98,90,92
l27,15=57,23,56,61,96,100,92,0,0,0,0,44,97,90,100,0,93,100,100,90,58,0,0,0,53,61,0,0,0,0,0,100,0,73,0,63,57,58,63,87,98,60,0,93,0
l28,15=57,0,0,62,0,100,0,97,100,0,0,60,92,91,100,0,99,100,100,90,60,0,0,0,57,63,0,0,0,0,100,0,100,100,0,63,60,62,100,87,60,60,1,0,0
l29,15=0,0,0,0,0,0,0,0,0,0,0,0,0,0,0,0,0,97,0,0,0,87,59,98,94,59,95,99,0,0,1,100,0,100,0,100,100,100,100,100,100,100,98,89,0
l30,15=0,0,0,0,0,0,0,0,0,0,0,0,0,0,86,0,90,92,37,58,0,98,0,66,86,62,94,97,0,0,60,62,100,0,0,100,100,100,100,100,100,100,89,91,57
l31,15=0,0,0,0,0,0,0,0,0,0,0,0,0,0,0,0,0,84,0,51,0,0,0,72,88,93,90,93,0,0,93,95,100,100,0,0,100,100,100,100,100,100,88,1,54
l32,15=0,0,0,0,0,0,0,0,0,0,0,0,0,0,0,0,0,0,0,0,0,91,59,98,85,92,95,57,0,0,93,97,100,100,0,100,0,100,100,100,100,100,0,0,18
l33,15=0,0,0,0,0,0,0,0,0,0,0,0,0,0,0,0,0,0,0,0,0,91,0,62,48,0,90,91,0,0,90,93,100,93,0,100,100,0,93,98,94,98,0,0,0
l34,15=0,0,0,0,0,0,0,0,0,0,0,0,0,0,0,0,47,97,0,61,62,98,12,67,54,61,95,97,0,0,70,62,100,100,0,100,100,100,0,100,100,100,70,0,54
l35,15=0,0,0,0,0,0,0,0,0,0,0,0,0,0,84,0,50,100,0,61,59,60,0,65,55,0,95,59,0,0,78,88,100,100,0,100,100,100,100,0,100,100,0,30,0
l36,15=0,0,0,0,87,97,0,0,0,0,49,0,0,0,99,0,91,100,65,61,59,0,0,67,13,62,95,59,0,0,94,66,64,100,0,100,73,62,100,100,0,100,0,0,0
l37,15=0,0,0,0,0,0,0,0,0,0,0,11,0,0,88,0,19,100,59,56,60,0,0,66,54,63,91,56,0,0,75,93,100,100,0,100,100,62,100,100,100,0,0,0,1
l38,15=0,0,0,0,0,0,0,0,0,0,29,0,4,0,66,0,55,43,79,86,33,81,48,91,92,96,93,92,0,0,0,0,34,12,0,27,0,0,22,0,0,0,0,94,98
l39,15=0,0,0,0,0,0,0,0,0,10,23,0,40,0,80,0,57,51,79,72,75,66,56,54,78,77,83,55,0,0,52,0,28,33,0,0,0,0,0,0,0,0,98,0,89
l40,15=0,0,0,0,0,0,0,0,0,0,54,0,0,0,2,0,67,67,0,75,69,58,55,74,90,79,71,80,0,0,0,0,0,40,0,21,0,0,61,0,0,0,98,93,0
l41,15=0,0,0,0,0,0,0,21,30,37,65,50,53,71,83,0,75,80,88,74,83,68,0,80,92,86,88,84,0,0,65,45,25,38,0,0,0,0,0,0,1,0,96,96,89
l42,15=0,0,0,0,0,0,0,0,0,0,0,0,22,0,65,0,53,45,59,79,0,76,54,81,92,84,77,80,0,0,0,0,52,0,0,7,52,0,42,0,0,2,98,94,98
l43,15=0,0,0,0,0,0,0,0,0,0,0,0,0,0,58,0,0,19,60,57,55,57,41,76,61,81,91,61,0,0,0,0,0,55,0,59,52,0,51,53,4,34,97,88,91
l44,15=0,0,0,0,0,0,0,0,0,0,0,0,7,0,60,0,71,0,17,76,0,83,54,78,94,79,94,80,0,0,0,0,50,53,0,0,53,0,0,0,2,0,99,96,98

