l0,0=0,92,98,94,95,97,95,98,75,96,94,90,75,66,72,0,54,0,69,76,0,0,0,0,0,0,0,0,0,0,83,78,0,0,0,0,0,0,0,0,42,0,0,0,0
l1,0=97,0,98,95,57,97,95,100,98,94,91,91,37,95,50,0,31,19,29,74,6,0,0,0,0,20,0,0,0,0,39,77,0,0,0,0,0,0,0,0,0,0,0,0,0
l2,0=97,92,0,95,93,97,95,100,98,96,94,91,91,95,81,0,53,73,75,84,88,0,0,0,0,2,65,0,0,0,56,73,0,0,0,0,0,0,0,0,0,0,0,2,0
l3,0=96,92,94,0,96,96,94,67,77,89,76,90,61,63,77,0,48,54,0,0,7,0,0,0,0,0,0,0,0,0,85,82,0,0,0,0,0,0,0,0,64,0,0,0,0
l4,0=96,90,88,95,0,97,89,68,74,89,90,43,56,63,48,0,32,0,0,0,0,0,0,0,0,0,0,0,0,0,39,80,0,0,0,0,0,0,0,0,0,0,0,0,0
l5,0=97,92,99,92,96,0,95,72,74,89,89,90,75,30,0,0,37,9,49,0,65,0,0,0,0,0,0,0,0,0,39,71,0,0,0,0,0,0,0,0,75,52,0,0,0
l6,0=97,92,99,91,56,97,0,100,98,96,95,91,93,63,52,0,40,11,30,83,80,0,0,0,0,0,0,0,0,0,40,0,0,0,0,0,0,0,0,0,0,0,0,0,0
l7,0=97,92,99,95,96,97,95,0,98,96,95,91,93,95,93,0,90,0,86,94,87,1,63,77,65,79,73,0,0,0,72,0,0,0,0,0,0,0,0,0,0,0,0,3,0
l8,0=87,92,99,95,93,97,95,100,0,96,95,91,94,95,55,0,78,19,62,89,78,4,15,37,32,68,33,3,0,0,13,0,0,0,0,0,0,0,0,0,0,0,0,44,0
l9,0=95,92,95,61,94,95,95,98,98,0,95,91,93,95,90,0,90,15,30,68,88,6,0,41,42,60,31,9,0,0,4,63,0,0,0,0,0,0,0,0,0,0,0,17,0
l10,0=85,92,92,0,34,39,94,95,94,93,0,90,94,45,18,0,90,27,74,87,91,0,24,37,43,83,37,18,0,0,5,49,0,0,0,0,0,0,0,0,3,0,36,22,0
l11,0=88,92,94,91,28,97,94,95,98,96,94,0,94,95,88,0,90,36,23,87,92,3,0,0,39,32,26,24,0,0,0,41,0,0,0,0,0,0,0,0,0,0,41,0,0
l12,0=70,80,92,56,46,97,94,95,94,93,95,91,0,95,88,0,90,48,82,87,93,0,0,0,0,66,53,44,0,0,30,60,0,0,0,0,0,0,0,0,0,0,0,47,52
l13,0=86,92,99,66,93,97,94,100,97,96,94,91,94,0,88,0,90,51,82,82,88,7,0,39,0,79,0,0,0,0,29,62,0,0,0,0,0,0,0,0,0,0,34,16,5
l14,0=17,49,49,7,26,0,72,79,84,87,56,49,49,45,0,0,87,33,86,93,99,0,10,36,6,47,11,9,0,0,40,69,0,6,0,0,0,0,0,4,31,26,59,28,30
l15,0=26,51,62,7,7,34,83,95,88,92,95,91,93,95,90,0,0,21,86,76,96,31,13,38,46,83,36,27,0,0,39,43,7,0,0,0,0,0,0,17,17,0,51,39,25
l16,0=0,61,70,8,0,7,36,0,78,23,61,43,49,51,56,0,57,0,31,94,96,0,0,11,78,69,32,0,0,0,43,90,15,1,0,1,0,24,41,34,86,74,53,56,26
l17,0=21,45,50,0,0,34,77,83,82,77,95,31,51,58,93,0,90,87,0,94,99,29,0,36,82,34,33,26,0,0,38,72,0,0,0,0,0,0,0,0,12,67,54,1,21
l18,0=20,37,65,0,0,0,35,76,92,9,89,39,53,18,87,0,46,87,51,0,99,34,22,50,86,87,84,31,0,0,28,40,0,16,0,33,0,0,38,0,74,33,64,77,69
l19,0=0,0,67,0,0,7,24,73,39,29,89,85,93,22,93,0,88,87,86,94,0,24,21,67,87,87,50,6,0,0,74,89,0,5,0,0,0,0,0,45,89,35,44,77,76
l20,0=0,0,0,0,0,0,0,2,36,58,1,30,0,54,0,0,78,5,72,93,83,0,84,98,88,87,84,94,0,0,0,0,76,81,0,73,84,63,81,75,0,51,65,52,44
l21,0=0,0,0,0,0,0,0,57,82,0,62,0,0,0,38,0,77,0,0,84,75,88,0,85,88,78,76,95,0,0,0,0,12,82,0,0,0,0,76,69,0,0,59,7,66
l22,0=0,0,0,0,0,0,0,49,60,66,51,0,0,63,80,0,80,42,56,91,82,88,71,0,88,66,86,94,0,0,0,34,90,84,0,71,84,76,91,61,59,51,58,74,73
l23,0=0,0,0,0,0,0,0,47,11,18,44,50,0,0,0,0,70,77,71,83,85,75,82,99,0,89,86,93,0,0,0,42,74,75,0,0,36,0,70,0,0,34,64,77,92
l24,0=0,20,3,0,0,0,0,63,53,52,64,20,63,49,82,0,85,41,29,93,88,88,53,53,89,0,86,80,0,0,0,40,45,82,0,0,31,33,39,52,45,48,65,77,75
l25,0=0,0,51,0,0,0,0,59,70,53,51,49,74,0,46,0,71,49,70,93,74,74,65,99,89,89,0,91,0,0,20,0,85,42,0,29,55,69,52,52,45,53,64,77,71
l26,0=0,0,0,0,0,0,0,0,26,32,41,55,64,0,58,0,83,0,70,93,57,88,82,98,88,84,84,0,0,0,0,0,86,85,0,95,70,72,93,84,35,34,65,1,89
l27,0=54,70,27,16,5,9,47,48,5,0,20,0,27,5,20,0,28,86,30,40,46,0,0,0,0,0,13,0,0,0,0,90,74,53,0,50,14,40,53,95,54,86,10,0,63
l28,0=56,69,67,15,7,8,0,0,0,26,30,32,43,8,8,0,25,87,26,40,53,0,0,33,46,39,0,0,0,0,91,0,85,60,0,49,52,48,75,75,95,94,0,0,58
l29,0=0,0,0,0,0,0,0,0,0,0,0,0,0,0,0,0,25,21,0,0,0,44,44,99,47,34,84,82,0,0,72,89,0,98,0,99,95,100,94,99,95,94,31,0,0
l30,0=0,0,0,0,0,0,0,0,0,0,0,0,0,0,0,0,0,0,0,0,0,18,41,85,53,73,33,75,0,0,91,84,99,0,0,99,95,100,94,99,95,94,9,53,23
l31,0=0,0,0,0,0,0,0,0,0,0,0,0,0,0,0,0,0,17,0,39,0,79,22,90,0,0,17,90,0,0,81,69,99,98,0,0,95,100,94,99,95,94,33,0,60
l32,0=0,0,0,0,0,0,0,0,0,0,0,0,0,0,0,0,0,0,0,0,0,74,17,89,46,33,64,71,0,0,9,77,99,98,0,99,0,100,94,99,86,85,34,0,0
l33,0=0,0,0,0,0,0,0,0,0,0,0,0,0,0,0,0,0,37,0,0,0,33,0,83,0,38,63,69,0,0,76,75,99,98,0,99,95,0,87,91,90,37,0,0,0
l34,0=0,0,0,0,0,0,0,0,0,0,0,0,0,0,0,0,0,43,0,47,0,55,12,93,54,19,18,89,0,0,90,71,99,98,0,99,95,99,0,99,95,94,12,21,0
l35,0=0,0,0,0,0,0,0,0,0,0,0,0,0,0,0,0,13,19,0,0,13,12,12,64,0,47,39,59,0,0,91,72,99,98,0,99,95,98,94,0,95,94,0,0,0
l36,0=0,0,0,0,0,6,0,0,0,0,13,0,0,0,6,0,14,48,11,44,33,0,0,27,0,22,7,0,0,0,34,76,92,98,0,93,55,93,94,99,0,94,0,0,0
l37,0=0,0,0,0,0,4,0,0,0,0,0,0,0,0,4,0,11,83,30,44,28,2,0,45,48,41,34,2,0,0,91,90,95,98,0,98,89,25,94,99,95,0,9,0,0
l38,0=0,0,0,0,0,0,0,0,0,0,24,29,0,0,67,0,56,60,55,76,55,61,41,63,87,87,76,74,0,0,2,0,26,31,0,7,31,0,39,0,0,13,0,77,91
l39,0=0,0,0,0,0,0,0,0,32,0,30,7,20,0,35,0,51,58,8,79,77,40,8,80,89,88,86,0,0,0,0,0,0,18,0,0,0,0,17,0,0,0,66,0,93
l40,0=0,0,0,0,0,0,0,0,0,0,0,0,23,0,64,0,40,23,17,78,68,31,48,75,87,85,78,87,0,0,24,21,0,20,0,12,0,0,0,0,0,0,65,77,0
l41,0=0,0,0,0,0,0,0,0,0,47,46,0,0,13,48,0,83,83,81,93,91,47,13,92,88,85,79,77,0,0,41,37,0,4,0,0,0,0,0,5,12,0,65,77,92
l42,0=0,0,0,0,0,0,0,0,0,0,25,0,0,0,44,0,30,39,45,68,64,59,48,98,88,85,84,66,0,0,0,0,0,23,0,0,0,0,0,0,0,0,65,77,85
l43,0=0,0,0,0,0,0,0,0,0,0,21,0,0,0,0,0,12,12,50,75,46,56,43,94,87,86,74,75,0,0,0,0,25,29,0,0,0,0,0,0,0,0,65,76,92
l44,0=0,0,0,0,0,0,0,0,0,0,2,17,0,0,60,0,0,20,30,65,53,59,51,64,87,86,83,75,0,0,0,0,30,6,0,3,0,0,0,0,0,0,64,74,86

l0,1=0,95,97,96,62,96,94,78,55,92,79,95,90,94,17,0,62,56,0,18,0,0,0,0,0,0,0,0,0,0,18,0,0,0,0,0,0,0,0,0,0,0,0,0,0
l1,1=95,0,95,94,94,96,96,56,93,92,45,95,85,94,17,0,63,0,40,21,35,0,0,0,0,0,0,0,0,0,19,0,0,0,0,0,0,0,0,0,0,0,0,0,0
l2,1=95,96,0,94,57,96,96,96,94,97,80,96,91,94,19,0,65,85,42,15,31,0,0,10,0,49,9,0,0,0,13,43,0,0,0,0,0,0,0,0,0,0,0,0,0
l3,1=95,96,77,0,94,96,66,54,56,90,74,93,85,92,19,0,63,83,66,0,27,0,0,0,0,0,0,0,0,0,52,73,0,0,0,0,0,0,0,0,19,0,0,0,0
l4,1=95,96,74,96,0,96,66,54,55,91,73,90,85,89,0,0,63,68,5,0,0,0,0,0,0,0,0,0,0,0,51,14,0,0,0,0,0,0,0,0,0,0,0,0,0
l5,1=95,96,95,59,94,0,96,61,56,60,45,66,90,94,17,0,64,17,41,1,0,0,0,0,0,0,0,0,0,0,21,18,0,0,0,0,0,0,0,0,44,54,0,0,0
l6,1=95,96,98,59,55,96,0,83,56,92,79,66,91,94,16,0,65,53,33,22,32,0,0,0,0,0,0,0,0,0,21,12,0,0,0,0,0,0,0,0,0,0,0,0,0
l7,1=95,96,98,77,52,96,96,0,94,97,80,96,91,94,44,0,86,0,55,24,35,46,36,56,0,64,48,27,0,0,5,1,0,0,0,0,0,0,0,0,0,0,0,37,0
l8,1=94,96,98,95,91,96,96,97,0,97,79,96,90,94,79,0,79,65,72,49,16,46,25,54,31,57,52,1,0,0,11,32,0,0,0,0,0,0,0,0,0,0,0,0,0
l9,1=94,96,95,92,91,93,91,98,94,0,80,96,91,94,80,0,63,48,72,14,36,29,0,1,55,17,33,8,0,0,0,30,0,0,0,0,0,0,0,0,0,0,4,0,0
l10,1=88,71,87,46,48,95,91,91,86,92,0,95,91,94,67,0,86,84,72,64,66,33,32,14,8,76,70,56,0,0,33,15,0,10,0,0,0,0,0,0,0,0,42,31,6
l11,1=93,96,95,87,38,95,91,91,93,97,79,0,91,94,80,0,86,49,72,60,66,0,0,6,27,70,48,0,0,0,0,31,0,0,0,0,0,0,0,0,0,0,23,22,0
l12,1=94,40,95,70,90,95,91,91,87,92,80,96,0,94,80,0,86,86,72,64,76,44,0,26,30,72,56,35,0,0,0,25,0,0,0,0,0,0,0,0,0,0,31,0,15
l13,1=94,96,95,93,91,95,91,93,94,97,79,96,91,0,80,0,86,41,72,44,24,33,29,28,35,70,48,11,0,0,7,36,0,0,0,0,0,0,0,0,0,0,15,0,0
l14,1=21,7,38,30,14,57,51,67,65,44,17,74,85,75,0,0,86,70,76,69,81,36,33,51,37,65,43,0,0,0,39,40,0,0,0,0,0,0,42,0,31,23,61,44,27
l15,1=20,15,37,28,33,68,80,84,82,19,80,96,90,94,84,0,0,61,73,40,78,49,26,39,41,74,61,14,0,0,51,0,0,0,0,0,0,0,0,5,7,0,39,33,15
l16,1=0,0,69,55,50,16,52,0,53,19,27,26,58,30,63,0,81,0,41,45,74,41,0,6,27,64,55,5,0,0,56,67,0,34,0,0,14,18,64,41,64,38,24,11,4
l17,1=0,3,37,24,14,45,48,56,56,39,43,58,86,78,84,0,86,63,0,37,81,38,33,27,36,0,57,27,0,0,18,0,0,0,0,0,0,0,0,3,16,38,39,35,20
l18,1=3,8,22,0,0,19,34,26,53,15,42,40,54,41,76,0,69,90,37,0,81,67,33,12,67,77,75,38,0,0,40,50,40,47,0,22,0,0,39,33,36,64,40,59,15
l19,1=0,21,56,2,0,0,42,53,16,35,31,39,79,38,84,0,77,80,76,69,0,61,21,29,41,63,62,31,0,0,43,54,0,57,0,0,0,0,51,0,60,56,39,50,31
l20,1=0,0,0,0,0,0,0,61,55,49,46,0,48,55,54,0,63,43,49,51,61,0,84,69,62,76,66,80,0,0,10,0,69,60,0,44,60,41,66,20,44,49,67,61,52
l21,1=0,0,0,0,0,0,0,11,36,0,52,0,0,40,57,0,61,0,61,47,20,90,0,65,61,70,66,77,0,0,0,0,0,68,0,0,3,0,47,46,0,0,63,64,0
l22,1=0,0,0,0,0,0,0,61,50,0,29,10,33,41,61,0,60,41,54,40,52,78,66,0,68,60,76,83,0,0,0,0,67,69,0,64,56,33,60,52,47,50,61,62,49
l23,1=0,0,0,0,0,0,0,0,24,46,21,38,30,49,63,0,61,62,59,62,62,73,70,74,0,81,76,74,0,0,42,38,40,35,0,36,0,29,60,37,22,65,69,84,61
l24,1=0,0,42,0,0,2,0,63,46,4,57,59,51,64,62,0,64,57,0,53,58,83,59,61,69,0,76,74,0,0,0,49,0,55,0,0,17,2,45,51,38,63,74,65,57
l25,1=0,0,0,0,0,0,0,52,44,23,55,45,41,50,49,0,58,38,61,61,58,58,64,77,68,81,0,75,0,0,0,0,63,49,0,53,40,17,48,33,34,49,68,81,55
l26,1=0,0,0,0,0,0,0,50,23,26,52,0,48,54,0,0,54,48,54,45,57,90,68,77,57,72,66,0,0,0,0,0,67,70,0,64,54,0,67,54,50,64,68,57,56
l27,1=9,29,6,67,36,32,54,1,14,0,39,0,0,0,71,0,82,86,13,14,72,0,0,0,7,0,1,0,0,0,0,86,62,79,0,40,8,25,45,87,91,84,0,0,0
l28,1=0,0,57,35,9,11,11,2,17,27,13,18,16,41,41,0,0,90,0,41,74,0,0,0,6,61,0,0,0,0,89,0,73,79,0,45,41,0,57,48,91,90,0,1,7
l29,1=0,0,0,0,0,0,0,0,0,0,0,0,0,0,0,0,0,0,0,15,0,60,0,74,16,0,68,64,0,0,60,75,0,90,0,95,93,95,92,95,91,93,37,0,0
l30,1=0,0,0,0,0,0,0,0,0,0,2,0,0,0,0,0,0,29,0,14,48,53,41,60,4,49,49,69,0,0,85,69,81,0,0,95,93,92,92,95,91,94,29,43,0
l31,1=0,0,0,0,0,0,0,0,0,0,0,0,0,0,0,0,0,0,0,31,0,51,0,68,8,0,61,75,0,0,66,66,81,90,0,0,93,95,92,77,91,94,0,0,5
l32,1=0,0,0,0,0,0,0,0,0,0,0,0,0,0,0,0,0,39,0,0,0,58,26,64,0,45,53,56,0,0,31,51,81,90,0,95,0,95,92,94,73,91,0,0,0
l33,1=0,0,0,0,0,0,0,0,0,0,0,0,0,0,0,0,0,6,0,0,0,53,0,46,35,0,44,0,0,0,47,0,81,79,0,95,93,0,87,80,79,71,0,0,0
l34,1=0,0,0,0,0,0,0,0,0,0,0,0,0,0,27,0,0,67,0,41,52,75,28,61,55,50,53,78,0,0,59,77,81,90,0,95,93,92,0,95,91,94,0,2,0
l35,1=0,0,0,0,0,0,0,0,0,0,0,0,0,0,0,0,39,25,0,34,0,12,26,40,12,63,46,66,0,0,89,80,81,90,0,82,93,86,92,0,91,94,0,0,0
l36,1=0,0,0,0,0,17,0,0,0,0,0,0,0,0,46,0,54,72,0,14,75,47,0,5,1,23,27,12,0,0,89,85,78,89,0,87,60,89,91,90,0,93,0,17,0
l37,1=0,0,0,0,0,25,0,0,0,0,0,0,0,0,40,0,0,58,14,35,46,52,2,11,34,65,51,44,0,0,89,86,78,90,0,95,87,78,92,95,91,0,0,0,0
l38,1=0,0,0,0,0,0,0,0,0,0,37,20,26,1,61,0,54,31,50,45,42,65,43,59,54,75,60,62,0,0,0,0,26,28,0,0,0,0,0,0,0,0,0,82,61
l39,1=0,0,0,0,0,0,0,41,0,0,26,24,0,0,60,0,53,42,46,58,69,59,50,64,67,74,74,63,0,0,0,0,0,47,0,0,0,0,0,0,17,0,75,0,64
l40,1=0,0,0,0,0,0,0,0,0,0,1,0,7,0,57,0,41,18,52,8,53,38,0,42,60,69,60,60,0,0,0,2,0,0,0,0,0,0,0,0,0,0,73,80,0
l41,1=0,0,0,0,0,0,0,0,4,25,63,46,33,0,77,0,70,64,57,62,69,60,11,67,68,77,70,65,0,0,26,48,0,0,0,0,0,0,33,14,0,0,75,84,63
l42,1=0,0,0,0,0,0,0,0,0,0,0,0,0,0,47,0,40,33,46,40,42,57,51,60,63,70,71,59,0,0,0,0,0,0,0,2,17,0,0,0,0,6,67,82,61
l43,1=0,0,0,0,0,0,0,0,0,0,28,0,0,0,43,0,36,15,0,31,42,64,44,65,60,68,62,61,0,0,0,0,42,42,0,29,0,0,0,0,0,0,72,67,64
l44,1=0,0,0,0,0,0,0,0,0,0,0,0,25,12,46,0,5,28,46,36,45,57,45,47,57,71,66,70,0,0,40,0,42,0,0,0,0,0,0,0,0,0,69,66,61

l0,2=0,90,62,93,95,93,92,86,74,57,70,85,66,55,0,0,67,66,23,52,0,0,0,0,0,0,0,0,0,0,46,71,0,0,0,0,0,0,0,0,0,0,0,0,0
l1,2=95,0,93,91,94,93,93,85,88,92,69,88,66,54,67,0,67,70,64,49,44,0,0,0,0,0,0,0,0,0,77,68,0,0,0,0,0,0,0,0,0,0,0,0,0
l2,2=95,90,0,90,84,91,93,99,92,96,72,85,86,54,67,0,65,70,59,53,0,0,0,12,0,51,0,0,0,0,46,64,0,0,0,0,0,0,0,0,0,0,0,0,0
l3,2=95,90,60,0,95,93,92,86,78,53,72,85,69,54,65,0,2,0,59,0,0,0,0,0,0,0,0,0,0,0,74,64,0,0,0,0,0,0,0,0,0,0,0,0,0
l4,2=95,90,59,93,0,93,90,85,81,54,70,82,66,24,62,0,62,64,59,0,0,0,0,0,0,0,0,0,0,0,77,37,0,0,0,0,0,0,0,0,0,0,0,0,0
l5,2=94,90,60,82,95,0,93,85,81,55,73,82,70,54,67,0,63,54,62,51,0,0,0,0,0,0,0,0,0,0,77,71,0,0,0,0,0,0,0,0,0,0,0,0,0
l6,2=95,90,93,82,85,93,0,96,91,57,72,86,72,57,59,0,68,68,61,0,33,25,0,0,0,0,0,0,0,0,75,66,0,0,0,0,0,0,0,0,6,0,0,0,0
l7,2=92,85,93,66,77,89,93,0,92,96,72,88,83,88,51,0,68,0,68,49,58,2,10,54,8,64,34,0,0,0,0,0,0,0,0,0,0,0,0,0,0,0,0,0,0
l8,2=91,85,93,84,87,89,92,98,0,93,70,86,84,87,69,0,68,25,67,51,0,0,31,61,0,38,30,23,0,0,50,52,0,0,0,0,0,0,0,0,0,0,0,0,0
l9,2=91,85,92,82,84,89,91,93,89,0,72,87,82,87,68,0,63,71,67,51,56,26,21,0,57,47,30,28,0,0,43,62,0,0,0,0,0,0,0,0,0,0,0,39,0
l10,2=82,70,91,62,72,89,62,80,77,89,0,85,86,85,60,0,68,47,68,54,71,0,36,42,33,64,60,29,0,0,41,43,0,0,0,0,0,0,0,0,36,0,41,36,1
l11,2=90,85,92,78,84,89,87,97,91,96,72,0,86,88,68,0,68,44,68,28,75,40,32,1,35,64,30,3,0,0,67,40,0,0,0,0,0,0,0,0,0,0,40,43,0
l12,2=80,82,92,77,80,89,87,83,83,89,73,88,0,87,65,0,68,64,67,51,73,0,31,43,55,58,33,54,0,0,59,44,0,0,0,0,0,0,0,0,0,7,34,1,0
l13,2=91,85,92,78,39,89,91,90,89,96,72,88,86,0,67,0,68,54,61,39,65,0,0,51,46,49,0,0,0,0,46,47,0,0,0,0,0,0,0,0,0,0,0,0,0
l14,2=0,40,49,38,36,55,43,43,62,78,62,85,47,57,0,0,68,58,72,63,83,50,34,49,52,68,66,28,0,0,62,60,0,0,0,0,0,0,26,47,42,7,57,55,52
l15,2=50,51,49,0,34,35,76,80,67,53,72,85,84,83,78,0,0,61,67,54,76,58,49,63,54,64,58,32,0,0,72,58,0,0,0,0,0,0,0,31,48,40,59,47,32
l16,2=40,43,61,0,32,35,42,0,4,48,44,59,73,24,67,0,63,0,66,63,82,34,0,0,55,63,29,9,0,0,82,81,4,56,0,0,0,0,36,31,77,0,57,55,22
l17,2=2,43,48,33,34,42,51,56,58,68,72,85,82,44,78,0,66,57,0,55,83,50,41,49,61,41,0,40,0,0,58,50,0,25,0,0,0,0,0,12,56,38,57,43,56
l18,2=39,16,53,0,0,38,0,46,44,50,66,30,24,24,73,0,53,86,64,0,83,69,46,62,71,68,75,35,0,0,80,78,19,0,0,37,0,27,30,44,51,52,58,47,53
l19,2=0,3,0,0,0,0,0,46,0,50,62,54,41,38,78,0,68,87,72,63,0,50,7,48,60,68,52,49,0,0,51,64,0,39,0,0,0,0,33,0,55,51,59,60,55
l20,2=0,0,0,0,0,0,35,20,0,45,0,63,0,0,44,0,48,25,50,54,61,0,87,78,55,71,67,70,0,0,0,0,63,61,0,52,42,62,42,16,50,44,66,57,70
l21,2=0,0,0,0,0,0,0,0,48,0,39,54,23,0,39,0,48,0,47,47,0,83,0,71,54,64,65,59,0,0,0,0,0,0,0,0,31,0,0,0,0,0,62,59,0
l22,2=0,0,0,0,0,0,0,48,48,0,37,3,18,34,41,0,47,0,48,48,52,68,66,0,65,67,76,67,0,0,0,0,61,67,0,61,66,46,57,52,48,0,67,59,54
l23,2=0,0,0,0,0,0,0,0,0,46,35,38,25,27,42,0,46,47,54,54,61,62,72,77,0,77,76,59,0,0,25,6,53,33,0,43,47,46,50,3,43,58,70,68,74
l24,2=0,0,39,0,0,0,0,59,31,44,66,61,29,33,58,0,55,53,39,53,73,73,48,74,71,0,76,58,0,0,46,50,42,47,0,27,40,33,33,42,57,59,70,64,73
l25,2=0,0,0,0,0,0,0,33,31,37,54,37,18,0,48,0,47,23,0,54,62,67,66,82,71,77,0,53,0,0,0,4,47,51,0,39,64,4,29,0,49,34,69,67,73
l26,2=0,0,0,0,0,0,0,11,40,47,49,37,29,0,19,0,38,25,47,45,62,83,80,82,65,72,73,0,0,0,0,0,63,68,0,63,64,50,60,1,50,46,69,59,70
l27,2=9,73,42,25,72,70,61,0,53,45,44,68,36,37,65,0,62,87,62,61,65,0,0,5,27,57,0,0,0,0,0,81,56,80,0,61,31,64,76,87,92,87,41,13,0
l28,2=61,40,37,16,41,48,54,0,51,49,43,45,26,25,65,0,59,87,50,59,71,0,0,0,24,61,10,0,0,0,86,0,61,80,0,72,55,31,88,79,92,88,0,33,40
l29,2=0,0,0,0,0,0,0,0,0,0,0,0,0,0,0,0,0,0,0,26,0,72,0,80,40,49,55,65,0,0,51,61,0,90,0,93,94,98,93,90,92,96,0,5,0
l30,2=0,0,0,0,0,0,0,0,0,0,0,0,0,0,0,0,0,37,11,0,38,43,0,75,29,49,47,64,0,0,83,80,77,0,0,93,94,98,93,90,92,97,16,22,0
l31,2=0,0,0,0,0,0,0,0,0,0,0,0,0,0,0,0,0,0,0,35,0,50,0,74,39,41,57,61,0,0,52,63,77,90,0,0,94,98,93,88,92,97,55,0,0
l32,2=0,0,0,0,0,0,0,0,0,0,0,0,0,0,0,0,0,0,0,0,0,33,48,80,46,56,64,52,0,0,29,64,77,90,0,93,0,98,93,90,0,94,0,0,0
l33,2=0,0,0,0,0,0,0,0,0,0,0,0,0,0,0,0,0,0,0,21,0,49,0,57,40,20,0,32,0,0,68,27,77,90,0,93,94,0,93,87,88,88,0,0,0
l34,2=0,0,0,0,0,0,0,0,0,0,0,0,0,0,5,0,0,35,0,33,43,47,0,69,45,50,45,63,0,0,82,81,77,90,0,93,94,94,0,90,92,97,42,41,0
l35,2=0,0,0,0,0,0,0,0,0,0,0,0,0,0,33,0,36,44,23,44,1,12,0,64,11,55,0,0,0,0,80,76,77,90,0,86,94,97,93,0,92,97,26,0,0
l36,2=0,0,0,0,0,0,0,0,0,0,20,0,0,0,38,0,48,81,48,51,70,42,18,57,38,69,56,44,0,0,86,81,75,86,0,86,1,91,93,90,0,96,17,0,0
l37,2=0,0,0,0,0,0,0,0,0,0,0,0,19,0,17,0,46,4,40,60,61,42,0,35,64,70,40,38,0,0,86,81,77,90,0,89,89,91,93,90,92,0,48,0,0
l38,2=0,0,0,0,0,0,0,0,0,0,23,30,11,0,34,0,39,26,45,42,51,47,23,57,49,60,58,45,0,0,14,0,0,0,0,34,0,0,18,0,1,28,0,69,74
l39,2=0,0,0,0,0,0,0,0,0,32,30,39,0,0,49,0,38,40,43,49,69,53,44,65,68,65,72,50,0,0,8,15,5,19,0,0,0,0,19,0,0,0,77,0,77
l40,2=0,0,0,0,0,0,0,0,0,0,0,0,0,0,38,0,15,0,46,37,52,54,0,53,56,65,62,43,0,0,0,4,0,0,0,0,0,0,0,0,0,0,75,68,0
l41,2=0,0,0,0,0,0,0,0,4,0,51,42,20,37,57,0,46,46,51,53,47,58,0,66,68,67,66,42,0,0,41,43,0,0,0,0,0,0,35,0,36,0,78,68,72
l42,2=0,0,0,0,0,0,0,0,0,0,0,0,0,0,29,0,33,0,43,43,49,43,51,72,69,65,71,41,0,0,0,0,39,39,0,0,8,5,0,0,0,0,69,69,75
l43,2=0,0,0,0,0,0,0,0,0,0,0,0,0,0,33,0,0,0,38,30,45,62,42,68,49,62,64,40,0,0,0,0,0,0,0,0,0,0,35,0,0,0,74,63,76
l44,2=0,0,0,0,0,0,0,0,0,0,0,0,0,0,28,0,18,0,34,22,42,45,45,60,57,62,58,45,0,0,0,0,17,31,0,0,0,7,36,0,0,0,69,61,74

l0,3=0,99,22,97,83,94,86,49,92,97,0,94,90,95,69,0,1,16,7,0,0,0,0,0,0,0,0,0,0,0,10,38,0,0,0,0,0,0,0,0,0,0,0,0,0
l1,3=94,0,98,97,91,96,92,46,95,96,93,94,89,89,0,0,44,83,85,61,38,0,0,0,53,0,0,0,0,0,66,38,0,0,0,0,0,0,0,0,0,0,0,0,0
l2,3=5,99,0,97,74,92,92,97,95,97,93,94,92,95,72,0,44,82,0,61,1,0,0,0,0,0,40,0,0,0,68,0,0,0,0,0,0,0,0,0,0,0,0,0,0
l3,3=94,99,98,0,91,95,81,47,92,96,93,94,89,91,11,0,44,43,72,58,23,0,0,0,0,0,0,0,0,0,57,7,0,0,0,0,0,0,0,0,0,0,0,0,0
l4,3=94,99,95,97,0,96,90,45,92,97,78,94,86,90,68,0,39,0,80,0,0,0,0,0,0,0,0,0,0,0,2,0,0,0,0,0,0,0,0,0,0,0,0,0,0
l5,3=94,99,98,61,88,0,92,49,91,91,93,94,92,93,69,0,39,40,80,60,0,0,0,0,0,0,0,0,0,0,66,39,0,0,0,0,0,0,0,0,0,0,0,0,0
l6,3=92,99,98,46,74,96,0,49,92,98,90,94,91,92,72,0,44,83,83,0,38,0,0,53,0,38,0,0,0,0,59,0,0,0,0,0,0,0,0,0,0,0,0,0,0
l7,3=92,94,97,92,78,92,81,0,95,97,93,94,91,94,81,0,89,20,86,64,40,0,0,84,42,89,84,0,0,0,0,0,0,0,0,0,0,0,0,0,0,0,0,0,0
l8,3=92,94,97,94,84,92,81,97,0,96,93,94,91,94,83,0,57,78,86,70,43,0,81,75,20,81,82,70,0,0,65,0,0,0,0,0,0,0,0,0,0,0,0,46,0
l9,3=91,94,97,88,84,89,81,97,95,0,93,94,91,94,87,0,88,81,85,79,42,7,0,77,61,85,63,53,0,0,66,24,0,0,0,0,0,0,0,0,0,0,0,0,0
l10,3=0,93,95,79,57,91,76,84,89,96,0,93,92,94,87,0,90,76,87,79,88,62,0,73,32,87,83,72,0,0,58,51,0,0,0,0,0,0,0,0,0,0,0,40,0
l11,3=86,91,97,55,78,91,81,97,95,97,93,0,92,94,87,0,89,82,85,66,56,47,68,67,53,87,78,10,0,0,68,38,0,0,0,0,0,0,0,0,0,0,0,47,0
l12,3=83,88,97,83,69,91,81,94,91,96,93,94,0,94,87,0,89,79,85,60,83,31,70,0,57,82,81,79,0,0,61,25,0,0,0,0,0,0,0,0,0,53,0,32,0
l13,3=92,94,97,87,84,92,81,97,95,97,93,94,92,0,89,0,89,80,79,57,46,31,31,80,50,78,0,0,0,0,52,4,0,0,0,0,0,0,0,0,0,0,0,0,2
l14,3=71,0,82,0,67,79,61,79,92,88,93,93,90,89,0,0,90,91,90,87,99,73,67,70,52,89,86,52,0,0,67,82,0,0,0,0,0,0,3,66,1,0,62,67,74
l15,3=0,84,81,68,61,62,80,94,84,91,93,94,92,92,91,0,0,83,87,85,96,86,74,78,61,86,86,0,0,0,73,74,0,53,0,0,0,0,2,0,45,45,59,65,1
l16,3=0,85,71,22,0,60,76,27,67,73,71,83,79,67,94,0,88,0,72,91,99,62,0,58,49,88,79,62,0,0,93,94,0,75,0,0,0,0,58,72,85,73,53,65,67
l17,3=0,80,0,9,64,68,67,77,88,94,93,90,88,62,94,0,89,72,0,88,98,71,65,75,69,70,68,0,0,0,74,75,0,0,0,0,0,0,0,0,68,60,49,63,69
l18,3=0,61,73,0,0,59,0,73,84,79,79,76,69,50,88,0,87,93,88,0,99,79,76,70,82,94,95,82,0,0,88,75,50,55,0,53,32,4,22,38,67,71,51,66,68
l19,3=0,70,0,0,0,3,50,69,70,74,88,87,84,63,94,0,90,93,90,91,0,80,65,75,74,91,84,78,0,0,83,84,62,0,0,0,0,0,0,59,70,52,63,76,70
l20,3=0,0,0,0,0,0,0,0,0,0,77,69,45,38,68,0,78,47,68,84,74,0,97,86,43,90,89,94,0,0,0,0,84,72,0,43,68,60,73,39,24,0,63,72,79
l21,3=0,0,0,0,0,0,0,0,67,0,0,60,65,0,62,0,76,0,60,81,63,98,0,85,76,0,89,91,0,0,0,0,6,67,0,51,0,30,0,0,5,0,33,72,50
l22,3=0,0,0,0,0,0,0,68,42,44,54,43,0,61,61,0,57,38,60,73,68,91,76,0,76,90,96,96,0,0,28,0,70,82,0,59,84,46,58,53,21,0,61,62,46
l23,3=0,21,0,0,0,0,0,33,3,68,52,63,69,57,61,0,65,61,80,91,85,60,80,87,0,96,96,88,0,0,48,51,68,65,0,54,58,41,49,68,35,60,67,74,83
l24,3=0,0,0,0,0,0,27,77,63,69,82,74,69,59,77,0,74,79,53,91,82,96,0,91,82,0,95,86,0,0,0,40,60,71,0,53,40,41,42,54,49,48,64,80,86
l25,3=0,0,0,0,0,0,0,75,66,28,83,63,71,0,87,0,78,76,44,86,72,91,91,93,82,96,0,88,0,0,0,31,62,68,0,62,82,41,51,45,40,30,66,74,82
l26,3=0,0,0,0,0,0,0,27,54,40,69,48,76,0,40,0,0,54,0,85,79,98,91,93,76,90,89,0,0,0,0,0,83,88,0,81,77,41,75,68,41,39,63,70,81
l27,3=0,77,74,36,25,59,52,0,75,73,65,83,75,60,77,0,84,91,79,86,85,0,0,55,43,0,0,0,0,0,0,94,84,85,0,58,54,45,89,93,94,93,48,53,0
l28,3=65,74,0,41,20,85,0,0,0,37,79,77,65,0,84,0,81,93,77,85,82,0,0,23,49,64,63,0,0,0,93,0,85,94,0,50,82,81,96,97,94,96,36,38,0
l29,3=0,0,0,0,0,0,0,0,0,0,0,0,0,0,0,0,0,0,0,66,65,93,45,88,76,88,78,89,0,0,86,88,0,99,0,99,100,100,98,98,86,100,1,0,0
l30,3=0,0,0,0,0,0,0,0,0,0,0,0,0,0,0,0,58,87,0,71,0,86,66,92,62,90,82,94,0,0,92,94,99,0,0,99,100,100,98,98,94,100,54,0,43
l31,3=0,0,0,0,0,0,0,0,0,0,0,0,0,0,0,0,0,0,0,79,0,74,76,85,67,76,86,94,0,0,71,65,99,99,0,0,100,100,98,98,94,100,56,58,2
l32,3=0,0,0,0,0,0,0,0,0,0,0,0,0,0,0,0,0,0,0,63,0,92,2,93,79,79,95,94,0,0,81,94,99,99,0,99,0,100,98,98,94,100,0,0,0
l33,3=0,0,0,0,0,0,0,0,0,0,0,0,0,0,0,0,0,0,0,0,0,83,14,82,52,69,78,72,0,0,8,82,99,99,0,99,100,0,98,98,93,94,0,0,0
l34,3=0,0,0,0,0,0,0,0,0,0,0,0,0,0,0,0,12,82,0,50,0,85,0,80,66,84,80,80,0,0,92,94,99,99,0,99,100,100,0,98,94,100,0,0,3
l35,3=0,0,0,0,0,0,0,0,0,0,0,0,0,0,75,0,0,87,0,67,67,61,0,76,73,84,76,77,0,0,93,94,99,99,0,99,100,100,98,0,94,100,0,35,0
l36,3=0,0,0,0,2,0,0,0,0,0,0,0,0,0,0,0,83,88,83,86,89,34,12,62,63,89,87,75,0,0,93,94,90,99,0,95,92,93,98,98,0,100,49,0,0
l37,3=0,0,0,0,0,1,0,0,0,0,0,0,59,0,0,0,63,89,74,89,60,0,0,22,74,90,69,73,0,0,93,94,99,99,0,99,100,95,98,98,94,0,0,0,0
l38,3=0,0,0,0,0,0,0,0,0,0,0,0,0,0,61,0,50,42,36,45,63,60,36,67,60,64,85,51,0,0,36,6,0,50,0,34,0,0,0,0,26,0,0,74,85
l39,3=0,0,0,0,0,0,0,0,59,0,55,60,38,0,62,0,55,59,55,65,65,71,59,69,63,73,80,62,0,0,38,29,0,0,0,35,0,0,0,9,0,0,70,0,87
l40,3=0,0,0,0,0,0,0,0,0,0,0,0,0,0,64,0,0,40,39,65,48,76,32,58,66,79,82,71,0,0,0,0,0,14,0,0,0,0,0,0,0,0,70,79,0
l41,3=0,0,0,0,0,0,0,0,0,0,58,1,59,63,69,0,73,81,72,85,66,73,0,80,81,90,89,54,0,0,47,51,48,0,0,0,0,0,0,0,0,0,70,74,84
l42,3=0,0,0,0,0,0,0,0,0,0,0,0,0,0,42,0,42,1,47,56,62,42,63,65,68,82,85,64,0,0,0,0,39,53,0,34,0,28,28,0,0,0,67,80,83
l43,3=0,0,0,0,0,0,0,0,0,0,0,0,0,0,50,0,0,40,38,61,58,75,50,68,50,73,84,71,0,0,0,0,35,48,0,0,35,0,1,0,0,0,68,72,85
l44,3=0,0,0,0,0,0,0,0,0,0,0,0,0,0,38,0,0,37,29,66,0,40,63,55,67,79,85,75,0,0,0,0,31,52,0,0,0,7,26,0,0,0,69,71,84

l0,4=0,95,94,96,92,58,99,97,87,93,58,76,91,93,52,0,76,0,0,18,0,0,0,0,0,0,0,0,0,0,85,10,0,0,0,0,0,0,0,0,0,0,0,0,0
l1,4=98,0,97,96,94,97,99,95,88,93,58,76,91,94,0,0,74,69,0,78,10,0,0,0,68,0,0,0,0,0,76,0,0,0,0,0,0,0,0,0,0,0,0,0,0
l2,4=96,95,0,95,92,97,99,97,88,95,89,93,92,94,83,0,87,71,46,82,0,0,0,0,0,0,25,0,0,0,5,52,0,0,0,0,0,0,0,0,0,0,0,0,0
l3,4=98,95,84,0,98,60,63,74,88,88,42,76,91,94,36,0,76,66,12,64,0,0,0,0,0,0,0,0,0,0,0,63,0,0,0,0,0,0,0,0,0,0,0,0,0
l4,4=98,94,82,96,0,60,89,74,88,95,57,76,91,94,31,0,77,40,20,0,0,0,0,0,0,0,0,0,0,0,0,65,0,0,0,0,0,0,0,0,0,0,0,0,0
l5,4=98,95,84,96,93,0,99,86,87,90,58,76,92,93,26,0,75,66,19,78,72,0,0,0,0,0,0,0,0,0,85,44,0,0,0,0,0,0,0,0,18,0,0,0,0
l6,4=95,95,97,72,90,96,0,74,87,93,57,76,91,94,55,0,78,70,21,0,76,0,0,0,0,3,0,0,0,0,69,4,0,0,0,0,0,0,0,0,0,0,0,0,0
l7,4=95,89,94,92,89,92,98,0,88,93,89,93,91,94,88,0,91,0,85,85,83,24,0,76,61,68,79,69,0,0,0,0,0,0,0,0,0,0,0,0,0,0,0,0,0
l8,4=95,91,96,92,90,56,51,97,0,93,52,93,91,93,76,0,75,60,53,84,76,72,0,42,70,47,48,53,0,0,70,0,0,0,0,0,0,0,0,0,0,0,6,68,0
l9,4=95,86,94,89,89,92,98,97,87,0,89,93,91,94,88,0,91,74,87,77,76,0,0,42,72,64,0,67,0,0,69,48,0,0,0,0,0,0,0,0,0,0,0,0,4
l10,4=74,80,81,62,77,88,78,75,78,86,0,84,92,89,87,0,91,81,85,81,83,68,0,41,74,66,77,8,0,0,0,78,0,0,0,0,0,0,0,0,0,8,61,69,31
l11,4=94,89,94,88,83,92,93,97,87,94,86,0,92,93,53,0,91,63,87,83,79,0,31,44,71,48,50,67,0,0,50,51,0,0,0,0,0,0,0,0,0,0,0,67,0
l12,4=85,82,94,79,81,94,99,97,87,88,89,93,0,94,88,0,91,84,76,79,87,0,58,67,75,62,79,71,0,0,62,5,0,0,0,0,0,0,0,0,0,0,61,68,57
l13,4=94,89,94,88,89,92,96,97,87,93,89,93,91,0,88,0,90,83,84,78,84,74,0,73,72,64,49,70,0,0,0,0,0,0,0,0,0,0,0,0,0,0,0,66,0
l14,4=63,0,63,59,52,54,80,83,76,82,85,83,82,76,0,0,91,90,89,83,90,66,0,72,73,69,78,58,0,0,75,68,0,0,0,0,0,0,0,72,48,62,77,72,75
l15,4=74,73,73,77,72,71,84,79,75,83,89,93,91,72,88,0,0,85,87,83,89,78,75,71,76,64,77,67,0,0,80,75,0,57,0,0,0,0,2,0,73,54,72,74,72
l16,4=0,75,75,61,54,72,79,0,54,77,72,81,82,75,89,0,90,0,87,94,92,12,0,0,73,69,74,40,0,0,98,99,0,66,0,0,0,0,77,83,80,79,76,76,75
l17,4=0,0,60,62,56,65,67,62,75,77,87,84,72,68,89,0,91,89,0,88,73,0,57,61,74,63,64,53,0,0,76,70,0,0,0,0,0,0,0,0,69,66,59,64,63
l18,4=0,45,50,0,1,55,0,77,76,61,71,82,78,57,82,0,84,83,82,0,93,80,81,75,83,80,85,78,0,0,79,82,53,53,0,56,0,0,71,58,71,77,72,79,68
l19,4=0,0,0,0,0,60,63,60,57,68,81,68,82,75,89,0,91,90,80,94,0,69,62,65,85,58,70,76,0,0,77,72,51,0,0,0,0,0,58,66,67,67,77,77,66
l20,4=0,0,0,0,0,0,0,30,38,0,35,0,0,46,54,0,80,26,6,78,73,0,97,77,80,84,86,93,0,0,0,0,85,55,0,43,58,46,60,55,53,43,76,73,70
l21,4=0,0,0,0,0,0,0,0,0,0,0,46,49,0,0,0,79,0,49,81,68,94,0,79,80,78,84,89,0,0,0,0,0,0,0,57,0,0,48,0,0,0,58,56,57
l22,4=0,0,0,0,0,0,0,46,39,49,36,45,50,45,51,0,58,0,47,76,50,75,54,0,84,88,92,93,0,0,0,0,71,68,0,57,77,38,53,53,54,50,50,56,46
l23,4=0,28,0,0,0,0,0,28,41,59,43,50,60,46,48,0,66,46,58,87,74,72,57,90,0,88,92,68,0,0,46,0,55,43,0,46,57,38,51,67,54,58,70,85,75
l24,4=0,0,0,0,0,0,9,59,37,58,65,52,60,51,67,0,69,56,69,74,62,79,70,84,83,0,88,71,0,0,38,0,45,42,0,40,49,30,54,65,57,52,49,74,77
l25,4=0,0,0,0,0,0,0,55,38,0,48,50,60,47,58,0,62,49,51,87,58,79,63,91,85,88,0,84,0,0,47,0,67,57,0,51,61,46,53,66,67,40,60,81,65
l26,4=0,0,0,0,0,0,0,46,38,46,14,46,59,46,52,0,55,38,47,82,70,94,92,91,82,79,89,0,0,0,9,41,62,58,0,58,84,40,54,59,54,32,72,13,59
l27,4=81,56,0,0,0,91,62,0,71,77,0,60,71,0,88,0,91,90,88,94,90,0,0,0,64,30,43,0,0,0,0,99,82,65,0,70,65,35,95,100,100,100,26,0,0
l28,4=5,0,56,79,89,57,0,0,0,65,85,91,52,0,83,0,90,90,87,91,88,0,0,0,0,0,0,41,0,0,99,0,73,88,0,85,92,91,94,100,100,100,0,69,0
l29,4=0,0,0,0,0,0,0,0,0,0,0,0,0,0,0,0,0,0,0,71,46,90,0,85,81,63,88,80,0,0,90,77,0,95,0,99,96,100,99,100,99,100,30,0,0
l30,4=0,0,0,0,2,0,0,0,0,0,0,0,0,0,0,0,75,71,0,76,0,77,0,89,67,70,88,90,0,0,78,98,98,0,0,99,96,99,99,100,100,100,74,0,0
l31,4=0,0,0,0,0,0,0,0,0,0,0,0,0,0,0,0,0,0,0,85,0,74,74,91,85,68,87,93,0,0,77,92,98,95,0,0,96,100,99,100,100,100,0,68,18
l32,4=0,0,0,0,0,0,0,0,0,0,0,0,0,0,0,0,0,0,0,0,0,77,0,90,79,73,83,92,0,0,78,89,98,95,0,99,0,100,99,100,99,100,0,0,0
l33,4=0,0,0,0,0,0,0,0,0,0,0,0,0,0,0,0,0,0,0,0,0,88,0,86,74,0,87,74,0,0,8,90,98,95,0,99,96,0,99,100,100,92,0,0,0
l34,4=0,0,0,0,0,0,0,0,0,0,0,0,0,0,0,0,6,76,0,85,62,78,52,82,77,74,77,80,0,0,91,87,98,95,0,99,96,100,0,100,100,100,50,0,0
l35,4=0,0,0,0,0,0,0,0,0,0,0,0,0,0,83,0,0,89,0,77,74,73,0,70,85,83,90,83,0,0,99,99,98,95,0,99,96,100,99,0,100,100,0,0,0
l36,4=0,0,0,0,0,48,0,0,0,0,0,0,0,0,15,0,79,90,82,86,85,65,0,77,66,80,91,71,0,0,99,99,98,95,0,99,96,100,99,100,0,100,0,0,0
l37,4=0,0,0,0,58,0,0,0,0,0,24,0,0,0,73,0,75,81,79,94,85,56,10,69,85,83,59,34,0,0,99,99,98,95,0,99,96,85,99,100,100,0,0,0,66
l38,4=0,0,0,0,0,0,0,0,0,0,30,0,37,0,53,0,57,44,43,56,60,56,38,47,74,35,62,61,0,0,1,0,7,42,0,0,0,0,35,0,0,0,0,85,88
l39,4=0,0,0,0,0,0,0,0,34,0,34,40,48,37,50,0,62,50,63,71,68,68,44,67,74,70,72,0,0,0,0,37,0,0,0,33,0,0,0,0,0,0,74,0,76
l40,4=0,0,0,0,0,0,0,0,0,0,0,0,29,0,49,0,52,40,47,54,54,56,40,59,80,68,62,54,0,0,0,0,0,0,0,0,0,0,0,0,0,27,85,85,0
l41,4=0,0,0,0,0,0,0,0,0,21,31,50,58,58,57,0,61,58,63,69,66,55,25,67,82,82,85,40,0,0,49,54,51,0,0,0,0,0,45,0,0,0,83,82,72
l42,4=0,0,0,0,0,0,0,0,0,0,27,0,0,0,50,0,51,39,51,61,59,56,51,65,74,71,67,40,0,0,0,0,46,0,0,36,20,0,46,0,0,0,64,74,77
l43,4=0,0,0,0,0,0,0,0,0,0,28,0,0,0,38,0,44,40,45,61,57,58,36,61,68,59,68,49,0,0,13,0,47,39,0,16,41,0,21,14,0,0,79,66,87
l44,4=0,0,0,0,0,0,0,0,0,0,0,0,0,0,46,0,54,0,49,63,53,58,47,62,80,69,70,40,0,0,0,0,32,49,0,0,0,2,42,0,0,0,85,81,81

l0,5=0,94,84,94,91,89,89,91,91,93,86,88,57,56,25,0,66,51,0,60,0,0,0,0,0,0,0,0,0,0,49,0,0,0,0,0,0,0,0,0,0,0,0,0,0
l1,5=89,0,84,92,91,89,90,91,91,79,87,87,57,91,0,0,25,51,45,0,0,0,0,0,0,0,0,0,0,0,42,0,0,0,0,0,0,0,0,0,19,0,0,0,0
l2,5=88,94,0,92,90,89,89,91,93,86,80,89,91,91,16,0,0,0,36,37,0,0,0,0,17,0,0,0,0,0,43,82,0,0,0,0,0,0,0,0,0,0,0,0,0
l3,5=90,94,86,0,96,90,90,93,93,72,78,88,48,56,16,0,78,48,43,0,0,0,0,0,0,0,0,0,0,0,74,78,0,0,0,0,0,0,0,0,0,0,0,0,0
l4,5=90,94,85,95,0,90,90,93,93,94,86,88,57,56,0,0,71,49,43,69,0,0,0,0,0,0,0,0,0,0,77,83,0,0,0,0,0,0,0,0,0,0,0,0,0
l5,5=88,94,84,91,91,0,89,91,89,92,87,88,43,55,38,0,68,47,46,68,46,0,0,0,0,0,0,0,0,0,72,83,0,0,0,0,0,0,2,0,22,0,0,0,0
l6,5=89,94,82,91,91,89,0,91,90,93,88,87,57,56,66,0,77,15,48,68,39,0,0,0,7,7,28,0,0,0,8,73,0,0,0,0,0,0,0,0,0,0,0,0,0
l7,5=77,91,82,92,88,84,89,0,93,93,49,94,90,91,75,0,73,0,83,76,0,0,0,0,0,43,49,6,0,0,0,0,0,0,0,0,0,0,0,0,0,0,0,0,0
l8,5=88,94,87,92,91,78,82,93,0,95,79,94,91,93,76,0,77,31,41,75,44,0,56,67,10,13,51,41,0,0,35,0,0,0,0,0,0,0,0,0,0,0,0,24,0
l9,5=76,36,72,37,81,83,87,91,91,0,90,94,90,93,76,0,77,40,82,53,48,0,0,0,18,21,38,36,0,0,34,0,0,0,0,0,0,0,0,0,0,0,2,51,0
l10,5=60,25,19,38,31,78,45,17,82,81,0,85,91,87,82,0,87,78,81,75,77,36,47,64,37,45,44,40,0,0,35,62,0,0,0,0,0,0,0,0,0,26,38,63,0
l11,5=63,46,69,59,77,79,78,90,91,93,81,0,91,91,16,0,77,34,80,68,73,0,0,69,24,8,40,39,0,0,36,69,0,0,0,0,0,0,0,0,0,0,0,0,0
l12,5=69,84,82,32,78,17,88,89,91,92,91,94,0,93,80,0,87,80,80,75,80,18,40,8,38,38,50,44,0,0,34,0,0,0,0,0,0,0,0,0,0,0,29,58,4
l13,5=64,79,74,73,78,78,81,90,90,93,88,94,91,0,77,0,67,80,81,75,76,36,0,56,26,14,39,61,0,0,64,48,0,0,0,0,0,0,0,0,0,0,0,59,0
l14,5=31,0,2,9,0,17,14,18,68,70,85,17,89,60,0,0,84,92,87,82,85,30,32,38,22,7,40,17,0,0,41,55,0,0,0,0,0,0,0,2,3,8,35,62,11
l15,5=39,7,0,43,34,28,34,42,79,71,87,88,89,37,81,0,0,84,85,80,81,66,60,68,38,39,45,38,0,0,32,75,0,0,0,0,0,0,11,0,24,13,32,59,4
l16,5=42,22,0,36,26,29,1,0,23,25,74,29,67,39,48,0,31,0,73,83,85,40,0,48,41,29,47,0,0,0,53,93,0,0,0,1,0,0,63,25,28,16,30,55,2
l17,5=0,6,4,34,26,19,15,23,33,77,56,50,55,33,85,0,84,63,0,31,85,47,30,39,25,42,43,11,0,0,52,59,0,0,0,0,0,0,0,0,0,12,47,61,10
l18,5=24,0,0,0,25,16,11,34,47,14,65,37,55,38,67,0,69,87,31,0,85,68,64,72,76,72,73,71,0,0,60,68,2,2,0,1,5,0,73,12,38,11,44,74,32
l19,5=0,0,0,0,0,22,15,0,39,44,77,60,78,39,84,0,85,92,85,85,0,56,20,67,82,41,10,44,0,0,42,87,0,0,0,0,0,0,61,4,25,30,51,72,20
l20,5=0,0,0,0,0,0,0,4,0,0,32,0,19,18,25,0,66,27,31,72,41,0,87,89,84,70,77,75,0,0,0,0,66,55,0,35,41,40,70,22,26,33,50,74,39
l21,5=0,0,0,0,0,0,0,0,17,0,27,0,21,0,45,0,64,0,26,70,29,87,0,39,76,68,75,75,0,0,0,0,39,0,0,21,0,0,4,0,0,0,51,45,43
l22,5=0,0,0,0,0,0,0,0,37,0,44,41,4,17,37,0,65,41,34,71,59,78,29,0,84,73,82,74,0,0,15,0,61,73,0,27,65,49,61,29,30,36,59,76,72
l23,5=0,0,0,0,0,0,0,0,1,20,50,27,56,19,46,0,64,64,48,74,65,69,57,88,0,75,82,69,0,0,13,18,43,8,0,39,16,33,33,65,25,28,52,77,72
l24,5=0,0,0,0,0,6,12,47,25,32,56,30,51,32,33,0,57,35,51,70,52,69,61,89,82,0,77,68,0,0,0,31,0,4,0,36,15,23,50,31,9,22,30,74,69
l25,5=0,0,0,0,0,0,3,15,16,20,41,27,58,10,35,0,67,52,58,76,23,73,70,90,85,73,0,68,0,0,3,3,62,50,0,21,14,47,44,38,12,25,53,79,53
l26,5=0,0,0,0,0,0,0,8,14,15,31,28,35,18,17,0,32,8,22,76,55,87,80,90,84,72,76,0,0,0,6,0,57,57,0,51,53,30,36,0,24,34,48,35,45
l27,5=43,6,21,47,42,42,0,0,13,14,73,48,65,34,24,0,25,92,55,51,47,0,0,33,25,0,4,2,0,0,0,93,61,0,0,0,13,62,71,10,55,40,0,0,0
l28,5=0,0,22,39,35,34,25,0,0,0,65,65,0,14,24,0,54,93,39,51,52,0,0,0,30,36,3,0,0,0,93,0,70,12,0,0,19,68,70,83,89,87,0,33,0
l29,5=0,0,0,0,0,0,0,0,0,0,0,0,0,0,0,0,0,0,0,12,0,65,28,64,66,0,68,58,0,0,45,56,0,84,0,86,80,73,89,82,70,80,5,0,19
l30,5=0,0,0,0,0,0,0,0,0,0,0,0,0,0,0,0,5,0,0,31,0,32,0,74,34,17,69,64,0,0,38,64,84,0,0,86,80,86,89,82,85,84,25,31,2
l31,5=0,0,0,0,0,0,0,0,0,0,0,0,0,0,0,0,0,28,0,56,0,54,22,65,73,57,67,63,0,0,57,58,84,84,0,0,89,98,89,83,84,84,31,0,0
l32,5=0,0,0,0,0,0,0,0,0,0,0,0,0,0,0,0,0,0,0,36,0,57,0,79,64,49,55,71,0,0,40,68,84,84,0,86,0,98,89,82,84,82,0,0,0
l33,5=0,0,0,0,0,0,0,0,0,0,0,0,0,0,0,0,0,0,0,0,0,57,0,66,65,0,74,28,0,0,55,60,80,84,0,86,87,0,89,73,84,67,0,0,0
l34,5=0,0,0,0,0,2,0,0,0,0,0,0,0,0,0,0,14,52,0,65,44,64,2,63,40,29,51,34,0,0,54,53,79,84,0,74,68,79,0,89,82,85,0,17,1
l35,5=0,0,0,0,0,4,0,0,0,0,0,0,0,0,16,0,0,43,16,36,31,24,0,42,49,37,8,0,0,0,67,85,84,84,0,75,57,75,89,0,92,91,0,0,0
l36,5=0,14,0,0,0,25,0,0,0,0,0,0,0,0,16,0,22,46,11,41,33,31,0,45,40,23,8,3,0,0,93,91,76,84,0,44,44,82,89,89,0,91,0,0,0
l37,5=0,0,0,0,5,0,0,0,0,0,53,0,0,0,16,0,22,40,26,37,37,30,0,48,41,32,8,3,0,0,81,85,77,84,0,77,46,67,89,89,92,0,0,0,0
l38,5=0,0,0,0,0,0,0,0,0,0,23,0,20,0,19,0,33,26,40,26,29,19,32,35,78,23,47,37,0,0,0,0,0,25,0,6,0,0,0,0,0,0,0,77,76
l39,5=0,0,0,0,0,0,0,0,0,0,16,0,17,8,51,0,38,17,55,70,43,38,20,59,76,67,77,30,0,0,0,15,0,9,0,0,0,0,1,0,0,0,55,0,79
l40,5=0,0,0,0,0,0,0,0,0,0,0,0,0,0,48,0,17,16,33,58,30,15,32,58,77,58,58,53,0,0,0,0,18,14,0,0,0,0,0,0,0,0,69,81,0
l41,5=0,0,0,0,0,0,0,0,0,13,3,35,58,9,54,0,50,68,62,69,61,16,35,69,81,67,77,40,0,0,13,27,30,0,0,0,0,0,10,6,12,3,69,79,72
l42,5=0,0,0,0,0,0,0,0,0,0,14,0,0,0,33,0,16,31,34,67,40,31,30,75,76,67,74,65,0,0,0,0,23,14,0,25,8,0,24,0,10,0,69,79,77
l43,5=0,0,0,0,0,0,0,0,0,0,16,0,7,0,0,0,0,0,35,19,30,21,22,46,44,46,76,36,0,0,0,0,29,0,0,23,0,21,31,17,0,0,65,77,75
l44,5=0,0,0,0,0,0,0,0,0,0,0,0,0,0,20,0,35,31,25,61,21,40,42,70,78,67,76,45,0,0,6,0,0,26,0,0,0,0,0,0,0,0,68,76,76

l0,6=0,93,82,91,90,88,88,81,87,85,77,85,44,87,53,0,43,74,23,55,0,0,0,0,0,0,0,0,0,0,0,0,0,0,0,0,0,0,0,0,0,0,0,0,0
l1,6=66,0,90,89,90,93,88,85,88,88,35,85,71,65,0,0,40,0,73,45,13,0,0,0,0,0,0,0,0,0,37,0,0,0,0,0,0,0,0,0,23,0,0,0,0
l2,6=60,95,0,91,90,94,88,86,89,63,0,73,80,72,37,0,44,66,64,50,0,0,0,0,0,32,0,0,0,0,0,0,0,0,0,0,0,0,0,0,0,0,0,0,0
l3,6=86,95,90,0,90,94,88,82,63,68,75,82,40,64,50,0,50,78,67,0,0,0,0,0,0,0,0,0,0,0,36,6,0,0,0,0,0,0,0,0,0,0,0,0,0
l4,6=68,95,87,91,0,94,87,82,64,67,37,86,46,60,23,0,8,0,70,15,0,0,0,0,0,0,0,0,0,0,38,16,0,0,0,0,0,0,0,0,0,0,0,0,0
l5,6=64,94,85,86,90,0,88,78,63,67,81,85,38,65,61,0,44,72,67,0,0,0,0,0,0,4,1,0,0,0,0,7,0,1,0,0,0,0,2,19,10,0,0,0,0
l6,6=74,95,88,87,68,90,0,85,50,89,81,83,56,31,60,0,47,65,69,46,29,0,0,0,1,30,0,0,0,0,37,8,0,0,0,0,0,0,0,0,0,0,0,0,0
l7,6=78,93,88,73,77,79,88,0,89,89,63,87,73,92,65,0,78,61,66,62,25,0,0,0,0,57,53,0,0,0,0,0,0,0,0,0,0,0,0,0,0,0,0,0,0
l8,6=83,92,90,71,87,87,60,86,0,89,62,87,80,91,69,0,69,54,60,55,0,27,38,57,51,34,54,23,0,0,0,0,0,0,0,0,0,0,0,0,0,0,0,0,0
l9,6=84,90,71,72,82,85,88,86,89,0,81,87,80,92,75,0,72,59,75,32,34,0,17,36,57,39,54,20,0,0,39,0,0,0,0,0,0,0,0,0,0,0,21,0,0
l10,6=72,58,0,36,29,79,75,70,77,79,0,79,79,79,75,0,84,72,70,70,44,20,12,56,67,66,62,28,0,0,30,28,0,0,0,0,0,0,0,0,0,18,19,32,0
l11,6=75,83,35,74,85,85,81,82,86,86,79,0,80,84,72,0,81,58,72,65,26,24,0,58,65,52,50,41,0,0,39,28,0,0,0,0,0,0,0,0,0,0,0,21,0
l12,6=63,89,83,31,87,74,84,81,88,87,85,87,0,92,76,0,81,71,77,70,68,0,0,46,67,58,62,26,0,0,32,26,0,0,0,0,0,0,0,0,0,0,22,46,0
l13,6=83,88,81,68,61,84,41,83,89,89,85,87,80,0,76,0,81,67,77,74,32,7,0,57,59,57,52,40,0,0,32,29,0,0,0,0,0,0,0,0,0,0,0,0,0
l14,6=48,0,10,18,21,59,48,56,73,58,82,40,76,81,0,0,83,80,82,82,58,9,28,54,66,56,9,54,0,0,47,28,0,6,0,0,0,0,28,0,33,0,13,55,51
l15,6=47,50,27,41,33,69,72,70,77,62,83,47,70,77,71,0,0,72,73,70,45,38,31,65,69,0,62,57,0,0,46,35,0,0,0,0,0,0,6,0,28,0,21,62,42
l16,6=53,0,27,20,0,52,38,25,40,34,40,21,60,68,79,0,77,0,77,81,53,0,0,50,71,29,60,39,0,0,59,71,6,0,0,21,0,0,45,37,47,9,16,11,52
l17,6=3,57,25,19,35,59,55,37,29,59,37,76,69,74,82,0,75,72,0,70,69,22,19,64,67,65,59,56,0,0,51,33,0,0,0,0,0,0,0,0,0,0,28,59,51
l18,6=33,29,17,0,16,0,13,57,61,7,27,32,54,64,69,0,65,73,66,0,75,60,32,72,73,63,66,66,0,0,29,25,1,27,0,34,6,0,51,53,35,26,48,58,50
l19,6=0,22,0,0,0,4,55,49,0,48,61,30,57,64,77,0,77,81,77,85,0,33,32,59,79,63,49,60,0,0,52,54,0,38,0,0,0,0,53,53,35,28,2,49,0
l20,6=0,0,0,0,0,0,0,0,19,0,16,26,0,10,21,0,57,28,59,64,54,0,81,85,73,73,60,83,0,0,6,0,47,32,0,20,53,14,55,24,26,23,61,6,38
l21,6=0,0,0,0,0,0,0,0,26,27,15,14,0,0,43,0,57,0,32,61,39,85,0,70,69,45,57,82,0,0,0,0,17,8,0,0,0,0,17,0,0,0,44,1,28
l22,6=0,0,0,0,0,0,0,0,20,0,14,19,23,23,17,0,44,37,48,60,24,77,33,0,77,74,75,81,0,0,0,0,14,58,0,14,53,27,44,15,23,38,64,20,38
l23,6=0,0,0,0,0,0,0,0,17,24,32,31,43,26,47,0,58,55,48,65,62,69,38,86,0,81,75,72,0,0,23,14,11,14,0,31,11,0,31,32,34,33,63,61,32
l24,6=0,0,14,0,0,18,20,52,53,39,47,21,47,52,50,0,14,46,69,67,68,74,21,87,82,0,75,76,0,0,10,10,11,33,0,43,26,3,44,26,20,50,60,57,63
l25,6=0,0,0,0,0,1,0,25,30,26,37,18,44,26,1,0,57,50,56,68,23,67,31,87,82,82,0,70,0,0,0,0,24,20,0,23,19,34,32,27,32,27,43,74,27
l26,6=0,0,0,0,0,0,0,0,21,19,5,20,25,26,28,0,45,27,55,65,59,85,70,87,73,73,61,0,0,0,9,0,41,41,0,51,55,25,57,20,23,28,67,40,25
l27,6=0,54,0,11,25,0,31,0,0,32,8,20,53,57,64,0,55,85,45,50,28,0,0,0,27,10,0,14,0,0,0,51,21,28,0,26,22,3,44,49,54,50,0,17,0
l28,6=0,0,0,21,39,51,26,0,0,0,29,34,53,64,56,0,54,88,39,56,45,0,0,30,46,34,0,0,0,0,82,0,31,36,0,41,31,22,35,47,77,74,15,0,0
l29,6=0,0,0,0,0,0,0,0,0,0,0,0,0,0,0,0,0,18,0,26,0,69,46,69,51,42,57,71,0,0,57,58,0,79,0,82,76,73,80,75,67,69,36,0,0
l30,6=0,0,0,0,0,2,0,0,0,0,0,0,0,0,45,0,24,1,0,57,24,17,19,80,49,47,61,71,0,0,67,58,67,0,0,76,70,74,81,74,71,72,31,6,46
l31,6=0,0,0,0,0,0,0,0,0,0,0,0,0,0,0,0,0,39,0,57,0,49,0,58,70,67,58,69,0,0,57,46,67,77,0,0,81,82,74,76,72,73,41,0,0
l32,6=0,0,0,0,0,0,0,0,0,0,0,0,0,0,0,0,0,0,0,36,0,65,0,78,64,64,58,71,0,0,61,53,67,77,0,82,0,78,68,74,67,70,40,0,0
l33,6=0,0,0,0,0,0,0,0,0,0,0,0,0,0,0,0,0,0,0,0,0,4,0,67,0,0,58,65,0,0,45,50,61,73,0,82,70,0,69,65,67,69,0,0,0
l34,6=0,0,0,0,0,4,0,0,0,0,0,0,0,0,47,0,32,43,0,64,41,63,11,73,51,39,58,69,0,0,67,24,65,77,0,76,64,71,0,82,72,76,31,25,0
l35,6=0,0,0,0,0,45,0,0,0,0,0,0,0,0,0,0,0,24,0,59,37,16,0,61,50,39,35,64,0,0,67,45,67,63,0,66,60,27,82,0,85,83,0,4,0
l36,6=0,11,0,0,0,16,0,0,0,0,0,0,0,0,50,0,53,47,0,58,37,12,0,68,49,26,35,58,0,0,80,52,38,77,0,76,66,32,82,86,0,81,0,0,0
l37,6=0,0,0,0,0,0,0,0,0,0,27,0,0,0,0,0,21,42,4,57,32,15,0,71,49,40,33,62,0,0,74,64,61,77,0,75,62,61,82,88,76,0,21,6,0
l38,6=0,0,0,0,0,0,0,0,0,4,5,0,7,0,14,0,22,24,27,25,0,26,16,30,74,41,22,53,0,0,0,0,3,5,0,9,3,0,14,0,0,0,0,78,78
l39,6=0,0,0,0,0,0,0,0,0,0,6,6,10,0,42,0,38,5,57,66,35,2,0,20,71,47,66,21,0,0,10,0,0,0,0,0,0,0,17,1,0,0,73,0,76
l40,6=0,0,0,0,0,0,0,0,0,0,0,0,0,0,36,0,21,27,28,42,0,12,12,47,56,63,38,18,0,0,0,0,0,9,0,0,0,0,0,0,0,0,75,78,0
l41,6=0,0,0,0,0,0,0,0,2,0,0,12,52,16,59,0,53,29,65,66,62,44,8,71,78,70,66,47,0,0,7,1,0,0,0,0,0,0,26,0,16,0,65,76,69
l42,6=0,0,0,0,0,0,0,0,0,0,13,0,0,0,21,0,17,33,30,64,27,24,0,77,75,78,66,63,0,0,0,0,11,6,0,0,5,19,30,0,5,0,75,76,27
l43,6=0,0,0,0,0,0,0,0,0,0,9,0,3,0,14,0,13,0,27,19,23,29,20,56,29,57,57,51,0,0,2,0,7,4,0,16,0,16,23,0,0,0,70,65,76
l44,6=0,0,0,0,0,0,0,0,0,0,0,0,0,0,16,0,25,25,26,25,13,28,23,67,75,77,65,72,0,0,0,0,0,0,0,0,0,0,19,0,0,0,72,73,75

l0,7=0,96,90,99,96,87,89,82,87,87,21,88,78,93,30,0,67,48,0,54,0,0,0,0,0,0,0,0,0,0,0,40,0,0,0,0,0,0,0,0,0,3,0,0,0
l1,7=97,0,91,99,96,89,58,88,94,95,21,77,79,86,0,0,65,21,24,51,0,0,0,0,0,0,0,0,0,0,10,0,0,0,0,0,0,0,0,0,0,0,0,0,0
l2,7=92,96,0,99,96,88,89,89,94,49,11,91,92,92,46,0,60,25,26,62,22,0,0,0,0,8,0,0,0,0,35,0,0,0,0,0,0,0,0,0,0,0,0,0,0
l3,7=97,96,91,0,96,88,42,83,88,92,0,75,77,85,33,0,66,16,26,22,0,0,0,0,0,0,0,0,0,0,32,44,0,0,0,0,0,0,0,0,31,0,0,0,0
l4,7=97,96,91,99,0,89,45,83,93,90,18,82,78,84,0,0,33,8,0,61,0,0,0,0,0,0,0,0,0,0,30,61,0,0,0,0,0,0,0,0,0,0,0,0,0
l5,7=96,96,91,98,96,0,56,82,93,81,42,88,78,85,28,0,69,38,41,40,18,0,0,0,0,0,0,0,0,0,40,0,0,0,0,0,0,0,0,0,0,0,0,0,0
l6,7=97,96,91,64,96,89,0,95,94,97,54,61,78,90,46,0,74,65,73,38,29,0,0,37,0,62,0,0,0,0,18,35,0,0,0,0,0,0,0,0,0,0,0,0,0
l7,7=87,88,78,78,86,78,89,0,94,97,80,97,87,93,81,0,65,70,8,79,36,51,25,0,29,70,47,31,0,0,0,0,0,0,0,0,0,0,0,0,0,0,0,0,0
l8,7=77,90,85,69,91,84,86,95,0,96,69,95,92,90,49,0,63,7,66,73,28,56,48,49,28,58,63,11,0,0,1,9,0,0,0,0,0,0,0,0,0,0,0,0,0
l9,7=92,95,84,94,92,84,89,95,94,0,89,97,92,93,84,0,58,13,78,57,42,49,0,48,0,59,50,5,0,0,31,31,0,0,0,0,0,0,0,0,0,0,0,20,0
l10,7=22,48,43,0,23,45,78,82,75,47,0,79,92,90,85,0,73,26,79,60,76,39,50,69,55,70,48,0,0,0,19,38,0,0,0,0,0,0,0,0,0,6,21,21,0
l11,7=55,68,85,34,91,84,29,92,91,92,88,0,92,89,85,0,72,23,79,74,0,34,0,54,53,50,40,25,0,0,0,14,0,0,0,0,0,0,0,0,0,0,0,22,0
l12,7=53,90,84,69,29,44,77,89,91,92,90,97,0,93,85,0,73,15,79,71,41,0,46,45,60,75,49,1,0,0,7,23,0,0,0,0,0,0,0,0,21,0,10,22,0
l13,7=92,90,84,93,90,84,87,92,91,92,90,97,92,0,85,0,27,27,79,81,65,2,48,56,38,61,0,1,0,0,20,22,0,0,0,0,0,0,0,0,8,0,0,16,0
l14,7=3,0,34,4,0,0,38,48,30,32,60,78,91,85,0,0,76,84,82,85,75,49,35,56,45,67,33,6,0,0,46,44,0,0,0,0,0,0,4,0,16,0,25,27,37
l15,7=6,36,45,17,5,22,43,51,51,28,91,79,91,15,90,0,0,27,42,65,76,50,59,61,59,65,47,4,0,0,1,34,0,22,0,0,0,0,0,6,17,0,0,0,0
l16,7=17,27,37,6,2,0,19,32,4,3,37,50,47,55,90,0,60,0,29,79,85,41,0,34,61,42,43,7,0,0,55,86,0,25,0,0,1,0,5,54,80,0,0,8,41
l17,7=0,28,53,13,0,5,33,19,22,28,56,84,92,89,90,0,69,49,0,65,78,43,0,53,46,75,24,6,0,0,49,38,0,0,0,0,0,0,3,0,0,23,0,24,40
l18,7=8,17,34,0,4,0,0,55,60,29,53,60,61,58,84,0,63,82,64,0,82,87,66,73,63,67,80,75,0,0,65,54,0,34,0,41,0,0,60,62,61,24,65,72,48
l19,7=0,0,46,0,0,13,31,36,34,35,40,0,61,60,74,0,73,82,76,88,0,67,58,74,68,71,51,33,0,0,38,0,0,48,0,0,0,3,18,23,52,0,24,5,46
l20,7=0,0,0,0,0,0,0,31,46,9,19,20,0,6,55,0,54,18,39,75,58,0,85,85,65,83,79,79,0,0,0,0,71,40,0,5,46,1,71,13,0,0,0,71,67
l21,7=0,0,0,0,0,0,0,35,71,0,36,0,53,48,20,0,57,0,0,75,67,92,0,81,67,79,73,76,0,0,0,0,47,0,0,0,1,0,22,2,0,0,74,0,60
l22,7=0,0,0,0,0,0,1,0,32,11,56,35,18,27,38,0,51,20,56,68,69,83,70,0,67,80,82,77,0,0,0,0,45,72,0,67,65,19,70,51,27,54,73,67,0
l23,7=0,0,0,0,0,0,0,16,25,0,25,30,43,23,45,0,59,66,61,72,72,80,69,84,0,87,82,76,0,0,5,12,45,63,0,54,0,0,26,25,43,30,72,72,70
l24,7=0,0,0,0,0,0,11,57,20,24,39,17,62,44,59,0,52,32,68,72,70,82,53,83,68,0,82,77,0,0,17,0,2,68,0,55,26,0,8,70,49,55,73,69,68
l25,7=0,0,0,0,0,0,0,26,30,17,55,23,52,0,59,0,55,48,59,76,71,59,23,86,68,87,0,77,0,0,0,17,64,58,0,39,43,32,54,27,46,23,70,81,72
l26,7=0,0,0,0,0,0,0,28,16,3,0,30,18,15,50,0,20,11,59,72,61,86,74,86,66,81,81,0,0,0,10,0,42,68,0,45,71,46,71,33,6,23,73,36,54
l27,7=0,28,48,26,8,0,2,0,1,31,39,0,59,48,61,0,1,29,28,66,56,0,0,0,2,29,0,3,0,0,0,86,1,61,0,65,22,1,9,77,85,72,0,0,4
l28,7=17,0,0,23,7,0,3,0,27,31,41,48,57,50,50,0,18,85,23,60,0,0,0,0,30,0,40,0,0,0,90,0,12,60,0,62,22,1,8,75,79,27,0,0,0
l29,7=0,0,0,0,0,0,0,0,0,0,0,0,0,0,0,0,0,0,0,4,0,75,42,74,59,1,75,67,0,0,2,62,0,85,0,86,82,76,79,87,76,71,13,8,0
l30,7=0,0,0,0,0,0,0,0,0,0,0,0,0,0,0,0,6,0,0,44,47,74,0,77,60,63,58,43,0,0,73,63,88,0,0,73,74,74,74,79,84,70,0,0,23
l31,7=0,0,0,0,0,0,0,0,0,0,0,0,0,0,0,0,0,0,0,59,0,10,0,81,62,80,76,73,0,0,18,42,88,84,0,0,82,90,79,80,81,71,0,0,0
l32,7=0,0,0,0,0,0,0,0,0,0,0,0,0,0,0,0,0,2,0,0,0,74,0,77,0,78,74,67,0,0,71,62,88,83,0,86,0,85,74,81,75,71,0,6,0
l33,7=0,0,0,0,0,0,0,0,0,0,0,0,0,0,0,0,0,0,0,0,0,0,0,74,0,0,75,74,0,0,39,41,83,81,0,86,82,0,74,79,76,69,14,0,0
l34,7=0,0,0,0,0,0,0,0,0,0,0,0,0,0,19,0,0,13,4,72,31,74,17,77,36,17,60,68,0,0,72,0,87,84,0,85,74,75,0,85,84,76,0,2,0
l35,7=0,0,0,0,0,0,0,0,0,0,0,0,0,0,0,0,6,20,0,62,19,17,3,31,23,48,55,23,0,0,29,42,88,82,0,70,79,47,80,0,86,93,0,2,0
l36,7=0,0,0,0,0,0,0,0,0,0,0,0,32,4,32,0,10,31,0,74,52,0,0,46,35,48,72,0,0,0,57,26,42,85,0,85,30,28,79,87,0,74,0,0,0
l37,7=3,0,0,0,0,0,0,0,0,0,9,0,0,0,0,0,0,0,14,50,0,0,0,45,35,49,72,30,0,0,47,26,59,83,0,71,30,28,80,87,84,0,0,0,0
l38,7=0,0,0,0,0,0,0,0,0,0,11,0,12,0,24,0,10,8,0,42,18,0,17,72,62,70,46,44,0,0,0,0,10,11,0,0,0,3,9,0,0,0,0,78,78
l39,7=0,0,0,0,0,0,0,0,0,12,18,15,17,5,41,0,0,16,44,69,1,31,0,40,63,68,82,19,0,0,2,0,5,0,0,0,3,0,9,0,0,0,77,0,74
l40,7=0,0,0,0,0,0,0,0,0,0,0,0,0,0,12,0,0,17,9,20,14,25,17,0,55,50,67,29,0,0,0,0,0,15,0,0,0,0,0,0,0,0,77,77,0
l41,7=0,0,0,0,0,0,0,5,17,0,21,15,51,0,59,0,53,22,64,69,69,45,11,49,67,78,80,64,0,0,9,39,14,0,0,0,0,0,10,12,0,13,71,82,70
l42,7=0,0,0,0,0,0,0,0,0,0,0,0,0,0,41,0,24,14,3,59,43,63,19,70,60,82,79,65,0,0,0,0,26,32,0,0,17,0,18,0,0,0,76,78,68
l43,7=0,0,0,0,0,0,0,0,0,0,1,0,10,0,0,0,13,19,0,27,26,34,12,32,28,65,79,32,0,0,0,0,19,0,0,19,10,0,25,11,7,0,77,76,75
l44,7=0,0,0,0,0,0,0,0,0,0,0,0,12,0,24,0,16,24,23,30,23,48,28,73,66,82,77,48,0,0,0,0,29,30,0,8,0,0,17,0,0,0,78,79,72

l0,8=0,98,96,100,98,100,100,100,60,59,63,99,94,98,67,0,100,98,84,59,0,0,0,0,0,0,0,0,0,0,88,0,0,0,0,0,0,0,0,0,0,0,0,0,0
l1,8=100,0,96,100,98,100,100,100,60,83,71,99,95,90,66,0,80,89,55,90,0,0,0,0,0,15,0,0,0,0,94,0,0,0,0,0,0,0,0,0,15,0,0,0,0
l2,8=100,99,0,100,98,100,100,94,97,83,67,99,95,94,50,0,97,95,94,87,87,20,0,0,8,0,0,0,0,0,91,0,0,0,0,0,0,0,0,0,0,0,0,50,0
l3,8=100,99,96,0,98,100,100,100,59,60,71,99,95,99,0,0,100,95,92,74,0,0,0,0,0,0,0,0,0,0,91,93,0,0,0,0,0,0,0,0,0,0,0,0,0
l4,8=100,85,96,100,0,100,100,100,60,59,71,99,62,94,0,0,52,98,0,92,0,0,0,0,0,0,0,0,0,0,100,95,0,0,0,0,0,0,0,0,0,0,0,0,0
l5,8=100,99,96,100,98,0,100,100,60,59,68,99,95,99,60,0,99,92,73,87,89,0,0,0,0,0,0,0,0,0,95,92,0,0,0,0,0,0,0,0,0,0,0,0,0
l6,8=100,72,96,100,98,100,0,100,60,98,77,99,94,94,97,0,100,95,94,0,94,0,0,0,0,82,0,0,0,0,95,0,0,0,0,0,0,0,0,0,0,0,0,0,0
l7,8=100,92,95,100,75,100,100,0,97,98,99,99,95,99,94,0,100,95,94,94,93,81,0,45,90,91,90,2,0,0,0,0,0,0,0,0,0,0,0,0,0,0,0,0,0
l8,8=96,93,96,94,93,100,93,100,0,98,95,99,95,94,94,0,96,58,93,93,93,86,2,63,87,0,3,86,0,0,62,0,0,0,0,0,0,0,0,0,0,0,1,0,0
l9,8=37,98,87,94,98,98,100,100,97,0,99,99,95,99,87,0,100,93,84,93,94,84,0,50,50,80,87,0,0,0,71,85,0,0,0,0,0,0,0,0,0,0,0,51,0
l10,8=44,49,73,90,92,53,57,78,92,97,0,93,95,99,97,0,100,91,94,94,93,89,65,51,51,76,88,0,0,0,0,91,0,0,0,0,0,0,0,0,0,0,28,50,0
l11,8=96,90,88,93,93,97,93,100,97,98,94,0,95,99,94,0,96,59,94,90,0,6,0,14,54,69,84,81,0,0,71,0,0,0,0,0,0,0,0,0,0,0,2,0,6
l12,8=95,90,79,94,92,56,49,94,97,98,99,99,0,99,94,0,100,94,96,94,94,49,67,6,44,81,88,83,0,0,95,85,0,0,0,0,0,0,0,0,0,0,65,0,0
l13,8=96,88,89,94,92,100,94,100,96,98,97,99,95,0,94,0,96,92,94,93,91,92,74,49,61,79,1,84,0,0,12,84,0,0,0,0,0,0,0,0,24,0,1,0,0
l14,8=1,1,1,0,0,20,32,74,80,63,99,96,55,54,0,0,100,100,100,98,99,91,34,13,55,84,87,43,0,0,94,93,0,0,0,0,0,0,0,3,17,59,48,51,32
l15,8=23,0,74,92,30,57,53,80,95,97,99,99,95,58,97,0,0,100,100,98,98,94,37,10,53,84,89,88,0,0,83,98,0,26,0,0,0,0,24,13,31,0,57,46,12
l16,8=23,1,51,39,73,25,24,64,27,43,57,48,51,27,74,0,100,0,100,98,99,43,0,0,54,87,66,0,0,0,100,100,0,0,0,0,24,34,39,51,78,81,52,0,19
l17,8=1,0,65,43,14,12,31,62,88,15,99,99,55,56,97,0,100,100,0,95,99,91,61,4,55,86,88,87,0,0,94,5,0,0,0,0,0,0,0,9,0,53,63,52,18
l18,8=2,32,16,3,48,31,0,77,85,80,83,81,82,17,97,0,87,100,90,0,99,92,81,89,92,83,92,93,0,0,85,85,0,28,0,18,20,0,53,21,67,84,83,82,32
l19,8=0,0,34,0,0,46,51,68,83,92,98,49,89,46,97,0,99,100,100,98,0,88,44,61,91,89,90,91,0,0,96,78,0,42,0,0,0,0,41,43,73,78,75,87,49
l20,8=0,0,0,0,0,0,0,48,64,30,66,26,24,66,62,0,70,30,64,91,52,0,92,91,91,94,69,93,0,0,0,0,69,76,0,23,20,0,74,45,0,43,60,59,64
l21,8=0,0,0,0,0,0,0,0,6,0,65,41,63,61,48,0,69,0,60,83,48,94,0,89,91,90,66,91,0,0,0,0,65,66,0,0,55,0,68,12,0,0,75,61,61
l22,8=0,0,0,0,0,0,0,20,17,22,61,30,20,28,50,0,36,0,34,71,53,90,69,0,92,93,89,91,0,0,0,0,0,77,0,58,28,30,84,31,4,39,88,80,30
l23,8=0,0,0,0,0,0,0,34,35,23,52,61,28,35,67,0,69,68,69,80,72,87,79,91,0,95,92,90,0,0,40,8,68,67,0,34,17,22,76,28,58,32,59,86,81
l24,8=0,2,0,0,0,0,16,64,0,49,52,39,58,52,68,0,69,70,79,65,54,87,65,89,92,0,92,89,0,0,41,0,52,24,0,27,46,32,56,37,54,37,88,62,51
l25,8=0,0,0,0,0,0,0,39,1,27,67,59,58,0,57,0,66,54,60,81,50,70,42,92,92,95,0,72,0,0,19,14,53,77,0,1,51,52,0,12,41,28,74,89,64
l26,8=0,0,0,0,0,0,0,17,23,0,0,34,27,29,19,0,45,8,74,85,59,93,83,91,91,94,77,0,0,0,0,0,38,80,0,27,73,29,85,31,0,26,80,57,68
l27,8=21,23,45,50,88,33,28,18,59,37,0,48,37,0,73,0,81,100,99,98,97,0,0,0,22,72,46,0,0,0,0,100,38,62,0,49,53,76,62,56,78,97,48,0,0
l28,8=0,0,0,39,49,44,0,0,0,30,87,0,46,4,53,0,74,100,17,89,81,0,0,0,11,0,23,0,0,0,100,0,62,77,0,0,54,58,98,76,60,50,47,36,0
l29,8=0,0,0,0,0,0,0,0,0,0,0,0,0,0,0,0,0,26,0,0,0,80,54,0,90,84,81,88,0,0,53,84,0,99,0,100,97,87,100,100,88,87,62,55,0
l30,8=0,0,0,0,13,0,0,0,0,0,0,0,0,0,0,0,52,0,0,72,55,75,28,78,82,73,81,86,0,0,85,83,98,0,0,94,89,87,97,88,100,87,18,0,0
l31,8=0,0,0,0,0,0,0,0,0,0,0,0,0,0,0,0,0,32,0,72,0,46,0,90,77,69,30,71,0,0,77,23,98,94,0,0,97,100,99,87,89,88,23,0,0
l32,8=0,0,0,0,0,0,0,0,0,0,0,0,0,0,0,0,0,57,0,60,0,58,37,78,54,83,79,90,0,0,75,84,98,94,0,100,0,100,100,83,86,87,0,4,0
l33,8=0,0,0,0,0,0,0,0,0,0,0,0,0,0,0,0,0,48,0,0,0,0,0,79,74,80,81,89,0,0,82,61,96,96,0,100,97,0,98,88,89,63,0,0,0
l34,8=0,0,0,0,0,0,0,0,0,0,0,0,0,0,0,0,57,72,0,78,58,63,35,91,86,75,13,91,0,0,83,83,96,94,0,95,91,87,0,90,100,99,31,40,0
l35,8=0,0,0,0,0,0,0,0,0,0,0,0,0,0,3,0,53,87,82,86,85,67,1,21,84,85,48,57,0,0,57,93,98,99,0,60,55,93,100,0,100,99,0,0,3
l36,8=0,2,0,0,0,0,0,0,0,0,0,0,0,1,3,0,49,89,0,88,85,0,0,1,91,93,58,0,0,0,55,90,95,99,0,61,55,87,100,100,0,98,0,0,0
l37,8=0,0,0,0,0,0,0,0,0,0,0,0,0,0,8,0,0,80,75,89,72,58,0,19,37,75,37,15,0,0,54,88,95,80,0,61,55,76,100,100,100,0,0,0,0
l38,8=0,0,0,0,0,0,0,0,0,0,3,8,15,0,11,0,17,19,48,59,39,46,52,58,60,89,67,63,0,0,21,17,22,8,0,0,0,0,4,0,0,0,0,87,86
l39,8=0,0,3,0,0,0,0,0,0,16,51,0,0,0,41,0,30,0,50,64,42,44,27,71,91,65,90,51,0,0,0,17,12,0,0,0,0,0,9,0,0,0,96,0,86
l40,8=0,0,0,0,0,0,0,0,0,0,0,9,0,0,35,0,31,35,24,55,18,57,26,27,79,33,66,46,0,0,0,0,0,0,0,0,0,0,0,0,0,0,94,84,0
l41,8=0,0,0,0,0,10,3,11,23,0,24,31,58,26,79,0,76,44,79,82,64,68,29,90,91,94,90,85,0,0,22,57,0,0,0,0,0,0,1,0,0,30,96,88,84
l42,8=0,0,0,0,0,0,0,0,0,0,0,0,0,0,36,0,41,26,26,66,27,61,31,66,88,94,89,65,0,0,0,0,0,0,0,13,0,13,1,0,19,25,94,87,73
l43,8=0,0,0,0,0,0,0,0,0,0,12,0,0,0,18,0,10,28,25,49,19,38,32,58,55,69,75,27,0,0,0,0,23,8,0,7,17,0,20,22,0,0,90,68,82
l44,8=0,0,0,0,0,0,0,0,0,0,0,0,0,5,42,0,38,29,31,65,33,54,56,66,91,80,59,53,0,0,0,0,13,24,0,15,0,0,0,0,0,0,92,87,61

l0,9=0,98,100,100,100,100,100,98,100,99,91,99,91,76,73,0,73,0,80,0,0,0,0,0,0,0,0,0,0,0,0,11,0,0,0,0,0,0,0,0,0,0,0,0,0
l1,9=99,0,100,100,100,100,98,96,100,100,97,99,91,96,89,0,92,92,1,28,0,0,0,0,0,88,0,0,0,0,94,44,0,0,0,0,0,0,0,0,0,0,0,0,0
l2,9=99,38,0,100,100,100,100,99,100,99,58,99,91,100,96,0,90,90,96,34,0,0,0,0,0,0,0,0,0,0,57,57,0,0,0,0,0,0,0,0,0,0,0,0,0
l3,9=99,99,100,0,100,100,100,95,100,89,58,53,91,100,73,0,94,87,0,31,0,0,0,0,0,0,0,0,0,0,54,59,0,0,0,0,0,0,0,0,0,0,0,0,0
l4,9=99,99,100,100,0,100,100,94,96,98,58,68,91,100,93,0,99,91,0,33,0,0,0,0,0,0,0,0,0,0,74,59,0,0,0,0,0,0,0,0,0,0,0,0,0
l5,9=99,99,100,100,100,0,100,100,100,90,57,99,91,100,87,0,99,95,0,25,36,0,0,0,0,56,0,0,0,0,52,46,0,0,0,0,0,0,0,1,4,0,0,0,0
l6,9=99,72,100,100,100,100,0,100,100,100,97,99,91,100,95,0,100,98,98,0,76,8,0,0,0,60,0,0,0,0,82,86,0,0,0,0,0,0,0,0,0,0,0,0,0
l7,9=99,99,100,100,100,100,100,0,100,100,97,99,98,100,99,0,100,97,0,99,55,97,0,0,61,95,90,87,0,0,0,0,0,0,0,0,0,0,0,0,0,0,0,0,0
l8,9=99,99,100,100,100,100,100,100,0,99,97,99,98,100,100,0,100,92,94,98,52,59,0,77,60,90,87,89,0,0,0,0,0,0,0,0,0,0,0,0,0,0,0,29,0
l9,9=99,99,100,99,100,100,100,97,100,0,95,99,98,100,100,0,100,87,96,94,94,68,0,40,58,86,83,81,0,0,60,32,0,0,0,0,0,0,0,0,0,0,0,53,0
l10,9=84,48,35,42,99,93,59,92,100,97,0,99,98,100,100,0,100,99,98,36,36,55,81,95,72,91,97,0,0,0,55,58,0,0,0,0,0,0,0,0,4,38,92,96,31
l11,9=99,67,100,39,96,100,100,100,100,100,96,0,98,100,100,0,100,97,98,61,34,0,0,52,98,58,90,97,0,0,0,0,0,0,0,0,0,0,0,0,0,0,15,25,4
l12,9=99,47,36,44,100,93,38,97,59,99,98,99,0,100,100,0,100,100,98,38,36,41,56,0,0,73,93,85,0,0,44,24,0,0,0,0,0,0,0,0,0,0,14,24,0
l13,9=91,86,100,100,100,100,100,99,100,100,95,99,98,0,100,0,100,98,98,60,59,60,0,89,100,94,91,79,0,0,53,58,0,0,0,0,0,0,0,0,2,0,0,0,0
l14,9=30,12,16,2,95,70,4,15,57,61,59,63,98,91,0,0,100,100,98,37,41,41,28,37,100,95,95,99,0,0,54,58,0,0,0,0,0,0,0,0,28,25,40,42,22
l15,9=38,18,17,29,96,77,14,59,56,98,96,68,98,100,100,0,0,100,98,62,27,43,53,57,98,93,90,93,0,0,0,59,0,26,0,0,0,0,86,0,35,23,39,40,0
l16,9=0,29,8,22,98,93,32,45,57,52,58,39,98,66,100,0,100,0,98,37,60,3,0,24,100,95,13,0,0,0,98,60,21,9,0,0,1,1,39,19,37,67,39,62,0
l17,9=43,0,22,0,0,0,5,0,56,54,59,68,98,100,100,0,100,100,0,62,97,42,55,56,98,94,96,97,0,0,54,54,0,0,0,0,0,0,0,2,5,25,42,63,17
l18,9=0,7,20,17,99,56,0,56,57,61,59,67,97,87,99,0,99,98,98,0,95,59,94,94,98,93,95,97,0,0,59,58,20,9,0,31,41,0,59,0,45,80,96,97,15
l19,9=0,0,0,0,0,82,41,56,58,61,59,37,97,99,99,0,99,100,98,99,0,57,26,94,97,93,95,97,0,0,60,59,4,0,0,0,0,0,36,7,37,70,95,97,3
l20,9=0,0,0,0,0,0,14,89,76,70,72,0,89,84,79,0,99,60,85,98,82,0,98,94,97,93,95,97,0,0,0,0,87,88,0,73,80,0,99,83,0,53,74,78,75
l21,9=0,0,0,0,0,0,0,6,0,0,82,3,97,0,94,0,95,0,97,98,61,100,0,94,97,93,95,97,0,0,0,0,0,94,0,0,61,0,91,0,0,0,97,97,92
l22,9=0,0,0,0,0,0,0,0,76,13,72,76,0,83,77,0,74,78,80,92,88,98,77,0,98,93,95,97,0,0,0,0,40,84,0,79,79,70,86,72,77,63,91,92,77
l23,9=0,0,0,0,0,0,0,43,36,42,39,51,0,84,99,0,95,94,95,98,94,98,87,95,0,95,97,97,0,0,37,45,46,75,0,72,0,62,95,32,29,47,97,97,93
l24,9=0,50,0,0,0,54,27,91,74,67,72,32,57,83,91,0,87,95,97,98,94,98,92,94,100,0,97,97,0,0,55,0,85,0,0,39,79,69,82,85,91,56,97,97,82
l25,9=0,0,0,0,0,0,0,53,61,42,85,78,90,84,88,0,75,39,89,97,92,88,89,95,100,95,0,90,0,0,0,47,90,90,0,80,92,78,92,12,86,0,97,97,94
l26,9=0,0,0,0,0,0,0,37,72,38,0,88,78,75,97,0,79,11,97,98,94,98,98,95,97,93,95,0,0,0,0,0,89,98,0,81,97,0,99,87,0,81,97,80,89
l27,9=0,45,24,26,100,84,38,0,0,34,56,0,39,40,99,0,0,100,98,37,35,0,0,0,60,43,0,0,0,0,0,100,0,46,0,44,41,98,35,39,17,71,39,7,0
l28,9=6,11,26,29,100,88,42,0,0,15,59,0,31,42,100,0,100,100,98,36,30,0,0,0,62,0,31,0,0,0,100,0,30,9,0,31,42,0,37,7,76,74,0,38,0
l29,9=0,0,0,0,0,0,0,0,0,0,0,0,0,0,0,0,0,75,0,49,0,88,0,36,86,83,90,92,0,0,0,95,0,100,0,100,100,100,100,100,98,99,80,48,0
l30,9=0,0,0,0,1,0,0,0,0,0,0,0,0,0,0,0,56,79,0,29,0,59,52,91,56,0,52,97,0,0,92,64,100,0,0,100,100,100,100,100,100,99,0,0,1
l31,9=0,0,0,0,0,0,0,0,0,0,0,0,0,0,0,0,0,0,0,77,0,51,0,86,78,37,60,71,0,0,77,50,100,100,0,0,100,100,100,77,99,92,0,0,0
l32,9=0,0,0,0,0,0,0,0,0,0,0,0,0,0,0,0,0,26,0,57,0,96,34,61,0,73,96,97,0,0,91,96,100,100,0,100,0,100,100,45,99,99,67,0,0
l33,9=0,0,0,0,0,0,0,0,0,0,0,0,0,0,0,0,0,0,0,0,0,0,0,48,51,41,27,0,0,0,86,0,100,100,0,100,100,0,100,100,98,96,0,0,0
l34,9=0,0,0,0,0,0,0,0,0,0,0,0,0,0,0,0,71,82,0,31,24,93,46,67,66,44,32,83,0,0,45,99,100,100,0,100,100,100,0,100,100,99,0,6,0
l35,9=0,0,0,0,0,23,0,0,0,0,0,0,0,0,12,0,5,98,84,0,48,48,0,54,62,45,26,70,0,0,100,99,100,100,0,66,69,100,100,0,100,99,0,0,0
l36,9=0,0,0,0,0,77,0,0,0,0,47,0,0,21,84,0,81,100,75,99,72,0,0,53,57,48,31,0,0,0,90,100,39,100,0,69,96,98,100,100,0,99,0,0,0
l37,9=0,0,0,0,0,0,0,0,0,0,32,0,0,0,89,0,85,91,84,99,29,33,0,56,61,47,0,66,0,0,100,100,39,36,0,32,100,100,100,100,100,0,1,0,0
l38,9=0,0,0,0,0,0,0,0,0,0,46,11,16,0,89,0,35,26,52,87,21,21,41,92,97,92,95,96,0,0,16,0,19,0,0,0,18,0,0,0,0,0,0,98,94
l39,9=0,0,0,0,0,0,0,0,0,0,49,17,13,0,88,0,48,85,93,92,86,24,49,90,97,86,95,68,0,0,0,26,22,0,0,0,0,0,1,0,0,0,97,0,94
l40,9=0,0,0,0,0,0,0,0,0,0,19,12,0,0,86,0,0,0,48,52,47,22,38,82,88,81,87,86,0,0,0,0,0,39,0,0,0,0,0,0,0,0,97,97,0
l41,9=0,0,0,0,0,0,0,2,31,0,0,51,77,67,97,0,96,96,97,98,48,59,32,93,97,93,95,68,0,0,30,51,0,35,0,2,0,0,61,20,0,6,97,97,94
l42,9=0,0,0,0,0,0,0,0,0,0,0,0,0,0,0,0,43,80,81,96,81,79,82,93,97,93,95,97,0,0,0,0,5,0,0,11,0,0,78,0,0,0,97,97,91
l43,9=0,0,0,0,0,0,0,0,0,0,0,0,0,0,73,0,0,0,73,71,74,53,0,66,81,69,93,71,0,0,0,0,69,0,0,27,71,0,43,0,16,0,97,89,92
l44,9=0,0,0,0,0,0,0,0,0,0,0,0,29,72,84,0,46,58,34,98,47,68,83,94,97,92,95,69,0,0,0,0,0,48,0,43,0,0,72,0,0,4,97,97,94

l0,10=0,90,88,90,87,87,87,0,85,88,83,85,81,78,53,0,34,39,52,0,0,0,0,0,0,0,0,0,0,0,10,60,0,0,0,0,0,0,0,0,0,0,0,0,0
l1,10=90,0,88,90,87,87,89,0,88,80,82,81,82,75,78,0,44,48,0,65,0,0,0,0,0,40,7,0,0,0,35,50,0,0,0,0,0,0,0,0,13,0,0,0,0
l2,10=90,90,0,83,88,87,89,1,88,89,83,86,83,82,53,0,39,33,54,69,2,0,0,0,65,3,27,0,0,0,0,46,0,0,0,0,0,0,0,0,0,0,0,60,0
l3,10=90,90,88,0,88,87,89,0,86,86,82,85,80,79,24,0,47,18,49,0,0,0,0,0,0,0,0,0,0,0,36,59,0,0,0,0,0,0,0,0,0,0,0,0,0
l4,10=90,90,88,90,0,87,89,0,86,87,83,87,81,71,34,0,42,37,0,0,0,0,0,0,0,0,0,0,0,0,0,4,0,0,0,0,0,0,0,0,0,0,0,0,0
l5,10=90,90,88,90,87,0,89,1,88,82,83,90,81,87,42,0,38,40,56,43,0,0,0,0,0,0,0,0,0,0,39,54,0,0,0,0,0,0,5,0,32,0,0,0,0
l6,10=90,89,88,84,87,87,0,0,88,89,83,89,81,86,31,0,57,36,48,58,0,0,0,0,56,33,21,0,0,0,36,55,0,0,0,0,0,0,0,0,0,0,0,46,0
l7,10=82,89,88,83,86,87,89,0,88,90,89,89,84,92,77,0,86,48,50,74,68,77,0,60,63,85,45,54,0,0,8,48,0,0,0,0,0,0,0,0,0,0,0,15,0
l8,10=85,85,86,83,85,83,89,0,0,90,86,89,83,82,60,0,36,32,70,73,66,65,0,45,67,37,35,51,0,0,23,0,0,0,0,0,0,0,0,0,0,0,0,45,0
l9,10=85,82,83,82,85,83,86,0,86,0,86,90,85,89,82,0,86,51,73,70,67,71,0,58,80,42,31,39,0,0,0,53,0,0,0,0,0,0,0,0,0,0,0,0,0
l10,10=84,83,49,54,84,83,85,0,86,89,0,88,85,86,89,0,91,75,89,66,84,78,3,82,76,53,78,56,0,0,2,73,0,0,0,0,0,0,0,0,44,0,47,77,54
l11,10=85,69,81,62,67,83,86,1,86,90,86,0,85,92,81,0,86,47,77,74,77,59,0,63,74,41,38,56,0,0,36,61,0,0,0,0,0,0,0,0,0,0,0,6,0
l12,10=85,84,83,52,68,83,85,0,85,89,89,88,0,87,84,0,87,78,74,59,56,71,57,35,68,53,43,51,0,0,33,0,0,0,0,0,0,0,0,0,0,0,41,0,13
l13,10=85,81,84,83,65,83,86,0,86,90,86,90,85,0,76,0,83,31,78,68,84,18,62,62,64,39,37,50,0,0,0,51,0,0,0,0,0,0,0,0,0,0,0,47,0
l14,10=65,82,2,0,36,51,15,0,43,68,89,88,83,56,0,0,90,92,91,57,98,80,24,44,82,54,27,64,0,0,82,80,0,63,0,0,0,0,0,9,11,5,56,83,53
l15,10=58,71,35,22,56,81,86,0,22,68,90,88,84,86,89,0,0,57,91,82,84,64,21,46,81,53,26,65,0,0,77,77,0,1,0,0,0,3,0,21,37,5,32,80,0
l16,10=63,78,2,0,39,79,45,1,20,47,89,71,83,22,89,0,56,0,88,84,100,41,0,87,85,9,37,11,0,0,96,89,52,0,0,0,7,0,50,0,57,0,40,91,58
l17,10=75,0,62,18,3,81,78,0,50,76,89,88,82,85,91,0,91,90,0,82,99,0,52,57,81,55,80,71,0,0,83,73,0,0,0,0,0,0,0,0,0,41,24,78,79
l18,10=0,53,20,0,2,56,64,1,41,36,35,75,55,67,50,0,89,91,90,0,100,84,75,85,86,95,52,88,0,0,69,36,0,68,0,3,0,0,50,65,45,52,54,79,77
l19,10=0,0,0,0,0,0,0,0,45,41,86,77,62,81,91,0,55,96,91,84,0,87,0,90,86,61,51,73,0,0,86,83,0,55,0,0,0,0,36,63,52,51,41,92,73
l20,10=0,0,0,0,0,0,0,0,68,71,66,69,66,27,72,0,70,65,0,82,83,0,100,91,80,96,89,90,0,0,0,0,67,68,0,76,50,0,86,72,0,0,71,69,75
l21,10=0,0,0,0,0,0,0,0,0,0,20,0,73,74,79,0,75,0,75,84,0,96,0,93,87,96,86,91,0,0,0,0,0,81,0,20,0,0,45,0,0,0,82,84,80
l22,10=0,0,0,0,0,0,0,3,48,58,68,66,55,60,60,0,64,75,72,74,87,96,90,0,89,94,90,92,0,0,0,0,73,85,0,73,81,81,86,68,66,67,87,62,78
l23,10=0,0,20,0,0,0,12,8,61,63,61,67,62,56,76,0,80,80,78,81,87,81,85,91,0,97,92,90,0,0,53,0,67,82,0,80,62,68,80,67,66,68,89,92,92
l24,10=0,50,0,0,0,0,51,0,56,56,73,69,76,59,82,0,82,73,80,84,94,93,94,93,89,0,92,90,0,0,53,0,72,64,0,0,75,65,52,56,74,64,88,92,81
l25,10=0,0,0,0,0,0,22,3,61,32,68,66,66,58,65,0,64,72,77,75,92,87,72,91,89,97,0,90,0,0,18,0,80,79,0,73,80,79,79,65,0,4,88,89,91
l26,10=0,0,0,0,0,0,0,1,68,29,50,73,65,59,74,0,75,29,72,81,87,93,88,93,86,89,89,0,0,0,0,0,81,86,0,81,85,88,86,60,17,84,83,79,81
l27,10=32,65,0,37,0,60,33,1,25,0,0,34,62,0,56,0,50,96,91,77,84,0,0,0,49,5,9,0,0,0,0,89,41,73,0,49,11,34,54,95,94,38,7,0,0
l28,10=67,44,3,42,39,52,72,0,2,19,47,43,0,61,63,0,63,96,78,58,79,0,0,0,0,0,0,0,0,0,96,0,56,72,0,0,0,0,54,63,94,60,0,9,0
l29,10=0,0,0,0,0,0,0,0,0,0,0,0,0,0,0,0,0,62,0,0,0,62,0,68,62,72,81,68,0,0,43,74,0,95,0,94,93,96,92,91,89,90,67,35,0
l30,10=0,0,0,0,0,0,0,0,0,0,0,0,0,0,35,0,1,2,0,58,25,42,37,87,83,21,79,86,0,0,49,42,90,0,0,94,93,96,92,91,92,93,12,35,45
l31,10=0,0,0,0,0,0,0,0,0,0,0,0,0,0,0,0,0,0,0,30,0,73,21,71,81,0,70,71,0,0,78,0,90,95,0,0,93,96,92,90,92,93,28,13,0
l32,10=0,0,0,0,0,0,0,0,0,0,0,0,0,0,0,0,0,38,0,0,0,41,0,76,46,79,81,80,0,0,48,0,90,95,0,94,0,96,92,90,73,88,0,0,0
l33,10=0,0,0,0,0,0,0,0,0,0,0,0,0,0,0,0,0,0,0,0,0,0,0,69,48,24,74,73,0,0,53,0,90,95,0,94,93,0,92,87,80,90,0,0,0
l34,10=0,0,0,0,0,19,0,0,0,0,0,0,0,0,0,0,0,65,0,59,53,52,1,76,62,18,72,75,0,0,55,61,90,95,0,94,93,96,0,91,94,93,0,0,0
l35,10=0,0,0,0,4,0,0,0,0,0,0,0,0,0,10,0,38,0,0,71,76,49,0,70,71,24,44,51,0,0,91,43,90,95,0,62,93,96,92,0,94,93,0,30,0
l36,10=0,3,0,0,0,34,0,0,0,0,6,0,24,0,38,0,45,86,0,63,52,0,0,41,52,27,0,14,0,0,64,56,62,95,0,94,23,58,92,95,0,93,0,9,2
l37,10=0,0,0,0,0,0,0,0,0,0,0,0,0,0,40,0,42,0,67,77,77,0,0,62,53,23,11,64,0,0,61,52,73,95,0,57,39,42,92,95,94,0,0,7,0
l38,10=0,0,0,0,0,0,0,0,0,0,58,0,45,0,80,0,69,74,16,75,77,70,44,89,85,87,86,85,0,0,35,0,70,10,0,0,0,0,0,0,0,0,0,94,94
l39,10=0,0,9,0,0,0,1,0,15,0,60,16,0,2,78,0,80,84,37,76,87,70,64,71,86,96,90,76,0,0,0,0,51,52,0,0,0,0,0,5,0,0,92,0,92
l40,10=0,0,0,0,0,0,0,0,0,0,18,0,15,0,33,0,0,48,71,77,81,77,61,84,84,79,88,78,0,0,0,0,0,21,0,0,0,0,0,0,0,0,92,92,0
l41,10=0,0,0,0,0,0,0,0,28,45,11,65,65,0,77,0,82,82,75,84,87,76,0,87,86,96,90,0,0,0,0,69,0,7,0,0,0,0,0,3,27,0,92,92,92
l42,10=0,0,0,0,0,0,0,0,0,0,0,0,0,0,67,0,64,70,54,78,74,70,67,90,86,93,89,89,0,0,0,0,0,0,0,0,0,0,71,0,0,0,89,92,92
l43,10=0,0,0,0,0,0,0,0,0,0,0,0,0,0,0,0,0,0,60,71,73,81,0,83,74,87,90,81,0,0,0,0,70,0,0,0,0,0,65,0,13,0,90,70,91
l44,10=0,0,0,0,0,0,0,0,0,0,8,32,27,0,35,0,0,45,54,73,72,72,79,91,86,96,90,78,0,0,0,0,68,66,0,0,44,0,46,0,0,0,92,92,85

l0,11=0,87,88,87,84,90,81,0,49,70,80,83,80,80,43,0,71,49,24,38,0,0,0,0,0,0,0,0,0,0,0,60,0,0,0,0,0,0,0,0,0,0,0,0,0
l1,11=91,0,88,90,84,90,81,0,81,86,81,80,81,80,48,0,63,75,56,56,0,0,0,0,0,0,1,0,0,0,77,60,0,0,0,0,0,0,0,0,0,0,0,0,0
l2,11=92,87,0,49,83,90,82,0,80,65,79,82,77,80,46,0,73,65,0,75,0,0,0,0,51,0,1,0,0,0,67,59,0,0,0,0,0,0,0,0,0,0,0,14,0
l3,11=92,87,77,0,84,90,81,0,43,22,82,82,43,62,0,0,52,40,53,0,0,0,0,0,0,0,0,0,0,0,77,63,0,0,0,0,0,0,0,0,0,0,0,0,0
l4,11=92,87,88,91,0,90,81,0,50,70,4,83,67,36,30,0,69,37,0,0,0,0,0,0,0,0,0,0,0,0,72,63,0,0,0,0,0,0,0,0,0,0,0,0,0
l5,11=91,86,89,84,84,0,56,0,48,69,84,83,77,80,26,0,65,62,38,31,0,0,0,0,0,0,0,0,0,0,75,57,0,0,0,0,0,0,5,0,2,0,0,0,0
l6,11=91,87,88,87,84,13,0,0,81,25,79,85,80,83,41,0,71,70,68,71,0,0,0,0,0,19,0,0,0,0,65,41,0,0,0,0,0,0,0,0,0,0,0,0,0
l7,11=87,87,88,83,38,90,83,0,81,91,78,85,81,83,80,0,80,72,13,75,61,39,0,42,2,54,53,56,0,0,0,32,0,0,0,0,0,0,0,0,0,0,0,1,0
l8,11=88,85,86,24,81,82,77,0,0,85,84,83,77,80,53,0,75,66,74,68,36,18,0,37,55,38,48,55,0,0,61,0,0,0,0,0,0,0,0,0,0,0,0,2,0
l9,11=88,85,86,23,81,86,60,0,78,0,84,85,78,81,80,0,80,59,67,48,38,18,0,35,62,54,47,52,0,0,0,0,0,0,0,0,0,0,0,0,0,0,4,1,0
l10,11=58,84,86,25,16,64,77,0,77,50,0,83,82,80,50,0,94,77,86,78,71,1,11,46,37,64,61,65,0,0,45,1,0,0,0,0,0,0,0,0,0,0,19,39,0
l11,11=73,80,86,48,47,86,78,0,77,87,84,0,80,82,85,0,84,67,80,78,48,2,0,28,0,37,57,0,0,0,0,37,0,0,0,0,0,0,0,0,0,0,15,0,0
l12,11=87,84,84,24,25,86,79,0,77,86,85,83,0,80,84,0,84,62,74,34,65,17,13,25,60,64,50,53,0,0,0,41,0,0,0,0,0,0,0,0,0,0,17,26,0
l13,11=83,80,86,73,70,86,79,0,78,89,85,85,82,0,75,0,80,63,75,67,58,39,8,56,0,53,53,33,0,0,69,61,0,0,0,0,0,0,0,0,22,0,0,22,0
l14,11=3,54,38,0,20,14,37,0,21,42,51,50,53,49,0,0,93,93,89,90,95,17,2,32,59,62,67,67,0,0,55,71,0,3,0,0,0,0,0,40,17,1,28,68,19
l15,11=3,7,50,19,39,21,78,0,33,86,87,81,78,80,91,0,0,60,89,83,88,17,12,36,42,41,62,53,0,0,46,49,0,3,0,0,0,0,0,35,0,0,23,43,14
l16,11=20,44,28,0,8,43,64,0,19,0,41,38,33,15,56,0,43,0,89,91,95,1,0,28,74,25,54,47,0,0,89,80,2,22,0,0,0,16,24,64,77,27,22,69,71
l17,11=0,5,0,20,0,14,71,1,24,0,87,82,69,49,93,0,94,93,0,90,93,17,5,33,77,41,61,65,0,0,46,48,0,0,0,0,0,0,2,0,0,1,0,21,20
l18,11=6,14,68,0,0,30,65,0,18,16,40,40,33,40,54,0,81,92,89,0,96,22,21,59,80,83,77,85,0,0,73,61,0,38,0,21,0,0,40,63,64,26,16,67,79
l19,11=0,0,0,0,0,0,0,0,0,0,51,41,45,44,93,0,94,95,89,91,0,21,0,33,81,84,81,81,0,0,39,65,33,3,0,0,0,0,31,37,64,22,16,33,82
l20,11=0,0,0,0,0,0,0,1,61,69,2,55,57,65,70,0,63,56,65,79,71,0,97,88,77,85,78,88,0,0,0,0,64,70,0,66,41,0,79,59,0,0,76,75,73
l21,11=0,0,0,0,0,0,0,0,0,0,69,44,67,63,73,0,73,0,66,90,0,90,0,90,81,86,83,90,0,0,0,0,0,73,0,20,0,0,65,0,34,0,79,70,67
l22,11=0,0,0,0,0,0,0,0,50,31,70,59,59,65,66,0,74,57,74,78,59,86,87,0,82,83,83,90,0,0,0,50,69,86,0,64,73,71,75,49,44,30,86,79,53
l23,11=0,0,20,0,0,0,0,0,15,34,35,0,50,0,40,0,67,71,79,87,80,47,58,90,0,87,85,87,0,0,60,46,57,43,0,42,32,0,72,64,62,3,46,91,85
l24,11=0,0,0,0,0,0,26,0,9,26,64,60,73,59,69,0,63,50,69,90,90,87,89,88,82,0,85,79,0,0,53,26,64,25,0,7,59,30,65,0,0,0,33,89,69
l25,11=0,0,0,0,0,0,0,0,0,15,34,60,32,37,68,0,63,57,66,79,82,67,47,88,82,87,0,81,0,0,22,42,76,35,0,21,38,34,4,54,17,2,93,89,83
l26,11=0,0,0,0,0,0,0,1,63,66,69,0,61,31,72,0,71,63,68,85,77,90,87,90,81,78,79,0,0,0,0,3,75,77,0,76,79,81,74,0,32,75,80,74,73
l27,11=0,29,31,23,21,16,32,0,1,0,37,0,15,37,39,0,68,95,66,26,16,0,0,0,57,48,23,0,0,0,0,80,0,27,0,22,3,37,48,57,97,2,0,45,9
l28,11=8,20,45,19,19,17,25,1,0,0,0,36,33,37,49,0,67,95,57,25,16,0,0,25,44,36,36,1,0,0,89,0,46,19,0,12,3,15,54,49,70,1,10,41,0
l29,11=0,0,0,0,0,0,0,0,0,0,0,0,0,0,0,0,0,31,0,0,8,36,0,60,63,60,75,63,0,0,0,47,0,94,0,92,85,93,88,90,91,87,18,52,0
l30,11=0,0,0,0,0,0,0,0,0,0,0,0,0,0,0,0,0,56,0,23,0,35,17,85,71,55,42,42,0,0,30,42,84,0,0,92,85,93,89,41,91,87,0,46,0
l31,11=0,0,0,0,0,0,0,0,0,0,0,0,0,0,0,0,0,0,0,40,0,21,4,66,75,42,63,67,0,0,66,45,84,94,0,0,85,93,86,85,74,83,0,0,2
l32,11=0,0,0,0,0,0,0,0,0,0,0,0,0,0,0,0,0,0,0,0,0,4,0,64,60,60,63,61,0,0,56,60,84,94,0,92,0,94,88,81,85,82,13,48,0
l33,11=0,0,0,0,0,0,0,0,0,0,0,0,0,0,0,0,0,42,0,0,0,0,0,73,0,49,51,65,0,0,55,0,84,94,0,92,85,0,88,88,89,87,0,0,0
l34,11=0,0,0,0,0,5,0,0,0,0,0,0,0,0,0,0,0,54,23,24,2,62,15,47,67,59,22,43,0,0,41,68,84,95,0,91,85,93,0,90,97,91,0,0,0
l35,11=0,0,0,0,0,0,0,0,0,0,0,0,0,0,33,0,43,70,0,29,11,15,0,26,70,0,49,0,0,0,82,63,84,36,0,29,56,93,89,0,97,91,0,0,0
l36,11=0,0,0,0,0,7,0,0,0,0,0,0,0,22,35,0,0,88,0,31,25,0,0,18,62,0,21,6,0,0,85,66,84,95,0,26,31,93,89,93,0,91,0,0,0
l37,11=0,0,0,0,0,5,0,0,0,0,0,0,0,0,31,0,42,81,51,81,21,0,0,26,43,0,40,43,0,0,82,73,84,95,0,57,84,93,89,93,97,0,0,49,0
l38,11=0,0,0,0,0,0,0,0,0,0,19,19,23,0,82,0,47,78,0,31,15,40,20,81,77,37,77,74,0,0,0,7,4,0,0,0,0,0,0,0,0,0,0,92,86
l39,11=0,0,0,0,0,0,0,0,0,0,56,0,34,3,83,0,77,83,46,85,31,73,12,80,80,81,83,62,0,0,28,26,21,13,0,0,2,0,0,0,0,26,94,0,88
l40,11=0,0,0,0,0,0,0,0,0,0,0,0,0,0,37,0,45,78,24,83,74,74,0,18,79,73,81,77,0,0,0,0,0,0,0,0,0,0,0,0,0,0,92,90,0
l41,11=0,0,0,0,0,0,0,0,12,17,36,38,36,29,26,0,78,81,83,90,85,26,16,81,78,83,83,76,0,0,9,57,3,0,0,6,0,0,0,0,42,15,93,90,88
l42,11=0,0,0,0,0,0,0,0,0,0,0,0,0,0,75,0,62,48,3,85,72,77,69,84,80,83,83,86,0,0,0,0,64,19,0,17,0,0,57,5,0,32,93,90,87
l43,11=0,0,0,0,0,0,0,0,0,0,0,0,2,0,62,0,0,64,43,72,64,71,57,82,74,75,82,79,0,0,0,0,64,49,0,40,43,0,64,0,0,0,90,83,79
l44,11=0,0,0,0,0,0,0,0,0,0,14,0,25,0,50,0,53,58,63,78,58,72,22,85,77,84,73,64,0,0,0,0,56,0,0,0,35,0,0,5,0,0,93,83,77

l0,12=0,88,80,55,83,83,84,0,83,81,67,86,84,83,75,0,76,38,0,52,0,0,0,0,0,0,0,0,0,0,0,4,0,0,0,0,0,0,0,0,0,0,0,0,0
l1,12=84,0,70,89,83,83,84,0,83,78,47,83,83,62,59,0,73,44,0,50,0,0,0,0,0,4,0,0,0,0,27,59,0,0,0,0,0,0,0,0,0,0,0,0,0
l2,12=84,83,0,82,83,83,80,0,83,78,75,81,83,80,53,0,75,0,44,71,43,43,0,50,0,8,56,0,0,0,21,63,0,0,0,0,0,0,0,0,0,0,0,0,0
l3,12=55,88,65,0,83,83,54,0,81,72,43,50,82,80,5,0,33,40,32,37,0,0,0,0,0,0,0,0,0,0,40,45,0,0,0,0,0,0,0,0,26,0,0,0,0
l4,12=84,88,80,89,0,83,84,1,82,78,47,81,80,80,0,0,71,0,0,0,0,0,0,0,0,0,0,0,0,0,38,56,0,0,0,0,0,0,0,0,0,4,0,0,0
l5,12=54,82,69,69,84,0,66,0,81,47,75,61,83,81,54,0,73,39,41,50,0,0,0,0,36,0,0,0,0,0,0,59,0,0,0,0,0,0,0,0,0,0,0,0,0
l6,12=84,82,68,57,83,83,0,1,83,80,76,85,84,74,52,0,63,41,43,52,17,0,0,0,61,3,0,0,0,0,32,0,0,0,0,0,0,0,0,0,0,0,0,0,0
l7,12=77,80,80,83,79,83,84,0,85,81,71,85,84,83,81,0,77,67,79,73,0,60,0,59,64,61,27,33,0,0,3,0,0,0,0,0,0,0,0,0,0,0,0,0,0
l8,12=79,83,76,77,78,78,84,2,0,78,75,80,73,75,79,0,76,48,80,47,52,47,22,60,57,47,53,33,0,0,0,0,0,0,0,0,0,0,0,0,0,0,0,11,0
l9,12=80,83,75,50,78,78,80,0,81,0,75,86,87,84,77,0,76,38,46,47,55,64,0,63,68,65,61,35,0,0,31,6,0,0,0,0,0,0,0,0,0,0,0,0,0
l10,12=25,53,75,76,47,47,66,1,83,51,0,83,88,81,62,0,86,45,88,56,78,63,38,70,71,69,39,16,0,0,20,58,0,0,0,0,0,0,0,0,0,0,1,21,0
l11,12=60,78,75,44,49,44,80,2,81,78,79,0,87,84,84,0,76,41,82,52,77,17,0,59,61,65,64,35,0,0,35,40,0,0,0,0,0,0,0,0,0,0,0,14,0
l12,12=78,83,75,48,66,77,80,4,73,78,82,81,0,82,78,0,78,49,79,72,76,37,56,58,71,70,57,24,0,0,30,0,0,0,0,0,0,0,0,0,0,0,20,0,0
l13,12=80,81,76,72,79,78,65,0,81,81,85,86,88,0,79,0,78,4,81,66,59,0,59,61,62,60,62,33,0,0,18,3,0,0,0,0,0,0,0,0,0,0,0,11,0
l14,12=15,51,46,0,0,25,26,2,83,48,51,61,87,64,0,0,86,53,94,63,99,70,0,69,72,73,79,23,0,0,49,74,0,0,0,0,0,0,1,0,41,25,55,52,30
l15,12=48,53,73,3,47,44,30,2,80,49,83,60,87,79,90,0,0,45,94,65,88,44,47,0,72,63,47,39,0,0,42,56,0,0,0,0,0,0,0,0,0,0,28,46,22
l16,12=3,7,0,41,0,4,36,5,76,17,29,42,71,2,69,0,83,0,61,68,99,0,0,69,55,33,11,5,0,0,58,80,0,6,0,0,0,0,3,36,91,85,27,50,30
l17,12=0,0,50,20,0,33,39,13,81,20,81,59,85,64,91,0,85,90,0,85,92,41,41,76,87,74,46,41,0,0,49,73,0,0,0,0,0,0,4,13,16,4,0,44,0
l18,12=21,41,59,23,0,36,57,1,65,35,47,50,79,51,90,0,84,95,94,0,99,82,79,81,87,83,78,82,0,0,49,62,32,55,0,38,0,0,62,51,80,76,50,51,60
l19,12=0,0,19,0,0,0,19,0,62,31,84,82,86,40,91,0,86,95,94,90,0,68,2,88,89,86,86,77,0,0,72,47,1,63,0,0,0,0,56,35,84,0,63,45,46
l20,12=0,0,18,0,0,0,0,2,61,60,59,62,65,0,73,0,71,0,73,84,74,0,95,91,88,83,67,87,0,0,0,0,65,81,0,64,60,70,78,65,45,0,73,76,68
l21,12=0,0,0,0,0,0,0,0,63,0,47,0,79,73,0,0,74,0,80,90,6,87,0,91,89,85,84,88,0,0,0,0,0,74,0,0,0,0,71,42,0,3,81,0,81
l22,12=0,0,0,0,0,0,0,1,66,60,69,42,70,65,71,0,0,69,81,80,84,86,80,0,89,85,85,87,0,0,0,0,69,84,0,69,69,72,79,77,0,66,77,80,71
l23,12=0,0,0,0,0,20,40,11,57,36,34,39,75,42,52,0,69,36,85,86,91,80,75,91,0,86,86,84,0,0,30,0,61,70,0,69,42,0,71,44,60,64,36,96,78
l24,12=0,0,0,0,0,3,3,7,55,49,55,41,77,43,76,0,68,27,84,90,98,86,67,91,89,0,86,41,0,0,26,46,70,69,0,45,24,0,68,28,67,52,87,83,88
l25,12=0,0,24,0,0,0,0,4,56,32,29,43,61,54,74,0,62,13,67,70,82,64,62,91,89,86,0,62,0,0,2,51,63,32,0,58,61,38,63,47,53,62,87,90,85
l26,12=0,0,0,0,0,0,0,10,64,58,59,64,67,61,72,0,69,68,73,82,72,86,79,91,83,67,72,0,0,0,0,4,75,78,0,75,72,55,78,66,69,69,73,70,75
l27,12=0,4,19,52,19,0,40,3,0,8,8,38,62,24,64,0,62,95,30,43,51,0,0,2,47,31,1,0,0,0,0,89,37,21,0,54,47,67,46,69,95,84,0,7,5
l28,12=0,11,48,25,14,21,0,0,0,1,22,28,0,8,67,0,66,94,59,35,44,0,0,0,0,34,53,0,0,0,89,0,38,0,0,47,53,0,93,38,95,89,0,1,0
l29,12=0,0,0,0,0,0,0,0,0,0,0,0,0,0,0,0,0,0,0,32,0,56,0,72,67,67,61,66,0,0,66,61,0,95,0,87,87,95,93,88,86,88,0,18,6
l30,12=0,0,0,0,0,0,0,0,0,0,0,0,0,0,19,0,0,16,0,30,58,71,47,82,67,69,44,48,0,0,37,0,83,0,0,86,87,95,93,88,93,88,0,5,0
l31,12=0,0,0,0,0,0,0,0,0,0,0,0,0,0,0,0,0,0,0,33,0,58,0,77,77,59,57,77,0,0,76,60,83,95,0,0,87,95,88,82,87,85,32,0,0
l32,12=0,0,0,0,0,0,0,0,0,0,0,0,0,0,0,0,0,0,0,0,0,59,0,71,63,10,62,65,0,0,66,63,83,93,0,87,0,95,93,85,84,87,0,0,0
l33,12=0,0,0,0,0,0,0,0,0,0,0,0,0,0,0,0,0,0,0,0,0,55,0,75,0,0,5,1,0,0,75,0,83,95,0,87,87,0,93,88,89,81,0,0,0
l34,12=0,0,0,0,0,0,0,0,0,0,0,0,0,0,2,0,0,12,14,33,49,67,48,73,68,61,54,79,0,0,66,85,83,95,0,86,87,95,0,92,95,90,0,20,22
l35,12=0,0,0,0,0,0,0,0,0,0,0,0,0,0,0,0,0,26,21,40,49,59,23,83,72,56,63,18,0,0,82,81,83,95,0,86,87,95,93,0,95,90,28,11,0
l36,12=0,0,0,0,0,0,0,0,0,0,0,0,0,5,57,0,0,62,19,42,80,18,0,0,60,75,26,14,0,0,89,76,55,95,0,72,87,88,93,93,0,90,0,0,0
l37,12=0,0,0,0,14,0,0,0,0,0,0,0,0,0,56,0,1,88,17,65,0,1,0,70,68,57,61,24,0,0,82,85,83,95,0,87,87,91,93,93,95,0,0,9,0
l38,12=0,0,0,0,0,0,0,0,0,0,0,0,46,0,81,0,26,40,0,79,74,70,63,82,70,75,83,73,0,0,0,0,0,0,0,22,0,0,0,8,0,0,0,96,86
l39,12=0,0,0,0,0,0,0,0,9,0,9,48,10,31,81,0,75,79,79,79,49,65,0,82,89,75,83,64,0,0,37,42,48,0,0,0,0,0,60,3,0,0,90,0,92
l40,12=0,0,0,0,0,0,0,0,0,0,0,0,3,0,67,0,37,72,0,79,68,67,67,79,84,76,81,76,0,0,16,0,0,0,0,0,0,0,12,0,0,0,85,92,0
l41,12=0,0,0,0,0,0,0,0,51,35,52,0,65,8,80,0,71,79,87,90,91,68,51,88,89,84,84,78,0,0,44,0,0,0,0,0,0,0,62,0,50,67,90,94,93
l42,12=0,0,0,0,0,0,0,0,0,0,0,0,58,0,63,0,14,63,13,84,76,77,66,89,87,82,84,82,0,0,0,0,55,67,0,47,0,0,70,53,0,8,90,94,93
l43,12=0,0,0,0,0,0,0,0,0,0,0,0,54,0,46,0,58,35,38,75,37,69,0,82,86,73,83,68,0,0,0,0,62,31,0,56,0,0,63,0,0,0,85,88,82
l44,12=0,0,0,0,0,0,0,0,0,0,51,0,26,0,65,0,64,0,61,77,72,76,0,82,87,79,80,70,0,0,0,0,66,59,0,0,0,0,0,0,3,0,89,91,79

l0,13=0,91,95,93,97,95,87,66,90,92,53,81,91,93,42,0,37,0,0,40,0,0,0,0,0,0,0,0,0,0,69,15,0,0,0,0,0,0,0,0,0,0,0,0,0
l1,13=93,0,95,95,97,95,87,87,90,90,51,47,91,89,28,0,78,38,0,62,0,0,0,0,0,0,0,0,0,0,71,56,0,0,0,0,0,0,0,0,0,0,0,0,0
l2,13=93,91,0,91,96,94,87,86,90,91,18,87,91,93,19,0,47,36,37,81,76,0,0,0,22,30,56,0,0,0,35,25,0,0,0,0,0,0,0,0,0,0,0,0,0
l3,13=93,91,86,0,97,95,54,77,90,65,13,40,87,87,29,0,39,32,0,40,0,0,0,0,0,0,0,0,0,0,56,47,0,0,0,0,0,0,0,0,1,0,0,0,0
l4,13=93,91,95,95,0,95,87,46,90,92,19,81,76,93,0,0,22,0,0,0,0,0,0,0,0,0,0,0,0,0,68,51,0,0,0,0,0,0,0,0,0,0,0,0,0
l5,13=93,91,87,95,97,0,87,74,90,87,54,53,56,93,19,0,47,36,32,37,57,0,0,0,0,0,0,0,0,0,0,54,0,0,0,0,0,0,0,36,5,0,0,0,0
l6,13=93,91,95,89,96,95,0,90,90,91,52,76,91,93,47,0,82,45,43,81,0,0,0,0,27,0,0,0,0,0,79,0,0,0,0,0,0,0,0,0,0,0,0,0,0
l7,13=86,91,90,89,88,94,87,0,90,92,88,87,91,93,91,0,86,50,82,82,0,7,12,42,74,77,58,7,0,0,7,0,0,0,0,0,0,0,0,0,0,0,0,16,0
l8,13=89,91,94,88,91,94,87,90,0,92,86,87,91,89,89,0,86,39,81,77,53,33,25,4,21,33,69,41,0,0,0,0,0,0,0,0,0,0,0,0,0,0,6,0,0
l9,13=86,86,88,23,85,67,85,81,89,0,88,88,91,93,86,0,86,36,52,81,77,74,0,2,42,42,29,49,0,0,61,46,0,0,0,0,0,0,0,0,0,0,0,0,0
l10,13=39,33,38,81,87,84,33,51,85,92,0,88,91,93,52,0,92,47,65,88,87,0,0,27,29,42,84,46,0,0,80,86,0,0,0,0,0,0,0,0,0,0,0,35,0
l11,13=85,27,90,64,86,92,55,86,90,92,89,0,90,93,87,0,77,0,62,83,75,77,0,1,29,0,81,49,0,0,88,55,0,0,0,0,0,0,0,0,0,0,1,35,0
l12,13=39,86,83,81,85,52,85,86,85,90,92,88,0,93,87,0,88,44,85,81,86,27,13,13,28,46,52,40,0,0,80,0,0,0,0,0,0,0,0,0,0,0,25,19,0
l13,13=61,57,90,83,87,68,85,88,85,92,92,88,91,0,87,0,89,32,88,78,75,48,60,3,28,42,68,38,0,0,0,48,0,0,0,0,0,0,0,0,0,0,0,33,0
l14,13=37,33,0,3,10,42,27,25,86,90,31,30,63,75,0,0,92,57,91,98,100,44,5,12,32,45,91,42,0,0,95,94,10,0,0,0,0,0,1,0,48,77,84,37,23
l15,13=37,37,23,27,25,57,56,49,85,90,92,64,91,90,99,0,0,6,91,96,95,31,29,24,40,55,21,47,0,0,82,90,0,0,0,0,0,0,0,0,22,1,47,1,24
l16,13=0,33,0,2,0,49,6,0,50,64,27,0,63,34,58,0,29,0,71,100,100,0,0,9,12,18,8,21,0,0,100,99,0,20,0,0,0,6,20,55,60,95,0,13,30
l17,13=0,0,0,0,0,35,22,28,82,86,31,18,75,83,99,0,92,69,0,100,100,32,28,29,32,38,35,26,0,0,86,94,0,5,0,0,0,0,0,46,47,47,51,37,0
l18,13=31,26,10,3,0,30,31,8,47,66,33,29,64,64,97,0,91,98,89,0,100,96,88,71,27,47,97,90,0,0,97,94,3,39,0,0,0,0,19,52,59,66,78,30,27
l19,13=0,0,21,0,0,28,1,0,67,83,53,7,76,72,99,0,92,98,91,100,0,85,32,51,92,98,96,84,0,0,96,89,0,23,0,0,0,0,35,52,63,88,85,55,29
l20,13=0,0,0,0,0,0,0,16,46,77,0,71,67,63,80,0,77,21,67,99,84,0,97,89,91,96,89,92,0,0,0,8,78,78,0,69,47,73,81,36,1,49,79,20,81
l21,13=0,0,0,0,0,0,0,45,80,0,0,0,83,86,74,0,86,0,79,96,86,97,0,87,91,91,94,92,0,0,0,0,79,69,0,45,0,0,77,0,0,0,84,30,86
l22,13=0,0,0,0,0,0,0,72,76,73,74,27,73,74,50,0,77,71,71,98,87,96,89,0,92,98,97,93,0,0,0,56,74,80,0,79,80,71,78,80,19,67,79,90,74
l23,13=0,0,0,0,0,0,24,63,53,79,70,27,83,72,82,0,81,49,86,71,99,96,94,90,0,98,98,90,0,0,63,66,77,75,0,77,22,2,85,65,44,79,93,97,90
l24,13=0,0,2,0,0,0,0,44,63,75,70,0,88,79,96,0,89,49,87,99,99,96,83,90,92,0,98,90,0,0,55,68,81,81,0,73,49,0,65,44,82,62,93,96,92
l25,13=0,0,8,0,0,0,0,20,72,62,38,49,60,63,93,0,41,34,52,99,94,89,85,89,92,98,0,73,0,0,65,35,80,0,0,74,56,22,0,42,42,69,93,96,91
l26,13=0,0,0,0,0,0,0,39,67,71,68,69,76,67,72,0,81,74,68,99,76,96,96,89,91,92,77,0,0,0,65,0,89,90,0,90,80,69,93,83,69,0,77,89,83
l27,13=29,28,0,1,58,0,27,1,0,50,26,24,61,0,42,0,27,98,68,96,92,0,0,0,14,13,27,9,0,0,0,100,54,73,0,73,10,4,25,59,69,58,0,0,0
l28,13=8,28,0,31,56,50,0,1,0,46,26,26,35,58,42,0,29,60,71,97,79,0,0,9,24,26,9,0,0,0,100,0,0,81,0,81,15,8,32,51,62,87,21,10,7
l29,13=0,0,0,0,0,0,0,0,0,0,0,0,0,0,15,0,0,0,0,2,0,68,35,24,70,79,82,85,0,0,79,0,0,92,0,92,93,95,94,96,90,63,0,23,0
l30,13=0,0,0,0,0,0,0,0,0,0,0,0,0,0,10,0,0,29,38,55,27,85,51,80,78,71,0,51,0,0,52,53,90,0,0,92,83,60,94,96,91,92,0,8,0
l31,13=0,0,0,0,0,0,0,0,0,0,0,0,0,0,0,0,0,0,0,0,0,67,15,72,70,59,79,79,0,0,72,80,90,92,0,0,93,95,92,80,85,88,0,0,0
l32,13=0,0,0,0,0,0,0,0,0,0,0,0,0,0,0,0,0,3,0,0,0,68,0,67,36,64,76,59,0,0,59,80,90,87,0,92,0,95,93,96,86,93,0,0,0
l33,13=0,0,0,0,0,0,0,0,0,0,0,0,0,0,0,0,0,25,0,0,0,72,0,67,0,0,73,69,0,0,25,76,90,87,0,92,93,0,93,88,84,73,0,0,0
l34,13=0,0,0,0,0,0,0,0,0,0,0,0,0,0,13,0,0,30,8,80,53,90,63,85,84,74,0,57,0,0,57,93,90,92,0,92,93,95,0,96,98,96,0,23,41
l35,13=0,0,0,0,0,33,0,0,0,0,0,0,0,0,0,0,0,34,52,91,71,45,0,80,27,26,26,44,0,0,84,55,90,92,0,89,93,82,94,0,98,96,20,10,0
l36,13=0,0,0,0,0,30,0,0,0,0,0,0,5,0,32,0,8,34,49,97,86,0,0,10,29,32,28,31,0,0,100,100,90,92,0,90,15,36,94,96,0,96,1,0,0
l37,13=0,0,0,0,42,0,0,0,0,0,0,0,0,0,53,0,2,96,46,89,67,60,0,24,78,26,26,0,0,0,90,94,81,92,0,92,93,22,94,96,98,0,22,8,0
l38,13=0,0,0,0,0,0,0,0,0,0,0,0,31,0,82,0,9,0,43,92,71,54,25,79,91,93,97,60,0,0,0,43,0,0,0,0,0,0,0,37,0,45,0,97,92
l39,13=0,0,0,0,0,0,0,3,0,0,10,8,42,62,90,0,0,55,56,93,73,0,0,85,91,93,97,71,0,0,0,68,50,0,0,0,0,0,2,26,0,0,93,0,92
l40,13=0,0,0,0,0,0,0,0,0,0,0,0,0,0,77,0,24,84,0,87,80,84,82,77,87,93,95,85,0,0,0,4,0,0,0,0,0,0,32,0,0,0,93,96,0
l41,13=0,0,0,0,0,0,0,0,0,0,47,0,72,46,90,0,49,97,89,99,100,82,20,84,92,97,90,89,0,0,61,42,60,11,0,0,0,0,35,0,40,78,95,98,93
l42,13=0,0,0,0,0,0,0,0,0,0,0,0,0,0,90,0,0,0,0,99,63,90,79,89,92,95,97,88,0,0,0,0,51,71,0,48,0,0,37,21,0,0,95,98,93
l43,13=0,0,0,0,0,0,0,0,0,0,0,0,27,0,71,0,69,0,60,82,74,83,67,75,89,92,96,86,0,0,0,0,41,0,0,0,57,0,62,19,0,0,93,94,0
l44,13=0,0,0,0,0,0,0,0,0,0,0,0,33,0,84,0,67,5,65,90,76,94,66,84,91,94,92,77,0,0,0,0,3,65,0,0,0,0,0,19,58,41,93,96,92

l0,14=0,100,100,100,97,75,100,100,64,73,94,55,89,84,93,0,0,36,69,24,0,0,0,0,0,0,0,0,0,0,63,0,0,0,0,0,0,0,0,0,0,0,0,0,0
l1,14=99,0,100,100,97,96,100,100,98,79,94,62,100,89,0,0,98,29,73,69,0,0,0,0,0,0,0,0,0,0,0,58,0,0,0,0,0,0,0,0,0,0,0,0,0
l2,14=99,100,0,36,97,96,100,100,98,100,94,100,97,89,100,0,90,31,75,70,0,0,0,0,0,44,85,0,0,0,62,0,0,0,0,0,0,0,0,0,0,0,0,0,0
l3,14=83,100,64,0,97,96,100,100,55,55,94,0,61,63,75,0,86,0,62,0,0,0,0,0,0,0,0,0,0,0,63,44,0,0,0,0,0,0,0,0,0,0,0,0,0
l4,14=99,100,100,100,0,89,100,100,64,79,94,55,97,89,100,0,90,31,72,0,0,0,0,0,0,0,0,0,0,0,65,61,0,0,0,0,0,0,0,0,0,0,0,0,0
l5,14=99,100,100,100,97,0,100,100,43,79,94,63,97,100,99,0,79,29,71,68,0,0,0,0,0,0,0,0,0,0,65,71,0,0,0,0,0,0,0,1,57,0,0,0,0
l6,14=98,100,100,62,59,96,0,100,97,79,94,55,97,89,0,0,98,10,81,71,0,0,0,0,0,0,0,0,0,0,65,27,0,0,0,0,0,0,0,0,0,0,0,0,0
l7,14=99,100,100,100,97,96,100,0,98,100,100,100,100,100,100,0,98,0,100,92,91,0,0,94,80,44,94,0,0,0,0,0,0,0,0,0,0,0,0,0,0,0,0,0,0
l8,14=99,100,100,100,97,72,100,100,0,100,99,100,100,89,100,0,98,30,94,73,0,26,0,96,84,48,99,62,0,0,54,0,0,0,0,0,0,0,0,0,0,0,0,68,0
l9,14=89,85,100,26,97,96,100,99,98,0,100,100,100,100,100,0,98,57,0,100,46,25,0,59,100,52,72,93,0,0,32,0,0,0,0,0,0,0,0,0,0,0,0,0,0
l10,14=99,77,64,63,97,96,100,100,98,100,0,100,100,100,98,0,98,59,100,70,62,39,0,99,99,100,100,43,0,0,70,44,0,0,0,0,0,0,0,0,91,0,89,38,1
l11,14=99,100,100,0,97,96,100,100,98,100,100,0,100,100,100,0,98,40,100,100,97,36,0,62,88,50,97,86,0,0,0,58,0,0,0,0,0,0,0,0,0,1,0,53,0
l12,14=79,100,100,61,97,95,100,100,98,100,100,100,0,100,100,0,98,35,100,100,60,22,88,91,100,100,93,0,0,0,52,53,0,0,0,0,0,0,0,0,0,0,0,92,0
l13,14=97,97,71,63,97,96,100,100,78,100,100,100,100,0,100,0,98,29,100,68,57,18,0,0,100,100,73,33,0,0,34,57,0,0,0,0,0,0,0,0,0,0,0,55,0
l14,14=37,0,61,11,94,94,0,58,75,97,77,62,61,71,0,0,98,57,100,99,100,7,0,62,99,98,98,62,0,0,99,59,0,34,0,0,0,0,0,38,91,60,39,100,64
l15,14=4,76,48,50,76,94,61,62,76,100,100,64,100,72,100,0,0,45,100,70,63,63,0,93,76,99,98,100,0,0,99,60,0,0,0,0,0,0,40,1,0,0,0,35,46
l16,14=65,30,13,0,96,68,0,0,60,99,97,28,48,44,100,0,74,0,90,100,63,9,0,98,60,60,77,92,0,0,100,61,20,42,0,41,0,0,0,86,98,54,58,95,34
l17,14=33,14,33,38,94,94,60,64,98,0,98,99,100,99,100,0,98,100,0,100,100,0,63,63,99,99,79,62,0,0,68,99,0,42,0,0,0,0,66,2,49,65,61,61,56
l18,14=14,43,41,0,0,66,35,43,75,99,97,63,98,44,99,0,97,100,100,0,99,97,98,98,99,98,99,98,0,0,99,62,55,1,0,38,0,0,98,85,97,86,98,100,64
l19,14=2,0,0,0,0,23,0,58,1,73,97,62,61,71,100,0,98,100,100,100,0,62,2,98,100,100,99,98,0,0,99,59,0,0,0,0,0,0,0,99,97,87,98,100,64
l20,14=0,0,0,0,0,0,0,0,79,88,78,93,78,56,72,0,97,55,0,97,91,0,99,98,99,98,98,99,0,0,0,0,96,98,0,81,92,92,98,93,0,90,93,0,94
l21,14=0,0,0,0,0,0,0,20,0,0,0,0,98,0,64,0,0,0,99,97,33,100,0,98,99,98,98,99,0,0,0,0,97,0,0,0,2,0,88,0,0,0,8,0,95
l22,14=0,0,0,0,0,0,0,89,94,85,97,65,92,0,92,0,97,91,99,97,98,97,95,0,100,98,98,100,0,0,0,53,92,93,0,89,97,89,92,92,79,0,98,94,76
l23,14=0,0,0,0,0,0,0,47,73,97,97,74,98,97,99,0,74,98,99,97,98,97,98,99,0,100,100,98,0,0,87,95,98,98,0,98,89,93,98,87,0,98,98,100,99
l24,14=0,0,27,0,0,0,24,50,67,91,97,57,98,88,99,0,97,52,99,97,99,99,98,99,100,0,100,99,0,0,92,54,87,99,0,0,97,0,97,97,96,93,98,100,99
l25,14=0,0,11,0,0,0,0,85,97,82,97,98,98,66,99,0,97,98,97,97,98,97,98,99,100,100,0,98,0,0,0,0,98,97,0,97,97,88,98,99,94,83,98,100,99
l26,14=0,0,0,0,0,0,0,4,93,95,84,96,0,90,97,0,96,85,95,97,94,97,98,99,99,98,98,0,0,0,83,0,98,99,0,97,94,95,97,95,83,87,98,97,99
l27,14=66,0,17,51,97,69,35,0,43,82,94,0,45,35,65,0,77,100,81,71,63,0,0,0,52,24,0,69,0,0,0,100,58,62,0,59,60,98,100,87,100,89,1,64,0
l28,14=0,29,0,9,96,96,1,3,0,0,70,24,48,35,100,0,90,59,81,70,63,0,0,84,60,24,0,0,0,0,100,0,44,40,0,63,61,82,98,100,100,89,0,20,0
l29,14=0,0,0,0,0,0,0,0,0,0,0,0,0,0,0,0,0,44,0,81,0,89,79,83,95,88,94,99,0,0,93,86,0,100,0,99,100,100,100,100,100,100,0,82,0
l30,14=0,0,0,0,0,0,0,0,0,0,0,0,0,0,54,0,0,77,78,5,0,92,0,91,60,61,70,99,0,0,89,84,100,0,0,99,100,100,100,100,100,100,0,63,63
l31,14=0,0,0,0,0,0,0,0,0,0,0,0,0,0,0,0,0,41,0,50,0,46,0,77,86,0,79,91,0,0,77,81,100,100,0,0,100,100,100,88,95,100,0,0,0
l32,14=0,0,0,0,0,0,0,0,0,0,0,0,0,0,0,0,0,0,0,0,0,83,0,97,81,76,95,90,0,0,85,92,100,100,0,99,0,100,100,100,83,100,0,2,0
l33,14=0,0,0,0,0,0,0,0,0,0,0,0,0,0,0,0,0,0,0,0,0,77,0,74,86,0,81,93,0,0,87,45,100,90,0,99,100,0,88,89,93,87,0,0,0
l34,14=0,0,0,0,0,0,0,0,0,0,0,0,0,0,0,0,7,0,62,96,0,95,68,95,58,55,72,99,0,0,99,72,100,100,0,99,100,100,0,100,100,100,0,0,0
l35,14=0,0,0,0,0,43,0,0,0,0,0,0,0,0,58,0,2,99,41,91,98,90,0,96,54,56,75,98,0,0,99,99,100,99,0,61,100,99,100,0,100,100,1,90,0
l36,14=0,0,0,0,26,63,0,0,0,0,83,0,0,0,64,0,0,100,71,100,61,0,0,82,0,60,77,91,0,0,100,61,100,100,0,99,60,100,100,100,0,100,0,86,0
l37,14=0,0,0,0,76,0,0,0,0,0,0,5,0,0,60,0,0,98,73,93,53,54,0,0,60,56,63,86,0,0,100,100,100,100,0,99,100,88,100,100,100,0,77,78,0
l38,14=0,0,0,0,0,0,0,0,0,0,77,0,0,0,95,0,0,42,91,95,94,95,0,95,99,98,98,95,0,0,0,0,0,0,0,0,0,0,0,0,0,7,0,100,99
l39,14=0,0,0,0,0,0,0,0,5,0,0,41,84,54,97,0,83,46,95,96,94,0,0,93,98,98,98,92,0,0,63,0,52,0,0,0,0,0,0,67,84,8,98,0,99
l40,14=0,0,0,0,0,0,0,0,0,0,0,0,0,0,97,0,93,93,91,96,95,94,75,90,98,97,97,96,0,0,0,0,0,24,0,0,0,0,0,0,0,0,98,100,0
l41,14=0,0,0,0,0,0,0,0,0,79,96,39,98,0,99,0,97,98,99,97,99,65,19,98,99,98,98,98,0,0,56,0,83,42,0,0,0,0,0,4,77,96,98,100,99
l42,14=0,0,0,0,0,0,0,0,0,0,0,0,64,0,99,0,94,0,98,97,0,97,97,98,99,98,98,98,0,0,0,0,65,4,0,0,53,0,0,0,0,0,98,100,99
l43,14=0,0,0,0,0,0,0,0,0,0,0,0,0,0,0,0,0,85,82,85,85,95,2,94,97,96,98,95,0,0,0,0,84,88,0,69,86,0,85,87,0,0,98,100,98
l44,14=0,0,0,0,0,0,0,0,0,0,0,0,95,0,97,0,93,45,94,96,92,97,88,95,99,98,98,94,0,0,0,0,30,74,0,0,1,0,0,0,19,1,98,100,99

l0,15=0,100,63,100,100,79,66,100,100,73,73,100,100,66,71,0,100,29,53,48,0,0,0,0,0,0,0,0,0,0,84,98,0,0,0,0,0,0,0,0,0,0,0,0,0
l1,15=100,0,97,100,100,100,94,100,100,73,73,100,100,100,12,0,100,98,99,76,0,0,0,0,0,0,0,0,0,0,85,0,0,0,0,0,0,0,0,0,0,0,0,0,0
l2,15=100,100,0,100,100,100,98,100,100,100,73,100,100,68,75,0,100,60,89,76,1,0,0,0,0,77,0,0,0,0,85,7,0,0,0,0,0,0,0,0,0,0,0,0,0
l3,15=100,100,63,0,100,100,66,100,100,73,73,100,100,54,70,0,37,59,57,1,0,0,0,0,0,0,0,0,0,0,81,100,0,0,0,0,0,0,0,0,0,0,0,0,0
l4,15=100,100,58,100,0,100,66,100,100,67,70,100,66,66,66,0,62,59,56,53,0,0,0,0,0,0,0,0,0,0,85,0,0,0,0,0,0,0,0,0,0,0,0,0,0
l5,15=100,100,97,100,100,0,98,100,54,73,73,100,100,98,75,0,62,0,89,51,55,0,0,0,0,0,0,0,0,0,84,100,0,0,0,0,0,0,0,0,88,0,0,0,0
l6,15=100,82,63,100,100,100,0,100,100,73,73,100,100,67,56,0,100,60,63,55,2,94,0,0,0,0,0,0,0,0,81,0,0,0,0,0,0,0,0,0,0,0,0,0,0
l7,15=100,100,97,100,100,100,98,0,100,100,100,100,100,100,100,0,100,94,99,100,99,99,0,71,0,94,93,94,0,0,0,82,0,0,0,0,0,0,0,0,0,0,0,0,0
l8,15=100,99,97,100,100,76,98,100,0,82,99,100,100,100,100,0,98,58,99,76,69,97,0,68,72,75,94,61,0,0,0,97,0,0,0,0,0,0,0,0,0,0,44,0,0
l9,15=100,100,97,100,100,100,98,100,100,0,100,100,100,100,95,0,62,60,99,100,28,98,0,97,47,78,62,77,0,0,0,0,0,0,0,0,0,0,0,0,0,0,26,79,0
l10,15=81,95,77,83,58,100,96,94,100,100,0,100,100,100,98,0,62,59,99,99,50,61,0,96,94,76,61,58,0,0,0,0,0,0,0,0,0,0,0,0,56,0,58,83,93
l11,15=100,100,97,59,100,100,98,100,100,100,100,0,100,100,99,0,100,59,99,100,99,99,0,2,93,74,61,47,0,0,35,96,0,0,0,0,0,0,0,0,0,9,40,77,0
l12,15=100,100,66,100,60,100,98,100,59,100,100,100,0,100,94,0,100,59,99,100,98,99,98,72,96,98,62,55,0,0,82,89,0,0,0,0,0,0,0,0,0,0,42,81,0
l13,15=100,100,97,59,100,100,98,100,100,100,100,100,100,0,93,0,100,59,88,99,0,96,30,34,93,75,43,60,0,0,57,96,0,0,0,0,0,0,0,0,0,0,0,0,0
l14,15=41,0,69,45,26,100,41,88,58,61,96,99,66,59,0,0,100,59,99,100,98,61,0,99,95,78,62,60,0,0,98,99,0,49,0,0,0,0,0,20,34,47,59,90,47
l15,15=81,99,79,14,60,100,98,88,58,40,96,100,100,59,100,0,0,59,99,100,99,99,98,99,95,78,62,61,0,0,56,100,0,69,0,0,0,0,21,4,59,6,59,90,97
l16,15=1,91,79,45,37,0,85,88,31,61,96,76,43,37,100,0,62,0,99,100,99,99,0,61,64,66,62,53,0,0,100,100,64,61,0,37,0,0,56,62,62,63,59,59,61
l17,15=61,88,74,47,46,99,65,100,100,61,100,100,100,59,100,0,100,98,0,100,99,99,81,59,96,98,62,51,0,0,99,99,0,1,0,0,0,0,0,0,64,51,59,90,13
l18,15=42,76,61,0,27,34,62,88,58,61,96,99,66,56,99,0,62,98,99,0,98,99,98,99,95,97,95,61,0,0,96,99,0,48,0,0,0,0,80,97,92,50,59,98,97
l19,15=0,0,1,0,0,57,66,85,50,34,74,99,66,0,100,0,100,98,99,100,0,83,11,99,95,98,95,26,0,0,84,99,13,0,0,0,0,0,62,83,76,53,48,89,86
l20,15=0,0,0,0,0,0,59,91,62,65,15,76,81,55,54,0,79,63,95,99,83,0,99,99,92,98,91,100,0,0,0,0,84,96,0,0,70,62,95,75,5,49,94,75,76
l21,15=0,0,0,0,0,0,0,48,0,1,0,0,96,75,0,0,89,0,97,100,18,100,0,98,95,97,95,100,0,0,0,0,92,0,0,0,58,0,29,0,0,0,92,93,89
l22,15=0,0,0,0,0,0,0,73,58,44,81,16,80,24,73,0,80,40,76,100,76,99,81,0,96,98,96,100,0,0,0,0,84,66,0,52,73,58,68,60,55,28,99,76,76
l23,15=0,0,0,0,0,0,0,0,77,41,81,79,83,75,80,0,84,80,84,88,80,79,84,99,0,98,96,84,0,0,71,81,85,84,0,82,66,72,3,81,17,40,81,80,84
l24,15=0,0,33,0,0,0,0,74,46,52,87,76,85,84,81,0,81,44,86,89,81,83,81,99,96,0,96,84,0,0,78,77,84,79,0,74,74,0,52,81,75,80,81,80,82
l25,15=0,0,0,0,0,0,0,54,83,41,81,53,82,22,79,0,80,74,84,100,92,76,81,99,96,98,0,99,0,0,17,0,84,77,0,73,73,68,65,80,70,30,98,98,55
l26,15=0,0,0,0,0,0,0,85,82,93,72,52,73,90,89,0,88,44,50,99,1,99,98,99,95,95,95,0,0,0,0,1,98,92,0,55,0,84,91,83,82,35,98,87,96
l27,15=51,89,78,57,37,62,83,0,0,0,0,66,43,35,95,0,59,98,89,100,99,0,0,0,61,76,25,0,0,0,0,100,8,37,0,70,97,95,56,98,93,63,0,59,0
l28,15=51,0,0,58,0,62,0,87,56,0,0,76,42,35,95,0,62,98,89,100,99,0,0,0,64,77,0,0,0,0,100,0,66,62,0,70,99,99,79,62,93,63,0,45,0
l29,15=0,0,0,0,0,0,0,0,0,0,0,0,0,0,0,0,0,82,0,0,0,95,81,99,96,86,96,100,0,0,17,100,0,100,0,99,99,99,100,100,100,100,93,63,36
l30,15=0,0,0,0,0,0,0,0,0,0,0,0,0,0,93,0,79,91,72,89,0,99,0,61,65,94,95,99,0,0,48,98,100,0,0,99,99,99,100,100,100,100,0,55,57
l31,15=0,0,0,0,0,0,0,0,0,0,0,0,0,0,0,0,0,51,0,0,0,0,0,80,90,89,90,65,0,0,88,93,100,100,0,0,99,99,100,100,100,100,49,0,53
l32,15=0,0,0,0,0,0,0,0,0,0,0,0,0,0,0,0,0,0,0,0,0,90,16,99,68,90,95,0,0,0,88,95,100,100,0,99,0,99,100,100,100,100,0,0,51
l33,15=0,0,0,0,0,0,0,0,0,0,0,0,0,0,0,0,0,0,0,0,0,90,0,91,84,0,90,97,0,0,88,92,100,95,0,99,99,0,90,93,95,97,0,0,0
l34,15=0,0,0,0,0,0,0,0,0,0,0,0,0,0,0,0,16,83,0,100,94,99,0,61,28,73,95,99,0,0,99,99,100,100,0,99,99,99,0,100,100,100,88,0,57
l35,15=0,0,0,0,0,0,0,0,0,0,0,0,0,0,89,0,15,98,0,100,98,99,0,58,64,85,84,61,0,0,100,100,100,100,0,99,99,99,100,0,100,100,18,52,24
l36,15=0,0,0,0,0,59,0,0,0,0,60,0,0,0,93,0,60,98,89,100,98,7,0,61,60,77,62,61,0,0,100,100,65,100,0,90,99,99,100,100,0,100,0,0,0
l37,15=0,0,0,0,0,0,0,0,0,0,0,10,0,0,87,0,11,98,82,93,99,78,0,42,60,97,57,53,0,0,100,100,100,100,0,99,99,99,100,100,100,0,15,0,0
l38,15=0,0,0,0,0,0,0,0,6,0,58,21,32,0,62,0,58,53,94,94,64,89,52,87,95,94,94,95,0,0,0,0,55,0,0,20,0,0,25,0,0,0,0,98,97
l39,15=0,0,0,0,0,0,0,0,0,14,49,41,37,0,73,0,73,43,77,86,73,66,51,63,89,75,83,73,0,0,54,16,51,41,0,0,0,0,0,3,0,0,99,0,84
l40,15=0,0,0,0,0,0,0,0,0,0,51,0,0,0,34,0,71,74,11,83,73,74,49,64,94,77,53,83,0,0,0,0,1,39,0,31,10,0,38,0,0,0,98,98,0
l41,15=0,0,0,0,0,0,0,30,34,17,62,53,57,78,80,0,80,84,86,85,81,75,7,74,95,88,84,84,0,0,47,0,47,59,0,39,0,0,0,0,0,4,88,99,84
l42,15=0,0,0,0,0,0,0,0,0,0,0,0,36,0,61,0,43,61,62,85,0,76,55,79,95,80,79,81,0,0,0,0,37,28,0,9,55,0,39,0,1,0,98,79,97
l43,15=0,0,0,0,0,0,0,0,0,0,0,0,0,0,56,0,0,51,49,61,64,58,0,71,82,77,91,59,0,0,0,0,0,51,0,45,52,0,37,51,3,3,96,97,91
l44,15=0,0,0,0,0,0,0,0,0,0,0,0,0,0,58,0,61,0,35,83,56,76,55,71,95,78,95,80,0,0,0,0,48,60,0,0,53,0,0,0,9,0,98,97,97

