l0,0=0,92,98,96,98,95,88,98,92,95,67,66,95,96,37,0,89,0,79,70,0,0,0,0,0,0,0,0,0,0,82,75,0,0,0,0,0,0,0,0,45,0,0,0,0
l1,0=99,0,97,96,54,95,90,99,98,93,52,94,87,96,27,0,28,65,76,53,2,0,0,0,0,40,0,0,0,0,78,68,0,0,0,0,0,0,0,0,0,0,0,0,0
l2,0=99,92,0,96,54,95,90,100,98,93,67,94,95,96,73,0,89,79,67,77,81,0,0,0,0,2,63,0,0,0,48,53,0,0,0,0,0,0,0,0,0,0,0,0,0
l3,0=96,92,93,0,98,88,76,53,94,90,53,66,92,92,63,0,86,87,0,0,0,0,0,0,0,0,0,0,0,0,82,75,0,0,0,0,0,0,0,0,53,0,0,0,0
l4,0=99,88,89,96,0,95,72,52,91,93,66,38,92,92,28,0,48,0,0,0,0,0,0,0,0,0,0,0,0,0,81,71,0,0,0,0,0,0,0,0,0,0,0,0,0
l5,0=99,92,99,94,98,0,87,63,91,58,51,66,96,95,0,0,52,55,82,0,24,0,0,0,0,0,0,0,0,0,64,52,0,0,0,0,0,0,0,0,59,39,0,0,0
l6,0=96,92,99,96,47,95,0,100,98,95,67,66,96,96,29,0,54,63,82,62,47,0,0,0,0,4,0,0,0,0,80,9,0,0,0,0,0,0,0,0,0,0,0,0,0
l7,0=99,92,99,96,98,95,90,0,98,95,88,94,96,96,93,0,89,0,92,93,96,2,67,80,57,82,75,0,0,0,57,0,0,0,0,0,0,0,0,0,0,0,0,4,0
l8,0=93,92,99,96,90,95,90,100,0,95,87,94,96,96,54,0,83,68,86,87,50,2,48,29,7,67,75,68,0,0,15,0,0,0,0,0,0,0,0,0,0,0,0,1,0
l9,0=98,92,94,91,93,92,89,96,98,0,88,94,96,96,87,0,89,52,84,38,48,36,0,10,38,69,58,0,0,0,42,56,0,0,0,0,0,0,0,0,0,0,0,18,0
l10,0=61,57,91,0,36,34,67,92,87,94,0,87,96,48,13,0,89,58,86,87,54,23,42,3,40,84,74,68,0,0,13,50,0,0,0,0,0,0,0,0,20,0,22,1,0
l11,0=95,92,92,92,18,95,89,93,98,95,88,0,96,96,82,0,89,62,34,84,84,15,3,0,37,48,60,62,0,0,0,30,0,0,0,0,0,0,0,0,0,0,29,11,0
l12,0=85,67,91,76,42,95,89,92,92,94,88,94,0,96,84,0,89,66,79,87,89,0,6,9,24,67,74,65,0,0,47,49,0,0,0,0,0,0,0,0,0,0,0,34,22
l13,0=94,92,99,90,90,95,89,99,96,95,54,94,96,0,84,0,89,75,87,61,49,40,12,11,0,78,2,0,0,0,43,58,0,0,0,0,0,0,0,0,0,0,3,0,10
l14,0=16,27,43,17,21,1,40,31,33,30,28,74,76,47,0,0,85,66,92,82,99,0,16,2,13,76,63,67,0,0,77,62,0,18,0,0,0,0,0,10,57,23,33,17,28
l15,0=26,25,62,22,0,29,42,92,54,32,88,94,94,96,90,0,0,54,92,39,57,44,3,5,36,85,76,83,0,0,67,34,4,0,0,0,0,0,0,18,36,3,29,1,3
l16,0=0,14,51,28,0,0,20,0,66,0,28,68,79,71,31,0,24,0,92,73,59,0,0,0,51,66,62,0,0,0,89,89,11,6,0,0,0,26,51,17,81,71,36,31,5
l17,0=21,20,43,0,0,28,40,74,69,24,54,53,88,91,93,0,89,89,0,75,60,42,3,1,55,44,73,71,0,0,74,66,0,0,0,0,0,0,0,0,45,66,43,1,5
l18,0=1,18,70,0,0,0,31,77,82,3,52,69,89,36,77,0,20,88,85,0,98,54,38,35,53,88,87,90,0,0,59,48,0,2,0,6,0,0,52,0,73,60,48,52,40
l19,0=0,0,73,0,0,0,33,77,50,7,52,82,93,61,93,0,88,88,91,93,0,45,8,48,86,88,80,64,0,0,86,86,0,3,0,0,0,0,0,21,87,65,38,83,20
l20,0=0,0,0,0,0,0,0,30,56,46,56,19,34,44,27,0,82,0,76,90,73,0,92,98,83,88,87,94,0,0,0,0,59,79,0,90,72,52,84,67,0,55,81,71,66
l21,0=0,0,0,0,0,0,0,27,75,0,71,0,0,0,76,0,53,0,53,74,69,93,0,73,92,64,82,95,0,0,0,0,64,83,0,0,4,0,76,64,0,0,70,0,81
l22,0=0,0,0,0,0,0,0,40,75,69,73,15,7,54,90,0,80,20,57,78,79,91,52,0,92,82,90,94,0,0,0,34,95,90,0,85,81,78,90,63,76,58,13,82,85
l23,0=0,0,0,0,0,0,0,33,6,3,72,44,1,0,4,0,66,61,78,71,75,79,90,99,0,89,90,92,0,0,0,57,71,74,0,0,4,0,80,7,0,57,82,83,92
l24,0=0,12,38,0,0,0,0,57,55,22,83,27,50,45,68,0,87,43,55,89,78,91,69,94,93,0,90,83,0,0,0,51,3,79,0,21,15,56,60,71,54,58,82,83,86
l25,0=0,0,50,0,0,0,2,57,57,18,78,51,63,2,58,0,67,44,69,88,68,82,75,100,93,89,0,89,0,0,46,0,83,74,0,15,51,63,67,65,61,61,82,83,84
l26,0=0,0,0,0,0,0,0,6,14,16,65,51,49,23,62,0,85,3,68,87,40,92,91,98,92,88,87,0,0,0,0,0,80,77,0,97,42,72,93,80,56,48,82,59,92
l27,0=6,39,21,52,4,0,35,51,4,1,4,0,38,21,29,0,29,89,81,58,54,0,0,0,0,0,49,0,0,0,0,89,53,75,0,11,0,34,43,94,70,86,15,0,6
l28,0=7,43,61,45,5,0,1,0,0,5,6,28,46,36,27,0,20,89,68,53,54,0,0,0,17,49,0,0,0,0,89,0,91,84,0,20,8,40,37,83,93,92,0,0,5
l29,0=0,0,0,0,0,0,0,0,0,0,0,0,0,0,0,0,38,35,0,4,0,62,21,99,36,20,87,80,0,0,68,89,0,99,0,100,100,99,96,99,93,92,0,0,0
l30,0=0,0,0,0,0,0,0,0,0,0,0,0,0,0,3,0,0,0,0,0,0,69,25,91,34,68,71,76,0,0,89,81,100,0,0,100,100,99,96,99,93,92,34,8,7
l31,0=0,0,0,0,0,0,0,0,0,0,0,0,0,0,0,0,0,52,0,42,0,78,5,55,1,56,68,87,0,0,76,80,100,99,0,0,100,99,96,99,93,92,31,0,13
l32,0=0,0,0,0,0,0,0,0,0,0,0,0,0,0,0,0,0,0,0,18,0,68,3,89,46,58,71,67,0,0,43,75,100,99,0,100,0,99,96,98,78,80,28,0,0
l33,0=0,0,0,0,0,0,0,0,0,0,0,0,0,0,0,0,0,58,0,0,0,48,0,84,0,60,66,68,0,0,68,76,100,99,0,100,100,0,87,88,84,59,0,0,0
l34,0=0,0,0,0,0,0,0,0,0,0,0,0,0,0,0,0,0,67,0,67,0,83,8,85,50,66,72,90,0,0,86,83,100,99,0,100,100,97,0,99,93,92,30,4,0
l35,0=0,0,0,0,0,0,0,0,0,0,0,0,0,0,5,0,24,61,0,0,39,47,6,11,0,75,78,80,0,0,89,89,100,99,0,79,62,65,96,0,93,92,0,0,0
l36,0=0,0,0,0,0,0,0,0,0,0,4,0,0,0,31,0,24,75,58,67,56,0,0,1,0,68,69,70,0,0,89,89,92,99,0,70,8,54,78,99,0,92,0,0,0
l37,0=0,0,0,0,0,0,0,0,0,0,0,0,0,0,19,0,18,85,77,87,51,40,0,7,17,69,76,53,0,0,89,89,97,99,0,100,59,41,96,99,93,0,29,0,0
l38,0=0,0,0,0,0,0,0,0,0,0,49,33,0,0,60,0,53,39,57,65,52,67,40,41,82,85,80,74,0,0,1,0,0,41,0,5,8,0,52,0,0,9,0,83,92
l39,0=0,0,0,0,0,0,0,0,8,5,37,27,17,0,36,0,49,33,15,57,67,45,2,71,92,81,89,57,0,0,0,0,0,17,0,0,0,0,51,0,0,0,83,0,92
l40,0=0,0,0,0,0,0,0,0,0,0,0,0,25,0,53,0,39,26,11,65,50,49,52,76,92,84,81,89,0,0,46,17,0,24,0,20,0,0,0,0,0,0,82,83,0
l41,0=0,0,0,0,0,0,0,0,0,14,65,12,0,11,31,0,74,73,85,86,93,25,13,91,90,87,81,78,0,0,59,34,0,12,0,0,0,0,0,27,33,0,82,83,91
l42,0=0,0,0,0,0,0,0,0,0,2,25,0,0,0,44,0,13,33,46,53,53,71,60,90,92,86,87,62,0,0,0,0,27,40,0,0,0,0,0,0,7,0,82,83,88
l43,0=0,0,0,0,0,0,0,0,0,0,34,0,0,0,0,0,13,16,45,62,38,69,52,83,90,84,75,75,0,0,0,0,15,34,0,0,0,0,0,0,0,0,81,81,92
l44,0=0,0,0,0,0,0,0,0,0,0,3,23,0,0,58,0,16,26,48,49,42,66,59,73,87,88,84,73,0,0,0,0,29,20,0,16,0,0,0,0,0,0,81,82,92

l0,1=0,94,92,96,91,95,91,93,88,91,85,94,90,91,61,0,51,44,0,61,0,0,0,0,0,0,0,0,0,0,33,0,0,0,0,0,0,0,0,0,0,0,0,0,0
l1,1=96,0,77,93,90,95,92,93,89,91,51,94,68,91,58,0,41,0,68,65,61,0,0,0,0,0,0,0,0,0,44,0,0,0,0,0,0,0,0,0,0,0,0,0,0
l2,1=98,65,0,96,93,95,92,99,92,98,84,95,91,91,73,0,79,79,69,45,63,0,0,0,0,59,0,0,0,0,20,52,0,0,0,0,0,0,0,0,0,0,0,0,0
l3,1=98,60,56,0,93,95,90,89,92,91,80,91,85,91,74,0,78,78,70,0,65,0,0,0,0,0,0,0,0,0,80,69,0,0,0,0,0,0,0,0,22,0,0,0,0
l4,1=98,65,50,96,0,95,90,89,89,91,78,87,89,90,0,0,77,74,0,0,0,0,0,0,0,0,0,0,0,0,80,16,0,0,0,0,0,0,0,0,0,0,0,0,0
l5,1=98,90,72,93,93,0,92,97,90,91,55,58,71,91,69,0,48,28,73,61,0,0,0,0,0,0,0,0,0,0,48,3,0,1,0,0,0,0,0,0,26,16,0,0,0
l6,1=98,94,94,91,87,95,0,99,92,92,85,59,91,91,58,0,46,39,67,64,66,0,0,0,0,0,0,0,0,0,47,7,0,0,0,0,0,0,0,0,0,0,0,0,0
l7,1=98,94,94,84,87,95,92,0,91,98,85,95,91,91,80,0,85,0,61,53,66,51,46,64,2,74,67,31,0,0,19,0,0,0,0,0,0,0,0,0,0,0,0,46,0
l8,1=92,94,94,94,87,95,92,99,0,98,85,95,89,91,83,0,84,66,80,75,10,59,49,65,44,62,71,32,0,0,24,32,0,0,0,0,0,0,0,0,0,0,0,0,0
l9,1=92,94,88,91,87,90,91,99,92,0,85,95,90,92,83,0,83,35,80,55,64,27,0,1,71,2,50,35,0,0,0,23,0,0,0,0,0,0,0,0,0,0,0,0,0
l10,1=90,84,81,50,39,94,90,92,86,91,0,94,91,91,69,0,84,80,80,74,70,29,58,29,31,82,80,70,0,0,42,2,0,4,0,0,0,0,0,0,0,0,38,50,32
l11,1=87,94,88,81,64,94,87,94,92,98,85,0,91,92,83,0,85,41,80,70,71,0,0,4,47,70,70,0,0,0,0,21,0,0,0,0,0,0,0,0,0,0,8,46,0
l12,1=92,49,86,73,86,94,91,90,85,91,85,95,0,92,83,0,84,75,80,74,83,47,0,58,58,75,67,69,0,0,0,5,0,0,0,0,0,0,0,0,0,0,26,0,19
l13,1=92,94,88,89,86,94,90,92,92,98,85,95,91,0,83,0,84,33,80,64,38,42,49,4,52,77,62,53,0,0,8,31,0,0,0,0,0,0,0,0,0,0,20,0,0
l14,1=37,28,39,42,0,20,35,57,67,50,40,68,79,59,0,0,85,66,82,78,85,33,58,64,61,72,43,36,0,0,42,35,0,0,0,0,0,0,19,0,18,14,60,61,60
l15,1=29,30,26,36,31,20,46,71,82,40,85,94,91,91,87,0,0,43,80,73,83,42,29,73,68,79,63,41,0,0,43,0,0,0,0,0,0,0,0,15,16,0,33,41,48
l16,1=11,0,23,57,50,0,6,0,60,59,12,3,39,49,47,0,25,0,75,78,73,9,0,51,61,47,50,57,0,0,51,54,0,60,0,0,49,15,54,47,52,17,19,30,15
l17,1=0,14,24,29,0,21,18,39,68,73,46,51,69,67,87,0,60,47,0,67,85,26,51,64,66,8,70,60,0,0,20,0,0,0,0,0,0,0,0,7,6,16,39,56,59
l18,1=13,19,0,0,0,9,16,15,65,36,42,39,44,51,75,0,40,81,66,0,85,54,39,37,71,75,82,69,0,0,39,37,24,26,0,15,0,0,34,52,30,14,40,66,0
l19,1=0,21,12,0,0,0,28,46,4,62,41,39,50,46,87,0,78,76,82,78,0,51,25,60,68,65,76,64,0,0,38,45,0,63,0,0,0,0,40,0,31,12,39,64,59
l20,1=0,0,0,0,0,0,0,53,61,46,53,0,59,19,44,0,65,32,51,69,64,0,84,75,67,77,78,80,0,0,1,0,59,65,0,50,68,55,50,1,28,36,69,56,63
l21,1=0,0,0,0,0,0,0,15,44,0,64,0,0,35,29,0,67,0,64,64,38,87,0,71,67,71,74,78,0,0,0,0,0,72,0,0,39,0,37,37,0,0,69,57,0
l22,1=0,0,0,0,0,0,0,55,56,0,41,11,43,1,52,0,61,46,54,54,55,80,65,0,73,65,84,84,0,0,0,0,66,66,0,66,57,49,42,41,23,35,62,57,48
l23,1=0,0,0,0,0,0,0,0,43,52,31,35,44,38,57,0,66,66,67,72,68,77,74,80,0,84,84,72,0,0,39,38,40,0,0,40,0,28,43,36,21,47,70,69,68
l24,1=0,0,23,0,0,0,0,63,56,0,69,58,60,54,60,0,70,63,40,70,66,84,66,69,75,0,84,78,0,0,0,52,3,57,0,9,23,6,40,47,19,38,71,58,68
l25,1=0,0,0,0,0,0,0,47,55,43,60,41,48,36,38,0,64,49,62,73,66,79,66,82,75,84,0,81,0,0,0,0,57,48,0,55,55,40,27,29,14,26,70,68,68
l26,1=0,0,0,0,0,0,0,20,44,50,63,0,52,42,45,0,54,51,54,58,57,88,75,82,63,72,78,0,0,0,0,0,54,65,0,66,60,24,51,46,26,32,70,55,65
l27,1=13,24,0,40,53,37,36,3,18,0,39,0,0,0,64,0,44,82,58,70,57,0,0,0,51,0,0,0,0,0,0,87,39,47,0,41,2,8,43,86,91,56,0,0,0
l28,1=0,0,11,8,27,8,4,0,33,44,6,14,6,55,53,0,4,84,0,73,56,0,0,0,54,61,0,0,0,0,89,0,41,46,0,44,65,0,55,78,91,52,0,0,25
l29,1=0,0,0,0,0,0,0,0,0,0,0,0,0,0,0,0,0,0,0,41,0,40,13,80,1,19,77,67,0,0,58,85,0,90,0,94,94,99,83,91,88,94,0,0,0
l30,1=0,0,0,0,0,0,0,0,0,0,0,0,0,0,0,0,0,46,0,41,41,31,34,71,40,54,55,72,0,0,87,71,74,0,0,94,94,96,83,91,89,95,27,30,0
l31,1=0,0,0,0,0,0,0,0,0,0,0,0,0,0,0,0,0,0,0,36,0,21,6,77,48,3,68,81,0,0,74,75,74,90,0,0,94,99,83,84,87,95,0,0,17
l32,1=0,0,0,0,0,0,0,0,0,0,0,0,0,0,0,0,0,52,0,0,0,66,31,65,0,38,64,66,0,0,3,58,74,90,0,94,0,99,83,91,44,88,1,0,0
l33,1=0,0,0,0,0,0,0,0,0,0,0,0,0,0,0,0,0,4,0,0,0,43,0,55,46,0,57,19,0,0,48,0,74,88,0,94,94,0,83,87,84,85,0,0,0
l34,1=0,0,0,0,0,0,0,0,0,0,0,0,0,0,11,0,0,63,0,61,52,74,40,67,57,52,53,77,0,0,66,73,74,90,0,94,94,95,0,91,87,95,0,5,0
l35,1=0,0,0,0,0,0,0,0,0,0,0,0,0,0,0,0,16,33,8,66,0,2,11,59,48,68,38,65,0,0,89,81,74,90,0,51,93,57,83,0,91,95,0,0,0
l36,1=0,0,0,0,0,33,0,0,0,0,0,0,0,0,33,0,30,80,22,70,59,2,0,52,46,33,33,53,0,0,89,87,57,89,0,55,84,61,82,89,0,93,0,14,0
l37,1=0,0,0,0,0,34,0,0,0,0,0,0,0,0,31,0,0,70,54,74,35,10,10,53,68,69,58,60,0,0,89,87,70,90,0,93,86,56,83,91,91,0,0,0,0
l38,1=0,0,0,0,0,0,0,0,0,0,45,12,36,12,56,0,59,45,59,61,53,66,38,65,60,77,67,66,0,0,0,0,0,38,0,0,0,0,0,0,0,0,0,68,74
l39,1=0,0,0,0,0,0,0,35,0,0,24,28,7,0,56,0,50,55,59,70,65,65,61,69,73,66,83,66,0,0,0,0,0,48,0,0,0,0,0,0,10,0,71,0,76
l40,1=0,0,0,0,0,0,0,0,0,0,4,0,0,0,53,0,30,20,60,17,56,52,0,55,60,67,66,69,0,0,0,3,0,0,0,0,0,0,0,0,0,0,70,66,0
l41,1=0,0,0,0,0,0,0,0,0,27,61,40,40,3,75,0,66,61,64,73,66,60,0,76,72,78,77,66,0,0,20,50,0,0,0,5,0,0,23,21,0,0,71,70,73
l42,1=0,0,0,0,0,0,0,0,0,0,0,0,0,0,48,0,47,45,52,54,34,56,58,66,68,73,80,66,0,0,0,0,0,0,0,0,47,0,0,0,0,6,69,68,76
l43,1=0,0,0,0,0,0,0,0,0,0,26,0,0,0,46,0,40,23,0,45,51,61,53,68,67,64,71,63,0,0,0,0,41,47,0,18,0,0,0,0,0,0,69,63,74
l44,1=0,0,0,0,0,0,0,0,0,0,0,0,32,10,47,0,32,37,57,55,60,66,56,55,63,72,73,72,0,0,30,0,33,0,0,0,0,0,0,0,0,0,70,59,74

l0,2=0,92,93,96,91,90,93,90,88,91,68,86,86,89,0,0,58,64,1,54,0,0,0,0,0,0,0,0,0,0,48,58,0,0,0,0,0,0,0,0,0,0,0,0,0
l1,2=91,0,92,92,90,90,93,89,90,90,68,89,86,88,45,0,64,71,70,40,33,0,0,0,0,0,0,0,0,0,71,51,0,0,0,0,0,0,0,0,0,0,0,0,0
l2,2=90,92,0,95,84,90,93,100,94,93,71,90,90,88,48,0,65,73,62,60,0,0,0,7,0,44,0,0,0,0,28,45,0,0,0,0,0,0,0,0,0,0,0,0,0
l3,2=91,92,93,0,91,90,93,91,92,90,71,90,90,88,26,0,0,0,61,12,0,0,0,0,0,0,0,0,0,0,61,52,0,0,0,0,0,0,0,0,0,0,0,0,0
l4,2=91,92,88,96,0,90,93,88,93,90,68,86,87,73,24,0,52,67,58,0,0,0,0,0,0,0,0,0,0,0,70,35,0,0,0,0,0,0,0,0,0,0,0,0,0
l5,2=90,92,93,89,91,0,93,89,94,90,71,86,90,88,48,0,53,59,70,58,0,0,0,0,0,0,0,0,0,0,70,52,0,0,0,0,0,0,0,0,0,0,0,0,0
l6,2=90,92,93,89,87,90,0,97,94,93,70,90,90,92,23,0,69,71,67,0,34,33,0,0,0,0,0,0,0,0,68,56,0,0,0,0,0,0,0,0,0,0,0,0,0
l7,2=87,90,93,76,82,88,93,0,94,93,72,90,90,92,41,0,80,0,73,58,51,0,20,31,50,75,47,0,0,0,0,0,0,0,0,0,0,0,0,0,0,0,0,0,0
l8,2=87,90,93,88,85,88,86,100,0,93,71,90,90,90,80,0,80,26,72,60,0,33,53,35,0,38,35,27,0,0,45,50,0,0,0,0,0,0,0,0,0,0,0,0,0
l9,2=87,90,93,87,83,88,85,99,88,0,73,90,90,92,80,0,66,74,73,52,41,39,6,0,59,50,45,27,0,0,34,46,0,0,0,0,0,0,0,0,0,0,0,39,0
l10,2=73,76,91,70,65,87,67,85,74,89,0,90,90,87,72,0,81,59,73,63,58,0,51,51,51,74,61,45,0,0,35,38,0,0,0,0,0,0,0,0,28,0,40,40,0
l11,2=86,90,92,79,78,87,85,100,94,93,71,0,90,92,80,0,80,62,73,22,55,59,54,3,43,73,47,0,0,0,62,22,0,0,0,0,0,0,0,0,0,0,48,49,0
l12,2=76,85,92,84,82,88,85,84,82,89,73,90,0,92,76,0,80,70,73,56,62,0,49,24,59,65,50,60,0,0,40,37,0,0,0,0,0,0,0,0,0,5,46,0,0
l13,2=86,90,92,84,40,88,85,94,88,93,73,90,90,0,80,0,80,57,66,47,48,0,0,50,46,53,0,0,0,0,42,33,0,0,0,0,0,0,0,0,0,0,0,0,0
l14,2=0,46,51,43,36,51,42,52,75,75,58,90,76,75,0,0,81,76,79,67,79,52,50,60,54,74,64,38,0,0,51,52,0,0,0,0,0,0,32,43,33,2,51,52,54
l15,2=52,54,52,0,37,33,72,80,67,59,73,90,90,85,86,0,0,66,73,62,65,58,63,62,56,73,57,50,0,0,66,49,0,0,0,0,0,0,0,29,36,43,54,51,41
l16,2=50,29,33,0,30,20,50,0,16,66,54,32,77,44,73,0,71,0,76,69,78,42,0,0,63,63,24,16,0,0,84,84,19,52,0,0,0,0,32,39,71,1,46,58,5
l17,2=0,48,37,22,35,34,45,62,64,65,73,90,90,63,86,0,80,75,0,61,79,53,58,58,62,35,0,47,0,0,46,40,0,12,0,0,0,0,0,3,40,33,51,51,56
l18,2=40,1,51,0,0,30,0,51,59,54,51,19,61,48,74,0,58,87,62,0,79,70,58,68,77,74,78,55,0,0,60,56,40,0,0,13,0,3,51,44,40,57,61,53,45
l19,2=0,2,0,0,0,0,20,54,0,58,59,66,68,57,86,0,81,87,79,69,0,62,0,55,68,74,63,65,0,0,43,62,0,35,0,0,0,0,24,0,49,51,64,68,55
l20,2=0,0,0,0,0,0,23,3,49,40,0,60,0,0,49,0,63,40,57,61,54,0,86,73,68,78,67,79,0,0,0,0,60,46,0,58,8,67,52,28,44,45,67,56,69
l21,2=0,0,0,0,0,0,0,1,53,0,49,46,49,0,39,0,64,0,59,55,0,83,0,70,69,73,61,71,0,0,0,0,0,0,0,0,19,0,0,0,6,0,56,61,0
l22,2=0,0,0,0,0,0,0,42,50,0,46,16,41,42,50,0,59,0,54,56,39,75,72,0,74,73,78,78,0,0,16,0,61,67,0,64,67,41,67,44,30,25,68,59,59
l23,2=0,0,0,0,0,0,0,36,0,50,40,34,63,37,40,0,56,68,65,66,60,71,71,82,0,83,78,70,0,0,25,0,51,49,0,41,49,33,57,11,28,65,75,73,78
l24,2=0,0,36,0,0,0,0,61,35,40,64,64,67,41,69,0,70,67,37,64,67,78,75,77,78,0,78,71,0,0,34,38,37,60,0,35,36,5,39,44,49,59,75,70,79
l25,2=0,0,0,0,0,0,0,34,36,38,61,36,44,0,54,0,65,34,0,67,58,71,76,82,78,83,0,68,0,0,0,1,1,57,0,43,72,31,41,0,39,7,74,67,78
l26,2=0,0,0,0,0,0,0,0,47,48,50,29,60,0,37,0,52,38,52,60,59,82,83,82,75,78,72,0,0,0,0,0,60,73,0,64,65,48,73,18,39,46,74,65,69
l27,2=22,74,17,24,75,73,53,0,65,44,50,74,62,54,74,0,74,86,74,69,56,0,0,40,42,54,0,0,0,0,0,84,61,88,0,61,27,74,84,85,93,90,35,10,0
l28,2=55,47,50,21,35,46,44,0,59,57,48,40,48,46,70,0,67,86,63,66,67,0,0,0,3,57,0,0,0,0,89,0,65,80,0,69,46,40,91,75,93,92,0,12,31
l29,2=0,0,0,0,0,0,0,0,0,0,0,0,0,0,0,0,0,5,0,47,1,80,0,81,64,56,40,78,0,0,50,76,0,90,0,90,99,98,95,86,93,95,0,8,0
l30,2=0,0,0,0,0,0,0,0,0,0,0,0,0,0,0,0,0,56,5,0,30,4,4,73,56,56,51,77,0,0,86,80,80,0,0,90,99,98,95,86,93,96,28,5,0
l31,2=0,0,0,0,0,0,0,0,0,0,0,0,0,0,0,0,0,0,0,40,0,61,0,67,58,53,50,76,0,0,63,63,80,90,0,0,99,98,95,85,93,96,45,0,16
l32,2=0,0,0,0,0,0,0,0,0,0,0,0,0,0,0,0,0,0,0,0,0,5,60,78,63,54,71,67,0,0,40,47,80,90,0,90,0,98,95,86,0,89,0,0,0
l33,2=0,0,0,0,0,0,0,0,0,0,0,0,0,0,0,0,0,0,0,0,0,63,0,31,48,0,32,48,0,0,74,41,80,90,0,90,99,0,95,85,92,86,0,0,0
l34,2=0,0,0,0,0,0,0,0,0,0,0,0,0,0,9,0,2,45,0,40,27,24,0,72,65,23,0,72,0,0,85,84,80,90,0,90,99,93,0,86,93,96,30,30,0
l35,2=0,0,0,0,0,0,0,0,0,0,0,0,0,0,33,0,37,56,6,38,2,7,1,60,40,54,23,3,0,0,84,79,80,90,0,79,99,95,95,0,93,96,0,0,0
l36,2=0,0,0,0,0,0,0,0,0,0,31,0,0,0,42,0,60,83,66,62,67,48,30,67,48,72,69,58,0,0,89,84,75,88,0,85,0,90,95,86,0,96,0,0,0
l37,2=0,0,0,0,0,0,0,0,0,0,0,0,45,0,9,0,47,39,45,66,40,51,14,7,70,74,38,39,0,0,89,84,79,90,0,87,93,90,95,86,93,0,40,0,0
l38,2=0,0,0,0,0,0,0,0,0,0,26,32,26,0,45,0,51,42,53,50,47,50,32,59,63,70,59,62,0,0,14,0,11,7,0,31,0,0,9,0,0,31,0,75,78
l39,2=0,0,0,0,0,0,0,0,0,28,24,51,0,0,47,0,58,56,55,54,55,54,58,61,75,71,71,61,0,0,4,0,0,19,0,0,0,0,22,0,0,0,81,0,85
l40,2=0,0,0,0,0,0,0,0,0,0,0,0,0,0,46,0,36,23,55,39,37,55,0,54,71,71,55,56,0,0,0,7,0,0,0,0,0,0,0,0,0,0,79,75,0
l41,2=0,0,0,0,0,0,0,0,2,0,58,34,50,49,67,0,68,68,62,65,36,63,0,65,76,74,64,58,0,0,33,32,0,0,0,0,0,0,44,0,23,0,82,76,75
l42,2=0,0,0,0,0,0,0,0,0,0,0,0,0,0,34,0,46,16,47,44,36,0,53,65,76,72,74,53,0,0,0,0,37,43,0,0,4,4,0,0,0,0,78,75,84
l43,2=0,0,0,0,0,0,0,0,0,0,0,0,0,0,37,0,25,0,48,38,42,67,44,57,63,70,63,63,0,0,0,0,0,0,0,0,0,0,37,0,0,0,75,65,84
l44,2=0,0,0,0,0,0,0,0,0,0,0,0,0,0,34,0,19,1,38,37,41,54,57,62,67,68,62,62,0,0,0,0,1,31,0,0,0,10,39,0,0,0,75,64,78

l0,3=0,98,82,94,57,92,93,71,58,43,0,96,87,97,71,0,0,43,31,15,0,0,0,0,0,0,0,0,0,0,39,47,0,0,0,0,0,0,0,0,0,0,0,0,0
l1,3=92,0,94,94,88,94,94,68,97,42,91,96,86,92,0,0,87,60,51,58,75,0,0,0,49,0,0,0,0,0,49,48,0,0,0,0,0,0,0,0,0,0,0,0,0
l2,3=87,98,0,89,47,90,94,94,97,92,91,96,88,97,81,0,89,60,0,62,1,0,0,0,0,0,24,0,0,0,52,0,0,0,0,0,0,0,0,0,0,0,0,0,0
l3,3=92,98,94,0,88,94,90,70,58,44,91,96,88,95,18,0,89,37,31,54,26,0,0,0,0,0,0,0,0,0,15,48,0,0,0,0,0,0,0,0,0,0,0,0,0
l4,3=92,98,90,94,0,94,94,66,58,43,77,95,79,91,73,0,84,0,51,0,0,0,0,0,0,0,0,0,0,0,11,19,0,0,0,0,0,0,0,0,0,0,0,0,0
l5,3=92,98,94,77,81,0,94,75,58,40,91,96,88,94,74,0,82,41,49,60,0,0,0,0,0,0,0,0,0,0,50,48,0,0,0,0,0,0,0,0,0,0,0,0,0
l6,3=90,98,94,66,47,94,0,73,87,56,87,96,88,97,80,0,89,61,53,16,62,0,0,61,0,45,0,0,0,0,15,0,0,0,0,0,0,0,0,0,0,0,0,0,0
l7,3=90,97,93,87,62,90,90,0,97,92,88,96,88,97,90,0,89,0,54,69,79,0,0,77,48,83,74,2,0,0,0,0,0,0,0,0,0,0,0,0,0,0,0,0,0
l8,3=90,97,94,87,82,90,90,94,0,92,91,96,88,97,90,0,89,46,60,73,80,0,53,64,30,60,62,66,0,0,48,0,0,0,0,0,0,0,0,0,0,0,0,41,0
l9,3=90,97,92,83,81,90,90,94,97,0,91,96,88,97,83,0,89,62,82,64,78,10,0,70,70,75,34,46,0,0,49,17,0,0,0,0,0,0,0,0,0,0,0,0,0
l10,3=0,92,90,75,32,90,81,76,89,92,0,95,88,97,83,0,89,58,86,65,83,47,36,67,48,76,76,66,0,0,38,71,0,0,0,0,0,0,0,0,0,0,0,42,0
l11,3=88,92,91,70,53,90,90,94,97,92,91,0,89,97,83,0,89,61,70,65,84,34,42,65,68,76,58,44,0,0,52,43,0,0,0,0,0,0,0,0,0,0,0,41,0
l12,3=82,87,91,82,37,90,89,89,92,92,91,96,0,97,83,0,89,56,80,61,82,2,44,9,67,62,48,65,0,0,43,31,0,0,0,0,0,0,0,0,0,44,0,33,0
l13,3=90,96,92,82,81,90,90,94,97,92,91,96,88,0,83,0,89,75,53,57,70,19,0,71,63,66,0,0,0,0,43,5,0,0,0,0,0,0,0,0,0,0,0,0,2
l14,3=52,0,67,0,56,68,69,77,96,82,91,95,87,90,0,0,89,93,90,71,98,42,66,66,63,74,80,12,0,0,64,76,0,0,0,0,0,0,14,34,1,0,62,60,60
l15,3=0,79,66,65,43,42,85,86,86,82,91,95,88,95,91,0,0,89,86,68,91,73,72,73,70,73,73,44,0,0,77,61,0,8,0,0,0,0,2,0,49,42,58,58,0
l16,3=10,74,63,4,0,35,79,6,50,59,36,80,69,75,96,0,88,0,67,82,98,25,0,48,63,75,60,33,0,0,96,93,0,45,0,0,0,0,61,50,76,65,38,51,28
l17,3=11,80,0,9,56,43,66,74,87,90,91,93,86,64,96,0,89,64,0,77,95,52,64,70,76,55,38,0,0,0,80,65,0,0,0,0,0,0,0,0,57,55,52,61,43
l18,3=0,49,55,8,0,32,0,59,80,75,51,68,59,57,93,0,50,95,87,0,98,45,75,79,86,78,61,70,0,0,93,57,23,4,0,35,33,1,39,0,40,62,29,57,39
l19,3=0,56,0,0,0,0,40,52,71,58,84,84,80,63,96,0,89,95,90,82,0,53,63,74,80,84,34,77,0,0,87,82,42,0,0,0,0,0,0,33,52,38,62,69,35
l20,3=0,0,0,0,0,0,0,0,0,0,33,30,10,30,46,0,42,27,50,57,66,0,97,87,58,71,46,91,0,0,0,0,65,29,0,17,51,53,55,12,16,0,28,50,44
l21,3=0,0,0,0,0,0,0,0,58,0,16,35,50,0,49,0,42,0,50,62,58,90,0,89,82,68,49,91,0,0,0,0,8,26,0,31,0,4,0,0,11,0,16,57,26
l22,3=0,0,0,0,0,0,3,20,18,15,25,14,2,54,42,0,33,12,36,59,52,55,55,0,83,69,88,92,0,0,15,0,55,37,0,30,84,37,59,21,22,10,30,49,33
l23,3=0,15,0,0,0,0,0,4,3,33,17,33,53,41,46,0,39,23,77,82,78,31,83,86,0,89,88,85,0,0,24,20,46,26,0,32,71,0,48,41,34,68,49,64,54
l24,3=0,0,0,0,0,0,16,38,29,43,60,54,51,48,62,0,38,45,22,78,80,70,58,90,80,0,86,52,0,0,0,20,42,32,0,36,41,30,29,37,40,33,38,76,78
l25,3=0,0,2,0,0,0,0,24,34,10,40,50,57,0,66,0,40,40,22,74,33,43,77,92,86,88,0,69,0,0,0,14,37,34,0,41,85,31,43,17,37,21,39,60,44
l26,3=0,0,0,0,0,0,0,4,31,9,35,14,59,0,21,0,26,24,0,54,60,73,88,92,84,60,46,0,0,0,0,0,51,40,0,55,86,24,54,34,30,27,28,36,41
l27,3=36,70,70,42,53,85,25,0,67,66,44,85,71,62,63,0,81,92,80,82,88,0,0,49,53,0,0,0,0,0,0,93,78,87,0,49,65,47,89,92,94,92,28,42,2
l28,3=51,66,0,48,28,58,0,0,0,9,40,74,64,1,77,0,63,94,76,77,82,0,0,1,54,33,26,0,0,0,96,0,68,89,0,33,84,75,94,93,94,95,18,30,0
l29,3=0,0,0,0,0,0,0,0,0,0,0,0,0,0,0,0,0,0,0,30,30,50,22,85,76,62,38,44,0,0,47,46,0,78,0,99,100,100,90,60,49,94,22,0,3
l30,3=0,0,0,0,0,0,0,0,0,0,0,0,0,0,0,0,6,50,0,7,0,35,40,86,66,57,35,50,0,0,91,89,97,0,0,99,100,98,97,88,64,99,30,0,2
l31,3=0,0,0,0,0,0,0,0,0,0,0,0,0,0,0,0,0,0,0,40,3,23,37,85,68,43,45,48,0,0,33,29,97,95,0,0,100,99,84,53,53,84,7,30,0
l32,3=0,0,0,0,0,0,0,0,0,0,0,0,0,0,0,0,0,0,0,39,0,38,1,87,80,49,47,46,0,0,38,51,96,94,0,99,0,100,86,53,65,87,0,0,0
l33,3=0,0,0,0,0,0,0,0,0,0,0,0,0,0,0,0,0,0,0,0,0,40,0,80,0,31,31,19,0,0,14,43,94,60,0,99,100,0,84,56,74,55,0,0,0
l34,3=0,0,0,0,0,0,0,0,0,0,0,0,0,0,0,0,4,43,0,28,0,35,0,81,78,35,34,42,0,0,84,67,97,94,0,87,100,92,0,97,70,99,0,0,0
l35,3=0,0,0,0,0,0,0,0,0,0,0,0,0,0,51,0,0,54,0,0,51,9,0,72,83,62,32,43,0,0,96,93,97,95,0,98,100,100,97,0,94,99,0,5,0
l36,3=0,0,0,0,1,0,0,0,0,0,0,0,0,0,0,0,38,74,75,68,81,4,12,57,73,73,46,35,0,0,96,93,74,83,0,93,93,92,97,97,0,99,23,0,0
l37,3=0,0,0,0,0,3,0,0,0,0,0,0,39,0,0,0,25,56,58,77,39,0,0,35,84,67,32,39,0,0,96,93,90,53,0,99,100,93,97,97,94,0,20,0,0
l38,3=0,0,0,0,0,0,0,0,0,0,0,0,0,0,56,0,29,18,27,40,55,31,27,55,67,50,62,35,0,0,31,1,16,19,0,0,0,0,0,0,22,0,0,73,90
l39,3=0,0,0,0,0,0,0,0,36,0,25,54,34,0,50,0,31,42,48,50,67,43,58,58,71,68,66,39,0,0,27,15,0,0,0,32,0,0,0,2,0,0,72,0,94
l40,3=0,0,0,0,0,0,0,0,0,0,0,0,0,0,74,0,0,8,32,47,32,34,36,48,76,76,52,68,0,0,0,0,0,2,0,0,0,0,0,0,0,0,72,78,0
l41,3=0,0,0,0,0,0,0,0,0,0,25,3,40,67,65,0,38,69,71,74,59,36,6,75,85,84,84,26,0,0,31,32,21,0,0,0,0,0,0,0,0,0,72,74,87
l42,3=0,0,0,0,0,0,0,0,0,0,0,0,0,0,31,0,24,10,34,38,49,28,66,68,78,68,54,29,0,0,0,0,17,19,0,12,0,18,5,0,0,0,70,78,62
l43,3=0,0,0,0,0,0,0,0,0,0,0,0,0,0,43,0,0,20,29,30,42,56,39,39,71,49,58,72,0,0,0,0,23,21,0,0,2,0,8,0,0,0,72,69,88
l44,3=0,0,0,0,0,0,0,0,0,0,0,0,0,0,32,0,0,17,19,49,0,15,61,54,77,76,77,63,0,0,0,0,25,19,0,0,0,12,35,0,0,0,70,70,89

l0,4=0,99,95,94,86,80,94,71,79,93,58,58,66,95,88,0,62,0,0,54,0,0,0,0,0,0,0,0,0,0,87,0,0,0,0,0,0,0,0,0,0,0,0,0,0
l1,4=99,0,97,94,95,96,95,75,89,55,58,58,66,95,0,0,49,62,0,66,3,0,0,0,58,0,0,0,0,0,72,0,0,0,0,0,0,0,0,0,0,0,0,0,0
l2,4=99,99,0,94,86,94,95,94,89,93,92,93,89,95,81,0,82,68,84,72,0,0,0,0,0,0,24,0,0,0,0,64,0,0,0,0,0,0,0,0,0,0,0,0,0
l3,4=99,99,97,0,96,96,47,35,74,54,58,58,65,95,73,0,62,45,47,62,0,0,0,0,0,0,0,0,0,0,0,80,0,0,0,0,0,0,0,0,0,0,0,0,0
l4,4=58,99,97,94,0,87,71,35,74,55,58,58,66,96,66,0,62,22,51,0,0,0,0,0,0,0,0,0,0,0,0,79,0,0,0,0,0,0,0,0,0,0,0,0,0
l5,4=58,99,97,94,57,0,95,56,74,53,59,58,68,96,27,0,56,44,56,63,61,0,0,0,0,0,0,0,0,0,88,64,0,0,0,0,0,0,0,0,4,0,0,0,0
l6,4=88,99,97,84,53,93,0,35,74,93,58,58,66,95,90,0,62,57,87,24,70,0,0,0,0,3,0,0,0,0,71,7,0,0,0,0,0,0,0,0,0,0,0,0,0
l7,4=95,97,93,86,81,80,92,0,89,93,92,93,88,95,90,0,89,0,84,74,74,38,0,65,47,67,58,74,0,0,0,0,0,0,0,0,0,0,0,0,0,0,0,0,0
l8,4=95,97,96,86,81,79,62,94,0,93,49,93,88,95,88,0,58,49,86,72,64,4,0,63,63,58,48,71,0,0,72,0,0,0,0,0,0,0,0,0,0,0,10,27,0
l9,4=96,95,93,81,78,79,92,93,89,0,92,93,88,95,90,0,89,71,87,67,72,5,0,61,65,62,0,72,0,0,72,58,0,0,0,0,0,0,0,0,0,0,0,0,33
l10,4=60,56,82,69,65,79,67,78,72,85,0,71,90,93,87,0,89,72,85,71,76,34,33,60,66,66,54,49,0,0,0,72,0,0,0,0,0,0,0,0,0,9,29,50,1
l11,4=93,97,93,83,63,80,87,93,89,93,54,0,90,95,80,0,89,50,87,73,73,0,46,65,63,62,51,71,0,0,53,68,0,0,0,0,0,0,0,0,0,0,0,26,0
l12,4=85,80,95,71,68,81,92,93,89,89,93,93,0,96,91,0,89,74,77,70,82,0,49,58,67,58,58,72,0,0,69,4,0,0,0,0,0,0,0,0,0,0,30,73,69
l13,4=95,97,93,85,81,80,92,93,89,93,92,93,89,0,90,0,89,79,84,65,79,53,0,63,64,61,48,72,0,0,0,0,0,0,0,0,0,0,0,0,0,0,0,27,0
l14,4=78,0,64,49,45,30,77,74,78,82,84,62,82,85,0,0,89,85,93,72,89,47,0,61,62,71,57,63,0,0,80,55,0,0,0,0,0,0,0,56,45,48,73,77,82
l15,4=80,25,79,70,61,57,80,77,80,81,92,93,89,85,90,0,0,75,87,72,82,62,63,63,66,62,56,68,0,0,80,71,0,48,0,0,0,0,36,0,65,42,68,78,78
l16,4=0,51,66,58,45,56,73,0,43,76,78,52,77,85,92,0,89,0,90,89,92,0,0,0,65,69,59,31,0,0,97,97,0,51,0,0,0,0,73,73,73,61,70,79,78
l17,4=0,0,63,53,51,49,62,61,81,79,88,84,62,76,92,0,89,80,0,79,67,0,40,47,67,66,42,50,0,0,82,58,0,0,0,0,0,0,1,0,57,48,53,65,66
l18,4=7,30,50,1,0,38,0,70,80,33,78,70,69,62,86,0,80,77,83,0,93,71,60,74,80,78,69,83,0,0,89,81,0,26,0,51,0,3,55,48,48,60,74,87,82
l19,4=0,0,0,0,0,41,51,60,39,56,79,49,79,85,92,0,89,86,78,89,0,54,42,50,84,72,43,82,0,0,81,56,28,0,0,0,0,0,57,54,53,53,72,82,70
l20,4=0,0,0,0,0,0,0,18,3,0,27,0,0,32,36,0,66,0,0,54,49,0,91,80,81,87,65,94,0,0,0,0,70,34,0,44,44,54,58,49,43,37,77,83,63
l21,4=0,0,0,0,0,0,0,0,0,0,26,32,49,0,0,0,63,0,60,73,55,95,0,84,79,85,73,93,0,0,0,0,0,0,0,56,0,0,56,0,0,0,62,77,66
l22,4=0,0,0,0,0,0,0,19,21,24,25,24,14,31,32,0,30,0,32,48,28,52,39,0,86,88,77,18,0,0,0,0,26,51,0,47,62,45,52,0,45,42,46,56,43
l23,4=0,6,0,0,0,0,0,17,20,33,45,29,55,52,41,0,50,45,67,84,63,66,44,90,0,89,77,78,0,0,38,0,31,24,0,49,48,41,51,66,33,48,73,90,74
l24,4=0,0,0,0,0,0,7,52,22,33,52,33,58,57,65,0,51,53,70,67,53,72,53,86,83,0,72,71,0,0,26,0,27,24,0,39,42,34,51,62,49,46,69,78,77
l25,4=0,0,0,0,0,0,0,36,21,0,38,28,49,33,49,0,36,52,54,60,36,57,43,90,86,88,0,86,0,0,24,0,40,38,0,48,52,53,57,67,56,40,66,88,60
l26,4=0,0,0,0,0,0,0,33,22,25,28,28,60,32,41,0,27,19,31,68,51,95,71,90,83,77,64,0,0,0,5,18,44,45,0,64,65,43,64,67,51,36,76,57,67
l27,4=79,40,0,0,2,90,35,0,58,63,0,31,74,0,92,0,89,86,92,89,90,0,0,0,62,39,40,0,0,0,0,97,81,54,0,67,64,2,91,100,99,100,15,0,0
l28,4=0,0,68,79,79,55,2,0,0,31,77,68,35,4,79,0,82,86,92,88,85,0,0,0,0,0,0,39,0,0,97,0,66,94,0,93,85,94,89,100,99,100,0,53,0
l29,4=0,0,0,0,0,0,0,0,0,0,0,0,0,0,0,0,0,0,0,0,6,58,0,86,77,42,33,56,0,0,93,34,0,100,0,100,90,100,95,100,95,100,49,61,0
l30,4=0,0,0,0,7,0,0,0,0,0,0,0,0,0,0,0,38,63,0,35,0,60,0,89,59,77,38,78,0,0,57,69,98,0,0,100,90,99,95,100,99,100,77,0,0
l31,4=0,0,0,0,0,0,0,0,0,0,0,0,0,0,0,0,0,0,0,37,2,25,51,90,84,32,24,83,0,0,55,44,98,100,0,0,90,100,95,100,99,100,0,79,38
l32,4=0,0,0,0,0,0,0,0,0,0,0,0,0,0,0,0,0,0,0,0,0,43,0,90,76,57,33,84,0,0,70,74,98,100,0,100,0,100,95,100,97,100,0,0,0
l33,4=0,0,0,0,0,0,0,0,0,0,0,0,0,0,0,0,0,0,0,0,0,58,0,88,52,23,53,19,0,0,0,51,98,100,0,100,90,0,95,100,99,90,0,0,0
l34,4=0,0,0,0,0,0,0,0,0,0,0,0,0,0,0,0,13,70,1,53,38,44,26,87,67,56,21,73,0,0,96,62,98,100,0,100,90,100,0,100,99,100,37,0,0
l35,4=0,0,0,0,0,0,0,0,0,0,0,0,0,0,76,0,0,85,0,36,44,40,0,0,86,83,74,79,0,0,97,77,98,100,0,100,90,100,95,0,99,100,0,0,0
l36,4=0,0,0,0,0,4,0,0,0,0,0,0,0,0,25,0,47,86,87,57,61,27,0,83,18,80,63,60,0,0,97,94,98,100,0,100,90,100,95,100,0,100,0,0,0
l37,4=0,0,0,0,28,0,0,0,0,0,26,0,0,0,72,0,45,73,78,72,63,29,0,66,86,87,21,57,0,0,97,91,98,100,0,100,90,96,95,100,99,0,0,0,60
l38,4=0,0,0,0,0,0,0,0,0,0,37,0,29,0,71,0,59,50,43,57,56,63,26,28,81,65,65,71,0,0,3,0,17,28,0,0,0,0,7,0,0,0,0,90,91
l39,4=0,0,0,0,0,0,0,0,19,0,38,26,42,49,61,0,56,52,65,60,68,49,34,55,73,70,59,35,0,0,0,14,22,0,0,32,0,0,0,0,0,0,78,0,74
l40,4=0,0,0,0,0,0,0,0,0,0,0,0,31,0,56,0,33,36,47,57,34,50,35,53,80,83,58,56,0,0,0,0,0,0,0,0,0,0,0,0,0,13,89,88,0
l41,4=0,0,0,0,0,0,0,0,0,14,36,32,51,65,62,0,47,58,66,64,59,39,26,61,80,84,70,56,0,0,60,30,36,0,0,0,0,0,40,39,0,0,86,88,71
l42,4=0,0,0,0,0,0,0,0,0,0,33,0,0,0,54,0,26,39,58,58,43,54,46,63,74,76,54,17,0,0,0,0,26,0,0,41,3,0,26,0,0,0,68,78,77
l43,4=0,0,0,0,0,0,0,0,0,0,25,0,0,0,26,0,7,31,48,36,47,55,23,56,60,64,58,53,0,0,8,0,28,29,0,0,27,0,15,0,0,0,82,87,88
l44,4=0,0,0,0,0,0,0,0,0,0,0,0,0,0,42,0,47,0,54,61,44,47,38,56,78,70,57,43,0,0,0,0,8,27,0,0,0,0,42,0,0,0,89,90,88

l0,5=0,87,55,97,91,80,55,61,89,67,65,96,93,41,20,0,50,26,0,37,0,0,0,0,0,2,0,0,0,0,51,0,0,0,0,0,0,0,0,0,0,0,0,0,0
l1,5=95,0,87,97,91,94,88,88,89,52,36,96,93,67,0,0,22,22,33,0,0,0,0,0,0,0,0,0,0,0,49,0,0,0,0,0,0,0,0,0,64,0,0,0,0
l2,5=95,94,0,95,88,94,88,88,90,77,47,96,93,93,17,0,1,0,27,0,0,0,0,0,7,0,0,0,0,0,50,58,0,0,0,0,0,0,0,0,0,0,0,0,0
l3,5=96,96,54,0,94,81,53,71,90,48,55,96,36,41,10,0,81,52,30,0,0,0,0,0,0,0,0,0,0,0,52,55,0,0,0,0,0,0,0,0,0,0,0,0,0
l4,5=96,84,53,99,0,81,53,58,90,64,49,92,93,41,0,0,75,37,32,42,0,0,0,0,0,0,0,0,0,0,54,69,0,0,0,0,0,0,0,0,0,0,0,0,0
l5,5=95,83,54,60,91,0,64,58,87,64,64,96,42,39,30,0,39,32,33,42,5,0,0,0,0,0,0,0,0,0,53,66,0,0,0,0,0,0,1,1,68,0,0,0,0
l6,5=95,95,54,81,91,94,0,88,87,80,64,96,93,41,35,0,80,3,34,44,2,0,0,0,24,22,11,0,0,0,20,54,0,0,0,0,0,0,0,0,0,0,0,0,0
l7,5=88,91,87,85,84,94,88,0,90,81,20,96,93,93,56,0,72,0,66,68,0,0,0,0,0,64,23,4,0,0,0,0,0,0,0,0,0,0,0,0,0,0,0,0,0
l8,5=94,96,88,88,89,86,81,88,0,83,83,96,94,93,70,0,71,35,32,59,25,0,49,49,25,39,23,27,0,0,27,0,0,0,0,0,0,0,0,0,0,0,0,0,0
l9,5=90,67,79,24,77,94,85,83,88,0,91,96,93,93,71,0,72,21,81,33,5,9,0,0,51,26,22,20,0,0,33,0,0,0,0,0,0,0,0,0,0,0,6,56,0
l10,5=75,80,12,21,28,85,78,18,79,74,0,87,93,85,80,0,81,22,77,72,40,15,22,65,64,27,22,21,0,0,50,43,0,0,0,0,0,0,0,0,0,35,66,64,0
l11,5=79,80,74,45,56,86,78,88,89,81,83,0,94,93,19,0,74,18,76,50,16,0,0,68,57,25,21,21,0,0,25,51,0,0,0,0,0,0,0,0,0,0,0,0,0
l12,5=84,87,86,13,56,52,86,81,89,81,92,96,0,93,80,0,81,21,78,67,44,13,30,0,69,26,34,27,0,0,34,0,0,0,0,0,0,0,0,0,0,0,50,67,8
l13,5=80,84,77,55,75,85,80,79,87,81,88,96,94,0,75,0,47,70,61,59,48,17,0,45,53,41,18,29,0,0,46,12,0,0,0,0,0,0,0,0,0,0,0,57,0
l14,5=37,0,3,0,0,53,64,62,75,61,88,2,89,52,0,0,80,86,85,85,83,5,22,33,34,13,21,37,0,0,33,12,0,0,0,0,0,0,0,19,53,33,67,58,28
l15,5=46,28,0,22,34,70,75,62,80,61,90,88,89,40,79,0,0,45,83,77,49,21,33,68,71,27,22,37,0,0,24,57,0,1,0,0,0,0,8,0,63,34,66,70,24
l16,5=47,69,0,1,8,60,1,0,44,42,47,15,43,47,71,0,24,0,73,88,27,1,0,45,74,22,23,0,0,0,87,76,0,0,0,20,0,0,27,56,73,52,56,57,46
l17,5=0,26,11,0,8,54,69,71,51,66,36,39,43,38,85,0,79,22,0,36,49,5,17,37,40,28,22,0,0,0,87,13,0,0,0,0,0,0,0,20,33,34,72,59,25
l18,5=25,0,0,0,31,41,54,66,60,33,76,40,34,35,71,0,64,85,44,0,83,63,57,77,79,76,70,76,0,0,70,65,0,27,0,15,1,0,42,53,67,29,62,72,70
l19,5=0,0,0,0,0,38,17,0,55,44,47,43,43,39,82,0,80,85,81,91,0,14,0,73,83,29,11,46,0,0,72,61,0,23,0,0,0,0,32,22,64,68,70,76,58
l20,5=0,0,0,0,0,0,0,0,0,0,31,0,23,22,33,0,59,22,30,78,35,0,92,93,81,81,72,84,0,0,0,0,67,47,0,12,39,31,71,12,34,24,69,73,53
l21,5=0,0,0,0,0,0,0,0,35,0,28,0,25,0,57,0,53,0,36,78,0,89,0,23,71,81,71,84,0,0,0,0,25,0,0,6,0,0,14,15,0,0,80,59,49
l22,5=0,0,0,0,0,0,0,0,50,0,41,48,0,24,40,0,58,40,34,80,65,75,15,0,83,81,81,84,0,0,21,0,44,69,0,21,66,23,26,34,46,33,88,75,67
l23,5=0,0,0,0,0,0,2,0,12,19,42,21,57,11,56,0,60,52,41,79,74,64,47,94,0,80,81,76,0,0,16,14,17,16,0,34,25,7,15,64,38,33,83,75,72
l24,5=1,0,0,0,0,6,31,51,37,32,66,23,47,29,33,0,49,8,58,78,64,66,67,93,82,0,71,77,0,0,0,28,14,19,0,18,17,0,43,45,6,32,42,72,69
l25,5=0,0,0,0,0,0,16,24,32,20,68,31,59,11,60,0,62,55,65,78,8,68,72,95,85,79,0,80,0,0,9,12,69,52,0,21,29,43,61,38,34,30,85,79,72
l26,5=0,0,0,0,0,0,0,11,28,16,34,36,37,19,37,0,42,0,0,80,72,88,77,95,80,81,74,0,0,0,16,0,59,45,0,48,60,28,30,18,38,35,73,53,57
l27,5=57,47,7,2,13,49,7,0,48,39,14,2,12,39,43,0,7,29,34,84,22,0,0,24,27,0,2,6,0,0,0,88,23,39,0,40,27,5,16,47,94,90,0,0,0
l28,5=0,0,8,1,13,42,34,0,0,0,13,4,0,25,40,0,15,88,22,83,79,0,0,0,28,18,3,0,0,0,91,0,24,43,0,40,40,5,16,84,94,90,0,52,0
l29,5=0,0,0,0,0,0,0,0,0,0,0,0,0,0,0,0,0,0,0,0,0,63,24,45,52,56,54,69,0,0,59,48,0,89,0,88,85,83,80,85,69,84,7,50,39
l30,5=0,0,0,0,0,0,0,0,0,0,0,0,0,0,0,0,1,0,0,59,3,18,0,82,20,12,38,29,0,0,50,58,80,0,0,88,84,83,80,85,85,86,50,48,42
l31,5=0,0,0,0,0,0,0,0,0,0,0,0,0,0,0,0,0,13,0,63,0,51,3,3,61,60,49,67,0,0,67,51,80,89,0,0,92,94,80,86,83,86,26,5,7
l32,5=0,0,0,0,0,0,0,0,0,0,0,0,0,0,0,0,0,0,0,0,0,61,0,86,55,0,45,72,0,0,53,56,80,89,0,88,0,94,79,86,83,85,0,0,0
l33,5=0,0,0,0,0,0,0,0,0,0,0,0,0,0,0,0,0,0,0,0,0,63,0,70,56,13,59,4,0,0,68,57,80,89,0,88,90,0,79,79,83,68,0,0,0
l34,5=0,0,0,0,0,1,0,0,0,0,0,0,0,0,0,0,8,34,0,71,35,60,12,55,54,38,25,47,0,0,63,38,80,89,0,75,72,67,0,89,83,86,0,28,21
l35,5=0,0,0,0,0,14,0,0,0,0,0,0,0,0,31,0,0,0,18,71,23,7,0,37,44,20,9,0,0,0,65,78,80,89,0,78,82,5,80,0,95,92,0,0,0
l36,5=0,49,0,0,0,35,0,0,0,0,0,0,0,0,26,0,7,8,9,73,22,7,0,38,37,0,7,14,0,0,91,84,69,89,0,77,76,23,80,90,0,92,0,0,0
l37,5=0,0,0,0,2,0,0,0,0,0,13,0,0,0,31,0,7,0,19,60,27,8,0,40,39,20,9,16,0,0,83,78,80,89,0,77,81,15,80,90,95,0,0,1,0
l38,5=0,0,0,0,0,0,0,0,0,0,26,0,23,0,30,0,28,14,38,31,30,26,36,48,67,26,42,41,0,0,0,0,0,10,0,0,0,0,0,0,0,0,0,21,79
l39,5=0,0,0,0,0,0,0,0,0,2,21,0,17,14,64,0,43,16,58,77,68,57,19,75,77,76,72,39,0,0,0,10,2,15,0,0,0,0,11,0,0,0,77,0,79
l40,5=0,0,0,0,0,0,0,0,0,0,0,0,1,0,52,0,12,10,35,64,15,15,22,61,76,66,60,61,0,0,0,0,0,15,0,0,0,0,5,0,0,0,90,79,0
l41,5=0,0,0,0,0,0,0,0,0,14,0,29,33,7,65,0,52,58,65,75,46,0,22,77,81,76,72,33,0,0,15,27,5,0,0,0,0,0,2,19,35,6,87,79,71
l42,5=0,0,0,0,0,0,0,0,0,0,26,1,0,0,45,0,6,19,34,74,37,36,32,83,77,78,70,74,0,0,0,0,0,16,0,20,26,0,21,0,14,0,86,77,76
l43,5=0,0,0,0,0,0,0,0,0,0,25,0,5,0,0,0,0,0,33,38,35,32,34,77,53,50,71,36,0,0,0,0,29,15,0,15,0,4,34,14,0,0,85,76,76
l44,5=0,0,0,0,0,0,0,0,0,0,10,0,0,0,32,0,27,23,30,74,29,47,38,77,77,75,72,61,0,0,9,0,4,26,0,0,0,0,29,7,0,0,86,76,77

l0,6=0,89,82,91,88,52,87,73,86,84,77,55,72,86,32,0,40,51,5,62,0,0,0,0,0,0,0,0,0,0,0,0,0,0,0,0,0,0,0,0,0,0,0,0,0
l1,6=90,0,91,89,88,87,89,90,88,85,60,56,92,82,0,0,35,24,65,41,1,0,0,0,0,0,0,0,0,0,32,0,0,0,0,0,0,0,0,0,20,0,0,0,0
l2,6=48,93,0,91,82,88,89,91,89,74,0,3,92,88,36,0,36,38,52,55,0,0,0,0,0,26,0,0,0,0,0,0,0,0,0,0,0,0,0,0,0,0,0,0,0
l3,6=92,93,91,0,88,49,89,63,65,79,74,54,49,84,38,0,44,61,44,3,0,0,0,0,0,0,0,0,0,0,31,55,0,0,0,0,0,0,0,0,0,0,0,0,0
l4,6=56,93,87,91,0,60,88,62,66,82,18,57,76,54,16,0,36,0,49,40,0,0,0,0,0,0,0,0,0,0,38,75,0,0,0,0,0,0,0,0,0,0,0,0,0
l5,6=52,93,86,84,88,0,85,57,65,80,79,56,60,81,66,0,37,34,53,29,0,0,0,0,0,14,0,0,0,0,0,51,0,1,0,0,0,0,0,9,16,0,0,0,0
l6,6=91,93,91,88,77,80,0,90,14,86,85,56,92,11,62,0,40,59,70,59,44,0,0,0,1,24,0,0,0,0,24,37,0,0,0,0,0,0,0,0,0,0,0,0,0
l7,6=77,93,84,72,71,53,89,0,89,86,69,91,77,88,55,0,75,54,69,63,14,0,0,0,0,43,53,0,0,0,0,0,0,0,0,0,0,0,0,0,0,0,0,0,0
l8,6=82,89,91,76,81,81,10,91,0,86,68,90,91,84,63,0,60,44,37,67,0,30,35,43,43,40,57,40,0,0,0,0,0,0,0,0,0,0,0,0,0,0,0,0,0
l9,6=84,88,71,67,76,76,89,91,89,0,79,90,92,88,75,0,72,47,73,47,47,0,16,3,62,37,36,16,0,0,31,1,0,0,0,0,0,0,0,0,0,0,19,0,0
l10,6=55,47,0,37,37,75,76,61,45,76,0,80,92,81,80,0,82,43,68,66,60,16,18,40,71,51,47,21,0,0,29,28,0,0,0,0,0,0,0,0,0,14,26,40,0
l11,6=67,80,0,69,77,79,80,84,86,81,77,0,92,83,75,0,78,39,75,69,36,26,2,44,69,40,31,26,0,0,31,51,0,0,0,0,0,0,0,0,0,0,0,13,0
l12,6=60,86,85,31,72,38,83,81,88,82,84,90,0,88,79,0,77,65,77,64,56,0,0,31,68,45,69,18,0,0,33,46,0,0,0,0,0,0,0,0,0,0,20,35,0
l13,6=85,77,76,67,67,78,20,91,89,86,85,90,92,0,80,0,72,66,72,66,42,8,0,41,68,46,27,26,0,0,30,53,0,0,0,0,0,0,0,0,0,0,1,1,0
l14,6=31,0,25,29,38,52,35,48,41,40,82,62,85,82,0,0,77,77,82,77,69,1,33,39,51,24,0,27,0,0,65,36,0,17,0,0,0,0,27,0,29,0,32,52,37
l15,6=40,50,51,49,47,62,64,61,46,40,85,76,80,74,72,0,0,43,76,66,61,39,31,52,69,9,47,26,0,0,62,60,0,0,0,0,0,0,9,0,31,0,32,52,14
l16,6=30,11,32,41,0,45,57,39,20,14,66,43,56,64,75,0,49,0,70,77,70,2,0,38,72,15,39,4,0,0,81,85,3,4,0,12,0,0,36,28,64,22,22,45,37
l17,6=0,55,28,29,48,52,37,35,19,43,66,74,74,73,86,0,73,68,0,67,64,22,27,50,65,48,45,28,0,0,73,64,0,0,0,0,0,0,0,0,0,0,35,55,34
l18,6=26,11,15,0,16,10,26,59,45,3,50,57,61,59,74,0,57,73,65,0,74,60,32,64,78,64,75,60,0,0,35,57,5,28,0,9,4,1,49,43,47,27,38,57,37
l19,6=4,2,0,0,0,3,47,38,0,29,60,54,59,48,77,0,74,78,75,81,0,33,33,49,81,63,38,53,0,0,59,59,0,27,0,0,0,0,52,47,46,29,28,51,0
l20,6=0,0,0,0,0,0,6,0,23,0,25,29,0,23,27,0,52,16,55,63,35,0,78,82,82,74,70,73,0,0,8,0,64,41,0,29,46,21,56,17,24,28,61,8,36
l21,6=0,0,0,0,0,0,0,0,32,12,24,24,0,0,47,0,50,0,37,65,37,82,0,63,76,67,58,75,0,0,0,0,27,28,0,0,0,0,24,1,0,0,53,0,25
l22,6=0,0,0,0,0,0,0,0,25,0,25,29,19,26,21,0,48,22,38,67,20,76,30,0,82,75,82,74,0,0,0,0,0,67,0,29,59,22,41,13,26,32,67,34,25
l23,6=0,0,0,0,0,0,0,0,14,11,36,36,42,29,54,0,50,50,45,63,55,67,41,82,0,75,82,63,0,0,30,25,21,33,0,47,24,0,31,21,33,28,65,60,29
l24,6=0,0,21,0,0,21,24,53,51,20,57,27,41,39,31,0,13,17,65,66,55,69,49,83,85,0,82,68,0,0,25,25,22,45,0,37,30,19,37,16,18,52,66,52,54
l25,6=0,0,0,0,0,0,0,31,28,15,49,27,47,27,0,0,49,46,59,67,20,63,34,84,85,78,0,61,0,0,0,0,47,38,0,29,20,31,36,19,28,31,37,68,18
l26,6=0,0,0,0,0,0,0,0,25,6,22,27,19,29,29,0,44,9,44,67,50,81,67,84,82,74,71,0,0,0,21,0,56,47,0,51,50,21,63,16,25,39,64,32,23
l27,6=0,34,0,34,47,0,44,0,0,15,2,32,39,32,34,0,19,54,70,35,35,0,0,0,53,5,0,0,0,0,0,84,25,24,0,15,35,34,55,64,67,41,0,30,0
l28,6=0,0,0,32,50,39,33,0,0,0,32,51,57,36,29,0,20,83,58,50,37,0,0,0,55,23,0,0,0,0,86,0,52,40,0,14,36,36,56,58,69,70,12,0,0
l29,6=0,0,0,0,0,0,0,0,0,0,0,0,0,0,0,0,0,23,0,23,0,65,48,0,52,40,66,61,0,0,64,69,0,84,0,85,69,76,76,65,65,73,43,24,0
l30,6=0,0,0,0,0,7,0,0,0,0,0,0,0,0,22,0,9,9,0,53,19,18,24,75,58,42,45,41,0,0,69,70,86,0,0,80,65,75,72,63,66,74,30,7,32
l31,6=0,0,0,0,0,0,0,0,0,0,0,0,0,0,0,0,0,40,0,56,0,53,0,59,74,60,63,58,0,0,63,62,86,82,0,0,80,83,75,64,67,74,10,0,0
l32,6=0,0,0,0,0,0,0,0,0,0,0,0,0,0,0,0,0,0,0,18,0,64,0,71,64,62,56,59,0,0,66,66,86,82,0,85,0,78,72,63,66,74,1,0,0
l33,6=0,0,0,0,0,0,0,0,0,0,0,0,0,0,0,0,0,0,0,0,0,29,0,58,0,0,62,41,0,0,58,63,80,77,0,85,64,0,71,54,65,74,0,0,0
l34,6=0,0,0,0,0,0,0,0,0,0,0,0,0,0,17,0,13,40,0,67,34,63,31,63,70,28,36,58,0,0,69,67,82,82,0,77,62,75,0,71,67,77,35,45,0
l35,6=0,0,0,0,0,27,0,0,0,0,0,0,0,0,0,0,0,32,0,55,32,16,0,46,59,23,19,31,0,0,70,68,86,77,0,71,38,40,77,0,80,85,19,1,0
l36,6=0,2,0,0,0,21,0,0,0,0,0,0,0,0,12,0,20,70,0,51,21,1,0,53,58,9,19,30,0,0,80,78,78,83,0,60,43,50,77,77,0,78,0,0,0
l37,6=0,0,0,0,0,1,0,0,0,0,29,0,0,0,0,0,1,50,7,50,32,16,0,53,58,42,19,31,0,0,74,72,74,82,0,78,38,50,77,82,70,0,8,1,0
l38,6=0,0,0,0,0,0,0,0,0,4,20,0,20,0,14,0,21,16,26,29,6,22,19,37,72,38,31,37,0,0,0,0,8,7,0,0,0,0,9,1,0,0,0,72,65
l39,6=0,0,0,0,0,0,0,0,0,0,23,16,20,0,54,0,45,15,54,66,29,3,0,33,76,54,77,20,0,0,21,0,3,0,0,0,0,0,9,0,0,0,74,0,62
l40,6=0,0,0,0,0,0,0,0,0,0,0,0,0,0,44,0,10,22,21,48,0,23,10,42,58,63,35,10,0,0,0,0,0,14,0,0,0,0,0,0,0,0,75,72,0
l41,6=0,0,0,0,0,0,0,0,1,0,0,27,48,27,68,0,50,22,63,68,54,49,13,61,81,69,77,20,0,0,27,7,0,0,0,0,0,0,14,0,12,0,70,67,56
l42,6=0,0,0,0,0,0,0,0,0,0,23,2,0,0,27,0,0,23,29,66,19,21,0,73,77,71,79,61,0,0,0,0,22,31,0,24,20,16,33,0,14,0,75,72,3
l43,6=0,0,0,0,0,0,0,0,0,0,12,0,1,0,23,0,17,0,24,28,18,21,17,60,44,62,70,48,0,0,0,0,23,29,0,22,0,15,23,0,0,0,75,65,60
l44,6=0,0,0,0,0,0,0,0,0,0,0,0,0,0,21,0,21,20,25,29,6,23,22,62,80,72,75,66,0,0,0,0,0,0,0,0,0,0,3,0,0,0,75,65,61

l0,7=0,98,92,97,97,94,95,59,71,90,70,90,91,91,21,0,54,58,0,22,0,0,0,0,0,0,0,0,0,0,0,33,0,0,0,0,0,0,0,0,0,1,0,0,0
l1,7=89,0,92,97,97,95,95,62,94,94,82,58,93,91,0,0,44,27,26,21,0,0,0,0,0,0,0,0,0,0,8,0,0,0,0,0,0,0,0,0,0,0,0,0,0
l2,7=84,98,0,97,97,95,95,90,94,83,52,91,90,90,41,0,41,37,37,27,36,0,0,0,0,26,0,0,0,0,20,0,0,0,0,0,0,0,0,0,0,0,0,0,0
l3,7=89,98,92,0,97,95,67,50,69,93,0,52,81,90,12,0,42,26,24,13,0,0,0,0,0,0,0,0,0,0,26,39,0,0,0,0,0,0,0,0,19,0,0,0,0
l4,7=89,98,92,97,0,95,93,48,70,91,76,58,78,85,0,0,26,4,0,31,0,0,0,0,0,0,0,0,0,0,45,41,0,0,0,0,0,0,0,0,0,0,0,0,0
l5,7=87,98,92,56,97,0,95,50,73,90,83,58,78,90,13,0,45,54,54,17,18,0,0,0,0,0,0,0,0,0,42,0,0,0,0,0,0,0,0,0,0,0,0,0,0
l6,7=89,97,92,37,77,95,0,95,88,94,83,53,81,91,41,0,46,60,68,36,36,0,0,10,0,57,0,0,0,0,28,21,0,0,0,0,0,0,0,0,0,0,0,0,0
l7,7=66,84,83,56,84,86,95,0,94,94,74,92,83,91,80,0,78,62,5,49,49,59,5,0,27,72,39,24,0,0,0,0,0,0,0,0,0,0,0,0,0,0,0,0,0
l8,7=59,94,89,48,89,92,88,95,0,94,74,91,90,85,77,0,78,9,62,47,41,63,62,31,21,56,42,14,0,0,1,8,0,0,0,0,0,0,0,0,0,0,0,1,0
l9,7=77,98,74,93,92,92,95,95,94,0,85,92,93,91,85,0,48,21,71,26,74,47,0,12,0,68,38,0,0,0,17,36,0,0,0,0,0,0,0,0,0,0,0,45,0
l10,7=53,80,36,0,25,49,52,82,82,81,0,81,90,85,89,0,85,39,79,28,79,19,15,23,38,64,62,0,0,0,13,39,0,0,0,0,0,0,0,0,0,16,54,50,0
l11,7=82,76,88,52,89,92,31,90,90,91,83,0,93,85,56,0,74,32,80,48,0,19,0,19,44,44,56,19,0,0,0,22,0,0,0,0,0,0,0,0,0,0,0,50,0
l12,7=74,93,81,81,31,32,74,82,90,91,85,92,0,91,89,0,85,21,80,47,75,1,18,9,43,71,63,13,0,0,8,29,0,0,0,0,0,0,0,0,13,0,23,19,0
l13,7=84,93,89,92,87,92,90,90,90,91,85,92,93,0,89,0,20,38,79,76,76,0,22,24,39,68,0,6,0,0,11,28,0,0,0,0,0,0,0,0,4,0,0,19,0
l14,7=15,0,31,3,0,14,27,84,72,68,85,89,90,73,0,0,88,75,84,79,83,36,8,6,40,58,61,23,0,0,22,42,0,0,0,0,0,0,13,0,13,0,71,72,11
l15,7=39,68,48,25,11,25,32,82,82,60,85,81,91,0,52,0,0,40,70,29,79,41,14,23,42,59,61,21,0,0,0,33,0,1,0,0,0,0,0,4,13,0,40,0,0
l16,7=34,20,48,13,4,18,25,57,0,1,56,64,4,4,50,0,50,0,41,42,85,37,0,0,43,40,60,0,0,0,24,82,0,9,0,0,0,0,40,38,48,0,62,60,22
l17,7=0,52,46,19,0,21,29,33,64,65,83,89,90,54,93,0,55,65,0,29,81,25,0,21,40,71,38,22,0,0,20,34,0,0,0,0,0,0,7,3,0,26,38,47,36
l18,7=15,18,40,0,11,12,12,62,54,30,52,66,58,55,87,0,62,77,57,0,80,77,60,64,65,66,73,76,0,0,52,51,0,15,0,0,10,8,63,44,65,55,67,71,9
l19,7=0,0,35,0,0,19,23,64,52,57,56,0,50,34,42,0,77,80,67,79,0,60,17,26,75,69,68,23,0,0,15,0,0,34,0,0,0,17,25,24,37,0,67,57,57
l20,7=0,0,0,0,0,0,0,27,36,18,28,23,2,0,62,0,60,18,33,70,33,0,83,78,72,78,33,80,0,0,0,0,68,27,0,1,39,14,69,14,0,3,33,65,58
l21,7=0,0,0,0,0,0,0,34,65,0,33,0,44,36,23,0,65,0,1,72,58,90,0,72,63,73,66,80,0,0,0,0,9,0,0,0,4,0,45,2,0,0,69,22,53
l22,7=0,0,0,0,0,0,1,0,26,20,52,40,17,30,22,0,61,36,51,69,67,84,68,0,72,77,73,80,0,0,0,0,45,64,0,63,68,25,67,64,23,57,73,62,18
l23,7=0,0,0,0,0,0,0,27,24,0,35,38,44,15,46,0,62,63,56,69,67,75,63,78,0,81,76,78,0,0,7,21,38,48,0,45,0,0,33,22,56,25,72,76,65
l24,7=0,0,3,0,0,3,6,55,23,27,40,29,48,15,62,0,60,32,59,68,67,77,54,77,75,0,76,80,0,0,8,0,0,41,0,10,13,0,11,65,26,46,73,67,61
l25,7=0,0,0,0,0,0,0,29,30,24,53,44,50,0,67,0,60,54,57,76,67,27,14,79,75,81,0,79,0,0,0,11,62,56,0,30,55,41,50,38,56,21,73,81,64
l26,7=0,0,0,0,0,0,0,26,21,0,0,34,21,12,45,0,24,11,43,70,50,85,72,78,69,76,72,0,0,0,8,0,44,43,0,37,71,42,70,33,0,18,73,29,46
l27,7=0,17,55,56,26,20,12,0,2,37,52,0,6,1,26,0,3,45,35,1,43,0,0,0,7,31,0,0,0,0,0,81,0,26,0,3,23,21,49,48,49,51,8,49,3
l28,7=18,0,0,55,21,0,14,0,8,34,59,59,12,3,23,0,43,80,5,1,0,0,0,0,10,0,47,0,0,0,79,0,44,32,0,3,24,40,44,68,46,44,0,0,0
l29,7=0,0,0,0,0,0,0,0,0,0,0,0,0,0,0,0,0,0,0,0,0,68,1,41,54,0,67,71,0,0,0,44,0,73,0,78,85,72,76,83,72,69,24,31,0
l30,7=0,0,0,0,0,0,0,0,0,0,0,0,0,0,0,0,6,15,0,1,20,64,0,65,46,48,64,42,0,0,52,60,80,0,0,67,76,70,75,75,76,69,28,0,8
l31,7=0,0,0,0,0,0,0,0,0,0,0,0,0,0,0,0,0,0,0,0,0,24,0,72,60,50,67,76,0,0,21,19,80,71,0,0,85,89,75,76,73,69,0,0,0
l32,7=0,0,0,0,0,0,0,0,0,0,0,0,0,0,0,0,0,3,0,10,0,65,0,67,0,71,65,72,0,0,53,59,80,72,0,78,0,84,74,77,71,68,0,0,0
l33,7=0,0,0,0,0,0,0,0,0,0,0,0,0,0,0,0,0,0,0,0,0,4,0,39,0,0,67,74,0,0,39,34,78,69,0,78,85,0,73,76,72,69,58,0,0
l34,7=0,0,0,0,0,0,0,0,0,0,0,0,0,0,8,0,0,52,0,43,21,67,18,66,22,8,64,72,0,0,53,12,79,72,0,72,75,72,0,81,76,73,61,55,0
l35,7=0,0,0,0,0,0,0,0,0,0,0,0,0,0,0,0,13,48,0,1,17,13,0,3,11,32,62,11,0,0,39,36,80,52,0,27,76,70,78,0,82,85,9,3,0
l36,7=0,0,0,0,0,0,0,0,0,0,0,0,8,0,15,0,17,67,0,23,41,0,0,3,22,32,64,0,0,0,47,36,48,73,0,47,65,71,77,83,0,73,0,0,0
l37,7=3,0,0,0,0,10,0,0,0,0,24,0,0,0,0,0,0,0,2,23,0,17,0,28,22,32,64,30,0,0,41,36,52,69,0,27,64,70,78,83,78,0,0,0,0
l38,7=0,0,0,0,0,0,0,0,0,0,26,0,10,0,16,0,9,13,9,30,26,8,6,65,66,70,44,70,0,0,1,0,1,3,0,0,0,11,6,0,0,0,0,77,77
l39,7=0,0,0,0,0,0,0,0,0,21,27,27,13,6,61,0,0,28,53,73,21,39,1,29,70,66,75,21,0,0,5,0,7,0,0,0,0,0,11,0,0,0,78,0,76
l40,7=0,0,0,0,0,0,0,0,0,0,0,0,0,0,7,0,0,22,13,14,22,39,19,3,64,57,59,41,0,0,0,0,0,0,0,0,0,0,0,0,0,0,79,77,0
l41,7=0,0,0,0,0,0,0,12,23,0,28,23,50,0,69,0,61,38,59,68,67,52,2,1,75,75,72,73,0,0,7,33,25,1,0,0,0,0,15,7,0,11,77,81,71
l42,7=0,0,0,0,0,0,0,0,0,0,0,0,0,0,40,0,17,25,0,62,41,60,14,28,66,76,72,68,0,0,0,0,30,21,0,0,17,0,24,0,0,0,77,78,63
l43,7=0,0,0,0,0,0,0,0,0,0,0,0,9,0,4,0,27,17,10,28,25,35,18,31,62,68,71,37,0,0,0,0,26,0,0,14,13,0,19,16,16,0,77,76,70
l44,7=0,0,0,0,0,0,0,0,0,0,0,0,3,0,27,0,30,24,28,28,23,42,35,62,70,76,69,74,0,0,0,0,25,13,0,5,0,0,16,0,0,0,79,79,65

l0,8=0,98,71,100,100,97,99,98,98,73,55,99,98,67,40,0,97,55,10,37,0,0,0,0,0,0,0,0,0,0,53,0,0,0,0,0,0,0,0,0,0,0,0,0,0
l1,8=100,0,100,100,100,100,66,95,98,94,74,99,98,62,44,0,75,47,23,75,0,0,0,0,0,0,0,0,0,0,95,1,0,0,0,0,0,0,0,0,49,0,0,0,0
l2,8=100,99,0,100,100,100,99,94,97,98,55,99,97,99,0,0,89,54,46,47,51,1,0,0,0,0,0,0,0,0,58,0,0,0,0,0,0,0,0,0,0,0,0,53,0
l3,8=98,99,100,0,100,100,67,98,98,73,74,99,98,67,0,0,97,53,42,36,0,0,0,0,0,0,0,0,0,0,57,53,0,0,0,0,0,0,0,0,0,0,0,0,0
l4,8=98,95,100,100,0,100,94,95,98,73,61,99,70,66,0,0,73,53,0,46,0,0,0,0,0,0,0,0,0,0,81,51,0,0,0,0,0,0,0,0,0,0,0,0,0
l5,8=100,99,65,100,100,0,67,98,98,73,53,99,95,67,38,0,96,53,38,45,49,0,0,0,0,0,0,0,0,0,60,53,0,0,0,0,0,0,0,0,0,0,0,0,0
l6,8=100,95,100,100,100,100,0,96,97,99,75,99,98,99,79,0,97,55,46,0,58,0,0,1,0,56,0,3,0,0,59,0,0,0,0,0,0,0,0,0,0,0,0,0,0
l7,8=99,97,100,100,94,100,98,0,98,99,96,99,98,99,75,0,99,55,52,78,76,52,0,49,82,89,79,0,0,0,0,0,0,0,0,0,0,0,0,0,0,0,0,0,0
l8,8=94,96,100,95,90,100,91,98,0,99,93,99,98,99,74,0,93,43,57,91,86,55,0,67,76,0,62,86,0,0,34,0,0,0,0,0,0,0,0,0,0,0,19,0,0
l9,8=88,99,96,95,99,100,99,98,98,0,96,99,98,99,71,0,99,55,38,50,61,52,0,57,49,55,85,0,0,0,49,46,0,0,0,0,0,0,0,0,0,0,0,54,0
l10,8=57,61,51,93,91,90,90,94,92,96,0,57,98,99,98,0,99,89,90,58,63,83,66,62,48,51,85,0,0,0,0,51,0,0,0,0,0,0,0,0,0,0,20,54,0
l11,8=95,95,96,94,93,96,91,97,98,98,65,0,98,99,94,0,93,77,90,52,5,24,0,33,50,34,75,81,0,0,26,0,0,0,0,0,0,0,0,0,0,0,12,0,2
l12,8=93,95,57,95,93,93,85,95,98,99,96,99,0,99,94,0,99,94,93,58,64,33,54,0,47,55,85,56,0,0,47,40,0,0,0,0,0,0,0,0,0,0,32,0,0
l13,8=94,86,96,95,93,99,91,98,96,99,94,99,98,0,94,0,93,94,90,91,64,89,81,59,53,49,61,85,0,0,0,49,0,0,0,0,0,0,0,0,55,0,0,0,0
l14,8=8,13,0,0,0,53,84,93,79,57,55,58,72,92,0,0,97,97,94,99,67,87,24,25,49,55,84,43,0,0,56,54,0,0,0,0,0,0,5,28,23,29,15,23,23
l15,8=34,7,51,92,63,95,94,97,96,99,96,99,98,96,98,0,0,97,94,63,66,94,0,30,53,57,73,88,0,0,31,56,0,50,0,0,0,0,43,46,38,0,22,19,10
l16,8=40,6,18,67,79,78,40,87,47,57,26,24,59,69,59,0,97,0,60,63,93,44,0,0,53,60,84,3,0,0,100,59,3,0,0,0,0,14,62,96,100,53,46,0,21
l17,8=0,0,28,53,16,61,81,85,79,4,55,61,72,94,98,0,97,98,0,59,90,87,51,22,49,58,85,60,0,0,57,11,0,0,0,0,0,0,0,35,0,32,19,20,14
l18,8=10,39,14,2,66,51,0,85,90,74,44,22,88,71,98,0,82,99,85,0,96,94,88,90,87,93,88,92,0,0,87,45,3,49,0,0,0,1,62,62,84,86,78,83,50
l19,8=0,0,25,0,0,76,73,79,85,87,52,16,94,77,98,0,97,99,94,99,0,92,25,92,87,94,87,92,0,0,92,45,0,59,0,0,0,0,41,83,94,72,78,91,53
l20,8=0,0,0,0,0,0,0,42,64,26,57,33,37,54,69,0,73,33,67,97,66,0,98,93,87,93,64,94,0,0,0,0,66,62,0,0,26,0,56,58,0,47,52,72,72
l21,8=0,0,0,0,0,0,0,0,1,0,53,3,60,54,62,0,0,0,63,95,23,97,0,90,87,92,73,92,0,0,0,0,39,53,0,0,45,0,53,0,0,0,73,74,72
l22,8=0,0,0,0,0,0,0,27,28,17,55,40,6,29,51,0,36,0,29,92,73,95,69,0,89,92,88,94,0,0,0,0,20,69,0,61,22,27,78,36,3,29,77,75,67
l23,8=0,0,0,0,0,0,0,47,30,17,24,32,37,36,72,0,70,63,77,92,80,93,81,93,0,96,88,92,0,0,18,0,66,65,0,24,14,15,68,52,62,20,65,86,84
l24,8=0,0,0,0,0,0,21,61,0,35,47,19,60,35,71,0,70,63,79,92,75,93,69,90,89,0,88,87,0,0,25,2,39,25,0,22,19,10,43,32,64,22,78,65,24
l25,8=0,0,0,0,0,0,0,50,27,49,59,51,61,19,65,0,64,53,62,92,66,58,56,94,89,96,0,72,0,0,15,0,42,68,0,13,39,49,0,26,55,20,70,92,73
l26,8=0,0,0,0,0,0,0,4,30,0,0,44,37,25,22,0,54,25,53,93,52,95,81,93,87,92,56,0,0,0,0,0,47,66,0,22,74,30,75,32,0,24,70,80,62
l27,8=34,22,20,71,86,86,48,1,38,45,0,21,35,0,59,0,79,99,60,63,67,0,0,0,17,20,51,0,0,0,0,98,33,99,0,82,31,27,83,98,100,100,34,0,0
l28,8=0,1,0,67,82,71,0,0,0,17,47,0,14,76,86,0,70,99,16,97,57,0,0,0,11,1,3,0,0,0,100,0,45,73,0,0,77,30,92,94,100,87,12,1,0
l29,8=0,0,0,0,0,0,0,0,0,0,0,0,0,0,0,0,0,25,0,16,0,90,32,48,87,82,72,86,0,0,42,79,0,99,0,100,98,90,100,100,88,87,64,71,0
l30,8=0,0,0,0,18,0,0,0,0,0,0,0,0,0,0,0,44,0,0,53,49,72,34,81,80,48,76,81,0,0,88,76,100,0,0,90,87,90,91,94,97,88,0,0,0
l31,8=0,0,0,0,0,0,0,0,0,0,0,0,0,0,0,0,0,19,0,0,0,5,0,91,74,47,48,69,0,0,82,0,100,98,0,0,98,99,96,94,89,87,3,0,0
l32,8=0,0,0,0,0,0,0,0,0,0,0,0,0,0,0,0,0,31,0,0,0,61,39,59,63,83,70,87,0,0,80,77,100,98,0,100,0,100,100,88,88,87,0,0,0
l33,8=0,0,0,0,0,0,0,0,0,0,0,0,0,0,0,0,0,33,0,0,0,0,0,56,75,3,72,81,0,0,88,17,98,99,0,100,98,0,92,95,89,66,0,0,0
l34,8=0,0,0,0,0,0,0,0,0,0,0,0,0,0,0,0,50,47,0,57,44,72,43,92,80,53,0,88,0,0,89,43,97,98,0,90,88,90,0,95,100,98,37,24,0
l35,8=0,0,0,0,0,0,0,0,0,0,0,0,0,0,29,0,49,52,17,60,58,77,0,37,86,56,59,60,0,0,91,55,100,99,0,91,86,95,100,0,100,100,0,0,0
l36,8=0,4,0,0,0,0,0,0,0,0,0,0,0,36,32,0,43,50,0,95,85,0,0,2,84,90,60,0,0,0,90,53,57,99,0,90,88,89,100,100,0,96,0,0,0
l37,8=0,0,0,0,0,0,0,0,0,0,0,0,0,0,41,0,0,47,8,96,54,66,0,33,47,50,44,31,0,0,90,23,57,93,0,90,88,46,100,100,100,0,0,5,0
l38,8=0,0,0,0,0,0,0,0,4,0,4,18,25,0,25,0,26,20,41,68,44,24,52,67,61,82,73,73,0,0,9,1,15,0,0,0,0,0,18,0,0,0,0,91,86
l39,8=0,0,4,0,0,0,0,0,0,9,27,0,0,0,55,0,41,0,53,70,63,50,15,69,87,54,87,71,0,0,0,0,21,0,0,0,0,0,17,0,0,0,81,0,86
l40,8=0,0,0,0,0,0,0,0,0,0,0,2,0,0,51,0,25,34,28,57,25,52,26,54,84,29,70,63,0,0,0,0,0,0,0,0,0,0,0,0,0,0,81,89,0
l41,8=0,0,0,0,0,21,1,11,23,0,20,24,58,37,76,0,74,49,80,94,74,65,37,87,87,94,87,81,0,0,13,55,15,0,0,0,0,0,15,0,0,20,81,92,86
l42,8=0,0,0,0,0,0,0,0,0,0,0,0,0,0,51,0,32,8,24,71,50,61,31,71,83,93,87,73,0,0,0,0,17,0,0,10,0,4,0,0,0,20,81,91,70
l43,8=0,0,0,0,0,0,0,0,0,0,9,0,0,0,26,0,21,25,27,58,28,30,27,45,67,72,77,31,0,0,0,0,21,0,0,0,21,0,23,25,0,0,80,76,78
l44,8=0,0,0,0,0,0,0,0,0,0,0,0,6,0,55,0,29,26,31,71,25,50,56,72,87,77,65,73,0,0,0,0,0,23,0,16,0,0,0,0,0,0,79,83,73

l0,9=0,100,99,99,100,100,98,71,100,100,91,100,100,99,36,0,63,0,79,0,0,0,0,0,0,0,0,0,0,0,0,31,0,0,0,0,0,0,0,0,0,0,0,0,0
l1,9=100,0,99,99,100,100,72,95,100,100,97,100,98,100,48,0,72,68,42,33,0,0,0,0,0,27,0,0,0,0,90,28,0,0,0,0,0,0,0,0,8,0,0,0,0
l2,9=100,100,0,99,100,100,98,99,100,100,95,100,100,100,50,0,44,60,82,37,0,0,0,0,0,0,0,0,0,0,67,33,0,0,0,0,0,0,0,0,0,0,0,0,0
l3,9=100,100,99,0,100,100,98,73,100,100,96,100,100,100,28,0,58,55,0,33,0,0,0,0,0,0,0,0,0,0,58,33,0,0,0,0,0,0,0,0,0,0,0,0,0
l4,9=100,100,99,99,0,100,98,74,100,100,94,100,100,100,53,0,71,58,0,35,0,0,0,0,0,0,0,0,0,0,86,52,0,0,0,0,0,0,0,0,0,0,0,0,0
l5,9=100,100,99,99,100,0,81,73,100,100,96,100,95,100,41,0,61,61,0,29,23,0,0,0,0,12,0,0,0,0,3,32,0,0,0,0,0,0,0,1,53,0,0,0,0
l6,9=100,100,99,99,100,100,0,100,100,100,98,100,100,100,77,0,96,98,98,0,33,1,0,0,0,0,0,0,0,0,73,65,0,0,0,0,0,0,0,0,0,0,0,0,0
l7,9=100,100,99,98,100,100,98,0,100,100,98,100,100,100,89,0,97,81,0,99,32,77,0,0,98,95,85,90,0,0,0,0,0,0,0,0,0,0,0,0,0,0,0,0,0
l8,9=100,100,99,98,100,100,98,100,0,99,98,100,100,100,96,0,97,58,81,98,31,49,0,62,56,52,87,92,0,0,0,0,0,0,0,0,0,0,0,0,0,0,0,66,0
l9,9=100,100,99,93,100,100,98,99,100,0,98,100,100,100,96,0,97,82,96,97,70,60,0,66,64,45,78,64,0,0,76,29,0,0,0,0,0,0,0,0,0,0,0,47,0
l10,9=92,99,90,87,100,87,61,95,100,100,0,100,100,100,96,0,98,59,99,37,37,53,88,67,37,30,96,0,0,0,75,35,0,0,0,0,0,0,0,0,55,32,88,92,83
l11,9=100,100,99,83,97,100,98,99,100,100,99,0,100,100,96,0,97,59,99,62,20,0,0,47,37,11,88,95,0,0,0,0,0,0,0,0,0,0,0,0,0,0,35,74,67
l12,9=99,95,99,93,99,82,35,100,85,100,99,100,0,100,96,0,99,62,83,38,35,58,69,0,3,21,93,47,0,0,28,1,0,0,0,0,0,0,0,0,0,0,36,69,0
l13,9=96,100,99,98,100,100,98,99,100,100,99,100,100,0,96,0,96,61,99,64,62,65,0,62,98,34,92,50,0,0,68,34,0,0,0,0,0,0,0,0,36,0,0,0,0
l14,9=39,91,90,21,61,28,0,10,84,99,99,100,98,64,0,0,73,62,99,38,42,58,51,22,37,31,94,61,0,0,51,36,0,11,0,0,0,0,16,4,21,23,69,91,88
l15,9=67,92,24,78,60,54,13,54,84,100,99,100,100,65,96,0,0,62,95,62,30,64,54,29,37,30,88,61,0,0,0,36,0,61,0,0,0,0,58,0,30,24,63,88,0
l16,9=0,97,82,81,68,77,6,7,78,41,68,100,99,32,96,0,63,0,83,38,63,0,0,47,37,31,0,19,0,0,98,37,8,86,0,0,2,0,61,62,57,23,47,94,0
l17,9=90,1,98,0,0,0,13,0,83,93,99,100,97,64,96,0,77,62,0,62,100,64,55,24,37,30,95,75,0,0,52,10,0,0,0,0,0,0,0,28,11,22,71,91,87
l18,9=0,79,95,56,69,23,0,54,83,91,92,98,97,54,96,0,99,98,98,0,100,64,99,95,98,53,94,99,0,0,78,35,7,84,0,35,0,11,61,0,83,67,95,93,95
l19,9=0,0,0,0,0,44,6,7,79,95,88,97,97,63,96,0,62,99,99,99,0,30,31,78,58,53,94,98,0,0,78,36,0,50,0,0,0,0,60,58,55,29,53,93,95
l20,9=0,0,0,0,0,0,0,85,82,74,81,0,74,79,74,0,89,35,82,97,79,0,100,95,97,93,94,98,0,0,0,0,79,79,0,76,79,0,96,68,0,38,75,78,71
l21,9=0,0,0,0,0,0,0,2,0,0,92,5,98,1,89,0,95,0,97,98,29,100,0,95,97,93,94,98,0,0,0,0,0,97,0,0,63,0,91,0,0,0,95,93,94
l22,9=0,0,0,0,0,0,0,0,77,67,82,75,0,73,68,0,77,73,79,98,94,98,71,0,98,93,94,99,0,0,0,0,79,89,0,78,68,70,94,62,70,67,88,89,89
l23,9=0,0,0,0,0,0,0,42,68,71,78,77,16,80,94,0,96,95,94,98,94,97,85,96,0,95,96,98,0,0,57,25,50,78,0,79,0,41,93,46,44,50,95,93,95
l24,9=0,66,0,0,0,45,0,89,76,53,83,74,68,79,88,0,91,93,97,98,98,98,96,95,98,0,96,96,0,0,66,0,78,71,0,74,72,42,81,70,88,50,95,93,77
l25,9=0,0,0,0,0,0,0,33,72,71,93,77,91,77,89,0,58,0,93,98,97,95,88,96,98,95,0,98,0,0,0,20,91,90,0,76,92,43,85,40,84,0,95,94,95
l26,9=0,0,0,0,0,0,0,43,86,60,0,85,75,33,93,0,83,42,95,98,94,98,99,96,97,92,94,0,0,0,0,0,94,97,0,79,96,0,98,73,0,81,95,93,86
l27,9=0,97,92,36,99,4,0,0,0,23,27,34,92,8,55,0,0,96,83,38,27,0,0,0,16,0,0,0,0,0,0,100,0,90,0,98,50,58,61,61,26,57,35,2,0
l28,9=52,87,98,93,85,45,6,0,0,15,46,0,90,19,9,0,27,62,83,19,7,0,0,0,17,0,41,0,0,0,98,0,9,85,0,54,52,0,63,62,58,24,0,89,0
l29,9=0,0,0,0,0,0,0,0,0,0,0,0,0,0,0,0,0,63,0,44,0,57,0,73,96,56,95,98,0,0,0,99,0,100,0,100,100,100,100,100,94,91,55,87,0
l30,9=0,0,0,0,1,0,0,0,0,0,0,0,0,0,0,0,21,52,0,34,1,44,84,95,70,4,57,99,0,0,67,21,100,0,0,100,100,100,100,100,95,93,0,0,78
l31,9=0,0,0,0,0,0,0,0,0,0,0,0,0,0,0,0,0,0,0,20,0,26,0,81,80,7,52,81,0,0,80,30,100,100,0,0,100,100,100,79,94,80,0,0,0
l32,9=0,0,0,0,0,0,0,0,0,0,0,0,0,0,0,0,0,27,0,0,0,52,31,95,0,57,95,99,0,0,95,79,100,100,0,100,0,100,100,97,94,93,42,0,28
l33,9=0,0,0,0,0,0,0,0,0,0,0,0,0,0,0,0,0,0,0,0,0,0,0,66,34,17,50,0,0,0,56,0,100,100,0,100,100,0,100,100,95,93,0,0,0
l34,9=0,0,0,0,0,0,0,0,0,0,0,0,0,0,0,0,25,55,0,17,6,43,84,96,74,5,56,99,0,0,46,69,100,100,0,100,100,100,0,100,95,93,0,3,0
l35,9=0,0,0,0,0,13,0,0,0,0,0,0,0,0,1,0,2,96,75,0,28,31,0,69,54,35,50,64,0,0,98,64,100,100,0,97,79,100,100,0,95,93,0,0,0
l36,9=0,2,0,0,0,38,0,0,0,0,41,0,20,13,30,0,26,99,70,57,36,0,0,61,18,29,50,0,0,0,57,67,63,100,0,100,97,100,100,100,0,64,0,0,0
l37,9=0,0,0,0,0,0,0,0,0,0,33,0,7,0,8,0,26,58,75,57,5,18,0,60,17,5,0,63,0,0,70,64,63,96,0,97,100,100,100,100,95,0,6,0,0
l38,9=0,0,0,0,0,0,0,0,0,0,74,42,48,0,57,0,30,31,81,89,21,86,64,89,97,92,94,95,0,0,2,0,26,0,0,0,2,0,0,0,0,0,0,95,95
l39,9=0,0,0,0,0,0,0,0,12,0,92,68,61,0,38,0,43,56,86,94,87,61,44,92,97,88,94,93,0,0,0,1,27,0,0,0,0,0,0,0,0,0,96,0,95
l40,9=0,0,0,0,0,0,0,0,0,0,42,39,0,0,82,0,0,0,64,54,44,0,52,88,91,47,87,88,0,0,0,0,0,60,0,0,0,0,0,0,0,0,95,93,0
l41,9=0,0,0,0,0,1,0,4,61,0,0,77,75,41,94,0,91,91,96,98,47,71,49,91,97,93,94,84,0,0,27,32,0,52,0,0,0,0,24,7,0,0,95,93,95
l42,9=0,0,0,0,0,0,0,0,0,0,0,0,0,0,0,0,41,46,63,96,84,89,79,93,97,93,92,98,0,0,0,0,37,0,0,0,0,0,49,0,0,0,95,93,91
l43,9=0,0,0,0,0,0,0,0,0,0,0,0,0,0,64,0,0,0,71,72,68,72,0,72,73,79,92,87,0,0,0,0,12,0,0,56,63,0,36,0,54,0,95,86,95
l44,9=0,0,0,0,0,0,0,0,0,0,0,0,59,44,73,0,44,43,54,98,44,77,79,95,97,93,94,85,0,0,0,0,0,53,0,47,0,0,43,0,0,8,95,93,95

l0,10=0,91,84,89,87,89,87,1,79,88,86,73,81,72,67,0,64,62,72,2,0,0,0,0,0,0,0,0,0,0,43,75,0,0,0,0,0,0,0,0,0,0,0,0,0
l1,10=92,0,84,89,87,89,89,0,81,78,85,61,84,68,81,0,61,79,0,61,0,0,0,0,0,29,20,0,0,0,68,52,0,0,0,0,0,0,0,0,26,0,0,0,0
l2,10=90,91,0,84,87,89,89,1,83,87,85,73,81,85,66,0,77,54,81,68,0,0,0,0,43,19,28,0,0,0,0,44,0,0,0,0,0,0,0,0,0,0,0,47,0
l3,10=92,91,83,0,87,89,89,0,80,86,84,73,79,73,45,0,63,46,65,3,0,0,0,0,0,0,0,0,0,0,71,56,0,0,0,0,0,0,0,0,0,0,0,0,0
l4,10=92,91,84,89,0,89,89,1,80,86,84,71,80,44,66,0,76,61,0,0,0,0,0,0,0,0,0,0,0,0,0,0,0,0,0,0,0,0,0,0,0,0,0,0,0
l5,10=92,91,84,89,87,0,89,0,81,84,87,86,80,87,13,0,72,57,73,40,0,0,0,0,0,0,0,0,0,0,71,55,0,0,0,0,0,0,1,0,35,0,0,0,0
l6,10=88,90,84,87,87,89,0,0,83,89,86,85,80,84,65,0,81,70,69,62,0,0,0,0,17,22,0,0,0,0,0,62,0,0,0,0,0,0,0,0,0,0,0,49,0
l7,10=76,91,84,84,86,89,89,0,83,89,91,86,86,86,82,0,89,79,73,82,49,50,0,45,44,83,37,44,0,0,13,47,0,0,0,0,0,0,0,0,0,0,0,19,0
l8,10=83,87,82,84,84,87,89,0,0,87,91,84,84,85,81,0,60,49,76,79,38,33,0,44,63,31,33,41,0,0,27,2,0,0,0,0,0,0,0,0,0,0,0,42,0
l9,10=83,87,80,83,83,86,87,1,81,0,88,86,86,86,87,0,87,86,85,71,44,50,0,56,75,37,30,32,0,0,11,48,0,0,0,0,0,0,0,0,0,0,0,0,0
l10,10=83,86,51,51,82,87,85,1,81,88,0,80,87,86,89,0,90,73,86,60,83,39,6,75,69,49,67,40,0,0,0,64,0,0,0,0,0,0,0,0,55,0,52,54,29
l11,10=77,72,52,55,61,87,87,0,81,88,87,0,87,87,87,0,87,65,85,77,47,28,0,54,65,40,39,46,0,0,42,53,0,0,0,0,0,0,0,0,0,0,0,0,0
l12,10=83,87,80,51,65,86,86,1,80,88,92,83,0,87,88,0,87,86,85,61,38,32,26,46,60,48,46,37,0,0,56,0,0,0,0,0,0,0,0,0,0,0,52,0,7
l13,10=83,87,81,84,61,87,87,0,81,90,89,87,87,0,85,0,87,48,85,72,85,2,25,57,51,38,35,32,0,0,0,50,0,0,0,0,0,0,0,0,0,0,0,0,0
l14,10=35,57,1,0,27,19,48,0,80,86,92,69,51,30,0,0,91,93,89,72,95,46,51,43,81,50,28,52,0,0,90,69,0,8,0,0,0,0,0,4,45,49,84,82,39
l15,10=28,44,15,37,63,83,85,0,62,88,93,77,85,52,92,0,0,69,89,88,51,42,43,62,80,27,30,58,0,0,77,67,0,0,0,0,0,6,0,13,42,33,46,72,0
l16,10=34,81,0,0,29,79,75,1,54,82,88,57,51,20,93,0,90,0,88,85,97,23,0,80,86,20,39,12,0,0,99,78,5,0,0,0,16,0,24,0,85,0,55,66,41
l17,10=57,0,16,27,11,80,72,2,80,85,90,79,80,86,93,0,92,92,0,90,96,0,57,66,81,45,76,59,0,0,90,44,0,0,0,0,0,0,0,0,0,45,0,60,52
l18,10=0,42,38,0,0,35,51,1,71,70,55,58,28,40,69,0,89,91,89,0,97,52,62,86,89,89,52,88,0,0,80,31,3,43,0,0,0,0,24,44,69,89,75,70,79
l19,10=0,0,0,0,0,0,0,0,72,72,88,61,31,52,93,0,90,96,89,90,0,51,0,88,87,58,57,67,0,0,93,70,0,3,0,0,0,0,17,25,76,83,79,90,77
l20,10=0,0,0,0,0,0,0,3,71,72,69,60,73,15,76,0,71,55,0,87,81,0,99,91,84,93,83,91,0,0,0,0,52,74,0,72,3,0,83,69,0,0,76,0,74
l21,10=0,0,0,0,0,0,0,0,0,0,55,0,79,76,82,0,81,6,77,90,0,95,0,92,88,94,84,91,0,0,0,0,0,84,0,4,0,0,59,0,0,0,83,83,87
l22,10=0,0,0,0,0,0,0,3,55,59,76,50,55,55,61,0,68,68,76,85,87,94,89,0,89,92,89,91,0,0,0,0,76,85,0,56,72,65,83,69,59,63,84,68,87
l23,10=0,0,0,0,0,0,0,10,61,63,57,50,59,55,77,0,82,79,79,88,85,80,82,91,0,95,91,91,0,0,58,0,59,79,0,74,54,51,79,77,61,67,87,91,95
l24,10=0,48,1,0,0,0,33,1,55,61,78,67,79,61,84,0,82,76,80,90,87,93,92,91,89,0,91,90,0,0,61,0,65,75,0,0,73,44,67,64,78,73,72,90,63
l25,10=0,2,4,0,0,0,0,1,59,53,69,52,63,59,63,0,61,70,79,86,87,75,53,91,89,95,0,91,0,0,31,0,77,75,0,63,73,63,74,68,5,0,87,90,93
l26,10=0,0,0,0,0,0,0,3,68,52,61,68,61,42,80,0,78,36,73,87,81,93,85,92,87,83,88,0,0,0,0,0,73,85,0,62,81,80,82,53,50,84,83,77,85
l27,10=32,62,0,40,0,47,0,3,28,1,0,29,21,0,79,0,82,96,88,52,46,0,0,0,34,14,15,0,0,0,0,98,17,30,0,76,35,62,38,58,94,93,59,0,0
l28,10=65,60,5,37,11,45,51,2,4,56,75,48,0,18,84,0,92,96,48,28,47,0,0,0,0,0,0,0,0,0,99,0,52,44,0,0,0,0,40,17,94,95,5,0,0
l29,10=0,0,0,0,0,0,0,0,0,0,0,0,0,0,0,0,0,60,0,13,0,52,0,79,72,69,80,74,0,0,36,83,0,93,0,94,93,93,91,92,87,94,68,63,0
l30,10=0,0,0,0,0,0,0,0,0,0,0,0,0,0,45,0,1,7,0,46,12,44,50,86,86,42,85,86,0,0,42,39,90,0,0,94,93,93,91,92,91,95,60,61,59
l31,10=0,0,0,0,0,0,0,0,0,0,0,0,0,0,0,0,0,0,0,0,0,82,3,71,84,0,74,69,0,0,84,0,90,93,0,0,93,93,91,90,91,95,0,0,0
l32,10=0,0,0,0,0,0,0,0,0,0,0,0,0,0,0,0,0,37,0,0,0,0,0,78,59,76,77,82,0,0,42,0,90,93,0,94,0,93,91,90,74,87,0,0,0
l33,10=0,0,0,0,0,0,0,0,0,0,0,0,0,0,0,0,1,0,0,0,0,0,0,52,44,37,77,80,0,0,53,0,90,93,0,93,93,0,91,92,88,92,0,0,0
l34,10=0,0,0,0,0,2,0,0,0,0,0,0,0,0,0,0,0,65,0,42,35,84,18,60,52,38,74,74,0,0,48,74,90,93,0,93,93,93,0,92,94,95,29,0,0
l35,10=0,0,0,0,3,0,0,0,0,0,0,0,0,0,13,0,57,0,0,57,41,50,0,46,80,41,53,54,0,0,92,38,90,93,0,91,93,93,91,0,94,95,0,50,0
l36,10=0,4,0,0,0,18,0,0,0,0,55,0,8,0,58,0,71,80,0,29,41,0,0,8,28,44,2,36,0,0,59,63,89,93,0,93,54,89,91,96,0,95,0,0,0
l37,10=0,0,0,0,0,0,0,0,0,0,0,0,0,0,64,0,64,0,43,55,43,0,0,42,43,43,4,62,0,0,55,55,90,93,0,93,92,80,91,96,94,0,0,9,0
l38,10=0,0,0,0,0,0,0,0,0,0,39,0,36,0,81,0,63,78,0,83,60,76,66,86,87,39,85,85,0,0,33,0,31,42,0,0,0,0,1,0,0,0,0,92,95
l39,10=0,0,4,0,0,0,4,0,29,0,37,0,0,0,79,0,78,82,69,78,82,0,60,67,87,93,88,71,0,0,0,0,32,35,0,0,0,0,0,15,0,0,90,0,95
l40,10=0,0,0,0,0,0,0,0,0,0,0,0,5,0,45,0,0,47,79,84,73,50,50,84,87,41,87,77,0,0,0,0,0,24,0,0,0,0,0,0,0,0,90,90,0
l41,10=0,0,0,0,0,0,0,0,57,57,10,51,44,0,72,0,82,79,77,90,81,75,0,86,87,93,88,0,0,0,0,69,0,8,0,0,0,0,0,0,37,0,90,91,95
l42,10=0,0,0,0,0,0,0,0,0,0,0,0,0,0,60,0,61,56,52,85,66,67,60,89,87,91,80,91,0,0,0,0,0,0,0,0,0,0,63,0,0,0,87,91,95
l43,10=0,0,0,0,0,0,0,0,0,0,0,0,0,0,0,0,0,0,62,58,62,77,0,80,77,87,88,90,0,0,0,0,56,6,0,16,0,0,0,0,40,0,88,64,94
l44,10=0,0,0,0,0,0,0,0,0,0,0,28,11,0,51,0,0,45,50,81,46,2,69,91,87,93,88,81,0,0,0,0,40,32,0,0,54,0,19,0,0,0,90,90,78

l0,11=0,88,88,86,86,84,83,0,77,84,76,81,82,83,62,0,79,47,28,1,0,0,0,0,0,0,0,0,0,0,0,71,0,0,0,0,0,0,0,0,0,0,0,0,0
l1,11=85,0,88,89,86,84,83,0,80,85,80,77,84,72,62,0,37,69,32,28,0,0,0,0,0,0,0,0,0,0,63,59,0,0,0,0,0,0,0,0,0,0,0,0,0
l2,11=85,85,0,79,86,84,83,0,78,83,84,81,82,84,61,0,79,37,0,42,0,0,0,0,41,12,3,0,0,0,49,56,0,0,0,0,0,0,0,0,0,0,0,9,0
l3,11=54,88,80,0,86,84,83,0,61,0,77,78,75,63,0,0,35,35,30,0,0,0,0,0,0,0,0,0,0,0,69,67,0,0,0,0,0,0,0,0,0,0,0,0,0
l4,11=89,88,88,89,0,84,83,0,80,84,15,81,78,70,36,0,71,42,0,0,0,0,0,0,0,0,0,0,0,0,69,73,0,0,0,0,0,0,0,0,0,0,0,0,0
l5,11=85,88,88,81,86,0,67,0,73,83,84,81,82,85,45,0,39,41,16,27,0,0,0,0,0,0,0,0,0,0,61,65,0,0,0,0,0,0,0,0,1,0,0,0,0
l6,11=85,88,88,85,86,53,0,0,80,40,73,83,82,85,45,0,76,39,45,33,0,0,0,0,0,12,0,0,0,0,28,0,0,0,0,0,0,0,0,0,0,0,0,0,0
l7,11=82,88,88,80,57,84,83,0,80,86,78,83,84,87,73,0,79,72,6,62,46,61,0,41,8,52,41,43,0,0,0,42,0,0,0,0,0,0,0,0,0,0,0,1,0
l8,11=82,85,84,64,83,76,79,0,0,83,84,81,82,83,62,0,72,38,77,57,23,29,0,31,46,22,9,13,0,0,42,0,0,0,0,0,0,0,0,0,0,0,0,0,0
l9,11=82,85,84,57,82,82,71,1,77,0,84,83,84,87,73,0,79,26,51,17,22,39,0,29,66,39,9,15,0,0,0,0,0,0,0,0,0,0,0,0,0,0,2,0,0
l10,11=47,78,80,75,27,82,78,0,77,48,0,81,84,84,78,0,89,39,84,44,45,14,8,43,63,61,18,20,0,0,68,0,0,0,0,0,0,0,0,0,0,0,12,38,0
l11,11=74,72,79,69,79,81,79,0,77,83,85,0,82,85,78,0,79,22,79,45,37,3,0,29,0,42,26,0,0,0,0,28,0,0,0,0,0,0,0,0,0,0,5,0,0
l12,11=82,84,74,55,62,81,79,0,76,83,87,81,0,84,77,0,81,22,77,21,39,16,11,28,56,83,15,13,0,0,0,46,0,0,0,0,0,0,0,0,0,0,14,20,0
l13,11=44,68,84,56,63,82,79,0,77,84,85,83,84,0,72,0,79,42,77,49,60,59,16,62,13,53,56,9,0,0,53,51,0,0,0,0,0,0,0,0,15,0,0,13,0
l14,11=24,76,35,0,16,47,49,0,22,23,72,81,82,82,0,0,89,91,86,55,96,2,0,32,70,59,25,21,0,0,53,82,0,1,0,0,0,0,0,27,42,21,50,55,22
l15,11=32,30,73,12,44,68,67,0,41,83,89,81,82,83,84,0,0,0,86,82,90,12,2,43,73,38,25,5,0,0,78,67,0,0,0,0,0,0,0,15,0,11,17,45,17
l16,11=25,45,19,10,51,61,56,0,18,0,53,52,69,56,85,0,0,0,54,57,58,6,0,35,79,10,13,6,0,0,86,93,4,9,0,0,0,9,3,31,54,43,32,55,42
l17,11=7,27,0,23,0,36,53,0,21,20,85,80,80,81,85,0,89,91,0,87,96,34,1,42,86,35,13,21,0,0,75,60,0,0,0,0,0,0,0,0,0,26,1,30,17
l18,11=1,23,69,0,0,49,64,0,16,13,56,67,57,71,82,0,83,93,86,0,98,45,25,42,91,88,27,29,0,0,66,67,8,20,0,19,0,0,32,30,47,44,39,54,46
l19,11=0,0,0,0,0,0,0,1,10,17,74,69,79,72,85,0,89,95,86,89,0,43,0,30,90,88,88,26,0,0,43,81,2,0,0,0,0,0,2,19,42,35,29,51,49
l20,11=0,0,0,0,0,0,0,0,59,59,58,50,66,74,62,0,66,63,65,78,75,0,98,88,84,88,82,84,0,0,0,0,62,65,0,65,12,0,76,61,0,0,75,74,73
l21,11=0,0,0,0,0,0,0,0,0,0,71,53,74,73,60,0,69,0,58,87,0,86,0,90,91,89,89,86,0,0,0,0,0,73,0,28,0,1,57,0,6,0,79,53,53
l22,11=0,0,0,0,0,0,0,1,57,30,71,66,68,77,67,0,72,65,71,70,31,83,86,0,91,85,89,86,0,0,0,60,67,81,0,56,73,77,79,35,32,61,82,79,0
l23,11=0,0,9,0,0,0,0,0,17,34,55,0,70,0,65,0,72,74,75,86,80,75,73,90,0,91,90,83,0,0,62,54,65,45,0,50,41,0,58,42,41,1,75,88,82
l24,11=0,0,0,0,0,0,27,1,15,30,69,64,79,68,67,0,67,9,66,88,88,84,81,88,91,0,90,67,0,0,62,56,62,49,0,22,35,40,69,0,0,0,72,88,77
l25,11=0,0,0,0,0,0,0,0,10,14,51,65,62,58,70,0,72,36,69,83,80,76,69,87,91,91,0,82,0,0,31,57,74,39,0,4,46,65,2,33,19,28,88,88,82
l26,11=0,0,0,0,0,0,0,0,58,57,69,33,69,51,66,0,68,64,66,79,73,86,86,90,90,73,84,0,0,0,0,31,75,75,0,82,77,83,80,0,26,68,78,72,76
l27,11=0,61,23,20,22,62,20,0,13,0,35,0,22,39,56,0,5,95,30,39,40,0,0,0,53,48,2,0,0,0,0,93,0,7,0,5,27,45,16,52,96,42,0,37,4
l28,11=24,38,27,17,20,58,2,3,0,0,0,33,39,39,80,0,8,95,27,38,44,0,0,24,47,37,5,2,0,0,87,0,59,5,0,4,35,21,17,31,57,37,12,34,0
l29,11=0,0,0,0,0,0,0,0,0,0,0,0,0,0,0,0,0,4,0,22,0,20,0,55,71,43,73,29,0,0,0,69,0,95,0,91,87,94,90,86,91,85,29,37,0
l30,11=0,0,0,0,0,0,0,0,0,0,0,0,0,0,5,0,1,11,0,64,0,23,1,65,79,46,26,6,0,0,33,48,86,0,0,91,87,94,91,49,91,85,0,12,0
l31,11=0,0,0,0,0,0,0,0,0,0,0,0,0,0,0,0,0,0,0,35,0,37,3,51,77,44,5,48,0,0,64,51,86,95,0,0,87,94,88,76,64,80,0,0,5
l32,11=0,0,0,0,0,0,0,0,0,0,0,0,0,0,0,0,0,0,0,0,0,0,0,64,59,51,59,71,0,0,54,67,86,94,0,91,0,94,90,82,84,81,53,30,0
l33,11=0,0,0,0,0,0,0,0,0,0,0,0,0,0,0,0,0,4,0,0,0,0,0,71,0,25,33,66,0,0,43,6,86,94,0,91,87,0,90,84,89,83,0,0,0
l34,11=0,0,0,0,0,9,0,0,0,0,0,0,0,0,0,0,0,7,3,43,17,25,1,48,72,47,3,22,0,0,39,82,86,95,0,89,87,94,0,86,96,90,1,0,0
l35,11=0,0,0,0,0,0,0,0,0,0,0,0,0,0,42,0,3,6,0,49,25,3,0,21,78,0,6,0,0,0,67,87,86,8,0,36,60,94,91,0,96,90,0,23,0
l36,11=0,0,0,0,0,2,0,0,0,0,0,0,0,23,49,0,0,32,0,54,45,0,0,18,63,0,2,4,0,0,67,90,86,95,0,6,54,60,91,92,0,90,0,0,0
l37,11=0,0,0,0,0,2,0,0,0,0,0,0,0,0,38,0,4,52,16,77,40,0,0,31,32,0,4,6,0,0,76,81,86,95,0,58,85,94,91,92,96,0,0,31,0
l38,11=0,0,0,0,0,0,0,0,0,0,7,4,52,0,73,0,28,66,0,46,5,61,26,80,81,67,84,45,0,0,0,2,4,0,0,0,24,0,0,0,0,0,0,93,88
l39,11=0,0,0,0,0,0,0,0,0,0,50,0,54,1,71,0,71,68,12,81,74,68,0,78,90,82,89,74,0,0,48,31,8,0,0,0,3,0,0,0,0,19,89,0,90
l40,11=0,0,0,0,0,0,0,0,0,0,0,0,0,0,59,0,26,75,25,77,74,71,3,0,87,76,82,72,0,0,0,0,0,0,0,0,0,0,0,0,0,0,88,91,0
l41,11=0,0,0,0,0,0,0,0,12,16,52,56,67,66,58,0,66,78,80,88,80,45,23,80,87,88,89,52,0,0,0,64,3,0,0,3,0,0,0,0,35,29,88,91,90
l42,11=0,0,0,0,0,0,0,0,0,0,0,0,0,0,62,0,53,45,0,81,69,75,72,80,89,83,89,84,0,0,0,0,62,0,0,0,0,0,51,15,0,41,88,92,89
l43,11=0,0,0,0,0,0,0,0,0,0,0,0,1,0,56,0,0,53,37,70,61,77,64,84,73,82,88,81,0,0,0,0,42,2,0,62,32,0,52,0,0,0,88,85,85
l44,11=0,0,0,0,0,0,0,0,0,0,3,29,53,0,60,0,28,36,38,80,35,78,25,88,90,85,86,18,0,0,0,0,54,0,0,0,44,0,0,13,0,0,88,87,85

l0,12=0,86,85,78,81,89,84,0,53,88,73,22,76,77,28,0,31,51,0,28,0,0,0,0,0,0,0,0,0,0,0,10,0,0,0,0,0,0,0,0,0,0,0,0,0
l1,12=87,0,49,92,81,89,84,2,78,84,81,49,85,53,20,0,8,49,0,26,0,0,0,0,0,0,0,0,0,0,17,40,0,0,0,0,0,0,0,0,0,0,0,0,0
l2,12=87,81,0,83,81,89,81,4,78,84,82,79,84,85,13,0,65,0,56,77,20,3,0,1,0,26,35,0,0,0,15,51,0,0,0,0,0,0,0,0,0,0,0,0,0
l3,12=65,86,19,0,81,89,51,1,52,72,72,7,65,75,4,0,2,50,31,16,0,0,0,0,0,0,0,0,0,0,35,35,0,0,0,0,0,0,0,0,16,0,0,0,0
l4,12=87,86,85,92,0,89,84,1,78,84,75,22,58,75,0,0,8,0,0,0,0,0,0,0,0,0,0,0,0,0,23,43,0,0,0,0,0,0,0,0,0,0,0,0,0
l5,12=65,86,52,87,83,0,51,0,52,80,82,22,66,75,15,0,8,38,33,28,0,0,0,0,20,0,0,0,0,0,0,42,0,0,0,0,0,0,0,0,0,0,0,0,0
l6,12=87,85,20,82,81,88,0,1,78,88,85,50,76,72,17,0,6,60,55,47,9,0,0,0,24,0,14,0,0,0,18,0,0,0,0,0,0,0,0,0,0,0,0,0,0
l7,12=85,81,83,83,79,88,84,0,80,88,72,82,85,88,84,0,81,61,70,80,0,49,0,33,34,51,30,13,0,0,0,0,0,0,0,0,0,0,0,0,0,0,0,0,0
l8,12=85,81,82,81,78,86,84,0,0,84,82,79,64,85,84,0,82,70,79,68,34,6,5,29,30,42,37,24,0,0,0,0,0,0,0,0,0,0,0,0,0,0,0,32,0
l9,12=85,81,82,60,77,85,81,0,77,0,82,82,85,89,50,0,82,60,44,42,39,52,0,20,48,62,43,23,0,0,19,4,0,0,0,0,0,0,0,0,0,0,0,1,0
l10,12=54,81,81,54,50,54,76,4,78,84,0,79,85,85,50,0,90,74,93,82,82,40,9,37,64,64,13,20,0,0,18,45,0,0,0,0,0,0,0,0,0,0,2,50,0
l11,12=84,81,81,12,51,53,79,5,77,85,82,0,84,89,85,0,48,55,79,81,52,6,0,5,17,48,42,12,0,0,20,24,0,0,0,0,0,0,0,0,0,0,8,59,0
l12,12=86,81,80,56,70,85,79,2,55,84,84,79,0,85,84,0,82,47,82,82,72,15,21,13,79,73,44,6,0,0,12,0,0,0,0,0,0,0,0,0,0,0,29,0,0
l13,12=85,60,82,81,77,86,81,1,77,89,88,82,85,0,84,0,84,1,79,41,34,0,22,16,27,51,49,14,0,0,14,6,0,0,0,0,0,0,0,0,2,0,0,51,0
l14,12=41,70,9,0,0,33,58,1,77,80,78,79,81,58,0,0,90,94,95,85,99,41,0,37,42,70,59,32,0,0,44,60,0,0,0,0,0,0,4,0,31,24,80,85,32
l15,12=49,46,50,3,46,51,53,1,78,84,86,79,85,81,92,0,0,87,95,85,86,55,25,0,80,62,36,18,0,0,42,47,0,0,0,0,0,0,0,0,0,0,52,47,23
l16,12=26,18,0,17,0,5,54,9,73,71,69,40,48,0,53,0,51,0,95,91,99,14,0,17,26,20,0,1,0,0,52,74,0,2,0,0,0,0,11,43,60,49,66,82,37
l17,12=0,0,25,3,0,26,58,11,77,49,84,75,80,61,92,0,90,94,0,85,92,58,21,16,86,69,36,17,0,0,45,64,0,0,0,0,0,0,3,19,20,9,0,44,0
l18,12=48,52,64,12,12,40,61,2,62,69,79,70,77,53,90,0,88,97,95,0,99,84,50,45,87,80,71,54,0,0,47,47,53,40,0,5,0,0,59,52,55,44,76,90,65
l19,12=0,0,9,0,0,0,22,0,56,65,85,77,84,31,92,0,90,97,95,91,0,75,0,85,89,85,84,42,0,0,78,44,0,20,0,0,0,0,34,31,84,0,80,85,49
l20,12=0,0,4,0,0,1,0,2,61,74,59,62,66,0,70,0,68,68,78,88,74,0,98,86,88,80,77,91,0,0,0,0,59,77,0,66,61,67,73,69,18,2,71,81,71
l21,12=0,0,0,0,0,0,0,0,65,0,59,0,71,76,0,0,71,0,82,91,0,91,0,86,89,84,83,92,0,0,0,0,0,76,0,0,0,0,65,51,0,0,78,0,77
l22,12=0,0,0,0,0,0,0,4,65,75,65,61,69,60,69,0,0,72,79,81,83,89,76,0,89,84,83,92,0,0,0,0,72,83,0,73,72,75,74,76,0,63,77,84,73
l23,12=0,0,0,0,0,26,17,12,59,70,59,54,76,45,38,0,79,70,87,87,89,86,80,87,0,85,84,84,0,0,32,0,66,46,0,73,21,0,69,48,40,40,70,97,76
l24,12=0,0,1,0,0,0,0,4,61,70,61,64,76,52,78,0,72,65,86,90,98,88,68,87,89,0,84,79,0,0,36,19,66,76,0,35,0,0,63,36,73,36,86,83,89
l25,12=0,0,17,0,0,0,14,2,54,62,32,64,66,55,76,0,66,0,78,76,81,72,54,87,89,85,0,73,0,0,2,44,67,41,0,36,62,0,36,47,31,41,86,93,84
l26,12=0,0,0,0,0,0,0,15,63,70,61,65,63,69,70,0,71,72,76,79,71,89,88,87,83,73,77,0,0,0,0,13,77,80,0,78,73,42,73,63,70,65,75,76,74
l27,12=0,7,2,44,43,3,54,3,0,62,43,38,55,10,32,0,30,97,87,49,42,0,0,0,20,13,0,0,0,0,0,80,42,12,0,43,23,64,76,68,88,46,0,53,25
l28,12=11,34,28,22,32,45,0,6,0,11,50,23,0,9,46,0,29,97,93,39,27,0,0,0,0,19,30,1,0,0,90,0,43,0,0,28,43,0,87,65,58,54,0,61,0
l29,12=0,0,0,0,0,0,0,0,0,0,0,0,0,0,0,0,0,0,0,45,0,32,0,66,67,66,65,75,0,0,63,33,0,93,0,89,88,91,87,91,85,90,0,59,0
l30,12=0,0,0,0,0,0,0,0,0,0,0,0,0,0,8,0,0,48,0,37,32,50,32,74,44,42,38,68,0,0,37,0,88,0,0,89,88,91,87,91,89,90,0,47,1
l31,12=0,0,0,0,0,0,0,0,0,0,0,0,0,0,0,0,0,0,0,36,0,34,0,69,72,43,65,81,0,0,74,57,88,93,0,0,88,91,80,85,85,87,47,0,0
l32,12=0,0,0,0,0,0,0,0,0,0,0,0,0,0,0,0,0,0,0,0,0,46,0,57,39,0,66,69,0,0,62,57,88,92,0,89,0,91,87,90,82,88,39,0,0
l33,12=0,0,0,0,0,0,0,0,0,0,0,0,0,0,0,0,0,0,0,0,0,35,0,58,0,0,0,1,0,0,72,0,88,87,0,89,88,0,87,88,84,77,0,0,0
l34,12=0,0,0,0,0,0,0,0,0,0,0,0,0,0,3,0,0,33,28,42,28,49,30,72,50,36,22,84,0,0,72,76,88,93,0,89,88,91,0,94,94,93,30,62,38
l35,12=0,0,0,0,0,0,0,0,0,0,0,0,0,0,0,0,0,81,60,50,29,35,15,52,43,21,39,27,0,0,85,49,88,93,0,89,88,91,87,0,94,93,21,0,0
l36,12=0,0,0,0,0,0,0,0,0,0,0,0,0,6,26,0,0,97,62,56,53,0,0,0,41,43,9,18,0,0,90,48,56,93,0,51,57,81,87,94,0,93,0,0,0
l37,12=0,0,0,0,29,0,0,0,0,0,0,0,0,0,26,0,0,89,33,80,0,0,0,41,69,34,54,34,0,0,81,76,88,93,0,89,88,85,87,94,94,0,0,49,0
l38,12=0,0,0,0,0,0,0,0,0,0,0,0,44,0,81,0,27,66,0,78,74,65,34,78,72,76,82,76,0,0,0,0,0,0,0,3,0,0,0,0,0,0,0,97,85
l39,12=0,0,0,0,0,0,0,0,1,0,44,59,0,22,73,0,72,77,71,75,75,76,0,71,88,71,82,16,0,0,34,44,39,0,0,0,0,0,32,0,0,11,88,0,91
l40,12=0,0,0,0,0,0,0,0,0,0,0,0,0,0,58,0,30,78,0,78,66,72,45,76,81,74,77,79,0,0,20,0,0,0,0,0,0,0,19,0,0,0,84,96,0
l41,12=0,0,0,0,0,0,0,0,54,62,57,0,60,0,75,0,70,82,92,90,91,71,32,83,89,81,82,69,0,0,38,0,0,10,0,0,0,0,48,0,21,38,88,97,92
l42,12=0,0,0,0,0,0,0,0,0,0,0,0,58,0,0,0,0,68,0,83,76,79,61,83,88,79,82,83,0,0,0,0,63,50,0,61,0,0,63,64,0,1,88,97,92
l43,12=0,0,0,0,0,0,0,0,0,0,0,0,51,0,31,0,30,55,59,78,56,79,0,79,86,72,82,67,0,0,0,0,55,0,0,27,0,0,46,0,0,0,84,91,85
l44,12=0,0,0,0,0,0,0,0,0,0,50,0,29,0,72,0,71,0,69,78,73,86,0,80,87,78,82,77,0,0,0,0,62,53,0,0,0,0,0,3,1,0,87,95,81

l0,13=0,92,94,95,99,88,93,77,94,94,54,74,83,61,84,0,77,0,0,84,0,0,0,0,0,0,0,0,0,0,50,0,0,0,0,0,0,0,0,0,0,0,0,0,0
l1,13=93,0,94,97,99,88,93,85,94,87,53,69,90,59,85,0,82,71,0,73,0,0,0,0,0,0,0,0,0,0,27,25,0,0,0,0,0,0,0,0,0,0,0,0,0
l2,13=93,92,0,93,99,88,93,85,95,92,22,88,89,95,82,0,84,68,40,85,49,0,0,14,0,21,43,1,0,0,19,0,0,0,0,0,0,0,0,0,0,0,0,0,0
l3,13=93,92,94,0,99,88,93,89,95,45,16,30,65,58,68,0,79,57,0,75,0,0,0,0,0,0,0,0,0,0,24,24,0,0,0,0,0,0,0,0,4,0,0,0,0
l4,13=93,92,94,97,0,88,93,82,95,95,21,74,68,61,0,0,44,0,0,0,0,0,0,0,0,0,0,0,0,0,28,19,0,0,0,0,0,0,0,0,0,0,0,0,0
l5,13=93,92,94,97,99,0,93,87,94,86,56,42,44,61,74,0,81,51,20,50,34,0,0,0,0,0,0,0,0,0,0,19,0,0,0,0,0,0,0,54,35,0,0,0,0
l6,13=93,92,94,92,96,88,0,91,95,93,55,70,89,62,87,0,84,64,50,86,0,0,0,0,39,0,0,0,0,0,55,0,0,0,0,0,0,0,0,0,0,0,0,0,0
l7,13=88,91,90,92,92,88,92,0,94,94,85,88,89,95,93,0,84,46,90,87,0,18,11,77,80,55,44,0,0,0,12,0,0,0,0,0,0,0,0,0,0,0,0,0,0
l8,13=91,91,94,90,94,86,92,89,0,94,83,88,89,91,92,0,84,68,89,84,31,5,13,47,0,19,56,67,0,0,0,0,0,0,0,0,0,0,0,0,0,0,1,0,0
l9,13=87,87,88,28,90,85,87,83,93,0,85,88,89,95,89,0,84,66,65,87,55,34,1,46,60,26,41,73,0,0,9,14,0,0,0,0,0,0,0,0,0,0,0,0,0
l10,13=52,49,47,47,89,86,86,84,87,92,0,88,90,95,91,0,96,80,87,88,69,0,0,47,48,42,73,75,0,0,24,20,0,0,0,0,0,0,0,0,0,0,0,72,0
l11,13=86,48,89,44,90,86,85,83,95,95,87,0,90,95,89,0,84,0,87,87,57,30,0,23,46,0,73,75,0,0,25,21,0,0,0,0,0,0,0,0,0,0,0,72,0
l12,13=53,87,88,46,89,85,87,86,89,91,88,88,0,95,90,0,91,81,89,87,70,1,13,42,48,42,70,67,0,0,27,0,0,0,0,0,0,0,0,0,0,0,4,50,0
l13,13=79,87,90,48,91,85,87,83,87,95,88,88,90,0,91,0,93,47,90,79,54,22,15,45,45,41,48,55,0,0,0,18,0,0,0,0,0,0,0,0,0,0,0,69,0
l14,13=40,47,13,42,38,84,61,67,90,90,27,31,54,91,0,0,96,94,97,95,100,24,0,8,56,46,87,78,0,0,33,31,0,0,0,0,0,0,5,0,19,18,36,92,19
l15,13=23,46,24,45,65,81,70,67,88,91,88,82,90,92,99,0,0,79,97,94,95,8,42,44,58,68,66,82,0,0,54,42,0,0,0,0,0,0,0,0,9,0,31,65,20
l16,13=0,20,7,37,0,75,56,44,77,15,12,0,38,25,98,0,84,0,97,99,76,1,0,8,1,10,56,53,0,0,33,33,0,69,0,0,0,0,34,90,69,33,0,72,16
l17,13=0,0,1,0,0,79,59,59,85,21,25,18,69,89,99,0,96,98,0,99,100,8,40,49,52,44,69,46,0,0,28,28,0,2,0,0,0,0,0,52,18,10,33,77,1
l18,13=17,14,40,35,0,69,79,76,78,58,27,14,55,63,98,0,94,98,96,0,99,96,48,55,54,21,90,93,0,0,32,16,0,63,0,0,4,0,32,87,69,30,35,87,56
l19,13=0,0,10,0,0,66,0,0,68,77,52,23,70,76,99,0,96,100,97,99,0,55,41,83,95,91,92,81,0,0,58,29,0,25,0,0,0,0,39,85,72,26,38,91,57
l20,13=0,0,0,0,0,0,0,68,49,78,0,73,53,65,83,0,79,72,80,97,83,0,96,92,94,89,82,95,0,0,0,0,69,82,0,75,60,79,87,53,3,28,83,84,81
l21,13=0,0,0,0,0,0,0,68,82,12,0,0,79,86,55,0,88,1,88,94,85,97,0,92,94,85,87,95,0,0,0,0,71,81,0,13,0,0,77,0,0,0,88,90,86
l22,13=0,0,0,0,0,0,0,69,81,75,71,23,70,79,66,0,74,73,79,90,85,97,84,0,95,90,93,96,0,0,0,12,84,83,0,83,82,65,82,83,7,24,87,89,79
l23,13=0,0,0,0,0,0,57,67,0,73,71,24,83,69,91,0,91,71,93,94,98,96,94,93,0,91,93,93,0,0,19,21,83,80,0,85,24,0,88,78,50,85,95,98,90
l24,13=0,0,31,0,0,0,0,76,72,77,61,0,84,81,98,0,91,78,92,82,98,97,51,93,95,0,93,93,0,0,23,18,72,83,0,81,50,0,64,81,68,22,94,97,93
l25,13=0,0,34,0,0,0,0,63,73,62,40,43,51,71,91,0,64,59,78,95,91,51,69,93,95,91,0,75,0,0,22,0,69,57,0,82,48,24,0,76,46,25,96,98,90
l26,13=0,0,0,0,0,0,0,44,73,73,67,68,71,75,77,0,87,75,78,97,74,96,96,92,92,89,76,0,0,0,29,1,89,88,0,93,82,78,92,85,69,47,79,90,87
l27,13=13,21,3,20,88,0,75,26,0,25,9,12,35,0,86,0,92,100,38,37,51,0,0,0,1,6,55,26,0,0,0,96,48,65,0,83,10,1,46,93,72,31,0,0,0
l28,13=1,21,0,45,82,84,0,8,0,27,11,12,3,41,85,0,94,100,97,35,47,0,0,5,9,18,0,1,0,0,100,0,0,76,0,90,18,12,50,87,72,32,18,61,7
l29,13=0,0,0,0,0,0,0,0,0,0,0,0,0,0,0,0,0,0,0,0,0,44,17,67,83,66,76,88,0,0,75,0,0,91,0,94,91,93,94,93,92,48,2,63,0
l30,13=0,0,0,0,0,0,0,0,0,0,0,0,0,0,0,0,0,75,13,29,7,82,39,31,34,57,59,88,0,0,32,23,93,0,0,94,90,77,94,93,92,91,0,0,0
l31,13=0,0,0,0,0,0,0,0,0,0,0,0,0,0,0,0,0,0,0,0,0,38,0,76,81,68,72,77,0,0,76,61,93,91,0,0,91,93,93,81,85,86,0,0,0
l32,13=0,0,0,0,0,0,0,0,0,0,0,0,0,0,0,0,0,3,0,4,0,45,0,73,26,56,70,73,0,0,25,67,92,91,0,94,0,93,94,93,88,92,5,0,0
l33,13=0,0,0,0,0,0,0,0,0,0,0,0,0,0,0,0,0,61,0,0,0,75,0,71,0,0,67,66,0,0,32,64,93,78,0,94,91,0,94,83,85,71,0,0,0
l34,13=0,0,0,0,0,0,0,0,0,0,0,0,0,0,33,0,0,78,0,30,38,90,34,55,49,56,0,92,0,0,36,58,93,91,0,94,91,93,0,93,99,98,0,52,27
l35,13=0,0,0,0,0,53,0,0,0,0,0,0,0,0,0,0,0,84,25,33,37,11,0,27,13,21,68,84,0,0,58,11,93,91,0,91,91,89,94,0,99,98,23,48,0
l36,13=0,0,0,0,0,56,0,0,0,0,0,0,6,0,73,0,30,98,23,59,51,0,0,0,13,24,76,58,0,0,100,27,77,91,0,94,18,37,94,93,0,98,8,0,0
l37,13=0,0,0,0,54,0,0,0,0,0,0,0,0,0,64,0,18,96,22,34,37,42,0,13,31,20,68,60,0,0,61,80,63,91,0,94,91,24,94,93,99,0,23,54,0
l38,13=0,0,0,0,0,0,0,0,0,0,0,0,5,0,84,0,66,0,69,79,76,24,35,90,94,87,90,71,0,0,0,8,0,0,0,0,0,0,0,31,0,14,0,98,93
l39,13=0,0,0,0,0,0,0,0,0,0,21,15,37,72,89,0,65,84,72,82,55,9,10,78,94,71,90,79,0,0,0,16,54,0,0,0,0,0,13,19,0,2,95,0,93
l40,13=0,0,0,0,0,0,0,0,0,0,0,0,0,0,81,0,68,82,0,79,78,81,73,78,90,89,88,88,0,0,0,2,0,0,0,0,0,0,48,0,0,0,95,97,0
l41,13=0,0,0,0,0,0,0,0,0,0,42,0,66,61,89,0,77,95,97,97,97,52,13,87,95,91,83,83,0,0,21,9,55,39,0,0,0,0,27,0,19,28,97,98,94
l42,13=0,0,0,0,0,0,0,0,0,0,0,0,0,0,91,0,0,0,63,94,49,0,45,92,94,89,92,89,0,0,0,0,0,52,0,31,0,0,43,30,0,1,97,98,93
l43,13=0,0,0,0,0,0,0,0,0,0,0,0,36,0,72,0,69,27,57,76,73,90,60,89,90,86,90,86,0,0,0,0,0,50,0,0,60,0,51,0,0,0,95,97,86
l44,13=0,0,0,0,0,0,0,0,0,0,3,0,0,0,86,0,79,7,72,82,80,93,74,90,94,88,86,83,0,0,0,2,46,69,0,0,0,0,0,59,45,12,95,97,92

l0,14=0,100,100,100,100,57,100,100,93,65,100,100,64,73,91,0,2,78,59,0,0,0,0,0,0,0,0,0,0,0,44,0,0,0,0,0,0,0,0,0,0,0,0,0,0
l1,14=99,0,100,100,100,94,100,100,100,66,100,100,100,76,0,0,48,55,55,75,0,0,0,0,0,0,0,0,0,0,0,53,0,0,0,0,0,0,0,0,0,0,0,0,0
l2,14=99,100,0,100,100,94,100,100,100,100,100,100,74,81,98,0,48,57,60,76,0,0,0,0,0,52,62,0,0,0,47,0,0,0,0,0,0,0,0,0,0,0,0,0,0
l3,14=87,100,98,0,100,94,100,100,71,59,100,29,67,76,63,0,47,0,55,0,0,0,0,0,0,0,0,0,0,0,44,26,0,0,0,0,0,0,0,0,0,0,0,0,0
l4,14=99,64,100,100,0,78,100,100,93,68,100,100,67,76,97,0,48,53,58,0,0,0,0,0,0,0,0,0,0,0,49,58,0,0,0,0,0,0,0,0,0,0,0,0,0
l5,14=99,100,100,100,100,0,100,100,42,68,100,100,67,100,96,0,42,49,62,65,0,0,0,0,0,0,0,0,0,0,47,59,0,0,0,0,0,0,0,2,78,0,0,0,0
l6,14=99,64,100,100,77,94,0,100,100,68,100,100,67,80,0,0,48,3,63,77,0,0,0,0,0,0,0,0,0,0,46,11,0,0,0,0,0,0,0,0,0,0,0,0,0
l7,14=99,100,100,100,100,94,100,0,100,100,100,100,100,100,98,0,100,0,100,84,51,0,0,80,35,48,64,0,0,0,0,1,0,0,0,0,0,0,0,0,0,0,0,0,0
l8,14=99,100,100,100,100,49,100,100,0,100,100,100,100,81,98,0,62,53,100,71,0,80,0,80,35,49,94,71,0,0,40,0,0,0,0,0,0,0,0,0,0,0,0,33,0
l9,14=59,62,100,49,100,94,100,100,100,0,100,100,100,100,95,0,100,60,0,100,36,76,0,70,73,38,35,95,0,0,10,0,0,0,0,0,0,0,0,0,0,0,0,0,0
l10,14=58,70,91,94,95,94,100,100,100,100,0,100,100,100,88,0,100,61,100,77,94,0,0,94,72,56,66,49,0,0,79,24,0,0,0,0,0,0,0,0,86,0,55,0,0
l11,14=99,100,100,1,100,94,100,100,100,100,100,0,100,100,98,0,100,44,100,100,85,85,0,71,41,46,70,81,0,0,0,32,0,0,0,0,0,0,0,0,0,1,0,34,0
l12,14=44,100,100,87,100,93,100,100,100,100,100,100,0,100,98,0,100,49,100,100,98,79,81,72,99,100,65,0,0,0,2,52,0,0,0,0,0,0,0,0,0,0,0,48,0
l13,14=59,97,100,95,100,94,100,100,75,100,100,100,100,0,98,0,100,41,98,76,42,51,0,2,74,56,2,42,0,0,12,32,0,0,0,0,0,0,0,0,0,0,0,38,0
l14,14=40,0,85,18,57,83,0,58,68,89,85,90,98,90,0,0,100,60,100,99,100,29,0,91,70,57,67,60,0,0,95,63,0,29,0,0,0,0,0,31,92,55,28,54,80
l15,14=16,74,78,52,44,69,62,60,69,100,100,100,100,100,98,0,0,34,100,81,100,93,0,97,38,57,65,96,0,0,99,64,0,0,0,0,0,0,18,3,0,0,0,43,76
l16,14=46,65,90,0,62,73,1,0,21,57,87,89,91,85,98,0,81,0,82,100,100,0,0,59,41,30,33,54,0,0,100,65,18,25,0,50,0,0,0,62,100,89,21,38,68
l17,14=50,52,73,48,54,84,60,72,99,0,99,100,100,98,98,0,100,99,0,100,100,0,86,94,97,100,42,61,0,0,62,99,0,33,0,0,0,0,22,0,87,53,47,56,81
l18,14=0,67,83,0,0,83,61,53,54,98,97,98,98,90,96,0,97,99,100,0,99,99,95,97,95,60,100,97,0,0,98,74,31,0,0,0,0,0,58,58,99,95,98,94,83
l19,14=1,0,0,0,0,0,0,61,0,63,97,98,98,96,98,0,99,99,100,100,0,98,11,97,99,100,100,97,0,0,98,64,0,0,0,0,0,0,0,90,99,96,60,60,84
l20,14=0,0,0,0,0,0,0,0,91,85,0,93,91,76,90,0,97,0,0,98,95,0,97,97,95,98,99,97,0,0,0,0,90,97,0,65,91,86,98,93,0,90,98,76,93
l21,14=0,0,0,0,0,0,0,5,0,8,0,0,98,0,58,0,0,0,98,98,56,99,0,97,95,98,100,98,0,0,0,0,97,0,0,0,9,0,88,0,0,0,8,1,97
l22,14=0,0,0,0,0,0,0,94,95,93,92,85,91,13,91,0,95,84,98,98,99,99,92,0,99,99,100,100,0,0,0,56,84,93,0,90,97,53,97,93,88,66,98,72,78
l23,14=0,0,0,0,0,0,0,46,58,89,92,87,98,91,96,0,55,92,98,98,99,98,97,99,0,100,100,97,0,0,82,90,97,98,0,96,86,56,95,69,0,97,98,98,97
l24,14=0,0,73,0,0,0,14,55,61,89,97,92,98,97,96,0,97,53,98,98,99,99,96,99,99,0,100,97,0,0,91,58,62,82,0,31,84,0,58,87,96,96,99,98,97
l25,14=0,0,50,0,0,0,0,86,98,74,97,98,98,22,96,0,97,96,98,99,99,99,97,99,99,100,0,97,0,0,0,0,97,73,0,96,97,87,98,96,97,80,98,99,97
l26,14=0,0,0,0,0,0,0,18,95,94,84,95,1,94,93,0,97,91,95,98,95,99,97,99,95,98,99,0,0,0,86,0,97,98,0,96,94,95,98,96,89,94,97,97,97
l27,14=62,0,89,86,100,94,56,0,30,52,96,0,59,78,98,0,88,99,50,83,100,0,0,0,42,54,0,55,0,0,0,99,62,53,0,62,57,50,63,65,100,98,2,40,0
l28,14=0,37,0,47,63,94,13,11,0,0,70,95,99,72,98,0,100,61,63,83,100,0,0,39,70,29,0,0,0,0,100,0,46,30,0,64,57,2,30,91,100,98,0,0,0
l29,14=0,0,0,0,0,0,0,0,0,0,0,0,0,0,0,0,0,35,0,77,0,81,44,52,89,87,92,98,0,0,87,91,0,100,0,98,100,100,100,100,100,100,0,48,0
l30,14=0,0,0,0,0,0,0,0,0,0,0,0,0,0,78,0,0,47,54,0,0,66,0,53,95,96,60,60,0,0,55,84,100,0,0,98,100,100,100,99,100,100,0,45,62
l31,14=0,0,0,0,0,0,0,0,0,0,0,0,0,0,0,0,0,45,0,3,0,62,0,73,83,24,85,87,0,0,75,86,100,100,0,0,100,100,100,91,99,100,0,0,48
l32,14=0,0,0,0,0,0,0,0,0,0,0,0,0,0,0,0,0,0,0,0,0,89,0,86,80,82,93,85,0,0,79,92,100,100,0,98,0,100,100,100,85,100,0,0,0
l33,14=0,0,0,0,0,0,0,0,0,0,0,0,0,0,0,0,0,0,0,0,0,79,0,72,82,0,90,88,0,0,83,18,100,90,0,98,100,0,93,93,93,86,0,0,0
l34,14=0,0,0,0,0,0,0,0,0,0,0,0,0,0,0,0,36,0,34,94,0,68,32,60,97,52,65,60,0,0,66,67,100,100,0,98,100,100,0,100,100,100,0,0,0
l35,14=0,0,0,0,0,58,0,0,0,0,0,0,0,0,84,0,2,60,10,92,97,66,0,56,83,94,69,60,0,0,66,98,100,100,0,63,100,99,100,0,100,100,1,38,0
l36,14=0,0,0,0,48,82,0,0,0,0,82,0,0,0,96,0,0,99,45,100,100,0,0,55,0,59,53,57,0,0,100,65,100,100,0,98,57,100,100,100,0,100,0,31,0
l37,14=0,0,0,0,46,0,0,0,0,0,0,10,0,0,87,0,0,57,43,100,88,60,0,33,96,56,47,52,0,0,100,99,100,100,0,98,100,57,100,100,100,0,29,25,0
l38,14=0,0,0,0,0,0,0,0,0,0,85,0,0,0,85,0,0,41,84,95,88,88,0,94,95,98,100,91,0,0,0,0,0,0,0,0,0,0,0,0,0,19,0,99,97
l39,14=0,0,0,0,0,0,0,0,16,0,0,81,88,85,86,0,65,59,73,88,89,52,0,84,92,90,100,90,0,0,53,0,30,23,0,0,0,0,0,45,51,6,99,0,97
l40,14=0,0,0,0,0,0,0,0,0,0,0,0,0,0,91,0,90,90,84,91,92,86,74,86,94,96,98,96,0,0,0,0,0,12,0,0,0,0,0,0,0,0,98,98,0
l41,14=0,0,0,0,0,0,0,0,0,86,88,83,91,0,91,0,93,96,96,90,99,88,0,97,97,98,100,95,0,0,56,0,51,23,0,0,0,0,0,52,46,87,98,100,93
l42,14=0,0,0,0,0,0,0,0,0,0,0,0,25,0,94,0,93,0,95,98,0,50,94,97,95,98,100,97,0,0,0,0,25,0,0,0,8,0,0,0,0,0,98,98,97
l43,14=0,0,0,0,0,0,0,0,0,0,3,0,0,0,0,0,0,85,47,79,83,94,44,94,94,96,98,95,0,0,0,0,84,85,0,77,75,0,84,74,0,0,98,98,97
l44,14=0,0,0,0,0,0,0,0,0,0,0,0,88,0,89,0,92,0,90,97,91,98,79,95,95,97,99,92,0,0,0,0,25,78,0,0,0,0,0,0,65,0,98,98,97

l0,15=0,100,60,98,100,100,95,63,100,100,91,62,100,100,74,0,54,1,94,66,0,0,0,0,0,0,0,0,0,0,100,90,0,0,0,0,0,0,0,0,0,0,0,0,0
l1,15=100,0,100,98,100,100,100,100,100,100,91,100,100,100,0,0,64,100,100,80,0,0,0,0,0,0,0,0,0,0,100,0,0,0,0,0,0,0,0,0,0,0,0,0,0
l2,15=100,100,0,76,97,100,100,100,100,100,91,100,100,100,60,0,64,100,100,80,4,0,0,0,0,74,0,1,0,0,100,0,0,0,0,0,0,0,0,0,0,0,0,0,0
l3,15=100,100,60,0,100,100,95,63,100,100,91,57,100,63,50,0,8,97,99,0,0,0,0,0,0,0,0,0,0,0,100,94,0,0,0,0,0,0,0,0,0,0,0,0,0
l4,15=100,100,53,98,0,100,95,63,100,100,91,62,66,100,50,0,64,91,99,72,0,0,0,0,0,0,0,0,0,0,100,0,0,0,0,0,0,0,0,0,0,0,0,0,0
l5,15=100,100,100,98,100,0,100,63,98,100,91,62,100,100,55,0,64,0,100,72,32,0,0,0,0,0,0,0,0,0,97,95,0,0,0,0,0,0,0,0,55,0,0,0,0
l6,15=100,86,60,76,97,100,0,63,100,100,91,62,100,100,46,0,64,100,100,74,25,59,0,0,13,0,0,0,0,0,99,0,0,0,0,0,0,0,0,0,0,0,0,0,0
l7,15=100,100,100,98,100,100,100,0,100,100,100,100,100,100,100,0,100,97,100,99,100,100,0,73,0,95,52,98,0,0,0,54,0,0,0,0,0,0,0,0,0,0,0,0,0
l8,15=100,95,100,76,100,98,100,100,0,100,100,100,100,100,100,0,64,97,100,80,67,60,0,69,71,54,60,94,0,0,0,95,0,0,0,0,0,0,0,0,0,0,49,0,0
l9,15=100,100,100,98,100,100,100,100,100,0,100,100,100,100,64,0,99,97,100,99,40,60,0,89,48,73,36,81,0,0,0,1,0,0,0,0,0,0,0,0,0,0,0,57,0
l10,15=95,93,74,86,56,100,97,99,100,100,0,100,100,100,97,0,96,98,100,98,39,0,0,94,96,77,61,57,0,0,0,0,0,0,0,0,0,0,0,0,56,0,83,57,79
l11,15=100,100,100,52,100,100,100,100,100,100,100,0,100,100,100,0,100,97,100,99,100,61,0,0,96,73,46,47,0,0,87,94,0,0,0,0,0,0,0,0,0,11,35,58,0
l12,15=100,100,77,97,52,100,100,100,100,100,100,100,0,100,67,0,100,98,100,99,95,62,54,74,98,98,59,0,0,0,95,49,0,0,0,0,0,0,0,0,0,0,21,56,0
l13,15=100,100,100,60,100,100,100,100,100,100,100,100,100,0,83,0,100,98,99,98,0,61,0,51,94,74,0,57,0,0,85,57,0,0,0,0,0,0,0,0,0,0,0,0,0
l14,15=40,0,68,16,42,94,37,96,99,93,95,91,62,62,0,0,100,98,100,99,96,0,0,90,96,76,59,58,0,0,95,100,0,27,0,0,0,0,0,47,50,43,85,60,61
l15,15=57,97,77,0,54,97,100,100,94,95,97,100,100,63,100,0,0,95,100,99,97,62,31,82,97,71,62,58,0,0,93,100,0,32,0,0,0,0,22,21,60,0,57,60,84
l16,15=0,97,78,16,53,0,55,60,68,96,99,90,66,56,100,0,59,0,100,99,100,34,0,82,88,18,44,44,0,0,100,100,41,44,0,42,0,0,61,60,57,76,57,63,88
l17,15=42,74,74,15,44,98,95,100,100,98,100,100,100,62,100,0,100,100,0,99,100,63,31,54,98,98,62,50,0,0,99,100,0,1,0,0,0,0,0,0,69,68,90,63,19
l18,15=41,75,60,0,42,77,41,99,98,98,98,99,65,62,99,0,99,100,100,0,100,97,60,95,97,76,97,60,0,0,97,100,0,0,0,0,0,0,64,57,70,45,90,91,88
l19,15=0,0,4,0,0,80,43,98,87,65,70,99,65,0,100,0,99,100,100,99,0,56,37,95,97,97,97,0,0,0,84,100,9,0,0,0,0,0,54,51,61,83,75,63,88
l20,15=0,0,0,0,0,0,51,93,50,67,0,94,87,86,2,0,98,51,93,99,94,0,100,96,94,98,95,100,0,0,0,0,64,96,0,0,87,74,96,90,0,38,93,95,85
l21,15=0,0,0,0,0,0,0,51,0,3,0,0,97,45,0,0,96,0,91,98,37,100,0,94,97,90,97,100,0,0,0,0,80,0,0,0,55,0,65,0,0,0,89,95,87
l22,15=0,0,0,0,0,0,0,74,80,71,81,0,82,34,84,0,83,60,68,86,80,100,80,0,98,98,98,100,0,0,0,0,76,41,0,0,73,56,81,42,51,51,97,80,70
l23,15=0,0,0,0,0,0,0,0,77,64,82,83,85,68,89,0,83,81,81,78,85,87,83,96,0,98,98,81,0,0,65,87,79,86,0,82,65,62,43,79,45,52,81,83,80
l24,15=0,0,33,0,0,0,0,79,55,81,86,79,85,79,92,0,84,60,85,78,87,89,83,87,98,0,98,80,0,0,77,84,46,59,0,75,75,0,51,81,84,76,81,81,79
l25,15=0,0,0,0,0,0,0,58,85,60,81,63,84,0,89,0,83,78,74,98,88,85,80,96,98,98,0,92,0,0,30,0,76,36,0,52,73,74,66,81,83,41,97,99,69
l26,15=0,0,0,0,0,0,0,90,84,89,75,61,6,92,89,0,96,58,73,97,0,100,98,95,97,96,97,0,0,0,0,1,96,95,0,75,49,94,93,93,88,47,97,79,96
l27,15=100,94,77,61,59,99,57,0,0,0,0,96,66,48,48,0,58,100,100,91,61,0,0,0,84,52,15,0,0,0,0,100,4,20,0,68,99,99,65,61,79,100,0,63,0
l28,15=97,0,0,58,0,100,0,56,75,0,0,98,62,53,64,0,100,100,100,99,94,0,0,0,89,52,0,0,0,0,100,0,45,45,0,68,100,100,65,61,70,100,0,60,0
l29,15=0,0,0,0,0,0,0,0,0,0,0,0,0,0,0,0,0,87,0,0,0,44,44,96,98,58,98,100,0,0,15,100,0,100,0,100,100,100,100,100,100,100,54,88,0
l30,15=0,0,0,0,0,0,0,0,0,0,0,0,0,0,53,0,57,95,60,0,0,61,0,92,88,62,53,93,0,0,28,97,100,0,0,100,100,100,100,100,100,100,0,88,85
l31,15=0,0,0,0,0,0,0,0,0,0,0,0,0,0,0,0,0,86,0,0,0,0,0,0,94,94,77,87,0,0,95,95,100,100,0,0,100,100,100,100,100,100,42,0,79
l32,15=0,0,0,0,0,0,0,0,0,0,0,0,0,0,0,0,0,0,0,0,0,95,23,95,93,94,97,72,0,0,95,98,100,100,0,100,0,100,100,100,100,100,0,1,69
l33,15=0,0,0,0,0,0,0,0,0,0,0,0,0,0,0,0,0,0,0,0,0,95,0,90,83,0,89,96,0,0,95,95,100,94,0,100,100,0,96,94,93,93,0,0,0
l34,15=0,0,0,0,0,0,0,0,0,0,0,0,0,0,0,0,16,88,0,90,55,60,36,95,80,57,60,91,0,0,99,97,100,100,0,100,100,100,0,100,100,100,50,0,80
l35,15=0,0,0,0,0,0,0,0,0,0,0,0,0,0,41,0,34,100,0,90,62,41,0,94,88,54,60,58,0,0,100,97,100,100,0,100,100,100,100,0,100,100,26,56,49
l36,15=0,0,0,0,3,94,0,0,0,0,62,0,0,0,47,0,59,98,99,91,63,0,0,95,83,52,43,58,0,0,100,100,63,100,0,97,100,100,100,100,0,100,0,0,0
l37,15=0,0,0,0,0,0,0,0,0,0,0,23,0,0,42,0,0,99,88,88,63,32,0,92,72,63,39,49,0,0,100,98,100,100,0,100,100,100,100,100,100,0,33,0,0
l38,15=0,0,0,0,0,0,0,0,5,0,65,17,26,0,61,0,56,50,87,93,45,94,27,86,94,96,94,94,0,0,0,0,51,0,0,2,0,0,33,0,0,2,0,99,96
l39,15=0,0,0,0,0,0,0,0,0,31,62,35,27,0,79,0,65,51,68,72,74,54,59,67,81,72,80,46,0,0,53,35,26,30,0,0,0,0,0,3,0,0,98,0,80
l40,15=0,0,0,0,0,0,0,0,0,0,56,0,0,0,45,0,78,75,18,74,77,68,50,68,95,75,76,79,0,0,0,0,0,29,0,36,1,0,36,0,0,0,97,99,0
l41,15=0,0,0,0,0,0,0,29,36,60,69,42,35,68,91,0,78,87,85,74,87,58,13,80,98,86,84,82,0,0,59,0,0,40,0,0,0,0,0,0,1,26,96,100,80
l42,15=0,0,0,0,0,0,0,0,0,0,0,0,22,0,61,0,55,51,53,76,0,83,60,80,97,83,76,79,0,0,0,0,0,3,0,0,50,0,34,0,0,0,97,99,98
l43,15=0,0,0,0,0,0,0,0,0,0,0,0,0,0,52,0,0,28,48,54,54,53,0,77,72,76,93,54,0,0,0,0,0,58,0,54,46,0,49,47,7,0,94,96,96
l44,15=0,0,0,0,0,0,0,0,0,0,0,0,5,0,55,0,72,0,22,75,45,95,60,78,97,92,96,78,0,0,0,0,50,65,0,0,46,0,0,0,25,0,97,99,97

