l0,0=0,89,91,82,92,89,86,85,84,86,86,86,86,80,11,0,79,3,78,8,0,0,0,0,0,0,0,0,0,0,74,71,0,0,0,0,0,0,0,0,24,0,0,0,0
l1,0=84,0,85,87,86,89,93,87,88,85,39,87,86,84,59,0,63,71,65,59,0,0,0,0,0,0,0,0,0,0,0,53,0,0,0,0,0,0,0,0,33,0,0,0,0
l2,0=88,89,0,81,80,88,93,91,90,85,85,86,86,83,65,0,84,37,65,64,68,1,0,0,0,6,46,0,0,0,0,50,0,0,0,0,0,0,0,0,0,0,0,0,0
l3,0=85,93,85,0,92,88,93,78,88,85,37,86,86,79,23,0,80,79,67,50,0,0,0,0,0,0,0,0,0,0,71,67,0,0,0,0,0,0,0,0,0,4,0,0,0
l4,0=89,86,80,87,0,89,93,85,81,86,81,83,85,82,70,0,63,1,69,0,0,0,0,0,0,0,0,0,0,0,74,64,0,0,0,0,0,0,0,0,0,0,0,0,0
l5,0=88,90,89,80,92,0,87,86,82,81,37,86,86,78,60,0,59,58,68,54,60,0,0,0,0,0,0,0,0,0,66,0,0,0,0,0,0,0,0,0,39,0,0,0,0
l6,0=84,92,90,83,91,88,0,91,89,89,85,79,86,83,82,0,84,75,84,72,75,0,0,0,0,0,1,0,0,0,62,0,0,0,0,0,0,0,0,0,0,0,0,0,0
l7,0=86,90,89,58,90,88,91,0,88,89,85,87,86,83,85,0,85,0,87,80,81,0,62,63,49,67,67,0,0,0,51,0,0,0,0,0,0,0,0,0,0,0,0,18,0
l8,0=82,90,91,83,86,88,90,91,0,90,85,88,86,83,81,0,84,70,85,76,71,0,57,22,18,35,52,51,0,0,0,0,0,0,0,0,0,0,0,0,0,0,0,15,0
l9,0=84,89,84,74,86,88,88,86,90,0,85,88,85,84,82,0,84,26,71,29,69,44,0,27,15,44,44,0,0,0,0,25,0,0,0,0,0,0,0,0,0,0,0,0,0
l10,0=52,53,84,2,32,28,75,87,77,86,0,80,88,50,69,0,89,73,89,81,86,6,29,27,27,83,60,70,0,0,60,58,0,0,0,0,0,0,0,0,14,0,40,22,0
l11,0=78,91,84,78,60,88,81,89,90,91,81,0,88,84,81,0,86,59,39,72,82,42,9,0,23,0,53,63,0,0,51,35,0,0,0,0,0,0,0,0,0,0,0,0,0
l12,0=84,91,86,75,86,89,87,87,85,82,91,88,0,84,83,0,84,69,82,76,89,0,0,3,23,48,65,61,0,0,48,0,0,0,0,0,0,0,0,0,22,0,0,0,15
l13,0=78,93,90,74,91,88,90,93,90,91,70,88,88,0,85,0,86,73,91,64,81,58,12,67,0,63,0,0,0,0,0,36,0,0,0,0,0,0,0,0,0,0,0,1,0
l14,0=0,32,39,0,9,22,56,71,68,49,39,44,55,57,0,0,89,88,95,88,100,0,8,30,24,78,55,73,0,0,84,71,0,13,0,0,0,0,0,0,36,11,53,29,28
l15,0=4,33,72,69,7,23,59,81,65,46,90,88,84,84,91,0,0,75,95,71,96,80,26,29,24,85,61,75,0,0,73,59,12,0,0,0,0,0,0,1,35,0,47,25,6
l16,0=0,39,43,58,1,17,42,0,66,19,41,44,47,48,90,0,81,0,95,88,99,0,0,8,32,76,39,0,0,0,91,88,3,11,0,0,0,13,4,0,67,84,54,31,1
l17,0=25,49,62,60,22,22,56,74,65,43,50,31,54,54,92,0,90,90,0,88,100,77,0,25,35,70,69,72,0,0,70,60,0,0,0,0,0,0,0,0,48,61,51,26,27
l18,0=0,25,38,0,0,9,49,71,65,9,50,37,47,33,92,0,69,90,93,0,100,99,34,33,52,91,87,84,0,0,38,60,0,24,0,32,0,1,4,0,61,55,61,31,31
l19,0=0,0,40,0,0,14,39,46,63,41,51,71,86,46,92,0,90,90,95,88,0,71,22,48,51,91,76,69,0,0,90,85,0,11,0,0,0,0,0,5,81,31,0,45,50
l20,0=0,0,10,0,0,0,0,68,55,55,15,57,11,53,41,0,85,0,79,88,81,0,100,98,88,90,85,97,0,0,0,0,72,77,0,89,80,0,79,46,0,72,82,88,90
l21,0=0,0,0,0,0,0,0,81,81,0,62,30,0,0,72,0,84,0,0,88,76,100,0,98,88,88,86,96,0,0,0,0,63,91,0,0,59,0,75,67,0,0,0,0,90
l22,0=0,0,0,0,0,0,0,72,63,58,62,0,52,56,72,0,82,65,70,83,76,99,80,0,88,80,89,95,0,0,0,39,78,83,0,78,77,72,75,65,66,71,75,83,81
l23,0=0,0,0,0,0,0,0,66,43,26,66,58,12,0,74,0,75,78,79,85,86,89,90,98,0,91,89,90,0,0,0,52,74,43,0,2,0,0,65,18,75,82,84,92,91
l24,0=0,0,8,0,0,0,0,70,52,36,78,29,67,62,80,0,80,75,72,87,89,99,78,51,91,0,88,89,0,0,0,1,32,90,0,39,39,11,52,72,73,0,87,92,33
l25,0=0,0,41,0,0,0,0,71,61,24,66,48,66,1,36,0,77,63,77,88,84,89,89,99,91,91,0,91,0,0,24,0,83,79,0,38,75,68,64,77,48,71,87,92,91
l26,0=0,0,0,0,0,0,0,0,64,0,65,59,60,28,73,0,80,0,73,85,80,100,97,98,88,90,86,0,0,0,28,0,86,90,0,91,83,82,87,86,67,72,71,63,92
l27,0=1,1,0,67,11,18,27,34,0,0,39,26,29,0,67,0,33,90,80,51,91,0,0,0,0,0,3,0,0,0,0,88,13,55,0,47,0,20,8,55,46,89,0,1,1
l28,0=1,32,39,63,9,0,0,0,0,30,35,30,14,31,48,0,26,90,76,75,91,0,0,15,10,0,0,0,0,0,91,0,49,56,0,46,41,25,32,31,86,96,0,0,22
l29,0=0,0,0,0,0,0,0,0,0,0,0,0,0,0,0,0,23,20,0,0,0,49,14,93,54,24,80,96,0,0,73,87,0,99,0,99,98,100,96,99,90,97,0,10,30
l30,0=0,0,0,0,0,0,0,0,0,0,0,0,0,0,18,0,0,25,0,41,0,73,49,85,19,51,67,90,0,0,91,88,96,0,0,99,98,100,96,99,90,97,32,15,0
l31,0=0,0,0,0,0,0,0,0,0,0,0,0,0,0,0,0,0,0,0,60,0,61,0,68,6,25,29,91,0,0,86,76,96,99,0,0,98,100,96,99,90,97,0,0,0
l32,0=0,0,0,0,0,0,0,0,0,0,0,0,0,0,0,0,0,0,0,0,0,55,22,88,0,39,62,82,0,0,0,74,96,99,0,99,0,100,96,98,82,88,0,0,0
l33,0=0,0,0,0,0,0,0,0,0,0,0,0,0,0,0,0,0,25,0,0,0,0,0,69,0,0,32,55,0,0,70,72,96,99,0,99,98,0,95,95,84,27,0,0,0
l34,0=0,0,0,0,0,0,0,0,0,0,0,0,0,0,0,0,0,58,0,82,0,93,81,91,74,79,71,93,0,0,91,84,96,99,0,99,98,100,0,99,90,97,24,26,0
l35,0=0,0,0,0,0,0,0,0,0,0,0,0,0,0,30,0,20,29,0,16,22,6,21,27,13,53,69,58,0,0,91,83,96,99,0,99,98,62,96,0,90,97,11,0,0
l36,0=0,1,0,0,0,2,0,0,0,0,23,0,0,0,46,0,31,36,70,87,94,0,0,29,28,52,34,41,0,0,76,83,54,99,0,64,51,38,66,99,0,97,0,1,0
l37,0=0,0,0,2,0,0,0,0,0,0,0,0,0,0,32,0,8,37,71,87,84,80,0,33,42,1,75,52,0,0,91,88,93,99,0,99,55,24,96,99,90,0,17,0,0
l38,0=0,0,0,0,0,0,0,0,0,0,61,0,0,0,74,0,74,70,78,75,0,88,0,83,85,89,78,86,0,0,0,0,0,81,0,0,0,0,0,1,0,13,0,92,91
l39,0=0,0,0,0,0,0,0,13,20,0,33,0,0,0,74,0,72,70,74,85,79,84,5,90,88,90,84,64,0,0,6,0,3,35,0,0,0,0,0,0,10,0,87,0,91
l40,0=0,0,0,0,0,0,0,0,0,0,3,0,10,0,71,0,10,64,69,76,80,84,76,77,88,78,77,93,0,0,22,60,25,0,0,0,0,0,0,0,0,0,87,92,0
l41,0=0,0,0,0,0,0,0,0,0,32,66,0,18,30,77,0,79,77,92,88,90,1,44,92,89,90,81,90,0,0,67,52,42,0,0,0,0,0,0,5,8,42,88,93,92
l42,0=0,0,0,0,0,0,0,0,0,1,8,0,0,0,67,0,66,68,69,77,74,87,0,91,88,89,81,88,0,0,0,0,0,0,0,28,0,0,30,0,0,0,87,92,91
l43,0=0,0,0,0,0,0,0,0,0,0,50,0,0,0,9,0,59,50,62,71,60,85,71,86,86,89,80,89,0,0,0,0,66,73,0,20,57,0,61,0,0,0,87,91,91
l44,0=0,0,0,0,0,0,0,0,0,0,0,32,50,0,73,0,45,69,76,73,73,88,80,85,88,88,75,86,0,0,0,0,0,63,0,0,0,0,0,0,0,0,87,83,92

l0,1=0,87,82,87,85,83,84,87,80,81,76,72,82,85,51,0,65,6,0,0,0,0,0,0,0,0,0,0,0,0,72,58,0,0,0,0,0,0,0,0,0,0,0,0,0
l1,1=88,0,75,90,86,83,89,87,86,80,70,72,72,89,10,0,0,69,26,61,32,0,0,0,0,0,0,0,0,0,72,65,0,0,0,0,0,0,0,0,0,0,0,0,0
l2,1=87,86,0,89,85,81,88,92,87,83,74,72,82,91,65,0,61,68,60,54,33,0,0,0,0,55,0,0,0,0,0,41,0,0,0,0,0,0,0,0,0,0,0,0,0
l3,1=87,87,79,0,88,83,88,78,81,59,76,72,82,86,55,0,0,55,54,0,0,0,0,0,0,0,0,0,0,0,76,61,0,0,0,0,0,0,0,0,40,0,0,0,0
l4,1=89,87,75,93,0,83,84,62,70,78,72,69,82,86,25,0,0,18,0,0,0,0,0,0,0,0,0,0,0,0,74,28,0,0,0,0,0,0,0,0,0,0,0,0,0
l5,1=87,87,80,87,87,0,85,87,80,67,76,54,82,86,59,0,61,53,19,31,0,0,0,0,0,0,0,0,0,0,72,36,0,0,0,0,0,0,0,0,43,14,0,0,0
l6,1=87,87,80,90,84,83,0,92,87,78,76,55,83,85,72,0,74,65,67,72,35,0,0,0,0,0,0,0,0,0,62,0,0,0,0,0,0,0,0,0,0,0,0,0,0
l7,1=86,87,79,74,57,81,87,0,87,84,76,72,82,91,68,0,75,0,60,54,46,45,34,63,0,68,66,12,0,0,3,0,0,0,0,0,0,0,0,0,0,0,0,37,0
l8,1=77,87,81,81,56,81,87,92,0,84,74,72,82,91,75,0,71,64,68,67,20,50,30,57,37,53,57,1,0,0,31,35,0,0,0,0,0,0,0,0,0,0,0,0,0
l9,1=85,85,75,63,62,64,76,92,86,0,76,73,82,92,69,0,51,56,69,57,48,40,0,0,57,4,52,35,0,0,0,40,0,0,0,0,0,0,0,0,0,0,32,5,0
l10,1=77,48,35,45,56,76,56,51,48,82,0,73,83,87,60,0,75,75,76,75,39,16,45,19,0,79,72,63,0,0,65,39,0,3,0,0,0,0,0,0,0,0,38,43,44
l11,1=70,87,78,66,59,65,64,88,87,85,78,0,83,92,77,0,75,62,76,63,53,0,0,35,47,61,62,0,0,0,0,45,0,0,0,0,0,0,0,0,0,0,0,24,7
l12,1=62,50,76,62,86,77,85,84,80,82,82,73,0,92,78,0,75,70,77,68,65,28,0,47,45,66,66,56,0,0,10,0,0,0,0,0,0,0,0,0,0,0,0,7,0
l13,1=77,87,79,78,82,77,78,91,87,85,79,73,83,0,74,0,75,53,73,66,27,24,33,43,52,70,56,41,0,0,44,40,0,0,0,0,0,0,0,0,0,0,11,0,0
l14,1=43,5,6,6,26,51,30,39,38,65,64,50,62,79,0,0,78,69,81,82,89,8,32,69,62,68,49,37,0,0,77,55,0,0,0,0,0,0,33,0,32,17,48,77,68
l15,1=61,0,28,0,0,59,53,88,44,63,81,73,83,86,86,0,0,73,80,74,85,45,51,72,68,76,72,62,0,0,72,43,0,0,0,0,0,0,0,1,45,30,28,68,0
l16,1=0,28,5,6,14,44,18,0,22,31,61,29,34,32,74,0,71,0,71,86,54,0,0,55,73,76,61,53,0,0,89,81,0,22,0,0,3,3,65,53,40,24,18,0,39
l17,1=0,7,13,4,0,19,30,18,39,68,74,54,61,75,86,0,74,85,0,80,88,21,35,67,61,57,74,62,0,0,17,44,0,0,0,0,0,0,0,0,21,21,39,61,67
l18,1=0,21,4,0,0,3,29,21,40,26,68,34,56,48,78,0,73,85,71,0,86,55,59,44,90,89,88,78,0,0,71,69,0,8,0,16,0,0,45,56,44,38,47,76,29
l19,1=0,31,22,0,0,0,26,31,5,66,69,48,57,43,86,0,76,85,80,88,0,46,35,68,75,78,71,69,0,0,77,67,0,42,0,0,0,0,34,0,49,36,45,75,70
l20,1=0,0,0,0,0,0,0,65,67,49,54,2,60,60,57,0,68,52,61,81,68,0,94,85,88,91,86,93,0,0,23,0,58,63,0,67,71,32,82,47,49,54,80,78,86
l21,1=0,0,0,0,0,0,0,15,52,0,63,0,0,59,64,0,68,0,63,78,50,94,0,82,88,85,86,87,0,0,0,0,54,74,0,0,63,0,67,54,0,0,0,75,81
l22,1=0,0,0,0,0,0,0,63,64,0,17,29,53,53,69,0,65,50,63,58,56,86,74,0,89,85,88,87,0,0,0,0,71,78,0,75,70,36,70,54,57,62,81,80,53
l23,1=0,0,0,0,0,0,0,0,30,60,0,44,57,60,76,0,64,83,68,82,78,87,85,87,0,91,88,87,0,0,0,44,45,72,0,12,32,54,80,60,65,76,84,88,90
l24,1=0,0,40,0,0,0,0,66,49,1,72,60,72,72,77,0,69,70,54,82,76,87,81,81,90,0,88,87,0,0,0,48,9,49,0,0,46,39,53,67,69,69,86,80,89
l25,1=0,0,0,0,0,0,0,45,56,37,72,46,64,52,51,0,67,50,70,83,70,86,82,92,90,91,0,87,0,0,0,0,70,61,0,65,76,38,72,35,46,49,86,88,87
l26,1=0,0,0,0,0,0,0,35,31,39,64,0,65,65,59,0,61,63,63,79,66,87,83,87,89,85,84,0,0,0,0,0,77,82,0,75,75,71,84,64,21,36,78,72,89
l27,1=63,39,0,13,32,41,9,2,5,0,33,13,9,22,65,0,75,85,19,39,38,0,0,0,0,0,0,0,0,0,0,84,21,42,0,40,11,26,43,84,93,47,0,17,0
l28,1=47,27,3,6,26,27,0,0,5,20,18,17,0,22,62,0,65,88,33,85,47,0,0,0,29,38,0,0,0,0,89,0,43,45,0,54,63,10,83,79,93,47,0,2,12
l29,1=0,0,0,0,0,0,0,0,0,0,0,0,0,0,0,0,0,0,0,0,0,57,24,90,30,13,77,91,0,0,66,79,0,91,0,95,89,96,95,91,93,88,13,0,26
l30,1=0,0,0,0,0,0,0,0,0,0,0,0,0,0,0,0,0,50,0,0,24,16,33,82,28,35,37,82,0,0,80,37,84,0,0,95,89,86,95,91,93,90,13,25,0
l31,1=0,0,0,0,0,0,0,0,0,0,0,0,0,0,0,0,0,0,0,23,0,60,0,81,23,0,62,90,0,0,76,73,84,91,0,0,89,96,95,77,93,90,7,25,0
l32,1=0,0,0,0,0,0,0,0,0,0,0,0,0,0,0,0,0,30,0,0,0,36,37,41,28,29,56,67,0,0,25,32,84,91,0,95,0,96,95,91,59,85,0,0,0
l33,1=0,0,0,0,0,0,0,0,0,0,0,0,0,0,0,0,0,0,0,0,0,0,0,42,48,2,39,42,0,0,49,9,84,85,0,95,89,0,95,73,86,63,0,0,0
l34,1=0,0,0,0,0,0,0,0,0,0,0,0,0,0,41,0,0,73,0,64,31,81,49,80,78,41,76,87,0,0,79,82,84,91,0,95,89,95,0,91,93,90,39,30,0
l35,1=0,0,0,0,0,0,0,0,0,0,0,0,0,0,0,0,18,62,0,42,0,31,36,54,32,48,34,42,0,0,89,48,84,91,0,50,89,85,95,0,93,90,9,0,0
l36,1=0,0,0,0,0,26,0,0,0,0,0,0,0,0,49,0,54,84,17,35,43,28,0,51,35,53,38,0,0,0,88,49,77,88,0,55,54,88,90,87,0,87,0,3,0
l37,1=0,0,0,0,6,28,0,0,0,0,0,0,0,0,38,0,46,73,44,38,26,34,6,61,80,50,43,23,0,0,89,84,78,91,0,95,82,41,95,91,93,0,0,0,0
l38,1=0,0,0,0,0,0,0,0,0,0,54,0,0,0,77,0,52,66,66,72,66,76,0,83,84,88,86,74,0,0,0,0,2,34,0,0,0,0,53,0,0,0,0,88,90
l39,1=0,0,0,0,0,0,0,14,0,0,26,18,5,0,79,0,64,0,61,79,80,77,52,84,89,86,87,76,0,0,24,0,0,24,0,5,0,0,28,0,0,0,87,0,90
l40,1=0,0,0,0,0,0,0,0,0,0,56,7,0,0,72,0,0,51,65,61,66,72,68,52,88,86,81,87,0,0,0,0,2,0,0,0,0,0,0,0,0,0,86,87,0
l41,1=0,0,0,0,0,0,0,0,4,39,68,38,43,32,77,0,69,71,70,82,0,85,46,84,89,89,84,83,0,0,62,55,0,30,0,26,0,0,2,0,0,0,88,89,91
l42,1=0,0,0,0,0,0,0,0,0,0,0,0,0,0,63,0,58,64,58,75,0,36,0,84,89,89,87,80,0,0,0,0,36,0,0,38,39,0,48,0,0,0,86,88,90
l43,1=0,0,0,0,0,0,0,0,0,0,34,0,0,0,54,0,45,51,0,62,51,84,62,76,87,84,86,67,0,0,0,0,34,63,0,26,23,0,51,0,0,0,83,87,90
l44,1=0,0,0,0,0,0,0,0,0,0,0,0,44,0,64,0,3,0,66,70,67,79,68,78,86,85,83,82,0,0,35,0,0,30,0,0,0,0,0,0,0,0,86,85,90

l0,2=0,82,88,85,78,88,82,81,60,83,71,81,82,78,0,0,0,52,53,44,0,0,0,0,0,0,0,0,0,0,59,40,0,0,0,0,0,0,0,0,0,0,0,0,0
l1,2=77,0,87,87,85,87,87,67,61,79,60,82,82,77,39,0,69,55,48,29,43,0,0,0,0,0,0,0,0,0,57,55,0,0,0,0,0,0,0,0,0,0,0,0,0
l2,2=85,82,0,75,79,87,87,87,67,83,71,82,84,81,61,0,75,57,58,59,2,0,0,14,0,49,0,0,0,0,60,52,0,0,0,0,0,0,0,0,0,0,0,0,0
l3,2=89,84,88,0,87,87,85,74,59,66,67,79,84,81,0,0,0,0,53,0,0,0,0,0,0,0,0,0,0,0,54,40,0,0,0,0,0,0,0,0,2,0,0,0,0
l4,2=72,84,89,89,0,87,87,73,61,77,69,82,83,82,52,0,41,27,50,0,0,0,0,0,0,0,0,0,0,0,0,39,0,0,0,0,0,0,0,0,0,0,0,0,0
l5,2=86,83,87,80,84,0,87,82,60,79,72,75,84,82,67,0,62,35,47,51,0,0,0,0,0,0,0,0,0,0,63,40,0,0,0,0,0,0,0,0,0,0,0,0,0
l6,2=73,84,89,78,84,87,0,87,67,83,69,82,84,82,59,0,75,54,54,53,1,2,0,0,0,0,0,0,0,0,0,48,0,0,0,0,0,0,0,0,0,0,0,0,0
l7,2=77,75,89,70,75,85,86,0,66,85,69,84,81,82,56,0,76,0,63,53,43,3,22,54,12,65,45,0,0,0,0,0,0,0,0,0,0,0,0,0,0,0,0,0,0
l8,2=72,77,89,66,79,85,87,86,0,83,67,83,82,81,70,0,72,36,63,61,6,40,39,60,0,51,57,44,0,0,26,39,0,0,0,0,0,0,0,0,0,0,1,0,0
l9,2=73,76,85,58,74,85,86,86,63,0,72,84,82,84,71,0,68,51,65,31,46,19,2,12,53,24,30,32,0,0,26,38,0,0,0,0,0,0,0,0,0,0,0,37,0
l10,2=56,61,71,61,56,85,67,64,49,81,0,83,86,84,66,0,79,52,69,67,61,1,41,47,46,71,68,48,0,0,1,41,0,0,0,0,0,0,0,0,0,0,15,58,54
l11,2=50,76,83,71,77,74,83,88,65,86,71,0,86,84,73,0,77,54,67,51,59,51,42,29,34,67,61,2,0,0,48,40,0,0,0,0,0,0,0,0,0,0,49,56,30
l12,2=65,70,86,68,72,85,84,64,61,81,80,84,0,84,65,0,76,54,66,60,59,0,38,45,56,59,60,54,0,0,32,38,0,0,0,0,0,0,0,0,0,3,34,49,0
l13,2=46,72,73,68,78,86,85,86,65,86,75,84,86,0,64,0,76,44,57,50,48,24,1,47,31,41,5,0,0,0,43,42,0,0,0,0,0,0,0,0,0,0,0,0,0
l14,2=0,32,63,0,48,71,62,62,61,74,68,78,76,73,0,0,79,77,71,82,86,47,46,62,60,78,83,41,0,0,72,64,0,0,0,0,0,0,24,55,55,17,64,88,70
l15,2=0,69,77,0,44,70,83,81,59,71,79,83,86,83,86,0,0,63,66,69,72,55,64,71,68,71,71,54,0,0,69,54,0,0,0,0,0,0,0,52,55,47,55,71,50
l16,2=22,45,60,0,27,27,38,0,10,49,67,70,70,41,76,0,73,0,67,85,86,0,0,0,77,72,50,22,0,0,86,86,2,36,0,6,0,0,5,5,57,77,59,42,31
l17,2=37,40,62,45,34,47,53,63,57,70,76,77,76,61,86,0,73,61,0,66,86,50,23,61,72,55,63,48,0,0,56,54,0,6,0,0,0,0,0,0,52,0,65,66,70
l18,2=17,2,50,0,0,49,45,54,48,32,62,31,64,39,77,0,69,84,62,0,86,73,56,70,91,78,89,58,0,0,77,76,29,0,0,0,0,0,34,41,59,58,77,68,37
l19,2=0,35,0,0,0,0,0,62,0,63,67,71,75,66,86,0,73,80,71,85,0,52,1,54,72,79,70,62,0,0,60,72,0,51,0,0,0,0,0,0,72,60,64,76,70
l20,2=0,0,0,0,0,0,0,50,41,39,0,65,0,0,54,0,54,0,59,80,68,0,96,86,78,86,88,82,0,0,0,0,75,59,0,65,28,55,38,59,45,57,90,82,84
l21,2=0,0,0,0,0,0,0,45,51,0,53,62,58,0,51,0,59,0,53,71,43,87,0,80,80,71,87,73,0,0,0,0,2,0,0,0,0,0,0,0,2,0,11,85,76
l22,2=0,0,0,0,0,0,0,54,46,0,36,21,51,52,56,0,55,5,56,70,55,82,82,0,91,84,89,76,0,0,0,0,72,75,0,56,71,26,73,61,62,28,81,81,66
l23,2=0,0,0,0,0,0,0,34,0,58,40,43,61,42,55,0,59,73,62,81,68,79,86,85,0,86,89,71,0,0,0,0,53,66,0,52,64,42,63,0,49,82,88,92,90
l24,2=0,0,42,0,0,0,0,73,37,36,64,69,66,51,62,0,60,73,39,78,73,82,85,82,91,0,89,71,0,0,36,47,61,39,0,33,20,30,48,64,79,78,88,90,90
l25,2=0,0,0,0,0,0,0,46,37,44,63,46,50,0,60,0,59,24,43,79,65,81,85,90,91,86,0,72,0,0,0,40,40,78,0,43,74,27,68,3,73,26,90,90,90
l26,2=0,0,0,0,0,0,0,0,45,49,45,39,67,0,39,0,50,44,54,69,72,86,88,89,83,84,88,0,0,0,0,0,77,84,0,74,76,40,79,38,55,17,85,88,90
l27,2=57,72,62,46,0,77,0,0,23,10,0,32,41,45,50,0,73,84,56,80,63,0,0,0,0,44,0,0,0,0,0,86,63,70,0,40,41,40,64,81,96,81,0,40,0
l28,2=42,59,61,21,47,51,59,0,28,49,42,31,64,47,49,0,66,84,51,84,71,0,0,0,0,61,52,0,0,0,86,0,66,80,0,45,60,24,71,79,96,94,2,0,41
l29,2=0,0,0,0,0,0,0,0,0,0,0,0,0,0,0,0,0,17,0,18,0,79,12,89,52,65,72,81,0,0,69,79,0,97,0,89,93,93,90,91,96,96,4,0,0
l30,2=0,0,0,0,0,0,0,0,0,0,0,0,0,0,0,0,9,31,9,0,40,3,1,85,59,2,77,80,0,0,85,85,90,0,0,89,93,93,90,91,96,97,20,53,0
l31,2=0,0,0,0,0,0,0,0,0,0,0,0,0,0,0,0,0,20,0,47,0,56,3,77,48,42,60,80,0,0,54,64,90,97,0,0,93,93,90,90,96,97,57,0,0
l32,2=0,0,0,0,0,0,0,0,0,0,0,0,0,0,0,0,0,0,0,0,0,36,19,84,56,37,76,72,0,0,55,35,90,97,0,89,0,93,90,91,8,93,0,3,0
l33,2=0,0,0,0,0,0,0,0,0,0,0,0,0,0,0,0,0,0,0,0,0,53,0,49,54,48,54,26,0,0,57,40,90,97,0,89,93,0,90,88,93,79,0,0,0
l34,2=0,0,0,0,0,0,0,0,0,0,0,0,0,0,24,0,0,5,0,48,0,31,0,83,63,48,76,75,0,0,82,85,90,97,0,89,93,88,0,91,96,97,53,48,0
l35,2=0,0,0,0,0,0,0,0,0,0,0,0,0,0,30,0,44,9,0,50,0,38,2,63,0,65,10,1,0,0,80,48,90,97,0,56,93,82,90,0,96,97,0,0,0
l36,2=0,0,0,0,0,0,0,0,0,0,0,0,0,0,28,0,53,38,31,79,78,35,1,59,48,75,78,49,0,0,86,86,79,92,0,85,1,56,90,91,0,96,0,0,0
l37,2=0,0,0,0,0,0,0,0,0,0,0,0,39,0,31,0,51,83,3,81,55,42,3,11,84,79,42,24,0,0,86,86,89,97,0,89,91,85,90,91,96,0,55,51,8
l38,2=0,0,0,0,0,0,0,0,0,0,0,31,0,0,44,0,37,45,55,73,54,76,37,72,81,77,89,53,0,0,0,0,0,0,0,15,0,0,46,0,0,0,0,92,91
l39,2=0,0,0,0,0,0,0,0,0,2,39,48,34,0,64,0,60,55,53,72,71,77,64,81,84,84,88,61,0,0,17,0,0,52,0,0,1,0,34,0,0,20,90,0,92
l40,2=0,0,0,0,0,0,0,0,0,0,49,14,0,0,51,0,42,31,58,29,58,77,65,65,78,82,84,68,0,0,0,9,0,0,0,0,0,0,0,0,0,0,88,92,0
l41,2=0,0,0,0,0,0,0,0,25,0,64,44,42,60,62,0,60,70,62,79,72,78,53,81,86,83,85,61,0,0,12,46,0,25,0,0,0,0,46,0,0,0,90,92,91
l42,2=0,0,0,0,0,0,0,0,0,0,0,0,0,0,45,0,53,52,48,76,64,76,76,82,84,84,88,57,0,0,0,0,0,57,0,0,37,0,64,42,0,0,86,92,90
l43,2=0,0,0,0,0,0,0,0,0,0,0,0,0,0,42,0,38,0,44,57,46,72,65,66,68,74,87,53,0,0,0,0,47,54,0,0,28,0,50,0,0,0,79,83,90
l44,2=0,0,0,0,0,0,0,0,0,0,0,0,0,0,35,0,40,39,48,64,61,67,62,75,79,79,87,57,0,0,0,0,0,0,0,0,0,0,16,46,0,0,89,90,90

l0,3=0,90,88,94,91,81,89,87,84,90,85,93,85,85,74,0,0,72,36,0,0,0,0,0,0,0,0,0,0,0,68,2,0,0,0,0,0,0,0,0,0,0,0,0,0
l1,3=87,0,89,94,90,80,90,81,83,84,86,89,85,81,54,0,60,72,53,53,27,0,0,0,50,0,0,0,0,0,72,65,0,0,0,0,0,0,0,4,0,0,0,0,0
l2,3=83,86,0,86,86,74,90,90,85,90,85,92,85,89,75,0,77,70,0,26,0,0,0,10,0,0,21,0,0,0,55,47,0,0,0,0,0,0,0,0,0,0,0,0,0
l3,3=89,90,89,0,91,79,88,0,85,81,84,92,85,83,31,0,75,0,0,0,0,0,0,0,0,0,0,0,0,0,67,63,0,0,0,0,0,0,0,0,0,0,0,0,0
l4,3=88,90,91,94,0,81,91,88,85,84,77,84,80,85,70,0,0,0,44,0,21,0,0,0,0,0,0,0,0,0,65,0,0,0,0,0,0,0,0,0,0,0,0,0,0
l5,3=88,90,87,94,90,0,91,90,84,85,87,67,85,84,69,0,54,59,49,56,0,0,0,0,0,0,0,0,0,0,78,0,0,0,0,0,0,0,0,0,0,0,0,0,0
l6,3=84,90,91,87,87,81,0,88,86,90,85,92,85,90,78,0,78,76,53,35,0,0,0,22,0,42,14,0,0,0,26,0,0,0,0,0,0,0,0,0,5,0,0,0,0
l7,3=83,85,88,45,83,73,88,0,87,91,85,93,85,89,83,0,80,0,59,79,55,0,0,74,21,65,63,0,0,0,0,0,0,0,0,0,0,0,0,0,0,0,0,0,0
l8,3=83,86,89,84,83,73,88,91,0,90,85,93,85,89,87,0,79,56,62,80,66,0,58,63,2,46,56,53,0,0,43,0,0,0,0,0,0,0,0,0,0,0,0,55,0
l9,3=83,86,88,81,81,73,89,91,87,0,85,93,85,90,83,0,78,68,64,74,59,31,0,62,60,51,45,40,0,0,55,58,0,0,0,0,0,0,0,0,0,0,1,0,0
l10,3=77,85,86,83,79,74,81,84,80,89,0,93,86,90,92,0,87,77,78,79,74,58,42,76,61,72,69,56,0,0,37,50,0,0,0,0,0,0,0,0,0,0,0,57,0
l11,3=80,86,88,84,80,65,85,91,87,91,85,0,87,90,83,0,81,77,63,76,71,48,50,51,58,63,57,33,0,0,69,57,0,0,0,0,0,0,0,0,1,0,0,59,0
l12,3=68,86,89,82,73,73,86,90,85,91,87,94,0,91,91,0,84,68,65,63,61,20,47,49,55,57,59,48,0,0,49,0,0,0,0,0,0,0,0,0,0,34,0,47,0
l13,3=80,86,89,84,81,73,89,91,87,91,86,93,86,0,84,0,81,74,57,59,61,46,10,71,57,58,0,0,0,0,67,60,0,0,0,0,0,0,0,0,0,0,0,0,0
l14,3=66,42,72,1,72,59,71,86,85,87,85,92,86,83,0,0,87,96,83,88,95,56,63,71,67,77,79,42,0,0,56,84,0,0,0,0,0,0,0,67,0,0,73,77,72
l15,3=0,63,85,78,0,41,85,89,82,85,87,93,86,87,96,0,0,88,76,86,87,65,64,76,68,67,74,44,0,0,82,74,0,0,0,0,0,0,0,0,53,16,56,65,60
l16,3=36,74,60,0,0,46,76,0,56,44,67,81,43,59,96,0,87,0,80,94,95,44,0,54,66,77,72,46,0,0,93,93,0,51,0,0,8,0,44,41,89,20,58,66,67
l17,3=39,82,0,0,69,65,67,81,84,88,87,93,86,77,96,0,85,88,0,90,88,56,63,81,81,61,0,37,0,0,79,76,0,0,0,0,0,0,0,0,64,33,69,57,64
l18,3=0,31,14,0,0,48,0,70,77,73,75,83,75,30,94,0,79,99,83,0,95,86,71,80,88,87,88,80,0,0,92,80,16,0,0,10,0,0,16,53,66,50,64,65,5
l19,3=0,26,0,0,46,0,0,70,76,58,83,88,81,65,96,0,87,99,83,94,0,59,61,73,81,81,71,66,0,0,86,67,14,12,0,0,0,0,21,31,67,21,76,73,0
l20,3=0,0,0,0,0,0,0,0,0,10,68,74,34,41,86,0,83,47,69,88,85,0,97,93,85,86,84,94,0,0,0,0,94,86,0,72,88,82,84,43,9,0,83,82,91
l21,3=0,0,0,0,0,0,0,0,67,0,30,68,60,0,80,0,82,0,67,86,74,97,0,89,87,84,84,90,0,0,0,0,0,58,0,69,0,36,0,0,0,0,28,79,63
l22,3=0,0,0,0,0,0,1,54,45,42,46,45,42,53,70,0,71,44,59,77,55,94,90,0,87,85,88,94,0,0,35,0,70,81,0,60,83,49,75,23,1,39,75,77,81
l23,3=0,47,0,0,0,0,0,11,0,51,40,60,67,54,69,0,69,78,69,87,75,64,77,92,0,88,88,90,0,0,38,0,75,75,0,74,76,51,46,66,1,73,84,86,92
l24,3=0,0,0,0,0,0,35,67,49,52,72,69,60,55,77,0,72,72,45,88,78,94,54,95,87,0,87,84,0,0,0,0,63,54,0,30,21,44,35,71,47,64,75,87,91
l25,3=0,0,1,0,0,0,0,62,52,38,56,63,62,0,77,0,67,74,0,84,66,80,68,97,88,87,0,87,0,0,32,49,51,63,0,66,70,0,46,60,42,9,84,82,76
l26,3=0,0,0,0,0,0,0,19,48,35,50,50,71,0,56,0,57,58,25,79,79,97,94,97,87,81,84,0,0,0,0,1,84,88,0,85,82,39,70,82,29,47,82,57,90
l27,3=31,55,59,66,63,64,23,0,57,49,12,77,31,48,40,0,47,99,39,91,52,0,0,46,35,0,29,0,0,0,0,93,35,53,0,48,29,0,70,66,94,95,49,44,59
l28,3=0,54,52,68,0,18,0,0,0,51,25,72,0,48,80,0,28,99,38,49,40,0,0,4,0,0,60,0,0,0,93,0,44,71,0,67,30,70,73,90,94,98,53,52,0
l29,3=0,0,0,0,0,0,0,0,0,0,0,0,0,0,0,0,0,0,0,31,21,97,0,88,80,85,62,90,0,0,79,81,0,100,0,98,99,98,99,99,82,99,0,0,0
l30,3=0,0,0,0,0,0,0,0,0,0,0,0,0,0,0,0,0,86,0,0,2,85,64,92,83,75,73,94,0,0,90,93,99,0,0,98,99,98,99,99,94,99,52,0,9
l31,3=0,0,0,0,0,0,0,0,0,0,0,0,0,0,0,0,0,0,0,22,4,81,72,77,81,45,73,91,0,0,56,66,99,100,0,0,99,98,99,99,94,96,44,38,41
l32,3=0,0,0,0,0,0,0,0,0,0,0,0,0,0,0,0,0,31,0,0,0,79,0,91,72,18,77,76,0,0,61,79,99,100,0,98,0,98,99,99,88,97,0,30,0
l33,3=0,0,0,0,0,0,0,0,0,0,0,0,0,0,0,0,0,0,0,0,0,71,17,64,58,51,0,3,0,0,0,63,99,100,0,97,99,0,98,99,86,75,0,0,0
l34,3=0,0,0,0,0,0,0,0,0,0,0,0,0,0,0,0,0,84,0,32,34,84,0,94,69,58,70,78,0,0,92,93,99,100,0,98,99,98,0,99,94,99,0,0,61
l35,3=0,0,0,0,0,0,0,0,0,0,0,0,0,0,67,0,0,90,0,47,40,60,0,42,72,79,65,81,0,0,93,93,99,100,0,97,61,98,99,0,94,99,0,0,0
l36,3=0,0,0,0,0,0,0,0,0,0,0,27,0,0,0,0,26,95,41,51,55,9,1,2,12,80,78,45,0,0,93,93,48,98,0,96,35,90,99,99,0,99,0,45,0
l37,3=0,0,0,0,0,0,0,0,0,0,0,0,32,0,3,0,21,90,36,48,46,0,0,76,85,81,42,70,0,0,93,93,99,96,0,97,62,89,99,99,94,0,58,31,0
l38,3=0,0,0,0,0,0,0,0,0,0,0,0,0,0,72,0,47,55,52,56,72,67,0,71,79,66,76,72,0,0,6,41,0,35,0,0,0,0,0,0,0,4,0,82,91
l39,3=0,0,0,0,0,0,0,0,46,0,38,57,45,0,75,0,67,68,43,64,68,60,56,75,79,76,76,45,0,0,34,38,0,0,0,4,7,0,0,0,27,0,85,0,91
l40,3=0,0,0,0,0,0,0,0,0,0,0,0,0,0,67,0,49,60,40,14,0,69,41,75,76,76,76,64,0,0,44,0,0,0,0,0,0,0,37,0,0,0,85,87,0
l41,3=0,0,0,0,0,0,0,0,26,0,44,0,47,54,83,0,70,85,49,82,79,56,3,81,87,85,84,68,0,0,41,49,0,0,0,0,0,0,21,0,4,0,85,86,92
l42,3=0,0,0,0,0,0,0,0,0,0,6,0,0,0,61,0,51,45,35,71,71,66,56,72,87,81,83,62,0,0,0,0,0,0,0,49,26,51,32,30,0,2,84,87,92
l43,3=0,0,0,0,0,0,0,0,0,0,0,0,8,0,54,0,26,45,0,50,54,66,44,54,63,61,73,68,0,0,0,0,59,0,0,0,0,0,24,0,0,0,77,75,84
l44,3=0,0,0,0,0,0,0,0,0,0,0,0,0,0,53,0,42,60,9,63,42,54,53,70,80,78,77,64,0,0,0,0,41,60,0,7,0,0,32,50,0,0,84,80,83

l0,4=0,96,99,94,97,96,91,90,89,95,88,86,87,91,77,0,66,76,0,0,0,0,0,0,0,0,0,0,0,0,66,67,0,0,0,0,0,0,0,0,0,0,0,0,0
l1,4=98,0,99,94,95,95,91,89,89,94,90,91,91,98,0,0,63,70,70,57,41,0,0,0,56,0,0,0,0,0,64,71,0,0,0,0,0,0,0,0,15,0,0,0,0
l2,4=98,95,0,94,97,95,90,98,90,95,94,92,91,98,76,0,74,81,1,68,0,0,0,0,0,0,7,0,0,0,7,70,0,0,0,0,0,0,0,0,0,0,0,0,0
l3,4=98,96,99,0,97,96,89,94,83,75,87,78,82,83,65,0,67,73,78,0,0,0,0,0,0,0,0,0,0,0,61,69,0,0,0,0,0,0,0,0,0,0,0,0,0
l4,4=98,96,99,94,0,96,91,97,89,82,93,84,87,97,70,0,65,63,81,0,0,0,0,0,0,0,0,0,0,0,0,77,0,0,0,0,0,0,0,0,0,0,0,0,0
l5,4=98,96,95,94,96,0,91,98,89,96,94,92,91,98,75,0,53,59,69,0,44,0,0,0,0,0,0,0,0,0,74,64,0,0,0,0,0,0,0,0,57,13,0,0,0
l6,4=97,96,97,92,94,96,0,97,87,95,93,92,91,84,77,0,80,75,83,55,49,0,0,0,0,56,0,0,0,0,60,0,0,0,0,0,0,0,0,0,0,0,0,0,0
l7,4=96,92,93,92,89,95,89,0,89,94,94,92,91,98,87,0,80,0,86,74,66,10,0,58,40,75,61,50,0,0,0,0,0,0,0,0,0,0,0,0,0,0,0,0,0
l8,4=96,92,99,92,88,95,89,98,0,95,64,92,91,98,86,0,76,54,87,74,47,48,0,49,47,21,40,45,0,0,38,0,0,0,0,0,0,0,0,0,0,0,0,56,0
l9,4=96,92,94,77,77,95,90,97,89,0,94,92,91,98,81,0,80,76,88,60,69,0,0,57,64,72,13,53,0,0,65,60,0,0,0,0,0,0,0,0,0,0,0,1,0
l10,4=84,87,82,79,74,93,84,86,73,91,0,86,93,97,86,0,80,81,88,69,76,48,40,64,66,82,63,55,0,0,0,62,0,0,0,0,0,0,0,0,0,1,71,74,0
l11,4=95,89,93,81,74,95,87,97,89,95,92,0,93,98,76,0,80,81,87,67,67,0,41,63,60,67,55,58,0,0,26,68,0,0,0,0,0,0,0,0,0,0,0,56,0
l12,4=92,93,94,78,75,96,90,97,89,95,94,92,0,98,88,0,80,86,79,64,78,0,52,58,72,68,63,69,0,0,0,0,0,0,0,0,0,0,0,0,0,0,14,71,49
l13,4=96,92,93,80,87,94,83,97,87,95,94,92,93,0,87,0,78,85,87,53,75,60,0,62,64,73,50,59,0,0,25,22,0,0,0,0,0,0,0,0,0,0,0,43,0
l14,4=61,0,68,38,54,78,73,80,65,73,89,69,90,90,0,0,80,90,88,71,87,53,0,62,62,75,69,59,0,0,60,69,0,0,0,0,0,0,0,70,66,44,78,78,56
l15,4=75,69,71,68,59,77,82,86,69,87,94,90,93,77,88,0,0,85,88,69,75,72,61,63,67,72,62,57,0,0,67,81,0,70,0,0,0,0,0,4,71,0,68,76,8
l16,4=59,54,73,43,53,76,73,0,55,70,72,69,72,69,90,0,77,0,88,84,84,9,0,0,69,73,64,0,0,0,93,97,0,75,0,0,0,0,70,80,82,47,65,81,28
l17,4=0,68,0,65,63,79,74,78,63,74,82,71,67,67,90,0,78,80,0,72,68,0,59,63,61,68,58,55,0,0,58,70,0,0,0,0,0,0,5,0,71,69,5,76,53
l18,4=0,30,55,0,0,0,54,79,63,57,71,69,66,33,80,0,69,90,79,0,89,68,76,64,83,85,75,71,0,0,70,80,0,62,0,50,0,0,62,58,68,37,69,80,50
l19,4=0,17,0,0,0,67,63,80,53,69,74,70,73,69,90,0,80,90,78,84,0,75,64,68,80,74,70,67,0,0,63,73,0,0,0,0,0,0,63,0,61,65,78,84,58
l20,4=0,0,0,0,0,0,0,38,26,0,31,0,0,36,52,0,67,27,0,71,60,0,95,76,77,86,79,88,0,0,0,0,81,69,0,45,40,60,64,54,37,46,87,80,52
l21,4=0,0,0,0,0,0,0,0,0,0,16,48,48,0,0,0,65,0,52,74,65,93,0,78,75,81,77,83,0,0,0,0,0,0,0,58,0,0,59,0,0,0,36,72,64
l22,4=0,0,0,0,0,0,0,59,36,48,45,50,48,40,49,0,51,0,57,54,51,76,74,0,83,87,86,87,0,0,0,0,51,64,0,52,70,53,53,17,54,58,63,77,45
l23,4=0,22,0,0,0,0,0,29,33,47,55,48,59,38,56,0,66,61,66,81,79,83,60,84,0,90,86,78,0,0,30,43,41,52,0,55,46,41,50,68,31,63,80,88,86
l24,4=0,0,0,0,0,0,51,75,20,56,74,57,58,57,78,0,71,64,80,76,71,87,87,82,85,0,81,74,0,0,0,29,47,56,0,0,31,10,49,78,50,66,78,88,83
l25,4=0,0,0,0,0,0,0,69,40,0,58,56,58,39,62,0,58,62,62,66,56,76,74,84,87,86,0,71,0,0,42,0,68,66,0,54,53,50,48,68,64,34,47,80,50
l26,4=0,0,0,0,0,0,0,57,33,49,42,49,51,40,55,0,50,2,55,73,65,92,89,84,78,81,79,0,0,0,34,49,72,71,0,59,61,53,63,66,55,55,72,73,64
l27,4=58,55,0,43,0,95,73,0,60,70,0,65,13,3,86,0,78,90,73,63,84,0,0,0,52,0,56,4,0,0,0,97,79,82,0,65,36,25,65,100,100,100,57,26,0
l28,4=44,50,66,41,62,75,0,0,0,62,62,74,0,2,81,0,50,90,68,70,81,0,0,0,56,16,0,51,0,0,93,0,61,96,0,78,56,68,74,100,100,100,48,61,29
l29,4=0,0,0,0,0,0,0,0,0,0,0,0,0,0,0,0,0,0,0,0,0,87,0,80,77,84,81,81,0,0,83,71,0,96,0,100,99,100,100,100,99,100,79,73,0
l30,4=0,0,0,0,0,0,0,0,0,0,0,0,0,0,0,0,40,79,0,59,0,81,0,74,72,81,77,77,0,0,75,94,94,0,0,100,99,94,100,100,100,100,81,0,0
l31,4=0,0,0,0,0,0,0,0,0,0,0,0,0,0,0,0,0,0,0,74,1,53,78,77,80,1,75,82,0,0,77,81,94,96,0,0,99,100,100,100,100,100,0,30,44
l32,4=0,0,0,0,0,0,0,0,0,0,0,0,0,0,0,0,0,0,0,0,0,66,0,78,79,73,80,82,0,0,79,91,94,96,0,100,0,100,100,100,100,100,0,11,0
l33,4=0,0,0,0,0,0,0,0,0,0,0,0,0,0,0,0,0,0,0,0,0,86,0,77,75,0,78,75,0,0,0,91,94,96,0,100,99,0,100,100,99,88,0,0,0
l34,4=0,0,0,0,0,0,0,0,0,0,0,0,0,0,0,0,0,86,0,79,78,67,79,80,78,84,77,87,0,0,93,97,94,96,0,100,99,100,0,100,100,100,0,0,43
l35,4=0,0,0,0,0,0,0,0,0,0,0,0,0,0,88,0,14,87,0,57,0,51,0,32,87,92,85,88,0,0,93,97,94,96,0,100,99,92,100,0,100,100,0,0,0
l36,4=0,0,0,0,0,71,0,0,0,0,0,0,0,0,45,0,45,88,68,57,40,19,0,65,55,72,70,70,0,0,93,97,94,96,0,100,62,92,100,100,0,100,0,1,0
l37,4=0,0,0,0,0,67,0,0,0,0,20,0,0,0,67,0,0,79,61,53,74,25,0,80,85,85,68,66,0,0,93,97,94,96,0,100,62,80,100,100,100,0,34,0,22
l38,4=0,0,0,0,0,0,0,0,0,0,36,0,0,0,66,0,44,47,0,47,59,56,0,48,68,53,25,55,0,0,24,20,38,50,0,0,0,0,0,0,0,0,0,88,86
l39,4=0,0,0,0,0,0,0,0,24,0,41,37,43,11,62,0,51,62,61,70,77,70,40,75,73,77,73,58,0,0,7,44,31,0,0,0,0,0,0,0,0,0,84,0,84
l40,4=0,0,0,0,0,0,0,0,0,0,0,0,42,0,55,0,4,33,50,54,55,65,58,61,73,72,57,58,0,0,0,32,0,0,0,3,0,0,40,0,0,0,90,88,0
l41,4=0,0,0,0,0,0,0,0,0,4,50,44,56,50,60,0,52,71,62,69,72,70,51,73,74,77,74,62,0,0,38,61,1,0,0,0,0,0,41,4,46,0,85,83,76
l42,4=0,0,0,0,0,0,0,0,0,0,31,0,0,0,52,0,0,48,52,66,71,74,45,69,75,80,73,66,0,0,0,5,30,5,0,41,36,23,46,31,0,0,83,84,82
l43,4=0,0,0,0,0,0,0,0,0,0,0,0,32,0,27,0,31,30,36,30,56,75,57,70,61,74,74,21,0,0,0,0,55,43,0,0,0,0,0,0,0,0,83,87,75
l44,4=0,0,0,0,0,0,0,0,0,0,0,0,0,0,63,0,49,50,44,61,44,71,51,69,77,84,78,51,0,0,0,0,50,54,0,0,0,0,39,0,0,0,90,88,79

l0,5=0,88,91,90,87,69,87,85,86,86,82,88,82,57,33,0,77,16,25,0,0,0,0,0,0,0,0,0,0,0,55,0,0,0,0,0,0,0,0,0,0,0,0,0,0
l1,5=85,0,91,88,80,68,88,84,85,72,85,43,83,85,42,0,64,22,26,20,40,0,0,0,0,4,0,0,0,0,66,27,0,0,0,0,0,0,0,0,0,0,0,0,0
l2,5=85,88,0,88,81,60,87,87,87,85,78,88,86,87,37,0,64,21,18,7,0,0,0,0,16,0,0,0,0,0,61,43,0,0,0,0,0,0,0,0,0,0,0,0,0
l3,5=88,92,93,0,87,70,87,85,85,86,69,88,25,87,0,0,78,18,27,0,0,0,0,0,0,0,0,0,0,0,83,53,0,0,0,0,0,0,0,0,0,0,0,0,0
l4,5=87,89,93,91,0,70,87,86,85,64,56,87,82,80,0,0,77,16,20,43,0,0,0,0,0,0,0,0,0,0,81,39,0,0,0,0,0,0,0,0,0,0,0,0,0
l5,5=84,86,57,88,87,0,88,85,82,86,89,88,27,84,60,0,75,14,25,27,23,0,0,0,0,0,0,0,0,0,81,22,0,0,0,0,0,0,0,0,27,0,0,0,0
l6,5=78,93,91,80,81,70,0,87,85,86,86,87,82,84,70,0,77,18,31,36,0,0,0,0,6,36,3,0,0,0,51,36,0,0,0,0,0,0,0,0,0,0,0,0,0
l7,5=73,84,93,74,79,67,88,0,87,86,72,89,84,88,74,0,73,0,81,73,0,0,0,0,0,52,28,4,0,0,0,0,0,0,0,0,0,0,0,0,0,0,0,0,0
l8,5=85,91,93,64,69,55,77,88,0,86,77,89,87,88,68,0,72,13,24,68,53,0,15,56,23,49,30,20,0,0,34,0,0,0,0,0,0,0,0,0,0,0,0,0,0
l9,5=78,41,82,65,57,62,81,85,87,0,88,89,86,89,79,0,78,19,85,31,59,34,0,0,30,47,25,18,0,0,31,2,0,0,0,0,0,0,0,0,0,0,0,20,0
l10,5=16,74,33,27,43,66,57,21,59,84,0,88,87,88,90,0,85,25,34,52,81,42,11,34,40,62,47,25,0,0,51,35,0,0,0,0,0,0,0,0,0,16,28,26,0
l11,5=66,38,71,62,68,58,69,86,86,86,81,0,88,88,0,0,82,0,80,50,60,0,0,45,35,44,31,32,0,0,46,38,0,0,0,0,0,0,0,0,0,0,23,0,0
l12,5=36,88,91,28,78,50,84,85,86,86,91,89,0,89,90,0,85,25,34,38,83,22,11,13,42,49,52,30,0,0,49,0,0,0,0,0,0,0,0,0,0,0,26,27,0
l13,5=53,76,73,65,70,57,71,81,86,86,84,89,88,0,83,0,72,67,78,71,70,36,0,34,46,54,22,32,0,0,72,30,0,0,0,0,0,0,0,0,0,0,0,20,0
l14,5=9,18,9,0,0,31,18,24,46,78,91,8,49,39,0,0,85,86,90,64,90,29,11,24,42,49,47,27,0,0,75,49,0,0,0,0,0,0,0,19,30,24,32,29,23
l15,5=18,31,18,31,53,44,28,21,44,71,91,69,79,27,87,0,0,45,89,52,86,54,16,39,44,48,51,30,0,0,60,50,0,0,0,0,0,0,0,0,60,38,28,25,12
l16,5=4,30,10,21,28,22,17,0,5,16,73,2,26,32,90,0,82,0,31,65,86,0,0,24,40,34,45,9,0,0,89,72,0,3,0,11,0,0,39,61,71,30,37,25,1
l17,5=9,32,3,28,34,40,22,40,25,80,73,51,39,45,91,0,82,40,0,54,86,37,10,34,35,71,44,0,0,0,86,33,0,0,0,0,0,0,0,0,22,19,41,45,20
l18,5=0,0,0,0,29,20,15,57,63,17,65,31,31,33,70,0,61,81,61,0,86,63,25,68,76,74,59,66,0,0,65,56,6,4,0,38,14,2,47,32,51,15,28,70,68
l19,5=0,25,0,0,0,36,0,0,32,56,75,30,25,31,86,0,83,82,71,90,0,49,9,37,77,67,39,41,0,0,71,48,0,11,0,0,0,0,44,23,0,44,34,28,22
l20,5=0,0,0,0,0,0,0,0,0,8,25,0,7,19,29,0,48,0,26,63,34,0,80,85,76,68,62,79,0,0,0,0,56,28,0,19,26,29,45,15,9,20,34,59,28
l21,5=0,0,0,0,0,0,0,0,29,0,19,0,17,0,40,0,34,0,31,60,6,80,0,48,61,69,54,78,0,0,0,0,0,0,0,15,0,0,0,0,0,0,33,7,39
l22,5=0,0,0,0,0,0,0,0,44,0,41,45,4,23,38,0,41,41,44,73,50,76,51,0,79,78,72,79,0,0,9,0,28,41,0,43,46,42,20,22,41,21,62,71,21
l23,5=0,0,0,0,0,0,0,0,9,17,44,12,47,17,49,0,49,46,29,77,74,71,25,92,0,80,72,70,0,0,11,16,22,0,0,43,17,18,0,42,18,42,63,70,73
l24,5=0,0,0,0,0,4,6,44,17,22,63,10,17,12,44,0,47,20,65,78,70,68,61,93,80,0,71,70,0,0,0,18,5,8,0,18,19,0,1,42,18,13,60,73,72
l25,5=0,0,0,0,0,0,0,17,27,18,38,24,47,17,41,0,59,51,56,75,31,67,59,93,80,75,0,70,0,0,21,4,57,37,0,21,18,25,24,22,18,24,52,74,52
l26,5=0,0,0,0,0,0,0,3,20,8,27,36,29,21,37,0,38,1,0,73,56,79,72,90,76,65,55,0,0,0,7,5,48,44,0,23,30,0,40,24,28,20,57,59,55
l27,5=2,24,16,36,49,43,12,0,8,7,74,35,11,9,33,0,56,29,34,47,47,0,0,7,13,0,20,1,0,0,0,86,13,15,0,59,21,47,46,87,90,80,0,0,0
l28,5=0,9,14,31,38,20,13,0,0,0,65,33,0,4,34,0,83,86,22,62,53,0,0,0,18,29,13,1,0,0,95,0,13,16,0,55,69,45,38,87,90,80,14,22,0
l29,5=0,0,0,0,0,0,0,0,0,0,0,0,0,0,0,0,0,0,0,38,0,68,0,33,48,23,66,68,0,0,25,28,0,95,0,82,96,99,90,91,85,87,24,0,1
l30,5=0,0,0,0,0,0,0,0,0,0,0,0,0,0,0,0,0,0,0,5,4,54,0,64,0,15,62,75,0,0,43,61,91,0,0,82,96,99,90,91,91,89,34,5,4
l31,5=0,0,0,0,0,0,0,0,0,0,0,0,0,0,0,0,0,21,0,54,0,46,22,56,50,27,39,52,0,0,52,45,91,95,0,0,96,99,90,91,91,89,18,12,6
l32,5=0,0,0,0,0,0,0,0,0,0,0,0,0,0,0,0,0,0,0,14,0,55,0,86,43,29,28,47,0,0,30,55,91,95,0,82,0,99,89,91,89,85,7,0,0
l33,5=0,0,0,0,0,0,0,0,0,0,0,0,0,0,0,0,0,0,0,0,0,57,0,66,44,0,37,0,0,0,33,38,91,95,0,82,96,0,90,55,91,64,0,0,0
l34,5=0,0,0,0,0,0,0,0,0,0,0,0,0,0,0,0,1,22,0,67,31,58,0,9,0,0,41,37,0,0,41,26,91,95,0,79,74,88,0,91,91,89,0,17,0
l35,5=0,0,0,0,0,0,0,0,0,0,0,0,0,0,13,0,0,21,0,16,13,24,0,10,33,43,27,24,0,0,56,53,91,93,0,82,95,70,90,0,91,89,15,0,0
l36,5=0,0,0,0,0,22,0,0,0,0,0,0,0,0,32,0,48,51,15,51,0,7,0,23,23,27,30,28,0,0,95,84,29,95,0,76,84,73,89,91,0,89,0,0,0
l37,5=0,0,0,0,0,0,0,0,0,0,47,0,0,0,19,0,32,13,16,17,38,31,0,13,37,21,39,27,0,0,95,84,91,95,0,81,83,64,90,91,91,0,0,7,0
l38,5=0,0,0,0,0,0,0,0,0,0,20,20,18,0,43,0,13,27,48,15,19,30,29,60,62,52,42,60,0,0,0,5,20,18,0,0,0,0,0,1,0,0,0,57,78
l39,5=0,0,0,0,0,0,0,0,0,1,24,0,27,6,58,0,57,30,63,73,70,62,0,67,68,60,61,65,0,0,0,12,0,11,0,0,0,0,13,0,0,0,62,0,79
l40,5=0,0,0,0,0,0,0,0,0,0,0,0,0,0,51,0,10,5,27,63,21,28,19,9,69,53,42,38,0,0,0,0,0,9,0,0,0,0,0,0,0,0,68,76,0
l41,5=0,0,0,0,0,0,0,0,0,14,0,8,23,9,59,0,58,59,61,75,70,31,15,67,70,59,58,17,0,0,22,16,0,0,0,0,0,0,13,18,20,0,65,75,72
l42,5=0,0,0,0,0,0,0,0,0,0,1,0,0,0,24,0,0,20,31,72,30,35,0,69,70,61,50,66,0,0,0,0,0,14,0,0,16,0,17,0,10,0,65,73,77
l43,5=0,0,0,0,0,0,0,0,0,0,13,0,2,0,6,0,0,0,23,24,23,50,24,53,20,43,49,62,0,0,0,0,24,0,0,13,0,0,16,0,3,0,64,72,65
l44,5=0,0,0,0,0,0,0,0,0,0,0,3,10,0,41,0,28,8,21,71,24,63,33,53,70,61,61,62,0,0,0,0,7,18,0,0,12,0,0,0,0,0,65,71,76

l0,6=0,79,83,90,88,77,80,56,66,66,0,75,64,80,0,0,62,47,32,0,0,0,0,0,0,0,0,0,0,0,21,2,0,0,0,0,0,0,0,0,0,0,0,0,0
l1,6=85,0,83,88,87,87,80,81,66,68,74,74,73,79,0,0,15,30,52,29,22,0,0,0,0,0,0,0,0,0,40,26,0,0,0,0,0,0,0,0,0,0,0,0,0
l2,6=85,80,0,87,87,85,80,81,67,77,3,75,73,82,7,0,65,69,55,32,0,0,0,0,0,25,0,0,0,0,20,0,0,0,0,0,0,0,0,0,0,0,0,0,0
l3,6=86,81,86,0,88,88,80,76,59,63,60,70,43,80,21,0,58,45,11,1,0,0,0,0,0,0,0,0,0,0,14,26,0,0,0,0,0,0,0,0,8,0,0,0,0
l4,6=86,75,81,90,0,88,80,79,60,65,33,77,73,78,37,0,38,0,16,31,0,0,0,0,0,0,0,0,0,0,22,46,0,0,0,0,0,0,0,0,0,0,0,0,0
l5,6=83,80,80,88,89,0,80,77,61,65,73,77,56,77,42,0,38,41,25,0,8,0,0,0,0,0,0,0,0,0,37,28,0,0,0,0,0,0,7,0,0,0,0,0,0
l6,6=79,80,87,87,87,88,0,83,16,80,75,70,73,65,39,0,63,39,42,27,27,0,0,0,1,25,13,0,0,0,30,0,0,0,0,0,0,0,0,0,0,0,0,0,0
l7,6=54,77,84,75,85,72,80,0,70,79,52,79,64,80,74,0,59,49,44,60,12,0,0,0,0,56,43,0,0,0,0,0,0,0,0,0,0,0,0,0,0,0,0,0,0
l8,6=83,76,84,74,81,81,20,83,0,78,47,79,74,80,69,0,65,22,23,51,0,25,39,18,36,54,47,27,0,0,0,0,0,0,0,0,0,0,0,0,0,0,0,0,0
l9,6=83,74,78,77,79,81,80,84,70,0,75,80,77,83,80,0,65,47,58,22,42,0,22,0,25,54,27,13,0,0,17,0,0,0,0,0,0,0,0,0,0,0,19,0,0
l10,6=0,62,13,40,48,54,70,65,39,69,0,78,76,80,83,0,76,67,60,34,41,27,26,34,43,33,48,11,0,0,15,36,0,0,0,0,0,0,0,0,1,6,36,36,0
l11,6=66,56,61,64,76,75,65,78,67,77,72,0,77,81,75,0,67,42,62,53,12,26,0,28,40,27,26,22,0,0,20,5,0,0,0,0,0,0,0,0,0,0,0,27,0
l12,6=53,74,81,17,77,35,76,72,69,79,81,80,0,83,80,0,75,58,62,64,57,0,0,22,61,37,57,12,0,0,21,20,0,0,0,0,0,0,0,0,0,0,36,40,0
l13,6=80,64,77,76,76,65,67,79,70,81,76,80,77,0,80,0,67,52,60,65,26,7,0,27,32,43,25,22,0,0,19,24,0,0,0,0,0,0,0,0,0,0,0,30,0
l14,6=0,0,0,4,50,29,35,64,40,36,76,74,72,48,0,0,69,78,71,71,47,21,40,38,42,17,14,19,0,0,45,18,0,26,0,0,0,0,26,0,8,0,54,59,42
l15,6=41,19,37,38,43,25,40,56,36,31,81,70,67,43,72,0,0,60,66,46,42,32,39,36,32,0,46,27,0,0,23,34,0,0,0,0,0,0,14,19,21,0,3,45,0
l16,6=21,9,47,19,0,9,23,25,9,14,14,35,59,14,50,0,40,0,68,51,49,0,0,34,34,16,36,7,0,0,46,63,9,0,0,15,0,0,36,17,41,0,41,48,26
l17,6=29,35,40,0,33,21,38,39,23,34,52,70,68,64,85,0,74,70,0,58,67,31,33,38,31,66,46,25,0,0,60,37,0,27,0,0,0,0,0,0,21,0,45,58,33
l18,6=0,23,17,0,25,0,8,48,39,6,21,46,55,43,60,0,53,71,54,0,77,54,39,42,66,67,66,63,0,0,23,31,38,24,0,8,0,0,31,33,39,0,54,63,40
l19,6=0,17,0,0,0,10,38,33,0,25,64,26,61,26,73,0,68,79,66,79,0,31,40,38,78,70,39,58,0,0,28,63,0,55,0,0,0,0,32,35,28,28,37,62,36
l20,6=0,0,0,0,0,0,0,0,23,0,19,23,0,3,21,0,53,2,40,62,31,0,62,72,71,67,72,78,0,0,0,0,51,32,0,33,30,8,35,12,21,17,33,43,25
l21,6=0,0,0,0,0,0,0,0,34,14,14,17,0,0,48,0,50,0,26,58,32,72,0,50,67,64,59,77,0,0,0,0,12,31,0,0,0,0,22,0,0,0,14,48,31
l22,6=0,0,0,0,0,0,0,0,21,0,18,25,13,9,16,0,36,30,25,49,24,71,33,0,75,68,82,78,0,0,0,1,25,64,0,33,61,25,30,14,25,25,71,34,54
l23,6=0,0,0,0,0,0,0,0,15,5,29,29,26,12,39,0,43,44,27,61,60,68,34,69,0,72,82,76,0,0,22,19,27,33,0,41,0,0,18,19,27,24,72,67,25
l24,6=0,0,14,0,0,0,13,39,33,19,42,27,21,18,20,0,8,27,50,63,56,65,46,74,81,0,82,75,0,0,18,2,0,38,0,25,18,0,15,18,3,27,61,63,51
l25,6=0,0,0,0,0,0,4,23,31,11,32,20,25,9,13,0,49,42,34,62,13,60,20,77,81,76,0,73,0,0,0,0,46,36,0,28,17,19,21,19,29,18,25,69,51
l26,6=0,0,0,0,0,0,0,0,26,3,8,29,12,10,26,0,47,15,44,68,50,71,61,73,71,67,71,0,0,0,1,0,34,56,0,24,50,38,42,15,37,19,65,59,50
l27,6=16,37,24,2,39,35,15,0,0,5,0,42,48,13,47,0,26,80,64,11,20,0,0,2,15,11,0,0,0,0,0,65,35,41,0,14,37,46,47,67,75,45,0,0,0
l28,6=0,17,0,2,61,14,0,1,0,0,37,23,36,18,7,0,36,81,39,29,44,0,0,13,16,1,0,0,0,0,83,0,47,52,0,18,37,45,37,57,50,42,25,26,0
l29,6=0,0,0,0,0,0,0,0,0,0,0,0,0,0,0,0,0,12,0,52,0,52,17,31,61,0,64,30,0,0,42,47,0,83,0,79,81,82,64,88,58,63,0,14,3
l30,6=0,0,0,0,0,0,0,0,0,0,0,0,0,0,8,0,0,0,13,18,27,29,27,51,28,44,52,57,0,0,47,47,71,0,0,79,81,84,64,66,80,85,22,23,0
l31,6=0,0,0,0,0,0,0,0,0,0,0,0,0,0,0,0,0,22,0,43,0,47,0,46,68,54,60,42,0,0,25,40,71,79,0,0,81,87,56,75,72,77,26,21,0
l32,6=0,0,0,0,0,0,0,0,0,0,0,0,0,0,0,0,0,1,0,0,0,48,0,52,0,30,33,60,0,0,39,48,71,82,0,79,0,81,55,70,64,58,38,0,0
l33,6=0,0,0,0,0,0,0,0,0,0,0,0,0,0,0,0,0,0,0,0,0,2,0,36,0,0,61,50,0,0,37,43,70,81,0,79,79,0,55,31,65,71,0,0,0
l34,6=0,0,0,0,0,1,0,0,0,0,0,0,0,0,9,0,14,29,0,38,47,34,26,38,32,13,38,57,0,0,48,44,71,83,0,79,72,66,0,89,80,85,32,45,0
l35,6=0,0,0,0,0,0,0,0,0,0,0,0,0,0,0,0,13,10,0,42,42,26,0,30,38,52,39,32,0,0,69,65,71,66,0,58,58,57,64,0,80,85,0,37,0
l36,6=0,0,0,2,0,0,0,0,0,0,0,0,0,0,28,0,27,60,17,41,26,12,0,31,30,0,35,15,0,0,84,73,67,83,0,78,46,68,64,89,0,85,0,4,0
l37,6=0,0,0,0,0,0,0,0,0,0,13,0,2,0,0,0,21,32,1,0,26,26,0,31,39,56,34,17,0,0,67,60,65,83,0,68,44,75,64,89,80,0,0,1,0
l38,6=0,0,0,0,0,0,0,0,0,0,15,0,14,0,38,0,0,19,16,44,5,22,2,59,66,44,34,60,0,0,0,2,0,13,0,0,10,0,14,0,0,0,0,68,57
l39,6=0,0,0,0,0,0,0,0,0,0,15,15,13,1,45,0,29,33,41,56,42,17,11,30,62,57,76,50,0,0,0,0,8,12,0,0,0,0,9,5,0,0,76,0,65
l40,6=0,0,0,0,0,0,0,0,0,0,0,0,0,0,39,0,0,26,32,50,27,27,16,53,43,55,57,44,0,0,0,0,0,0,0,0,0,0,0,0,0,0,78,73,0
l41,6=0,0,0,0,0,0,0,0,0,0,0,0,42,6,53,0,20,43,48,60,55,39,17,48,71,65,68,47,0,0,10,12,0,0,0,0,0,0,0,0,13,9,66,74,53
l42,6=0,0,0,0,0,0,0,0,0,0,0,0,0,0,10,0,0,16,21,47,20,21,15,40,46,60,68,69,0,0,0,0,20,0,0,20,18,4,18,0,19,0,74,68,49
l43,6=0,0,0,0,0,0,0,0,0,0,0,0,0,0,7,0,0,0,16,39,15,21,23,60,24,54,59,68,0,0,0,0,17,0,0,20,4,0,13,0,0,0,73,70,57
l44,6=0,0,0,0,0,0,0,0,0,0,0,0,7,0,9,0,21,20,15,18,21,18,16,55,68,62,56,56,0,0,0,0,0,0,0,0,0,0,0,0,0,3,58,67,57

l0,7=0,93,93,87,90,92,87,74,84,77,64,76,86,88,24,0,59,32,3,10,0,0,0,0,0,0,0,0,0,0,4,0,0,0,0,0,0,0,0,0,33,0,0,0,0
l1,7=94,0,93,87,90,92,86,20,86,79,75,84,87,88,0,0,54,21,18,38,3,0,0,0,0,0,0,0,0,0,18,40,0,0,0,0,0,0,0,0,0,0,0,0,0
l2,7=93,92,0,85,89,91,87,78,86,74,58,80,87,88,48,0,58,27,24,10,31,0,0,0,0,0,0,10,0,0,41,0,0,0,0,0,0,0,0,0,0,0,0,0,0
l3,7=94,93,93,0,90,92,87,67,84,77,61,77,86,87,26,0,48,34,15,10,0,0,0,0,0,0,0,0,0,0,66,69,0,0,0,0,0,0,0,0,0,0,0,0,0
l4,7=94,92,92,87,0,92,87,74,82,75,6,78,16,83,0,0,51,1,1,22,0,0,0,0,0,0,0,0,0,0,38,18,0,0,0,0,0,0,0,0,0,0,0,0,0
l5,7=89,93,91,86,90,0,87,68,86,74,78,86,86,87,51,0,49,20,24,1,30,0,0,0,0,0,0,0,0,0,15,0,0,0,0,0,0,0,0,0,0,0,0,0,0
l6,7=94,92,93,87,90,92,0,78,86,80,82,45,84,88,69,0,28,26,22,31,9,0,0,0,0,28,0,0,0,0,13,6,0,0,0,0,0,0,0,0,0,0,0,0,0
l7,7=87,61,82,78,78,71,87,0,87,79,71,90,78,90,76,0,55,58,6,60,55,30,0,0,49,62,42,24,0,0,0,0,0,0,0,0,0,0,0,0,0,0,0,0,0
l8,7=90,87,89,74,74,88,84,80,0,80,66,88,83,84,68,0,54,0,57,54,46,47,29,20,38,44,49,11,0,0,0,15,0,0,0,0,0,0,0,0,0,0,0,0,0
l9,7=89,86,84,81,84,88,87,80,87,0,66,90,90,90,74,0,57,1,59,29,57,22,0,10,0,55,44,0,0,0,17,33,0,0,0,0,0,0,0,0,0,0,0,29,0
l10,7=49,71,50,25,3,59,79,69,69,65,0,47,86,85,83,0,59,27,65,35,61,18,19,17,51,44,32,0,0,0,29,55,0,0,0,0,0,0,0,0,28,0,17,39,0
l11,7=89,87,89,38,84,88,72,78,85,77,78,0,90,85,79,0,59,52,63,65,1,5,0,27,44,10,39,26,0,0,0,27,0,0,0,0,0,0,0,0,0,0,0,48,15
l12,7=83,88,84,57,30,67,68,68,85,78,80,91,0,90,82,0,59,17,73,54,52,5,20,10,58,65,48,13,0,0,29,32,0,0,0,0,0,0,0,0,1,0,30,0,0
l13,7=89,86,90,74,70,88,78,78,82,78,79,91,90,0,80,0,37,19,66,62,55,0,32,35,43,55,0,14,0,0,24,32,0,0,0,0,0,0,0,0,0,0,0,0,0
l14,7=8,1,12,0,0,33,27,41,39,53,71,31,51,77,0,0,61,88,78,77,74,34,0,16,57,46,37,32,0,0,47,76,0,0,0,0,0,0,0,15,35,0,39,41,41
l15,7=44,37,44,21,21,30,18,38,65,43,71,30,48,29,86,0,0,28,29,55,73,25,18,13,48,34,28,18,0,0,22,47,0,22,0,0,0,0,0,6,1,0,0,0,23
l16,7=48,10,31,6,5,34,5,16,8,2,47,6,0,5,86,0,57,0,30,63,85,5,0,13,43,41,24,2,0,0,56,87,0,36,0,2,11,2,5,6,82,0,40,49,12
l17,7=0,41,47,18,0,38,31,16,29,50,75,81,86,74,88,0,59,83,0,57,73,24,2,25,55,71,48,34,0,0,46,49,0,0,0,0,0,0,8,2,0,28,4,48,38
l18,7=0,37,7,0,11,11,12,24,14,35,34,23,22,43,71,0,44,74,32,0,67,60,33,2,59,65,61,75,0,0,32,35,42,16,0,0,0,0,22,19,41,33,37,63,39
l19,7=0,0,25,0,0,35,7,21,20,44,49,0,19,56,75,0,59,88,73,77,0,33,22,23,76,81,31,36,0,0,39,36,0,43,0,0,0,3,21,21,44,0,45,57,55
l20,7=0,0,0,0,0,0,0,28,16,23,14,7,2,2,56,0,41,7,24,66,36,0,77,82,68,71,62,84,0,0,0,0,40,35,0,31,32,0,64,9,0,0,55,62,62
l21,7=0,0,0,0,0,0,0,0,43,0,33,1,40,27,0,0,46,0,11,63,42,88,0,74,65,67,38,81,0,0,0,0,9,32,0,0,10,0,32,0,0,0,55,58,44
l22,7=0,0,0,0,0,0,0,6,25,10,42,22,14,18,36,0,23,29,44,2,57,79,71,0,76,70,70,84,0,0,0,0,40,61,0,18,64,57,68,20,17,48,64,63,66
l23,7=0,0,0,0,0,0,0,15,22,0,27,17,41,15,44,0,38,34,44,63,58,76,69,88,0,84,73,84,0,0,12,16,37,42,0,48,23,0,18,9,27,14,61,71,55
l24,7=0,0,0,0,0,0,6,43,26,25,31,9,51,23,61,0,28,48,54,66,58,78,53,81,76,0,73,80,0,0,20,16,0,33,0,29,20,1,14,47,15,26,60,65,50
l25,7=0,0,0,0,0,0,0,13,27,27,38,26,47,0,58,0,42,49,54,66,29,55,12,88,76,84,0,77,0,0,0,3,60,43,0,26,33,35,35,23,32,17,60,79,67
l26,7=0,0,9,0,0,0,0,14,25,6,0,29,24,13,35,0,19,9,36,66,36,83,75,82,68,71,67,0,0,0,6,0,51,34,0,0,64,38,69,37,4,4,61,30,68
l27,7=2,9,45,10,35,12,2,0,1,25,50,0,5,20,80,0,48,31,27,58,37,0,0,0,14,29,0,1,0,0,0,95,55,71,0,52,62,10,29,42,81,86,0,30,1
l28,7=0,43,0,13,4,0,5,0,4,29,49,5,5,8,47,0,58,88,10,18,17,0,0,0,12,32,2,0,0,0,89,0,57,71,0,49,67,9,8,39,80,78,18,18,0
l29,7=0,0,0,0,0,0,0,0,0,0,0,0,0,0,0,0,0,0,0,28,0,18,1,47,52,0,59,67,0,0,31,19,0,75,0,75,87,84,79,92,77,78,4,33,0
l30,7=0,0,0,0,0,0,0,0,0,0,0,0,0,0,0,0,7,24,0,5,7,4,14,62,32,58,37,34,0,0,64,64,78,0,0,74,85,81,80,63,86,88,0,8,4
l31,7=0,0,0,0,0,0,0,0,0,0,0,0,0,0,0,0,0,14,0,0,0,65,0,17,60,63,54,0,0,0,59,53,78,72,0,0,87,88,77,64,83,72,0,29,0
l32,7=0,0,0,0,0,0,0,0,0,0,0,0,0,0,0,0,0,17,0,0,0,31,0,68,50,58,56,71,0,0,44,42,78,72,0,75,0,88,76,80,51,32,4,0,0
l33,7=0,0,0,0,0,0,0,0,0,0,0,0,0,0,0,0,0,0,0,0,0,0,0,61,0,0,53,48,0,0,36,15,78,74,0,75,87,0,80,63,59,57,21,0,0
l34,7=0,0,0,0,0,0,0,0,0,0,0,0,0,0,0,0,0,17,6,62,17,64,13,63,31,39,36,67,0,0,73,15,78,75,0,73,81,76,0,92,86,88,40,41,0
l35,7=0,0,0,0,0,0,0,0,0,0,0,0,0,0,7,0,17,15,2,27,18,2,0,23,9,66,24,44,0,0,77,51,78,72,0,67,85,55,80,0,86,88,0,0,0
l36,7=7,0,0,0,0,0,0,0,0,0,8,0,0,0,7,0,0,83,0,25,19,0,0,13,21,39,24,0,0,0,85,28,75,75,0,75,82,38,80,92,0,88,3,0,0
l37,7=2,0,0,0,0,0,0,0,0,0,0,0,0,0,0,0,0,7,7,7,0,0,0,29,20,65,14,5,0,0,77,27,75,75,0,67,78,36,80,92,86,0,17,6,0
l38,7=0,0,0,0,0,0,0,0,0,0,0,0,7,0,43,0,0,18,0,23,23,39,12,67,63,61,58,60,0,0,0,0,0,0,0,0,0,2,6,0,0,4,0,77,69
l39,7=0,0,0,0,0,0,0,0,0,3,11,10,0,0,17,0,0,36,34,57,35,49,15,61,64,54,72,30,0,0,10,1,13,6,0,0,0,0,11,0,0,0,70,0,64
l40,7=0,0,0,0,0,0,0,0,0,0,0,0,0,0,14,0,13,20,8,46,30,44,14,62,50,46,55,65,0,0,0,0,0,6,0,0,0,0,0,0,0,0,69,72,0
l41,7=0,0,0,0,0,0,0,1,10,0,1,0,43,5,59,0,26,47,52,59,57,27,9,58,68,65,61,49,0,0,3,32,17,0,0,0,0,0,5,1,0,11,62,79,65
l42,7=0,0,0,0,0,0,0,0,0,0,0,0,0,0,48,0,15,1,0,56,0,59,39,65,68,72,71,73,0,0,0,0,30,25,0,0,1,2,11,0,0,0,67,75,53
l43,7=0,0,0,0,0,0,0,0,0,0,0,0,0,0,17,0,10,0,16,55,28,39,29,79,30,68,67,79,0,0,0,0,29,11,0,12,10,0,15,0,0,0,65,68,69
l44,7=0,0,0,0,0,0,0,0,0,0,0,0,5,0,23,0,15,11,10,29,29,24,30,75,71,69,54,53,0,0,0,0,7,22,0,0,0,0,8,0,0,7,65,74,69

l0,8=0,100,97,97,90,93,98,91,94,91,74,95,93,91,89,0,93,84,47,9,0,0,0,0,0,0,0,0,0,0,10,26,0,0,0,0,0,0,0,0,0,0,0,0,0
l1,8=97,0,97,95,89,93,98,0,96,94,71,95,93,92,51,0,53,72,54,50,0,0,0,0,0,0,0,0,0,0,83,0,0,0,0,0,0,0,0,0,0,0,0,0,0
l2,8=97,99,0,95,89,93,98,30,96,93,76,98,83,99,51,0,67,76,65,0,44,0,0,0,0,0,0,0,0,0,77,14,0,0,0,0,0,0,0,0,0,0,0,6,0
l3,8=98,100,97,0,91,95,99,93,94,91,53,95,94,90,10,0,52,54,49,0,0,0,0,0,0,0,0,0,0,0,86,41,0,0,0,0,0,0,0,0,41,0,0,0,0
l4,8=97,98,97,97,0,95,98,82,94,91,72,95,60,91,53,0,69,87,65,51,0,0,0,0,0,0,0,0,0,0,84,6,0,0,0,0,0,0,0,0,0,0,0,0,0
l5,8=97,99,97,96,91,0,98,98,93,91,76,98,95,99,37,0,95,92,49,45,51,0,0,0,0,0,0,0,0,0,64,61,0,0,0,0,0,0,0,0,0,0,0,0,0
l6,8=97,99,98,95,89,93,0,98,96,96,88,98,99,99,91,0,94,81,67,0,52,0,0,31,0,49,0,0,0,0,82,3,0,0,0,0,0,0,0,0,0,0,0,0,0
l7,8=97,92,93,94,80,93,98,0,97,96,92,99,99,99,92,0,97,87,78,88,82,38,0,49,76,88,80,0,0,0,2,0,0,0,0,0,0,0,0,0,0,0,0,0,0
l8,8=92,99,97,90,83,87,98,98,0,96,91,98,99,99,80,0,92,2,70,86,86,82,27,56,62,0,43,69,0,0,0,0,0,0,0,0,0,0,0,0,0,0,0,6,0
l9,8=85,99,93,90,88,88,99,99,97,0,88,99,100,100,90,0,97,0,62,86,89,43,0,58,46,56,50,0,0,0,49,53,0,0,0,0,0,0,0,0,0,0,0,58,0
l10,8=86,59,55,67,72,62,93,95,91,85,0,96,100,100,97,0,98,12,94,61,58,48,71,82,65,43,52,0,0,0,66,87,0,0,0,0,0,0,0,0,0,0,0,71,0
l11,8=93,91,94,62,82,90,94,97,97,95,88,0,100,100,93,0,93,67,94,59,26,2,0,58,63,36,47,66,0,0,67,1,0,0,0,0,0,0,0,0,0,0,0,50,34
l12,8=92,88,49,91,28,86,93,98,97,98,94,99,0,100,93,0,98,88,94,88,71,0,66,12,66,60,49,57,0,0,65,42,0,0,0,0,0,0,0,0,0,0,34,0,0
l13,8=92,62,98,76,77,93,93,99,97,98,93,99,100,0,92,0,58,70,93,63,54,56,81,79,68,49,0,76,0,0,8,71,0,0,0,0,0,0,0,0,12,0,0,0,0
l14,8=64,14,21,3,28,18,81,85,39,50,57,91,95,70,0,0,63,99,98,97,61,47,67,72,68,50,50,58,0,0,83,89,0,0,0,0,0,0,0,4,1,49,64,71,54
l15,8=89,17,32,33,36,69,86,97,71,61,60,99,100,75,58,0,0,99,98,57,60,57,0,72,72,47,37,75,0,0,67,92,0,31,0,0,0,0,40,60,59,0,0,64,55
l16,8=29,14,13,0,37,50,32,76,15,0,0,60,98,17,58,0,63,0,97,78,63,4,0,0,70,56,53,0,0,0,100,99,0,0,0,0,15,35,81,87,98,42,69,67,63
l17,8=29,28,14,24,50,29,37,79,48,30,55,95,97,68,97,0,97,99,0,69,99,49,78,60,63,53,46,69,0,0,89,75,0,0,0,0,0,0,0,43,58,45,35,69,56
l18,8=0,25,0,0,32,19,0,87,59,29,39,64,87,56,97,0,70,98,90,0,94,90,81,90,93,91,91,86,0,0,90,54,40,2,0,0,0,0,76,63,61,67,81,84,75
l19,8=0,0,26,0,0,58,59,85,64,77,90,43,98,69,96,0,96,99,98,97,0,54,19,90,93,93,90,83,0,0,95,29,0,47,0,0,0,0,62,78,93,31,78,86,85
l20,8=0,0,0,0,0,0,0,28,63,41,55,26,3,63,60,0,61,26,58,81,59,0,97,92,74,84,68,87,0,0,0,0,55,53,0,23,0,0,73,21,19,47,63,45,56
l21,8=0,0,0,0,0,0,0,0,46,0,53,0,49,54,52,0,10,0,54,85,17,94,0,90,86,80,49,83,0,0,0,0,0,40,0,0,47,0,64,0,0,0,53,65,54
l22,8=0,0,0,0,0,0,1,13,17,11,55,31,6,40,55,0,31,0,19,85,73,89,80,0,88,90,90,81,0,0,0,0,62,71,0,41,67,55,84,21,23,50,73,83,73
l23,8=0,0,0,0,0,0,0,43,16,3,24,56,52,36,62,0,60,70,62,87,67,83,71,92,0,95,93,84,0,0,25,8,55,62,0,30,32,17,73,43,58,25,69,86,83
l24,8=0,0,0,0,0,0,27,62,0,55,52,45,61,58,81,0,55,74,76,86,67,92,68,91,93,0,91,78,0,0,45,8,63,20,0,6,15,29,71,22,60,28,80,70,62
l25,8=0,0,0,0,0,0,0,53,12,28,64,57,59,0,63,0,56,70,61,85,68,60,17,92,93,95,0,59,0,0,0,0,64,68,0,15,68,51,61,22,53,36,81,86,77
l26,8=0,0,0,0,0,0,0,12,32,0,0,42,12,25,22,0,46,0,55,85,59,92,85,92,86,89,73,0,0,0,0,0,55,19,0,45,76,22,83,20,0,23,59,46,76
l27,8=3,25,18,40,35,45,47,9,1,1,27,70,59,0,47,0,5,99,94,70,42,0,0,0,24,25,0,0,0,0,0,99,0,98,0,17,23,71,99,97,99,93,0,58,0
l28,8=32,0,2,27,15,26,16,0,1,10,54,29,51,28,58,0,35,99,64,69,27,0,0,0,23,9,0,0,0,0,100,0,71,94,0,14,35,55,99,97,99,54,18,75,0
l29,8=0,0,0,0,0,0,0,0,0,0,0,0,0,0,0,0,0,0,0,77,0,80,0,84,81,85,82,77,0,0,0,80,0,100,0,93,98,98,99,97,93,91,38,0,0
l30,8=0,0,0,0,0,0,0,0,0,0,0,0,0,0,0,0,16,0,0,0,52,87,34,92,89,31,93,29,0,0,99,82,94,0,0,93,98,100,99,97,99,93,6,14,0
l31,8=0,0,0,0,0,0,0,0,0,0,0,0,0,0,0,0,0,3,0,29,0,51,0,82,83,37,59,77,0,0,83,39,94,100,0,0,98,100,99,92,99,93,0,33,0
l32,8=0,0,0,0,0,0,0,0,0,0,0,0,0,0,0,0,0,51,0,0,0,0,72,85,73,74,63,77,0,0,73,60,94,100,0,93,0,100,99,86,87,86,39,0,0
l33,8=0,0,0,0,0,0,0,0,0,0,0,0,0,0,0,0,0,23,0,0,0,0,0,86,56,60,58,36,0,0,74,34,94,100,0,93,98,0,91,97,99,56,0,0,0
l34,8=0,0,0,0,0,0,0,0,0,0,0,0,0,0,0,0,13,51,0,90,49,71,50,91,87,49,43,83,0,0,93,77,94,100,0,93,98,98,0,97,99,93,44,55,0
l35,8=0,0,0,0,0,0,0,0,0,0,0,0,0,0,3,0,27,53,28,68,53,29,0,47,38,44,38,50,0,0,97,63,94,100,0,53,61,100,99,0,99,93,0,0,9
l36,8=0,0,0,0,0,0,0,0,0,0,0,0,0,5,0,0,26,61,27,91,95,15,0,23,52,81,71,0,0,0,100,66,76,100,0,56,61,88,99,97,0,93,24,32,0
l37,8=0,0,0,0,0,0,0,0,0,0,0,0,1,0,43,0,0,53,29,92,54,34,0,48,37,44,45,23,0,0,100,62,75,100,0,55,61,70,99,97,99,0,7,0,0
l38,8=0,0,0,0,0,0,0,0,0,0,0,2,18,0,36,0,0,42,6,58,41,46,38,55,54,59,68,36,0,0,0,7,32,0,0,0,10,0,30,0,24,0,0,86,91
l39,8=0,0,0,0,0,0,0,0,0,8,21,18,0,0,38,0,18,37,35,69,65,30,39,69,90,47,91,35,0,0,13,17,0,0,0,3,0,0,18,0,2,0,83,0,92
l40,8=0,0,0,0,0,0,0,0,0,0,0,5,0,0,18,0,21,37,17,58,50,48,25,62,77,41,69,48,0,0,0,0,0,0,0,0,0,0,0,0,0,0,83,83,0
l41,8=0,0,0,0,0,0,0,20,22,5,0,54,55,17,72,0,55,49,76,79,76,30,41,54,89,93,90,17,0,0,11,46,3,0,0,0,0,0,17,0,0,20,83,86,84
l42,8=0,0,0,0,0,0,0,0,0,0,0,0,0,0,50,0,5,17,35,63,39,61,64,69,73,90,86,61,0,0,0,0,16,19,0,0,0,0,0,0,0,1,83,87,67
l43,8=0,0,0,0,0,0,0,0,0,0,0,0,0,0,19,0,0,0,6,60,39,50,16,72,57,68,76,49,0,0,0,0,13,0,0,0,0,0,0,0,0,0,76,70,73
l44,8=0,0,0,0,0,0,0,0,0,0,0,0,3,0,31,0,11,15,25,63,25,44,23,72,84,56,66,28,0,0,0,0,0,14,0,0,0,0,0,0,0,0,81,84,63

l0,9=0,96,100,96,97,98,100,87,97,95,97,98,99,95,73,0,80,1,8,17,61,0,0,0,18,8,0,0,0,0,9,74,0,0,0,0,0,0,0,0,0,0,0,0,0
l1,9=89,0,100,96,97,99,100,86,98,97,95,33,57,87,79,0,76,26,16,37,0,3,0,0,0,47,0,0,0,0,56,8,0,0,0,0,0,0,0,0,63,0,0,0,0
l2,9=87,98,0,85,94,98,100,97,98,98,98,98,99,97,94,0,76,21,16,57,19,0,0,0,29,0,0,0,0,0,46,39,0,0,0,0,0,0,0,0,0,0,0,0,0
l3,9=86,99,100,0,97,99,100,92,84,90,93,28,99,67,69,0,69,0,14,7,2,0,0,0,0,0,0,0,0,0,57,52,0,0,0,0,0,0,0,0,0,0,0,0,0
l4,9=88,98,99,96,0,99,100,96,98,93,93,100,96,98,30,0,92,2,3,63,0,0,0,0,0,0,0,0,0,0,49,77,0,0,0,0,0,0,0,0,0,0,0,0,0
l5,9=82,99,99,96,97,0,100,87,97,98,98,100,99,98,75,0,96,93,39,21,86,0,0,0,0,24,0,0,0,0,58,45,0,0,0,0,0,0,0,0,68,0,0,0,0
l6,9=89,98,100,96,97,98,0,97,98,98,99,100,99,98,80,0,95,80,67,61,70,0,0,0,0,0,0,0,0,0,5,84,0,0,0,0,0,0,0,0,0,0,0,0,0
l7,9=89,98,100,94,96,98,100,0,100,100,99,100,99,100,93,0,98,52,11,96,97,98,2,52,91,93,26,63,0,0,0,0,0,0,0,0,0,0,0,0,0,0,0,21,0
l8,9=85,98,100,78,95,98,100,98,0,98,99,100,99,98,95,0,96,50,36,95,95,87,0,54,79,85,70,38,0,0,16,0,0,0,0,0,0,0,0,0,0,0,0,9,0
l9,9=86,97,100,95,97,98,100,89,98,0,100,100,100,100,97,0,99,37,63,93,95,63,0,8,71,85,82,14,0,0,7,44,0,0,0,0,0,0,0,0,0,0,0,1,0
l10,9=28,71,95,81,97,91,100,91,99,100,0,98,100,100,97,0,99,29,93,77,93,87,30,35,68,76,91,22,0,0,44,53,0,0,0,0,0,0,0,0,16,29,37,27,31
l11,9=87,95,99,57,97,99,100,95,100,100,100,0,100,100,97,0,98,52,93,95,65,49,4,29,79,5,76,66,0,0,48,6,0,0,0,0,0,0,0,0,0,0,16,22,3
l12,9=51,96,99,96,95,98,100,97,99,100,100,100,0,100,97,0,99,59,92,88,90,86,31,10,28,74,80,34,0,0,47,40,0,0,0,0,0,0,0,0,8,7,32,6,0
l13,9=28,97,100,58,97,98,100,94,100,100,100,100,100,0,97,0,97,29,75,79,96,91,3,36,74,88,83,50,0,0,7,53,0,0,0,0,0,0,0,0,69,0,0,10,0
l14,9=13,84,92,17,37,83,51,50,59,84,100,36,38,67,0,0,89,37,99,82,100,92,28,35,70,88,83,57,0,0,59,56,0,0,0,0,0,0,27,31,81,85,34,27,31
l15,9=21,52,89,27,96,92,54,60,59,92,100,40,85,70,96,0,0,30,64,81,96,95,30,36,73,94,55,59,0,0,57,55,0,0,0,0,0,0,54,25,12,75,39,25,0
l16,9=0,96,24,0,14,92,62,45,59,19,96,35,38,69,97,0,90,0,38,84,100,0,0,36,72,95,53,0,0,0,61,56,0,5,0,0,69,39,53,96,98,94,43,31,23
l17,9=0,0,23,0,16,70,51,0,58,64,100,62,37,70,97,0,95,43,0,90,100,94,32,36,72,95,85,56,0,0,59,53,0,0,0,0,0,0,0,48,76,63,24,30,2
l18,9=0,68,15,21,57,32,5,87,71,76,98,94,98,81,95,0,99,93,96,0,99,96,60,98,97,95,96,98,0,0,84,84,46,24,0,26,70,27,96,43,98,97,74,55,81
l19,9=0,0,0,0,0,55,27,48,53,69,98,9,27,69,97,0,62,94,99,99,0,72,0,60,77,95,89,60,0,0,60,61,0,36,0,0,0,0,46,62,98,95,44,47,38
l20,9=0,0,0,0,0,0,8,82,77,77,80,0,83,81,80,0,88,0,86,97,83,0,100,100,97,95,97,99,0,0,0,0,81,86,0,79,81,0,96,78,0,68,85,67,84
l21,9=0,0,0,0,0,0,0,25,0,0,82,0,98,8,85,0,91,0,94,97,0,100,0,98,97,95,90,98,0,0,0,0,0,84,0,10,72,0,83,17,0,0,91,91,88
l22,9=0,0,0,0,0,0,0,0,75,5,81,74,0,75,72,0,87,70,74,97,94,98,80,0,98,95,97,98,0,0,0,0,81,82,0,83,82,77,93,77,56,69,78,83,74
l23,9=0,0,0,0,0,0,0,43,44,57,74,32,4,58,93,0,99,54,64,97,99,97,60,99,0,96,99,98,0,0,46,33,68,29,0,81,61,62,89,76,57,69,96,91,93
l24,9=0,62,0,0,0,70,0,85,83,70,81,36,58,87,87,0,95,92,96,96,99,98,97,98,99,0,98,98,0,0,39,27,93,48,0,0,88,77,89,77,91,60,96,80,48
l25,9=0,0,0,0,0,0,0,40,50,57,93,30,90,59,85,0,75,20,89,91,89,91,27,99,99,96,0,91,0,0,0,3,88,90,0,86,93,72,90,12,80,0,96,91,89
l26,9=0,0,0,0,0,0,0,59,71,67,0,84,37,39,86,0,84,0,86,97,89,98,96,99,97,95,97,0,0,0,0,0,86,95,0,91,96,72,98,78,53,72,84,61,26
l27,9=0,96,6,27,43,58,0,0,0,0,95,5,9,26,92,0,59,94,38,82,59,0,0,0,29,24,0,0,0,0,0,94,0,43,0,29,81,63,44,100,98,99,2,2,11
l28,9=28,12,24,29,47,54,26,0,0,14,100,0,12,69,60,0,59,43,17,31,34,0,0,0,29,9,0,0,0,0,97,0,30,0,0,2,84,0,46,63,100,99,0,0,0
l29,9=0,0,0,0,0,0,0,0,0,0,0,0,0,0,0,0,0,7,0,32,0,70,0,99,91,93,71,79,0,0,0,92,0,100,0,99,100,99,100,100,100,99,38,16,8
l30,9=0,0,0,0,0,0,0,0,0,0,0,0,0,0,0,0,0,12,0,36,32,91,13,100,43,47,99,100,0,0,97,0,100,0,0,99,100,99,100,100,100,99,21,10,1
l31,9=0,0,0,0,0,0,0,0,0,0,0,0,0,0,0,0,0,0,0,52,0,56,2,64,81,2,88,95,0,0,83,28,100,100,0,0,100,99,100,66,100,81,0,0,0
l32,9=0,0,0,0,0,0,0,0,0,0,0,0,0,0,0,0,0,49,0,49,0,61,6,97,32,53,97,98,0,0,84,54,100,100,0,99,0,99,100,79,98,99,0,1,0
l33,9=0,0,0,0,0,0,0,0,0,0,0,0,0,0,0,0,0,8,0,0,0,0,0,36,29,30,41,21,0,0,76,0,100,100,0,99,100,0,100,82,96,84,0,0,0
l34,9=0,0,0,0,0,0,0,0,0,0,0,0,0,0,29,0,47,16,0,31,33,58,13,100,31,36,56,100,0,0,60,68,100,100,0,99,100,99,0,100,100,99,6,0,3
l35,9=0,0,0,0,14,4,0,0,0,0,0,0,0,0,45,0,33,41,18,30,33,57,2,49,30,36,20,25,0,0,97,43,100,100,0,29,87,99,100,0,100,99,0,0,0
l36,9=0,33,0,0,0,58,0,0,0,0,0,0,1,61,60,0,31,59,16,37,34,0,0,35,29,37,45,10,0,0,60,69,46,100,0,30,87,65,100,100,0,99,0,0,0
l37,9=0,0,0,0,0,0,0,0,0,0,21,0,1,0,62,0,56,16,16,35,34,56,0,37,30,36,0,24,0,0,97,49,47,100,0,29,87,65,100,100,100,0,1,2,0
l38,9=0,0,0,0,0,0,0,0,0,0,41,0,19,0,59,0,59,59,9,91,59,70,19,87,97,93,95,69,0,0,0,0,42,26,0,0,0,0,4,0,0,0,0,91,93
l39,9=0,0,0,0,0,0,0,0,0,0,66,16,0,9,73,0,56,78,87,69,85,69,23,92,97,79,97,26,0,0,33,0,27,19,0,0,0,0,12,0,0,0,96,0,93
l40,9=0,0,0,0,0,0,0,0,0,0,48,4,0,0,64,0,0,13,0,87,83,86,26,58,93,1,91,2,0,0,0,0,1,0,0,0,0,0,0,0,0,0,96,91,0
l41,9=0,0,0,0,0,0,0,22,32,0,60,19,50,42,90,0,84,72,93,97,68,70,0,52,97,95,97,43,0,0,2,51,0,5,0,0,15,0,66,46,0,52,96,91,93
l42,9=0,0,0,0,0,0,0,0,0,0,0,0,0,0,1,0,19,0,18,90,76,90,71,89,97,95,95,95,0,0,0,0,0,38,0,0,12,0,68,0,0,17,96,91,93
l43,9=0,0,0,0,0,0,0,0,0,0,0,0,0,0,69,0,0,24,76,84,68,80,69,85,92,82,94,84,0,0,0,0,35,0,0,55,0,0,0,0,0,0,90,84,87
l44,9=0,0,0,0,0,0,0,0,0,0,0,0,6,37,69,0,1,18,54,95,66,78,72,98,97,95,97,75,0,0,0,0,22,0,0,69,0,0,0,0,0,12,96,91,89

l0,10=0,98,96,94,96,87,94,0,89,91,92,51,90,93,0,0,63,59,0,0,0,0,0,0,0,0,0,0,0,0,0,69,0,0,0,0,0,0,0,0,0,0,0,0,0
l1,10=96,0,95,94,96,92,97,0,90,91,59,87,90,54,51,0,52,89,82,32,0,0,0,0,0,3,0,0,0,0,0,48,0,0,0,0,0,0,0,0,0,0,0,0,0
l2,10=95,97,0,88,92,91,97,0,94,91,92,86,90,95,48,0,75,82,80,55,30,0,0,0,36,28,23,0,0,0,0,0,0,0,0,0,0,0,0,0,0,0,0,59,0
l3,10=96,98,91,0,96,92,98,1,90,91,60,84,90,85,38,0,48,0,0,0,0,0,0,0,0,0,0,0,0,0,89,50,0,0,0,0,0,0,0,0,0,0,0,0,0
l4,10=96,97,91,95,0,92,97,0,89,91,68,35,90,73,0,0,65,73,59,0,0,0,0,0,0,0,0,0,0,0,69,68,0,0,0,0,0,0,0,0,0,0,0,0,0
l5,10=88,97,96,94,96,0,95,0,94,53,93,91,91,96,42,0,52,80,84,0,0,0,0,0,0,0,0,0,0,0,76,63,0,0,0,0,0,0,1,0,0,0,0,0,0
l6,10=94,97,96,94,92,87,0,0,94,95,93,91,90,93,40,0,92,90,83,32,9,0,0,0,17,0,29,0,0,0,44,76,0,0,0,0,0,0,0,0,0,0,0,0,0
l7,10=95,97,95,91,94,89,97,0,96,95,94,90,91,98,80,0,95,89,85,85,86,87,0,74,11,82,70,75,0,0,0,49,0,0,0,0,0,0,0,0,0,0,0,10,0
l8,10=93,93,95,89,92,87,97,0,0,91,94,91,91,93,74,0,86,64,81,82,78,81,0,49,66,40,56,68,0,0,7,0,0,0,0,0,0,0,0,0,0,0,0,18,0
l9,10=92,93,91,91,92,86,92,1,89,0,92,92,92,97,84,0,92,82,83,60,48,63,0,45,52,40,45,60,0,0,0,59,0,0,0,0,0,0,0,0,0,0,0,0,0
l10,10=91,81,90,76,92,87,92,0,89,93,0,90,92,93,85,0,94,78,87,48,84,51,7,79,44,44,62,64,0,0,77,61,0,0,0,0,0,0,0,0,0,0,2,62,7
l11,10=70,85,91,69,55,88,92,0,91,95,92,0,92,98,84,0,93,77,86,56,45,41,0,58,40,39,54,63,0,0,54,47,0,0,0,0,0,0,0,0,0,0,0,0,0
l12,10=93,92,92,91,91,86,91,0,89,93,93,91,0,95,85,0,93,91,86,64,70,71,35,42,69,78,76,45,0,0,4,0,0,0,0,0,0,0,0,0,0,0,68,0,4
l13,10=90,93,91,86,88,87,91,1,87,95,93,92,92,0,52,0,92,65,86,48,51,10,38,62,8,36,50,48,0,0,0,52,0,0,0,0,0,0,0,0,0,0,0,53,0
l14,10=0,83,77,38,0,32,3,0,39,54,61,84,91,29,0,0,95,92,92,46,91,33,72,73,47,48,49,76,0,0,81,72,0,0,0,0,0,0,0,0,0,11,82,87,25
l15,10=58,58,85,30,86,53,53,0,54,57,93,88,91,53,86,0,0,90,92,58,54,42,33,74,50,50,47,77,0,0,87,75,0,25,0,0,0,0,0,29,5,8,69,85,0
l16,10=24,83,62,0,46,41,35,1,28,32,29,64,91,9,89,0,67,0,87,60,91,13,0,73,47,37,49,0,0,0,96,83,25,0,0,0,19,0,69,0,50,9,0,84,73
l17,10=0,77,70,0,59,70,40,0,56,54,89,84,88,62,89,0,96,86,0,86,93,1,53,75,47,49,60,77,0,0,83,72,0,0,0,0,0,0,0,0,0,7,0,0,83
l18,10=0,28,61,0,0,0,13,0,49,20,43,74,49,41,40,0,91,90,91,0,93,82,51,79,81,85,48,85,0,0,70,54,0,72,0,0,0,12,39,55,28,71,83,74,76
l19,10=0,0,38,0,0,0,3,0,50,19,60,66,62,49,89,0,65,93,92,88,0,52,0,80,52,53,63,76,0,0,85,75,0,50,0,0,0,0,37,58,41,40,2,88,80
l20,10=0,0,0,0,0,0,0,1,73,75,71,60,66,34,65,0,70,69,44,81,72,0,97,83,79,84,80,89,0,0,0,0,73,73,0,79,0,0,74,65,0,59,69,74,77
l21,10=0,0,0,0,0,0,0,0,0,0,45,0,76,84,72,0,80,0,76,85,0,93,0,85,81,86,85,90,0,0,0,0,0,76,0,9,0,0,0,0,0,0,82,83,81
l22,10=0,0,0,0,0,0,0,3,44,41,73,48,49,71,53,0,68,66,70,70,71,93,76,0,81,85,86,89,0,0,0,0,73,77,0,65,79,72,73,69,35,54,73,71,77
l23,10=0,0,22,0,0,0,0,0,56,57,62,51,60,0,64,0,77,70,74,86,74,71,77,85,0,86,87,86,0,0,54,40,55,72,0,73,59,59,67,67,43,37,76,91,94
l24,10=0,13,29,0,0,0,1,3,39,35,64,52,69,47,67,0,69,65,73,86,79,92,82,83,81,0,87,73,0,0,14,29,68,57,0,50,73,61,67,45,53,65,85,78,71
l25,10=0,0,2,0,0,0,11,1,56,14,73,49,66,65,57,0,62,59,72,61,85,78,60,84,81,86,0,86,0,0,11,0,74,63,0,54,81,58,71,53,0,38,87,89,93
l26,10=0,0,0,0,0,0,0,4,71,52,59,60,59,62,71,0,79,0,69,84,80,92,84,83,81,80,86,0,0,0,0,0,73,82,0,77,82,77,81,0,46,78,72,80,84
l27,10=0,0,0,69,34,15,2,0,16,0,39,36,38,0,46,0,63,93,67,53,25,0,0,0,40,1,7,0,0,0,0,95,29,48,0,43,54,60,50,77,93,48,0,54,8
l28,10=47,25,0,53,55,16,3,3,0,16,43,37,0,21,50,0,65,93,52,47,25,0,0,0,22,0,0,0,0,0,96,0,52,53,0,0,5,0,49,44,93,48,47,0,0
l29,10=0,0,0,0,0,0,0,0,0,0,0,0,0,0,0,0,0,44,0,0,0,72,0,80,67,71,77,66,0,0,40,80,0,91,0,90,90,92,87,90,72,84,63,45,0
l30,10=0,0,0,0,0,0,0,0,0,0,0,0,0,0,0,0,41,0,0,59,15,59,16,79,75,26,54,77,0,0,25,66,87,0,0,90,90,92,87,90,89,87,62,44,47
l31,10=0,0,0,0,0,0,0,0,0,0,0,0,0,0,0,0,0,0,0,0,0,79,3,73,79,65,74,62,0,0,50,0,87,91,0,0,90,92,87,82,89,85,8,0,48
l32,10=0,0,0,0,0,0,0,0,0,0,0,0,0,0,0,0,0,16,0,0,0,0,0,73,71,68,74,66,0,0,28,0,87,91,0,90,0,93,87,82,61,79,0,0,0
l33,10=0,0,0,0,0,0,0,0,0,0,0,0,0,0,0,0,0,0,0,0,0,0,0,47,54,37,49,48,0,0,36,0,87,91,0,90,90,0,87,85,79,79,0,0,0
l34,10=0,0,0,0,0,1,0,0,0,0,0,0,0,0,0,0,0,55,0,46,13,57,0,48,75,70,68,46,0,0,43,81,87,91,0,90,90,92,0,90,94,87,39,6,0
l35,10=0,0,0,0,12,0,0,0,0,0,0,0,0,0,0,0,48,0,0,50,20,39,0,52,75,32,48,0,0,0,87,47,87,91,0,80,89,92,87,0,94,87,64,0,0
l36,10=0,0,0,0,0,0,0,0,0,0,0,0,22,0,8,0,29,63,0,20,22,0,0,8,42,42,0,23,0,0,96,67,58,91,0,54,71,74,87,95,0,87,0,0,0
l37,10=0,0,0,0,0,0,0,0,0,0,0,0,0,0,37,0,51,46,40,54,21,37,0,42,40,40,45,40,0,0,78,86,76,91,0,52,75,70,87,95,94,0,0,0,0
l38,10=0,0,0,0,0,0,0,0,0,0,0,0,59,0,69,0,71,0,0,76,0,55,52,74,73,77,85,56,0,0,0,31,47,53,0,0,0,0,0,21,0,0,0,93,94
l39,10=0,0,1,0,0,0,0,0,2,0,29,0,0,29,71,0,78,74,0,72,73,76,49,70,77,75,84,65,0,0,20,0,32,31,0,0,0,0,0,0,0,0,87,0,94
l40,10=0,0,0,0,0,0,0,0,0,0,0,0,5,0,0,0,0,66,74,76,72,74,43,67,80,63,86,74,0,0,0,0,0,8,0,0,0,0,0,0,0,0,87,91,0
l41,10=0,0,0,0,0,0,0,0,0,29,40,58,53,24,74,0,55,76,78,84,71,51,0,75,77,82,85,63,0,0,33,54,0,0,0,0,0,0,37,11,0,13,87,91,91
l42,10=0,0,0,0,0,0,0,0,0,0,0,0,0,0,63,0,63,50,51,79,72,75,14,78,81,83,82,79,0,0,0,0,0,56,0,0,0,0,55,0,0,0,87,91,91
l43,10=0,0,0,0,0,0,0,0,0,0,5,0,0,0,46,0,0,44,70,51,60,79,21,82,80,70,86,69,0,0,0,0,13,0,0,0,0,0,44,0,0,0,86,83,92
l44,10=0,0,0,0,0,0,0,0,0,0,0,37,0,0,48,0,25,57,0,81,64,76,55,83,81,85,86,72,0,0,0,0,44,0,0,44,55,0,0,0,0,0,87,90,93

l0,11=0,95,97,97,97,93,96,0,93,95,81,90,87,90,1,0,79,0,0,0,0,0,0,0,0,0,0,0,0,0,20,25,0,0,0,0,0,0,0,0,0,0,0,0,0
l1,11=98,0,97,97,97,93,96,0,91,94,66,90,87,88,79,0,67,26,28,55,0,0,0,0,0,7,0,0,0,0,35,32,0,0,0,0,0,0,0,0,0,0,0,0,0
l2,11=97,94,0,91,94,92,93,0,93,91,85,85,84,86,71,0,86,22,0,75,49,0,0,0,56,48,0,0,0,0,8,0,0,0,0,0,0,0,0,0,0,0,0,0,0
l3,11=98,95,95,0,97,93,96,0,93,91,79,86,85,58,21,0,74,49,20,0,0,0,0,0,0,0,0,0,0,0,49,0,0,0,0,0,0,0,0,0,0,0,0,0,0
l4,11=98,95,92,97,0,93,96,0,93,90,54,85,83,87,0,0,63,3,0,8,0,0,0,0,0,0,0,0,0,0,33,0,0,0,0,0,0,0,0,0,0,0,0,0,0
l5,11=98,95,97,96,97,0,92,0,92,87,88,92,87,90,11,0,71,47,22,50,0,0,0,0,9,0,0,0,0,0,66,57,0,0,0,0,0,0,0,0,0,0,0,0,0
l6,11=98,95,97,97,97,93,0,0,95,95,86,92,87,91,0,0,75,23,53,58,0,0,0,0,0,1,0,0,0,0,30,30,0,0,0,0,0,0,0,0,0,0,0,0,0
l7,11=98,94,97,92,93,93,96,0,95,97,85,92,87,91,88,0,87,70,0,78,66,72,0,39,1,57,55,49,0,0,0,0,0,0,0,0,0,0,0,0,0,0,0,0,0
l8,11=91,93,94,86,95,91,92,0,0,94,88,91,87,90,82,0,85,37,87,74,43,36,0,41,65,39,40,31,0,0,5,0,0,0,0,0,0,0,0,0,0,0,0,15,0
l9,11=94,93,94,88,90,91,92,0,92,0,87,92,87,90,88,0,87,2,21,35,55,43,0,20,74,56,50,15,0,0,33,0,0,0,0,0,0,0,0,0,0,0,0,0,0
l10,11=69,75,89,29,21,63,83,1,93,94,0,91,87,90,89,0,88,14,87,68,87,5,21,21,63,71,42,18,0,0,41,1,0,0,0,0,0,0,0,0,0,0,65,41,0
l11,11=93,92,75,28,50,92,92,0,92,95,87,0,87,90,89,0,86,13,89,77,65,2,0,21,18,65,50,3,0,0,0,23,0,0,0,0,0,0,0,0,0,0,0,0,0
l12,11=93,92,87,65,86,92,92,0,92,94,88,91,0,90,89,0,87,31,89,30,72,10,7,31,69,77,43,12,0,0,0,44,0,0,0,0,0,0,0,0,0,0,46,23,0
l13,11=93,92,93,25,62,92,92,0,92,96,88,92,87,0,89,0,87,14,89,34,50,32,16,21,45,52,42,10,0,0,19,53,0,0,0,0,0,0,0,0,0,0,0,43,0
l14,11=3,64,49,0,2,8,0,0,73,81,68,50,50,76,0,0,87,87,89,74,88,27,0,24,73,73,56,20,0,0,39,72,0,0,0,0,0,0,0,25,43,38,74,73,34
l15,11=75,46,82,24,24,38,73,1,80,93,90,54,87,90,89,0,0,26,89,73,87,41,2,25,79,73,54,17,0,0,45,78,0,0,0,0,0,0,0,26,17,0,43,74,2
l16,11=0,53,48,23,12,33,64,0,46,0,45,39,42,61,89,0,57,0,54,69,89,12,0,26,67,3,37,16,0,0,62,80,0,36,0,0,0,7,16,33,75,75,25,65,67
l17,11=0,39,0,1,6,10,68,0,75,26,85,63,50,79,89,0,88,51,0,81,87,41,1,25,76,73,56,18,0,0,45,67,0,0,0,0,0,0,0,0,9,41,43,74,73
l18,11=0,21,69,0,12,24,44,0,66,13,55,41,24,57,81,0,76,50,89,0,89,53,6,25,80,77,18,38,0,0,43,62,36,30,0,5,1,0,3,33,63,68,71,66,3
l19,11=0,0,48,0,0,0,1,0,44,39,62,40,44,62,89,0,76,88,89,81,0,41,0,23,81,78,57,17,0,0,34,63,0,0,0,0,0,0,0,33,59,47,43,61,62
l20,11=0,0,0,0,0,0,0,0,70,68,6,45,60,71,68,0,65,60,70,65,67,0,89,83,72,78,71,80,0,0,0,0,74,66,0,74,0,0,71,58,0,0,64,63,63
l21,11=0,0,0,0,0,0,0,0,0,0,65,30,71,70,69,0,61,0,41,74,0,85,0,85,81,78,79,79,0,0,0,0,0,66,0,34,0,0,34,0,43,0,72,63,66
l22,11=0,0,0,0,0,0,0,4,67,64,68,65,69,71,67,0,67,66,71,65,60,80,71,0,81,78,75,81,0,0,0,50,74,73,0,71,73,70,71,37,57,62,65,64,65
l23,11=0,0,41,0,0,0,0,0,56,64,50,13,65,44,66,0,55,17,76,76,74,49,48,85,0,80,82,73,0,0,38,0,67,48,0,43,33,0,42,44,54,45,62,72,76
l24,11=0,14,42,0,0,0,10,3,53,64,62,65,77,62,66,0,60,14,67,75,73,75,62,83,81,0,82,62,0,0,25,36,66,47,0,43,37,25,37,20,0,57,65,70,64
l25,11=0,0,0,0,0,0,0,1,39,35,28,55,53,52,69,0,56,17,58,51,69,64,61,82,81,80,0,73,0,0,0,45,68,29,0,29,64,20,9,27,33,52,70,72,73
l26,11=0,0,0,0,0,0,0,0,65,65,61,50,61,50,70,0,58,57,65,69,64,84,75,84,74,72,74,0,0,0,0,0,74,67,0,77,67,64,71,0,53,61,64,59,71
l27,11=21,24,0,19,17,37,56,0,22,30,33,0,0,25,23,0,43,87,36,42,32,0,0,0,35,6,0,0,0,0,0,82,14,30,0,7,19,23,0,68,83,69,0,31,26
l28,11=20,16,0,0,0,30,34,0,0,0,0,19,17,37,30,0,44,41,21,39,39,0,0,19,0,6,19,0,0,0,98,0,20,23,0,6,20,6,0,41,60,43,33,28,0
l29,11=0,0,0,0,0,0,0,0,0,0,0,0,0,0,0,0,0,0,0,29,0,53,0,74,73,69,70,72,0,0,44,65,0,82,0,88,80,84,78,82,80,79,0,47,0
l30,11=0,0,0,0,0,0,0,0,0,0,0,0,0,0,0,0,0,53,0,36,0,42,6,77,68,34,32,67,0,0,52,51,81,0,0,88,79,84,78,74,80,79,0,0,0
l31,11=0,0,0,0,0,0,0,0,0,0,0,0,0,0,0,0,0,0,0,33,0,62,11,67,74,27,47,73,0,0,69,48,82,84,0,0,85,89,78,80,40,77,0,34,0
l32,11=0,0,0,0,0,0,0,0,0,0,0,0,0,0,0,0,0,0,0,1,0,0,0,76,31,42,67,69,0,0,66,64,81,82,0,88,0,89,78,82,78,79,24,0,0
l33,11=0,0,0,0,0,0,0,0,0,0,0,0,0,0,0,0,0,4,0,0,0,0,0,68,0,18,20,69,0,0,67,0,82,83,0,88,85,0,74,78,56,68,0,0,0
l34,11=0,0,0,0,0,10,0,0,0,0,0,0,0,0,0,0,0,20,0,37,29,28,0,66,51,20,20,71,0,0,69,69,81,84,0,82,80,80,0,82,82,84,36,0,0
l35,11=0,0,0,0,0,0,0,0,0,0,0,0,0,0,30,0,38,20,0,38,40,16,0,22,52,14,20,0,0,0,78,50,81,41,0,75,70,81,78,0,85,87,0,0,0
l36,11=0,0,0,0,0,0,0,0,0,0,0,0,0,0,30,0,28,66,21,40,42,0,0,27,38,9,19,22,0,0,98,53,52,85,0,8,57,65,79,89,0,87,0,19,0
l37,11=0,0,0,0,0,0,0,0,0,0,0,0,0,0,30,0,0,75,22,66,40,0,0,27,32,20,20,22,0,0,76,49,78,82,0,80,73,78,79,89,85,0,0,31,0
l38,11=0,0,0,0,0,0,0,0,0,0,27,0,30,0,74,0,34,7,27,70,31,61,35,71,70,71,72,59,0,0,0,19,0,0,0,0,0,0,8,0,0,0,0,79,73
l39,11=0,0,0,0,0,0,0,0,1,0,0,0,25,19,71,0,59,63,68,70,65,62,0,71,76,72,74,39,0,0,23,32,47,0,0,0,0,0,0,0,0,11,78,0,85
l40,11=0,0,0,0,0,0,0,0,0,0,0,0,0,0,34,0,0,60,63,1,63,22,7,63,77,64,76,61,0,0,1,0,0,0,0,0,0,0,0,0,0,0,76,77,0
l41,11=0,0,2,0,0,0,0,0,19,49,34,39,0,42,60,0,55,39,73,78,68,47,0,75,71,75,76,34,0,0,0,58,16,22,0,0,0,0,0,0,0,47,78,77,73
l42,11=0,0,0,0,0,0,0,0,0,0,0,0,0,0,62,0,52,0,29,70,65,62,55,73,78,74,73,65,0,0,0,0,63,0,0,39,0,0,52,25,0,0,72,76,76
l43,11=0,0,0,0,0,0,0,0,0,0,0,0,0,0,0,0,13,36,11,60,52,55,0,82,70,65,80,66,0,0,0,0,36,55,0,0,2,0,6,0,0,0,76,75,72
l44,11=0,0,0,0,0,0,0,0,0,0,3,10,12,0,61,0,41,0,26,66,0,64,24,83,79,77,76,37,0,0,0,0,58,0,0,0,30,0,0,0,0,0,78,69,71

l0,12=0,95,96,94,91,95,95,6,93,94,85,94,91,10,64,0,87,0,0,6,0,0,0,0,0,0,0,0,0,0,72,13,0,0,0,0,0,0,0,0,0,0,0,0,0
l1,12=95,0,94,94,91,95,96,2,91,89,73,92,91,88,48,0,50,10,58,43,0,0,0,0,0,18,0,0,0,0,59,35,0,0,0,0,0,0,0,0,0,0,0,0,0
l2,12=94,94,0,91,89,95,89,1,93,87,86,92,90,85,43,0,60,1,76,54,39,35,0,7,3,0,9,0,0,0,60,33,0,0,0,0,0,0,0,0,0,0,0,0,0
l3,12=97,97,88,0,91,97,97,2,88,89,75,57,91,93,40,0,24,71,11,29,0,0,0,0,0,0,0,0,0,0,78,0,0,0,0,0,0,0,0,0,53,0,0,0,0
l4,12=97,97,95,95,0,97,95,5,93,86,70,92,87,88,0,0,54,77,0,1,0,0,0,0,0,0,0,0,0,0,69,43,0,0,0,0,0,0,0,0,0,0,0,0,0
l5,12=97,97,96,95,91,0,97,2,94,89,88,92,91,88,32,0,24,8,83,48,0,0,0,0,18,0,0,0,0,0,80,44,0,0,0,0,0,0,0,0,0,0,0,0,0
l6,12=95,95,93,93,89,95,0,1,93,89,88,94,91,89,37,0,49,86,86,52,0,0,0,0,32,0,0,0,0,0,79,0,0,0,0,0,0,0,0,0,0,0,0,0,0
l7,12=89,92,94,93,89,91,95,0,94,94,76,94,91,94,86,0,89,79,79,80,0,63,0,65,67,39,38,52,0,0,0,0,0,0,0,0,0,0,0,0,0,0,0,0,0
l8,12=89,92,92,86,89,92,90,2,0,90,88,92,91,87,85,0,89,80,86,74,0,12,7,57,39,38,47,61,0,0,0,0,0,0,0,0,0,0,0,0,0,0,0,35,0
l9,12=90,92,91,94,89,90,90,2,91,0,88,96,92,94,83,0,90,67,71,48,34,48,0,53,73,38,41,72,0,0,64,13,0,0,0,0,0,0,0,0,0,0,0,9,0
l10,12=67,26,52,72,73,92,91,14,92,91,0,94,92,90,71,0,94,87,87,54,49,25,39,67,50,39,27,59,0,0,66,24,0,0,0,0,0,0,0,0,0,0,55,68,1
l11,12=84,91,78,78,91,90,90,5,90,92,89,0,92,94,87,0,74,58,87,52,48,5,0,24,31,27,40,59,0,0,64,15,0,0,0,0,0,0,0,0,0,0,0,18,10
l12,12=89,91,50,87,64,90,90,2,90,91,89,94,0,91,86,0,92,58,73,75,52,8,42,42,79,76,30,42,0,0,55,13,0,0,0,0,0,0,0,0,2,0,1,30,0
l13,12=6,92,79,94,91,92,91,0,88,96,90,96,92,0,87,0,92,17,78,71,35,1,52,43,39,29,47,52,0,0,37,21,0,0,0,0,0,0,0,0,0,0,0,60,0
l14,12=39,50,3,29,0,12,29,2,89,79,81,56,92,60,0,0,95,90,87,53,85,18,0,36,52,46,48,52,0,0,80,52,0,0,0,0,0,0,0,0,54,43,82,81,33
l15,12=64,10,51,23,82,0,66,2,91,91,92,55,92,82,89,0,0,90,87,53,50,50,48,0,54,47,43,71,0,0,80,50,0,0,0,0,0,2,0,0,0,1,60,75,31
l16,12=0,0,0,23,65,0,37,8,75,37,65,23,36,0,50,0,54,0,87,52,52,11,0,39,9,2,11,48,0,0,88,52,0,5,0,0,0,0,0,38,84,80,63,74,39
l17,12=0,0,1,0,0,63,63,15,82,68,82,56,88,59,89,0,95,90,0,83,84,42,42,67,54,46,42,65,0,0,71,46,0,0,0,0,0,0,0,8,42,32,62,75,38
l18,12=1,1,2,12,16,64,62,4,69,63,72,43,76,49,77,0,56,81,87,0,85,54,71,70,79,74,42,73,0,0,68,44,39,32,0,36,0,0,35,60,73,71,67,76,61
l19,12=0,0,0,0,0,34,21,0,31,60,63,47,77,43,89,0,95,90,87,83,0,45,0,75,84,80,62,62,0,0,68,40,0,0,0,1,0,0,40,58,66,65,64,63,54
l20,12=0,0,5,0,0,0,0,12,18,67,58,45,63,1,60,0,67,58,72,78,64,0,92,79,78,78,71,82,0,0,0,0,67,74,0,57,42,56,74,55,58,31,65,65,64
l21,12=0,0,0,0,0,0,0,0,37,0,63,0,74,68,7,0,70,0,73,76,0,85,0,79,83,76,77,81,0,0,0,0,8,71,0,0,0,0,73,0,0,0,74,0,59
l22,12=0,0,0,0,0,0,0,8,65,61,67,25,66,53,55,0,38,70,72,60,64,83,78,0,84,77,77,80,0,0,0,0,76,74,0,60,72,64,75,74,57,66,64,70,61
l23,12=0,0,0,0,0,13,27,22,56,58,53,21,75,30,47,0,73,49,80,74,75,80,76,81,0,80,82,76,0,0,47,2,71,42,0,57,0,0,67,48,61,65,76,76,71
l24,12=0,1,0,0,0,0,1,15,56,61,61,56,73,44,60,0,66,36,77,76,75,82,70,81,84,0,82,69,0,0,55,1,68,62,0,53,43,34,63,51,59,44,77,68,73
l25,12=0,0,0,0,0,0,0,15,54,51,56,53,56,52,63,0,61,61,67,60,61,67,66,79,84,80,0,73,0,0,15,55,72,63,0,26,55,0,59,50,9,54,74,73,66
l26,12=0,0,0,0,0,0,0,23,66,65,56,61,63,39,61,0,64,63,70,64,57,85,79,81,74,69,72,0,0,0,0,3,76,66,0,61,66,60,77,51,59,60,65,60,66
l27,12=34,8,9,40,53,62,39,0,0,60,46,21,26,5,43,0,51,89,48,39,30,0,0,0,21,20,10,0,0,0,0,84,29,30,0,47,23,52,44,79,88,79,0,40,20
l28,12=4,2,2,0,64,57,0,0,0,24,27,19,26,17,39,0,45,90,51,33,19,0,0,0,6,0,9,0,0,0,88,0,27,0,0,23,31,0,53,72,72,69,49,34,0
l29,12=0,0,0,0,0,0,0,0,0,0,0,0,0,0,0,0,0,0,0,63,0,39,1,76,76,67,72,77,0,0,65,53,0,82,0,74,82,85,82,81,78,80,55,43,0
l30,12=0,0,0,0,44,0,0,0,0,0,0,0,0,0,0,0,0,48,0,62,0,77,57,76,71,69,70,74,0,0,55,0,81,0,0,73,80,81,82,81,80,81,61,39,41
l31,12=0,0,0,0,0,0,0,0,0,0,0,0,0,0,0,0,0,0,0,55,8,44,0,74,72,56,40,76,0,0,70,59,82,82,0,0,83,90,82,74,74,79,0,26,0
l32,12=0,0,0,0,0,0,0,0,0,0,0,0,0,0,0,0,0,0,0,0,0,20,0,76,20,57,67,73,0,0,40,65,81,82,0,74,0,90,82,80,78,78,0,0,0
l33,12=0,0,0,0,0,0,0,0,0,0,0,0,0,0,0,0,0,0,0,0,0,8,0,72,0,4,0,66,0,0,76,0,82,80,0,74,83,0,83,75,76,77,0,0,0
l34,12=0,0,0,0,0,3,0,0,0,0,0,0,0,0,4,0,1,0,8,36,16,49,62,75,71,56,47,75,0,0,73,71,81,82,0,73,82,85,0,82,85,84,42,38,6
l35,12=0,0,0,0,0,0,0,0,0,0,0,0,0,0,0,0,0,74,47,33,31,27,0,48,39,40,41,51,0,0,75,70,81,82,0,73,76,83,82,0,90,89,21,0,0
l36,12=0,0,0,34,0,0,0,0,0,0,0,0,25,0,35,0,7,83,49,35,32,23,0,41,41,41,0,49,0,0,84,75,77,82,0,50,34,59,83,83,0,89,0,0,0
l37,12=0,0,0,0,0,0,0,0,0,0,0,0,0,0,38,0,1,76,48,60,55,18,0,44,64,35,47,53,0,0,54,70,80,82,0,69,75,78,83,83,90,0,1,0,0
l38,12=0,0,0,0,0,0,0,0,0,0,23,0,3,0,68,0,24,51,64,54,29,66,55,56,72,74,71,65,0,0,0,5,1,26,0,0,0,0,0,0,0,0,0,81,85
l39,12=0,0,0,0,0,0,0,0,6,1,29,3,8,26,69,0,37,73,69,69,37,64,0,64,81,70,76,48,0,0,38,19,24,17,0,0,0,0,25,0,0,0,83,0,85
l40,12=0,0,0,0,0,0,0,0,0,0,0,0,0,0,43,0,9,50,54,72,59,59,7,41,71,73,72,71,0,0,0,0,0,1,0,0,0,0,0,0,0,0,82,80,0
l41,12=0,0,0,0,0,0,0,1,35,52,25,16,1,36,3,0,40,73,70,79,64,41,53,72,78,71,69,68,0,0,0,0,0,27,0,0,0,0,10,0,0,59,83,81,74
l42,12=0,0,0,0,0,0,0,0,0,0,0,1,27,0,51,0,41,0,0,66,64,56,50,77,73,70,74,69,0,0,0,0,52,37,0,0,0,0,60,17,0,0,81,80,82
l43,12=0,0,0,0,0,0,0,0,0,0,0,0,47,0,11,0,47,0,49,55,44,50,29,76,75,62,79,75,0,0,0,0,0,31,0,2,17,0,0,0,0,0,82,77,81
l44,12=0,0,0,0,0,0,0,0,0,0,38,0,0,0,45,0,52,44,12,66,60,66,35,68,80,79,67,66,0,0,0,0,50,0,0,0,0,0,41,0,2,0,83,80,79

l0,13=0,17,100,99,100,100,96,97,56,97,94,94,95,97,92,0,85,46,17,25,0,0,0,0,0,0,0,0,0,0,0,0,0,0,0,0,0,0,0,0,0,0,0,0,0
l1,13=87,0,100,99,100,100,94,93,91,76,58,93,95,97,90,0,64,89,0,79,0,0,0,0,0,57,0,0,0,0,3,67,0,0,0,0,0,0,0,0,0,0,0,0,0
l2,13=98,95,0,97,98,99,94,94,95,95,74,94,95,95,0,0,71,31,0,87,75,0,0,16,49,59,39,0,0,0,0,81,0,0,0,0,0,0,0,0,0,0,0,0,0
l3,13=100,97,100,0,100,100,94,94,95,45,53,92,95,97,87,0,65,30,11,73,0,0,0,0,0,0,0,0,0,0,28,90,0,0,0,0,0,0,0,0,58,0,0,0,0
l4,13=100,97,100,99,0,100,96,96,95,97,88,94,29,97,0,0,0,0,12,6,0,0,0,0,0,0,0,0,0,0,33,61,0,0,0,0,0,0,0,0,0,0,0,0,0
l5,13=100,97,100,99,100,0,96,85,96,97,94,94,95,97,87,0,84,54,51,85,0,0,0,0,0,0,0,0,0,0,50,53,0,0,0,0,0,0,0,9,47,0,0,0,0
l6,13=100,95,100,92,100,100,0,97,96,92,92,94,95,97,91,0,90,32,53,89,48,0,0,0,60,0,0,0,0,0,31,0,0,0,0,0,0,0,0,0,0,0,0,0,0
l7,13=99,95,100,98,99,96,94,0,96,97,90,94,95,97,97,0,93,0,88,89,0,26,3,78,85,87,74,0,0,0,0,79,0,0,0,0,0,0,0,0,0,0,0,24,0
l8,13=84,91,100,93,99,99,94,98,0,95,90,94,95,84,94,0,90,79,88,83,37,31,23,75,0,70,75,79,0,0,0,0,0,0,0,0,0,0,0,0,0,0,29,23,0
l9,13=90,91,92,90,93,94,91,92,94,0,93,96,96,97,91,0,90,46,86,89,52,59,4,48,86,85,48,50,0,0,47,9,0,0,0,0,0,0,0,0,0,0,0,23,0
l10,13=50,77,91,89,91,94,93,93,42,95,0,96,96,97,91,0,95,33,31,90,94,0,0,32,79,89,50,27,0,0,29,20,0,0,0,0,0,0,0,0,4,0,9,28,0
l11,13=92,91,94,91,92,93,94,94,96,97,93,0,96,97,93,0,91,0,54,88,56,53,0,26,83,0,51,32,0,0,32,87,0,0,0,0,0,0,0,0,0,0,0,24,0
l12,13=91,91,92,92,37,93,93,92,92,93,96,96,0,97,92,0,91,61,89,90,94,17,17,51,87,89,80,81,0,0,81,70,0,0,0,0,0,0,0,0,0,0,0,0,0
l13,13=91,91,94,92,92,94,92,98,89,97,96,96,96,0,92,0,94,50,89,86,46,19,26,46,82,88,61,25,0,0,0,71,0,0,0,0,0,0,0,0,0,0,12,49,0
l14,13=46,85,0,65,0,85,81,88,36,33,49,56,55,88,0,0,95,34,94,93,100,56,2,0,83,88,50,29,0,0,32,86,0,0,0,0,0,0,0,0,58,78,31,31,55
l15,13=47,53,83,78,50,90,92,92,36,57,96,72,96,93,98,0,0,34,94,91,94,58,32,30,86,88,45,32,0,0,32,89,0,0,0,0,0,0,0,4,46,32,23,0,46
l16,13=24,82,77,77,0,85,43,0,32,31,44,0,21,50,57,0,44,0,33,96,100,0,0,29,83,82,3,27,0,0,36,98,0,14,0,0,2,42,50,28,70,95,7,29,51
l17,13=4,0,0,0,79,85,88,92,36,34,49,55,94,89,98,0,95,59,0,96,100,58,25,34,87,89,49,29,0,0,32,92,0,0,0,0,0,0,0,40,47,45,24,31,55
l18,13=9,64,74,66,58,73,75,83,30,30,48,50,52,50,95,0,88,98,94,0,99,69,32,31,85,88,63,31,0,0,28,81,24,12,0,25,0,0,43,34,72,84,31,31,46
l19,13=0,0,63,0,40,0,64,34,27,25,63,46,91,73,98,0,95,99,94,96,0,56,28,85,93,93,85,29,0,0,93,83,0,0,0,0,0,0,19,50,84,76,29,29,53
l20,13=0,0,0,0,0,0,0,62,40,70,0,79,70,58,80,0,79,15,81,94,83,0,98,91,89,93,78,96,0,0,0,2,0,78,0,47,38,78,82,0,57,76,85,69,61
l21,13=0,0,0,0,0,0,0,63,84,26,0,0,89,88,85,0,88,0,89,90,91,94,0,90,91,90,90,95,0,0,0,0,83,68,0,0,0,0,86,0,0,0,85,14,88
l22,13=0,0,0,0,0,0,0,65,54,25,76,39,68,69,28,0,69,42,80,82,82,93,79,0,93,92,91,96,0,0,0,0,78,78,0,61,84,58,82,75,0,70,84,90,82
l23,13=0,0,0,0,0,0,4,62,0,26,39,35,85,67,82,0,80,45,89,85,98,92,93,90,0,93,91,93,0,0,0,60,76,53,0,42,0,53,84,33,52,81,88,91,89
l24,13=0,34,10,0,0,1,0,77,28,43,84,0,92,77,97,0,86,50,91,94,98,92,48,90,93,0,91,94,0,0,50,60,74,77,0,27,45,3,75,19,52,67,85,91,91
l25,13=0,0,19,0,0,0,0,59,38,18,50,70,62,59,94,0,35,8,42,92,85,55,69,90,93,93,0,70,0,0,19,0,84,65,0,32,41,61,60,39,22,63,88,91,91
l26,13=0,0,0,0,0,0,0,6,71,73,77,78,74,62,76,0,84,74,76,90,78,93,96,91,89,90,77,0,0,0,33,33,85,78,0,86,81,24,94,78,57,71,83,85,87
l27,13=0,0,0,51,89,88,74,9,0,28,43,34,34,0,54,0,53,85,16,81,92,0,0,0,2,77,39,23,0,0,0,98,33,14,0,43,20,37,55,60,86,89,0,0,0
l28,13=0,61,21,81,70,65,0,49,0,0,1,34,29,38,55,0,43,62,19,85,85,1,0,0,79,69,0,6,0,0,98,0,23,14,0,40,26,41,59,30,73,95,27,23,13
l29,13=0,0,0,0,0,0,0,0,0,0,0,0,0,0,0,0,0,0,0,46,0,0,40,77,77,72,79,81,0,0,77,49,0,92,0,89,93,95,96,84,84,80,0,40,0
l30,13=0,0,0,0,0,0,0,0,0,0,0,0,0,0,0,0,0,29,0,53,0,74,28,76,73,78,77,72,0,0,43,51,87,0,0,89,93,93,96,88,88,89,28,8,41
l31,13=0,0,0,0,0,0,0,0,0,0,0,0,0,0,0,0,0,0,0,52,0,40,0,66,72,53,32,73,0,0,68,60,87,92,0,0,93,95,96,75,78,89,0,0,0
l32,13=0,0,0,0,0,0,0,0,0,0,0,0,0,0,0,0,0,6,0,0,0,31,0,75,0,57,35,31,0,0,61,70,87,89,0,89,0,95,96,88,57,90,0,4,0
l33,13=0,0,0,0,0,0,0,0,0,0,0,0,0,0,0,0,0,32,0,0,0,47,0,39,62,0,32,0,0,0,53,60,87,85,0,89,93,0,96,81,76,50,0,0,0
l34,13=0,0,0,0,0,6,0,0,0,0,0,0,0,0,0,0,0,38,0,59,3,73,36,84,85,76,37,87,0,0,77,85,87,92,0,89,93,95,0,88,95,95,0,25,44
l35,13=0,0,0,0,0,71,0,0,0,0,0,0,0,0,0,0,19,50,13,79,72,2,0,82,70,71,45,82,0,0,90,69,87,92,0,72,93,94,96,0,95,95,10,22,0
l36,13=0,0,0,60,1,74,0,0,0,0,0,0,0,0,43,0,38,31,14,86,87,44,0,0,72,75,34,24,0,0,98,87,87,77,0,49,55,92,96,88,0,95,0,0,0
l37,13=0,0,0,0,0,0,0,0,0,0,0,0,0,0,42,0,31,94,13,82,75,47,0,30,83,75,45,25,0,0,86,93,54,92,0,89,93,51,96,88,95,0,0,0,0
l38,13=0,0,0,0,0,0,0,0,9,0,0,0,0,0,67,0,23,12,40,76,67,77,31,77,91,81,90,84,0,0,0,57,0,43,0,0,0,0,0,0,0,0,0,92,92
l39,13=0,0,0,0,0,0,0,36,13,12,38,39,0,76,87,0,0,74,68,85,79,48,0,81,91,87,88,81,0,0,0,52,66,0,0,0,0,0,1,33,0,0,89,0,92
l40,13=0,0,0,0,0,0,0,0,0,0,0,0,0,0,62,0,52,50,42,74,74,59,43,78,85,88,90,88,0,0,0,0,0,0,0,0,0,0,45,0,0,0,88,91,0
l41,13=0,0,0,0,0,0,0,0,0,0,42,0,48,68,53,0,59,88,90,93,94,52,30,69,91,87,81,88,0,0,26,0,13,0,0,0,0,0,42,0,45,50,88,92,89
l42,13=0,0,0,0,0,0,0,0,0,0,0,0,0,0,76,0,67,25,0,93,80,82,70,90,91,90,90,82,0,0,0,0,64,49,0,0,1,0,46,0,0,0,88,91,89
l43,13=0,0,0,0,0,0,0,0,0,0,0,0,44,0,55,0,62,1,24,76,0,68,65,86,84,85,87,90,0,0,0,0,53,53,0,31,18,0,47,0,0,0,87,91,89
l44,13=0,0,0,0,0,0,0,0,0,0,12,0,4,0,68,0,44,0,26,65,79,88,23,88,91,92,79,89,0,0,0,0,0,0,0,0,0,0,9,10,0,20,88,91,91

l0,14=0,100,100,100,100,100,100,100,100,99,98,99,99,99,82,0,70,0,95,0,0,0,0,0,0,0,0,0,0,0,90,41,0,0,0,0,0,0,0,0,0,0,0,0,0
l1,14=99,0,99,100,100,100,98,99,99,99,98,99,99,99,66,0,98,97,95,99,0,0,0,0,0,0,0,0,0,0,85,56,0,0,0,0,0,0,0,0,0,0,0,0,0
l2,14=98,98,0,99,99,98,98,99,99,99,96,99,99,98,86,0,78,96,96,62,0,0,0,0,0,0,0,0,0,0,0,0,0,0,0,0,0,0,0,0,0,0,0,0,0
l3,14=100,100,100,0,100,100,98,85,99,98,98,99,99,99,53,0,80,81,99,26,0,0,0,0,0,0,0,0,0,0,92,61,0,0,0,0,0,0,0,0,0,0,0,0,0
l4,14=100,100,99,100,0,98,98,99,99,99,98,99,99,99,84,0,78,0,96,0,0,0,0,0,0,0,0,0,0,0,38,0,0,0,0,0,0,0,0,0,25,0,0,0,0
l5,14=98,100,99,100,99,0,100,99,99,99,98,99,99,100,86,0,76,97,99,63,4,0,0,0,0,0,0,0,0,0,98,61,0,0,0,0,0,0,0,17,6,0,0,0,0
l6,14=98,98,100,99,99,100,0,99,99,99,98,99,99,99,0,0,98,85,99,93,7,0,0,0,0,0,0,0,0,0,0,0,0,0,0,0,0,0,0,0,0,0,0,0,0
l7,14=98,98,99,99,99,98,98,0,100,99,98,99,100,100,98,0,98,98,99,89,60,0,0,96,54,59,82,0,0,0,0,0,0,0,0,0,0,0,0,0,0,0,0,0,0
l8,14=98,98,99,99,99,98,98,100,0,99,98,100,99,99,98,0,98,98,99,98,0,73,0,98,63,55,97,97,0,0,46,0,0,0,0,0,0,0,0,0,0,0,0,95,0
l9,14=98,98,99,95,99,98,98,99,99,0,98,100,100,100,98,0,99,98,92,99,44,69,0,91,69,57,77,98,0,0,92,29,0,0,0,0,0,0,0,0,0,0,0,0,0
l10,14=96,98,97,95,97,100,100,100,100,100,0,100,100,100,83,0,100,98,100,62,60,9,0,97,57,60,82,89,0,0,92,48,0,0,0,0,0,0,0,0,54,0,84,84,0
l11,14=98,98,99,97,99,99,98,99,100,100,98,0,100,100,97,0,99,97,99,63,61,71,0,90,56,53,80,97,0,0,0,0,0,0,0,0,0,0,0,0,0,0,0,11,26
l12,14=98,98,99,95,96,98,98,100,100,100,100,100,0,100,100,0,100,91,100,99,95,65,85,92,98,99,77,0,0,0,29,53,0,0,0,0,0,0,0,0,0,0,3,89,0
l13,14=98,98,99,98,99,100,98,100,99,100,100,100,100,0,98,0,100,97,99,98,61,35,0,0,98,98,77,93,0,0,11,58,0,0,0,0,0,0,0,0,0,0,0,97,1
l14,14=86,65,98,29,96,63,0,60,97,94,73,99,98,98,0,0,100,98,100,62,63,24,0,97,57,59,84,97,0,0,96,60,0,62,0,0,0,0,0,41,37,32,99,98,96
l15,14=89,99,95,94,96,74,60,61,98,100,100,100,100,100,100,0,0,68,100,62,63,76,0,97,46,59,84,98,0,0,97,61,0,0,0,0,0,0,0,9,36,0,89,98,98
l16,14=0,97,97,89,11,62,14,25,97,79,77,99,97,59,88,0,43,0,100,63,63,0,0,96,53,21,67,95,0,0,100,61,23,10,0,1,0,0,0,69,57,56,97,100,94
l17,14=89,93,94,93,97,83,59,60,100,69,100,100,100,100,100,0,100,100,0,100,100,0,97,98,57,60,82,96,0,0,97,61,0,64,0,0,0,0,41,0,0,30,98,99,99
l18,14=0,99,95,0,0,74,50,55,97,98,98,99,98,98,98,0,81,99,100,0,88,76,97,97,57,59,98,98,0,0,96,60,0,0,0,16,0,0,62,69,60,62,99,98,98
l19,14=0,0,0,0,0,71,46,90,0,66,98,99,98,98,100,0,100,100,100,100,0,95,0,100,99,100,99,98,0,0,99,97,0,0,0,0,0,0,0,95,97,78,99,98,98
l20,14=0,0,0,0,0,0,1,0,89,88,5,93,93,66,84,0,98,0,0,98,92,0,100,99,99,99,86,100,0,0,0,0,89,94,0,0,92,74,98,92,46,91,99,97,98
l21,14=0,0,0,0,0,0,0,9,0,0,0,0,98,0,24,0,0,0,97,98,12,99,0,98,99,98,98,99,0,0,0,0,98,0,0,1,0,0,83,0,0,0,0,98,98
l22,14=0,0,0,0,0,0,0,91,91,82,92,88,94,0,92,0,95,93,97,98,98,99,93,0,99,100,99,100,0,0,0,58,92,93,0,72,98,80,98,92,90,65,99,92,98
l23,14=0,0,0,0,0,0,0,66,88,91,97,96,98,98,98,0,91,97,97,98,98,96,97,100,0,100,99,98,0,0,86,96,97,99,0,97,89,93,97,63,66,98,99,98,98
l24,14=0,0,0,0,0,0,0,52,86,90,98,93,98,98,98,0,98,97,97,98,98,97,96,99,99,0,99,98,0,0,87,55,94,93,0,87,95,0,58,24,60,97,99,98,98
l25,14=0,0,0,0,0,0,0,45,97,84,98,91,90,87,98,0,97,96,93,98,98,67,96,98,99,99,0,98,0,0,0,0,98,99,0,96,94,51,96,68,52,54,99,98,98
l26,14=0,0,0,0,0,0,0,18,97,97,88,99,66,85,97,0,98,89,95,98,82,99,97,100,99,98,98,0,0,0,73,0,98,97,0,97,98,88,98,98,48,98,47,98,98
l27,14=88,84,0,89,96,80,0,0,23,75,98,0,86,0,88,0,82,100,97,33,62,0,0,0,54,23,2,74,0,0,0,100,55,76,0,72,60,42,63,76,100,62,36,98,0
l28,14=88,96,0,99,90,78,0,14,0,15,66,54,99,56,88,0,76,100,100,31,26,0,0,94,57,18,0,0,0,0,100,0,50,72,0,78,62,30,49,75,51,62,29,87,0
l29,14=0,0,0,0,0,0,0,0,0,0,0,0,0,0,0,0,0,74,0,0,0,52,74,87,90,96,98,100,0,0,96,92,0,100,0,99,100,100,100,100,100,100,0,93,0
l30,14=0,0,0,0,0,0,0,0,0,0,0,0,0,0,64,0,0,53,75,0,0,42,0,95,99,90,98,98,0,0,97,58,99,0,0,99,100,99,100,99,100,100,97,0,74
l31,14=0,0,0,0,0,0,0,0,0,0,0,0,0,0,0,0,0,50,0,13,0,0,0,46,84,65,80,85,0,0,71,79,99,100,0,0,100,100,100,89,95,100,29,0,45
l32,14=0,0,0,0,0,0,0,0,0,0,0,0,0,0,0,0,0,0,0,0,0,77,0,69,68,81,88,90,0,0,78,95,99,100,0,99,0,100,100,100,59,100,0,0,0
l33,14=0,0,0,0,0,0,0,0,0,0,0,0,0,0,0,0,0,0,0,0,0,56,0,50,86,0,82,77,0,0,83,59,99,92,0,99,100,0,90,92,88,90,0,0,0
l34,14=0,0,0,0,0,0,0,0,0,0,0,0,0,0,0,0,0,0,63,64,0,64,12,98,99,83,98,98,0,0,97,71,99,100,0,99,100,100,0,100,100,100,21,0,0
l35,14=0,0,0,0,0,58,0,0,0,0,0,0,0,0,77,0,10,99,18,35,60,40,0,96,52,25,91,99,0,0,98,95,99,100,0,78,100,64,100,0,100,100,0,83,0
l36,14=0,0,0,0,87,44,0,0,0,0,87,0,38,3,88,0,38,100,0,100,63,18,0,94,52,60,73,47,0,0,100,61,99,100,0,99,53,100,100,100,0,100,0,0,0
l37,14=0,0,0,0,0,15,0,0,0,0,0,0,0,0,81,0,0,100,73,68,23,37,0,81,99,59,68,95,0,0,100,100,99,100,0,99,100,40,100,100,100,0,0,80,0
l38,14=0,0,0,0,0,0,0,0,0,0,88,0,7,0,95,0,75,95,94,97,61,95,0,95,98,98,98,49,0,0,0,0,0,74,0,0,0,0,0,0,0,0,0,98,98
l39,14=0,0,0,0,0,0,0,1,92,0,2,0,95,95,97,0,77,96,94,98,96,86,81,95,95,98,98,96,0,0,90,16,59,0,0,0,0,0,0,7,0,19,100,0,98
l40,14=0,0,0,0,0,0,0,0,0,0,0,0,0,0,95,0,94,75,94,96,94,95,90,96,97,97,97,96,0,0,0,0,0,60,0,0,0,0,0,0,0,0,99,98,0
l41,14=0,0,0,0,0,0,7,0,0,0,96,0,96,46,98,0,91,98,97,97,98,73,0,98,99,98,98,98,0,0,88,0,0,0,0,0,0,0,27,45,57,61,99,100,98
l42,14=0,0,0,0,0,0,0,0,0,0,0,0,88,0,96,0,0,89,92,98,93,96,94,98,99,98,98,96,0,0,0,0,96,91,0,0,15,0,0,0,0,0,99,98,98
l43,14=0,0,0,0,0,0,0,0,0,0,0,0,74,0,0,0,0,94,0,93,61,97,86,98,96,96,98,94,0,0,0,0,69,90,0,93,0,0,89,73,0,0,99,98,99
l44,14=0,0,0,0,0,0,0,0,0,0,0,0,83,0,95,0,94,90,86,96,96,96,85,96,99,98,98,97,0,0,0,0,86,0,0,0,0,0,0,0,0,86,99,98,98

l0,15=0,100,100,100,100,100,100,100,100,100,100,100,100,99,18,0,80,0,62,0,0,0,0,0,0,0,0,0,0,0,60,99,0,0,0,0,0,0,0,0,0,0,0,0,0
l1,15=100,0,100,100,100,100,97,100,100,98,100,100,100,99,1,0,99,97,100,98,0,0,0,0,0,0,0,0,0,0,100,0,0,0,0,0,0,0,0,0,0,0,0,0,0
l2,15=100,100,0,98,98,100,100,0,100,98,99,99,100,99,98,0,80,58,61,98,0,0,0,0,0,67,0,0,0,0,59,0,0,0,0,0,0,0,0,0,0,0,0,0,0
l3,15=100,100,100,0,100,100,100,100,100,100,100,61,100,99,99,0,76,59,62,88,0,0,0,0,0,0,0,0,0,0,60,100,0,0,0,0,0,0,0,0,0,0,0,0,0
l4,15=100,100,100,100,0,100,100,100,100,100,0,62,59,99,94,0,78,0,61,57,0,0,0,0,0,0,0,0,0,0,59,0,0,0,0,0,0,0,0,0,0,0,0,0,0
l5,15=100,100,100,100,100,0,100,100,100,100,100,100,100,99,99,0,84,58,62,94,96,0,0,0,2,0,0,0,0,0,59,95,0,0,0,0,0,0,0,0,94,0,0,0,0
l6,15=100,83,100,100,100,100,0,100,100,100,100,100,100,99,99,0,99,97,100,98,95,52,0,0,54,0,0,0,0,0,100,0,0,0,0,0,0,0,0,0,0,0,0,0,0
l7,15=100,100,99,98,100,100,100,0,100,100,100,100,100,99,99,0,99,69,100,100,98,69,0,62,0,95,71,59,0,0,0,21,0,0,0,0,0,0,0,0,0,0,0,0,0
l8,15=100,100,100,95,100,100,100,100,0,100,100,100,100,99,99,0,99,92,100,99,95,91,0,97,99,88,96,95,0,0,0,90,0,0,0,0,0,0,0,0,0,0,0,0,0
l9,15=100,94,100,100,100,100,100,100,100,0,100,100,100,99,99,0,99,88,100,100,33,89,0,87,58,91,87,96,0,0,19,0,0,0,0,0,0,0,0,0,0,0,0,90,0
l10,15=98,97,92,97,0,100,99,98,100,100,0,100,100,99,98,0,73,56,100,97,95,0,0,66,96,97,97,59,0,0,0,71,0,0,0,0,0,0,0,0,64,0,95,87,87
l11,15=100,100,100,59,58,100,100,100,100,100,100,0,100,99,98,0,99,59,100,100,99,67,0,0,99,96,72,55,0,0,58,94,0,0,0,0,0,0,0,0,0,0,2,0,0
l12,15=100,100,92,83,54,100,100,100,100,100,100,100,0,99,96,0,99,75,100,92,93,65,54,55,100,94,71,0,0,0,50,0,0,0,0,0,0,0,0,0,0,0,0,91,0
l13,15=100,100,95,90,100,100,100,100,100,100,100,100,100,0,97,0,99,89,94,94,0,65,6,53,91,91,7,89,0,0,50,88,0,0,0,0,0,0,0,0,0,0,15,0,0
l14,15=10,0,94,38,40,69,91,94,99,91,92,55,58,92,0,0,99,59,100,100,100,2,0,56,92,98,73,57,0,0,52,100,0,57,0,0,0,0,0,0,83,42,95,94,92
l15,15=90,93,94,50,55,68,99,100,100,91,92,61,100,99,99,0,0,57,100,96,100,67,56,56,92,92,73,57,0,0,52,97,0,52,0,0,0,0,0,28,0,40,94,94,92
l16,15=0,58,73,37,0,52,59,94,93,90,92,55,59,95,99,0,77,0,62,100,100,48,0,26,75,92,73,54,0,0,100,100,93,63,0,67,0,0,21,82,94,72,33,84,92
l17,15=81,89,88,54,55,74,94,100,100,92,100,100,100,95,99,0,99,97,0,100,100,68,51,56,100,100,73,51,0,0,56,100,0,0,0,0,0,0,0,0,78,80,99,96,86
l18,15=0,82,75,37,50,60,85,100,99,99,96,61,59,97,98,0,78,97,100,0,100,70,60,63,99,97,99,58,0,0,59,88,22,52,0,11,0,0,59,78,97,0,100,100,97
l19,15=0,0,0,0,0,67,92,100,92,43,90,99,100,0,99,0,99,97,100,100,0,99,20,99,100,100,99,57,0,0,62,100,0,0,0,0,0,0,57,82,97,98,100,100,94
l20,15=0,0,0,0,0,0,46,95,92,74,0,93,96,87,21,0,92,86,90,100,95,0,99,99,95,100,96,99,0,0,0,0,95,95,0,0,93,93,92,92,0,79,95,96,94
l21,15=0,0,0,0,0,0,0,28,0,12,0,0,96,78,0,0,90,0,89,99,86,100,0,99,99,98,97,99,0,0,0,0,88,0,0,0,63,0,20,0,0,17,95,96,0
l22,15=0,0,0,0,0,0,0,92,92,88,94,0,96,74,92,0,92,94,91,99,98,99,98,0,100,100,99,99,0,0,0,0,95,91,0,92,97,94,93,92,90,89,95,97,91
l23,15=0,0,0,0,0,0,1,0,86,0,92,94,99,89,94,0,94,94,98,97,97,98,95,99,0,100,99,96,0,0,93,84,95,97,0,94,31,79,97,90,0,77,100,100,98
l24,15=0,0,16,0,0,0,0,95,81,91,97,63,99,91,98,0,91,75,99,92,99,99,93,99,100,0,99,98,0,0,50,93,88,64,0,94,92,0,26,33,91,92,100,100,97
l25,15=0,0,0,0,0,0,0,83,93,53,92,38,95,12,97,0,91,94,83,99,99,95,88,99,100,100,0,98,0,0,0,0,90,94,0,1,93,38,15,92,52,71,97,100,93
l26,15=0,0,0,0,0,0,0,95,94,92,94,51,24,94,92,0,94,93,92,97,96,100,98,99,99,99,99,0,0,0,0,0,95,97,0,97,95,96,94,93,91,92,98,97,98
l27,15=63,61,76,62,56,81,98,0,3,0,0,58,58,97,99,0,77,97,46,100,96,0,0,0,82,99,0,0,0,0,0,100,98,70,0,84,95,58,62,86,99,100,0,88,0
l28,15=61,0,0,57,42,68,0,86,93,0,32,61,36,91,99,0,78,97,62,86,100,0,0,0,80,91,0,0,0,0,100,0,100,70,0,88,96,57,62,86,99,100,52,82,0
l29,15=0,0,0,0,0,0,0,0,0,0,0,0,0,0,0,0,0,57,0,2,0,99,54,99,100,97,99,99,0,0,97,100,0,100,0,100,100,100,100,100,99,100,53,86,0
l30,15=0,0,0,0,0,0,0,0,0,0,0,0,0,0,96,0,68,57,0,61,0,99,0,63,99,98,99,98,0,0,59,99,100,0,0,100,100,100,100,100,99,100,53,0,45
l31,15=0,0,0,0,0,0,0,0,0,0,0,0,0,0,0,0,0,65,0,29,0,0,0,87,91,93,1,91,0,0,88,95,100,100,0,0,100,100,100,100,99,100,0,0,54
l32,15=0,0,0,0,0,0,0,0,0,0,0,0,0,0,0,0,0,0,0,0,0,97,1,99,83,94,99,79,0,0,71,97,100,100,0,100,0,100,100,100,99,100,0,0,0
l33,15=0,0,0,0,0,0,0,0,0,0,0,0,0,0,0,0,0,0,0,0,0,89,0,87,89,0,89,79,0,0,70,69,100,94,0,100,100,0,92,96,94,93,0,0,0
l34,15=0,0,0,0,0,0,0,0,0,0,0,0,0,0,0,0,0,23,0,85,94,99,0,65,81,29,7,62,0,0,99,99,100,100,0,100,100,100,0,100,99,100,1,0,7
l35,15=0,0,0,0,0,0,0,0,0,0,0,0,0,0,0,0,55,59,0,85,96,91,0,62,81,71,99,97,0,0,100,100,100,100,0,100,100,100,100,0,99,100,0,0,0
l36,15=0,0,0,0,0,72,0,0,0,0,48,0,7,0,99,0,0,59,39,86,100,0,0,57,15,100,72,59,0,0,100,100,100,100,0,100,100,100,100,100,0,100,0,56,0
l37,15=0,0,0,0,0,0,0,0,0,0,0,0,0,0,80,0,30,92,23,0,100,63,0,65,75,100,87,87,0,0,100,100,100,100,0,100,100,100,100,100,99,0,0,75,0
l38,15=0,0,0,0,0,0,0,0,0,0,68,0,0,0,87,0,42,16,81,86,68,87,36,79,97,97,89,66,0,0,0,67,60,33,0,0,0,0,0,0,0,0,0,100,98
l39,15=0,0,0,0,0,0,0,9,0,6,63,0,52,0,90,0,78,50,85,91,89,90,47,75,99,96,99,83,0,0,41,59,79,0,0,0,0,0,0,0,1,16,100,0,98
l40,15=0,0,0,0,0,0,0,0,0,0,74,0,0,0,87,0,80,83,41,91,84,96,0,76,99,96,95,94,0,0,0,0,0,0,0,2,0,0,0,0,0,0,100,100,0
l41,15=0,0,0,0,0,0,0,53,0,0,88,51,53,87,98,0,68,97,99,91,99,63,0,96,99,99,99,96,0,0,47,0,0,37,0,0,0,0,54,0,77,0,100,100,95
l42,15=0,0,0,0,0,0,0,0,0,0,0,0,59,0,67,0,39,67,40,87,0,93,64,90,99,99,91,76,0,0,0,0,51,54,0,9,0,0,0,0,0,0,100,100,98
l43,15=0,0,0,0,0,0,0,0,0,0,0,0,0,0,64,0,57,72,65,65,59,68,56,92,87,95,97,89,0,0,0,0,65,67,0,73,0,0,63,60,0,0,98,97,96
l44,15=0,0,0,0,0,0,0,0,0,0,0,0,54,0,63,0,58,0,0,90,62,95,62,67,97,85,97,89,0,0,0,0,66,0,0,0,0,0,18,0,0,1,98,97,97

