l0,0=0,88,92,91,88,89,87,89,89,88,87,88,90,90,80,0,81,0,79,44,0,0,0,0,0,0,0,0,0,0,80,74,0,0,0,0,0,0,0,0,6,0,0,0,0
l1,0=90,0,90,91,88,89,87,90,90,87,76,88,90,90,67,0,0,0,27,6,56,0,0,0,0,0,0,0,0,0,0,41,0,0,0,0,0,0,0,0,0,0,0,0,0
l2,0=92,89,0,91,87,89,87,95,91,91,87,89,90,90,73,0,86,42,46,54,72,9,0,0,0,0,44,0,0,0,27,49,0,0,0,0,0,0,0,0,0,0,0,0,0
l3,0=92,89,89,0,88,88,86,24,90,68,70,88,90,85,52,0,82,23,40,37,0,0,0,0,0,0,0,0,0,0,81,48,0,0,0,0,0,0,0,0,0,20,0,0,0
l4,0=92,89,85,91,0,89,87,90,89,85,83,83,88,90,73,0,77,0,11,0,0,0,0,0,0,0,0,0,0,0,80,58,0,0,0,0,0,0,0,0,0,0,0,0,0
l5,0=92,89,92,87,88,0,82,89,87,87,81,88,90,90,72,0,69,0,28,0,65,0,0,0,0,0,0,0,0,0,69,38,0,0,0,0,0,0,0,0,62,1,0,0,0
l6,0=92,89,92,91,88,89,0,95,91,91,87,89,90,90,86,0,86,22,50,57,70,0,0,0,0,0,27,0,0,0,77,18,0,0,0,0,0,0,0,0,0,0,0,0,0
l7,0=91,89,92,52,88,89,86,0,91,93,87,89,90,90,91,0,86,0,85,85,77,0,62,77,47,77,68,0,0,0,61,0,0,0,0,0,0,0,0,0,0,0,0,15,0
l8,0=89,89,92,91,87,88,86,95,0,93,87,89,90,90,87,0,86,36,80,82,73,0,67,67,32,32,37,38,0,0,0,0,0,0,0,0,0,0,0,0,0,0,0,19,0
l9,0=89,89,91,60,86,89,85,92,91,0,87,89,90,90,87,0,85,20,33,32,77,64,0,79,33,37,34,0,0,0,50,30,0,0,0,0,0,0,0,0,0,0,0,0,0
l10,0=52,44,87,0,53,54,64,57,54,88,0,88,90,78,83,0,91,25,87,84,86,8,67,79,41,84,43,64,0,0,49,38,0,0,0,0,0,0,0,0,37,0,25,19,0
l11,0=86,88,89,78,44,89,81,89,91,94,87,0,90,90,87,0,86,21,26,79,79,44,24,0,39,2,37,58,0,0,0,22,0,0,0,0,0,0,0,0,0,0,0,0,0
l12,0=89,88,89,77,87,88,82,89,90,87,90,89,0,90,87,0,86,68,84,81,87,0,0,25,33,57,70,59,0,0,51,32,0,0,0,0,0,0,0,0,35,0,0,0,27
l13,0=49,89,92,81,88,89,86,95,91,94,79,89,90,0,93,0,87,45,87,46,81,58,26,75,0,70,0,1,0,0,35,32,0,0,0,0,0,0,0,0,0,0,0,9,0
l14,0=7,29,59,2,21,29,46,30,28,78,74,82,88,88,0,0,89,84,92,89,99,0,17,82,45,42,40,70,0,0,81,44,0,11,0,0,0,0,0,14,68,34,29,28,47
l15,0=8,0,72,71,22,22,51,56,32,79,90,89,89,90,96,0,0,18,92,45,97,77,43,86,48,86,46,77,0,0,81,0,11,0,0,0,0,0,0,27,66,0,29,27,3
l16,0=0,0,73,52,0,0,13,0,28,40,78,77,77,76,94,0,62,0,37,48,99,0,0,56,55,45,23,0,0,0,91,54,4,5,0,0,0,0,30,35,84,83,30,31,29
l17,0=27,35,59,64,24,47,44,28,29,69,90,66,83,85,99,0,91,86,0,85,99,69,0,71,58,40,49,67,0,0,79,35,0,0,0,0,0,0,0,0,60,63,31,25,44
l18,0=4,0,58,3,0,0,26,27,29,25,88,70,78,67,98,0,74,86,57,0,99,92,74,90,88,93,83,82,0,0,0,39,0,5,0,43,0,0,25,0,81,69,33,32,52
l19,0=0,3,69,0,0,22,19,28,26,73,87,83,88,79,99,0,91,86,92,89,0,48,20,88,56,93,55,39,0,0,89,68,0,10,0,0,0,0,0,0,92,47,0,31,56
l20,0=0,0,13,0,0,0,0,0,0,60,55,57,0,63,0,0,89,0,75,89,74,0,100,98,91,92,86,93,0,0,0,0,70,74,0,85,84,0,77,26,0,63,88,89,89
l21,0=0,0,0,0,0,0,0,70,87,0,84,6,0,0,58,0,86,0,0,89,77,99,0,93,91,77,86,93,0,0,0,0,31,91,0,0,65,0,74,66,0,0,0,0,92
l22,0=0,0,0,0,0,0,0,58,64,67,71,0,4,65,74,0,80,63,65,87,67,97,65,0,91,68,87,93,0,0,0,4,80,81,0,76,84,67,72,66,67,62,80,90,77
l23,0=0,0,0,0,0,0,0,23,20,49,74,72,56,0,65,0,75,75,78,87,86,86,84,98,0,93,87,89,0,0,0,0,45,14,0,17,0,0,47,32,77,81,86,90,93
l24,0=0,0,0,0,0,0,0,47,23,63,82,26,67,77,84,0,81,45,51,89,89,97,72,82,93,0,87,88,0,0,0,24,20,87,0,63,71,8,46,72,78,12,90,90,46
l25,0=0,0,51,0,0,0,17,41,42,59,74,68,73,0,51,0,81,39,77,89,77,86,80,100,93,93,0,86,0,0,36,0,81,78,0,43,80,41,43,72,61,67,91,91,92
l26,0=0,0,0,0,0,0,0,0,34,0,74,72,71,25,73,0,81,0,70,87,74,98,99,98,91,89,86,0,0,0,35,0,89,88,0,89,87,76,78,87,67,65,81,50,93
l27,0=9,0,15,69,23,20,17,20,0,10,55,0,43,14,70,0,76,86,32,0,89,0,0,0,0,0,20,0,0,0,0,89,28,18,0,66,0,2,30,88,89,90,0,0,24
l28,0=11,31,63,60,21,18,8,0,0,60,60,37,63,46,64,0,0,86,29,43,88,0,0,40,3,25,0,0,0,0,91,0,54,55,0,63,75,2,27,73,93,90,0,0,36
l29,0=0,0,0,0,0,0,0,0,0,0,0,0,0,0,0,0,46,19,0,0,0,35,15,95,72,46,80,93,0,0,72,88,0,97,0,99,97,98,95,98,94,94,0,12,52
l30,0=0,0,0,0,0,0,0,0,0,0,0,0,0,0,30,0,0,1,0,1,0,27,28,77,7,84,24,72,0,0,90,88,99,0,0,99,97,98,95,98,94,94,47,3,0
l31,0=0,0,0,0,0,0,0,0,0,0,0,0,0,0,0,0,0,0,0,44,0,69,0,48,15,51,15,89,0,0,85,74,99,97,0,0,97,98,95,98,94,94,0,0,0
l32,0=0,0,0,0,0,0,0,0,0,0,0,0,0,0,0,0,0,0,0,0,0,58,19,86,0,70,67,82,0,0,0,74,99,97,0,99,0,98,95,98,87,88,0,0,0
l33,0=0,0,0,0,0,0,0,0,0,0,0,0,0,0,0,0,0,27,0,0,0,0,0,57,0,0,42,63,0,0,56,71,99,97,0,99,97,0,95,91,89,47,0,0,0
l34,0=0,0,0,0,0,0,0,0,0,0,0,0,0,0,0,0,0,76,0,77,0,85,51,91,83,79,53,93,0,0,90,83,99,97,0,99,97,98,0,98,94,94,20,17,0
l35,0=0,0,0,0,0,0,0,0,0,0,0,0,0,0,2,0,33,56,0,0,1,5,20,51,26,87,31,33,0,0,91,53,99,97,0,99,97,74,95,0,94,94,21,0,0
l36,0=0,0,0,0,0,20,0,0,0,0,27,0,7,0,69,0,68,40,19,46,90,0,0,60,56,48,19,21,0,0,47,54,69,97,0,75,88,25,95,98,0,94,0,16,0
l37,0=0,0,0,5,0,7,0,0,0,0,0,0,0,0,53,0,25,66,51,80,87,28,0,65,91,18,32,30,0,0,91,89,99,97,0,99,92,39,95,98,94,0,44,0,0
l38,0=0,0,0,0,0,0,0,0,0,0,72,0,0,0,74,0,73,70,74,83,0,72,0,79,83,86,81,80,0,0,0,0,0,78,0,0,0,0,0,24,0,15,0,90,93
l39,0=0,0,0,0,0,0,0,12,20,0,65,0,0,5,80,0,69,66,69,86,73,64,0,87,91,90,86,65,0,0,0,0,0,12,0,0,0,0,4,0,38,0,91,0,93
l40,0=0,0,0,0,0,0,0,0,0,0,2,0,36,0,75,0,19,61,66,82,78,68,68,71,90,56,82,91,0,0,21,50,23,0,0,0,0,0,0,0,0,0,91,91,0
l41,0=0,0,0,0,0,0,0,0,0,49,77,0,60,62,79,0,81,74,86,89,92,0,66,93,92,91,81,82,0,0,71,27,44,0,0,0,0,0,0,33,38,46,93,92,93
l42,0=0,0,0,0,0,0,0,0,0,0,41,0,0,0,59,0,66,66,64,80,72,70,0,88,91,84,84,83,0,0,0,0,0,0,0,56,0,0,51,0,0,0,91,91,93
l43,0=0,0,0,0,0,0,0,0,0,0,55,0,0,0,31,0,56,37,61,73,53,70,59,80,90,84,82,84,0,0,0,0,63,75,0,28,64,0,55,0,0,0,91,90,92
l44,0=0,0,0,0,0,0,0,0,0,0,0,54,57,0,68,0,53,69,72,74,71,73,71,81,91,81,78,82,0,0,0,0,0,58,0,0,0,0,0,0,0,0,91,87,92

l0,1=0,90,87,95,88,91,92,89,76,83,79,73,79,83,48,0,71,2,0,0,0,0,0,0,0,0,0,0,0,0,72,54,0,0,0,0,0,0,0,0,0,0,0,0,0
l1,1=88,0,83,91,89,91,93,90,82,82,64,73,48,85,51,0,60,70,0,64,65,0,0,0,0,0,0,0,0,0,65,57,0,0,0,0,0,0,0,0,0,0,0,0,0
l2,1=88,90,0,84,87,91,93,94,83,87,74,73,79,89,67,0,74,73,56,0,62,0,0,0,0,61,15,0,0,0,41,47,0,0,0,0,0,0,0,0,0,0,0,0,0
l3,1=88,90,82,0,90,91,92,0,79,83,79,73,79,83,69,0,58,60,0,0,2,0,0,0,0,0,0,0,0,0,80,67,0,0,0,0,0,0,0,0,1,0,0,0,0
l4,1=88,90,82,95,0,91,89,82,76,76,67,72,79,83,35,0,65,60,0,31,0,0,0,0,0,0,0,0,0,0,69,0,0,0,0,0,0,0,0,0,0,0,0,0,0
l5,1=88,90,87,86,90,0,92,89,78,77,79,73,79,53,52,0,76,0,0,0,0,0,0,0,0,0,0,0,0,0,70,0,0,0,0,0,0,0,0,0,43,28,0,0,0
l6,1=88,90,87,91,85,91,0,93,83,78,79,72,79,85,58,0,81,75,65,74,68,0,0,0,0,0,0,0,0,0,74,63,0,0,0,0,0,0,0,0,0,0,0,0,0
l7,1=88,90,88,0,80,91,93,0,83,87,79,73,79,89,75,0,84,0,58,56,62,53,43,67,0,73,66,6,0,0,1,1,0,0,0,0,0,0,0,0,0,0,0,52,0
l8,1=68,90,88,86,66,91,93,93,0,87,79,73,79,89,75,0,79,70,65,70,47,58,43,59,47,58,62,11,0,0,50,47,0,0,0,0,0,0,0,0,0,0,0,0,0
l9,1=88,89,87,80,70,77,79,92,83,0,79,74,79,89,76,0,70,63,71,61,63,53,0,0,63,10,34,29,0,0,0,48,0,0,0,0,0,0,0,0,0,0,24,0,0
l10,1=83,40,70,71,46,83,88,84,78,83,0,74,79,83,52,0,87,78,76,77,73,44,51,24,13,77,74,44,0,0,65,26,0,1,0,0,0,0,0,0,0,0,49,24,40
l11,1=80,90,84,66,68,74,87,91,83,87,79,0,79,89,77,0,84,64,77,67,63,0,0,20,32,64,64,0,0,0,0,49,0,0,0,0,0,0,0,0,0,0,0,25,2
l12,1=72,58,83,67,82,90,89,87,76,83,81,74,0,89,77,0,84,72,77,75,75,47,0,29,34,70,67,57,0,0,47,41,0,0,0,0,0,0,0,0,0,0,0,0,0
l13,1=83,90,86,79,82,86,89,92,83,87,79,74,79,0,76,0,85,51,74,67,54,47,32,24,34,68,35,30,0,0,49,41,0,0,0,0,0,0,0,0,0,0,18,0,8
l14,1=20,17,65,71,35,66,73,73,72,70,67,64,77,76,0,0,87,83,82,85,90,60,20,44,42,68,43,38,0,0,77,62,0,0,0,0,0,0,17,0,50,36,58,56,44
l15,1=20,11,57,0,41,72,74,89,75,67,81,74,79,83,87,0,0,77,81,78,88,71,29,44,42,72,44,44,0,0,74,40,0,0,0,0,0,0,0,10,42,25,47,51,1
l16,1=0,21,39,1,21,0,37,0,69,54,70,57,13,5,55,0,77,0,78,90,86,17,0,21,33,51,23,29,0,0,90,79,3,6,0,0,35,9,8,8,46,70,34,0,12
l17,1=0,0,58,0,0,1,41,64,75,69,78,65,50,51,87,0,82,86,0,84,90,62,43,42,41,57,46,44,0,0,68,0,0,0,0,0,0,0,0,0,35,57,57,43,44
l18,1=0,10,0,0,20,0,51,30,75,42,75,58,46,37,81,0,79,88,76,0,85,82,38,26,87,88,88,56,0,0,67,75,0,0,0,16,0,0,44,44,48,46,62,60,9
l19,1=0,21,53,0,0,0,61,66,29,69,75,61,47,40,87,0,83,86,82,90,0,70,16,43,47,73,48,48,0,0,75,71,0,38,0,0,0,0,21,0,62,67,59,53,46
l20,1=0,0,0,0,0,0,0,56,66,44,49,1,62,47,51,0,73,45,50,84,73,0,90,86,86,88,87,89,0,0,35,0,60,59,0,62,63,31,80,40,45,54,86,83,83
l21,1=0,0,0,0,0,0,0,7,42,0,71,0,0,54,60,0,74,0,62,77,61,93,0,82,86,82,86,82,0,0,0,0,45,75,0,0,64,0,71,52,0,0,0,84,79
l22,1=0,0,0,0,0,0,0,58,56,0,43,30,56,31,74,0,69,56,53,51,58,84,73,0,86,79,88,83,0,0,0,0,72,79,0,73,67,46,70,55,59,59,83,83,35
l23,1=0,0,0,0,0,0,0,0,43,66,32,40,59,60,73,0,73,86,68,85,80,87,83,86,0,88,88,82,0,0,0,48,47,74,0,27,20,48,76,72,67,71,92,91,88
l24,1=0,1,51,0,0,0,0,67,52,3,73,50,71,72,71,0,79,80,46,84,76,87,82,82,87,0,88,81,0,0,1,54,14,62,0,0,47,37,49,74,74,66,92,83,87
l25,1=0,0,0,0,0,0,0,55,54,46,72,41,63,41,56,0,72,52,66,85,71,87,79,89,87,88,0,82,0,0,0,0,65,67,0,64,74,46,72,24,50,52,92,92,85
l26,1=0,0,0,0,0,0,0,41,43,46,68,0,64,43,49,0,66,64,61,76,68,88,83,87,86,82,86,0,0,0,0,0,73,84,0,77,76,65,83,71,20,52,83,79,87
l27,1=40,19,4,63,41,56,22,0,18,0,65,0,11,16,40,0,51,89,34,40,48,16,0,0,0,0,0,0,0,0,0,84,41,20,0,30,0,34,41,79,93,47,0,6,0
l28,1=24,14,30,56,0,0,21,2,32,48,45,46,9,14,38,0,40,90,0,89,67,0,0,0,27,42,0,0,0,0,90,0,47,42,0,50,46,32,48,48,93,77,0,3,6
l29,1=0,0,0,0,0,0,0,0,0,0,0,0,0,0,0,0,0,17,0,0,0,61,21,88,23,8,76,88,0,0,66,77,0,90,0,90,88,93,95,91,93,85,17,0,34
l30,1=0,0,0,0,0,0,0,0,0,0,0,0,0,0,0,0,0,34,0,15,45,56,20,85,34,34,67,79,0,0,81,39,87,0,0,90,88,80,95,91,93,87,21,11,0
l31,1=0,0,0,0,0,0,0,0,0,0,0,0,0,0,0,0,0,0,0,25,0,67,0,80,20,3,67,84,0,0,70,67,87,90,0,0,88,93,95,71,93,87,12,7,0
l32,1=0,0,0,0,0,0,0,0,0,0,0,0,0,0,0,0,0,24,0,0,0,62,23,49,16,31,69,64,0,0,5,47,87,90,0,90,0,93,95,91,63,81,0,0,0
l33,1=0,0,0,0,0,0,0,0,0,0,0,0,0,0,0,0,0,1,0,0,0,0,0,45,47,12,67,60,0,0,59,36,87,76,0,90,88,0,92,77,85,65,0,0,0
l34,1=0,0,0,0,0,0,0,0,0,0,0,0,0,0,22,0,0,82,0,76,35,80,22,78,77,36,83,85,0,0,81,77,87,90,0,90,88,93,0,91,93,87,39,14,0
l35,1=0,0,0,0,0,0,0,0,0,0,0,0,0,0,0,0,26,40,0,46,0,32,17,48,40,49,31,69,0,0,90,48,87,90,0,45,80,52,95,0,93,87,1,0,0
l36,1=0,0,0,0,0,45,0,0,0,0,0,0,0,0,35,0,42,54,28,49,51,41,0,24,39,51,37,1,0,0,90,53,55,90,0,51,46,53,92,90,0,86,0,1,0
l37,1=0,0,0,0,0,48,0,0,0,0,0,0,0,0,27,0,34,51,34,45,48,54,1,41,47,50,42,37,0,0,90,83,84,90,0,90,83,47,95,91,93,0,0,0,0
l38,1=0,0,0,0,0,0,0,0,0,0,58,0,0,0,79,0,60,67,61,73,66,80,0,80,83,86,85,75,0,0,0,0,0,53,0,0,0,0,53,0,0,0,0,91,88
l39,1=0,0,0,0,0,0,0,32,0,0,37,22,0,0,81,0,79,0,58,84,83,85,52,85,86,83,86,72,0,0,32,0,0,22,0,2,0,0,11,0,3,0,93,0,88
l40,1=0,0,0,0,0,0,0,0,0,0,60,4,0,0,68,0,5,50,61,54,64,83,65,11,85,86,84,81,0,0,0,2,6,0,0,0,0,0,0,0,0,0,91,90,0
l41,1=0,0,0,0,0,0,0,0,10,40,73,40,45,21,74,0,74,76,61,85,73,87,50,83,86,87,86,81,0,0,65,61,0,19,0,14,0,0,9,0,0,26,93,94,89
l42,1=0,0,0,0,0,0,0,0,0,0,0,0,0,0,49,0,58,62,48,73,0,49,0,81,86,86,86,77,0,0,0,0,41,4,0,47,42,0,42,0,0,1,92,91,88
l43,1=0,0,0,0,0,0,0,0,0,0,37,0,0,0,50,0,56,52,0,55,55,84,59,74,85,82,85,67,0,0,0,0,36,59,0,24,27,0,26,0,0,0,88,90,88
l44,1=0,0,0,0,0,0,0,0,0,0,0,0,46,0,57,0,31,0,56,65,61,77,62,77,84,84,85,78,0,0,48,0,2,44,0,0,0,0,0,0,0,0,92,90,88

l0,2=0,84,90,89,86,86,85,85,80,84,79,81,80,85,46,0,55,54,69,5,0,0,0,0,0,0,0,0,0,0,63,41,0,0,0,0,0,0,0,0,0,0,0,0,0
l1,2=84,0,89,86,87,86,85,86,81,84,72,87,75,78,61,0,70,61,60,42,27,0,0,0,0,0,0,0,0,0,60,59,0,0,0,0,0,0,0,0,0,0,0,0,0
l2,2=84,84,0,77,86,86,85,94,83,89,79,88,80,87,73,0,79,71,68,61,38,0,0,35,0,49,0,0,0,0,61,61,0,0,0,0,0,0,0,0,0,0,0,0,0
l3,2=89,85,90,0,87,81,83,78,80,84,78,83,80,86,50,0,59,59,52,0,0,0,0,0,0,0,0,0,0,0,59,59,0,0,0,0,0,0,0,0,0,0,0,0,0
l4,2=83,85,90,89,0,86,85,82,80,34,75,85,79,85,55,0,66,17,22,0,0,0,0,0,0,0,0,0,0,0,0,58,0,0,0,0,0,0,0,0,0,0,0,0,0
l5,2=88,85,89,80,87,0,84,86,81,84,82,81,80,86,73,0,50,0,59,56,19,0,0,0,0,0,0,0,0,0,67,14,0,0,0,0,0,0,0,0,0,0,0,0,0
l6,2=87,84,90,80,87,86,0,94,83,89,79,89,80,87,65,0,82,65,66,0,37,0,0,0,0,0,0,0,0,0,24,48,0,0,0,0,0,0,0,0,0,0,0,0,0
l7,2=80,79,90,76,84,80,85,0,83,89,79,89,80,87,64,0,82,0,79,55,51,30,33,51,46,63,51,0,0,0,0,0,0,0,0,0,0,0,0,0,0,0,0,0,0
l8,2=73,79,90,75,84,81,82,93,0,89,77,89,80,87,74,0,80,9,75,67,0,29,47,57,4,51,51,51,0,0,55,48,0,0,0,0,0,0,0,0,0,0,0,0,0
l9,2=76,79,89,76,54,79,82,93,82,0,79,89,80,87,75,0,72,65,80,49,50,40,14,0,59,48,51,56,0,0,45,43,0,0,0,0,0,0,0,0,0,0,0,35,0
l10,2=63,69,76,60,68,80,60,65,74,84,0,89,80,86,67,0,84,59,83,69,61,0,43,49,50,68,61,55,0,0,0,47,0,0,0,0,0,0,0,0,19,0,2,54,47
l11,2=51,79,80,69,81,54,79,94,83,89,79,0,80,87,77,0,82,58,80,52,57,47,39,37,48,63,52,0,0,0,53,40,0,0,0,0,0,0,0,0,0,0,47,56,29
l12,2=65,73,89,69,80,79,81,69,80,83,87,89,0,87,72,0,82,59,80,62,60,0,37,41,58,57,51,60,0,0,43,41,0,0,0,0,0,0,0,0,0,1,36,49,0
l13,2=60,72,84,76,83,79,81,93,83,89,80,89,80,0,73,0,82,48,71,50,48,0,0,54,48,49,0,0,0,0,50,48,0,0,0,0,0,0,0,0,0,0,0,0,0
l14,2=21,54,61,12,57,58,50,60,75,65,69,80,71,79,0,0,86,14,86,85,84,46,41,64,58,72,76,44,0,0,79,58,0,0,0,0,0,0,29,45,39,2,59,87,48
l15,2=17,71,67,9,60,29,75,80,78,68,84,89,80,86,82,0,0,67,79,68,72,56,57,66,61,65,64,58,0,0,63,60,0,0,0,0,0,0,0,38,47,47,58,67,17
l16,2=4,66,59,26,43,0,58,0,1,44,69,69,61,55,5,0,80,0,77,89,81,0,0,0,75,75,15,21,0,0,85,86,18,37,0,11,0,0,28,0,74,72,60,51,30
l17,2=49,52,57,1,42,53,51,62,71,76,81,80,73,66,82,0,75,64,0,70,84,48,42,57,67,56,52,52,0,0,56,43,0,25,0,0,0,0,0,0,39,0,58,58,48
l18,2=0,10,46,0,0,33,0,46,65,42,76,53,61,57,77,0,78,84,74,0,84,82,41,72,88,85,91,77,0,0,81,73,13,0,0,0,0,0,32,30,41,46,79,60,18
l19,2=0,0,2,0,0,8,18,59,0,58,77,74,65,71,82,0,80,79,86,89,0,62,0,54,77,86,67,72,0,0,63,76,0,23,0,0,0,0,0,0,61,52,62,77,48
l20,2=0,0,0,0,0,0,0,51,47,43,0,64,0,0,61,0,72,0,68,84,70,0,86,83,75,88,83,94,0,0,0,0,68,0,0,71,42,60,48,48,35,50,82,77,75
l21,2=0,0,0,0,0,0,0,22,58,0,58,61,50,0,53,0,73,0,62,68,0,90,0,80,78,84,79,88,0,0,0,0,0,0,0,0,0,0,0,0,0,0,0,77,65
l22,2=0,0,0,0,0,0,0,54,56,0,44,40,42,50,63,0,68,0,68,74,58,86,68,0,88,86,91,88,0,0,0,0,68,73,0,70,73,42,69,56,53,1,76,75,58
l23,2=0,0,0,0,0,0,0,36,0,58,49,51,58,41,65,0,74,69,72,86,73,79,73,86,0,88,90,84,0,0,0,0,52,69,0,56,63,57,60,0,42,66,85,93,79
l24,2=0,0,40,0,0,0,0,69,51,40,75,72,63,46,71,0,74,68,56,83,74,86,70,81,88,0,90,82,0,0,35,46,55,23,0,32,28,27,41,47,69,70,84,87,79
l25,2=0,0,0,0,0,0,0,48,49,48,71,55,46,0,69,0,74,40,53,84,61,86,68,92,88,88,0,85,0,0,1,29,51,75,0,55,75,31,63,0,60,31,84,88,79
l26,2=0,0,0,0,0,0,0,0,54,59,55,46,61,0,46,0,65,41,67,81,73,90,76,89,80,86,84,0,0,0,0,0,68,79,0,81,77,54,76,42,45,37,83,83,78
l27,2=36,67,48,30,0,43,8,0,56,5,0,64,48,56,54,0,51,83,45,80,61,0,0,0,0,40,1,0,0,0,0,86,58,76,0,63,40,56,52,69,94,51,0,31,0
l28,2=8,62,49,27,54,19,40,0,55,52,56,51,49,57,52,0,49,84,34,89,65,0,0,0,0,62,41,0,0,0,86,0,63,80,0,74,45,41,63,67,94,91,0,0,12
l29,2=0,0,0,0,0,0,0,0,0,0,0,0,0,0,0,0,0,36,0,15,0,80,0,91,59,74,73,93,0,0,55,76,0,91,0,95,94,96,90,92,94,92,0,0,0
l30,2=0,0,0,0,0,0,0,0,0,0,0,0,0,0,0,0,0,54,16,0,25,0,0,84,53,20,65,92,0,0,83,75,77,0,0,95,94,96,90,92,94,93,5,43,0
l31,2=0,0,0,0,0,0,0,0,0,0,0,0,0,0,0,0,0,41,0,26,0,53,0,77,52,56,71,91,0,0,54,62,77,91,0,0,94,96,90,92,94,92,56,0,0
l32,2=0,0,0,0,0,0,0,0,0,0,0,0,0,0,0,0,0,0,0,0,0,29,3,87,63,60,81,82,0,0,52,62,77,91,0,95,0,96,90,92,0,92,0,3,0
l33,2=0,0,0,0,0,0,0,0,0,0,0,0,0,0,0,0,0,0,0,0,0,62,0,51,64,50,62,66,0,0,53,53,77,91,0,95,94,0,88,83,82,78,0,0,0
l34,2=0,0,0,0,0,0,0,0,0,0,0,0,0,0,19,0,0,40,0,49,0,31,0,84,56,48,71,88,0,0,81,85,77,91,0,95,94,90,0,92,94,93,48,32,0
l35,2=0,0,0,0,0,0,0,0,0,0,0,0,0,0,38,0,33,0,0,49,0,25,0,46,0,63,0,45,0,0,80,76,77,91,0,91,94,93,90,0,94,93,0,0,0
l36,2=0,0,0,0,0,0,0,0,0,0,14,0,0,0,45,0,44,80,35,61,70,21,12,45,41,82,79,60,0,0,86,86,74,89,0,89,0,88,90,92,0,92,0,0,0
l37,2=0,0,0,0,0,0,0,0,0,0,0,0,36,0,15,0,67,74,0,81,63,55,3,26,83,82,51,53,0,0,86,86,77,91,0,94,89,86,90,92,94,0,48,51,13
l38,2=0,0,0,0,0,0,0,0,0,0,0,40,4,0,52,0,49,45,61,76,48,67,0,67,78,78,86,66,0,0,0,0,0,0,0,8,0,0,30,0,0,0,0,93,84
l39,2=0,0,0,0,0,0,0,0,0,0,41,54,35,0,68,0,65,51,61,66,63,63,53,72,80,83,83,71,0,0,24,0,0,36,0,0,0,0,21,0,0,18,88,0,84
l40,2=0,0,0,0,0,0,0,0,0,0,52,35,0,0,65,0,37,40,62,46,53,75,51,59,75,86,74,77,0,0,0,3,0,0,0,0,0,0,0,0,0,0,86,90,0
l41,2=0,0,0,0,0,0,0,0,2,0,65,53,47,66,74,0,74,67,72,83,72,79,5,80,80,86,79,72,0,0,4,48,0,7,0,0,6,0,49,0,0,11,88,93,79
l42,2=0,0,0,0,0,0,0,0,0,0,0,0,0,0,61,0,66,53,67,82,63,72,55,78,80,86,81,74,0,0,0,0,0,57,0,0,43,0,56,24,0,0,83,91,79
l43,2=0,0,0,0,0,0,0,0,0,0,0,0,0,0,52,0,54,0,51,59,48,71,47,62,60,74,78,70,0,0,0,0,29,52,0,1,42,0,35,0,0,0,69,73,79
l44,2=0,0,0,0,0,0,0,0,0,0,0,0,0,0,51,0,46,45,57,69,57,66,47,68,74,78,78,70,0,0,0,0,0,38,0,0,0,0,16,33,0,0,84,85,79

l0,3=0,92,78,95,86,91,87,86,92,87,83,84,88,86,77,0,85,65,69,0,0,0,0,0,0,0,0,0,0,0,77,0,0,0,0,0,0,0,0,0,0,0,0,0,0
l1,3=89,0,77,95,86,91,87,85,92,85,88,86,91,85,0,0,87,73,73,9,35,0,0,0,55,0,0,0,0,0,71,62,0,0,0,0,0,0,0,0,0,0,0,0,0
l2,3=85,88,0,85,84,87,87,93,92,89,88,86,92,88,80,0,89,73,0,62,0,0,0,13,0,0,4,0,0,0,64,62,0,0,0,0,0,0,0,0,0,0,0,0,0
l3,3=91,92,81,0,86,90,83,80,92,87,73,86,92,86,63,0,92,0,0,0,0,0,0,0,0,0,0,0,0,0,60,50,0,0,0,0,0,0,0,0,17,0,0,0,0
l4,3=91,92,92,95,0,91,87,83,92,82,77,86,77,86,75,0,0,0,67,0,14,0,0,0,0,0,0,0,0,0,0,0,0,0,0,0,0,0,0,0,0,0,0,0,0
l5,3=91,92,76,93,86,0,87,91,92,86,88,15,91,84,71,0,87,60,66,63,17,0,0,0,0,0,0,0,0,0,79,51,0,0,0,0,0,0,0,0,0,0,0,0,0
l6,3=86,92,92,84,86,91,0,92,92,89,88,86,92,87,80,0,89,77,76,0,0,0,0,23,0,32,11,0,0,0,26,0,0,0,0,0,0,0,0,0,9,0,0,0,0
l7,3=82,87,81,75,81,87,82,0,92,89,88,86,92,88,85,0,89,0,80,76,60,0,0,75,33,75,70,1,0,0,0,0,0,0,0,0,0,0,0,0,0,0,0,0,0
l8,3=85,87,82,83,82,87,82,92,0,89,88,86,92,88,85,0,89,49,80,77,67,0,71,66,10,63,62,71,0,0,70,0,0,0,0,0,0,0,0,0,0,0,0,60,0
l9,3=82,87,81,80,81,85,82,92,92,0,88,86,92,88,81,0,89,71,80,69,64,30,0,64,57,71,57,55,0,0,54,51,0,0,0,0,0,0,0,0,0,0,0,0,0
l10,3=77,86,73,71,75,86,82,81,90,86,0,86,92,88,87,0,92,74,86,79,74,68,34,73,59,79,72,70,0,0,0,56,0,0,0,0,0,0,0,0,0,0,0,57,0
l11,3=77,86,80,76,80,52,82,93,91,88,88,0,93,88,81,0,91,74,78,70,70,61,50,58,58,73,64,45,0,0,69,56,0,0,0,0,0,0,0,0,0,0,0,62,0
l12,3=67,83,80,77,57,86,83,90,91,88,88,86,0,88,86,0,92,69,78,67,68,28,55,34,60,63,62,71,0,0,55,44,0,0,0,0,0,0,0,0,0,58,0,56,0
l13,3=85,87,81,80,81,86,82,92,92,88,88,86,92,0,82,0,90,77,72,56,61,57,3,74,57,66,0,0,0,0,66,56,0,0,0,0,0,0,0,0,0,0,0,0,0
l14,3=57,0,58,23,58,70,67,78,90,79,87,85,90,81,0,0,92,96,94,86,97,70,61,68,64,74,78,58,0,0,73,73,0,0,0,0,0,0,0,60,10,39,76,78,70
l15,3=49,71,67,69,0,49,81,89,86,85,88,86,92,86,91,0,0,87,87,82,86,81,64,69,69,78,72,57,0,0,76,64,0,0,0,0,0,0,0,20,41,50,40,68,46
l16,3=42,68,32,0,0,42,75,0,14,59,73,74,76,73,96,0,92,0,85,96,97,50,0,31,47,76,74,38,0,0,92,93,0,71,0,0,26,0,71,56,90,52,24,69,47
l17,3=49,77,0,0,53,62,72,77,90,85,88,86,90,75,96,0,92,90,0,90,86,65,55,83,76,70,0,36,0,0,83,68,0,0,0,0,0,0,0,0,73,59,71,49,48
l18,3=0,0,21,0,0,45,0,67,81,69,78,73,74,42,89,0,84,96,93,0,97,95,74,77,87,87,88,79,0,0,90,74,41,0,0,0,0,0,51,48,77,60,62,75,7
l19,3=0,24,0,0,26,28,0,61,76,63,85,82,87,69,96,0,92,96,93,96,0,74,59,80,77,85,81,79,0,0,87,65,38,1,0,0,0,0,4,0,79,35,81,80,0
l20,3=0,0,0,0,0,0,0,0,0,3,79,66,39,40,77,0,85,47,75,91,85,0,97,91,85,87,82,94,0,0,0,0,92,85,0,67,80,89,89,34,13,0,80,81,87
l21,3=0,0,0,0,0,0,0,0,75,0,39,55,64,0,68,0,85,0,75,90,75,99,0,89,85,85,78,90,0,0,0,0,0,67,0,64,0,45,0,0,1,0,7,78,57
l22,3=0,0,0,0,0,0,0,56,51,43,58,42,38,56,59,0,75,39,73,78,59,98,81,0,86,86,88,93,0,0,28,0,71,78,0,59,82,54,86,31,26,43,72,79,76
l23,3=0,47,0,0,0,0,0,9,0,57,57,53,74,45,67,0,76,64,85,94,81,74,68,92,0,89,88,91,0,0,1,0,73,70,0,68,61,57,56,59,51,76,82,84,90
l24,3=0,0,0,0,0,0,31,65,61,57,76,66,69,51,69,0,79,69,57,94,82,95,48,93,86,0,88,86,0,0,0,0,69,57,0,33,30,45,43,61,63,67,70,84,93
l25,3=0,0,0,0,0,0,2,59,62,51,65,60,67,0,68,0,78,64,0,91,67,84,58,94,87,87,0,86,0,0,33,42,65,61,0,60,58,0,64,50,59,26,82,81,75
l26,3=0,0,0,0,0,0,0,29,52,39,64,45,75,0,45,0,58,50,38,82,81,99,86,94,86,82,82,0,0,0,4,8,86,81,0,84,78,44,84,70,39,42,79,64,88
l27,3=53,42,26,27,0,56,0,0,23,47,0,64,54,63,80,0,81,96,75,96,63,0,0,23,6,0,26,0,0,0,0,93,74,81,0,54,63,0,92,68,95,96,18,41,38
l28,3=0,43,24,28,0,46,0,0,0,60,64,65,54,58,86,0,82,96,75,56,38,0,0,0,0,0,37,0,0,0,92,0,80,94,0,64,80,65,95,90,95,100,23,44,0
l29,3=0,0,0,0,0,0,0,0,0,0,0,0,0,0,0,0,0,0,0,43,27,99,0,89,83,85,41,88,0,0,83,85,0,100,0,99,100,100,97,95,90,100,0,0,2
l30,3=0,0,0,0,0,0,0,0,0,0,0,0,0,0,0,0,0,80,0,0,0,86,31,94,76,73,71,94,0,0,88,93,97,0,0,99,100,100,97,95,95,100,22,1,30
l31,3=0,0,0,0,0,0,0,0,0,0,0,0,0,0,0,0,0,0,0,36,6,83,34,53,64,37,47,94,0,0,68,71,97,100,0,0,100,97,97,95,95,100,19,45,32
l32,3=0,0,0,0,0,0,0,0,0,0,0,0,0,0,0,0,0,48,0,0,0,86,0,93,75,23,85,87,0,0,73,83,97,100,0,99,0,100,97,94,94,99,0,14,0
l33,3=0,0,0,0,0,0,0,0,0,0,0,0,0,0,0,0,0,0,0,0,0,81,8,47,51,36,0,5,0,0,0,73,97,100,0,91,100,0,97,95,92,80,0,0,0
l34,3=0,0,0,0,0,0,0,0,0,0,0,0,0,0,0,0,0,83,0,48,0,87,0,91,48,35,44,74,0,0,91,93,97,100,0,99,100,100,0,95,95,100,0,0,52
l35,3=0,0,0,0,0,0,0,0,0,0,0,0,0,0,78,0,53,91,0,54,0,56,0,32,54,51,45,63,0,0,91,93,97,100,0,99,100,100,97,0,95,100,2,0,0
l36,3=0,0,0,0,0,0,0,0,0,0,0,7,0,0,2,0,80,96,84,58,48,20,2,28,46,51,52,34,0,0,92,93,90,100,0,97,94,96,97,95,0,100,0,55,0
l37,3=0,0,0,0,0,0,0,0,0,0,12,0,63,0,57,0,64,77,77,57,29,0,0,39,56,53,30,48,0,0,92,93,97,100,0,99,100,90,97,95,95,0,21,49,0
l38,3=0,0,0,0,0,0,0,0,0,0,0,0,0,0,62,0,60,50,66,61,65,71,0,66,76,70,74,65,0,0,6,30,0,42,0,0,0,0,0,0,0,13,0,83,93
l39,3=0,0,0,0,0,0,0,0,60,0,52,51,59,0,64,0,67,63,46,68,60,69,49,67,78,80,75,58,0,0,26,40,0,0,0,0,1,0,0,0,47,10,86,0,93
l40,3=0,0,0,0,0,0,0,0,0,0,0,0,0,0,54,0,55,52,49,12,0,66,39,64,76,82,67,65,0,0,36,0,0,8,0,0,0,0,50,0,0,0,86,84,0
l41,3=0,0,0,0,0,0,0,0,16,0,57,0,58,52,75,0,77,80,68,91,73,64,0,78,86,86,82,70,0,0,38,44,0,0,0,0,0,0,45,0,0,0,86,83,89
l42,3=0,0,0,0,0,0,0,0,0,0,16,0,0,0,53,0,63,46,48,75,67,71,49,65,85,83,80,65,0,0,0,0,1,0,0,36,23,53,51,26,0,0,82,84,89
l43,3=0,0,0,0,0,0,0,0,0,0,0,0,25,0,44,0,26,37,0,52,58,70,33,39,69,72,70,67,0,0,0,0,58,0,0,0,0,0,41,0,0,0,74,78,84
l44,3=0,0,0,0,0,0,0,0,0,0,0,0,0,0,39,0,54,52,33,70,47,45,46,65,78,82,75,62,0,0,0,0,47,57,0,6,0,0,48,43,0,0,82,80,79

l0,4=0,94,98,95,88,97,94,95,96,99,0,92,86,91,82,0,78,79,3,34,0,0,0,0,0,0,0,0,0,0,84,76,0,0,0,0,0,0,0,0,0,0,0,0,0
l1,4=93,0,96,95,88,97,94,93,96,97,94,95,91,99,0,0,73,53,68,71,1,0,0,0,63,0,0,0,0,0,52,42,0,0,0,0,0,0,0,0,1,0,0,0,0
l2,4=92,93,0,90,88,96,94,98,96,99,94,96,92,99,87,0,82,76,56,69,0,0,0,0,0,0,24,0,0,0,0,72,0,0,0,0,0,0,0,0,0,0,0,0,0
l3,4=93,94,93,0,88,97,91,95,96,94,88,92,85,90,78,0,79,75,71,0,0,0,0,0,0,0,0,0,0,0,79,73,0,0,0,0,0,0,0,0,0,0,0,0,0
l4,4=93,94,99,95,0,97,94,98,96,94,88,90,82,96,77,0,78,80,75,0,0,0,0,0,0,0,0,0,0,0,0,78,0,0,0,0,0,0,0,0,0,0,0,0,0
l5,4=92,94,98,95,88,0,94,98,96,99,96,95,91,99,67,0,2,0,0,0,60,0,0,0,0,0,0,0,0,0,87,56,0,0,0,0,0,0,0,0,48,16,0,0,0
l6,4=90,94,96,89,88,97,0,98,85,99,94,95,91,99,83,0,90,80,75,66,58,0,0,0,0,61,0,0,0,0,79,0,0,0,0,0,0,0,0,0,0,0,0,0,0
l7,4=88,88,95,89,85,95,92,0,96,99,93,95,91,99,92,0,90,0,87,85,70,4,0,70,55,82,66,57,0,0,0,0,0,0,0,0,0,0,0,0,0,0,0,0,0
l8,4=89,89,99,89,84,95,56,98,0,99,63,96,91,99,92,0,89,19,87,85,58,49,0,64,65,34,54,52,0,0,62,0,0,0,0,0,0,0,0,0,0,0,0,59,0
l9,4=89,88,94,71,77,95,92,98,96,0,94,95,91,99,89,0,90,77,87,70,71,1,0,70,74,74,34,62,0,0,77,65,0,0,0,0,0,0,0,0,0,0,0,0,0
l10,4=0,85,85,71,72,93,87,87,73,97,0,92,93,97,92,0,90,79,85,76,80,54,47,72,72,79,67,62,0,0,64,74,0,0,0,0,0,0,0,0,0,6,71,74,0
l11,4=86,88,94,72,72,89,91,98,96,99,91,0,93,99,85,0,90,73,87,76,71,0,44,73,69,68,61,65,0,0,58,76,0,0,0,0,0,0,0,0,0,0,0,62,0
l12,4=85,88,94,73,62,95,92,98,96,99,96,96,0,99,92,0,90,80,81,78,81,0,64,68,74,67,67,71,0,0,61,0,0,0,0,0,0,0,0,0,0,0,27,71,66
l13,4=88,88,94,79,85,93,92,98,96,99,94,95,91,0,92,0,88,83,85,73,80,59,0,68,72,72,60,68,0,0,0,60,0,0,0,0,0,0,0,0,0,0,0,63,0
l14,4=67,0,63,53,40,66,71,77,80,74,91,79,88,91,0,0,90,91,91,82,89,66,0,70,70,75,67,66,0,0,71,55,0,0,0,0,0,0,0,61,10,74,79,76,71
l15,4=68,50,72,57,61,2,84,88,79,88,96,95,91,84,92,0,0,81,87,79,84,73,64,72,73,69,64,66,0,0,83,73,0,68,0,0,0,0,0,0,59,0,70,72,19
l16,4=60,11,54,50,49,0,62,0,8,62,75,67,80,81,94,0,90,0,89,90,88,5,0,0,74,72,69,0,0,0,96,95,0,70,0,0,0,0,77,69,84,75,77,79,52
l17,4=0,70,8,55,61,0,73,73,76,76,83,80,75,82,94,0,90,77,0,84,73,0,57,72,71,69,60,63,0,0,75,72,0,0,0,0,0,0,2,0,65,74,52,73,69
l18,4=0,41,34,0,0,0,40,72,76,47,73,78,70,65,85,0,83,92,83,0,92,68,68,67,82,84,72,71,0,0,77,79,0,63,0,57,0,0,70,57,60,67,70,76,69
l19,4=0,0,0,0,0,63,56,72,70,74,77,81,79,83,94,0,90,92,80,90,0,73,65,74,81,76,67,76,0,0,74,72,0,60,0,0,0,0,69,41,63,77,80,79,70
l20,4=0,0,0,0,0,0,0,25,46,0,41,0,0,47,70,0,77,21,0,78,64,0,91,75,80,88,76,89,0,0,0,0,84,66,0,55,49,68,72,54,44,60,81,84,65
l21,4=0,0,0,0,0,0,0,0,0,0,31,60,57,0,0,0,77,0,58,82,72,92,0,77,78,83,74,89,0,0,0,0,0,0,0,62,0,0,65,0,0,0,36,77,75
l22,4=0,0,0,0,0,0,0,52,54,66,54,65,57,59,63,0,64,0,64,60,54,80,59,0,83,88,85,89,0,0,0,0,63,66,0,61,63,59,61,9,54,68,67,75,57
l23,4=0,27,0,0,0,0,0,23,52,63,63,60,65,57,71,0,75,62,75,89,83,85,63,88,0,90,85,81,0,0,0,43,61,54,0,64,57,50,59,71,10,73,84,87,91
l24,4=0,0,0,0,0,0,45,67,36,67,77,65,68,71,87,0,80,68,84,85,82,88,79,85,83,0,81,79,0,0,0,48,61,56,0,0,42,13,62,73,58,67,74,86,88
l25,4=0,0,0,0,0,0,0,65,56,0,67,67,65,59,77,0,71,67,73,77,68,76,68,89,85,88,0,73,0,0,41,0,76,73,0,63,62,64,62,65,61,49,61,77,58
l26,4=0,0,0,0,0,0,0,51,49,56,52,62,61,59,69,0,64,7,58,82,71,91,79,89,81,82,76,0,0,0,39,53,76,68,0,70,64,59,66,66,59,56,76,75,73
l27,4=69,24,0,45,0,94,52,1,75,57,44,64,68,0,89,0,89,92,91,88,88,0,0,0,0,0,61,8,0,0,0,95,56,72,0,70,70,67,89,99,100,100,45,28,0
l28,4=68,31,51,38,46,62,0,0,0,48,44,73,0,66,76,0,89,92,88,87,85,0,0,0,49,46,2,23,0,0,96,0,40,89,0,80,89,79,94,100,100,100,39,58,24
l29,4=0,0,0,0,0,0,0,0,0,0,0,0,0,0,0,0,0,0,0,0,0,89,1,83,81,67,80,84,0,0,87,54,0,92,0,99,100,100,100,100,98,100,60,74,0
l30,4=0,0,0,0,0,0,0,0,0,0,0,0,0,0,0,0,79,79,0,80,36,87,0,84,67,62,77,83,0,0,77,94,94,0,0,99,100,97,100,100,100,100,81,0,0
l31,4=0,0,0,0,0,0,0,0,0,0,0,0,0,0,0,0,0,0,0,83,0,83,51,85,83,7,76,89,0,0,82,82,94,92,0,0,100,100,100,100,100,100,0,45,62
l32,4=0,0,0,0,0,0,0,0,0,0,0,0,0,0,0,0,0,1,0,0,0,88,0,88,83,67,83,87,0,0,60,93,94,92,0,99,0,100,100,100,100,100,0,25,0
l33,4=0,0,0,0,0,0,0,0,0,0,0,0,0,0,0,0,0,0,0,0,0,91,0,88,81,0,79,81,0,0,87,93,94,92,0,99,100,0,100,100,100,93,0,0,0
l34,4=0,0,0,0,0,0,0,0,0,0,0,0,0,0,0,0,0,92,0,90,70,91,42,88,68,61,76,88,0,0,96,95,94,92,0,99,100,100,0,100,100,100,1,0,60
l35,4=0,0,0,0,0,0,0,0,0,0,0,0,0,0,93,0,2,92,0,89,42,66,0,27,66,67,83,52,0,0,96,95,94,92,0,99,100,100,100,0,100,100,0,0,5
l36,4=0,0,0,0,0,68,0,0,0,0,0,0,0,0,0,0,81,92,84,89,72,35,0,73,15,55,81,35,0,0,96,95,63,92,0,99,100,99,100,100,0,100,0,34,0
l37,4=0,0,0,0,0,64,0,0,0,0,23,0,0,0,87,0,53,83,82,85,85,50,0,83,65,62,61,15,0,0,96,94,94,92,0,99,100,89,100,100,100,0,28,0,31
l38,4=0,0,0,0,0,0,0,0,0,0,42,0,0,0,75,0,58,58,19,55,56,69,2,59,70,64,38,56,0,0,18,10,43,53,0,0,0,0,0,0,0,0,0,86,91
l39,4=0,0,0,0,0,0,0,0,39,0,42,47,46,30,75,0,67,61,75,77,78,71,43,74,77,78,70,64,0,0,14,44,44,0,0,0,1,0,0,0,23,0,84,0,91
l40,4=0,0,0,0,0,0,0,0,0,0,0,0,41,0,64,0,9,40,59,65,59,66,51,64,76,77,58,58,0,0,0,0,0,0,0,3,0,0,49,0,0,2,87,86,0
l41,4=0,0,0,0,0,0,0,0,0,1,62,60,63,67,78,0,68,75,73,80,78,73,54,76,78,78,72,62,0,0,41,58,10,0,0,0,0,0,40,22,0,0,86,82,82
l42,4=0,0,0,0,0,0,0,0,0,0,37,0,0,0,63,0,0,56,66,75,73,77,46,68,78,79,70,68,0,0,0,0,45,41,0,46,44,25,60,10,8,0,84,84,87
l43,4=0,0,0,0,0,0,0,0,0,0,0,0,30,0,3,0,44,38,44,10,59,78,46,71,58,77,71,23,0,0,0,0,59,38,0,0,0,0,0,0,0,0,82,84,82
l44,4=0,0,0,0,0,0,0,0,0,0,0,0,0,0,75,0,65,56,56,72,50,76,47,71,81,83,75,56,0,0,0,0,51,58,0,0,0,0,52,0,0,0,87,85,84

l0,5=0,91,90,97,91,90,85,61,91,86,82,89,93,61,30,0,72,34,0,43,0,0,0,0,0,0,0,0,0,0,80,0,0,0,0,0,0,0,0,0,0,0,0,0,0
l1,5=90,0,90,95,61,91,85,91,91,84,92,88,94,97,30,0,38,40,48,51,43,0,0,0,0,0,0,0,0,0,38,54,0,0,0,0,0,0,0,0,3,0,0,0,0
l2,5=90,91,0,95,90,90,85,92,91,85,85,89,95,97,37,0,66,43,45,37,0,0,0,0,11,3,0,0,0,0,0,61,0,0,0,0,0,0,0,0,0,0,0,0,0
l3,5=92,92,92,0,94,92,86,91,91,86,87,89,90,97,31,0,71,38,68,0,0,0,0,0,0,0,0,0,0,0,84,74,0,25,0,0,0,0,0,0,0,0,0,0,0
l4,5=93,86,92,97,0,92,86,91,91,77,58,88,93,97,0,0,74,76,46,69,0,0,0,0,0,0,0,0,0,0,86,58,0,0,0,0,0,0,0,0,0,0,0,0,0
l5,5=89,91,90,96,94,0,86,91,88,86,92,89,4,93,37,0,69,23,48,30,39,0,0,0,0,0,0,0,0,0,84,53,0,0,0,0,0,0,2,0,33,0,0,0,0
l6,5=89,92,89,94,90,90,0,92,87,86,90,83,95,97,35,0,74,30,55,64,0,0,0,0,13,26,1,0,0,0,59,51,0,0,0,0,0,0,0,0,0,0,0,0,0
l7,5=73,88,90,86,83,87,85,0,91,88,78,90,94,99,73,0,81,0,80,73,0,0,0,0,0,55,19,6,0,0,0,0,0,0,0,0,0,0,0,0,0,0,0,0,0
l8,5=93,93,92,80,75,79,77,94,0,89,84,90,95,99,64,0,68,28,40,64,49,0,51,58,41,36,47,18,0,0,38,0,0,0,0,0,0,0,0,0,0,0,0,1,0
l9,5=86,72,76,80,53,83,85,92,91,0,91,90,94,99,66,0,68,37,76,52,57,44,0,0,56,38,17,13,0,0,52,27,0,0,0,0,0,0,0,0,0,0,0,54,0
l10,5=41,75,36,13,15,85,77,45,29,55,0,88,95,70,84,0,88,40,53,68,76,47,46,59,65,42,22,20,0,0,60,52,0,0,0,0,0,0,0,0,0,22,21,67,0
l11,5=80,71,74,45,45,80,72,94,91,86,85,0,95,99,0,0,81,16,68,59,62,0,0,65,56,29,14,20,0,0,62,54,0,0,0,0,0,0,0,0,0,0,15,0,0
l12,5=87,88,88,12,80,3,85,92,91,86,94,90,0,99,81,0,88,57,77,62,80,35,45,21,69,36,60,22,0,0,57,38,0,0,0,0,0,0,0,0,5,0,20,67,0
l13,5=80,77,77,80,75,79,77,83,87,89,92,90,95,0,74,0,70,65,73,64,71,49,0,56,61,61,26,49,0,0,72,34,0,0,0,0,0,0,0,0,0,0,0,55,0
l14,5=29,11,12,3,8,34,27,51,30,30,87,2,57,60,0,0,85,87,87,82,85,52,60,39,64,39,21,22,0,0,78,49,0,0,0,0,0,0,0,29,37,22,21,74,74
l15,5=46,11,20,11,18,61,73,46,31,26,93,85,90,43,82,0,0,79,86,74,83,65,60,61,65,40,22,22,0,0,50,71,0,0,0,0,0,0,4,0,38,23,20,70,35
l16,5=31,19,11,3,18,28,27,0,8,17,51,32,35,50,61,0,51,0,59,87,85,0,0,41,63,31,20,4,0,0,91,87,0,0,0,1,0,0,40,40,50,29,19,31,37
l17,5=0,20,19,10,14,41,60,48,18,40,67,71,32,42,87,0,85,77,0,67,85,47,46,61,60,54,20,0,0,0,87,55,0,0,0,0,0,0,9,0,34,19,21,74,74
l18,5=8,6,5,0,23,15,45,67,69,20,60,33,60,56,74,0,63,83,61,0,85,64,59,68,72,74,62,55,0,0,63,57,31,12,0,35,10,1,59,29,60,0,30,81,78
l19,5=0,29,0,0,0,39,0,0,18,17,70,59,33,43,86,0,85,83,83,87,0,55,20,63,73,41,18,23,0,0,68,68,0,56,0,0,0,0,37,32,13,34,20,79,72
l20,5=0,0,0,0,0,0,0,0,0,11,25,0,29,27,30,0,53,1,26,68,40,0,84,83,74,71,59,67,0,0,0,0,54,40,0,22,43,35,54,14,8,25,41,70,34
l21,5=0,0,0,0,0,0,0,0,26,0,20,0,27,0,45,0,31,0,24,63,2,85,0,55,62,77,54,65,0,0,0,0,0,0,0,17,0,0,0,0,0,0,40,17,38
l22,5=0,0,0,0,0,0,0,0,53,0,42,24,13,28,38,0,49,40,42,69,55,81,58,0,74,79,67,65,0,0,10,0,24,55,0,39,62,52,24,26,52,26,66,81,32
l23,5=0,0,0,0,0,0,0,0,4,3,47,11,52,16,54,0,53,48,27,77,72,73,50,90,0,82,69,55,0,0,16,19,28,0,0,38,24,11,0,56,12,52,67,81,80
l24,5=0,0,0,0,0,0,19,61,29,26,63,9,39,36,44,0,49,36,64,76,71,72,70,89,77,0,65,56,0,0,15,22,21,26,0,23,27,0,0,52,18,0,60,84,82
l25,5=0,0,0,0,0,0,0,26,28,12,40,12,59,15,46,0,57,47,53,71,33,71,58,89,77,76,0,55,0,0,23,9,54,40,0,22,25,31,28,7,21,27,55,82,53
l26,5=0,0,0,0,0,0,0,10,23,3,29,14,47,28,48,0,41,8,0,73,61,85,77,90,71,70,55,0,0,0,4,6,45,55,0,24,47,0,51,22,36,24,67,70,68
l27,5=44,3,0,21,26,51,23,0,18,4,29,66,17,31,48,0,42,56,40,66,80,0,0,19,29,6,3,0,0,0,0,88,36,37,0,63,14,24,26,52,70,57,0,4,0
l28,5=0,4,15,14,12,27,17,0,0,3,23,58,11,19,42,0,77,88,11,76,86,0,0,0,29,19,4,0,0,0,96,0,39,37,0,53,43,23,22,85,92,92,11,20,0
l29,5=0,0,0,0,0,0,0,0,0,0,0,0,0,0,0,0,0,0,0,38,0,76,0,39,56,16,60,50,0,0,40,54,0,96,0,84,98,96,93,92,84,90,19,2,21
l30,5=0,0,0,0,0,0,0,0,0,0,0,0,0,0,0,0,0,0,0,24,27,30,0,75,0,15,52,63,0,0,58,62,79,0,0,84,98,96,93,93,96,96,19,37,37
l31,5=0,0,0,0,0,0,0,0,0,0,0,0,0,0,0,0,0,16,0,56,0,54,25,69,63,37,41,46,0,0,50,47,79,96,0,0,98,96,93,93,96,96,16,13,19
l32,5=0,0,0,0,0,0,0,0,0,0,0,0,0,0,0,0,0,0,0,38,0,31,0,85,54,29,19,33,0,0,34,69,79,96,0,84,0,96,92,92,95,94,21,0,0
l33,5=0,0,0,0,0,0,0,0,0,0,0,0,0,0,0,0,0,0,0,0,0,31,0,77,52,0,26,0,0,0,51,56,79,96,0,84,98,0,93,71,96,74,0,0,0
l34,5=0,0,0,0,0,0,0,0,0,0,0,0,0,0,0,0,16,46,1,55,37,67,0,37,0,0,38,59,0,0,43,44,79,96,0,78,79,80,0,93,96,96,0,21,1
l35,5=0,0,0,0,0,0,0,0,0,0,0,0,0,0,30,0,0,34,0,24,51,29,0,35,45,26,3,7,0,0,62,81,79,96,0,84,68,35,93,0,96,96,16,0,10
l36,5=0,0,0,0,0,27,0,0,0,0,0,0,3,0,41,0,42,61,9,34,3,8,0,44,40,22,7,10,0,0,98,87,47,96,0,79,50,35,93,93,0,96,0,0,0
l37,5=0,0,0,0,0,0,0,0,0,0,17,0,0,0,34,0,30,48,8,0,65,54,0,40,42,0,7,7,0,0,98,87,79,96,0,84,46,31,93,93,96,0,0,0,0
l38,5=0,0,0,0,0,0,0,0,0,0,27,9,30,0,46,0,19,36,49,16,31,28,33,61,61,54,47,47,0,0,0,0,16,27,0,0,1,0,0,1,0,0,0,57,85
l39,5=0,0,0,0,0,0,0,0,0,0,30,0,28,12,62,0,58,38,56,70,69,61,2,68,63,66,55,51,0,0,0,14,0,24,0,0,0,0,14,0,0,0,62,0,84
l40,5=0,0,0,0,0,0,0,0,0,0,0,0,0,0,49,0,12,11,26,62,26,23,27,14,64,64,41,27,0,0,0,0,0,21,0,0,0,0,0,0,0,0,73,85,0
l41,5=0,0,0,0,0,0,0,0,0,3,0,9,34,14,63,0,57,58,45,69,68,29,34,68,66,65,55,12,0,0,32,24,1,0,0,0,0,0,17,10,12,0,70,83,80
l42,5=0,0,0,0,0,0,0,0,0,0,13,0,0,0,24,0,0,18,30,69,34,28,0,70,65,68,52,53,0,0,0,0,0,25,0,0,23,0,14,0,11,0,70,83,83
l43,5=0,0,0,0,0,0,0,0,0,0,21,0,0,0,0,0,0,0,25,35,26,56,26,61,29,47,49,48,0,0,0,0,20,0,0,15,0,0,18,0,0,0,70,82,72
l44,5=0,0,0,0,0,0,0,0,0,0,4,4,18,0,37,0,30,5,22,70,24,63,32,61,65,68,55,52,0,0,0,0,9,26,0,0,20,0,0,0,0,0,70,82,82

l0,6=0,93,85,88,93,89,73,82,83,82,77,83,80,83,0,0,66,48,40,5,0,0,0,0,0,0,0,0,0,0,57,42,0,0,0,0,0,0,0,0,0,0,0,0,0
l1,6=89,0,89,86,93,93,77,86,85,78,78,75,85,78,0,0,43,40,49,50,51,0,0,0,0,0,0,0,0,0,51,0,0,0,0,0,0,0,0,0,0,0,0,0,0
l2,6=89,93,0,86,93,92,79,86,85,82,36,81,88,87,19,0,37,64,55,48,0,0,0,0,0,47,0,0,0,0,51,0,0,0,0,0,0,0,0,0,0,0,0,0,0
l3,6=89,93,89,0,93,93,73,73,77,82,60,78,71,83,16,0,49,47,40,0,0,0,0,0,0,0,0,0,0,0,0,67,0,0,0,0,0,0,0,0,12,0,0,0,0
l4,6=89,87,84,89,0,93,79,85,80,82,59,82,86,75,31,0,63,39,40,52,0,0,0,0,0,0,0,0,0,0,49,76,0,0,0,0,0,0,0,0,0,0,0,0,0
l5,6=88,93,84,88,93,0,79,83,81,82,81,85,76,70,26,0,45,51,38,28,0,0,0,0,0,0,0,0,0,0,51,64,0,0,0,0,0,0,29,19,0,0,0,0,0
l6,6=87,92,90,76,93,93,0,87,73,86,79,72,88,67,43,0,65,33,45,0,56,0,0,0,5,47,23,0,0,0,40,47,0,0,0,0,0,0,0,0,1,0,0,0,0
l7,6=78,93,89,62,92,87,80,0,85,86,68,89,79,88,45,0,65,46,50,59,3,0,0,0,0,54,37,0,0,0,0,0,0,0,0,0,0,0,0,0,0,0,0,0,0
l8,6=82,86,90,62,82,87,57,87,0,86,60,89,86,83,46,0,65,18,35,53,0,28,35,39,36,54,41,29,0,0,0,0,0,0,0,0,0,0,0,0,0,0,0,0,0
l9,6=82,78,75,80,83,88,79,87,85,0,78,89,89,88,53,0,69,49,59,39,60,0,16,0,51,54,37,20,0,0,33,0,0,0,0,0,0,0,0,0,0,0,9,0,0
l10,6=32,72,46,51,37,79,63,70,43,75,0,84,88,81,67,0,77,63,56,54,71,38,12,36,64,63,53,20,0,0,0,64,0,0,0,0,0,0,0,0,0,21,25,26,0
l11,6=75,60,70,64,73,86,57,82,82,82,73,0,89,82,52,0,68,49,59,58,42,38,0,51,61,52,30,36,0,0,39,41,0,0,0,0,0,0,0,0,0,0,0,21,0
l12,6=64,83,83,48,81,71,73,73,83,82,83,89,0,88,57,0,73,61,59,61,69,0,0,25,61,52,51,18,0,0,36,39,0,0,0,0,0,0,0,0,1,0,22,24,0
l13,6=81,75,78,73,74,78,61,86,85,86,80,89,89,0,55,0,68,49,60,59,56,25,0,36,56,51,35,44,0,0,43,49,0,0,0,0,0,0,0,0,0,0,0,20,0
l14,6=0,0,46,16,5,34,41,68,51,47,77,76,81,59,0,0,71,76,68,72,75,27,33,28,62,51,34,34,0,0,72,51,0,11,0,0,0,0,33,0,23,0,35,41,58
l15,6=23,34,45,45,25,33,44,61,37,40,83,72,72,43,40,0,0,53,62,59,69,46,32,38,62,2,54,57,0,0,45,56,0,0,0,0,0,0,3,15,39,9,12,30,0
l16,6=2,42,52,37,0,0,21,37,15,0,27,37,42,18,43,0,35,0,63,72,78,3,0,8,62,55,53,33,0,0,75,81,16,0,0,5,0,0,32,26,64,20,20,27,26
l17,6=9,49,52,22,28,25,40,49,26,35,40,72,72,50,75,0,74,69,0,63,72,42,31,38,61,61,51,56,0,0,60,57,0,6,0,0,0,0,0,0,16,0,32,40,53
l18,6=0,35,22,0,4,8,0,51,45,8,39,55,52,50,60,0,58,67,48,0,81,56,49,62,64,64,54,69,0,0,43,48,32,17,0,8,0,2,54,48,42,9,54,66,53
l19,6=0,39,0,0,0,0,38,25,0,36,60,44,52,38,66,0,71,75,63,76,0,51,33,43,69,67,42,62,0,0,47,64,0,36,0,0,0,0,56,54,22,26,26,65,54
l20,6=0,0,0,0,0,0,0,0,22,0,25,18,0,9,26,0,59,17,39,62,36,0,70,74,70,69,67,76,0,0,0,0,56,29,0,27,35,13,60,26,11,25,54,38,28
l21,6=0,0,0,0,0,0,0,0,29,23,26,20,0,0,50,0,51,0,21,55,44,72,0,63,63,61,50,69,0,0,0,0,21,29,0,0,0,0,27,0,0,0,27,45,44
l22,6=0,0,0,0,0,0,0,0,21,0,21,23,11,16,26,0,28,24,28,52,27,70,43,0,70,71,76,76,0,0,0,15,28,66,0,24,57,32,54,26,15,30,72,37,62
l23,6=0,0,0,0,0,0,0,0,15,18,33,31,29,18,39,0,39,47,27,62,66,66,34,74,0,70,77,72,0,0,25,27,30,28,0,33,0,0,30,28,16,31,72,70,22
l24,6=0,0,16,0,0,0,18,47,36,23,45,23,22,21,16,0,8,23,48,63,65,61,50,80,74,0,77,68,0,0,18,27,0,28,0,23,11,0,8,30,0,29,67,70,62
l25,6=0,0,0,0,0,0,13,15,24,33,35,22,20,16,9,0,50,39,37,62,24,59,24,82,74,75,0,64,0,0,0,0,46,29,0,21,14,24,31,27,14,26,32,72,58
l26,6=0,0,0,0,0,0,0,0,24,12,12,36,11,22,35,0,51,22,43,64,59,71,68,76,70,69,67,0,0,0,6,0,39,54,0,10,47,44,65,28,36,28,72,57,51
l27,6=4,39,43,0,0,0,23,0,0,0,0,36,27,16,42,0,20,79,66,35,23,0,0,0,57,49,0,0,0,0,0,84,38,30,0,5,12,19,62,74,79,59,0,0,0
l28,6=2,0,0,36,15,10,18,19,0,0,24,36,37,21,25,0,35,79,58,54,76,0,0,20,53,47,0,0,0,0,78,0,39,44,0,27,23,35,54,42,81,81,23,30,0
l29,6=0,0,0,0,0,0,0,0,0,0,0,0,0,0,0,0,0,16,0,51,0,58,6,42,60,0,59,31,0,0,39,53,0,88,0,86,82,86,79,87,65,73,0,18,1
l30,6=0,0,0,0,0,0,0,0,0,0,0,0,0,0,19,0,0,0,16,48,39,30,8,68,59,57,54,62,0,0,50,55,81,0,0,86,82,86,79,67,86,92,18,20,0
l31,6=0,0,0,0,0,0,0,0,0,0,0,0,0,0,0,0,0,34,0,49,0,53,0,67,68,57,55,38,0,0,42,52,81,86,0,0,82,89,75,76,76,86,30,29,0
l32,6=0,0,0,0,0,0,0,0,0,0,0,0,0,0,0,0,0,0,0,0,0,51,0,59,1,49,33,45,0,0,38,55,81,86,0,86,0,84,74,74,71,57,34,0,0
l33,6=0,0,0,0,0,0,0,0,0,0,0,0,0,0,0,0,0,0,0,0,0,20,0,52,0,0,40,42,0,0,38,52,79,84,0,86,82,0,71,41,72,77,0,0,0
l34,6=0,0,0,0,0,7,0,0,0,0,0,0,0,0,28,0,2,39,0,53,44,35,9,62,58,0,51,63,0,0,50,40,81,88,0,86,67,60,0,88,86,92,25,30,0
l35,6=0,0,0,0,0,4,0,0,0,0,0,0,0,0,0,0,28,37,0,62,42,28,0,34,57,57,55,33,0,0,66,57,81,84,0,79,62,46,79,0,86,92,19,32,0
l36,6=0,0,0,0,0,0,0,0,0,0,0,0,12,0,26,0,31,65,34,65,20,14,0,34,59,0,47,35,0,0,80,67,51,88,0,85,53,59,79,88,0,92,0,10,0
l37,6=0,0,0,0,0,0,0,0,0,0,18,0,7,0,2,0,29,45,0,49,42,31,0,37,58,57,48,36,0,0,64,71,75,88,0,80,50,66,79,88,86,0,0,18,0
l38,6=0,0,0,0,0,0,0,0,0,0,12,0,10,0,42,0,7,30,20,50,21,28,13,63,65,50,28,54,0,0,0,18,0,10,0,0,12,0,25,0,0,0,0,71,67
l39,6=0,0,0,0,0,0,0,0,0,0,12,20,10,9,48,0,26,45,40,56,53,17,15,37,59,59,73,42,0,0,0,15,6,8,0,0,0,0,22,19,0,0,75,0,70
l40,6=0,0,0,0,0,0,0,0,0,0,0,0,0,0,43,0,0,31,30,55,40,26,19,57,31,60,55,36,0,0,0,0,0,0,0,0,0,0,0,0,0,0,78,81,0
l41,6=0,0,0,0,0,0,0,0,0,0,8,0,39,12,58,0,35,42,45,62,65,39,13,63,69,65,62,43,0,0,20,30,0,0,0,0,0,0,21,0,9,7,68,78,60
l42,6=0,0,0,0,0,0,0,0,0,0,0,0,0,0,23,0,2,22,20,54,26,25,24,38,44,64,63,57,0,0,0,0,28,0,0,17,19,14,29,0,13,0,74,72,58
l43,6=0,0,0,0,0,0,0,0,0,0,0,0,0,0,20,0,0,0,18,41,20,26,27,52,31,58,58,61,0,0,0,0,19,0,0,16,16,1,28,0,0,0,73,74,66
l44,6=0,0,0,0,0,0,0,0,0,0,0,0,3,0,21,0,14,23,18,28,24,24,23,41,68,65,46,42,0,0,0,0,0,0,0,0,0,0,0,0,0,3,68,68,67

l0,7=0,94,89,93,93,85,87,87,88,85,44,82,89,70,17,0,62,54,0,0,0,0,0,0,0,0,0,0,0,0,29,3,0,0,0,0,0,0,0,0,17,0,0,0,0
l1,7=89,0,92,93,93,85,88,0,91,91,48,76,90,71,17,0,43,41,36,34,0,0,0,0,0,0,0,0,0,0,30,25,0,0,0,0,0,0,0,0,1,0,0,0,0
l2,7=89,94,0,93,93,85,88,89,91,62,27,83,90,71,17,0,11,50,34,24,30,9,0,0,0,0,0,6,0,0,34,0,0,0,0,0,0,0,0,0,0,0,0,0,0
l3,7=89,94,92,0,93,85,87,87,87,87,14,44,89,68,17,0,31,47,31,0,0,0,0,0,0,0,0,0,0,0,74,45,0,0,0,0,0,0,0,0,0,0,0,0,0
l4,7=89,90,88,93,0,85,87,87,82,83,20,78,86,66,0,0,34,0,0,27,0,0,0,0,0,0,0,0,0,0,53,8,0,0,0,0,0,0,0,0,0,0,0,0,0
l5,7=89,94,92,93,93,0,88,87,91,83,85,85,89,68,16,0,77,43,31,24,36,0,0,0,0,0,0,0,0,0,30,15,0,0,0,0,0,0,0,0,0,0,0,0,0
l6,7=89,94,92,93,93,85,0,89,91,91,85,82,89,66,62,0,0,77,59,53,5,0,0,7,0,46,9,0,0,0,35,10,0,0,0,0,0,0,0,0,0,0,0,0,0
l7,7=80,45,84,74,86,77,88,0,92,91,77,85,84,71,63,0,72,55,1,60,45,36,7,0,43,58,57,29,0,0,0,0,0,0,0,0,0,0,0,0,0,0,0,0,0
l8,7=80,91,88,66,81,81,84,89,0,91,72,84,87,69,57,0,67,0,51,57,60,53,47,33,43,48,61,36,0,0,1,15,0,0,0,0,0,0,0,0,0,0,0,0,0
l9,7=83,91,83,89,88,81,89,89,92,0,75,85,91,71,70,0,38,0,65,47,46,28,0,18,0,51,56,0,0,0,13,6,0,0,0,0,0,0,0,0,0,0,0,23,0
l10,7=22,25,37,2,33,48,50,84,80,45,0,50,88,70,77,0,80,50,71,31,47,19,37,37,60,60,63,0,0,0,16,16,0,0,0,0,0,0,0,0,14,1,11,30,0
l11,7=53,29,76,49,82,81,50,86,87,88,81,0,91,70,51,0,51,42,66,65,0,13,0,31,52,2,53,20,0,0,0,7,0,0,0,0,0,0,0,0,0,0,0,30,9
l12,7=77,88,77,80,56,75,74,84,87,88,82,86,0,73,74,0,80,0,70,65,39,4,41,23,64,60,64,25,0,0,27,7,0,0,0,0,0,0,0,0,1,0,24,5,0
l13,7=85,91,87,80,79,81,68,87,87,89,81,86,91,0,73,0,11,30,67,65,43,0,49,37,45,56,0,19,0,0,0,10,0,0,0,0,0,0,0,0,0,0,0,0,0
l14,7=11,19,10,9,0,16,14,77,47,35,54,29,88,68,0,0,77,83,75,78,49,35,0,34,54,56,63,24,0,0,34,29,0,3,0,0,0,0,0,10,21,0,35,32,19
l15,7=17,21,0,16,30,19,0,78,76,15,84,29,86,1,48,0,0,41,67,39,45,31,39,23,53,42,53,20,0,0,16,13,0,5,0,0,0,0,0,20,20,0,4,0,8
l16,7=17,2,15,15,0,11,5,35,0,0,25,17,0,30,28,0,34,0,45,77,56,27,0,15,52,51,59,2,0,0,36,75,0,24,0,0,0,20,1,40,49,18,11,29,16
l17,7=0,21,35,26,0,18,14,0,41,27,49,48,88,64,82,0,50,63,0,39,50,30,1,35,61,69,63,27,0,0,33,15,0,0,0,0,0,0,1,0,0,0,0,32,22
l18,7=0,6,4,0,24,14,5,48,48,15,17,28,53,40,71,0,58,75,49,0,77,62,52,15,58,66,68,63,0,0,34,28,14,0,0,0,0,0,54,34,35,31,6,67,40
l19,7=0,0,9,0,0,18,0,55,46,36,45,0,55,50,40,0,76,91,71,78,0,37,45,61,75,75,60,29,0,0,21,14,0,46,0,0,0,18,50,47,25,1,35,41,34
l20,7=0,0,0,0,0,0,0,20,42,12,6,5,18,0,51,0,51,18,29,63,40,0,72,79,65,72,58,73,0,0,0,0,44,42,0,35,32,0,68,17,0,0,63,63,56
l21,7=0,0,0,0,0,0,0,21,54,0,31,0,43,33,0,0,61,0,13,60,46,83,0,72,65,64,41,70,0,0,0,0,3,29,0,0,13,0,42,0,0,0,61,58,36
l22,7=0,0,0,0,0,0,0,0,29,4,51,13,20,24,38,0,30,27,43,23,67,77,63,0,72,70,70,71,0,0,1,0,48,63,0,25,57,63,69,26,30,55,73,67,65
l23,7=0,0,0,0,0,0,0,18,26,0,19,14,49,19,23,0,53,23,48,61,62,73,56,83,0,83,77,69,0,0,2,1,40,47,0,60,24,0,33,19,20,16,71,67,57
l24,7=0,0,0,0,0,0,9,50,27,10,25,5,54,25,51,0,22,36,54,61,62,76,54,79,75,0,77,70,0,0,9,6,0,33,0,36,24,1,30,41,20,24,70,66,25
l25,7=0,0,0,0,0,0,1,20,29,14,50,17,58,0,54,0,58,52,54,64,23,68,14,83,75,82,0,64,0,0,0,13,60,45,0,33,30,39,50,28,47,17,70,76,61
l26,7=0,0,2,0,0,2,0,22,25,0,0,18,25,17,30,0,21,17,36,63,43,78,68,80,65,71,67,0,0,0,6,0,48,37,0,0,56,39,68,31,11,7,69,38,64
l27,7=5,8,24,35,44,24,1,0,0,6,19,0,29,0,28,0,20,59,44,42,35,0,0,3,11,32,0,3,0,0,0,92,26,77,0,27,42,48,80,80,51,50,5,3,4
l28,7=6,6,0,24,27,13,4,0,21,15,26,13,17,34,40,0,21,91,38,15,26,0,0,0,14,17,44,0,0,0,97,0,28,77,0,31,47,53,28,52,57,45,4,8,0
l29,7=0,0,0,0,0,0,0,0,0,0,0,0,0,0,0,0,0,0,0,21,0,63,2,30,41,0,65,53,0,0,27,25,0,84,0,86,83,89,87,91,77,77,2,31,0
l30,7=0,0,0,0,0,0,0,0,0,0,0,0,0,0,0,0,4,13,0,0,29,47,27,63,42,31,63,30,0,0,64,54,84,0,0,86,80,82,87,67,89,89,0,2,6
l31,7=0,0,0,0,0,0,0,0,0,0,0,0,0,0,0,0,0,3,0,0,0,50,0,24,62,56,59,0,0,0,43,43,84,79,0,0,83,91,81,65,85,76,0,21,0
l32,7=0,0,0,0,0,0,0,0,0,0,0,0,0,0,0,0,0,0,0,0,0,70,1,49,33,51,65,57,0,0,30,30,84,82,0,86,0,91,81,80,56,48,1,0,0
l33,7=0,0,0,0,0,0,0,0,0,0,0,0,0,0,0,0,0,0,0,0,0,0,0,31,0,0,63,45,0,0,29,23,84,84,0,86,83,0,87,76,58,54,13,0,0
l34,7=0,0,0,0,0,0,0,0,0,0,0,0,0,0,0,0,0,15,2,57,31,73,39,67,41,32,64,67,0,0,72,16,84,83,0,86,77,81,0,91,89,89,6,12,0
l35,7=0,0,0,0,0,0,0,0,0,0,0,0,0,0,2,0,16,30,0,42,33,39,0,24,16,37,64,41,0,0,82,73,84,83,0,38,80,81,87,0,89,89,0,0,0
l36,7=2,0,0,0,0,0,0,0,0,0,11,0,3,0,16,0,21,53,0,42,34,0,0,24,26,34,67,11,0,0,97,61,33,84,0,61,50,77,87,91,0,89,3,0,0
l37,7=2,0,0,0,0,0,0,0,0,0,0,0,0,0,0,0,0,23,1,41,8,0,0,28,25,39,66,23,0,0,82,61,76,83,0,39,47,73,87,91,89,0,7,11,0
l38,7=0,0,0,0,0,0,0,0,0,0,0,0,21,0,24,0,2,21,0,22,12,27,22,59,58,56,59,44,0,0,6,0,0,0,0,0,0,16,18,0,0,5,0,73,67
l39,7=0,0,0,0,0,0,0,0,0,3,9,4,3,0,14,0,0,31,37,53,43,43,15,49,61,51,76,8,0,0,3,2,14,5,0,9,0,0,22,0,0,1,78,0,64
l40,7=0,0,0,0,0,0,0,0,0,0,0,4,0,0,10,0,6,24,15,37,41,40,14,51,44,33,51,48,0,0,3,0,0,7,0,0,0,0,0,0,0,0,76,70,0
l41,7=0,0,0,0,0,0,0,16,24,0,7,2,46,17,57,0,49,37,55,54,65,26,10,44,67,65,64,17,0,0,5,31,15,0,0,0,0,0,18,7,0,10,74,76,65
l42,7=0,0,0,0,0,0,0,0,0,0,0,0,0,0,37,0,11,0,0,48,0,56,37,52,58,72,70,64,0,0,0,0,30,22,0,0,0,9,19,0,0,0,77,72,53
l43,7=0,0,0,0,0,0,0,0,0,0,0,0,0,0,14,0,13,0,20,53,24,31,22,65,24,69,66,44,0,0,0,0,24,5,0,21,15,0,19,0,0,0,75,70,66
l44,7=0,0,0,0,0,0,0,0,0,0,0,0,19,0,19,0,12,22,16,26,26,21,18,56,67,64,46,20,0,0,0,0,3,18,0,0,0,0,18,0,0,8,76,71,66

l0,8=0,95,100,99,93,94,97,95,93,89,85,98,95,98,91,0,83,59,74,0,0,0,0,0,0,0,0,0,0,0,1,0,0,0,0,0,0,0,0,0,0,0,0,0,0
l1,8=98,0,100,99,91,95,97,98,96,98,53,53,91,98,85,0,50,27,85,90,0,0,0,0,4,0,0,0,0,0,95,0,0,0,0,0,0,0,0,0,0,0,0,0,0
l2,8=98,96,0,99,94,95,97,98,96,91,51,98,98,98,94,0,50,60,85,0,88,0,0,0,0,0,0,0,0,0,90,1,0,0,0,0,0,0,0,0,0,0,0,37,0
l3,8=98,96,100,0,94,95,97,95,94,85,83,97,96,98,0,0,52,60,77,8,0,0,0,0,0,0,0,0,0,0,90,78,0,0,0,0,0,0,0,0,0,0,0,0,0
l4,8=97,95,100,99,0,95,94,51,93,89,86,98,61,98,56,0,53,61,78,90,0,0,0,0,0,0,0,0,0,0,0,3,0,0,0,0,0,0,0,0,0,0,0,0,0
l5,8=98,96,100,99,94,0,97,98,82,92,78,98,96,98,84,0,84,63,79,88,88,0,0,0,0,0,0,0,0,0,90,84,0,0,0,0,0,0,0,0,0,0,0,0,0
l6,8=98,96,100,99,94,95,0,99,96,98,86,98,96,98,95,0,82,61,87,0,94,0,0,22,0,51,0,1,0,0,89,81,0,0,0,0,0,0,0,0,0,0,0,0,0
l7,8=95,93,100,99,73,94,97,0,96,98,95,98,98,98,96,0,98,62,92,94,95,69,0,46,52,88,75,0,0,0,0,0,0,0,0,0,0,0,0,0,0,0,0,0,0
l8,8=93,96,100,94,89,55,88,99,0,98,95,98,98,98,91,0,92,0,91,93,94,86,17,78,81,0,64,82,0,0,0,21,0,0,0,0,0,0,0,0,0,0,0,49,0
l9,8=62,96,93,84,91,90,96,99,96,0,94,98,98,98,96,0,98,46,84,90,94,78,0,52,43,51,83,0,0,0,42,69,0,0,0,0,0,0,0,0,0,0,0,49,0
l10,8=64,46,31,88,88,74,53,56,91,92,0,57,98,98,99,0,98,26,93,90,94,78,35,61,47,48,85,0,0,0,76,89,0,0,0,0,0,0,0,0,0,0,0,52,0
l11,8=93,47,95,81,89,91,87,98,96,93,93,0,98,98,96,0,93,57,93,85,58,31,0,49,45,43,78,82,0,0,83,3,0,0,0,0,0,0,0,0,0,0,0,44,30
l12,8=77,55,59,94,76,75,55,96,96,98,95,98,0,98,96,0,98,60,96,94,94,0,52,0,49,53,85,72,0,0,81,78,0,0,0,0,0,0,0,0,0,0,77,0,0
l13,8=93,91,100,94,89,95,87,99,96,98,95,98,98,0,96,0,93,56,93,94,95,88,51,60,52,52,0,88,0,0,0,68,0,0,0,0,0,0,0,0,49,0,0,0,0
l14,8=46,21,15,0,58,44,39,54,65,86,59,58,71,95,0,0,65,65,98,99,100,80,30,50,51,55,83,66,0,0,96,90,0,0,0,0,0,0,0,23,9,50,74,53,36
l15,8=62,34,17,69,75,73,44,59,96,98,95,60,98,96,99,0,0,62,98,97,98,92,0,52,52,51,81,88,0,0,42,88,0,30,0,0,0,0,27,15,38,0,0,52,38
l16,8=43,0,15,56,79,65,8,29,0,2,6,17,65,71,98,0,64,0,98,99,100,31,0,0,54,54,92,0,0,0,100,100,0,0,0,0,4,7,39,97,99,81,86,49,43
l17,8=36,21,13,51,62,43,9,36,84,60,57,60,71,96,99,0,63,65,0,98,100,79,37,30,50,56,83,88,0,0,97,80,0,0,0,0,0,0,0,13,32,49,65,53,41
l18,8=0,13,0,0,37,24,0,51,78,62,37,40,74,76,99,0,44,98,94,0,97,92,70,97,91,87,95,94,0,0,86,69,39,0,0,0,0,0,52,56,51,67,88,60,47
l19,8=0,0,30,0,0,37,46,51,82,89,88,30,92,88,99,0,95,98,98,98,0,87,10,96,91,89,93,93,0,0,97,41,0,64,0,0,0,0,67,61,92,66,88,96,50
l20,8=0,0,0,0,0,0,0,38,60,36,49,25,12,64,66,0,64,35,65,82,51,0,97,98,83,83,80,95,0,0,0,0,61,57,0,28,5,0,69,22,21,49,76,60,63
l21,8=0,0,0,0,0,0,0,0,49,0,47,0,58,58,57,0,5,0,64,88,7,94,0,95,91,86,66,90,0,0,0,0,0,51,0,0,59,0,60,0,0,0,70,74,58
l22,8=0,0,0,0,0,0,2,23,25,22,48,28,0,45,53,0,41,0,23,86,69,90,73,0,90,86,93,91,0,0,0,0,61,73,0,54,65,59,84,20,22,52,80,91,73
l23,8=0,0,0,0,0,0,0,30,27,10,27,58,50,55,68,0,64,67,67,89,66,80,66,97,0,90,96,93,0,0,36,0,62,61,0,55,38,14,70,37,54,16,76,95,80
l24,8=0,0,0,0,0,0,23,68,0,55,55,37,59,61,76,0,64,69,80,90,67,89,60,95,92,0,95,91,0,0,30,13,64,32,0,22,34,33,68,29,55,0,87,93,64
l25,8=0,0,0,0,0,0,0,56,29,53,61,65,59,0,67,0,62,63,65,86,67,68,16,97,92,90,0,62,0,0,0,20,68,62,0,33,68,57,49,25,32,44,88,96,75
l26,8=0,0,0,0,0,0,1,17,30,0,0,39,21,32,24,0,55,0,66,86,57,90,80,97,90,86,73,0,0,0,0,0,64,29,0,58,80,28,84,20,0,13,67,61,77
l27,8=0,15,19,85,0,34,17,0,0,2,21,21,29,0,95,0,21,92,98,99,81,0,0,0,18,16,0,0,0,0,0,100,0,100,0,70,9,21,75,100,100,98,1,37,10
l28,8=0,0,0,79,18,49,37,0,15,49,59,18,45,47,91,0,65,98,95,60,31,0,0,0,12,9,25,0,0,0,100,0,54,99,0,47,36,25,75,67,100,91,24,60,0
l29,8=0,0,0,0,0,0,0,0,0,0,0,0,0,0,0,0,0,0,0,53,0,80,0,89,82,66,86,85,0,0,0,81,0,100,0,97,94,97,99,100,95,94,58,0,0
l30,8=0,0,0,0,0,0,0,0,0,0,0,0,0,0,0,0,11,0,0,0,39,78,13,98,91,30,95,54,0,0,97,80,94,0,0,97,94,100,98,100,100,98,6,15,0
l31,8=0,0,0,0,0,0,0,0,0,0,0,0,0,0,0,0,0,0,0,6,0,61,0,88,82,22,52,88,0,0,77,44,94,100,0,0,94,100,99,93,100,98,0,35,0
l32,8=0,0,0,0,0,0,0,0,0,0,0,0,0,0,0,0,0,35,0,0,0,0,65,75,59,55,85,88,0,0,55,48,94,100,0,97,0,100,99,85,87,89,48,0,0
l33,8=0,0,0,0,0,0,0,0,0,0,0,0,0,0,0,0,0,19,0,0,0,0,0,78,55,49,65,55,0,0,53,25,94,100,0,97,94,0,73,100,96,64,0,0,0
l34,8=0,0,0,0,0,0,0,0,0,0,0,0,0,0,0,0,46,42,0,60,68,83,47,95,83,52,54,91,0,0,88,83,94,100,0,97,94,96,0,100,100,98,47,48,1
l35,8=0,0,0,0,0,0,0,0,0,0,0,0,0,0,20,0,41,61,22,58,73,29,0,64,48,45,44,53,0,0,87,87,94,100,0,63,67,100,99,0,100,98,0,0,1
l36,8=0,0,0,0,0,0,0,0,0,0,0,0,0,11,1,0,34,66,26,58,79,11,0,44,85,83,25,0,0,0,89,92,55,100,0,70,69,94,99,100,0,98,6,0,0
l37,8=0,0,0,0,0,0,0,0,0,0,0,0,0,0,27,0,0,48,26,58,36,47,0,66,24,0,33,9,0,0,99,77,56,100,0,68,67,44,99,100,100,0,7,0,0
l38,8=0,0,0,0,0,0,0,0,0,0,0,0,39,0,40,0,0,48,17,49,38,49,32,63,74,49,79,50,0,0,0,10,43,0,0,0,10,0,15,0,11,0,0,95,82
l39,8=0,0,0,0,0,0,0,0,1,18,31,6,0,0,44,0,27,27,57,76,66,44,40,87,91,78,94,53,0,0,17,22,0,6,0,9,0,0,11,0,0,0,91,0,84
l40,8=0,0,0,0,0,0,0,0,0,0,0,9,0,0,25,0,22,49,24,48,52,52,26,72,87,39,82,73,0,0,0,0,0,0,0,0,0,0,0,0,0,0,90,92,0
l41,8=0,0,0,0,0,0,0,17,40,10,0,61,66,34,66,0,66,18,80,72,72,48,36,78,90,89,94,42,0,0,18,61,21,0,0,0,0,0,5,0,0,15,90,95,81
l42,8=0,0,0,0,0,0,0,0,0,0,0,0,0,0,56,0,4,5,49,53,34,66,50,75,80,86,90,69,0,0,0,0,29,29,0,0,0,0,0,0,0,4,89,97,70
l43,8=0,0,0,0,0,0,0,0,0,0,0,0,0,0,22,0,0,0,13,55,37,55,14,75,70,57,84,56,0,0,0,0,26,3,0,0,0,0,0,0,0,0,82,76,73
l44,8=0,0,0,0,0,0,0,0,0,0,0,0,1,0,38,0,14,2,42,54,18,43,17,68,89,48,77,36,0,0,0,0,0,26,0,1,0,0,0,0,0,0,90,91,66

l0,9=0,99,99,98,100,96,100,81,95,96,97,100,96,96,67,0,93,32,0,0,0,0,0,0,30,0,0,0,0,0,72,29,0,0,0,0,0,0,0,0,0,0,0,0,0
l1,9=97,0,99,98,100,96,100,90,100,100,97,45,63,36,88,0,0,58,0,46,0,0,0,0,0,86,0,0,0,0,95,10,0,0,0,0,0,0,0,0,33,0,0,0,0
l2,9=97,99,0,98,100,96,100,100,100,100,100,100,98,99,99,0,91,0,53,44,0,0,0,0,18,0,0,0,0,0,95,0,0,0,0,0,0,0,0,0,0,0,0,0,0
l3,9=97,99,99,0,100,96,100,98,71,96,97,0,98,65,61,0,48,0,46,38,0,0,0,0,0,0,0,0,0,0,87,28,0,0,0,0,0,0,0,0,0,0,0,0,0
l4,9=97,99,99,98,0,96,100,68,100,97,98,100,85,99,82,0,96,53,6,46,0,0,0,0,0,0,0,0,0,0,87,28,0,0,0,0,0,0,0,0,0,0,0,0,0
l5,9=97,99,99,98,100,0,100,97,100,100,98,100,98,99,93,0,93,58,46,17,38,0,0,0,0,38,0,0,0,0,93,32,0,0,0,0,0,0,0,0,53,0,0,0,0
l6,9=97,99,99,98,100,96,0,98,100,100,100,100,98,99,98,0,91,92,52,0,56,16,0,0,0,0,0,0,0,0,51,45,0,0,0,0,0,0,0,0,0,0,0,0,0
l7,9=97,99,99,98,99,96,100,0,100,100,100,100,98,99,100,0,100,58,3,99,80,100,2,0,97,96,89,91,0,0,0,0,0,0,0,0,0,0,0,0,0,0,0,10,0
l8,9=97,99,99,98,100,96,100,98,0,100,100,100,98,99,100,0,100,61,61,99,97,83,0,92,94,95,92,97,0,0,0,0,0,0,0,0,0,0,0,0,0,0,0,27,0
l9,9=97,99,99,96,99,95,100,96,100,0,100,100,98,99,100,0,100,55,74,99,99,50,0,66,86,86,88,88,0,0,6,29,0,0,0,0,0,0,0,0,0,0,0,0,0
l10,9=92,70,32,35,99,93,60,62,77,100,0,100,98,79,100,0,100,56,62,59,62,49,83,94,86,85,97,0,0,0,93,31,0,0,0,0,0,0,0,0,16,6,49,53,51
l11,9=97,77,99,0,99,95,100,100,100,100,100,0,98,99,100,0,100,58,99,99,49,0,0,89,91,6,85,94,0,0,77,0,0,0,0,0,0,0,0,0,0,0,0,48,23
l12,9=94,71,61,36,98,95,39,87,72,100,100,100,0,99,100,0,100,61,61,59,56,48,88,0,65,82,92,81,0,0,81,16,0,0,0,0,0,0,0,0,0,0,48,24,0
l13,9=97,67,99,97,99,95,100,95,100,100,100,100,98,0,100,0,100,58,99,87,100,49,0,92,97,91,91,77,0,0,88,30,0,0,0,0,0,0,0,0,47,0,0,43,0
l14,9=31,38,31,1,39,82,36,34,53,97,100,46,35,37,0,0,97,61,99,59,68,51,55,91,91,88,93,93,0,0,97,32,0,0,0,0,0,0,18,36,25,50,50,52,45
l15,9=92,0,31,1,97,93,36,61,53,100,100,100,98,63,100,0,0,59,99,87,63,51,81,95,96,95,91,95,0,0,81,34,0,0,0,0,0,0,90,0,53,55,50,53,0
l16,9=21,64,0,0,58,88,38,31,53,83,98,47,35,40,100,0,94,0,61,87,100,0,0,94,95,96,90,0,0,0,100,35,11,36,0,0,50,3,56,98,59,58,53,55,35
l17,9=0,0,14,3,43,67,22,0,53,96,100,63,34,41,100,0,100,61,0,87,100,52,63,92,94,97,93,92,0,0,97,31,0,0,0,0,0,0,0,74,44,0,10,54,0
l18,9=0,38,3,26,24,45,0,49,53,98,98,47,59,39,97,0,98,96,98,0,98,53,96,96,95,95,95,98,0,0,98,33,22,16,0,48,46,15,97,77,59,60,57,55,57
l19,9=0,0,0,0,0,79,28,14,28,98,98,34,34,41,100,0,73,99,99,99,0,53,0,96,95,96,95,98,0,0,94,60,0,19,0,0,0,0,32,77,59,55,22,55,56
l20,9=0,0,0,0,0,0,8,87,82,77,79,0,89,73,87,0,87,0,86,92,84,0,99,99,95,96,94,99,0,0,0,0,83,79,0,79,65,0,87,79,0,88,72,78,84
l21,9=0,0,0,0,0,0,0,13,0,0,81,0,97,8,95,0,89,0,97,98,0,100,0,96,95,96,92,98,0,0,0,0,0,63,0,6,57,0,82,7,0,0,47,94,86
l22,9=0,0,0,0,0,0,0,0,75,6,79,80,0,63,82,0,81,76,65,98,98,99,76,0,96,95,95,99,0,0,0,0,89,92,0,80,69,74,98,76,58,82,70,93,77
l23,9=0,0,0,0,0,0,0,32,34,70,74,58,24,50,95,0,98,88,96,98,98,98,90,98,0,97,97,98,0,0,73,11,58,49,0,76,33,66,89,81,43,81,92,94,90
l24,9=0,55,0,0,0,56,0,93,89,67,86,37,71,77,93,0,92,95,98,96,98,99,96,96,98,0,96,98,0,0,65,0,90,70,0,3,65,67,89,87,91,83,90,92,66
l25,9=0,0,0,0,0,0,0,24,59,71,91,54,90,49,89,0,71,39,91,92,91,93,71,98,98,97,0,90,0,0,0,0,91,90,0,83,73,71,91,0,77,0,92,94,85
l26,9=0,0,0,0,0,0,0,43,79,67,0,83,50,32,91,0,84,0,89,98,91,99,96,98,95,95,95,0,0,0,0,0,87,89,0,86,95,70,98,79,51,82,66,45,62
l27,9=34,47,13,11,25,92,1,0,0,0,46,26,31,37,100,0,40,99,61,59,45,0,0,0,48,39,0,0,0,0,0,97,0,57,0,51,64,93,30,99,53,61,0,30,6
l28,9=59,9,0,27,26,93,26,0,2,49,60,0,29,41,53,0,47,36,24,26,30,0,0,0,35,0,11,0,0,0,100,0,23,0,0,8,76,0,31,82,89,49,0,0,0
l29,9=0,0,0,0,0,0,0,0,0,0,0,0,0,0,0,0,0,30,0,50,0,93,0,99,84,86,77,99,0,0,0,83,0,100,0,100,100,100,99,99,99,100,20,24,14
l30,9=0,0,0,0,0,0,0,0,0,0,0,0,0,0,0,0,0,31,0,21,21,78,54,99,52,39,92,100,0,0,100,0,100,0,0,100,100,100,99,99,99,100,18,25,10
l31,9=0,0,0,0,0,0,0,0,0,0,0,0,0,0,0,0,0,0,0,39,0,48,8,91,71,12,67,96,0,0,87,10,100,100,0,0,100,100,99,70,99,90,0,0,0
l32,9=0,0,0,0,0,0,0,0,0,0,0,0,0,0,0,0,0,33,0,38,0,62,19,96,40,41,95,98,0,0,80,60,100,100,0,100,0,100,99,80,98,100,0,0,0
l33,9=0,0,0,0,0,0,0,0,0,0,0,0,0,0,0,0,0,0,0,0,0,0,0,84,46,32,53,90,0,0,77,0,100,100,0,100,100,0,99,83,75,96,0,0,0
l34,9=0,0,0,0,0,0,0,0,0,0,0,0,0,0,11,0,46,32,0,53,30,56,43,99,65,53,96,100,0,0,77,57,100,100,0,100,100,100,0,99,99,100,14,23,0
l35,9=0,0,0,0,0,9,0,0,0,0,0,0,0,0,47,0,0,61,24,58,43,32,0,86,50,53,0,98,0,0,80,57,100,100,0,60,74,100,99,0,99,100,0,0,0
l36,9=0,3,0,0,0,89,0,0,0,0,0,0,0,36,51,0,45,62,24,62,63,0,0,81,49,53,95,63,0,0,77,57,61,100,0,63,76,100,99,99,0,100,0,0,0
l37,9=0,0,0,0,0,0,0,0,0,0,8,0,0,0,50,0,46,34,0,53,30,21,0,85,49,52,0,98,0,0,79,22,61,63,0,60,77,100,99,99,99,0,0,0,0
l38,9=0,0,0,0,0,0,0,0,0,0,48,0,27,0,74,0,69,68,9,92,65,82,45,83,92,89,95,75,0,0,0,0,28,36,0,0,0,0,26,0,0,0,0,94,90
l39,9=0,0,0,0,0,0,0,0,0,0,75,30,5,11,83,0,69,84,86,84,89,44,67,87,95,80,95,65,0,0,61,0,22,35,0,0,0,0,7,0,0,0,92,0,90
l40,9=0,0,0,0,0,0,0,0,0,0,48,8,0,0,77,0,0,40,0,91,89,80,65,88,91,39,91,37,0,0,3,0,0,1,0,0,0,0,0,0,0,0,92,94,0
l41,9=0,0,0,0,0,0,0,18,34,0,66,47,87,34,94,0,96,91,96,98,92,68,0,86,95,95,95,78,0,0,43,47,0,17,0,0,4,0,63,2,0,39,92,94,90
l42,9=0,0,0,0,0,0,0,0,0,0,0,0,0,0,0,0,28,8,40,91,81,92,70,90,95,95,93,98,0,0,0,0,0,51,0,0,2,0,55,0,0,15,92,94,90
l43,9=0,0,0,0,0,0,0,0,0,0,0,0,0,0,76,0,0,38,63,91,71,80,67,87,92,89,91,85,0,0,0,0,25,0,0,61,0,0,0,0,0,0,78,89,84
l44,9=0,0,0,0,0,0,0,0,0,0,0,0,5,21,74,0,3,43,43,94,71,80,71,96,95,95,95,77,0,0,0,0,12,0,0,69,0,0,0,0,0,26,92,94,89

l0,10=0,99,95,99,94,93,96,0,79,92,90,69,92,92,5,0,80,60,0,0,0,0,0,0,0,0,0,0,0,0,0,79,0,0,0,0,0,0,0,0,0,0,0,0,0
l1,10=97,0,95,99,94,98,96,1,91,92,88,73,92,58,78,0,83,77,49,0,35,0,0,0,0,16,0,0,0,0,0,77,0,0,0,0,0,0,0,0,3,0,0,0,0
l2,10=97,99,0,93,90,98,96,0,94,91,90,91,95,94,78,0,92,62,49,67,73,0,0,0,57,35,28,0,0,0,0,59,0,0,0,0,0,0,0,0,0,0,0,64,0
l3,10=97,99,94,0,94,98,96,0,91,92,87,73,92,60,54,0,82,0,0,0,0,0,0,0,0,0,0,0,0,0,86,80,0,0,0,0,0,0,0,0,0,0,0,0,0
l4,10=97,99,95,99,0,98,96,0,92,92,88,82,92,91,0,0,91,83,72,0,0,0,0,0,0,0,0,0,0,0,1,80,0,0,0,0,0,0,0,0,0,0,0,0,0
l5,10=87,99,95,99,94,0,96,0,94,65,91,94,92,94,72,0,85,69,49,0,0,0,0,0,0,0,0,0,0,0,60,78,0,0,0,0,0,0,3,0,0,0,0,0,0
l6,10=97,99,95,99,90,98,0,0,94,92,91,95,28,92,63,0,92,92,48,31,0,0,0,0,43,0,19,0,0,0,52,81,0,0,0,0,0,0,0,0,0,0,0,0,0
l7,10=93,99,95,95,89,93,96,0,94,95,95,95,95,94,76,0,96,87,73,88,89,80,0,71,1,83,71,69,0,0,0,64,0,0,0,0,0,0,0,0,0,0,0,20,0
l8,10=86,94,95,91,90,94,96,0,0,91,91,94,93,92,73,0,84,62,80,84,82,75,0,57,67,37,53,66,0,0,6,0,0,0,0,0,0,0,0,0,0,0,0,44,0
l9,10=92,94,93,92,90,89,93,1,91,0,90,96,95,94,86,0,93,74,52,53,76,79,0,62,66,39,36,51,0,0,0,65,0,0,0,0,0,0,0,0,0,0,0,0,0
l10,10=87,90,57,46,72,93,93,0,91,90,0,92,95,92,87,0,93,68,87,46,89,62,4,83,66,44,52,54,0,0,72,71,0,0,0,0,0,0,0,0,15,0,0,74,8
l11,10=81,92,93,39,49,94,93,1,91,95,90,0,95,94,86,0,93,63,87,57,77,49,0,66,59,34,38,51,0,0,39,59,0,0,0,0,0,0,0,0,0,0,0,0,0
l12,10=92,93,93,57,74,93,12,0,91,91,91,94,0,92,86,0,93,81,54,43,74,62,52,51,60,45,43,40,0,0,0,0,0,0,0,0,0,0,0,0,0,0,65,0,0
l13,10=92,92,94,89,54,94,88,0,91,95,91,96,95,0,83,0,93,49,87,52,87,2,56,68,12,33,43,42,0,0,0,62,0,0,0,0,0,0,0,0,0,0,0,64,0
l14,10=1,82,25,5,1,77,32,0,45,57,91,69,53,32,0,0,96,84,88,41,95,67,40,41,70,43,34,64,0,0,79,80,0,0,0,0,0,0,0,18,0,40,77,82,2
l15,10=27,70,53,5,68,86,85,0,47,68,93,76,95,56,89,0,0,82,88,56,87,66,36,75,74,44,35,65,0,0,80,83,0,26,0,0,0,2,0,16,26,17,73,80,0
l16,10=29,81,10,0,40,74,77,1,6,44,72,52,52,1,90,0,93,0,53,64,96,42,0,49,69,29,26,0,0,0,96,90,56,0,0,0,1,0,17,0,77,20,0,76,54
l17,10=0,67,59,0,65,86,49,2,80,78,87,87,84,87,90,0,96,89,0,87,93,4,46,80,71,72,75,74,0,0,79,75,0,0,0,0,0,0,0,0,0,23,0,0,82
l18,10=0,0,18,0,0,0,12,1,47,21,40,58,12,14,68,0,95,94,87,0,94,75,72,80,84,88,35,90,0,0,73,63,0,35,0,0,0,4,33,36,43,68,81,77,60
l19,10=0,33,14,0,0,0,1,1,45,23,86,59,32,56,90,0,95,96,88,93,0,71,0,84,80,51,55,69,0,0,87,84,0,34,0,0,0,0,22,40,51,41,10,83,66
l20,10=0,0,0,0,0,0,0,0,74,76,75,69,76,9,70,0,76,74,29,88,79,0,99,90,81,88,81,91,0,0,0,0,80,81,0,85,0,0,78,76,0,56,72,77,73
l21,10=0,0,0,0,0,0,0,0,0,0,44,0,82,82,78,0,83,2,79,89,0,93,0,92,84,89,83,93,0,0,0,0,0,74,0,11,1,0,0,0,0,0,81,83,76
l22,10=0,0,0,0,0,0,0,0,50,41,80,59,60,64,59,0,78,77,75,78,79,90,79,0,84,88,85,91,0,0,0,0,84,86,0,73,87,80,84,78,43,57,76,75,75
l23,10=0,0,1,0,0,0,7,0,62,62,61,57,66,0,69,0,81,77,76,91,79,65,77,92,0,89,87,91,0,0,60,44,60,76,0,81,68,69,72,75,62,56,75,85,85
l24,10=0,26,43,0,0,0,0,0,60,60,69,58,74,66,72,0,74,71,76,91,83,86,82,90,84,0,86,79,0,0,42,51,66,58,0,71,78,70,72,51,65,68,81,79,71
l25,10=0,0,0,0,0,0,12,3,62,18,76,56,71,62,64,0,69,64,73,62,86,78,64,91,84,89,0,91,0,0,40,0,78,66,0,72,86,71,77,63,0,61,83,85,82
l26,10=0,0,0,0,0,0,0,3,74,39,55,72,64,44,77,0,83,29,76,88,83,90,89,90,84,79,85,0,0,0,0,4,84,86,0,85,87,84,86,0,55,81,74,80,78
l27,10=0,0,0,29,17,48,22,0,2,0,50,26,0,0,81,0,89,96,38,52,65,0,0,0,58,2,5,0,0,0,0,91,55,37,0,69,48,45,44,55,89,81,0,36,5
l28,10=39,41,0,26,31,65,28,2,0,11,51,25,0,9,87,0,96,96,36,39,64,0,0,0,18,5,0,1,0,0,96,0,69,39,0,0,3,0,48,42,90,59,25,0,0
l29,10=0,0,0,0,0,0,0,0,0,0,0,0,0,0,0,0,0,58,0,0,0,51,0,85,65,73,81,81,0,0,71,76,0,90,0,91,88,94,91,88,81,87,54,35,0
l30,10=0,0,0,0,0,0,0,0,0,0,0,0,0,0,0,0,68,0,0,41,34,48,43,81,77,34,38,80,0,0,71,62,88,0,0,91,88,94,91,88,89,87,54,27,44
l31,10=0,0,0,0,0,0,0,0,0,0,0,0,0,0,0,0,0,0,0,0,0,54,11,80,82,48,53,67,0,0,77,0,88,90,0,0,88,94,91,83,87,87,5,0,47
l32,10=0,0,0,0,0,0,0,0,0,0,0,0,0,0,0,0,0,1,0,0,0,0,0,81,70,75,78,75,0,0,75,0,88,90,0,91,0,94,91,85,70,79,0,0,0
l33,10=0,0,0,0,0,0,0,0,0,0,0,0,0,0,0,0,0,0,0,0,0,0,0,56,63,33,44,37,0,0,77,0,88,90,0,91,88,0,91,81,70,76,0,0,0
l34,10=0,0,0,0,0,17,0,0,0,0,0,0,2,0,0,0,0,62,0,43,45,52,0,49,73,69,70,46,0,0,77,80,87,90,0,91,88,94,0,88,90,87,54,10,0
l35,10=0,0,0,0,0,0,0,0,0,0,0,0,0,0,53,0,67,0,0,44,54,44,0,58,77,30,44,0,0,0,85,65,88,90,0,86,86,93,92,0,90,87,61,0,0
l36,10=0,0,0,0,0,0,0,0,0,0,10,0,0,0,0,0,54,76,0,42,55,0,0,25,54,49,0,15,0,0,96,90,78,90,0,87,58,58,92,92,0,87,0,0,0
l37,10=0,0,0,0,0,0,0,0,0,0,0,0,0,0,65,0,69,52,24,52,54,37,0,46,65,40,44,33,0,0,88,73,84,90,0,84,64,55,92,92,90,0,0,0,0
l38,10=0,0,0,0,0,0,0,0,0,0,0,0,66,0,74,0,72,0,0,79,0,39,60,75,70,79,80,72,0,0,0,41,50,48,0,0,0,0,13,29,0,0,0,87,88
l39,10=0,0,0,0,0,0,0,0,8,0,48,0,0,51,74,0,76,73,0,75,72,62,50,74,80,72,84,70,0,0,38,0,40,24,0,0,0,0,0,0,0,0,84,0,88
l40,10=0,0,0,0,0,0,0,0,0,0,0,0,2,0,0,0,0,62,72,78,75,64,48,74,83,68,84,75,0,0,0,0,0,22,0,0,0,0,0,0,0,0,84,85,0
l41,10=0,0,0,0,0,0,0,0,0,38,54,44,33,31,77,0,78,80,78,86,74,64,0,77,76,82,85,73,0,0,38,70,0,0,0,0,0,0,0,20,0,41,84,85,85
l42,10=0,0,0,0,0,0,0,0,0,0,0,0,0,0,69,0,65,57,54,79,76,68,27,84,83,85,80,84,0,0,0,0,0,41,0,0,0,0,61,0,0,0,83,85,80
l43,10=0,0,0,0,0,0,0,0,0,0,9,0,0,0,50,0,0,43,65,51,65,66,38,87,82,71,85,80,0,0,0,0,2,0,0,0,0,0,34,0,0,0,83,84,80
l44,10=0,0,0,0,0,0,0,0,0,0,0,37,0,0,56,0,33,54,0,85,69,74,62,90,84,88,85,81,0,0,0,0,51,0,0,56,56,0,2,0,0,0,85,85,81

l0,11=0,98,96,96,95,96,97,0,91,92,78,61,90,89,12,0,65,45,45,0,0,0,0,0,0,0,0,0,0,0,56,15,0,0,0,0,0,0,0,0,0,0,0,0,0
l1,11=97,0,94,96,95,96,97,0,93,91,54,82,90,89,23,0,42,73,52,37,0,0,0,0,0,14,0,0,0,0,78,38,0,0,0,0,0,0,0,0,0,0,0,0,0
l2,11=97,95,0,92,95,96,97,0,94,91,79,86,89,89,46,0,63,38,46,46,33,0,0,0,36,35,0,0,0,0,60,15,0,0,0,0,0,0,0,0,0,0,0,1,0
l3,11=97,98,82,0,95,96,97,0,94,63,55,52,90,43,8,0,36,68,40,0,0,0,0,0,0,0,0,0,0,0,76,57,0,0,0,0,0,0,0,0,0,0,0,0,0
l4,11=97,98,93,96,0,96,97,0,93,47,30,84,90,50,13,0,43,56,39,8,0,0,0,0,0,0,0,0,0,0,70,6,0,0,0,0,0,0,0,0,0,0,0,0,0
l5,11=97,98,95,96,95,0,95,0,93,80,87,88,90,93,0,0,53,67,33,38,0,0,0,0,11,0,0,0,0,0,81,64,0,0,0,0,0,0,16,0,0,0,0,0,0
l6,11=97,98,96,96,95,96,0,0,94,59,73,89,91,94,11,0,63,64,61,39,24,0,0,0,0,11,0,0,0,0,61,0,0,0,0,0,0,0,0,0,0,0,0,0,0
l7,11=94,98,96,95,94,94,97,0,94,97,87,89,92,94,80,0,81,67,0,77,37,73,0,53,14,49,56,69,0,0,0,0,0,0,0,0,0,0,0,0,0,0,0,0,0
l8,11=86,94,92,93,94,91,93,0,0,92,87,87,90,89,50,0,77,55,85,47,32,35,0,47,44,34,50,72,0,0,26,0,0,0,0,0,0,0,0,0,0,0,0,13,0
l9,11=94,94,92,76,93,75,92,0,92,0,87,90,91,93,78,0,80,1,42,22,35,37,0,42,46,46,57,64,0,0,55,0,0,0,0,0,0,0,0,0,0,0,0,0,0
l10,11=50,52,51,42,25,56,93,2,79,58,0,86,92,79,52,0,82,53,86,45,46,5,32,46,38,50,54,66,0,0,76,31,0,0,0,0,0,0,0,0,0,0,41,28,0
l11,11=89,59,68,37,59,91,93,0,93,92,87,0,90,90,79,0,80,43,85,49,37,0,0,40,9,40,56,9,0,0,0,20,0,0,0,0,0,0,0,0,0,0,0,0,0
l12,11=91,63,49,45,39,91,92,0,92,91,88,88,0,89,79,0,80,57,84,28,41,7,16,34,43,61,53,42,0,0,0,46,0,0,0,0,0,0,0,0,0,0,26,1,0
l13,11=94,94,92,36,87,91,93,0,92,93,87,90,92,0,78,0,80,52,85,38,64,61,23,69,24,42,55,36,0,0,26,47,0,0,0,0,0,0,0,0,5,0,0,25,0
l14,11=1,25,12,0,0,1,15,0,25,27,58,84,89,24,0,0,82,82,88,50,83,28,2,35,43,29,71,74,0,0,42,65,0,0,0,0,0,0,0,39,29,3,60,45,19
l15,11=20,25,41,24,25,24,76,0,28,91,90,87,90,89,82,0,0,67,88,78,82,41,20,45,46,55,71,48,0,0,77,67,0,0,0,0,0,1,1,24,9,0,33,44,0
l16,11=2,38,0,40,5,18,51,0,23,0,38,55,75,22,50,0,40,0,65,48,50,8,0,40,41,0,61,42,0,0,93,75,1,23,0,0,0,5,18,52,74,77,18,42,40
l17,11=14,24,6,11,4,8,65,0,27,14,87,78,80,44,85,0,82,80,0,78,82,37,8,48,45,54,67,67,0,0,76,62,0,0,0,0,0,0,0,0,0,25,33,44,41
l18,11=0,15,16,0,0,15,33,0,23,1,47,65,35,17,76,0,74,69,88,0,85,53,33,39,81,80,56,79,0,0,67,57,21,19,0,16,5,0,34,41,60,65,58,61,14
l19,11=0,0,8,0,0,0,33,0,19,7,53,62,73,19,85,0,81,85,88,80,0,35,0,37,81,79,73,66,0,0,65,56,0,0,0,0,0,0,27,40,53,17,46,41,36
l20,11=0,0,0,0,0,0,0,0,73,65,6,39,64,72,69,0,69,55,73,71,75,0,90,88,75,80,75,87,0,0,0,0,77,72,0,75,0,0,78,53,0,0,67,74,69
l21,11=0,0,0,0,0,0,0,0,0,0,72,32,78,63,62,0,70,0,69,75,0,87,0,91,81,82,81,88,0,0,0,0,0,77,0,41,0,0,55,0,55,0,74,62,75
l22,11=0,0,0,0,0,0,0,2,70,28,73,57,68,76,65,0,71,56,77,72,38,85,80,0,81,82,80,88,0,0,0,50,81,81,0,68,81,73,80,55,54,64,73,77,60
l23,11=0,0,18,0,0,1,0,0,39,38,46,13,70,12,42,0,69,58,77,76,79,66,70,91,0,82,85,81,0,0,61,0,72,44,0,64,37,0,72,68,54,0,68,79,82
l24,11=0,8,16,0,0,0,31,1,19,32,68,57,82,55,66,0,68,0,73,75,76,83,73,88,81,0,85,74,0,0,51,47,70,40,0,46,59,62,66,0,0,5,68,75,73
l25,11=0,0,0,0,0,0,0,2,22,15,37,52,59,26,73,0,65,47,70,38,77,76,66,87,81,82,0,82,0,0,1,43,75,18,0,23,74,34,55,56,42,56,74,80,82
l26,11=0,0,0,0,0,0,0,0,66,36,68,46,61,13,74,0,55,46,71,74,75,85,82,89,79,74,77,0,0,0,0,0,81,72,0,81,74,71,82,0,44,66,71,67,79
l27,11=1,13,8,33,1,19,35,0,14,4,33,0,0,10,5,0,25,84,60,41,40,0,0,0,26,9,13,0,0,0,0,75,24,18,0,22,29,36,46,74,88,50,0,14,15
l28,11=0,4,1,15,0,16,0,0,0,0,16,18,34,18,17,0,21,68,46,36,39,0,0,22,8,10,53,0,0,0,93,0,25,18,0,18,29,0,48,47,71,20,33,11,0
l29,11=0,0,0,0,0,0,0,0,0,0,0,0,0,0,0,0,0,15,0,34,0,58,0,73,69,50,70,75,0,0,38,59,0,87,0,90,85,91,89,84,82,81,0,37,0
l30,11=0,0,0,0,0,0,0,0,0,0,0,0,0,0,0,0,0,36,0,52,0,59,36,75,60,31,55,67,0,0,53,55,86,0,0,90,85,91,89,65,82,81,0,0,0
l31,11=0,0,0,0,0,0,0,0,0,0,0,0,0,0,0,0,0,0,0,38,0,45,24,48,71,55,31,54,0,0,54,55,87,87,0,0,86,91,89,79,42,76,0,13,0
l32,11=0,0,0,0,0,0,0,0,0,0,0,0,0,0,0,0,0,0,0,12,0,0,0,73,57,61,71,53,0,0,37,58,86,87,0,90,0,91,89,84,80,81,38,0,0
l33,11=0,0,0,0,0,0,0,0,0,0,0,0,0,0,0,0,0,2,0,0,0,0,0,36,0,14,30,16,0,0,28,0,87,87,0,90,86,0,86,67,46,70,0,0,0
l34,11=0,0,0,0,0,8,0,0,0,0,0,0,0,0,0,0,0,22,0,38,22,17,2,49,59,16,33,54,0,0,61,67,86,87,0,85,85,87,0,84,86,87,44,0,0
l35,11=0,0,0,0,0,0,0,0,0,0,0,0,0,0,12,0,16,23,0,38,40,11,0,29,35,0,69,0,0,0,78,64,86,53,0,50,65,87,89,0,88,88,12,0,0
l36,11=0,0,0,0,0,0,0,0,0,0,0,0,0,7,12,0,6,30,8,65,46,0,0,31,31,0,63,26,0,0,93,67,32,88,0,38,49,49,89,88,0,88,0,3,0
l37,11=0,0,0,0,0,0,0,0,0,0,0,0,0,0,11,0,1,74,43,56,34,0,0,32,5,3,69,36,0,0,77,65,81,86,0,51,77,84,88,88,88,0,0,13,0
l38,11=0,0,0,0,0,0,0,0,0,0,23,0,52,0,69,0,24,19,33,71,22,62,59,77,70,68,71,70,0,0,0,9,0,0,0,0,1,0,30,0,0,0,0,83,76
l39,11=0,0,0,0,0,0,0,0,0,0,16,0,9,17,67,0,67,62,70,71,70,70,0,76,77,66,78,59,0,0,38,17,50,0,0,0,0,0,0,0,0,0,79,0,86
l40,11=0,0,0,0,0,0,0,0,0,0,0,0,0,0,9,0,0,58,63,15,51,28,7,29,79,62,79,81,0,0,16,0,0,0,0,0,0,0,0,0,0,0,78,83,0
l41,11=0,0,0,0,0,0,0,0,13,15,32,58,0,18,35,0,54,59,78,76,72,62,0,82,77,76,79,75,0,0,0,54,8,6,0,0,0,0,0,0,0,49,79,83,80
l42,11=0,0,0,0,0,0,0,0,0,0,0,0,0,0,65,0,62,31,55,72,75,69,62,82,80,76,77,81,0,0,0,0,62,0,0,57,0,0,58,29,0,0,73,83,82
l43,11=0,0,0,0,0,0,0,0,0,0,0,0,0,0,0,0,1,40,30,66,66,61,0,87,77,63,82,81,0,0,0,0,48,60,0,0,5,0,20,0,0,0,78,82,79
l44,11=0,0,0,0,0,0,0,0,0,0,18,31,32,0,67,0,33,0,37,72,0,75,33,87,80,80,79,63,0,0,0,0,61,0,0,0,38,0,0,0,0,0,79,79,79

l0,12=0,97,95,96,96,96,98,12,94,99,87,97,92,83,72,0,86,0,6,35,0,0,0,0,0,0,0,0,0,0,8,3,0,0,0,0,0,0,0,0,0,0,0,0,0
l1,12=99,0,92,96,96,96,98,0,93,94,50,94,90,67,46,0,46,0,23,56,0,0,0,0,0,38,0,0,0,0,41,49,0,0,0,0,0,0,0,0,0,0,0,0,0
l2,12=99,95,0,91,96,96,95,0,94,94,67,94,89,93,35,0,54,52,81,61,43,20,0,18,24,46,31,0,0,0,26,65,0,0,0,0,0,0,0,0,0,0,0,0,0
l3,12=99,97,92,0,96,96,98,1,91,94,60,89,90,95,39,0,0,47,0,46,0,0,0,0,0,0,0,0,0,0,66,25,0,0,0,0,0,0,0,0,38,0,0,0,0
l4,12=99,97,94,96,0,96,98,9,93,94,44,93,82,93,0,0,48,60,0,5,0,0,0,0,0,0,0,0,0,0,1,63,0,0,0,0,0,0,0,0,0,0,0,0,0
l5,12=99,97,95,96,96,0,98,0,94,94,88,94,89,93,39,0,0,0,73,58,0,0,0,0,24,0,0,0,0,0,42,67,0,0,0,0,0,0,0,0,0,0,0,0,0
l6,12=99,97,93,96,96,96,0,2,94,97,89,97,92,96,38,0,45,77,83,63,23,0,0,0,59,0,0,0,0,0,41,0,0,0,0,0,0,0,0,0,0,0,0,0,0
l7,12=92,81,95,91,93,93,98,0,94,99,64,97,92,96,79,0,87,75,77,80,0,46,0,80,73,75,45,39,0,0,0,0,0,0,0,0,0,0,0,0,0,0,0,0,0
l8,12=91,94,92,90,93,91,96,2,0,94,87,94,89,92,78,0,86,74,83,56,29,13,21,76,48,57,48,45,0,0,0,0,0,0,0,0,0,0,0,0,0,0,0,30,0
l9,12=91,94,91,82,93,91,94,1,91,0,87,97,92,96,50,0,87,73,76,52,37,46,0,77,76,77,58,46,0,0,41,32,0,0,0,0,0,0,0,0,0,0,0,6,0
l10,12=80,80,75,60,36,55,89,10,85,67,0,95,92,96,47,0,89,77,85,63,50,16,43,79,67,72,30,35,0,0,41,54,0,0,0,0,0,0,0,0,0,0,42,45,6
l11,12=91,92,92,78,92,90,92,5,90,95,87,0,90,96,78,0,59,69,83,62,51,7,0,28,48,65,58,41,0,0,29,50,0,0,0,0,0,0,0,0,0,0,0,38,17
l12,12=91,92,92,76,41,90,92,1,89,94,88,94,0,93,78,0,88,67,83,81,73,0,40,63,78,79,29,25,0,0,31,33,0,0,0,0,0,0,0,0,0,0,0,20,0
l13,12=68,94,86,91,93,91,94,1,90,99,89,97,92,0,78,0,88,12,83,57,33,0,58,66,57,64,53,37,0,0,13,41,0,0,0,0,0,0,0,0,0,0,0,60,0
l14,12=62,72,18,26,0,13,28,2,84,52,54,84,89,64,0,0,88,82,87,63,84,23,0,47,75,76,63,45,0,0,47,73,0,0,0,0,0,0,1,0,8,26,79,79,44
l15,12=79,54,76,0,48,0,30,4,83,59,89,81,90,76,82,0,0,80,87,63,52,40,49,0,76,77,59,45,0,0,47,69,0,1,0,0,0,2,0,0,0,3,42,75,21
l16,12=0,0,14,6,21,0,32,7,63,10,28,34,54,2,50,0,46,0,87,64,53,10,0,49,31,34,17,25,0,0,52,79,0,21,0,0,0,0,0,14,49,57,25,72,49
l17,12=1,0,52,0,0,37,58,10,77,37,85,87,87,72,82,0,89,81,0,82,82,39,49,77,77,75,56,44,0,0,43,70,0,0,0,0,0,0,32,15,18,16,62,78,49
l18,12=28,54,62,29,22,36,60,3,69,36,45,65,77,53,74,0,80,74,87,0,84,76,76,78,82,80,60,47,0,0,43,64,60,58,0,48,0,0,60,44,41,43,62,78,70
l19,12=0,0,62,0,0,10,28,0,58,35,69,65,77,46,82,0,88,83,87,84,0,37,0,85,84,85,78,38,0,0,52,57,0,0,0,0,0,0,54,41,34,39,62,67,62
l20,12=0,0,18,0,0,0,0,3,55,76,57,57,64,0,62,0,68,60,68,81,69,0,93,91,82,84,71,83,0,0,0,0,68,77,0,68,60,61,75,47,44,26,71,73,68
l21,12=0,0,0,0,0,0,0,0,62,0,69,0,77,76,0,0,68,0,68,81,0,85,0,91,83,81,80,83,0,0,0,0,25,70,0,0,0,0,74,0,0,0,78,0,65
l22,12=0,0,0,0,0,0,0,7,75,58,74,45,71,54,43,0,0,73,75,77,73,85,85,0,84,81,80,83,0,0,0,0,82,83,0,79,84,66,84,73,28,70,78,80,64
l23,12=0,0,0,0,0,8,37,13,47,47,39,42,75,35,65,0,75,50,74,80,79,80,78,92,0,85,81,80,0,0,21,0,71,64,0,71,0,0,71,0,34,52,76,82,75
l24,12=0,29,8,0,0,0,0,10,58,61,61,54,81,47,65,0,71,57,75,80,78,83,69,92,84,0,81,74,0,0,34,47,63,62,0,61,58,50,57,40,54,33,79,76,81
l25,12=0,0,2,0,0,0,0,4,55,36,32,57,55,59,69,0,66,56,63,76,72,64,70,91,84,85,0,82,0,0,21,46,69,66,0,41,62,0,54,38,0,52,79,82,78
l26,12=0,0,0,0,0,0,0,24,67,71,60,63,66,65,62,0,67,63,66,77,63,85,86,92,78,80,77,0,0,0,0,0,82,68,0,81,69,64,84,59,51,57,71,69,79
l27,12=12,35,17,38,24,33,33,0,0,17,23,36,44,18,42,0,43,83,40,44,37,0,0,0,23,28,5,0,0,0,0,81,43,65,0,52,48,75,74,54,74,58,0,27,31
l28,12=1,8,33,2,21,31,0,0,0,4,9,32,35,19,43,0,39,83,42,45,38,0,0,0,0,21,13,0,0,0,85,0,39,0,0,43,58,0,88,47,52,58,9,7,9
l29,12=0,0,0,0,0,0,0,0,0,0,0,0,0,0,0,0,0,0,0,67,0,65,1,76,71,69,65,78,0,0,51,43,0,88,0,88,89,90,89,75,77,82,31,40,0
l30,12=0,0,0,0,31,0,0,0,0,0,0,0,0,0,0,0,4,51,0,66,0,74,63,78,72,69,69,72,0,0,64,0,89,0,0,88,88,89,89,75,81,85,35,38,43
l31,12=0,0,0,0,0,0,0,0,0,0,0,0,0,0,0,0,0,0,0,49,0,66,0,69,70,63,29,77,0,0,70,47,89,88,0,0,89,91,84,71,76,83,0,16,0
l32,12=0,0,0,0,0,0,0,0,0,0,0,0,0,0,0,0,0,0,0,0,0,36,0,81,8,61,65,56,0,0,45,51,88,84,0,88,0,91,89,72,76,82,0,0,0
l33,12=0,0,0,0,0,0,0,0,0,0,0,0,0,0,0,0,0,0,0,0,0,2,0,68,0,4,0,42,0,0,55,0,89,87,0,88,89,0,89,75,75,79,0,0,0
l34,12=0,0,0,0,0,0,0,0,0,0,0,0,0,0,0,0,0,0,34,42,38,74,69,78,72,66,45,74,0,0,77,73,89,88,0,86,89,90,0,76,84,88,8,35,41
l35,12=0,0,0,0,0,0,0,0,0,0,0,0,0,0,0,0,0,69,30,43,41,36,0,52,30,66,32,39,0,0,80,73,89,88,0,84,85,86,90,0,84,89,11,0,0
l36,12=0,0,0,28,0,0,0,0,0,0,0,0,15,0,37,0,0,77,36,45,44,25,0,37,59,67,0,38,0,0,83,75,85,88,0,57,71,84,90,81,0,89,0,0,0
l37,12=0,0,0,0,0,0,0,0,0,0,1,0,0,0,37,0,20,74,38,46,42,22,0,48,60,61,29,43,0,0,74,73,89,88,0,83,83,84,90,81,84,0,8,0,0
l38,12=0,0,0,0,0,0,0,0,0,0,20,0,0,0,66,0,35,49,58,57,37,73,58,70,74,80,75,66,0,0,0,1,6,44,0,0,0,0,0,0,0,0,0,83,88
l39,12=0,0,0,0,0,0,0,0,0,0,22,37,42,42,68,0,40,70,67,77,47,69,0,85,81,72,79,38,0,0,33,21,54,22,0,0,0,0,22,0,0,0,84,0,88
l40,12=0,0,0,0,0,0,0,0,0,0,0,4,0,0,49,0,3,60,61,77,62,64,8,69,74,81,75,72,0,0,2,0,0,1,0,0,0,0,1,0,0,0,83,82,0
l41,12=0,0,0,0,0,0,3,0,45,33,33,42,0,39,5,0,65,67,69,82,73,52,58,81,79,79,75,69,0,0,0,0,0,43,0,0,0,0,23,0,0,36,84,83,79
l42,12=0,0,0,0,0,0,0,0,0,0,0,0,34,0,56,0,61,0,0,78,72,71,58,90,79,79,76,78,0,0,0,0,61,52,0,0,0,0,62,7,0,0,83,83,87
l43,12=0,0,0,0,0,0,0,0,0,0,0,0,55,0,2,0,44,0,52,67,35,55,46,88,81,68,79,78,0,0,0,0,0,52,0,1,41,0,0,0,0,0,82,82,84
l44,12=0,0,0,0,0,0,0,0,0,0,33,0,0,0,52,0,60,45,14,78,66,77,29,84,81,83,75,72,0,0,0,0,55,0,0,0,0,0,29,0,0,0,83,82,82

l0,13=0,99,100,100,100,98,97,96,94,96,91,95,96,96,65,0,32,2,60,41,0,0,0,0,0,0,0,0,0,0,0,9,0,0,0,0,0,0,0,0,0,0,0,0,0
l1,13=99,0,100,100,100,98,94,94,94,31,28,89,96,93,46,0,0,35,0,79,0,0,0,0,0,21,0,0,0,0,85,84,0,0,0,0,0,0,0,0,0,0,0,0,0
l2,13=99,99,0,100,100,98,97,89,96,96,59,95,96,96,47,0,30,35,0,90,27,0,0,35,17,20,48,0,0,0,68,83,0,0,0,0,0,0,0,0,0,0,0,0,0
l3,13=99,99,100,0,100,98,97,90,96,92,55,65,96,96,61,0,50,56,0,72,0,0,0,0,0,0,0,0,0,0,0,90,0,0,0,0,0,0,0,0,70,0,0,0,0
l4,13=99,99,100,100,0,98,97,95,96,96,74,95,91,96,0,0,0,0,0,0,0,0,0,0,0,0,0,0,0,0,90,75,0,0,0,0,0,0,0,0,0,0,0,0,0
l5,13=99,99,100,100,100,0,97,89,96,81,90,67,95,96,46,0,32,43,88,82,0,0,0,0,0,0,0,0,0,0,81,82,0,0,0,0,0,0,0,59,72,0,0,0,0
l6,13=99,97,100,100,100,98,0,97,96,92,91,94,96,96,89,0,93,57,91,91,15,0,0,0,43,0,0,0,0,0,89,0,0,0,0,0,0,0,0,0,0,0,0,0,0
l7,13=99,99,98,100,99,97,97,0,96,96,90,95,96,96,91,0,95,0,91,92,1,19,19,86,87,85,85,0,0,0,11,80,0,0,0,0,0,0,0,0,0,0,0,81,0
l8,13=88,92,100,94,100,98,97,98,0,96,90,95,96,93,90,0,93,30,91,80,3,18,44,54,0,42,56,63,0,0,0,0,0,0,0,0,0,0,0,0,0,0,65,67,0
l9,13=94,37,96,91,95,95,92,85,95,0,90,95,96,96,90,0,93,35,91,87,29,29,2,53,54,49,53,66,0,0,83,23,0,0,0,0,0,0,0,0,0,0,0,73,0
l10,13=94,50,58,55,55,63,59,88,94,95,0,95,96,96,49,0,96,33,91,90,31,0,0,54,50,50,52,62,0,0,86,24,0,0,0,0,0,0,0,0,13,0,5,82,0
l11,13=96,92,96,56,93,94,91,93,96,96,90,0,96,96,90,0,60,27,91,88,29,29,0,51,50,0,55,66,0,0,86,89,0,0,0,0,0,0,0,0,0,0,0,80,0
l12,13=93,92,96,58,55,93,92,94,94,92,91,95,0,96,90,0,94,0,91,90,55,4,16,48,87,76,48,60,0,0,85,0,0,0,0,0,0,0,0,0,0,0,0,0,0
l13,13=94,92,96,93,93,95,94,94,94,96,90,95,96,0,90,0,95,32,91,87,23,15,46,53,52,50,52,52,0,0,0,72,0,0,0,0,0,0,0,0,10,0,50,86,0
l14,13=33,52,42,42,0,36,33,84,94,36,31,46,94,93,0,0,96,35,94,94,96,9,4,0,50,50,52,63,0,0,86,89,0,0,0,0,0,0,0,0,47,49,61,89,45
l15,13=84,0,40,79,0,52,55,89,94,92,91,93,96,93,93,0,0,60,94,93,93,46,54,51,53,87,47,83,0,0,89,88,0,0,0,0,0,0,0,0,68,63,70,0,74
l16,13=0,49,49,34,0,28,14,0,82,16,27,11,20,80,50,0,34,0,94,96,33,0,0,39,49,42,0,56,0,0,97,98,0,75,0,0,0,18,73,51,96,97,15,86,43
l17,13=9,0,0,0,0,51,35,85,94,39,29,46,95,92,93,0,96,64,0,97,97,26,28,56,54,51,52,63,0,0,88,91,0,0,0,0,0,0,0,72,75,61,79,87,79
l18,13=15,30,43,26,10,43,35,76,83,32,30,38,91,77,91,0,75,99,94,0,96,55,25,51,50,50,55,66,0,0,80,77,50,65,0,20,0,0,67,79,80,84,68,88,51
l19,13=0,0,34,0,0,0,23,39,56,30,31,35,92,65,93,0,96,100,94,97,0,25,42,67,93,94,54,55,0,0,92,79,0,0,0,0,0,0,57,68,87,80,78,87,79
l20,13=0,0,0,0,0,0,0,61,66,78,0,75,73,57,73,0,78,12,79,94,75,0,98,96,90,94,78,92,0,0,0,0,0,85,0,37,22,41,82,0,57,71,79,78,68
l21,13=0,0,0,0,0,0,0,68,82,29,0,0,87,89,71,0,89,0,88,91,81,94,0,95,91,85,88,90,0,0,0,0,83,76,0,2,0,0,85,0,0,0,82,27,87
l22,13=0,0,0,0,0,0,0,73,75,30,68,29,73,73,0,0,25,39,80,84,81,92,83,0,88,92,89,92,0,0,0,0,79,85,0,45,86,34,82,81,0,66,80,88,81
l23,13=0,0,0,0,0,0,9,66,0,34,20,23,84,59,74,0,84,55,87,90,96,92,94,96,0,94,91,84,0,0,0,56,74,80,0,45,0,28,90,57,56,82,88,93,89
l24,13=0,2,1,0,0,0,0,71,65,32,48,0,89,75,91,0,88,52,89,95,96,92,57,96,93,0,91,89,0,0,69,58,72,81,0,25,32,6,75,66,66,69,78,92,92
l25,13=0,0,11,0,0,0,0,65,70,25,36,45,65,64,88,0,19,0,70,95,82,40,81,96,93,93,0,75,0,0,56,0,87,85,0,25,28,32,65,57,0,58,88,93,91
l26,13=0,0,0,0,0,0,0,18,76,75,68,73,77,64,65,0,83,80,78,93,71,93,95,96,89,90,79,0,0,0,59,39,88,85,0,90,84,1,91,88,61,68,84,90,89
l27,13=0,26,7,0,20,30,28,31,0,28,27,34,81,0,49,0,32,100,55,87,20,0,0,0,0,39,39,32,0,0,0,98,81,72,0,32,19,40,87,88,96,76,0,0,0
l28,13=2,43,22,39,19,27,0,46,0,1,5,37,20,63,50,0,33,64,62,85,19,0,0,0,44,34,0,19,0,0,97,0,57,79,0,31,27,39,92,55,92,91,52,69,16
l29,13=0,0,0,0,0,0,0,0,0,0,0,0,0,0,0,0,0,0,0,57,0,0,6,81,79,68,75,77,0,0,79,31,0,94,0,91,90,90,94,88,87,78,0,69,0
l30,13=0,0,0,0,0,0,0,0,0,0,0,0,0,0,0,0,0,72,4,64,0,37,3,80,74,74,72,66,0,0,51,50,90,0,0,91,90,90,94,93,89,91,29,59,33
l31,13=0,0,0,0,0,0,0,0,0,0,0,0,0,0,0,0,0,0,0,61,0,26,0,67,72,25,45,71,0,0,58,48,90,94,0,0,93,90,94,80,82,88,0,0,0
l32,13=0,0,0,0,0,0,0,0,0,0,0,0,0,0,0,0,0,14,0,0,0,6,0,53,0,53,73,57,0,0,37,34,90,91,0,91,0,90,94,93,67,90,0,2,0
l33,13=0,0,0,0,0,0,0,0,0,0,0,0,0,0,0,0,0,66,0,0,0,28,0,46,46,0,73,0,0,0,39,31,90,85,0,91,93,0,94,88,79,37,0,0,0
l34,13=0,0,0,0,0,0,0,0,0,0,0,0,0,0,0,0,0,47,1,68,13,32,5,86,84,69,43,84,0,0,78,89,90,94,0,91,92,90,0,93,96,97,13,66,38
l35,13=0,0,0,0,0,26,0,0,0,0,0,0,0,0,0,0,0,28,43,83,14,0,0,82,43,40,41,77,0,0,90,83,90,94,0,83,91,90,94,0,96,97,3,67,0
l36,13=0,0,0,30,1,27,0,0,0,0,0,0,0,12,38,0,20,61,48,87,19,7,0,0,48,41,0,43,0,0,97,93,90,94,0,54,31,61,94,93,0,97,0,2,0
l37,13=0,0,0,0,0,0,0,0,0,0,0,0,0,0,69,0,20,98,43,86,45,23,0,67,81,70,54,49,0,0,88,90,84,94,0,91,93,72,94,93,96,0,0,2,0
l38,13=0,0,0,0,0,0,0,0,34,0,0,0,0,0,60,0,19,17,70,83,28,75,39,84,91,75,88,76,0,0,0,54,0,61,0,0,0,0,0,0,0,0,0,95,92
l39,13=0,0,0,0,0,0,0,44,11,8,20,24,0,78,83,0,0,87,81,89,38,21,0,85,91,87,88,79,0,0,0,52,57,0,0,0,0,0,45,54,0,0,89,0,92
l40,13=0,0,0,0,0,0,0,0,0,0,0,0,0,0,69,0,47,79,74,75,79,60,74,83,83,87,88,82,0,0,0,1,0,12,0,0,0,0,61,0,0,0,88,93,0
l41,13=0,0,0,0,0,0,0,0,0,0,44,0,73,59,39,0,49,92,87,93,93,23,38,83,91,88,81,76,0,0,58,0,32,0,0,0,0,0,24,0,56,64,88,93,89
l42,13=0,0,0,0,0,0,0,0,0,0,0,0,0,0,74,0,45,35,0,93,83,83,64,95,91,89,88,77,0,0,0,0,62,68,0,0,1,0,49,0,0,0,88,93,90
l43,13=0,0,0,0,0,0,0,0,0,0,0,0,56,0,64,0,67,17,57,77,0,73,73,90,85,81,85,81,0,0,0,0,48,66,0,41,13,0,53,0,0,0,88,93,89
l44,13=0,0,0,0,0,0,0,0,0,0,6,0,7,0,68,0,29,13,44,67,79,85,30,89,91,90,82,84,0,0,0,0,0,0,0,0,0,0,27,23,0,36,88,93,91

l0,14=0,100,100,100,100,100,100,100,100,100,100,100,99,100,95,0,46,40,93,0,0,0,0,0,0,0,0,0,0,0,100,0,0,0,0,0,0,0,0,0,0,0,0,0,0
l1,14=100,0,100,100,100,100,100,100,100,100,100,100,99,100,92,0,98,60,62,100,0,0,0,0,0,0,0,0,0,0,81,56,0,0,0,0,0,0,0,0,0,0,0,0,0
l2,14=100,100,0,100,100,100,100,100,100,100,100,100,99,99,100,0,60,63,65,100,0,0,0,0,0,12,0,0,0,0,16,0,0,0,0,0,0,0,0,0,0,0,0,0,0
l3,14=100,100,100,0,100,100,100,62,99,100,90,55,59,95,0,0,60,4,64,80,0,0,0,0,0,0,0,0,0,0,65,57,0,0,0,0,0,0,0,0,0,0,0,0,0
l4,14=100,100,100,100,0,100,100,100,100,100,90,100,60,100,100,0,64,58,64,0,0,0,0,0,0,0,0,0,0,0,81,45,0,0,0,0,0,0,0,0,15,0,0,0,0
l5,14=100,100,100,100,100,0,100,100,100,100,100,100,88,100,100,0,61,61,65,100,46,0,0,0,0,0,0,0,0,0,81,57,0,0,0,0,0,0,0,29,91,34,0,0,0
l6,14=100,100,100,100,100,100,0,100,100,100,100,100,99,100,5,0,98,31,100,100,81,0,0,0,0,0,0,0,0,0,81,0,0,0,0,0,0,0,0,0,0,0,0,9,0
l7,14=100,100,100,100,100,100,100,0,100,100,100,100,99,100,100,0,98,99,100,100,99,0,0,98,93,99,92,0,0,0,0,13,0,0,0,0,0,0,0,0,0,0,0,0,0
l8,14=100,100,100,100,100,100,100,100,0,100,100,100,99,100,100,0,98,62,100,99,0,69,0,64,95,98,100,97,0,0,30,0,0,0,0,0,0,0,0,0,0,0,0,66,0
l9,14=69,100,100,99,100,100,100,92,100,0,100,100,99,100,100,0,98,61,56,100,9,62,0,50,96,96,54,98,0,0,77,4,0,0,0,0,0,0,0,0,0,0,0,0,0
l10,14=57,100,100,99,99,100,100,100,100,100,0,100,99,100,99,0,98,61,100,100,100,23,0,61,99,99,61,79,0,0,78,50,0,0,0,0,0,0,0,0,88,0,50,51,0
l11,14=100,100,100,92,100,100,100,100,100,100,100,0,99,100,100,0,98,62,100,100,99,65,0,52,94,96,60,97,0,0,0,49,0,0,0,0,0,0,0,0,0,0,0,56,5
l12,14=56,100,99,93,94,97,100,100,100,100,100,100,0,100,100,0,98,57,100,100,99,60,52,53,100,100,52,6,0,0,72,49,0,0,0,0,0,0,0,0,10,0,18,64,0
l13,14=100,100,100,100,100,100,100,100,100,100,100,100,99,0,100,0,98,60,100,98,99,25,0,0,97,99,52,88,0,0,0,50,0,0,0,0,0,0,0,0,0,0,0,67,0
l14,14=39,44,92,0,92,70,0,60,97,94,85,57,58,87,0,0,98,60,100,100,100,45,0,57,97,99,59,94,0,0,78,55,0,95,0,0,0,0,0,90,95,31,55,67,94
l15,14=37,100,27,89,93,78,57,61,96,100,90,59,99,93,100,0,0,1,100,100,100,73,0,55,96,99,59,97,0,0,80,55,0,0,0,0,0,0,62,0,0,0,37,57,96
l16,14=7,50,28,0,90,71,6,27,62,87,78,33,24,82,100,0,0,0,66,100,100,0,0,37,60,65,53,58,0,0,91,57,23,95,0,19,0,0,45,100,100,65,21,48,57
l17,14=52,84,97,94,94,82,58,62,100,74,100,100,99,93,100,0,98,100,0,100,100,0,58,61,100,100,59,95,0,0,80,97,0,95,0,0,0,0,89,0,0,40,57,67,96
l18,14=0,85,58,14,0,78,55,58,93,96,86,58,60,87,98,0,70,100,100,0,100,98,59,60,99,99,98,98,0,0,78,55,11,0,0,0,0,0,92,95,98,63,92,98,96
l19,14=0,0,0,0,0,76,50,60,0,5,89,58,58,88,100,0,98,100,100,100,0,73,0,63,100,100,63,85,0,0,81,56,0,0,0,0,0,0,0,98,98,63,57,66,98
l20,14=0,0,0,0,0,0,0,0,93,83,4,94,91,60,88,0,96,0,0,99,93,0,100,98,99,99,89,100,0,0,0,0,91,91,0,0,92,87,98,89,90,92,97,98,95
l21,14=0,0,0,0,0,0,0,21,0,0,0,0,98,0,47,0,0,0,98,99,10,100,0,97,99,99,98,99,0,0,0,0,99,0,0,0,0,0,88,0,0,0,0,96,97
l22,14=0,0,0,0,0,0,0,91,93,86,93,60,93,0,90,0,91,94,98,99,100,99,92,0,100,100,100,100,0,0,0,72,92,92,0,4,98,90,98,92,91,51,97,94,98
l23,14=0,0,0,0,0,0,0,73,91,89,98,93,98,97,98,0,93,99,98,99,100,98,97,100,0,100,100,98,0,0,83,93,97,97,0,96,90,93,97,82,80,98,97,98,98
l24,14=0,0,0,0,0,0,0,53,88,90,99,53,98,91,98,0,95,56,98,99,100,99,59,98,100,0,100,98,0,0,74,49,58,97,0,88,94,0,90,76,96,73,97,98,98
l25,14=0,0,0,0,0,0,0,81,96,82,99,90,89,78,98,0,95,97,97,99,100,86,96,97,100,99,0,98,0,0,0,0,99,97,0,94,95,89,96,90,72,67,96,98,98
l26,14=0,0,0,0,0,0,0,12,98,95,83,97,48,84,97,0,96,77,98,99,86,100,97,100,99,99,98,0,0,0,49,0,99,96,0,97,97,87,98,98,81,98,0,98,98
l27,14=44,83,0,16,92,81,56,0,34,90,87,0,44,3,100,0,64,100,61,99,100,0,0,0,56,60,3,38,0,0,0,98,59,99,0,95,95,93,99,100,100,66,13,39,0
l28,14=0,48,0,58,90,84,0,17,0,0,76,23,47,79,100,0,64,61,65,100,100,0,0,26,60,59,0,0,0,0,100,0,47,98,0,99,98,91,96,96,100,66,5,26,0
l29,14=0,0,0,0,0,0,0,0,0,0,0,0,0,0,0,0,0,57,0,6,0,60,44,91,94,94,99,100,0,0,91,84,0,100,0,100,100,100,100,100,100,100,0,83,0
l30,14=0,0,0,0,0,0,0,0,0,0,0,0,0,0,89,0,0,57,57,0,0,94,0,80,99,99,98,98,0,0,98,97,100,0,0,100,100,99,100,99,100,100,70,4,46
l31,14=0,0,0,0,0,0,0,0,0,0,0,0,0,0,0,0,0,37,0,0,0,0,0,13,83,70,79,82,0,0,70,67,100,100,0,0,100,100,100,85,99,100,24,0,13
l32,14=0,0,0,0,0,0,0,0,0,0,0,0,0,0,0,0,0,0,0,0,0,80,0,94,52,75,88,89,0,0,75,68,100,100,0,100,0,100,100,100,85,100,0,0,0
l33,14=0,0,0,0,0,0,0,0,0,0,0,0,0,0,0,0,0,0,0,0,0,70,0,76,85,0,93,82,0,0,79,55,100,87,0,100,100,0,97,88,94,82,0,0,0
l34,14=0,0,0,0,0,0,0,0,0,0,0,0,0,0,0,0,16,29,44,93,0,98,17,80,61,56,96,98,0,0,98,43,100,100,0,100,100,100,0,100,100,100,11,0,0
l35,14=0,0,0,0,0,68,0,0,0,0,0,0,0,0,89,0,0,100,1,93,95,69,0,80,52,35,85,99,0,0,99,57,100,100,0,98,100,99,100,0,100,100,0,42,0
l36,14=0,0,0,0,82,73,0,0,0,0,81,0,45,0,100,0,0,100,0,100,100,61,0,46,49,62,52,83,0,0,100,66,100,100,0,100,89,100,100,100,0,100,0,0,0
l37,14=0,0,0,0,39,66,0,0,0,0,0,0,0,0,89,0,0,100,57,100,91,70,0,30,60,60,53,95,0,0,100,98,100,100,0,100,100,87,100,100,100,0,0,22,0
l38,14=0,0,0,0,0,0,0,0,0,0,78,0,30,0,93,0,46,89,92,97,94,91,0,94,99,97,98,0,0,0,0,0,0,92,0,0,0,0,0,0,0,0,0,98,98
l39,14=0,0,0,0,0,0,0,1,68,0,2,7,48,83,94,0,56,92,89,99,94,65,46,78,94,97,98,92,0,0,71,34,52,0,0,0,0,0,0,55,0,0,99,0,98
l40,14=0,0,0,0,0,0,0,0,0,0,0,0,0,0,95,0,92,90,94,96,96,95,90,97,97,96,96,96,0,0,0,0,0,73,0,0,0,0,0,0,0,0,97,98,0
l41,14=0,0,0,0,0,0,24,0,0,0,95,0,89,17,94,0,92,99,98,95,100,65,0,95,99,99,98,98,0,0,82,0,0,0,0,0,0,0,15,0,91,80,98,100,95
l42,14=0,0,0,0,0,0,0,0,0,0,0,0,58,0,96,0,0,42,89,99,96,97,96,97,99,99,98,96,0,0,0,0,94,93,0,0,28,0,0,0,0,0,97,98,98
l43,14=0,0,0,0,0,0,0,0,0,0,0,0,64,0,45,0,2,88,0,95,60,97,89,96,99,99,98,97,0,0,0,0,73,91,0,89,0,0,83,78,0,0,98,97,98
l44,14=0,0,0,0,0,0,0,0,0,0,0,0,75,0,95,0,92,69,86,96,97,97,88,97,99,97,97,97,0,0,0,0,83,0,0,0,0,0,0,0,0,88,97,98,98

l0,15=0,100,100,100,100,100,100,100,100,100,100,100,100,100,97,0,98,61,52,62,0,0,0,0,0,0,0,0,0,0,98,99,0,0,0,0,0,0,0,0,0,0,0,0,0
l1,15=100,0,100,100,100,100,100,100,100,89,100,100,100,100,0,0,100,100,97,98,0,0,0,0,0,0,0,0,0,0,100,0,0,0,0,0,0,0,0,0,0,0,0,0,0
l2,15=100,100,0,100,100,100,100,100,100,100,33,100,100,100,100,0,97,62,57,75,0,0,0,0,0,49,0,0,0,0,92,0,0,0,0,0,0,0,0,0,0,0,0,0,0
l3,15=100,100,100,0,100,100,100,100,60,100,100,6,100,81,100,0,92,62,57,0,0,0,0,0,0,0,0,0,0,0,99,99,0,0,0,0,0,0,0,0,0,14,0,0,0
l4,15=100,100,100,100,0,100,100,100,100,100,76,60,0,100,95,0,100,34,53,67,0,0,0,0,0,0,0,0,0,0,99,5,0,0,0,0,0,0,0,0,0,0,0,0,0
l5,15=100,100,100,100,100,0,100,100,98,100,100,97,100,100,100,0,100,61,57,4,95,0,0,0,0,0,0,0,0,0,2,100,0,0,0,0,0,0,0,0,96,0,0,0,0
l6,15=100,100,100,100,100,100,0,100,100,100,100,100,100,100,99,0,100,100,97,98,96,78,0,0,62,0,0,0,0,0,100,0,0,0,0,0,0,0,0,0,0,0,0,0,0
l7,15=100,100,100,100,100,100,100,0,100,100,100,100,100,100,100,0,100,99,97,98,100,97,0,99,0,98,83,100,0,0,0,25,0,0,0,0,0,0,0,0,0,0,0,0,0
l8,15=100,100,100,67,100,100,100,100,0,100,100,100,100,100,100,0,100,59,97,98,96,83,0,97,98,51,98,98,0,0,2,94,0,0,0,0,0,0,0,0,0,0,0,0,0
l9,15=100,58,100,100,100,100,100,100,100,0,100,100,100,100,100,0,100,59,97,98,9,76,3,96,43,53,65,99,0,0,83,0,0,0,0,0,0,0,0,0,0,0,0,87,0
l10,15=97,68,5,66,91,100,99,78,100,100,0,100,100,100,97,0,97,59,97,74,92,0,0,97,61,95,78,94,0,0,0,2,0,0,0,0,0,0,0,0,85,0,97,91,88
l11,15=100,100,100,0,99,100,100,100,100,100,100,0,100,100,97,0,100,60,97,98,100,86,0,0,98,56,68,88,0,0,96,97,0,0,0,0,0,0,0,0,0,0,0,0,0
l12,15=100,100,58,65,12,100,100,100,100,100,100,100,0,100,94,0,100,62,97,74,94,79,67,95,100,97,66,0,0,0,85,6,0,0,0,0,0,0,0,0,0,0,0,93,0
l13,15=100,100,57,63,100,100,100,100,100,100,100,100,100,0,97,0,100,63,54,93,19,79,4,94,60,52,18,97,0,0,91,93,0,0,0,0,0,0,0,0,0,0,0,0,0
l14,15=80,0,58,61,77,95,67,58,60,94,98,57,55,74,0,0,100,62,97,75,100,7,0,97,62,59,67,99,0,0,95,99,0,95,0,0,0,0,0,0,89,77,99,95,93
l15,15=87,69,55,43,98,99,76,60,60,94,98,60,100,81,100,0,0,62,97,74,100,81,67,97,61,56,67,99,0,0,95,99,0,86,0,0,0,0,0,49,0,11,99,95,93
l16,15=92,64,58,64,52,57,53,59,55,59,60,39,62,76,100,0,99,0,97,98,100,80,0,97,63,47,41,59,0,0,100,100,91,97,0,17,0,30,57,92,100,100,0,95,82
l17,15=80,62,54,60,88,98,73,90,100,95,100,100,100,75,100,0,100,100,0,98,100,83,64,98,100,99,68,94,0,0,97,99,0,0,0,0,0,0,0,0,92,81,100,97,86
l18,15=73,62,52,0,50,28,50,64,60,99,97,60,61,80,100,0,99,100,97,0,100,97,69,99,99,57,99,99,0,0,99,95,64,86,0,13,0,0,56,87,99,84,100,100,97
l19,15=0,0,0,0,0,57,54,59,57,12,74,60,61,66,100,0,100,100,97,98,0,84,64,100,100,99,100,91,0,0,99,100,0,0,0,0,0,0,56,91,99,98,100,100,92
l20,15=0,0,0,0,0,0,57,90,94,70,0,95,94,90,22,0,93,78,92,98,96,0,99,100,89,99,100,100,0,0,0,0,87,91,0,0,86,95,97,94,0,75,95,92,92
l21,15=0,0,0,0,0,0,0,16,0,7,0,0,94,80,0,0,92,0,92,97,81,99,0,99,99,95,99,100,0,0,0,0,83,0,0,0,47,0,38,0,0,20,93,92,0
l22,15=0,0,0,0,0,0,0,68,55,88,94,0,96,68,96,0,94,58,93,97,98,97,99,0,100,99,100,100,0,0,0,10,87,93,0,90,91,54,97,90,87,88,96,93,91
l23,15=0,0,0,0,0,0,34,0,89,0,92,94,98,92,97,0,96,97,95,95,97,95,96,100,0,99,100,99,0,0,97,91,95,98,0,92,23,86,94,88,60,85,98,100,98
l24,15=0,0,22,0,0,0,0,88,44,90,97,67,98,95,99,0,92,52,97,92,99,97,96,99,100,0,100,100,0,0,93,86,83,89,0,92,85,0,33,89,89,91,100,100,96
l25,15=0,0,0,0,0,0,0,46,94,54,92,42,92,27,99,0,92,92,88,97,99,90,95,99,100,99,0,100,0,0,0,0,86,90,0,2,86,37,0,94,66,76,98,100,92
l26,15=0,0,0,0,0,0,0,94,96,92,93,53,17,95,96,0,95,95,86,94,94,99,99,100,99,95,99,0,0,0,0,0,95,98,0,97,87,97,97,96,89,91,94,98,96
l27,15=99,69,47,64,61,29,56,0,2,47,0,42,60,78,100,0,100,100,55,75,96,0,0,0,63,59,0,0,0,0,0,100,98,95,0,96,98,59,59,95,100,100,0,98,0
l28,15=100,0,0,64,41,61,0,55,58,0,0,40,39,73,100,0,100,100,57,75,100,0,0,10,59,47,0,0,0,0,100,0,100,100,0,99,99,57,59,95,100,100,98,94,0
l29,15=0,0,0,0,0,0,0,0,0,0,0,0,0,0,0,0,0,94,0,52,0,97,62,99,100,94,100,100,0,0,79,100,0,100,0,99,100,100,100,100,100,100,82,97,0
l30,15=0,0,0,0,0,0,0,0,0,0,0,0,0,0,92,0,80,95,9,82,0,97,0,93,99,85,99,100,0,0,89,99,100,0,0,99,100,100,99,100,100,100,70,0,47
l31,15=0,0,0,0,0,0,0,0,0,0,0,0,0,0,0,0,0,43,0,20,0,0,0,77,81,60,2,91,0,0,88,85,100,100,0,0,100,100,100,96,100,100,0,0,53
l32,15=0,0,0,0,0,0,0,0,0,0,0,0,0,0,0,0,0,0,0,0,0,91,0,100,69,75,99,74,0,0,87,91,100,100,0,99,0,100,100,100,100,100,0,0,0
l33,15=0,0,0,0,0,0,0,0,0,0,0,0,0,0,0,0,0,49,0,0,0,85,0,77,81,0,58,73,0,0,87,79,100,87,0,99,100,0,87,88,88,90,0,0,0
l34,15=0,0,0,0,0,0,0,0,0,0,0,0,0,0,0,0,0,91,0,97,92,97,0,99,99,10,0,60,0,0,86,100,100,100,0,99,100,100,0,100,100,100,27,0,1
l35,15=0,0,0,0,0,0,0,0,0,0,0,0,0,0,2,0,62,98,0,77,91,75,0,90,64,49,60,60,0,0,87,100,100,100,0,99,100,100,100,0,100,100,0,19,0
l36,15=0,0,0,0,0,53,0,0,0,0,52,0,0,0,91,0,0,100,97,98,100,0,0,98,62,99,38,56,0,0,90,100,100,100,0,99,100,100,100,100,0,100,0,5,0
l37,15=0,0,0,0,0,0,0,0,0,0,0,0,0,0,91,0,35,100,54,69,100,74,0,98,62,99,38,57,0,0,100,100,100,100,0,99,100,100,100,100,100,0,0,48,0
l38,15=0,0,0,0,0,0,0,1,0,0,65,0,0,0,85,0,67,0,89,88,71,84,65,86,98,95,89,79,0,0,0,74,50,46,0,0,0,0,0,0,0,0,0,100,98
l39,15=0,0,0,0,0,0,0,0,0,30,67,0,48,0,89,0,86,54,90,93,92,84,68,86,99,97,99,94,0,0,85,59,73,0,0,0,0,0,0,0,0,1,100,0,98
l40,15=0,0,0,0,0,0,0,0,0,0,78,0,0,0,86,0,87,87,74,92,86,94,0,84,99,95,96,97,0,0,0,0,0,1,0,9,0,0,0,0,0,0,100,100,0
l41,15=0,0,0,0,0,0,0,43,1,0,93,37,52,85,99,0,93,99,97,94,99,84,0,95,99,98,99,98,0,0,92,0,0,29,0,0,0,0,51,0,80,0,100,100,93
l42,15=0,0,0,0,0,0,0,0,0,0,0,0,40,0,58,0,59,65,51,88,0,85,70,90,99,98,90,88,0,0,0,0,29,61,0,3,0,0,0,0,0,0,100,100,98
l43,15=0,0,0,0,0,0,0,0,0,0,0,0,0,0,61,0,67,62,56,64,68,60,63,91,81,93,97,94,0,0,0,0,57,65,0,70,0,0,65,68,0,0,96,98,93
l44,15=0,0,0,0,0,0,0,0,0,0,0,0,47,0,59,0,72,0,0,88,64,90,66,64,98,93,97,95,0,0,0,0,50,0,0,0,0,0,29,0,0,7,96,97,96

