l0,0=0,89,94,93,98,95,94,91,92,93,93,92,94,94,35,0,83,8,44,9,0,0,0,0,0,0,0,0,0,0,60,25,0,0,0,0,0,0,0,0,0,0,0,0,0
l1,0=96,0,94,93,98,95,94,97,97,90,58,92,52,95,51,0,88,80,46,29,0,0,0,0,0,0,0,0,0,0,31,26,0,0,0,0,0,0,0,0,54,0,0,0,0
l2,0=96,98,0,93,93,95,94,99,97,89,93,92,93,95,80,0,90,72,7,51,52,39,0,0,0,5,53,0,0,0,11,44,0,0,0,0,0,0,0,0,0,0,0,0,0
l3,0=96,98,94,0,98,95,93,91,96,88,7,92,92,91,0,0,88,81,82,34,2,0,0,0,0,0,0,0,0,0,86,76,0,0,0,0,0,0,0,0,0,0,0,0,0
l4,0=96,98,90,93,0,95,94,84,95,90,76,57,60,90,51,0,86,76,5,0,0,0,0,0,0,0,0,0,0,0,32,28,0,0,0,0,0,0,0,0,0,0,0,0,0
l5,0=96,98,94,93,98,0,94,97,96,90,58,92,94,93,34,0,88,75,60,22,12,0,0,0,0,0,0,0,0,0,0,0,0,0,0,0,0,0,0,0,73,0,0,0,0
l6,0=90,98,94,89,98,95,0,97,97,94,93,54,94,94,51,0,90,77,48,27,32,0,0,0,0,0,0,0,0,0,32,22,0,0,0,0,0,0,0,0,0,0,0,0,0
l7,0=96,98,94,93,93,95,94,0,97,94,93,92,94,95,93,0,90,0,93,93,83,0,68,72,64,77,70,0,0,0,40,0,0,0,0,0,0,0,0,0,0,0,0,2,0
l8,0=68,98,94,93,98,95,94,99,0,94,93,92,93,95,89,0,90,77,66,82,32,0,74,50,8,22,69,41,0,0,0,0,0,0,0,0,0,0,0,0,0,0,0,15,0
l9,0=96,91,59,74,93,95,94,94,97,0,93,92,94,95,94,0,90,35,45,6,28,52,0,30,3,22,54,0,0,0,0,18,0,0,0,0,0,0,0,0,0,0,0,0,0
l10,0=70,37,36,19,90,78,93,89,92,93,0,59,94,0,45,0,90,85,88,91,37,8,76,56,13,52,76,80,0,0,30,0,0,0,0,0,0,0,0,0,0,0,27,0,0
l11,0=96,96,94,86,71,95,83,91,97,94,89,0,94,95,88,0,90,39,30,54,32,0,24,0,5,0,61,72,0,0,19,15,0,0,0,0,0,0,0,0,0,0,18,1,0
l12,0=94,85,94,83,75,95,93,89,93,93,93,92,0,95,89,0,90,82,92,91,91,0,0,6,15,46,75,77,0,0,26,44,0,2,0,0,0,0,0,0,24,0,0,2,36
l13,0=94,98,94,86,93,95,91,96,95,94,0,92,94,0,90,0,90,77,93,53,43,51,9,50,0,48,0,0,0,0,16,0,0,0,0,0,0,0,0,0,0,0,0,6,0
l14,0=9,1,21,25,55,19,31,62,81,81,22,54,57,53,0,0,88,85,95,96,99,0,47,31,5,27,65,72,0,0,35,25,0,61,0,0,0,0,0,33,56,60,47,35,25
l15,0=12,17,31,77,64,84,84,90,84,86,92,91,58,95,95,0,0,77,95,10,42,62,42,55,5,49,72,84,0,0,31,27,12,0,0,0,0,0,0,27,56,0,43,23,23
l16,0=0,4,0,71,38,67,52,0,60,0,40,40,50,49,57,0,72,0,55,35,39,0,0,44,23,18,39,0,0,0,36,29,14,31,0,5,0,16,53,72,82,86,19,6,6
l17,0=10,1,0,0,38,53,51,77,82,70,93,37,57,91,97,0,90,86,0,97,97,55,12,28,48,24,73,76,0,0,34,25,0,0,0,0,0,0,0,0,50,65,56,36,27
l18,0=1,5,19,0,0,2,49,70,89,0,60,51,52,47,96,0,10,86,65,0,99,83,76,63,50,87,81,88,0,0,25,24,17,26,0,2,0,5,50,32,86,65,63,37,23
l19,0=0,0,21,0,0,17,61,70,75,75,89,61,89,63,97,0,89,86,94,97,0,54,64,69,58,87,79,71,0,0,92,84,0,36,0,0,0,0,0,59,90,64,54,81,45
l20,0=0,0,4,0,0,0,0,0,0,27,26,0,0,30,0,0,74,0,55,95,56,0,90,96,67,87,66,95,0,0,0,0,18,55,0,51,43,7,76,34,0,24,39,14,25
l21,0=0,0,0,0,0,0,0,42,81,0,71,7,0,0,29,0,71,0,0,85,37,89,0,76,85,66,67,96,0,0,0,0,8,52,0,0,10,0,54,36,0,0,26,0,53
l22,0=0,0,0,0,0,0,0,37,47,42,41,0,3,38,67,0,75,37,29,93,45,84,42,0,87,0,83,95,0,0,0,0,70,72,0,52,54,51,61,42,30,35,53,78,58
l23,0=0,0,0,0,0,0,0,28,31,25,34,20,22,0,24,0,61,63,71,85,71,63,71,98,0,88,83,84,0,0,0,9,44,67,0,35,0,0,81,11,67,70,64,81,96
l24,0=0,0,1,0,0,0,0,48,36,34,72,3,30,70,80,0,85,49,48,93,78,86,48,0,88,0,83,83,0,0,0,9,11,78,0,15,17,21,44,67,43,4,66,81,82
l25,0=0,0,6,0,0,0,0,41,50,27,63,31,65,0,50,0,78,38,62,92,69,63,64,99,88,88,0,84,0,0,8,0,65,50,0,46,36,18,27,67,36,37,64,81,78
l26,0=0,0,0,0,0,0,0,0,35,10,49,49,56,12,63,0,85,10,57,94,40,87,89,97,87,80,79,0,0,0,14,11,53,71,0,92,60,53,90,71,21,27,62,11,95
l27,0=49,23,14,71,38,8,65,35,0,0,24,24,38,37,86,0,56,86,48,29,53,0,0,0,0,0,5,1,0,0,0,84,38,84,0,61,18,47,61,95,86,90,10,4,14
l28,0=56,21,25,73,66,7,31,0,0,39,2,24,46,0,27,0,52,86,48,29,51,0,0,20,12,7,0,1,0,0,94,0,68,81,0,57,48,49,56,92,95,95,4,21,15
l29,0=0,0,0,0,0,0,0,0,0,0,0,0,0,0,0,0,33,40,0,71,0,40,19,87,61,39,66,77,0,0,73,79,0,96,0,98,99,99,99,98,94,95,0,0,0
l30,0=0,0,0,0,0,0,0,0,0,0,0,0,0,0,12,0,0,21,0,3,0,42,33,87,65,52,43,53,0,0,91,82,100,0,0,98,99,99,99,98,95,95,6,15,1
l31,0=0,0,0,0,0,0,0,0,0,0,0,0,0,0,0,0,0,24,0,20,0,78,7,86,50,13,37,91,0,0,83,73,100,96,0,0,99,99,99,98,95,95,8,0,4
l32,0=0,0,0,0,0,0,0,0,0,0,0,0,0,0,0,0,0,0,0,24,0,65,47,80,0,56,56,77,0,0,36,68,100,96,0,98,0,99,99,98,83,84,20,0,0
l33,0=0,0,0,0,0,0,0,0,0,0,0,0,0,0,0,0,0,38,0,0,0,0,0,75,0,21,29,66,0,0,81,69,100,96,0,98,99,0,96,86,91,36,0,0,0
l34,0=0,0,0,0,0,0,0,0,0,0,0,0,0,0,0,0,0,36,0,50,0,45,17,89,80,23,16,90,0,0,91,83,100,96,0,98,99,98,0,98,95,95,5,3,0
l35,0=0,0,0,0,0,0,0,0,0,0,0,0,0,0,3,0,11,35,0,18,14,22,16,74,7,54,43,48,0,0,94,84,100,96,0,98,99,96,99,0,95,95,1,0,0
l36,0=0,0,0,0,0,20,0,0,0,0,0,0,0,0,13,0,16,60,17,52,28,0,0,29,29,13,20,7,0,0,59,84,90,96,0,89,55,62,98,98,0,95,0,0,0
l37,0=0,0,0,0,0,15,0,0,0,0,0,0,0,0,7,0,0,86,41,35,19,11,0,48,81,2,39,16,0,0,93,84,99,96,0,98,91,31,99,98,95,0,9,0,0
l38,0=0,0,0,0,0,0,0,0,0,0,32,24,0,0,74,0,59,36,40,81,20,30,25,74,81,83,75,81,0,0,20,10,0,28,0,29,11,0,42,18,0,24,0,79,97
l39,0=0,0,0,0,0,0,0,1,9,0,0,0,0,0,72,0,24,11,50,78,68,0,3,77,87,83,79,0,0,0,8,7,0,30,0,0,0,0,3,0,0,0,66,0,97
l40,0=0,0,0,0,0,0,0,0,0,0,0,0,24,0,53,0,30,24,27,80,35,13,26,69,87,82,72,87,0,0,17,18,0,23,0,0,0,0,0,0,0,0,66,81,0
l41,0=0,0,0,0,0,0,0,0,0,14,11,0,0,18,81,0,83,72,87,94,93,35,35,97,87,87,79,89,0,0,25,3,0,31,0,0,0,0,0,0,1,9,66,81,97
l42,0=0,0,0,0,0,0,0,0,0,0,0,0,0,0,40,0,11,26,24,82,42,50,28,77,87,79,79,49,0,0,0,0,0,9,0,0,0,0,42,0,0,0,66,81,79
l43,0=0,0,0,0,0,0,0,0,0,0,17,0,0,0,0,0,26,24,5,54,23,16,28,90,87,82,47,68,0,0,0,0,14,25,0,0,6,0,24,0,0,0,66,78,97
l44,0=0,0,0,0,0,0,0,0,0,0,0,12,0,0,36,0,23,23,27,41,30,17,32,30,84,84,77,71,0,0,5,0,14,8,0,0,0,0,0,5,1,0,60,76,81

l0,1=0,95,95,91,90,93,93,94,86,84,82,94,93,93,71,0,76,83,0,33,0,0,0,0,0,0,0,0,0,0,77,24,0,0,0,0,0,0,0,0,0,0,0,0,0
l1,1=92,0,93,90,87,93,93,93,91,83,82,94,90,93,71,0,48,9,0,48,45,0,0,0,0,0,0,0,0,0,81,0,0,0,0,0,0,0,0,0,0,0,0,0,0
l2,1=92,95,0,90,91,93,93,97,92,89,81,95,93,93,76,0,76,83,75,52,65,0,0,0,0,50,16,0,0,0,71,4,0,0,0,0,0,0,0,0,0,0,0,0,0
l3,1=94,95,95,0,92,93,91,96,92,78,81,90,89,92,70,0,76,82,65,0,5,0,0,0,0,0,0,0,0,0,81,44,0,0,0,0,0,0,0,0,0,0,0,0,0
l4,1=94,95,95,91,0,93,93,90,82,78,81,1,93,93,0,0,0,82,35,0,0,0,0,0,0,0,0,0,0,0,81,0,0,0,0,0,0,0,0,0,0,0,0,0,0
l5,1=93,95,95,90,90,0,93,68,89,83,82,94,93,93,83,0,48,79,35,0,0,0,0,0,0,0,0,0,0,0,24,0,0,4,0,0,0,0,0,0,31,32,0,0,0
l6,1=92,95,95,86,85,93,0,97,91,78,82,90,93,93,71,0,48,81,70,35,43,0,0,0,0,0,0,0,0,0,78,51,0,0,0,0,0,0,0,0,0,0,0,0,0
l7,1=91,95,95,90,84,93,93,0,92,89,82,95,93,93,81,0,76,0,67,47,45,43,38,44,0,45,44,0,0,0,5,0,0,0,0,0,0,0,0,0,0,0,0,54,0
l8,1=81,95,95,90,81,93,93,97,0,89,82,95,93,93,83,0,76,27,78,66,0,33,29,36,19,23,35,15,0,0,0,29,0,0,0,0,0,0,0,0,0,0,0,0,0
l9,1=89,94,95,87,84,65,93,97,92,0,83,95,93,93,81,0,69,55,79,42,56,16,0,0,45,0,26,27,0,0,0,25,0,0,0,0,0,0,0,0,0,0,10,24,0
l10,1=75,86,72,74,60,90,93,93,81,83,0,94,93,93,75,0,76,79,79,67,72,20,50,25,13,53,53,51,0,0,74,17,0,0,0,0,0,0,0,0,0,0,61,39,37
l11,1=89,94,94,78,45,92,59,95,91,89,82,0,93,93,83,0,76,31,79,65,45,0,0,8,22,30,39,0,0,0,51,50,0,0,0,0,0,0,0,0,0,0,0,38,7
l12,1=89,91,93,86,83,92,93,93,86,83,84,95,0,93,83,0,76,84,79,66,82,28,0,33,24,50,37,52,0,0,66,15,0,0,0,0,0,0,0,0,0,0,20,40,7
l13,1=90,95,95,89,84,92,93,94,91,89,84,95,93,0,83,0,76,65,79,49,8,21,38,21,27,31,28,37,0,0,0,19,0,0,0,0,0,0,0,0,0,0,0,0,0
l14,1=42,41,48,34,33,61,33,53,68,70,65,81,78,80,0,0,76,78,81,64,87,27,49,42,49,51,46,45,0,0,56,32,0,0,0,0,0,0,18,0,30,34,61,72,40
l15,1=32,47,50,53,23,70,63,93,77,63,84,95,93,93,89,0,0,67,80,67,84,36,50,52,33,54,44,46,0,0,76,16,0,0,0,0,0,0,0,28,31,22,61,59,18
l16,1=41,0,76,58,53,45,11,0,6,35,70,52,82,28,80,0,28,0,58,57,52,4,0,27,23,7,13,47,0,0,90,60,0,19,0,0,50,11,24,27,49,20,32,0,6
l17,1=0,0,41,39,49,36,11,17,36,64,80,80,85,72,89,0,76,78,0,53,87,19,48,36,29,12,36,47,0,0,63,39,0,0,0,0,0,0,0,10,0,32,52,65,57
l18,1=1,48,34,0,0,0,11,7,33,25,64,64,56,57,88,0,44,91,75,0,86,42,49,35,57,57,57,54,0,0,47,45,3,2,0,2,0,0,26,41,37,27,62,71,44
l19,1=0,61,61,0,0,0,35,32,0,58,65,66,74,33,89,0,73,79,81,71,0,32,26,35,31,34,53,48,0,0,65,79,0,32,0,0,0,0,0,0,38,26,57,76,58
l20,1=0,0,0,0,0,0,0,22,25,22,26,0,40,27,25,0,53,26,39,55,39,0,68,42,54,56,45,65,0,0,0,0,53,50,0,37,61,39,60,45,33,36,66,66,54
l21,1=0,0,0,0,0,0,0,2,15,0,40,0,0,28,30,0,54,0,52,53,11,68,0,42,54,49,47,63,0,0,0,0,0,56,0,0,5,0,54,50,0,0,63,69,54
l22,1=0,0,0,0,0,0,0,23,15,0,24,17,26,25,47,0,50,34,47,29,15,51,47,0,57,35,58,65,0,0,0,0,53,57,0,51,47,51,45,47,40,42,58,63,45
l23,1=0,0,0,0,0,0,0,0,9,41,21,24,25,36,60,0,52,50,61,61,43,54,57,48,0,58,57,58,0,0,0,41,40,17,0,41,33,45,59,45,45,58,67,81,73
l24,1=0,0,36,0,0,0,0,51,22,0,62,57,53,59,59,0,56,49,38,55,46,57,53,41,58,0,58,57,0,0,0,54,0,47,0,31,47,24,27,57,51,52,71,74,73
l25,1=0,0,2,0,0,0,0,13,14,21,56,32,41,28,20,0,51,31,55,59,44,51,53,60,57,58,0,59,0,0,13,0,49,54,0,42,53,21,0,45,24,23,67,79,47
l26,1=0,0,0,0,0,0,0,0,7,21,50,0,48,33,22,0,50,34,45,47,30,68,57,60,52,55,48,0,0,0,0,5,52,57,0,53,61,21,64,49,43,45,67,61,60
l27,1=6,72,64,69,55,38,26,2,0,0,47,58,20,0,60,0,59,88,28,7,19,0,0,0,0,0,4,0,0,0,0,87,32,67,0,57,25,38,36,89,94,88,0,11,0
l28,1=26,0,0,21,0,0,5,0,14,23,29,72,15,20,24,0,16,92,28,55,34,0,0,0,16,16,0,0,0,0,90,0,39,39,0,63,68,4,42,43,94,55,0,31,27
l29,1=0,0,0,0,0,0,0,0,0,0,0,0,0,0,0,0,0,3,0,18,0,36,0,59,37,0,43,48,0,0,49,72,0,82,0,89,95,95,91,93,94,90,0,0,0
l30,1=0,0,0,0,0,0,0,0,0,0,0,0,0,0,0,0,0,38,0,0,21,33,29,53,1,25,46,59,0,0,82,56,71,0,0,89,95,93,91,93,94,93,36,52,13
l31,1=0,0,0,0,0,0,0,0,0,0,0,0,0,0,0,0,0,0,0,12,0,26,0,53,40,15,39,66,0,0,66,65,71,82,0,0,95,95,91,72,94,93,0,18,0
l32,1=0,0,0,0,0,0,0,0,0,0,0,0,0,0,0,0,0,40,0,0,0,39,21,29,14,24,44,43,0,0,36,54,71,82,0,89,0,95,91,93,73,83,26,0,0
l33,1=0,0,0,0,0,0,0,0,0,0,0,0,0,0,0,0,0,4,0,0,0,13,0,37,36,2,9,0,0,0,47,0,71,76,0,89,95,0,86,80,87,69,0,0,0
l34,1=0,0,0,0,0,0,0,0,0,0,0,0,0,0,9,0,0,57,0,22,0,52,9,17,39,12,0,62,0,0,47,81,71,82,0,89,95,93,0,93,94,93,40,48,0
l35,1=0,0,0,0,0,0,0,0,0,0,0,0,0,0,0,0,14,37,5,33,0,16,8,25,21,31,41,52,0,0,90,78,71,82,0,72,94,84,91,0,94,93,0,8,0
l36,1=0,0,0,0,0,26,0,0,0,0,0,0,0,0,13,0,22,86,0,36,41,6,0,21,25,26,26,36,0,0,89,84,70,81,0,79,81,86,87,89,0,91,3,0,0
l37,1=0,0,0,0,0,26,0,0,0,0,20,0,0,0,24,0,38,50,40,29,8,17,0,20,33,30,30,37,0,0,90,87,70,82,0,89,87,67,91,93,94,0,0,0,0
l38,1=0,0,0,0,0,0,0,0,0,0,30,0,1,0,61,0,44,18,40,51,16,47,29,35,25,53,43,53,0,0,0,0,0,28,0,0,10,0,32,0,0,0,0,81,73
l39,1=0,0,0,0,0,0,0,15,0,0,23,18,14,0,64,0,45,0,55,58,71,34,35,47,56,49,55,51,0,0,6,7,0,39,0,1,0,0,40,5,0,0,71,0,74
l40,1=0,0,0,0,0,0,0,0,0,0,30,0,0,0,55,0,7,0,52,39,33,42,24,32,55,52,37,52,0,0,0,3,0,7,0,0,0,0,0,0,0,0,71,80,0
l41,1=0,0,0,0,0,0,0,0,7,35,53,23,32,0,78,0,62,56,46,59,50,50,1,47,56,56,52,56,0,0,6,55,0,0,0,0,11,0,39,26,0,29,74,83,74
l42,1=0,0,0,0,0,0,0,0,0,0,0,0,0,0,38,0,28,32,0,45,15,24,25,42,55,54,54,50,0,0,0,0,0,15,0,0,35,0,0,0,0,2,70,79,73
l43,1=0,0,0,0,0,0,0,0,0,0,23,0,0,0,30,0,24,23,16,22,11,40,25,42,55,46,45,44,0,0,0,0,38,38,0,20,10,0,1,0,0,0,71,72,73
l44,1=0,0,0,0,0,0,0,0,0,0,0,0,19,6,34,0,0,32,37,23,28,29,25,32,46,48,41,48,0,0,0,0,41,0,0,0,0,0,33,0,3,0,70,66,73

l0,2=0,86,94,86,87,84,91,69,81,86,85,91,81,84,50,0,75,68,0,36,0,0,0,0,0,0,0,0,0,0,76,68,0,0,0,0,0,0,0,0,0,0,0,0,0
l1,2=86,0,94,86,86,89,91,74,85,86,86,91,83,84,73,0,77,49,62,37,63,0,0,0,0,0,0,0,0,0,85,62,0,0,0,0,0,0,0,0,0,0,0,0,0
l2,2=89,87,0,72,77,77,91,87,85,88,85,90,86,41,78,0,73,71,62,35,0,0,0,17,0,49,0,0,0,0,65,61,0,0,0,0,0,0,0,0,0,0,0,0,0
l3,2=89,88,94,0,87,87,91,82,85,84,86,83,84,84,0,0,64,20,65,0,1,0,0,0,0,0,0,0,0,0,82,20,0,0,0,0,0,0,0,0,0,0,0,0,0
l4,2=89,88,89,86,0,87,91,78,83,80,86,87,84,79,71,0,55,32,61,0,0,0,0,0,0,0,0,0,0,0,81,3,0,0,0,0,0,0,0,0,0,0,0,0,0
l5,2=87,88,94,86,87,0,91,91,85,85,86,88,86,84,78,0,79,38,65,12,26,0,0,0,0,0,0,0,0,0,82,39,0,0,0,0,0,0,0,0,0,0,0,0,0
l6,2=87,88,94,78,87,87,0,91,84,85,85,82,86,87,77,0,81,70,65,2,61,22,0,0,0,0,0,0,0,0,81,64,0,0,0,0,0,0,0,0,0,0,0,0,0
l7,2=56,77,94,72,77,86,91,0,85,88,85,91,86,87,79,0,81,0,65,40,58,13,20,32,20,51,31,0,0,0,0,0,0,0,0,0,0,0,0,0,0,0,0,0,0
l8,2=84,80,94,72,78,78,82,89,0,85,85,90,85,87,79,0,81,0,65,38,17,12,33,30,0,41,28,16,0,0,32,50,0,0,0,0,0,0,0,0,0,0,0,0,0
l9,2=82,77,88,71,77,75,82,85,82,0,86,91,85,87,79,0,81,75,65,38,65,18,0,10,27,41,31,25,0,0,46,41,0,0,0,0,0,0,0,0,0,0,0,42,0
l10,2=79,74,86,57,72,75,76,75,72,83,0,90,87,84,77,0,82,66,67,44,69,0,40,24,21,51,37,18,0,0,38,24,0,0,0,0,0,0,0,0,44,0,51,27,2
l11,2=82,77,88,60,72,75,71,91,83,88,84,0,87,88,79,0,82,54,65,37,68,29,38,6,18,51,33,0,0,0,84,42,0,0,0,0,0,0,0,0,0,0,48,46,0
l12,2=76,77,89,70,77,75,82,79,77,83,86,91,0,89,78,0,82,72,65,39,68,0,37,23,26,51,34,26,0,0,51,39,0,0,0,0,0,0,0,0,0,0,47,40,0
l13,2=83,77,80,71,73,75,83,82,82,88,86,91,87,0,79,0,81,43,64,20,59,0,0,25,10,40,0,0,0,0,59,3,0,0,0,0,0,0,0,0,0,0,0,0,0
l14,2=27,37,65,0,39,61,65,65,62,71,83,80,73,62,0,0,82,75,71,59,75,27,37,30,24,52,47,19,0,0,59,63,0,0,0,0,0,0,1,48,0,48,54,63,53
l15,2=56,40,52,34,36,56,81,78,74,57,85,90,87,82,86,0,0,54,65,40,69,34,46,36,23,51,36,19,0,0,86,70,0,0,0,0,0,0,0,40,51,50,60,45,40
l16,2=46,12,54,0,17,20,53,0,0,66,48,37,77,42,80,0,67,0,68,61,75,4,0,0,40,55,20,2,0,0,90,84,42,63,0,2,0,0,30,46,84,65,41,54,26
l17,2=0,35,59,42,38,54,56,65,55,64,86,78,75,46,86,0,77,68,0,41,75,23,38,26,28,29,29,20,0,0,59,32,0,36,0,0,0,0,0,1,47,0,51,40,54
l18,2=37,14,38,0,0,0,19,52,40,46,66,50,47,9,71,0,52,86,47,0,75,40,36,33,47,58,49,20,0,0,45,53,0,25,0,0,26,0,36,42,45,49,49,57,44
l19,2=0,35,0,0,0,0,56,53,12,48,79,70,67,38,86,0,81,89,71,61,0,22,0,24,35,60,45,24,0,0,64,62,0,0,0,0,0,0,0,16,56,43,57,45,47
l20,2=0,0,0,0,0,0,33,39,28,32,0,52,0,0,58,0,49,35,41,50,40,0,85,36,43,62,43,38,0,0,0,0,63,44,0,40,27,46,11,46,33,47,60,50,52
l21,2=0,0,0,0,0,0,0,3,34,0,52,45,38,0,43,0,51,0,40,41,0,54,0,35,42,57,43,35,0,0,0,0,0,0,0,0,28,0,0,0,2,0,47,54,36
l22,2=0,0,2,0,0,0,0,46,27,0,41,30,30,30,51,0,47,0,39,41,25,33,54,0,47,58,49,38,0,0,15,0,62,52,0,42,50,36,47,42,42,6,63,51,39
l23,2=0,0,0,0,0,0,0,35,0,43,44,37,43,19,43,0,45,54,49,54,39,32,59,41,0,63,49,30,0,0,24,26,56,29,0,36,36,35,35,0,39,58,67,66,61
l24,2=0,0,36,0,0,0,0,62,26,36,75,59,54,29,70,0,63,56,25,49,55,39,58,34,47,0,49,30,0,0,25,32,46,32,0,0,27,33,38,40,58,65,72,64,65
l25,2=0,0,0,0,0,0,0,43,26,35,58,37,31,0,58,0,49,40,29,55,39,31,51,50,47,63,0,30,0,0,25,21,53,48,0,27,45,0,20,34,45,30,72,65,58
l26,2=0,0,0,0,0,0,0,0,27,40,50,32,42,0,30,0,29,28,43,41,41,54,67,50,45,59,47,0,0,0,0,0,64,53,0,47,43,36,56,28,50,48,72,59,49
l27,2=65,77,49,58,56,67,73,0,37,35,75,71,39,51,73,0,78,89,61,54,63,0,0,9,15,41,25,0,0,0,0,84,66,81,0,51,42,59,75,84,93,87,0,0,0
l28,2=70,63,54,0,12,47,72,0,70,50,3,65,47,20,80,0,74,89,57,59,66,0,0,0,18,50,29,0,0,0,90,0,75,79,0,68,65,14,82,74,93,89,0,2,2
l29,2=0,0,0,0,0,0,0,0,0,0,0,0,0,0,0,0,0,35,0,0,0,45,0,48,41,42,42,38,0,0,39,73,0,89,0,87,89,97,94,85,92,94,0,0,0
l30,2=0,0,0,0,0,0,0,0,0,0,0,0,0,0,0,0,0,58,37,15,0,27,0,48,17,41,39,34,0,0,86,81,81,0,0,87,89,97,94,85,93,95,44,45,0
l31,2=0,0,0,0,0,0,0,0,0,0,0,0,0,0,0,0,0,33,0,0,0,38,0,44,34,0,33,38,0,0,48,57,81,89,0,0,89,97,94,85,93,95,46,3,0
l32,2=0,0,0,0,0,0,0,0,0,0,0,0,0,0,0,0,0,0,0,40,0,25,44,46,39,47,43,32,0,0,35,64,81,89,0,87,0,97,94,85,28,92,0,0,0
l33,2=0,0,0,0,0,0,0,0,0,0,0,0,0,0,0,0,0,0,0,0,0,35,0,32,40,45,0,22,0,0,72,0,81,89,0,87,89,0,94,85,91,87,0,0,0
l34,2=0,0,0,0,0,0,0,0,0,0,0,0,0,0,0,0,0,31,0,38,0,9,0,42,35,44,29,36,0,0,84,84,81,89,0,87,89,93,0,85,93,95,48,22,0
l35,2=0,0,0,0,0,0,0,0,0,0,0,0,0,0,45,0,34,34,24,37,22,25,4,29,0,43,27,8,0,0,87,70,81,89,0,82,89,97,94,0,93,95,30,0,0
l36,2=0,0,0,0,0,0,0,0,0,0,43,0,0,0,0,0,61,80,39,35,63,18,26,31,27,61,40,25,0,0,89,75,79,86,0,78,15,81,92,85,0,95,0,0,0
l37,2=0,0,0,0,0,0,0,0,0,0,0,0,23,0,45,0,48,65,23,54,34,27,12,20,44,60,28,19,0,0,88,79,80,89,0,86,85,80,94,85,93,0,41,35,0
l38,2=0,0,0,0,0,0,0,0,0,0,32,28,21,0,21,0,24,24,34,35,30,20,23,30,38,57,43,26,0,0,0,0,0,27,0,3,0,0,13,6,0,0,0,71,65
l39,2=0,0,0,0,0,0,0,0,0,29,29,39,20,0,60,0,27,40,29,46,36,16,43,29,45,56,47,26,0,0,0,0,3,29,0,0,0,0,6,0,0,0,76,0,68
l40,2=0,0,0,0,0,0,0,0,0,0,0,0,0,0,40,0,21,19,40,25,29,25,17,20,41,55,42,23,0,0,0,0,0,0,0,0,0,0,0,0,0,0,74,69,0
l41,2=0,0,0,0,0,0,0,0,1,2,58,50,27,36,64,0,51,54,46,52,40,26,0,32,47,60,44,26,0,0,36,30,0,0,0,0,0,0,34,0,37,28,77,72,66
l42,2=0,0,0,0,0,0,0,0,0,0,0,0,0,0,38,0,0,36,31,42,23,18,44,31,44,58,48,24,0,0,0,0,30,0,0,0,1,24,17,0,2,0,75,69,65
l43,2=0,0,0,0,0,0,0,0,0,0,0,0,0,0,31,0,15,29,31,29,20,25,39,27,38,50,43,24,0,0,0,0,0,35,0,0,3,0,23,0,0,0,67,55,66
l44,2=0,0,0,0,0,0,0,0,0,0,0,0,0,0,25,0,8,30,0,32,32,19,43,27,42,48,38,24,0,0,0,0,4,0,0,0,0,11,21,0,0,0,71,55,59

l0,3=0,91,85,97,82,99,91,97,93,88,80,82,87,96,70,0,60,44,2,39,0,0,0,0,0,0,0,0,0,0,0,0,0,0,0,0,0,0,0,0,0,0,0,0,0
l1,3=94,0,93,97,87,99,91,93,94,88,89,83,76,95,68,0,72,51,72,70,60,0,0,0,49,0,5,0,0,0,46,61,0,0,0,0,0,0,0,0,0,0,0,0,0
l2,3=84,92,0,96,85,95,91,98,94,90,88,83,88,97,82,0,70,48,68,73,0,0,0,28,1,0,59,0,0,0,50,0,0,0,0,0,0,0,0,0,0,0,0,0,0
l3,3=94,94,88,0,91,99,78,95,93,88,88,82,88,94,0,0,75,48,11,0,4,0,0,0,0,0,0,0,0,0,45,3,0,0,0,0,0,0,0,0,0,0,0,0,0
l4,3=94,91,93,97,0,99,91,95,93,82,82,82,89,94,73,0,0,31,66,0,0,0,0,0,0,0,0,0,0,0,11,0,0,0,0,0,0,0,0,0,7,0,0,0,0
l5,3=93,92,83,97,89,0,91,98,93,87,89,81,88,97,74,0,25,51,65,63,42,0,0,0,0,0,0,0,0,0,55,63,0,0,0,0,0,0,0,0,0,7,0,0,0
l6,3=86,92,93,88,82,99,0,98,86,90,86,77,87,97,84,0,76,54,69,0,59,0,0,28,0,36,3,0,0,0,2,57,0,0,0,0,0,0,0,0,0,0,0,0,0
l7,3=84,81,82,91,78,94,78,0,93,91,87,84,88,97,93,0,75,12,72,76,68,0,0,67,43,85,84,49,0,0,0,0,0,0,0,0,0,0,0,0,0,0,0,0,0
l8,3=84,82,82,91,78,94,77,97,0,91,86,83,87,97,93,0,75,52,72,79,75,0,71,57,17,73,77,65,0,0,40,0,0,0,0,0,0,0,0,0,0,0,0,44,0
l9,3=84,81,79,87,78,87,77,97,93,0,87,83,88,97,87,0,73,50,73,74,73,30,0,52,66,79,66,42,0,0,42,58,0,0,0,0,0,0,0,0,0,0,0,0,0
l10,3=79,79,79,87,62,89,77,90,83,89,0,78,90,97,89,0,79,49,73,76,78,68,44,62,62,81,81,77,0,0,54,66,0,0,0,0,0,0,0,0,0,0,0,46,0
l11,3=83,81,79,87,78,89,77,97,93,91,86,0,90,97,88,0,76,54,70,75,78,59,55,47,65,80,79,63,0,0,53,58,0,0,0,0,0,0,0,0,0,0,0,43,0
l12,3=82,73,79,86,78,90,77,94,87,90,90,84,0,97,88,0,78,49,72,71,72,23,56,49,70,78,81,75,0,0,49,58,0,0,0,0,0,0,0,0,48,24,0,32,0
l13,3=84,81,79,85,78,90,77,97,93,91,88,84,89,0,87,0,77,53,51,69,72,52,4,65,68,79,30,18,0,0,45,17,0,0,0,0,0,0,0,0,0,0,4,0,0
l14,3=58,52,48,0,53,70,70,83,92,86,87,81,81,88,0,0,80,79,89,77,97,65,49,58,60,79,84,0,0,0,49,68,0,0,0,0,0,0,0,55,9,0,52,50,61
l15,3=0,74,50,63,2,42,76,93,86,81,89,83,88,96,94,0,0,63,75,74,84,69,63,63,74,82,81,51,0,0,58,67,0,41,0,0,0,0,0,0,52,41,47,43,10
l16,3=57,59,50,20,37,63,77,22,46,66,82,50,71,78,96,0,80,0,72,92,97,42,0,34,66,80,77,63,0,0,91,92,0,68,0,0,0,0,68,68,83,26,49,53,51
l17,3=0,68,38,32,49,64,62,75,89,89,90,82,80,66,96,0,78,60,0,81,88,61,50,58,79,70,60,52,0,0,49,60,0,0,0,0,0,0,0,0,59,46,47,39,0
l18,3=0,55,38,0,0,42,35,73,84,73,75,68,48,60,80,0,79,91,82,0,97,81,69,60,94,95,96,86,0,0,65,69,9,13,0,25,3,2,51,0,36,58,46,48,60
l19,3=0,41,0,0,24,44,21,60,77,76,80,77,67,63,96,0,79,89,88,92,0,67,52,57,82,89,71,77,0,0,63,71,53,0,0,0,0,0,4,0,65,32,55,57,5
l20,3=0,0,0,0,0,0,0,0,0,1,66,49,18,9,71,0,73,29,49,86,70,0,96,80,77,87,88,98,0,0,0,0,82,70,0,15,72,58,70,0,0,35,69,62,81
l21,3=0,0,0,0,0,0,0,0,75,0,15,27,0,0,65,0,73,0,48,86,65,96,0,78,87,75,89,94,0,0,0,0,39,17,0,45,0,9,0,0,0,0,61,69,53
l22,3=0,0,0,0,0,0,0,52,36,26,32,12,13,58,55,0,61,18,46,70,43,94,74,0,88,92,96,98,0,0,16,0,66,78,0,46,77,26,58,26,29,37,70,43,45
l23,3=0,4,0,0,0,0,0,24,0,49,20,35,49,37,66,0,66,51,65,91,80,35,73,74,0,96,96,88,0,0,33,12,56,43,0,41,59,22,53,61,38,63,72,70,89
l24,3=0,0,0,0,0,0,34,57,50,56,68,44,50,59,67,0,67,45,39,89,78,90,61,80,94,0,95,79,0,0,0,34,54,47,0,32,46,41,50,50,55,51,52,67,81
l25,3=0,0,8,0,0,0,0,50,54,38,59,29,54,36,79,0,72,70,19,86,57,90,83,85,94,96,0,88,0,0,0,44,39,50,0,50,78,22,67,28,50,5,71,70,88
l26,3=0,0,0,0,0,0,0,23,51,33,63,31,54,23,46,0,44,51,4,86,74,96,93,85,88,74,90,0,0,0,11,0,75,77,0,83,74,33,71,71,51,46,68,65,79
l27,3=8,60,60,68,4,81,59,0,47,54,60,69,60,72,53,0,75,91,66,87,73,0,0,46,53,0,0,0,0,0,0,92,71,80,0,34,71,53,88,87,93,92,40,30,0
l28,3=2,57,3,0,1,76,62,0,21,25,56,29,54,11,88,0,74,91,76,91,84,0,0,6,27,58,55,0,0,0,91,0,77,94,0,46,79,69,94,88,93,93,22,34,0
l29,3=0,0,0,0,0,0,0,0,0,0,0,0,0,0,0,0,0,0,0,39,37,95,56,79,73,90,67,92,0,0,83,80,0,99,0,100,100,100,98,93,79,100,63,0,0
l30,3=0,0,0,0,0,0,0,0,0,0,0,0,0,0,0,0,43,74,0,9,0,84,21,85,61,84,84,97,0,0,91,92,97,0,0,100,100,100,98,93,93,100,64,0,12
l31,3=0,0,0,0,0,0,0,0,0,0,0,0,0,0,0,0,0,0,0,68,1,1,61,58,75,71,83,97,0,0,57,64,97,99,0,0,100,100,98,93,93,99,0,22,54
l32,3=0,0,0,0,0,0,0,0,0,0,0,0,0,0,0,0,0,0,0,4,0,92,8,85,86,53,96,98,0,0,76,91,97,99,0,100,0,100,98,93,93,100,0,0,0
l33,3=0,0,0,0,0,0,0,0,0,0,0,0,0,0,0,0,0,0,0,0,0,79,0,65,30,81,21,72,0,0,66,79,97,99,0,100,100,0,98,93,93,96,0,0,0
l34,3=0,0,0,0,0,0,0,0,0,0,0,0,0,0,0,0,0,78,0,75,0,84,10,71,75,71,88,80,0,0,90,92,97,99,0,100,100,99,0,93,93,100,0,0,0
l35,3=0,0,0,0,0,0,0,0,0,0,0,0,0,0,74,0,0,75,19,0,0,0,5,59,72,85,26,81,0,0,89,92,97,99,0,98,100,100,98,0,93,100,0,0,0
l36,3=0,31,0,0,18,0,0,0,0,0,0,0,31,0,50,0,68,81,74,82,80,0,0,31,67,82,78,72,0,0,89,84,87,97,0,92,89,88,97,91,0,100,0,2,0
l37,3=0,0,0,0,0,43,0,0,0,0,0,0,43,0,14,0,43,49,61,86,62,57,3,33,84,90,45,66,0,0,91,92,97,99,0,97,99,86,98,93,93,0,32,48,0
l38,3=0,0,0,0,0,0,0,0,0,0,0,0,0,0,65,0,44,25,18,10,60,68,38,50,76,72,83,63,0,0,13,2,30,23,0,0,0,0,0,0,0,0,0,74,89
l39,3=0,0,0,0,0,0,0,0,46,0,48,34,24,7,69,0,54,32,38,59,63,55,51,34,70,77,80,59,0,0,13,21,0,0,0,0,0,0,0,0,6,9,77,0,90
l40,3=0,0,0,0,0,0,0,0,0,0,0,0,0,0,69,0,8,43,7,48,10,77,26,45,78,83,82,60,0,0,0,0,0,3,0,0,0,0,0,0,0,0,77,74,0
l41,3=0,0,0,0,0,0,0,0,1,35,21,37,46,58,75,0,64,70,53,86,47,67,41,69,92,91,90,51,0,0,0,36,39,0,0,0,0,0,2,0,0,0,77,70,88
l42,3=0,0,0,0,0,0,0,0,0,0,1,0,0,9,52,0,34,29,28,66,55,65,54,9,81,85,83,59,0,0,0,0,38,0,0,0,0,30,40,0,0,0,71,71,88
l43,3=0,0,0,0,0,0,0,0,0,0,5,0,0,0,43,0,15,27,25,55,35,83,33,51,68,74,82,69,0,0,0,0,31,23,0,0,0,0,32,25,0,0,71,69,87
l44,3=0,0,0,0,0,0,0,0,1,0,0,0,0,0,46,0,23,27,7,59,6,43,56,34,78,80,82,61,0,0,0,0,17,25,0,0,0,0,0,0,4,0,71,60,88

l0,4=0,94,90,94,95,96,97,94,91,91,82,79,89,95,96,0,67,34,8,4,0,0,0,0,0,0,0,0,0,0,0,0,0,0,0,0,0,0,0,0,1,0,0,0,0
l1,4=99,0,99,93,97,96,97,94,92,52,86,79,89,95,0,0,41,69,0,70,0,0,0,0,14,0,0,0,0,0,6,0,0,0,0,0,0,0,0,0,35,0,0,0,0
l2,4=94,94,0,90,97,95,97,94,92,91,83,81,93,95,85,0,48,70,17,72,16,0,0,0,0,0,0,0,0,0,0,58,0,0,0,0,0,0,0,0,0,0,0,0,0
l3,4=99,94,99,0,99,96,97,95,91,90,82,79,87,95,83,0,69,37,72,0,0,0,0,0,0,0,0,0,0,0,58,73,0,0,0,0,0,0,0,0,0,0,0,0,0
l4,4=99,94,98,96,0,96,97,95,89,91,85,79,89,95,83,0,67,75,83,1,0,0,0,0,0,0,0,0,0,0,4,76,0,0,0,0,0,0,0,0,0,0,0,0,0
l5,4=99,94,90,94,97,0,97,95,86,90,86,79,89,89,2,0,64,69,78,15,47,0,0,0,0,0,0,0,0,0,70,0,0,0,0,0,0,0,0,0,65,0,0,0,0
l6,4=93,94,90,73,92,95,0,91,86,91,84,79,89,95,92,0,67,72,86,49,48,0,0,0,0,8,0,0,0,0,68,0,0,0,0,0,0,0,0,0,0,0,0,0,0
l7,4=93,92,90,81,92,85,97,0,92,91,88,79,89,95,97,0,67,0,86,77,46,21,0,68,5,51,52,2,0,0,0,0,0,0,0,0,0,0,0,0,0,0,0,0,0
l8,4=93,92,97,83,81,84,94,95,0,91,0,80,89,95,95,0,64,49,86,77,43,62,0,64,28,0,47,47,0,0,41,3,0,0,0,0,0,0,0,0,0,0,0,40,0
l9,4=92,81,90,63,78,85,97,95,90,0,88,79,89,95,95,0,67,68,86,63,46,0,0,47,59,53,1,29,0,0,51,58,0,0,0,0,0,0,0,0,0,0,0,0,0
l10,4=79,86,69,58,77,82,71,75,0,88,0,61,93,93,94,0,74,63,84,66,51,58,0,62,62,59,59,7,0,0,29,65,0,0,0,0,0,0,0,0,5,2,31,41,43
l11,4=89,92,90,58,92,85,96,95,90,91,83,0,93,95,86,0,70,9,86,77,46,0,0,72,61,53,43,47,0,0,45,66,0,0,0,0,0,0,0,0,0,0,0,0,0
l12,4=79,92,96,56,78,88,96,95,85,91,93,81,0,96,97,0,74,73,74,66,53,59,3,63,60,52,61,50,0,0,35,38,0,0,0,0,0,0,0,0,27,0,12,40,54
l13,4=89,92,85,65,83,79,94,95,90,91,88,79,89,0,97,0,69,71,81,65,52,57,0,68,58,54,46,1,0,0,19,42,0,0,0,0,0,0,0,0,0,0,0,32,0
l14,4=72,0,53,41,52,0,71,67,74,77,84,58,80,81,0,0,74,85,91,65,80,61,0,70,56,69,73,57,0,0,59,60,0,0,0,0,0,0,0,60,59,49,47,48,80
l15,4=72,16,0,58,67,64,86,69,67,77,93,79,89,82,98,0,0,76,86,77,65,64,70,64,63,55,57,48,0,0,63,75,0,56,0,0,0,0,2,0,64,47,35,41,15
l16,4=15,73,55,29,60,69,71,0,50,73,74,42,85,81,98,0,75,0,87,82,78,26,0,38,63,60,67,7,0,0,90,92,0,59,0,0,0,0,54,61,69,49,38,46,73
l17,4=0,0,0,51,64,64,73,65,70,78,88,61,77,80,98,0,75,76,0,76,48,65,18,66,64,55,60,44,0,0,57,65,0,0,0,0,0,0,0,6,64,46,33,44,70
l18,4=0,54,47,0,0,0,46,65,72,52,76,57,68,57,83,0,66,77,80,0,86,65,77,65,83,88,84,59,0,0,66,75,0,46,0,51,0,0,39,35,52,58,50,71,77
l19,4=0,0,0,0,0,59,59,62,65,70,80,55,82,81,98,0,75,85,74,82,0,68,70,64,79,70,61,66,0,0,59,66,24,0,0,0,0,0,38,0,59,50,48,65,83
l20,4=0,0,0,0,0,0,0,26,47,5,49,0,21,48,56,0,64,39,61,65,67,0,97,76,80,93,82,87,0,0,0,0,69,72,0,45,39,68,60,33,1,8,70,70,86
l21,4=0,0,0,0,0,0,0,0,0,0,0,8,6,0,18,0,55,0,3,81,49,94,0,84,83,88,84,85,0,0,0,0,0,0,0,56,0,0,21,0,0,0,58,83,87
l22,4=0,0,0,0,0,0,0,38,47,40,53,45,43,40,67,0,55,19,64,53,41,81,80,0,84,93,89,87,0,0,0,0,55,69,0,52,72,57,46,37,55,39,40,76,64
l23,4=0,7,0,0,0,0,0,21,13,45,58,40,60,50,75,0,60,55,69,81,75,79,73,86,0,94,89,78,0,0,25,0,45,29,0,58,49,43,45,49,52,70,79,89,93
l24,4=0,0,0,0,0,0,39,52,50,56,83,55,57,51,86,0,51,59,83,73,43,88,85,79,81,0,87,81,0,0,38,31,44,54,0,41,39,36,49,64,66,46,79,87,90
l25,4=0,0,27,0,0,0,0,47,34,12,64,44,60,33,75,0,57,67,65,75,57,71,81,87,84,94,0,80,0,0,13,0,59,67,0,51,64,63,49,46,73,36,73,87,85
l26,4=0,0,0,0,0,0,0,36,43,6,14,35,56,44,65,0,55,18,57,67,57,94,93,87,80,88,88,0,0,0,25,42,56,60,0,58,69,55,43,49,0,46,73,45,83
l27,4=0,0,0,15,56,82,66,0,35,42,0,49,33,2,80,0,66,84,88,79,61,0,0,2,31,32,10,4,0,0,0,94,74,51,0,56,50,24,81,100,98,99,21,0,0
l28,4=0,0,3,59,76,0,0,0,0,35,68,60,58,30,69,0,72,84,85,82,64,0,0,0,9,27,16,26,0,0,92,0,61,100,0,65,87,74,82,100,98,99,0,37,17
l29,4=0,0,0,0,0,0,0,0,0,0,0,0,0,0,0,0,0,0,0,7,10,88,0,72,61,74,86,67,0,0,73,53,0,100,0,87,95,99,99,100,89,99,60,0,0
l30,4=0,0,0,0,0,0,0,0,0,0,0,0,0,0,0,0,50,63,0,41,0,88,0,79,49,68,72,67,0,0,51,90,88,0,0,87,93,86,99,99,97,96,55,48,2
l31,4=0,0,0,0,0,0,0,0,0,0,0,0,0,0,0,0,0,0,0,55,1,71,81,71,71,72,66,78,0,0,55,69,88,100,0,0,95,99,99,100,98,99,0,63,77
l32,4=0,0,0,0,0,0,0,0,0,0,0,0,0,0,0,0,0,0,0,0,0,65,0,80,64,76,76,82,0,0,63,84,88,100,0,87,0,99,99,100,98,99,23,0,0
l33,4=0,0,0,0,0,0,0,0,0,0,0,0,0,0,0,0,0,0,0,0,0,84,0,72,60,11,84,56,0,0,0,78,88,100,0,87,94,0,99,100,98,70,0,0,0
l34,4=0,0,0,0,0,0,0,0,0,0,0,0,0,0,0,0,0,73,0,55,24,81,6,71,58,73,67,53,0,0,76,89,88,100,0,84,93,86,0,100,96,99,1,0,0
l35,4=0,0,0,0,0,0,0,0,0,0,0,0,0,0,68,0,12,77,7,56,23,43,0,64,63,76,70,65,0,0,82,90,86,98,0,84,93,86,99,0,95,99,0,0,0
l36,4=0,6,0,0,0,52,0,0,0,0,0,0,54,0,43,0,50,76,68,54,36,0,0,62,48,58,70,0,0,0,79,76,81,96,0,80,91,78,94,98,0,99,0,0,0
l37,4=0,0,0,0,34,0,0,0,0,0,0,0,0,0,58,0,47,62,60,63,52,35,2,56,71,76,49,43,0,0,92,94,88,100,0,87,95,66,99,100,98,0,0,0,71
l38,4=0,0,0,0,0,0,0,0,6,0,34,0,11,0,74,0,49,43,56,43,52,53,49,49,80,80,75,62,0,0,1,0,21,18,0,0,3,0,0,0,0,0,0,89,97
l39,4=0,0,0,0,0,0,0,0,31,8,51,0,44,33,75,0,43,65,69,64,65,53,49,71,80,80,86,29,0,0,0,30,0,19,0,27,0,0,0,0,0,0,81,0,94
l40,4=0,0,0,0,0,0,0,0,0,0,0,0,19,0,71,0,3,18,58,52,52,62,65,13,75,75,72,66,0,0,0,0,0,0,0,14,0,0,0,0,0,29,81,86,0
l41,4=0,0,0,0,0,0,0,0,10,0,47,43,54,58,79,0,55,71,67,65,55,64,53,74,79,85,83,43,0,0,40,49,43,0,0,0,0,0,34,0,0,0,79,86,89
l42,4=0,0,0,0,0,0,0,0,0,0,41,0,2,0,70,0,30,32,62,60,42,72,73,76,79,93,74,64,0,0,0,0,24,0,0,26,12,0,41,0,0,0,79,89,97
l43,4=0,0,0,0,0,0,0,0,0,0,4,0,0,0,59,0,0,22,0,35,53,72,11,65,68,75,78,55,0,0,1,0,29,26,0,1,24,0,17,1,0,0,77,87,94
l44,4=0,0,0,0,0,0,0,0,0,1,1,0,0,0,62,0,43,28,56,54,40,71,65,67,80,85,84,0,0,0,0,0,17,30,0,0,0,0,0,0,0,0,81,87,93

l0,5=0,96,78,95,82,85,83,81,86,91,74,80,70,79,69,0,67,61,40,0,0,0,0,0,0,0,0,0,0,0,59,1,0,0,0,0,0,0,0,0,0,0,0,0,0
l1,5=90,0,83,95,81,88,83,82,86,58,84,77,71,79,0,0,63,66,38,31,58,0,0,0,0,0,0,0,0,0,0,0,0,0,0,0,0,0,0,0,52,0,0,0,0
l2,5=58,96,0,89,81,89,83,85,86,86,46,75,71,80,42,0,70,32,7,3,0,0,0,0,14,0,1,0,0,0,35,25,0,0,0,0,0,0,0,0,0,0,0,0,0
l3,5=92,96,82,0,87,81,83,82,86,59,0,81,38,34,0,0,72,57,50,0,0,0,0,0,0,0,0,0,0,0,62,45,0,0,0,0,0,0,0,0,0,0,0,0,0
l4,5=89,96,82,95,0,89,83,83,86,86,78,80,71,80,0,0,71,61,63,46,0,0,0,0,0,0,0,0,0,0,56,35,0,0,0,0,0,0,0,0,0,0,0,0,0
l5,5=91,96,82,89,82,0,83,82,81,85,85,80,69,74,62,0,68,64,47,51,17,0,0,0,0,0,0,0,0,0,47,30,0,0,0,0,0,0,4,14,57,0,0,0,0
l6,5=90,96,82,84,82,88,0,84,83,91,84,79,72,79,68,0,75,64,70,67,0,0,0,0,37,45,22,0,0,0,13,46,0,0,0,0,0,0,0,0,0,0,0,0,0
l7,5=78,93,83,83,76,83,82,0,86,91,74,80,69,79,73,0,73,0,72,76,0,0,0,0,0,54,60,30,0,0,0,0,0,0,0,0,0,0,0,0,0,0,0,0,0
l8,5=91,96,83,76,76,61,73,87,0,91,75,81,73,82,70,0,69,51,54,71,55,0,19,70,41,45,62,42,0,0,18,0,0,0,0,0,0,0,0,0,0,0,0,1,0
l9,5=79,76,72,70,65,78,79,81,86,0,84,81,70,81,75,0,69,56,77,0,61,7,0,13,45,42,55,36,0,0,20,9,0,0,0,0,0,0,0,0,0,0,0,9,0
l10,5=7,79,21,0,34,43,73,55,43,76,0,41,72,79,82,0,77,67,69,70,74,14,4,36,60,54,62,47,0,0,33,25,0,0,0,0,0,0,0,0,0,7,25,34,32
l11,5=46,79,67,51,43,75,73,83,86,91,75,0,75,81,17,0,74,0,69,68,67,0,0,38,56,37,49,49,0,0,32,28,0,0,0,0,0,0,0,0,0,0,0,0,0
l12,5=39,93,82,34,48,47,81,80,86,91,85,81,0,83,79,0,77,68,73,65,78,1,7,0,61,48,70,50,0,0,26,0,0,0,0,0,0,0,0,0,3,0,22,27,0
l13,5=71,81,67,15,71,71,74,76,86,91,83,81,75,0,70,0,69,68,69,70,74,12,0,34,59,53,24,46,0,0,37,22,0,0,0,0,0,0,0,0,0,0,1,33,0
l14,5=21,3,17,0,4,31,39,48,48,73,82,2,43,77,0,0,76,83,90,86,86,4,4,32,67,38,47,24,0,0,35,24,0,0,0,0,0,0,2,35,23,12,23,46,56
l15,5=21,61,17,25,27,33,73,55,46,65,85,75,70,62,79,0,0,71,88,73,78,16,6,34,62,50,68,45,0,0,31,52,0,30,0,0,0,0,16,0,52,16,21,36,55
l16,5=6,46,0,4,27,35,50,0,25,27,37,0,19,63,82,0,74,0,84,91,88,0,0,28,59,46,67,10,0,0,53,75,0,0,0,0,0,0,26,47,80,22,6,27,51
l17,5=7,30,1,0,6,24,61,48,35,70,37,18,18,55,83,0,74,70,0,61,84,5,3,34,45,66,60,0,0,0,63,26,0,0,0,0,0,0,3,0,35,6,25,51,56
l18,5=0,4,18,0,15,27,48,43,68,0,61,52,27,51,75,0,60,78,60,0,87,73,53,74,76,71,78,71,0,0,47,55,34,22,0,16,0,0,64,35,66,1,79,68,62
l19,5=1,38,0,0,0,26,0,0,32,21,43,18,20,58,80,0,74,79,87,93,0,16,5,36,80,56,54,74,0,0,35,34,0,0,0,0,0,0,21,41,49,20,27,49,57
l20,5=0,0,0,0,0,0,0,0,0,2,20,0,8,34,37,0,50,0,33,73,49,0,82,90,72,65,79,83,0,0,0,0,67,68,0,31,49,36,63,0,26,21,73,67,58
l21,5=0,0,0,0,0,0,0,0,36,0,18,0,20,0,56,0,47,0,27,73,9,89,0,62,65,72,83,83,0,0,0,0,38,0,0,3,0,0,13,0,0,0,69,27,36
l22,5=0,0,0,0,0,0,0,0,61,0,46,52,0,42,50,0,50,49,51,71,61,79,50,0,79,72,85,83,0,0,16,0,55,70,0,34,57,59,63,42,55,46,78,73,58
l23,5=0,0,0,0,0,0,6,0,15,22,41,10,44,47,56,0,56,56,45,77,68,72,34,92,0,73,86,71,0,0,9,0,29,25,0,57,15,11,0,50,30,53,79,74,65
l24,5=0,0,0,0,0,0,21,35,37,31,55,18,30,45,47,0,47,50,58,75,66,71,63,92,81,0,79,72,0,0,8,21,18,40,0,29,6,0,0,38,38,2,72,73,67
l25,5=0,0,0,0,0,0,15,23,26,28,44,18,45,41,52,0,56,56,60,77,34,79,61,92,81,74,0,78,0,0,8,8,66,68,0,30,0,51,40,23,33,22,71,84,55
l26,5=0,0,0,0,0,0,0,18,17,19,25,29,30,41,43,0,27,20,0,74,63,87,72,92,69,65,77,0,0,0,6,4,52,65,0,35,51,19,31,16,34,14,66,33,54
l27,5=13,2,21,39,36,47,33,0,17,0,10,17,11,43,65,0,58,83,81,62,45,0,0,9,17,25,8,0,0,0,0,75,38,64,0,25,0,16,30,69,92,34,3,3,0
l28,5=0,0,15,19,26,30,44,0,0,1,14,17,0,30,56,0,72,84,49,85,80,0,0,0,0,50,34,4,0,0,80,0,40,65,0,59,43,29,28,69,92,89,6,28,0
l29,5=0,0,0,0,0,0,0,0,0,0,0,0,0,0,0,0,0,0,0,61,0,56,42,60,50,47,74,62,0,0,37,44,0,90,0,88,75,85,81,75,65,76,32,32,15
l30,5=0,0,0,0,0,0,0,0,0,0,0,0,0,0,0,0,23,0,0,19,0,48,0,72,14,45,70,67,0,0,42,49,82,0,0,88,78,83,82,74,88,83,19,15,26
l31,5=0,0,0,0,0,0,0,0,0,0,0,0,0,0,0,0,0,0,0,51,0,24,4,36,62,52,59,64,0,0,46,46,82,90,0,0,82,90,81,75,84,79,25,8,13
l32,5=0,0,0,0,0,0,0,0,0,0,0,0,0,0,0,0,0,0,0,50,0,44,0,83,49,44,14,70,0,0,0,53,82,90,0,88,0,88,80,74,81,79,0,0,0
l33,5=0,0,0,0,0,0,0,0,0,0,0,0,0,0,0,0,0,0,0,0,0,47,0,75,48,0,72,27,0,0,38,55,82,90,0,88,80,0,81,63,80,59,0,0,0
l34,5=0,0,0,0,0,9,0,0,0,0,0,0,0,0,0,0,40,49,2,63,32,30,4,47,0,0,62,21,0,0,27,22,80,90,0,75,61,76,0,82,83,83,0,17,28
l35,5=0,0,0,0,0,25,0,0,0,0,0,0,0,0,48,0,0,64,0,40,37,0,0,20,54,58,55,20,0,0,66,69,82,90,0,84,74,17,82,0,94,93,0,0,4
l36,5=0,28,0,0,0,31,0,0,0,0,0,0,0,0,45,0,56,70,28,61,33,12,0,18,28,50,52,22,0,0,80,72,72,90,0,76,65,80,82,83,0,93,0,0,0
l37,5=0,0,0,0,24,0,0,0,0,0,14,0,0,0,48,0,51,55,28,19,43,20,0,33,67,28,62,25,0,0,67,69,81,90,0,82,71,36,82,83,94,0,0,0,0
l38,5=0,0,0,0,0,0,0,0,0,0,22,0,12,0,35,0,17,10,35,46,26,34,21,48,67,51,47,34,0,0,13,0,1,23,0,17,0,0,0,0,0,0,0,70,79
l39,5=0,0,0,0,0,0,0,0,0,11,13,4,7,36,56,0,45,16,58,71,66,35,2,65,64,60,78,17,0,0,0,8,5,35,0,0,0,0,5,0,0,0,77,0,77
l40,5=0,0,0,0,0,0,0,0,0,0,0,0,0,0,42,0,19,11,27,63,26,48,11,51,65,58,54,56,0,0,0,0,0,23,0,0,0,0,12,0,0,0,82,80,0
l41,5=0,0,0,0,0,0,0,0,0,16,13,13,24,10,59,0,50,54,62,74,68,2,10,74,78,61,80,56,0,0,15,10,19,0,0,0,0,0,4,7,32,0,84,84,63
l42,5=0,0,0,0,0,0,0,0,0,0,10,0,0,0,45,0,0,26,26,72,43,65,10,76,67,64,77,70,0,0,0,0,0,29,0,25,10,0,0,0,26,0,84,81,74
l43,5=0,0,0,0,0,0,0,0,0,0,16,0,0,0,27,0,0,0,22,48,31,37,28,60,63,60,75,65,0,0,0,0,21,23,0,21,0,6,32,6,0,0,84,81,74
l44,5=0,0,0,0,0,0,0,0,0,0,14,0,0,0,35,0,24,20,20,53,23,46,29,42,67,64,77,33,0,0,0,0,16,29,0,1,0,0,5,0,0,0,84,80,72

l0,6=0,85,78,89,71,68,87,78,62,54,58,69,73,81,56,0,64,35,29,12,13,0,0,0,0,0,0,0,0,0,56,5,0,0,0,0,0,0,0,0,0,0,0,0,0
l1,6=90,0,85,87,76,72,90,81,66,54,73,71,79,82,0,0,83,31,42,33,18,0,0,0,0,0,0,0,0,0,44,0,0,0,0,0,0,0,0,0,0,0,0,0,0
l2,6=88,91,0,89,63,72,91,86,72,53,67,74,80,81,53,0,80,37,30,33,18,0,0,1,0,40,0,0,0,0,0,0,0,0,0,0,0,0,0,0,0,0,0,0,0
l3,6=92,91,85,0,77,69,89,78,61,54,63,70,0,80,40,0,79,42,1,3,0,0,0,0,0,0,0,0,0,0,67,0,0,0,0,0,0,0,0,0,0,0,0,0,0
l4,6=91,90,73,89,0,72,89,78,64,54,50,71,79,74,49,0,74,0,25,29,0,0,0,0,0,0,0,0,0,0,71,43,0,0,0,0,0,0,0,0,0,0,0,0,0
l5,6=90,91,83,82,76,0,88,79,61,53,74,66,75,76,62,0,85,25,45,18,0,0,0,0,3,6,0,0,0,0,49,62,0,0,0,0,0,0,18,17,0,0,0,0,0
l6,6=90,91,84,85,72,69,0,79,63,68,76,60,79,76,63,0,80,47,54,49,38,33,0,0,22,40,0,0,0,0,2,0,0,0,0,0,0,0,0,0,5,0,0,0,0
l7,6=80,84,82,73,64,69,87,0,72,68,62,77,71,83,68,0,82,58,56,52,14,0,0,0,0,53,52,0,0,0,0,0,0,0,0,0,0,0,0,0,0,0,0,0,0
l8,6=89,90,85,67,67,68,89,86,0,68,60,77,80,84,69,0,77,45,33,51,0,32,23,44,53,52,57,34,0,0,0,0,0,0,0,0,0,0,0,0,0,0,0,0,0
l9,6=89,78,77,80,68,54,91,86,72,0,74,77,80,85,73,0,80,28,69,9,45,3,13,18,55,48,47,1,0,0,26,16,0,0,0,0,0,0,0,0,0,0,17,0,0
l10,6=29,39,53,61,24,57,77,71,30,50,0,69,79,78,73,0,89,39,46,40,65,27,14,46,66,58,59,6,0,0,12,31,0,0,0,0,0,0,0,0,26,7,22,22,0
l11,6=83,78,72,73,63,55,75,82,67,67,74,0,80,80,70,0,86,25,73,56,40,47,0,45,65,47,49,26,0,0,40,27,0,0,0,0,0,0,0,0,0,0,0,0,0
l12,6=36,85,81,36,62,32,86,74,72,66,81,77,0,85,73,0,86,31,72,60,58,2,0,32,62,53,57,13,0,0,17,29,0,0,0,0,0,0,0,0,0,0,16,20,0
l13,6=89,79,74,75,59,55,81,81,69,67,78,77,80,0,73,0,82,65,68,61,47,3,3,45,59,55,55,39,0,0,68,56,0,0,0,0,0,0,0,0,0,0,8,12,0
l14,6=5,0,28,27,18,13,34,57,26,50,78,60,77,79,0,0,86,77,78,67,72,39,26,36,64,55,14,12,0,0,43,39,0,7,0,0,0,0,3,0,20,0,23,30,47
l15,6=14,29,47,44,22,27,62,71,30,47,78,63,72,71,72,0,0,40,71,45,65,62,45,52,65,32,60,28,0,0,15,41,0,0,0,0,0,0,5,0,40,0,0,29,29
l16,6=4,6,46,40,10,5,25,24,10,23,71,33,63,66,75,0,79,0,42,49,71,13,0,52,66,34,59,10,0,0,49,73,6,0,0,0,9,0,8,1,74,51,4,7,33
l17,6=20,26,44,0,17,10,44,55,9,48,68,60,72,67,81,0,78,74,0,64,69,48,11,51,64,57,57,25,0,0,43,43,0,0,0,0,0,0,0,0,35,7,36,51,46
l18,6=1,17,18,2,25,1,30,49,43,3,52,39,65,57,67,0,65,73,58,0,75,60,38,51,70,65,68,55,0,0,23,59,33,8,0,11,23,4,55,34,45,0,62,57,47
l19,6=11,8,10,0,0,1,40,33,0,34,69,41,64,56,78,0,79,76,74,69,0,62,42,48,74,61,50,48,0,0,39,60,0,18,0,0,0,0,41,40,51,46,12,56,0
l20,6=0,0,0,0,0,0,0,0,9,0,20,14,12,5,15,0,37,5,29,58,45,0,71,80,74,72,64,78,0,0,0,1,61,46,0,28,43,0,68,14,23,26,59,16,22
l21,6=0,0,0,0,0,0,0,0,7,2,5,0,0,0,30,0,28,0,20,39,31,82,0,69,69,64,62,78,0,0,0,0,33,21,0,0,0,0,34,0,0,0,20,9,28
l22,6=0,0,0,0,0,0,0,10,0,0,26,17,29,27,28,0,57,25,47,63,28,73,48,0,75,73,80,80,0,0,0,18,31,60,0,39,62,32,44,17,24,37,67,18,48
l23,6=0,0,0,0,0,0,0,4,13,15,41,34,61,25,49,0,55,57,43,66,71,73,23,81,0,74,80,67,0,0,23,12,35,21,0,46,30,0,40,26,32,32,68,61,51
l24,6=0,0,6,0,0,2,9,38,30,27,51,18,44,21,30,0,24,17,56,67,67,68,45,82,75,0,80,66,0,0,2,14,0,26,0,40,32,2,13,11,22,35,72,59,65
l25,6=0,0,0,0,0,0,1,13,26,21,36,14,54,16,19,0,52,47,36,66,28,63,20,83,75,75,0,64,0,0,0,0,42,20,0,30,34,30,31,12,33,29,68,69,19
l26,6=0,0,0,0,0,0,0,0,0,1,12,11,13,14,19,0,27,9,39,66,58,80,53,82,74,70,69,0,0,0,6,0,57,39,0,47,54,26,64,12,26,32,66,7,29
l27,6=4,5,0,45,20,7,0,0,0,23,30,34,47,50,62,0,53,42,34,19,60,0,0,0,44,5,0,3,0,0,0,56,19,18,0,29,55,12,27,47,81,60,0,0,0
l28,6=2,0,0,0,26,21,0,0,0,14,49,31,54,47,57,0,60,78,26,44,59,0,0,37,46,30,0,0,0,0,82,0,26,27,0,24,56,28,27,30,78,59,21,0,0
l29,6=0,0,0,0,0,0,0,0,0,0,0,0,0,0,0,0,4,7,0,47,0,67,15,41,66,0,59,50,0,0,52,66,0,81,0,81,74,75,83,62,74,71,7,28,0
l30,6=0,0,0,0,0,0,0,0,0,0,0,0,0,0,25,0,0,1,5,25,38,64,8,62,64,36,59,40,0,0,61,68,78,0,0,74,70,72,82,54,76,72,0,16,25
l31,6=0,0,0,0,0,0,0,0,0,0,0,0,0,0,0,0,0,6,0,31,0,31,13,60,68,52,56,47,0,0,49,50,78,80,0,0,78,80,76,56,70,71,20,3,0
l32,6=0,0,0,0,0,0,0,0,0,0,0,0,0,0,0,0,0,0,0,24,0,61,0,63,62,51,57,47,0,0,55,66,78,78,0,81,0,74,75,54,70,67,19,0,0
l33,6=0,0,0,0,0,0,0,0,0,0,0,0,0,0,0,0,0,0,0,1,0,18,0,51,0,0,57,41,0,0,4,54,76,76,0,81,68,0,76,45,68,70,0,0,0
l34,6=0,0,0,0,0,11,0,0,0,0,0,0,0,0,44,0,35,30,0,47,60,64,14,51,66,28,58,47,0,0,60,45,77,79,0,73,67,68,0,65,77,72,35,21,0
l35,6=0,0,0,0,0,12,0,0,0,0,0,0,0,0,0,0,7,0,0,32,55,44,0,51,64,32,30,20,0,0,60,67,78,76,0,68,66,38,83,0,87,83,21,7,0
l36,6=0,0,0,0,0,0,1,0,0,0,21,0,0,0,28,0,53,61,14,31,52,58,0,48,64,32,33,22,0,0,79,70,72,81,0,71,66,59,83,72,0,75,0,10,0
l37,6=0,0,0,0,0,0,0,0,0,0,34,0,0,0,0,0,0,28,11,14,52,59,0,51,63,52,50,28,0,0,63,69,71,80,0,69,63,65,83,76,82,0,0,0,0
l38,6=0,0,0,0,0,0,0,0,0,0,19,0,10,3,15,0,9,3,17,43,18,25,4,46,63,61,65,38,0,0,0,11,0,0,0,0,1,0,15,1,0,0,0,70,80
l39,6=0,0,0,0,0,0,0,0,0,0,20,0,16,3,43,0,26,19,48,60,50,6,4,16,68,61,77,4,0,0,0,0,14,1,0,0,0,0,22,2,1,0,75,0,80
l40,6=0,0,0,0,0,0,0,0,0,0,0,0,0,0,40,0,17,7,10,30,10,19,2,40,52,57,7,10,0,0,0,0,0,5,0,0,0,0,0,0,0,0,76,68,0
l41,6=0,0,0,0,0,0,0,0,1,0,1,10,54,36,69,0,42,33,58,65,69,49,7,59,74,68,77,8,0,0,8,19,15,0,0,0,0,0,18,0,15,13,75,69,74
l42,6=0,0,0,0,0,0,0,0,0,0,18,0,0,0,24,0,8,21,25,50,34,26,16,64,64,67,77,64,0,0,0,0,31,0,0,19,27,10,32,0,21,0,76,68,71
l43,6=0,0,0,0,0,0,0,0,0,0,22,0,0,0,3,0,0,4,14,34,24,30,11,49,25,64,60,53,0,0,0,0,27,10,0,18,0,10,30,0,0,0,75,68,80
l44,6=0,0,0,0,0,0,0,0,0,0,0,0,12,0,3,0,20,21,1,21,15,26,17,49,74,69,74,59,0,0,1,0,0,0,0,0,0,0,0,0,0,4,74,68,80

l0,7=0,95,84,96,96,96,93,86,91,79,0,55,61,81,23,0,47,69,34,33,0,0,0,0,0,0,0,0,0,0,33,53,0,0,0,0,0,0,0,0,7,16,0,0,0
l1,7=91,0,91,96,97,96,96,85,96,76,70,71,67,81,12,0,71,18,66,41,0,0,0,0,0,0,0,0,0,0,49,19,0,0,0,0,0,0,0,0,0,0,0,0,0
l2,7=45,95,0,96,97,96,96,84,96,61,41,74,70,84,42,0,66,72,73,46,42,0,0,0,0,30,0,0,0,0,69,0,0,0,0,0,0,0,0,0,0,0,0,0,0
l3,7=90,95,91,0,97,96,95,86,91,75,34,70,63,80,29,0,59,38,54,8,0,0,0,0,0,0,0,0,0,0,67,32,0,0,0,0,0,0,0,0,0,0,0,0,0
l4,7=86,95,91,96,0,96,90,86,92,69,35,72,30,48,0,0,61,37,0,42,0,0,0,0,0,0,0,0,0,0,75,29,0,0,0,0,0,0,0,0,0,0,0,0,0
l5,7=91,95,91,96,97,0,96,86,95,69,69,76,37,81,23,0,70,61,73,35,32,0,0,0,0,0,0,0,0,0,69,0,0,0,0,0,0,0,0,0,0,0,0,0,0
l6,7=88,95,91,96,94,96,0,90,96,94,80,67,63,63,50,0,56,65,70,51,39,0,0,14,0,51,0,0,0,0,55,0,0,0,0,0,0,0,0,0,0,0,0,0,0
l7,7=77,84,79,82,86,89,96,0,96,94,75,78,63,88,75,0,68,70,0,59,53,15,1,0,36,71,54,53,0,0,0,0,0,0,0,0,0,0,0,0,0,0,0,0,0
l8,7=80,89,89,73,89,90,91,90,0,92,75,74,73,79,68,0,69,25,70,56,39,36,15,34,37,56,60,21,0,0,0,0,0,0,0,0,0,0,0,0,0,0,0,0,0
l9,7=83,80,80,87,92,84,96,90,96,0,74,78,76,88,78,0,63,0,78,42,51,15,0,11,0,60,58,0,0,0,13,40,0,0,0,0,0,0,0,0,0,0,0,4,0
l10,7=16,26,58,55,35,30,48,66,80,54,0,53,73,80,85,0,75,72,83,49,61,13,8,23,26,58,61,0,0,0,57,44,0,0,0,0,0,0,0,0,4,0,25,12,0
l11,7=44,52,89,74,89,90,50,86,91,84,76,0,76,82,79,0,70,34,82,58,0,10,0,17,39,37,54,50,0,0,7,14,0,0,0,0,0,0,0,0,0,0,0,4,3
l12,7=44,89,81,85,82,24,35,73,91,84,84,78,0,88,85,0,74,25,82,54,46,1,4,10,28,62,59,22,0,0,36,32,0,0,0,0,0,0,0,0,8,0,2,2,0
l13,7=84,89,86,92,87,90,82,86,90,89,79,78,76,0,83,0,52,62,82,60,60,0,9,21,22,62,0,12,0,0,55,18,0,0,0,0,0,0,0,0,0,0,0,0,0
l14,7=3,0,30,23,7,10,13,57,68,47,50,49,42,24,0,0,74,79,89,64,63,34,1,11,27,58,64,38,0,0,68,46,0,0,0,0,0,0,6,11,15,0,8,21,16
l15,7=15,25,49,56,32,27,19,57,80,44,84,48,43,9,67,0,0,75,80,60,66,35,18,22,28,55,63,33,0,0,27,44,0,14,0,0,0,0,0,3,16,0,28,18,0
l16,7=18,2,32,0,5,21,21,35,44,0,35,33,3,15,52,0,68,0,85,66,71,17,0,8,28,58,60,1,0,0,81,75,0,0,0,0,1,1,21,6,45,12,21,17,2
l17,7=1,17,40,24,0,16,20,6,58,46,46,50,43,24,89,0,72,78,0,59,63,26,1,18,28,65,62,40,0,0,70,42,0,1,0,0,0,0,0,0,6,16,30,20,4
l18,7=8,15,21,0,28,11,4,42,58,26,28,43,31,60,84,0,52,82,71,0,72,49,28,9,75,62,67,70,0,0,58,53,16,0,0,0,0,0,38,21,34,18,35,51,9
l19,7=0,0,22,0,0,14,16,36,58,41,37,0,16,17,62,0,74,82,83,74,0,36,29,25,85,62,64,65,0,0,58,53,0,39,0,0,0,0,19,25,31,0,32,19,15
l20,7=0,0,0,0,0,0,0,7,36,15,9,18,1,0,47,0,53,21,39,71,35,0,73,79,83,78,62,81,0,0,0,0,54,27,0,1,33,2,74,1,1,0,27,56,43
l21,7=0,0,0,0,0,0,0,20,59,0,29,0,39,27,11,0,55,0,25,59,45,85,0,70,72,67,60,81,0,0,0,0,22,0,0,0,1,0,51,0,0,0,49,0,37
l22,7=0,0,0,0,0,0,7,0,28,12,39,33,8,15,24,0,54,20,59,17,53,81,47,0,85,73,78,81,0,0,8,0,42,79,0,40,54,47,68,23,25,55,63,59,3
l23,7=0,0,0,0,0,0,0,7,20,0,16,24,29,4,53,0,53,58,65,62,59,62,42,79,0,79,78,76,0,0,6,11,36,63,0,43,4,0,22,17,31,16,62,72,57
l24,7=0,0,8,0,0,0,8,40,26,20,27,19,30,4,43,0,47,62,71,66,56,60,37,77,85,0,78,78,0,0,27,33,0,12,0,17,10,0,10,19,21,40,63,63,57
l25,7=0,0,0,0,0,0,0,7,25,12,30,29,31,0,57,0,54,42,68,65,32,14,7,79,85,79,0,73,0,0,19,21,40,60,0,16,35,19,29,2,39,18,66,74,58
l26,7=0,0,0,0,0,0,0,10,17,0,0,33,9,6,34,0,26,18,56,66,41,74,57,78,80,73,73,0,0,0,13,0,51,50,0,20,53,37,75,38,21,24,62,34,38
l27,7=0,15,32,48,74,28,8,0,0,9,32,14,15,7,45,0,19,80,78,59,54,0,0,0,0,30,13,1,0,0,0,75,3,48,0,17,5,25,29,30,49,71,2,0,0
l28,7=18,15,0,31,38,0,0,0,0,26,25,30,10,9,25,0,20,84,59,55,43,0,0,0,7,28,42,0,0,0,82,0,23,44,0,23,6,17,8,30,42,33,0,1,0
l29,7=0,0,0,0,0,0,0,0,0,0,0,0,0,0,0,0,0,0,0,50,0,40,5,43,67,0,41,64,0,0,1,34,0,83,0,67,60,78,79,82,73,65,12,9,2
l30,7=0,0,0,0,0,0,0,0,0,0,0,0,0,0,0,0,7,1,6,0,13,30,0,68,61,18,64,68,0,0,64,60,75,0,0,64,56,76,79,75,81,70,0,0,9
l31,7=0,0,0,0,0,0,0,0,0,0,0,0,0,0,0,0,0,0,0,0,0,2,0,54,70,64,42,58,0,0,39,33,76,83,0,0,60,91,79,70,80,66,0,0,0
l32,7=0,0,0,0,0,0,0,0,0,0,0,0,0,0,0,0,0,1,0,0,0,39,0,69,27,63,39,60,0,0,48,35,75,83,0,67,0,86,72,74,70,58,0,0,0
l33,7=0,0,0,0,0,0,0,0,0,0,0,0,0,0,0,0,0,0,0,0,0,0,0,64,0,0,42,64,0,0,31,8,74,79,0,67,60,0,73,73,73,63,0,0,0
l34,7=0,0,0,0,0,0,0,0,0,0,0,0,0,0,11,0,0,38,1,57,19,40,18,61,43,26,59,73,0,0,56,30,73,83,0,66,54,77,0,80,83,73,20,11,0
l35,7=0,0,0,0,0,0,0,0,0,0,0,0,0,0,10,0,8,13,0,52,12,0,0,2,20,39,3,69,0,0,56,62,75,76,0,47,28,47,79,0,85,85,6,0,0
l36,7=10,0,0,0,0,0,0,0,0,0,9,0,5,0,15,0,22,41,5,54,14,0,0,23,40,37,64,28,0,0,72,25,38,83,0,61,14,32,79,82,0,70,0,7,0
l37,7=3,0,0,0,0,3,0,0,0,0,0,0,0,0,0,0,0,12,22,23,0,0,0,34,4,58,58,41,0,0,70,59,71,83,0,57,18,73,79,82,85,0,4,0,0
l38,7=0,0,0,0,0,0,0,0,0,0,1,0,1,0,8,0,19,13,19,34,34,15,0,54,73,63,65,59,0,0,3,0,4,0,0,0,0,0,3,6,0,1,0,72,69
l39,7=0,0,0,0,0,0,0,0,0,12,10,16,3,0,39,0,22,22,38,57,28,14,0,56,81,59,77,27,0,0,0,2,11,0,0,0,0,0,6,0,2,0,73,0,65
l40,7=0,0,0,0,0,0,0,0,0,0,0,12,0,0,16,0,0,15,19,0,20,15,7,1,63,45,60,38,0,0,0,0,1,11,0,0,0,0,0,0,0,0,73,65,0
l41,7=0,0,0,0,0,0,0,0,30,0,15,5,42,3,67,0,50,20,72,55,57,37,0,21,85,72,73,61,0,0,0,43,17,0,0,0,0,0,0,0,0,18,61,74,62
l42,7=0,0,0,0,0,0,0,0,0,0,0,0,0,0,33,0,22,21,1,19,27,40,0,41,60,76,74,61,0,0,0,0,29,1,0,0,2,0,10,0,0,0,74,74,55
l43,7=0,0,0,0,0,0,0,0,0,0,6,0,4,0,3,0,7,0,27,20,24,29,5,21,54,67,73,30,0,0,0,0,24,0,0,1,0,0,22,0,8,0,73,72,66
l44,7=0,0,0,0,0,0,0,0,0,0,0,0,0,0,18,0,5,20,29,12,23,25,27,50,83,71,68,70,0,0,0,0,19,18,0,1,0,0,3,0,0,8,73,72,65

l0,8=0,100,94,98,100,98,90,95,97,15,32,95,96,94,54,0,87,92,76,41,0,0,0,0,0,0,0,0,0,0,43,6,0,0,0,0,0,0,0,0,0,0,0,0,0
l1,8=98,0,92,99,100,98,88,99,98,98,93,95,97,97,75,0,84,0,13,85,0,0,0,0,5,0,0,0,0,0,93,53,0,0,0,0,0,0,0,0,0,0,0,0,0
l2,8=98,100,0,98,100,98,90,93,98,99,87,95,97,99,91,0,90,93,89,45,49,0,0,0,0,29,0,0,0,0,73,0,0,0,0,0,0,0,0,0,0,0,0,33,0
l3,8=98,100,93,0,100,98,91,99,98,98,93,95,97,99,71,0,88,69,71,13,0,0,0,0,0,0,0,0,0,0,95,56,0,0,0,0,0,0,0,0,0,0,0,0,0
l4,8=98,100,94,99,0,98,90,98,98,98,46,95,81,98,0,0,8,90,75,55,0,0,0,0,0,0,0,0,0,0,81,71,0,0,0,0,0,0,0,0,0,0,0,0,0
l5,8=98,100,94,99,100,0,90,98,98,98,84,95,97,99,81,0,90,85,77,50,49,0,0,0,0,0,0,0,0,0,74,69,0,0,0,0,0,0,0,0,9,0,0,0,0
l6,8=98,100,94,98,100,98,0,97,98,99,93,95,97,99,98,0,84,93,92,55,50,0,0,1,0,87,0,0,0,0,0,0,0,0,0,0,0,0,0,0,0,0,0,0,0
l7,8=93,100,84,96,96,98,88,0,98,100,90,95,97,99,93,0,87,96,91,93,81,61,0,71,88,92,88,0,0,0,0,0,0,0,0,0,0,0,0,0,0,0,0,0,0
l8,8=93,100,94,93,96,95,82,99,0,99,91,95,97,99,89,0,86,68,89,93,83,76,8,65,82,0,75,56,0,0,0,0,0,0,0,0,0,0,0,0,0,0,5,1,0
l9,8=61,100,94,93,100,98,90,99,98,0,93,97,97,99,93,0,100,92,0,55,86,62,0,82,76,89,88,0,0,0,49,16,0,0,0,0,0,0,0,0,0,0,34,77,0
l10,8=13,58,52,67,73,79,52,59,61,58,0,89,97,97,97,0,100,88,96,56,55,61,63,86,83,85,89,0,0,0,23,72,0,0,0,0,0,0,0,0,0,0,14,75,0
l11,8=93,59,85,64,96,97,83,99,98,99,88,0,97,99,93,0,90,0,94,56,0,47,0,56,86,45,84,65,0,0,17,0,0,0,0,0,0,0,0,0,0,0,2,35,2
l12,8=93,59,56,90,69,82,68,94,98,99,93,97,0,99,93,0,100,94,96,57,55,28,84,0,83,89,89,49,0,0,46,26,0,0,0,0,0,0,0,0,0,0,64,0,0
l13,8=93,95,86,93,94,94,83,99,98,99,93,97,97,0,93,0,89,95,94,93,55,78,80,85,85,89,1,61,0,0,58,63,0,0,0,0,0,0,0,0,37,0,0,1,0
l14,8=22,11,15,14,0,41,41,56,51,57,63,92,97,92,0,0,100,99,99,100,61,64,55,62,87,88,87,30,0,0,78,74,0,0,0,0,0,0,0,16,16,47,84,59,22
l15,8=77,37,60,52,62,96,55,97,85,96,93,97,95,90,98,0,0,100,99,97,97,80,0,63,90,91,88,70,0,0,81,77,0,1,0,0,0,0,0,24,58,0,70,59,17
l16,8=72,0,23,1,81,37,27,35,23,21,41,3,56,77,98,0,100,0,99,62,99,1,0,0,89,95,80,0,0,0,100,81,0,0,0,0,0,15,67,41,60,35,24,70,6
l17,8=23,2,15,24,73,39,29,38,53,0,63,97,97,93,98,0,100,100,0,62,78,62,89,56,86,92,89,72,0,0,78,23,0,0,0,0,0,0,0,18,10,22,47,72,9
l18,8=31,31,8,0,60,39,35,57,60,41,55,83,84,69,98,0,88,99,95,0,93,85,90,93,92,94,94,83,0,0,69,66,32,15,0,0,0,0,72,36,19,78,82,80,41
l19,8=0,0,31,0,15,50,44,54,55,53,82,40,93,71,98,0,100,100,99,99,0,69,0,95,92,94,93,75,0,0,76,62,0,30,0,0,0,0,56,43,57,42,74,89,41
l20,8=0,0,0,0,0,0,0,52,65,28,53,21,21,59,56,0,77,15,64,94,54,0,95,95,91,94,71,83,0,0,0,0,60,48,0,0,38,0,62,54,20,55,51,66,52
l21,8=0,0,0,0,0,0,0,0,12,0,51,0,58,61,53,0,0,0,61,89,0,87,0,94,92,92,68,81,0,0,0,0,58,66,0,0,50,0,59,7,0,0,51,69,53
l22,8=0,0,0,0,0,0,0,30,22,15,53,20,11,38,54,0,44,0,25,83,69,85,75,0,93,91,92,80,0,0,5,0,38,73,0,64,30,36,69,36,11,58,66,71,51
l23,8=0,0,0,0,0,0,0,39,16,4,36,54,57,47,73,0,74,63,73,90,79,79,76,95,0,97,95,78,0,0,23,0,71,70,0,33,12,19,65,16,43,45,73,89,70
l24,8=0,0,0,0,0,0,14,67,0,40,43,20,59,53,76,0,73,70,84,86,56,80,70,92,93,0,95,74,0,0,38,20,55,10,0,29,14,19,61,15,46,14,82,83,55
l25,8=0,0,0,0,0,0,0,55,25,41,55,49,59,0,54,0,59,52,59,78,54,61,43,95,93,97,0,54,0,0,13,17,51,68,0,34,54,41,53,16,34,43,83,90,55
l26,8=0,0,0,0,0,0,1,16,30,0,0,27,27,30,24,0,61,0,49,86,42,86,82,95,92,91,63,0,0,0,0,0,38,49,0,28,65,27,78,31,0,22,57,67,52
l27,8=44,18,18,24,83,46,21,2,5,0,19,25,39,40,92,0,84,100,99,57,47,0,0,12,72,82,38,0,0,0,0,100,42,61,0,25,36,66,89,63,60,92,46,14,0
l28,8=7,75,0,34,52,65,0,0,0,0,82,0,69,45,52,0,78,100,87,92,55,0,0,2,0,74,43,0,0,0,100,0,86,60,0,22,48,59,95,76,99,44,42,55,0
l29,8=0,0,0,0,0,0,0,0,0,0,0,0,0,0,0,0,0,0,0,40,0,71,52,78,91,83,78,74,0,0,42,74,0,98,0,99,99,92,99,100,90,86,53,51,0
l30,8=0,0,0,0,2,0,0,0,0,0,0,0,0,0,0,0,3,2,0,32,36,53,42,77,75,56,81,63,0,0,84,67,97,0,0,89,90,91,94,85,97,87,0,0,0
l31,8=0,0,0,0,0,0,0,0,0,0,0,0,0,0,0,0,0,0,0,24,0,3,0,88,75,69,64,58,0,0,71,38,100,94,0,0,99,100,97,84,90,84,0,36,0
l32,8=0,0,0,0,0,0,0,0,0,0,0,0,0,0,0,0,0,3,0,0,0,61,42,64,67,75,78,75,0,0,73,74,100,95,0,99,0,100,99,78,90,85,1,9,0
l33,8=0,0,0,0,0,0,0,0,0,0,0,0,0,0,0,0,0,18,0,0,0,0,0,74,64,66,73,65,0,0,72,52,93,95,0,99,99,0,91,85,90,47,0,0,0
l34,8=0,0,0,0,0,0,0,0,0,0,0,0,0,0,0,0,0,71,0,76,48,78,56,94,83,85,77,76,0,0,84,73,94,94,0,90,92,91,0,93,99,99,70,69,0
l35,8=0,0,0,0,0,0,0,0,0,0,0,0,0,0,21,0,62,87,73,82,84,65,5,55,81,87,62,42,0,0,73,85,100,98,0,56,55,98,99,0,99,99,0,0,0
l36,8=0,0,0,0,0,4,0,0,0,0,0,0,0,20,40,0,70,91,72,51,85,48,0,48,87,88,67,0,0,0,85,87,92,98,0,90,55,89,99,100,0,99,0,0,0
l37,8=0,0,0,0,0,0,0,0,0,0,0,0,35,0,43,0,0,74,68,68,51,64,0,58,87,80,66,42,0,0,85,55,92,94,0,90,91,81,99,100,99,0,37,0,0
l38,8=0,0,0,0,0,0,0,0,0,0,2,2,19,0,27,0,26,0,10,60,10,45,30,48,63,71,87,47,0,0,2,2,23,0,0,0,0,0,21,0,0,0,0,89,82
l39,8=0,0,0,0,0,0,0,0,0,10,26,8,0,0,43,0,22,38,47,59,59,36,30,63,92,71,93,53,0,0,0,9,20,0,0,0,0,0,17,0,0,0,90,0,81
l40,8=0,0,0,0,0,0,0,0,0,0,0,11,13,0,37,0,34,15,38,52,33,46,26,41,82,49,59,46,0,0,0,0,0,0,0,0,0,0,0,0,0,0,89,87,0
l41,8=0,0,0,0,0,11,0,13,28,0,33,37,74,36,78,0,73,69,84,89,76,76,57,90,92,96,93,64,0,0,11,49,0,0,0,0,4,0,1,0,0,11,90,91,79
l42,8=0,0,0,0,0,0,0,0,0,0,0,0,0,0,49,0,28,22,24,67,42,64,30,51,85,93,92,73,0,0,0,0,24,5,0,1,0,0,0,0,0,0,88,89,60
l43,8=0,0,0,0,0,0,0,0,0,0,0,0,0,0,19,0,23,30,23,52,23,40,19,51,62,62,79,23,0,0,0,0,26,0,0,9,13,0,6,0,0,0,86,83,70
l44,8=0,0,0,0,0,0,0,0,0,0,0,0,1,0,27,0,28,27,21,68,18,22,39,73,92,70,68,56,0,0,0,0,0,14,0,0,0,0,0,0,0,0,89,89,61

l0,9=0,57,100,99,96,97,99,82,100,88,94,100,99,54,0,0,0,84,15,0,0,0,0,0,0,0,0,0,0,0,0,0,0,0,0,0,0,0,0,0,0,0,0,0,0
l1,9=72,0,100,100,98,98,99,97,100,100,99,87,98,65,21,0,30,93,0,22,18,0,0,0,0,22,0,0,0,0,47,24,0,0,0,0,0,0,0,0,0,0,0,0,0
l2,9=100,97,0,99,96,94,99,98,100,97,0,100,99,94,27,0,58,92,98,91,0,0,0,0,4,0,0,0,0,0,50,70,0,0,0,0,0,0,0,0,0,0,0,0,0
l3,9=100,97,100,0,100,98,99,95,78,89,92,88,99,91,0,0,31,90,31,70,0,0,0,0,0,0,0,0,0,0,9,81,0,0,0,0,0,0,0,0,0,0,0,0,0
l4,9=100,97,100,100,0,98,99,98,84,98,90,91,99,92,28,0,52,74,92,88,0,0,0,0,0,0,0,0,0,0,43,86,0,0,0,0,0,0,0,0,0,0,0,0,0
l5,9=100,97,100,100,98,0,99,96,100,96,94,100,99,94,1,0,50,100,20,76,63,0,0,0,0,10,0,0,0,0,54,72,0,0,0,0,0,0,0,0,20,0,0,0,0
l6,9=100,97,100,99,96,93,0,100,100,97,99,100,99,94,26,0,85,98,100,95,73,4,0,0,0,0,0,0,0,0,0,75,0,0,0,0,0,0,0,0,0,0,0,0,0
l7,9=99,97,100,99,96,94,99,0,100,100,99,100,100,95,25,0,92,100,0,100,86,88,0,0,60,91,53,79,0,0,0,0,0,0,0,0,0,0,0,0,0,0,0,1,0
l8,9=100,97,100,98,96,93,99,98,0,97,99,100,99,94,94,0,90,95,94,100,72,61,0,90,50,40,68,85,0,0,33,0,0,0,0,0,0,0,0,0,0,0,0,69,0
l9,9=100,97,100,99,96,93,99,97,100,0,99,100,100,95,95,0,94,92,100,99,91,72,0,65,70,45,67,73,0,0,48,25,0,0,0,0,0,0,0,0,0,0,0,0,0
l10,9=92,37,22,54,78,97,65,70,95,100,0,100,100,95,97,0,94,100,100,99,99,88,82,98,32,31,57,0,0,0,43,96,0,0,0,0,0,0,0,0,2,14,92,83,18
l11,9=100,53,100,70,96,98,99,96,100,100,99,0,100,95,95,0,93,96,100,99,22,0,0,64,37,15,54,95,0,0,0,0,0,0,0,0,0,0,0,0,0,0,0,80,18
l12,9=100,35,38,59,95,91,65,93,82,100,99,100,0,95,74,0,94,100,100,99,56,75,86,0,18,18,56,70,0,0,29,28,0,0,0,0,0,0,0,0,3,0,58,3,0
l13,9=92,97,100,99,96,94,99,97,100,100,99,100,100,0,94,0,91,100,100,95,92,81,0,88,96,49,71,62,0,0,23,84,0,0,0,0,0,0,0,0,13,0,0,0,0
l14,9=0,0,20,0,68,2,14,8,64,100,95,91,100,52,0,0,46,100,100,100,100,75,48,51,35,29,56,86,0,0,56,96,0,0,0,0,0,0,25,9,5,34,85,83,31
l15,9=0,34,38,53,93,80,41,62,63,100,95,100,100,70,97,0,0,100,100,100,75,86,69,70,37,29,54,85,0,0,37,94,0,20,0,0,0,0,54,0,7,20,0,49,25
l16,9=0,36,0,34,23,97,57,60,64,95,94,77,100,52,59,0,35,0,100,100,100,0,0,68,36,36,42,0,0,0,97,97,59,3,0,0,14,0,60,51,38,41,49,85,0
l17,9=5,0,37,22,79,0,15,0,57,63,95,91,100,52,97,0,76,100,0,100,100,77,90,30,27,34,56,87,0,0,56,61,0,0,0,0,0,0,0,16,0,11,66,80,15
l18,9=0,0,28,34,89,69,63,56,63,98,93,89,95,51,95,0,92,99,97,0,98,94,95,96,95,43,56,98,0,0,56,94,82,57,0,45,26,0,97,44,37,41,86,86,34
l19,9=0,5,0,0,0,78,58,56,63,98,93,41,97,52,96,0,34,100,100,100,0,88,0,96,54,60,72,86,0,0,62,95,0,37,0,0,0,0,62,22,39,41,67,53,32
l20,9=0,0,0,0,0,0,6,75,77,72,74,0,72,82,79,0,82,68,78,94,79,0,99,98,94,98,96,99,0,0,0,0,81,90,0,8,71,0,98,79,0,60,80,68,68
l21,9=0,0,0,0,0,0,0,20,0,0,87,0,93,50,86,0,82,0,96,98,10,100,0,95,94,98,94,99,0,0,0,0,0,96,0,0,58,0,97,0,0,0,93,85,89
l22,9=0,0,0,0,0,0,0,0,80,34,82,81,20,80,82,0,76,80,78,98,98,99,75,0,96,98,96,100,0,0,0,0,82,81,0,84,73,60,87,0,59,59,87,70,76
l23,9=0,0,0,0,0,0,0,34,43,66,62,71,46,63,94,0,91,89,97,98,92,97,89,98,0,99,97,99,0,0,41,53,82,82,0,77,20,71,90,52,22,56,95,87,92
l24,9=0,42,0,0,0,55,0,76,69,57,67,61,49,80,91,0,86,99,97,98,97,98,97,96,96,0,97,98,0,0,59,0,83,73,0,63,71,69,87,75,85,39,95,82,84
l25,9=0,0,0,0,0,0,0,31,51,69,87,73,91,60,67,0,38,48,91,91,94,93,70,98,96,99,0,99,0,0,1,54,92,86,0,69,88,70,91,51,46,40,95,88,92
l26,9=0,0,0,0,0,0,4,30,80,17,45,84,62,42,91,0,77,42,91,98,94,98,98,98,94,98,96,0,0,0,0,0,96,98,0,83,98,0,98,77,1,88,95,80,85
l27,9=9,12,11,5,93,94,19,0,58,83,55,0,17,23,35,0,34,100,100,97,97,0,0,0,12,8,0,0,0,0,0,100,0,40,0,56,41,46,37,52,34,41,0,0,0
l28,9=0,0,12,46,95,82,61,0,0,6,84,0,32,50,53,0,55,100,100,100,100,0,0,0,11,0,30,0,0,0,97,0,85,16,0,23,46,0,100,30,100,64,0,36,0
l29,9=0,0,0,0,0,0,0,0,0,0,0,0,0,0,0,0,0,83,0,88,0,78,0,93,90,81,96,99,0,0,0,97,0,100,0,100,100,100,100,99,100,100,45,50,0
l30,9=0,0,0,0,36,0,0,0,0,0,0,0,0,0,1,0,0,63,0,85,37,65,49,63,91,13,67,99,0,0,90,2,100,0,0,100,100,100,100,99,100,99,13,0,23
l31,9=0,0,0,0,0,0,0,0,0,0,0,0,0,0,0,0,0,0,0,77,0,30,0,87,79,48,60,82,0,0,78,23,100,100,0,0,100,100,100,78,100,83,0,0,1
l32,9=0,0,0,0,0,0,0,0,0,0,0,0,0,0,0,0,0,71,0,71,0,90,11,76,9,77,96,99,0,0,93,97,100,100,0,100,0,100,100,86,99,99,22,3,0
l33,9=0,0,0,0,0,0,0,0,0,0,0,0,0,0,0,0,0,0,0,0,0,0,0,28,42,13,34,0,0,0,86,0,100,100,0,100,100,0,100,99,100,100,0,0,0
l34,9=0,0,0,0,0,0,0,0,0,0,0,0,0,0,22,0,29,88,0,96,60,98,43,98,95,36,96,100,0,0,51,99,100,100,0,100,100,100,0,99,100,100,0,0,0
l35,9=0,0,0,0,0,0,0,0,0,0,0,0,0,0,29,0,0,100,86,89,55,55,0,2,52,39,29,96,0,0,97,41,100,100,0,98,97,93,100,0,100,100,0,0,0
l36,9=0,0,0,0,53,77,0,0,0,0,1,0,20,54,40,0,52,100,0,99,64,0,0,52,19,39,26,0,0,0,92,80,45,100,0,100,97,50,100,99,0,100,0,0,0
l37,9=0,0,0,0,0,1,0,0,0,0,46,0,19,0,29,0,30,98,86,100,61,52,0,52,12,8,26,86,0,0,97,64,100,100,0,57,100,99,100,99,100,0,0,0,0
l38,9=0,0,0,0,0,0,0,0,0,0,28,0,40,0,73,0,13,54,47,80,43,59,50,90,88,98,96,94,0,0,0,0,40,1,0,0,12,0,0,0,0,0,0,87,92
l39,9=0,0,0,0,0,0,0,0,6,0,72,45,0,0,23,0,28,89,78,93,54,68,72,86,94,78,96,75,0,0,0,24,49,0,0,0,1,0,0,0,0,0,95,0,92
l40,9=0,0,0,0,0,0,0,0,0,0,10,14,0,0,45,0,24,0,43,84,70,1,63,87,86,60,93,87,0,0,0,0,0,8,0,0,0,0,0,0,0,0,95,86,0
l41,9=0,0,1,0,0,0,0,3,37,0,50,65,77,36,95,0,88,90,97,98,92,82,35,96,94,98,96,59,0,0,37,84,0,0,0,8,15,0,72,0,0,2,95,86,92
l42,9=0,0,0,0,0,0,0,0,0,0,0,0,0,0,0,0,60,24,69,91,81,83,69,86,94,98,96,99,0,0,0,0,0,15,0,0,0,0,65,0,0,0,95,86,92
l43,9=0,0,0,0,0,0,0,0,0,0,0,0,0,0,68,0,4,0,71,65,67,58,0,69,55,66,96,91,0,0,0,0,68,0,0,56,30,0,64,0,10,0,95,77,90
l44,9=0,0,0,0,0,0,0,0,0,0,0,0,36,30,44,0,20,62,3,98,73,56,71,96,94,98,96,95,0,0,0,0,14,30,0,32,0,0,57,0,0,0,95,86,75

l0,10=0,85,85,88,91,88,92,0,86,83,83,85,82,84,0,0,62,60,36,0,0,0,0,0,0,0,0,0,0,0,23,69,0,0,0,0,0,0,0,0,0,0,0,0,0
l1,10=88,0,79,90,91,89,91,1,87,61,79,86,83,76,67,0,57,59,28,5,0,0,0,0,0,18,0,0,0,0,36,61,0,0,0,0,0,0,0,0,0,0,0,0,0
l2,10=92,68,0,84,90,89,92,0,89,84,53,86,85,87,0,0,63,54,41,58,14,0,0,0,48,42,11,0,0,0,35,53,0,0,0,0,0,0,0,0,0,0,0,12,0
l3,10=92,85,83,0,91,89,92,0,88,83,76,87,83,86,1,0,29,0,33,0,0,0,0,0,0,0,0,0,0,0,46,50,0,0,0,0,0,0,0,0,0,0,0,0,0
l4,10=92,85,84,90,0,89,92,1,86,81,78,84,81,79,49,0,63,51,0,0,0,0,0,0,0,0,0,0,0,0,40,70,0,0,0,0,0,0,0,0,0,0,0,0,0
l5,10=92,85,86,90,91,0,92,0,86,81,83,88,83,90,24,0,61,61,40,0,0,0,0,0,0,0,0,0,0,0,55,61,0,0,0,0,0,0,1,0,4,0,0,0,0
l6,10=91,85,86,86,91,86,0,1,88,85,83,88,90,85,41,0,64,46,29,50,0,0,0,0,32,42,3,0,0,0,0,43,0,0,0,0,0,0,0,0,0,0,0,0,0
l7,10=91,85,86,86,86,87,92,0,89,89,87,88,92,89,72,0,79,70,36,63,66,54,0,51,43,74,56,59,0,0,20,34,0,0,0,0,0,0,0,0,0,0,0,0,0
l8,10=87,79,86,83,86,83,92,0,0,85,87,88,92,87,68,0,46,23,38,58,39,32,0,40,59,46,44,43,0,0,26,0,0,0,0,0,0,0,0,0,0,0,0,3,0
l9,10=86,79,83,84,86,82,89,0,86,0,86,88,92,88,80,0,79,70,46,59,42,44,0,47,82,58,21,29,0,0,0,44,0,0,0,0,0,0,0,0,0,0,0,0,0
l10,10=83,80,52,46,43,85,87,0,87,87,0,86,92,88,86,0,82,78,78,52,84,42,3,79,76,79,75,41,0,0,23,71,0,0,0,0,0,0,0,0,0,0,12,14,1
l11,10=70,82,80,77,42,85,88,0,86,89,90,0,92,90,80,0,79,36,72,64,36,12,0,47,58,51,39,48,0,0,11,42,0,0,0,0,0,0,0,0,0,0,0,19,0
l12,10=79,80,83,59,86,82,87,0,85,87,90,87,0,88,83,0,79,77,51,0,26,34,20,40,57,77,52,33,0,0,11,0,0,0,0,0,0,0,0,0,0,0,19,0,0
l13,10=84,42,84,84,76,85,89,0,85,87,89,88,92,0,61,0,79,32,74,54,79,0,21,43,13,51,39,29,0,0,0,39,0,0,0,0,0,0,0,0,0,0,0,0,0
l14,10=20,68,0,1,6,42,53,0,31,58,57,48,87,47,0,0,83,91,82,65,98,16,9,20,77,79,41,63,0,0,81,76,0,8,0,0,0,0,0,0,0,7,46,74,52
l15,10=59,46,36,1,29,70,83,0,25,64,90,54,90,86,87,0,0,87,82,79,62,18,6,73,85,77,41,65,0,0,79,85,0,6,0,0,0,0,0,18,0,3,2,74,23
l16,10=52,73,13,0,8,77,64,1,19,44,47,21,87,36,87,0,81,0,77,83,100,1,0,65,82,73,68,0,0,0,99,90,17,0,0,0,2,0,47,0,52,1,18,79,0
l17,10=47,22,35,14,2,71,62,2,74,78,88,82,81,82,87,0,84,86,0,81,100,0,16,73,78,50,57,63,0,0,83,48,0,0,0,0,0,0,0,5,19,5,6,74,56
l18,10=0,0,26,0,8,0,59,0,41,26,20,38,1,58,68,0,80,89,79,0,99,47,39,74,89,88,55,77,0,0,69,57,14,29,0,0,0,0,40,46,31,63,48,67,73
l19,10=0,12,1,0,0,0,0,1,44,25,53,39,61,77,87,0,82,94,82,83,0,49,0,84,89,87,91,72,0,0,90,86,0,15,0,0,0,0,43,53,38,40,50,79,62
l20,10=0,0,0,0,0,0,0,0,72,65,72,63,73,0,72,0,64,67,24,76,84,0,99,89,85,88,86,86,0,0,0,0,62,74,0,75,64,0,76,62,0,0,24,20,60
l21,10=0,0,0,0,0,0,0,0,0,0,46,0,72,72,70,0,68,26,67,81,0,93,0,90,90,89,90,86,0,0,0,0,0,83,0,0,0,0,0,0,0,0,77,72,75
l22,10=0,0,0,0,0,0,0,6,39,46,75,54,49,58,42,0,57,77,69,71,88,93,88,0,91,88,91,89,0,0,0,0,77,82,0,73,72,57,78,69,50,59,83,72,73
l23,10=0,0,4,0,0,0,1,5,64,64,66,53,58,0,75,0,76,79,70,77,93,79,90,91,0,89,93,85,0,0,70,44,52,82,0,76,61,53,79,75,70,72,86,80,84
l24,10=0,18,16,0,0,0,38,1,58,52,68,57,73,52,77,0,67,71,66,80,93,84,91,89,91,0,92,79,0,0,31,33,63,50,0,52,70,40,50,44,70,69,75,79,8
l25,10=0,0,0,0,0,0,1,0,60,15,74,51,61,53,64,0,50,65,64,58,94,75,56,89,91,89,0,85,0,0,33,0,77,63,0,75,80,57,69,56,2,63,86,77,84
l26,10=0,0,0,0,0,0,0,1,68,25,49,67,65,52,67,0,66,44,64,77,84,91,84,89,89,78,91,0,0,0,0,0,71,83,0,76,80,81,81,40,23,79,75,63,73
l27,10=38,43,15,28,24,76,0,7,28,0,17,0,42,0,83,0,76,94,82,78,37,0,0,0,37,4,9,0,0,0,0,90,26,20,0,28,3,6,64,92,94,49,1,0,0
l28,10=60,39,11,10,35,66,50,2,0,9,23,31,0,43,86,0,83,94,47,60,35,0,0,0,1,1,0,0,0,0,99,0,44,35,0,0,0,0,78,10,94,57,0,6,0
l29,10=0,0,0,0,0,0,0,0,0,0,0,0,0,0,0,0,0,38,0,40,0,51,0,78,62,65,80,73,0,0,61,73,0,94,0,95,92,94,91,91,90,89,37,53,0
l30,10=0,0,0,0,0,0,0,0,0,0,0,0,0,0,29,0,14,0,0,56,22,60,45,83,84,54,63,85,0,0,48,73,88,0,0,95,91,94,91,91,91,90,0,54,45
l31,10=0,0,0,0,0,0,0,0,0,0,0,0,0,0,0,0,0,0,0,0,0,61,0,73,77,52,78,67,0,0,78,0,88,94,0,0,93,94,91,90,91,90,0,47,49
l32,10=0,0,0,0,0,0,0,0,0,0,0,0,0,0,0,0,0,33,0,11,0,31,0,70,64,67,76,79,0,0,43,0,88,94,0,95,0,94,91,80,70,12,0,0,0
l33,10=0,0,0,0,0,0,0,0,0,0,0,0,0,0,0,0,0,0,0,0,0,0,0,66,45,62,68,60,0,0,45,0,88,94,0,95,93,0,91,91,72,25,0,0,0
l34,10=0,0,0,0,0,33,0,0,0,0,0,0,0,0,0,0,0,67,0,56,26,53,0,78,58,62,75,59,0,0,52,53,88,94,0,95,91,94,0,91,94,90,7,0,0
l35,10=0,0,0,0,0,0,0,0,0,0,0,0,0,0,5,0,49,0,24,68,30,22,0,53,54,60,75,10,0,0,59,48,88,94,0,76,81,94,91,0,94,90,7,8,0
l36,10=0,0,0,0,0,47,0,0,0,0,1,0,32,0,0,0,0,83,52,66,33,0,0,29,47,73,0,3,0,0,95,58,87,94,0,82,33,53,91,94,0,90,0,2,0
l37,10=0,0,0,0,0,0,0,0,0,0,0,0,0,0,60,0,53,59,46,77,31,0,0,56,49,64,69,50,0,0,91,84,88,94,0,75,54,58,91,94,94,0,0,0,0
l38,10=0,0,0,0,0,0,0,0,0,0,22,0,33,0,71,0,21,64,0,61,51,12,29,78,88,73,83,68,0,0,2,0,18,0,0,0,0,0,3,1,0,0,0,80,87
l39,10=0,0,6,0,0,0,0,0,4,0,23,5,0,0,71,0,64,74,61,64,77,36,48,73,88,86,84,52,0,0,0,27,38,36,0,0,0,0,0,0,0,0,87,0,87
l40,10=0,0,0,0,0,0,0,0,0,0,0,0,0,0,9,0,3,11,48,65,67,35,26,75,87,17,90,63,0,0,0,0,0,10,0,0,0,0,0,0,0,0,86,80,0
l41,10=0,0,0,0,0,0,0,0,20,0,0,26,60,39,67,0,66,75,49,78,84,55,0,79,84,86,87,46,0,0,53,67,0,0,0,0,0,0,0,16,3,0,84,80,86
l42,10=0,0,0,0,0,0,0,0,0,0,0,0,1,0,52,0,42,58,51,67,71,72,58,83,89,88,87,82,0,0,0,0,0,38,0,0,0,0,52,0,0,0,86,80,82
l43,10=0,0,0,0,0,0,0,0,0,0,0,0,0,0,28,0,18,0,55,57,65,71,4,84,60,84,91,81,0,0,0,0,51,11,0,0,0,0,50,0,0,0,86,75,84
l44,10=0,0,0,0,0,0,0,0,0,0,5,1,9,0,15,0,23,54,0,63,48,0,77,89,89,88,91,73,0,0,18,0,35,3,0,0,33,0,8,0,24,0,87,80,81

l0,11=0,80,85,83,87,82,90,0,73,76,67,77,81,71,27,0,43,9,16,0,0,0,0,0,0,0,0,0,0,0,1,14,0,0,0,0,0,0,0,0,0,0,0,0,0
l1,11=84,0,85,83,87,82,90,0,78,73,66,77,82,62,62,0,40,37,14,17,16,0,0,0,0,2,0,0,0,0,12,0,0,0,0,0,0,0,0,0,0,0,0,0,0
l2,11=84,79,0,80,87,82,90,0,82,73,67,77,81,71,42,0,77,21,21,53,21,0,0,0,20,22,15,0,0,0,15,17,0,0,0,0,0,0,0,0,0,0,0,0,0
l3,11=86,80,85,0,87,82,90,0,78,68,35,66,76,47,0,0,39,10,14,0,0,0,0,0,0,0,0,0,0,0,15,17,0,0,0,0,0,0,0,0,0,0,0,0,0
l4,11=86,80,85,83,0,82,90,0,78,76,0,51,81,58,0,0,41,6,0,0,0,0,0,0,0,0,0,0,0,0,17,18,0,0,0,0,0,0,0,0,0,0,0,0,0
l5,11=84,80,85,82,87,0,88,0,77,76,67,77,81,78,0,0,71,26,11,13,0,0,0,0,0,0,0,0,0,0,55,19,0,0,0,0,0,0,6,0,0,0,0,0,0
l6,11=84,80,85,82,87,81,0,0,82,68,67,80,81,75,34,0,74,4,34,36,0,0,0,0,0,35,0,0,0,0,6,0,0,0,0,0,0,0,0,0,0,0,0,0,0
l7,11=84,80,85,67,85,82,90,0,82,80,61,80,84,79,77,0,77,40,1,48,55,38,0,31,21,43,38,40,0,0,0,11,0,0,0,0,0,0,0,0,0,0,0,0,0
l8,11=20,73,83,73,82,77,88,0,0,75,67,77,81,72,62,0,71,7,62,42,5,31,0,36,35,27,31,14,0,0,5,0,0,0,0,0,0,0,0,0,0,0,0,0,0
l9,11=84,77,82,77,85,80,62,0,77,0,67,80,81,76,77,0,78,13,20,14,55,42,0,32,58,45,26,17,0,0,3,2,0,0,0,0,0,0,0,0,0,0,0,0,0
l10,11=25,26,78,62,12,49,67,1,78,45,0,70,84,67,44,0,88,3,80,23,76,22,19,52,49,59,19,5,0,0,3,0,0,0,0,0,0,0,0,0,0,0,2,12,0
l11,11=72,71,57,48,43,80,87,0,77,77,67,0,81,74,77,0,79,3,70,44,57,0,0,23,20,45,50,0,0,0,1,8,0,0,0,0,0,0,0,0,0,0,0,1,0
l12,11=83,77,77,65,69,81,84,0,77,76,67,77,0,72,79,0,84,25,73,25,60,18,15,30,47,65,49,7,0,0,0,16,0,0,0,0,0,0,0,0,0,0,9,0,0
l13,11=54,48,82,47,58,81,88,0,77,77,67,80,84,0,72,0,79,8,69,20,49,34,12,39,15,40,39,0,0,0,0,12,0,0,0,0,0,0,0,0,1,0,0,16,0
l14,11=1,16,33,0,3,0,29,0,68,21,41,52,78,53,0,0,86,73,85,30,91,32,7,24,65,66,71,23,0,0,14,43,0,0,0,0,0,0,0,6,3,5,27,26,18
l15,11=8,11,75,48,25,25,46,0,56,62,69,62,81,67,83,0,0,12,85,70,88,34,11,35,69,68,48,1,0,0,4,39,0,0,0,0,0,0,0,8,1,1,8,20,22
l16,11=1,14,2,0,7,21,6,0,47,3,0,32,55,20,49,0,31,0,52,31,95,1,0,26,40,50,33,0,0,0,54,49,11,22,0,0,0,15,33,0,62,78,21,25,31
l17,11=3,3,16,36,0,15,44,0,52,13,66,56,78,58,85,0,88,73,0,71,91,50,0,37,78,68,44,1,0,0,4,41,0,0,0,0,0,0,0,0,2,7,3,17,20
l18,11=0,0,46,0,0,7,34,0,57,7,15,41,53,34,48,0,52,45,85,0,95,67,52,55,85,82,69,23,0,0,20,31,35,26,0,13,11,0,30,29,47,66,24,28,34
l19,11=0,0,0,0,0,0,0,0,1,2,40,38,71,47,85,0,88,76,85,74,0,68,0,8,87,79,77,22,0,0,18,41,0,12,0,0,0,0,0,8,40,9,14,24,31
l20,11=0,0,0,0,0,0,0,0,60,57,34,39,50,50,66,0,67,35,66,62,74,0,99,86,74,81,74,87,0,0,0,0,61,75,0,60,19,3,72,57,0,0,65,72,70
l21,11=0,0,0,0,0,0,0,0,7,0,50,36,66,47,64,0,67,0,54,73,0,91,0,87,86,82,80,89,0,0,0,0,0,84,0,3,0,8,61,0,18,0,64,68,29
l22,11=0,0,0,0,0,0,0,1,51,30,53,52,57,52,59,0,65,48,70,60,55,87,86,0,87,78,80,89,0,0,0,32,63,84,0,51,49,59,68,0,45,49,70,79,0
l23,11=0,0,0,0,0,0,0,0,46,30,25,26,59,1,34,0,69,29,76,71,84,70,80,87,0,83,81,85,0,0,36,7,64,70,0,71,40,0,67,57,31,40,40,88,82
l24,11=0,0,0,0,0,0,47,1,30,39,47,55,66,44,61,0,66,43,63,73,73,87,74,86,87,0,81,66,0,0,6,8,60,51,0,42,41,56,60,0,0,41,69,87,0
l25,11=0,0,0,0,0,0,0,2,35,4,14,38,55,30,65,0,64,17,57,50,79,65,73,86,87,83,0,80,0,0,1,15,67,48,0,41,46,31,28,29,5,54,77,88,78
l26,11=0,0,0,0,0,0,0,1,54,32,46,29,56,26,65,0,54,21,64,61,74,89,86,87,81,73,77,0,0,0,0,2,67,80,0,70,70,73,75,24,16,53,69,78,74
l27,11=0,2,1,48,18,19,28,0,23,2,7,17,0,0,28,0,38,76,20,3,23,0,0,0,44,6,5,0,0,0,0,69,14,22,0,19,14,26,46,44,95,29,0,8,0
l28,11=0,0,0,15,11,19,0,0,0,0,0,4,14,14,40,0,38,50,16,2,21,0,0,6,2,2,33,0,0,0,85,0,39,27,0,10,15,7,48,30,67,21,0,16,0
l29,11=0,0,0,0,0,0,0,0,0,0,0,0,0,0,0,0,0,20,0,30,0,60,0,67,73,59,70,58,0,0,12,49,0,94,0,89,81,95,90,88,92,88,13,35,0
l30,11=0,0,0,0,0,0,0,0,0,0,0,0,0,0,0,0,0,41,0,12,1,32,56,83,71,48,52,59,0,0,24,22,85,0,0,88,81,95,90,39,92,88,16,28,0
l31,11=0,0,0,0,0,0,0,0,0,0,0,0,0,0,0,0,0,0,0,16,0,47,1,64,77,58,65,70,0,0,68,16,85,94,0,0,82,95,88,83,72,82,0,21,24
l32,11=0,0,0,0,0,0,0,0,0,0,0,0,0,0,0,0,0,0,0,25,0,2,0,62,61,53,62,62,0,0,22,48,85,94,0,89,0,95,90,81,83,84,0,15,0
l33,11=0,0,0,0,0,0,0,0,0,0,0,0,0,0,0,0,0,11,0,0,0,0,0,65,0,48,45,64,0,0,58,0,84,94,0,88,82,0,90,87,88,85,0,0,0
l34,11=0,0,0,0,0,13,0,0,0,0,0,0,0,0,0,0,0,19,0,8,0,39,7,58,72,56,52,42,0,0,41,36,84,94,0,85,81,93,0,88,96,91,15,0,0
l35,11=0,0,0,0,0,0,0,0,0,0,0,0,0,0,16,0,31,4,0,17,27,7,0,0,77,0,47,1,0,0,56,33,85,31,0,88,81,95,91,0,96,91,0,0,0
l36,11=0,0,0,0,0,0,0,0,0,0,0,0,0,0,24,0,6,64,9,23,24,0,0,7,32,0,38,0,0,0,85,43,80,94,0,24,26,78,91,93,0,91,0,9,0
l37,11=0,0,0,0,0,0,0,0,0,0,0,0,0,0,25,0,19,38,13,64,22,0,0,15,28,53,61,3,0,0,36,28,84,94,0,85,80,93,91,93,96,0,0,18,0
l38,11=0,0,0,0,0,0,0,0,0,0,0,1,29,0,65,0,28,31,28,59,53,32,16,63,65,58,74,52,0,0,0,0,1,4,0,0,0,0,4,0,0,0,0,88,81
l39,11=0,0,0,0,0,0,0,0,0,0,6,0,0,1,66,0,68,53,66,63,57,59,12,67,83,72,78,61,0,0,4,14,24,10,0,0,0,0,0,0,8,0,79,0,85
l40,11=0,0,0,0,0,0,0,0,0,0,0,0,0,0,16,0,28,59,1,60,67,66,2,0,78,62,74,65,0,0,0,0,0,0,0,0,0,0,0,0,0,0,77,88,0
l41,11=0,0,0,0,0,0,0,0,31,8,30,36,49,24,31,0,37,25,77,71,65,64,26,68,70,78,78,65,0,0,2,30,0,0,0,15,0,0,0,0,1,43,78,88,81
l42,11=0,0,0,0,0,0,0,0,0,0,0,0,0,0,51,0,47,0,52,63,69,68,68,71,80,77,80,83,0,0,0,0,52,44,0,0,0,0,63,2,0,1,78,88,81
l43,11=0,0,0,0,0,0,0,0,0,0,0,0,0,0,41,0,22,0,46,53,59,70,55,82,69,74,79,74,0,0,0,0,31,36,0,14,0,0,49,10,0,0,77,85,81
l44,11=0,0,0,0,0,0,0,0,0,0,5,0,35,0,54,0,35,0,3,52,15,73,48,86,81,78,72,54,0,0,0,0,53,0,0,0,18,0,0,0,0,0,78,86,82

l0,12=0,80,84,93,90,79,83,0,63,80,51,70,82,76,58,0,70,14,0,44,0,0,0,0,0,0,0,0,0,0,0,35,0,0,0,0,0,0,0,0,0,0,0,0,0
l1,12=90,0,81,93,90,79,83,0,64,77,34,69,80,75,65,0,69,66,0,48,0,0,0,0,0,24,0,0,0,0,69,53,0,0,0,0,0,0,0,0,0,0,0,0,0
l2,12=90,77,0,91,90,81,83,1,62,77,59,69,80,75,38,0,71,0,62,52,0,22,0,1,3,2,15,0,0,0,46,45,0,0,0,0,0,0,0,0,0,0,0,0,0
l3,12=90,80,84,0,90,79,83,2,61,77,29,0,81,75,42,0,0,0,14,37,0,0,0,0,0,0,0,0,0,0,66,0,0,0,0,0,0,0,0,0,17,0,0,0,0
l4,12=90,80,84,93,0,79,83,2,63,77,28,70,79,75,0,0,61,0,0,0,0,0,0,0,0,0,0,0,0,0,71,59,0,0,0,0,0,0,0,0,0,0,0,0,0
l5,12=90,80,85,92,90,0,83,0,61,77,59,53,80,75,46,0,42,59,75,49,0,0,0,0,8,0,0,0,0,0,53,9,0,0,0,0,0,0,0,0,0,0,0,0,0
l6,12=90,79,84,91,90,79,0,1,64,70,59,72,82,75,12,0,67,56,69,54,0,0,0,0,1,29,16,0,0,0,34,32,0,0,0,0,0,0,0,0,0,0,0,0,0
l7,12=85,77,84,91,88,77,83,0,65,81,53,72,82,80,74,0,70,31,68,52,0,34,0,33,34,48,32,40,0,0,0,0,0,0,0,0,0,0,0,0,0,0,0,0,0
l8,12=84,77,82,81,88,73,83,2,0,77,59,63,76,73,65,0,67,45,76,28,16,9,3,11,13,29,32,47,0,0,28,0,0,0,0,0,0,0,0,0,0,0,6,15,0
l9,12=84,76,82,91,87,73,56,1,62,0,61,74,82,80,68,0,73,22,29,21,18,37,0,17,33,49,49,62,0,0,49,17,0,0,0,0,0,0,0,0,0,0,0,0,0
l10,12=24,48,59,72,68,47,46,2,62,73,0,72,82,77,81,0,82,68,88,73,79,38,9,42,28,44,51,45,0,0,56,50,0,0,0,0,0,0,0,0,0,0,26,22,0
l11,12=78,76,81,23,87,45,79,3,61,80,65,0,81,80,77,0,73,59,80,56,72,11,0,6,12,39,57,49,0,0,55,40,0,0,0,0,0,0,0,0,0,0,0,29,0
l12,12=83,76,76,89,81,75,79,0,61,78,66,71,0,77,72,0,73,39,82,56,70,12,4,20,53,64,33,13,0,0,37,28,0,0,0,0,0,0,0,0,0,0,13,2,0
l13,12=84,70,80,89,87,76,79,0,61,81,64,74,82,0,70,0,76,0,82,27,15,0,6,10,13,32,41,30,0,0,0,0,0,0,0,0,0,0,0,0,1,0,0,17,0
l14,12=2,42,17,19,0,3,6,1,59,64,39,41,68,73,0,0,82,88,89,82,95,55,0,26,40,55,75,54,0,0,71,75,0,0,0,0,0,0,0,0,26,52,66,54,11
l15,12=42,46,53,7,63,7,43,1,58,78,65,42,80,77,88,0,0,79,89,79,87,58,20,0,36,50,64,52,0,0,51,41,0,0,0,0,0,0,0,13,0,0,26,39,15
l16,12=0,7,0,0,1,5,6,2,53,32,21,23,37,0,88,0,78,0,89,84,95,0,0,6,3,0,62,40,0,0,91,81,0,4,0,0,0,0,0,29,62,88,52,53,20
l17,12=0,0,23,1,0,36,34,4,57,36,65,42,72,73,90,0,81,88,0,81,90,64,34,30,48,56,68,55,0,0,53,73,0,0,0,0,0,0,0,17,25,17,42,45,0
l18,12=7,30,42,18,0,30,35,0,45,41,37,35,60,56,82,0,71,88,87,0,95,72,71,48,79,75,66,78,0,0,69,52,45,28,0,27,0,0,42,43,51,71,71,45,51
l19,12=0,0,0,0,0,2,0,0,42,46,64,68,73,48,90,0,82,93,89,84,0,56,0,80,82,80,77,53,0,0,70,30,0,38,0,0,0,0,0,45,64,1,76,65,4
l20,12=0,0,21,0,0,0,0,5,35,59,30,33,49,0,69,0,59,4,68,82,71,0,98,91,79,79,73,88,0,0,0,0,9,64,0,52,40,39,65,57,1,42,69,67,65
l21,12=0,0,0,0,0,0,0,0,49,0,46,0,65,70,0,0,63,0,72,84,0,91,0,89,80,78,79,88,0,0,0,0,0,60,0,0,0,0,52,0,0,0,3,38,75
l22,12=0,0,0,0,0,0,0,3,47,56,48,28,52,58,62,0,0,62,73,75,84,91,83,0,82,80,81,89,0,0,0,0,65,82,0,59,68,35,65,67,0,59,69,67,63
l23,12=0,0,0,0,0,10,0,10,34,52,27,23,68,38,66,0,65,13,80,84,90,81,76,91,0,80,81,82,0,0,26,0,64,60,0,65,25,0,61,27,56,55,71,87,74
l24,12=0,9,0,0,0,0,27,0,37,48,47,44,67,47,65,0,57,2,78,83,93,88,68,91,82,0,81,73,0,0,42,31,63,60,0,47,0,29,52,15,64,42,72,67,66
l25,12=0,0,0,0,0,0,6,9,34,41,22,45,40,57,68,0,53,54,66,65,76,69,66,92,82,80,0,77,0,0,0,47,59,61,0,0,50,23,47,48,0,62,76,85,66
l26,12=0,0,0,0,0,0,0,7,44,54,42,50,49,56,61,0,57,57,65,72,64,90,86,92,72,72,74,0,0,0,0,4,72,76,0,76,70,1,72,54,58,47,69,15,65
l27,12=0,6,5,42,45,5,1,0,23,38,13,19,37,0,76,0,69,93,44,51,59,0,0,0,3,21,0,0,0,0,0,81,29,0,0,43,23,34,38,71,63,79,0,1,0
l28,12=2,5,20,0,39,2,3,0,0,16,15,19,31,0,83,0,58,93,82,34,34,0,0,0,0,12,47,0,0,0,91,0,30,18,0,44,43,0,81,48,63,90,12,12,0
l29,12=0,0,0,0,0,0,0,0,0,0,0,0,0,0,0,0,0,0,0,59,0,0,0,67,63,63,66,68,0,0,59,59,0,93,0,90,89,94,87,87,82,89,0,46,0
l30,12=0,0,0,0,0,0,0,0,0,0,0,0,0,0,0,0,0,31,0,38,55,66,59,82,60,61,64,76,0,0,0,44,88,0,0,90,89,94,87,87,92,89,52,15,11
l31,12=0,0,0,0,0,0,0,0,0,0,0,0,0,0,0,0,0,0,0,37,0,56,0,63,72,50,8,76,0,0,71,58,88,93,0,0,89,94,81,80,80,86,49,0,0
l32,12=0,0,0,0,0,0,0,0,0,0,0,0,0,0,0,0,0,0,0,0,0,49,0,62,51,0,60,64,0,0,61,60,88,89,0,90,0,94,87,83,79,87,0,0,0
l33,12=0,0,0,0,0,0,0,0,0,0,0,0,0,0,0,0,0,0,0,0,0,39,0,61,0,18,16,0,0,0,67,0,88,93,0,90,89,0,87,87,79,83,0,0,0
l34,12=0,0,0,0,0,3,0,0,0,0,0,0,0,0,9,0,0,0,0,37,0,64,52,69,63,59,64,78,0,0,46,78,88,93,0,90,89,94,0,90,95,92,43,35,12
l35,12=0,0,0,0,0,0,0,0,0,0,0,0,0,0,0,0,39,58,34,46,53,67,0,47,32,12,68,51,0,0,86,75,88,93,0,90,89,94,87,0,95,92,48,0,0
l36,12=0,0,0,0,0,0,0,0,0,0,0,0,0,4,64,0,0,65,22,50,69,0,0,0,42,48,0,18,0,0,91,79,51,93,0,75,89,94,87,91,0,92,36,0,0
l37,12=0,0,0,0,32,2,0,0,0,0,0,0,0,0,67,0,0,87,28,50,16,37,0,45,38,36,68,31,0,0,49,78,88,93,0,90,89,92,87,91,95,0,0,0,0
l38,12=0,0,0,0,0,0,0,0,0,0,13,0,23,0,66,0,16,37,55,71,64,58,0,65,72,73,74,59,0,0,0,0,0,28,0,5,0,0,0,2,0,0,0,88,81
l39,12=0,0,0,0,0,0,0,0,17,0,18,18,0,7,72,0,36,67,72,65,59,58,0,46,81,58,75,50,0,0,11,17,25,2,0,0,0,0,28,0,0,0,76,0,82
l40,12=0,0,0,0,0,0,0,0,0,0,0,0,0,0,52,0,30,66,5,76,0,62,38,19,76,70,69,74,0,0,0,0,0,0,0,0,0,0,1,0,0,0,74,87,0
l41,12=0,0,0,0,0,0,0,0,3,33,23,4,49,41,64,0,55,70,84,84,77,57,44,81,79,76,74,69,0,0,25,13,0,0,0,0,0,0,27,0,0,46,76,87,81
l42,12=0,0,0,0,0,0,0,0,0,0,0,0,46,0,0,0,0,1,46,79,68,68,64,89,79,78,79,82,0,0,0,0,52,60,0,40,0,29,50,28,0,0,76,87,76
l43,12=0,0,0,0,0,0,0,0,0,0,0,0,25,0,48,0,38,10,56,67,56,68,0,79,78,72,77,67,0,0,0,0,50,52,0,28,0,0,45,0,0,0,74,81,75
l44,12=0,0,0,0,0,0,0,0,0,0,33,0,34,0,0,0,45,44,49,65,63,76,21,81,79,78,74,75,0,0,0,0,53,41,0,0,0,0,0,0,27,0,76,81,61

l0,13=0,28,32,15,25,89,89,93,81,91,72,87,89,91,62,0,62,2,0,1,0,0,0,0,0,0,0,0,0,0,0,1,0,0,0,0,0,0,0,0,0,0,0,0,0
l1,13=65,0,33,15,25,89,89,94,81,87,69,84,93,85,74,0,81,81,37,18,0,0,0,0,0,0,0,0,0,0,0,19,0,0,0,0,0,0,0,0,0,0,0,0,0
l2,13=65,31,0,12,33,89,89,83,81,93,84,89,93,92,84,0,87,47,0,47,3,0,0,39,0,28,23,0,0,0,0,13,0,0,0,0,0,0,0,0,0,0,0,0,0
l3,13=63,28,31,0,33,89,89,91,81,79,71,0,90,87,70,0,60,47,0,15,0,0,0,0,0,0,0,0,0,0,10,18,0,0,0,0,0,0,0,0,0,0,0,0,0
l4,13=65,28,31,15,0,89,89,65,81,92,72,88,77,90,0,0,1,0,0,0,0,0,0,0,0,0,0,0,0,0,59,10,0,0,0,0,0,0,0,0,0,0,0,0,0
l5,13=61,31,31,15,30,0,89,93,81,78,91,86,93,69,67,0,59,45,40,15,1,0,0,0,0,0,0,0,0,0,2,17,0,0,0,0,0,0,0,0,27,0,0,0,0
l6,13=64,28,35,11,33,89,0,95,81,91,88,88,93,91,50,0,88,41,45,54,0,0,0,0,13,8,0,0,0,0,30,0,0,0,0,0,0,0,0,0,0,0,0,0,0
l7,13=60,31,36,12,24,89,89,0,81,92,86,89,93,92,88,0,87,0,80,54,0,2,8,31,16,37,15,0,0,0,1,0,0,0,0,0,0,0,0,0,0,0,0,12,0
l8,13=54,30,42,10,27,86,89,95,0,92,83,89,93,30,90,0,86,29,81,16,1,2,18,33,4,14,26,19,0,0,3,0,0,0,0,0,0,0,0,0,0,0,0,18,0
l9,13=50,28,36,4,20,78,86,73,78,0,87,89,93,92,87,0,89,32,49,50,3,5,0,24,68,30,19,23,0,0,10,8,0,0,0,0,0,0,0,0,0,0,0,4,0
l10,13=53,11,11,4,29,86,40,47,52,93,0,89,93,92,89,0,94,49,47,41,31,0,0,77,74,84,73,64,0,0,46,9,0,0,0,0,0,0,0,0,17,0,20,56,0
l11,13=57,12,41,4,29,84,86,86,79,93,89,0,93,92,90,0,82,25,46,36,2,14,0,24,40,1,76,69,0,0,32,27,0,0,0,0,0,0,0,0,0,0,0,58,0
l12,13=56,29,41,8,21,84,86,92,78,88,91,89,0,92,90,0,92,34,83,64,33,2,14,33,66,85,43,55,0,0,50,0,0,0,0,0,0,0,0,0,0,0,4,0,0
l13,13=53,16,40,5,20,83,87,90,51,93,91,89,93,0,90,0,92,25,84,27,3,2,32,62,48,75,46,12,0,0,0,15,0,0,0,0,0,0,0,0,9,0,4,57,0
l14,13=25,11,7,1,0,71,10,28,57,79,81,31,34,58,0,0,94,54,92,51,98,35,16,0,79,94,83,44,0,0,88,29,0,0,0,0,0,0,4,0,44,11,45,73,28
l15,13=24,18,9,3,2,75,49,53,59,87,91,54,93,91,96,0,0,52,92,81,93,36,38,57,50,65,21,76,0,0,57,46,0,0,0,0,0,0,0,0,2,2,4,38,26
l16,13=0,10,0,1,0,83,4,0,34,45,83,9,33,43,95,0,66,0,55,87,35,0,0,54,65,66,14,32,0,0,93,36,0,35,0,0,0,11,31,55,61,59,0,30,30
l17,13=0,3,0,0,0,71,26,31,51,69,60,30,59,55,96,0,94,56,0,89,98,36,42,71,52,58,65,52,0,0,50,32,0,0,0,0,0,0,0,33,47,3,39,72,31
l18,13=16,7,4,0,0,45,24,28,45,69,77,28,31,46,93,0,74,96,91,0,97,66,74,74,87,92,83,84,0,0,76,29,5,36,0,43,0,0,51,49,51,47,50,47,31
l19,13=0,0,0,0,0,38,1,0,36,69,82,17,57,48,96,0,94,97,92,89,0,46,52,92,94,98,89,77,0,0,88,29,0,0,0,0,0,0,3,48,88,45,50,71,30
l20,13=0,0,0,0,0,0,0,25,27,60,0,64,39,40,72,0,66,19,74,89,76,0,95,93,93,97,78,94,0,0,0,0,5,69,0,72,63,73,84,43,1,51,81,83,80
l21,13=0,0,0,0,0,0,0,60,55,1,0,0,67,69,71,0,77,12,78,87,77,98,0,92,93,91,86,93,0,0,0,0,72,63,0,33,0,0,71,0,0,0,0,82,82
l22,13=0,0,0,0,0,0,0,41,46,52,62,22,38,51,0,0,56,41,74,72,80,98,84,0,94,98,93,95,0,0,0,3,47,79,0,72,77,65,81,79,30,30,82,85,26
l23,13=0,0,0,0,0,0,9,22,9,64,63,22,70,48,87,0,80,47,85,81,97,95,91,93,0,98,93,90,0,0,0,26,46,53,0,71,14,15,87,47,34,56,88,94,64
l24,13=0,0,0,0,0,0,7,39,28,52,66,13,90,55,94,0,90,49,87,89,97,96,68,93,94,0,93,93,0,0,60,23,54,67,0,70,52,5,78,24,35,56,80,93,91
l25,13=0,0,1,0,0,0,0,26,37,41,52,43,42,44,84,0,40,3,41,83,80,57,74,93,94,98,0,76,0,0,46,0,73,6,0,71,71,64,65,71,0,52,88,92,88
l26,13=0,0,0,0,0,0,0,11,50,53,49,61,65,44,63,0,79,75,73,85,68,97,92,93,91,92,72,0,0,0,38,14,89,91,0,90,78,73,92,89,55,0,75,83,75
l27,13=0,0,0,0,26,45,3,2,17,29,58,21,31,0,89,0,38,97,47,50,34,0,0,0,18,36,10,1,0,0,0,100,7,57,0,62,25,14,47,56,60,21,1,2,0
l28,13=3,7,0,0,7,53,1,8,0,21,26,21,0,39,56,0,22,57,55,48,27,1,0,13,71,32,0,5,0,0,98,0,2,58,0,76,35,24,67,53,62,39,1,0,0
l29,13=0,0,0,0,0,0,0,0,0,0,0,0,0,0,0,0,0,2,0,36,0,13,47,73,77,82,78,86,0,0,71,1,0,93,0,92,90,93,95,93,91,56,14,38,0
l30,13=0,0,0,0,0,0,0,0,0,0,0,0,0,0,22,0,0,72,0,59,0,80,54,79,76,63,19,84,0,0,44,47,93,0,0,92,90,93,95,93,91,89,0,16,0
l31,13=0,0,0,0,0,0,0,0,0,0,0,0,0,0,0,0,0,0,0,63,0,58,16,70,73,78,74,76,0,0,67,75,93,93,0,0,91,93,94,76,82,88,0,25,0
l32,13=0,0,0,0,0,0,0,0,0,0,0,0,0,0,0,0,0,0,0,0,0,29,0,75,51,66,71,70,0,0,61,80,92,88,0,92,0,93,94,93,84,90,0,0,0
l33,13=0,0,0,0,0,0,0,0,0,0,0,0,0,0,0,0,0,24,0,0,0,72,0,60,28,0,69,61,0,0,24,73,93,88,0,92,91,0,94,83,85,71,0,0,0
l34,13=0,0,0,0,0,0,0,0,0,0,0,0,0,0,0,0,0,23,0,73,0,86,56,81,87,57,22,89,0,0,74,91,93,93,0,92,91,93,0,95,99,96,2,29,27
l35,13=0,0,0,0,0,14,0,0,0,0,0,0,0,0,0,0,0,25,45,80,27,29,0,76,79,34,27,35,0,0,87,4,92,93,0,88,91,93,95,0,99,96,1,11,0
l36,13=0,0,0,0,0,44,0,0,0,0,5,0,0,1,46,0,8,29,39,47,31,0,0,54,75,57,0,22,0,0,98,58,93,90,0,91,89,89,95,95,0,96,1,10,0
l37,13=0,0,0,0,7,0,0,0,0,0,0,0,0,0,42,0,0,57,34,80,26,36,0,55,82,56,25,0,0,0,57,60,54,93,0,92,91,21,95,95,99,0,0,0,0
l38,13=0,0,0,0,0,0,0,0,0,0,4,0,15,0,64,0,0,35,69,74,72,41,0,81,93,81,90,56,0,0,17,0,17,0,0,0,0,0,0,22,4,0,0,94,91
l39,13=0,0,0,0,0,0,0,0,22,0,37,20,9,41,85,0,50,81,75,37,48,25,28,76,93,87,85,72,0,0,0,0,19,6,0,0,0,0,15,8,13,0,88,0,91
l40,13=0,0,0,0,0,0,0,0,0,0,0,0,0,0,71,0,53,75,38,68,70,73,51,49,45,94,88,71,0,0,0,0,0,0,0,0,0,0,18,0,0,0,88,93,0
l41,13=0,0,0,0,0,0,0,0,0,0,54,15,27,38,81,0,62,89,85,88,87,30,0,80,93,91,81,76,0,0,39,0,16,0,0,0,0,0,0,0,0,20,89,95,89
l42,13=0,0,0,0,0,0,0,0,0,0,0,0,0,0,74,0,0,26,12,86,63,45,57,92,93,96,90,71,0,0,0,0,0,58,0,0,0,0,68,0,0,0,88,93,91
l43,13=0,0,0,0,0,0,0,0,0,0,0,1,0,0,0,0,59,40,62,55,59,79,47,80,91,84,89,77,0,0,0,0,16,0,0,0,41,0,52,0,0,0,88,93,88
l44,13=0,0,0,0,0,0,0,0,0,0,7,0,0,0,69,0,62,58,58,77,72,92,4,88,93,93,87,72,0,0,0,0,3,60,0,0,0,0,0,0,0,0,88,92,91

l0,14=0,100,99,99,100,100,100,100,99,99,99,97,100,53,77,0,88,0,55,0,0,0,0,0,0,0,0,0,0,0,73,2,0,0,0,0,0,0,0,0,0,0,0,0,0
l1,14=100,0,99,99,100,100,100,100,99,100,100,98,100,98,0,0,100,100,80,82,0,0,0,0,0,0,0,0,0,0,72,90,0,0,0,0,0,0,0,0,0,0,0,0,0
l2,14=100,100,0,99,100,100,100,100,100,100,100,100,100,100,94,0,100,94,60,92,0,0,0,0,0,44,33,0,0,0,66,0,0,0,0,0,0,0,0,0,0,0,0,0,0
l3,14=100,100,97,0,100,100,100,30,98,66,98,87,57,62,77,0,93,86,35,0,0,0,0,0,0,0,0,0,0,0,79,89,0,0,0,0,0,0,0,0,0,0,0,0,0
l4,14=100,100,97,99,0,0,100,59,99,100,100,98,63,99,87,0,92,92,53,0,0,0,0,0,0,0,0,0,0,0,95,0,0,0,0,0,0,0,0,0,20,0,0,0,0
l5,14=100,100,97,99,58,0,100,100,99,100,100,98,100,100,91,0,91,88,60,90,8,0,0,0,0,0,0,0,0,0,94,99,0,0,0,0,0,0,0,0,63,0,0,0,0
l6,14=100,100,99,99,100,100,0,100,100,100,100,100,100,100,84,0,98,0,97,93,0,0,0,0,0,0,0,0,0,0,83,87,0,0,0,0,0,0,0,0,0,0,0,0,0
l7,14=100,100,99,91,99,100,100,0,100,100,100,100,100,100,99,0,100,0,100,77,82,0,0,90,39,34,83,0,0,0,0,0,0,0,0,0,0,0,0,0,0,0,0,0,0
l8,14=100,100,97,99,100,100,100,100,0,100,100,100,100,100,99,0,100,86,100,88,0,77,0,96,75,53,99,77,0,0,67,0,0,0,0,0,0,0,0,0,0,0,0,77,0
l9,14=100,89,98,55,100,100,100,100,100,0,100,100,100,100,99,0,100,91,21,100,66,72,0,74,87,29,42,77,0,0,60,0,0,0,0,0,0,0,0,0,0,0,0,0,0
l10,14=89,88,59,50,70,100,100,100,100,100,0,100,100,100,87,0,100,91,100,99,89,0,0,91,96,62,59,63,0,0,90,86,0,0,0,0,0,0,0,0,77,0,66,0,0
l11,14=100,100,99,55,100,100,100,100,100,100,100,0,100,100,99,0,100,90,100,100,99,87,0,76,93,26,63,85,0,0,63,62,0,0,0,0,0,0,0,0,0,0,0,0,0
l12,14=100,100,99,61,80,100,100,100,100,100,100,100,0,100,99,0,100,84,100,100,100,78,68,83,100,100,60,0,0,0,82,90,0,0,0,0,0,0,0,0,0,0,0,93,0
l13,14=88,95,97,56,100,100,100,100,100,100,100,100,100,0,93,0,100,47,100,95,78,56,0,0,98,62,41,69,0,0,87,64,0,0,0,0,0,0,0,0,0,0,0,52,0
l14,14=71,0,59,15,53,88,47,54,59,57,84,84,60,52,0,0,100,93,100,100,100,87,22,87,95,61,59,64,0,0,89,96,0,53,0,0,0,0,0,15,57,63,43,91,77
l15,14=66,96,57,44,60,67,89,59,60,70,100,90,100,71,99,0,0,30,100,100,100,96,0,96,66,56,58,82,0,0,99,96,0,0,0,0,0,0,19,17,31,0,0,54,60
l16,14=0,50,16,20,47,52,0,0,23,39,87,67,24,13,93,0,51,0,95,100,100,0,0,86,59,15,25,57,0,0,99,100,83,81,0,4,0,0,41,42,97,65,0,87,69
l17,14=58,80,39,22,52,89,79,58,61,43,100,100,100,61,99,0,100,100,0,100,100,0,82,99,99,98,53,81,0,0,98,100,0,0,0,0,0,0,2,19,29,82,42,97,64
l18,14=0,53,30,0,33,58,56,32,57,67,98,88,59,37,99,0,99,100,100,0,99,99,97,98,97,88,100,82,0,0,96,97,0,0,0,52,6,0,60,42,95,97,73,97,92
l19,14=0,0,0,0,0,78,0,58,0,64,100,90,59,59,99,0,100,100,100,100,0,98,0,100,100,100,100,82,0,0,99,99,0,0,0,0,0,0,0,61,96,99,74,97,93
l20,14=0,0,0,0,0,0,5,0,89,86,0,92,90,78,91,0,99,1,0,97,95,0,98,98,97,99,96,98,0,0,0,0,89,97,0,50,93,91,99,92,35,91,97,96,90
l21,14=0,0,0,0,0,0,0,15,0,0,0,0,97,0,80,0,0,0,98,97,0,100,0,98,97,99,98,99,0,0,0,0,95,0,0,2,0,0,85,0,0,0,87,86,98
l22,14=0,0,0,0,0,0,0,94,94,55,95,77,91,0,97,0,99,93,98,97,96,98,97,0,100,100,99,100,0,0,0,87,92,98,0,14,98,79,98,92,91,58,98,91,92
l23,14=0,0,0,0,0,0,0,17,49,56,95,83,98,96,96,0,94,96,98,97,96,96,97,99,0,100,100,97,0,0,80,93,98,97,0,96,87,80,99,90,50,96,98,97,98
l24,14=0,0,0,0,0,0,0,51,50,59,98,77,98,96,97,0,99,94,98,97,96,98,90,99,100,0,100,97,0,0,82,80,98,98,0,0,87,0,51,52,96,97,99,97,98
l25,14=0,0,0,0,0,0,0,82,95,70,95,94,96,66,96,0,99,93,98,97,96,93,96,98,100,100,0,97,0,0,0,0,98,95,0,91,93,90,0,93,0,78,98,97,98
l26,14=0,0,0,0,0,0,0,2,93,92,77,95,0,56,91,0,99,90,97,97,92,98,97,99,97,99,98,0,0,0,78,0,99,98,0,96,93,93,99,97,76,90,97,95,94
l27,14=59,20,0,56,76,59,57,0,18,25,99,50,51,50,93,0,98,100,66,97,100,0,0,0,60,13,0,49,0,0,0,100,92,99,0,56,80,81,61,53,100,100,0,90,0
l28,14=0,27,0,37,21,59,46,0,0,0,85,62,50,14,81,0,91,95,69,96,99,0,0,82,61,12,0,0,0,0,99,0,93,87,0,58,59,62,59,60,85,100,0,0,0
l29,14=0,0,0,0,0,0,0,0,0,0,0,0,0,0,0,0,0,80,0,0,0,77,78,94,97,92,98,98,0,0,97,96,0,100,0,99,100,100,100,100,100,100,0,86,14
l30,14=0,0,0,0,0,0,0,0,0,0,0,0,0,0,86,0,0,84,0,10,0,93,0,98,97,95,94,97,0,0,96,92,100,0,0,99,100,100,100,100,100,100,72,1,63
l31,14=0,0,0,0,0,0,0,0,0,0,0,0,0,0,0,0,0,68,0,75,0,40,0,35,96,0,91,92,0,0,75,94,100,100,0,0,100,100,100,94,92,100,0,0,0
l32,14=0,0,0,0,0,0,0,0,0,0,0,0,0,0,0,0,0,0,0,5,0,82,0,100,88,84,100,97,0,0,88,99,100,100,0,99,0,100,100,100,86,100,0,0,0
l33,14=0,0,0,0,0,0,0,0,0,0,0,0,0,0,0,0,0,0,0,0,0,71,0,75,93,0,94,92,0,0,88,76,100,93,0,99,100,0,89,94,89,88,0,0,0
l34,14=0,0,0,0,0,0,0,0,0,0,0,0,0,0,0,0,42,42,53,95,0,95,71,96,62,25,0,100,0,0,99,92,100,100,0,99,100,100,0,100,100,100,0,2,0
l35,14=0,0,0,0,0,0,0,0,0,0,0,0,0,0,42,0,13,99,59,94,93,85,0,91,60,26,49,93,0,0,98,98,100,100,0,61,100,100,100,0,100,100,0,28,0
l36,14=0,0,0,0,65,48,0,0,0,0,79,0,0,0,57,0,0,98,60,96,98,4,0,88,33,27,0,53,0,0,99,95,98,100,0,96,60,98,100,100,0,100,0,24,0
l37,14=0,0,0,0,5,0,0,0,0,0,0,0,0,0,53,0,0,96,60,96,79,80,0,49,60,57,46,70,0,0,99,100,100,100,0,99,100,77,100,100,100,0,21,79,0
l38,14=0,0,0,0,0,0,0,0,0,0,84,0,0,0,87,0,1,2,83,96,89,89,69,96,97,99,98,87,0,0,0,0,0,0,0,0,0,0,0,0,0,0,0,97,98
l39,14=0,0,0,0,0,0,0,0,8,0,0,0,85,47,89,0,48,59,84,95,85,86,1,84,97,99,98,85,0,0,83,0,52,0,0,0,0,0,0,0,0,56,98,0,98
l40,14=0,0,0,0,0,0,0,0,0,0,0,0,0,0,86,0,84,83,83,97,84,84,60,88,96,97,95,96,0,0,0,0,0,46,0,0,0,0,0,0,0,0,98,97,0
l41,14=0,0,0,0,0,0,0,0,0,51,82,45,77,0,91,0,94,98,98,95,96,86,0,98,97,96,98,97,0,0,5,3,54,46,0,0,0,0,0,18,0,82,98,97,96
l42,14=0,0,0,0,0,0,0,0,0,0,0,0,1,0,92,0,87,0,97,97,88,92,83,98,97,99,98,97,0,0,0,0,20,16,0,0,58,0,0,0,0,0,98,97,98
l43,14=0,0,0,0,0,0,0,0,0,0,0,0,0,0,18,0,0,68,83,95,74,93,0,95,96,97,98,95,0,0,0,0,79,76,0,53,78,0,86,57,0,5,98,97,96
l44,14=0,0,0,0,0,0,0,0,0,0,0,0,85,0,88,0,92,87,78,97,91,96,79,0,97,97,98,94,0,0,0,0,0,50,0,0,54,0,0,0,0,0,98,97,98

l0,15=0,100,100,100,100,100,100,100,100,100,100,100,100,100,87,0,100,96,87,95,0,0,0,0,0,0,0,0,0,0,84,50,0,0,0,0,0,0,0,0,0,0,0,0,0
l1,15=100,0,100,100,100,100,100,100,100,100,93,100,100,100,98,0,100,100,100,100,0,0,0,0,0,0,0,0,0,0,100,0,0,0,0,0,0,0,0,0,0,0,0,0,0
l2,15=100,100,0,100,100,100,100,100,100,100,96,100,100,100,97,0,100,100,91,100,80,0,0,0,0,3,21,1,0,0,5,0,0,0,0,0,0,0,0,0,0,0,0,0,0
l3,15=100,100,100,0,100,100,100,100,100,78,100,100,100,46,100,0,99,100,88,92,0,0,0,0,0,0,0,0,0,0,100,99,0,0,0,0,0,0,0,0,0,0,0,0,0
l4,15=100,100,100,100,0,100,100,100,100,39,96,100,90,100,67,0,98,100,95,98,0,0,0,0,0,0,0,0,0,0,67,94,0,0,0,0,0,0,0,0,0,0,0,0,0
l5,15=100,100,100,100,100,0,100,96,100,100,96,100,100,100,95,0,100,97,98,96,96,0,0,0,0,0,0,0,0,0,95,97,0,0,0,0,0,0,0,0,70,0,0,0,0
l6,15=100,100,100,100,100,100,0,100,100,100,100,100,100,100,97,0,100,100,100,98,78,26,0,0,0,0,0,0,0,0,1,0,0,0,0,0,0,0,0,0,0,0,0,0,0
l7,15=100,100,100,100,100,100,100,0,100,100,100,100,100,100,100,0,100,95,100,100,100,97,0,93,0,85,65,96,0,0,0,0,0,0,0,0,0,0,0,0,0,0,0,0,0
l8,15=100,100,100,100,100,100,100,100,0,100,100,100,100,100,100,0,100,5,100,100,94,52,0,94,95,92,98,97,0,0,0,90,0,0,0,0,0,0,0,0,0,0,10,18,0
l9,15=100,100,100,100,100,100,100,100,100,0,100,100,100,100,99,0,98,95,100,100,82,55,0,73,0,96,69,97,0,0,0,56,0,0,0,0,0,0,0,0,0,0,21,82,0
l10,15=75,90,91,60,55,98,97,83,100,100,0,100,100,100,97,0,93,92,100,97,67,0,0,73,93,96,97,81,0,0,0,0,0,0,0,0,0,0,0,0,74,0,60,81,88
l11,15=100,100,100,59,100,100,100,100,100,100,100,0,100,100,98,0,100,97,100,100,99,58,0,0,96,93,44,35,0,0,54,93,0,0,0,0,0,0,0,0,0,1,0,80,0
l12,15=100,100,100,87,27,100,100,100,100,100,100,100,0,100,99,0,100,94,100,100,97,51,57,73,99,99,95,0,0,0,73,53,0,0,0,0,0,0,0,0,0,0,0,82,0
l13,15=100,100,100,18,100,100,100,100,100,100,100,100,100,0,97,0,100,93,98,98,0,48,1,44,91,93,0,88,0,0,52,63,0,0,0,0,0,0,0,0,0,0,0,0,0
l14,15=58,89,84,52,25,67,89,82,61,64,89,94,89,60,0,0,100,99,100,99,99,0,0,74,95,95,95,88,0,0,93,95,0,58,0,0,0,0,0,0,84,53,59,84,86
l15,15=77,100,75,34,28,69,100,88,63,63,90,100,100,62,100,0,0,99,100,100,100,51,38,75,99,93,100,58,0,0,95,99,0,7,0,0,0,0,26,37,0,43,1,84,95
l16,15=52,93,89,24,20,38,92,82,0,64,84,62,55,53,100,0,99,0,100,100,100,30,0,38,80,93,95,91,0,0,100,99,45,22,0,37,0,0,43,60,100,100,39,48,59
l17,15=65,92,42,2,27,67,92,100,100,63,100,100,100,98,100,0,100,100,0,100,100,60,51,74,99,99,60,52,0,0,99,99,0,0,0,0,0,0,0,0,81,53,62,98,0
l18,15=57,88,63,3,28,33,86,88,63,64,90,98,93,62,98,0,99,100,100,0,100,62,64,81,98,98,100,99,0,0,98,98,0,54,0,0,2,0,80,96,93,51,62,98,98
l19,15=0,0,60,0,0,66,88,88,60,59,87,98,93,0,100,0,100,100,100,100,0,62,29,82,99,99,100,87,0,0,97,98,0,0,0,0,0,0,77,95,93,62,62,85,91
l20,15=0,0,0,0,0,0,30,96,62,68,0,86,89,64,36,0,93,73,92,99,95,0,100,98,96,99,96,100,0,0,0,0,62,95,0,21,94,79,89,87,0,0,90,87,73
l21,15=0,0,0,0,0,0,0,67,0,2,0,0,90,51,0,0,90,0,92,100,73,100,0,99,99,95,97,100,0,0,0,0,62,0,0,0,76,0,64,0,0,0,88,88,68
l22,15=0,0,0,0,0,0,0,84,59,59,94,0,90,36,93,0,93,78,92,99,98,99,99,0,99,99,100,100,0,0,0,10,96,95,0,30,95,70,88,88,88,56,100,78,86
l23,15=0,0,0,0,0,0,0,0,85,0,84,94,97,68,95,0,95,95,95,97,98,97,98,100,0,99,100,97,0,0,88,85,96,94,0,95,70,60,0,90,78,54,100,96,98
l24,15=0,0,27,0,0,0,0,96,88,97,97,97,98,96,99,0,96,94,99,97,100,99,98,100,99,0,100,97,0,0,94,93,94,94,0,96,96,0,95,0,97,96,100,97,94
l25,15=0,0,0,0,0,0,0,61,90,40,94,58,89,1,97,0,93,95,84,99,99,97,96,99,99,99,0,99,0,0,1,0,93,93,0,49,97,75,85,85,60,53,100,98,86
l26,15=0,0,0,0,0,0,0,93,87,94,86,61,13,88,81,0,84,92,73,98,78,99,99,99,98,96,99,0,0,0,0,0,96,94,0,85,85,83,88,88,90,86,92,87,92
l27,15=48,95,0,25,21,38,28,0,0,0,0,61,51,47,100,0,99,100,99,98,97,0,0,0,78,90,0,0,0,0,0,99,44,24,0,60,87,77,43,97,100,63,0,47,0
l28,15=18,0,0,28,20,42,0,0,54,26,0,63,50,45,100,0,100,100,100,100,100,0,0,1,80,96,0,0,0,0,100,0,46,24,0,60,97,80,43,60,94,63,0,35,0
l29,15=0,0,0,0,0,0,0,0,0,0,0,0,0,0,0,0,0,94,0,0,0,95,18,99,98,95,99,100,0,0,93,96,0,100,0,100,100,100,100,99,99,100,72,32,0
l30,15=0,0,0,0,0,0,0,0,0,0,0,0,0,0,92,0,87,94,0,87,0,98,0,99,95,95,97,99,0,0,95,95,99,0,0,100,100,100,100,99,100,100,42,51,60
l31,15=0,0,0,0,0,0,0,0,0,0,0,0,0,0,0,0,0,87,0,11,0,26,0,35,95,96,94,90,0,0,92,90,99,100,0,0,100,100,100,97,100,100,37,0,54
l32,15=0,0,0,0,0,0,0,0,0,0,0,0,0,0,0,0,0,0,0,0,0,97,13,100,78,97,98,92,0,0,95,96,99,100,0,100,0,100,100,97,98,100,0,0,0
l33,15=0,0,0,0,0,0,0,0,0,0,0,0,0,0,0,0,0,0,0,0,0,92,0,92,89,0,94,90,0,0,92,88,99,91,0,100,100,0,94,96,96,93,0,0,0
l34,15=0,0,0,0,0,0,0,0,0,0,0,0,0,0,0,0,67,96,0,99,94,99,0,63,1,95,97,99,0,0,97,76,99,100,0,100,100,100,0,99,100,100,25,0,60
l35,15=0,0,0,0,0,0,0,0,0,0,0,0,0,0,1,0,51,99,0,97,97,64,0,45,79,0,99,99,0,0,100,75,99,100,0,100,100,83,100,0,100,100,0,0,0
l36,15=0,0,0,0,15,36,0,0,0,0,1,0,0,0,89,0,0,99,98,98,100,0,0,46,72,97,94,91,0,0,100,76,62,60,0,99,99,83,100,99,0,100,0,14,0
l37,15=0,0,0,0,0,0,0,0,0,0,0,0,0,0,91,0,92,99,84,78,100,0,0,43,76,97,96,91,0,0,100,99,99,100,0,100,100,83,100,99,100,0,0,0,0
l38,15=0,0,0,0,0,0,0,0,0,0,56,0,32,0,53,0,47,2,86,96,68,91,36,92,97,96,97,88,0,0,0,0,58,0,0,23,0,0,2,0,0,0,0,98,96
l39,15=0,0,0,0,0,0,0,6,0,2,52,30,55,0,88,0,55,67,82,97,76,70,57,47,94,89,99,29,0,0,55,36,4,23,0,0,0,0,0,0,0,0,100,0,98
l40,15=0,0,0,0,0,0,0,0,0,0,48,0,0,0,70,0,79,81,1,96,79,72,26,83,98,86,92,88,0,0,0,0,0,41,0,15,0,0,66,0,0,0,100,98,0
l41,15=0,0,0,0,0,0,0,0,7,35,85,57,50,68,95,0,90,98,95,96,99,52,0,97,98,98,99,97,0,0,84,16,50,39,0,0,0,0,24,0,10,17,100,98,98
l42,15=0,0,0,0,0,0,0,0,0,0,0,0,0,0,70,0,0,12,47,96,71,94,58,95,98,96,53,88,0,0,0,0,57,62,0,51,59,0,60,0,0,6,100,96,98
l43,15=0,0,0,0,0,0,0,0,0,0,0,0,1,0,62,0,15,0,60,83,70,74,0,89,69,92,96,63,0,0,0,0,0,65,0,50,56,0,65,58,2,41,97,91,88
l44,15=0,0,0,0,0,0,0,0,0,0,0,0,29,0,48,0,56,63,44,96,38,96,52,93,97,58,97,65,0,0,0,0,5,65,0,0,69,0,0,0,0,0,100,94,99

