n=40

q0=0
q1=1
q2=1
q3=1
q4=1
q5=1
q6=1
q7=1
q8=1
q9=1
q10=1
q11=1
q12=1
q13=1
q14=1
q15=1
q16=1
q17=1
q18=1
q19=1
q20=1
q21=1
q22=1
q23=1
q24=1
q25=1
q26=1
q27=1
q28=1
q29=1
q30=1
q31=1
q32=1
q33=1
q34=1
q35=1
q36=1
q37=1
q38=1
q39=1

a0=0x141592000c576ce6
a1=0x141592000c5aedbc
a2=0x141592000c5750f4
a3=0x141592000c576658
a4=0x141592000c575890
a5=0x141592000c574ffa
a6=0x141592000c5acf11
a7=0x141592000d9df361
a8=0x141592000c576300
a9=0x141592000c5779b6
a10=0x141592000c5762b9
a11=0x141592000c5af078
a12=0x141592000c575517
a13=0x141592000c5752c3
a14=0x141592000c5a4baa
a15=0x141592000c5776e7
a16=0x141592000c58cdeb
a17=0x141592000c5881fc
a18=0x141592000bd81d33
a19=0x141592000bd84d6a
a20=0x141592000c577233
a21=0x141592000c574527
a22=0x141592000c5746a3
a23=0x141592000c574da3
a24=0x141592000c5741c9
a25=0x141592000da244ea
a26=0x141592000c5ae886
a27=0x141592000c57510e
a28=0x141592000c5ab6c8
a29=0x141592000c574d05
a30=0x141592000edae61f
a31=0x141592000c57667e
a32=0x141592000c577f43
a33=0x141592000c576449
a34=0x1415920010f4117a
a35=0x141592000c575966
a36=0x141592000c574d35
a37=0x141592000c576fb1
a38=0x141592000c5aea5d
a39=0x141592000c59f23f

l0,0=0,89,88,97,84,85,67,42,0,49,29,0,0,15,0,0,0,0,0,0,0,0,0,0,0,0,0,0,0,0,0,0,0,0,0,0,0,0,0,0
l1,0=89,0,89,78,87,88,85,62,37,46,78,0,0,10,0,0,0,0,0,0,0,0,0,0,0,0,0,0,0,0,0,0,0,0,0,0,0,0,0,0
l2,0=91,93,0,80,78,77,92,85,65,76,78,0,0,0,0,0,0,0,0,0,0,0,0,0,0,0,0,0,0,0,0,0,0,0,0,0,0,0,0,0
l3,0=95,87,79,0,93,88,64,54,14,34,41,0,0,0,0,0,0,0,0,0,0,0,0,0,0,0,0,0,0,0,0,0,0,0,0,0,0,0,0,0
l4,0=87,89,66,90,0,87,70,77,29,39,18,0,0,43,0,0,0,0,0,0,0,0,0,0,0,0,0,0,0,0,0,0,0,0,0,0,0,0,0,0
l5,0=88,93,82,88,85,0,84,84,76,85,74,11,0,4,0,0,12,0,0,0,0,0,0,0,0,0,0,0,0,0,0,0,0,0,0,0,0,0,0,0
l6,0=80,89,94,54,87,88,0,91,84,52,83,19,0,77,0,16,15,0,0,0,0,0,0,0,0,0,0,0,0,0,0,0,0,0,0,0,0,0,0,0
l7,0=65,78,88,79,85,86,91,0,80,86,84,73,0,68,0,16,0,0,0,0,0,0,0,0,0,0,0,0,0,0,0,0,0,0,0,0,0,0,0,0
l8,0=0,49,30,1,5,64,60,56,0,91,48,49,27,82,55,49,65,14,0,0,0,52,1,38,49,2,0,0,0,0,0,0,0,0,0,0,0,0,0,0
l9,0=63,63,57,10,27,86,57,88,88,0,83,66,18,84,13,6,20,27,0,0,0,0,12,0,0,0,0,0,0,0,0,0,0,0,0,0,0,0,0,0
l10,0=38,73,82,64,25,78,78,85,71,91,0,56,32,83,41,61,0,0,0,0,0,0,0,0,0,0,0,0,0,0,0,0,0,0,0,0,0,0,0,0
l11,0=0,0,0,0,0,11,27,33,41,47,61,0,72,85,76,92,28,53,0,56,0,20,0,53,71,2,0,0,0,0,0,0,0,0,0,0,64,0,31,0
l12,0=0,0,0,0,0,0,0,0,58,9,53,92,0,85,85,92,80,97,0,0,40,61,0,81,91,81,0,0,0,0,0,0,0,40,0,0,2,0,57,0
l13,0=5,0,0,0,15,0,57,21,71,74,70,84,75,0,78,73,24,53,0,58,0,62,40,64,33,1,0,0,0,0,0,0,0,0,0,0,0,0,0,0
l14,0=0,0,0,0,0,0,0,0,39,1,30,82,68,83,0,30,48,50,0,0,63,0,38,82,76,68,0,0,0,0,0,0,0,36,0,0,37,0,28,0
l15,0=0,0,0,0,0,0,45,18,39,10,59,95,78,80,77,0,26,51,0,0,46,0,41,0,75,0,0,0,0,0,0,0,0,0,0,0,33,0,0,0
l16,0=0,0,0,0,0,0,11,0,31,19,0,84,67,37,84,21,0,56,0,61,30,74,48,58,72,0,0,0,0,0,0,0,0,12,0,1,37,0,39,0
l17,0=0,0,0,0,0,0,0,0,17,38,0,91,93,77,80,53,56,0,0,0,64,65,36,36,75,48,0,0,0,0,0,0,0,22,0,0,65,27,36,0
l18,0=0,0,0,0,0,0,0,0,0,0,0,0,0,0,0,0,0,0,0,0,48,46,43,0,0,0,0,0,0,0,0,0,0,0,0,0,0,0,0,0
l19,0=0,0,0,0,0,0,0,0,2,0,0,34,0,35,0,0,59,0,0,0,57,4,56,0,0,0,23,0,9,0,0,15,0,0,0,9,42,0,18,26
l20,0=0,0,0,0,0,0,0,0,0,0,0,0,30,0,34,13,14,20,64,79,0,82,59,0,0,0,0,0,0,0,0,6,0,0,0,1,68,78,61,9
l21,0=0,0,0,0,0,0,0,0,16,0,0,19,36,42,0,0,42,23,41,32,87,0,59,0,0,0,0,0,0,0,0,1,0,0,0,1,10,25,58,0
l22,0=0,0,0,0,0,0,0,0,6,16,0,0,0,40,31,13,36,15,49,87,88,80,0,0,0,0,18,0,0,0,0,0,34,0,0,11,60,54,39,14
l23,0=0,0,0,0,0,0,0,0,32,0,0,35,69,68,76,0,26,25,0,0,0,0,0,0,81,0,0,0,0,0,0,1,38,0,17,0,0,0,0,0
l24,0=0,0,0,0,0,0,0,0,38,0,0,73,93,68,82,49,43,60,0,0,0,0,0,86,0,64,0,0,0,0,0,0,37,37,8,0,0,0,12,0
l25,0=0,0,0,0,0,0,0,0,17,0,0,0,72,19,80,0,0,50,0,0,0,0,0,0,75,0,17,1,0,1,0,25,57,35,58,0,0,0,0,0
l26,0=0,0,0,0,0,0,0,0,0,0,0,0,0,0,0,0,0,0,0,48,0,0,32,0,0,36,0,62,93,89,89,86,56,53,41,0,0,0,0,0
l27,0=0,0,0,0,0,0,0,0,0,0,0,0,0,0,0,0,0,0,0,0,0,0,0,0,0,4,75,0,93,91,94,76,70,64,65,0,0,0,0,0
l28,0=0,0,0,0,0,0,0,0,0,0,0,0,0,0,0,0,0,0,0,45,0,0,0,0,0,1,87,90,0,91,93,86,73,55,66,0,0,0,0,0
l29,0=0,0,0,0,0,0,0,0,0,0,0,0,0,0,0,0,0,0,0,0,0,0,5,0,0,0,83,83,94,0,87,60,43,45,26,0,0,0,0,0
l30,0=0,0,0,0,0,0,0,0,0,0,0,0,0,0,0,0,0,0,0,0,0,0,0,0,0,0,83,90,87,86,0,58,59,66,0,0,0,0,0,0
l31,0=0,0,0,0,0,0,0,0,0,0,0,0,0,0,0,0,0,0,0,53,24,1,6,5,0,39,87,54,82,61,49,0,86,69,85,0,0,0,0,0
l32,0=0,0,0,0,0,0,0,0,0,0,0,0,0,0,0,0,0,0,0,0,0,0,34,48,31,53,72,53,68,39,52,81,0,83,91,0,0,0,0,0
l33,0=0,0,0,0,0,0,0,0,0,0,0,0,59,0,49,0,25,33,0,0,0,0,0,7,42,44,55,38,61,36,59,75,83,0,70,0,0,0,0,0
l34,0=0,0,0,0,0,0,0,0,0,0,0,0,0,0,21,0,4,0,0,0,20,0,28,58,39,69,72,55,63,40,0,89,91,5,0,0,0,0,0,0
l35,0=0,0,0,0,0,0,0,0,0,0,0,0,0,0,0,0,10,0,0,45,37,41,35,0,0,0,0,0,0,0,0,0,0,0,0,0,70,80,70,28
l36,0=0,0,0,0,0,0,0,0,0,0,0,54,8,11,27,3,20,24,0,40,66,0,51,0,0,0,0,0,0,0,0,0,0,0,0,4,0,83,40,1
l37,0=0,0,0,0,0,0,0,0,0,0,0,0,0,0,0,0,0,14,0,0,72,43,40,0,0,0,0,0,0,0,0,0,0,0,0,6,77,0,0,1
l38,0=0,0,0,0,0,0,0,0,0,0,0,51,48,4,42,0,30,32,0,35,79,75,53,0,0,0,0,0,0,0,0,0,0,0,0,6,81,0,0,1
l39,0=0,0,0,0,0,0,0,0,0,0,0,0,0,0,0,0,15,0,0,71,73,46,50,0,0,0,0,0,0,0,0,0,0,0,0,8,74,84,35,0

l0,1=0,89,63,85,75,77,61,36,22,56,0,0,0,1,0,0,0,0,0,0,0,0,0,0,0,0,0,0,0,0,0,0,0,0,0,0,0,0,0,0
l1,1=85,0,79,70,76,69,61,66,40,30,67,0,0,57,0,0,0,0,0,0,0,0,0,0,0,0,0,0,0,0,0,0,0,0,0,0,0,0,0,0
l2,1=81,91,0,74,70,83,83,0,70,77,71,0,0,0,0,0,0,0,0,0,0,0,0,0,0,0,0,0,0,0,0,0,0,0,0,0,0,0,0,0
l3,1=88,77,64,0,71,77,13,56,0,55,59,0,0,0,0,0,0,0,0,0,0,0,0,0,0,0,0,0,0,0,0,0,0,0,0,0,0,0,0,0
l4,1=74,83,51,77,0,68,68,43,59,62,0,0,0,27,0,0,0,0,0,0,0,0,0,0,0,0,0,0,0,0,0,0,0,0,0,0,0,0,0,0
l5,1=81,81,70,79,72,0,82,67,49,83,73,0,0,61,0,0,0,0,0,0,0,0,0,0,0,0,0,0,0,0,0,0,0,0,0,0,0,0,0,0
l6,1=33,59,83,6,77,87,0,88,72,53,75,29,10,20,0,7,5,0,0,0,0,0,0,0,0,0,0,0,0,0,0,0,0,0,0,0,0,0,0,0
l7,1=38,51,0,28,36,45,84,0,80,86,82,27,1,10,0,1,0,0,0,0,0,0,0,0,0,0,0,0,0,0,0,0,0,0,0,0,0,0,0,0
l8,1=3,15,25,0,28,21,60,68,0,85,53,34,6,64,2,51,32,20,0,0,0,18,8,0,9,19,0,0,0,0,0,0,0,0,0,0,0,0,0,0
l9,1=28,12,49,17,53,71,42,79,85,0,78,39,11,65,5,41,15,25,0,0,0,6,3,0,3,0,0,0,0,0,0,0,0,0,0,0,0,0,0,0
l10,1=4,75,62,56,14,71,71,88,63,86,0,39,0,66,0,45,5,0,0,0,0,4,0,0,8,0,0,0,0,0,0,0,0,0,0,0,0,0,0,0
l11,1=0,0,0,0,2,0,25,18,33,55,48,0,63,55,70,70,41,63,0,13,12,5,0,3,34,11,0,0,0,0,0,0,0,0,0,23,29,0,17,0
l12,1=0,0,0,0,0,0,13,0,1,21,0,56,0,65,82,65,38,72,0,0,9,5,2,55,77,52,0,0,0,0,0,0,0,0,0,0,19,0,16,0
l13,1=0,10,0,0,5,40,17,0,63,62,51,54,62,0,46,32,26,37,0,0,5,17,19,1,32,39,0,0,0,0,0,0,0,0,0,0,4,0,11,0
l14,1=0,0,0,0,0,0,0,0,26,35,0,37,74,35,0,39,40,43,0,0,15,3,6,55,56,66,0,0,0,0,0,0,0,4,0,0,10,0,0,0
l15,1=0,0,0,0,0,0,0,0,40,45,37,71,70,24,29,0,20,45,0,0,0,0,15,10,67,0,0,0,0,0,0,0,0,0,0,0,24,0,6,0
l16,1=0,0,0,0,0,0,3,0,9,31,0,27,28,20,59,25,0,51,0,13,16,18,23,21,31,29,0,0,0,0,0,0,5,0,0,26,20,14,16,12
l17,1=0,0,0,0,0,0,0,0,25,35,0,50,77,33,44,53,42,0,0,0,14,14,19,5,29,23,0,0,0,0,0,0,0,29,0,0,20,0,16,14
l18,1=0,0,0,0,0,0,0,0,0,0,0,0,0,0,0,0,0,0,0,3,40,24,30,0,0,0,0,0,0,0,0,0,0,0,0,0,0,0,0,0
l19,1=0,0,0,0,0,0,0,0,0,0,0,8,0,4,0,0,16,0,6,0,44,0,47,0,0,0,19,0,9,0,0,9,0,0,0,20,18,0,25,42
l20,1=0,0,0,0,0,0,0,0,0,0,0,10,14,13,21,0,18,21,20,32,0,36,31,0,0,0,0,0,0,0,0,0,0,0,0,3,26,21,20,28
l21,1=0,0,0,0,0,0,0,0,29,30,0,14,20,27,10,0,20,16,18,0,57,0,42,0,0,0,0,0,0,0,0,12,10,0,0,33,18,15,32,37
l22,1=0,0,0,0,0,0,0,0,24,16,0,0,9,21,5,23,18,20,21,45,47,33,0,0,0,0,14,0,0,0,0,2,0,0,0,29,26,16,14,45
l23,1=0,0,0,0,0,0,0,0,5,0,0,7,55,2,76,1,30,0,0,0,0,0,0,0,71,56,0,0,0,0,0,0,9,0,43,0,0,0,0,0
l24,1=0,0,0,0,0,0,0,0,10,14,3,35,74,26,73,64,37,39,0,0,0,0,0,59,0,68,0,0,0,0,0,0,17,52,29,0,0,0,0,0
l25,1=0,0,0,0,0,0,0,0,22,0,0,4,54,26,71,0,29,32,0,0,0,0,0,43,58,0,26,0,13,5,0,27,0,60,51,0,0,0,0,0
l26,1=0,0,0,0,0,0,0,0,0,0,0,0,0,0,0,0,0,0,0,22,0,0,15,0,0,35,0,42,58,73,40,76,35,36,27,0,0,0,0,0
l27,1=0,0,0,0,0,0,0,0,0,0,0,0,0,0,0,0,0,0,0,0,0,0,0,0,0,0,39,0,58,78,94,49,36,42,35,0,0,0,0,0
l28,1=0,0,0,0,0,0,0,0,0,0,0,0,0,0,0,0,0,0,0,20,0,0,0,0,0,26,45,72,0,78,51,65,27,41,38,0,0,0,0,0
l29,1=0,0,0,0,0,0,0,0,0,0,0,0,0,0,0,0,0,0,0,0,0,0,0,0,0,2,39,71,58,0,49,49,34,27,33,0,0,0,0,0
l30,1=0,0,0,0,0,0,0,0,0,0,0,0,0,0,0,0,0,0,0,0,0,0,0,0,0,0,44,80,58,76,0,54,35,53,0,0,0,0,0,0
l31,1=0,0,0,0,0,0,0,0,0,0,0,0,0,0,0,0,0,0,0,18,0,14,12,0,0,38,36,35,48,56,14,0,48,67,67,0,0,0,0,0
l32,1=0,0,0,0,0,0,0,0,0,0,0,0,0,0,0,0,13,0,0,1,0,1,0,17,20,0,33,41,32,48,17,69,0,67,82,0,0,0,0,0
l33,1=0,0,0,0,0,0,0,0,0,0,0,0,0,0,12,0,0,16,0,0,0,0,0,0,25,50,35,30,35,29,21,71,45,0,65,0,0,0,0,0
l34,1=0,0,0,0,0,0,0,0,0,0,0,0,0,0,0,0,11,0,0,0,0,0,0,21,22,38,24,36,46,38,0,80,65,66,0,0,0,0,0,0
l35,1=0,0,0,0,0,0,0,0,0,0,0,5,0,0,0,0,17,0,0,10,0,13,27,0,0,0,0,0,0,0,0,0,0,0,0,0,30,23,40,17
l36,1=0,0,0,0,0,0,0,0,0,0,0,14,8,7,1,28,18,14,0,6,24,3,32,0,2,0,0,0,0,0,0,0,0,0,0,50,0,26,27,28
l37,1=0,0,0,0,0,0,0,0,0,0,0,0,0,0,0,0,14,0,0,0,19,4,16,0,0,0,0,0,0,0,0,0,0,0,0,44,30,0,19,28
l38,1=0,0,0,0,0,0,0,0,0,0,0,18,12,11,0,2,22,16,0,14,29,21,27,0,0,0,0,0,0,0,0,0,0,0,0,55,34,23,0,28
l39,1=0,0,0,0,0,0,0,0,0,0,0,0,0,0,0,0,15,0,0,20,26,16,32,0,0,0,0,0,0,0,0,0,0,0,0,36,28,25,16,0

l0,2=0,83,66,74,67,47,5,38,0,39,47,0,0,0,0,0,0,0,0,0,0,0,0,0,0,0,0,0,0,0,0,0,0,0,0,0,0,0,0,0
l1,2=71,0,85,65,70,55,61,40,29,6,57,0,0,7,0,0,0,0,0,0,0,0,0,0,0,0,0,0,0,0,0,0,0,0,0,0,0,0,0,0
l2,2=69,88,0,74,67,65,79,53,0,67,67,0,0,0,0,0,0,0,0,0,0,0,0,0,0,0,0,0,0,0,0,0,0,0,0,0,0,0,0,0
l3,2=67,73,68,0,55,50,50,2,14,39,58,0,0,0,0,0,0,0,0,0,0,0,0,0,0,0,0,0,0,0,0,0,0,0,0,0,0,0,0,0
l4,2=66,79,62,54,0,47,49,5,36,46,33,0,0,0,0,0,0,0,0,0,0,0,0,0,0,0,0,0,0,0,0,0,0,0,0,0,0,0,0,0
l5,2=65,77,81,68,66,0,65,0,30,59,65,0,19,30,0,0,0,0,0,0,0,0,0,0,0,0,0,0,0,0,0,0,0,0,0,0,0,0,0,0
l6,2=0,65,87,45,47,55,0,42,29,53,62,7,22,36,0,12,5,0,0,0,0,0,0,0,0,0,0,0,0,0,0,0,0,0,0,0,0,0,0,0
l7,2=41,54,69,8,7,2,62,0,53,57,70,21,0,0,0,15,7,0,0,0,0,0,0,0,0,0,0,0,0,0,0,0,0,0,0,0,0,0,0,0
l8,2=0,9,0,18,27,5,30,46,0,65,57,17,0,64,0,34,31,17,0,0,0,31,13,0,42,25,0,0,0,0,0,0,0,0,0,0,0,0,27,0
l9,2=18,0,70,30,56,45,55,44,55,0,68,29,23,59,17,32,24,13,0,0,0,24,0,0,29,0,0,0,0,0,0,0,0,0,0,0,0,0,0,0
l10,2=22,57,60,55,20,50,62,59,47,65,0,47,0,56,0,30,0,8,0,0,0,0,0,0,0,0,0,0,0,0,0,0,0,0,0,0,0,0,0,0
l11,2=0,0,0,0,6,0,11,9,12,23,32,0,57,79,49,48,28,62,0,9,23,29,17,24,23,11,0,0,0,0,0,0,0,0,0,7,24,0,29,0
l12,2=0,0,0,0,0,0,19,0,0,21,0,65,0,58,66,47,50,79,0,0,0,20,1,65,86,73,0,0,0,0,0,0,0,0,0,0,15,0,41,0
l13,2=0,0,0,0,0,0,6,0,56,43,50,78,49,0,45,35,40,25,0,5,11,23,17,0,3,15,0,0,0,0,0,0,0,0,0,0,4,0,27,0
l14,2=0,0,0,0,0,0,0,0,0,19,0,51,61,59,0,15,56,33,0,0,21,1,0,77,76,70,0,0,0,0,0,0,0,25,0,0,0,0,21,0
l15,2=0,0,0,0,0,0,9,7,42,25,26,85,59,52,5,0,11,35,0,5,17,0,0,23,71,0,0,0,0,0,0,0,0,0,0,0,15,0,27,0
l16,2=0,0,0,0,0,0,0,0,6,10,0,23,27,17,38,6,0,57,0,11,32,33,41,0,31,16,0,0,0,0,0,0,0,9,0,19,13,15,34,29
l17,2=0,0,0,0,0,0,0,0,16,17,6,72,62,57,35,37,63,0,0,17,0,26,17,32,62,0,0,0,0,0,0,0,0,27,0,0,6,0,8,1
l18,2=0,0,0,0,0,0,0,0,0,0,0,0,0,1,0,0,0,0,0,37,38,44,37,0,0,0,0,0,0,0,0,0,0,0,0,0,0,0,0,0
l19,2=0,0,0,0,0,0,0,0,0,0,0,2,0,23,0,0,14,4,17,0,45,45,55,0,0,0,19,0,0,0,0,10,0,0,0,7,4,0,43,28
l20,2=0,0,0,0,0,0,0,0,0,0,0,5,0,14,7,6,20,4,9,41,0,55,49,0,0,0,0,0,0,0,0,1,0,0,12,2,21,24,48,35
l21,2=0,0,0,0,0,0,0,0,8,10,0,18,11,15,1,1,39,9,8,17,63,0,55,0,0,0,0,0,0,0,0,0,0,17,2,21,20,14,47,35
l22,2=0,0,0,0,0,0,0,0,8,0,0,20,1,18,0,0,40,14,11,58,55,52,0,0,0,0,0,0,0,1,0,16,0,0,0,30,23,0,19,41
l23,2=0,0,0,0,0,0,0,0,0,0,0,24,58,3,62,19,0,20,0,0,0,0,0,0,82,74,0,0,0,0,0,0,0,0,0,0,0,0,0,0
l24,2=0,0,0,0,0,0,0,0,26,17,0,25,60,20,53,41,51,58,0,0,0,0,0,75,0,74,0,0,0,0,0,0,27,26,20,0,17,0,0,0
l25,2=0,0,0,0,0,0,0,0,27,0,0,3,54,29,53,0,45,0,0,0,0,0,0,58,77,0,33,0,0,0,0,41,36,46,44,0,0,0,0,0
l26,2=0,0,0,0,0,0,0,0,0,0,0,0,0,0,0,0,0,0,0,23,0,0,0,0,0,32,0,30,73,31,65,55,47,40,32,0,0,0,0,0
l27,2=0,0,0,0,0,0,0,0,0,0,0,0,0,0,0,0,0,0,0,0,0,0,0,0,0,0,38,0,69,48,87,50,48,36,36,0,0,0,0,0
l28,2=0,0,0,0,0,0,0,0,0,0,0,0,0,0,0,0,0,0,0,0,0,0,5,0,0,0,74,78,0,49,77,54,37,41,31,0,0,0,0,0
l29,2=0,0,0,0,0,0,0,0,0,0,0,0,0,0,0,0,0,0,0,0,0,0,21,0,0,0,66,77,73,0,76,45,42,0,4,0,0,0,0,0
l30,2=0,0,0,0,0,0,0,0,0,0,0,0,0,0,0,0,0,0,0,0,0,0,0,0,0,0,67,80,69,46,0,30,45,40,29,0,0,0,0,0
l31,2=0,0,0,0,0,0,0,0,0,0,0,0,0,0,0,0,0,0,0,17,8,0,24,0,0,37,64,41,48,18,21,0,65,53,55,0,0,0,0,0
l32,2=0,0,0,0,0,0,0,0,0,0,0,0,0,0,0,0,0,0,0,0,0,0,0,0,33,35,53,35,25,14,27,58,0,54,69,0,0,0,0,0
l33,2=0,0,0,0,0,0,0,0,0,0,0,0,0,5,0,0,27,36,0,0,0,18,0,0,30,66,57,21,47,0,47,53,62,0,59,0,0,0,0,0
l34,2=0,0,0,0,0,0,0,0,0,0,0,0,0,0,0,0,11,0,0,0,29,3,0,0,35,49,54,39,33,6,26,57,71,59,0,0,0,0,0,0
l35,2=0,0,0,0,0,0,0,0,0,0,0,0,0,0,0,0,17,0,0,7,9,23,18,0,0,0,0,0,0,0,0,0,0,0,0,0,18,23,39,24
l36,2=0,0,0,0,0,0,0,0,0,0,0,21,6,4,0,5,19,4,0,1,41,30,25,0,14,0,0,0,0,0,0,0,0,0,0,40,0,31,54,45
l37,2=0,0,0,0,0,0,0,0,0,0,0,0,0,0,0,0,13,0,0,0,21,20,1,0,0,0,0,0,0,0,0,0,0,0,0,22,24,0,29,32
l38,2=0,0,0,0,0,0,0,0,2,0,0,15,15,19,0,9,23,6,0,22,55,48,14,0,0,0,0,0,0,0,0,0,0,0,0,47,37,36,0,49
l39,2=0,0,0,0,0,0,0,0,0,0,0,0,0,0,0,0,21,0,0,29,40,44,38,0,0,0,0,0,0,0,0,0,0,0,0,20,26,24,43,0

l0,3=0,93,84,43,86,82,87,52,0,74,76,0,0,0,0,0,0,0,0,0,0,0,0,0,0,0,0,0,0,0,0,0,0,0,0,0,0,0,0,0
l1,3=94,0,86,81,91,88,82,0,67,0,72,0,0,11,0,0,0,0,0,0,0,0,0,0,0,0,0,0,0,0,0,0,0,0,0,0,0,0,0,0
l2,3=89,93,0,85,91,87,94,68,75,83,84,0,0,0,0,0,0,0,0,0,0,0,0,0,0,0,0,0,0,0,0,0,0,0,0,0,0,0,0,0
l3,3=31,91,84,0,91,82,88,21,16,0,0,0,0,0,0,0,0,0,0,0,0,0,0,0,0,0,0,0,0,0,0,0,0,0,0,0,0,0,0,0
l4,3=87,87,85,78,0,83,84,0,20,65,9,1,0,1,0,0,0,0,0,0,0,0,0,0,21,0,0,0,0,0,0,0,0,0,0,0,0,0,0,0
l5,3=88,90,90,42,88,0,89,31,24,36,81,0,15,35,0,0,0,0,0,0,0,0,0,0,0,0,0,0,0,0,0,0,0,0,0,0,0,0,0,0
l6,3=89,54,93,80,46,83,0,72,27,80,84,34,27,37,0,1,30,0,0,0,0,0,0,0,0,0,0,0,0,0,0,0,0,0,0,0,0,0,0,0
l7,3=45,33,84,30,0,76,85,0,73,81,83,0,0,43,0,38,28,0,0,0,0,0,0,0,0,0,0,0,0,0,0,0,0,0,0,0,0,0,0,0
l8,3=0,37,32,14,25,16,39,32,0,90,39,39,12,83,25,56,34,45,0,0,0,27,17,0,33,29,0,0,0,0,0,0,0,0,0,0,0,0,8,0
l9,3=43,0,39,0,39,25,42,59,77,0,83,9,31,77,22,30,0,2,0,0,5,6,0,0,0,0,0,0,0,0,0,0,0,0,0,0,0,0,0,0
l10,3=45,42,77,0,0,77,88,75,72,85,0,26,0,76,0,0,0,0,0,0,0,0,0,0,25,0,0,0,0,0,0,0,0,0,0,0,0,0,24,0
l11,3=0,0,0,0,3,0,30,0,73,17,28,0,80,81,95,85,27,91,0,2,18,17,28,29,77,25,0,0,0,0,0,0,0,0,0,0,69,3,29,0
l12,3=0,0,0,0,0,2,22,0,16,29,0,83,0,76,99,79,33,96,0,17,4,17,21,76,91,80,0,0,0,0,0,0,0,1,0,0,16,0,35,0
l13,3=0,0,0,0,2,5,21,12,79,45,33,83,40,0,4,32,32,43,16,13,23,19,28,27,0,37,0,0,0,0,0,0,0,0,0,0,10,0,34,0
l14,3=0,0,0,0,0,0,0,0,30,13,1,87,90,20,0,0,71,38,0,0,18,0,9,93,85,74,0,0,0,0,0,0,0,13,0,0,0,0,31,0
l15,3=0,0,0,0,0,0,5,20,77,38,4,92,86,80,0,0,35,74,0,0,27,2,0,33,86,0,0,0,0,0,0,0,0,0,0,4,36,0,38,22
l16,3=0,0,0,0,0,0,14,2,49,0,0,18,36,23,62,28,0,85,12,6,52,39,66,0,72,0,0,0,0,0,0,0,0,0,0,7,67,7,52,39
l17,3=0,0,0,0,0,0,0,0,59,7,0,87,90,80,24,70,83,0,0,2,32,9,8,41,83,0,0,0,0,0,0,0,0,31,0,2,44,0,39,0
l18,3=0,0,0,0,0,0,0,0,0,0,0,0,0,12,0,0,16,0,0,28,26,11,24,0,0,0,0,0,0,0,0,0,0,0,0,0,0,0,0,0
l19,3=0,0,0,0,0,0,0,0,0,0,0,0,25,4,0,0,32,0,44,0,47,42,79,0,0,0,0,0,0,11,0,0,0,0,0,19,0,0,50,0
l20,3=0,0,0,0,0,0,0,0,0,5,0,20,0,5,14,24,61,20,35,45,0,69,74,0,20,0,0,0,0,0,0,0,0,0,0,3,76,58,59,43
l21,3=0,0,0,0,0,0,0,0,48,12,0,39,29,15,0,2,65,30,48,52,79,0,74,0,0,0,0,0,0,0,0,0,1,39,2,34,71,43,57,22
l22,3=0,0,0,0,0,0,0,0,17,0,0,30,20,14,2,0,60,0,36,85,81,66,0,0,0,0,0,0,0,10,3,5,0,3,0,41,39,14,52,39
l23,3=0,0,0,0,0,0,0,0,0,0,0,15,80,8,97,27,0,37,0,0,0,0,0,0,91,88,0,0,0,0,0,0,0,21,36,0,0,0,0,0
l24,3=0,0,0,0,4,0,0,0,23,1,18,48,89,2,89,72,44,79,0,0,9,0,0,90,0,77,0,0,0,0,0,0,0,37,0,0,32,0,0,0
l25,3=0,0,0,0,0,0,0,0,18,0,0,17,88,71,92,0,0,0,0,0,0,0,0,89,90,0,8,0,0,0,0,63,55,85,73,0,0,0,0,0
l26,3=0,0,0,0,0,0,0,0,0,0,0,0,0,0,0,0,0,0,0,0,0,0,10,0,0,4,0,38,86,90,81,85,76,45,79,0,0,0,0,0
l27,3=0,0,0,0,0,0,0,0,0,0,0,0,0,0,0,0,0,0,0,0,0,0,0,0,0,0,73,0,85,90,95,77,77,49,53,0,0,0,0,0
l28,3=0,0,0,0,0,0,0,0,0,0,0,0,0,0,0,0,0,0,0,0,0,0,6,0,0,0,90,90,0,93,85,75,33,79,79,0,0,0,0,0
l29,3=0,0,0,0,0,0,0,0,0,0,0,0,0,0,0,0,0,0,0,26,0,0,37,0,0,0,88,88,86,0,87,70,84,37,69,0,0,0,0,0
l30,3=0,0,0,0,0,0,0,0,0,0,0,0,0,0,0,0,0,0,0,0,0,0,0,0,0,0,88,96,83,89,0,18,84,60,68,0,0,0,0,0
l31,3=0,0,0,0,0,0,0,0,0,0,0,0,0,0,0,0,0,0,0,3,5,0,11,1,0,50,86,45,67,49,7,0,90,81,91,0,0,0,0,0
l32,3=0,0,0,0,0,0,0,0,0,0,0,0,0,0,0,0,0,0,0,0,0,1,0,0,0,71,81,44,63,68,68,91,0,87,99,0,0,0,0,0
l33,3=0,0,0,0,0,0,0,0,0,0,0,0,1,0,6,0,0,21,0,0,0,17,3,1,40,85,22,4,54,8,13,82,82,0,92,0,0,0,0,0
l34,3=0,0,0,0,0,0,0,0,0,0,0,0,0,0,0,0,0,0,0,0,12,3,0,53,0,81,78,16,73,61,15,88,93,93,0,0,0,0,0,0
l35,3=0,0,0,0,0,0,0,0,0,0,0,0,0,0,0,0,0,9,0,9,7,15,54,0,0,0,0,0,0,0,0,0,0,0,0,0,79,58,58,23
l36,3=0,0,0,0,0,0,0,0,0,0,0,49,18,9,0,14,50,44,0,0,42,30,46,0,33,0,0,0,0,0,0,0,0,0,0,57,0,64,63,45
l37,3=0,0,0,0,0,0,0,0,0,0,0,0,0,0,0,0,39,0,0,0,41,22,19,0,0,0,0,0,0,0,0,0,0,0,0,56,82,0,54,30
l38,3=0,0,0,0,0,0,0,0,0,0,0,23,37,26,56,28,53,41,0,41,54,43,67,0,0,0,0,0,0,0,0,0,0,0,0,66,85,62,0,34
l39,3=0,0,0,0,0,0,0,0,0,0,0,0,0,0,0,8,59,0,0,0,45,10,40,0,0,0,0,0,0,0,0,0,0,0,0,41,77,48,52,0

l0,4=0,77,62,83,80,66,80,51,0,77,72,0,0,0,0,0,0,0,0,0,0,0,0,0,0,0,0,0,0,0,0,0,0,0,0,0,0,0,0,0
l1,4=83,0,67,72,90,88,78,84,73,75,73,0,0,65,0,0,0,0,0,0,0,0,0,0,0,0,0,0,0,0,0,0,0,0,0,0,0,0,0,0
l2,4=69,74,0,88,91,86,89,91,80,92,84,0,0,68,0,0,0,0,0,0,0,0,0,0,0,0,0,0,0,0,0,0,0,0,0,0,0,0,0,0
l3,4=83,67,72,0,91,84,79,80,67,47,40,0,0,0,0,0,0,0,0,0,0,0,0,0,0,0,0,0,0,0,0,0,0,0,0,0,0,0,0,0
l4,4=55,71,70,80,0,89,81,32,71,79,57,2,0,66,0,0,0,0,0,0,0,0,0,0,2,0,0,0,0,0,0,0,0,0,0,0,0,0,0,0
l5,4=65,86,86,89,92,0,79,86,44,75,76,0,0,69,0,57,0,0,0,0,0,0,0,51,0,0,0,0,0,0,0,0,0,0,0,0,0,0,0,0
l6,4=71,63,86,76,79,66,0,88,25,84,81,67,56,0,0,41,51,0,0,0,0,0,0,0,0,0,0,0,0,0,0,0,0,0,0,0,0,0,0,0
l7,4=42,74,85,84,68,84,85,0,83,92,84,58,1,42,2,78,26,0,0,0,0,0,0,0,0,0,0,0,0,0,0,0,0,0,0,0,0,0,0,0
l8,4=0,60,50,62,77,0,19,85,0,94,75,77,70,83,76,74,60,71,0,0,21,68,66,0,0,0,0,0,0,0,0,0,0,0,0,0,0,0,0,0
l9,4=66,64,69,59,82,65,85,91,86,0,87,75,0,83,0,69,0,77,0,0,37,0,73,0,0,0,0,0,0,0,0,0,0,0,0,0,0,0,41,0
l10,4=64,62,60,65,71,62,84,91,79,92,0,73,63,79,67,71,0,0,0,0,0,0,0,57,0,0,0,0,0,0,0,0,0,0,0,0,0,0,35,0
l11,4=0,0,0,0,52,0,76,73,81,78,76,0,81,82,82,91,71,77,0,2,0,71,79,70,75,18,0,0,0,0,0,0,0,0,0,0,65,0,74,51
l12,4=0,0,0,0,0,0,41,0,82,0,58,85,0,81,92,77,75,96,0,35,50,0,0,75,86,78,0,0,0,0,0,0,0,71,0,0,0,0,56,0
l13,4=0,15,3,0,45,36,0,0,87,84,76,76,77,0,65,76,67,75,0,26,33,34,70,67,26,65,0,0,0,0,0,0,0,0,0,0,41,0,35,0
l14,4=0,0,0,0,0,0,0,0,81,0,72,85,90,79,0,0,75,72,0,0,51,67,14,94,92,76,0,0,0,0,0,0,0,75,57,0,26,0,73,0
l15,4=0,0,0,0,0,34,61,84,83,74,75,91,79,90,0,0,72,76,0,51,53,33,69,70,81,0,0,0,0,0,0,0,0,0,0,62,62,0,56,3
l16,4=0,0,0,0,0,0,69,0,73,0,0,73,82,67,82,66,0,94,51,52,61,68,76,40,77,48,0,0,0,0,0,0,18,0,0,79,0,55,82,68
l17,4=0,0,0,0,0,0,0,0,82,84,0,89,90,89,73,77,85,0,0,0,52,66,0,0,87,0,0,0,0,0,0,0,0,0,0,71,78,0,61,67
l18,4=0,0,0,0,0,0,0,0,0,0,0,0,0,0,0,0,55,0,0,85,48,77,89,0,0,0,0,0,0,0,0,0,0,0,0,0,0,0,0,0
l19,4=0,0,0,0,0,0,0,0,0,0,0,0,49,43,0,8,59,0,41,0,77,92,97,0,0,0,0,0,0,23,0,0,1,0,0,55,45,0,48,68
l20,4=0,0,0,0,0,0,0,0,17,39,0,0,54,44,51,53,75,66,19,90,0,87,96,0,50,0,0,0,0,0,0,0,34,0,5,76,74,68,78,86
l21,4=0,0,0,0,0,0,0,0,50,0,0,73,0,32,41,23,76,57,34,90,74,0,93,0,38,0,0,0,0,0,0,0,0,37,0,68,73,57,49,68
l22,4=0,0,0,0,0,0,0,0,47,66,0,59,0,49,1,14,73,0,47,98,79,89,0,0,0,0,36,0,6,12,25,0,0,42,0,52,85,55,81,80
l23,4=0,0,0,0,0,4,0,0,0,0,16,78,86,80,91,77,40,0,0,0,0,0,0,0,90,87,0,0,0,0,0,0,0,80,85,0,0,0,0,0
l24,4=0,0,0,0,28,0,0,0,0,0,0,76,90,39,92,84,72,84,0,0,49,49,0,95,0,74,0,0,0,0,0,0,55,45,0,0,0,0,60,0
l25,4=0,0,0,0,0,0,0,0,10,0,0,0,89,85,90,0,65,0,0,0,0,0,0,90,88,0,0,0,0,47,0,73,79,86,88,0,0,0,0,0
l26,4=0,0,0,0,0,0,0,0,0,0,0,0,0,0,0,0,0,0,0,3,0,0,78,0,0,0,0,86,99,95,96,97,91,78,84,0,0,0,0,0
l27,4=0,0,0,0,0,0,0,0,0,0,0,0,0,0,0,0,0,0,0,0,0,0,0,0,0,0,94,0,96,93,100,90,80,9,32,0,0,0,0,0
l28,4=0,0,0,0,0,0,0,0,0,0,0,0,0,0,0,0,0,0,0,61,39,0,77,0,0,8,100,100,0,96,87,92,97,92,90,0,0,0,0,0
l29,4=0,0,0,0,0,0,0,0,0,0,0,0,0,0,0,0,0,0,0,75,0,0,67,0,0,51,96,98,99,0,97,85,90,85,87,0,0,0,0,0
l30,4=0,0,0,0,0,0,0,0,0,0,0,0,0,0,0,0,0,0,0,0,0,0,0,0,0,0,96,100,88,93,0,91,95,79,0,0,0,0,0,0
l31,4=0,0,0,0,0,0,0,0,0,0,0,0,0,0,0,0,0,0,0,0,0,0,0,0,0,51,100,84,80,72,80,0,100,96,41,0,0,0,0,1
l32,4=0,0,0,0,0,0,0,0,0,0,0,0,4,0,0,0,56,0,0,41,41,0,0,0,67,87,98,77,97,92,89,100,0,100,100,0,0,0,0,0
l33,4=0,0,0,0,0,0,0,0,0,0,0,0,73,0,65,0,0,0,0,0,0,21,75,74,55,90,77,0,83,69,76,100,100,0,100,0,0,0,0,0
l34,4=0,0,0,0,0,0,0,0,0,0,0,0,1,0,70,0,0,0,0,0,38,14,0,91,0,90,98,63,98,95,61,100,100,100,0,0,0,0,0,0
l35,4=0,0,0,0,0,0,0,0,0,0,0,0,0,0,0,10,63,22,0,28,44,33,24,0,0,0,0,0,0,0,0,0,0,0,0,0,71,76,57,67
l36,4=0,0,0,0,0,0,0,0,0,0,0,47,2,29,0,31,0,63,0,28,44,54,84,0,0,0,0,0,0,0,0,0,0,0,0,82,0,81,45,86
l37,4=0,0,0,0,0,0,0,0,0,0,0,0,0,0,0,0,6,0,0,0,44,24,61,0,0,0,0,0,0,0,0,0,0,0,0,87,82,0,54,57
l38,4=0,0,0,0,0,0,0,0,0,7,0,68,56,32,65,23,74,50,0,44,64,69,81,0,15,0,0,0,0,0,0,0,0,0,0,88,79,71,0,78
l39,4=0,0,0,0,0,0,0,0,0,0,0,0,0,0,0,0,62,25,0,44,55,70,79,0,0,0,0,0,0,0,0,0,0,0,0,82,78,73,61,0

l0,5=0,79,78,71,77,75,74,40,0,67,0,0,0,0,0,0,0,0,0,0,0,0,0,0,0,0,0,0,0,0,0,0,0,0,0,0,0,0,0,0
l1,5=80,0,82,71,83,82,73,75,0,63,0,0,0,37,0,0,0,0,0,0,0,0,0,0,0,0,0,0,0,0,0,0,0,0,0,0,0,0,0,0
l2,5=66,80,0,71,76,89,82,0,44,75,69,0,0,0,0,0,0,0,0,0,0,0,0,0,0,0,0,0,0,0,0,0,0,0,0,0,0,0,0,0
l3,5=79,78,82,0,91,79,62,72,0,67,21,0,0,0,0,0,0,0,0,0,0,0,0,0,0,0,0,0,0,0,0,0,0,0,0,0,0,0,0,0
l4,5=65,78,76,88,0,83,74,68,69,61,44,0,0,30,0,0,0,0,0,0,0,0,0,0,3,2,0,0,0,0,0,0,0,0,0,0,0,0,0,0
l5,5=65,73,83,70,87,0,71,76,0,67,69,0,0,41,0,19,0,0,0,0,0,0,0,0,0,0,0,0,0,0,0,0,0,0,0,0,0,0,0,0
l6,5=69,73,81,41,74,74,0,82,33,69,70,38,25,17,0,23,54,0,0,0,0,0,0,0,0,0,0,0,0,0,0,0,0,0,0,0,0,0,0,0
l7,5=58,69,3,67,73,79,74,0,76,71,77,74,52,1,0,48,0,0,0,0,0,0,0,0,0,0,0,0,0,0,0,0,0,0,0,0,0,0,0,0
l8,5=0,0,19,0,73,0,19,75,0,86,75,78,48,75,59,41,60,66,0,0,1,38,43,50,58,0,0,0,0,0,0,0,0,0,0,0,0,0,0,0
l9,5=63,20,77,63,67,69,73,72,79,0,78,75,22,64,0,43,44,54,0,0,10,0,45,0,48,0,0,0,0,0,0,0,0,0,0,0,0,0,21,0
l10,5=4,0,77,43,60,76,73,82,70,73,0,74,0,35,41,42,0,21,0,0,0,0,0,0,0,0,0,0,0,0,0,0,0,0,0,0,0,0,0,0
l11,5=0,0,0,0,0,0,11,21,58,37,38,0,82,63,71,68,72,75,0,0,3,30,34,42,40,8,0,0,0,0,0,0,0,0,0,20,47,11,30,14
l12,5=0,0,0,0,0,0,3,4,26,3,0,56,0,56,80,52,77,78,0,0,12,0,20,73,75,67,0,0,0,0,0,0,26,17,16,31,38,0,23,0
l13,5=0,0,0,0,30,50,6,0,79,73,29,78,62,0,51,54,68,75,0,6,11,0,41,55,17,32,0,0,0,0,0,0,0,0,0,15,0,0,13,0
l14,5=0,0,0,0,0,0,0,0,28,0,24,52,68,53,0,40,68,53,0,0,13,0,35,84,86,64,0,0,0,0,0,0,0,17,7,0,36,0,23,0
l15,5=0,0,0,0,5,8,4,25,31,26,32,90,53,74,41,0,43,64,0,0,8,31,42,72,74,17,0,0,0,0,0,0,0,0,0,0,50,0,20,27
l16,5=0,0,0,0,0,0,10,0,27,13,0,47,57,60,75,26,0,77,0,15,15,40,53,40,72,32,0,0,0,0,0,14,0,0,9,33,33,0,34,35
l17,5=0,0,0,0,0,0,0,0,33,27,11,53,82,71,52,53,77,0,0,6,18,34,19,0,78,26,0,0,0,0,0,0,0,0,0,27,50,12,14,25
l18,5=0,0,0,0,0,0,0,0,0,0,0,0,0,0,0,0,0,0,0,0,0,57,39,0,0,0,0,0,0,0,0,0,0,0,0,0,0,0,0,0
l19,5=0,0,0,0,0,0,0,0,0,0,0,0,0,9,0,0,35,4,0,0,64,64,74,0,0,0,5,0,0,6,1,0,17,0,0,46,26,0,58,40
l20,5=0,0,0,0,0,0,0,0,4,8,0,0,25,23,36,14,40,42,0,78,0,69,74,0,16,0,0,0,3,0,0,0,14,0,0,35,62,16,63,32
l21,5=0,0,0,0,0,0,0,0,14,0,0,11,10,3,0,21,47,24,39,39,66,0,60,0,12,0,0,0,0,0,0,0,0,0,0,48,56,0,1,47
l22,5=0,0,0,0,0,0,0,0,12,21,0,12,13,34,18,32,41,5,31,77,69,47,0,0,0,0,24,0,2,0,6,0,0,0,0,46,65,11,43,34
l23,5=0,0,0,0,0,0,0,0,18,0,0,32,73,25,67,48,15,0,0,0,0,0,0,0,84,61,0,0,0,0,0,14,0,19,55,0,0,0,13,0
l24,5=0,0,0,0,0,0,0,0,29,15,0,31,57,42,80,49,60,63,0,0,11,22,0,86,0,63,0,0,0,0,0,0,0,22,1,0,0,0,0,0
l25,5=0,0,0,0,13,0,0,0,0,0,0,19,79,46,69,32,48,42,0,0,0,0,0,82,78,0,0,0,0,23,0,0,72,62,36,0,0,0,0,0
l26,5=0,0,0,0,0,0,0,0,0,0,0,0,0,0,0,0,0,0,0,17,0,0,36,0,0,0,0,73,89,98,79,92,83,52,61,0,0,0,0,0
l27,5=0,0,0,0,0,0,0,0,0,0,0,0,0,0,0,0,0,0,0,0,0,0,0,0,0,0,82,0,84,87,89,76,72,0,0,0,0,0,0,0
l28,5=0,0,0,0,0,0,0,0,0,0,0,0,0,0,0,0,0,0,0,41,32,0,39,0,0,1,89,93,0,98,89,66,65,62,58,0,0,0,0,0
l29,5=0,0,0,0,0,0,0,0,0,0,0,0,0,0,0,0,0,0,0,52,0,0,0,0,0,33,89,87,89,0,89,0,71,61,55,0,0,0,0,0
l30,5=0,0,0,0,0,0,0,0,0,0,0,0,0,0,0,0,0,0,0,0,0,0,0,0,0,0,85,93,89,94,0,64,3,67,0,0,0,0,0,0
l31,5=0,0,0,0,0,0,0,0,0,0,0,0,0,0,0,0,23,0,0,0,0,0,0,38,0,0,83,42,53,1,36,0,87,75,85,0,0,0,0,0
l32,5=0,0,0,0,0,0,0,0,0,0,0,0,39,0,0,0,0,0,0,27,27,0,0,0,0,56,79,55,57,65,23,92,0,81,85,0,0,0,0,0
l33,5=0,0,0,0,0,0,0,0,0,0,0,0,62,0,50,0,0,0,0,0,0,0,2,72,65,59,59,0,56,64,58,72,72,0,73,0,0,0,0,0
l34,5=0,0,0,0,0,0,0,0,0,0,0,0,51,0,22,0,36,0,0,0,0,0,0,77,39,51,63,0,51,59,0,92,87,86,0,0,0,0,0,0
l35,5=0,0,0,0,0,0,0,0,0,0,0,0,15,4,0,0,21,9,0,5,8,22,23,0,0,0,0,0,0,0,0,0,0,0,0,0,32,8,13,28
l36,5=0,0,0,0,0,0,0,0,0,0,0,8,12,0,7,25,15,31,0,3,13,30,49,0,0,0,0,0,0,0,0,0,0,0,0,38,0,19,31,39
l37,5=0,0,0,0,0,0,0,0,0,0,0,1,0,0,0,0,0,11,0,0,10,0,27,0,0,0,0,0,0,0,0,0,0,0,0,28,59,0,18,20
l38,5=0,0,0,0,0,0,0,0,0,6,0,16,29,13,39,23,50,3,0,12,16,0,54,21,0,0,0,0,0,0,0,0,0,0,0,45,71,17,0,43
l39,5=0,0,0,0,0,0,0,0,0,0,0,0,0,0,0,21,32,2,0,11,11,35,31,0,0,0,0,0,0,0,0,0,0,0,0,44,71,11,45,0

l0,6=0,91,72,72,80,67,70,0,0,68,66,0,0,0,0,0,0,0,0,0,0,0,0,0,0,0,0,0,0,0,0,0,0,0,0,0,0,0,0,0
l1,6=86,0,82,76,87,72,73,51,0,68,55,0,0,0,0,0,0,0,0,0,0,0,0,23,0,0,0,0,0,0,0,0,0,0,0,0,0,0,0,0
l2,6=70,87,0,78,58,72,76,48,46,73,67,0,0,1,0,0,0,0,0,0,0,0,0,0,0,0,0,0,0,0,0,0,0,0,0,0,0,0,0,0
l3,6=82,82,73,0,87,65,64,25,33,70,53,0,0,0,0,0,0,0,0,0,0,0,0,0,0,0,0,0,0,0,0,0,0,0,0,0,0,0,0,0
l4,6=82,86,45,85,0,71,69,42,65,23,55,0,0,24,0,0,0,0,0,0,0,0,0,10,0,9,0,0,0,0,0,0,0,0,0,0,0,0,0,0
l5,6=57,79,74,61,84,0,11,62,62,63,68,0,0,8,0,0,0,0,0,0,0,0,0,0,0,0,0,0,0,0,0,0,0,0,0,0,0,0,0,0
l6,6=61,77,76,41,64,1,0,57,46,64,69,39,0,7,0,0,21,0,0,0,0,0,0,0,0,0,0,0,0,0,0,0,0,0,0,0,0,0,0,0
l7,6=0,40,47,42,55,68,74,0,68,59,80,28,4,20,0,40,0,0,0,0,0,0,0,0,0,0,0,0,0,0,0,0,0,0,0,0,0,0,0,0
l8,6=0,0,1,16,64,30,26,51,0,73,67,52,0,60,14,42,22,37,0,0,24,15,27,20,0,0,0,0,0,0,0,0,0,0,0,0,4,0,9,0
l9,6=25,53,63,52,27,51,70,51,75,0,79,48,36,46,0,47,25,20,0,0,0,0,8,0,0,0,0,0,0,0,0,0,0,0,0,0,0,0,18,0
l10,6=23,34,50,40,50,48,69,65,71,77,0,40,0,34,0,42,21,0,0,0,0,0,0,0,0,0,0,0,0,0,0,0,0,0,0,0,0,0,0,0
l11,6=0,0,0,0,0,0,14,13,57,29,36,0,50,32,35,62,26,29,0,0,16,0,0,11,26,0,0,0,0,0,0,0,0,0,0,0,17,0,19,0
l12,6=0,0,0,0,0,0,0,0,0,16,0,54,0,12,51,44,55,42,0,0,15,8,8,36,53,57,0,0,0,0,0,0,0,32,6,1,17,0,13,0
l13,6=0,0,0,0,20,7,0,6,74,52,21,21,11,0,21,52,25,34,0,10,1,0,11,15,21,0,0,0,0,0,0,0,0,0,0,0,12,0,0,0
l14,6=0,0,0,0,0,0,0,0,18,0,0,23,58,17,0,3,14,24,0,0,25,7,18,32,38,21,0,0,0,0,0,4,0,32,5,0,11,0,16,0
l15,6=0,0,0,0,10,0,0,18,29,33,23,59,47,55,9,0,33,35,0,0,15,18,22,31,40,0,0,0,0,0,0,0,0,0,0,0,20,0,16,0
l16,6=0,0,0,0,0,0,2,0,19,13,16,20,27,10,18,15,0,39,7,12,20,19,27,13,25,0,0,0,0,0,0,0,0,0,0,6,11,6,20,0
l17,6=0,0,0,0,0,0,0,0,29,17,0,27,33,34,37,45,35,0,0,0,41,23,23,0,29,6,0,0,0,0,0,0,0,5,0,0,23,12,17,0
l18,6=0,0,0,0,0,0,0,0,0,0,0,0,0,6,0,0,40,0,0,34,2,36,0,0,0,0,0,0,0,0,0,0,0,0,0,0,0,0,0,0
l19,6=0,0,0,0,0,0,0,0,0,0,0,0,0,13,0,0,16,0,12,0,59,48,59,0,0,0,0,0,21,24,5,11,0,0,0,9,0,0,31,41
l20,6=0,0,0,0,0,0,0,0,22,0,0,10,9,1,18,3,21,24,0,49,0,53,61,0,0,0,14,0,0,0,0,0,0,7,0,19,37,0,46,31
l21,6=0,0,0,0,0,0,0,0,26,0,0,0,9,0,6,28,25,22,15,40,59,0,52,0,0,0,0,0,0,0,0,0,0,0,0,23,26,20,22,44
l22,6=0,0,0,0,0,0,0,0,28,15,0,0,9,18,10,28,49,15,0,60,60,56,0,0,0,0,6,0,0,0,21,0,0,0,0,21,59,16,40,11
l23,6=0,0,0,0,4,0,0,0,23,0,0,10,39,15,31,28,12,0,0,0,0,0,0,0,59,50,0,0,0,0,0,19,0,26,30,0,0,0,0,0
l24,6=0,0,0,0,0,0,0,0,15,0,0,21,60,16,37,25,13,25,0,0,10,0,0,61,0,19,0,0,0,0,0,0,0,32,9,0,9,0,0,0
l25,6=0,0,0,0,20,0,0,0,0,0,0,0,52,0,36,3,8,9,0,0,0,0,0,54,48,0,0,0,0,2,0,0,23,41,7,0,0,0,0,0
l26,6=0,0,0,0,0,0,0,0,0,0,0,0,0,0,0,0,0,0,0,0,24,0,12,0,0,0,0,50,79,78,62,68,76,26,44,0,0,0,0,0
l27,6=0,0,0,0,0,0,0,0,0,0,0,0,0,0,0,0,0,0,0,0,0,0,0,0,0,0,62,0,72,73,86,55,48,0,0,0,0,0,0,0
l28,6=0,0,0,0,0,0,0,0,0,0,0,0,0,0,0,0,0,0,0,21,13,2,1,0,0,0,71,76,0,82,80,52,51,53,50,0,0,0,0,0
l29,6=0,0,0,0,0,0,0,0,0,0,0,0,0,0,0,0,0,0,0,21,0,0,0,0,0,0,65,73,79,0,46,17,39,40,18,0,0,0,0,0
l30,6=0,0,0,0,0,0,0,0,0,0,0,0,0,0,0,0,0,0,0,0,0,0,9,0,0,0,58,85,77,49,0,26,21,0,18,0,0,0,0,0
l31,6=0,0,0,0,0,0,0,0,0,0,0,0,0,0,0,0,0,0,0,9,0,0,0,22,0,0,62,11,34,19,29,0,80,69,64,0,0,0,0,0
l32,6=0,0,0,0,0,0,0,0,0,0,0,0,0,0,0,0,0,0,0,11,0,0,0,0,0,19,41,10,30,34,24,68,0,68,82,0,0,0,0,0
l33,6=0,0,0,0,0,0,0,0,0,0,0,0,34,0,27,0,1,0,0,0,24,0,0,32,33,43,20,0,40,32,22,63,74,0,67,0,0,0,0,0
l34,6=0,0,0,0,0,0,0,0,0,0,0,0,16,0,17,0,18,0,0,0,0,0,0,40,24,15,25,0,34,21,29,57,82,65,0,0,0,0,0,0
l35,6=0,0,0,0,0,0,0,0,0,0,0,0,0,0,0,0,20,0,0,11,31,29,24,0,0,0,0,0,0,0,0,0,0,0,0,0,27,42,36,41
l36,6=0,0,0,0,0,0,0,0,0,0,0,5,4,1,0,9,4,13,0,0,37,19,31,0,0,0,0,0,0,0,0,0,0,0,0,17,0,31,25,50
l37,6=0,0,0,0,0,0,0,0,0,0,0,0,0,0,0,0,9,0,0,0,0,18,20,0,0,0,0,0,0,0,0,0,0,0,0,25,45,0,6,6
l38,6=0,0,0,0,0,0,0,0,10,12,0,11,4,0,10,5,25,12,0,30,46,26,31,0,0,0,0,0,0,0,0,0,0,0,0,18,38,6,0,40
l39,6=0,0,0,0,0,0,0,0,0,0,0,0,0,0,0,0,2,0,0,25,37,38,0,0,0,0,0,0,0,0,0,0,0,0,0,42,54,0,39,0

l0,7=0,95,0,93,90,70,60,2,21,37,48,0,0,25,0,0,0,0,0,0,0,0,0,0,0,0,0,0,0,0,0,0,0,0,0,0,0,0,0,0
l1,7=78,0,87,84,95,67,59,55,20,64,34,0,0,8,0,0,0,0,0,0,0,0,0,0,0,0,0,0,0,0,0,0,0,0,0,0,0,0,0,0
l2,7=7,90,0,79,24,65,63,18,1,73,39,0,0,0,0,0,0,0,0,0,0,0,0,0,0,0,0,0,0,0,0,0,0,0,0,0,0,0,0,0
l3,7=79,76,70,0,95,51,55,28,15,51,8,0,0,6,0,0,0,0,0,0,0,0,0,0,0,0,0,0,0,0,0,0,0,0,0,0,0,0,0,0
l4,7=71,95,22,96,0,71,62,18,28,50,36,0,0,51,0,0,0,0,0,0,0,0,0,0,9,0,0,0,0,0,0,0,0,0,0,0,0,0,0,0
l5,7=76,80,78,81,90,0,61,60,13,80,33,0,0,46,0,6,0,0,0,0,0,0,0,0,0,0,0,0,0,0,0,0,0,0,0,0,0,0,0,0
l6,7=54,82,73,57,78,58,0,53,11,75,46,3,0,29,0,0,11,0,0,0,0,0,0,0,0,0,0,0,0,0,0,0,0,0,0,0,0,0,0,0
l7,7=9,79,60,58,55,59,56,0,25,73,46,1,0,56,0,27,0,5,0,0,0,0,0,0,0,0,0,0,0,0,0,0,0,0,0,0,0,0,0,0
l8,7=28,20,0,27,60,20,8,9,0,78,46,37,4,70,4,33,6,14,0,0,13,3,17,0,0,0,0,0,0,0,0,0,0,0,0,0,0,0,21,0
l9,7=18,37,52,20,53,49,52,48,29,0,56,20,8,61,0,43,0,0,0,0,12,0,12,0,9,0,0,0,0,0,0,0,0,0,0,0,0,0,17,0
l10,7=52,60,38,38,59,49,53,60,29,83,0,31,7,24,0,37,17,4,0,0,0,0,0,0,0,0,0,0,0,0,0,0,0,0,0,0,0,0,0,0
l11,7=0,0,0,0,0,0,2,0,16,44,16,0,53,46,6,73,12,10,0,0,17,5,13,0,20,4,0,0,0,0,0,0,0,0,0,0,0,0,32,0
l12,7=0,0,0,0,0,0,0,0,3,25,4,46,0,30,35,65,50,24,0,3,14,0,0,32,65,60,0,0,0,0,0,0,0,32,14,0,0,0,21,0
l13,7=2,0,0,9,24,0,2,4,27,62,8,10,4,0,3,41,7,17,0,0,10,0,12,6,27,7,0,0,0,0,0,0,0,0,0,0,22,0,15,0
l14,7=0,0,0,0,0,0,0,0,7,0,0,5,53,19,0,25,8,14,0,0,18,6,13,22,33,23,0,0,0,0,0,10,0,35,13,0,0,0,19,0
l15,7=0,0,0,0,0,0,0,2,17,54,20,60,35,60,10,0,7,15,0,0,23,8,14,31,29,4,0,0,0,0,0,0,0,0,0,0,19,0,39,0
l16,7=0,0,0,0,0,0,0,0,5,4,8,7,17,29,7,18,0,12,14,0,24,10,18,8,21,7,0,0,0,0,0,4,0,0,0,17,23,0,28,2
l17,7=0,0,0,0,0,0,0,0,8,12,1,3,18,35,9,24,10,0,0,0,26,7,2,8,33,0,0,0,0,0,0,0,0,3,0,10,0,0,29,0
l18,7=0,0,0,0,0,0,0,0,0,0,0,0,0,0,0,0,27,0,0,39,38,5,0,0,0,0,0,0,0,0,0,0,0,0,0,0,0,0,0,0
l19,7=0,0,0,0,0,0,0,0,1,0,0,0,5,0,0,0,0,0,37,0,58,54,65,0,0,0,4,0,11,8,0,19,0,0,0,0,0,0,33,15
l20,7=0,0,0,0,0,0,0,0,4,3,0,2,4,11,10,29,21,12,23,54,0,64,74,0,0,0,20,0,9,0,0,0,0,7,0,29,37,24,34,8
l21,7=0,0,0,0,0,0,0,0,4,15,0,3,3,5,4,27,32,10,11,43,61,0,65,0,0,0,0,0,0,0,0,0,2,0,0,29,0,22,35,33
l22,7=0,0,0,0,0,0,0,0,7,31,0,4,0,22,6,28,34,0,0,57,65,67,0,0,0,0,0,0,0,0,11,0,0,0,0,22,50,0,35,25
l23,7=0,0,0,0,0,0,0,0,0,0,0,0,43,32,21,33,9,9,0,0,0,0,0,0,67,72,0,0,0,0,0,8,0,36,25,0,0,0,0,0
l24,7=0,0,0,0,21,0,0,0,0,29,0,8,68,40,20,26,9,15,0,0,0,0,0,65,0,31,0,0,0,0,0,0,0,33,15,0,12,0,0,0
l25,7=0,0,0,0,0,0,0,0,5,0,0,0,57,39,34,9,9,0,0,0,0,0,0,55,40,0,0,0,0,1,0,0,12,46,0,0,0,0,23,0
l26,7=0,0,0,0,0,0,0,0,0,0,0,0,0,0,0,0,0,0,0,21,31,0,0,0,0,0,0,81,77,85,79,71,82,57,53,0,0,0,0,0
l27,7=0,0,0,0,0,0,0,0,0,0,0,0,0,0,0,0,0,0,0,0,0,0,0,0,0,0,85,0,70,86,95,49,63,0,0,0,0,0,0,0
l28,7=0,0,0,0,0,0,0,0,0,0,0,0,0,0,0,0,0,0,0,28,30,0,3,0,0,2,95,93,0,91,95,55,56,63,47,0,0,0,0,0
l29,7=0,0,0,0,0,0,0,0,0,0,0,0,0,0,0,0,0,0,0,37,0,0,0,0,0,6,90,93,77,0,95,36,61,55,0,0,0,0,0,0
l30,7=0,0,0,0,0,0,0,0,0,0,0,0,0,0,0,0,0,0,0,0,0,0,9,0,0,0,68,93,70,86,0,47,52,27,50,0,0,0,0,0
l31,7=0,0,0,0,0,0,0,0,0,0,0,0,0,0,10,0,16,0,0,40,0,0,0,18,0,0,82,27,47,33,41,0,84,87,61,0,0,0,0,0
l32,7=0,0,0,0,0,0,0,0,0,0,0,0,0,0,0,0,0,0,0,0,1,1,0,4,0,10,71,22,35,50,38,75,0,87,67,0,0,0,0,0
l33,7=0,0,0,0,0,0,0,0,0,0,0,0,39,0,27,0,0,10,0,0,19,0,0,26,27,31,45,0,48,29,15,70,77,0,51,0,0,0,0,0
l34,7=0,0,0,0,0,0,0,0,0,0,0,0,29,0,9,0,3,0,0,0,0,0,7,33,28,0,50,0,34,0,38,67,90,55,0,0,0,0,0,0
l35,7=0,0,0,0,0,0,0,0,0,0,0,0,0,0,0,0,7,0,0,0,33,18,19,0,0,0,0,0,0,0,0,0,0,0,0,0,46,44,35,13
l36,7=0,0,0,0,0,0,0,0,0,0,0,0,0,12,0,14,10,0,0,0,31,0,27,0,3,0,0,0,0,0,0,0,0,0,0,30,0,36,35,14
l37,7=0,0,0,0,0,0,0,0,0,0,0,0,0,0,0,0,0,0,0,0,25,8,0,0,0,0,0,0,0,0,0,0,0,0,0,38,44,0,29,5
l38,7=0,0,0,0,0,0,0,0,6,31,0,3,6,9,4,37,13,12,0,22,42,20,25,0,0,1,0,0,0,0,0,0,0,0,0,31,49,36,0,5
l39,7=0,0,0,0,0,0,0,0,0,0,0,0,0,0,0,0,3,0,0,20,34,22,22,0,0,0,0,0,0,0,0,0,0,0,0,31,49,23,28,0

l0,8=0,95,64,95,15,77,63,17,41,62,60,0,0,42,0,0,0,0,0,0,0,0,0,0,0,0,0,0,0,0,0,0,0,0,0,0,0,0,0,0
l1,8=74,0,79,81,89,67,92,88,38,57,64,0,0,8,0,0,0,0,0,0,0,0,0,0,0,0,0,0,0,0,0,0,0,0,0,0,0,0,0,0
l2,8=68,96,0,90,87,79,84,91,0,61,51,0,0,0,0,7,0,0,0,0,0,0,0,0,0,0,0,0,0,0,0,0,0,0,0,0,0,0,0,0
l3,8=77,78,68,0,91,74,73,78,0,0,4,0,0,50,0,0,0,0,0,0,0,0,0,0,0,0,0,0,0,0,0,0,0,0,0,0,0,0,0,0
l4,8=57,95,70,96,0,66,77,78,69,54,67,0,0,65,0,0,0,0,0,0,0,0,0,0,53,0,0,0,0,0,0,0,0,0,0,0,0,0,0,0
l5,8=72,77,79,92,75,0,80,96,45,67,70,55,0,47,0,0,0,0,0,0,0,0,0,0,0,0,0,0,0,0,0,0,0,0,0,0,0,0,0,0
l6,8=56,83,63,80,72,67,0,89,41,80,64,11,0,31,0,0,26,0,0,0,0,0,0,0,0,0,0,0,0,0,0,0,0,0,0,0,0,0,0,0
l7,8=34,84,64,80,69,72,80,0,73,82,74,0,0,81,0,8,0,15,0,0,0,0,0,0,0,0,0,0,0,0,0,0,0,0,0,0,0,0,0,0
l8,8=34,45,0,0,46,49,63,88,0,90,76,88,0,84,60,67,0,35,0,21,0,0,45,0,0,0,0,0,0,0,0,0,0,0,0,0,0,0,43,0
l9,8=56,70,42,0,30,69,78,89,90,0,89,85,52,81,1,62,11,30,0,0,1,20,0,50,0,0,0,0,0,0,0,0,0,0,0,0,0,0,48,0
l10,8=59,82,43,65,52,69,68,89,73,90,0,85,0,70,0,65,0,1,0,0,0,0,0,0,0,0,0,0,0,0,0,0,0,0,0,0,0,0,0,0
l11,8=0,0,0,0,2,15,10,0,70,65,53,0,87,59,55,88,45,36,0,0,48,9,17,25,68,46,0,0,0,0,0,0,0,0,0,15,0,19,49,0
l12,8=0,0,0,0,0,0,0,0,0,47,0,89,0,11,88,87,53,32,0,11,50,0,0,72,93,80,0,0,0,0,0,0,0,0,1,0,39,0,42,0
l13,8=21,0,0,27,25,11,2,74,84,73,49,38,20,0,58,65,17,28,0,0,14,12,0,51,55,51,0,0,0,0,0,0,0,0,0,13,0,0,0,0
l14,8=0,0,0,0,0,0,0,0,52,11,0,37,88,60,0,73,3,68,0,0,59,32,30,78,86,69,0,0,0,0,0,0,0,56,17,0,0,0,0,0
l15,8=0,0,0,0,0,0,0,0,69,73,62,95,53,80,81,0,38,42,0,0,73,20,18,62,58,38,0,0,0,0,0,0,0,0,0,0,53,0,64,0
l16,8=0,0,0,0,0,0,11,0,1,14,0,53,50,23,8,48,0,36,23,35,81,35,42,48,86,35,0,0,0,0,0,17,0,0,12,1,60,0,60,53
l17,8=0,0,0,0,0,0,0,11,59,37,8,55,39,52,83,74,49,0,0,31,75,1,16,44,86,0,0,0,0,0,0,0,0,33,0,0,34,0,28,28
l18,8=0,0,0,0,0,0,0,0,0,0,0,0,0,0,0,0,68,0,0,65,79,45,0,0,0,0,0,0,0,0,0,0,0,0,0,0,0,0,0,0
l19,8=0,0,0,0,0,0,0,0,8,0,0,0,23,0,0,0,34,25,42,0,95,77,95,0,0,0,0,0,48,0,0,56,0,0,0,0,51,0,53,70
l20,8=0,0,0,0,0,0,0,0,0,0,0,21,24,0,31,36,46,25,34,79,0,86,95,0,14,0,19,0,0,0,0,12,0,26,0,26,53,58,68,69
l21,8=0,0,0,0,0,0,0,0,0,24,0,23,0,27,36,37,30,0,28,40,94,0,95,0,0,0,0,0,0,0,0,28,0,32,0,46,40,48,68,72
l22,8=0,0,0,0,0,0,0,0,33,0,0,38,0,6,32,42,49,39,0,72,94,86,0,0,0,0,0,0,0,29,0,2,0,0,0,40,70,34,64,49
l23,8=0,0,0,0,0,0,0,0,0,52,0,37,81,61,80,56,43,32,0,0,0,0,0,0,95,91,0,0,0,0,0,4,49,26,34,0,0,0,0,0
l24,8=0,0,0,0,32,0,0,0,0,0,0,43,97,60,83,43,52,36,0,0,36,0,0,94,0,79,0,0,0,0,0,0,0,0,29,0,10,0,0,0
l25,8=0,0,0,0,0,0,0,0,0,0,0,43,96,62,73,42,41,0,0,0,0,0,0,94,85,0,0,0,0,60,0,0,64,60,31,0,0,0,24,0
l26,8=0,0,0,0,0,0,0,0,0,0,0,0,0,0,0,0,0,0,0,0,71,0,0,0,0,0,0,98,100,98,94,99,93,93,86,0,0,0,0,0
l27,8=0,0,0,0,0,0,0,0,0,0,0,0,0,0,0,0,0,0,0,0,0,0,0,0,0,0,93,0,100,98,100,20,76,0,74,0,0,0,0,0
l28,8=0,0,0,0,0,0,0,0,0,0,0,0,0,0,0,0,0,0,0,75,52,0,0,0,0,0,99,100,0,98,100,97,73,88,80,0,0,0,0,0
l29,8=0,0,0,0,0,0,0,0,0,0,0,0,0,0,0,0,0,0,0,0,1,0,50,0,0,68,99,100,100,0,100,94,68,75,74,0,0,0,0,0
l30,8=0,0,0,0,0,0,0,0,0,0,0,0,0,0,0,0,0,0,0,0,0,0,0,0,0,0,91,100,100,98,0,13,80,77,0,0,0,0,0,0
l31,8=0,0,0,0,0,0,0,0,0,0,0,0,0,0,0,0,57,0,0,65,56,31,6,22,1,0,98,5,93,87,50,0,93,94,97,0,0,0,0,0
l32,8=0,0,0,0,0,0,0,0,0,0,0,0,0,0,0,0,0,0,0,0,0,0,0,65,0,69,96,70,59,59,77,95,0,94,97,0,0,0,0,0
l33,8=0,0,0,0,0,0,0,0,0,0,0,0,53,0,75,0,0,50,0,0,61,37,0,52,17,79,80,0,84,80,69,99,93,0,76,0,0,0,0,0
l34,8=0,0,0,0,0,0,0,0,0,0,0,0,36,0,67,0,69,0,0,0,39,0,0,82,82,79,80,44,82,76,0,99,93,70,0,0,0,0,0,0
l35,8=0,0,0,0,0,0,0,0,0,0,0,12,0,6,0,0,4,0,0,0,37,24,30,0,0,0,0,0,0,0,0,0,0,0,0,0,65,77,61,59
l36,8=0,0,0,0,0,0,0,0,0,0,0,0,15,0,0,34,20,10,0,16,47,11,39,0,8,0,0,0,0,0,0,0,0,0,0,68,0,56,54,54
l37,8=0,0,0,0,0,0,0,0,0,0,0,0,0,0,0,0,0,0,0,0,53,19,18,0,0,0,0,0,0,0,0,0,0,0,0,74,51,0,57,5
l38,8=0,0,0,0,0,0,0,0,13,24,0,16,29,0,0,44,22,9,0,32,63,34,41,0,0,0,0,0,0,0,0,0,0,0,0,42,62,60,0,53
l39,8=0,0,0,0,0,0,0,0,0,0,0,0,0,0,0,0,16,0,0,28,64,54,31,0,0,0,0,0,0,0,0,0,0,0,0,73,69,21,53,0

l0,9=0,97,82,95,81,91,67,58,10,72,50,0,0,37,0,0,0,0,0,0,0,0,0,0,0,0,0,0,0,0,0,0,0,0,0,0,0,0,0,0
l1,9=95,0,85,93,88,76,91,90,31,22,61,0,0,51,0,0,0,0,0,0,0,0,0,27,0,0,0,0,0,0,0,0,0,0,0,0,0,0,0,0
l2,9=92,95,0,92,78,91,81,61,0,49,57,0,0,0,0,0,0,0,0,0,0,0,0,0,0,0,0,0,0,0,0,0,0,0,0,0,0,0,0,0
l3,9=92,90,76,0,85,90,71,65,1,0,64,0,0,48,0,0,0,0,0,0,0,0,0,0,0,0,0,0,0,0,0,0,0,0,0,0,0,0,0,0
l4,9=88,94,76,93,0,91,70,85,71,55,68,0,0,0,0,0,0,0,0,0,0,0,0,0,0,0,0,0,0,0,0,0,0,0,0,0,0,0,0,0
l5,9=92,78,85,92,85,0,0,86,73,63,86,2,0,41,0,0,0,0,0,0,0,0,0,0,0,0,0,0,0,0,0,0,0,0,0,0,0,0,0,0
l6,9=69,95,78,68,62,7,0,77,35,63,64,0,0,38,0,0,26,0,0,0,0,0,0,0,0,0,0,0,0,0,0,0,0,0,0,0,0,0,0,0
l7,9=75,93,75,67,93,91,96,0,94,100,99,0,0,98,0,44,0,0,0,0,0,0,0,0,0,0,0,0,0,0,0,0,0,0,0,0,0,0,0,0
l8,9=54,40,0,25,84,86,81,75,0,89,94,95,0,91,82,63,45,33,0,67,0,0,27,0,0,28,0,0,0,0,0,0,0,0,0,0,0,0,0,0
l9,9=87,8,77,0,50,77,83,96,88,0,95,92,11,91,82,83,34,0,0,0,0,0,11,59,0,0,0,0,0,0,0,0,0,0,0,0,0,0,35,0
l10,9=71,88,28,87,84,90,90,96,85,84,0,58,26,85,0,87,38,23,0,0,2,0,0,46,0,0,0,0,0,0,0,0,0,0,0,0,0,0,0,0
l11,9=0,0,0,0,0,26,0,0,34,31,78,0,71,93,96,98,57,38,0,0,46,9,0,88,88,73,0,0,0,0,0,0,0,0,0,69,48,39,1,0
l12,9=0,0,0,0,0,0,0,0,0,1,49,97,0,87,98,94,88,63,0,0,48,6,16,92,97,97,0,0,0,0,0,0,0,0,0,0,48,0,59,0
l13,9=0,69,0,80,0,61,76,81,90,93,92,97,95,0,81,92,93,0,0,0,35,8,0,49,76,68,0,0,0,0,0,0,0,0,0,0,0,0,12,0
l14,9=0,0,0,0,0,0,0,0,26,31,0,95,95,72,0,86,56,37,0,0,57,23,25,91,93,0,0,0,0,0,0,0,0,0,44,0,48,0,0,0
l15,9=0,0,0,0,0,0,3,42,28,31,92,98,99,93,94,0,58,65,0,0,56,31,29,88,90,0,0,0,0,0,0,0,0,0,0,0,49,0,60,0
l16,9=0,0,0,0,0,0,51,0,22,26,68,88,67,81,86,66,0,38,67,77,61,0,26,82,95,56,0,0,0,0,0,17,1,48,83,0,49,41,59,24
l17,9=0,0,0,0,0,0,0,0,26,0,68,97,71,0,97,73,63,0,0,94,57,27,32,75,91,60,0,0,0,0,0,0,0,51,0,0,50,7,0,1
l18,9=0,0,0,0,0,0,0,0,0,0,0,0,0,0,0,0,89,0,0,0,71,55,0,0,0,0,0,0,0,0,0,0,0,0,0,8,0,0,0,0
l19,9=0,0,0,0,0,0,0,0,21,0,0,0,0,0,0,0,58,37,0,0,94,88,84,0,0,0,46,0,65,0,0,28,0,0,0,35,48,46,68,26
l20,9=0,0,0,0,0,0,0,0,0,0,0,1,32,6,59,48,81,22,31,92,0,95,92,0,57,0,21,0,0,0,0,0,0,0,31,72,50,54,73,49
l21,9=0,0,0,0,0,0,0,0,0,0,0,34,35,32,42,53,32,26,68,91,99,0,91,0,0,0,0,0,0,0,0,0,0,36,0,81,28,51,81,70
l22,9=0,0,0,0,0,0,0,0,23,22,0,0,29,0,57,54,49,32,0,91,98,94,0,0,0,0,24,0,0,64,0,18,0,0,0,80,89,0,81,21
l23,9=0,0,0,0,0,0,0,0,0,30,71,94,98,0,94,64,57,28,0,0,0,0,0,0,98,99,0,0,0,0,0,0,42,76,92,0,0,0,27,0
l24,9=0,0,0,0,0,0,0,0,0,0,0,93,94,83,97,86,89,37,0,0,56,0,0,94,0,87,0,0,0,0,0,0,0,75,81,0,47,0,0,0
l25,9=0,0,0,1,0,0,0,0,19,0,0,89,100,71,0,15,40,33,0,0,0,0,0,100,94,0,1,0,0,12,0,0,43,78,87,0,0,0,49,0
l26,9=0,0,0,0,0,0,0,0,0,0,0,0,0,0,0,0,0,0,0,92,93,0,84,0,0,0,0,99,100,99,99,100,100,92,99,0,0,0,0,0
l27,9=0,0,0,0,0,0,0,0,0,0,0,0,0,0,0,0,0,0,0,0,0,0,0,0,0,0,99,0,100,99,100,97,92,0,0,0,0,0,0,0
l28,9=0,0,0,0,0,0,0,0,0,0,0,0,0,0,0,0,0,0,0,91,0,0,0,0,0,0,99,100,0,99,100,99,0,98,85,0,0,0,0,0
l29,9=0,0,0,0,0,0,0,0,0,0,0,0,0,0,0,0,0,0,0,0,0,0,84,0,0,0,99,100,100,0,100,100,91,90,98,0,0,0,0,0
l30,9=0,0,0,0,0,0,0,0,0,0,0,0,0,0,0,0,0,0,0,0,0,0,0,0,0,0,98,100,100,99,0,98,98,4,99,0,0,0,0,0
l31,9=0,0,0,0,0,0,0,0,0,0,0,0,0,0,0,0,15,0,0,90,3,5,23,21,2,0,99,35,98,99,99,0,100,100,100,0,0,0,0,0
l32,9=0,0,0,0,0,0,0,0,0,0,0,0,42,0,0,0,32,0,0,0,0,0,0,90,0,79,99,35,0,86,99,100,0,100,100,0,0,0,0,0
l33,9=0,0,0,0,0,0,0,0,0,0,0,0,0,0,1,0,84,56,0,0,17,51,0,89,91,97,89,0,92,82,68,100,100,0,100,0,0,0,0,0
l34,9=0,0,0,0,0,0,0,0,0,0,0,0,57,0,87,0,64,0,0,0,56,0,0,91,83,66,54,0,76,90,88,100,100,100,0,0,0,0,0,0
l35,9=0,0,0,0,0,0,0,0,0,0,0,29,0,0,0,0,0,0,0,7,31,19,20,0,0,0,0,0,0,0,0,0,0,0,0,0,93,82,71,25
l36,9=0,0,0,0,0,0,0,0,0,0,0,34,17,0,39,30,41,16,0,50,41,0,26,0,31,0,0,0,0,0,0,0,0,0,0,93,0,54,64,26
l37,9=0,0,0,0,0,0,0,0,0,0,0,1,0,0,0,0,22,0,0,30,42,20,0,0,0,0,0,0,0,0,0,0,0,0,0,90,46,0,59,23
l38,9=0,0,0,0,0,0,0,0,0,14,0,0,33,0,0,55,44,0,0,58,55,21,28,16,0,10,0,0,0,0,0,0,0,0,0,88,49,50,0,46
l39,9=0,0,0,0,0,0,0,0,0,0,0,0,0,0,0,0,39,0,0,70,61,44,13,0,0,0,0,0,0,0,0,0,0,0,0,79,50,50,73,0

l0,10=0,72,52,47,48,1,62,14,31,33,31,0,0,0,0,0,0,0,0,0,0,0,0,0,0,0,0,0,0,0,0,0,0,0,0,0,0,0,0,0
l1,10=54,0,50,38,46,49,62,15,1,1,39,0,0,16,0,0,0,0,0,0,0,0,0,0,0,0,0,0,0,0,0,0,0,0,0,0,0,0,0,0
l2,10=53,69,0,41,45,53,4,12,37,37,51,0,0,0,0,0,0,0,0,0,0,0,0,0,0,0,0,0,0,0,0,0,0,0,0,0,0,0,0,0
l3,10=65,72,38,0,57,1,7,2,0,0,22,0,0,0,0,0,0,0,0,0,0,0,0,0,0,0,0,0,0,0,0,0,0,0,0,0,0,0,0,0
l4,10=47,51,35,39,0,5,7,12,33,0,38,0,0,0,0,24,0,0,0,0,0,0,0,0,0,0,0,0,0,0,0,0,0,0,0,0,0,0,0,0
l5,10=32,68,50,35,46,0,56,70,43,37,57,0,0,41,0,0,0,0,0,0,0,0,0,0,0,0,0,0,0,0,0,0,0,0,0,0,0,0,0,0
l6,10=45,68,34,32,41,41,0,72,44,32,38,0,0,0,0,0,3,0,0,0,0,0,0,0,0,0,0,0,0,0,0,0,0,0,0,0,0,0,0,0
l7,10=28,52,25,15,38,53,63,0,53,38,61,19,0,57,1,0,1,0,0,0,0,0,0,0,0,0,0,0,0,0,0,0,0,0,0,0,0,0,0,0
l8,10=18,0,13,0,17,34,43,58,0,77,41,59,34,70,0,55,28,32,0,23,0,0,17,48,25,0,0,0,0,0,0,0,0,0,0,0,0,0,0,0
l9,10=21,0,38,3,0,42,37,69,51,0,57,49,33,60,16,27,0,0,0,0,0,6,0,24,0,0,0,0,0,0,0,0,0,0,0,0,0,0,0,0
l10,10=13,34,17,4,9,47,11,73,39,38,0,25,0,26,0,50,0,21,0,0,0,0,0,0,5,0,0,0,0,0,0,0,0,0,0,0,0,0,0,0
l11,10=0,0,0,0,0,0,0,9,50,37,44,0,73,78,56,85,54,69,0,0,40,28,0,65,51,37,0,0,0,0,0,0,0,0,0,14,27,0,0,0
l12,10=0,0,0,0,0,0,0,0,37,33,0,78,0,39,90,79,84,93,0,0,52,41,0,85,90,92,0,0,0,0,0,0,0,25,2,20,26,0,56,0
l13,10=0,13,0,0,0,2,0,54,52,39,45,67,61,0,30,72,53,26,0,0,29,23,0,25,40,24,0,0,0,0,0,0,0,0,0,0,0,0,22,0
l14,10=0,0,0,0,0,0,0,0,0,32,0,73,87,37,0,63,55,60,0,0,11,0,0,69,88,46,0,0,0,0,0,0,0,0,0,26,33,0,33,0
l15,10=0,0,0,0,20,0,0,0,48,32,52,89,87,79,32,0,59,64,0,4,29,7,19,23,49,25,0,0,0,0,0,0,0,0,0,0,31,5,51,0
l16,10=0,0,0,0,0,0,0,0,26,0,0,37,72,24,7,52,0,87,12,37,56,37,9,52,80,0,0,0,0,0,0,0,0,0,34,0,30,14,62,27
l17,10=0,0,0,0,0,0,1,0,40,0,38,86,76,5,44,83,84,0,0,46,24,35,29,0,80,18,0,0,0,0,0,0,0,24,0,0,4,0,48,0
l18,10=0,0,0,0,0,0,0,0,0,0,0,0,0,0,0,0,31,0,0,71,69,78,0,0,0,0,0,0,0,0,0,0,0,0,0,0,0,0,0,0
l19,10=0,0,0,0,0,0,0,0,12,0,0,0,0,0,0,0,26,20,27,0,78,69,74,0,0,0,22,0,0,0,0,9,0,0,0,0,0,15,13,24
l20,10=0,0,0,0,0,0,0,0,0,0,0,13,24,3,0,3,67,7,18,83,0,92,88,0,6,0,4,0,0,0,0,0,7,0,0,38,70,39,71,72
l21,10=0,0,0,0,0,0,0,0,0,7,0,9,20,3,0,9,55,14,22,65,86,0,84,0,0,0,0,0,0,0,0,0,0,7,0,8,34,9,60,62
l22,10=0,0,0,0,0,0,0,0,12,2,0,0,0,0,0,13,21,21,0,42,87,87,0,0,0,0,12,0,0,13,0,8,0,0,0,21,23,11,64,17
l23,10=0,0,0,0,0,0,0,0,40,27,0,42,89,22,38,0,50,0,0,0,0,0,0,0,95,92,0,0,0,0,0,19,35,28,19,0,0,0,0,0
l24,10=0,0,0,0,0,0,0,0,35,0,0,72,86,37,90,54,84,82,0,0,27,0,0,93,0,60,0,0,0,0,0,0,0,0,23,0,0,0,5,0
l25,10=0,0,0,0,0,0,0,0,0,0,0,51,92,29,43,36,0,39,0,0,0,0,0,94,83,0,20,0,0,0,0,19,32,67,36,0,0,0,24,0
l26,10=0,0,0,0,0,0,0,0,0,0,0,0,0,0,0,0,0,0,0,67,39,0,64,0,0,29,0,86,99,91,99,98,97,73,75,0,0,0,0,0
l27,10=0,0,0,0,0,0,0,0,0,0,0,0,0,0,0,0,0,0,0,0,0,0,0,0,0,0,95,0,98,91,100,92,0,0,77,0,0,0,0,0
l28,10=0,0,0,0,0,0,0,0,0,0,0,0,0,0,0,0,0,0,0,20,0,0,0,0,0,0,95,100,0,91,100,91,46,89,65,0,0,0,0,0
l29,10=0,0,0,0,0,0,0,0,0,0,0,0,0,0,0,0,0,0,0,0,1,0,56,0,0,0,95,100,99,0,100,83,70,0,66,0,0,0,0,0
l30,10=0,0,0,0,0,0,0,0,0,0,0,0,0,0,0,0,0,0,0,0,0,0,0,0,0,0,95,100,98,91,0,91,74,51,68,0,0,0,0,0
l31,10=0,0,0,0,0,0,0,0,0,0,0,0,0,0,0,0,0,0,0,28,1,0,43,31,2,15,95,78,89,88,96,0,97,100,100,0,0,0,0,0
l32,10=0,0,0,0,0,0,0,0,0,0,0,0,0,0,0,0,1,0,0,0,20,0,0,68,0,67,95,0,6,77,63,99,0,100,100,0,0,0,0,0
l33,10=0,0,0,0,0,0,0,0,0,0,0,0,37,0,0,0,0,16,0,0,0,11,0,43,13,91,91,0,98,8,24,99,100,0,100,0,0,0,0,0
l34,10=0,0,0,0,0,0,0,0,0,0,0,0,20,0,0,0,73,0,0,4,15,0,0,29,24,64,91,42,59,79,71,99,100,100,0,0,0,0,0,0
l35,10=0,0,0,0,0,0,0,0,0,0,0,2,6,0,8,0,0,0,0,0,55,11,28,0,0,0,0,0,0,0,0,0,0,0,0,0,89,76,76,58
l36,10=0,0,0,0,0,0,0,0,0,0,0,5,17,0,31,31,65,0,0,0,69,39,35,0,0,0,0,0,0,0,0,0,0,0,0,75,0,42,84,66
l37,10=0,0,0,0,0,0,0,0,0,0,0,0,0,0,0,0,31,0,0,26,66,5,19,0,0,0,0,0,0,0,0,0,0,0,0,86,81,0,71,67
l38,10=0,0,0,0,0,0,0,0,0,0,0,0,54,3,5,57,71,47,0,7,69,49,39,0,1,1,0,0,0,0,0,0,0,0,0,68,79,38,0,72
l39,10=0,0,0,0,0,0,0,0,0,0,0,0,0,0,0,0,25,0,0,25,71,47,21,0,0,0,0,0,0,0,0,0,0,0,0,59,78,41,83,0

l0,11=0,69,69,65,50,45,53,20,1,20,27,0,0,0,0,0,0,0,0,0,0,0,0,0,0,0,0,0,0,0,0,0,0,0,0,0,0,0,0,0
l1,11=59,0,67,60,45,57,78,59,2,2,56,0,0,0,0,0,0,0,0,0,0,0,0,14,0,0,0,0,0,0,0,0,0,0,0,0,0,0,0,0
l2,11=57,55,0,60,45,56,68,51,0,61,55,0,0,0,0,0,0,0,0,0,0,0,0,0,0,0,0,0,0,0,0,0,0,0,0,0,0,0,0,0
l3,11=63,56,63,0,56,52,52,0,0,19,33,0,0,0,0,0,0,0,0,0,0,0,0,0,0,0,0,0,0,0,0,0,0,0,0,0,0,0,0,0
l4,11=55,37,59,66,0,46,32,21,16,0,43,0,4,0,0,11,0,0,0,0,0,0,0,31,0,0,0,0,0,0,0,0,0,0,0,0,0,0,0,0
l5,11=54,62,68,60,48,0,76,59,20,62,52,0,0,1,0,1,0,0,0,0,0,0,0,0,0,0,0,0,0,0,0,0,0,0,0,0,0,0,0,0
l6,11=38,69,48,45,39,45,0,56,25,56,35,5,0,24,0,22,19,0,0,0,0,0,0,0,0,0,0,0,0,0,0,0,0,0,0,0,0,0,0,0
l7,11=35,49,55,1,36,47,71,0,44,63,61,14,22,36,0,13,0,0,0,0,0,0,0,0,0,0,0,0,0,0,0,0,0,0,0,0,0,0,0,0
l8,11=11,4,9,0,27,13,30,28,0,74,29,33,52,57,0,46,0,30,0,4,0,8,0,33,48,0,0,0,0,0,0,0,0,0,0,0,0,0,0,0
l9,11=11,8,42,18,0,52,35,57,62,0,59,16,28,55,0,20,0,0,0,0,0,28,0,20,0,0,0,0,0,0,0,0,0,0,0,0,0,0,0,0
l10,11=9,11,52,30,38,26,27,59,22,63,0,19,0,50,0,39,0,1,0,0,0,0,0,0,8,0,0,0,0,0,0,0,0,0,0,0,0,0,0,0
l11,11=0,0,0,0,0,0,21,22,35,32,34,0,76,68,35,83,61,64,0,0,3,22,27,45,66,46,0,0,0,0,0,0,0,2,0,0,0,0,18,0
l12,11=0,0,0,0,0,0,0,1,31,27,0,75,0,52,91,82,80,81,0,0,27,39,29,74,93,90,0,0,0,0,0,0,0,25,0,0,0,0,47,0
l13,11=0,0,0,0,0,6,24,31,71,66,48,71,62,0,20,82,36,39,0,3,19,13,7,4,29,19,0,0,0,0,0,0,0,0,0,0,1,0,4,0
l14,11=0,0,0,0,0,0,0,0,0,0,0,42,89,44,0,53,79,56,0,0,0,36,0,81,51,75,0,0,0,0,0,0,0,20,0,21,7,0,31,0
l15,11=0,0,0,0,10,0,28,7,56,49,30,81,78,71,34,0,62,59,0,7,43,34,18,0,10,30,0,0,0,0,0,0,0,0,0,0,24,0,41,0
l16,11=0,0,0,0,0,0,9,0,0,1,0,38,70,41,61,71,0,74,0,6,56,58,13,31,82,27,0,0,0,0,0,0,6,0,4,0,13,9,58,18
l17,11=0,0,0,0,0,0,0,0,31,8,15,44,91,49,69,83,85,0,0,0,39,46,36,42,70,0,0,0,0,0,0,0,0,13,0,0,22,0,30,0
l18,11=0,0,0,0,0,0,0,0,0,0,0,0,0,0,0,0,25,0,0,76,66,67,27,0,0,0,0,0,0,0,0,0,0,0,0,0,0,0,0,0
l19,11=0,0,0,0,0,0,0,0,7,0,0,0,0,12,0,17,10,0,6,0,80,71,59,0,0,0,15,0,0,0,0,2,0,0,3,6,3,3,3,36
l20,11=0,0,0,0,0,0,0,0,0,0,0,0,16,17,0,34,68,11,4,84,0,85,75,0,0,0,5,0,2,0,0,0,2,0,0,5,55,15,35,75
l21,11=0,0,0,0,0,0,0,0,1,18,0,6,28,12,7,14,68,12,5,74,83,0,72,0,0,0,0,0,0,0,0,0,0,0,0,3,38,3,52,62
l22,11=0,0,0,0,0,0,0,0,0,0,0,8,18,0,0,10,10,9,1,32,86,79,0,0,0,0,6,0,0,0,0,3,0,0,0,9,26,0,40,15
l23,11=0,0,0,0,18,0,0,0,19,15,0,16,73,3,74,0,34,25,0,0,0,0,0,0,91,92,0,0,0,0,0,7,16,30,0,0,0,0,0,0
l24,11=0,0,0,0,0,0,0,0,18,11,0,38,92,35,24,1,82,55,0,0,0,0,0,89,0,84,0,0,0,0,0,0,0,32,9,0,0,0,30,0
l25,11=0,0,0,0,0,0,0,0,0,0,0,18,92,30,63,22,27,0,0,0,0,0,0,93,65,0,8,0,0,0,0,9,16,64,7,0,0,0,0,0
l26,11=0,0,0,0,0,0,0,0,0,0,0,0,0,0,0,0,0,0,0,48,19,0,39,0,0,17,0,84,97,89,98,97,90,42,51,0,0,0,0,0
l27,11=0,0,0,0,0,0,0,0,0,0,0,0,0,0,0,0,0,0,0,0,0,0,0,0,0,0,70,0,92,85,98,47,0,0,22,0,0,0,0,0
l28,11=0,0,0,0,0,0,0,0,0,0,0,0,0,0,0,0,0,0,0,0,23,0,0,0,0,0,86,90,0,90,91,74,30,0,23,0,0,0,0,0
l29,11=0,0,0,0,0,0,0,0,0,0,0,0,0,0,0,0,0,0,0,0,0,0,0,0,0,0,80,97,97,0,98,70,29,28,21,0,0,0,0,0
l30,11=0,0,0,0,0,0,0,0,0,0,0,0,0,0,0,0,0,0,0,0,0,0,0,0,0,0,85,97,97,90,0,76,41,47,43,0,0,0,0,0
l31,11=0,0,0,0,0,0,0,0,0,0,0,0,0,0,8,0,0,0,0,26,0,0,40,23,0,65,86,67,85,84,84,0,80,100,100,0,0,0,0,0
l32,11=0,0,0,0,0,0,0,0,0,0,0,0,0,0,0,0,21,0,0,0,15,0,0,22,0,20,86,0,23,33,41,92,0,100,100,0,0,0,0,0
l33,11=0,0,0,0,0,0,0,0,0,0,0,2,31,0,19,0,0,0,0,0,21,0,0,41,31,87,47,0,0,46,69,99,99,0,100,0,0,0,0,0
l34,11=0,0,0,0,0,0,0,0,0,0,0,0,10,0,2,0,43,0,0,3,0,0,0,0,13,24,65,41,24,49,78,99,99,100,0,0,0,0,0,0
l35,11=0,0,0,0,0,0,0,0,0,0,0,0,0,0,2,0,0,0,0,2,12,5,32,0,0,0,0,0,0,0,0,0,0,0,0,0,88,57,60,67
l36,11=0,0,0,0,0,0,0,0,0,0,0,0,0,0,3,50,60,44,0,2,65,66,56,0,0,0,0,0,0,0,0,0,0,0,0,76,0,48,81,73
l37,11=0,0,0,0,0,0,0,0,0,0,0,0,0,0,0,0,30,0,0,3,59,0,0,0,0,0,0,0,0,0,0,0,0,0,0,63,25,0,36,69
l38,11=0,0,0,0,0,0,0,0,0,0,0,30,61,9,15,66,65,10,0,2,64,67,56,0,8,0,0,0,0,0,0,0,0,0,0,64,81,40,0,71
l39,11=0,0,0,0,0,0,0,0,0,0,0,0,0,0,0,0,14,0,0,8,66,41,36,0,0,0,0,0,0,0,0,0,0,0,0,42,51,25,73,0

l0,12=0,63,64,62,55,60,22,36,0,14,1,0,0,0,0,0,0,0,0,0,0,0,0,0,0,0,0,0,0,0,0,0,0,0,0,0,0,0,0,0
l1,12=56,0,62,59,52,60,64,65,33,25,50,23,0,0,0,0,0,0,0,0,0,0,0,0,0,0,0,0,0,0,0,0,0,0,0,0,0,0,0,0
l2,12=60,52,0,61,52,62,65,0,0,50,58,0,0,0,0,0,0,0,0,0,0,0,0,0,0,0,0,0,0,0,0,0,0,0,0,0,0,0,0,0
l3,12=57,37,46,0,59,60,0,19,1,19,47,0,0,0,0,0,0,0,0,0,0,0,0,0,0,0,0,0,0,0,0,0,0,0,0,0,0,0,0,0
l4,12=55,34,38,66,0,54,28,57,35,0,50,0,0,20,0,0,0,0,0,0,0,0,0,33,0,0,0,0,0,0,0,0,0,0,0,0,0,0,0,0
l5,12=53,51,59,61,52,0,24,55,1,52,41,3,0,9,0,25,0,0,0,0,0,0,0,0,0,0,0,0,0,0,0,0,0,0,0,0,0,0,0,0
l6,12=15,57,68,33,33,32,0,70,32,6,54,12,0,37,14,35,4,0,0,0,0,0,0,0,0,0,0,0,0,0,0,0,0,0,0,0,0,0,0,0
l7,12=20,46,0,41,49,32,64,0,40,53,65,8,3,54,0,6,0,0,0,0,0,0,0,0,0,0,0,0,0,0,0,0,0,0,0,0,0,0,0,0
l8,12=0,19,0,22,42,1,35,48,0,60,57,36,26,60,4,48,23,13,0,0,0,19,0,2,14,0,0,0,0,0,0,0,0,0,0,0,0,0,0,0
l9,12=2,15,13,19,0,59,17,67,56,0,63,41,9,59,11,41,5,0,0,0,3,7,0,1,7,0,0,0,0,0,0,0,0,0,0,0,0,0,0,0
l10,12=0,16,21,47,43,16,55,68,49,56,0,10,2,51,0,33,9,0,0,0,0,0,0,0,1,0,0,0,0,0,0,0,0,0,0,0,0,0,0,0
l11,12=0,22,0,0,0,1,36,23,44,40,19,0,76,79,62,73,29,82,0,3,26,14,23,33,13,27,0,0,0,0,0,0,0,0,0,31,17,0,51,0
l12,12=0,0,0,0,0,0,0,0,47,22,0,49,0,61,89,62,42,81,0,0,48,30,37,39,88,91,0,0,0,0,0,0,0,0,0,0,15,0,50,0
l13,12=0,0,0,0,28,0,28,61,60,50,59,63,43,0,45,69,35,59,0,0,23,7,4,43,28,17,0,0,0,0,0,0,0,0,0,0,9,0,0,0
l14,12=0,0,0,0,0,0,3,0,0,12,0,48,81,36,0,55,62,77,0,0,0,49,0,85,88,42,0,0,0,0,0,0,0,34,16,0,34,0,21,0
l15,12=0,0,0,0,0,1,19,3,37,21,25,83,41,80,56,0,28,66,0,19,23,9,19,12,17,11,0,0,0,0,0,0,0,0,0,0,22,1,23,0
l16,12=0,0,0,0,0,0,2,0,16,4,4,29,34,19,59,39,0,77,29,15,61,27,21,0,46,6,0,0,0,0,0,0,0,4,3,12,36,29,58,22
l17,12=0,0,0,0,0,0,0,0,26,2,0,53,53,61,71,53,52,0,0,40,75,47,36,10,16,6,0,0,0,0,0,0,0,0,0,0,42,0,19,0
l18,12=0,0,0,0,0,0,0,0,0,0,0,0,0,0,0,0,25,0,0,45,18,22,0,0,0,0,0,0,0,0,0,0,0,0,0,0,0,0,0,0
l19,12=0,0,0,0,0,0,0,0,2,0,0,0,0,0,0,6,3,4,15,0,87,53,47,0,0,0,6,0,2,4,0,6,4,0,0,12,16,5,7,31
l20,12=0,0,0,0,0,0,0,0,0,2,0,7,5,2,0,5,41,22,11,88,0,89,79,0,0,0,3,0,0,0,0,0,0,0,0,24,85,56,20,37
l21,12=0,0,0,0,0,0,0,0,4,7,0,7,10,2,18,12,51,24,13,89,87,0,79,0,5,0,1,0,0,0,0,0,0,0,0,47,47,6,51,22
l22,12=0,0,0,0,0,0,0,0,0,0,0,6,11,0,2,7,7,5,0,76,87,88,0,0,1,0,4,0,1,0,0,2,0,0,0,24,23,7,23,31
l23,12=0,0,0,0,56,0,0,0,0,0,0,30,52,47,78,42,4,29,0,0,0,0,0,0,84,92,0,0,0,0,0,35,0,33,23,0,0,0,0,0
l24,12=0,0,0,0,1,0,0,0,38,12,8,30,84,44,91,53,75,43,0,0,0,37,8,83,0,87,0,0,0,0,0,0,35,0,7,0,0,0,29,0
l25,12=0,0,0,0,0,0,0,0,0,16,0,33,82,19,73,21,21,20,0,0,0,0,0,94,88,0,0,0,0,0,0,42,12,31,33,0,0,0,0,0
l26,12=0,0,0,0,0,0,0,0,0,0,0,0,0,0,0,0,0,0,0,26,12,0,10,0,0,0,0,87,98,89,97,93,83,22,71,0,0,0,0,0
l27,12=0,0,0,0,0,0,0,0,0,0,0,0,0,0,0,0,0,0,0,0,0,0,0,0,0,0,81,0,87,88,98,70,0,3,21,0,0,0,0,0
l28,12=0,0,0,0,0,0,0,0,0,0,0,0,0,0,0,0,0,0,0,37,11,0,20,0,0,0,95,99,0,89,98,85,81,18,39,0,0,0,0,0
l29,12=0,0,0,0,0,0,0,0,0,0,0,0,0,0,0,0,0,0,0,28,0,0,0,0,0,0,85,100,98,0,98,67,60,38,68,0,0,0,0,0
l30,12=0,0,0,0,0,0,0,0,0,0,0,0,0,0,0,0,0,0,0,0,0,0,0,0,0,0,95,100,98,89,0,77,70,26,27,0,0,0,0,0
l31,12=0,0,0,0,0,0,0,0,0,0,0,0,0,0,0,0,0,0,0,68,12,0,16,32,0,52,94,42,76,65,88,0,95,100,100,0,0,0,0,0
l32,12=0,0,0,0,0,0,0,0,0,0,0,0,0,0,0,0,3,0,0,44,0,0,0,2,34,10,95,0,68,71,73,95,0,100,100,0,0,0,0,0
l33,12=0,0,0,0,0,0,0,0,0,0,0,0,11,0,43,0,18,0,0,0,0,0,0,72,1,79,76,0,47,57,59,95,100,0,100,0,0,0,0,0
l34,12=0,0,0,0,0,0,0,0,0,0,0,0,0,0,49,0,14,0,0,0,0,0,0,57,21,77,95,15,83,71,44,95,100,100,0,0,0,0,0,0
l35,12=0,0,0,0,0,0,0,0,0,0,0,1,0,0,0,0,0,0,0,2,15,17,26,0,0,0,0,0,0,0,0,0,0,0,0,0,86,54,60,11
l36,12=0,0,0,0,0,0,0,0,0,0,0,0,0,0,10,5,14,15,0,12,71,21,31,0,0,0,0,0,0,0,0,0,0,0,0,74,0,61,64,76
l37,12=0,0,0,0,0,0,0,0,0,0,0,0,0,0,0,0,9,0,0,3,45,5,15,0,0,0,0,0,0,0,0,0,0,0,0,44,80,0,37,48
l38,12=0,0,0,0,0,0,0,0,0,0,0,33,35,0,7,5,41,0,0,3,56,66,55,0,0,0,0,0,0,0,0,0,0,0,0,45,87,44,0,72
l39,12=0,0,0,0,0,0,0,0,0,0,0,0,0,0,0,0,9,0,0,35,62,12,33,0,0,0,0,0,0,0,0,0,0,0,0,11,80,40,32,0

l0,13=0,70,69,78,52,71,66,58,46,0,27,0,0,0,0,0,0,0,0,0,0,0,0,0,0,0,0,0,0,0,0,0,0,0,0,0,0,0,0,0
l1,13=68,0,65,69,51,75,33,54,39,1,10,8,1,0,0,0,0,0,0,0,0,0,0,0,0,0,0,0,0,0,0,0,0,0,0,0,0,0,0,0
l2,13=67,65,0,65,48,74,66,57,0,47,58,0,0,0,0,0,0,0,0,0,0,0,0,0,0,0,0,0,0,0,0,0,0,0,0,0,0,0,0,0
l3,13=71,62,65,0,52,78,52,51,8,18,26,0,0,0,0,0,0,0,0,0,0,0,0,0,0,0,0,0,0,0,0,0,0,0,0,0,0,0,0,0
l4,13=67,58,54,72,0,76,53,51,38,19,25,0,0,0,0,0,0,0,0,0,0,0,0,29,0,0,0,0,0,0,0,0,0,0,0,0,0,0,0,0
l5,13=63,59,65,69,50,0,66,0,36,50,59,0,0,13,0,0,0,0,0,0,0,0,0,0,0,0,0,0,0,0,0,0,0,0,0,0,0,0,0,0
l6,13=49,12,64,50,46,70,0,54,37,45,26,40,0,42,0,30,0,0,0,0,0,0,0,0,0,0,0,0,0,0,0,0,0,0,0,0,0,0,0,0
l7,13=46,38,55,51,44,0,37,0,48,50,63,13,13,45,0,0,0,0,0,0,0,0,0,0,0,0,0,0,0,0,0,0,0,0,0,0,0,0,0,0
l8,13=36,27,0,42,37,32,19,49,0,75,37,14,32,60,48,0,15,22,0,40,0,16,5,0,18,8,0,0,0,0,0,0,0,0,0,0,0,0,0,0
l9,13=0,0,36,29,24,74,55,57,56,0,64,35,25,59,0,48,23,1,0,0,6,21,0,0,3,0,0,0,0,0,0,0,0,0,0,0,0,0,0,0
l10,13=29,13,49,42,32,72,20,57,54,68,0,20,0,59,0,14,0,0,0,0,0,0,0,0,0,0,0,0,0,0,0,0,0,0,0,0,0,0,0,0
l11,13=0,5,0,0,0,0,63,19,24,27,21,0,90,89,74,86,35,92,0,0,24,51,18,51,34,26,0,0,0,0,0,0,0,0,0,36,0,0,51,0
l12,13=0,0,0,0,0,0,0,0,27,20,0,38,0,62,95,51,31,70,0,0,11,0,17,28,98,76,0,0,0,0,0,0,0,26,0,0,3,0,30,0
l13,13=0,0,0,0,0,11,24,48,62,70,39,90,42,0,60,85,8,34,0,0,10,17,0,44,19,0,0,0,0,0,0,0,0,0,0,0,0,0,0,0
l14,13=0,0,0,0,0,0,0,0,54,0,0,37,81,79,0,22,29,51,0,0,0,22,0,96,99,63,0,0,0,0,0,0,16,0,60,0,32,0,17,0
l15,13=0,0,0,0,0,0,24,0,0,45,17,94,70,88,60,0,24,51,0,20,11,21,0,27,33,38,0,0,0,0,0,0,0,0,0,0,12,0,26,0
l16,13=0,0,0,0,0,0,0,0,20,15,0,10,29,30,92,26,0,50,7,31,9,22,11,0,26,2,0,0,0,0,0,0,6,16,0,37,44,16,45,14
l17,13=0,0,0,0,0,0,0,0,25,17,0,38,74,84,86,30,34,0,0,26,34,48,14,7,18,23,0,0,0,0,0,0,0,4,0,5,26,0,11,0
l18,13=0,0,0,0,0,0,0,0,0,0,0,0,0,0,0,0,29,0,0,45,46,0,1,0,0,0,0,0,0,0,0,0,0,0,0,0,0,0,0,0
l19,13=0,0,0,0,0,0,0,0,4,0,0,0,0,0,0,1,4,4,12,0,91,97,46,0,0,0,11,0,0,2,0,2,7,0,0,11,7,8,1,23
l20,13=0,0,0,0,0,0,0,0,0,2,0,11,27,26,0,12,24,34,13,88,0,97,71,0,3,0,3,0,0,0,0,0,0,0,5,49,71,72,70,30
l21,13=0,0,0,0,0,0,0,0,14,20,0,30,8,21,17,8,31,31,0,75,92,0,50,0,11,0,2,0,0,0,0,0,0,9,0,43,41,38,56,19
l22,13=0,0,0,0,0,0,0,0,0,0,0,2,5,0,0,0,3,2,0,49,92,97,0,0,0,0,5,0,1,0,0,0,0,0,0,44,35,15,38,25
l23,13=0,0,0,1,28,0,0,0,0,0,0,27,36,61,93,36,0,1,0,0,0,0,0,0,6,97,0,0,0,0,0,0,0,56,39,0,0,0,0,0
l24,13=0,0,0,0,0,0,0,0,56,8,0,30,95,56,97,25,30,18,0,0,5,25,0,2,0,74,0,0,0,0,0,0,15,35,31,0,43,0,0,0
l25,13=0,0,0,0,0,0,0,0,12,0,0,31,95,0,87,20,4,34,0,0,0,0,0,100,95,0,0,0,0,6,0,63,49,88,70,0,0,0,0,0
l26,13=0,0,0,0,0,0,0,0,0,0,0,0,0,0,0,0,0,0,0,28,27,2,10,0,0,0,0,83,97,98,100,99,45,64,0,0,0,0,0,0
l27,13=0,0,0,0,0,0,0,0,0,0,0,0,0,0,0,0,0,0,0,0,0,0,0,0,0,0,84,0,97,100,100,87,76,72,31,0,0,0,0,0
l28,13=0,0,0,0,0,0,0,0,0,0,0,0,0,0,0,0,0,0,0,25,15,0,18,0,0,0,99,99,0,100,100,90,49,52,85,0,0,0,0,0
l29,13=0,0,0,0,0,0,0,0,0,0,0,0,0,0,0,0,0,0,0,35,0,0,0,0,0,9,83,100,97,0,100,79,77,49,67,0,0,0,0,0
l30,13=0,0,0,0,0,0,0,0,0,0,0,0,0,0,0,0,0,0,0,0,0,0,0,0,0,0,99,100,97,100,0,96,81,76,35,0,0,0,0,0
l31,13=0,0,0,0,0,0,0,0,0,0,0,0,7,0,0,0,0,0,0,35,6,0,0,0,0,37,99,73,91,50,98,0,100,100,100,0,0,0,0,0
l32,13=0,0,0,0,0,0,0,0,0,0,0,0,32,0,54,0,20,0,0,56,0,0,0,0,47,31,92,29,17,89,84,100,0,100,100,0,0,0,0,0
l33,13=0,0,0,0,0,0,0,0,0,0,0,0,73,0,0,0,61,5,0,0,0,14,0,80,37,97,98,60,93,89,95,100,100,0,100,0,0,0,0,0
l34,13=0,0,0,0,0,0,0,0,0,0,0,0,0,0,80,0,1,0,0,0,54,0,0,31,41,85,0,20,96,100,43,100,100,100,0,0,0,0,0,0
l35,13=0,0,0,0,0,0,0,0,0,0,0,6,0,0,0,0,13,0,0,8,32,30,20,0,0,0,0,0,0,0,0,0,0,0,0,0,73,83,64,31
l36,13=0,0,0,0,0,0,0,0,0,0,0,0,2,0,19,0,18,1,0,7,28,29,17,0,1,0,0,0,0,0,0,0,0,0,0,74,0,65,42,24
l37,13=0,0,0,0,0,0,0,0,0,0,0,0,0,0,0,0,2,0,0,20,17,22,13,0,0,0,0,0,0,0,0,0,0,0,0,70,45,0,27,22
l38,13=0,0,0,0,0,0,0,0,0,0,0,12,27,0,10,9,17,2,0,2,19,28,18,0,0,0,0,0,0,0,0,0,0,0,0,64,69,63,0,20
l39,13=0,0,0,0,0,0,0,0,0,0,0,0,0,0,0,0,18,0,0,42,19,23,19,0,0,0,0,0,0,0,0,0,0,0,0,48,62,61,31,0

l0,14=0,98,97,100,98,96,93,61,73,56,70,0,0,0,0,0,0,0,0,0,0,0,0,0,0,0,0,0,0,0,0,0,0,0,0,0,0,0,0,0
l1,14=89,0,95,90,95,99,81,34,5,24,33,0,0,19,10,0,0,0,0,0,0,0,0,0,0,0,0,0,0,0,0,0,0,0,0,0,0,0,0,0
l2,14=95,99,0,86,80,96,93,89,6,59,73,0,0,43,0,42,0,0,0,0,0,0,0,0,0,0,0,0,0,0,0,0,0,0,0,0,0,0,0,0
l3,14=95,90,92,0,65,98,90,86,27,78,70,0,0,0,0,0,0,0,0,0,0,0,0,0,0,0,0,0,0,0,0,0,0,0,0,0,0,0,0,0
l4,14=88,90,91,51,0,99,88,87,9,75,83,0,0,0,0,0,0,0,0,0,0,0,0,38,0,0,0,0,0,0,0,0,0,0,0,0,0,0,0,0
l5,14=89,91,95,90,95,0,93,69,79,87,90,0,0,0,0,21,0,0,0,0,0,0,0,0,0,0,0,0,0,0,0,0,0,0,0,0,0,0,0,0
l6,14=83,85,94,87,95,99,0,88,76,71,66,87,0,56,0,53,0,0,0,0,0,0,0,0,0,0,0,0,0,0,0,0,0,0,0,0,0,0,0,0
l7,14=61,4,94,25,90,98,94,0,94,93,99,0,12,42,0,0,23,0,0,0,0,0,0,0,0,0,0,0,0,0,0,0,0,0,0,0,0,0,0,0
l8,14=82,0,0,46,2,92,85,87,0,87,89,19,88,31,67,61,43,0,0,60,19,25,9,48,82,0,0,0,0,0,0,0,0,0,0,0,0,0,0,0
l9,14=46,37,40,44,21,99,60,91,99,0,99,78,0,89,25,86,41,22,0,0,24,34,0,4,0,0,0,0,0,0,0,0,0,0,0,0,0,0,0,0
l10,14=75,85,81,77,94,96,82,91,94,95,0,18,0,83,0,34,0,0,0,0,1,0,0,0,0,0,0,0,0,0,0,0,0,0,0,0,0,0,0,0
l11,14=0,0,0,0,0,0,94,0,17,97,25,0,100,99,94,95,87,95,0,18,24,23,37,52,39,3,0,0,0,0,0,0,0,0,0,16,41,0,42,0
l12,14=0,0,0,0,0,0,0,0,93,0,0,56,0,88,96,56,54,95,0,0,54,0,6,88,96,91,0,0,0,0,0,0,0,53,0,1,0,0,0,0
l13,14=0,35,1,0,0,6,44,38,38,100,62,99,41,0,34,95,32,39,0,16,0,23,0,30,40,25,0,0,0,0,0,0,0,0,0,0,0,0,0,0
l14,14=0,2,0,0,0,0,0,0,49,32,0,34,100,40,0,27,32,37,0,0,0,3,0,90,98,24,0,0,0,0,0,0,26,32,0,0,14,0,34,0
l15,14=0,0,5,0,0,3,52,0,91,98,25,99,97,96,80,0,58,88,0,46,16,0,1,91,94,19,0,0,0,0,0,0,0,0,0,0,29,0,37,0
l16,14=0,0,0,0,0,0,0,36,63,62,0,50,57,73,81,59,0,81,3,41,34,15,73,0,83,0,0,0,0,0,0,1,0,13,0,54,84,61,89,91
l17,14=0,0,0,0,0,0,0,0,0,75,0,58,100,96,80,59,57,0,0,88,58,45,68,75,96,40,0,0,0,0,0,0,0,0,7,40,54,0,88,0
l18,14=0,0,0,0,0,0,0,0,0,0,0,0,0,0,0,0,18,0,0,74,85,0,65,0,0,0,0,0,0,0,0,0,0,0,0,0,0,0,0,0
l19,14=0,0,0,0,0,0,0,0,5,0,0,29,14,7,0,36,12,10,50,0,95,71,85,0,0,0,1,0,0,35,0,1,0,0,0,63,73,69,59,93
l20,14=0,0,0,0,0,0,0,0,47,75,0,40,70,0,0,51,18,21,34,97,0,89,98,0,36,0,3,0,0,0,0,0,0,0,35,70,90,55,92,95
l21,14=0,0,0,0,0,0,0,0,82,73,9,46,9,68,69,50,36,21,0,97,96,0,98,0,60,0,0,0,0,0,0,0,0,0,0,65,73,64,87,91
l22,14=0,0,0,0,0,0,32,0,42,0,0,48,56,0,0,1,39,27,36,88,95,89,0,0,9,0,22,0,0,1,0,0,0,0,0,68,87,71,89,96
l23,14=0,0,0,0,40,0,0,0,34,22,0,32,50,37,95,39,0,36,0,0,0,0,0,0,39,99,0,0,0,0,0,0,43,31,30,0,0,0,20,0
l24,14=0,0,0,0,0,0,0,0,94,0,0,55,100,89,96,54,55,81,0,0,15,10,0,89,0,58,0,0,0,0,0,0,0,15,21,0,32,0,0,0
l25,14=0,0,0,0,3,0,0,0,0,0,0,0,100,86,74,54,0,73,0,0,0,0,0,98,94,0,0,0,5,5,0,0,84,55,59,0,0,0,0,0
l26,14=0,0,0,0,0,0,0,0,0,0,0,0,0,0,0,0,0,0,0,2,53,0,52,0,0,0,0,85,100,42,97,98,95,89,87,0,0,0,0,0
l27,14=0,0,0,0,0,0,0,0,0,0,0,0,0,0,0,0,0,0,0,0,0,0,0,0,0,0,91,0,100,99,100,87,92,83,49,0,0,0,0,0
l28,14=0,0,0,0,0,0,0,0,0,0,0,0,0,0,0,0,0,0,0,0,0,0,15,0,0,31,100,99,0,99,100,98,99,98,98,0,0,0,0,0
l29,14=0,0,0,0,0,0,0,0,0,0,0,0,0,0,0,0,0,0,0,83,0,0,0,0,0,0,88,99,100,0,100,87,92,0,87,0,0,0,0,0
l30,14=0,0,0,0,0,0,0,0,0,0,0,0,0,0,0,0,0,0,0,0,0,0,0,0,0,0,93,99,100,99,0,88,73,89,0,0,0,0,0,0
l31,14=0,0,0,0,0,0,0,0,0,0,0,0,0,0,0,0,2,0,0,0,0,0,0,0,0,0,100,84,100,64,79,0,100,100,100,0,0,0,0,0
l32,14=0,0,0,0,0,0,0,0,0,0,0,0,0,0,79,0,0,0,0,1,1,0,0,72,0,56,100,90,97,95,67,100,0,100,100,0,0,0,0,0
l33,14=0,0,0,0,0,0,0,0,0,0,0,0,99,0,84,0,52,0,0,0,0,0,0,80,72,98,100,69,100,0,93,100,100,0,100,0,0,0,0,0
l34,14=0,0,0,0,0,0,0,0,0,0,0,0,0,0,0,0,23,27,0,0,86,0,0,69,81,97,99,56,99,98,21,100,100,100,0,0,0,0,0,0
l35,14=0,0,0,0,0,0,0,0,0,0,0,12,32,0,0,0,36,3,0,53,37,71,76,0,0,0,0,0,0,0,0,0,0,0,0,0,95,85,90,90
l36,14=0,0,0,0,0,0,0,0,0,0,0,25,1,0,3,1,34,3,0,53,50,14,63,0,23,0,0,0,0,0,0,0,0,0,0,94,0,80,90,90
l37,14=0,0,0,0,0,0,0,0,0,0,0,0,0,0,0,0,23,0,0,52,22,33,62,0,0,0,0,0,0,0,0,0,0,0,0,76,81,0,83,87
l38,14=0,0,0,0,0,0,0,0,0,0,0,27,0,0,39,22,31,21,0,39,49,17,66,11,2,0,0,0,0,0,0,0,0,0,0,78,95,69,0,94
l39,14=0,0,0,0,0,0,0,0,0,0,0,0,0,0,0,0,35,0,0,70,49,42,65,0,0,0,0,0,0,0,0,0,0,0,0,67,84,69,86,0

l0,15=0,91,81,100,84,90,85,89,33,78,74,0,0,0,0,0,0,0,0,0,0,0,0,0,0,0,0,0,0,0,0,0,0,0,0,0,0,0,0,0
l1,15=77,0,81,89,83,87,77,87,32,8,64,0,3,82,0,0,0,0,0,0,0,0,0,0,0,0,0,0,0,0,0,0,0,0,0,0,0,0,0,0
l2,15=82,88,0,82,90,95,80,94,57,84,64,6,0,77,0,1,0,0,0,0,0,0,0,0,0,0,0,0,0,0,0,0,0,0,0,0,0,0,0,0
l3,15=100,95,82,0,99,85,77,80,0,0,80,0,0,0,0,0,0,0,0,0,0,0,0,0,0,0,0,0,0,0,0,0,0,0,0,0,0,0,0,0
l4,15=74,87,70,91,0,87,4,40,49,77,81,0,0,40,0,0,0,0,0,0,0,0,0,31,0,0,0,0,0,0,0,0,0,0,0,0,0,0,0,0
l5,15=92,100,90,85,98,0,60,91,14,85,89,0,23,40,1,1,0,0,0,0,0,0,0,0,0,0,0,0,0,0,0,0,0,0,0,0,0,0,0,0
l6,15=81,83,77,79,75,75,0,93,16,87,88,86,76,59,0,46,56,0,0,0,0,0,33,0,0,0,0,0,0,0,0,0,0,0,0,0,0,0,0,0
l7,15=80,62,81,77,73,83,85,0,83,90,99,52,0,0,4,0,77,0,0,0,0,0,0,0,0,0,0,0,0,0,0,0,0,0,0,0,0,0,0,0
l8,15=54,42,60,55,73,70,62,92,0,90,90,83,92,90,43,73,0,0,0,77,50,53,54,0,81,0,0,0,0,0,0,0,0,0,0,0,0,0,0,0
l9,15=76,22,67,1,71,76,82,95,97,0,99,44,21,92,45,48,55,45,0,0,88,68,0,0,0,0,0,0,0,0,0,0,0,0,0,0,0,0,0,0
l10,15=79,82,44,72,77,76,76,96,56,100,0,26,84,85,43,0,41,0,0,0,0,2,0,0,0,0,0,0,0,0,0,0,0,0,0,0,0,0,0,0
l11,15=0,0,0,0,0,0,82,63,59,54,47,0,94,99,83,96,58,62,0,80,63,61,61,77,82,52,0,0,0,0,0,0,0,0,0,13,77,0,57,0
l12,15=0,0,0,0,0,0,15,0,55,14,79,84,0,96,87,47,54,63,0,23,63,0,41,73,77,84,0,0,0,0,0,0,0,0,0,0,69,19,0,0
l13,15=0,66,19,0,7,38,33,47,86,96,88,98,97,0,46,89,80,83,0,0,0,19,0,71,71,52,0,0,0,0,0,0,0,0,0,0,0,0,0,0
l14,15=0,0,0,0,0,0,0,0,17,33,63,81,93,83,0,47,54,55,0,0,0,0,0,93,91,56,0,0,0,0,0,0,0,74,0,0,38,0,46,0
l15,15=0,0,0,0,1,61,67,0,57,59,13,100,93,98,84,0,59,63,0,0,64,61,0,75,87,29,0,0,0,0,0,0,0,0,0,61,3,0,49,3
l16,15=0,0,0,0,0,0,0,43,4,50,29,86,79,88,88,56,0,62,67,85,58,55,61,0,73,4,0,0,0,0,0,29,0,57,0,62,74,64,48,37
l17,15=0,0,0,0,0,0,0,0,0,53,0,96,96,99,79,56,62,0,0,87,66,62,59,93,96,49,0,0,0,0,0,0,43,7,76,32,83,0,74,0
l18,15=0,0,0,0,0,0,0,0,0,0,0,0,0,0,0,0,85,0,0,73,75,9,68,0,0,0,0,0,0,0,0,0,0,0,0,0,0,0,0,0
l19,15=0,0,0,0,0,0,0,0,29,0,0,66,67,0,0,0,61,50,43,0,97,93,92,0,0,0,45,0,0,69,0,0,0,0,0,67,59,69,57,44
l20,15=0,0,0,0,0,0,0,0,14,58,0,91,93,0,0,51,60,66,48,99,0,99,98,0,1,0,0,0,0,0,0,0,0,0,0,86,91,89,75,59
l21,15=0,0,0,0,0,0,0,0,43,55,7,90,0,46,0,55,60,67,0,99,98,0,98,0,46,0,0,0,0,0,0,0,0,0,46,91,93,64,49,50
l22,15=0,0,0,0,0,0,0,0,35,0,0,74,70,0,0,0,94,53,63,96,97,99,0,0,0,0,0,0,0,67,0,0,0,0,0,74,94,18,95,89
l23,15=0,0,0,0,67,0,0,0,0,5,0,84,96,43,87,83,0,57,0,0,0,0,0,0,75,97,0,0,0,0,0,0,53,79,56,0,0,0,0,0
l24,15=0,0,0,0,0,0,0,0,55,0,0,85,96,88,98,49,55,59,0,0,6,3,0,75,0,47,0,0,0,0,0,0,49,66,10,0,0,0,0,0
l25,15=0,0,0,0,0,0,0,0,0,0,0,85,96,78,81,43,7,56,0,0,0,0,0,93,85,0,29,0,55,0,0,42,46,71,76,0,0,0,0,0
l26,15=0,0,0,0,0,0,0,0,0,0,0,0,0,0,0,0,0,0,0,66,0,0,10,0,0,47,0,85,96,81,97,97,66,75,84,0,0,0,0,0
l27,15=0,0,0,0,0,0,0,0,0,0,0,0,0,0,0,0,0,0,0,0,0,0,0,0,0,0,91,0,96,84,97,87,71,81,81,0,0,0,0,0
l28,15=0,0,0,0,0,0,0,0,0,0,0,0,0,0,0,0,0,0,0,0,0,0,0,0,0,36,98,95,0,83,97,92,70,93,88,0,0,0,0,0
l29,15=0,0,0,0,0,0,0,0,0,0,0,0,0,0,0,0,0,0,0,69,0,0,78,0,0,0,93,95,96,0,96,88,72,82,86,0,0,0,0,0
l30,15=0,0,0,0,0,0,0,0,0,0,0,0,0,0,0,0,0,0,0,0,0,0,0,0,0,0,93,95,96,84,0,89,73,93,0,0,0,0,0,0
l31,15=0,0,0,0,0,0,0,0,0,0,0,0,0,0,37,0,40,0,0,0,0,0,0,0,0,43,98,71,92,81,88,0,86,98,97,0,0,0,0,0
l32,15=0,0,0,0,0,0,0,0,0,0,0,0,71,0,0,0,0,2,0,0,13,0,0,80,63,50,92,85,93,83,90,97,0,98,97,0,0,0,0,0
l33,15=0,0,0,0,0,0,0,0,0,0,0,0,72,0,78,0,80,0,0,0,0,0,0,90,54,44,58,52,89,60,74,97,86,0,97,0,0,0,0,0
l34,15=0,0,0,0,0,0,0,0,0,0,0,0,4,0,0,0,0,80,0,0,0,73,0,62,48,58,96,65,74,68,0,97,86,98,0,0,0,0,0,0
l35,15=0,0,0,0,0,0,0,0,0,0,0,0,11,0,0,67,75,0,0,68,77,74,66,0,0,0,0,0,0,0,0,0,0,0,0,0,94,91,85,88
l36,15=0,0,0,0,0,0,0,0,0,0,0,71,63,0,58,0,54,24,0,63,55,46,49,0,0,0,0,0,0,0,0,0,0,0,0,99,0,92,99,58
l37,15=0,0,0,0,0,0,0,0,0,0,0,0,10,0,0,0,55,0,0,79,56,0,40,0,0,0,0,0,0,0,0,0,0,0,0,83,89,0,63,58
l38,15=0,0,0,0,0,0,0,0,0,0,0,87,0,0,78,54,60,68,0,89,66,24,64,0,0,0,0,0,0,0,0,0,0,0,0,97,97,96,0,63
l39,15=0,0,0,0,0,0,0,0,0,0,0,0,0,0,0,15,53,0,0,74,60,43,49,0,0,0,0,0,0,0,0,0,0,0,0,84,91,93,57,0

