n=41

l0,0=0,93,90,95,93,94,86,86,85,85,85,84,78,76,0,71,72,0,0,0,0,0,0,0,0,45,0,75,75,0,0,0,0,0,0,0,0,0,0,0,0
l1,0=89,0,90,96,88,94,93,81,53,85,49,89,37,45,65,80,0,0,0,0,0,0,0,0,0,18,0,2,77,0,0,0,0,0,0,0,0,5,0,0,0
l2,0=90,94,0,82,89,94,93,88,85,86,85,90,0,79,74,57,81,84,0,0,0,0,25,73,0,25,0,74,73,0,0,0,0,0,0,0,0,0,0,0,0
l3,0=89,94,90,0,93,94,92,88,71,86,80,79,77,76,74,0,69,0,0,0,0,0,0,0,0,66,0,78,71,0,0,0,0,0,0,0,0,68,0,0,0
l4,0=90,90,84,97,0,94,91,87,56,39,50,81,44,54,0,0,0,0,0,0,0,0,0,0,0,73,0,77,72,0,0,0,0,0,0,0,0,0,0,0,0
l5,0=90,94,90,87,93,0,92,84,53,51,85,49,47,48,61,74,0,74,0,0,0,0,0,0,0,0,0,75,0,0,0,0,0,0,0,0,0,42,48,0,0
l6,0=85,90,90,89,90,90,0,90,85,86,84,85,86,67,64,80,85,80,1,84,54,0,24,76,62,0,0,0,0,0,0,0,0,0,0,0,0,0,0,0,12
l7,0=86,20,85,77,89,85,91,0,85,85,84,86,86,81,58,79,34,52,39,0,53,22,23,29,7,34,0,0,64,0,0,0,0,0,0,0,0,0,0,0,15
l8,0=59,29,35,21,83,72,82,86,0,49,88,50,48,81,67,80,81,87,25,67,54,24,47,83,41,12,0,49,71,0,0,0,0,0,0,0,0,0,0,30,0
l9,0=85,88,85,81,74,90,93,90,84,0,88,90,86,81,68,78,81,88,34,26,0,25,19,55,47,16,0,44,34,0,0,0,0,0,0,0,0,0,0,55,0
l10,0=85,51,85,78,82,89,87,86,90,86,0,90,87,81,69,80,81,92,0,0,48,9,38,83,75,33,0,39,65,0,21,0,0,0,0,0,0,0,0,0,13
l11,0=69,94,90,79,87,80,93,90,43,86,88,0,88,87,69,80,78,88,36,19,52,0,26,0,0,21,0,14,36,0,0,0,0,0,0,0,0,0,0,25,19
l12,0=32,5,0,52,60,47,56,73,11,46,55,51,0,79,74,90,85,93,0,39,44,20,26,42,27,25,0,80,53,0,39,0,1,0,0,0,0,22,45,77,32
l13,0=0,0,12,69,0,47,72,46,34,39,44,45,55,0,0,90,88,98,0,0,36,25,7,76,0,9,0,92,85,31,9,0,5,0,23,48,32,50,73,75,33
l14,0=29,11,7,0,3,49,51,25,62,32,50,82,92,82,82,0,88,94,39,0,36,29,21,54,27,85,18,54,65,0,0,70,0,0,0,0,0,21,48,49,37
l15,0=32,0,21,9,0,0,71,21,53,38,48,37,91,19,85,89,0,99,81,79,58,52,91,90,82,62,0,40,66,0,36,0,32,0,1,41,34,50,61,82,19
l16,0=0,0,22,0,0,48,61,63,55,48,78,44,92,80,85,89,88,0,57,70,56,50,87,89,38,73,0,85,79,0,42,67,0,0,0,0,1,84,56,70,89
l17,0=0,0,0,0,0,0,10,61,60,46,0,61,0,81,0,76,85,82,0,99,92,83,91,86,97,80,12,0,0,82,79,0,88,76,49,76,64,0,0,82,74
l18,0=0,0,0,0,0,0,91,0,87,12,0,0,54,85,0,0,85,93,85,0,89,83,88,90,97,0,79,0,0,33,92,72,8,48,0,43,1,0,0,88,67
l19,0=0,0,0,0,0,0,62,59,66,0,56,59,72,75,44,70,75,73,84,75,0,83,83,91,97,0,23,0,14,86,92,19,58,71,68,76,64,75,69,72,91
l20,0=0,0,0,0,0,0,0,37,69,38,22,0,71,74,71,83,84,87,75,90,92,0,92,91,90,26,93,0,45,77,69,87,5,48,1,81,21,0,54,84,91
l21,0=0,0,13,0,0,0,54,58,78,25,43,69,80,78,48,54,85,87,84,70,81,84,0,90,90,17,74,27,49,48,85,72,47,21,1,42,78,38,37,89,91
l22,0=0,0,23,0,0,0,64,30,72,31,66,0,73,74,53,80,84,80,60,90,94,84,92,0,90,15,17,46,0,83,81,42,1,55,34,51,60,70,70,89,91
l23,0=0,0,0,0,0,0,46,23,55,43,39,23,70,84,0,70,82,62,84,98,92,83,90,90,0,0,91,14,0,75,76,69,98,71,42,96,72,49,61,86,73
l24,0=35,0,21,72,69,51,0,0,11,14,18,4,69,10,85,78,64,85,0,0,0,0,4,21,0,0,82,0,85,47,90,97,44,17,38,56,88,85,82,20,5
l25,0=45,18,25,66,73,0,0,34,12,16,33,21,25,9,85,62,73,80,0,0,26,17,15,0,0,0,0,92,0,73,59,0,43,30,42,52,85,97,85,2,3
l26,0=0,0,0,0,0,0,0,0,0,0,0,0,0,0,18,0,0,12,79,23,93,74,17,91,82,0,0,85,84,0,97,0,100,99,100,97,97,97,93,0,1
l27,0=0,0,0,0,0,0,0,0,0,0,0,0,13,0,0,0,48,17,35,27,89,23,85,56,27,92,85,90,82,97,0,90,100,99,100,97,97,97,93,16,2
l28,0=0,0,0,0,0,0,0,0,0,0,0,0,0,0,11,0,61,0,55,28,46,34,5,15,90,0,84,81,72,97,97,79,0,99,100,97,97,97,93,0,0
l29,0=0,0,0,0,0,0,0,0,0,0,0,0,0,0,0,0,0,0,50,28,86,61,10,35,81,73,0,47,75,97,97,97,100,0,100,97,97,80,65,17,0
l30,0=0,0,0,0,0,0,0,0,0,0,0,0,0,0,26,0,0,0,28,0,77,0,0,34,43,59,97,67,70,97,97,97,100,99,0,92,91,93,27,0,0
l31,0=0,0,0,0,0,0,0,0,0,0,0,0,0,0,70,0,67,0,72,19,87,72,42,69,97,0,0,90,79,97,97,0,100,99,99,0,97,97,93,30,12
l32,0=0,0,0,0,0,0,0,0,0,0,0,0,0,2,20,0,74,6,27,4,49,10,49,31,27,43,100,92,85,97,97,100,100,99,99,97,0,97,93,0,0
l33,0=0,0,0,33,0,37,0,0,0,0,0,0,39,10,43,55,84,79,0,0,39,0,21,31,18,30,99,83,85,93,97,99,96,41,75,97,97,0,93,0,1
l34,0=0,0,0,0,0,40,0,0,0,0,0,0,28,8,85,56,78,59,3,0,60,22,13,49,22,42,100,92,85,96,97,99,100,76,45,97,97,97,0,17,0
l35,0=0,0,0,0,0,0,0,0,57,39,0,0,79,68,59,73,77,69,62,76,71,64,91,84,80,52,97,41,0,0,57,0,0,26,0,52,0,0,2,0,91
l36,0=0,0,0,0,0,0,2,1,0,1,9,10,77,69,52,75,46,80,29,32,86,82,91,90,26,85,97,13,24,1,30,97,0,0,0,56,0,11,0,89,0
l37,0=0,0,0,0,0,0,0,0,0,0,19,0,64,64,0,63,76,76,54,71,85,81,83,86,83,97,97,35,32,0,0,97,0,0,0,0,0,0,0,89,91
l38,0=0,0,0,0,0,0,0,21,26,24,0,55,88,79,74,89,85,91,42,34,92,83,91,90,85,85,93,25,53,0,39,93,0,0,0,0,2,22,0,89,91
l39,0=0,0,0,0,0,0,0,0,0,0,0,0,65,52,48,39,61,75,66,4,86,83,89,90,80,2,0,0,0,0,0,30,0,21,0,21,0,0,0,89,91
l40,0=0,0,0,0,0,0,0,0,30,0,0,0,0,3,37,69,76,67,52,75,85,81,90,80,84,3,1,0,0,50,66,12,1,0,0,39,0,0,0,87,89

l0,1=0,92,94,88,91,89,86,87,80,85,87,90,69,75,0,0,0,0,0,0,0,0,0,0,0,0,0,69,0,0,0,0,0,0,0,0,0,0,0,0,0
l1,1=93,0,94,81,91,88,92,87,79,81,78,88,66,70,0,3,52,44,0,0,0,35,0,0,0,0,0,70,0,0,0,0,0,0,0,0,0,6,0,0,0
l2,1=93,92,0,86,89,89,92,92,76,84,87,89,62,73,71,71,52,63,0,0,0,0,61,2,0,6,0,63,38,0,0,0,0,0,0,0,0,0,0,0,0
l3,1=93,92,94,0,91,89,91,87,71,79,83,74,69,72,78,76,51,40,0,0,0,0,0,0,0,7,0,74,70,0,0,0,0,0,0,0,0,0,0,0,0
l4,1=91,92,91,89,0,89,86,87,72,79,87,87,0,66,74,59,0,0,0,0,0,0,0,0,0,35,0,73,58,0,0,0,0,0,0,0,0,0,0,0,0
l5,1=92,89,92,83,91,0,76,86,80,65,53,53,74,75,44,40,0,0,0,0,0,0,0,0,0,0,0,72,0,0,7,0,0,0,0,0,0,37,30,0,0
l6,1=81,89,94,83,89,88,0,92,79,86,86,88,77,75,58,78,69,0,62,57,60,61,71,70,27,7,0,57,22,0,0,0,0,0,0,0,0,0,0,7,0
l7,1=86,87,88,63,87,87,91,0,80,85,86,88,76,73,67,78,48,42,32,0,0,73,0,50,22,59,0,0,40,0,0,0,0,0,0,0,0,0,0,4,47
l8,1=79,82,48,32,50,86,62,86,0,81,89,88,66,76,77,76,68,55,25,62,0,6,81,74,64,59,0,72,33,0,3,0,0,0,0,0,0,0,0,44,68
l9,1=86,87,88,76,83,86,91,92,80,0,89,90,76,76,73,78,69,75,0,0,23,49,80,72,0,35,0,39,50,0,0,0,0,0,0,0,0,0,0,0,59
l10,1=87,84,87,36,88,87,80,87,82,86,0,90,76,76,82,78,69,78,42,0,55,61,81,74,61,0,0,39,0,0,0,0,0,0,0,0,0,0,0,26,50
l11,1=86,89,89,24,87,85,91,93,80,86,89,0,76,75,61,78,58,39,34,46,43,66,80,63,45,6,0,40,30,0,0,0,0,0,0,0,0,0,0,14,0
l12,1=61,60,33,18,0,41,72,73,63,68,77,67,0,77,76,86,71,81,40,56,42,43,78,60,47,36,0,70,33,0,0,34,0,0,0,60,0,19,18,69,77
l13,1=0,0,5,6,39,46,6,63,42,27,28,15,71,71,0,75,73,47,3,0,54,73,70,62,56,48,0,84,62,0,10,0,0,28,42,68,33,38,19,40,38
l14,1=0,0,24,17,24,24,41,69,68,58,49,43,84,76,77,0,63,84,24,55,52,72,19,70,47,86,14,60,18,0,0,69,0,0,0,0,35,19,15,40,69
l15,1=0,42,23,0,0,0,43,50,68,50,43,17,74,71,80,78,0,87,51,61,4,87,90,82,75,30,0,64,54,10,14,0,42,0,0,62,54,38,35,76,87
l16,1=0,60,38,0,0,0,0,63,64,47,45,38,82,73,76,82,81,0,43,56,56,69,75,67,59,63,57,66,52,0,37,57,0,0,0,61,0,35,2,68,86
l17,1=0,0,0,0,0,0,65,44,52,1,55,51,56,67,51,54,73,73,0,95,83,80,89,74,88,43,18,0,0,66,70,30,53,60,56,78,50,0,44,80,69
l18,1=0,0,0,0,0,0,61,0,66,0,0,52,52,67,0,70,73,52,91,0,81,85,86,76,84,0,64,0,0,0,70,74,10,36,0,23,37,0,0,79,83
l19,1=0,0,0,0,0,0,65,0,0,28,58,30,60,62,60,66,2,62,80,81,0,86,0,82,87,0,0,0,0,68,66,37,48,65,65,75,64,52,23,73,76
l20,1=0,1,0,0,0,0,56,64,25,50,56,58,63,68,74,74,74,77,81,86,85,0,90,82,76,0,84,0,28,49,0,75,63,40,56,74,57,30,54,73,90
l21,1=0,0,31,0,0,0,39,0,70,62,73,69,67,69,70,40,74,79,86,86,0,87,0,82,76,22,67,0,51,28,70,77,34,43,40,57,65,28,51,87,83
l22,1=0,0,0,0,0,0,63,45,62,54,59,39,41,59,61,68,74,73,79,78,85,87,90,0,82,38,55,44,0,71,72,63,57,46,48,62,60,5,51,84,90
l23,1=0,0,0,0,0,0,34,26,61,0,63,39,56,61,62,67,72,68,88,87,85,81,85,77,0,1,80,0,0,66,69,67,73,66,60,83,69,1,32,80,83
l24,1=50,58,35,32,50,49,35,0,62,37,35,11,63,72,86,66,28,15,0,0,0,0,0,33,0,0,68,0,83,13,49,86,55,1,39,63,87,79,85,0,0
l25,1=0,0,6,7,35,0,7,59,59,35,0,6,36,48,86,30,63,43,0,0,0,22,38,1,0,0,0,84,0,40,42,0,55,53,32,73,64,80,52,0,0
l26,1=0,0,0,0,0,0,0,0,0,0,0,0,0,0,14,0,57,18,64,0,84,67,55,80,68,0,0,64,74,0,84,0,93,92,99,93,93,80,78,43,0
l27,1=0,0,0,0,0,0,0,0,9,0,0,0,0,0,35,0,20,16,47,45,72,0,45,73,71,84,64,83,67,81,0,73,93,92,98,93,93,80,92,1,50
l28,1=0,0,0,0,0,0,0,0,0,0,0,0,0,0,0,0,57,0,50,29,49,68,18,61,84,0,74,64,67,81,84,69,0,92,99,93,83,80,92,0,0
l29,1=0,0,0,0,0,0,0,0,0,0,0,0,0,0,22,0,0,0,49,33,58,29,34,50,54,40,0,0,58,81,84,81,93,0,99,93,93,65,87,0,0
l30,1=0,0,0,0,0,0,0,0,0,0,0,0,0,0,28,0,0,0,39,0,44,62,28,44,31,42,84,38,0,81,74,84,93,92,0,89,83,70,44,0,0
l31,1=0,0,0,0,0,0,0,0,0,0,0,0,34,0,69,0,57,30,74,37,75,77,63,67,86,0,0,73,69,81,84,0,93,92,96,0,93,80,92,57,0
l32,1=0,0,0,0,0,0,0,0,0,0,0,0,0,0,44,45,38,0,13,33,63,37,43,47,69,55,93,84,78,81,84,93,83,92,88,93,0,80,92,0,0
l33,1=0,0,0,0,0,32,0,0,0,0,0,0,32,30,82,54,44,45,0,0,52,14,16,2,0,53,92,84,83,80,84,92,88,68,92,89,91,0,92,0,0
l34,1=0,0,0,0,0,34,0,0,0,0,0,0,28,0,62,52,41,6,12,0,41,47,38,50,47,32,99,84,83,81,84,96,93,86,46,93,93,80,0,0,0
l35,1=0,0,0,0,0,0,0,0,46,0,28,1,64,49,58,55,67,57,67,70,66,66,89,79,71,73,93,0,0,33,7,0,0,0,0,51,0,0,0,0,90
l36,1=0,0,0,0,0,0,0,9,40,33,26,0,64,26,34,66,72,78,38,64,66,85,87,80,72,64,93,0,0,0,39,93,0,0,0,0,0,0,0,87,0
l37,1=0,0,0,0,0,0,0,0,43,0,0,0,62,18,34,64,66,66,69,53,5,84,87,75,70,80,80,0,0,0,0,80,0,0,0,0,0,0,0,86,89
l38,1=0,0,0,0,0,0,1,52,55,36,0,20,71,68,66,67,71,71,59,47,73,86,86,76,71,52,78,0,29,0,0,92,0,4,0,49,34,0,1,88,92
l39,1=0,0,0,0,0,0,0,0,0,0,0,0,51,50,62,46,66,59,69,68,74,85,89,80,66,0,43,0,0,0,0,57,38,3,0,0,0,0,0,87,90
l40,1=0,0,0,0,0,0,0,0,43,0,0,0,52,49,39,30,61,54,68,61,79,84,82,72,72,0,0,0,0,52,42,0,33,0,0,53,0,0,0,83,89

l0,2=0,94,90,96,84,89,79,89,79,76,79,85,0,75,65,0,39,0,0,0,0,0,0,0,0,0,0,0,0,0,0,0,0,0,0,0,0,0,0,0,0
l1,2=83,0,90,92,88,89,82,92,79,79,83,85,65,77,62,73,61,66,0,0,0,0,0,0,0,41,0,76,65,0,0,0,0,0,0,0,0,0,0,0,0
l2,2=82,94,0,95,76,89,83,88,83,75,88,82,67,67,65,68,63,65,0,0,0,0,60,0,0,46,0,71,63,0,0,0,0,0,0,0,0,0,0,0,0
l3,2=84,94,90,0,88,0,82,85,83,74,85,83,37,72,0,71,0,41,0,0,0,0,0,0,0,37,0,75,72,0,0,0,0,0,0,0,0,0,0,0,0
l4,2=80,94,86,96,0,89,82,87,79,71,79,80,66,74,62,74,0,0,0,0,0,0,0,0,0,52,0,77,68,0,0,0,0,0,0,0,0,0,0,0,0
l5,2=77,94,86,0,88,0,79,85,83,71,85,84,70,58,0,70,58,7,0,0,0,0,0,0,0,50,0,76,72,0,0,0,0,0,0,0,0,0,0,0,0
l6,2=70,87,90,84,77,82,0,86,83,75,85,83,71,77,0,80,69,0,27,57,64,0,49,57,49,47,0,53,53,0,0,0,0,0,0,0,0,0,0,0,0
l7,2=71,84,83,82,75,82,81,0,83,80,85,86,71,72,71,80,66,59,50,0,0,77,52,44,62,55,0,48,60,0,0,0,0,0,0,0,0,0,0,0,60
l8,2=61,81,76,64,67,82,74,86,0,74,88,84,66,81,58,81,71,72,0,60,55,63,78,72,67,61,0,0,66,0,0,0,0,0,0,0,0,8,0,53,51
l9,2=71,83,82,73,74,82,81,89,83,0,88,85,71,79,61,80,67,73,71,66,47,3,78,71,0,44,0,70,56,0,0,0,0,0,0,0,0,0,0,50,70
l10,2=70,83,82,81,74,82,78,84,85,80,0,85,71,79,69,80,71,76,0,55,49,81,79,68,77,41,0,10,54,0,0,0,0,0,0,0,0,0,15,44,60
l11,2=71,83,71,80,69,82,81,92,83,80,88,0,71,80,51,71,61,62,0,0,58,67,48,0,0,43,0,49,53,0,0,0,0,0,0,0,0,0,0,0,36
l12,2=0,57,58,1,57,52,74,75,78,69,77,74,0,83,48,90,81,87,61,60,65,73,79,73,64,69,0,77,69,0,0,47,0,0,0,56,59,60,3,61,74
l13,2=42,55,46,0,35,0,0,58,69,54,72,57,24,73,0,80,82,86,50,0,14,77,74,27,1,70,0,90,81,0,65,0,0,0,0,55,57,77,36,35,53
l14,2=0,57,55,46,57,51,74,69,80,71,77,60,85,76,63,0,64,87,61,60,64,87,56,63,65,85,0,68,62,0,24,44,0,0,0,0,45,55,0,60,0
l15,2=2,40,54,0,0,38,61,53,76,51,64,49,80,64,84,66,0,87,88,62,75,91,87,81,70,63,0,82,74,41,0,0,13,0,0,47,56,53,62,63,79
l16,2=0,56,56,0,0,1,0,53,68,54,65,58,85,83,80,90,82,0,61,48,58,79,81,63,67,77,54,63,68,30,58,56,0,0,0,53,0,64,61,68,73
l17,2=0,0,0,0,0,0,30,47,0,52,0,0,62,72,33,65,75,66,0,93,83,79,88,75,89,75,39,0,0,74,70,47,64,0,61,64,0,28,36,74,76
l18,2=0,0,0,0,0,0,54,0,63,50,62,0,53,72,0,67,72,27,96,0,83,81,79,75,82,0,78,0,0,0,0,52,0,19,0,0,0,0,0,80,79
l19,2=0,0,0,0,0,0,54,0,52,40,39,51,62,65,3,70,68,60,82,69,0,90,84,81,89,0,8,0,0,72,69,0,0,74,56,70,69,63,0,77,75
l20,2=0,0,0,0,0,0,0,52,50,13,69,47,66,66,59,81,77,76,79,78,87,0,89,80,78,0,87,0,0,14,38,83,51,0,51,73,49,7,70,84,85
l21,2=0,0,50,0,0,0,48,42,78,59,71,48,73,72,66,46,75,77,83,79,83,91,0,81,77,7,17,46,58,65,58,76,0,37,48,27,53,73,63,84,83
l22,2=0,0,0,0,0,0,49,14,73,43,50,0,72,71,35,48,79,61,81,64,91,90,89,0,80,63,70,0,41,65,71,2,62,70,44,41,57,59,54,84,85
l23,2=0,0,0,0,0,0,47,52,62,3,66,0,59,63,27,75,75,67,96,80,91,84,82,76,0,33,75,0,0,74,76,34,72,71,58,76,64,51,48,81,84
l24,2=0,64,59,57,61,56,58,46,0,54,7,46,70,76,84,70,77,67,0,0,0,0,58,0,0,0,77,0,81,62,84,79,63,54,60,77,87,86,87,0,34
l25,2=0,41,46,37,52,50,47,55,61,44,41,43,69,70,85,63,77,75,0,0,0,7,63,33,0,0,0,90,0,68,86,0,66,53,51,80,75,86,90,0,31
l26,2=0,0,0,0,0,0,0,0,0,0,0,0,0,0,0,0,54,39,78,8,87,17,70,75,77,0,0,66,73,0,94,0,95,99,95,88,90,85,92,49,0
l27,2=0,0,0,0,0,0,0,0,0,0,0,0,0,48,48,9,0,46,63,24,86,52,59,70,80,90,66,90,80,87,0,79,95,99,95,88,90,86,93,61,49
l28,2=0,0,0,0,0,0,0,0,0,0,0,0,0,0,0,0,51,0,70,0,0,67,0,65,85,0,73,67,65,87,94,81,0,99,95,88,89,86,93,19,0
l29,2=0,0,0,0,0,0,0,0,0,0,0,0,0,0,0,0,0,0,0,47,90,0,62,68,77,68,0,58,58,87,94,87,95,0,95,88,90,59,93,0,0
l30,2=0,0,0,0,0,0,0,0,0,0,0,0,0,0,0,0,0,0,64,0,72,68,64,28,62,86,94,73,55,87,94,94,95,99,0,88,90,86,86,0,0
l31,2=0,0,0,0,0,0,0,0,0,0,0,0,47,0,44,0,56,47,52,0,83,76,2,34,79,0,0,79,81,87,94,0,95,99,93,0,90,86,93,54,14
l32,2=0,0,0,0,0,0,0,0,0,0,0,0,45,48,43,46,57,0,0,0,69,51,52,43,62,66,95,86,74,87,94,95,89,99,92,88,0,86,93,0,0
l33,2=0,0,0,0,0,0,0,0,0,0,0,0,61,46,72,54,58,77,2,5,79,13,78,70,57,53,99,90,81,84,92,99,92,57,84,88,90,0,93,1,8
l34,2=0,0,0,0,0,0,0,0,0,0,37,0,6,47,54,28,76,54,46,0,0,80,78,53,55,51,95,90,81,86,94,93,94,95,85,88,90,86,0,51,0
l35,2=0,0,0,0,0,0,0,0,41,32,18,0,56,66,35,64,63,67,57,67,75,78,85,79,71,80,88,0,0,21,47,0,0,0,0,39,0,0,6,0,87
l36,2=0,0,0,0,0,0,0,39,34,42,36,12,70,64,33,0,73,74,67,72,74,88,78,79,77,75,90,9,6,0,39,90,0,0,0,1,0,3,0,86,0
l37,2=0,0,0,0,0,0,0,0,9,0,0,0,63,45,0,77,66,57,71,57,71,85,79,74,60,86,85,0,0,0,0,86,0,0,0,0,0,0,0,86,85
l38,2=0,0,0,0,0,0,24,24,60,35,36,51,72,69,61,62,76,71,73,46,79,85,82,76,76,90,92,45,41,0,0,93,0,28,0,44,0,26,0,86,87
l39,2=0,0,0,0,0,0,0,0,0,0,8,0,58,0,42,63,67,37,62,66,75,86,78,75,60,0,49,0,0,64,0,54,0,8,36,40,0,0,0,84,86
l40,2=0,0,0,0,0,0,0,0,0,0,0,0,57,50,0,54,62,51,72,58,78,76,77,74,75,31,0,0,0,43,0,14,6,0,0,44,0,0,0,84,80

l0,3=0,96,87,94,92,98,89,97,0,85,92,95,85,0,0,14,0,0,0,0,0,0,0,0,0,0,0,0,0,0,0,0,0,0,0,0,0,0,0,0,0
l1,3=98,0,93,94,92,98,91,93,89,91,92,90,82,89,75,56,76,83,0,0,0,73,0,0,0,66,0,85,55,0,0,0,0,0,0,0,0,0,0,0,0
l2,3=94,94,0,88,89,89,92,97,89,90,92,93,87,93,76,34,77,75,0,0,48,0,0,68,0,3,0,83,5,0,0,0,0,0,0,0,0,0,0,0,0
l3,3=98,96,92,0,92,96,89,92,88,90,92,93,0,94,0,0,0,81,0,0,0,0,0,0,0,60,0,0,68,0,0,0,0,0,0,0,0,0,0,0,0
l4,3=98,96,83,94,0,98,91,94,74,89,53,88,86,0,67,57,0,0,0,0,0,0,0,0,0,0,0,85,0,0,0,0,0,0,0,0,0,0,0,0,0
l5,3=98,96,84,94,92,0,92,97,91,89,92,93,85,85,74,56,74,80,0,0,0,0,0,0,0,79,0,87,64,0,0,0,0,0,0,0,0,0,0,0,0
l6,3=94,91,87,88,89,90,0,97,89,90,92,95,93,94,70,60,83,88,0,82,67,32,68,74,79,18,0,68,8,0,0,0,0,0,0,0,0,0,0,0,69
l7,3=94,90,86,83,88,90,90,0,91,90,92,95,88,93,75,61,78,87,21,0,84,80,75,0,58,56,0,75,53,0,0,0,0,0,0,0,0,0,0,0,0
l8,3=0,89,84,82,65,89,83,93,0,71,92,95,91,94,72,62,77,88,85,61,84,70,77,74,81,74,0,0,69,0,0,0,0,0,0,0,0,0,0,0,45
l9,3=90,90,85,83,89,89,90,97,89,0,92,95,89,94,76,59,78,91,82,72,67,29,75,72,0,72,0,85,70,0,0,0,0,0,0,0,0,0,0,0,67
l10,3=90,88,85,82,70,89,85,96,93,91,0,95,89,94,73,59,76,87,33,69,0,80,75,68,82,0,0,0,0,0,0,0,0,0,0,0,0,0,34,0,52
l11,3=94,90,86,85,89,91,90,97,92,90,92,0,90,95,75,57,2,84,63,16,88,72,73,0,0,24,0,81,34,0,0,0,0,0,0,0,0,0,0,0,0
l12,3=64,63,72,0,71,77,88,85,92,90,92,93,0,95,84,82,84,98,76,68,79,73,82,76,0,91,0,74,80,0,0,0,0,0,0,0,58,72,49,69,77
l13,3=0,75,69,0,63,70,56,71,73,79,75,78,99,95,0,77,93,98,69,0,65,65,77,68,70,88,0,96,93,0,76,0,0,17,0,71,71,89,73,63,62
l14,3=2,81,8,0,73,81,88,91,93,90,90,68,99,95,83,0,93,97,75,72,90,86,59,63,0,93,0,87,73,0,0,66,0,0,0,0,0,74,68,63,68
l15,3=0,59,59,0,0,64,83,82,84,79,70,0,97,92,92,81,0,98,88,87,81,87,85,85,90,57,0,93,81,0,62,0,58,0,0,53,0,80,48,51,71
l16,3=0,76,57,41,0,66,69,71,89,82,82,67,99,95,93,82,93,0,81,75,81,86,86,75,82,93,7,90,78,62,0,48,0,0,0,8,1,79,2,76,76
l17,3=0,0,0,0,0,0,0,1,76,63,34,48,87,87,60,61,85,81,0,98,91,78,79,78,94,89,71,0,0,76,84,0,67,69,68,78,0,0,0,79,75
l18,3=0,0,0,0,0,0,81,0,65,75,69,0,89,86,0,62,89,83,94,0,91,80,78,76,93,0,86,0,0,53,0,73,46,0,1,0,0,0,0,75,77
l19,3=0,0,0,0,0,0,35,60,65,49,0,76,81,80,44,64,64,73,86,85,0,81,79,86,93,0,68,0,0,64,79,0,71,88,0,72,43,27,65,74,67
l20,3=0,59,0,0,0,0,8,66,63,43,67,63,77,76,59,66,93,90,75,76,91,0,87,86,91,0,91,54,52,58,64,80,61,73,62,69,73,72,77,79,78
l21,3=0,0,0,0,0,0,60,69,79,69,66,64,85,76,74,43,85,84,86,74,94,87,0,84,87,64,74,0,47,56,75,76,56,58,0,8,67,73,71,74,77
l22,3=0,0,45,0,0,0,63,0,67,59,63,0,81,85,65,43,87,70,86,71,97,87,86,0,90,33,78,0,56,61,71,0,63,77,61,65,62,72,59,79,78
l23,3=0,0,0,0,0,0,53,41,59,46,75,0,6,57,61,0,85,78,94,93,97,81,79,78,0,57,78,7,0,75,88,73,82,86,61,56,80,46,56,74,74
l24,3=0,76,56,0,74,89,58,62,0,74,0,70,72,82,93,67,90,87,0,0,0,54,0,0,0,0,90,0,93,85,82,50,4,67,0,90,89,96,94,47,41
l25,3=0,66,3,60,0,79,18,56,74,72,0,24,91,88,93,57,93,89,0,0,0,64,33,57,0,0,0,96,0,84,91,0,69,82,75,94,96,96,97,46,56
l26,3=0,0,0,0,0,0,0,0,0,0,0,0,0,0,0,0,7,71,86,68,91,74,78,78,90,0,0,89,89,0,98,0,100,100,100,94,99,89,100,0,0
l27,3=0,0,0,0,0,0,0,0,0,0,0,0,0,15,83,0,75,0,74,0,81,26,73,67,86,96,89,89,92,100,0,96,100,100,98,94,99,96,100,66,0
l28,3=0,0,0,0,0,0,0,0,0,0,0,0,0,0,0,0,67,0,86,67,91,65,61,80,94,0,89,41,69,100,98,93,0,100,100,94,99,96,100,0,28
l29,3=0,0,0,0,0,0,0,0,0,0,0,0,0,0,2,0,0,0,79,12,97,71,63,84,91,84,0,74,90,100,98,100,100,0,100,94,99,96,100,0,0
l30,3=0,0,0,0,0,0,0,0,0,0,0,0,0,0,0,0,0,0,79,0,0,68,0,73,79,91,98,0,81,100,98,98,100,100,0,94,99,96,88,0,0
l31,3=0,0,0,0,0,0,0,0,0,0,0,0,0,0,66,0,48,0,73,0,80,76,0,73,50,0,0,96,93,100,98,0,100,100,100,0,99,96,100,30,0
l32,3=0,0,0,0,0,0,0,0,0,0,0,0,78,0,90,0,0,0,0,6,33,81,78,70,83,69,100,96,93,100,98,100,100,100,100,94,0,96,100,0,0
l33,3=0,0,0,0,0,0,0,0,0,0,0,0,43,74,90,71,90,88,0,0,31,73,76,74,22,82,100,96,93,89,98,100,97,93,95,94,99,0,100,12,2
l34,3=0,0,0,0,0,0,0,0,0,0,34,0,39,62,87,67,41,9,1,0,80,85,80,67,73,75,100,96,93,100,98,100,100,100,94,94,99,96,0,0,0
l35,3=0,0,0,0,0,0,0,0,0,0,0,0,75,73,48,39,32,74,74,63,74,79,73,77,73,94,94,26,35,0,61,0,0,0,0,44,0,3,0,0,82
l36,3=0,0,0,0,0,0,55,0,45,58,45,0,76,72,58,45,65,74,70,68,74,80,74,76,70,96,99,31,54,0,0,99,0,0,0,0,0,0,0,84,0
l37,3=0,0,0,0,0,0,0,0,0,0,0,0,72,0,54,38,43,27,67,26,71,78,75,74,65,96,89,0,0,0,0,96,0,0,0,0,0,0,0,84,82
l38,3=0,0,0,0,0,0,0,6,0,2,55,68,86,78,79,56,82,82,72,0,88,85,79,78,73,97,100,0,58,46,0,100,0,0,0,49,0,3,0,84,79
l39,3=0,0,0,0,0,0,0,0,1,0,0,0,70,55,0,39,70,65,57,65,81,83,77,81,53,46,0,0,0,41,2,30,50,51,54,52,0,0,0,84,82
l40,3=0,0,0,0,0,0,0,0,24,0,0,0,58,45,34,0,45,52,76,45,75,75,73,74,82,56,0,0,0,28,0,0,0,39,0,53,0,0,0,79,77

l0,4=0,95,94,94,84,91,94,93,67,83,93,97,92,83,0,43,3,40,0,0,0,0,0,0,0,69,0,92,76,0,0,0,0,0,0,0,0,4,0,0,0
l1,4=99,0,96,94,85,94,94,93,75,83,93,97,61,61,76,52,86,29,0,0,0,62,0,0,0,0,0,90,0,0,0,0,0,0,0,0,0,0,0,0,0
l2,4=91,95,0,90,83,88,94,93,66,83,93,97,76,71,75,57,79,48,0,0,0,0,0,70,0,75,0,0,72,0,0,0,0,0,0,0,0,0,0,0,0
l3,4=99,95,96,0,86,94,94,93,76,84,93,97,86,86,65,29,44,3,0,0,0,0,0,0,0,78,0,89,87,0,0,0,0,0,0,0,0,0,0,0,0
l4,4=99,95,96,95,0,94,94,93,77,84,93,97,90,82,59,85,0,0,0,0,0,0,0,0,0,65,0,88,85,0,0,0,0,0,0,0,0,0,0,0,0
l5,4=97,95,82,93,83,0,94,93,81,84,96,97,27,68,67,76,72,61,0,0,0,0,0,0,0,70,0,93,66,0,0,0,0,0,0,0,0,73,0,0,0
l6,4=89,91,96,78,77,88,0,93,0,84,93,97,92,83,68,89,89,54,66,40,70,59,72,73,62,1,0,78,0,0,0,0,0,0,0,0,0,0,0,21,74
l7,4=89,91,88,77,65,88,94,0,74,84,93,97,91,84,78,89,84,69,25,0,70,69,78,0,66,66,0,78,72,0,0,0,0,0,0,0,0,0,0,0,0
l8,4=66,76,76,62,52,89,0,90,0,77,96,95,91,88,74,87,82,74,58,69,68,66,78,78,32,49,0,0,69,0,0,0,0,0,0,0,0,0,11,74,75
l9,4=80,91,87,77,53,88,94,93,63,0,96,97,86,86,59,89,86,70,0,50,70,54,76,71,64,84,0,73,73,0,0,0,0,0,0,0,0,0,0,0,60
l10,4=72,89,87,60,55,88,94,86,83,84,0,98,92,88,77,0,84,79,0,70,67,70,73,79,68,0,0,75,0,0,0,0,0,0,0,0,0,0,0,62,73
l11,4=85,91,87,68,62,88,94,93,77,84,93,0,92,81,78,87,81,75,72,0,71,64,76,76,66,0,0,0,0,0,0,0,0,0,0,0,0,0,0,0,75
l12,4=68,45,40,56,47,52,79,77,75,68,88,91,0,86,87,93,85,87,66,0,78,75,80,78,67,92,0,81,73,0,0,0,0,0,0,2,67,76,56,79,77
l13,4=0,68,69,0,43,73,56,72,53,55,83,82,93,87,0,93,92,91,59,0,0,68,76,79,66,87,39,96,98,0,66,0,0,0,0,75,72,81,68,77,79
l14,4=14,9,0,0,47,74,78,74,72,71,0,83,93,88,83,0,88,1,0,69,72,71,76,74,64,90,0,81,77,0,0,84,0,0,0,0,0,78,57,73,79
l15,4=0,58,54,0,0,60,77,57,56,70,80,71,78,77,84,83,0,92,75,79,74,80,83,82,75,93,0,83,78,0,58,0,55,0,0,67,0,76,56,0,85
l16,4=30,11,6,0,0,72,66,71,60,70,83,82,93,87,90,3,92,0,73,76,69,81,81,79,80,91,0,83,77,70,0,86,0,0,0,72,63,80,57,79,83
l17,4=0,0,0,0,0,0,49,1,32,0,0,55,54,73,45,0,84,67,0,95,85,81,88,84,92,86,73,0,0,78,72,81,60,61,66,79,0,9,55,81,82
l18,4=0,0,0,0,0,0,13,0,42,59,59,0,0,74,0,54,88,71,93,0,86,81,87,85,90,0,81,0,0,0,0,86,57,0,0,67,0,0,0,78,73
l19,4=0,0,0,0,0,0,57,36,43,61,55,64,53,64,0,60,78,63,69,78,0,86,91,92,92,0,0,0,0,74,62,61,52,80,59,70,56,64,54,72,76
l20,4=0,32,0,0,0,0,54,54,54,60,70,61,55,72,66,66,88,81,75,69,89,0,93,92,86,0,84,58,0,55,0,83,54,63,53,74,73,62,64,84,90
l21,4=0,0,0,0,0,28,58,56,60,64,71,70,77,72,73,78,87,75,86,82,87,84,0,86,81,0,81,35,35,65,54,84,52,0,37,65,71,74,53,85,89
l22,4=0,0,44,0,0,0,56,0,56,61,68,62,60,71,72,60,76,70,73,72,89,88,91,0,83,26,85,28,15,78,77,87,61,66,68,75,66,76,53,79,82
l23,4=0,0,0,0,0,0,49,48,32,61,60,64,49,62,60,54,84,65,93,90,89,84,83,86,0,36,87,53,52,65,70,86,61,65,61,64,65,66,0,70,69
l24,4=73,67,0,61,58,93,74,63,0,60,71,0,92,88,90,92,91,88,0,0,0,63,10,19,50,60,80,0,98,88,77,77,68,59,3,85,100,100,100,9,0
l25,4=69,0,75,78,65,70,1,66,49,84,0,0,92,87,90,93,91,86,0,0,0,0,26,36,60,0,0,96,0,88,84,0,83,94,94,86,100,100,100,0,84
l26,4=0,0,0,0,0,0,0,0,0,0,0,0,0,39,0,0,0,73,81,0,84,81,85,87,80,0,0,86,82,0,98,0,95,100,100,97,100,100,100,0,77
l27,4=0,0,0,0,0,0,0,0,0,0,0,0,0,46,80,0,83,0,78,0,72,0,79,86,86,96,86,88,96,96,0,89,95,100,99,97,100,100,100,80,70
l28,4=0,0,0,0,0,0,0,0,0,0,0,0,0,0,0,0,85,0,81,82,88,84,84,87,87,0,82,83,86,96,98,87,0,100,100,97,100,100,100,64,85
l29,4=0,0,0,0,0,0,0,0,0,0,0,0,0,0,0,0,0,0,76,0,88,80,0,82,83,88,0,66,93,96,98,96,95,0,100,97,100,100,99,0,0
l30,4=0,0,0,0,0,0,0,0,0,0,0,0,0,0,0,0,0,0,79,0,75,75,1,81,74,84,98,0,88,96,98,98,95,100,0,97,100,100,85,0,0
l31,4=0,0,0,0,0,0,0,0,0,0,0,0,0,0,84,0,86,81,86,61,83,84,87,86,77,0,0,89,87,96,98,0,95,100,100,0,100,100,100,77,0
l32,4=0,0,0,0,0,0,0,0,0,0,0,0,89,0,88,0,0,74,0,0,80,87,91,90,91,83,95,96,98,96,98,95,95,100,100,97,0,100,100,0,0
l33,4=0,0,0,0,0,77,0,0,0,0,0,0,68,72,90,83,85,81,0,0,76,67,85,91,74,94,100,96,98,95,98,100,95,100,100,97,100,0,100,0,0
l34,4=0,0,0,0,0,18,0,0,32,0,0,0,78,69,90,83,91,81,79,0,84,88,84,84,0,94,100,96,98,96,98,100,95,100,90,97,100,100,0,0,0
l35,4=0,0,0,0,0,0,0,0,26,0,34,0,49,61,50,50,0,61,54,53,67,74,77,65,63,86,97,1,0,0,47,0,0,0,0,59,0,0,0,0,90
l36,4=0,0,0,0,0,0,47,0,36,47,50,58,43,57,54,76,77,71,70,48,74,82,81,81,57,100,100,0,55,38,34,100,38,0,0,0,0,0,0,88,0
l37,4=0,0,0,0,0,0,0,0,0,0,0,0,57,45,44,25,60,59,46,42,58,72,80,65,61,100,100,0,0,0,0,100,0,0,0,0,0,0,0,88,89
l38,4=0,0,0,0,0,0,8,0,7,57,66,71,59,65,75,71,77,73,63,56,82,78,82,84,10,100,100,58,66,59,0,100,0,0,0,13,0,0,0,84,85
l39,4=0,0,0,0,0,0,0,0,37,0,0,0,51,48,52,58,78,69,58,67,82,84,87,78,62,0,0,0,0,59,0,77,52,52,0,70,0,0,0,88,89
l40,4=0,0,0,0,0,0,0,0,25,0,0,0,12,0,57,52,39,63,62,0,79,77,81,77,69,84,77,0,0,60,0,0,36,37,0,67,0,0,0,86,86

l0,5=0,92,90,88,92,91,89,92,72,79,78,90,76,71,28,3,24,0,0,0,0,0,0,0,0,0,0,52,0,0,0,0,0,0,0,0,0,0,0,0,0
l1,5=97,0,90,88,91,91,90,89,80,71,78,90,31,74,28,9,20,0,0,0,0,0,0,0,0,36,0,49,58,0,0,0,0,0,0,0,0,45,0,0,0
l2,5=97,92,0,83,91,91,90,87,69,79,78,90,69,78,23,12,22,0,0,0,0,5,2,29,0,41,0,0,64,0,0,0,0,0,0,0,0,0,0,0,0
l3,5=97,94,91,0,95,91,90,86,47,79,66,90,67,76,46,30,0,0,0,0,0,0,0,0,0,26,0,83,69,0,0,0,0,0,0,0,0,0,0,0,0
l4,5=97,94,91,89,0,91,89,90,74,73,78,90,0,79,50,33,10,0,0,0,0,0,0,0,0,37,0,47,69,0,0,0,0,0,0,0,0,0,0,0,0
l5,5=97,92,90,84,95,0,88,92,82,79,73,88,60,41,27,19,28,15,0,0,0,0,31,0,0,48,0,83,64,0,0,0,0,0,0,3,0,34,0,0,0
l6,5=97,94,91,71,80,83,0,93,78,82,81,91,75,79,26,43,49,53,20,10,42,57,65,57,39,4,0,34,5,0,0,0,0,0,0,0,0,0,0,0,2
l7,5=87,82,81,50,78,89,88,0,80,81,77,91,76,79,47,59,34,60,0,0,5,65,69,34,27,3,0,34,26,0,0,0,0,0,0,0,0,0,0,0,66
l8,5=63,81,71,0,32,55,51,87,0,50,79,87,83,84,33,27,33,72,15,6,16,63,72,36,40,28,0,39,52,0,0,0,0,0,0,0,0,0,1,60,73
l9,5=86,81,81,57,47,83,89,92,79,0,81,90,69,82,30,50,20,57,3,0,16,66,47,31,43,13,0,32,29,0,0,0,0,0,0,0,0,0,0,0,0
l10,5=86,84,86,38,52,53,89,91,83,82,0,91,79,83,27,53,48,70,7,5,5,71,71,52,42,8,0,38,0,0,0,0,0,0,0,0,0,0,0,60,72
l11,5=86,84,84,63,78,83,87,92,80,82,81,0,80,78,87,39,50,62,43,0,19,66,71,49,70,1,0,75,0,0,0,0,0,0,0,0,0,0,0,0,76
l12,5=62,0,22,16,0,41,48,80,81,4,49,73,0,83,89,69,71,79,10,4,16,66,62,36,35,76,0,37,48,0,0,4,0,0,0,0,48,48,13,59,81
l13,5=53,42,19,16,14,35,35,21,38,7,24,57,81,82,0,21,47,79,3,0,20,75,65,41,25,81,13,56,80,2,0,1,30,0,0,25,64,78,38,23,60
l14,5=1,0,0,25,25,44,42,82,64,24,32,49,86,82,26,0,48,79,15,6,15,62,72,36,0,93,27,51,34,0,0,42,0,0,0,3,0,53,33,62,78
l15,5=8,21,0,0,20,38,64,17,56,19,32,56,72,75,82,51,0,80,62,11,64,73,75,62,69,19,0,68,61,7,52,1,50,0,0,42,51,64,1,66,81
l16,5=0,1,0,0,0,40,35,38,59,20,24,44,83,82,88,62,76,0,36,8,17,77,75,27,49,42,28,41,72,0,43,69,0,0,0,22,44,55,60,61,80
l17,5=0,0,0,0,0,0,9,15,0,4,18,16,34,50,35,21,51,35,0,58,74,71,74,72,82,33,0,0,0,48,59,21,29,33,48,60,0,20,23,33,63
l18,5=0,0,0,0,0,0,43,0,40,0,17,0,47,49,0,20,49,21,77,0,0,61,80,73,80,0,36,0,0,30,3,58,26,0,0,27,0,0,0,57,58
l19,5=0,0,0,0,0,0,31,0,31,29,38,26,55,63,65,30,63,49,71,0,0,82,83,77,82,0,25,25,0,61,75,4,72,64,43,44,29,50,20,68,79
l20,5=0,0,0,0,0,2,3,31,7,13,20,20,46,53,61,34,67,65,62,16,77,0,83,77,71,0,68,21,0,33,0,30,31,0,0,21,61,23,29,66,80
l21,5=2,0,0,0,0,18,26,30,21,2,41,24,39,54,48,53,68,59,65,48,75,82,0,65,73,22,65,2,31,25,33,41,32,0,0,38,31,12,15,66,82
l22,5=0,0,2,0,0,0,25,0,29,4,42,2,48,56,60,36,63,11,68,43,77,83,74,0,71,70,66,16,8,54,67,68,55,19,54,57,23,27,26,57,80
l23,5=0,0,0,0,0,0,27,14,28,5,17,14,34,28,21,4,62,42,77,51,77,71,77,70,0,21,72,1,0,30,28,64,38,32,19,0,0,27,24,61,51
l24,5=70,49,0,32,37,57,39,12,29,8,21,56,78,73,53,21,38,28,0,0,8,47,3,22,9,0,59,0,88,62,78,0,63,14,0,24,75,86,77,0,0
l25,5=0,36,41,26,37,48,4,3,28,13,8,1,76,81,93,19,42,33,0,0,0,22,70,21,0,0,0,94,0,61,83,0,62,25,0,23,87,86,46,0,60
l26,5=0,0,0,0,0,0,0,0,0,0,0,0,0,13,27,0,28,0,36,25,68,65,66,72,59,0,0,43,47,0,95,0,90,94,98,92,97,79,81,13,41
l27,5=0,0,0,0,0,0,0,0,0,0,0,0,0,0,0,0,32,5,15,0,50,0,72,74,21,94,43,15,64,88,0,14,90,94,98,92,97,89,81,21,55
l28,5=0,0,0,0,0,0,0,0,0,0,0,0,0,0,60,0,63,0,37,19,69,68,73,64,73,0,47,69,62,88,95,20,0,94,98,92,97,89,81,20,39
l29,5=0,0,0,0,0,0,0,0,0,0,0,0,0,0,0,0,26,0,42,0,75,0,0,51,55,61,0,10,50,88,95,88,90,0,98,91,97,89,68,0,0
l30,5=0,0,0,0,0,0,0,0,0,0,0,0,0,0,0,0,15,0,42,0,68,0,0,63,47,83,95,54,53,88,95,95,90,94,0,92,71,82,53,0,0
l31,5=0,0,0,0,0,0,0,0,0,0,0,0,4,1,42,1,69,21,58,4,30,41,68,64,0,0,0,14,20,88,95,0,90,88,94,0,97,89,81,20,0
l32,5=0,0,0,0,0,0,0,0,0,0,0,0,58,0,29,2,43,14,0,0,10,50,72,37,0,62,90,40,35,88,95,90,79,59,7,92,0,89,81,0,0
l33,5=0,30,0,0,0,26,0,0,0,0,1,0,61,65,54,16,43,22,10,0,10,44,9,38,35,25,94,75,35,74,95,88,71,37,38,86,97,0,81,0,0
l34,5=0,0,0,0,0,0,0,0,12,0,0,0,60,64,39,16,33,23,11,0,9,49,66,40,35,0,98,94,35,86,95,94,75,37,13,92,97,89,0,0,0
l35,5=0,0,0,0,0,0,0,0,17,0,4,0,26,15,21,24,33,22,8,12,58,68,40,25,66,23,92,0,0,0,18,0,13,0,0,8,0,0,0,0,79
l36,5=0,0,0,0,0,0,1,16,16,2,6,16,60,59,7,47,61,56,61,2,63,64,70,68,31,87,97,0,18,11,24,97,0,0,0,0,0,0,0,66,0
l37,5=0,0,0,0,0,0,0,0,1,0,0,0,39,19,2,7,37,20,27,4,9,67,66,34,47,86,79,0,0,10,11,89,0,0,0,0,0,0,0,69,83
l38,5=0,0,0,0,0,0,2,8,8,2,34,6,61,58,72,49,64,57,21,5,61,72,73,69,42,46,81,21,19,0,0,81,0,0,0,0,0,26,0,69,82
l39,5=0,0,0,0,0,0,0,0,13,0,0,0,43,10,19,25,62,29,56,4,67,69,75,69,67,0,13,0,0,0,13,20,23,9,0,0,0,3,0,69,84
l40,5=0,0,0,0,0,0,0,0,18,0,1,0,19,4,16,20,2,21,33,0,53,63,62,66,66,60,41,0,0,26,0,0,21,0,0,27,0,0,0,68,81

l0,6=0,84,62,87,91,94,83,78,74,84,77,87,44,75,75,0,33,0,0,0,0,0,0,0,0,0,0,82,0,0,0,0,0,0,0,0,0,0,0,0,0
l1,6=71,0,66,84,91,94,84,84,73,81,83,87,8,73,59,45,28,0,0,0,0,0,0,0,0,16,0,47,29,0,0,0,0,0,0,0,0,27,0,0,0
l2,6=66,85,0,87,80,94,84,74,54,80,83,87,32,73,60,38,24,0,0,0,0,0,54,0,0,21,0,33,18,0,0,0,0,0,0,0,0,0,0,0,0
l3,6=73,85,66,0,91,94,83,83,73,84,68,86,31,74,67,44,0,0,0,0,0,0,0,0,0,0,0,48,0,0,0,0,0,0,0,0,0,0,0,0,0
l4,6=74,86,58,87,0,94,82,83,47,85,82,78,12,62,0,37,0,0,0,0,0,0,0,0,0,77,0,42,76,0,0,0,0,0,0,0,0,0,0,0,0
l5,6=70,85,64,85,91,0,83,77,79,84,26,81,40,73,58,41,12,7,0,0,0,4,0,7,0,73,0,48,40,0,15,0,0,0,0,0,35,0,0,0,0
l6,6=64,81,66,78,87,92,0,84,57,86,81,84,55,76,49,52,48,0,35,44,7,29,61,61,35,0,0,0,0,0,0,0,0,0,0,0,0,0,0,0,0
l7,6=58,80,54,68,83,92,84,0,77,86,83,87,55,72,61,79,23,37,0,42,8,28,62,48,18,0,0,30,0,0,0,0,0,0,0,0,0,0,0,23,0
l8,6=27,39,28,35,55,89,57,64,0,81,83,82,62,84,63,64,33,50,40,39,15,40,58,65,3,67,0,30,34,0,0,0,0,0,0,0,0,0,10,18,26
l9,6=59,62,55,67,83,82,80,81,73,0,83,82,51,78,62,79,55,30,38,18,14,60,50,45,31,61,0,38,26,0,0,0,0,0,0,0,0,0,0,0,11
l10,6=55,74,64,41,84,59,80,82,85,86,0,87,64,79,61,83,54,51,0,0,5,62,57,64,29,32,0,31,8,0,0,0,0,0,0,0,0,0,0,24,24
l11,6=66,74,59,64,79,80,84,88,84,86,83,0,61,74,71,80,57,31,23,0,15,43,59,43,28,35,0,34,31,0,0,0,0,0,0,0,0,0,0,0,3
l12,6=0,0,22,20,17,54,54,47,78,60,77,46,0,79,83,88,64,56,48,47,18,34,35,19,4,41,0,50,33,0,2,32,0,0,0,28,3,22,0,15,30
l13,6=0,0,32,42,0,73,9,11,55,46,23,28,51,72,0,50,38,56,13,0,6,40,50,65,21,78,0,56,86,1,0,50,2,0,0,63,0,65,32,30,17
l14,6=0,32,17,27,40,55,37,47,64,73,69,48,70,75,71,0,53,58,54,43,21,37,55,63,29,86,14,48,42,0,0,60,0,0,0,0,0,15,0,20,42
l15,6=1,15,16,0,6,13,57,11,49,54,57,51,58,67,76,73,0,65,63,51,41,72,69,69,59,64,0,27,42,21,24,0,17,2,5,43,39,42,5,44,47
l16,6=0,0,0,0,0,15,0,32,64,52,58,29,61,74,83,81,67,0,53,50,20,73,69,49,54,20,37,58,73,0,25,39,0,0,0,44,56,37,29,6,48
l17,6=0,0,0,0,0,0,28,0,23,32,0,12,18,59,23,51,55,28,0,76,66,65,75,69,75,62,0,6,5,32,38,27,32,42,17,50,19,22,16,51,29
l18,6=0,0,0,0,0,0,33,24,22,26,0,0,41,59,0,43,57,40,81,0,48,60,67,57,75,6,58,0,0,15,27,65,3,0,0,37,0,0,0,47,44
l19,6=0,0,0,0,0,0,18,5,20,25,23,17,14,53,36,36,55,20,74,41,0,72,76,76,76,0,37,4,0,38,60,59,48,61,13,27,27,20,17,55,52
l20,6=0,0,0,0,0,0,18,15,31,41,49,26,47,60,63,48,57,57,65,53,75,0,82,77,67,0,56,35,16,0,26,25,36,31,0,43,45,26,27,50,57
l21,6=0,0,11,0,0,1,43,23,52,32,30,22,20,19,34,62,60,50,70,57,75,75,0,77,74,34,0,16,15,4,45,64,24,28,0,21,23,21,40,44,55
l22,6=0,0,0,0,0,3,35,15,46,25,52,15,17,61,63,61,57,16,68,39,75,75,82,0,71,51,29,0,0,42,49,52,30,26,23,30,28,22,19,49,60
l23,6=0,0,0,0,0,0,25,12,12,30,19,17,14,36,27,34,60,50,74,74,68,65,75,70,0,0,64,0,0,33,22,39,41,53,20,46,26,23,18,62,29
l24,6=0,0,23,47,45,70,0,7,38,42,21,22,51,73,78,51,2,29,4,0,2,9,37,0,0,0,59,0,53,21,15,59,11,39,25,72,52,73,81,21,0
l25,6=0,16,21,0,77,73,0,0,67,61,32,35,41,78,86,64,20,62,6,0,0,34,51,0,0,0,0,94,0,57,44,0,25,52,64,68,73,74,83,4,15
l26,6=0,0,0,0,0,0,0,0,0,0,0,0,0,0,14,0,37,0,58,37,56,0,29,64,59,0,0,59,63,0,80,0,83,80,89,84,84,58,64,27,0
l27,6=0,0,0,0,0,23,0,0,0,0,0,0,10,0,0,0,33,17,58,48,52,33,60,46,21,94,59,64,62,76,0,77,81,76,85,81,65,82,88,25,8
l28,6=0,0,0,0,0,0,0,0,0,0,0,0,0,0,50,0,47,0,58,27,57,61,61,60,63,0,63,59,58,76,80,40,0,80,90,84,78,82,88,0,0
l29,6=0,0,0,0,0,0,0,0,0,0,0,0,0,0,0,0,1,0,58,0,55,52,42,41,46,57,0,60,45,76,78,76,83,0,89,77,74,69,42,0,0
l30,6=0,0,0,0,0,0,0,0,0,0,0,0,0,0,0,0,0,0,56,0,31,0,0,44,44,44,80,37,35,69,75,80,83,77,0,78,64,76,85,0,0
l31,6=0,0,0,0,0,0,0,0,0,0,0,0,32,50,60,0,39,27,65,59,25,64,52,39,59,0,0,77,40,76,80,0,81,71,82,0,84,84,91,0,11
l32,6=0,0,0,0,0,32,0,0,0,0,0,0,3,0,3,0,20,20,29,0,26,55,48,37,24,25,83,75,77,76,49,81,44,59,56,84,0,84,91,36,21
l33,6=0,0,0,0,0,0,0,0,0,0,0,0,39,66,87,10,21,8,31,0,25,40,44,34,18,52,80,95,91,70,80,71,47,59,77,84,84,0,91,0,0
l34,6=0,0,0,0,0,0,0,0,38,0,0,0,0,5,55,0,9,16,55,0,24,37,62,38,24,64,89,88,86,68,80,82,70,56,84,84,84,84,0,0,3
l35,6=0,0,0,0,0,0,0,0,13,0,9,0,8,13,15,14,33,0,25,23,25,54,28,46,58,68,84,9,0,4,9,0,0,0,0,0,5,0,0,0,63
l36,6=0,0,0,0,0,0,0,0,17,17,17,0,42,49,46,59,55,40,22,27,32,61,57,69,39,73,84,0,1,0,1,84,0,0,0,1,1,0,0,58,0
l37,6=0,0,0,0,0,0,0,0,0,0,0,0,34,18,22,26,36,10,22,23,23,37,64,44,31,74,58,0,0,0,11,84,0,0,0,0,0,0,0,57,58
l38,6=0,0,0,0,0,0,0,0,0,22,51,8,50,55,21,62,58,51,47,26,37,72,68,70,37,83,64,24,16,0,0,91,0,0,0,13,0,16,0,58,60
l39,6=0,0,0,0,0,0,0,0,19,0,0,0,21,0,33,38,54,23,20,0,41,58,71,70,69,4,27,0,0,6,20,0,20,19,0,18,0,0,0,63,64
l40,6=0,0,0,0,0,0,0,0,11,0,0,0,13,0,21,24,24,18,24,0,46,55,67,55,62,15,0,0,0,6,17,11,17,0,4,18,0,0,0,57,56

l0,7=0,98,93,97,97,98,90,77,56,94,85,86,19,62,73,35,12,0,0,0,0,0,0,0,0,47,0,18,43,0,0,0,0,0,0,0,0,0,4,0,0
l1,7=97,0,93,97,97,98,93,91,50,96,85,86,0,79,0,69,21,0,0,0,0,0,0,0,0,0,0,32,0,0,0,0,0,0,0,0,0,0,0,0,0
l2,7=97,98,0,97,97,98,93,53,42,96,84,86,26,46,65,50,22,14,0,0,0,0,0,0,0,0,0,50,0,0,0,0,0,0,0,0,0,0,0,0,0
l3,7=97,98,93,0,97,98,87,89,2,82,84,85,18,43,49,58,5,0,0,0,0,0,0,0,0,35,0,58,43,0,0,0,0,0,0,0,0,6,0,0,0
l4,7=97,98,90,97,0,98,90,84,74,97,82,65,13,52,47,25,17,0,0,0,0,0,0,0,0,34,0,71,30,0,0,0,0,0,0,0,0,0,0,0,0
l5,7=97,98,93,97,97,0,93,83,86,96,80,86,24,59,74,70,23,19,0,0,0,0,0,0,0,21,0,70,0,0,0,0,0,0,0,0,0,0,0,0,0
l6,7=92,93,89,89,92,94,0,86,81,96,82,83,76,77,23,59,74,26,45,46,43,32,13,51,49,13,0,0,6,0,0,0,0,0,0,0,0,0,0,0,0
l7,7=77,93,80,88,92,83,93,0,81,97,85,86,71,72,0,68,20,37,29,0,20,0,18,45,0,30,0,1,25,0,0,0,0,0,0,0,0,0,0,0,40
l8,7=43,81,63,4,53,93,69,51,0,94,82,83,83,79,71,78,24,31,22,28,55,21,19,56,0,45,0,42,40,0,0,0,0,0,0,0,0,0,0,51,54
l9,7=77,84,88,73,92,94,88,85,87,0,85,83,78,67,46,76,45,0,25,0,33,34,13,41,55,51,0,0,4,0,0,0,0,0,0,0,0,0,0,0,48
l10,7=84,92,83,69,76,54,88,85,88,97,0,86,83,79,36,81,22,7,0,20,22,22,19,57,2,63,0,34,26,0,0,0,0,0,0,0,0,3,0,21,35
l11,7=91,92,89,80,80,94,88,85,88,97,85,0,82,3,60,77,75,49,8,26,51,20,19,0,19,18,0,32,18,0,0,0,0,0,0,0,0,0,0,0,15
l12,7=14,0,37,1,14,44,32,39,86,86,82,45,0,78,80,86,79,28,38,10,43,22,18,57,67,40,0,66,35,0,1,25,0,0,0,44,0,1,0,44,61
l13,7=45,0,42,1,15,45,7,0,40,60,60,23,32,45,0,84,38,51,19,0,51,24,14,52,34,42,0,88,89,0,12,0,0,0,15,31,0,31,22,48,60
l14,7=10,43,38,36,13,44,33,19,87,95,82,32,87,63,80,0,26,30,31,0,32,16,21,56,64,83,0,73,40,0,0,24,0,0,0,23,0,8,15,30,65
l15,7=6,42,37,0,20,29,32,12,51,66,58,55,77,62,67,54,0,79,65,58,24,66,56,72,75,49,0,45,24,13,11,22,11,0,0,37,0,38,14,53,63
l16,7=0,0,24,0,0,35,14,32,63,55,58,22,46,73,83,79,86,0,31,53,61,80,37,57,64,40,34,41,30,0,15,68,0,0,11,17,0,14,6,61,58
l17,7=0,0,0,0,0,0,32,29,11,21,11,2,50,45,18,36,73,34,0,82,82,77,74,63,84,28,0,0,0,3,22,21,0,33,0,72,0,0,0,63,65
l18,7=0,0,0,0,0,0,61,0,30,15,51,38,11,56,0,12,73,56,85,0,79,72,71,60,84,0,4,0,0,35,0,75,0,0,0,33,0,0,0,71,65
l19,7=0,0,0,0,0,0,18,1,42,36,25,31,30,48,36,58,16,63,80,71,0,80,74,70,85,0,28,0,0,67,71,30,64,67,0,70,0,25,19,77,69
l20,7=0,0,0,0,0,0,16,0,36,46,54,8,55,55,43,55,69,63,75,61,86,0,79,74,86,0,48,11,8,29,48,74,48,15,0,60,3,25,28,72,70
l21,7=0,0,0,0,0,3,12,20,49,32,65,12,58,39,37,61,71,63,80,66,84,84,0,74,83,18,66,19,0,16,53,73,21,31,10,0,60,19,44,72,68
l22,7=0,0,0,0,0,0,22,29,35,29,55,0,54,48,35,57,78,53,63,25,86,84,79,0,84,0,33,0,2,53,21,0,54,49,29,38,38,35,37,76,79
l23,7=0,0,0,0,0,0,13,0,0,25,21,5,34,15,18,49,73,39,84,73,85,79,74,69,0,15,61,7,0,60,21,43,36,70,27,61,26,15,14,77,26
l24,7=0,38,80,35,58,59,0,0,42,40,77,11,32,40,83,67,22,30,0,0,4,19,15,0,9,0,75,0,90,11,27,48,57,56,40,38,0,34,59,10,0
l25,7=47,0,0,35,34,21,13,30,45,51,63,18,40,42,83,49,40,28,0,0,0,18,0,15,0,0,0,94,0,19,43,0,63,57,26,34,25,32,52,6,0
l26,7=0,0,0,0,0,0,0,0,0,0,0,0,0,0,0,0,34,0,4,28,48,66,33,61,75,0,0,27,52,0,82,0,84,80,93,93,90,82,72,21,16
l27,7=0,0,0,0,0,0,0,0,0,0,0,0,0,0,15,0,17,22,28,0,73,37,15,37,42,94,27,64,72,86,0,45,79,76,84,90,77,86,71,23,0
l28,7=0,0,0,0,0,0,0,0,0,0,0,0,0,0,0,0,16,0,1,0,78,70,34,68,76,0,52,32,31,86,82,30,0,80,93,93,69,87,64,11,0
l29,7=0,0,0,0,0,0,0,0,0,0,0,0,0,0,0,0,0,0,56,0,35,66,62,60,74,19,0,48,51,86,82,86,84,0,93,91,85,56,36,0,0
l30,7=0,0,0,0,0,0,0,0,0,0,0,0,0,0,7,0,0,0,0,0,0,0,1,63,73,43,82,28,25,84,80,81,84,80,0,90,72,81,58,27,0
l31,7=0,0,0,0,0,0,0,0,0,0,0,0,25,0,24,22,68,21,75,30,74,73,0,43,48,0,0,45,30,86,81,0,80,76,92,0,90,91,85,18,22
l32,7=0,0,0,0,0,0,0,0,0,0,0,0,0,28,18,8,19,23,0,0,0,7,42,42,48,63,84,45,50,86,36,80,66,79,57,93,0,91,85,41,0
l33,7=2,0,0,0,0,0,0,0,0,0,37,0,0,37,29,9,68,24,0,0,62,73,25,46,47,57,80,70,55,31,82,76,77,75,58,93,90,0,85,0,0
l34,7=35,0,0,0,0,0,0,0,0,0,0,0,2,0,16,23,18,14,0,0,60,71,65,66,42,26,93,84,73,85,82,92,72,75,89,93,90,91,0,0,0
l35,7=0,0,0,0,0,0,0,0,3,0,18,0,5,5,13,15,47,5,15,15,62,68,65,65,73,34,93,0,0,7,9,0,0,0,18,6,2,0,0,0,75
l36,7=0,0,0,0,0,0,0,4,14,23,22,0,45,24,29,47,56,24,41,21,53,72,56,72,24,25,90,0,0,8,0,90,0,0,0,19,0,0,0,81,0
l37,7=0,0,0,0,0,0,0,0,0,0,0,0,0,4,8,18,20,9,34,16,21,66,49,56,19,32,82,4,0,0,11,91,0,0,0,0,0,0,0,81,73
l38,7=0,0,0,0,0,0,9,0,5,0,52,0,62,49,25,52,64,59,58,8,57,84,68,71,56,52,72,0,32,12,0,85,0,0,0,20,2,0,6,73,78
l39,7=0,0,0,0,0,0,0,0,0,0,0,0,39,14,18,5,47,33,48,21,27,63,74,70,66,6,21,0,0,15,16,18,10,0,0,18,0,0,0,78,76
l40,7=0,0,0,0,0,0,0,0,0,0,19,0,0,11,11,22,38,24,35,0,27,72,70,69,36,0,16,0,0,19,10,22,11,0,0,15,10,2,0,77,72

l0,8=0,99,100,100,96,100,81,99,0,98,92,94,31,86,60,75,0,0,0,0,0,0,0,0,0,0,0,92,0,0,0,0,0,0,0,0,0,0,0,0,0
l1,8=100,0,100,100,96,99,96,99,98,98,91,88,71,77,88,93,85,0,0,0,0,0,0,0,0,0,0,96,0,0,0,0,0,0,0,0,0,16,0,0,0
l2,8=100,99,0,100,97,99,97,99,62,98,1,95,0,52,65,93,81,50,0,0,0,0,0,0,0,0,0,98,0,0,0,0,0,0,0,0,0,0,0,0,32
l3,8=100,99,100,0,99,100,97,99,95,95,94,99,4,85,0,88,71,0,0,0,0,0,0,0,0,22,0,99,66,0,0,0,0,0,0,0,0,0,0,0,0
l4,8=100,98,100,100,0,100,94,99,50,98,89,94,0,51,62,0,85,0,0,0,0,0,0,0,0,55,0,100,47,0,0,0,0,0,0,0,0,0,0,0,0
l5,8=100,99,100,100,99,0,97,99,97,98,90,99,41,84,58,76,80,52,0,0,0,0,0,0,0,56,0,95,67,0,0,0,0,0,0,0,0,0,0,0,0
l6,8=91,99,100,98,90,99,0,99,93,98,94,96,85,85,54,93,93,93,87,7,55,79,0,36,85,0,0,1,0,0,0,0,0,0,0,0,0,0,0,35,5
l7,8=94,99,97,96,90,94,97,0,96,98,94,99,85,96,59,0,83,89,48,0,30,77,58,55,0,10,0,67,28,0,0,0,0,0,0,0,0,0,0,0,77
l8,8=0,92,60,56,60,93,94,60,0,72,94,99,98,98,37,95,74,56,46,70,77,78,52,55,0,61,0,0,67,0,0,0,0,0,0,0,0,7,0,23,77
l9,8=94,93,61,54,89,94,97,98,93,0,94,99,85,88,12,95,83,39,34,0,64,72,52,51,68,0,0,53,0,0,0,0,0,0,0,0,0,0,0,39,41
l10,8=95,95,12,92,65,90,97,99,98,98,0,99,90,98,65,95,86,56,27,78,57,79,58,55,37,53,0,60,7,0,0,0,0,0,0,0,0,0,0,58,0
l11,8=94,88,97,96,77,96,94,99,94,98,94,0,86,88,61,95,83,54,55,72,75,77,56,0,72,82,0,84,63,0,0,0,0,0,0,0,0,41,0,18,0
l12,8=25,41,0,0,0,28,91,60,62,73,93,93,0,60,71,99,96,57,50,60,82,82,57,56,67,97,0,96,70,0,0,0,0,0,0,0,32,37,6,62,85
l13,8=65,33,9,0,53,22,47,16,21,22,65,54,62,60,0,99,89,70,12,0,51,87,60,45,2,58,0,100,74,0,23,0,0,7,21,77,91,100,53,45,73
l14,8=13,48,12,13,19,23,88,0,62,76,94,92,98,61,71,0,88,95,51,76,63,80,61,55,77,98,0,95,31,0,0,51,0,0,0,0,53,35,44,68,78
l15,8=0,32,8,6,43,23,84,39,35,64,85,66,98,82,97,90,0,96,96,79,85,90,58,94,95,95,0,82,65,1,52,0,0,0,0,76,45,70,80,78,66
l16,8=0,0,12,0,0,55,84,58,59,51,90,76,98,97,98,99,99,0,58,53,94,93,80,93,79,100,17,90,53,0,62,89,0,0,0,60,74,91,38,79,85
l17,8=0,0,0,0,0,0,53,25,56,16,32,59,63,66,31,62,97,64,0,94,93,72,94,73,95,54,0,0,0,64,45,44,5,0,0,75,52,24,24,42,55
l18,8=0,0,0,0,0,0,9,0,54,1,67,54,55,39,0,59,92,37,97,0,91,89,90,66,90,0,95,0,0,62,65,84,0,54,0,61,13,0,0,63,56
l19,8=0,0,0,0,0,0,20,0,47,17,30,23,46,26,25,21,89,75,96,81,0,93,93,94,94,0,72,0,0,50,78,76,49,31,29,87,29,29,34,41,81
l20,8=0,0,0,0,0,0,32,15,35,39,50,48,62,64,56,60,90,80,78,68,94,0,96,94,93,0,90,44,0,70,65,95,31,31,23,67,60,71,40,63,84
l21,8=0,0,0,0,0,0,0,31,38,28,67,50,69,59,58,83,82,72,94,66,91,93,0,94,90,0,92,35,0,36,24,92,0,49,33,56,31,69,61,79,56
l22,8=0,0,0,0,0,0,17,39,64,48,64,0,61,59,55,60,91,69,65,48,95,93,96,0,85,0,55,28,2,63,65,28,61,65,62,66,24,69,28,76,84
l23,8=0,0,0,0,0,0,27,0,0,39,32,22,29,51,16,58,98,47,96,78,94,89,93,77,0,2,85,1,0,71,64,48,34,85,31,78,23,29,25,78,36
l24,8=87,47,12,19,72,53,1,17,0,50,53,42,26,10,81,97,89,48,0,0,0,76,13,13,0,0,92,0,100,48,100,76,35,14,38,97,95,100,100,28,0
l25,8=0,0,0,22,55,56,0,10,61,0,53,82,97,58,98,95,100,54,0,0,0,0,0,2,0,0,0,100,0,92,100,0,45,30,10,99,99,100,58,35,71
l26,8=0,0,0,0,0,0,0,0,0,0,0,0,0,0,0,0,17,0,95,72,90,92,55,85,92,0,0,28,87,0,100,0,100,100,99,99,99,99,99,42,0
l27,8=0,0,0,0,24,0,0,0,0,0,0,0,0,15,30,0,57,40,54,74,91,90,26,90,93,100,28,94,90,100,0,59,100,98,99,99,99,100,99,29,0
l28,8=0,0,0,0,0,0,0,0,0,0,0,0,0,0,19,0,31,0,11,0,93,86,0,92,79,0,87,94,32,100,100,62,0,100,100,99,96,100,99,32,4
l29,8=0,0,0,0,0,0,0,0,0,0,0,0,0,0,24,0,0,0,0,57,83,84,90,82,94,92,0,55,86,100,99,100,100,0,100,99,67,98,96,0,45
l30,8=0,0,0,0,0,0,0,0,0,0,0,0,0,0,42,0,0,0,0,0,84,55,60,85,61,100,100,67,0,100,100,100,100,100,0,74,99,100,67,0,0
l31,8=0,0,0,0,0,0,0,0,0,0,0,0,0,0,51,0,89,44,84,76,95,92,28,48,76,0,0,59,62,100,100,0,100,100,69,0,99,100,100,0,75
l32,8=0,0,0,0,0,0,0,0,0,0,0,0,0,2,78,84,84,47,58,5,89,92,24,26,33,45,100,58,63,100,100,100,78,56,84,99,0,100,100,0,0
l33,8=0,0,0,0,0,0,0,0,0,0,0,34,1,9,84,73,99,98,31,0,69,93,58,86,35,30,100,65,66,99,100,100,84,63,63,99,99,0,100,0,25
l34,8=0,0,0,0,0,0,0,0,0,0,0,0,0,0,55,79,99,47,57,0,92,85,28,46,64,10,99,100,40,100,100,69,100,79,43,99,99,100,0,0,29
l35,8=0,0,0,0,0,0,8,0,1,5,32,2,19,6,28,33,61,18,16,49,59,57,82,60,71,99,99,15,12,26,19,0,15,0,0,0,0,0,0,0,85
l36,8=0,0,0,0,0,0,0,10,29,3,1,0,47,23,18,45,55,55,31,42,67,91,71,93,43,99,99,0,8,0,0,99,0,15,0,17,0,0,0,84,0
l37,8=0,0,0,0,0,0,0,0,0,0,0,0,48,11,0,20,54,20,50,1,56,87,59,61,32,100,99,4,0,0,0,100,0,0,0,0,0,0,0,82,83
l38,8=0,0,0,0,0,5,25,7,9,40,71,49,72,60,22,83,83,69,79,61,87,92,94,93,76,58,99,47,67,0,0,100,0,8,0,24,0,0,19,82,85
l39,8=0,0,0,0,0,0,0,0,0,0,0,0,50,11,15,22,74,47,82,25,67,75,94,92,84,35,42,0,0,16,0,0,3,0,0,22,0,0,0,81,87
l40,8=0,0,0,0,0,0,0,0,2,0,0,0,0,0,24,21,57,33,55,15,55,58,75,83,49,71,0,0,0,20,21,75,0,23,0,1,0,0,0,80,74

l0,9=0,100,96,99,100,100,100,99,88,100,100,90,54,55,0,0,0,0,0,0,0,0,0,0,0,0,0,0,20,0,0,0,0,0,0,0,0,0,0,0,0
l1,9=98,0,96,99,100,100,100,99,97,100,100,99,60,35,60,1,47,0,0,0,0,0,33,0,0,41,0,92,53,0,0,0,0,0,0,0,0,0,0,0,0
l2,9=98,100,0,95,100,100,100,99,51,100,100,99,84,3,32,82,88,0,0,0,0,2,0,0,0,27,0,88,50,0,0,0,0,0,0,0,0,0,0,0,0
l3,9=98,100,96,0,100,100,100,92,54,71,100,99,0,36,0,0,87,0,0,0,0,0,0,0,0,70,0,91,47,0,0,0,0,0,0,0,0,0,0,0,0
l4,9=98,100,97,99,0,100,98,61,45,100,98,99,57,35,34,76,94,0,0,0,0,0,0,0,0,62,0,94,55,0,0,0,0,0,0,0,0,0,0,0,0
l5,9=98,100,97,99,100,0,100,63,62,100,88,99,65,52,31,13,86,62,0,0,0,0,28,0,0,35,0,91,35,0,0,0,0,0,0,0,1,31,0,0,0
l6,9=98,100,96,95,100,100,0,99,97,100,100,99,100,100,54,77,98,83,51,0,80,86,58,57,67,0,0,3,0,0,0,0,0,0,0,0,0,0,0,0,9
l7,9=98,100,97,95,100,100,100,0,99,100,100,99,100,100,91,92,97,99,38,0,70,83,39,36,45,6,0,82,11,0,0,0,0,0,0,0,0,0,0,0,0
l8,9=66,100,8,93,87,97,76,61,0,100,100,99,100,100,32,98,90,80,33,28,83,85,33,33,0,62,0,92,55,0,0,0,0,0,0,0,0,22,0,32,90
l9,9=98,100,96,92,100,100,100,99,97,0,100,99,96,100,59,95,99,75,0,0,79,88,11,27,45,0,0,6,0,0,0,0,0,0,0,0,0,0,0,0,82
l10,9=86,95,97,95,96,90,95,99,99,100,0,99,96,100,60,93,99,71,32,31,0,0,0,28,34,16,0,89,16,0,0,0,0,0,0,0,0,2,0,26,47
l11,9=73,97,96,95,100,100,100,99,97,100,100,0,99,100,33,95,93,83,31,0,80,94,38,27,32,39,0,63,52,0,0,0,0,0,0,0,0,1,0,0,0
l12,9=15,10,37,0,56,48,61,57,62,59,77,93,0,45,36,100,100,82,33,9,67,93,44,30,37,59,0,94,60,0,0,10,0,0,0,24,0,34,9,33,79
l13,9=0,47,14,0,63,51,56,57,59,62,77,39,84,38,0,97,100,88,0,0,13,98,44,0,0,38,0,99,60,42,0,32,0,26,1,51,63,72,31,34,79
l14,9=0,0,25,0,73,0,53,57,62,79,77,99,100,75,36,0,100,99,35,29,26,61,47,32,40,49,52,97,58,0,0,35,0,0,0,0,37,10,12,28,94
l15,9=0,0,12,50,60,42,62,57,57,99,98,58,98,99,99,99,0,99,47,35,88,96,96,96,98,97,0,96,88,40,26,0,27,40,0,86,30,72,77,34,94
l16,9=0,0,0,0,0,61,62,60,59,62,74,97,99,37,100,100,100,0,36,0,89,95,66,33,39,100,93,97,58,0,0,99,0,0,0,84,35,71,30,34,96
l17,9=0,0,0,0,0,0,78,78,81,0,87,73,78,85,8,78,95,83,0,99,96,87,96,94,98,81,0,0,0,81,80,77,56,68,0,86,74,0,54,35,89
l18,9=0,0,0,0,0,0,0,0,89,0,98,15,86,85,0,97,98,0,100,0,94,95,96,96,98,0,95,0,0,0,98,48,0,89,0,87,24,0,0,91,93
l19,9=0,0,0,0,0,0,64,36,81,80,0,73,77,81,77,67,93,94,98,81,0,96,96,96,99,0,0,0,0,83,90,31,78,81,77,90,0,66,81,62,84
l20,9=0,0,0,0,0,0,45,44,48,63,0,89,97,98,95,93,98,93,61,96,96,0,97,97,98,0,94,72,39,82,45,36,49,42,58,80,81,76,46,91,96
l21,9=0,66,0,0,0,66,87,41,79,75,49,90,91,97,93,97,98,97,98,96,96,98,0,97,98,32,95,65,13,49,91,37,0,90,66,91,80,92,44,91,96
l22,9=0,0,0,0,0,0,47,39,89,70,90,54,88,83,0,86,98,91,91,60,96,98,97,0,98,1,34,0,35,87,92,27,38,90,72,91,51,72,0,91,97
l23,9=0,0,0,0,0,0,79,45,0,86,73,59,93,80,0,90,98,92,98,99,96,95,96,96,0,19,95,0,0,54,98,47,83,98,74,99,62,0,87,91,95
l24,9=0,41,20,74,62,63,3,55,59,0,17,37,59,37,100,96,99,81,0,0,0,37,18,0,0,0,46,0,97,11,31,60,29,83,98,85,92,23,38,0,0
l25,9=0,41,27,70,62,35,0,6,62,0,16,39,59,38,49,97,100,81,0,0,0,32,1,19,0,0,0,99,0,46,31,0,26,88,0,85,37,97,32,0,70
l26,9=0,0,0,0,0,0,0,0,0,0,0,0,0,0,52,0,93,0,95,0,94,95,34,95,46,0,0,25,94,0,99,0,99,100,100,100,99,99,99,55,46
l27,9=0,0,0,0,43,0,0,0,0,0,0,0,0,32,0,0,94,0,62,49,95,47,31,96,98,99,25,82,55,100,0,96,99,100,100,100,99,100,98,31,0
l28,9=0,0,0,0,0,0,0,0,0,0,0,0,0,0,9,0,91,1,35,0,72,63,3,87,90,0,94,92,53,100,99,96,0,100,100,100,65,100,92,31,0
l29,9=0,0,0,0,0,0,0,0,0,0,0,0,0,0,43,0,91,0,46,54,61,24,41,96,99,46,0,80,94,100,99,100,99,0,100,100,63,99,99,69,15
l30,9=0,0,0,0,0,0,0,0,0,0,0,0,0,0,0,0,0,0,0,0,28,21,12,56,45,31,99,79,0,100,99,99,99,100,0,100,85,50,94,0,0
l31,9=0,0,0,0,0,0,0,0,0,0,0,0,10,32,35,0,99,77,48,31,36,37,27,47,60,0,0,96,96,100,99,0,99,100,100,0,99,100,100,0,0
l32,9=0,0,0,0,0,14,0,0,0,0,0,0,0,0,98,93,98,86,77,0,0,37,49,51,37,26,99,97,94,100,99,99,37,96,100,100,0,100,100,0,0
l33,9=0,0,0,0,0,62,0,0,15,0,9,2,47,37,100,78,99,88,0,0,30,37,44,25,0,88,100,97,96,74,99,100,37,97,100,100,99,0,100,0,0
l34,9=0,0,0,0,0,0,0,0,4,0,0,0,47,32,34,86,99,80,30,0,30,37,26,0,47,0,100,99,96,84,65,100,29,98,99,100,99,100,0,0,28
l35,9=0,0,0,0,0,0,0,0,9,0,14,0,85,4,45,39,82,65,0,26,44,95,88,93,93,85,100,0,0,40,30,0,5,21,0,0,0,0,0,0,97
l36,9=0,0,0,0,0,0,0,0,76,1,13,0,43,0,0,91,97,91,87,21,86,95,90,96,89,37,99,0,27,19,0,99,0,0,0,0,0,0,0,91,0
l37,9=0,0,0,0,0,0,0,0,7,0,0,0,71,4,0,49,86,73,19,23,79,94,72,93,88,97,99,0,0,0,0,100,0,0,0,0,0,0,0,91,96
l38,9=0,0,28,0,0,0,33,0,0,53,64,65,96,96,92,95,98,69,93,24,87,95,96,96,51,32,99,60,78,0,31,100,0,11,0,0,48,0,27,91,96
l39,9=0,0,0,0,0,0,0,0,0,0,0,0,0,64,1,69,97,88,93,39,88,95,96,96,97,0,55,0,0,0,0,0,0,0,0,68,0,33,0,91,96
l40,9=0,0,0,0,0,0,0,0,0,0,0,0,66,0,0,67,51,76,74,45,71,84,79,96,81,70,46,0,0,44,30,0,0,48,0,18,0,11,0,91,80

l0,10=0,80,90,92,92,88,82,69,73,72,77,83,52,73,43,39,0,17,0,0,0,0,0,0,0,62,0,0,55,0,0,0,0,0,0,0,0,0,0,0,0
l1,10=90,0,86,90,92,87,81,69,69,52,78,68,59,0,47,0,45,0,0,0,0,0,43,0,0,41,0,41,32,0,0,0,0,0,0,0,0,0,0,0,0
l2,10=90,81,0,81,92,88,84,79,75,81,84,88,57,74,38,40,46,0,0,0,0,44,24,29,0,49,0,0,37,0,0,0,0,0,0,0,0,0,0,0,46
l3,10=90,81,82,0,92,88,84,73,75,74,78,84,0,71,49,58,0,0,0,0,0,0,0,0,0,34,0,75,59,0,0,0,0,0,0,0,0,0,0,0,0
l4,10=90,81,93,92,0,88,80,69,72,73,67,83,10,73,71,0,0,0,0,0,0,0,0,0,0,17,0,0,52,0,0,0,0,0,0,0,0,0,0,0,0
l5,10=90,81,93,90,92,0,81,71,75,85,81,90,57,70,40,37,35,0,0,0,0,0,0,0,0,0,0,45,2,0,0,2,0,0,0,1,0,0,0,0,0
l6,10=79,76,85,81,82,84,0,80,80,85,84,88,63,69,32,64,65,52,51,0,21,54,44,61,48,0,0,32,8,0,0,0,0,0,0,0,0,0,0,0,22
l7,10=79,75,81,80,84,83,80,0,81,86,84,89,71,78,49,77,44,66,56,0,28,56,59,38,35,0,0,18,36,0,0,0,0,0,0,0,0,0,0,0,14
l8,10=73,69,76,60,44,83,81,80,0,82,84,86,72,88,49,85,0,73,47,10,66,56,62,64,16,51,0,22,55,0,0,0,0,0,0,0,0,43,0,53,64
l9,10=57,25,81,75,51,85,80,89,81,0,84,90,69,81,30,79,70,59,27,0,28,44,42,41,33,29,0,0,36,0,0,0,0,0,0,0,0,0,0,0,6
l10,10=78,74,81,62,49,82,80,81,82,86,0,89,73,82,84,78,47,58,49,29,25,51,64,52,24,6,0,26,8,0,0,0,0,0,0,0,0,0,0,48,0
l11,10=78,61,82,74,67,84,81,83,81,86,84,0,51,78,34,79,39,67,19,32,29,6,43,49,30,46,0,25,36,0,0,0,0,0,0,0,0,0,0,0,18
l12,10=53,61,44,0,5,11,44,75,82,66,53,56,0,89,57,87,50,97,36,9,3,66,66,24,42,82,0,47,69,0,0,0,0,0,0,0,20,29,60,58,41
l13,10=58,66,45,0,21,28,25,65,56,28,53,51,84,86,0,48,66,98,23,0,24,76,59,66,8,87,0,98,83,31,0,0,0,22,0,6,18,89,37,42,57
l14,10=49,0,43,19,0,42,42,68,81,80,75,82,84,89,83,0,84,97,0,25,37,66,66,72,41,95,44,80,43,0,0,38,0,0,0,0,13,0,0,39,53
l15,10=0,49,54,0,7,16,65,52,29,60,43,56,74,89,95,87,0,98,66,40,44,82,88,83,83,43,0,44,53,32,19,0,0,33,0,26,50,66,74,67,78
l16,10=0,0,0,0,0,0,72,68,78,62,29,69,84,88,95,87,88,0,64,0,50,78,86,82,47,52,45,52,76,0,0,44,0,0,0,6,51,76,75,64,86
l17,10=0,0,0,0,0,0,58,64,62,45,62,34,59,65,65,0,85,72,0,98,85,74,86,85,87,86,0,0,0,76,69,23,65,23,0,78,66,20,0,6,57
l18,10=0,0,0,0,0,0,0,0,45,1,69,73,70,74,9,67,85,0,90,0,85,81,87,79,88,0,78,0,0,48,79,55,0,32,0,14,0,0,0,71,54
l19,10=0,0,0,0,0,0,45,46,66,56,52,61,39,62,66,63,74,79,89,78,0,82,86,91,89,0,3,0,0,70,72,0,74,74,59,79,68,54,75,73,69
l20,10=0,0,35,0,0,0,50,55,56,50,52,20,61,71,70,70,85,80,73,77,85,0,88,91,87,0,68,52,0,65,66,50,65,46,50,71,64,50,53,73,86
l21,10=0,40,0,0,0,0,46,51,58,55,59,57,68,68,65,74,85,86,89,85,85,82,0,91,79,7,64,56,40,58,59,71,47,62,16,59,6,61,55,65,86
l22,10=0,0,0,0,0,0,48,14,67,52,59,44,32,49,72,76,84,88,82,44,87,82,88,0,88,32,64,0,0,77,50,67,55,76,58,73,67,48,54,85,88
l23,10=0,0,0,0,0,0,59,43,31,59,43,39,66,68,61,65,85,79,87,89,86,78,79,91,0,0,75,0,0,71,78,65,78,77,70,77,53,0,79,73,0
l24,10=0,53,0,71,1,44,0,2,2,7,5,17,81,87,95,50,60,97,0,0,0,60,50,0,0,0,67,0,93,37,23,41,47,39,10,49,80,97,91,0,0
l25,10=62,41,49,34,17,0,0,0,51,29,6,46,82,87,95,43,52,86,0,0,0,7,32,0,0,0,0,98,0,51,27,0,6,0,0,28,35,97,90,1,15
l26,10=0,0,0,0,0,0,0,0,0,0,0,0,0,0,44,0,45,0,78,3,68,64,64,75,67,0,0,36,70,0,90,0,89,91,94,90,92,84,87,50,51
l27,10=0,0,0,0,0,0,0,0,0,0,0,0,0,0,0,0,39,0,49,22,79,76,68,51,82,98,36,40,34,86,0,76,89,91,94,90,92,92,91,2,6
l28,10=0,0,0,0,0,0,0,0,0,0,0,0,0,0,0,0,29,0,58,0,78,79,60,64,78,0,70,76,38,86,90,68,0,91,94,90,82,92,87,21,0
l29,10=0,0,0,0,0,0,0,0,0,0,0,0,0,0,40,0,36,0,0,0,73,61,71,80,77,51,0,49,0,86,90,86,89,0,94,90,91,75,83,34,0
l30,10=0,0,0,0,0,0,0,0,0,0,0,0,0,0,0,0,0,0,0,0,23,63,0,70,59,27,90,45,0,86,90,90,89,91,0,90,89,69,66,0,0
l31,10=0,0,0,0,0,2,0,0,0,0,0,0,0,0,38,0,44,23,55,0,50,71,67,65,41,0,0,76,68,86,90,0,89,91,94,0,92,97,91,16,5
l32,10=0,0,0,0,0,0,0,0,0,0,0,0,44,7,35,29,50,77,44,0,23,75,10,65,33,6,89,91,41,86,90,89,82,91,94,90,0,97,91,16,16
l33,10=0,0,0,0,0,0,0,0,6,0,1,0,26,61,90,0,73,88,3,0,3,23,74,17,0,0,91,98,90,55,90,91,89,83,58,90,95,0,91,0,4
l34,10=0,0,0,0,0,0,0,0,0,1,0,0,58,41,11,4,81,76,0,0,23,59,66,48,47,0,94,88,85,86,90,94,54,82,57,90,95,97,0,0,7
l35,10=0,0,0,0,0,0,0,0,40,0,32,0,69,14,43,32,57,25,0,19,70,71,63,90,74,28,90,0,0,26,0,0,0,37,0,20,2,0,0,0,87
l36,10=0,0,13,0,0,0,0,0,49,0,1,0,45,64,65,54,66,74,24,0,59,76,79,90,0,35,92,0,18,50,0,92,0,0,0,1,3,43,0,84,0
l37,10=0,0,0,0,0,0,0,0,29,0,8,0,59,0,36,56,73,65,52,33,59,78,44,90,72,97,84,0,0,0,3,97,0,0,0,0,0,0,0,84,85
l38,10=0,0,0,0,0,0,32,14,0,41,36,6,75,72,80,77,80,70,67,0,67,74,84,90,0,90,87,33,64,0,4,91,0,24,0,0,26,49,0,84,86
l39,10=0,0,0,0,0,0,0,0,0,0,4,0,54,64,59,62,78,51,74,22,73,78,86,87,84,1,50,0,0,0,21,16,0,0,0,54,0,0,49,83,86
l40,10=0,0,0,0,0,0,0,0,0,0,0,0,44,0,0,61,60,53,68,16,77,74,73,91,85,15,51,0,0,50,0,5,0,0,0,14,0,24,0,83,81

l0,11=0,72,76,82,86,82,83,75,59,54,71,72,52,67,46,0,21,0,0,0,0,0,0,0,0,15,0,17,19,0,0,0,0,0,0,0,0,0,0,0,0
l1,11=78,0,73,79,86,82,84,75,75,18,69,68,72,22,56,22,20,0,0,0,0,0,1,0,0,0,0,8,17,0,0,0,0,0,0,0,0,0,0,0,0
l2,11=79,70,0,74,84,82,83,10,63,70,69,70,69,69,42,19,41,0,0,0,0,17,0,10,0,3,0,16,16,0,0,0,0,0,0,0,0,0,0,0,9
l3,11=85,72,75,0,86,82,86,72,45,41,39,67,0,47,0,22,0,0,0,0,0,0,0,0,0,27,0,41,23,0,0,0,0,0,0,0,0,0,0,0,0
l4,11=85,72,76,82,0,82,84,60,0,40,66,50,47,61,39,0,0,0,0,0,0,0,0,0,0,38,0,0,19,0,0,0,0,0,0,0,0,0,0,0,0
l5,11=84,71,76,78,86,0,0,74,76,78,69,70,0,61,45,22,11,0,0,0,0,0,0,0,0,49,0,63,21,0,0,32,0,0,0,27,0,0,0,0,0
l6,11=71,71,67,71,77,0,0,71,76,77,67,69,67,65,40,69,37,45,36,0,22,20,31,39,24,0,0,10,0,0,0,0,0,0,0,0,0,0,0,0,0
l7,11=74,70,5,72,80,80,82,0,77,81,70,72,74,73,43,24,0,41,42,0,15,39,38,19,23,0,0,4,0,0,0,0,0,0,0,0,0,0,0,7,0
l8,11=21,19,55,61,4,78,85,60,0,58,72,73,80,81,45,80,25,80,3,27,27,19,55,39,23,4,0,4,2,0,0,0,0,0,0,0,0,0,0,12,19
l9,11=40,0,53,36,58,80,82,76,77,0,71,75,78,74,31,75,43,64,0,0,11,0,40,44,0,12,0,0,8,0,0,0,0,0,0,0,0,0,0,0,3
l10,11=74,67,66,36,52,80,81,75,79,78,0,72,74,76,40,74,0,70,28,16,11,38,64,23,8,16,0,0,16,0,0,0,0,0,0,0,0,0,0,23,0
l11,11=64,70,72,68,51,80,82,76,77,82,72,0,67,73,40,72,11,58,37,15,37,0,45,41,5,18,0,13,13,0,0,0,0,0,0,0,0,12,0,0,6
l12,11=12,2,19,0,16,0,41,41,43,44,42,33,0,81,79,83,70,91,23,20,10,12,30,44,13,76,0,25,25,0,0,0,0,0,0,0,19,15,17,49,23
l13,11=12,5,8,0,29,58,27,5,31,14,18,25,87,62,0,29,29,89,10,0,24,24,5,49,12,67,0,56,30,16,25,0,0,0,3,20,31,48,64,28,24
l14,11=0,3,6,22,0,52,63,8,79,72,60,56,87,81,79,0,83,90,51,9,12,67,43,34,11,81,14,25,22,0,0,15,0,0,0,5,0,0,31,24,20
l15,11=13,1,35,0,0,31,57,4,30,34,15,24,76,70,64,81,0,93,59,48,26,79,72,65,52,21,0,25,20,27,28,9,28,21,0,48,66,42,61,49,25
l16,11=0,0,0,0,0,0,12,9,47,36,40,30,87,81,85,83,88,0,62,0,10,79,71,79,31,14,25,27,27,0,7,16,0,0,0,2,26,43,58,0,49
l17,11=0,0,0,0,0,0,58,47,6,28,41,47,51,55,36,53,73,67,0,87,83,65,73,76,84,24,0,0,0,64,70,1,57,44,7,60,55,12,6,0,56
l18,11=0,0,0,0,0,0,0,0,57,45,49,44,62,61,0,57,82,0,82,0,85,79,74,79,86,0,54,0,0,0,74,19,0,0,0,44,0,3,0,69,12
l19,11=0,0,0,0,0,0,52,34,58,45,42,53,49,60,53,63,69,49,77,72,0,79,71,77,85,0,0,0,32,51,74,6,70,66,28,71,0,33,40,62,70
l20,11=0,0,23,0,0,0,46,37,25,0,45,0,60,60,54,66,81,72,59,65,85,0,75,83,85,14,35,21,14,57,59,72,50,10,0,65,63,35,0,50,80
l21,11=0,0,0,0,0,0,36,30,55,47,60,41,59,58,27,56,82,81,78,68,83,79,0,83,65,6,53,33,30,51,53,65,18,45,13,51,0,0,0,68,79
l22,11=0,0,0,0,0,0,37,9,20,23,25,27,64,48,36,59,77,77,67,48,83,79,75,0,81,44,52,9,14,65,42,51,30,39,28,28,47,31,24,76,79
l23,11=0,0,0,0,0,0,52,34,49,21,32,18,57,54,54,57,79,69,80,76,85,77,64,80,0,22,72,0,1,55,67,34,67,65,32,71,57,0,64,63,63
l24,11=12,0,10,35,13,69,19,1,13,0,0,26,64,79,85,26,19,23,0,0,0,21,45,15,0,0,41,0,79,22,28,62,29,25,20,64,88,89,56,0,13
l25,11=15,0,3,27,38,49,0,0,4,12,16,18,76,67,81,21,14,24,0,0,14,6,44,22,0,0,0,93,0,34,21,0,24,32,3,73,67,41,21,5,19
l26,11=0,0,0,0,0,0,0,0,0,0,0,0,0,0,14,0,25,0,54,0,35,53,52,72,41,0,0,12,46,0,85,0,82,74,80,85,81,84,78,8,24
l27,11=0,0,0,0,0,0,0,0,0,0,0,0,0,0,37,0,14,0,50,34,75,62,39,43,63,93,12,36,7,75,0,49,82,74,80,85,46,84,78,17,8
l28,11=0,0,0,0,0,0,0,0,0,0,0,0,0,0,0,0,33,0,42,0,60,66,33,27,51,0,46,60,10,76,87,67,0,81,84,85,74,66,71,0,12
l29,11=0,0,0,0,0,0,0,0,0,0,0,0,0,0,0,0,49,0,48,0,62,34,47,58,57,34,0,36,48,76,85,73,82,0,84,85,70,78,74,7,28
l30,11=0,0,0,0,0,0,0,0,0,0,0,0,0,0,3,0,0,0,0,0,15,0,17,29,16,21,85,33,0,76,88,85,82,81,0,85,72,79,58,0,0
l31,11=0,0,0,0,0,32,0,0,0,0,0,0,0,0,15,9,16,1,19,6,72,65,51,34,62,0,0,49,67,73,85,0,80,74,80,0,81,86,84,0,0
l32,11=0,0,0,0,0,0,0,0,0,0,0,0,32,35,41,0,16,19,12,0,0,32,0,62,20,24,82,79,35,73,32,80,54,48,55,85,0,88,89,0,0
l33,11=0,0,0,0,0,0,0,0,0,0,0,13,41,48,77,5,36,23,1,0,13,16,0,45,0,32,74,93,78,48,88,74,29,45,35,86,92,0,89,0,0
l34,11=0,0,0,0,0,0,0,0,0,0,0,0,40,31,55,13,76,34,4,0,15,0,0,28,27,3,80,45,25,73,85,80,56,74,79,86,92,89,0,0,14
l35,11=0,0,0,0,0,0,0,0,1,0,3,0,67,41,48,17,69,0,0,31,70,69,59,70,60,73,85,0,1,0,30,0,0,2,0,0,0,0,0,0,84
l36,11=0,0,0,0,0,0,0,0,24,0,1,0,51,61,52,32,70,68,52,0,67,78,61,78,32,67,81,14,22,41,23,81,1,15,0,0,0,0,8,81,0
l37,11=0,0,0,0,0,0,0,0,0,0,0,0,60,43,58,0,70,68,57,0,6,72,50,73,67,41,84,0,0,0,0,86,0,0,0,0,0,0,0,80,81
l38,11=0,0,0,0,0,0,36,26,33,33,30,37,51,66,58,70,86,68,61,24,70,75,67,75,68,21,78,0,19,0,0,84,0,0,0,0,0,37,45,81,81
l39,11=0,0,0,0,0,0,0,0,0,0,0,0,54,50,0,55,72,62,60,53,73,74,71,70,72,5,8,0,0,32,0,0,56,27,0,51,0,0,37,80,81
l40,11=0,0,0,0,0,0,0,0,0,0,0,0,0,0,12,50,65,59,51,44,73,65,66,80,74,19,24,0,0,0,54,0,40,0,0,52,1,0,0,74,75

l0,12=0,87,80,77,71,72,69,76,76,83,81,74,61,76,12,2,30,0,0,0,0,0,0,0,0,12,0,0,23,0,0,0,0,0,0,0,0,0,0,0,0
l1,12=87,0,77,77,70,72,71,75,76,81,78,71,69,68,55,37,38,0,0,0,0,19,16,0,0,6,0,0,27,0,0,0,0,0,0,0,0,0,0,0,0
l2,12=87,82,0,69,67,72,71,73,76,81,78,71,60,56,0,55,61,25,21,0,5,31,7,41,0,48,0,55,26,0,0,0,0,0,0,0,0,0,0,0,0
l3,12=88,87,77,0,72,72,70,72,66,68,67,71,0,1,0,0,0,0,0,0,0,0,0,0,0,36,0,62,26,0,0,0,0,0,0,0,0,28,0,0,0
l4,12=88,87,80,77,0,72,70,75,63,81,73,71,0,57,52,0,0,0,0,0,0,0,0,0,0,33,0,64,33,0,0,0,0,0,0,0,0,0,6,0,0
l5,12=88,87,80,77,73,0,64,72,77,80,78,71,62,46,42,57,38,0,0,0,0,11,0,0,0,0,0,50,0,0,0,13,0,0,0,9,0,0,0,0,0
l6,12=73,84,79,69,66,62,0,74,74,75,61,67,66,69,62,65,34,18,19,20,48,25,27,37,54,0,0,0,0,0,0,0,0,0,0,0,0,0,0,0,29
l7,12=81,82,77,69,66,66,69,0,76,85,81,75,69,76,58,51,14,16,34,0,49,42,38,47,59,0,0,56,1,0,0,0,0,0,0,0,0,0,0,0,0
l8,12=72,80,77,58,54,62,68,77,0,83,81,72,77,80,71,75,44,40,27,39,51,36,40,50,49,28,0,51,24,0,0,0,0,0,0,0,0,0,1,21,0
l9,12=80,83,77,48,65,64,62,78,76,0,78,75,77,69,50,74,44,38,0,0,30,18,31,51,53,31,0,46,20,0,0,0,0,0,0,0,0,0,0,0,47
l10,12=80,81,77,49,56,65,41,76,77,83,0,72,68,77,58,68,67,71,8,44,49,70,65,48,42,44,0,54,12,0,0,0,0,0,0,0,0,0,0,22,0
l11,12=81,82,77,69,65,67,68,80,83,85,81,0,70,77,24,68,50,7,0,42,42,28,28,45,43,8,0,38,0,0,0,0,0,0,0,0,0,0,0,0,35
l12,12=35,52,38,0,2,28,56,67,70,81,76,64,0,80,84,81,47,87,23,0,42,5,42,65,64,75,0,67,41,0,0,10,0,0,0,2,0,24,48,70,66
l13,12=0,20,0,0,17,12,43,34,70,53,63,11,86,73,0,81,47,51,7,0,41,5,3,52,58,55,0,79,46,0,34,0,0,0,0,0,29,50,76,31,68
l14,12=0,2,39,0,0,27,59,23,71,78,74,65,86,80,84,0,76,85,29,50,53,53,41,64,65,86,0,64,38,0,0,0,0,0,0,11,4,26,31,63,55
l15,12=38,42,51,0,0,38,40,35,63,65,58,48,79,71,82,80,0,87,74,66,62,73,73,66,74,41,0,63,22,32,47,18,43,10,0,39,48,35,59,66,57
l16,12=0,0,35,0,0,0,30,38,67,72,67,39,86,78,86,81,78,0,46,3,77,79,79,71,66,13,51,77,18,0,37,35,0,0,0,35,48,67,6,74,75
l17,12=1,0,6,0,0,0,35,56,50,38,45,0,56,52,47,58,74,61,0,95,84,78,74,63,82,4,0,0,1,58,73,40,0,53,43,65,13,0,0,59,56
l18,12=0,0,0,0,0,0,32,0,50,14,63,51,0,59,0,68,76,10,85,0,84,81,77,73,83,0,42,0,0,0,70,60,0,22,0,44,0,0,0,70,0
l19,12=0,0,0,0,0,0,40,48,65,44,52,42,57,38,55,65,71,75,83,76,0,81,77,73,82,0,0,0,0,69,77,2,60,67,23,73,60,4,53,68,71
l20,12=0,0,30,0,0,5,31,47,48,43,61,36,47,59,54,69,74,78,79,71,84,0,79,74,81,3,58,0,11,36,52,72,62,27,1,53,46,26,46,75,79
l21,12=0,13,0,0,0,0,32,47,49,50,58,39,67,53,45,63,76,83,81,60,84,81,0,74,77,4,60,52,14,60,58,64,44,29,0,54,27,52,41,77,69
l22,12=0,0,12,0,0,0,31,42,43,47,43,40,68,36,46,57,61,74,69,57,84,81,79,0,79,5,59,15,21,57,45,58,48,29,26,34,40,18,51,78,76
l23,12=0,0,0,0,0,0,35,48,48,51,44,40,60,51,57,59,73,60,83,78,84,78,66,71,0,56,56,0,0,61,55,57,58,72,27,73,0,0,54,62,64
l24,12=0,0,46,42,35,24,0,40,29,40,54,24,69,69,86,33,26,35,0,0,0,0,12,17,0,6,60,0,78,15,51,73,60,19,38,37,82,53,66,0,27
l25,12=12,6,48,36,33,0,0,0,28,31,44,8,75,55,86,41,13,4,0,0,3,4,5,56,6,0,0,88,0,6,0,0,53,34,0,46,43,30,75,10,20
l26,12=0,0,0,0,0,0,0,0,0,0,0,0,0,0,0,0,51,0,42,0,58,60,59,56,60,0,0,46,21,0,86,0,85,83,81,84,80,76,83,0,30
l27,12=0,0,0,0,0,0,0,0,0,0,0,0,1,6,35,0,18,19,68,33,75,56,63,43,45,88,46,28,0,80,0,52,82,83,81,84,80,81,83,31,13
l28,12=0,0,0,0,0,0,0,0,0,0,0,0,0,0,0,0,36,0,0,0,49,67,36,45,60,0,21,63,41,81,90,70,0,88,84,83,74,71,82,30,20
l29,12=0,0,0,0,0,0,0,0,0,0,0,0,0,0,0,0,26,0,47,0,41,42,43,44,61,6,0,43,44,81,86,79,85,0,84,84,74,74,83,8,23
l30,12=0,0,0,0,0,0,0,0,0,0,0,0,0,0,0,0,0,0,20,0,11,1,0,18,39,0,86,58,0,81,78,86,85,88,0,84,73,68,70,0,0
l31,12=0,0,0,0,0,13,0,0,0,0,0,0,10,0,0,18,35,40,60,2,72,64,58,57,73,0,0,52,70,79,86,0,82,83,81,0,83,84,89,17,50
l32,12=0,0,0,0,0,0,0,0,0,0,0,0,0,14,72,3,26,18,16,0,66,39,31,61,0,53,85,64,41,79,86,82,82,81,81,84,0,88,93,0,4
l33,12=0,0,0,35,0,0,0,0,0,0,25,0,59,15,83,23,27,35,0,0,5,23,44,32,0,34,83,84,54,49,86,83,78,52,42,84,84,0,93,10,0
l34,12=0,0,0,0,23,0,0,0,0,0,5,0,51,8,76,24,69,4,0,0,47,38,25,53,48,0,81,66,70,79,86,81,82,83,79,84,84,88,0,0,0
l35,12=0,0,0,0,0,0,0,0,5,0,25,0,71,25,38,63,68,73,48,54,69,64,63,71,70,46,84,0,0,0,17,0,0,0,0,0,0,0,0,0,80
l36,12=0,0,0,0,0,0,12,0,0,55,0,26,70,40,66,57,39,70,37,0,64,79,59,70,69,43,80,44,11,19,0,83,0,0,0,36,0,0,0,81,0
l37,12=0,0,0,0,0,0,0,0,0,0,0,0,65,36,64,33,73,23,61,58,67,59,65,67,73,30,76,10,0,0,0,84,0,0,0,0,0,0,0,77,77
l38,12=0,0,0,0,0,0,0,45,57,0,55,34,70,58,71,68,78,71,65,54,74,72,70,71,72,75,83,7,0,0,28,89,0,0,0,18,0,18,41,81,79
l39,12=0,0,0,0,0,0,0,0,0,0,33,0,0,0,0,45,73,65,63,0,82,68,72,71,80,10,0,0,0,49,45,17,48,7,0,59,29,0,0,80,78
l40,12=0,0,0,0,0,0,0,0,0,0,39,0,0,36,48,53,69,64,70,0,75,65,60,71,70,20,30,0,0,0,52,50,36,0,0,35,0,0,0,77,74

l0,13=0,86,89,93,100,89,91,72,81,88,87,81,58,66,0,78,54,0,0,0,0,0,0,0,0,5,0,0,3,0,0,0,0,0,0,0,0,0,0,0,0
l1,13=94,0,89,93,100,89,91,80,76,86,89,76,53,75,69,54,46,0,0,0,0,1,13,0,0,64,0,76,54,0,0,0,0,0,0,0,0,0,0,0,0
l2,13=94,86,0,88,100,88,91,84,87,89,90,82,48,55,39,74,61,30,0,0,3,10,7,24,1,0,0,79,25,0,0,0,0,0,0,0,0,0,0,0,0
l3,13=94,86,89,0,100,89,91,75,72,79,80,73,37,39,37,0,38,0,0,0,0,0,0,0,0,9,0,6,54,0,0,0,0,0,0,0,0,51,0,0,0
l4,13=94,86,89,93,0,89,91,85,82,89,90,69,2,2,7,14,0,0,0,0,0,0,0,0,0,14,0,80,50,0,0,0,0,0,0,0,0,0,17,0,0
l5,13=94,86,89,93,100,0,78,81,88,79,90,50,50,65,63,72,52,0,0,0,0,0,0,0,0,67,0,40,43,0,0,0,0,0,0,0,15,54,0,0,0
l6,13=84,86,89,87,89,56,0,84,82,89,89,76,71,75,31,81,50,6,17,23,49,39,23,40,36,0,0,0,0,0,0,0,0,0,0,0,0,0,0,0,20
l7,13=72,81,84,50,86,78,91,0,85,89,90,83,71,78,45,85,74,30,25,0,64,75,25,21,37,15,0,43,11,0,0,0,0,0,0,0,0,0,0,0,0
l8,13=80,76,30,20,49,86,85,83,0,89,90,84,52,88,45,84,81,38,0,0,69,72,28,29,30,13,0,80,8,0,0,0,0,0,0,0,0,0,0,28,36
l9,13=81,76,84,26,86,79,91,85,89,0,90,85,72,77,19,83,72,10,26,0,38,67,2,29,41,63,0,73,49,0,0,0,0,0,0,0,0,0,0,0,40
l10,13=80,81,35,27,64,78,87,81,91,89,0,85,66,87,12,87,74,42,16,4,54,73,26,15,24,14,0,36,0,0,0,0,0,0,0,0,0,0,0,13,20
l11,13=85,78,84,82,63,80,87,85,88,89,90,0,80,87,39,88,72,36,12,10,59,69,25,26,26,3,0,16,13,0,0,0,0,0,0,0,0,0,0,0,40
l12,13=60,67,19,24,0,42,87,70,70,76,32,27,0,88,55,97,85,98,24,2,49,69,32,12,29,33,6,74,62,0,9,15,0,0,0,8,0,34,25,28,49
l13,13=0,68,5,0,6,70,36,16,61,31,20,5,63,47,0,97,93,54,8,0,36,70,21,1,12,23,0,100,74,0,17,0,0,0,11,29,45,88,94,14,39
l14,13=52,3,0,0,4,75,82,63,72,63,58,26,90,88,92,0,93,99,26,8,73,76,29,11,30,25,0,70,66,0,0,27,0,0,0,0,28,43,23,36,44
l15,13=57,32,21,1,9,59,69,62,79,66,39,17,87,83,94,96,0,98,90,50,85,87,52,59,89,57,0,82,57,21,20,0,49,55,0,22,47,84,78,58,50
l16,13=0,0,13,0,0,0,8,44,86,23,90,14,90,88,95,97,93,0,46,50,96,92,93,92,60,92,35,98,0,0,1,54,0,0,0,24,43,84,45,86,90
l17,13=0,0,0,0,0,0,27,65,0,71,19,20,77,75,59,77,91,81,0,97,94,90,92,78,94,0,0,0,7,73,80,20,30,80,60,79,49,0,1,50,37
l18,13=0,0,0,0,0,0,75,1,0,0,81,69,53,81,20,84,88,88,98,0,94,92,87,93,94,1,24,0,0,46,78,82,72,0,0,19,0,0,0,83,75
l19,13=0,0,0,0,0,0,71,55,72,48,36,51,22,71,34,89,85,90,96,93,0,92,93,93,95,0,31,0,0,72,66,0,69,75,57,85,73,21,72,83,87
l20,13=0,0,0,0,0,0,0,60,64,50,82,39,60,77,68,87,89,98,91,93,96,0,93,92,92,0,73,37,22,82,22,84,71,67,17,79,65,48,73,90,91
l21,13=0,0,0,0,0,0,51,53,75,14,84,30,88,82,65,95,90,95,95,35,94,92,0,93,93,50,78,27,36,68,48,85,59,65,0,44,29,68,48,87,85
l22,13=0,0,5,0,0,0,60,42,69,62,45,31,80,55,25,77,87,93,27,87,96,92,93,0,28,22,76,51,8,80,0,74,78,65,57,20,39,45,33,91,91
l23,13=0,0,0,0,0,0,60,49,60,62,66,12,60,82,63,70,91,71,95,97,94,90,92,65,0,2,77,3,0,71,77,17,85,89,68,93,72,0,66,60,84
l24,13=0,58,12,0,20,56,0,15,59,56,23,0,32,23,95,37,91,52,0,0,0,50,14,12,0,0,57,0,98,29,25,89,82,62,4,33,49,100,96,0,0
l25,13=5,64,0,9,14,67,0,15,13,63,14,3,33,23,25,57,92,0,1,0,0,50,22,2,0,0,0,100,0,17,27,0,80,89,38,35,38,91,98,3,24
l26,13=0,0,0,0,0,0,0,0,0,0,0,0,6,0,0,0,35,0,24,31,73,78,76,77,57,0,0,66,23,0,94,0,93,93,95,94,91,93,66,34,39
l27,13=0,0,0,0,0,0,0,0,0,0,0,0,20,11,27,9,39,0,85,48,77,71,80,3,81,100,66,17,31,87,0,40,93,93,94,94,92,93,92,0,0
l28,13=0,0,0,0,0,0,0,0,0,0,0,0,0,0,0,0,32,0,17,32,71,72,45,72,74,0,23,56,53,87,94,92,0,93,95,93,76,88,92,0,0
l29,13=0,0,0,0,0,0,0,0,0,0,0,0,0,0,0,0,26,0,69,0,72,66,46,63,83,17,0,34,42,87,93,87,93,0,95,93,92,88,92,0,0
l30,13=0,0,0,0,0,0,0,0,0,0,0,0,0,0,31,0,0,0,9,0,57,31,0,65,56,27,94,0,38,87,81,94,93,93,0,89,82,84,51,0,0
l31,13=0,0,0,0,0,0,0,0,0,0,0,0,15,0,27,0,54,20,82,0,84,85,74,17,89,0,0,40,92,87,94,0,93,93,95,0,95,100,98,22,27
l32,13=0,0,0,0,0,34,0,0,0,0,0,0,0,5,33,26,83,38,23,0,84,81,24,21,29,80,93,39,47,87,94,93,91,93,60,94,0,100,98,8,29
l33,13=0,0,0,2,0,35,0,0,0,0,0,0,17,0,24,32,92,47,0,0,26,65,31,22,0,89,93,100,74,86,59,93,90,93,83,94,95,0,98,21,0
l34,13=0,0,0,0,10,0,0,0,0,0,0,0,18,0,91,25,86,20,0,0,64,81,22,15,19,38,95,92,94,48,94,95,93,93,34,94,95,100,0,1,20
l35,13=0,0,0,0,0,0,3,0,18,0,1,0,42,20,7,70,80,63,18,12,84,91,84,93,24,35,94,0,0,15,0,0,0,0,0,21,0,16,0,0,90
l36,13=0,0,0,0,0,0,13,0,19,25,4,18,66,20,58,73,76,66,0,8,72,91,48,89,73,38,91,0,8,16,0,95,0,0,0,17,32,0,0,89,0
l37,13=0,0,0,0,0,0,0,0,0,0,0,0,62,15,69,0,81,67,64,62,68,91,91,93,80,91,93,0,0,0,0,100,0,0,0,1,0,0,0,89,89
l38,13=0,0,0,0,0,0,0,0,71,8,62,14,79,73,87,90,91,91,26,17,82,92,87,85,84,98,66,37,0,16,0,98,0,0,0,0,0,33,69,91,91
l39,13=0,0,0,0,0,0,0,0,0,0,0,0,74,11,35,0,87,28,0,0,93,91,91,93,92,3,34,0,0,0,0,22,0,0,0,38,0,0,0,89,89
l40,13=0,0,0,0,0,0,0,0,0,26,0,0,39,33,2,64,53,71,82,44,77,90,82,93,84,24,39,0,0,0,29,27,0,59,0,11,0,0,0,89,89

l0,14=0,100,100,97,100,100,99,100,97,100,100,100,89,19,70,14,0,0,0,0,0,0,0,0,0,4,0,90,0,0,0,0,0,0,0,0,0,0,0,0,0
l1,14=100,0,100,97,100,100,99,100,96,100,100,100,0,99,97,41,74,0,0,0,0,0,0,7,0,51,0,0,86,0,0,0,0,0,0,0,0,0,0,0,0
l2,14=100,100,0,97,100,100,99,100,83,100,100,99,99,99,97,79,75,14,0,0,0,0,0,0,0,0,0,42,0,0,0,0,0,0,0,0,0,0,0,0,0
l3,14=100,100,100,0,100,100,99,62,78,99,100,100,85,96,83,0,0,0,0,0,0,0,0,0,0,0,0,80,0,0,0,0,0,0,0,0,0,0,0,0,0
l4,14=100,100,100,97,0,100,99,72,80,100,100,100,93,95,18,82,57,0,0,0,0,0,0,0,0,95,0,88,98,0,0,0,0,0,0,0,0,0,0,0,0
l5,14=100,100,100,97,96,0,99,100,97,100,100,100,94,85,74,76,66,79,0,0,0,0,0,0,0,97,0,89,97,0,0,0,0,0,0,0,20,0,0,0,0
l6,14=100,100,100,97,100,100,0,100,97,100,100,100,99,99,89,99,93,0,54,0,68,84,64,97,55,0,0,0,0,0,0,0,0,0,0,0,0,0,0,0,57
l7,14=100,99,100,97,100,100,99,0,97,100,100,100,98,99,91,1,100,81,43,0,47,100,70,55,60,0,0,67,0,0,0,0,0,0,0,0,0,0,0,0,0
l8,14=62,95,52,91,98,100,99,100,0,100,100,100,88,99,94,99,73,91,7,0,62,92,90,56,50,28,0,81,81,0,0,0,0,0,0,0,0,43,0,91,61
l9,14=97,100,100,89,100,100,99,100,97,0,100,100,99,99,88,99,100,92,57,0,39,89,73,57,62,55,0,71,87,0,0,0,0,0,0,0,0,0,0,0,61
l10,14=99,100,100,97,100,100,99,100,97,100,0,100,99,99,70,99,100,98,53,47,57,100,100,56,0,58,0,74,85,0,0,0,0,0,0,0,0,0,0,0,71
l11,14=53,100,79,97,100,100,99,100,97,100,100,0,99,99,56,99,73,68,41,0,0,98,89,44,54,44,0,81,70,0,0,0,0,0,0,0,0,0,0,0,73
l12,14=32,94,71,65,54,60,60,58,53,88,98,90,0,99,99,99,89,100,23,1,47,95,88,59,54,86,0,79,97,0,25,0,0,0,0,0,45,51,58,60,72
l13,14=0,59,59,70,84,92,23,24,74,51,51,66,99,60,0,91,100,100,0,0,36,86,42,17,20,63,0,99,100,86,25,0,0,0,0,29,63,60,58,0,55
l14,14=51,80,88,54,9,58,93,0,97,100,100,93,99,99,100,0,100,100,0,37,61,95,99,56,59,100,69,79,98,0,24,43,0,0,0,41,0,0,87,93,72
l15,14=2,49,23,11,91,92,59,61,79,98,97,96,97,98,100,99,0,98,98,58,98,98,98,97,91,86,0,86,97,85,0,60,62,0,0,68,59,97,97,97,98
l16,14=0,0,4,0,1,92,0,58,77,98,100,65,99,99,100,99,100,0,64,25,100,100,100,100,61,78,77,99,100,0,0,99,0,0,0,0,62,60,77,79,76
l17,14=0,0,0,0,0,0,89,74,8,92,90,82,90,98,0,44,98,92,0,98,98,98,98,97,100,100,0,0,0,84,97,0,91,92,80,98,91,0,0,94,42
l18,14=0,0,0,0,0,0,0,21,0,0,97,0,81,63,0,98,99,77,100,0,98,98,98,97,100,0,44,0,0,96,0,99,0,64,0,78,0,0,0,1,86
l19,14=0,0,0,0,0,0,98,53,96,86,89,0,97,98,81,98,99,98,100,97,0,100,100,100,100,0,47,0,79,98,56,9,98,98,89,98,73,1,94,98,92
l20,14=0,0,0,0,0,0,80,92,96,87,97,96,97,0,97,98,99,98,98,97,100,0,100,100,99,32,100,76,95,98,96,98,97,97,83,70,61,0,98,98,98
l21,14=0,0,0,0,0,0,53,56,96,86,97,98,97,98,79,98,99,98,100,97,100,100,0,100,99,93,98,81,92,98,82,75,59,80,0,68,59,55,97,98,98
l22,14=0,0,0,0,0,0,98,84,96,97,96,80,97,98,82,98,99,98,98,97,100,100,100,0,99,56,98,0,0,98,93,41,98,88,85,90,82,97,94,98,99
l23,14=0,0,0,0,0,0,95,94,70,94,42,84,97,97,84,95,98,95,98,97,98,98,98,97,0,0,98,61,0,95,95,60,94,97,93,98,96,78,95,70,20
l24,14=59,0,34,67,99,100,0,38,72,55,59,71,82,67,100,83,78,100,0,0,0,89,60,0,37,0,99,0,100,100,63,100,51,82,94,55,63,100,100,0,58
l25,14=4,51,0,0,95,97,0,0,28,55,58,44,86,63,100,86,78,100,0,0,32,93,56,0,0,0,0,99,0,99,29,0,62,76,63,54,63,54,61,1,0
l26,14=0,0,0,0,0,0,0,0,0,0,0,0,0,0,69,0,77,0,44,47,100,98,98,98,99,0,0,96,94,0,100,0,100,99,98,100,100,100,100,38,79
l27,14=0,0,0,0,0,0,0,0,0,0,0,0,62,0,58,59,0,0,98,0,64,98,97,91,99,99,96,96,88,100,0,98,100,99,96,100,99,100,100,34,74
l28,14=0,0,0,0,0,0,0,0,0,0,0,0,0,0,46,0,76,0,73,0,77,91,57,87,89,0,94,66,85,100,100,97,0,99,98,100,88,100,100,62,0
l29,14=0,0,0,0,0,0,0,0,0,0,0,0,0,0,0,0,0,0,91,0,85,74,62,54,96,99,0,81,92,100,100,100,100,0,98,100,100,83,100,0,0
l30,14=0,0,0,0,0,0,0,0,0,0,0,0,0,0,0,0,0,0,31,0,71,75,0,78,89,29,100,84,61,100,86,100,100,99,0,85,91,92,68,0,0
l31,14=0,0,0,0,0,0,0,0,0,0,0,0,0,0,43,60,99,0,99,9,98,75,41,60,100,0,0,98,97,100,100,0,100,99,98,0,100,100,100,38,60
l32,14=0,0,0,0,0,85,0,0,0,0,0,0,75,20,93,0,77,98,74,0,89,93,57,28,89,62,100,99,98,100,100,100,100,99,98,100,0,100,100,0,70
l33,14=0,0,0,0,68,26,0,0,49,0,0,0,83,0,93,0,100,100,0,0,0,0,47,44,51,76,99,99,100,100,100,99,100,82,98,100,100,0,100,0,76
l34,14=0,0,0,0,0,45,0,0,0,0,0,0,71,0,93,77,91,93,0,0,54,95,61,40,51,63,98,99,100,100,100,98,100,99,81,100,100,100,0,1,58
l35,14=0,0,0,0,0,0,0,0,80,0,0,0,87,61,0,84,89,85,90,0,89,98,98,97,1,54,100,0,3,46,1,0,12,0,0,43,0,0,0,0,98
l36,14=0,0,0,0,0,0,23,0,23,42,49,79,87,67,53,83,94,86,0,9,43,98,90,97,9,63,100,67,0,76,51,100,0,0,0,30,0,57,3,99,0
l37,14=0,0,0,0,0,0,0,0,0,0,0,0,96,90,86,84,94,90,0,34,81,98,97,97,97,54,100,0,0,0,0,100,0,0,0,0,0,0,0,98,98
l38,14=0,0,0,0,0,0,0,82,92,34,91,0,95,97,97,97,94,98,0,0,93,99,98,97,97,61,100,87,0,84,0,100,0,0,0,0,0,55,96,99,100
l39,14=0,0,0,0,0,0,0,0,0,0,27,0,97,1,85,87,98,0,94,49,98,98,98,97,99,1,38,0,0,0,0,38,0,0,0,0,0,0,0,98,98
l40,14=0,0,0,0,0,0,0,0,0,0,0,0,47,0,70,74,78,78,95,77,91,98,97,97,94,0,79,0,0,0,82,60,17,85,0,62,35,0,0,98,97

l0,15=0,100,100,100,100,100,100,100,98,100,100,100,95,98,94,69,96,0,0,0,0,0,0,0,0,64,0,95,97,0,0,0,0,0,0,0,0,0,0,0,0
l1,15=100,0,100,100,100,100,100,100,97,100,100,100,93,100,98,100,99,0,0,0,0,0,0,0,0,0,0,97,7,0,0,0,0,0,0,0,0,0,0,0,0
l2,15=100,100,0,98,100,100,100,100,98,100,96,100,85,99,61,61,85,1,0,0,0,0,0,0,0,78,0,59,96,0,0,0,0,0,0,0,0,0,0,0,0
l3,15=100,100,100,0,100,100,100,100,98,100,100,71,86,100,62,17,64,0,0,0,0,0,0,0,0,0,0,57,24,0,0,0,0,0,0,0,0,0,0,0,0
l4,15=100,100,100,100,0,100,100,98,97,100,100,98,85,100,62,21,85,0,0,0,0,0,0,0,0,1,0,58,51,0,0,0,0,0,0,0,0,0,0,0,0
l5,15=100,100,100,100,100,0,100,100,98,100,100,100,86,100,57,61,19,89,0,0,0,0,0,0,0,48,0,55,96,0,0,0,0,0,0,0,0,78,0,0,0
l6,15=100,100,100,100,100,100,0,100,98,100,100,100,99,100,63,100,100,95,73,0,96,96,83,99,98,96,0,0,96,0,0,0,0,0,0,0,0,0,0,78,0
l7,15=100,100,100,100,100,100,100,0,98,100,100,100,99,100,62,100,100,99,74,13,61,85,99,84,65,0,0,0,0,0,0,0,0,0,0,0,0,0,0,0,97
l8,15=97,96,98,84,60,99,100,100,0,100,100,100,97,97,61,100,83,85,0,0,60,95,98,84,60,0,0,0,0,0,0,0,0,0,0,0,0,9,0,93,97
l9,15=100,100,100,85,82,100,100,100,98,0,100,100,97,100,60,100,100,100,76,0,0,95,95,81,57,77,0,58,92,0,0,0,0,0,0,0,0,0,2,0,52
l10,15=100,100,98,86,61,100,100,100,98,100,0,100,88,100,60,100,83,98,74,53,60,99,100,84,0,55,0,57,42,0,0,0,0,0,0,0,0,0,0,0,58
l11,15=100,100,100,84,76,100,100,100,98,100,100,0,97,100,60,97,98,95,75,17,28,94,97,75,59,38,0,57,60,0,0,0,0,0,0,0,0,0,0,0,0
l12,15=58,32,63,48,50,62,99,97,94,81,98,69,0,100,62,100,85,98,0,0,59,97,98,84,60,86,0,58,98,0,46,0,0,0,0,0,0,78,0,56,98
l13,15=57,88,98,85,42,47,81,61,80,76,100,48,99,100,0,100,100,100,76,0,16,99,97,84,60,100,0,98,100,98,61,0,2,0,0,62,60,100,100,0,69
l14,15=69,96,92,0,37,61,100,99,98,100,100,82,99,100,100,0,100,100,78,60,61,99,100,83,62,100,95,73,99,0,0,60,0,0,0,10,0,96,88,96,99
l15,15=56,82,93,1,37,32,99,99,96,100,99,71,99,99,100,100,0,98,78,62,61,98,99,99,63,62,0,58,98,92,57,30,44,0,0,96,90,98,0,96,99
l16,15=0,0,0,0,0,46,95,66,76,100,99,69,99,100,100,100,100,0,78,34,99,99,100,100,0,85,88,58,100,1,0,98,0,0,0,93,93,98,99,96,99
l17,15=0,0,0,0,0,0,69,76,0,90,94,69,0,95,64,95,98,92,0,100,99,96,100,99,100,100,0,0,0,88,95,97,90,95,93,96,92,66,23,87,90
l18,15=0,0,0,0,0,0,0,47,0,0,96,80,0,95,0,95,98,59,98,0,99,98,97,98,100,0,97,0,0,81,0,98,0,93,0,81,0,0,0,0,94
l19,15=0,0,0,0,0,0,87,80,94,0,96,37,95,95,31,95,98,92,98,97,0,99,99,99,100,0,34,0,7,99,72,47,91,95,85,96,0,64,75,93,96
l20,15=0,0,0,0,0,0,87,36,93,93,97,66,97,96,96,99,95,95,96,97,99,0,100,100,97,0,100,54,89,95,94,89,94,0,87,79,84,0,65,96,97
l21,15=0,0,0,0,0,0,83,97,95,94,99,96,98,96,96,99,98,98,98,97,99,99,0,100,99,60,98,69,85,97,51,60,91,66,0,95,97,96,97,96,99
l22,15=0,0,0,0,0,0,87,74,94,82,96,43,99,94,78,90,98,98,98,96,99,99,100,0,99,95,99,31,9,92,38,98,88,94,87,95,92,94,93,96,99
l23,15=0,0,0,0,0,0,84,86,82,79,36,91,91,94,57,92,97,0,98,99,99,98,98,98,0,7,99,0,0,92,87,99,86,93,89,97,87,87,80,86,3
l24,15=64,89,99,86,43,47,0,0,0,78,64,46,86,100,100,62,85,100,0,0,0,60,98,80,0,0,99,0,100,98,61,99,46,69,100,70,60,100,100,7,69
l25,15=64,0,78,0,1,48,96,0,0,77,55,38,86,100,100,62,85,100,0,0,0,60,95,7,0,0,0,98,0,100,62,0,47,70,96,71,60,100,100,69,53
l26,15=0,0,0,0,0,0,0,0,0,0,0,0,0,0,95,0,88,0,97,34,100,98,99,99,99,0,0,88,99,0,100,0,98,100,100,100,100,98,100,82,16
l27,15=0,0,0,0,0,0,0,0,0,0,0,0,83,82,92,32,88,0,98,0,60,59,81,74,99,98,88,89,99,100,0,97,98,100,100,100,100,100,100,0,64
l28,15=0,0,0,0,0,0,0,0,0,0,0,0,0,0,44,0,80,0,61,0,89,87,87,85,89,0,99,90,86,100,100,99,0,100,100,100,100,100,100,0,0
l29,15=0,0,0,0,0,0,0,0,0,0,0,0,0,0,0,0,0,0,88,63,91,0,87,88,89,100,0,90,87,100,100,100,98,0,100,100,100,94,100,0,33
l30,15=0,0,0,0,0,0,0,0,0,0,0,0,0,0,0,0,0,0,61,0,74,50,0,85,89,62,100,90,85,100,95,100,98,100,0,99,92,93,85,0,0
l31,15=0,0,0,0,0,0,0,0,0,0,0,0,0,0,60,30,98,97,98,47,89,60,98,99,99,0,0,97,99,100,100,0,98,100,100,0,100,100,100,4,0
l32,15=0,0,0,0,0,0,0,0,0,0,0,0,0,96,100,0,97,98,78,0,0,60,98,99,63,47,98,98,100,100,100,98,69,100,100,100,0,100,100,87,63
l33,15=0,0,0,0,0,42,0,0,0,0,0,0,86,91,100,62,100,100,72,0,42,0,99,90,64,70,100,98,100,100,99,100,69,100,100,100,100,0,100,0,61
l34,15=0,0,0,0,0,0,0,0,0,0,0,0,2,83,100,55,0,100,21,0,42,53,100,100,59,96,100,98,100,100,100,100,98,100,100,100,100,100,0,0,0
l35,15=0,0,0,0,0,0,15,0,63,0,0,0,62,63,0,90,94,62,51,0,89,97,96,97,91,71,100,0,4,43,0,0,0,0,0,0,22,0,0,0,99
l36,15=0,0,0,0,0,0,0,49,60,3,43,0,94,65,47,91,92,59,38,43,87,95,89,99,2,60,100,30,2,0,30,100,0,0,0,0,22,37,0,97,0
l37,15=0,0,0,0,0,0,0,0,65,0,0,0,77,83,77,86,93,79,68,52,78,97,93,96,95,100,98,0,0,0,61,100,0,0,0,39,0,0,0,96,99
l38,15=0,0,0,0,0,0,40,29,91,56,55,57,97,94,96,99,92,98,56,11,96,98,99,99,97,100,100,87,38,0,7,100,15,0,0,6,0,70,35,96,100
l39,15=0,0,0,0,0,0,0,0,0,0,71,0,66,0,64,65,94,60,82,64,98,98,99,96,94,69,82,0,0,0,66,4,0,0,0,66,0,55,20,96,99
l40,15=0,0,0,0,0,0,0,0,0,0,0,15,0,58,45,56,64,57,52,58,88,94,94,97,72,53,16,0,0,0,65,0,39,71,0,49,40,0,0,94,97

q0=0
q1=1
q2=1
q3=1
q4=1
q5=1
q6=1
q7=1
q8=1
q9=1
q10=1
q11=1
q12=1
q13=1
q14=1
q15=1
q16=1
q17=1
q18=1
q19=1
q20=1
q21=1
q22=1
q23=1
q24=1
q25=1
q26=1
q27=1
q28=1
q29=1
q30=1
q31=1
q32=1
q33=1
q34=1
q35=1
q36=1
q37=1
q38=1
q39=1
q40=1

a0=0x01
a1=0x02
a2=0x03
a3=0x04
a4=0x05
a5=0x06
a6=0x07
a7=0x08
a8=0x09
a9=0x0a
a10=0x0b
a11=0x0c
a12=0x0d
a13=0x0e
a14=0x0f
a15=0x10
a16=0x11
a17=0x12
a18=0x13
a19=0x14
a20=0x15
a21=0x16
a22=0x17
a23=0x18
a24=0x19
a25=0x1a
a26=0x1b
a27=0x1c
a28=0x1d
a29=0x1e
a30=0x1f
a31=0x20
a32=0x21
a33=0x22
a34=0x23
a35=0x24
a36=0x25
a37=0x26
a38=0x27
a39=0x28
a40=0x29

