n=41

l0,0=0,88,97,95,93,90,81,81,59,42,76,36,10,52,61,28,19,0,0,0,0,0,0,0,0,23,0,51,45,0,0,0,0,0,0,0,0,0,0,0,0
l1,0=49,0,95,96,67,90,86,79,38,42,79,44,14,47,55,39,3,0,0,0,0,0,0,0,0,11,0,10,16,0,0,0,0,0,0,0,0,8,0,0,0
l2,0=43,35,0,39,74,85,86,87,58,59,79,32,36,67,56,52,24,43,0,0,0,0,2,13,0,41,0,0,49,0,0,0,0,0,0,0,0,0,0,0,0
l3,0=96,92,78,0,93,57,89,52,9,44,37,29,0,59,53,40,4,6,0,0,0,0,0,0,0,65,0,49,40,0,0,0,0,0,0,0,0,29,0,0,0
l4,0=96,17,79,96,0,90,80,80,39,11,64,30,17,36,0,0,0,0,0,0,0,0,0,0,0,14,0,10,12,0,0,0,0,0,0,0,0,0,0,0,0
l5,0=96,93,97,58,93,0,81,73,29,41,83,32,0,51,51,44,0,13,0,0,0,0,0,0,0,0,0,11,12,0,0,0,0,0,0,0,0,19,0,0,0
l6,0=23,35,97,43,68,85,0,93,82,94,81,33,88,79,64,56,62,48,0,54,20,12,12,27,9,0,0,0,0,0,0,0,0,0,0,0,0,0,0,0,4
l7,0=42,36,67,18,73,85,94,0,90,94,84,93,92,81,37,55,3,47,48,0,15,10,9,14,0,27,0,11,14,0,0,0,0,0,0,0,0,0,0,0,0
l8,0=32,30,61,5,83,85,89,87,0,58,91,11,0,84,83,89,54,69,3,55,24,15,62,73,35,17,0,0,4,0,0,0,0,0,0,0,0,1,0,16,12
l9,0=90,93,93,96,28,90,94,93,86,0,91,93,94,85,83,27,54,66,26,10,0,11,6,40,19,25,0,1,11,0,0,0,0,0,0,0,0,0,0,14,0
l10,0=35,32,60,12,61,90,89,84,90,94,0,93,92,82,83,79,64,87,0,0,14,7,7,60,25,25,0,0,29,0,0,0,0,0,0,0,0,4,0,0,21
l11,0=48,93,97,34,71,90,93,93,29,94,91,0,93,85,70,85,21,50,37,2,20,0,26,0,3,12,0,0,8,0,0,0,0,0,0,0,0,0,0,0,0
l12,0=3,13,18,0,25,1,76,75,11,34,73,52,0,85,88,91,85,99,0,28,29,0,49,50,38,20,0,26,22,0,37,0,0,0,0,0,0,48,25,58,15
l13,0=8,6,21,44,0,31,46,26,28,28,62,41,59,80,0,56,34,72,0,0,11,24,36,60,6,51,29,33,29,3,41,0,3,0,7,53,36,54,40,48,17
l14,0=20,23,0,42,0,42,64,53,90,11,70,82,97,85,93,0,77,99,66,3,16,42,40,70,39,93,27,28,17,0,0,79,0,0,0,0,0,26,27,42,16
l15,0=6,0,32,6,0,7,73,18,33,30,71,24,95,48,92,89,0,99,95,69,35,28,86,92,61,31,0,23,15,17,38,0,0,0,1,54,17,60,39,59,27
l16,0=0,0,35,0,0,23,66,38,74,52,85,32,97,85,92,91,91,0,72,56,42,88,85,84,24,22,20,60,44,0,44,27,0,0,0,19,21,60,23,49,80
l17,0=0,0,0,0,0,0,27,45,59,47,33,35,60,58,2,71,80,61,0,88,97,84,86,92,93,41,0,0,0,66,63,2,85,83,36,86,63,0,47,76,79
l18,0=0,0,0,0,0,0,60,0,69,34,55,0,71,58,0,15,66,61,99,0,88,89,71,84,94,0,57,0,0,70,69,83,0,5,0,75,55,0,0,3,0
l19,0=0,0,0,0,0,0,53,50,64,19,17,64,82,75,52,60,77,73,98,68,0,90,27,93,93,0,50,0,27,94,91,58,86,87,73,88,59,68,50,76,87
l20,0=0,0,0,0,0,0,27,37,53,65,18,4,49,58,80,78,64,74,87,84,98,0,87,93,71,9,97,0,5,81,63,88,64,0,1,81,46,76,68,88,89
l21,0=0,0,7,0,0,0,36,31,77,22,35,50,71,80,66,49,90,74,98,65,43,92,0,93,67,16,72,0,20,0,80,45,50,34,21,59,61,43,20,89,89
l22,0=0,0,6,0,0,0,33,6,76,38,64,4,47,66,59,72,84,67,87,77,99,92,87,0,80,15,1,16,0,84,76,32,44,68,36,55,67,35,58,83,89
l23,0=0,0,0,0,0,0,39,0,56,49,51,0,66,81,1,69,78,47,99,87,97,89,82,92,0,0,89,21,7,87,86,60,95,68,49,93,76,35,26,82,36
l24,0=28,8,6,62,22,26,0,9,0,0,10,0,66,60,93,44,18,68,0,0,0,0,0,30,6,0,77,0,82,41,84,85,60,9,28,67,82,46,49,0,0
l25,0=23,11,41,65,14,0,0,27,17,25,25,12,20,51,93,31,22,41,0,0,9,16,15,0,0,0,0,88,0,51,93,0,55,24,32,64,82,88,87,1,3
l26,0=0,0,0,0,0,0,0,0,0,0,0,0,0,29,27,0,20,0,57,50,97,72,1,89,77,0,0,65,78,0,98,0,99,99,97,96,97,91,90,0,0
l27,0=0,0,0,0,0,0,0,0,0,0,0,0,4,0,61,0,8,0,59,53,69,23,37,60,65,88,65,88,62,99,0,85,99,99,97,96,97,91,90,44,24
l28,0=0,0,0,0,0,0,0,0,0,0,0,0,0,0,33,0,1,0,84,33,85,40,22,42,91,0,78,74,64,99,98,70,0,99,97,96,97,91,90,39,0
l29,0=0,0,0,0,0,0,0,0,0,0,0,0,0,0,0,0,1,0,68,38,87,9,35,66,62,51,0,29,57,99,98,99,99,0,97,96,97,81,84,61,0
l30,0=0,0,0,0,0,0,0,0,0,0,0,0,0,0,33,0,0,0,38,0,80,0,27,64,67,93,98,63,66,99,98,98,99,99,0,88,85,84,0,0,0
l31,0=0,0,0,0,0,0,0,0,0,0,0,0,0,0,79,0,27,2,83,58,88,45,32,60,85,0,0,85,70,99,98,0,99,99,96,0,97,91,90,45,8
l32,0=0,0,0,0,0,0,0,0,11,0,0,0,3,27,75,0,0,23,49,38,27,19,43,76,71,55,99,88,82,99,98,99,99,98,94,96,0,91,90,13,0
l33,0=0,11,0,16,0,28,0,0,4,0,0,0,22,68,91,21,32,33,0,0,30,23,22,42,23,24,99,44,54,54,98,99,93,35,87,96,97,0,90,0,0
l34,0=0,0,0,0,0,25,0,0,0,0,0,0,16,14,89,27,28,22,51,0,25,23,15,61,27,32,97,75,54,95,98,96,99,94,20,96,97,91,0,25,0
l35,0=0,0,0,0,0,0,0,0,27,23,0,0,64,55,64,63,58,54,72,28,73,85,85,79,53,64,96,1,3,0,58,0,27,25,0,53,1,0,0,0,88
l36,0=0,0,0,0,0,0,11,0,33,0,34,0,38,36,44,51,60,67,73,0,83,92,86,93,17,82,97,0,2,0,43,97,0,0,0,20,0,0,0,89,0
l37,0=0,0,0,0,0,0,0,0,0,0,25,0,70,32,0,59,56,55,51,36,77,89,67,86,93,88,91,12,12,0,39,91,8,0,0,0,0,0,0,89,88
l38,0=0,0,0,0,0,0,0,26,69,22,2,48,19,79,90,90,85,96,45,44,97,90,86,92,88,87,90,43,15,33,16,90,0,0,0,0,1,29,1,89,90
l39,0=0,0,0,0,0,0,0,0,9,0,0,0,61,47,55,53,55,51,77,23,95,90,82,92,52,1,0,0,0,0,39,45,0,2,0,54,0,0,0,89,89
l40,0=0,0,0,0,0,0,0,0,39,0,0,0,0,25,44,59,54,48,76,60,81,87,84,77,56,3,0,0,0,47,36,8,0,9,0,0,0,0,0,89,87

l0,1=0,78,88,90,90,93,86,88,65,86,86,80,13,37,0,26,0,0,0,0,0,0,0,0,0,8,0,5,4,0,0,0,0,0,0,0,0,0,0,0,0
l1,1=89,0,73,72,89,93,90,82,59,68,50,83,52,18,16,38,25,17,0,0,0,0,1,0,0,0,0,14,0,0,0,0,0,0,0,0,0,0,0,0,0
l2,1=89,76,0,88,88,92,90,89,63,86,84,83,53,6,10,13,3,19,0,0,1,0,17,13,0,32,0,7,17,0,0,0,0,0,0,0,0,0,0,0,0
l3,1=93,47,80,0,92,54,88,49,60,64,55,76,3,25,12,6,10,1,0,0,0,0,0,0,0,0,0,46,0,0,0,0,0,0,0,0,0,0,0,0,0
l4,1=89,47,78,90,0,93,79,83,13,60,56,74,0,20,15,2,0,0,0,0,0,0,0,0,0,22,0,2,17,0,0,0,0,0,0,0,0,0,0,0,0
l5,1=91,82,78,77,92,0,88,85,62,67,57,79,62,26,0,40,6,0,0,0,0,0,0,0,0,12,0,25,0,0,0,0,0,0,0,0,0,4,24,0,0
l6,1=85,82,92,84,70,92,0,96,61,89,84,83,66,67,12,45,54,7,26,23,31,7,16,41,1,28,0,0,16,0,0,0,0,0,0,0,0,0,0,0,0
l7,1=89,80,86,48,85,91,91,0,71,90,88,86,70,38,20,57,38,44,11,0,2,23,0,21,19,42,0,0,13,0,0,0,0,0,0,0,0,0,0,6,0
l8,1=74,68,76,59,7,89,86,89,0,87,88,83,45,71,75,52,61,36,10,34,10,0,55,52,48,26,0,37,1,0,0,0,0,0,0,0,0,10,0,40,44
l9,1=85,78,86,77,58,90,91,97,67,0,88,86,74,71,44,54,57,53,0,0,4,16,46,42,0,6,0,8,3,0,0,0,0,0,0,0,0,0,0,0,29
l10,1=62,31,87,67,80,87,88,92,71,90,0,85,75,73,69,57,58,59,16,0,24,4,55,46,42,2,0,0,8,0,0,0,0,0,0,0,0,0,0,21,2
l11,1=54,83,89,80,72,86,91,97,67,90,88,0,72,71,17,52,31,22,11,28,21,7,22,28,26,50,0,5,14,0,0,0,0,0,0,0,0,0,0,0,0
l12,1=7,28,37,19,1,64,57,63,33,71,81,63,0,72,53,64,64,72,27,36,35,15,23,42,32,56,0,38,11,0,0,29,0,0,0,8,0,50,19,49,61
l13,1=0,38,50,22,27,0,29,47,58,40,72,33,71,27,0,47,36,44,12,0,16,20,4,31,25,43,0,76,50,0,31,0,0,15,0,15,11,78,23,0,30
l14,1=8,32,2,14,0,47,53,59,55,65,71,53,81,72,40,0,32,72,22,37,30,26,6,43,40,81,0,50,1,0,0,26,0,0,0,0,6,1,24,43,55
l15,1=0,27,31,6,0,9,48,9,45,37,45,55,71,50,79,48,0,72,34,23,16,57,69,63,49,0,0,45,37,1,0,0,0,0,0,28,33,55,42,41,62
l16,1=0,27,41,0,0,0,49,45,55,65,62,16,81,72,63,64,64,0,28,22,31,40,26,49,46,34,32,52,44,0,44,50,0,0,0,25,0,59,40,42,70
l17,1=0,0,0,0,0,0,63,1,37,25,46,38,49,54,30,47,58,53,0,73,56,52,72,59,76,36,0,18,0,59,64,22,43,67,55,64,45,37,38,67,65
l18,1=0,0,0,0,0,0,22,0,32,0,0,49,52,56,0,57,58,48,55,0,56,56,68,62,75,0,37,0,0,0,67,37,0,37,0,60,54,0,0,66,66
l19,1=0,0,1,0,0,0,53,42,26,1,43,40,51,55,37,50,49,43,46,58,0,60,43,66,78,0,0,0,0,65,61,13,54,65,54,59,59,52,46,65,67
l20,1=0,0,0,0,0,0,42,54,18,25,41,51,57,55,45,58,60,53,43,57,63,0,77,66,72,2,64,24,51,37,42,25,44,9,42,57,49,55,65,69,77
l21,1=0,0,42,0,0,0,54,13,47,64,50,61,58,57,44,37,58,50,49,53,35,61,0,66,70,3,31,0,60,32,47,38,0,51,0,20,56,59,53,80,69
l22,1=0,0,0,0,0,0,54,42,43,55,45,47,46,57,35,54,60,51,43,57,66,60,77,0,72,20,37,33,1,61,55,3,51,64,31,57,50,0,46,73,77
l23,1=0,0,0,0,0,0,50,13,44,1,46,49,47,51,31,50,56,50,56,63,66,52,68,62,0,0,55,0,0,66,67,40,56,67,25,65,59,51,60,69,67
l24,1=38,47,0,37,27,53,0,0,40,20,6,2,64,54,80,23,32,35,0,0,0,2,0,11,0,0,62,0,85,25,56,56,48,22,21,32,74,86,64,0,41
l25,1=8,0,32,0,22,12,28,42,26,6,2,50,56,43,81,0,34,36,0,0,2,3,20,0,0,0,0,81,0,30,55,0,49,35,1,37,41,89,66,15,25
l26,1=0,0,0,0,0,0,0,0,0,0,0,0,0,0,0,0,32,0,37,0,64,31,37,55,62,0,0,50,76,0,83,0,84,89,95,82,89,94,90,0,0
l27,1=0,0,0,0,0,0,0,0,0,0,0,0,0,0,18,0,0,39,29,19,39,21,36,35,56,81,50,78,55,76,0,33,84,89,87,82,83,94,91,28,36
l28,1=0,0,0,0,0,0,0,0,0,0,0,0,0,0,0,0,0,0,26,0,61,42,0,47,68,0,76,63,66,76,83,77,0,89,95,82,57,94,92,0,0
l29,1=0,0,0,0,0,0,0,0,0,0,0,0,0,0,18,0,0,0,37,16,44,20,44,46,48,30,0,24,60,76,83,76,84,0,95,82,89,73,84,0,0
l30,1=0,0,0,0,0,0,0,0,0,0,0,0,0,0,0,0,0,0,27,0,37,32,0,38,2,55,83,27,9,76,74,83,84,89,0,76,73,84,62,0,0
l31,1=0,0,0,0,0,0,0,0,0,0,0,0,29,0,26,0,50,22,37,13,25,38,3,40,56,0,0,33,77,76,83,0,83,83,88,0,89,94,92,0,41
l32,1=0,0,0,0,0,0,0,0,0,0,0,0,0,27,15,0,26,3,18,12,26,21,52,29,33,49,84,81,71,76,82,83,56,84,51,82,0,94,92,0,0
l33,1=0,0,0,0,0,18,0,0,0,0,0,0,39,39,50,0,57,55,0,0,5,28,26,0,12,35,89,81,77,70,81,83,68,48,56,81,85,0,91,0,0
l34,1=0,0,0,0,0,29,0,0,0,0,0,0,34,29,42,17,45,22,11,0,19,47,49,35,31,1,95,80,75,68,83,88,81,72,49,82,89,94,0,0,0
l35,1=0,0,0,0,0,0,0,0,26,5,3,0,54,45,0,48,54,42,41,47,53,46,71,58,61,37,82,0,12,0,33,0,0,0,0,0,0,0,0,0,78
l36,1=0,0,0,0,0,0,0,0,24,10,4,0,55,44,31,52,59,52,40,42,57,60,73,65,58,41,89,23,25,0,46,89,0,0,0,24,0,0,0,81,0
l37,1=0,0,0,0,0,0,0,0,7,0,0,0,46,42,0,50,40,43,38,0,43,56,70,59,62,89,94,0,0,0,6,94,0,0,0,0,0,0,0,74,73
l38,1=0,0,0,0,0,0,43,44,43,45,33,33,61,57,42,56,61,50,40,29,61,60,73,56,65,66,90,39,55,0,0,92,3,0,0,39,38,10,0,81,80
l39,1=0,0,0,0,0,0,0,0,0,0,0,0,43,41,31,43,57,35,39,48,55,56,72,62,61,15,0,0,0,2,40,0,0,42,0,6,0,0,26,68,78
l40,1=0,0,0,0,0,0,0,0,3,0,0,0,45,35,26,0,38,40,40,45,53,52,65,58,55,25,0,0,0,43,11,41,28,0,0,47,0,0,0,68,70

l0,2=0,83,82,84,75,84,85,80,69,70,58,70,0,52,49,14,20,0,0,0,0,0,0,0,0,17,0,31,29,0,0,0,0,0,0,0,0,0,0,0,0
l1,2=86,0,89,81,75,84,90,81,66,67,66,72,50,50,56,55,42,33,0,0,0,0,0,0,0,0,0,34,11,0,0,0,0,0,0,0,0,0,0,0,0
l2,2=58,82,0,81,65,83,90,72,74,78,66,68,50,45,61,36,37,24,0,0,2,0,19,0,0,38,0,27,35,0,0,0,0,0,0,0,0,0,0,0,0
l3,2=89,84,85,0,78,66,86,55,68,71,62,70,16,43,0,44,0,13,0,0,0,0,0,0,0,0,0,18,27,0,0,0,0,0,0,0,0,0,0,0,0
l4,2=69,83,78,85,0,83,88,77,68,69,60,68,48,17,21,29,0,0,0,0,0,0,0,0,0,0,0,28,0,0,0,0,0,0,0,0,0,0,0,0,0
l5,2=71,83,84,73,74,0,87,80,74,61,66,72,55,44,2,54,39,0,0,0,0,0,0,0,0,22,0,35,23,0,0,0,0,0,0,0,0,0,0,0,0
l6,2=73,74,89,73,65,73,0,82,72,82,65,74,65,66,23,62,46,0,14,19,28,0,18,23,24,63,0,18,33,0,0,0,0,0,0,0,0,0,0,0,0
l7,2=78,74,85,52,61,68,90,0,75,84,65,76,64,61,65,66,42,43,36,1,0,38,21,24,29,30,0,16,29,0,0,0,0,0,0,0,0,0,0,0,20
l8,2=64,72,81,46,52,65,85,75,0,76,69,74,54,75,52,69,49,65,0,18,8,24,48,47,25,52,0,11,38,0,0,0,0,0,0,0,0,22,0,41,4
l9,2=67,74,82,71,49,64,88,85,74,0,69,78,65,73,61,68,0,57,44,18,3,18,41,31,0,0,0,48,0,0,0,0,0,0,0,0,0,0,0,34,17
l10,2=49,73,84,60,53,66,88,72,76,84,0,77,59,76,53,69,45,63,0,15,6,39,37,22,37,29,0,47,23,0,0,0,0,0,0,0,0,3,30,27,11
l11,2=74,73,68,63,48,70,88,85,75,84,69,0,61,71,42,54,0,49,0,0,14,3,28,0,0,32,0,21,26,0,0,0,0,0,0,0,0,0,0,0,0
l12,2=0,54,50,11,41,38,75,60,63,75,56,60,0,77,72,76,61,86,43,19,16,27,40,45,23,57,0,48,63,0,0,3,0,0,0,12,31,46,41,60,44
l13,2=20,53,26,0,9,0,46,51,61,49,60,44,65,68,0,70,65,84,3,0,0,29,26,14,1,62,0,79,82,17,33,0,0,0,0,0,39,49,66,53,46
l14,2=11,53,37,16,33,34,69,52,76,76,65,49,78,69,68,0,45,85,43,19,13,44,1,1,26,82,28,56,50,0,0,0,0,0,0,0,24,43,8,51,28
l15,2=0,36,35,0,0,31,63,45,61,20,47,0,54,59,83,55,0,86,55,24,16,68,46,79,25,59,0,65,63,0,34,0,0,13,0,45,18,35,49,61,44
l16,2=0,38,3,0,0,0,0,47,63,47,55,50,79,78,83,76,68,0,44,0,13,33,57,43,31,63,0,53,63,0,25,46,0,0,0,0,5,55,51,63,48
l17,2=0,0,0,0,0,0,48,50,0,50,0,0,53,62,33,59,60,67,0,83,59,57,72,68,81,62,0,0,0,59,51,0,67,0,43,47,34,40,53,69,50
l18,2=0,0,0,0,0,0,64,0,58,46,46,0,52,63,0,58,55,0,75,0,59,60,70,69,77,0,60,0,0,0,28,40,0,30,0,0,0,0,0,67,63
l19,2=0,0,0,0,0,0,58,0,49,13,41,43,56,60,0,62,55,62,64,65,0,65,68,79,78,0,0,34,0,59,57,0,71,61,33,55,44,51,0,77,59
l20,2=0,0,0,0,0,0,0,54,53,32,50,4,53,63,55,68,67,71,62,72,66,0,79,79,76,0,69,0,40,61,51,14,66,54,36,54,0,47,65,80,76
l21,2=0,0,45,0,0,0,57,42,68,53,53,40,58,66,56,13,61,73,67,65,58,68,0,79,72,19,48,45,51,44,38,26,30,40,32,3,41,56,62,80,65
l22,2=0,0,0,0,0,0,46,48,62,34,41,0,56,65,37,4,66,71,61,66,70,68,79,0,70,28,33,36,42,51,56,0,60,66,15,43,29,50,46,80,68
l23,2=0,0,0,0,0,0,56,53,61,7,47,0,46,59,18,63,61,73,75,79,70,65,73,73,0,20,51,0,0,64,64,35,77,58,36,61,1,53,41,80,67
l24,2=45,60,33,28,53,62,56,7,9,55,43,35,40,67,79,61,60,58,0,0,8,0,21,16,0,0,78,0,83,41,62,34,56,20,58,66,72,86,66,14,17
l25,2=17,0,38,0,0,22,63,30,52,0,29,32,57,62,82,59,63,62,0,0,0,19,28,20,0,0,0,81,0,45,61,0,68,52,31,75,62,86,75,0,9
l26,2=0,0,0,0,0,0,0,0,0,0,0,0,0,0,28,0,0,0,60,0,69,48,33,51,78,0,0,58,75,0,79,0,92,86,91,82,80,90,83,0,1
l27,2=0,0,0,0,1,0,0,0,0,0,0,0,0,0,52,0,44,41,46,20,31,24,28,47,60,81,58,72,71,75,0,77,92,86,85,81,80,90,82,0,19
l28,2=0,0,0,0,0,0,0,0,0,0,0,0,0,0,0,0,0,0,48,0,45,32,17,47,77,0,75,60,68,75,79,83,0,86,91,82,80,90,84,57,0
l29,2=0,0,0,0,0,0,0,0,0,0,0,0,0,0,0,0,29,0,0,26,64,37,39,64,47,45,0,13,56,75,79,75,92,0,91,81,80,2,83,43,0
l30,2=0,0,0,0,0,0,0,0,0,0,0,0,0,0,0,0,0,0,52,0,14,29,27,0,28,61,79,65,10,75,79,79,92,86,0,81,74,86,78,0,0
l31,2=0,0,0,0,0,0,0,0,0,0,0,0,3,0,0,0,46,0,40,0,14,26,0,35,34,0,0,77,83,75,79,0,92,82,80,0,80,90,84,44,33
l32,2=0,0,0,0,0,0,0,0,0,0,0,0,33,42,36,29,0,33,35,0,15,0,33,25,0,68,92,79,73,75,79,92,85,83,80,82,0,90,86,0,0
l33,2=0,0,0,0,0,0,0,0,42,0,0,0,44,62,51,49,42,70,2,7,13,22,43,38,23,52,86,80,82,57,73,82,87,1,77,81,80,0,84,0,0
l34,2=0,0,0,0,0,0,0,0,0,0,32,0,27,49,77,37,63,46,40,13,0,33,44,29,18,31,91,78,83,67,76,80,84,76,77,81,80,90,0,43,33
l35,2=0,0,0,0,0,0,0,0,48,23,19,0,52,58,41,54,52,62,48,22,55,55,68,61,64,75,82,14,0,0,0,0,49,15,0,24,0,0,30,0,75
l36,2=0,0,0,0,0,0,0,28,2,31,16,0,52,58,46,44,57,68,41,50,56,66,71,76,69,62,80,20,29,0,9,80,0,0,0,20,0,0,23,85,0
l37,2=0,0,0,0,0,0,0,0,0,15,0,0,52,28,36,58,31,50,51,15,45,58,67,60,63,86,90,0,0,0,0,90,0,0,0,0,0,0,0,83,75
l38,2=0,0,0,0,0,0,17,0,61,22,35,44,58,67,51,66,64,49,52,20,56,65,73,63,59,75,83,32,48,0,0,84,0,0,0,41,6,43,0,84,74
l39,2=0,0,0,0,0,0,0,0,0,0,0,0,49,52,44,57,56,57,0,67,56,61,69,73,63,0,0,0,0,53,40,44,0,0,28,1,8,0,0,84,75
l40,2=0,0,0,0,0,0,0,0,0,0,0,0,53,49,0,55,44,56,57,2,53,55,65,66,67,9,1,0,0,14,0,33,0,0,0,40,0,0,0,80,62

l0,3=0,96,87,95,91,92,74,64,68,86,45,73,41,0,54,0,4,0,0,0,0,0,0,0,0,0,0,6,0,0,0,0,0,0,0,0,0,0,0,0,0
l1,3=92,0,93,94,90,94,97,57,82,0,47,62,0,76,53,63,62,58,0,0,0,34,0,1,0,55,0,60,42,0,0,0,0,0,0,0,0,0,0,0,0
l2,3=79,95,0,87,83,80,97,81,81,86,87,92,53,79,57,0,55,0,0,0,0,0,1,10,0,46,0,29,25,0,0,0,0,0,0,0,0,0,0,0,0
l3,3=93,81,53,0,93,91,64,56,73,88,49,58,10,85,39,10,22,16,0,0,0,0,0,0,0,7,0,57,23,0,0,0,0,0,0,0,0,0,0,0,0
l4,3=92,81,53,95,0,93,61,50,50,87,44,64,49,67,0,52,0,5,0,0,0,0,0,0,0,0,0,7,0,0,0,0,0,0,0,0,0,23,0,0,0
l5,3=92,96,48,93,90,0,65,55,86,83,49,64,51,68,0,69,52,0,0,0,0,0,0,0,0,50,0,73,32,0,0,0,0,0,0,0,0,0,0,0,0
l6,3=81,91,88,84,81,84,0,83,79,93,90,95,72,85,57,82,84,67,24,45,43,31,68,20,54,7,0,61,0,0,0,0,0,0,0,0,0,0,0,0,57
l7,3=82,91,85,86,82,84,96,0,81,93,92,96,69,89,60,81,78,62,1,0,46,66,57,25,44,6,0,55,23,0,0,0,0,0,0,0,0,0,0,0,0
l8,3=60,85,80,75,40,85,90,82,0,87,92,96,73,92,59,85,82,79,67,11,65,57,82,68,63,51,0,48,50,0,0,0,0,0,0,0,0,0,0,2,41
l9,3=75,43,84,83,81,84,96,88,80,0,93,96,67,89,60,75,77,72,32,38,43,63,76,24,12,55,0,71,33,0,0,0,0,0,0,0,0,0,0,0,54
l10,3=57,88,83,75,67,84,91,83,86,93,0,96,73,91,46,78,66,73,26,23,33,69,68,59,59,35,0,44,29,0,0,0,0,0,0,0,0,4,22,0,29
l11,3=81,91,84,80,86,84,96,86,82,93,92,0,69,90,62,63,67,55,25,0,72,55,65,27,33,0,0,45,0,0,0,0,0,0,0,0,0,0,0,18,3
l12,3=48,0,65,11,48,57,91,68,81,89,90,90,0,92,85,98,87,94,62,47,63,52,76,68,41,66,0,69,58,0,0,0,0,0,0,0,47,55,0,58,71
l13,3=54,66,62,14,0,0,69,69,69,74,73,64,89,86,0,78,91,95,55,0,59,48,85,70,55,78,0,92,89,0,68,0,0,0,0,65,58,81,54,42,69
l14,3=0,68,0,2,48,59,82,73,86,79,78,55,89,92,59,0,87,90,61,47,67,79,63,51,30,95,0,70,54,0,0,84,0,0,0,0,0,65,39,26,66
l15,3=1,64,54,0,0,47,86,70,73,76,69,38,82,79,96,96,0,95,77,56,74,93,94,90,76,78,4,82,53,2,42,0,1,23,18,54,51,61,53,42,76
l16,3=0,63,2,0,42,0,79,58,75,82,84,53,89,92,96,98,91,0,71,49,64,84,91,64,74,71,21,83,62,31,0,71,3,0,0,22,35,73,47,61,80
l17,3=0,0,0,0,0,0,0,5,64,50,37,21,64,73,44,64,86,74,0,99,85,70,92,80,91,81,49,0,0,80,63,15,7,66,58,58,15,0,0,72,79
l18,3=0,0,0,0,0,0,79,0,12,48,55,12,62,82,0,72,87,69,97,0,93,92,83,89,89,2,91,0,0,0,38,80,68,0,38,0,0,0,0,64,83
l19,3=0,0,0,0,0,0,55,25,20,25,38,40,65,59,48,65,67,54,89,82,0,88,92,91,92,0,10,26,1,66,76,0,61,84,47,61,40,44,54,72,74
l20,3=0,13,0,0,0,0,1,49,36,49,67,35,59,77,56,87,91,88,61,84,93,0,98,91,90,1,87,16,13,58,36,78,60,72,21,52,56,38,78,77,86
l21,3=0,0,0,0,0,0,69,59,73,64,68,51,75,71,68,54,87,82,88,67,88,93,0,90,82,30,83,0,45,60,52,67,58,46,45,54,64,71,75,61,82
l22,3=0,0,0,0,0,0,67,32,69,50,72,0,82,78,78,50,87,71,86,80,95,93,97,0,86,48,92,28,46,50,59,70,67,85,0,53,0,62,36,73,82
l23,3=0,0,0,0,0,0,64,22,23,29,74,0,35,51,54,31,79,82,97,91,95,88,87,86,0,35,70,1,0,79,75,67,78,81,40,66,70,46,54,66,78
l24,3=28,56,7,53,0,68,41,34,49,64,59,32,57,72,93,77,76,83,0,0,26,21,0,2,0,0,89,0,91,61,79,82,0,50,25,90,89,93,79,30,46
l25,3=0,55,46,7,0,50,7,6,51,55,35,0,66,78,95,78,71,81,2,0,1,30,48,35,0,0,0,92,0,76,86,0,55,65,58,93,94,93,88,22,42
l26,3=0,0,0,0,0,0,0,0,0,0,0,0,0,0,0,4,21,49,91,10,87,83,92,70,89,0,0,85,86,0,99,0,100,98,100,95,98,87,99,54,0
l27,3=0,0,0,0,0,0,0,0,0,0,0,0,0,24,88,0,76,0,77,45,94,58,85,80,88,92,85,89,91,98,0,91,100,98,100,95,98,94,99,22,0
l28,3=0,0,0,0,0,0,0,0,0,0,0,0,0,0,0,0,55,20,54,66,84,82,75,82,93,0,86,0,72,98,99,90,0,98,100,95,98,94,99,50,68
l29,3=0,0,0,0,0,0,0,0,0,0,0,0,0,0,0,0,12,0,79,17,94,84,50,89,87,76,0,80,86,98,99,98,100,0,100,95,98,93,99,0,0
l30,3=0,0,0,0,0,0,0,0,0,0,0,0,0,0,0,0,32,0,80,12,74,16,59,0,41,86,99,59,79,98,99,99,100,98,0,95,98,94,92,0,0
l31,3=0,0,0,0,0,0,0,0,0,0,0,0,0,0,84,0,71,15,80,0,78,67,70,67,82,0,0,91,90,98,99,0,100,98,99,0,98,94,99,0,0
l32,3=0,0,0,0,0,0,0,0,0,0,0,0,61,5,81,0,75,48,21,0,67,75,83,10,77,55,100,92,91,98,99,100,100,98,100,95,0,94,99,0,0
l33,3=0,0,0,0,43,0,0,0,0,0,4,0,61,56,91,89,82,91,0,0,73,49,90,74,57,65,98,92,91,87,99,98,93,91,89,95,98,0,99,3,0
l34,3=0,0,0,0,0,32,0,0,0,0,60,0,8,47,82,60,79,64,6,0,74,86,92,52,62,58,100,92,91,98,99,99,100,98,88,95,98,94,0,31,52
l35,3=0,0,0,0,0,0,0,0,0,0,0,0,62,49,42,1,56,61,63,45,66,77,44,73,49,93,95,40,13,35,0,0,21,0,0,0,0,0,0,0,85
l36,3=0,0,0,0,0,0,48,0,9,45,19,0,60,50,50,45,62,66,64,53,65,77,66,66,58,94,98,43,32,0,0,98,40,0,0,0,0,0,0,77,0
l37,3=0,0,0,0,0,0,0,0,0,0,0,0,66,0,24,38,59,20,64,35,32,81,75,67,63,93,87,1,0,3,13,94,0,0,0,0,0,0,0,77,86
l38,3=0,0,0,0,0,0,0,0,12,25,55,57,69,69,83,73,81,78,54,0,77,92,92,85,47,88,99,49,53,41,0,99,0,2,0,0,0,0,0,77,84
l39,3=0,0,0,0,0,0,0,0,0,0,0,0,53,44,41,49,66,60,62,71,48,85,85,79,61,22,54,0,0,46,18,0,31,0,37,2,0,0,0,73,86
l40,3=0,0,0,0,0,0,0,0,5,0,0,0,56,31,33,42,65,47,75,55,76,74,76,79,75,42,0,0,0,47,41,0,0,0,0,30,2,1,0,73,81

l0,4=0,98,95,88,93,99,90,95,82,96,84,94,70,77,72,5,0,0,0,0,0,0,0,0,0,32,0,49,36,0,0,0,0,0,0,0,0,0,0,0,0
l1,4=97,0,97,86,97,99,90,95,82,96,83,94,52,73,12,67,57,0,0,0,0,16,0,0,0,0,0,23,0,0,0,0,0,0,0,0,0,0,0,0,0
l2,4=92,98,0,81,90,94,90,95,81,96,84,94,58,67,67,71,62,0,1,0,0,0,0,0,0,25,0,2,48,0,0,0,0,0,0,0,0,0,0,0,0
l3,4=97,98,97,0,97,99,88,91,82,93,84,94,23,80,64,75,63,32,0,0,0,0,0,0,0,62,0,55,28,0,0,0,0,0,0,0,0,0,0,0,0
l4,4=45,75,97,88,0,99,89,91,82,96,86,94,59,81,0,84,0,0,0,0,0,0,0,0,0,83,0,0,75,0,0,0,0,0,0,0,0,0,0,0,0
l5,4=71,98,97,86,97,0,89,95,84,96,89,91,43,78,41,77,70,67,0,0,0,0,0,0,0,60,0,55,20,0,0,0,0,0,0,0,0,0,0,0,0
l6,4=90,91,95,75,71,92,0,95,67,96,84,94,79,81,55,84,79,67,48,0,62,48,44,56,56,0,0,0,0,0,0,0,0,0,0,0,0,0,0,0,32
l7,4=90,91,92,40,70,91,88,0,84,96,84,94,74,81,71,84,67,70,0,0,63,55,66,0,56,42,0,47,55,0,0,0,0,0,0,0,0,0,0,0,0
l8,4=65,80,77,61,66,87,75,86,0,68,88,88,77,81,52,81,66,77,43,38,65,55,68,59,41,75,0,0,71,0,0,0,0,0,0,0,0,0,0,2,55
l9,4=65,88,92,60,80,92,88,95,75,0,89,94,61,81,0,84,77,73,0,50,69,51,63,59,58,80,0,43,72,0,0,0,0,0,0,0,0,0,0,0,30
l10,4=70,80,92,67,78,92,89,90,86,96,0,94,79,81,77,76,74,82,0,61,62,61,68,64,70,70,0,0,71,0,0,0,0,0,0,0,0,0,0,43,59
l11,4=90,91,92,73,89,87,88,95,84,96,84,0,79,80,76,81,72,83,64,0,66,58,70,60,62,51,0,41,37,0,0,0,0,0,0,0,0,0,0,0,33
l12,4=53,56,54,38,42,57,67,70,74,64,74,73,0,81,82,90,72,89,55,0,63,51,71,65,53,60,0,78,54,0,0,0,0,0,0,0,63,54,53,62,51
l13,4=51,0,65,0,7,17,42,69,52,0,67,76,88,81,0,89,82,93,40,0,0,57,67,70,10,78,0,97,98,0,72,0,0,0,0,72,75,74,61,62,69
l14,4=0,52,60,33,50,61,70,77,84,74,50,64,88,81,78,0,76,65,0,48,57,60,69,53,41,83,0,77,57,0,0,74,0,0,0,0,0,65,53,58,57
l15,4=0,52,53,21,0,56,77,51,55,67,65,53,73,72,73,80,0,93,61,77,70,74,76,77,71,89,0,79,61,6,44,0,51,0,0,62,63,65,46,61,77
l16,4=0,0,0,10,0,60,50,60,71,53,68,73,88,81,83,79,83,0,59,52,56,76,74,60,74,83,15,79,59,9,3,71,0,0,0,53,17,59,56,61,77
l17,4=0,0,0,0,0,0,47,0,37,0,0,51,49,69,46,0,68,62,0,94,80,78,84,80,91,88,0,0,0,77,62,51,0,56,62,67,21,0,43,70,80
l18,4=0,0,0,0,0,0,0,0,24,47,41,0,0,69,0,49,73,66,91,0,84,73,80,81,90,0,86,0,0,0,0,80,67,0,0,64,0,0,0,69,77
l19,4=0,0,0,0,0,0,49,38,39,43,36,49,46,41,0,43,50,41,70,61,0,83,88,89,91,0,0,0,0,49,66,47,49,70,51,60,34,54,46,9,68
l20,4=0,0,0,0,0,0,40,46,45,40,51,50,48,57,45,62,82,69,73,60,93,0,92,89,70,0,85,27,0,45,30,92,55,61,49,57,65,39,53,74,84
l21,4=0,0,0,0,0,0,40,46,58,43,49,55,60,63,60,64,72,68,79,66,86,85,0,84,69,0,74,46,0,43,49,76,41,52,39,51,71,56,54,66,82
l22,4=0,0,0,0,0,0,48,0,51,47,45,48,52,52,52,51,71,56,61,60,93,86,90,0,78,0,66,0,0,61,55,68,51,62,57,57,57,68,48,57,88
l23,4=0,0,0,0,0,0,46,42,38,53,46,51,56,47,41,42,75,67,91,92,93,78,80,82,0,0,86,44,24,60,63,74,79,74,54,55,54,61,42,61,61
l24,4=3,30,3,62,0,87,0,58,0,52,51,53,83,78,83,90,82,85,0,0,0,27,5,0,2,48,79,0,98,72,71,65,67,59,0,86,90,100,100,20,41
l25,4=32,0,25,62,83,60,0,42,75,80,70,51,60,78,83,89,83,88,0,0,0,0,0,0,48,0,0,97,0,69,100,0,93,95,91,90,90,100,100,41,62
l26,4=0,0,0,0,0,0,0,0,0,0,0,0,0,0,0,0,15,0,86,0,85,74,66,86,79,0,0,86,56,0,100,0,100,99,100,96,90,99,100,45,50
l27,4=0,0,0,0,0,0,0,0,0,0,0,0,0,25,66,0,57,0,76,0,92,50,69,87,86,97,86,70,97,95,0,96,100,99,99,96,90,100,100,48,0
l28,4=0,0,0,0,0,0,0,0,0,0,0,0,0,0,0,0,66,18,0,75,93,85,61,82,91,0,56,69,92,95,100,87,0,99,100,96,90,100,100,31,73
l29,4=0,0,0,0,0,0,0,0,0,0,0,0,0,0,0,0,0,0,42,0,93,73,68,78,89,69,0,65,90,95,100,95,100,0,100,96,90,100,100,37,0
l30,4=0,0,0,0,0,0,0,0,0,0,0,0,0,0,0,0,0,0,81,0,87,72,28,82,66,100,100,0,93,95,100,100,100,99,0,96,90,100,86,0,0
l31,4=0,0,0,0,0,0,0,0,0,0,0,0,0,0,74,0,71,51,80,47,92,76,68,74,65,0,0,96,87,95,100,0,100,99,100,0,90,100,100,42,0
l32,4=0,0,0,0,0,0,0,0,0,0,0,0,72,0,78,0,77,0,17,0,64,85,85,82,82,93,100,97,98,95,100,100,100,98,100,96,0,100,100,0,33
l33,4=0,0,0,0,0,0,0,0,0,0,0,0,57,72,82,85,79,87,0,0,76,39,74,85,69,95,99,97,98,95,100,99,100,99,100,96,90,0,100,0,0
l34,4=0,0,0,0,37,0,0,0,0,0,0,0,61,38,62,68,72,58,58,0,82,83,83,64,61,91,100,97,98,94,100,100,100,99,90,96,90,100,0,0,0
l35,4=0,0,0,0,0,0,0,0,5,0,22,0,47,47,45,44,40,51,56,40,29,73,52,54,56,90,96,0,4,27,33,0,0,30,0,34,0,0,0,0,88
l36,4=0,0,0,0,0,0,22,0,33,28,30,33,45,56,45,54,54,61,57,40,64,60,59,69,27,90,90,20,25,20,0,90,32,0,0,0,1,0,0,79,0
l37,4=0,0,0,0,0,0,0,0,0,0,22,0,47,40,40,38,45,47,49,47,51,73,68,59,53,100,99,0,0,0,33,100,0,0,0,33,0,0,27,79,88
l38,4=0,0,0,0,0,0,0,28,39,37,40,50,53,52,59,59,54,53,53,43,64,70,66,77,45,100,100,57,31,41,0,100,0,0,0,36,36,50,21,72,86
l39,4=0,0,0,0,0,0,0,0,32,0,0,0,46,38,37,47,53,56,57,56,64,68,72,61,51,41,45,0,0,31,0,42,42,24,0,43,0,0,0,76,83
l40,4=0,0,0,0,0,0,0,0,28,0,0,0,45,0,39,29,49,53,56,47,63,56,58,78,53,62,50,13,0,48,43,0,1,44,0,22,0,0,0,78,88

l0,5=0,95,88,92,90,85,50,83,41,24,79,63,0,65,70,0,0,0,0,0,0,0,0,0,0,0,0,0,0,0,0,0,0,0,0,0,0,0,0,0,0
l1,5=90,0,92,92,90,86,50,40,58,81,77,90,45,69,71,46,60,0,0,0,0,0,0,0,0,0,0,22,0,0,0,0,0,0,0,0,0,26,0,0,0
l2,5=88,94,0,84,85,82,54,78,31,24,80,88,43,69,0,0,16,0,0,0,0,17,0,0,0,50,0,36,37,0,0,0,0,0,0,0,0,0,0,0,0
l3,5=93,95,89,0,94,90,50,81,25,24,40,59,24,78,66,62,0,0,0,0,0,0,0,0,0,2,0,85,1,0,0,0,0,0,0,0,0,0,0,0,0
l4,5=84,95,87,92,0,90,53,70,44,24,76,60,0,53,77,71,67,0,0,0,0,0,0,0,0,18,0,82,68,0,0,0,0,0,0,0,0,0,0,0,0
l5,5=83,95,87,92,94,0,50,77,58,24,52,61,49,69,25,64,52,41,0,0,0,0,0,0,0,35,0,78,40,0,0,0,0,0,0,0,0,11,0,0,0
l6,5=90,95,92,83,90,75,0,87,62,93,80,92,70,77,64,66,67,49,0,38,72,50,49,59,39,6,0,0,41,0,0,0,0,0,0,0,0,0,0,0,0
l7,5=84,70,81,22,36,74,44,0,71,91,80,92,73,71,58,78,58,44,3,0,45,54,51,55,30,7,0,40,27,0,0,0,0,0,0,0,0,0,0,1,45
l8,5=66,70,63,10,7,61,21,48,0,55,86,86,82,84,40,72,71,65,21,17,67,71,56,68,28,37,0,39,40,0,0,0,0,0,0,0,0,0,1,4,51
l9,5=75,70,70,64,41,68,50,83,62,0,86,92,29,79,64,72,67,60,0,0,69,66,35,37,36,31,0,0,42,0,0,0,0,0,0,0,0,0,0,0,0
l10,5=79,73,87,8,22,39,48,82,77,93,0,92,79,83,79,70,68,61,10,20,47,70,56,69,41,35,0,38,36,0,0,0,0,0,0,0,0,0,0,1,63
l11,5=76,77,76,40,66,70,35,85,67,93,86,0,77,70,79,71,69,71,32,0,69,70,56,52,46,57,0,60,61,0,0,0,0,0,0,0,0,0,0,0,49
l12,5=16,44,21,1,0,39,16,25,75,23,81,84,0,82,92,86,81,88,18,23,67,68,27,39,9,73,0,55,42,0,13,0,0,0,0,0,20,11,3,1,71
l13,5=27,45,0,1,16,25,21,8,37,27,48,73,85,79,0,72,84,68,0,0,73,74,55,76,0,72,0,54,91,0,22,0,0,0,0,49,55,34,16,22,44
l14,5=0,34,0,1,1,36,9,46,38,32,45,49,86,79,86,0,73,76,22,21,68,65,62,69,0,93,0,77,39,0,0,42,0,0,0,2,0,15,3,23,66
l15,5=0,36,22,0,6,26,24,8,41,23,44,62,72,65,88,41,0,88,42,22,75,78,58,77,49,32,0,61,67,16,0,1,27,6,0,44,3,34,0,25,70
l16,5=0,0,0,0,0,30,16,31,41,25,49,68,82,79,90,77,86,0,22,8,68,81,59,57,47,82,25,43,50,0,11,40,0,0,0,41,34,22,15,25,72
l17,5=0,0,0,0,0,0,0,0,26,0,23,24,25,61,20,21,78,40,0,89,93,80,59,79,66,86,0,0,0,53,56,28,28,30,36,65,4,8,28,59,71
l18,5=0,0,0,0,0,0,21,0,22,0,29,0,57,52,0,25,72,6,89,0,82,71,63,75,66,0,67,0,0,23,0,46,22,0,0,34,0,0,0,63,36
l19,5=0,0,0,0,0,0,32,0,37,39,13,36,45,52,41,32,76,56,82,54,0,83,64,86,66,0,24,23,1,27,62,15,7,46,41,38,23,23,35,62,75
l20,5=0,0,0,0,0,0,9,18,50,10,55,42,60,62,70,40,82,72,70,50,94,0,66,87,54,20,67,3,0,11,12,63,57,5,9,14,51,9,48,66,70
l21,5=0,0,0,0,0,5,20,21,51,10,40,47,49,53,51,55,78,68,72,73,94,87,0,79,54,0,46,13,23,11,19,47,24,4,0,15,41,9,8,46,70
l22,5=0,0,0,0,0,0,23,20,49,29,60,36,60,62,71,59,78,34,73,72,95,87,60,0,51,22,17,0,10,53,54,11,33,13,44,47,22,7,30,39,79
l23,5=0,0,0,0,0,0,19,12,30,35,34,37,40,41,15,0,80,67,86,81,95,79,59,77,0,12,68,10,1,48,50,22,57,41,5,44,0,19,21,64,46
l24,5=0,38,37,27,24,55,0,24,34,0,36,48,75,60,93,74,42,39,0,0,53,9,14,0,4,0,42,0,91,24,22,30,41,2,15,29,77,61,32,0,0
l25,5=0,0,50,2,18,35,6,7,37,31,35,57,73,72,93,32,82,86,0,0,20,0,22,12,0,0,0,93,0,24,26,0,41,22,27,28,75,83,81,11,42
l26,5=0,0,0,0,0,0,0,0,0,0,0,0,0,0,0,0,25,0,67,24,67,46,17,68,42,0,0,55,59,0,84,0,88,65,81,84,69,54,84,16,34
l27,5=0,0,0,0,0,0,0,0,0,0,0,0,4,0,34,0,0,0,21,0,76,40,15,38,33,93,55,58,67,76,0,68,88,64,80,84,69,79,84,17,34
l28,5=0,0,0,0,0,0,0,0,0,0,0,0,0,0,3,0,30,0,28,17,10,61,31,49,52,0,59,62,64,76,84,56,0,66,91,84,69,76,83,23,23
l29,5=0,0,0,0,0,0,0,0,0,0,0,0,0,0,0,0,53,0,63,0,85,54,47,57,53,24,0,47,60,76,84,69,88,0,91,84,69,75,79,0,0
l30,5=0,0,0,0,0,0,0,0,0,0,0,0,0,0,0,0,0,0,60,0,80,52,0,69,0,26,84,62,64,73,83,83,88,65,0,84,55,73,67,0,0
l31,5=0,0,0,0,0,0,0,0,0,0,0,0,0,0,42,1,40,28,46,15,63,47,11,22,30,0,0,68,56,69,83,0,81,56,77,0,77,69,86,0,0
l32,5=0,0,0,0,0,0,0,0,0,0,0,0,48,0,45,8,0,30,0,0,70,71,21,22,0,41,88,84,88,75,83,81,83,61,24,84,0,83,86,0,0
l33,5=0,26,0,0,0,9,0,0,0,0,0,0,50,53,46,23,36,32,8,0,70,55,20,10,28,22,65,93,89,25,84,56,64,60,77,84,80,0,86,0,0
l34,5=0,0,0,0,6,0,0,0,28,0,2,0,48,50,40,22,0,30,18,0,69,64,16,23,28,27,81,83,87,69,83,77,83,59,49,84,80,83,0,0,0
l35,5=0,0,0,0,0,0,0,0,23,0,13,0,27,31,18,34,34,36,31,27,40,75,26,30,30,28,84,0,4,2,24,0,7,0,0,0,0,0,0,0,0
l36,5=0,0,0,0,0,0,0,2,19,0,18,21,64,47,32,54,72,62,66,7,72,72,56,76,21,75,69,0,11,9,13,77,0,0,0,0,0,0,0,6,0
l37,5=0,0,0,0,0,0,0,0,0,0,11,0,58,25,9,29,69,21,10,17,47,75,52,64,14,83,54,0,0,1,15,69,0,0,0,15,0,0,0,72,76
l38,5=0,0,0,0,0,0,0,8,17,15,51,0,67,61,71,63,79,62,15,16,75,78,56,75,38,81,84,0,1,11,0,86,0,0,0,17,10,12,0,71,79
l39,5=0,0,0,0,0,0,0,0,19,0,0,0,36,0,7,31,77,39,43,15,82,76,56,74,54,11,16,0,0,0,21,0,27,20,0,8,0,16,0,72,78
l40,5=0,0,0,0,0,0,0,0,25,0,8,0,0,0,0,25,70,33,34,28,79,48,53,74,48,42,34,0,0,22,20,0,27,0,11,34,16,0,0,72,75

l0,6=0,97,72,94,87,87,88,52,76,83,51,90,0,76,70,0,34,0,0,0,0,0,0,0,0,0,0,26,0,0,0,0,0,0,0,0,0,0,0,0,0
l1,6=88,0,90,92,87,87,88,87,65,81,84,87,1,0,34,31,54,0,0,0,0,0,0,0,0,0,0,23,0,0,0,0,0,0,0,0,0,0,0,0,0
l2,6=91,91,0,91,41,86,89,51,48,82,86,86,48,53,34,26,7,0,0,0,0,0,33,0,0,0,0,1,0,0,0,0,0,0,0,0,0,0,0,0,0
l3,6=95,97,85,0,88,89,88,50,56,81,2,90,63,81,38,34,0,0,0,0,0,0,0,0,0,32,0,24,29,0,0,0,0,0,0,0,0,0,0,0,0
l4,6=93,63,72,94,0,86,89,52,58,83,51,83,0,61,6,0,51,0,0,0,0,0,0,0,0,32,0,35,52,0,0,0,0,0,0,0,0,0,0,0,0
l5,6=93,92,74,92,88,0,89,51,77,83,48,87,77,80,44,26,0,22,0,0,0,0,7,0,0,25,0,27,30,0,0,20,0,0,0,18,10,2,0,0,0
l6,6=77,85,91,74,82,84,0,92,60,83,86,91,78,77,56,30,67,0,37,38,53,27,47,55,39,1,0,0,4,0,0,0,0,0,0,0,0,0,0,0,0
l7,6=85,85,78,65,80,83,88,0,84,83,87,90,88,83,38,80,51,42,0,23,15,45,44,33,21,0,0,21,0,0,0,0,0,0,0,0,0,0,0,3,0
l8,6=41,48,39,17,33,48,52,64,0,75,84,84,88,85,47,42,66,72,48,20,62,80,69,45,20,49,0,10,53,0,0,0,0,0,0,0,0,0,2,16,24
l9,6=81,80,80,76,78,79,85,87,79,0,89,86,83,81,63,76,67,46,51,1,65,77,51,43,54,47,0,24,36,0,0,0,0,0,0,0,0,0,0,0,0
l10,6=79,86,86,0,77,44,88,90,89,83,0,93,88,84,46,81,66,66,0,0,29,74,59,40,15,48,0,17,46,0,0,0,0,0,0,0,0,0,0,24,20
l11,6=80,86,78,80,66,84,89,92,89,83,89,0,88,83,64,77,69,39,23,0,63,55,57,34,49,30,0,14,30,0,0,0,0,0,0,0,0,0,0,21,0
l12,6=0,5,47,7,6,31,54,54,78,65,79,77,0,81,82,89,70,77,40,36,36,77,49,0,39,47,0,53,59,0,24,24,0,0,0,20,0,41,22,34,37
l13,6=6,35,51,15,12,25,26,23,53,59,64,46,86,44,0,48,77,80,14,0,74,81,65,46,20,51,0,60,78,0,24,0,0,0,0,27,17,75,44,11,4
l14,6=0,46,56,23,14,24,35,53,70,69,74,73,90,79,73,0,65,72,63,32,71,75,68,43,33,89,0,50,63,0,0,65,0,0,0,0,0,33,15,42,37
l15,6=5,34,24,0,22,0,46,16,50,49,62,63,71,71,78,68,0,77,64,49,72,82,67,67,72,35,0,7,52,34,26,0,19,6,1,38,47,55,30,40,64
l16,6=5,0,0,0,0,31,0,43,66,48,61,56,82,81,84,84,82,0,60,51,56,83,66,33,68,59,41,45,55,0,30,62,0,0,0,44,48,41,35,40,55
l17,6=0,0,0,0,0,0,12,0,19,16,0,16,21,65,15,40,57,33,0,80,82,86,70,67,82,57,0,0,1,60,26,58,31,42,8,70,15,12,18,64,20
l18,6=0,0,0,0,0,0,20,21,18,17,0,0,47,64,0,30,54,32,77,0,68,77,64,60,82,1,64,0,0,23,22,67,0,0,0,34,5,0,0,57,25
l19,6=0,0,0,0,0,0,17,0,19,24,10,23,20,64,50,55,60,16,70,51,0,86,72,75,81,0,35,0,11,0,62,35,42,65,21,65,6,18,50,63,15
l20,6=0,0,0,0,0,0,15,22,38,30,41,24,49,62,58,38,62,64,64,43,82,0,74,76,73,34,0,15,15,17,23,74,52,32,5,44,18,19,23,68,64
l21,6=0,0,10,0,0,10,48,26,60,17,31,37,24,0,41,67,66,64,66,47,82,87,0,76,75,38,55,1,14,11,21,81,40,35,2,35,11,0,32,72,60
l22,6=0,0,0,0,0,0,20,18,41,16,32,16,0,63,52,50,63,10,60,27,84,87,75,0,69,39,26,0,0,36,33,62,36,32,19,34,15,19,20,61,71
l23,6=0,0,0,0,0,0,13,11,14,13,12,19,24,55,25,45,66,64,76,65,84,86,72,73,0,0,69,6,0,54,44,62,54,62,15,73,13,18,28,72,26
l24,6=5,37,10,13,16,17,0,23,12,37,50,8,78,37,59,40,22,53,0,0,0,45,0,0,3,0,71,0,78,31,61,73,56,34,10,47,73,84,68,0,1
l25,6=0,0,0,32,32,25,1,0,49,47,48,30,47,51,89,35,59,57,1,0,34,38,39,0,0,0,0,83,0,45,61,0,59,38,27,41,57,81,61,23,0
l26,6=0,0,0,0,0,0,0,0,0,0,0,0,0,0,0,0,41,0,64,35,0,55,26,69,71,0,0,50,54,0,86,0,86,85,72,85,65,60,72,0,22
l27,6=0,0,0,0,0,0,0,0,0,0,0,0,31,0,17,0,39,10,57,26,74,48,49,70,42,83,50,59,55,83,0,59,82,79,71,86,61,72,77,0,15
l28,6=0,0,0,0,0,0,0,0,0,0,0,0,0,0,2,0,22,0,56,0,64,81,61,65,64,0,54,47,47,83,86,55,0,92,83,85,61,59,73,4,0
l29,6=0,0,0,0,0,0,0,0,0,0,0,0,0,0,0,0,2,0,59,0,74,75,61,62,73,45,0,54,55,82,81,82,86,0,72,81,61,59,72,50,0
l30,6=0,0,0,0,0,0,0,0,0,0,0,0,0,0,0,0,0,0,1,0,67,20,0,65,56,61,86,27,50,82,82,83,86,80,0,81,56,59,73,0,0
l31,6=0,0,0,0,0,20,0,0,0,0,0,0,24,0,65,0,62,58,67,35,74,81,62,62,73,0,0,59,55,82,83,0,80,77,71,0,69,67,81,28,17
l32,6=0,0,0,0,0,11,0,0,0,0,0,0,0,5,4,0,42,43,44,3,20,48,26,39,39,59,86,40,36,83,78,80,76,50,32,86,0,81,85,0,0
l33,6=0,0,0,0,0,17,0,0,0,0,0,0,26,26,53,12,59,42,43,0,34,47,0,42,32,38,85,80,41,60,86,77,83,54,35,86,77,0,82,0,14
l34,6=0,0,0,0,0,10,0,0,27,0,0,0,36,24,34,29,38,42,43,0,47,49,48,42,38,27,72,61,61,82,85,71,80,46,62,86,82,70,0,1,0
l35,6=0,0,0,0,0,0,0,1,11,0,8,6,18,30,35,25,22,19,25,24,31,53,42,27,37,41,85,0,16,0,0,0,0,10,0,13,0,0,0,0,72
l36,6=0,0,0,0,0,0,0,0,12,0,9,0,52,42,31,52,63,32,16,11,22,79,53,70,25,57,65,2,0,9,6,69,0,0,0,11,0,13,0,75,0
l37,6=0,0,0,0,0,0,0,0,0,0,0,0,38,0,37,16,44,0,2,20,41,67,58,38,43,81,60,0,0,0,11,67,0,0,0,12,0,0,0,80,69
l38,6=0,0,0,0,0,0,0,0,0,16,56,29,67,63,35,64,65,65,58,14,74,83,69,69,22,61,72,0,24,1,0,81,0,0,0,20,0,19,0,75,71
l39,6=0,0,0,0,0,0,0,0,14,0,0,0,23,0,28,25,57,27,0,0,71,75,66,72,64,23,0,0,0,17,9,28,28,27,0,33,0,16,0,81,73
l40,6=0,0,0,0,0,0,0,0,13,0,5,0,21,3,0,25,22,24,26,25,51,27,62,66,57,0,22,0,0,17,0,17,27,0,5,26,0,0,0,77,64

l0,7=0,98,94,98,98,97,71,65,35,26,76,95,25,46,39,0,13,0,0,0,0,0,0,0,0,9,0,0,33,0,0,0,0,0,0,0,0,0,4,0,0
l1,7=97,0,94,98,98,97,92,94,50,42,93,94,35,50,35,3,54,0,0,0,0,0,0,0,0,0,0,42,21,0,0,0,0,0,0,0,0,0,0,0,0
l2,7=97,98,0,98,98,95,92,61,46,89,89,89,10,44,32,58,55,16,0,0,0,0,4,0,0,0,0,72,0,0,0,0,0,0,0,0,0,0,0,0,0
l3,7=99,99,95,0,99,97,72,86,41,23,80,93,0,48,28,53,0,0,0,0,0,0,0,0,0,27,0,71,27,0,0,0,0,0,0,0,0,0,0,0,0
l4,7=94,99,84,99,0,97,73,83,37,40,76,88,0,32,17,0,56,0,0,0,0,0,0,0,0,26,0,77,6,0,0,0,0,0,0,0,0,0,0,0,0
l5,7=97,99,94,98,99,0,92,84,83,43,79,95,15,45,36,56,33,20,0,0,0,0,0,0,0,0,0,63,0,0,0,0,0,0,0,0,0,0,7,0,0
l6,7=83,87,90,88,89,93,0,94,83,88,92,91,62,75,1,56,57,27,28,52,66,46,23,56,38,34,0,0,15,0,0,0,0,0,0,0,0,0,0,0,0
l7,7=19,89,50,89,94,92,92,0,88,91,95,95,81,68,6,77,39,54,18,0,20,0,33,53,2,39,0,40,21,0,0,0,0,0,0,0,0,0,0,0,22
l8,7=12,8,50,39,41,60,86,65,0,54,93,91,88,81,77,83,67,64,18,41,30,24,69,74,0,32,0,65,42,0,0,0,0,0,0,0,0,0,0,37,4
l9,7=21,48,90,40,94,93,88,93,81,0,95,91,67,79,55,82,75,0,11,0,26,23,20,61,64,29,0,0,15,0,0,0,0,0,0,0,0,0,0,0,19
l10,7=30,90,90,72,71,51,88,93,93,91,0,95,88,81,78,83,72,47,2,32,23,25,70,75,41,31,0,30,34,0,0,0,0,0,0,0,0,0,0,25,6
l11,7=92,89,90,96,93,93,88,93,93,91,95,0,88,14,61,82,72,56,6,48,28,23,57,0,27,17,0,10,19,0,0,0,0,0,0,0,0,13,0,0,2
l12,7=2,1,2,10,0,10,47,50,94,51,88,83,0,85,91,86,79,59,45,8,24,23,60,62,62,29,0,75,58,0,0,0,0,0,0,1,6,2,0,44,31
l13,7=10,5,15,0,35,22,0,0,34,31,42,29,64,79,0,86,79,78,20,0,21,25,60,70,19,26,0,92,89,0,9,0,0,5,12,25,23,51,26,47,33
l14,7=0,0,30,39,0,15,47,49,55,52,92,51,92,78,87,0,71,65,38,10,26,24,67,65,57,89,0,74,37,0,0,56,0,0,0,0,2,0,38,14,6
l15,7=7,4,15,0,23,11,43,31,50,65,58,54,83,60,79,71,0,68,63,63,34,70,74,78,76,62,0,52,42,38,0,1,0,0,3,62,26,59,6,50,79
l16,7=0,0,4,0,0,19,46,42,37,0,29,32,50,79,90,77,75,0,48,43,28,76,69,65,70,60,59,52,41,0,30,61,0,0,0,21,23,32,0,46,25
l17,7=0,0,0,0,0,0,27,7,11,13,11,2,35,33,12,23,67,20,0,87,86,73,81,60,83,33,0,0,0,56,33,41,3,27,8,74,6,0,0,41,70
l18,7=0,0,0,0,0,0,44,0,28,0,41,41,9,48,0,10,61,37,75,0,75,73,71,58,82,0,61,0,0,0,0,62,0,2,0,41,4,0,0,58,6
l19,7=0,0,0,0,0,0,24,13,45,43,20,22,29,44,18,57,50,51,73,64,0,76,80,84,83,0,0,0,0,37,73,46,52,52,28,76,22,16,60,69,76
l20,7=0,0,0,0,0,0,15,0,23,19,48,13,41,40,39,58,65,56,63,68,85,0,83,85,76,0,46,3,17,37,52,80,36,0,0,21,14,29,30,69,82
l21,7=0,0,0,0,0,0,19,29,32,12,56,27,36,38,45,68,65,55,66,51,85,76,0,85,80,22,70,13,2,0,13,30,20,11,0,11,27,27,51,69,79
l22,7=0,0,0,0,0,0,13,22,41,19,42,0,48,49,35,60,71,28,28,26,86,76,83,0,78,5,0,1,13,37,65,39,15,31,22,27,28,28,25,64,89
l23,7=0,0,0,0,0,1,9,10,0,27,22,12,38,20,12,52,65,34,72,74,85,72,80,78,0,36,74,10,0,54,60,47,30,52,34,76,37,14,30,65,72
l24,7=0,3,26,34,57,25,0,29,37,1,19,0,45,42,89,74,70,57,0,0,0,0,22,0,6,0,74,0,89,12,52,75,14,13,16,35,28,53,82,0,0
l25,7=9,0,0,27,26,0,34,39,32,29,31,17,29,26,89,62,60,33,0,0,0,22,5,36,0,0,0,92,0,39,43,0,13,15,19,30,32,18,26,24,0
l26,7=0,0,0,0,0,0,0,0,0,0,0,0,0,0,0,0,59,0,61,0,46,70,0,74,74,0,0,8,53,0,87,0,81,82,61,84,85,70,76,12,23
l27,7=0,0,0,0,0,0,0,0,0,0,0,0,0,0,46,0,0,41,56,0,80,43,38,75,72,92,8,66,60,76,0,66,72,70,61,83,74,83,79,20,0
l28,7=0,0,0,0,0,0,0,0,0,0,0,0,0,0,12,0,1,0,42,0,77,72,71,74,74,0,53,47,58,76,84,54,0,83,84,85,73,77,76,0,0
l29,7=0,0,0,0,0,0,0,0,0,0,0,0,0,0,37,0,0,0,61,0,78,0,47,74,74,39,0,36,59,76,79,75,81,0,80,79,74,69,75,0,0
l30,7=0,0,0,0,0,0,0,0,0,0,0,0,0,0,22,0,0,0,0,0,76,0,0,72,72,43,87,32,46,75,79,85,81,83,0,80,74,71,76,7,0
l31,7=0,0,0,0,0,0,0,0,0,0,0,0,0,0,56,1,61,41,62,46,80,30,39,47,75,0,0,66,54,75,85,0,74,67,60,0,82,84,80,36,30
l32,7=0,0,0,0,0,0,0,0,0,0,0,0,13,20,54,26,56,45,20,1,18,26,45,43,36,13,81,23,49,76,79,74,20,40,52,87,0,86,90,26,0
l33,7=0,0,0,0,0,0,0,0,0,0,19,9,0,28,70,0,64,48,0,0,20,40,42,44,27,15,82,76,51,70,85,67,69,22,50,86,85,0,81,0,30
l34,7=7,0,0,0,0,17,0,0,0,0,0,0,0,26,42,52,55,0,0,0,21,23,44,43,34,19,61,69,45,75,85,60,22,20,48,87,86,84,0,27,0
l35,7=0,0,0,0,0,0,0,0,2,2,8,0,15,5,18,9,22,17,19,16,67,66,74,58,63,30,84,0,3,0,6,0,0,0,1,15,6,0,11,0,87
l36,7=0,0,0,0,0,0,0,13,6,7,6,0,33,0,28,54,62,13,20,0,52,70,67,84,42,32,85,5,0,4,0,82,0,0,0,9,0,3,0,71,0
l37,7=0,0,0,0,0,0,0,0,0,1,0,0,9,12,11,2,27,16,29,13,29,55,59,55,0,18,70,0,0,3,3,84,0,0,0,0,0,0,0,74,84
l38,7=0,0,0,0,0,0,20,0,13,0,48,0,55,42,43,68,53,54,44,15,9,75,75,80,53,26,76,7,45,12,0,80,0,0,0,6,0,0,16,73,89
l39,7=0,0,0,0,0,0,0,0,0,0,0,0,25,14,9,16,22,18,38,0,55,63,79,82,66,24,12,0,0,17,16,36,0,7,0,0,0,0,0,74,89
l40,7=0,0,0,0,0,0,0,0,0,0,8,0,2,9,9,15,23,15,22,16,2,66,73,78,37,0,23,0,0,16,0,30,0,0,0,23,2,10,0,73,85

l0,8=0,96,99,98,99,96,89,88,58,59,87,95,2,61,59,0,0,0,0,0,0,0,0,0,0,0,0,89,0,0,0,0,0,0,0,0,0,0,0,0,0
l1,8=98,0,99,98,100,95,94,99,59,95,94,95,2,1,78,0,78,0,0,0,0,1,0,0,0,0,0,85,0,0,0,0,0,0,0,0,0,0,0,0,0
l2,8=98,96,0,96,100,95,96,99,65,88,82,95,84,98,28,88,0,47,0,0,0,0,0,0,0,0,0,49,0,0,0,0,0,0,0,0,0,0,0,0,1
l3,8=100,100,100,0,100,98,95,92,59,0,96,96,0,56,85,47,0,0,0,0,0,0,0,0,0,44,0,84,45,0,0,0,0,0,0,0,0,0,0,0,0
l4,8=98,96,97,100,0,98,94,92,56,59,84,95,0,0,86,0,52,0,0,0,0,0,0,0,0,76,0,85,25,0,0,0,0,0,0,0,0,0,0,0,0
l5,8=98,100,96,100,100,0,94,92,54,95,86,95,42,60,71,0,46,51,0,0,0,0,0,0,0,69,0,79,50,0,0,0,0,0,0,0,0,0,0,0,0
l6,8=94,96,97,92,91,95,0,99,94,98,94,95,88,91,0,76,89,92,87,0,66,79,0,78,82,43,0,0,23,0,0,0,0,0,0,0,0,0,0,6,0
l7,8=87,96,97,63,100,92,99,0,98,98,97,98,92,98,72,21,51,56,66,0,68,71,84,87,0,0,0,0,5,0,0,0,0,0,0,0,0,0,0,0,80
l8,8=85,56,50,65,86,77,87,95,0,93,97,94,96,98,3,93,54,59,66,60,77,78,81,89,0,60,0,7,52,0,0,0,0,0,0,0,0,1,0,38,77
l9,8=95,91,96,0,90,95,99,99,95,0,97,98,94,91,55,93,51,35,45,0,70,77,33,82,77,8,0,59,0,0,0,0,0,0,0,0,0,0,0,38,29
l10,8=96,93,56,74,82,81,99,99,100,99,0,98,95,98,65,93,54,56,39,72,7,77,84,87,74,53,0,57,46,0,0,0,0,0,0,0,0,0,0,53,0
l11,8=91,87,95,92,91,94,95,99,96,99,97,0,93,91,67,90,87,89,89,69,77,80,83,0,81,55,0,0,66,0,0,0,0,0,0,0,0,25,0,0,0
l12,8=28,0,9,0,0,45,67,90,70,97,95,93,0,98,95,98,96,62,71,47,79,85,91,88,74,87,0,81,56,0,0,16,0,0,0,32,3,7,22,71,81
l13,8=52,18,12,27,74,56,0,31,0,31,24,40,99,98,0,98,58,96,12,0,0,86,93,86,0,69,0,99,62,0,32,43,0,0,33,84,55,57,66,81,28
l14,8=0,0,12,23,47,0,36,0,70,99,97,93,99,98,95,0,58,99,70,75,71,85,92,86,85,99,0,78,27,0,0,80,0,0,0,0,5,1,32,81,73
l15,8=0,21,0,0,61,36,77,55,55,63,86,55,99,83,97,87,0,100,93,87,89,91,90,93,94,69,0,75,45,19,16,0,0,4,0,72,23,46,68,84,84
l16,8=0,0,34,0,0,57,71,84,62,41,95,86,99,96,98,98,96,0,71,7,92,91,91,90,91,51,38,79,48,0,48,44,0,0,0,45,45,50,57,78,86
l17,8=0,0,0,0,0,0,62,41,73,4,1,68,65,69,22,62,87,72,0,96,92,88,90,65,93,58,0,0,0,79,67,41,18,40,0,63,60,10,36,52,62
l18,8=0,0,0,0,0,0,0,0,71,9,53,65,60,0,0,60,82,0,95,0,89,88,86,71,93,0,83,0,0,60,66,75,0,65,0,59,0,0,0,56,62
l19,8=0,0,0,0,0,0,24,18,63,3,0,28,53,17,0,24,72,74,89,66,0,91,87,89,94,0,39,0,0,29,75,65,48,29,18,71,25,0,28,80,84
l20,8=0,0,0,0,0,0,25,8,46,49,50,57,68,65,57,63,81,76,88,70,92,0,93,94,91,0,52,27,0,66,68,90,24,20,15,61,19,31,32,59,85
l21,8=0,0,0,0,0,0,0,39,57,21,56,56,79,63,72,84,79,79,86,65,89,91,0,94,86,0,88,23,0,62,0,84,18,24,20,43,26,50,8,83,82
l22,8=0,0,0,0,0,0,36,51,72,40,54,0,60,58,57,58,75,73,35,50,94,91,93,0,72,0,60,0,16,64,75,54,2,60,38,55,0,20,6,80,88
l23,8=0,0,0,0,0,0,28,0,0,20,0,31,24,50,0,59,83,64,95,84,92,89,87,86,0,48,70,1,0,70,78,53,25,77,18,79,25,0,18,72,72
l24,8=86,21,4,43,82,70,0,0,1,40,41,0,99,84,99,98,54,61,0,0,0,77,72,0,0,0,87,0,100,26,80,89,43,30,74,92,60,57,87,65,0
l25,8=0,0,0,44,76,69,43,0,60,8,53,55,87,69,99,69,51,58,0,0,0,0,0,48,0,0,0,99,0,44,55,0,34,38,70,58,57,99,78,56,40
l26,8=0,0,0,0,0,0,0,0,0,0,0,0,0,0,0,0,38,0,83,39,52,88,60,70,87,0,0,47,82,0,96,0,100,100,82,99,98,86,89,52,42
l27,8=0,0,0,0,11,0,0,0,0,0,0,0,0,43,53,0,29,34,60,42,85,82,0,87,75,99,47,85,71,97,0,86,85,88,82,89,88,95,90,39,0
l28,8=0,0,0,0,0,0,0,0,0,0,0,0,0,0,0,0,20,0,30,0,88,81,65,36,68,0,82,78,37,98,96,58,0,100,100,98,87,87,89,1,34
l29,8=0,0,0,0,0,0,0,0,0,0,0,0,0,0,21,0,8,0,56,56,51,72,65,85,88,44,0,63,81,98,96,97,100,0,100,98,82,81,89,54,0
l30,8=0,0,0,0,0,0,0,0,0,0,0,0,0,0,55,0,0,0,0,0,80,69,67,78,75,55,96,71,73,97,96,96,100,100,0,89,88,87,74,0,0
l31,8=0,0,0,0,0,0,0,0,0,0,0,0,16,43,80,0,44,41,75,65,90,84,54,53,89,0,0,86,58,97,96,0,85,89,82,0,90,99,100,58,50
l32,8=0,0,0,0,0,0,0,0,0,0,0,0,71,65,85,81,74,89,88,0,54,83,59,0,60,34,100,88,89,98,96,85,60,61,95,99,0,99,100,17,0
l33,8=0,0,0,0,0,11,0,0,0,0,0,17,73,75,88,60,81,85,9,0,1,84,61,49,0,38,100,87,87,62,96,89,62,81,82,99,98,0,99,18,14
l34,8=0,0,0,0,0,0,0,0,0,0,1,0,61,0,80,71,59,50,60,0,56,80,51,43,49,70,82,87,59,75,96,82,62,89,60,99,98,99,0,48,0
l35,8=0,0,0,0,0,0,0,0,4,1,0,0,21,11,46,43,56,14,32,46,49,67,77,85,68,58,99,6,17,23,24,0,0,11,0,19,0,1,0,0,87
l36,8=0,0,0,0,0,0,0,19,38,0,0,0,47,26,11,39,57,20,30,42,65,90,52,92,65,57,98,0,6,11,0,90,0,0,0,23,0,1,0,91,0
l37,8=0,0,0,0,0,0,0,0,0,0,0,0,38,21,43,16,41,16,37,33,47,84,44,68,62,99,86,0,0,0,0,99,0,0,0,0,0,0,0,90,85
l38,8=0,0,0,0,0,7,26,0,16,1,56,47,72,78,54,84,80,77,56,34,82,91,92,92,85,78,89,28,51,1,0,100,0,0,0,22,0,3,17,90,87
l39,8=0,0,0,0,0,0,0,0,0,0,0,0,36,19,1,23,77,20,59,23,74,84,90,92,80,56,52,0,0,26,33,58,1,1,0,11,0,0,0,89,86
l40,8=0,0,0,0,0,0,0,0,0,0,0,0,30,12,19,19,43,14,44,34,17,56,57,75,34,40,42,0,0,23,30,50,0,2,0,15,21,0,0,88,80

l0,9=0,94,100,85,98,100,7,98,26,99,92,0,0,5,0,0,0,0,0,0,0,0,0,0,0,94,0,0,4,0,0,0,0,0,0,0,0,0,0,0,0
l1,9=100,0,100,85,98,100,95,98,85,99,91,83,2,6,7,0,12,23,0,0,0,0,0,0,0,0,0,5,0,0,0,0,0,0,0,0,0,0,0,0,0
l2,9=100,92,0,77,98,100,94,98,97,99,94,100,7,64,0,36,50,0,0,0,0,0,0,0,0,8,0,29,2,0,0,0,0,0,0,0,0,0,0,0,0
l3,9=100,95,61,0,98,100,0,88,14,6,95,82,0,3,0,0,20,0,0,0,0,0,0,0,0,31,0,0,4,0,0,0,0,0,0,0,0,0,0,0,0
l4,9=100,95,100,85,0,100,94,98,32,99,90,10,0,76,0,0,27,0,0,0,0,0,0,0,0,53,0,93,72,0,0,0,0,0,0,0,0,0,0,0,0
l5,9=100,95,100,85,98,0,97,79,70,99,33,83,0,34,4,6,0,34,0,0,0,0,0,0,0,95,0,0,8,0,0,0,0,0,0,0,2,1,0,0,0
l6,9=96,95,100,3,98,100,0,98,99,99,95,100,92,94,88,85,95,82,88,0,88,70,53,81,86,0,0,2,0,0,0,0,0,0,0,0,0,0,0,0,10
l7,9=100,95,100,81,87,100,94,0,99,99,95,100,94,98,32,93,94,91,65,0,50,84,27,40,56,40,0,76,36,0,0,0,0,0,0,0,0,0,0,0,16
l8,9=98,95,33,31,70,96,98,78,0,99,95,100,94,64,53,100,97,94,86,77,98,88,30,32,0,34,0,90,92,0,0,0,0,0,0,0,0,24,5,50,95
l9,9=100,95,100,4,82,100,100,100,99,0,95,100,58,97,39,100,98,56,0,0,93,87,26,30,68,15,0,66,14,0,0,0,0,0,0,0,0,0,0,2,68
l10,9=100,95,60,51,52,95,78,100,99,99,0,100,70,98,53,100,98,83,60,71,0,35,30,31,61,46,0,22,79,0,0,0,0,0,0,0,0,0,0,1,27
l11,9=96,95,100,85,65,100,98,100,99,99,95,0,94,97,63,100,90,93,97,0,94,94,33,31,26,58,0,79,82,0,0,0,0,0,0,0,0,14,0,0,0
l12,9=81,81,4,0,13,38,37,77,99,82,60,59,0,38,56,100,100,100,92,36,92,91,33,32,75,58,0,98,94,0,14,19,0,0,0,28,50,31,8,55,94
l13,9=27,94,0,0,8,93,36,28,98,50,60,57,34,38,0,100,100,100,0,0,73,91,34,32,0,35,1,100,94,14,61,31,0,28,4,30,94,37,34,45,93
l14,9=55,0,5,0,0,70,1,59,99,82,60,59,94,88,53,0,100,100,35,59,93,89,35,32,74,68,63,96,82,0,0,46,0,0,0,0,78,16,17,45,94
l15,9=0,26,5,1,20,0,37,75,76,81,65,52,93,94,100,99,0,100,98,99,95,96,59,56,100,97,0,97,93,33,62,0,41,43,9,59,76,39,56,56,94
l16,9=0,49,0,0,0,94,35,78,96,62,59,58,93,35,100,100,100,0,77,0,95,92,59,57,75,98,86,97,93,0,54,94,0,0,0,29,92,37,34,44,95
l17,9=0,0,0,0,0,0,82,82,81,0,90,70,82,78,37,96,98,87,0,100,95,96,95,97,99,97,0,0,0,85,95,82,81,85,0,98,61,0,77,39,93
l18,9=0,0,0,0,0,0,0,0,91,4,91,0,69,2,0,98,99,65,100,0,94,96,95,97,99,0,33,0,0,0,98,39,0,89,0,85,0,0,0,93,95
l19,9=0,0,0,0,0,0,77,4,80,78,15,69,72,80,78,80,91,90,98,76,0,96,95,97,100,0,0,0,0,79,81,35,81,85,80,91,67,33,77,78,94
l20,9=0,0,0,0,0,0,25,65,73,65,37,38,77,70,50,92,99,99,96,88,97,0,97,98,99,0,63,69,0,77,83,97,47,48,47,59,53,28,26,93,95
l21,9=0,73,0,0,0,48,73,55,76,67,30,57,85,93,99,98,98,99,98,99,95,98,0,98,97,29,95,1,0,82,0,93,75,82,62,72,66,89,45,93,95
l22,9=0,0,0,0,0,0,47,61,92,69,82,27,81,18,54,92,94,97,95,80,97,98,97,0,99,0,92,0,33,91,94,16,49,93,49,82,24,32,0,94,96
l23,9=0,0,0,0,0,0,61,57,0,90,67,17,85,70,32,97,99,97,98,99,97,96,95,97,0,18,97,0,0,86,98,97,82,99,0,98,79,0,84,93,89
l24,9=82,90,33,0,71,14,1,63,31,25,38,52,33,37,100,100,95,91,0,0,0,60,0,0,0,0,97,0,94,0,95,100,57,54,59,30,98,35,34,0,30
l25,9=94,0,8,31,53,95,0,40,34,15,46,58,58,35,68,97,98,97,0,0,0,29,0,18,0,0,0,100,0,36,94,0,29,52,0,24,88,100,44,0,32
l26,9=0,0,0,0,0,0,0,0,0,0,0,0,0,1,63,0,86,0,33,0,63,95,92,97,97,0,0,0,84,0,100,0,99,100,100,100,100,99,99,25,29
l27,9=0,0,0,0,26,0,0,0,0,0,0,0,5,30,45,0,89,47,58,37,95,94,0,90,99,100,0,94,29,100,0,62,99,100,100,100,100,100,99,23,20
l28,9=0,0,0,0,0,0,0,0,0,0,0,0,0,0,0,0,83,0,51,0,80,77,72,81,83,0,84,81,45,100,100,41,0,100,100,100,76,98,85,0,0
l29,9=0,0,0,0,0,0,0,0,0,0,0,0,0,0,61,0,72,0,54,9,88,52,93,97,100,36,0,96,93,100,100,100,99,0,100,100,98,99,100,25,0
l30,9=0,0,0,0,0,0,0,0,0,0,0,0,0,0,1,0,1,0,0,0,47,43,20,52,0,94,100,80,0,100,100,100,99,100,0,100,100,98,100,0,0
l31,9=0,0,0,0,0,0,0,0,0,0,0,0,19,31,46,0,94,82,39,35,97,93,16,97,100,0,0,62,41,100,100,0,99,100,100,0,100,100,100,9,27
l32,9=0,0,0,0,0,64,0,0,0,0,0,0,25,21,93,86,95,87,36,0,51,46,51,26,94,29,99,82,33,100,100,99,86,76,100,100,0,100,100,0,0
l33,9=0,0,0,0,1,69,0,0,12,0,9,22,78,55,99,66,98,94,0,0,24,45,50,78,0,52,100,69,58,39,100,100,99,77,37,100,100,0,100,0,3
l34,9=0,0,0,0,0,0,0,0,10,0,5,0,28,19,47,82,99,85,32,0,46,85,15,0,70,0,100,100,93,100,100,100,52,100,100,100,100,100,0,0,0
l35,9=0,0,0,0,0,0,0,0,57,38,0,0,58,23,63,55,88,17,18,58,88,96,92,97,93,24,100,0,0,27,31,0,0,39,0,1,0,0,0,0,96
l36,9=0,0,0,0,0,0,0,0,79,51,2,0,48,28,69,82,91,82,84,61,87,96,95,97,69,88,100,55,62,34,10,100,0,0,0,38,0,1,0,94,0
l37,9=0,0,0,0,0,0,0,0,4,7,0,0,72,1,17,62,88,71,48,61,84,91,75,86,90,100,99,0,0,0,24,100,0,7,0,0,0,0,0,93,95
l38,9=0,0,0,0,0,1,25,1,3,62,44,33,91,92,99,97,99,72,81,69,94,96,95,97,78,44,99,71,79,0,0,100,0,0,0,44,6,0,0,93,95
l39,9=0,0,0,0,0,0,0,0,0,0,0,0,8,1,57,82,98,87,93,72,92,96,95,95,98,0,25,0,0,48,0,9,0,2,0,52,0,0,0,93,95
l40,9=0,0,0,0,0,0,0,0,0,0,0,0,66,0,0,72,66,67,0,57,77,83,84,97,87,32,29,0,0,59,0,27,37,69,0,0,0,39,0,93,94

l0,10=0,6,6,21,39,9,12,8,6,14,4,4,0,5,1,1,0,0,0,0,0,0,0,0,0,5,0,3,7,0,0,0,0,0,0,0,0,0,0,0,0
l1,10=24,0,7,21,39,20,13,4,3,14,4,0,0,0,1,1,0,0,0,0,0,0,0,0,0,0,0,3,5,0,0,0,0,0,0,0,0,0,0,0,0
l2,10=25,27,0,12,39,44,56,15,6,0,5,6,0,9,1,2,1,0,0,0,0,0,0,0,0,0,0,0,5,0,0,0,0,0,0,0,0,0,0,0,0
l3,10=23,3,6,0,40,10,13,8,6,14,4,4,0,5,0,1,0,0,0,0,0,0,0,0,0,6,0,4,2,0,0,0,0,0,0,0,0,0,0,0,0
l4,10=25,28,6,23,0,44,13,7,6,11,4,4,0,2,1,0,0,0,0,0,0,0,0,0,0,19,0,3,7,0,0,0,0,0,0,0,0,0,0,0,0
l5,10=23,7,15,23,40,0,13,3,6,19,3,4,0,5,0,1,1,0,0,0,0,0,0,0,0,10,0,3,7,0,0,6,0,0,0,0,0,0,0,0,0
l6,10=19,24,34,18,39,39,0,56,32,42,30,12,0,8,2,4,2,5,0,0,1,0,0,0,1,0,0,0,0,0,0,0,0,0,0,0,0,0,0,0,0
l7,10=19,3,32,18,39,7,53,0,33,48,39,31,1,67,1,2,1,0,0,0,1,2,0,0,0,0,0,0,5,0,0,0,0,0,0,0,0,0,0,0,0
l8,10=16,26,32,12,24,42,53,61,0,46,41,32,84,74,6,74,2,14,0,0,5,4,2,2,0,9,0,1,35,0,0,0,0,0,0,0,0,0,0,1,0
l9,10=16,17,0,15,22,42,53,62,34,0,41,33,2,67,1,50,2,5,0,0,1,1,0,0,1,5,0,4,2,0,0,0,0,0,0,0,0,0,0,0,0
l10,10=16,27,32,15,24,39,53,62,47,46,0,32,81,69,7,11,1,0,0,0,1,1,0,0,0,0,0,4,0,0,0,4,0,0,0,0,0,0,0,1,0
l11,10=17,7,32,19,38,42,53,64,40,48,41,0,2,67,1,60,2,5,0,0,2,0,0,0,0,0,0,4,6,0,0,0,0,0,0,0,0,0,0,0,0
l12,10=4,25,18,0,0,11,17,32,42,44,38,19,0,75,92,75,40,93,20,2,14,69,69,63,63,55,0,80,62,0,2,0,0,0,0,0,0,5,6,42,71
l13,10=8,25,8,3,3,15,16,9,36,7,34,9,89,72,0,75,84,96,0,0,5,29,57,43,1,69,0,97,76,2,0,0,0,0,0,2,5,73,7,28,60
l14,10=7,11,29,3,7,27,27,28,43,44,34,29,89,76,88,0,83,96,0,1,52,71,69,62,2,97,66,79,59,0,0,78,0,0,0,0,0,0,0,0,5
l15,10=0,11,14,0,0,11,20,23,20,39,24,23,41,75,97,75,0,96,69,39,69,86,87,66,82,11,0,63,53,17,32,0,0,1,0,38,69,49,78,44,52
l16,10=0,4,0,0,0,0,21,17,39,37,29,26,89,74,97,75,84,0,45,0,65,86,88,83,79,2,48,82,66,0,28,40,0,0,0,15,69,68,46,48,74
l17,10=0,0,0,0,0,0,36,50,34,34,32,0,73,53,50,1,81,80,0,98,89,82,88,82,87,1,0,0,0,59,73,32,76,44,0,86,72,0,0,39,0
l18,10=0,0,0,0,0,0,0,0,20,0,36,27,76,66,0,59,82,0,91,0,90,88,90,81,87,0,51,0,0,0,81,59,11,0,0,0,0,0,0,74,85
l19,10=0,0,0,0,0,0,19,15,38,32,27,19,34,54,77,56,78,83,91,88,0,91,89,85,88,0,0,0,0,79,78,0,60,85,74,86,73,41,31,78,76
l20,10=0,0,10,0,0,0,28,37,25,24,26,8,71,67,76,64,82,86,72,85,89,0,90,88,87,0,75,51,22,63,78,83,62,53,49,82,72,57,64,80,86
l21,10=0,3,0,0,0,0,17,40,37,34,35,20,78,61,79,63,82,91,89,90,89,91,0,88,83,0,73,25,26,67,50,82,47,72,23,67,34,65,69,61,86
l22,10=0,5,0,0,0,0,28,12,38,23,29,18,58,39,70,60,70,87,83,43,89,91,90,0,87,0,58,5,2,79,55,68,56,70,59,77,58,25,23,80,85
l23,10=0,0,0,0,0,0,32,13,23,37,31,18,73,62,41,56,81,78,89,84,90,88,79,85,0,0,75,1,6,66,81,70,45,90,87,84,61,40,82,77,74
l24,10=5,8,1,9,10,4,0,0,0,6,1,0,82,71,97,74,9,32,0,0,0,0,0,0,0,0,68,0,76,0,0,45,1,2,0,41,90,88,61,0,0
l25,10=5,0,0,6,19,10,0,0,9,5,0,0,55,69,97,11,2,1,0,0,0,0,0,0,0,0,0,97,0,13,2,0,0,1,0,40,0,88,38,0,0
l26,10=0,0,0,0,0,0,0,0,0,0,0,0,0,0,66,0,48,0,51,0,75,73,58,75,68,0,0,54,63,0,93,0,92,94,93,92,92,82,96,54,52
l27,10=0,0,0,0,0,0,0,0,0,0,0,0,54,30,0,0,65,62,42,43,86,86,54,68,83,97,54,66,55,89,0,81,92,94,93,92,92,85,96,28,50
l28,10=0,0,0,0,0,0,0,0,0,0,0,0,0,0,0,0,0,0,74,6,68,81,53,66,66,0,63,74,0,89,92,71,0,94,93,92,90,85,95,0,21
l29,10=0,0,0,0,0,0,0,0,0,0,0,0,0,0,13,0,25,0,17,0,76,70,64,76,79,13,0,27,0,89,92,89,92,0,93,92,90,75,90,0,11
l30,10=0,0,0,0,0,0,0,0,0,0,0,0,0,0,0,0,0,0,0,0,73,72,44,70,72,2,93,46,0,89,92,93,92,94,0,92,90,76,84,0,0
l31,10=0,0,0,0,0,6,0,0,0,0,4,0,0,0,78,0,40,32,59,0,83,82,68,70,45,0,0,81,71,89,93,0,92,94,93,0,93,88,96,2,1
l32,10=0,0,0,0,0,0,0,0,0,0,0,0,0,0,52,25,44,45,32,0,57,77,25,68,39,0,92,92,44,89,93,92,61,94,93,92,0,88,96,16,0
l33,10=0,0,0,0,0,10,0,0,3,0,1,0,54,38,84,0,43,42,0,0,4,74,71,37,15,1,94,94,70,83,93,94,56,50,72,92,95,0,96,3,0
l34,10=0,0,0,0,0,0,0,0,0,0,0,0,58,52,78,38,77,45,0,0,9,74,70,39,43,0,93,86,70,89,92,93,54,89,71,92,95,88,0,0,0
l35,10=0,0,0,0,0,0,0,0,17,0,31,0,71,47,75,20,72,74,0,50,80,85,53,80,78,40,92,6,0,49,11,0,0,0,0,0,7,3,0,0,87
l36,10=0,0,10,0,0,0,13,0,21,0,0,9,73,52,75,28,56,77,0,64,75,85,82,81,71,0,92,6,9,52,46,93,0,2,0,0,0,0,0,85,0
l37,10=0,0,0,0,0,0,0,0,0,0,0,0,40,0,53,56,70,73,68,38,73,87,68,84,71,88,82,0,0,0,0,88,0,0,0,0,0,0,0,85,86
l38,10=0,0,0,0,0,0,13,3,0,28,29,0,75,57,75,58,80,79,65,0,75,83,83,83,51,38,96,1,53,0,0,96,0,0,0,0,0,0,4,84,86
l39,10=0,0,0,0,0,0,0,0,0,0,0,0,52,37,53,40,77,63,66,54,84,88,85,68,84,0,54,0,0,0,0,2,0,0,0,56,0,0,0,80,86
l40,10=0,0,0,0,0,0,0,0,1,0,0,0,16,0,1,45,64,53,68,26,85,65,81,85,85,0,52,0,0,51,1,1,0,0,0,28,0,15,0,80,81

l0,11=0,41,18,30,32,31,6,7,3,10,6,2,0,0,0,0,0,0,0,0,0,0,0,0,0,0,0,0,0,0,0,0,0,0,0,0,0,0,0,0,0
l1,11=32,0,18,29,33,30,6,9,2,10,6,0,0,0,0,0,0,0,0,0,0,0,0,0,0,0,0,0,0,0,0,0,0,0,0,0,0,0,0,0,0
l2,11=33,39,0,29,14,31,6,10,3,12,6,2,0,1,0,0,0,0,0,0,0,0,0,0,0,10,0,0,2,0,0,0,0,0,0,0,0,0,0,0,0
l3,11=28,41,18,0,33,31,6,3,2,12,4,0,0,0,0,0,0,0,0,0,0,0,0,0,0,13,0,1,3,0,0,0,0,0,0,0,0,0,0,0,0
l4,11=35,43,18,30,0,32,6,7,0,12,5,0,0,0,0,0,0,0,0,0,0,0,0,0,0,8,0,0,3,0,0,0,0,0,0,0,0,0,0,0,0
l5,11=33,41,18,30,34,0,1,7,3,12,6,2,0,0,0,0,0,0,0,0,0,0,0,0,0,8,0,0,3,0,0,0,0,0,0,0,0,0,0,0,0
l6,11=30,39,20,29,13,9,0,31,13,37,55,3,0,1,0,0,0,0,0,0,0,1,1,0,1,0,0,0,0,0,0,0,0,0,0,0,0,0,0,0,0
l7,11=31,39,18,24,29,18,28,0,10,59,68,44,0,65,0,0,0,0,0,0,0,1,2,0,1,0,0,0,0,0,0,0,0,0,0,0,0,0,0,0,0
l8,11=11,27,16,20,2,20,31,25,0,56,71,44,40,85,10,69,0,20,0,0,5,1,5,0,1,4,0,2,5,0,0,0,0,0,0,0,0,0,0,0,0
l9,11=17,18,17,22,19,32,30,41,47,0,70,44,39,46,0,52,0,0,0,0,0,1,2,0,0,10,0,0,1,0,0,0,0,0,0,0,0,0,0,0,0
l10,11=24,31,18,12,3,20,25,39,49,57,0,44,27,80,0,1,0,0,0,0,0,1,6,0,0,34,0,0,2,0,0,0,0,0,0,0,0,0,0,0,0
l11,11=21,39,20,20,11,32,23,42,42,59,71,0,0,69,0,39,0,0,0,0,0,1,2,0,0,9,0,0,2,0,0,0,0,0,0,0,0,0,0,0,0
l12,11=4,19,14,0,0,0,27,14,15,48,68,31,0,84,85,81,47,47,13,0,12,29,33,42,14,44,0,19,38,0,0,0,0,0,0,0,0,5,2,27,26
l13,11=9,14,6,0,0,11,14,1,8,0,56,11,50,39,0,81,29,48,0,0,3,1,4,14,0,36,0,45,45,0,11,0,0,0,1,2,22,38,30,10,17
l14,11=5,10,0,3,0,0,27,3,45,48,66,32,86,85,85,0,74,65,13,0,30,39,29,40,8,88,0,19,36,0,0,18,0,0,0,0,0,0,1,0,23
l15,11=3,0,12,0,0,9,19,2,13,36,50,23,47,46,81,81,0,65,37,37,55,58,67,46,27,19,0,17,32,3,26,1,9,4,2,2,39,29,31,12,29
l16,11=0,0,0,0,0,0,7,1,34,38,64,29,86,85,89,81,76,0,37,0,49,56,50,62,29,11,23,13,32,0,0,9,0,0,0,0,13,33,19,23,44
l17,11=0,0,0,0,0,0,20,28,27,18,40,33,53,64,39,54,56,31,0,92,86,52,75,61,81,1,0,0,0,51,69,0,49,0,0,65,42,0,0,53,58
l18,11=0,0,0,0,0,0,0,0,35,28,57,30,54,59,0,47,74,0,72,0,87,67,79,70,84,0,43,0,0,0,69,54,37,0,0,46,0,2,0,66,9
l19,11=0,0,0,0,0,0,17,16,37,34,43,32,54,69,45,65,57,19,71,81,0,66,75,70,82,0,0,0,16,70,80,0,44,68,64,68,22,25,18,63,76
l20,11=0,0,0,0,0,0,15,13,15,14,47,8,31,66,25,69,74,62,45,48,87,0,79,70,80,0,66,23,0,61,58,71,57,4,0,62,54,20,20,41,89
l21,11=0,3,0,0,0,0,8,19,40,36,66,26,58,62,46,55,73,38,71,48,86,67,0,70,42,1,51,4,0,51,40,59,38,38,29,48,35,10,22,70,86
l22,11=0,0,0,0,0,0,15,7,11,29,34,15,62,31,48,48,44,39,31,39,86,67,79,0,53,0,61,0,14,62,41,35,1,43,26,24,23,7,13,77,89
l23,11=0,0,0,0,0,0,21,14,31,18,38,12,67,36,38,57,67,41,72,81,87,65,65,66,0,0,58,0,0,72,67,17,66,75,73,75,0,0,29,69,72
l24,11=0,13,0,17,6,9,0,0,3,6,3,0,13,48,89,31,3,0,0,0,0,2,1,0,0,0,59,0,52,0,5,52,10,3,18,17,55,52,40,0,0
l25,11=0,0,10,13,8,8,0,0,4,10,34,9,44,36,88,19,11,1,0,0,0,1,0,0,0,0,0,84,0,7,8,0,4,7,0,28,9,44,15,0,0
l26,11=0,0,0,0,0,0,0,0,0,0,0,0,0,0,0,0,23,0,43,0,66,51,61,58,59,0,0,10,37,0,93,0,85,87,93,88,90,88,89,42,24
l27,11=0,0,0,0,0,0,0,0,0,0,0,0,1,0,40,0,23,0,53,52,80,59,26,24,34,84,10,27,22,86,0,64,85,87,93,88,60,89,89,0,13
l28,11=0,0,0,0,0,0,0,0,0,0,0,0,0,0,11,0,32,0,49,19,65,57,54,10,49,0,37,61,19,85,93,47,0,87,93,88,85,71,83,0,0
l29,11=0,0,0,0,0,0,0,0,0,0,0,0,0,0,0,0,29,0,0,0,65,27,54,54,66,7,0,25,35,86,93,86,85,0,93,88,85,84,87,0,35
l30,11=0,0,0,0,0,0,0,0,0,0,0,0,0,0,7,0,1,0,0,0,74,0,21,48,62,8,93,60,0,86,93,93,85,87,0,88,90,81,88,0,0
l31,11=0,0,0,0,0,0,0,0,0,0,0,0,0,0,18,1,9,0,54,0,71,59,35,17,52,0,0,64,47,86,93,0,85,87,93,0,90,91,95,14,0
l32,11=0,0,0,0,0,0,0,0,0,0,0,0,36,21,38,0,17,36,38,0,45,59,49,41,0,4,85,77,25,86,75,85,84,87,93,88,0,91,95,0,0
l33,11=0,0,0,0,0,4,0,0,0,0,2,0,38,0,46,16,21,49,0,0,38,32,2,4,0,7,87,84,31,53,93,87,32,83,91,88,93,0,95,0,0
l34,11=0,0,0,0,0,0,0,0,0,0,0,0,33,1,44,17,69,37,0,0,55,31,29,22,10,0,93,42,24,86,93,93,62,83,88,88,93,91,0,0,0
l35,11=0,0,0,0,0,0,0,0,6,19,36,0,67,8,56,0,21,25,26,27,55,23,44,60,46,28,88,0,0,27,0,0,0,0,0,3,0,0,0,0,90
l36,11=0,0,0,0,0,0,0,0,9,9,35,13,68,65,57,51,60,30,12,0,56,59,59,70,44,9,90,20,27,37,22,90,0,3,0,0,0,2,0,80,0
l37,11=0,0,0,0,0,0,0,0,0,0,0,0,16,3,61,2,60,33,37,0,43,38,35,63,52,44,88,0,0,0,0,91,0,0,0,0,0,0,0,77,88
l38,11=0,0,0,0,0,0,17,2,7,26,31,19,24,72,56,72,69,37,29,7,59,23,73,67,16,15,89,0,26,0,0,95,0,0,0,0,0,8,15,75,88
l39,11=0,0,0,0,0,0,0,0,0,0,0,0,48,47,0,34,61,31,47,38,66,64,72,69,70,0,42,0,0,49,0,14,16,0,0,45,0,0,19,77,89
l40,11=0,0,0,0,0,0,0,0,0,0,31,0,46,0,39,10,56,38,48,0,70,47,69,70,61,0,24,0,0,48,45,0,24,0,0,51,0,0,0,77,84

l0,12=0,9,45,43,39,24,2,7,8,5,1,5,4,0,0,0,1,0,0,0,0,0,0,0,0,0,0,0,0,0,0,0,0,0,0,0,0,0,0,0,0
l1,12=15,0,41,46,39,21,9,6,5,1,5,5,2,0,0,0,1,0,0,0,0,0,0,0,0,4,0,0,0,0,0,0,0,0,0,0,0,0,0,0,0
l2,12=18,9,0,39,39,16,10,6,8,4,5,6,1,0,0,0,2,0,0,0,0,2,0,0,0,10,0,0,0,0,0,0,0,0,0,0,0,0,0,0,0
l3,12=16,10,45,0,39,19,2,6,5,5,1,5,0,0,0,0,0,0,0,0,0,0,0,0,0,0,0,0,0,0,0,0,0,0,0,0,0,0,0,0,0
l4,12=29,12,44,47,0,26,3,6,5,4,1,5,1,0,0,0,0,0,0,0,0,0,0,0,0,4,0,0,0,0,0,0,0,0,0,0,0,0,0,0,0
l5,12=29,16,44,50,42,0,2,6,8,4,1,5,1,0,0,0,2,0,0,0,0,0,0,0,0,2,0,0,0,0,0,3,0,0,0,0,0,0,0,0,0
l6,12=17,12,42,37,35,16,0,34,20,4,3,7,3,0,0,0,2,0,0,0,4,3,1,0,0,0,0,0,0,0,0,0,0,0,0,0,0,0,0,0,0
l7,12=30,24,39,33,35,23,38,0,44,60,38,54,7,51,0,0,2,0,0,0,4,5,1,0,0,0,0,0,0,0,0,0,0,0,0,0,0,0,0,0,0
l8,12=7,12,31,35,29,17,37,55,0,57,40,51,70,88,0,79,61,46,0,0,8,5,3,0,0,16,0,0,1,0,0,0,0,0,0,0,0,0,0,0,0
l9,12=23,8,41,37,36,10,22,65,65,0,39,54,47,3,0,1,6,2,0,0,0,1,0,0,0,0,0,0,0,0,0,0,0,0,0,0,0,0,0,0,0
l10,12=23,15,41,3,34,19,9,64,67,55,0,53,9,74,0,0,3,1,0,0,0,11,5,0,0,4,0,0,0,0,0,0,0,0,0,0,0,0,0,0,0
l11,12=20,8,41,37,34,25,17,68,65,60,40,0,4,49,0,0,2,0,0,0,7,1,1,0,0,1,0,0,1,0,0,0,0,0,0,0,0,0,0,0,0
l12,12=9,12,9,0,4,11,34,52,41,33,34,45,0,88,53,94,74,91,8,0,3,31,47,67,38,77,0,73,50,0,0,0,0,0,0,0,0,7,1,68,47
l13,12=3,10,0,7,10,3,20,27,6,4,15,7,92,51,0,94,75,91,0,0,8,0,1,24,16,21,0,91,65,0,0,0,0,0,0,0,0,85,88,28,46
l14,12=0,0,19,6,0,5,35,37,59,33,33,48,96,88,87,0,74,86,32,1,39,45,50,61,51,79,0,57,55,0,0,0,0,0,0,1,0,1,0,15,39
l15,12=10,4,23,0,11,10,18,30,37,32,32,37,82,73,82,94,0,91,73,66,41,76,74,66,66,90,0,62,37,13,5,27,1,0,0,0,50,65,65,68,48
l16,12=0,0,0,0,0,0,13,36,57,48,37,35,96,88,92,94,75,0,66,0,82,80,83,75,45,33,55,73,50,0,19,42,0,0,0,0,20,56,7,75,38
l17,12=0,0,5,0,0,0,6,43,38,18,22,0,59,49,0,66,71,58,0,95,90,77,81,70,86,5,0,0,0,24,67,0,46,46,36,76,49,7,0,62,63
l18,12=0,0,0,0,0,0,17,0,40,0,34,45,0,57,0,69,74,0,89,0,90,80,80,81,87,0,40,0,0,0,54,64,0,0,0,56,41,0,0,65,60
l19,12=0,0,0,0,0,0,21,39,45,20,20,31,53,0,54,77,64,77,88,75,0,80,82,81,86,0,0,0,0,67,73,14,59,59,36,80,63,14,54,61,69
l20,12=0,0,0,0,0,0,12,36,25,17,34,24,49,60,1,82,73,82,81,67,91,0,83,82,82,0,71,44,0,47,49,74,61,10,0,56,38,49,43,67,80
l21,12=0,0,11,0,0,0,14,41,41,33,31,26,67,56,27,86,75,88,88,59,91,80,0,82,76,0,62,44,0,51,55,61,36,0,9,53,43,47,0,77,72
l22,12=0,0,6,0,0,0,12,33,19,21,14,27,72,46,27,65,58,65,52,53,91,80,83,0,67,0,65,0,27,39,45,63,32,40,0,48,39,0,55,77,76
l23,12=0,0,0,0,0,0,17,44,40,36,20,29,59,57,53,66,64,58,88,81,91,72,71,70,0,1,58,0,2,68,64,37,81,68,24,76,48,1,41,59,60
l24,12=0,3,10,12,22,3,0,4,0,0,20,1,76,49,55,83,57,9,0,0,0,1,0,0,0,0,69,0,65,4,4,80,35,1,12,16,93,94,83,0,0
l25,12=0,4,10,0,4,2,0,0,16,0,4,1,77,21,79,90,33,5,0,0,0,0,0,1,0,0,0,91,0,4,0,0,3,12,0,82,74,94,94,0,0
l26,12=0,0,0,0,0,0,0,0,0,0,0,0,0,0,0,0,55,0,40,0,71,62,65,58,69,0,0,63,44,0,86,0,92,88,91,92,89,82,90,0,34
l27,12=0,0,0,0,0,0,0,0,0,0,0,0,0,0,22,0,48,49,66,52,78,63,66,34,46,91,63,55,0,84,0,67,92,88,91,92,89,90,90,22,0
l28,12=0,0,0,0,0,0,0,0,0,0,0,0,0,0,13,0,46,0,54,0,65,66,54,30,72,0,44,74,45,84,86,61,0,89,91,85,83,78,88,17,0
l29,12=0,0,0,0,0,0,0,0,0,0,0,0,0,0,0,0,0,0,51,0,62,35,0,57,63,4,0,65,47,84,84,84,92,0,92,92,82,78,90,0,0
l30,12=0,0,0,0,0,0,0,0,0,0,0,0,0,0,0,0,0,0,31,0,63,0,0,0,0,0,86,78,0,84,80,86,92,89,0,92,89,78,83,0,0
l31,12=0,0,0,0,0,3,0,0,0,0,0,0,0,0,0,27,42,0,64,14,74,61,63,37,80,0,0,67,61,84,86,0,92,89,91,0,92,94,95,18,30
l32,12=0,0,0,0,0,0,0,0,0,0,0,0,0,9,20,48,67,49,61,7,79,38,44,38,31,3,92,86,60,84,86,92,92,88,90,92,0,94,95,18,18
l33,12=0,0,0,0,0,0,0,0,0,0,4,0,45,4,59,11,69,73,0,0,1,42,46,0,0,12,88,91,65,71,86,89,77,68,54,92,93,0,95,0,0
l34,12=0,0,0,0,10,0,0,0,2,0,0,0,50,0,84,30,67,42,0,0,40,37,0,45,7,0,91,72,61,84,86,91,92,88,52,92,93,94,0,0,2
l35,12=0,0,0,0,0,0,0,0,0,0,11,0,70,31,53,52,66,65,59,34,68,68,70,76,62,82,92,0,0,0,0,0,0,0,0,5,1,0,0,0,79
l36,12=0,0,0,0,0,0,1,0,0,11,11,22,71,64,68,71,69,58,69,25,70,80,68,76,50,74,89,0,15,20,0,92,0,0,0,46,0,0,0,82,0
l37,12=0,0,0,0,0,0,0,0,0,0,0,0,38,16,59,0,67,20,66,49,67,72,70,69,70,94,82,19,0,0,0,94,0,0,0,15,0,0,0,76,79
l38,12=0,0,0,0,0,0,14,35,28,0,19,25,70,63,73,76,75,74,65,58,76,76,75,76,64,94,90,36,0,0,0,95,0,0,0,36,0,0,64,82,78
l39,12=0,0,0,0,0,0,0,0,0,0,13,0,22,11,39,44,70,64,70,52,88,77,80,80,72,0,0,0,0,41,28,18,32,0,0,59,13,0,3,82,79
l40,12=0,0,0,0,0,0,0,0,0,0,12,0,44,16,16,53,55,52,61,44,70,69,65,79,54,0,34,0,0,38,43,30,37,0,0,45,0,0,0,74,73

l0,13=0,46,17,35,31,30,1,1,2,12,4,1,1,0,0,0,0,0,0,0,0,0,0,0,0,6,0,0,0,0,0,0,0,0,0,0,0,0,0,0,0
l1,13=46,0,15,36,28,35,15,2,2,6,9,3,1,1,2,0,0,0,0,0,0,0,0,0,0,2,0,1,0,0,0,0,0,0,0,0,0,0,0,0,0
l2,13=46,46,0,35,31,9,31,6,2,20,12,3,0,1,2,0,0,0,0,0,0,0,0,0,0,1,0,1,0,0,0,0,0,0,0,0,0,0,0,0,0
l3,13=37,47,4,0,32,30,2,1,2,9,3,0,1,1,2,0,0,0,0,0,0,0,0,0,0,6,0,1,0,0,0,0,0,0,0,0,0,0,0,0,0
l4,13=46,14,4,41,0,33,1,1,2,9,1,0,0,1,0,0,0,0,0,0,0,0,0,0,0,5,0,1,0,0,0,0,0,0,0,0,0,0,0,0,0
l5,13=45,55,18,39,32,0,2,0,6,30,0,8,1,1,1,0,0,0,0,0,0,0,0,0,0,24,0,1,1,0,0,0,0,0,0,0,0,0,0,0,0
l6,13=36,52,33,32,27,19,0,90,3,68,47,0,9,1,2,0,0,0,0,4,0,0,0,0,0,0,0,0,0,0,0,0,0,0,0,0,0,0,0,0,0
l7,13=34,42,31,10,26,5,31,0,78,68,59,36,21,29,0,2,11,0,0,0,0,2,0,0,0,3,0,1,0,0,0,0,0,0,0,0,0,0,0,0,0
l8,13=24,34,12,9,23,33,18,85,0,68,59,36,81,94,51,48,53,45,0,0,37,3,62,16,0,8,0,1,0,0,0,0,0,0,0,0,0,0,0,0,0
l9,13=37,9,29,9,27,32,35,90,81,0,59,36,63,63,0,25,1,0,0,0,0,0,0,0,0,11,0,0,0,0,0,0,0,0,0,0,0,0,0,0,0
l10,13=37,49,29,9,23,0,31,84,84,68,0,36,82,94,2,80,70,6,0,0,0,3,7,0,0,2,0,3,0,0,0,0,0,0,0,0,0,0,0,0,0
l11,13=35,48,29,11,25,35,1,90,84,68,59,0,24,90,3,47,0,0,0,3,0,0,0,0,0,2,0,0,0,0,0,0,0,0,0,0,0,1,0,0,0
l12,13=12,11,0,3,4,27,17,70,73,35,18,15,0,94,55,85,59,99,46,2,0,74,79,80,66,15,0,86,23,0,0,0,0,0,0,0,0,24,20,35,51
l13,13=0,10,2,8,0,27,7,54,75,0,16,9,95,35,0,52,62,62,0,0,54,52,26,6,83,31,0,100,30,0,19,0,0,0,16,72,79,60,59,6,51
l14,13=0,1,2,1,0,28,16,59,78,34,34,15,97,94,83,0,95,99,45,35,44,76,74,32,72,60,0,82,26,0,0,75,0,0,0,0,22,0,0,28,48
l15,13=13,3,3,2,6,22,11,66,73,31,54,5,92,87,98,84,0,97,93,54,71,81,85,87,90,52,0,75,22,0,1,30,5,0,0,15,34,72,52,42,55
l16,13=0,1,8,0,0,0,7,49,75,17,28,9,97,94,99,85,95,0,47,35,84,92,92,86,72,16,26,94,23,0,0,64,0,0,0,0,65,62,49,48,50
l17,13=0,0,0,0,0,0,15,67,54,41,9,0,82,77,7,66,93,77,0,97,87,90,90,75,96,7,0,0,0,32,77,0,72,76,82,87,0,6,40,61,68
l18,13=0,0,0,0,0,0,30,0,0,0,52,31,40,85,0,75,87,83,97,0,86,90,86,88,96,0,36,0,0,80,71,90,8,0,0,84,0,0,0,75,78
l19,13=0,0,0,0,0,0,23,38,65,0,16,9,32,73,35,68,79,82,96,84,0,92,91,92,98,0,44,0,1,51,54,41,74,78,69,84,81,0,34,70,77
l20,13=0,0,0,0,0,0,0,54,20,26,46,21,86,86,42,80,88,96,92,93,88,0,92,92,92,0,71,0,15,73,56,80,77,27,0,88,36,17,82,85,88
l21,13=0,0,0,0,0,0,12,42,59,10,57,15,94,88,49,83,93,96,95,66,87,92,0,92,95,3,74,65,5,48,61,69,63,66,5,76,21,43,61,87,88
l22,13=0,0,0,0,0,0,11,32,47,41,22,8,89,18,19,37,88,77,23,68,87,92,92,0,66,1,77,33,0,47,15,30,69,73,62,20,47,0,42,88,88
l23,13=0,0,0,0,0,0,26,56,49,48,43,21,76,83,72,66,92,70,95,95,87,86,89,77,0,0,80,28,0,89,87,9,92,78,77,93,78,2,2,65,73
l24,13=0,3,0,0,17,4,0,0,4,0,18,0,32,33,62,50,50,58,0,0,0,0,1,0,0,0,84,0,82,26,0,91,26,3,1,68,93,85,33,0,0
l25,13=6,2,1,6,5,24,0,3,8,11,2,2,15,31,60,52,16,7,0,0,0,3,1,0,0,0,0,100,0,0,0,0,21,47,5,94,5,64,56,0,0
l26,13=0,0,0,0,0,0,0,0,0,0,0,0,0,0,0,0,26,0,36,44,71,74,77,80,84,0,0,81,0,0,91,0,92,92,95,94,93,90,77,24,41
l27,13=0,0,0,0,0,0,0,0,0,0,0,0,0,0,72,4,53,0,77,34,75,50,48,19,81,100,81,75,63,91,0,91,92,92,93,94,93,90,93,0,0
l28,13=0,0,0,0,0,0,0,0,0,0,0,0,0,0,0,0,48,0,60,0,64,69,73,72,74,0,0,78,62,91,91,76,0,92,95,94,80,82,87,0,0
l29,13=0,0,0,0,0,0,0,0,0,0,0,0,0,0,6,0,0,0,64,0,68,49,68,69,70,0,0,71,62,91,85,91,92,0,95,94,93,83,93,0,0
l30,13=0,0,0,0,0,0,0,0,0,0,0,0,0,0,60,0,0,0,70,0,64,0,0,67,65,0,91,62,60,91,82,91,92,92,0,94,86,79,77,0,0
l31,13=0,0,0,0,0,0,0,0,0,0,0,0,0,0,75,30,64,0,90,41,80,69,30,9,91,0,0,91,76,91,91,0,92,92,94,0,93,97,97,0,9
l32,13=0,0,0,0,0,0,0,0,0,0,0,0,0,0,87,39,68,41,2,0,74,49,21,21,77,21,92,93,40,91,90,92,56,92,92,94,0,97,97,11,40
l33,13=0,0,0,0,0,14,0,0,0,0,0,0,26,1,60,3,59,51,0,0,0,46,26,0,1,47,92,100,51,91,74,92,92,63,83,94,93,0,97,8,13
l34,13=0,0,0,0,16,0,0,0,0,0,0,0,25,14,96,16,85,38,33,0,12,55,27,21,38,5,95,94,79,75,90,94,92,92,48,94,93,97,0,0,0
l35,13=0,0,0,0,0,0,0,0,0,0,0,0,70,0,6,15,77,70,67,16,74,89,80,91,75,94,94,0,0,13,0,0,0,0,0,0,4,6,0,0,88
l36,13=0,0,0,0,0,0,1,0,56,14,6,11,77,39,43,43,68,39,35,10,73,90,80,87,73,5,93,0,5,20,0,93,0,0,0,0,1,3,0,89,0
l37,13=0,0,0,0,0,0,0,0,0,0,0,0,19,41,49,13,77,63,71,37,73,90,84,91,85,64,90,0,0,0,0,97,0,0,0,26,0,0,0,88,88
l38,13=0,0,0,0,0,0,2,0,61,12,19,7,19,68,88,79,90,85,77,14,76,90,83,79,82,56,77,47,4,19,8,97,0,0,0,18,0,4,12,90,88
l39,13=0,0,0,0,0,0,0,0,0,0,0,0,80,1,0,0,90,74,80,34,86,90,90,91,83,0,24,0,0,27,31,0,0,4,0,65,0,0,0,89,88
l40,13=0,0,0,0,0,0,0,0,0,0,2,0,14,34,0,52,67,42,76,25,69,89,86,91,86,0,41,0,0,5,0,9,0,41,0,50,0,0,0,87,88

l0,14=0,96,57,75,79,97,100,18,1,5,16,2,1,0,0,3,0,0,0,0,0,0,0,0,0,0,0,0,0,0,0,0,0,0,0,0,0,0,0,0,0
l1,14=66,0,98,75,36,97,100,14,23,82,65,82,1,70,2,11,1,0,0,0,0,0,0,0,0,0,0,0,0,0,0,0,0,0,0,0,0,0,0,0,0
l2,14=66,96,0,73,36,80,98,100,74,85,65,81,56,61,91,1,16,0,0,0,0,0,0,0,0,0,0,3,0,0,0,0,0,0,0,0,0,0,0,0,0
l3,14=66,96,65,0,79,97,100,37,26,5,0,2,0,0,2,7,0,0,0,0,0,0,0,0,0,27,0,0,3,0,0,0,0,0,0,0,0,0,0,0,0
l4,14=66,75,57,75,0,70,95,58,8,86,17,26,2,1,1,0,0,0,0,0,0,0,0,0,0,15,0,1,1,0,0,0,0,0,0,0,0,0,0,0,0
l5,14=66,96,68,75,40,0,87,59,74,83,65,100,1,0,3,9,1,2,0,0,0,0,0,0,0,61,0,2,5,0,0,0,0,0,0,0,0,3,0,0,0
l6,14=66,96,97,73,37,77,0,100,100,96,65,79,98,74,81,97,20,0,4,0,49,28,1,64,43,0,0,0,0,0,0,0,0,0,0,0,0,0,0,0,5
l7,14=66,96,98,73,39,80,100,0,100,96,100,100,61,100,84,41,99,11,49,0,22,62,53,41,60,0,0,0,0,0,0,0,0,0,0,0,0,0,0,0,0
l8,14=40,93,70,45,47,97,100,100,0,96,100,100,60,100,92,97,53,58,0,0,91,90,79,55,41,33,0,79,71,0,0,0,0,0,0,0,0,50,0,87,60
l9,14=66,96,98,39,37,89,100,100,100,0,100,100,98,100,76,97,97,64,88,0,24,66,48,51,55,45,0,0,24,0,0,0,0,0,0,0,0,0,0,0,51
l10,14=54,96,98,30,19,95,100,100,100,96,0,100,98,100,18,97,99,48,72,69,50,99,100,25,0,38,0,68,73,0,0,0,0,0,0,0,0,0,0,26,89
l11,14=52,96,97,43,37,97,100,100,100,96,100,0,98,100,83,97,54,17,10,0,0,98,82,4,37,25,0,84,67,0,0,0,0,0,0,0,0,0,0,0,56
l12,14=26,43,36,0,21,90,61,30,71,94,69,60,0,100,100,97,65,100,88,36,71,93,81,59,31,53,0,97,89,0,57,0,0,0,0,0,20,45,63,57,90
l13,14=0,62,55,19,17,50,27,25,52,56,35,23,65,93,0,72,99,63,0,0,28,53,40,35,24,100,0,100,100,85,90,0,0,0,0,31,34,68,86,0,64
l14,14=24,56,27,39,6,58,93,9,100,96,100,87,98,100,100,0,99,100,0,83,82,91,99,61,54,100,80,85,99,0,33,93,0,0,0,32,8,1,88,92,83
l15,14=0,47,38,0,2,40,51,55,79,95,94,14,97,98,100,97,0,98,99,92,95,97,99,99,73,72,0,89,91,30,0,63,54,0,0,54,33,77,94,97,91
l16,14=0,0,0,0,0,79,0,50,89,95,67,55,98,100,100,97,99,0,97,0,98,99,100,99,60,64,3,97,98,0,0,61,0,0,0,0,53,68,92,98,97
l17,14=0,0,0,0,0,0,92,76,0,90,90,79,88,98,3,0,97,93,0,98,98,97,99,98,98,63,0,0,0,88,98,0,88,93,92,97,83,58,89,99,82
l18,14=0,0,0,0,0,0,0,1,0,0,96,0,81,0,0,94,97,0,100,0,98,97,99,99,98,0,82,0,0,94,0,100,1,0,0,86,0,0,0,83,97
l19,14=0,0,0,0,0,0,93,31,91,81,89,0,88,98,93,94,97,98,99,92,0,99,99,99,100,0,81,0,76,88,93,43,86,94,89,97,83,54,0,99,85
l20,14=0,0,0,0,0,0,75,93,96,91,97,98,97,92,98,94,97,98,98,97,99,0,100,100,97,26,52,94,93,95,99,63,95,89,92,97,95,79,97,99,97
l21,14=0,0,0,0,0,0,57,56,97,92,97,98,97,98,98,94,97,98,100,96,99,99,0,100,97,59,97,90,59,95,99,59,0,93,0,63,42,88,98,100,97
l22,14=0,0,0,0,0,0,99,46,96,95,88,35,97,98,98,94,97,98,91,97,99,99,100,0,97,11,75,0,0,95,90,57,95,93,86,97,93,46,63,99,97
l23,14=0,0,0,0,0,0,97,96,71,92,10,68,93,97,95,92,97,94,99,97,98,96,99,98,0,0,99,81,0,95,98,100,94,92,96,97,94,65,94,98,95
l24,14=37,0,32,0,29,61,0,0,49,12,43,26,53,100,100,72,64,61,0,0,0,48,43,0,13,0,98,0,100,95,99,100,93,59,95,61,38,68,94,0,80
l25,14=0,0,0,27,15,61,0,0,33,45,38,25,53,100,100,72,64,63,0,0,26,59,11,0,0,0,0,100,0,93,91,0,97,58,36,39,38,41,94,0,3
l26,14=0,0,0,0,0,0,0,0,0,0,0,0,0,0,80,0,3,0,82,81,52,97,75,99,98,0,0,92,86,0,100,0,97,96,100,100,100,100,100,0,66
l27,14=0,0,0,0,0,0,0,0,0,0,0,0,43,1,85,51,0,0,96,0,53,97,79,89,97,100,92,92,80,97,0,100,97,96,100,100,99,100,100,0,51
l28,14=0,0,0,0,0,0,0,0,0,0,0,0,0,0,47,0,49,0,78,0,50,84,0,87,89,0,86,80,84,97,100,91,0,96,100,100,83,95,100,43,0
l29,14=0,0,0,0,0,0,0,0,0,0,0,0,0,0,0,0,0,0,84,0,85,75,88,93,88,93,0,86,86,97,100,97,97,0,100,100,100,75,100,0,0
l30,14=0,0,0,0,0,0,0,0,0,0,0,0,0,0,0,0,0,0,78,0,61,84,0,91,90,91,100,94,2,97,91,100,97,96,0,88,85,83,89,0,0
l31,14=0,0,0,0,0,0,0,0,0,0,0,0,0,0,93,63,61,0,100,43,63,59,57,100,100,0,0,100,91,97,100,0,97,96,100,0,100,100,100,0,0
l32,14=0,0,0,0,0,0,0,0,0,0,0,0,47,10,100,60,93,98,96,0,60,57,46,99,97,97,97,98,99,97,100,97,96,96,100,100,0,100,100,0,34
l33,14=0,0,0,0,5,44,0,0,48,0,0,0,53,83,100,13,99,64,64,0,24,46,61,56,60,58,96,100,100,97,100,96,97,53,100,100,100,0,100,0,51
l34,14=0,0,0,0,0,0,0,0,0,0,0,0,52,0,99,64,99,59,85,0,0,59,63,53,54,36,100,100,100,97,100,100,97,83,90,100,100,100,0,0,43
l35,14=0,0,0,0,0,0,0,0,71,0,44,0,39,0,0,87,87,88,89,30,90,97,99,99,88,39,100,0,0,0,0,0,0,0,0,0,0,0,0,0,97
l36,14=0,0,0,0,0,0,7,0,33,79,86,23,86,70,86,90,82,89,85,81,87,88,96,99,54,38,100,81,4,77,0,100,0,0,0,0,0,4,0,100,0
l37,14=0,0,0,0,0,0,0,0,0,0,0,0,86,87,85,89,92,87,87,81,84,96,96,97,96,41,100,0,0,0,0,100,0,0,0,0,0,0,0,99,97
l38,14=0,0,0,0,0,0,0,19,80,90,88,0,90,89,96,92,84,98,1,0,92,98,99,99,89,94,100,83,0,77,26,100,0,0,0,0,20,57,89,100,100
l39,14=0,0,0,0,0,0,0,0,0,0,27,0,93,95,76,92,97,89,1,91,98,97,99,99,96,0,0,0,0,86,80,0,0,73,0,0,0,0,0,99,97
l40,14=0,0,0,0,0,0,0,0,51,0,0,0,75,0,38,59,91,82,92,75,76,96,98,98,96,3,66,0,0,81,86,0,81,81,0,84,75,0,0,99,97

l0,15=0,100,100,100,100,100,99,100,99,100,100,100,13,26,4,89,3,0,0,0,0,0,0,0,0,34,0,85,0,0,0,0,0,0,0,0,0,0,0,0,0
l1,15=100,0,100,100,100,100,99,99,65,100,100,100,0,60,81,98,99,0,0,0,0,0,0,0,0,0,0,96,7,0,0,0,0,0,0,0,0,0,0,0,0
l2,15=100,100,0,99,100,100,98,100,56,99,99,99,60,32,79,98,99,0,0,0,0,0,2,0,22,0,0,28,0,0,0,0,0,0,0,0,0,0,0,0,0
l3,15=100,100,100,0,100,100,98,100,96,100,100,87,0,0,12,94,48,0,0,0,0,0,0,0,0,58,0,95,54,0,0,0,0,0,0,0,0,0,0,0,0
l4,15=100,100,100,100,0,100,99,98,58,99,99,100,60,20,0,90,13,0,0,0,0,0,0,0,0,0,0,98,0,0,0,0,0,0,0,0,0,0,0,0,0
l5,15=100,100,100,100,100,0,99,100,99,99,100,100,60,23,78,98,69,47,0,0,0,0,0,0,0,59,0,94,55,0,0,0,0,0,0,0,0,59,0,0,0
l6,15=100,100,100,97,100,100,0,98,97,100,99,100,100,98,75,98,99,53,47,0,90,92,59,80,95,48,0,82,55,0,0,0,0,0,0,0,0,0,0,14,0
l7,15=100,100,100,100,100,100,99,0,99,100,100,100,65,59,76,97,100,44,45,0,58,81,73,53,97,0,0,0,0,0,0,0,0,0,0,0,0,0,0,44,39
l8,15=93,79,92,94,53,100,99,100,0,100,100,100,98,60,98,99,100,72,9,0,62,88,96,96,93,36,0,0,96,0,0,0,0,0,0,0,0,87,0,55,61
l9,15=100,100,100,96,98,100,99,100,99,0,100,100,98,99,91,99,100,97,70,0,24,88,71,79,67,54,0,73,61,0,0,0,0,0,0,0,0,0,0,5,0
l10,15=59,97,94,89,52,100,74,100,99,100,0,100,62,99,94,99,97,84,45,31,58,98,98,91,3,52,0,53,48,0,0,0,0,0,0,0,0,0,0,38,50
l11,15=100,100,100,84,97,100,99,100,99,100,100,0,61,99,91,89,92,48,64,0,51,76,88,16,94,86,0,54,55,0,0,0,0,0,0,0,0,0,0,0,0
l12,15=35,0,72,1,37,61,77,58,54,94,97,84,0,99,95,99,99,100,26,0,60,88,98,93,87,61,0,98,99,0,55,0,0,0,0,0,0,0,39,45,59
l13,15=19,83,86,1,1,57,24,55,36,57,87,85,100,60,0,99,100,100,33,0,21,57,98,97,88,61,0,100,99,66,44,4,48,0,0,59,74,100,96,27,31
l14,15=41,46,69,72,33,63,96,59,99,100,100,83,100,99,100,0,100,100,63,40,61,98,98,93,49,100,100,99,99,0,0,90,0,0,0,1,0,46,40,54,59
l15,15=15,69,67,16,24,33,70,59,54,97,97,83,100,59,100,99,0,100,99,55,79,91,97,96,92,99,0,98,98,0,45,30,44,0,0,63,92,96,69,56,91
l16,15=0,0,0,0,0,55,61,44,0,99,98,0,100,99,100,99,100,0,76,14,91,98,98,98,16,100,0,81,99,38,0,99,0,0,0,57,83,84,70,52,60
l17,15=0,0,0,0,0,0,47,18,0,92,91,78,0,92,62,85,99,90,0,99,98,95,98,90,98,100,2,0,0,60,93,74,0,94,83,93,96,32,40,83,93
l18,15=0,0,0,0,0,0,0,8,0,0,94,64,0,92,0,85,100,48,100,0,98,98,94,97,98,0,69,0,0,80,0,75,0,71,0,54,0,0,0,82,93
l19,15=0,0,0,0,0,0,76,38,80,2,79,54,91,92,54,81,99,77,99,87,0,98,98,98,98,0,31,0,36,84,55,0,40,82,64,79,69,62,57,85,81
l20,15=0,0,0,0,0,0,68,2,75,84,88,84,97,96,92,93,97,82,82,83,98,0,98,98,83,5,98,54,71,84,78,35,82,77,54,69,77,0,76,81,84
l21,15=0,0,8,0,0,0,64,74,87,85,88,85,100,96,94,97,94,82,84,83,98,98,0,98,81,90,98,76,78,83,78,81,82,82,0,60,60,79,80,81,82
l22,15=0,0,0,0,0,0,77,37,80,53,83,0,91,92,94,80,99,96,80,81,98,98,98,0,84,93,95,3,0,84,68,43,61,81,68,79,84,44,34,92,97
l23,15=0,0,1,0,0,0,76,73,74,44,41,88,89,91,85,76,96,46,99,97,98,97,96,95,0,0,98,0,0,97,91,97,33,33,74,90,83,65,48,92,81
l24,15=64,89,0,33,35,60,1,0,0,48,64,86,61,60,100,99,100,97,0,0,0,90,94,1,0,3,98,0,99,61,43,96,62,60,61,62,75,100,85,0,36
l25,15=34,0,0,58,0,59,48,0,36,54,52,86,61,61,100,99,100,100,0,0,5,90,93,0,3,0,0,100,0,71,59,0,62,61,62,62,75,100,85,0,33
l26,15=0,0,0,0,0,0,0,0,0,0,0,0,0,0,100,0,0,2,69,31,98,98,95,98,98,0,0,85,99,0,100,0,100,100,100,100,100,100,100,58,42
l27,15=0,0,0,0,0,1,0,0,0,0,0,0,95,40,76,4,96,0,98,0,78,97,97,97,97,100,85,90,99,100,0,99,100,100,100,100,100,100,100,0,35
l28,15=0,0,0,0,0,0,0,0,0,0,0,0,0,0,91,0,89,0,0,0,53,89,90,93,90,0,99,94,87,100,100,99,0,100,100,100,100,100,100,20,0
l29,15=0,0,0,0,0,0,0,0,0,0,0,0,0,0,0,0,0,0,92,46,98,88,90,97,88,71,0,94,97,100,100,100,100,0,100,100,100,100,100,0,0
l30,15=0,0,0,0,0,0,0,0,0,0,0,0,0,0,0,0,0,0,77,0,62,85,0,93,91,59,100,90,87,100,96,100,100,100,0,99,97,93,96,0,0
l31,15=0,0,0,0,0,0,0,0,0,0,0,0,0,4,90,30,99,74,75,0,35,81,43,97,96,0,0,99,99,100,100,0,100,100,100,0,100,100,100,7,0
l32,15=0,0,0,0,0,0,0,0,0,0,0,0,0,14,100,0,99,98,71,0,34,97,92,98,97,62,100,100,99,100,100,100,100,100,100,100,0,100,100,5,0
l33,15=0,0,0,0,0,58,0,0,33,0,0,0,0,58,100,97,100,100,12,0,35,71,98,97,98,61,100,100,99,71,81,100,100,100,62,100,100,0,100,0,0
l34,15=0,0,0,0,0,0,0,0,0,0,0,0,56,59,100,87,100,100,44,0,32,90,97,93,90,62,100,100,99,100,100,100,100,100,62,100,100,100,0,1,19
l35,15=0,0,0,0,0,0,2,0,46,0,60,0,37,53,41,60,88,58,77,51,78,97,95,92,85,62,100,0,0,54,0,0,1,0,0,0,0,0,0,0,97
l36,15=0,0,0,0,0,0,1,0,32,0,61,0,86,50,57,71,87,69,63,28,54,80,75,81,68,75,100,57,45,49,46,100,0,0,0,0,0,0,0,94,0
l37,15=0,0,0,0,0,0,0,0,11,0,0,0,0,84,62,53,88,68,71,19,70,96,65,70,74,100,100,0,0,0,39,100,45,2,0,11,0,0,0,93,97
l38,15=0,0,0,0,0,0,29,0,40,41,76,73,98,88,99,95,84,82,37,28,80,98,89,87,81,85,100,50,53,57,50,100,3,0,0,0,0,0,0,93,99
l39,15=0,0,0,0,0,0,0,0,0,0,53,0,67,72,61,56,93,52,80,55,79,95,89,54,74,0,58,0,0,54,2,7,0,53,0,51,0,0,0,94,82
l40,15=0,0,0,0,0,0,0,0,0,0,0,4,54,29,38,45,82,61,62,0,79,67,87,94,51,33,42,0,0,0,55,0,54,35,0,50,60,0,12,91,93

q0=0
q1=1
q2=1
q3=1
q4=1
q5=1
q6=1
q7=1
q8=1
q9=1
q10=1
q11=1
q12=1
q13=1
q14=1
q15=1
q16=1
q17=1
q18=1
q19=1
q20=1
q21=1
q22=1
q23=1
q24=1
q25=1
q26=1
q27=1
q28=1
q29=1
q30=1
q31=1
q32=1
q33=1
q34=1
q35=1
q36=1
q37=1
q38=1
q39=1
q40=1

a0=0x01
a1=0x02
a2=0x03
a3=0x04
a4=0x05
a5=0x06
a6=0x07
a7=0x08
a8=0x09
a9=0x0a
a10=0x0b
a11=0x0c
a12=0x0d
a13=0x0e
a14=0x0f
a15=0x10
a16=0x11
a17=0x12
a18=0x13
a19=0x14
a20=0x15
a21=0x16
a22=0x17
a23=0x18
a24=0x19
a25=0x1a
a26=0x1b
a27=0x1c
a28=0x1d
a29=0x1e
a30=0x1f
a31=0x20
a32=0x21
a33=0x22
a34=0x23
a35=0x24
a36=0x25
a37=0x26
a38=0x27
a39=0x28
a40=0x29

