n=41

l0,0=0,89,93,89,90,89,86,88,88,91,90,91,74,77,0,81,64,0,0,0,0,0,0,0,0,26,0,80,82,0,0,0,0,0,0,0,0,7,0,0,0
l1,0=91,0,89,89,89,89,87,88,77,91,90,93,65,0,0,69,4,63,0,0,0,0,0,0,0,39,0,0,41,0,0,0,0,0,0,0,0,0,0,0,0
l2,0=92,91,0,86,87,89,89,90,88,91,90,93,73,84,73,77,78,79,12,0,0,0,0,60,0,65,0,47,60,0,0,0,0,0,0,0,0,0,0,0,0
l3,0=92,91,89,0,90,89,87,70,49,91,90,86,40,81,72,81,68,0,0,0,0,0,0,0,0,35,0,82,47,0,0,0,0,0,0,0,0,0,11,0,0
l4,0=92,91,88,89,0,89,85,88,86,88,90,93,74,74,0,35,0,0,0,0,0,0,0,0,0,34,0,82,68,0,0,0,0,0,0,0,0,0,0,0,0
l5,0=92,91,93,52,90,0,87,88,83,53,90,90,67,66,0,71,0,72,0,0,0,0,0,0,0,38,0,70,40,0,0,0,0,0,0,0,0,69,0,0,0
l6,0=91,91,92,88,86,89,0,91,88,91,90,93,86,83,73,83,84,78,0,29,25,51,35,48,44,0,0,0,0,0,0,0,0,0,0,0,0,0,0,0,18
l7,0=91,90,90,36,85,89,89,0,88,91,90,93,87,84,71,84,62,80,56,0,29,56,44,51,0,18,0,55,36,0,0,0,0,0,0,0,0,0,0,0,0
l8,0=53,77,86,0,52,54,86,88,0,53,90,64,80,88,76,88,85,89,7,28,29,63,84,54,63,75,0,69,22,0,0,0,0,0,0,0,0,65,0,20,23
l9,0=88,88,87,72,47,89,89,91,88,0,90,93,86,84,73,71,79,86,38,11,0,59,0,53,63,10,0,0,31,0,0,0,0,0,0,0,0,0,0,0,0
l10,0=91,88,87,72,87,89,86,88,93,91,0,93,86,84,73,85,82,90,0,0,2,49,64,73,57,20,0,55,35,0,0,0,0,0,0,0,0,45,0,0,0
l11,0=50,91,92,49,88,89,89,91,80,91,90,0,90,84,76,87,74,84,51,11,27,0,74,0,2,42,0,47,35,0,0,0,0,0,0,0,0,0,0,0,9
l12,0=21,30,65,2,41,42,81,84,78,29,54,67,0,87,89,90,92,99,0,13,30,38,48,53,70,48,0,82,44,0,22,0,0,0,0,0,24,78,40,26,28
l13,0=0,0,48,14,0,0,66,5,82,30,30,59,91,47,0,90,92,98,0,0,18,70,19,19,0,0,30,86,49,0,14,0,0,0,8,33,39,86,51,27,28
l14,0=23,58,65,37,28,44,79,75,93,24,33,75,95,88,90,0,92,99,56,0,24,72,45,61,65,90,43,79,42,0,0,82,0,0,0,0,0,69,44,27,26
l15,0=11,0,62,1,0,0,74,6,91,26,29,51,95,73,90,89,0,99,76,27,32,79,94,89,71,72,0,0,22,0,17,0,36,0,1,26,0,82,47,29,30
l16,0=0,9,68,0,0,43,26,25,92,31,58,60,95,88,90,90,92,0,46,13,29,70,94,71,56,64,0,92,76,0,11,86,0,0,0,0,0,94,47,0,29
l17,0=0,0,10,0,0,0,0,64,52,69,0,66,0,86,0,76,91,77,0,100,98,92,93,88,87,85,0,0,0,71,66,0,85,81,0,80,29,0,68,91,85
l18,0=0,0,0,0,0,0,84,0,84,2,0,0,66,82,0,0,91,76,100,0,93,94,84,88,87,0,54,0,0,53,81,88,0,65,0,75,65,0,0,0,0
l19,0=0,0,0,0,0,0,64,69,75,0,0,68,78,82,61,70,89,77,97,79,0,94,68,90,85,0,45,0,8,78,77,72,79,80,76,74,63,72,70,82,89
l20,0=0,0,0,0,0,0,41,26,75,42,23,0,71,78,75,79,85,83,87,89,98,0,94,90,75,14,96,0,0,45,21,85,26,0,0,42,24,84,79,91,91
l21,0=0,0,0,0,0,0,64,62,85,10,29,64,83,81,74,78,91,90,97,57,25,95,0,89,75,6,26,14,20,17,83,66,66,68,7,43,76,80,0,91,91
l22,0=0,0,44,0,0,0,63,41,78,40,78,0,66,81,58,77,91,83,88,89,99,95,94,0,75,4,13,42,0,79,72,80,41,80,47,37,74,65,71,92,92
l23,0=0,0,0,0,0,0,61,0,77,64,75,22,80,81,0,74,85,79,98,98,98,94,91,88,0,0,82,41,0,89,83,64,90,83,86,85,85,75,52,81,42
l24,0=24,0,14,40,35,42,0,5,72,0,17,18,52,54,90,79,0,88,0,0,0,0,0,17,0,0,87,0,91,10,52,82,54,0,27,34,87,90,63,0,0
l25,0=26,39,65,35,34,38,0,18,75,10,20,42,48,0,90,72,64,85,0,0,14,6,4,0,0,0,0,93,0,52,86,0,50,66,29,30,76,92,89,0,0
l26,0=0,0,0,0,0,0,0,0,0,0,0,0,0,30,43,0,0,0,54,45,96,26,13,82,87,0,0,80,90,0,94,0,99,96,100,96,99,93,93,0,8
l27,0=0,0,0,0,0,0,0,0,0,0,0,0,20,0,14,0,1,0,42,34,88,0,55,38,83,93,80,93,91,98,0,93,99,96,100,96,99,94,93,27,1
l28,0=0,0,0,0,0,0,0,0,0,0,0,0,0,0,0,0,31,0,87,0,62,6,24,20,81,0,90,86,52,98,94,86,0,96,100,96,99,94,93,0,0
l29,0=0,0,0,0,0,0,0,0,0,0,0,0,0,0,0,0,1,0,82,29,89,0,24,74,71,52,0,0,57,98,94,98,99,0,100,96,99,92,90,0,0
l30,0=0,0,0,0,0,0,0,0,0,0,0,0,0,0,55,0,0,0,0,0,56,0,0,62,62,86,94,52,55,98,94,94,99,96,0,96,95,94,69,0,0
l31,0=0,0,0,0,0,0,0,0,0,0,0,0,0,0,82,0,86,0,88,72,85,66,80,64,82,0,0,93,86,98,94,0,99,96,100,0,99,94,93,6,11
l32,0=0,0,0,0,0,0,0,0,0,0,0,0,4,31,67,0,0,1,9,14,42,8,34,37,78,50,99,93,63,63,94,99,99,96,93,96,0,94,93,16,0
l33,0=0,0,0,0,0,37,0,0,62,0,6,0,45,49,68,38,55,88,0,0,21,24,15,23,67,66,96,93,66,31,94,96,57,74,61,96,99,0,93,0,15
l34,0=0,0,0,1,0,32,0,0,0,0,0,0,42,21,71,71,56,82,61,0,82,36,0,40,72,29,100,93,90,96,94,100,99,82,74,96,99,94,0,31,0
l35,0=0,0,0,0,0,0,0,0,70,0,0,0,77,75,66,71,80,0,83,0,82,85,89,81,67,30,96,0,0,0,68,0,0,0,0,0,22,0,28,0,91
l36,0=0,0,0,0,0,0,29,0,68,0,0,1,83,76,67,71,85,79,85,3,88,93,91,88,59,76,99,0,0,0,41,99,0,0,0,9,0,55,0,92,0
l37,0=0,0,0,0,0,0,0,0,3,0,14,0,73,9,60,70,74,79,84,83,81,93,60,86,75,92,93,24,63,19,0,94,0,0,0,0,0,0,0,92,92
l38,0=0,0,0,0,0,0,0,29,73,0,33,46,82,79,73,83,91,90,2,57,89,94,92,88,73,89,93,77,37,29,0,93,0,0,0,0,20,45,35,94,93
l39,0=0,0,0,0,0,0,0,0,45,0,0,0,66,64,60,63,79,73,77,0,88,93,88,88,71,0,0,0,0,0,0,6,64,0,0,61,0,0,0,92,92
l40,0=0,0,0,0,0,0,0,0,50,0,0,0,25,51,45,56,64,56,79,69,84,93,88,81,74,0,8,0,0,60,58,11,25,62,0,60,0,0,0,92,91

l0,1=0,91,89,88,90,89,77,81,83,86,79,84,55,66,8,0,0,0,0,0,0,0,0,0,0,10,0,73,62,0,0,0,0,0,0,0,0,0,0,0,0
l1,1=87,0,88,85,91,89,85,80,71,86,66,86,64,57,51,0,38,67,0,0,0,0,0,0,0,24,0,65,57,0,0,0,0,0,0,0,0,0,0,0,0
l2,1=89,91,0,84,91,89,87,85,80,87,79,88,72,68,70,41,0,64,0,0,0,0,65,16,0,15,0,39,54,0,0,0,0,0,0,0,0,0,0,0,0
l3,1=89,91,85,0,92,89,84,81,83,86,79,84,71,53,31,0,0,3,0,0,0,0,0,0,0,30,0,79,68,0,0,0,0,0,0,0,0,2,0,0,0
l4,1=89,91,86,89,0,89,56,66,69,84,79,84,43,59,31,0,25,0,0,0,0,0,0,0,0,0,0,66,0,0,0,0,0,0,0,0,0,0,0,0,0
l5,1=89,90,88,84,92,0,83,63,83,85,79,84,68,68,0,0,0,0,0,0,0,0,0,0,0,0,0,67,0,0,0,0,0,0,0,0,0,58,39,0,0
l6,1=73,91,89,84,70,89,0,85,79,87,79,88,75,70,66,70,65,50,60,51,58,53,63,64,19,27,0,51,51,0,0,0,0,0,0,0,0,0,0,0,0
l7,1=86,89,87,76,66,73,87,0,83,87,79,88,79,69,48,73,39,64,57,0,0,65,28,61,33,36,0,0,56,0,0,0,0,0,0,0,0,0,0,22,0
l8,1=81,43,76,64,43,85,80,81,0,86,79,84,70,81,71,78,73,77,51,61,22,6,77,76,47,21,0,63,29,0,3,0,0,0,0,0,0,0,0,50,19
l9,1=80,90,87,64,75,75,87,85,83,0,79,88,79,78,65,77,65,69,0,0,38,57,68,68,0,24,0,0,55,0,0,0,0,0,0,0,0,0,0,0,24
l10,1=72,61,85,61,84,87,76,81,86,87,0,88,79,77,68,76,69,76,60,0,48,57,71,69,65,41,0,47,48,0,0,0,0,0,0,0,0,0,0,0,0
l11,1=82,91,85,75,84,85,87,85,84,87,79,0,78,78,41,72,41,65,55,53,48,65,71,64,40,54,0,48,54,0,0,0,0,0,0,0,0,0,0,5,0
l12,1=4,27,60,50,19,19,47,58,70,81,74,74,0,83,58,82,81,89,54,51,66,68,71,67,13,74,0,71,64,0,0,57,0,0,0,14,0,73,55,60,52
l13,1=0,10,58,2,18,0,24,35,47,40,66,53,74,75,0,42,51,83,24,0,57,76,64,38,26,41,0,82,82,3,17,0,0,51,4,8,11,79,77,30,0
l14,1=0,0,49,0,0,9,43,58,78,81,74,67,85,81,64,0,48,87,59,58,62,69,59,76,39,84,17,47,4,0,0,70,0,0,0,0,0,61,60,55,36
l15,1=0,11,0,0,7,0,40,36,71,68,63,59,81,70,80,46,0,86,82,65,19,89,88,90,51,0,0,45,72,0,12,0,17,0,0,42,15,71,61,40,50
l16,1=0,39,32,0,0,0,28,54,76,73,69,58,85,81,77,82,85,0,67,55,52,78,77,74,45,53,0,72,73,0,34,66,0,0,0,10,0,81,65,56,48
l17,1=0,0,0,0,0,0,67,59,56,2,64,58,60,71,49,64,80,78,0,94,79,89,92,89,90,55,0,44,0,62,55,15,67,73,43,80,26,48,61,83,85
l18,1=0,0,0,0,0,0,51,0,71,0,0,59,70,70,0,70,79,72,91,0,79,88,86,88,89,0,45,0,0,48,60,77,0,68,0,72,58,0,0,0,83
l19,1=0,0,0,0,0,0,67,0,40,39,56,51,73,70,55,68,60,67,86,81,0,88,82,91,89,0,46,0,0,72,66,55,75,72,47,72,59,58,68,82,81
l20,1=0,0,0,0,0,0,53,72,18,55,59,63,73,71,72,71,79,78,85,87,82,0,92,90,88,0,81,0,53,52,66,69,12,33,59,80,71,72,82,90,90
l21,1=0,0,53,0,0,0,58,9,73,75,67,70,73,72,71,59,79,79,87,85,78,89,0,90,86,56,48,2,57,29,50,79,5,47,28,56,73,75,72,91,84
l22,1=0,0,0,0,0,0,56,39,72,60,64,49,56,71,39,73,81,77,85,83,84,89,92,0,89,44,12,0,0,68,56,40,61,77,39,76,11,53,59,89,90
l23,1=0,0,0,0,0,0,32,43,70,0,67,62,59,69,64,68,79,76,86,86,81,88,86,88,0,0,77,0,0,79,69,78,84,80,73,81,71,31,58,82,80
l24,1=22,38,6,37,22,17,23,0,46,0,40,54,77,54,84,20,37,32,28,0,0,0,0,0,0,0,90,0,86,46,47,83,42,0,15,38,53,90,57,0,0
l25,1=10,24,15,30,0,0,27,36,21,24,41,54,74,41,84,0,53,55,0,0,0,56,44,0,0,0,0,90,0,47,41,0,47,51,24,46,18,91,81,0,0
l26,1=0,0,0,0,0,0,0,0,0,0,0,0,0,0,17,0,0,0,45,46,81,48,12,77,90,0,0,69,80,0,84,0,95,92,97,92,89,91,93,28,0
l27,1=0,0,0,0,0,0,0,0,0,0,0,0,0,0,26,0,21,25,38,48,75,57,38,45,84,90,69,79,64,84,0,78,95,92,84,92,89,91,94,19,3
l28,1=0,0,0,0,0,0,0,0,0,0,0,0,0,0,0,0,23,0,65,0,74,35,9,68,80,0,80,71,71,84,84,77,0,92,97,92,75,91,94,16,3
l29,1=0,0,0,0,0,0,0,0,0,0,0,0,0,0,38,0,0,0,35,52,38,35,20,63,73,47,0,0,60,84,84,84,95,0,97,92,89,61,89,0,0
l30,1=0,0,0,0,0,0,0,0,0,0,0,0,0,0,1,0,0,0,2,0,56,48,0,53,66,41,84,52,49,84,78,84,95,92,0,91,76,85,53,0,0
l31,1=0,0,0,0,0,0,0,0,0,0,0,0,57,0,70,0,66,15,77,55,69,79,40,78,83,0,0,78,77,84,84,0,95,92,97,0,89,91,94,40,9
l32,1=0,0,0,0,0,0,0,0,0,0,0,0,0,31,28,0,48,0,8,48,21,67,49,27,40,47,95,90,75,84,84,95,53,92,61,92,0,91,94,1,0
l33,1=0,0,0,0,0,17,0,0,0,0,0,0,71,49,48,19,38,33,22,0,21,70,48,43,0,51,92,87,79,83,83,92,56,54,65,89,89,0,92,0,0
l34,1=0,0,0,0,0,15,0,0,0,0,0,0,61,41,46,18,52,30,48,7,23,76,46,49,16,24,97,88,84,83,84,97,95,85,45,92,89,91,0,0,0
l35,1=0,0,0,0,0,0,0,0,53,0,0,0,80,54,59,67,77,70,77,0,76,86,89,88,72,46,92,0,0,2,37,0,0,0,0,59,0,0,0,0,90
l36,1=0,0,0,0,0,0,0,0,34,22,0,0,73,70,0,40,78,77,82,64,75,88,84,88,76,18,89,28,1,0,18,89,6,0,0,14,0,9,0,91,0
l37,1=0,0,0,0,0,0,0,0,55,8,0,0,72,5,41,67,37,69,77,69,21,87,89,86,88,91,91,0,3,8,0,91,0,0,0,0,0,0,0,90,89
l38,1=0,0,0,0,0,0,17,39,71,51,51,38,74,71,67,68,80,68,84,60,79,88,90,87,84,81,93,65,65,3,20,94,14,0,0,9,0,0,19,92,92
l39,1=0,0,0,0,0,0,0,0,0,0,0,0,58,58,58,60,79,0,42,0,76,88,90,88,80,0,28,0,0,49,0,40,51,44,0,45,0,0,0,91,90
l40,1=0,0,0,0,0,0,0,0,38,0,0,0,55,50,37,0,57,57,83,56,73,86,84,88,66,0,0,0,0,37,43,9,35,27,0,40,0,0,0,88,88

l0,2=0,86,89,85,87,86,85,86,79,77,82,79,42,53,60,65,3,0,0,0,0,0,0,0,0,19,0,66,44,0,0,0,0,0,0,0,0,0,0,0,0
l1,2=82,0,87,85,87,86,85,86,72,85,82,75,64,77,71,58,34,35,0,0,0,0,0,0,0,42,0,64,64,0,0,0,0,0,0,0,0,0,0,0,0
l2,2=83,86,0,78,86,86,88,89,79,86,83,80,76,80,75,66,61,43,0,0,33,0,48,0,0,64,0,64,69,0,0,0,0,0,0,0,0,0,0,0,0
l3,2=87,86,87,0,87,85,85,86,78,83,83,80,52,62,61,53,0,0,0,0,0,0,0,0,0,29,0,55,60,0,0,0,0,0,0,0,0,0,0,0,0
l4,2=82,86,89,85,0,86,85,0,78,85,82,81,60,72,8,22,0,0,0,0,0,0,0,0,0,55,0,0,62,0,0,0,0,0,0,0,0,0,0,0,0
l5,2=84,86,87,79,86,0,86,86,79,80,82,81,75,59,0,57,51,24,0,0,0,0,0,0,0,39,0,75,18,0,0,0,0,0,0,0,0,0,0,0,0
l6,2=76,83,89,78,84,85,0,89,71,86,83,84,73,80,25,72,60,0,36,54,49,2,47,52,47,63,0,49,51,0,0,0,0,0,0,0,0,0,0,0,0
l7,2=77,83,89,78,48,85,87,0,80,86,83,85,77,78,65,73,46,62,52,21,1,59,48,53,55,61,0,42,56,0,0,0,0,0,0,0,0,0,0,0,39
l8,2=67,69,80,67,72,85,81,86,0,86,84,81,70,83,67,76,68,69,0,56,43,50,63,65,50,59,0,0,56,0,0,0,0,0,0,0,0,29,0,5,57
l9,2=53,82,83,76,84,71,88,89,79,0,84,85,78,84,64,76,45,68,64,53,22,42,61,53,0,48,0,51,47,0,0,0,0,0,0,0,0,0,0,49,55
l10,2=69,77,87,75,78,85,85,85,83,86,0,85,75,85,69,76,62,68,0,53,44,57,58,51,58,57,0,46,49,0,0,0,0,0,0,0,0,0,4,37,53
l11,2=62,76,84,76,84,85,88,89,80,86,84,0,76,85,59,70,51,62,0,0,45,49,47,1,0,45,0,54,57,0,0,0,0,0,0,0,0,0,0,0,0
l12,2=25,54,69,9,60,68,81,76,76,79,78,72,0,85,58,79,81,87,59,51,53,58,69,76,37,73,0,79,66,0,0,34,0,0,0,43,56,60,3,63,85
l13,2=30,65,59,5,7,0,20,66,71,66,72,23,25,80,0,71,89,81,0,0,0,77,75,21,12,73,0,89,86,3,41,0,11,0,0,30,0,79,68,44,43
l14,2=47,49,64,2,29,55,72,71,80,79,78,57,86,74,68,0,67,87,64,57,51,60,55,55,51,86,52,62,46,0,25,46,0,0,0,0,0,58,0,58,60
l15,2=0,0,62,0,0,49,68,49,69,54,69,51,72,69,85,62,0,87,83,47,73,91,82,91,64,46,0,77,70,14,0,0,0,0,0,54,53,60,50,73,64
l16,2=0,0,10,0,0,23,0,64,72,69,74,62,86,77,83,79,89,0,66,0,51,72,83,67,66,88,4,65,80,0,22,33,0,0,0,0,0,72,54,54,77
l17,2=0,0,0,0,0,0,51,55,0,67,0,0,74,72,0,69,81,78,0,95,88,77,89,89,87,74,0,0,0,79,27,0,73,48,59,55,51,52,53,72,77
l18,2=0,0,0,0,0,0,70,0,64,63,57,0,66,72,0,63,69,0,92,0,82,77,84,85,75,0,83,0,0,0,0,35,0,0,0,0,0,0,0,0,76
l19,2=0,0,2,0,0,0,65,0,53,32,44,48,75,72,0,69,76,62,88,87,0,90,87,91,82,0,0,0,0,77,82,0,71,81,40,78,66,60,0,68,74
l20,2=0,0,0,0,0,0,0,67,53,50,68,41,73,72,76,67,83,80,81,85,87,0,90,91,75,0,88,0,0,56,75,80,48,75,58,68,0,45,74,74,85
l21,2=0,0,47,0,0,0,59,46,75,71,70,48,75,72,75,59,78,80,88,85,85,91,0,90,75,3,56,41,49,61,33,42,32,35,37,49,69,74,72,78,84
l22,2=0,0,0,0,0,0,56,51,74,50,48,1,75,71,49,48,80,68,86,79,89,91,90,0,75,66,70,0,32,57,79,55,52,82,39,64,0,66,35,78,84
l23,2=0,0,0,0,0,0,62,60,61,37,67,0,52,67,49,64,77,80,92,87,89,85,87,89,0,28,68,0,0,82,82,63,77,83,50,80,44,52,41,72,83
l24,2=50,46,66,31,1,61,59,9,0,62,39,42,74,76,86,66,80,72,0,0,0,0,39,0,0,0,84,0,86,69,81,80,69,56,62,82,86,94,55,0,34
l25,2=19,42,64,29,55,39,63,61,59,48,57,45,73,73,86,46,88,74,0,0,0,3,66,28,0,0,0,89,0,73,81,0,73,63,43,86,84,94,91,0,0
l26,2=0,0,0,0,0,0,0,0,0,0,0,0,0,0,52,0,4,0,83,0,88,56,70,68,84,0,0,66,74,0,92,0,91,96,96,91,91,94,94,0,0
l27,2=0,0,0,0,0,0,0,0,0,0,0,0,0,0,65,36,0,29,0,0,84,36,26,70,86,89,66,80,77,89,0,82,91,96,96,91,91,94,96,11,51
l28,2=0,0,0,0,0,0,0,0,0,0,0,0,0,0,57,0,17,0,57,0,75,35,52,55,84,0,74,60,66,89,92,85,0,96,96,91,90,94,96,41,0
l29,2=0,0,0,0,0,0,0,0,0,0,0,0,0,0,0,0,0,0,20,6,84,59,60,79,70,73,0,47,63,89,92,89,91,0,96,91,91,0,92,0,3
l30,2=0,0,0,0,0,0,0,0,0,0,0,0,0,0,0,0,0,0,64,0,54,56,46,58,53,81,92,60,39,89,92,92,91,96,0,91,86,85,73,0,0
l31,2=0,0,0,0,0,0,0,0,0,0,0,0,34,0,46,0,33,0,35,0,80,42,55,63,80,0,0,82,85,89,92,0,91,96,93,0,91,94,96,42,42
l32,2=0,0,0,0,0,0,0,0,0,0,0,0,57,57,1,0,30,0,33,0,66,0,64,0,27,73,91,63,82,89,92,91,85,96,94,91,0,94,96,0,0
l33,2=0,0,0,0,0,0,0,0,13,0,0,0,62,65,84,50,45,76,28,12,61,27,77,57,43,63,96,89,86,82,90,96,86,0,88,91,91,0,96,0,0
l34,2=0,0,0,0,0,0,0,0,0,0,49,0,20,62,81,0,78,62,61,3,27,80,79,53,43,43,96,87,86,89,92,93,91,93,86,91,91,94,0,48,50
l35,2=0,0,0,0,0,0,0,0,0,29,0,0,58,46,55,47,74,54,74,0,71,71,80,88,61,86,91,0,0,0,0,0,4,0,0,44,0,0,0,0,89
l36,2=0,0,0,0,0,0,0,0,39,42,37,0,72,67,65,54,70,74,72,66,73,85,86,88,67,84,91,29,0,0,44,91,0,1,0,30,0,0,16,85,0
l37,2=0,0,0,0,0,0,0,0,57,30,0,0,68,26,44,55,41,64,77,56,62,75,84,83,69,94,94,0,1,0,0,94,0,0,0,0,0,0,0,84,88
l38,2=0,0,0,0,0,0,16,0,70,50,47,55,75,72,75,67,79,78,82,22,84,85,86,86,67,91,94,31,43,0,20,96,0,10,0,49,0,0,20,82,85
l39,2=0,0,0,0,0,0,0,0,0,0,0,0,65,62,61,57,78,66,73,67,81,86,86,86,65,0,0,0,0,0,68,42,0,52,0,60,29,0,0,71,86
l40,2=0,0,0,0,0,0,0,0,0,0,0,0,57,50,0,43,52,52,73,55,59,58,76,85,62,0,0,0,0,31,61,42,2,48,0,49,0,0,0,65,79

l0,3=0,87,88,96,89,86,91,87,82,84,81,89,76,79,67,75,0,0,0,0,0,0,0,0,0,0,0,69,0,0,0,0,0,0,0,0,0,0,0,0,0
l1,3=93,0,87,96,89,86,91,86,90,88,87,88,0,81,77,80,1,54,0,0,0,55,0,1,0,62,0,66,72,0,0,0,0,0,0,0,1,0,0,0,0
l2,3=91,82,0,90,85,85,91,88,89,91,90,91,85,87,81,0,71,0,0,0,16,0,0,5,0,37,0,68,74,0,0,0,0,0,0,0,0,0,0,0,0
l3,3=94,87,91,0,89,86,91,87,76,90,90,89,65,87,0,0,0,0,0,0,0,0,0,0,0,30,0,64,63,0,0,0,0,0,0,0,0,34,0,0,0
l4,3=94,87,94,96,0,86,91,78,78,88,63,88,75,0,0,72,0,16,0,0,0,0,0,0,0,0,0,0,0,0,0,0,0,0,0,0,0,0,0,0,0
l5,3=94,87,88,95,89,0,90,86,90,3,87,87,75,83,63,71,71,41,0,0,0,0,0,0,0,54,0,75,67,0,0,0,0,0,0,0,0,0,0,0,0
l6,3=91,82,91,87,83,85,0,88,89,91,90,91,89,87,58,86,85,75,0,75,56,4,57,46,59,0,0,60,0,0,0,0,0,0,0,0,0,0,0,0,49
l7,3=90,81,91,84,81,84,90,0,90,91,90,91,87,87,71,84,83,70,37,0,59,68,67,49,52,38,0,63,69,0,0,0,0,0,0,0,0,0,0,0,0
l8,3=84,78,86,80,78,85,86,88,0,89,91,90,93,87,81,92,88,83,82,43,71,50,74,62,67,68,0,0,59,0,0,0,0,0,0,0,0,0,0,0,47
l9,3=86,82,90,84,81,48,91,88,89,0,91,91,87,87,81,84,83,82,74,68,56,68,68,57,45,23,0,72,72,0,0,0,0,0,0,0,0,1,0,0,56
l10,3=75,77,91,83,54,84,91,88,90,91,0,91,90,87,73,84,76,78,38,63,49,68,61,56,61,61,0,59,50,0,0,0,0,0,0,0,0,0,46,0,50
l11,3=89,82,91,84,83,84,91,88,90,91,90,0,88,87,77,81,71,70,68,10,68,58,66,0,0,69,0,68,73,0,0,0,0,0,0,0,0,0,0,0,0
l12,3=71,0,73,36,66,68,88,84,90,89,89,89,0,88,96,93,91,97,84,73,72,72,76,69,41,92,0,78,80,0,0,0,0,0,0,0,68,35,26,79,75
l13,3=52,67,44,0,0,53,35,38,82,77,76,75,98,88,0,86,94,97,43,0,32,37,75,63,27,80,0,93,90,0,76,0,0,32,0,71,68,91,49,53,65
l14,3=60,72,0,0,46,71,89,87,90,88,88,80,98,87,89,0,92,95,75,59,77,83,61,6,23,97,0,76,76,0,0,79,0,0,0,0,0,80,50,74,30
l15,3=0,0,32,0,0,51,82,67,79,81,73,52,88,80,94,86,0,97,92,81,71,88,79,72,71,77,0,85,82,37,0,0,0,0,0,53,64,82,44,70,62
l16,3=0,32,0,0,35,35,81,48,86,86,85,77,98,88,97,93,94,0,83,74,68,82,80,69,71,90,59,86,72,37,0,78,0,0,0,7,0,82,30,79,72
l17,3=0,0,0,0,0,0,0,1,84,70,44,49,82,82,47,80,87,88,0,99,92,76,80,70,91,76,41,0,0,89,84,0,70,87,86,81,36,34,0,84,78
l18,3=0,0,0,0,0,0,80,0,40,62,62,0,75,81,0,70,87,74,99,0,91,83,75,67,85,0,99,0,0,0,55,76,57,0,31,0,0,0,0,12,73
l19,3=0,0,0,0,0,0,53,48,63,51,46,62,63,69,43,68,77,65,97,89,0,85,83,76,91,0,0,29,0,62,80,0,65,82,51,77,31,31,25,74,74
l20,3=0,41,0,0,0,0,0,55,61,61,72,59,70,72,61,80,89,82,70,82,91,0,84,76,85,0,90,0,0,72,73,91,71,75,52,53,65,60,51,85,80
l21,3=0,0,0,0,0,0,65,60,82,67,63,59,75,78,65,59,92,88,97,66,96,87,0,74,83,0,83,0,0,59,57,46,36,37,46,43,63,68,41,76,83
l22,3=0,0,0,0,0,0,62,50,67,63,63,0,75,69,61,9,87,68,85,74,97,88,84,0,85,0,77,36,49,56,60,32,63,68,0,51,46,63,6,85,79
l23,3=0,0,0,0,0,0,56,37,63,36,68,0,44,57,50,38,80,82,99,94,93,85,70,70,0,32,45,11,8,74,85,39,83,81,35,72,73,45,29,84,63
l24,3=60,64,32,37,0,69,39,29,0,24,55,65,85,80,97,79,94,86,0,0,26,5,0,27,0,0,86,0,90,71,86,76,64,72,0,92,85,95,95,47,18
l25,3=0,62,37,30,0,54,0,38,68,23,61,69,92,80,97,77,90,76,0,0,0,0,0,32,0,0,0,93,0,74,95,0,67,83,73,95,96,95,96,54,23
l26,3=0,0,0,0,0,0,0,0,0,0,0,0,0,0,0,0,59,41,99,0,90,83,77,45,86,0,0,87,83,0,100,0,98,100,100,96,96,89,99,0,0
l27,3=0,0,0,0,0,0,0,0,0,0,0,0,0,0,87,0,0,0,84,36,91,80,68,60,91,93,87,89,90,98,0,93,98,100,100,96,96,95,99,51,0
l28,3=0,0,0,0,0,0,0,0,0,0,0,0,0,0,0,0,50,8,56,38,78,46,31,39,84,0,83,69,25,98,100,90,0,100,95,96,96,95,95,44,15
l29,3=0,0,0,0,0,0,0,0,0,0,0,0,0,0,53,0,0,0,62,0,90,71,13,71,80,74,0,78,52,98,100,98,98,0,100,96,96,92,95,0,8
l30,3=0,0,0,0,0,0,0,0,0,0,0,0,0,0,0,0,0,0,80,5,68,37,36,0,1,95,100,0,51,98,96,100,93,100,0,92,96,89,78,0,0
l31,3=0,0,0,0,0,0,0,0,0,0,0,0,0,0,79,0,78,0,76,0,91,46,32,39,76,0,0,93,90,98,100,0,98,100,100,0,96,95,99,1,0
l32,3=0,0,0,0,0,0,0,0,0,0,0,0,68,50,79,0,84,0,48,0,29,48,56,35,41,67,98,92,58,98,100,98,98,100,100,96,0,95,99,24,0
l33,3=0,0,0,0,0,0,0,0,0,5,0,0,5,76,95,84,94,88,16,0,22,45,55,42,25,83,100,93,90,83,100,100,95,95,94,96,96,0,99,0,21
l34,3=0,0,0,0,0,0,0,0,29,0,62,0,60,64,69,70,88,60,0,0,42,53,55,28,33,73,100,93,90,98,100,100,98,100,88,96,96,95,0,53,19
l35,3=0,0,0,0,0,0,0,0,0,0,0,0,69,56,46,62,55,73,77,0,75,66,60,61,64,95,96,14,43,0,40,0,0,0,0,0,0,0,8,0,79
l36,3=0,0,0,0,0,0,61,0,53,58,57,0,70,68,60,46,67,72,76,68,70,71,67,62,46,96,96,31,49,0,0,96,1,3,0,0,0,52,4,85,0
l37,3=0,0,0,0,0,0,0,0,0,0,0,0,61,58,55,50,1,0,78,55,75,69,69,52,61,95,89,40,0,0,4,95,0,0,0,41,0,0,0,85,83
l38,3=0,0,0,0,0,0,33,0,58,0,54,56,79,71,79,60,87,80,69,12,86,85,78,70,63,96,99,36,51,0,0,99,0,0,0,33,0,0,0,85,80
l39,3=0,0,0,0,0,0,0,0,23,0,0,0,55,56,42,48,71,64,73,67,70,85,72,70,59,54,0,0,0,1,0,1,38,26,49,40,35,0,0,83,83
l40,3=0,0,0,0,0,0,0,0,0,0,23,0,45,38,36,0,46,53,69,45,45,62,58,56,63,23,0,0,0,50,0,0,0,0,0,35,0,0,0,77,74

l0,4=0,96,94,99,97,99,91,96,0,89,83,94,73,78,71,4,31,0,0,0,0,0,0,0,0,77,0,68,65,0,0,0,0,0,0,0,0,0,0,0,0
l1,4=98,0,94,99,97,99,91,95,90,96,88,98,0,73,47,78,77,2,0,0,0,65,0,0,0,64,0,58,50,0,0,0,0,0,0,0,0,6,0,0,0
l2,4=97,96,0,98,97,99,91,97,91,96,89,98,75,85,69,46,79,0,0,0,0,0,0,17,0,71,0,0,63,0,0,0,0,0,0,0,0,0,0,0,0
l3,4=98,96,90,0,97,99,91,89,77,88,83,94,70,79,67,82,0,0,0,0,0,0,0,0,0,63,0,66,57,0,0,0,0,0,0,0,0,0,0,0,0
l4,4=98,96,97,99,0,99,80,87,77,79,79,97,65,78,74,84,0,0,0,0,0,0,0,0,0,64,0,0,66,0,0,0,0,0,0,0,0,0,0,0,0
l5,4=98,96,96,99,97,0,90,97,91,96,88,98,58,8,0,0,0,59,0,0,0,0,0,0,0,60,0,70,52,0,0,0,0,0,0,0,0,67,13,0,0
l6,4=97,95,96,98,92,97,0,97,60,96,88,98,88,90,15,93,88,61,59,0,65,66,47,64,64,0,0,59,0,0,0,0,0,0,0,0,0,0,0,0,62
l7,4=97,94,93,82,83,97,91,0,91,96,88,98,79,91,81,93,76,70,0,0,74,74,70,52,68,46,0,62,56,0,0,0,0,0,0,0,0,0,0,0,0
l8,4=0,90,87,87,85,95,74,95,0,92,90,97,87,91,83,92,84,81,65,60,81,79,80,79,73,69,0,64,65,0,0,0,0,0,0,0,0,0,11,69,74
l9,4=95,94,93,87,85,93,91,97,87,0,90,98,72,91,74,93,84,72,0,55,82,75,71,76,71,49,0,59,63,0,0,0,0,0,0,0,0,0,0,0,65
l10,4=91,94,93,89,78,97,91,96,94,96,0,98,88,92,88,88,85,80,0,71,77,80,74,79,76,0,0,60,0,0,0,0,0,0,0,0,0,0,0,23,72
l11,4=96,95,93,90,92,97,91,97,91,96,88,0,88,89,87,92,78,81,66,0,79,79,75,76,72,45,0,0,49,0,0,0,0,0,0,0,0,0,0,0,64
l12,4=76,0,73,76,54,63,79,72,90,79,85,92,0,91,92,94,86,87,75,0,76,74,74,77,74,52,0,65,40,0,0,0,0,0,0,0,64,18,73,75,79
l13,4=69,13,70,69,59,0,4,67,77,48,79,89,93,91,0,91,92,90,11,0,0,81,77,79,0,91,0,97,94,0,54,0,0,7,0,82,79,87,76,74,80
l14,4=0,77,5,75,76,0,75,76,83,82,72,87,93,90,79,0,85,70,0,73,77,75,73,75,73,93,0,66,61,0,0,93,0,0,0,4,0,80,70,49,76
l15,4=0,59,54,0,0,0,69,46,68,75,62,47,81,82,93,86,0,95,74,81,69,89,86,82,84,91,0,85,78,0,39,1,46,0,0,69,52,69,62,59,78
l16,4=0,0,0,0,0,69,65,71,79,81,78,87,93,92,93,82,92,0,77,80,77,90,76,77,79,92,0,71,61,0,30,90,0,0,0,70,33,74,75,78,81
l17,4=0,0,0,0,0,0,50,0,36,0,0,53,57,78,31,0,84,56,0,93,79,84,90,82,93,86,0,0,0,82,66,62,53,46,56,69,45,49,51,78,86
l18,4=0,0,0,0,0,0,0,0,30,59,54,0,0,75,0,59,86,70,95,0,79,77,86,82,90,0,89,0,0,0,0,94,66,0,0,63,0,0,0,45,80
l19,4=0,0,0,0,0,0,57,50,54,63,52,60,57,58,0,63,63,50,77,64,0,89,88,88,92,0,0,0,0,53,65,82,56,71,56,58,28,54,57,57,81
l20,4=0,27,0,0,0,0,47,51,60,60,58,61,60,72,64,71,90,79,84,71,89,0,91,88,88,0,81,0,36,49,53,87,61,55,48,62,57,14,64,74,88
l21,4=0,0,0,0,0,0,36,53,78,67,60,72,79,77,73,79,87,72,88,86,88,91,0,85,86,59,82,0,42,53,56,91,0,47,10,60,67,64,58,74,88
l22,4=0,0,0,0,0,0,57,5,63,68,60,61,68,68,71,67,79,59,75,73,91,92,87,0,77,40,76,43,0,67,67,53,60,58,56,59,51,64,16,49,81
l23,4=0,0,0,0,0,0,52,45,51,61,55,59,63,59,5,60,85,60,94,87,91,85,85,83,0,4,86,48,50,75,72,81,69,69,58,64,54,56,55,69,73
l24,4=77,43,0,73,0,76,43,62,68,42,67,0,69,91,93,93,92,89,0,0,0,0,0,71,21,49,90,0,94,76,51,93,58,52,29,90,99,100,99,64,44
l25,4=77,64,71,63,64,60,0,46,69,49,0,45,52,91,93,91,92,86,0,0,0,59,40,4,49,0,0,97,0,56,98,0,72,91,78,95,99,100,99,62,72
l26,4=0,0,0,0,0,0,0,0,0,0,0,0,0,0,0,0,0,0,89,0,81,82,76,86,90,0,0,91,45,0,98,0,99,100,100,100,99,97,99,83,76
l27,4=0,0,0,0,0,0,0,0,0,0,0,0,0,76,77,0,78,11,85,0,82,77,56,80,88,97,91,86,91,98,0,97,99,100,97,100,99,100,99,82,0
l28,4=0,0,0,0,0,0,0,0,0,0,0,0,0,0,0,0,79,0,78,79,86,85,2,79,90,0,45,65,82,98,98,94,0,100,100,100,99,100,99,0,31
l29,4=0,0,0,0,0,0,0,0,0,0,0,0,0,0,4,0,0,0,86,0,88,79,58,77,87,56,0,57,82,98,98,98,99,0,100,100,96,100,98,0,24
l30,4=0,0,0,0,0,0,0,0,0,0,0,0,0,0,0,0,0,0,87,0,82,76,0,74,78,98,98,0,82,98,97,98,99,100,0,100,96,99,91,0,0
l31,4=0,0,0,0,0,0,0,0,0,0,0,0,0,0,93,1,90,62,94,82,87,91,53,81,93,0,0,97,94,98,98,0,99,100,100,0,99,100,99,1,0
l32,4=0,0,0,0,0,0,0,0,0,0,0,0,68,2,93,0,90,36,85,0,47,92,58,85,75,72,99,97,94,98,98,99,99,100,99,100,0,100,99,0,0
l33,4=0,0,0,0,0,57,0,0,0,0,0,0,0,83,93,85,88,73,67,0,75,47,48,83,64,91,100,97,94,97,98,100,77,99,99,100,99,0,99,0,66
l34,4=0,0,0,0,0,39,0,0,15,0,0,0,61,44,86,82,86,85,75,0,83,92,54,63,35,78,100,97,94,98,98,100,94,100,92,100,99,100,0,67,0
l35,4=0,0,0,0,0,0,0,0,45,0,0,0,68,53,56,24,59,54,59,0,53,65,57,24,56,95,100,25,14,34,50,0,0,0,0,0,0,0,0,0,88
l36,4=0,0,0,0,0,0,41,0,50,47,45,26,59,69,69,68,81,67,69,57,74,78,78,80,67,99,99,13,38,35,0,99,0,2,0,0,0,26,0,85,0
l37,4=0,0,0,0,0,0,0,0,0,0,39,0,57,8,40,57,70,54,62,56,60,75,74,64,58,100,97,0,0,0,0,100,0,0,0,48,0,0,9,91,88
l38,4=0,0,0,0,0,0,0,2,61,60,57,71,69,66,76,65,82,67,70,59,71,82,78,82,63,99,99,45,46,19,0,99,0,0,0,47,11,0,0,86,84
l39,4=0,0,0,0,0,0,0,0,41,0,0,0,53,0,58,62,81,65,72,56,64,83,78,80,72,62,83,0,0,37,51,1,47,44,28,56,18,4,0,84,86
l40,4=0,0,0,0,0,0,0,0,0,0,35,0,12,46,44,47,33,56,71,52,68,57,78,75,44,72,76,0,0,60,44,0,0,0,0,0,0,0,0,82,88

l0,5=0,91,93,97,89,91,89,94,86,85,90,30,23,81,56,0,23,0,0,0,0,0,0,0,0,0,0,78,0,0,0,0,0,0,0,0,0,0,0,0,0
l1,5=92,0,93,93,66,91,90,81,89,83,90,88,23,77,63,48,24,29,0,0,0,0,0,0,0,16,0,59,56,0,0,0,0,0,0,0,0,5,0,0,0
l2,5=92,91,0,93,90,91,90,94,88,85,90,87,40,74,52,47,18,0,0,0,0,6,3,0,0,46,0,0,70,0,0,0,0,0,0,0,0,0,0,0,0
l3,5=99,94,95,0,94,94,89,93,84,85,85,87,27,80,60,76,0,0,0,0,0,0,0,0,0,4,0,82,76,0,14,0,0,0,0,0,0,0,0,0,0
l4,5=99,89,95,97,0,94,89,80,70,85,90,87,0,81,71,58,57,0,0,0,0,0,0,0,0,9,0,84,65,0,0,0,0,0,0,0,0,0,0,0,0
l5,5=92,91,93,94,93,0,89,93,90,85,5,87,42,81,44,45,24,25,0,0,0,0,0,0,0,24,0,83,37,0,0,4,0,0,0,10,0,25,0,0,0
l6,5=99,94,95,89,83,84,0,96,85,88,92,91,77,78,51,45,57,39,0,15,56,45,56,39,54,0,0,49,0,0,0,0,0,0,0,0,0,0,0,0,8
l7,5=92,86,82,86,54,85,90,0,90,88,87,91,77,79,60,89,24,41,20,0,0,57,65,45,54,0,0,57,42,0,0,0,0,0,0,0,0,0,0,0,41
l8,5=41,86,60,20,20,76,32,54,0,87,90,63,87,87,75,52,42,66,24,10,48,64,77,72,61,67,0,61,53,0,0,0,0,0,0,0,0,0,21,33,48
l9,5=89,81,82,52,49,85,90,94,88,0,92,90,0,87,45,63,34,51,0,0,47,58,58,52,62,23,0,56,59,0,0,0,0,0,0,0,0,0,0,29,0
l10,5=92,87,90,23,83,8,90,93,93,88,0,91,84,87,78,85,36,89,15,14,10,66,68,75,63,16,0,54,47,0,0,0,0,0,0,0,0,8,0,28,48
l11,5=86,86,82,87,83,84,90,96,90,88,92,0,83,79,76,82,62,80,21,0,39,61,72,47,63,5,0,72,48,0,0,0,0,0,0,0,0,0,0,0,45
l12,5=14,18,43,2,5,31,31,28,89,0,70,39,0,84,90,92,49,89,19,19,20,64,70,73,45,17,0,76,35,0,0,0,0,0,0,0,26,27,4,37,54
l13,5=13,23,26,4,21,24,9,1,77,21,53,11,53,84,0,54,51,58,0,0,22,68,63,74,24,58,0,91,89,0,0,12,0,0,0,58,39,60,25,22,48
l14,5=0,31,42,16,20,33,24,32,68,76,49,23,88,84,81,0,40,74,18,13,45,60,80,75,0,90,0,87,54,0,0,57,0,0,0,14,0,27,15,37,53
l15,5=5,3,6,0,16,13,65,0,60,42,54,50,73,67,86,66,0,88,60,60,61,73,84,81,68,47,0,69,62,30,12,10,12,11,5,59,27,58,0,14,77
l16,5=0,29,0,0,0,36,25,18,72,73,51,27,85,84,86,88,84,0,28,9,48,73,74,68,67,49,49,69,74,0,21,65,0,0,0,57,49,31,39,32,54
l17,5=0,0,0,0,0,0,0,14,41,0,16,23,27,58,0,29,57,33,0,81,74,71,80,76,77,63,0,0,0,56,35,29,32,45,32,58,19,16,26,38,65
l18,5=0,0,0,0,0,0,32,0,33,0,20,0,38,41,0,31,55,1,79,0,45,60,86,69,75,0,68,0,0,0,0,44,20,0,0,0,0,0,0,41,21
l19,5=0,0,0,0,0,0,54,0,47,53,7,22,30,58,47,46,62,46,77,55,0,75,87,85,77,0,0,20,0,28,57,0,56,69,51,25,19,56,30,66,79
l20,5=0,0,0,0,0,0,7,10,48,48,53,12,54,58,57,24,73,70,64,31,77,0,89,87,69,0,17,19,20,19,0,6,28,22,19,0,49,22,47,67,77
l21,5=0,0,0,0,0,0,33,32,62,50,33,36,48,59,51,67,72,65,63,64,77,76,0,80,69,40,41,19,32,11,11,0,17,22,0,0,47,24,0,62,80
l22,5=0,0,0,0,0,0,32,18,46,48,54,10,47,62,54,56,65,29,63,56,77,77,82,0,65,34,16,22,9,58,50,0,26,21,27,33,14,29,31,56,82
l23,5=0,0,0,0,0,0,21,7,42,50,34,25,46,51,16,0,62,54,78,70,77,72,81,71,0,20,76,2,3,53,57,59,33,49,0,56,19,39,26,66,68
l24,5=25,10,0,4,13,47,16,0,80,26,23,7,21,44,90,55,48,52,0,0,7,44,13,29,1,3,60,0,89,23,27,38,17,35,44,54,86,92,57,0,0
l25,5=0,16,46,4,9,24,0,0,67,23,16,5,17,58,90,47,49,63,0,0,0,40,34,20,3,0,0,94,0,25,28,0,14,71,41,43,86,92,87,8,37
l26,5=0,0,0,0,0,0,0,0,0,0,0,0,0,0,0,0,49,0,68,0,17,41,16,76,60,0,0,39,26,0,94,0,86,100,95,92,90,73,86,29,1
l27,5=0,0,0,0,0,0,0,0,0,0,0,0,0,0,0,0,13,21,15,0,54,0,11,66,70,94,39,41,56,85,0,68,86,100,94,92,90,92,88,14,28
l28,5=0,0,0,0,0,0,0,0,0,0,0,0,0,0,14,0,50,0,41,10,55,60,55,54,54,0,26,53,49,85,94,27,0,100,96,92,90,92,88,18,16
l29,5=0,0,0,0,0,0,0,0,0,0,0,0,0,0,0,0,16,0,45,0,53,26,25,48,49,25,0,16,38,85,94,85,86,0,96,91,90,90,62,19,0
l30,5=0,0,0,0,0,0,0,0,0,0,0,0,0,0,0,0,0,0,40,0,38,27,0,61,0,28,94,28,30,85,94,94,86,100,0,92,83,92,48,0,0
l31,5=0,0,0,0,0,4,0,0,0,0,0,0,0,12,57,10,65,29,44,0,6,0,0,59,38,0,0,68,27,85,94,0,82,83,79,0,90,92,88,0,38
l32,5=0,0,0,0,0,0,0,0,0,0,0,0,11,0,47,0,34,34,15,0,12,60,45,28,35,14,86,94,55,85,93,82,81,77,54,92,0,92,88,12,0
l33,5=0,0,0,0,0,25,0,0,0,0,6,0,19,36,54,42,49,5,4,0,21,55,41,44,41,71,100,94,86,57,94,83,54,72,55,91,90,0,88,0,0
l34,5=0,0,0,0,0,0,0,0,47,0,1,0,12,28,39,37,1,47,20,0,17,56,0,37,38,41,95,94,87,85,94,79,86,68,44,92,90,92,0,0,0
l35,5=0,0,0,0,0,0,0,0,38,35,20,0,48,27,50,53,12,27,23,29,47,60,57,66,60,43,92,0,0,19,24,0,0,0,0,0,7,0,0,0,60
l36,5=0,0,0,0,0,0,0,0,36,0,25,7,60,62,51,62,62,59,55,3,61,63,70,74,64,86,90,0,19,0,13,90,0,0,0,22,0,0,0,67,0
l37,5=0,0,0,0,0,0,0,0,0,0,0,0,55,26,18,18,56,23,14,16,13,64,65,58,38,92,73,0,0,3,12,92,0,0,0,0,0,0,0,72,85
l38,5=0,0,0,0,0,0,0,10,0,43,47,8,65,65,69,44,65,61,16,13,62,66,73,76,33,87,86,31,26,0,0,88,0,0,0,19,14,23,0,71,84
l39,5=0,0,0,0,0,0,0,0,13,0,0,0,25,0,29,29,62,29,23,0,62,63,73,74,65,8,29,0,0,0,23,0,0,23,0,21,0,26,0,69,80
l40,5=0,0,0,0,0,0,0,0,29,0,2,0,0,0,0,26,32,28,50,27,47,29,53,67,60,37,1,0,0,24,0,38,24,0,0,20,0,0,0,67,77

l0,6=0,90,80,94,89,88,80,83,75,80,77,82,0,64,56,50,9,0,0,0,0,0,0,0,0,13,0,68,45,0,0,0,0,0,0,0,0,0,0,0,0
l1,6=86,0,84,91,89,91,84,82,80,73,80,79,0,47,53,57,56,39,0,0,0,0,0,0,0,0,0,52,0,0,0,0,0,0,0,0,0,0,0,0,0
l2,6=80,89,0,91,82,90,84,83,39,78,81,83,24,33,67,59,39,0,0,0,0,0,25,0,0,0,0,36,0,0,0,0,0,0,0,0,0,0,0,0,0
l3,6=89,90,85,0,89,91,73,83,58,77,65,82,24,54,57,47,1,0,0,0,0,0,0,0,0,27,0,0,60,0,0,0,0,0,0,0,0,12,0,0,0
l4,6=89,86,80,94,0,91,79,83,60,80,80,79,36,63,53,49,52,0,0,0,0,0,0,0,0,21,0,46,68,0,0,0,0,0,0,0,0,0,0,0,0
l5,6=76,90,81,3,0,0,80,83,82,81,73,67,28,41,58,49,33,0,0,0,0,0,0,0,0,28,0,35,54,0,0,14,0,0,0,33,22,0,0,0,0
l6,6=75,85,85,65,70,86,0,89,63,84,81,82,58,62,42,39,59,0,45,31,37,39,31,46,35,0,0,0,0,0,0,0,0,0,0,0,0,0,0,0,0
l7,6=72,79,74,81,73,87,84,0,80,84,82,86,70,65,62,66,37,38,0,25,0,43,38,36,15,0,0,20,0,0,0,0,0,0,0,0,0,0,0,23,0
l8,6=26,58,50,46,23,77,56,79,0,80,81,79,81,73,66,63,46,44,51,28,46,61,45,49,6,29,0,0,52,0,0,0,0,0,0,0,0,0,18,51,45
l9,6=68,62,69,68,64,87,78,86,78,0,82,79,67,67,57,64,63,25,51,0,41,57,26,27,27,25,0,21,31,0,0,0,0,0,0,0,0,0,0,0,38
l10,6=65,82,79,53,75,73,80,87,84,84,0,86,71,68,65,66,64,60,0,0,32,60,41,58,15,23,0,21,38,0,0,0,0,0,0,0,0,0,0,51,40
l11,6=72,78,76,73,64,73,84,89,81,84,82,0,72,67,62,64,68,37,37,0,35,48,29,33,26,28,0,24,37,0,0,0,0,0,0,0,0,0,0,0,36
l12,6=0,0,36,7,8,34,65,42,81,64,75,57,0,71,75,76,80,52,35,41,44,58,26,14,15,15,0,47,50,0,29,11,0,0,0,31,0,24,0,66,62
l13,6=8,28,41,25,9,8,30,3,34,33,40,24,51,34,0,74,64,54,9,0,48,61,23,49,5,32,0,49,80,20,0,1,13,1,0,32,19,49,22,37,29
l14,6=14,40,51,18,20,24,39,37,42,70,71,55,85,69,73,0,70,69,52,37,50,50,46,42,26,80,12,48,50,0,11,44,0,0,0,0,0,19,0,56,58
l15,6=0,29,15,0,16,18,47,14,47,54,48,52,64,61,69,57,0,78,64,39,48,56,48,64,61,37,0,19,47,43,21,0,10,0,1,52,50,53,1,60,64
l16,6=0,37,0,0,0,0,0,42,70,41,52,39,75,66,75,70,85,0,59,42,48,69,53,33,55,50,43,46,61,0,34,50,0,0,0,52,43,25,29,52,59
l17,6=0,0,0,0,0,0,16,0,23,18,0,8,24,54,19,39,57,43,0,60,64,58,51,64,68,69,0,0,0,55,22,28,29,31,18,56,16,12,15,49,36
l18,6=0,0,0,0,0,0,23,16,25,16,0,0,55,53,0,25,54,41,72,0,54,50,47,53,65,0,57,0,0,20,20,48,0,0,0,30,0,0,0,29,43
l19,6=0,0,0,0,0,0,15,0,23,22,16,17,24,32,35,27,51,30,71,31,0,65,51,76,72,0,10,0,13,29,51,33,29,54,34,46,15,18,19,70,41
l20,6=0,0,0,0,0,0,10,14,35,28,29,14,42,49,46,28,59,60,70,28,68,0,54,77,63,33,45,22,19,27,22,54,39,0,0,32,24,19,23,71,63
l21,6=0,0,19,0,0,0,28,19,42,23,25,27,18,2,31,54,63,59,68,42,73,71,0,77,60,29,47,10,18,0,23,36,25,23,0,2,21,1,19,66,60
l22,6=0,0,0,0,0,0,19,22,35,18,27,16,15,48,47,34,60,27,67,19,76,71,60,0,61,18,0,0,0,45,26,0,26,21,23,32,23,18,17,31,64
l23,6=0,0,0,0,0,0,14,9,11,31,16,16,37,55,25,48,64,58,72,54,68,58,51,60,0,0,56,3,0,33,43,35,11,53,38,58,21,37,16,67,54
l24,6=13,29,38,0,8,9,0,3,0,27,26,21,46,16,80,73,31,14,0,0,0,32,17,0,0,0,29,0,79,60,43,54,21,56,44,71,58,82,53,0,0
l25,6=13,0,0,27,21,28,0,0,29,25,23,28,15,32,80,37,50,69,0,0,33,29,18,0,0,0,0,85,0,66,44,0,21,57,41,32,74,83,79,43,24
l26,6=0,0,0,0,0,0,0,0,0,0,0,0,0,0,12,0,43,0,57,10,45,47,0,56,29,0,0,45,45,0,71,0,81,85,85,76,83,60,61,0,19
l27,6=0,0,0,0,0,0,0,0,0,0,0,0,12,0,0,14,30,15,34,25,58,36,25,50,54,85,45,47,50,81,0,50,81,85,84,76,65,91,88,33,21
l28,6=0,0,0,0,0,0,0,0,0,0,0,0,0,0,37,0,48,0,54,0,47,54,42,52,40,0,45,35,45,81,70,43,0,85,92,69,75,80,80,41,16
l29,6=0,0,0,0,0,0,0,0,0,0,0,0,0,0,1,0,0,0,37,0,52,0,19,33,55,66,0,45,30,81,67,81,81,0,87,68,74,75,65,39,0
l30,6=0,0,0,0,0,0,0,0,0,0,0,0,0,0,0,0,0,0,13,0,52,0,0,42,50,44,71,43,29,79,67,71,81,85,0,67,54,71,73,0,0
l31,6=0,0,0,0,0,14,0,0,0,0,0,0,11,1,44,0,50,28,48,33,54,36,0,35,54,0,0,50,43,81,71,0,81,70,66,0,83,91,88,51,30
l32,6=0,0,0,0,0,9,0,0,0,0,0,0,0,23,34,0,67,23,45,0,49,41,30,31,27,21,81,71,66,81,66,81,64,73,57,76,0,91,88,41,27
l33,6=0,0,0,0,0,0,0,0,0,0,6,0,14,24,74,11,52,2,32,0,48,37,0,20,32,57,85,86,73,78,71,70,81,70,67,76,83,0,88,0,2
l34,6=0,0,0,0,0,0,0,0,23,0,3,0,3,18,51,0,32,20,51,0,56,41,32,25,31,41,85,76,69,74,71,66,78,63,80,76,83,91,0,0,8
l35,6=0,0,0,0,0,0,0,0,12,0,17,0,48,6,29,22,36,14,30,11,51,53,35,32,49,32,76,0,9,0,11,0,0,14,0,21,0,0,0,0,64
l36,6=0,0,0,0,0,0,0,0,9,15,15,4,51,32,40,44,59,50,22,16,35,52,39,67,35,74,83,0,8,7,10,83,0,0,0,20,12,1,0,73,0
l37,6=0,0,0,0,0,0,0,0,0,0,0,0,48,0,26,33,44,43,26,18,46,20,41,44,29,83,60,0,0,0,0,91,0,0,0,0,0,0,0,72,74
l38,6=0,0,0,0,0,0,0,0,3,0,42,9,60,42,39,51,60,59,47,17,54,62,49,60,40,79,61,10,21,0,0,88,0,0,0,20,0,9,6,70,70
l39,6=0,0,0,0,0,0,0,0,0,0,0,0,21,3,22,22,48,30,28,17,38,28,45,58,51,43,0,0,0,21,0,51,23,22,14,26,0,13,0,71,64
l40,6=0,0,0,0,0,0,0,0,0,0,0,0,15,0,0,20,37,25,24,18,41,21,48,56,58,24,19,0,0,17,0,30,23,11,0,21,0,0,0,71,66

l0,7=0,94,84,94,93,91,83,85,46,83,88,91,18,56,47,0,0,0,0,0,0,0,0,0,0,6,0,58,15,0,0,0,0,0,0,0,0,24,0,0,0
l1,7=92,0,91,94,93,91,85,91,53,77,89,91,23,29,26,72,58,0,0,0,0,0,0,0,0,30,0,69,65,0,0,0,0,0,0,0,0,2,0,0,0
l2,7=92,94,0,94,93,91,85,50,26,90,89,91,17,12,32,66,48,32,16,0,0,0,0,0,17,0,0,84,0,0,0,0,0,0,0,0,0,0,0,0,0
l3,7=92,94,90,0,93,91,80,88,16,48,88,90,19,19,27,54,0,0,0,0,0,0,0,0,0,50,0,75,71,0,0,0,0,0,0,0,0,0,0,0,0
l4,7=92,89,83,94,0,91,78,83,20,79,83,87,0,27,0,0,49,0,0,0,0,0,0,0,0,24,0,81,13,0,0,0,0,0,0,0,0,0,0,0,0
l5,7=92,94,90,94,93,0,85,83,81,92,88,90,21,72,29,63,48,34,0,0,0,0,0,0,0,13,0,70,38,0,0,0,0,0,0,0,0,0,0,0,0
l6,7=86,91,85,71,72,87,0,91,71,91,84,88,54,66,0,62,64,56,71,39,57,48,41,61,42,20,0,0,26,0,0,0,0,0,0,0,0,0,0,0,0
l7,7=87,91,77,85,88,87,85,0,78,93,90,93,68,36,0,74,65,44,35,0,34,0,57,66,0,13,0,50,47,0,0,0,0,0,0,0,0,0,0,0,24
l8,7=38,45,34,2,29,51,77,28,0,56,85,90,72,74,31,78,63,48,31,34,49,25,71,73,0,21,0,60,68,0,0,0,0,0,0,0,0,23,4,30,33
l9,7=90,43,54,47,87,87,82,86,80,0,89,90,57,44,26,74,71,0,14,0,40,24,4,55,60,17,0,0,31,0,0,0,0,0,0,0,0,0,0,0,31
l10,7=80,86,77,77,56,82,82,87,81,93,0,93,68,74,0,77,67,42,2,28,37,46,71,71,38,43,0,71,46,0,0,0,0,0,0,0,0,0,0,44,4
l11,7=88,91,85,81,68,87,82,87,80,93,90,0,67,2,15,75,70,41,0,29,56,21,50,0,48,26,0,9,46,0,0,0,0,0,0,0,0,0,0,0,0
l12,7=17,32,5,19,0,17,57,27,53,41,85,90,0,75,76,83,86,45,38,1,45,30,69,69,67,42,0,80,80,0,2,0,0,0,0,4,17,29,0,55,33
l13,7=25,4,3,15,0,1,0,0,23,26,0,10,39,22,0,83,84,56,21,0,14,27,62,66,16,3,0,90,93,0,15,0,0,0,2,30,38,82,19,43,33
l14,7=0,37,30,43,0,17,49,22,51,60,85,85,76,40,54,0,73,48,36,2,44,32,80,73,69,88,0,80,60,0,0,4,0,0,0,18,0,0,0,0,34
l15,7=0,34,3,0,26,12,52,15,12,33,55,55,69,52,63,58,0,73,77,57,11,75,71,73,82,52,0,59,57,36,0,5,0,0,0,54,55,59,25,32,67
l16,7=0,0,4,0,0,16,50,18,39,0,54,55,42,70,88,80,87,0,39,33,54,86,82,69,72,70,50,58,41,0,53,59,0,0,6,49,52,52,2,52,45
l17,7=0,0,1,0,0,0,31,9,3,7,17,0,52,46,7,36,74,39,0,77,83,74,78,74,87,20,0,0,0,41,45,17,21,40,0,66,14,0,0,56,66
l18,7=0,0,0,0,0,0,49,0,24,0,43,32,0,49,0,10,71,41,92,0,75,74,70,60,82,0,34,0,0,12,31,72,0,7,0,41,0,0,0,67,57
l19,7=0,0,0,0,0,0,26,2,42,30,20,21,40,37,16,56,12,65,80,71,0,82,77,76,85,0,2,3,0,45,71,19,4,68,58,64,23,37,50,74,65
l20,7=0,0,0,0,0,0,24,0,14,18,45,17,27,49,20,55,73,66,79,64,89,0,86,80,84,0,33,8,8,36,56,74,47,21,0,41,20,41,29,73,65
l21,7=0,0,0,0,0,0,27,9,17,10,62,30,56,18,21,65,74,65,80,47,84,86,0,80,82,17,56,28,18,0,36,47,11,10,0,33,43,38,32,72,64
l22,7=0,0,0,0,0,0,26,13,40,24,61,0,56,54,37,63,76,23,64,21,89,86,86,0,78,41,0,0,22,59,50,60,27,38,30,48,24,41,26,72,78
l23,7=0,0,0,0,0,0,23,0,0,34,21,14,31,30,8,47,74,43,86,74,86,76,77,75,0,46,69,19,0,48,35,66,0,66,30,66,28,19,20,68,47
l24,7=14,21,5,61,47,20,0,1,7,0,55,0,37,3,37,81,76,25,0,0,1,5,60,0,12,0,66,0,93,41,78,81,9,16,22,72,88,84,67,25,1
l25,7=6,30,0,50,24,13,20,13,21,17,43,26,42,3,88,52,70,20,0,0,0,17,41,46,0,0,0,91,0,40,78,0,17,22,21,38,88,45,44,15,1
l26,7=0,0,0,0,0,0,0,0,0,0,0,0,0,0,0,0,50,0,34,2,33,56,0,69,66,0,0,32,38,0,85,0,80,90,87,79,92,71,76,5,22
l27,7=0,0,0,0,0,0,0,0,0,0,0,0,0,1,3,0,0,12,24,18,75,70,32,44,35,91,32,58,60,83,0,70,80,87,83,79,61,84,80,0,0
l28,7=0,0,0,0,0,0,0,0,0,0,0,0,0,0,4,0,0,0,40,0,21,71,63,68,0,0,38,53,53,83,80,35,0,90,93,75,62,82,64,0,5
l29,7=0,0,0,0,0,0,0,0,0,0,0,0,0,0,1,0,0,0,44,0,50,59,28,32,65,40,0,59,48,83,81,83,80,0,93,74,80,68,63,7,0
l30,7=0,0,0,0,0,0,0,0,0,0,0,0,0,0,1,0,0,0,0,0,47,0,0,31,40,78,85,33,30,83,85,85,80,87,0,78,58,76,71,17,0
l31,7=0,0,0,0,0,0,0,0,0,0,0,0,0,0,4,5,59,17,72,19,74,47,60,66,81,0,0,70,35,83,85,0,79,83,79,0,92,84,87,29,3
l32,7=0,0,0,0,0,0,0,0,0,0,0,0,4,2,16,0,58,22,25,0,26,22,68,65,43,17,80,48,75,83,80,79,71,87,60,79,0,84,87,1,1
l33,7=3,0,0,0,0,0,0,0,5,0,10,0,21,11,53,0,55,17,0,0,28,73,62,64,20,22,90,84,51,51,85,83,80,43,47,79,92,0,87,15,0
l34,7=0,0,0,0,0,0,0,0,3,0,0,0,0,0,11,4,48,3,0,0,28,62,68,60,35,21,87,48,50,81,84,79,71,40,45,79,92,84,0,36,4
l35,7=0,0,0,0,0,0,0,0,0,0,15,0,35,1,16,0,26,13,31,22,69,67,60,65,58,38,79,14,0,0,0,0,0,0,6,21,0,1,7,0,77
l36,7=0,0,0,0,0,0,0,3,5,10,10,0,18,0,21,48,70,50,49,16,66,71,60,78,50,88,92,15,8,21,2,92,0,0,0,24,0,0,2,79,0
l37,7=0,0,0,0,0,0,0,0,0,6,0,0,13,7,17,24,59,44,55,21,65,60,52,66,62,45,71,3,0,0,7,84,0,0,0,0,0,0,0,77,69
l38,7=0,0,0,0,0,0,26,0,5,3,50,16,55,44,29,59,68,62,39,10,67,80,71,72,51,44,76,20,34,23,0,87,0,0,0,18,10,0,22,70,78
l39,7=0,0,0,0,0,0,0,0,0,0,0,0,47,18,0,0,66,0,61,42,67,71,78,77,76,15,5,0,0,27,27,29,0,0,3,27,0,0,0,76,72
l40,7=0,0,0,0,0,0,0,0,0,0,0,0,19,15,0,27,64,26,44,29,77,36,77,75,80,1,22,0,0,25,12,3,16,17,0,21,0,0,0,75,68

l0,8=0,99,97,97,94,97,93,94,90,95,96,94,80,98,52,70,0,0,0,0,0,0,0,0,0,0,0,0,0,0,0,0,0,0,0,0,0,0,0,0,0
l1,8=97,0,100,97,94,98,94,99,49,54,89,99,73,54,7,76,84,0,0,0,0,11,0,0,0,0,0,57,0,0,0,0,0,0,0,0,0,0,0,0,0
l2,8=97,99,0,97,94,98,94,96,50,98,98,99,80,51,50,81,0,58,0,0,0,0,0,0,0,0,0,57,0,0,0,0,0,0,0,0,0,0,0,0,52
l3,8=97,99,98,0,94,98,93,91,83,95,97,94,0,55,53,81,10,0,0,0,0,0,0,0,0,75,0,55,55,0,0,0,0,0,0,0,0,0,0,0,0
l4,8=96,98,99,97,0,98,93,96,90,95,64,95,30,59,55,76,86,0,0,0,0,0,0,0,0,25,0,0,2,0,0,0,0,0,0,0,0,0,0,0,0
l5,8=97,99,96,97,94,0,15,96,82,98,96,98,75,98,56,76,86,60,0,0,0,0,0,0,0,36,0,55,52,0,0,0,0,0,0,0,0,0,0,0,0
l6,8=90,98,100,92,88,3,0,99,94,98,99,99,86,96,0,91,89,92,88,44,65,76,0,64,70,4,0,0,0,0,0,0,0,0,0,0,0,0,0,0,40
l7,8=61,98,80,83,92,93,94,0,93,98,99,99,94,99,41,75,87,82,73,0,64,67,82,72,0,43,0,15,43,0,0,0,0,0,0,0,0,0,0,0,69
l8,8=63,53,47,84,89,57,91,94,0,55,99,99,98,99,10,95,88,67,85,48,79,79,80,85,0,28,0,31,54,0,0,0,0,0,0,0,0,0,0,0,73
l9,8=90,51,92,85,89,93,94,96,92,0,99,99,94,96,38,93,87,30,34,0,65,80,73,79,79,15,0,52,0,0,0,0,0,0,0,0,0,0,0,0,60
l10,8=79,58,53,92,74,56,94,99,96,98,0,99,94,99,55,95,92,67,0,80,0,80,92,82,62,58,0,51,49,0,0,0,0,0,0,0,0,0,0,35,0
l11,8=91,93,99,92,89,98,94,99,96,98,99,0,94,96,51,93,91,67,89,79,80,84,91,0,82,83,0,0,47,0,0,0,0,0,0,0,0,45,0,0,0
l12,8=42,40,37,0,42,18,61,82,59,54,73,95,0,59,63,99,98,75,77,39,69,81,90,81,65,98,0,56,53,0,0,0,0,0,0,0,45,7,18,18,72
l13,8=33,0,32,65,77,36,0,0,0,8,62,70,85,58,0,96,98,84,35,0,0,87,93,88,0,59,0,100,61,0,0,46,0,30,25,84,97,80,36,38,62
l14,8=17,34,30,55,59,16,81,56,59,58,73,98,98,58,63,0,94,98,78,50,57,79,89,76,75,100,0,60,33,0,0,33,0,0,0,0,36,39,20,16,72
l15,8=0,41,0,0,34,23,72,59,47,45,76,72,98,52,100,91,0,93,92,71,90,88,91,87,88,68,0,82,40,39,0,0,0,0,0,75,68,52,50,70,79
l16,8=0,0,26,0,0,33,84,94,93,15,97,86,98,97,100,99,97,0,89,10,92,88,93,88,87,98,68,94,31,0,62,93,0,0,0,63,91,87,55,50,88
l17,8=0,0,0,0,0,0,41,40,57,28,14,61,64,69,29,74,83,56,0,94,91,69,87,63,89,11,0,0,0,64,50,29,35,4,0,63,27,29,48,61,52
l18,8=0,0,0,0,0,0,33,0,56,0,62,60,54,7,0,75,86,10,93,0,90,83,88,52,88,0,83,0,0,0,45,83,0,49,0,54,0,0,0,60,75
l19,8=0,0,0,0,0,0,17,27,57,32,1,45,53,41,0,34,85,71,89,69,0,85,88,84,87,0,0,0,0,65,70,62,50,52,50,84,30,34,52,69,85
l20,8=0,0,0,0,0,0,17,10,34,58,53,45,66,69,70,74,89,64,86,62,92,0,95,90,86,0,83,26,0,52,62,88,56,43,30,62,43,60,13,65,87
l21,8=0,0,0,0,0,0,0,51,56,41,64,58,81,67,77,82,88,64,90,58,90,89,0,89,85,12,77,28,10,66,23,86,19,29,28,61,35,68,0,84,86
l22,8=0,0,0,0,0,0,20,51,68,66,62,0,66,62,69,74,86,64,73,20,92,89,95,0,67,14,77,0,14,73,62,53,36,60,56,52,33,40,33,87,88
l23,8=0,0,0,0,0,0,19,0,0,52,22,28,28,57,0,77,85,62,91,80,91,81,88,68,0,55,77,0,0,67,25,66,52,72,22,83,25,0,13,66,50
l24,8=0,47,39,81,0,11,0,1,10,8,43,0,85,11,94,96,98,36,0,0,1,85,45,0,0,0,76,0,100,0,99,86,57,57,65,100,99,81,60,3,29
l25,8=0,0,0,75,25,36,4,43,28,15,58,83,98,59,100,68,98,11,0,0,0,12,14,55,0,0,0,100,0,77,93,0,43,60,44,68,99,97,59,20,45
l26,8=0,0,0,0,0,0,0,0,0,0,0,0,0,0,0,0,68,0,83,0,83,77,77,77,76,0,0,0,79,0,100,0,97,98,97,100,99,95,91,44,0
l27,8=0,0,0,0,0,0,0,0,0,0,0,0,0,30,0,0,0,23,75,25,91,88,39,89,52,100,0,94,78,95,0,92,97,98,100,100,99,97,98,6,16
l28,8=0,0,0,0,0,0,0,0,0,0,0,0,0,0,1,0,32,0,62,0,82,79,28,55,84,0,79,80,27,95,100,84,0,98,100,100,93,97,98,0,20
l29,8=0,0,0,0,0,0,0,0,0,0,0,0,0,0,47,0,0,0,0,49,73,76,64,62,81,77,0,76,79,95,100,95,97,0,100,100,84,89,93,40,0
l30,8=0,0,0,0,0,0,0,0,0,0,0,0,0,0,36,0,0,0,0,0,76,71,36,51,45,93,100,76,41,95,100,98,97,98,0,70,99,75,83,0,0
l31,8=0,0,0,0,0,0,0,0,0,0,0,0,0,46,33,0,93,29,83,62,88,86,53,66,86,0,0,92,84,95,98,0,97,98,95,0,99,97,98,35,28
l32,8=0,0,0,0,0,0,0,0,0,0,0,0,48,47,65,38,91,30,52,0,59,81,50,65,74,43,97,65,93,95,100,97,58,60,100,100,0,97,98,0,0
l33,8=0,0,0,0,0,0,0,0,0,0,0,38,5,42,77,37,93,50,29,0,35,88,56,52,0,60,98,66,96,95,100,98,61,60,70,100,99,0,98,26,0
l34,8=0,0,0,0,0,0,0,0,0,0,1,0,63,0,35,41,93,31,76,0,59,59,0,67,34,44,97,94,51,95,100,95,59,60,62,100,99,97,0,15,0
l35,8=0,0,0,0,0,0,0,0,0,0,33,0,39,0,48,14,64,44,50,35,63,46,63,63,54,68,100,0,7,41,0,0,0,16,0,23,0,14,0,0,88
l36,8=0,0,0,0,0,0,2,23,30,15,0,0,42,23,27,52,68,65,43,43,74,87,73,88,51,99,99,15,16,0,3,99,13,0,0,17,0,0,0,88,0
l37,8=0,0,0,0,0,0,0,0,0,10,0,0,28,25,35,28,57,45,48,22,64,77,52,73,72,97,95,0,0,0,0,97,0,0,0,0,0,0,0,88,84
l38,8=0,0,0,0,0,0,26,8,0,55,59,31,67,63,27,82,78,68,41,31,63,87,93,87,21,59,91,14,61,13,0,98,0,0,0,15,0,0,14,88,88
l39,8=0,0,0,0,0,0,0,0,0,0,0,0,56,9,10,51,73,47,67,54,77,61,89,82,68,20,44,0,0,31,24,35,0,0,0,0,0,0,4,89,90
l40,8=0,0,0,0,0,0,0,0,0,0,0,0,26,0,0,11,70,47,61,19,77,44,71,74,59,45,0,0,0,27,4,28,0,0,0,2,0,0,0,72,73

l0,9=0,100,100,98,100,100,91,95,90,92,93,93,66,93,25,0,0,0,0,0,0,13,0,0,0,44,0,71,75,0,0,0,0,0,0,0,0,0,0,0,0
l1,9=94,0,100,98,100,100,99,99,87,34,73,75,87,5,31,0,70,0,0,0,0,0,29,0,0,8,0,95,31,0,0,0,0,0,0,0,0,52,0,0,0
l2,9=94,100,0,98,100,100,99,100,92,98,98,99,96,85,1,31,62,0,0,0,0,6,0,0,0,0,0,95,0,0,0,0,0,0,0,0,0,0,0,0,0
l3,9=93,100,100,0,100,100,65,95,84,0,98,86,55,71,0,29,64,0,0,0,0,0,0,0,0,42,0,89,73,0,0,0,0,0,0,0,0,0,0,0,0
l4,9=93,100,100,98,0,100,99,99,89,98,81,99,73,99,25,12,69,0,0,0,0,0,0,0,0,79,0,85,75,0,0,0,0,0,0,0,0,0,0,0,0
l5,9=94,100,100,98,100,0,98,99,85,98,97,99,85,95,29,21,29,53,0,0,0,0,11,0,0,27,0,92,83,0,0,0,0,0,0,0,0,86,0,0,0
l6,9=94,100,100,97,100,100,0,100,99,99,98,99,97,100,55,63,99,99,73,0,56,57,60,73,99,0,0,0,1,0,0,0,0,0,0,0,0,0,0,0,34
l7,9=94,99,100,98,100,100,99,0,99,100,98,99,97,100,28,66,90,90,72,0,32,47,33,55,90,87,0,2,94,0,0,0,0,0,0,0,0,0,0,0,0
l8,9=88,56,56,51,99,98,75,99,0,99,98,93,97,100,28,63,75,89,71,55,50,31,33,56,0,61,0,89,95,0,0,0,0,0,0,0,0,25,14,87,87
l9,9=94,91,99,0,100,100,99,100,99,0,98,99,97,100,51,99,99,71,0,0,48,54,4,55,92,0,0,81,0,0,0,0,0,0,0,0,0,0,0,0,68
l10,9=94,60,93,59,100,100,67,100,99,100,0,99,97,100,34,51,81,84,72,56,0,15,33,54,79,23,0,83,79,0,0,0,0,0,0,0,0,0,0,85,44
l11,9=94,55,100,98,100,100,99,100,99,100,98,0,96,100,29,99,80,92,72,0,49,63,33,54,81,24,0,86,94,0,0,0,0,0,0,0,0,88,0,0,73
l12,9=27,34,55,13,66,96,41,93,90,36,35,74,0,99,37,99,81,100,72,52,48,32,33,55,90,39,0,90,96,0,0,2,0,0,0,4,2,45,69,88,86
l13,9=15,56,0,0,78,99,43,87,86,37,34,74,97,97,0,37,81,100,0,0,54,35,36,31,0,92,0,100,98,70,80,65,0,64,0,20,86,100,90,89,91
l14,9=0,0,21,8,66,39,41,93,89,59,34,78,97,100,31,0,81,100,72,54,21,32,34,55,89,57,45,91,94,0,0,28,0,0,0,0,43,61,0,12,87
l15,9=0,40,0,26,62,20,43,96,87,37,54,75,96,98,92,96,0,97,77,59,59,96,32,61,98,37,0,97,94,83,46,0,70,62,11,32,32,99,92,97,88
l16,9=0,0,0,0,0,29,38,98,61,35,33,78,97,94,94,99,99,0,62,0,55,62,59,73,97,53,58,80,97,0,56,53,0,0,0,22,30,99,71,67,95
l17,9=0,0,0,0,0,0,80,76,77,0,84,81,83,86,0,85,93,83,0,99,94,96,98,95,99,63,0,0,0,85,87,61,77,80,0,90,77,0,68,86,77
l18,9=0,0,0,0,0,0,0,0,76,0,96,5,87,89,0,95,98,0,100,0,93,96,97,90,98,0,78,0,0,0,82,59,8,66,0,45,7,0,0,85,95
l19,9=0,0,0,0,0,0,74,7,78,80,0,73,78,83,75,73,98,97,99,82,0,97,97,96,98,0,0,0,0,85,84,39,79,79,83,92,75,65,65,77,89
l20,9=0,0,0,0,0,0,29,68,66,56,10,75,88,98,86,95,98,96,99,92,93,0,99,98,98,0,92,72,51,90,72,94,71,52,24,49,67,76,70,97,95
l21,9=0,64,0,0,0,61,87,70,75,41,57,88,84,95,92,96,95,97,99,97,93,97,0,97,98,31,97,59,0,89,73,64,19,82,46,82,85,95,67,97,94
l22,9=0,0,0,0,0,0,56,70,90,60,88,69,82,76,18,89,91,89,93,50,93,97,99,0,91,0,85,0,4,91,91,25,81,91,35,82,0,79,0,97,95
l23,9=0,0,0,0,0,0,72,69,0,86,44,53,82,81,0,89,98,87,99,96,93,96,97,96,0,4,72,0,0,87,90,49,89,97,48,98,75,58,65,79,73
l24,9=29,57,12,32,74,29,0,0,56,11,11,19,97,52,94,37,81,65,0,0,0,30,1,0,0,0,98,0,99,0,100,100,94,74,28,23,88,70,99,1,48
l25,9=44,8,0,42,79,27,0,87,61,0,23,24,39,92,57,37,53,63,0,0,0,31,0,4,0,0,0,100,0,61,0,0,5,82,0,23,33,72,61,0,0
l26,9=0,0,0,0,0,0,0,0,0,0,0,0,0,0,45,0,58,0,78,0,92,97,85,72,98,0,0,0,97,0,100,0,99,100,100,100,100,100,99,54,51
l27,9=0,0,0,0,0,0,0,0,0,0,0,0,0,0,26,0,46,54,76,45,94,55,20,98,99,100,0,100,0,100,0,30,99,100,100,100,100,100,99,81,48
l28,9=0,0,0,0,0,0,0,0,0,0,0,0,0,0,0,0,77,0,67,10,86,87,10,84,95,0,97,57,21,100,100,96,0,100,100,100,76,100,72,0,0
l29,9=0,0,0,0,0,0,0,0,0,0,0,0,0,0,38,0,66,0,58,15,92,26,57,96,98,61,0,41,85,100,100,100,99,0,100,100,81,99,98,0,0
l30,9=0,0,0,0,0,0,0,0,0,0,0,0,0,0,0,0,0,0,0,0,18,57,20,27,52,0,100,38,0,100,100,100,99,100,0,100,90,53,69,0,0
l31,9=0,0,0,0,0,0,0,0,0,0,0,0,2,65,28,0,53,61,59,39,94,64,25,49,100,0,0,30,96,100,100,0,99,100,100,0,100,100,99,45,34
l32,9=0,0,0,0,0,3,0,0,0,0,0,0,32,0,93,33,56,61,58,0,22,96,46,0,95,5,99,65,74,100,100,99,97,100,100,100,0,100,99,0,0
l33,9=0,7,0,0,0,29,0,0,0,0,1,24,38,89,94,33,63,63,0,0,20,35,26,39,62,82,100,30,97,61,100,100,97,100,75,100,100,0,99,0,0
l34,9=0,0,0,0,0,0,0,0,12,0,0,0,38,89,30,3,53,61,58,0,22,35,20,0,97,0,100,59,74,61,63,100,96,100,75,100,100,100,0,0,1
l35,9=0,0,0,0,0,0,0,0,45,0,16,0,56,55,51,1,92,58,79,35,77,94,94,95,63,23,100,0,0,61,48,0,0,0,0,5,0,0,0,0,95
l36,9=0,0,0,0,0,0,0,0,64,18,10,29,68,56,77,82,62,78,51,46,77,96,79,96,58,33,100,55,0,54,38,100,0,0,0,4,0,0,0,97,0
l37,9=0,0,0,0,0,0,0,0,39,3,0,0,63,0,16,0,88,80,65,43,46,92,11,89,41,72,100,0,0,0,0,100,0,0,0,0,0,0,0,97,95
l38,9=0,0,0,0,0,0,21,0,63,39,74,54,88,87,86,92,98,78,55,0,48,96,97,96,65,61,99,51,77,0,15,99,0,10,0,17,0,0,48,97,95
l39,9=0,0,0,0,0,0,0,0,0,0,0,0,0,53,6,33,89,81,92,73,83,96,97,92,97,0,54,0,0,0,62,45,0,11,0,38,0,0,12,97,95
l40,9=0,0,0,0,0,0,0,0,0,0,0,0,66,0,25,60,87,67,84,62,79,92,87,91,86,0,51,0,0,40,0,34,51,6,0,0,0,0,0,92,88

l0,10=0,100,100,100,99,94,78,96,94,87,95,98,8,79,61,0,0,0,0,0,0,0,0,0,0,14,0,0,76,0,0,0,0,0,0,0,0,0,0,0,0
l1,10=97,0,100,100,99,99,93,96,92,89,95,55,63,87,73,51,0,39,0,0,0,0,25,0,0,3,0,0,72,0,0,0,0,0,0,0,0,2,0,0,0
l2,10=97,100,0,100,99,99,93,95,93,93,95,98,65,93,63,52,58,69,0,0,0,57,53,38,0,1,0,0,50,0,0,0,0,0,0,0,0,0,0,0,41
l3,10=97,100,100,0,99,99,93,96,92,86,95,58,54,82,0,0,0,0,0,0,0,0,0,0,0,31,0,91,81,0,0,0,0,0,0,0,0,0,0,0,0
l4,10=97,100,100,100,0,99,93,96,92,84,95,92,0,93,84,72,0,0,0,0,0,0,0,0,0,44,0,4,84,0,0,0,0,0,0,0,0,0,0,0,0
l5,10=54,100,100,100,99,0,93,76,94,93,95,98,59,85,66,51,0,0,0,0,0,0,0,0,0,40,0,52,76,0,0,16,0,0,0,13,0,0,0,0,0
l6,10=72,94,99,93,96,99,0,96,94,93,95,98,84,86,69,82,77,65,75,0,48,71,58,73,75,0,0,9,0,0,0,0,0,0,0,0,0,0,0,0,19
l7,10=92,93,92,92,92,92,93,0,93,93,95,98,91,95,75,55,44,62,80,0,54,77,64,62,69,35,0,0,65,0,0,0,0,0,0,0,0,0,0,0,0
l8,10=53,66,66,44,57,94,91,94,0,90,95,94,92,95,71,90,34,90,75,7,81,71,74,83,72,39,0,66,72,0,0,0,0,0,0,0,0,13,0,0,48
l9,10=46,69,93,41,44,99,93,96,93,0,95,98,91,93,69,89,56,62,55,0,61,70,57,64,69,53,0,45,62,0,0,0,0,0,0,0,0,0,0,0,0
l10,10=92,70,93,57,59,94,90,94,94,93,0,98,91,93,76,55,30,58,71,51,41,70,78,70,48,0,0,0,0,0,0,4,0,0,0,0,0,0,0,45,0
l11,10=94,92,97,88,57,99,93,96,94,93,95,0,89,95,57,90,51,90,2,57,61,3,54,68,61,22,0,0,61,0,0,0,0,0,0,0,0,0,0,0,44
l12,10=0,41,34,5,0,77,40,74,94,85,57,32,0,95,83,91,45,98,73,41,39,73,76,76,67,70,0,84,83,0,0,0,0,0,0,0,47,0,61,65,52
l13,10=5,42,28,0,28,73,6,52,74,70,56,6,93,94,0,57,58,98,35,0,44,78,71,71,0,72,0,96,91,7,0,0,0,0,0,65,0,84,30,0,50
l14,10=0,55,68,0,65,87,82,85,89,87,85,90,94,95,91,0,94,98,12,41,74,74,76,78,80,98,53,85,84,0,0,46,0,0,0,0,0,1,28,0,0
l15,10=0,0,44,0,0,0,44,48,37,73,39,38,54,94,96,90,0,96,86,49,83,84,85,44,91,52,0,71,50,0,31,0,0,0,4,61,57,42,78,87,50
l16,10=0,4,34,0,0,0,41,49,85,67,42,50,94,93,98,91,94,0,79,0,85,83,85,87,82,44,0,89,89,0,9,49,0,0,0,58,63,53,43,11,53
l17,10=0,0,0,0,0,0,67,73,72,69,76,11,77,71,74,20,92,77,0,98,88,82,84,87,91,93,0,0,0,79,77,61,85,0,0,80,69,0,39,79,74
l18,10=0,0,0,0,0,0,0,0,39,0,86,75,79,77,5,71,92,0,94,0,90,85,86,88,91,0,61,0,0,0,72,72,23,1,0,0,0,0,0,88,82
l19,10=0,0,0,0,0,0,43,40,74,63,59,66,61,70,77,69,82,75,92,79,0,84,85,88,91,0,0,0,0,80,80,0,74,80,73,80,72,38,54,81,73
l20,10=0,0,2,0,0,0,56,56,62,59,65,0,74,75,79,70,93,78,75,78,89,0,86,90,88,0,83,57,41,58,76,80,80,56,63,74,74,59,52,80,86
l21,10=0,31,47,0,0,0,53,52,66,62,71,65,73,68,78,68,93,82,91,82,87,85,0,89,77,29,47,44,50,72,56,65,67,73,66,72,46,71,69,82,77
l22,10=0,0,0,0,0,0,56,43,73,59,70,67,66,61,72,67,71,88,81,70,88,85,86,0,88,30,76,23,0,79,56,64,70,82,66,79,65,0,60,90,85
l23,10=0,0,0,0,0,0,66,43,50,72,66,45,78,77,10,71,91,82,91,85,88,84,80,88,0,0,84,0,7,80,83,52,85,81,80,83,0,55,74,79,79
l24,10=0,0,0,42,23,32,2,0,38,50,3,0,66,67,98,53,53,92,0,0,0,56,24,26,0,2,84,0,94,28,12,82,40,41,52,82,92,95,87,0,22
l25,10=14,3,1,31,44,40,0,35,39,53,0,22,70,72,98,52,44,93,0,0,0,29,30,0,2,0,0,96,0,48,40,0,0,2,0,90,66,95,56,4,0
l26,10=0,0,0,0,0,0,0,0,0,0,0,0,0,0,53,0,0,0,61,0,83,47,76,84,84,0,0,46,81,0,93,0,93,92,91,91,92,87,84,41,65
l27,10=0,0,0,0,0,0,0,0,0,0,0,0,0,56,0,0,46,43,56,25,80,79,50,70,84,96,46,44,70,89,0,51,92,92,90,91,92,93,88,22,41
l28,10=0,0,0,0,0,0,0,0,0,0,0,0,0,0,0,0,0,0,61,18,51,83,61,79,74,0,81,60,0,89,93,81,0,93,90,91,87,91,84,6,0
l29,10=0,0,0,0,0,0,0,0,0,0,0,0,0,0,0,0,0,0,0,0,76,70,72,82,78,48,0,41,1,89,93,89,93,0,91,91,86,78,80,0,0
l30,10=0,0,0,0,0,0,0,0,0,0,0,0,0,0,0,0,0,0,0,0,53,43,50,49,75,40,93,46,0,89,93,93,92,93,0,91,91,61,61,0,0
l31,10=0,0,0,0,0,16,0,0,0,0,4,0,0,0,46,0,49,61,72,0,80,65,64,52,82,0,0,51,81,89,93,0,92,92,90,0,92,95,88,19,13
l32,10=0,0,0,0,0,0,0,0,0,0,0,0,41,56,0,0,49,81,67,0,80,78,50,50,0,0,93,88,64,89,93,92,89,92,90,91,0,95,88,26,0
l33,10=0,0,0,0,0,0,0,0,6,0,0,0,0,36,51,1,46,81,0,0,38,60,65,0,45,2,92,93,82,74,93,92,60,54,59,91,97,0,88,0,0
l34,10=0,0,0,0,0,0,0,0,0,0,0,0,58,58,44,33,58,81,54,0,69,60,63,49,78,0,91,86,69,84,93,90,47,54,63,91,97,95,0,0,0
l35,10=0,0,0,0,0,0,0,0,0,0,73,0,77,71,0,0,84,0,43,59,78,78,80,84,76,90,91,0,34,50,46,0,0,0,0,9,34,0,0,0,87
l36,10=0,0,0,0,0,0,12,0,42,0,0,39,77,72,82,0,77,77,69,49,70,78,79,84,75,66,92,28,0,29,13,92,0,0,0,1,0,0,0,91,0
l37,10=0,0,0,0,0,0,0,0,0,0,1,0,0,0,72,71,78,70,71,53,72,83,70,88,82,95,87,0,0,0,7,95,0,0,0,0,0,0,0,91,86
l38,10=0,0,0,0,0,0,0,36,54,52,40,20,80,72,89,77,89,78,66,0,79,79,81,87,71,56,84,32,73,0,0,88,0,0,0,1,19,0,35,88,86
l39,10=0,0,0,0,0,0,0,0,0,0,0,0,75,60,61,36,85,79,76,36,82,84,83,82,82,4,41,0,0,0,49,19,0,0,0,62,0,0,0,90,86
l40,10=0,0,0,0,0,0,0,0,5,0,0,0,43,0,45,67,44,69,76,41,85,82,71,88,76,0,65,0,0,8,0,13,0,0,0,43,0,0,0,88,84

l0,11=0,96,96,99,97,90,91,95,86,93,89,88,20,84,58,64,0,0,0,0,0,0,0,1,0,15,0,40,16,0,0,0,0,0,0,0,0,0,0,0,0
l1,11=99,0,96,99,97,90,95,95,33,85,89,86,28,65,76,78,21,0,0,0,0,0,17,0,0,48,0,51,50,0,0,0,0,0,0,0,0,0,0,0,0
l2,11=99,96,0,91,97,90,95,95,60,90,86,88,53,80,43,62,49,18,0,0,0,35,32,0,0,2,0,35,22,0,0,0,0,0,0,0,0,0,0,0,3
l3,11=99,96,93,0,97,90,95,75,53,82,86,44,4,63,71,63,0,0,0,0,0,0,0,0,0,6,0,73,67,0,0,0,0,0,0,0,0,0,0,0,0
l4,11=99,96,96,99,0,90,95,58,29,89,88,50,23,65,65,56,10,0,0,0,0,0,0,0,0,4,0,52,4,0,0,0,0,0,0,0,0,0,0,0,0
l5,11=99,96,96,99,97,0,94,85,89,93,89,88,10,71,76,42,18,0,0,0,0,14,0,0,0,18,0,59,71,0,0,11,0,0,0,22,0,0,0,0,0
l6,11=87,95,96,90,93,90,0,94,89,93,89,87,53,86,61,87,47,17,38,0,53,39,30,30,40,0,0,19,0,0,0,0,0,0,0,0,0,0,0,0,25
l7,11=95,91,94,87,92,85,91,0,86,93,89,88,87,89,0,69,14,21,45,0,50,43,40,37,40,0,0,35,0,0,0,0,0,0,0,0,0,0,0,0,0
l8,11=69,83,87,48,41,83,77,57,0,93,89,83,56,91,62,92,23,30,10,53,60,39,43,36,42,18,0,48,51,0,0,0,0,0,0,0,0,0,0,49,52
l9,11=92,88,94,45,92,87,92,95,87,0,89,88,87,86,54,87,49,23,0,0,45,12,37,36,0,26,0,0,38,0,0,0,0,0,0,0,0,0,0,0,0
l10,11=92,90,86,46,77,87,91,92,89,93,0,88,87,87,67,87,20,27,12,32,37,46,47,33,26,55,0,0,52,0,0,0,0,0,0,0,0,0,0,41,6
l11,11=92,91,94,45,87,90,91,95,90,93,89,0,84,88,59,88,42,68,52,40,66,26,36,56,21,9,0,26,53,0,0,0,0,0,0,0,0,4,0,0,44
l12,11=18,75,45,0,15,7,34,25,33,88,83,25,0,91,86,92,26,91,15,34,56,42,45,45,43,34,0,25,73,0,0,0,0,0,0,0,6,14,42,65,72
l13,11=21,75,2,34,25,32,28,0,19,45,71,13,53,63,0,92,23,31,12,0,56,44,0,16,22,66,0,84,84,2,42,0,0,0,5,43,9,32,69,22,71
l14,11=43,60,24,11,21,16,36,18,86,80,77,45,90,91,85,0,82,91,42,19,60,46,44,42,37,85,13,47,68,0,0,32,0,0,0,0,0,0,26,48,71
l15,11=0,51,47,0,12,16,27,10,27,66,57,9,81,80,74,92,0,91,53,62,53,83,83,16,75,73,0,38,59,52,18,1,49,11,0,40,6,27,57,60,62
l16,11=0,0,36,0,0,0,18,19,34,63,68,21,90,90,86,92,82,0,42,0,48,83,81,49,40,7,23,37,63,0,0,23,0,0,0,31,5,24,48,52,63
l17,11=0,0,0,0,0,0,71,63,10,44,60,72,74,75,57,77,69,78,0,91,84,76,82,74,84,3,0,0,0,78,72,1,74,0,0,82,49,0,0,61,64
l18,11=0,0,0,0,0,0,0,0,73,37,74,68,70,76,0,76,75,0,88,0,87,83,84,80,85,0,60,0,0,0,78,14,64,0,0,59,0,41,0,65,65
l19,11=0,0,0,0,0,0,64,29,73,64,65,71,70,74,63,78,69,42,87,80,0,83,83,80,85,0,0,0,53,81,78,1,76,81,69,84,21,23,61,62,66
l20,11=0,0,38,0,0,0,36,40,31,26,64,14,45,72,58,81,76,79,60,74,87,0,84,83,81,41,72,45,0,72,63,77,75,55,0,68,48,34,0,59,71
l21,11=0,20,34,0,0,0,24,29,63,60,76,55,70,69,0,73,77,76,85,74,84,83,0,83,70,13,71,24,46,68,54,73,64,63,55,63,0,0,30,60,67
l22,11=0,0,0,0,0,0,20,16,18,57,52,25,73,68,50,72,35,79,76,72,84,83,84,0,79,30,42,1,39,77,31,40,55,72,23,48,27,19,46,64,71
l23,11=0,0,0,0,0,0,62,37,61,42,61,8,74,59,54,72,70,75,87,82,87,79,75,74,0,13,69,0,0,81,68,10,80,75,67,83,0,31,68,60,55
l24,11=54,60,24,27,20,18,15,15,22,0,0,8,20,70,86,87,8,3,0,0,0,37,25,1,0,0,72,0,84,60,23,75,66,49,29,42,47,89,73,0,21
l25,11=15,48,2,6,4,18,0,0,18,26,55,9,34,66,85,73,7,3,0,0,41,13,30,13,0,0,0,93,0,64,21,0,53,50,0,45,7,45,60,39,19
l26,11=0,0,0,0,0,0,0,0,0,0,0,0,0,0,13,0,23,0,60,0,72,71,42,69,72,0,0,37,68,0,86,0,92,88,87,90,86,84,85,0,16
l27,11=0,0,0,0,0,0,0,0,0,0,0,0,0,0,67,0,47,0,45,72,77,68,61,35,73,93,37,54,53,86,0,55,92,88,87,90,60,84,85,0,0
l28,11=0,0,0,0,0,0,0,0,0,0,0,0,0,0,0,0,32,0,64,58,75,73,47,29,55,0,68,58,26,85,87,79,0,90,91,90,80,76,78,0,8
l29,11=0,0,0,0,0,0,0,0,0,0,0,0,0,0,0,0,4,0,0,0,76,45,62,69,53,64,0,49,51,86,86,86,92,0,91,90,86,84,85,19,0
l30,11=0,0,0,0,0,0,0,0,0,0,0,0,0,0,0,0,0,0,0,0,78,0,36,10,55,21,86,43,0,85,87,87,92,90,0,90,84,84,79,0,0
l31,11=0,0,0,0,0,11,0,0,0,0,0,0,0,0,32,1,23,1,14,1,77,73,40,10,75,0,0,55,79,86,87,0,91,88,84,0,86,89,87,21,0
l32,11=0,0,0,0,0,0,0,0,0,0,0,0,23,52,72,0,8,1,10,0,52,46,0,16,0,53,92,73,57,86,52,91,90,84,84,90,0,89,88,9,0
l33,11=0,0,0,0,0,0,0,0,0,0,0,3,24,41,78,23,37,25,0,16,61,46,0,16,43,50,88,93,45,83,90,88,78,65,36,90,89,0,88,0,3
l34,11=0,0,0,0,0,0,0,0,0,0,0,0,22,2,78,54,55,2,0,0,64,1,33,16,48,0,87,71,58,82,86,84,89,84,83,90,89,89,0,0,8
l35,11=0,0,0,0,0,0,0,0,6,0,46,0,72,29,17,43,68,17,57,55,70,56,73,77,65,45,90,0,13,0,0,0,0,1,0,14,0,0,0,0,79
l36,11=0,0,0,0,0,0,1,0,8,0,15,17,71,67,66,70,69,66,67,0,74,76,75,79,52,7,86,27,14,36,0,86,0,0,0,0,0,0,0,74,0
l37,11=0,0,0,0,0,0,0,0,0,0,0,0,17,0,60,65,0,50,23,12,50,79,69,81,73,45,84,6,0,0,0,89,0,0,0,0,0,0,0,71,77
l38,11=0,0,0,0,0,0,10,16,19,61,0,20,37,61,62,77,77,71,60,0,77,75,79,81,68,60,85,0,56,7,7,87,0,0,0,0,0,0,39,73,77
l39,11=0,0,0,0,0,0,0,0,0,0,0,0,70,62,35,55,70,73,75,61,77,78,76,75,73,39,0,0,0,59,0,21,57,0,0,63,22,0,0,62,74
l40,11=0,0,0,0,0,0,0,0,0,0,0,0,0,5,42,28,58,69,68,8,84,74,68,83,76,19,16,0,0,35,58,0,0,8,0,7,0,0,0,73,71

l0,12=0,97,97,97,92,99,91,95,89,96,89,91,85,88,0,10,34,0,0,0,0,0,0,0,0,1,0,23,1,0,0,0,0,0,0,0,0,0,0,0,0
l1,12=100,0,97,97,92,99,91,95,52,94,89,88,51,47,0,37,54,0,0,0,0,0,17,0,0,9,0,78,58,0,0,0,0,0,0,0,0,0,0,0,0
l2,12=100,97,0,92,92,99,91,95,71,95,88,92,36,54,41,81,63,43,29,0,25,22,22,20,0,20,0,59,72,0,0,0,0,0,0,0,0,0,0,0,0
l3,12=100,97,97,0,92,99,91,93,64,91,89,97,44,0,48,0,48,0,0,0,0,0,0,0,0,1,0,78,30,0,0,0,0,0,0,0,0,67,0,0,0
l4,12=100,97,97,97,0,99,91,95,49,96,80,97,0,47,62,0,5,0,0,0,0,0,0,0,0,44,0,0,68,0,0,0,0,0,0,0,0,0,0,0,0
l5,12=100,97,97,97,92,0,91,95,90,96,89,97,43,0,0,77,55,0,0,0,0,13,0,0,0,33,0,74,73,0,0,0,0,0,0,0,0,0,0,0,0
l6,12=95,97,97,90,90,99,0,95,88,92,87,90,88,89,60,84,54,32,11,12,61,40,34,37,68,0,0,0,0,0,0,0,0,0,0,0,0,0,0,0,28
l7,12=95,95,57,68,90,96,91,0,90,96,89,97,56,89,58,82,53,38,44,0,68,59,41,42,73,12,0,70,36,0,0,0,0,0,0,0,0,0,0,0,12
l8,12=78,67,47,40,64,79,81,71,0,96,89,97,55,90,71,85,64,52,15,25,73,52,41,22,61,15,0,71,44,0,0,0,0,0,0,0,0,0,0,45,42
l9,12=94,91,72,56,90,94,90,95,87,0,89,97,86,70,56,83,63,54,3,0,28,37,37,42,68,36,0,66,41,0,0,0,0,0,0,0,0,0,0,0,22
l10,12=94,94,92,74,64,94,88,95,88,95,0,97,86,89,51,83,85,77,6,44,55,76,80,26,43,53,0,62,41,0,0,0,0,0,0,0,0,0,0,0,23
l11,12=67,94,87,91,91,99,90,95,90,96,89,0,86,90,14,85,48,30,0,60,58,42,34,37,55,15,0,28,43,0,0,0,0,0,0,0,0,0,0,0,52
l12,12=45,61,13,16,0,11,75,48,51,84,82,76,0,90,77,85,65,91,16,0,35,56,41,44,66,50,0,77,76,0,0,0,0,0,0,2,0,50,44,69,77
l13,12=0,0,9,4,37,0,49,23,37,45,75,5,56,52,0,85,65,57,3,0,33,21,22,21,63,29,0,90,89,0,6,0,0,0,0,0,39,88,86,27,75
l14,12=0,0,30,0,0,52,74,39,87,83,77,79,90,90,88,0,87,91,38,31,67,68,41,41,66,92,0,70,71,0,0,0,0,0,0,36,22,42,29,54,69
l15,12=20,43,33,16,43,43,56,32,50,66,77,62,82,80,84,85,0,91,79,66,73,81,81,50,80,77,0,68,65,50,50,58,32,0,0,58,60,70,73,52,79
l16,12=0,0,32,0,0,22,47,31,77,67,76,53,90,89,92,85,87,0,36,0,78,84,86,80,58,55,63,74,58,0,0,62,0,0,0,57,57,66,56,52,63
l17,12=0,0,7,0,0,0,35,71,55,54,50,0,68,62,51,63,80,71,0,92,83,78,84,72,86,42,0,0,0,62,73,33,69,31,52,73,58,51,15,67,69
l18,12=0,0,0,0,0,0,51,0,66,0,70,73,0,63,0,66,77,0,89,0,82,83,85,81,86,0,57,0,0,15,73,69,0,0,0,72,1,0,0,75,0
l19,12=0,0,0,0,0,0,68,54,72,42,62,62,44,0,75,69,69,77,85,78,0,84,85,82,86,0,0,0,0,76,77,31,75,75,64,78,77,49,68,72,75
l20,12=0,0,0,0,0,6,39,39,35,41,73,42,72,72,43,76,78,83,81,69,84,0,86,82,83,0,72,23,0,63,54,77,71,0,0,69,0,54,60,76,80
l21,12=0,24,3,0,0,0,48,58,61,52,72,50,70,68,45,74,78,84,82,64,84,84,0,82,74,0,70,52,47,56,60,74,34,32,33,60,48,55,48,78,75
l22,12=0,0,2,0,0,0,45,31,25,57,43,62,74,62,52,61,68,78,68,63,83,84,86,0,78,18,71,29,42,67,67,77,27,49,0,58,45,0,52,75,80
l23,12=0,0,0,0,0,0,62,66,62,64,53,64,68,61,65,62,71,64,89,80,84,75,76,79,0,19,73,0,0,75,68,74,77,70,61,77,50,51,62,67,67
l24,12=3,30,9,32,46,30,0,42,20,39,63,23,49,32,92,77,54,45,0,0,0,20,22,10,0,0,78,0,89,42,29,79,48,6,54,84,91,89,64,0,53
l25,12=1,9,20,1,44,33,0,12,15,36,53,15,50,29,92,77,55,42,0,0,0,0,18,19,0,0,0,90,0,48,0,0,40,38,0,89,56,69,81,18,47
l26,12=0,0,0,0,0,0,0,0,0,0,0,0,0,0,0,0,63,0,57,0,72,70,71,73,78,0,0,69,45,0,87,0,88,87,89,89,86,80,81,27,48
l27,12=0,0,0,0,49,0,0,0,0,0,0,0,1,1,41,0,62,0,78,32,77,74,72,74,73,90,69,72,0,85,0,82,88,87,87,89,86,86,83,31,47
l28,12=0,0,0,0,0,0,0,0,0,0,0,0,0,0,0,0,51,0,65,0,69,68,50,40,74,0,45,76,59,85,87,81,0,87,92,87,77,75,81,0,17
l29,12=0,0,0,0,0,0,0,0,0,0,0,0,0,0,0,0,0,0,23,0,48,5,59,70,60,48,0,54,64,85,84,85,88,0,92,89,81,79,78,0,0
l30,12=0,0,0,0,0,0,0,0,0,0,0,0,0,0,0,0,0,0,0,0,43,0,5,0,57,0,87,83,0,85,85,87,88,87,0,89,84,83,82,0,0
l31,12=0,0,0,0,0,0,0,0,0,0,0,0,0,0,0,58,62,33,69,31,77,74,77,74,79,0,0,82,81,85,87,0,88,87,89,0,88,86,86,6,48
l32,12=0,0,0,0,0,0,0,0,0,0,0,0,0,0,49,57,53,45,39,0,52,22,45,44,66,40,88,83,81,85,87,88,86,86,87,89,0,90,87,9,0
l33,12=0,0,0,26,0,0,0,0,0,0,21,0,44,0,86,69,55,52,21,0,39,51,46,0,64,38,87,85,83,85,87,87,55,46,58,89,91,0,87,0,0
l34,12=0,0,0,0,0,0,0,0,1,0,0,0,44,16,84,65,74,47,21,0,45,51,42,42,71,0,89,62,82,85,87,89,87,85,85,89,91,90,0,15,0
l35,12=0,0,0,0,0,0,0,0,13,0,0,0,73,24,39,48,46,32,68,48,63,74,76,78,67,89,89,0,2,1,27,0,0,0,0,0,0,0,0,0,88
l36,12=0,0,0,0,0,0,3,0,9,16,22,32,68,35,68,59,62,41,61,0,68,81,72,81,52,56,86,48,14,36,13,88,0,0,0,13,0,0,0,82,0
l37,12=0,0,0,0,0,0,0,0,0,4,0,0,47,5,53,51,76,57,58,8,51,74,76,78,74,69,80,1,0,0,0,86,0,0,0,0,0,0,0,81,86
l38,12=0,0,0,0,0,0,27,32,28,34,0,46,1,55,71,67,83,73,38,47,75,78,76,77,70,81,81,0,0,0,37,86,0,0,0,22,0,0,48,82,87
l39,12=0,0,0,0,0,0,0,0,0,2,16,0,55,53,0,0,70,68,66,52,81,75,75,80,74,18,27,0,0,51,38,6,0,0,0,58,5,0,0,78,86
l40,12=0,0,0,0,0,0,0,0,0,0,38,0,0,38,0,44,49,29,46,34,80,77,65,81,77,47,48,0,0,0,35,48,0,20,0,0,0,0,0,78,84

l0,13=0,99,100,99,100,100,98,97,93,97,94,98,64,33,1,67,42,0,0,0,0,0,0,0,0,5,0,0,4,0,0,0,0,0,0,0,0,0,0,0,0
l1,13=100,0,100,99,100,100,98,35,33,97,94,98,47,0,35,0,82,0,0,0,0,0,16,0,0,66,0,45,46,0,0,0,0,0,0,0,0,0,0,0,0
l2,13=100,99,0,99,100,100,98,97,61,97,94,98,44,31,38,0,93,52,0,0,54,11,20,44,0,34,0,24,44,0,0,0,0,0,0,0,0,0,0,0,0
l3,13=100,99,100,0,100,100,98,97,55,60,93,98,59,54,55,2,80,0,0,0,0,0,0,0,0,32,0,0,94,0,0,0,0,0,0,0,0,38,0,0,0
l4,13=100,99,100,99,0,100,98,97,84,97,81,97,0,0,0,0,0,0,0,0,0,0,0,0,0,16,0,90,65,0,0,0,0,0,0,0,0,0,0,0,0
l5,13=100,99,100,99,100,0,98,87,91,57,93,98,46,34,38,92,85,0,0,0,0,0,0,0,0,50,0,47,48,0,0,0,0,0,0,0,62,32,0,0,0
l6,13=89,98,100,99,100,100,0,97,92,97,94,93,93,92,33,94,83,23,20,24,83,0,30,51,49,0,0,0,0,0,0,0,0,0,0,0,0,0,0,29,57
l7,13=99,52,98,92,100,99,98,0,93,97,94,98,90,94,33,92,89,51,31,7,85,83,34,50,52,0,0,48,9,0,0,0,0,0,0,0,0,0,0,0,76
l8,13=93,84,94,90,82,61,58,97,0,97,94,98,50,95,35,93,92,55,0,0,83,79,35,51,51,7,0,48,16,0,0,0,0,0,0,0,0,6,0,3,91
l9,13=99,93,100,91,100,93,98,97,93,0,94,98,91,65,31,93,88,46,28,0,77,74,0,53,53,28,0,49,47,0,0,0,0,0,0,0,0,0,0,0,84
l10,13=92,97,94,92,72,92,96,97,94,97,0,98,90,95,5,93,89,71,7,13,71,85,59,51,52,34,0,45,0,0,0,0,0,0,0,0,0,0,0,0,0
l11,13=94,98,98,94,100,100,57,97,94,97,94,0,91,95,34,96,87,39,18,25,80,77,36,50,43,68,0,0,42,0,0,0,0,0,0,0,0,4,0,20,92
l12,13=86,81,32,30,1,50,60,60,32,33,80,95,0,95,39,96,94,99,26,19,0,76,36,51,50,48,0,53,52,0,0,0,0,0,0,0,0,35,29,35,94
l13,13=0,80,35,31,0,52,18,22,29,7,42,76,50,35,0,96,94,59,0,0,72,50,13,0,43,35,0,57,57,0,78,0,0,3,60,76,83,44,36,4,35
l14,13=28,0,0,0,0,50,54,63,32,30,86,95,93,95,63,0,94,99,26,27,86,88,35,45,51,63,0,50,56,0,0,49,0,0,0,0,71,35,24,35,88
l15,13=29,55,47,18,6,46,20,30,31,30,80,76,91,62,100,96,0,97,59,30,84,83,46,53,58,96,0,47,52,31,59,0,49,0,0,63,80,41,32,35,93
l16,13=0,0,50,0,0,0,23,53,32,22,80,57,93,95,100,96,94,0,30,24,91,92,90,54,47,84,25,57,53,0,0,51,0,0,0,54,71,41,29,33,92
l17,13=0,0,0,0,0,0,34,80,0,67,64,59,76,74,14,81,92,81,0,97,94,88,90,80,97,54,0,0,1,0,81,15,80,64,75,78,0,26,40,84,80
l18,13=0,0,0,0,0,0,75,36,0,0,84,88,70,88,0,89,87,85,93,0,92,90,86,92,96,0,0,0,0,79,65,77,0,0,0,82,0,0,0,86,45
l19,13=0,0,0,0,0,0,46,49,73,23,59,67,0,29,32,81,80,84,91,83,0,92,89,93,97,0,22,0,0,76,81,27,75,81,62,78,72,0,22,82,89
l20,13=0,0,0,0,0,0,0,53,23,18,80,61,57,82,54,92,87,96,91,94,93,0,90,93,95,0,72,0,41,49,74,81,73,0,45,86,58,26,77,91,94
l21,13=0,3,2,0,0,0,15,37,52,0,90,76,92,88,48,93,92,96,91,45,93,92,0,93,95,42,78,40,41,44,79,76,59,68,1,70,60,31,40,62,94
l22,13=0,0,17,0,0,0,37,42,40,33,56,59,79,17,0,65,92,86,44,78,93,92,90,0,81,10,65,33,0,84,81,22,62,68,55,64,57,0,19,91,94
l23,13=0,0,0,0,0,0,73,74,74,69,71,64,69,82,76,74,89,76,92,96,94,88,87,80,0,0,79,53,29,87,82,13,86,79,0,89,88,42,65,85,90
l24,13=1,53,0,0,19,45,0,20,28,29,72,0,46,34,100,89,86,57,0,0,0,0,11,13,25,13,80,0,95,55,82,89,85,71,79,87,93,44,33,0,0
l25,13=5,66,34,32,16,50,0,0,7,28,34,68,48,35,63,96,84,54,0,0,0,42,10,0,13,0,0,96,0,40,87,0,85,88,81,91,93,44,36,31,29
l26,13=0,0,0,0,0,0,0,0,0,0,0,0,0,0,0,0,25,0,0,22,72,78,65,79,80,0,0,79,23,0,95,0,90,91,96,92,88,87,79,0,42
l27,13=0,0,0,0,0,0,0,0,0,0,0,0,0,0,73,5,36,0,77,24,75,53,46,51,77,96,79,54,54,89,0,85,90,91,94,92,93,89,92,64,15
l28,13=0,0,0,0,0,0,0,0,0,0,0,0,0,0,0,0,28,0,42,0,67,74,32,39,73,0,23,56,53,89,95,87,0,92,96,92,77,82,87,0,0
l29,13=0,0,0,0,0,0,0,0,0,0,0,0,0,0,9,0,0,0,27,0,74,0,40,39,48,40,0,50,50,89,84,89,90,0,96,92,93,58,90,0,1
l30,13=0,0,0,0,0,0,0,0,0,0,0,0,0,0,65,0,0,0,62,0,60,54,0,51,0,87,95,51,49,89,87,95,90,92,0,92,82,86,68,0,0
l31,13=0,0,0,0,0,0,0,0,0,0,0,0,0,0,49,0,51,15,77,27,81,76,22,13,89,0,0,85,87,89,95,0,90,91,95,0,93,95,98,20,19
l32,13=0,0,0,0,0,42,0,0,0,0,0,0,0,0,31,67,81,44,0,0,77,42,10,14,84,85,90,89,56,89,95,90,85,91,95,92,0,95,98,5,23
l33,13=0,0,0,28,0,45,0,0,0,0,0,13,40,28,62,75,83,54,25,0,0,42,11,0,42,88,91,96,58,87,94,91,90,92,94,92,93,0,98,0,1
l34,13=0,0,0,0,0,0,0,0,0,0,0,0,66,29,95,66,81,78,49,0,69,60,26,21,61,81,96,89,95,85,95,95,90,92,78,92,93,95,0,0,0
l35,13=0,0,0,0,0,0,16,0,0,0,0,0,56,8,16,71,82,45,80,25,80,90,76,92,87,91,92,0,37,0,55,0,0,0,0,0,0,0,0,0,96
l36,13=0,0,0,0,0,0,4,13,20,17,0,74,83,0,86,84,82,56,19,0,85,90,83,92,85,93,88,0,32,35,0,93,0,0,0,34,51,0,0,92,0
l37,13=0,0,0,0,0,0,0,0,0,0,0,0,74,53,86,79,76,82,62,76,84,85,88,92,91,44,87,0,0,0,5,95,0,0,0,52,0,0,0,91,94
l38,13=0,0,0,0,0,0,0,0,42,0,55,56,38,46,93,88,92,91,23,25,81,90,84,83,87,36,79,31,0,12,0,98,0,0,0,12,0,24,25,91,94
l39,13=0,0,0,0,0,0,0,0,0,0,0,0,73,37,28,0,92,85,85,46,92,90,88,92,85,31,0,0,0,41,57,20,0,1,0,40,0,0,0,91,94
l40,13=0,0,0,0,0,0,0,0,0,0,36,0,62,67,16,47,82,0,80,74,88,83,83,86,93,29,42,0,0,33,66,19,54,28,0,41,0,0,0,91,93

l0,14=0,100,100,100,100,100,100,100,99,99,100,100,96,74,38,85,0,0,0,0,0,0,0,0,0,0,0,99,0,0,0,0,0,0,0,0,0,0,0,0,0
l1,14=100,0,100,100,100,100,100,100,100,99,100,100,89,100,61,59,100,0,0,0,0,0,0,0,0,98,0,65,93,0,0,0,0,0,0,0,0,0,0,0,0
l2,14=100,100,0,100,100,100,100,100,100,99,100,100,100,79,65,59,100,0,0,0,0,0,19,0,0,0,0,3,0,0,0,0,0,0,0,0,0,0,0,0,0
l3,14=100,100,100,0,100,100,87,100,75,57,63,100,0,79,1,59,72,0,0,0,0,0,0,0,0,59,0,49,97,0,0,0,0,0,0,0,0,0,0,0,0
l4,14=100,100,100,100,0,100,100,100,76,98,63,100,100,83,58,59,0,0,0,0,0,0,0,0,0,48,0,66,74,0,0,0,0,0,0,0,0,14,0,0,0
l5,14=100,100,100,100,100,0,100,100,100,99,96,100,99,82,63,59,95,56,0,0,0,0,0,0,0,22,0,66,100,0,0,0,0,0,0,0,35,88,61,0,0
l6,14=100,100,100,100,100,100,0,100,100,99,100,100,100,100,63,98,97,0,59,0,72,94,94,97,62,0,0,38,0,0,0,0,0,0,0,0,0,0,0,0,97
l7,14=100,100,100,70,100,100,100,0,100,99,100,100,100,100,60,54,100,70,55,0,68,95,92,62,62,0,0,63,0,0,0,0,0,0,0,0,0,0,0,0,0
l8,14=100,100,99,69,62,100,100,100,0,99,100,100,98,100,62,98,99,100,9,0,70,99,99,68,58,43,0,63,91,0,0,0,0,0,0,0,0,93,0,93,82
l9,14=100,100,100,60,100,100,100,100,100,0,100,100,100,100,57,98,100,99,59,0,65,94,94,62,62,14,0,0,93,0,0,0,0,0,0,0,0,0,0,0,77
l10,14=97,100,100,63,60,99,100,100,100,99,0,100,100,100,53,98,100,97,56,60,67,99,98,60,3,12,0,55,89,0,0,0,0,0,0,0,0,8,0,47,92
l11,14=100,100,98,100,100,100,100,100,100,99,100,0,100,100,58,98,97,97,21,0,0,98,95,59,61,76,0,0,90,0,0,0,0,0,0,0,0,0,0,0,97
l12,14=91,90,93,0,55,61,87,92,66,56,62,93,0,100,63,98,99,100,20,0,69,94,94,62,62,100,0,63,96,0,59,0,0,0,0,0,94,93,95,96,97
l13,14=3,94,95,0,45,26,77,93,46,18,14,94,100,1,0,59,100,100,0,0,45,96,55,54,50,83,0,82,100,89,60,17,13,0,0,14,96,100,95,97,98
l14,14=91,92,94,60,57,63,93,86,100,99,100,100,100,100,100,0,100,100,0,63,72,100,100,62,62,63,58,64,100,0,92,34,0,0,0,37,0,0,90,96,97
l15,14=0,94,93,15,0,31,86,99,73,58,63,93,98,86,99,98,0,99,99,64,69,98,98,98,62,59,0,63,93,24,0,46,0,0,0,60,94,95,95,98,98
l16,14=0,0,0,0,0,21,0,45,74,58,62,96,100,100,100,98,100,0,60,0,72,100,100,68,56,100,12,67,98,0,0,91,0,0,0,0,95,99,95,96,97
l17,14=0,0,0,0,0,0,91,92,1,89,85,62,93,98,0,0,98,94,0,100,99,98,99,91,100,99,0,0,0,96,92,0,0,92,94,97,90,87,95,99,95
l18,14=0,0,0,0,0,0,0,0,0,0,95,0,52,0,0,95,98,14,100,0,98,98,98,98,99,0,46,0,0,100,0,99,0,0,0,89,0,0,0,0,97
l19,14=0,0,0,0,0,0,91,83,89,56,85,0,94,96,91,95,98,99,99,91,0,100,100,100,100,0,53,0,86,96,92,31,24,98,80,96,90,92,86,99,92
l20,14=0,0,0,0,0,0,87,89,96,94,97,96,98,94,98,95,98,99,98,97,100,0,100,100,98,38,87,76,95,95,97,98,98,87,94,97,81,74,98,99,96
l21,14=0,0,0,0,0,0,77,91,96,54,97,98,98,98,58,95,98,99,99,64,99,99,0,100,98,100,93,57,85,99,97,98,81,70,0,59,37,93,100,99,98
l22,14=0,0,0,0,0,0,97,84,95,89,84,81,98,97,96,95,98,98,78,97,98,100,99,0,98,48,93,0,0,99,96,82,96,94,89,93,89,61,81,99,98
l23,14=0,0,0,0,0,0,98,98,69,95,50,84,97,98,77,95,98,89,100,97,100,98,98,98,0,0,99,41,0,100,96,95,98,97,92,97,98,83,99,0,98
l24,14=94,95,0,31,54,27,64,96,46,0,11,0,100,83,100,59,98,99,0,0,0,92,90,3,42,0,100,0,100,99,91,97,94,63,47,62,100,100,100,37,90
l25,14=0,98,0,59,48,22,0,0,43,14,12,76,100,83,63,59,100,99,0,0,38,100,48,0,0,0,0,100,0,95,59,0,99,65,24,27,97,100,100,72,87
l26,14=0,0,0,0,0,0,0,0,0,0,0,0,0,0,58,0,12,0,46,53,87,93,93,99,100,0,0,95,88,0,99,0,100,99,100,99,100,100,100,0,95
l27,14=0,0,0,0,0,0,0,0,0,0,0,0,85,0,63,57,0,0,97,0,98,98,98,98,68,100,95,97,67,100,0,64,100,99,99,99,99,100,100,99,5
l28,14=0,0,0,0,0,0,0,0,0,0,0,0,0,0,50,0,0,0,0,0,45,87,52,79,83,0,88,75,86,100,99,57,0,99,100,99,92,100,100,54,0
l29,14=0,0,0,0,0,0,0,0,0,0,0,0,0,0,0,0,0,0,81,0,99,63,59,68,94,95,0,78,92,100,99,100,100,0,100,99,100,62,100,0,0
l30,14=0,0,0,0,0,0,0,0,0,0,0,0,0,0,0,0,0,0,72,0,76,91,0,86,79,59,99,86,80,100,88,99,100,99,0,92,97,97,96,0,0
l31,14=0,0,0,0,0,0,0,0,0,0,0,0,0,17,34,46,91,0,99,31,98,98,82,95,97,0,0,64,57,100,99,0,100,99,100,0,100,100,100,40,0
l32,14=0,0,0,0,0,15,0,0,0,0,0,0,92,0,99,5,90,92,56,0,98,91,43,77,62,99,100,64,66,100,99,100,99,99,100,99,0,100,100,0,93
l33,14=0,0,0,0,53,26,0,0,48,0,21,0,100,0,100,0,100,100,44,0,67,89,97,41,35,65,99,100,100,100,99,99,100,70,100,99,100,0,100,0,0
l34,14=0,0,0,0,28,20,0,0,0,0,0,0,93,0,100,50,100,87,56,0,57,100,94,56,54,24,100,64,70,100,99,100,100,99,56,99,100,100,0,0,67
l35,14=0,0,0,0,0,0,0,0,66,0,30,0,90,65,84,88,97,90,94,0,93,98,96,98,0,27,99,0,0,0,86,0,0,0,0,0,0,0,0,0,98
l36,14=0,0,0,0,0,0,59,0,1,8,59,89,95,74,83,85,98,91,58,56,82,92,94,98,93,97,100,59,63,89,0,100,0,0,0,0,50,0,0,100,0
l37,14=0,0,0,0,0,0,0,0,0,0,0,0,95,94,89,93,96,94,96,91,96,97,98,97,97,100,100,0,0,0,70,100,0,0,0,0,0,0,0,99,98
l38,14=0,0,0,0,0,0,0,0,92,0,90,22,93,91,98,93,96,99,76,0,96,99,96,95,97,100,100,71,0,0,0,100,0,0,0,4,0,90,90,99,100
l39,14=0,0,0,0,0,0,0,0,0,0,61,0,97,0,47,90,98,95,98,96,98,98,98,98,97,72,0,0,0,91,86,40,0,25,0,0,0,0,0,99,98
l40,14=0,0,0,0,0,0,0,0,0,0,65,0,11,6,83,0,94,84,96,86,98,96,98,98,96,87,95,0,0,71,85,0,81,0,0,86,84,0,0,98,98

l0,15=0,100,100,100,100,100,100,100,99,100,99,100,80,99,77,59,53,0,0,0,0,0,0,0,0,61,0,94,88,0,0,0,0,0,0,0,0,0,0,0,0
l1,15=100,0,100,100,100,100,100,77,99,100,99,100,0,100,100,100,100,0,0,0,0,0,0,0,0,0,0,99,0,0,0,0,0,0,0,0,0,0,0,0,0
l2,15=100,100,0,100,100,100,100,100,56,100,99,100,83,100,77,60,62,0,0,0,0,0,84,0,0,0,0,91,0,0,0,0,0,0,0,0,0,0,0,0,0
l3,15=100,100,100,0,100,100,64,100,99,78,99,59,82,95,76,60,0,0,0,0,0,0,0,0,0,94,0,96,90,0,0,0,0,0,0,0,0,0,21,0,0
l4,15=100,100,100,100,0,100,100,92,60,99,27,100,75,100,69,59,50,0,0,0,0,0,0,0,0,60,0,98,1,0,0,0,0,0,0,0,0,0,0,0,0
l5,15=100,100,100,100,100,0,98,96,99,100,99,100,82,100,76,60,1,98,0,0,0,0,0,0,0,99,0,77,91,0,0,0,0,0,0,0,0,98,0,0,0
l6,15=100,100,100,96,100,100,0,100,99,100,99,100,99,100,72,100,100,94,95,0,94,95,88,99,98,51,0,0,88,0,0,0,0,0,0,0,0,0,0,0,0
l7,15=100,55,100,100,100,100,100,0,99,100,99,100,99,100,72,100,100,10,90,1,56,43,92,97,97,0,0,83,0,0,0,0,0,0,0,0,0,0,0,0,56
l8,15=74,60,16,97,89,100,100,100,0,100,99,100,81,96,72,100,61,93,0,0,58,59,96,99,93,1,0,0,25,0,0,0,0,0,0,0,0,91,0,68,56
l9,15=100,100,100,27,98,100,100,100,99,0,99,100,97,100,75,100,100,100,96,0,0,86,95,99,91,96,0,92,90,0,0,0,0,0,0,0,0,0,0,0,0
l10,15=96,100,93,96,73,100,100,100,99,100,0,100,82,100,74,100,64,93,91,82,56,99,95,98,0,26,0,85,0,0,0,0,0,0,0,0,0,0,0,0,56
l11,15=100,100,93,94,100,100,100,100,99,100,99,0,99,100,76,54,99,8,91,3,56,57,91,34,94,54,0,91,87,0,0,0,0,0,0,0,0,0,0,0,0
l12,15=55,0,94,93,87,95,63,89,96,91,61,57,0,100,77,100,62,100,6,0,59,58,94,99,96,82,0,95,89,0,54,0,0,0,0,0,0,91,77,70,60
l13,15=59,58,94,95,82,90,51,58,67,91,58,54,99,100,0,100,100,100,77,0,59,60,91,99,96,100,0,100,100,29,26,0,14,0,36,89,98,100,100,0,60
l14,15=54,53,91,92,87,96,100,88,99,100,99,58,99,100,100,0,100,100,94,81,59,99,99,100,88,100,94,96,92,0,0,94,0,0,0,0,0,93,83,86,61
l15,15=47,51,84,0,84,42,63,89,95,98,62,58,99,99,100,100,0,100,98,83,99,99,93,100,94,60,0,95,86,21,23,0,7,0,0,95,92,100,84,98,98
l16,15=0,0,0,0,0,93,53,16,76,99,63,36,99,100,100,100,100,0,98,78,61,99,99,100,92,62,51,97,91,0,0,100,0,0,0,90,96,100,99,70,62
l17,15=0,0,0,0,0,0,89,70,0,96,88,86,23,94,62,92,100,91,0,100,99,95,99,98,100,100,0,0,0,90,93,97,0,91,90,97,90,0,83,89,93
l18,15=0,0,0,0,0,0,0,10,0,0,88,80,0,91,0,91,100,83,99,0,99,99,95,99,100,0,98,0,0,85,0,98,0,62,0,59,0,0,11,89,93
l19,15=0,0,0,0,0,0,60,80,94,0,88,46,93,95,61,94,100,97,98,98,0,99,99,100,100,0,77,0,0,94,59,0,83,93,90,96,93,91,90,92,91
l20,15=0,0,0,0,0,0,86,0,92,95,96,92,95,96,98,96,98,99,95,96,99,0,99,100,99,2,99,90,86,95,96,99,94,7,82,95,83,65,86,97,98
l21,15=0,0,28,0,0,0,42,85,95,95,96,92,98,93,52,99,98,100,98,93,99,99,0,100,99,59,99,79,71,50,57,99,94,91,0,29,89,95,92,98,98
l22,15=0,0,0,0,0,0,90,51,92,70,87,14,98,93,82,88,100,100,95,91,99,99,99,0,99,93,91,0,0,88,92,18,0,90,58,21,87,70,78,97,98
l23,15=0,0,0,0,0,0,95,93,92,80,3,92,93,96,87,91,98,90,99,98,99,99,98,99,0,0,100,0,0,96,96,9,96,91,94,96,93,93,92,91,96
l24,15=61,60,74,94,94,94,0,48,0,95,57,54,82,96,100,60,62,98,0,0,0,59,97,0,0,0,100,0,100,29,25,99,63,98,61,94,100,100,100,0,62
l25,15=61,0,0,94,60,99,51,0,1,96,26,54,82,100,100,60,62,100,0,0,2,59,93,0,0,0,0,100,0,30,26,0,66,100,61,94,100,100,100,69,61
l26,15=0,0,0,0,0,0,0,0,0,0,0,0,0,0,94,0,51,0,98,77,99,99,91,100,100,0,0,92,100,0,100,0,100,100,100,100,100,100,100,59,95
l27,15=0,0,0,0,0,0,0,0,0,0,0,0,89,88,96,21,84,0,98,0,97,99,93,99,99,100,92,89,99,100,0,98,100,100,100,100,100,100,100,49,0
l28,15=0,0,0,0,0,0,0,0,0,0,0,0,0,0,56,0,15,0,0,0,84,90,92,2,96,0,100,73,97,100,100,99,0,100,100,100,99,100,100,0,0
l29,15=0,0,0,0,0,0,0,0,0,0,0,0,0,0,0,0,0,0,96,0,99,72,92,99,90,30,0,63,97,100,100,100,100,0,100,100,100,100,100,0,0
l30,15=0,0,0,0,0,0,0,0,0,0,0,0,0,0,28,0,0,0,66,0,84,89,0,93,90,26,100,64,67,100,94,100,100,100,0,97,94,93,94,0,0
l31,15=0,0,0,0,0,0,0,0,0,0,0,0,0,0,94,0,100,97,98,0,99,99,18,9,99,0,0,98,99,100,100,0,100,100,100,0,100,100,100,6,0
l32,15=0,0,0,0,0,0,0,0,0,0,0,0,0,77,99,0,81,99,94,0,59,59,93,99,99,66,100,100,100,100,100,100,100,100,100,100,0,100,100,0,13
l33,15=0,0,0,0,0,96,0,0,63,0,0,0,91,0,100,100,100,100,0,0,99,56,99,97,95,100,100,100,100,65,100,100,72,100,62,100,100,0,100,0,4
l34,15=0,0,0,0,0,0,0,0,0,0,0,0,71,51,100,58,56,100,94,0,93,55,99,97,96,61,100,100,100,100,100,100,100,100,62,100,100,100,0,0,35
l35,15=0,0,0,0,0,0,0,0,62,0,0,0,89,61,0,88,94,71,89,69,90,97,94,96,64,94,100,0,48,32,20,0,0,0,0,0,0,0,0,0,99
l36,15=0,0,0,0,0,0,0,34,65,0,47,0,92,90,50,88,97,86,90,75,89,99,94,99,89,100,100,72,51,46,0,100,0,0,0,0,0,0,0,99,0
l37,15=0,0,0,0,0,0,0,0,75,0,0,0,89,89,71,71,96,77,94,0,90,99,93,97,93,100,100,0,0,0,1,100,9,0,0,0,0,0,0,98,98
l38,15=0,0,0,0,0,0,6,0,91,39,48,90,98,95,99,99,98,100,90,0,99,99,98,99,92,100,100,90,0,0,20,100,0,0,0,85,0,88,0,98,99
l39,15=0,0,0,0,0,0,0,0,0,0,34,0,63,52,49,55,95,0,92,71,96,98,98,97,84,69,59,0,0,40,51,6,1,0,0,0,0,0,0,98,98
l40,15=0,0,0,0,0,0,0,0,0,1,0,0,68,57,50,58,62,70,70,70,97,82,93,97,90,61,95,0,0,66,62,0,65,0,0,71,71,0,0,97,96

q0=0
q1=1
q2=1
q3=1
q4=1
q5=1
q6=1
q7=1
q8=1
q9=1
q10=1
q11=1
q12=1
q13=1
q14=1
q15=1
q16=1
q17=1
q18=1
q19=1
q20=1
q21=1
q22=1
q23=1
q24=1
q25=1
q26=1
q27=1
q28=1
q29=1
q30=1
q31=1
q32=1
q33=1
q34=1
q35=1
q36=1
q37=1
q38=1
q39=1
q40=1

a0=0x01
a1=0x02
a2=0x03
a3=0x04
a4=0x05
a5=0x06
a6=0x07
a7=0x08
a8=0x09
a9=0x0a
a10=0x0b
a11=0x0c
a12=0x0d
a13=0x0e
a14=0x0f
a15=0x10
a16=0x11
a17=0x12
a18=0x13
a19=0x14
a20=0x15
a21=0x16
a22=0x17
a23=0x18
a24=0x19
a25=0x1a
a26=0x1b
a27=0x1c
a28=0x1d
a29=0x1e
a30=0x1f
a31=0x20
a32=0x21
a33=0x22
a34=0x23
a35=0x24
a36=0x25
a37=0x26
a38=0x27
a39=0x28
a40=0x29

