n=41

l0,0=0,82,96,92,96,97,61,92,92,92,71,92,69,87,4,32,47,0,0,0,0,0,0,0,0,79,0,87,49,0,0,0,0,0,0,0,0,0,0,0,0
l1,0=81,0,94,93,96,97,88,92,89,93,71,95,37,78,39,43,59,0,0,0,0,0,2,0,0,1,0,0,24,0,0,0,0,0,0,0,0,23,0,0,0
l2,0=99,93,0,93,96,97,88,93,92,95,90,95,78,88,33,60,84,54,0,0,0,0,5,4,0,10,0,6,26,0,0,0,0,0,0,0,0,0,0,0,0
l3,0=91,58,96,0,96,97,61,92,54,92,50,52,24,51,43,34,0,4,0,0,0,0,0,0,0,3,0,88,27,0,0,0,0,0,0,0,0,8,12,0,0
l4,0=99,58,96,93,0,97,59,91,87,13,47,61,43,0,0,45,0,0,0,0,0,0,0,0,0,50,0,2,27,0,0,0,0,0,0,0,0,0,0,0,0
l5,0=99,93,96,92,96,0,66,87,86,93,73,72,17,83,0,51,44,42,0,0,0,0,0,0,0,28,0,60,0,0,0,0,0,0,0,0,0,26,0,0,0
l6,0=78,92,96,93,87,97,0,95,90,95,92,95,77,74,32,57,84,50,27,35,30,3,9,20,0,0,0,16,2,0,0,0,0,0,0,0,0,0,0,0,21
l7,0=91,92,94,56,93,93,88,0,92,95,92,95,95,89,27,46,28,43,13,0,50,9,14,0,23,19,0,38,12,0,0,0,0,0,0,0,0,0,0,0,2
l8,0=92,60,36,1,83,87,51,89,0,62,94,23,0,89,68,90,91,89,0,1,74,30,47,27,59,33,0,13,2,0,0,0,0,0,0,0,1,4,0,20,45
l9,0=93,82,94,59,0,93,88,95,92,0,94,95,93,90,66,0,88,86,27,0,5,21,15,14,30,21,0,0,4,0,0,0,0,0,0,0,0,0,0,0,0
l10,0=86,92,94,54,77,92,83,92,92,95,0,95,89,89,84,87,88,89,26,0,5,19,47,45,58,30,0,29,27,0,0,0,0,0,0,0,0,11,0,0,30
l11,0=93,92,96,27,91,93,86,95,14,95,94,0,93,89,44,89,75,79,25,0,57,20,29,7,0,20,0,51,25,0,0,0,0,0,0,0,0,0,0,0,10
l12,0=57,36,23,3,66,55,12,85,0,61,60,52,0,88,85,95,97,99,18,0,79,23,27,9,68,53,0,90,65,0,17,0,0,0,0,0,1,38,17,66,81
l13,0=0,40,0,0,2,43,24,75,83,43,56,43,57,50,0,95,98,95,2,0,28,38,21,20,32,83,29,92,89,31,38,0,0,0,9,25,31,42,33,59,36
l14,0=41,47,23,0,44,83,27,73,91,1,55,59,97,90,91,0,97,99,73,4,59,51,24,23,71,91,66,82,36,0,0,74,0,0,0,0,0,26,32,46,76
l15,0=1,30,19,0,0,48,30,47,91,55,56,38,96,46,88,93,0,99,93,44,98,51,64,57,78,48,0,61,29,3,21,0,15,0,0,32,1,44,22,69,85
l16,0=0,0,16,0,0,42,25,73,88,58,67,46,97,88,89,94,98,0,65,8,46,51,86,63,56,12,7,90,84,0,4,75,0,0,0,0,0,70,29,24,88
l17,0=0,0,0,0,0,0,31,48,40,12,26,64,40,75,2,80,90,71,0,94,98,64,86,87,92,87,0,0,0,56,69,0,78,75,46,66,55,0,48,63,65
l18,0=0,0,0,0,0,0,64,0,76,5,5,7,15,78,0,11,67,7,97,0,82,75,71,84,93,0,45,0,0,64,77,67,0,6,0,56,62,0,0,49,0
l19,0=0,0,0,0,0,0,52,55,66,0,21,62,79,84,42,38,85,78,95,71,0,78,77,90,92,0,26,0,6,94,86,25,78,81,73,84,63,70,53,73,89
l20,0=0,0,0,0,0,0,6,36,69,27,12,1,3,61,60,72,76,80,86,78,99,0,87,90,77,10,99,7,20,80,70,55,58,0,0,58,29,74,77,83,90
l21,0=0,0,11,0,0,0,15,42,84,17,23,65,69,88,40,63,97,85,95,71,74,79,0,90,74,19,57,3,25,7,79,48,35,33,17,33,65,34,16,83,90
l22,0=0,0,11,0,0,0,35,33,74,50,65,5,41,79,40,67,95,75,89,73,99,79,87,0,84,13,8,26,1,85,68,39,2,63,46,50,77,29,55,81,90
l23,0=0,0,0,0,0,0,24,21,65,44,52,18,46,88,29,60,87,42,96,93,98,77,80,88,0,0,89,38,8,84,86,65,96,59,60,93,89,32,27,77,71
l24,0=78,7,0,25,7,60,0,0,0,0,20,38,90,84,91,83,67,87,0,0,0,3,1,0,17,1,86,0,89,34,70,86,84,11,24,26,93,86,89,0,18
l25,0=79,1,10,3,50,28,0,19,33,21,30,20,53,83,91,48,12,87,0,0,10,19,13,0,1,0,0,92,0,58,57,0,63,51,25,25,60,91,91,9,0
l26,0=0,0,0,0,0,0,0,0,0,0,0,0,0,29,66,0,7,0,45,26,99,57,8,89,86,0,0,78,88,0,95,0,99,98,99,97,100,91,96,0,1
l27,0=0,0,0,0,0,0,0,0,0,0,0,0,0,0,49,0,38,0,51,29,88,46,78,76,84,92,78,92,88,100,0,90,99,98,99,97,100,91,96,26,22
l28,0=0,0,0,0,0,0,0,0,0,0,0,0,0,0,13,0,53,0,91,8,94,49,23,6,92,0,88,90,82,100,95,42,0,98,99,97,100,91,96,21,0
l29,0=0,0,0,0,0,0,0,0,0,0,0,0,0,0,0,0,0,0,81,27,81,8,65,68,69,58,0,9,74,100,95,100,99,0,99,97,99,83,85,28,0
l30,0=0,0,0,0,0,0,0,0,0,0,0,0,0,0,30,0,3,0,51,0,77,0,39,73,73,57,95,75,77,100,95,95,99,98,0,89,91,86,1,0,0
l31,0=0,0,0,0,0,0,0,0,0,0,0,0,0,0,74,0,75,0,67,25,55,48,39,65,86,0,0,90,42,100,95,0,99,98,95,0,100,91,96,19,3
l32,0=0,0,0,0,0,0,0,0,3,0,0,0,0,24,83,0,23,0,32,12,22,30,40,67,83,63,99,92,79,100,95,99,99,98,69,97,0,91,96,0,0
l33,0=0,4,0,0,0,34,0,0,6,0,5,0,47,30,88,31,91,91,0,0,31,37,7,13,27,51,98,92,88,93,95,98,90,64,46,94,100,0,96,0,2
l34,0=0,0,0,0,0,25,0,0,0,0,0,0,20,11,91,74,86,79,43,0,26,53,11,51,63,25,99,92,88,99,95,95,99,92,11,97,100,91,0,9,0
l35,0=0,0,0,0,0,0,0,0,51,13,0,0,57,58,38,43,63,50,67,20,62,70,85,84,60,25,97,2,0,0,44,0,21,25,0,3,0,0,0,0,91
l36,0=0,0,0,0,0,0,1,0,56,0,14,0,64,52,31,30,68,80,24,5,79,78,85,88,36,60,100,16,14,0,19,100,0,0,0,0,0,3,0,84,0
l37,0=0,0,0,0,0,0,0,0,0,0,19,0,45,57,23,29,59,61,63,43,81,77,80,81,86,91,91,31,22,0,23,91,9,0,0,0,0,0,0,83,89
l38,0=0,0,0,0,0,0,0,42,69,28,0,45,25,85,75,91,97,96,62,47,98,78,86,88,80,91,96,55,30,0,8,96,0,0,0,0,7,11,0,84,91
l39,0=0,0,0,0,0,0,0,0,33,0,0,0,40,48,30,40,59,56,75,40,86,78,81,88,51,9,0,0,0,0,52,19,0,0,0,39,0,0,0,83,90
l40,0=0,0,0,0,0,0,0,0,44,0,0,0,3,20,17,35,54,48,70,54,75,72,84,81,54,0,1,0,0,17,19,3,0,13,0,0,0,0,0,83,89

l0,1=0,89,93,95,93,98,89,92,79,92,89,85,9,65,13,0,0,0,0,0,0,0,0,0,0,0,0,76,0,0,0,0,0,0,0,0,0,0,0,0,0
l1,1=94,0,62,93,92,98,90,90,76,88,53,86,45,69,73,58,57,2,0,0,0,0,0,0,0,6,0,38,19,0,0,0,0,0,0,0,0,0,0,0,0
l2,1=98,60,0,95,95,98,91,95,79,92,91,86,68,75,70,0,42,20,0,0,0,0,53,0,0,19,0,1,42,0,0,0,0,0,0,0,0,0,0,0,0
l3,1=98,89,94,0,95,98,58,92,71,91,72,79,53,64,70,35,0,0,0,0,0,0,0,0,0,3,0,89,2,0,0,0,0,0,0,0,0,0,0,0,0
l4,1=62,89,90,95,0,98,20,88,74,81,85,83,0,0,58,0,0,0,0,0,0,0,0,0,0,1,0,85,6,0,0,0,0,0,0,0,0,0,0,0,0
l5,1=98,89,93,86,95,0,66,68,79,92,89,84,46,63,2,45,0,1,0,0,0,0,0,0,0,47,0,15,46,0,0,0,0,0,0,0,0,44,23,0,0
l6,1=87,89,94,92,68,98,0,95,71,92,78,86,68,71,46,60,62,14,46,13,48,43,51,39,0,22,0,3,40,0,0,0,0,0,0,0,0,0,0,0,0
l7,1=94,87,89,78,89,95,91,0,81,92,91,86,78,70,50,71,40,23,13,0,0,59,1,16,13,20,0,2,38,0,0,0,0,0,0,0,0,0,0,1,12
l8,1=81,85,83,33,34,94,57,92,0,92,91,84,36,78,80,72,77,60,9,26,44,37,75,57,48,0,0,54,9,0,0,0,0,0,0,0,0,0,0,37,54
l9,1=94,86,89,90,58,94,91,95,80,0,91,86,78,78,65,72,74,59,0,0,21,50,65,51,0,11,0,0,39,0,0,0,0,0,0,0,0,0,0,0,52
l10,1=79,56,89,39,84,91,85,93,83,92,0,86,78,78,80,72,77,71,26,0,46,46,71,53,49,39,0,45,38,0,0,0,0,0,0,0,0,0,0,3,10
l11,1=90,88,92,56,87,92,90,95,81,92,91,0,75,78,66,66,58,20,20,21,41,52,63,43,27,10,0,45,24,0,0,0,0,0,0,0,0,0,0,0,0
l12,1=29,47,59,14,0,59,48,46,69,67,71,57,0,78,70,73,76,80,21,13,63,70,62,33,26,44,0,55,57,0,0,28,0,0,0,39,0,34,18,43,70
l13,1=6,27,35,3,3,5,5,8,76,37,40,20,37,61,0,71,78,52,2,0,56,73,71,32,45,57,0,89,83,0,20,0,0,5,0,63,45,63,9,6,43
l14,1=2,44,0,2,1,37,40,45,78,73,80,42,79,78,81,0,74,80,8,24,63,71,61,56,47,84,0,60,5,0,0,53,0,0,0,0,2,21,35,43,62
l15,1=0,23,14,0,0,1,39,16,69,53,41,33,77,66,82,60,0,79,46,30,62,81,80,65,48,40,0,35,56,8,0,0,1,0,0,65,46,51,20,44,71
l16,1=0,3,21,0,0,0,32,42,73,56,56,33,79,78,75,73,78,0,36,21,63,74,70,58,47,70,40,57,63,0,39,55,0,0,0,60,1,56,24,41,72
l17,1=0,0,0,0,0,0,30,17,5,2,34,13,48,54,27,47,69,55,0,70,70,76,76,62,65,37,0,6,0,51,49,20,42,57,54,68,40,27,45,73,66
l18,1=0,0,0,0,0,0,17,0,58,0,0,0,53,65,0,53,68,44,82,0,71,76,75,61,61,0,49,0,0,0,56,44,0,14,0,63,47,0,0,74,73
l19,1=0,0,0,0,0,0,14,0,3,2,20,22,50,56,43,44,60,46,76,52,0,81,62,67,67,0,0,0,0,55,59,21,62,53,55,60,48,52,47,68,69
l20,1=0,0,0,0,0,0,10,43,4,9,22,43,54,65,59,49,73,54,74,63,74,0,81,67,59,0,79,24,46,38,34,62,48,1,47,63,35,54,68,79,78
l21,1=0,0,14,0,0,5,40,5,69,46,55,51,56,68,57,26,68,56,80,56,71,83,0,67,58,69,48,0,50,27,55,69,0,41,0,40,53,61,64,81,73
l22,1=0,0,0,0,0,0,12,11,63,13,46,35,36,66,18,51,72,60,71,53,81,82,82,0,58,71,43,0,11,49,38,44,54,47,45,58,39,22,49,78,78
l23,1=0,0,0,0,0,0,6,12,53,1,36,26,32,51,48,44,64,49,86,58,81,76,75,62,0,6,63,0,0,53,62,49,62,54,50,67,48,37,57,75,67
l24,1=48,27,0,28,44,56,0,0,38,31,41,28,40,70,81,69,64,33,0,0,0,37,0,0,0,0,64,0,83,44,84,64,26,33,13,77,76,95,57,0,44
l25,1=0,6,19,3,1,47,22,20,0,11,39,10,44,57,84,40,70,37,0,0,0,69,71,6,0,0,0,90,0,51,51,0,29,40,9,85,68,95,51,0,32
l26,1=0,0,0,0,0,0,0,0,0,0,0,0,0,0,0,0,40,0,49,0,79,48,43,63,64,0,0,45,81,0,87,0,94,93,96,94,92,95,94,0,0
l27,1=0,0,0,0,0,2,0,0,0,0,0,0,0,2,42,0,0,23,27,35,75,35,49,39,64,90,45,86,68,71,0,39,94,93,89,94,92,95,95,30,36
l28,1=0,0,0,0,0,0,0,0,0,0,0,0,0,0,0,0,0,0,22,0,74,53,0,51,63,0,81,71,67,71,87,75,0,93,96,94,76,95,95,0,0
l29,1=0,0,0,0,0,0,0,0,0,0,0,0,0,0,41,0,0,0,51,35,71,3,50,54,52,51,0,26,47,71,87,71,94,0,96,94,92,84,93,7,0
l30,1=0,0,0,0,0,0,0,0,0,0,0,0,0,0,0,0,0,0,34,0,57,51,0,45,17,51,87,21,25,71,80,87,94,93,0,91,81,91,73,0,0
l31,1=0,0,0,0,0,0,0,0,0,0,0,0,28,0,53,0,55,20,44,21,62,69,44,49,64,0,0,39,75,71,87,0,94,93,91,0,92,95,95,16,45
l32,1=0,0,0,0,0,0,0,0,0,0,0,0,0,22,60,11,59,1,12,22,68,49,68,46,51,29,94,90,50,71,87,94,56,93,45,94,0,95,95,0,0
l33,1=0,0,0,0,0,38,0,0,3,0,0,0,37,44,80,5,65,37,0,0,59,67,75,17,38,40,93,90,83,70,87,93,80,51,80,93,85,0,91,0,2
l34,1=0,0,0,0,0,56,0,0,0,0,0,0,24,55,68,48,65,48,9,23,62,79,66,56,46,9,96,90,83,71,87,91,94,82,74,94,92,95,0,0,0
l35,1=0,0,0,0,0,0,0,0,4,0,9,0,58,58,39,43,63,49,68,22,66,73,75,61,55,85,94,0,0,0,18,0,0,15,0,35,0,0,0,0,78
l36,1=0,0,0,0,0,0,0,0,5,9,2,0,57,68,54,53,69,58,73,52,70,81,75,66,57,68,92,40,43,0,2,92,0,0,0,36,0,4,0,83,0
l37,1=0,0,0,0,0,0,0,0,4,1,1,0,50,49,41,41,57,52,62,2,65,76,72,57,55,95,95,0,28,0,0,95,0,0,0,0,0,0,0,78,75
l38,1=0,0,0,0,0,0,4,25,17,10,16,0,59,68,44,53,71,56,62,3,71,81,80,48,58,51,94,11,48,0,0,95,1,0,0,39,0,0,0,83,80
l39,1=0,0,0,0,0,0,0,0,0,0,0,0,45,55,47,3,65,7,46,49,69,76,74,63,53,0,0,0,0,10,30,16,0,32,0,31,0,0,27,78,78
l40,1=0,0,0,0,0,0,0,0,2,0,0,0,43,45,23,7,62,42,71,45,68,76,61,60,51,32,0,0,0,37,7,45,22,0,0,42,0,0,0,74,74

l0,2=0,93,84,93,90,92,84,85,45,63,71,84,0,54,66,7,39,0,0,0,0,0,0,0,0,41,0,71,51,0,0,0,0,0,0,0,0,0,0,0,0
l1,2=95,0,88,90,92,92,88,85,28,63,72,82,35,49,71,57,48,7,0,0,0,0,0,0,0,0,0,78,0,0,0,0,0,0,0,0,0,0,0,0,0
l2,2=85,93,0,93,82,92,93,91,77,74,80,79,36,0,75,30,46,0,0,0,10,0,9,0,0,54,0,62,50,0,0,0,0,0,0,0,0,0,0,0,0
l3,2=94,58,81,0,92,92,86,62,35,65,71,68,10,33,24,54,23,0,0,0,0,0,0,0,0,24,0,66,53,0,0,0,0,0,0,0,0,0,0,0,0
l4,2=94,83,52,93,0,92,85,79,43,61,77,77,8,34,9,11,0,0,0,0,0,0,0,0,0,0,0,74,0,0,0,0,0,0,0,0,0,0,0,0,0
l5,2=94,93,81,93,92,0,90,85,47,31,81,84,35,32,65,54,38,0,0,0,0,0,0,0,0,36,0,85,7,0,0,0,0,0,0,0,0,0,0,0,0
l6,2=75,86,89,90,85,91,0,91,78,79,80,86,56,57,32,65,51,0,16,46,46,0,11,14,25,55,0,33,39,0,0,0,0,0,0,0,0,0,0,0,0
l7,2=83,86,88,33,81,90,93,0,82,82,80,87,61,62,74,70,49,44,19,0,4,24,8,15,26,48,0,13,27,0,0,0,0,0,0,0,0,0,0,0,39
l8,2=74,70,83,57,63,90,78,84,0,77,82,83,46,69,52,70,55,60,0,42,41,22,30,33,23,19,0,36,22,0,0,0,0,0,0,0,0,14,0,41,0
l9,2=62,85,85,70,81,52,93,91,81,0,82,89,60,67,77,70,1,60,43,44,3,15,30,22,0,22,0,50,0,0,0,0,0,0,0,0,0,0,0,21,32
l10,2=57,75,85,64,76,90,88,84,83,82,0,89,56,69,65,70,46,59,0,36,25,25,26,24,37,23,0,67,3,0,0,0,0,0,0,0,0,13,0,21,22
l11,2=82,85,74,43,76,90,93,91,82,82,82,0,59,67,52,53,1,53,0,0,25,9,12,0,0,14,0,42,0,0,0,0,0,0,0,0,0,0,0,0,0
l12,2=0,50,56,31,45,52,65,67,63,74,73,72,0,69,68,71,61,77,39,42,60,26,30,34,23,60,0,47,30,0,0,17,0,0,0,30,41,47,20,57,64
l13,2=21,51,64,0,0,29,33,56,64,63,69,64,62,60,0,65,61,75,15,0,0,26,30,22,0,60,0,90,87,1,40,0,0,0,0,22,66,84,70,35,39
l14,2=31,57,26,55,18,59,68,66,83,79,80,62,69,59,71,0,48,77,43,52,58,28,20,0,37,90,8,57,47,0,0,45,0,0,0,0,12,56,0,54,56
l15,2=12,47,55,0,0,41,56,45,54,0,60,6,56,36,92,46,0,77,60,50,56,32,28,38,33,58,0,51,30,0,38,0,0,1,1,44,40,52,51,55,56
l16,2=0,0,0,0,0,0,0,51,67,48,68,61,69,65,92,71,61,0,42,0,55,28,30,32,36,60,11,52,32,0,0,41,0,0,0,0,0,62,30,59,65
l17,2=0,0,0,0,0,0,37,39,0,44,0,0,31,35,27,43,46,47,0,80,66,29,31,32,55,70,0,0,0,55,46,0,39,0,32,10,10,36,35,55,61
l18,2=0,0,0,0,0,0,56,0,42,37,49,0,29,36,0,40,44,0,75,0,65,28,27,31,49,0,65,0,0,0,7,43,0,14,0,0,0,1,0,40,66
l19,2=0,0,1,0,0,0,49,0,40,10,42,48,32,33,0,42,42,41,68,61,0,30,28,38,55,0,0,3,0,58,51,0,48,59,13,38,17,43,0,62,65
l20,2=0,0,0,0,0,0,0,48,40,32,58,15,35,38,52,51,55,64,66,70,70,0,33,37,48,0,76,0,20,48,43,68,44,47,20,43,0,36,49,65,76
l21,2=0,0,49,0,0,0,49,41,55,52,61,47,36,44,47,41,49,62,67,65,67,32,0,38,43,0,27,38,25,45,43,25,26,40,17,0,40,61,47,64,69
l22,2=0,0,0,0,0,0,40,41,47,34,43,0,37,36,34,1,49,53,64,58,78,32,33,0,42,30,23,0,23,44,50,0,37,60,8,3,8,51,35,64,71
l23,2=0,0,0,0,0,0,50,43,41,11,53,0,26,32,0,43,43,59,75,72,78,30,30,38,0,18,28,0,0,57,55,27,54,44,14,54,0,45,31,64,71
l24,2=69,73,64,55,64,80,50,19,59,62,64,48,45,61,89,58,57,70,0,0,3,0,26,0,0,0,55,0,87,59,78,49,55,41,62,83,84,90,87,12,40
l25,2=41,0,54,24,0,36,55,48,19,22,23,14,60,60,90,58,60,70,0,0,0,0,30,18,0,0,0,90,0,66,76,0,79,57,8,86,83,90,93,0,32
l26,2=0,0,0,0,0,0,0,0,0,0,0,0,0,0,8,0,11,0,65,0,76,27,23,28,55,0,0,42,58,0,88,0,93,95,98,95,91,91,92,0,32
l27,2=0,0,0,0,0,0,0,0,0,0,0,0,0,0,66,1,36,3,43,30,76,22,23,31,49,90,42,85,84,73,0,84,93,95,98,95,91,91,93,41,26
l28,2=0,0,0,0,0,0,0,0,0,0,0,0,0,0,0,0,0,0,45,0,70,24,20,32,52,0,58,52,74,73,88,86,0,95,98,95,90,91,93,45,4
l29,2=0,0,0,0,0,0,0,0,0,0,0,0,0,0,0,0,1,0,0,50,76,29,24,36,48,66,0,42,48,73,88,73,93,0,98,95,91,0,93,17,2
l30,2=0,0,0,0,0,0,0,0,0,0,0,0,0,0,0,0,0,0,47,0,50,23,20,0,30,76,88,64,0,73,88,88,93,95,0,95,88,88,84,0,0
l31,2=0,0,0,0,0,0,0,0,0,0,0,0,17,0,45,0,41,0,43,0,68,25,0,27,49,0,0,84,86,73,88,0,93,95,93,0,91,91,93,23,28
l32,2=0,0,0,0,0,0,0,0,0,0,0,0,31,31,53,26,38,0,35,0,63,0,28,26,0,79,93,84,84,73,88,93,87,95,94,95,0,91,93,0,0
l33,2=0,0,0,0,0,0,0,0,30,0,46,0,45,39,85,50,53,72,39,39,56,25,30,35,33,57,95,89,87,71,84,95,87,0,83,94,91,0,93,1,0
l34,2=0,0,0,0,0,0,0,0,0,1,44,0,31,38,79,0,60,43,43,12,0,28,30,28,26,8,98,87,87,73,88,93,91,88,84,95,91,91,0,47,4
l35,2=0,0,0,0,0,0,0,0,33,22,31,0,32,31,34,41,26,57,48,33,59,28,31,32,41,86,95,5,0,0,32,0,26,1,0,2,0,0,23,0,75
l36,2=0,0,0,0,0,0,0,44,0,29,14,0,34,33,42,46,44,58,35,51,60,31,29,36,44,83,91,25,23,23,23,91,0,0,0,4,0,13,0,66,0
l37,2=0,0,0,0,0,0,0,0,15,12,0,0,27,0,25,43,25,30,53,0,53,28,27,31,40,90,91,0,0,0,0,91,0,0,0,0,0,0,0,65,74
l38,2=0,0,0,0,0,0,14,0,43,32,37,50,52,48,55,58,59,62,55,37,65,31,30,37,38,93,92,35,26,0,0,93,0,0,0,4,2,31,0,68,74
l39,2=0,0,0,0,0,0,0,0,0,0,0,0,28,28,38,41,42,49,0,48,61,30,27,36,36,0,0,0,0,46,30,23,0,0,13,3,0,0,1,65,75
l40,2=0,0,0,0,0,0,0,0,0,0,0,0,30,4,0,42,22,41,59,35,59,28,26,31,42,32,32,0,0,2,0,28,0,0,0,3,0,0,0,64,69

l0,3=0,96,97,93,58,90,56,91,57,84,71,77,68,45,24,0,68,0,0,0,0,0,0,0,0,0,0,59,6,0,0,0,0,0,0,0,0,0,0,0,0
l1,3=91,0,97,92,95,90,84,89,83,86,75,70,30,59,34,73,65,53,0,0,0,54,0,0,0,68,0,57,50,0,0,0,0,0,0,0,2,0,0,0,0
l2,3=81,94,0,87,90,85,86,94,83,93,76,75,69,50,38,1,68,0,0,0,0,0,0,0,0,55,0,52,48,0,0,0,0,0,0,0,0,0,0,0,0
l3,3=91,93,97,0,95,90,45,81,67,87,73,66,0,61,26,43,9,3,0,0,0,0,0,0,0,0,0,9,0,0,0,0,0,0,0,0,0,0,0,0,0
l4,3=91,96,97,93,0,90,46,91,51,92,71,66,35,56,25,66,0,0,0,0,0,0,0,0,0,63,0,60,52,0,0,0,0,0,0,0,0,29,0,0,0
l5,3=87,96,95,93,94,0,45,92,83,86,79,77,67,18,28,76,40,0,0,0,0,0,0,0,0,74,0,62,55,0,0,0,0,0,0,0,0,0,0,0,0
l6,3=80,90,95,86,89,85,0,94,81,93,74,75,79,64,32,90,79,53,0,66,61,40,49,67,29,11,0,46,12,0,0,0,0,0,0,0,0,0,0,0,49
l7,3=80,90,95,73,84,85,81,0,82,93,75,75,74,78,37,85,76,55,22,0,66,80,68,58,23,59,0,51,49,0,0,0,0,0,0,0,0,0,0,0,0
l8,3=17,88,88,73,56,81,72,89,0,89,82,75,74,82,69,87,76,81,70,50,76,66,71,83,66,62,0,10,55,0,0,0,0,0,0,0,0,0,0,4,34
l9,3=64,89,95,75,82,81,83,94,81,0,82,75,75,80,44,84,77,78,40,52,63,72,69,74,23,67,0,69,32,0,0,0,0,0,0,0,0,0,0,0,56
l10,3=47,64,89,59,65,82,74,91,84,93,0,76,74,81,52,83,54,71,20,54,54,73,62,76,59,58,0,49,41,0,0,0,0,0,0,0,0,41,25,27,45
l11,3=80,90,95,56,82,85,82,94,84,93,81,0,75,79,71,75,60,62,36,10,74,66,57,0,0,0,0,5,0,0,0,0,0,0,0,0,0,0,0,0,0
l12,3=53,26,69,0,52,71,81,81,84,93,77,69,0,82,91,94,80,96,70,63,71,71,71,87,52,82,0,38,49,0,0,0,0,0,0,0,72,50,0,60,59
l13,3=49,78,70,17,54,60,55,65,51,83,62,68,92,82,0,75,88,96,51,0,66,81,71,78,55,76,0,85,80,0,74,0,0,1,0,80,84,84,62,53,58
l14,3=0,70,0,0,50,71,80,90,84,92,73,58,92,82,72,0,84,91,69,64,78,88,60,64,0,100,0,73,50,0,0,87,0,0,0,0,0,61,57,52,60
l15,3=39,56,49,36,0,46,76,76,62,80,50,56,86,77,100,93,0,96,80,75,68,96,88,94,69,79,0,68,51,0,53,0,1,11,36,65,53,59,65,45,65
l16,3=0,65,0,0,16,0,61,60,64,87,67,55,92,82,100,94,88,0,75,67,78,93,75,78,62,81,0,69,57,5,2,70,0,0,0,75,21,65,58,60,69
l17,3=0,0,0,0,0,0,2,30,50,40,20,33,63,75,47,65,83,71,0,93,85,68,88,84,93,84,11,0,0,89,65,54,16,70,77,78,0,0,0,68,74
l18,3=0,0,0,0,0,0,54,0,36,56,38,0,56,74,0,64,83,65,96,0,81,88,86,87,90,0,95,0,0,0,48,80,64,0,49,0,0,3,0,59,73
l19,3=0,0,0,0,0,0,35,28,44,38,26,52,55,68,47,66,66,62,93,78,0,88,88,95,94,0,2,30,0,66,77,0,70,84,57,78,43,30,50,64,71
l20,3=0,6,0,0,0,0,39,46,44,56,45,48,53,73,75,83,86,87,65,81,83,0,90,95,89,0,82,40,0,67,45,82,62,72,20,72,71,42,73,68,77
l21,3=0,0,0,0,0,0,44,44,58,61,42,47,66,74,76,59,83,84,93,67,84,96,0,94,86,0,89,3,0,50,58,68,55,52,52,71,66,44,67,52,77
l22,3=0,0,0,0,0,0,49,25,55,55,47,0,81,75,78,39,86,64,91,76,88,96,89,0,87,0,80,15,35,49,67,60,61,83,7,78,33,44,59,68,77
l23,3=0,0,0,0,0,0,45,23,46,40,47,0,41,57,70,15,78,80,96,89,88,91,86,91,0,69,67,1,0,88,78,72,82,79,54,81,76,37,52,66,72
l24,3=48,80,55,0,57,82,26,52,0,76,50,0,57,75,100,80,85,89,0,0,61,66,0,38,0,0,90,0,85,74,85,78,4,67,48,87,90,92,89,42,52
l25,3=0,68,55,0,63,74,11,59,62,67,58,0,82,76,100,79,81,84,0,0,0,0,0,69,0,0,0,90,0,83,90,0,26,83,57,96,94,92,95,5,47
l26,3=0,0,0,0,0,0,0,0,0,0,0,0,0,0,0,0,0,11,95,2,82,89,80,67,90,0,0,81,77,0,100,0,98,100,100,97,98,85,100,25,0
l27,3=0,0,0,0,0,0,0,0,0,0,0,0,0,37,87,0,72,0,82,50,86,65,77,82,93,90,81,89,85,97,0,89,98,100,100,97,98,93,100,49,0
l28,3=0,0,0,0,0,0,0,0,0,0,0,0,0,0,0,0,28,0,48,69,84,81,66,83,93,0,77,0,18,97,100,84,0,100,100,97,98,93,100,43,57
l29,3=0,0,0,0,0,0,0,0,0,0,0,0,0,0,1,0,35,0,85,15,88,87,52,94,89,83,0,81,76,97,100,97,98,0,99,97,98,92,100,0,0
l30,3=0,0,0,0,0,0,0,0,0,0,0,0,0,0,0,0,61,0,80,21,74,26,59,0,21,90,100,61,70,97,100,100,98,100,0,97,98,93,95,0,0
l31,3=0,0,0,0,0,0,0,0,0,0,0,0,0,0,87,0,70,54,80,0,82,68,60,72,78,0,0,89,84,97,100,0,98,100,97,0,98,93,100,0,0
l32,3=0,0,0,0,0,0,0,0,0,0,0,0,74,0,92,0,67,0,0,16,70,85,73,56,77,26,98,89,85,97,100,98,98,100,100,97,0,93,100,0,0
l33,3=0,0,0,0,54,0,0,0,0,0,50,0,68,71,95,81,85,89,0,11,68,78,74,83,54,83,100,90,85,86,99,100,93,94,74,97,98,0,100,26,30
l34,3=0,0,0,0,0,0,0,0,0,0,49,0,52,58,67,67,79,66,0,0,74,94,80,78,70,57,100,89,85,97,100,97,98,100,77,97,98,93,0,48,3
l35,3=0,0,0,0,0,0,0,0,0,0,16,0,62,63,46,52,58,69,68,48,62,81,46,82,49,96,97,24,0,4,32,0,22,0,0,0,0,11,13,0,76
l36,3=0,0,0,0,0,0,38,0,0,51,26,0,51,68,60,59,69,77,75,61,65,77,81,84,53,94,98,39,23,0,0,98,37,0,0,0,0,13,0,70,0
l37,3=0,0,0,0,0,0,0,0,0,0,0,0,59,0,14,45,68,47,75,34,31,82,78,83,75,92,85,0,0,22,12,93,0,0,0,0,0,0,0,70,77
l38,3=0,0,0,0,0,0,0,0,0,13,43,55,67,74,88,80,80,77,61,0,79,91,88,88,39,95,100,43,34,42,0,100,0,0,0,15,0,0,0,70,77
l39,3=0,0,0,0,0,0,0,0,11,0,0,1,40,54,0,56,66,67,64,68,52,87,83,85,58,5,25,0,0,40,28,0,32,0,47,43,0,0,18,68,77
l40,3=0,0,0,0,0,0,0,0,3,0,0,0,45,47,55,40,66,53,80,53,67,79,77,83,77,47,0,0,0,55,46,0,0,0,0,60,1,0,0,69,74

l0,4=0,99,91,97,74,94,72,59,87,84,61,74,87,79,41,23,6,0,0,0,0,0,0,0,0,48,0,2,42,0,0,0,0,0,0,0,0,0,0,0,0
l1,4=92,0,93,97,96,95,88,62,85,84,63,88,22,76,66,0,0,0,0,0,0,53,0,0,0,0,0,0,0,0,0,0,0,0,0,0,0,27,0,0,0
l2,4=86,99,0,95,87,86,88,89,87,84,87,88,28,78,68,22,7,0,0,0,0,0,0,0,0,62,0,0,49,0,0,0,0,0,0,0,0,0,0,0,0
l3,4=93,99,90,0,97,95,68,45,84,84,59,70,50,79,5,6,6,0,0,0,0,0,0,0,0,88,0,78,52,0,0,0,0,0,0,0,0,0,0,0,0
l4,4=93,99,72,97,0,92,68,58,88,84,60,72,0,79,0,22,0,0,0,0,0,0,0,0,0,91,0,85,52,0,0,0,0,0,0,0,0,0,0,0,0
l5,4=92,99,67,97,95,0,68,59,88,84,64,69,19,75,57,19,7,6,0,0,0,0,0,0,0,0,0,88,0,0,0,0,0,0,0,0,0,37,0,0,0
l6,4=84,98,91,89,83,86,0,89,78,84,85,88,89,78,53,26,29,30,12,0,70,71,41,45,36,0,0,0,0,0,0,0,0,0,0,0,0,0,0,0,36
l7,4=78,96,89,81,72,82,87,0,86,84,85,87,84,81,70,26,7,36,2,0,70,74,74,0,50,2,0,75,28,0,0,0,0,0,0,0,0,0,0,0,0
l8,4=66,89,80,72,72,81,68,83,0,68,93,83,86,81,67,27,30,37,35,36,69,72,74,64,37,86,0,18,42,0,0,0,0,0,0,0,0,0,0,0,44
l9,4=70,97,89,78,76,84,87,89,81,0,93,88,80,81,5,25,33,36,0,41,76,74,74,47,50,81,0,77,47,0,0,0,0,0,0,0,0,0,0,0,33
l10,4=70,89,89,76,73,85,88,87,88,84,0,92,90,82,75,25,32,41,0,60,68,78,75,68,72,77,0,55,40,0,0,0,0,0,0,0,0,0,0,52,45
l11,4=84,98,89,83,79,82,87,89,88,84,85,0,89,76,74,25,23,39,37,0,72,74,77,44,49,0,0,0,0,0,0,0,0,0,0,0,0,0,0,0,37
l12,4=59,59,63,62,34,40,69,77,85,71,78,74,0,82,89,74,37,78,63,0,71,71,77,64,68,83,0,76,59,0,0,0,0,0,0,0,49,54,64,73,55
l13,4=54,63,72,24,0,57,51,73,71,30,79,76,90,81,0,72,88,93,42,0,0,75,84,75,29,80,0,99,96,0,75,0,0,0,0,70,64,77,81,75,80
l14,4=52,0,59,0,55,50,66,78,85,73,64,71,90,82,80,0,59,36,0,55,58,78,75,53,53,89,0,76,56,0,0,76,0,0,0,0,17,58,61,54,46
l15,4=7,49,50,51,0,48,65,50,62,72,58,49,84,76,87,65,0,92,75,77,78,83,90,82,79,72,0,85,74,31,55,0,47,0,1,51,42,71,62,74,81
l16,4=18,0,0,0,0,43,50,62,81,64,82,73,90,82,87,60,88,0,70,59,58,83,78,63,76,84,48,79,67,0,42,78,1,0,0,52,48,56,62,70,71
l17,4=0,0,0,0,0,0,19,0,46,0,0,43,59,70,37,0,75,60,0,93,84,80,89,79,95,89,0,0,0,76,68,64,0,53,53,57,36,0,53,77,85
l18,4=0,0,0,0,0,0,0,0,21,44,57,0,0,66,0,44,78,60,96,0,85,80,86,80,93,0,91,0,0,0,0,88,58,0,0,51,0,0,0,0,73
l19,4=0,0,0,0,0,0,39,37,46,44,46,43,51,51,0,28,63,28,84,63,0,87,93,91,95,0,0,0,0,39,77,54,56,67,43,53,27,40,52,49,66
l20,4=0,4,0,0,0,0,37,51,55,44,64,41,57,62,58,52,86,77,82,56,91,0,95,91,78,0,86,50,0,43,27,90,57,53,43,46,59,30,61,73,87
l21,4=0,0,0,0,0,0,27,45,69,49,55,45,70,66,68,53,74,69,80,71,86,84,0,84,75,0,79,49,45,35,53,77,46,50,28,45,58,42,71,69,78
l22,4=0,0,0,0,0,0,40,0,58,45,63,43,62,58,62,41,81,54,73,57,92,89,93,0,85,68,72,14,0,54,66,76,57,55,49,50,52,56,55,56,88
l23,4=0,0,0,0,0,0,36,39,46,50,59,49,63,55,43,35,77,68,96,87,92,82,88,84,0,0,87,19,47,56,72,74,69,71,51,59,56,47,49,70,56
l24,4=26,0,0,13,57,82,0,63,0,58,0,0,85,81,89,71,83,88,0,0,0,62,60,0,0,41,91,0,96,67,62,81,61,51,15,80,82,100,99,0,34
l25,4=48,0,62,88,91,0,0,2,86,81,77,0,83,80,89,72,84,89,0,0,0,0,68,0,41,0,0,99,0,65,100,0,84,79,92,84,91,100,100,0,43
l26,4=0,0,0,0,0,0,0,0,0,0,0,0,0,0,0,0,48,0,91,0,86,79,72,87,91,0,0,88,74,0,100,0,100,84,100,90,91,98,100,29,74
l27,4=0,0,0,0,0,0,0,0,0,0,0,0,0,31,74,0,68,9,85,0,91,45,72,88,94,99,88,76,95,92,0,96,100,84,99,90,91,100,100,63,0
l28,4=0,0,0,0,0,0,0,0,0,0,0,0,0,0,0,0,75,23,0,79,90,88,79,85,95,0,74,82,90,92,100,79,0,84,100,90,91,100,100,0,77
l29,4=0,0,0,0,0,0,0,0,0,0,0,0,0,0,0,0,0,0,68,0,91,79,76,83,95,65,0,76,80,92,100,92,100,0,100,90,91,99,100,0,0
l30,4=0,0,0,0,0,0,0,0,0,0,0,0,0,0,0,0,0,0,91,0,88,77,20,82,77,100,100,1,80,92,100,100,100,84,0,90,91,100,90,0,0
l31,4=0,0,0,0,0,0,0,0,0,0,0,0,0,0,76,0,78,64,88,54,90,77,76,74,81,0,0,96,79,92,100,0,100,84,100,0,91,100,100,51,0
l32,4=0,0,0,0,0,0,0,0,0,0,0,0,74,0,89,8,71,71,75,0,71,89,90,84,91,84,100,99,96,92,100,100,100,84,100,90,0,100,100,0,73
l33,4=0,0,0,0,3,59,0,0,0,0,0,0,77,75,89,68,88,80,0,0,83,71,88,89,84,79,84,99,96,91,100,84,99,84,100,90,91,0,100,0,37
l34,4=7,0,0,0,0,10,0,0,5,0,0,0,79,51,89,55,87,68,72,1,89,89,95,77,59,92,100,99,96,92,100,100,100,84,96,90,91,100,0,0,0
l35,4=0,0,0,0,0,0,0,0,0,0,36,0,57,53,55,11,51,53,62,0,56,79,62,47,63,84,90,0,0,0,51,0,0,0,0,24,0,0,0,0,89
l36,4=0,0,0,0,0,0,28,0,49,34,44,34,64,57,60,48,61,68,74,36,68,70,74,69,46,91,91,45,43,31,0,91,38,0,0,0,25,27,0,74,0
l37,4=0,0,0,0,0,0,0,0,0,0,0,0,71,40,0,31,65,52,68,44,58,79,81,68,75,100,98,0,0,0,0,100,0,0,0,0,0,0,41,84,87
l38,4=0,0,0,0,0,0,0,31,45,0,49,45,65,56,72,52,61,56,52,42,71,81,75,81,50,100,100,49,50,41,0,100,0,0,0,38,29,0,48,83,87
l39,4=0,0,0,0,0,0,0,0,41,0,0,0,57,39,54,41,56,52,73,51,70,70,75,67,65,0,29,0,0,27,0,51,50,28,0,45,0,0,0,74,78
l40,4=0,0,0,0,0,0,0,0,23,0,0,0,46,0,48,2,50,49,70,39,63,61,70,72,64,43,74,20,0,38,55,0,0,35,0,0,5,0,0,83,88

l0,5=0,95,54,97,80,89,91,85,91,53,80,83,1,9,28,25,0,0,0,0,0,0,0,0,0,2,0,4,16,0,0,0,0,0,0,0,0,0,0,0,0
l1,5=95,0,91,97,76,88,92,84,90,80,85,88,1,8,20,19,32,0,0,0,0,0,0,0,0,1,0,15,43,0,0,0,0,0,0,0,0,18,0,0,0
l2,5=95,95,0,94,77,25,92,81,51,87,90,89,32,19,3,21,37,0,0,0,0,14,0,0,0,45,0,12,48,0,0,0,0,0,0,0,0,0,0,0,0
l3,5=95,96,54,0,82,89,92,85,10,52,51,75,0,20,21,16,0,0,0,0,0,0,0,0,0,18,0,14,52,0,10,0,0,0,0,0,0,0,0,0,0
l4,5=95,96,16,97,0,89,92,79,75,52,80,81,0,36,69,58,35,0,0,0,0,0,0,0,0,16,0,18,52,0,0,0,0,0,0,0,0,0,0,0,0
l5,5=95,88,11,94,81,0,77,84,91,53,71,83,46,37,57,53,19,14,0,0,0,0,0,0,0,26,0,19,51,0,0,3,0,0,0,2,0,43,0,0,0
l6,5=95,96,91,90,76,73,0,86,81,89,91,89,71,66,44,59,78,40,0,36,57,34,39,53,20,0,0,16,0,0,0,0,0,0,0,0,0,0,0,0,1
l7,5=89,84,79,40,40,83,91,0,90,85,89,89,71,64,9,72,0,34,3,0,0,19,29,29,12,8,0,9,32,0,0,0,0,0,0,0,0,0,0,0,18
l8,5=81,81,57,25,36,65,79,77,0,49,90,85,82,69,24,28,77,75,14,19,53,41,30,35,29,13,0,28,40,0,0,0,0,0,0,0,0,0,11,55,67
l9,5=85,82,76,59,63,79,92,85,81,0,91,89,65,64,26,66,64,71,0,0,51,36,25,22,28,21,0,26,45,0,0,0,0,0,0,0,0,0,0,0,0
l10,5=85,83,88,25,39,47,92,85,91,89,0,89,82,69,26,26,77,75,10,18,2,42,29,37,37,19,0,34,10,0,0,0,0,0,0,0,0,0,0,36,66
l11,5=85,84,80,45,63,80,91,84,91,89,91,0,77,38,74,66,76,50,14,0,47,36,47,48,35,18,0,15,43,0,0,0,0,0,0,0,0,0,0,4,42
l12,5=8,29,22,0,0,11,54,44,87,18,87,83,0,68,92,77,86,88,9,8,30,42,28,23,18,37,0,47,34,0,9,1,0,0,0,5,39,46,25,25,79
l13,5=22,40,0,16,17,31,36,0,15,22,47,72,86,30,0,32,88,81,3,0,26,47,35,43,0,25,0,75,71,0,0,0,0,0,0,39,72,71,61,38,49
l14,5=13,51,30,0,4,23,35,76,23,25,44,58,88,67,50,0,59,85,10,11,47,36,49,37,0,93,0,68,27,0,0,51,0,0,0,0,0,19,22,48,74
l15,5=0,32,1,0,3,10,67,0,23,16,41,34,74,44,89,12,0,88,34,20,61,74,66,79,56,29,0,51,50,43,0,0,10,2,0,39,63,59,0,0,79
l16,5=0,0,0,0,0,14,54,32,28,18,49,64,83,67,89,73,86,0,13,6,53,77,53,36,44,86,36,56,67,0,20,42,0,0,0,29,49,34,48,65,78
l17,5=0,0,0,0,0,0,0,0,22,0,23,27,22,52,19,27,74,45,0,89,86,74,71,79,78,87,0,0,0,60,62,33,22,56,38,69,16,18,39,57,79
l18,5=0,0,0,0,0,0,32,0,23,0,26,0,48,35,0,22,64,19,81,0,73,69,70,77,77,0,55,0,0,27,0,42,15,0,0,18,0,0,0,52,34
l19,5=0,0,0,0,0,0,43,0,25,32,3,30,26,42,32,22,73,42,72,34,0,80,73,85,78,0,9,16,0,25,59,9,14,61,26,35,33,28,28,43,80
l20,5=0,0,4,0,0,0,18,17,30,8,63,37,60,53,58,21,77,75,60,44,89,0,75,87,72,1,58,7,0,22,26,23,47,5,6,12,64,25,60,73,78
l21,5=0,0,0,0,0,7,35,32,50,8,48,39,37,38,38,57,75,63,64,59,89,79,0,78,73,0,48,0,20,22,24,20,18,2,0,26,52,29,20,48,78
l22,5=0,0,0,0,0,0,32,18,36,19,65,29,47,52,50,54,75,33,64,57,89,81,71,0,72,32,47,2,9,54,45,51,25,22,26,32,38,17,33,0,84
l23,5=0,0,0,0,0,0,27,19,22,31,32,32,29,27,0,0,75,66,80,72,89,77,71,76,0,20,71,7,7,45,48,63,48,51,2,34,0,24,35,70,38
l24,5=30,25,24,21,4,34,0,10,13,16,40,11,23,10,52,33,51,46,0,0,11,20,0,0,0,8,65,0,71,58,61,55,20,5,15,44,80,89,71,0,0
l25,5=2,1,45,18,16,26,0,8,13,21,19,18,37,25,93,29,86,87,0,0,1,0,32,20,8,0,0,93,0,60,62,0,23,11,19,43,82,89,74,26,28
l26,5=0,0,0,0,0,0,0,0,0,0,0,0,0,0,0,0,36,0,55,9,58,48,47,71,65,0,0,51,35,0,85,0,85,80,83,90,80,58,79,25,46
l27,5=0,0,0,0,0,0,0,0,0,0,0,0,0,0,0,0,0,3,21,0,61,15,15,63,54,93,51,46,39,78,0,57,85,78,82,90,80,80,80,22,26
l28,5=0,0,0,0,0,0,0,0,0,0,0,0,0,0,2,0,33,0,20,7,13,65,51,63,68,0,35,63,40,78,85,35,0,85,91,90,81,76,81,37,7
l29,5=0,0,0,0,0,0,0,0,0,0,0,0,0,0,0,0,40,0,48,0,76,57,45,57,70,60,0,48,37,78,85,78,85,0,91,90,80,78,78,0,0
l30,5=0,0,0,0,0,0,0,0,0,0,0,0,0,0,0,0,0,0,50,0,64,57,0,69,0,62,85,57,39,78,84,85,85,81,0,89,67,64,65,0,0
l31,5=0,0,0,0,0,3,0,0,0,0,0,0,1,0,51,0,42,33,42,9,23,20,51,63,55,0,0,57,35,78,85,0,73,71,77,0,87,75,81,0,0
l32,5=0,0,0,0,0,0,0,0,0,0,0,0,12,0,27,0,43,35,2,0,17,66,45,39,0,23,85,87,63,78,84,73,54,48,19,90,0,92,86,0,2
l33,5=0,30,0,0,0,5,0,0,0,0,0,0,12,7,40,14,47,15,9,0,17,33,35,32,37,11,80,92,63,68,85,71,31,29,60,90,87,0,86,0,0
l34,5=0,0,0,0,0,14,0,0,8,0,0,0,13,8,64,24,16,37,15,0,18,61,36,42,43,19,83,87,63,78,84,77,76,28,51,90,87,92,0,1,0
l35,5=0,0,0,0,0,0,0,0,17,0,27,0,23,21,5,26,0,32,31,33,41,69,17,0,48,43,90,0,7,3,17,0,12,0,0,0,0,0,0,0,0
l36,5=0,0,0,0,0,0,0,0,7,0,17,19,61,39,5,59,72,52,50,4,71,73,63,77,5,82,80,3,9,12,18,87,0,0,0,0,0,0,0,35,0
l37,5=0,0,0,0,0,0,0,0,0,0,8,0,35,12,10,5,54,28,14,8,35,71,67,51,37,89,58,0,0,3,21,75,0,0,0,5,0,0,0,78,82
l38,5=0,0,0,0,0,0,5,17,5,10,49,10,65,33,66,64,75,68,8,11,81,74,69,77,39,74,79,0,18,18,0,81,0,0,0,9,20,22,8,79,84
l39,5=0,0,0,0,0,0,0,0,6,0,0,0,29,0,27,23,69,30,44,14,81,74,68,76,70,26,25,0,0,0,21,0,21,17,0,15,0,16,0,79,84
l40,5=0,0,0,0,0,0,0,0,17,0,0,0,0,0,0,19,39,29,30,24,76,24,64,77,66,28,46,0,0,21,21,0,22,3,5,29,28,0,0,78,83

l0,6=0,88,81,93,83,89,78,56,65,87,75,76,43,48,39,40,28,0,0,0,0,0,0,0,0,0,0,18,0,0,0,0,0,0,0,0,0,0,0,0,0
l1,6=92,0,82,91,81,90,63,80,49,85,76,74,3,53,2,64,59,1,0,0,0,0,0,0,0,4,0,59,7,0,0,0,0,0,0,0,0,0,0,0,0
l2,6=92,87,0,91,45,87,81,87,48,87,77,81,7,70,24,37,34,0,0,0,0,0,39,0,0,0,0,0,0,0,0,0,0,0,0,0,0,0,0,0,0
l3,6=94,88,82,0,83,90,60,59,61,86,66,51,7,70,33,56,0,0,0,0,0,0,0,0,0,18,0,53,0,0,0,0,0,0,0,0,0,0,0,0,0
l4,6=57,75,76,93,0,78,59,48,47,90,76,49,17,71,7,26,38,0,0,0,0,0,0,0,0,42,0,64,20,0,0,0,0,0,0,0,0,0,0,0,0
l5,6=56,88,79,93,50,0,64,57,67,89,43,52,51,72,30,42,4,29,0,0,0,0,1,0,0,57,0,18,21,0,0,3,0,0,0,0,1,5,0,0,0
l6,6=85,65,85,76,77,87,0,93,61,92,78,79,63,79,31,56,62,1,31,22,28,39,63,42,53,0,0,0,4,0,0,0,0,0,0,0,0,0,0,0,4
l7,6=83,78,71,77,43,85,80,0,79,92,77,81,65,77,21,82,32,50,0,9,7,42,55,13,25,0,0,41,0,0,0,0,0,0,0,0,0,0,0,3,0
l8,6=35,29,24,46,62,84,32,73,0,85,76,78,70,87,40,74,49,68,46,8,25,53,70,44,20,54,0,33,15,0,0,0,0,0,0,0,0,6,20,4,36
l9,6=78,74,68,74,74,84,76,84,79,0,79,78,64,83,56,82,50,41,40,4,32,59,49,19,43,23,0,41,16,0,0,0,0,0,0,0,0,0,0,0,0
l10,6=41,79,79,9,74,20,79,87,82,92,0,82,70,82,32,83,58,63,0,0,15,51,58,40,11,18,0,39,11,0,0,0,0,0,0,0,0,0,0,10,15
l11,6=81,71,72,80,71,85,81,93,81,92,79,0,70,78,61,79,67,50,31,0,29,56,55,17,45,26,0,34,9,0,0,0,0,0,0,0,0,0,0,4,15
l12,6=7,0,1,0,30,43,38,70,79,33,50,50,0,82,77,87,74,68,31,21,17,43,62,0,37,42,0,63,22,0,4,29,0,0,0,22,6,20,43,10,36
l13,6=7,13,10,20,43,58,11,29,39,19,5,15,69,68,0,49,66,74,0,0,17,53,56,33,25,63,0,72,43,0,0,9,22,2,0,55,22,62,44,8,10
l14,6=8,28,36,37,22,37,25,71,72,80,68,62,73,76,72,0,68,69,54,17,28,48,67,39,40,77,0,61,24,0,0,39,0,0,0,6,4,1,6,23,51
l15,6=15,15,21,0,29,0,30,32,50,29,31,43,51,62,73,63,0,74,55,28,34,65,73,58,64,43,0,51,31,15,4,1,24,0,2,50,38,47,37,37,65
l16,6=0,0,0,0,0,49,12,48,65,44,38,49,65,73,78,83,74,0,51,28,25,74,69,32,59,53,41,55,33,0,9,33,0,0,0,51,30,38,44,38,46
l17,6=0,0,0,0,0,0,17,4,23,28,2,14,21,52,0,32,60,41,0,73,72,73,78,65,84,62,0,0,2,61,39,37,21,19,12,59,22,16,22,63,25
l18,6=0,0,0,0,0,0,19,0,2,0,0,0,26,52,0,20,59,38,77,0,59,67,70,52,84,2,62,0,0,18,32,57,0,0,0,27,11,0,0,50,21
l19,6=0,0,0,0,0,0,12,0,23,23,17,18,19,45,26,24,59,21,68,37,0,73,79,73,83,0,24,1,5,0,65,17,16,40,16,45,11,15,26,55,35
l20,6=0,0,0,0,0,0,10,21,41,44,38,19,36,52,54,44,61,65,65,42,73,0,82,75,73,7,0,31,7,15,35,47,50,8,4,43,18,31,27,61,67
l21,6=0,0,9,0,0,14,23,22,47,15,17,28,21,11,17,60,64,64,64,39,74,77,0,75,76,35,37,25,4,9,32,61,33,9,0,27,4,17,22,61,60
l22,6=0,0,0,0,0,0,21,14,38,18,27,20,15,52,37,41,64,22,58,23,74,77,82,0,71,46,36,0,0,28,39,64,16,8,27,22,15,19,25,55,71
l23,6=0,0,0,0,0,0,20,17,15,22,11,19,23,41,19,32,64,57,75,57,74,73,78,66,0,0,50,1,0,57,33,39,41,37,14,64,18,17,25,64,36
l24,6=7,14,0,19,38,9,0,25,33,11,3,6,57,60,44,31,30,36,0,0,0,39,53,0,0,0,67,0,35,11,25,71,27,38,34,61,58,74,59,0,0
l25,6=0,4,0,18,42,57,0,0,54,23,18,26,42,63,77,43,53,62,2,0,7,35,46,0,0,0,0,79,0,34,42,0,38,36,46,55,45,72,50,30,0
l26,6=0,0,0,0,0,0,0,0,0,0,0,0,0,0,0,0,41,0,62,24,0,37,36,50,67,0,0,54,34,0,80,0,83,69,71,79,60,60,54,5,23
l27,6=0,0,0,0,0,0,0,0,0,0,0,0,21,14,5,1,31,26,46,19,54,62,64,47,53,79,54,62,37,80,0,62,80,59,68,80,53,68,62,29,20
l28,6=0,0,0,0,0,0,0,0,0,0,0,0,0,0,21,0,26,0,53,0,49,64,68,47,66,0,34,49,23,80,79,33,0,80,80,77,59,64,57,16,0
l29,6=0,0,0,0,0,0,0,0,0,0,0,0,0,0,0,0,3,0,60,0,54,61,66,47,73,34,0,61,35,79,75,79,83,0,70,73,58,64,53,14,0
l30,6=0,0,0,0,0,0,0,0,0,0,0,0,0,0,0,0,0,0,0,0,45,3,0,44,62,42,80,18,31,80,76,79,83,64,0,75,46,57,54,0,0
l31,6=0,0,0,0,0,3,0,0,0,0,0,0,29,9,39,1,33,37,57,17,47,61,64,39,71,0,0,62,33,79,79,0,79,51,67,0,65,69,66,37,28
l32,6=0,0,0,0,0,40,0,0,0,0,0,0,0,21,0,4,32,30,28,3,14,49,7,35,44,38,83,63,37,80,59,79,75,58,54,80,0,82,74,4,7
l33,6=0,0,0,0,0,30,0,0,0,0,0,3,5,58,45,1,30,0,16,0,11,44,58,36,41,36,69,75,44,42,79,51,60,47,64,80,74,0,70,0,9
l34,6=0,0,0,0,0,0,0,0,36,0,0,0,41,53,24,23,29,38,32,0,44,52,63,43,43,46,71,68,42,75,79,67,73,45,69,80,82,72,0,19,0
l35,6=0,0,0,0,0,0,0,0,12,0,1,0,14,4,22,18,25,0,27,14,25,62,45,34,57,55,79,0,8,0,6,0,0,1,0,10,0,0,0,0,77
l36,6=0,0,0,0,0,0,0,0,19,5,5,0,38,32,29,52,67,56,12,0,14,71,60,70,28,45,60,1,0,8,6,65,0,0,0,9,1,4,0,74,0
l37,6=0,0,0,0,0,0,0,0,0,0,0,0,29,0,24,3,42,3,9,11,36,57,63,25,22,72,60,0,0,0,17,69,0,0,0,1,0,0,0,73,76
l38,6=0,0,0,0,0,2,0,0,10,4,23,5,43,47,17,63,61,66,45,14,52,73,76,69,30,50,54,6,6,0,0,66,0,0,0,11,0,17,17,70,74
l39,6=0,0,0,0,0,0,0,0,17,0,0,0,16,1,22,11,64,27,0,0,62,66,71,68,66,30,5,0,0,15,19,37,13,6,5,17,0,15,0,70,76
l40,6=0,0,0,0,0,0,0,0,10,0,2,0,20,7,0,5,21,11,26,21,43,0,67,66,47,0,23,0,0,17,14,28,14,0,12,17,0,0,0,70,69

l0,7=0,98,90,90,80,96,56,45,88,66,48,95,9,81,67,0,3,0,0,0,0,0,0,0,0,40,0,0,48,0,0,0,0,0,0,0,0,0,0,0,0
l1,7=95,0,94,94,87,96,84,84,89,64,90,73,23,69,44,23,18,0,0,0,0,0,0,0,0,16,0,38,0,0,0,0,0,0,0,0,0,0,0,0,0
l2,7=95,97,0,94,87,96,87,80,86,95,89,94,23,75,46,27,19,26,45,0,0,0,0,0,4,0,0,44,0,0,0,0,0,0,0,0,0,0,0,0,0
l3,7=95,98,91,0,87,96,49,84,65,64,62,91,11,76,55,41,0,0,0,0,0,0,0,0,0,49,0,55,48,0,0,0,0,0,0,0,0,0,0,0,0
l4,7=55,98,88,94,0,96,51,83,66,65,9,90,3,80,63,0,19,0,0,0,0,0,0,0,0,36,0,46,51,0,0,0,0,0,0,0,0,0,0,0,0
l5,7=57,98,90,75,87,0,57,81,89,70,45,95,0,83,50,30,19,20,0,0,0,0,0,0,0,18,0,16,2,0,0,0,0,0,0,0,0,1,0,0,0
l6,7=88,87,88,78,83,91,0,86,87,89,86,92,49,82,19,57,69,69,63,55,22,26,47,44,11,15,0,0,0,0,0,0,0,0,0,0,0,0,0,0,0
l7,7=11,92,84,86,84,91,87,0,86,95,91,95,79,72,0,69,29,57,36,0,5,0,53,43,0,18,0,11,20,0,0,0,0,0,0,0,0,0,0,0,23
l8,7=77,75,36,28,61,54,72,45,0,85,86,91,83,89,63,47,23,39,28,28,20,14,47,45,0,25,0,39,44,0,0,0,0,0,0,0,0,2,0,43,33
l9,7=83,81,86,65,84,91,83,87,90,0,91,92,62,89,48,75,45,0,21,0,17,14,5,33,25,20,0,5,18,0,0,0,0,0,0,0,0,0,0,0,25
l10,7=82,94,88,83,34,41,83,88,90,95,0,95,83,89,62,75,27,37,1,41,8,19,55,50,14,19,0,13,16,0,0,0,0,0,0,0,0,0,0,0,9
l11,7=90,76,86,90,84,91,83,89,90,95,91,0,83,29,56,75,78,53,10,53,21,17,55,0,13,11,0,13,11,0,0,0,0,0,0,0,0,1,0,0,10
l12,7=27,10,12,16,18,11,25,38,89,80,71,55,0,89,70,78,78,39,56,15,16,19,52,45,31,26,0,43,45,0,0,6,0,0,0,1,0,9,0,48,69
l13,7=54,39,11,22,45,28,3,0,60,49,15,14,47,90,0,31,49,43,27,0,15,15,47,36,10,21,0,46,82,0,0,0,0,18,0,18,26,53,21,49,59
l14,7=26,9,31,42,17,20,23,41,87,83,51,28,85,87,69,0,25,40,61,9,20,17,56,42,35,72,0,41,24,0,1,22,0,0,0,0,1,0,43,36,63
l15,7=27,26,22,0,24,19,45,26,25,56,45,58,82,55,69,50,0,79,76,58,27,52,59,55,64,18,0,27,19,25,0,0,0,1,2,38,41,61,17,34,73
l16,7=20,0,26,0,0,16,18,35,61,0,17,17,55,84,69,71,75,0,61,40,22,57,61,43,35,23,38,34,46,0,41,38,0,0,8,20,24,33,32,64,68
l17,7=0,0,6,0,0,0,23,16,22,24,4,5,49,36,12,33,67,34,0,84,79,55,69,51,78,27,0,0,0,59,21,23,15,37,7,75,11,0,19,48,60
l18,7=0,0,0,0,0,0,49,0,35,0,48,46,14,49,0,8,64,55,86,0,72,53,65,46,75,0,65,0,0,0,0,41,0,7,0,29,6,0,0,64,0
l19,7=0,0,0,0,0,0,17,5,46,46,11,18,21,37,15,47,30,54,82,58,0,59,66,67,75,0,0,0,3,25,60,17,52,62,21,77,24,19,52,69,73
l20,7=0,0,0,0,0,0,6,0,33,37,29,8,47,41,37,43,67,66,76,53,79,0,70,69,69,3,35,0,14,26,46,61,50,0,0,17,14,39,36,60,75
l21,7=0,0,0,0,0,0,6,13,41,28,56,11,38,26,40,55,65,68,76,48,79,61,0,69,71,12,43,13,12,0,18,29,27,23,0,2,31,25,35,71,73
l22,7=0,0,0,0,0,0,14,22,45,37,34,0,59,49,26,51,68,28,42,20,79,61,70,0,70,37,0,5,10,32,48,7,23,38,15,21,19,48,29,68,82
l23,7=0,0,3,0,0,0,13,1,0,39,28,13,52,24,12,50,65,56,80,72,78,54,66,65,0,9,54,8,0,46,55,41,41,64,38,77,38,18,35,71,68
l24,7=14,34,57,53,46,26,2,7,26,8,16,5,39,24,72,26,25,28,0,0,0,0,35,1,0,0,58,0,83,0,64,60,60,62,39,30,31,55,80,0,16
l25,7=40,16,0,49,36,18,15,18,25,20,19,11,26,21,72,18,23,27,0,0,3,12,37,9,0,0,0,78,0,31,63,0,61,66,42,28,29,44,46,22,1
l26,7=0,0,0,0,0,0,0,0,0,0,0,0,0,0,0,0,38,0,65,0,35,43,0,54,58,0,0,0,41,0,71,0,78,88,61,81,80,70,69,10,33
l27,7=0,0,0,0,0,0,0,0,0,0,0,0,0,0,0,0,0,12,36,0,64,29,49,55,57,78,0,51,67,71,0,41,69,72,53,84,72,81,73,8,0
l28,7=0,0,0,0,0,0,0,0,0,0,0,0,0,0,0,0,0,0,26,0,64,49,62,54,59,0,41,28,37,72,67,28,0,89,82,84,70,76,67,0,0
l29,7=0,0,0,0,0,0,0,0,0,0,0,0,0,0,4,0,0,0,62,0,64,0,62,54,58,31,0,51,66,72,66,69,78,0,79,78,74,70,64,0,0
l30,7=0,0,0,0,0,0,0,0,0,0,0,0,0,0,0,0,0,0,0,0,54,0,0,54,60,63,71,24,25,70,67,67,78,88,0,78,72,69,67,6,0
l31,7=0,0,0,0,0,0,0,0,0,0,0,0,6,0,22,0,38,23,41,17,61,29,7,41,60,0,0,41,28,69,67,0,73,69,54,0,80,79,73,38,37
l32,7=0,0,0,0,0,0,0,0,0,0,0,0,0,1,21,7,29,13,8,1,11,12,60,18,32,61,78,39,46,72,65,73,66,78,54,85,0,85,82,11,1
l33,7=0,0,0,0,0,0,0,0,0,0,0,0,7,21,24,0,40,9,0,0,12,47,50,55,14,66,88,41,29,33,69,69,72,73,58,84,80,0,60,0,0
l34,7=4,5,0,0,0,0,0,0,0,0,0,0,0,0,11,8,16,0,17,0,59,47,58,44,46,42,61,45,29,51,69,54,66,68,53,85,80,82,0,13,6
l35,7=0,0,0,0,0,0,0,0,12,0,4,0,12,7,13,2,22,15,27,19,60,32,63,48,59,28,81,0,4,0,0,0,0,0,9,1,0,0,19,0,80
l36,7=0,0,0,0,0,0,0,7,16,18,6,4,47,6,27,41,63,29,31,0,55,54,56,69,33,29,80,1,0,4,0,80,0,0,0,4,0,0,0,77,0
l37,7=0,0,0,0,0,0,0,0,0,0,0,0,7,5,17,1,0,16,48,24,0,40,56,45,35,44,70,0,0,0,1,79,0,0,0,0,0,0,0,78,80
l38,7=0,0,0,0,0,0,6,0,18,2,20,0,62,37,34,55,53,68,54,7,18,60,63,63,40,46,69,1,32,8,0,73,0,0,0,0,0,3,30,75,82
l39,7=0,0,0,0,0,0,0,0,0,0,0,0,28,14,1,12,26,23,55,0,50,33,66,66,53,22,10,0,0,22,13,38,0,17,0,4,0,0,0,78,80
l40,7=0,0,0,0,0,0,0,0,3,0,6,0,10,12,11,16,25,23,38,16,23,35,63,65,34,1,33,0,0,18,0,37,0,0,0,14,1,7,0,78,79

l0,8=0,100,100,100,97,96,82,86,90,91,59,91,0,92,45,0,8,0,0,0,0,0,0,0,0,0,0,76,0,0,0,0,0,0,0,0,0,0,0,0,0
l1,8=100,0,100,100,97,96,82,86,98,91,93,91,0,2,49,0,61,0,0,0,0,1,0,0,0,35,0,39,3,0,0,0,0,0,0,0,0,0,0,0,0
l2,8=100,100,0,100,97,96,99,99,68,90,92,98,0,77,0,51,41,46,0,0,0,0,0,0,0,0,0,75,0,0,0,0,0,0,0,0,0,0,0,0,3
l3,8=100,100,60,0,97,96,82,86,98,91,58,91,0,43,51,16,0,0,0,0,0,0,0,0,0,14,0,78,0,0,0,0,0,0,0,0,0,0,0,0,0
l4,8=100,85,100,100,0,96,82,86,0,90,0,90,0,26,51,13,34,0,0,0,0,0,0,0,0,47,0,81,30,0,0,0,0,0,0,0,0,0,0,0,0
l5,8=100,100,60,100,97,0,82,86,35,93,58,91,45,90,47,0,36,33,0,0,0,0,0,0,0,75,0,65,62,0,0,0,0,0,0,0,0,0,0,0,0
l6,8=93,96,100,95,93,96,0,100,94,95,93,95,82,94,0,39,78,87,50,0,66,36,0,56,85,7,0,15,0,0,0,0,0,0,0,0,0,0,0,0,0
l7,8=94,97,100,79,93,92,99,0,98,94,93,99,86,98,40,30,41,61,44,0,72,30,46,65,0,0,0,26,0,0,0,0,0,0,0,0,0,0,0,0,58
l8,8=90,58,52,76,27,23,59,59,0,89,93,91,91,98,32,88,49,60,70,51,77,37,42,67,0,56,0,63,82,0,0,0,0,0,0,0,0,0,0,46,64
l9,8=93,95,96,58,92,94,99,99,92,0,93,99,93,94,8,93,50,25,19,0,68,34,7,48,80,0,0,65,0,0,0,0,0,0,0,0,0,0,0,22,17
l10,8=93,96,57,95,0,92,99,100,98,95,0,99,92,97,45,93,55,60,25,68,21,37,46,65,75,68,0,68,55,0,0,0,0,0,0,0,0,0,0,60,1
l11,8=93,96,96,95,92,96,96,100,97,93,93,0,94,94,39,91,89,81,82,69,74,56,56,0,83,34,0,59,49,0,0,0,0,0,0,0,0,23,0,0,0
l12,8=0,0,0,4,23,80,30,56,74,90,93,57,0,66,99,98,97,63,73,43,79,41,48,67,81,53,0,89,89,0,0,6,0,0,0,34,26,37,15,71,64
l13,8=48,27,0,17,23,41,0,15,5,28,59,17,61,66,0,91,89,80,40,0,0,36,52,54,11,66,0,99,100,0,0,25,0,3,13,76,90,99,46,71,46
l14,8=0,0,19,8,35,0,26,23,74,95,91,55,99,68,95,0,55,100,73,69,75,39,50,65,85,99,0,87,65,0,0,71,0,0,0,0,29,25,21,74,64
l15,8=10,12,20,0,33,50,56,27,48,82,81,48,99,81,99,86,0,100,86,76,88,81,56,85,92,78,0,82,84,23,28,0,2,25,0,78,42,29,63,83,69
l16,8=0,0,17,0,0,59,54,54,70,52,91,44,99,66,99,98,97,0,72,34,94,80,52,72,89,56,27,96,85,0,37,47,0,0,0,60,64,87,62,76,77
l17,8=0,0,0,0,0,0,75,43,62,31,37,67,69,60,40,66,89,69,0,95,95,79,84,53,92,53,0,0,0,66,68,42,20,37,0,69,52,6,57,62,63
l18,8=0,0,0,0,0,0,4,0,55,5,53,60,62,0,0,63,84,38,94,0,91,79,81,59,92,0,84,0,0,40,68,77,0,60,0,61,0,0,0,63,62
l19,8=0,0,0,0,0,0,24,18,51,17,16,30,47,18,0,28,75,69,82,62,0,81,82,85,92,0,42,0,0,19,76,69,68,21,29,77,22,0,49,70,80
l20,8=0,0,0,0,0,0,17,5,39,53,46,30,67,61,48,64,83,72,81,67,95,0,84,85,90,0,72,29,0,50,63,94,29,17,20,70,36,49,26,77,81
l21,8=0,0,0,0,0,0,0,37,42,15,65,41,79,56,74,79,81,77,81,57,92,81,0,85,87,1,79,23,26,31,4,75,16,31,28,39,43,59,25,81,0
l22,8=0,0,0,0,0,0,26,49,61,54,53,0,64,48,49,59,78,62,38,44,95,81,84,0,65,35,69,19,28,43,70,43,0,55,58,44,2,44,20,77,85
l23,8=0,0,0,0,0,0,33,0,0,26,23,26,25,44,16,67,85,71,93,82,94,79,82,79,0,17,74,0,0,48,83,43,31,82,32,80,23,0,24,75,74
l24,8=70,2,16,28,87,29,25,0,36,66,64,17,61,32,99,86,51,56,0,0,4,18,26,34,0,0,88,0,100,42,57,82,40,46,80,94,87,99,93,2,13
l25,8=0,35,0,14,47,75,7,0,56,0,68,34,53,66,99,78,56,53,0,0,0,1,35,17,0,0,0,99,0,82,60,0,37,72,65,93,72,99,41,39,52
l26,8=0,0,0,0,0,0,0,0,0,0,0,0,0,0,0,0,27,0,84,42,72,79,69,74,88,0,0,45,88,0,98,0,100,98,85,98,98,91,81,62,42
l27,8=0,0,0,0,25,0,0,0,0,0,0,0,0,19,0,0,25,29,58,48,86,72,7,77,72,99,45,88,80,93,0,53,90,94,85,96,89,96,82,5,0
l28,8=0,0,0,0,0,0,0,0,0,0,0,0,0,0,0,0,24,0,41,0,92,72,47,26,66,0,88,86,62,96,98,82,0,98,100,98,86,92,81,55,0
l29,8=0,0,0,0,0,0,0,0,0,0,0,0,0,0,23,0,18,0,61,62,77,69,68,74,89,82,0,75,87,96,97,91,100,0,100,98,75,91,80,0,0
l30,8=0,0,0,0,0,0,0,0,0,0,0,0,0,0,2,0,0,0,0,0,83,68,64,76,70,60,98,80,71,89,98,98,100,98,0,96,88,92,31,0,0
l31,8=0,0,0,0,0,0,0,0,0,0,0,0,6,25,71,0,47,42,77,69,94,75,43,43,82,0,0,53,82,91,98,0,90,95,85,0,90,99,92,68,48
l32,8=0,0,0,0,0,0,0,0,0,0,0,0,1,62,83,72,54,89,84,0,91,79,82,34,54,37,100,52,91,96,98,90,87,94,93,98,0,99,96,20,0
l33,8=0,0,0,0,0,0,0,0,0,0,0,7,11,42,85,40,33,85,13,0,0,80,73,33,0,72,98,53,92,89,98,95,90,95,85,98,98,0,92,20,0
l34,8=0,0,0,0,0,0,0,0,0,0,1,0,1,0,76,64,42,47,65,0,89,42,43,29,25,65,85,89,90,89,98,85,90,95,74,98,98,99,0,17,34
l35,8=0,0,0,0,0,0,0,0,2,8,21,0,49,0,34,35,65,44,27,20,61,67,71,66,66,93,98,0,13,17,0,0,0,0,0,21,2,3,1,0,83
l36,8=0,0,0,0,0,0,0,11,32,6,0,0,27,15,11,43,50,52,42,21,71,79,0,83,58,72,98,5,24,14,0,90,0,0,0,17,0,0,10,85,0
l37,8=0,0,0,0,0,0,0,0,0,0,0,0,46,20,39,35,44,33,47,13,56,66,44,51,58,99,91,0,0,0,0,99,0,0,0,0,0,0,0,84,82
l38,8=0,0,0,0,0,20,10,0,6,38,53,20,70,32,53,79,80,80,59,34,83,79,84,83,85,41,81,40,73,8,0,92,0,0,0,17,3,0,18,85,84
l39,8=0,0,0,0,0,0,0,0,0,0,0,0,54,19,0,24,73,45,61,17,72,74,84,83,65,39,62,0,0,20,21,68,0,4,0,17,0,0,4,83,83
l40,8=0,0,0,0,0,0,0,0,0,0,0,0,21,4,18,25,20,26,33,16,48,61,62,69,7,52,42,0,0,20,14,48,0,0,0,0,11,0,0,83,79

l0,9=0,94,100,78,99,100,26,99,1,100,100,61,0,1,0,0,0,0,0,0,0,0,0,0,0,84,0,0,3,0,0,0,0,0,0,0,0,0,0,0,0
l1,9=100,0,100,78,99,99,99,99,69,100,100,100,2,2,1,0,0,0,0,0,0,0,1,0,0,0,0,2,0,0,0,0,0,0,0,0,0,0,0,0,0
l2,9=100,93,0,78,99,99,100,99,40,100,99,100,0,29,0,97,34,0,0,0,0,1,1,0,0,13,0,2,2,0,0,0,0,0,0,0,0,0,0,0,0
l3,9=100,97,100,0,100,100,70,20,4,31,100,100,0,0,0,0,2,0,0,0,0,0,0,0,0,61,0,1,14,0,0,0,0,0,0,0,0,0,0,0,0
l4,9=99,95,100,78,0,100,99,26,95,100,100,100,0,30,0,0,1,0,0,0,0,0,0,0,0,99,0,97,92,0,0,0,0,0,0,0,0,0,0,0,0
l5,9=100,97,100,78,99,0,99,93,1,100,98,100,8,42,28,0,0,0,0,0,0,0,0,0,0,51,0,3,0,0,0,0,0,0,0,0,0,0,0,0,0
l6,9=94,94,100,72,99,100,0,79,97,100,100,100,92,98,91,92,94,42,30,0,78,66,49,77,92,0,0,1,0,0,0,0,0,0,0,0,0,0,0,0,3
l7,9=98,94,100,77,95,93,93,0,97,100,100,100,93,98,68,98,88,51,28,0,18,56,19,35,37,54,0,41,47,0,0,0,0,0,0,0,0,0,0,0,0
l8,9=90,84,88,72,97,54,63,66,0,75,99,92,94,62,81,100,82,30,31,63,91,52,31,41,0,34,0,46,57,0,0,0,0,0,0,0,0,20,5,69,88
l9,9=99,93,100,67,99,100,100,100,98,0,100,100,55,98,81,100,95,27,0,0,80,53,15,35,55,0,0,39,0,0,0,0,0,0,0,0,0,0,0,0,74
l10,9=91,82,77,73,92,84,97,100,98,100,0,100,90,98,79,95,83,28,32,49,0,19,29,37,44,35,0,40,48,0,0,0,0,0,0,0,0,0,0,27,0
l11,9=98,94,100,78,98,99,100,100,97,100,100,0,92,98,84,100,86,69,51,0,81,76,54,44,37,58,0,43,57,0,0,0,0,0,0,0,0,20,0,0,0
l12,9=39,12,29,21,10,53,24,57,30,47,93,80,0,36,87,100,96,32,32,24,84,56,33,42,53,56,0,51,57,0,0,26,0,0,0,26,16,13,2,40,44
l13,9=1,55,0,12,0,56,49,14,29,30,97,61,38,36,0,100,96,55,0,0,61,59,37,17,0,36,13,97,22,36,18,27,0,4,1,31,76,37,31,77,88
l14,9=0,18,64,1,3,53,22,36,28,67,90,80,94,98,80,0,98,97,32,38,75,54,33,42,52,34,36,50,57,0,0,31,0,0,0,0,46,4,9,41,87
l15,9=44,6,28,28,46,0,55,57,28,51,95,78,94,96,97,99,0,96,32,71,96,92,58,46,99,46,0,50,58,57,76,0,82,76,49,41,30,35,35,50,90
l16,9=0,2,0,0,0,56,49,57,28,28,85,85,94,36,97,100,100,0,32,0,96,60,61,59,61,77,67,53,61,0,0,68,0,0,0,41,37,37,33,74,94
l17,9=0,0,0,0,0,0,83,69,74,0,91,93,89,93,0,93,98,90,0,99,96,91,96,95,98,32,0,0,0,83,95,29,77,74,0,98,74,0,61,5,94
l18,9=0,0,0,0,0,0,0,0,65,5,97,0,83,86,0,97,98,0,100,0,96,90,96,95,98,0,87,0,0,0,98,99,0,80,0,96,0,0,0,93,94
l19,9=0,0,0,0,0,0,81,7,79,79,0,81,72,72,71,74,96,94,99,77,0,92,96,95,99,0,0,0,0,76,83,40,82,75,69,93,70,50,70,70,92
l20,9=0,0,21,0,0,0,50,48,25,40,38,67,88,95,72,94,98,54,71,77,96,0,98,96,98,0,58,43,0,51,64,69,78,68,70,90,58,32,30,93,94
l21,9=0,31,29,0,0,3,77,56,72,65,72,76,81,94,96,98,98,95,98,97,96,93,0,96,94,15,85,56,0,77,0,69,74,72,71,78,72,89,51,93,94
l22,9=0,0,0,0,0,0,55,50,92,56,91,78,80,28,33,92,95,93,95,65,96,93,98,0,98,0,56,0,41,95,92,25,81,91,72,92,43,51,2,93,96
l23,9=0,0,0,0,0,0,57,45,0,92,72,58,93,83,0,96,98,95,98,97,97,91,96,95,0,14,95,0,0,85,99,36,80,99,0,98,81,0,84,93,92
l24,9=0,29,3,47,89,59,0,40,26,14,28,48,30,34,98,84,74,32,0,0,0,47,11,0,0,0,94,0,99,0,79,98,92,90,77,33,84,34,38,0,79
l25,9=84,0,13,61,99,51,0,54,34,0,35,58,56,36,34,46,77,32,0,0,0,15,0,14,0,0,0,97,0,61,0,0,69,97,0,39,36,99,62,0,86
l26,9=0,0,0,0,0,0,0,0,0,0,0,0,0,13,36,0,67,0,87,0,58,85,56,95,94,0,0,0,95,0,100,0,100,100,100,100,100,98,100,78,82
l27,9=0,0,0,0,29,0,0,0,0,0,0,0,0,4,30,0,66,0,55,46,69,72,0,58,100,97,0,95,0,100,0,50,100,100,100,100,100,99,100,42,62
l28,9=0,0,0,0,0,0,0,0,0,0,0,0,0,0,0,0,65,0,33,0,83,70,29,41,82,0,95,79,50,100,100,99,0,100,100,99,70,98,81,0,0
l29,9=0,0,0,0,0,0,0,0,0,0,0,0,0,0,23,0,65,0,82,24,68,59,56,95,99,61,0,93,95,100,100,100,100,0,100,100,74,98,100,39,0
l30,9=0,0,0,0,0,0,0,0,0,0,0,0,0,0,0,0,15,0,0,0,54,46,33,31,0,0,100,90,0,100,100,100,100,100,0,100,100,98,100,0,0
l31,9=0,0,0,0,0,0,0,0,0,0,0,0,26,27,31,0,68,29,99,40,69,69,25,36,98,0,0,50,99,100,100,0,100,100,100,0,100,99,100,0,77
l32,9=0,0,0,0,0,38,0,0,0,0,0,0,27,33,38,39,74,54,58,0,65,60,38,27,96,69,100,96,96,99,100,100,95,99,100,100,0,99,100,0,0
l33,9=0,0,0,0,54,1,0,0,24,0,0,36,28,34,38,0,78,90,0,0,55,46,36,27,0,97,100,94,99,99,100,100,100,95,83,100,100,0,100,0,0
l34,9=0,0,0,0,0,0,0,0,15,0,8,0,27,33,33,39,76,29,34,0,60,48,22,8,56,0,100,97,83,99,78,100,89,100,85,100,100,99,0,0,0
l35,9=0,0,0,0,0,0,0,0,6,0,27,0,42,25,73,69,77,30,1,37,88,91,96,95,95,39,100,0,0,44,23,0,0,19,0,0,0,0,0,0,97
l36,9=0,0,0,0,0,0,0,0,24,7,0,0,17,1,65,82,82,72,34,40,82,91,86,95,57,36,100,22,40,35,5,100,0,0,0,49,0,0,0,93,0
l37,9=0,0,0,0,0,0,0,0,4,1,0,0,44,0,32,57,73,38,24,35,86,89,47,79,63,99,98,0,0,0,25,99,0,1,0,0,0,0,0,92,94
l38,9=0,0,0,0,0,37,42,1,0,37,64,55,87,92,82,93,98,19,49,27,87,90,96,95,79,62,100,34,49,0,0,100,0,0,0,61,30,0,0,93,94
l39,9=0,0,0,0,0,0,0,0,0,0,0,0,58,39,57,62,97,79,92,66,93,91,96,94,97,0,78,0,0,31,0,0,0,13,0,70,0,0,0,93,94
l40,9=0,0,0,0,0,0,0,0,0,0,0,0,65,0,0,68,64,61,40,1,74,68,83,95,85,86,82,0,0,28,33,77,33,57,0,0,0,27,0,93,87

l0,10=0,5,5,26,2,5,7,7,1,7,5,6,0,1,1,0,0,0,0,0,0,0,0,0,0,17,0,0,8,0,0,0,0,0,0,0,0,0,0,0,0
l1,10=27,0,22,26,26,34,21,7,1,8,30,5,2,1,0,0,0,0,0,0,0,0,0,0,0,23,0,0,7,0,0,0,0,0,0,0,0,0,0,0,0
l2,10=27,17,0,24,21,31,42,7,1,8,5,8,0,1,0,0,0,0,0,0,0,0,0,0,0,14,0,0,5,0,0,0,0,0,0,0,0,0,0,0,0
l3,10=28,5,4,0,26,20,7,7,1,9,6,6,0,0,1,0,0,0,0,0,0,0,0,0,0,7,0,0,7,0,0,0,0,0,0,0,0,0,0,0,0
l4,10=27,51,29,30,0,36,28,10,1,5,10,6,0,1,0,0,0,0,0,0,0,0,0,0,0,9,0,0,7,0,0,0,0,0,0,0,0,0,0,0,0
l5,10=28,52,29,30,26,0,37,7,6,53,12,30,1,1,0,0,0,0,0,0,0,0,0,0,0,11,0,0,7,0,0,0,0,0,0,0,0,0,0,0,0
l6,10=24,5,30,24,2,5,0,10,5,20,11,8,0,1,0,0,0,0,0,0,1,0,0,0,0,0,0,0,0,0,0,0,0,0,0,0,0,0,0,0,0
l7,10=23,12,21,24,4,6,38,0,22,58,48,47,2,64,0,0,0,0,0,0,1,0,0,0,0,0,0,0,2,0,0,0,0,0,0,0,0,0,0,0,0
l8,10=20,22,8,12,6,33,38,56,0,52,48,45,86,77,2,79,0,6,0,1,2,0,0,3,0,13,0,0,9,0,0,0,0,0,0,0,0,1,0,3,2
l9,10=16,5,23,13,1,35,38,60,37,0,48,50,7,74,0,59,0,0,0,0,1,0,0,0,0,11,0,0,3,0,0,0,0,0,0,0,0,0,0,0,0
l10,10=21,51,32,22,13,13,38,59,57,56,0,48,81,75,2,1,0,0,0,2,1,0,0,0,0,0,0,1,0,0,0,0,0,0,0,0,0,1,0,0,0
l11,10=21,5,19,25,2,35,33,61,51,58,48,0,1,20,0,78,0,0,0,2,1,0,0,0,0,13,0,0,5,0,0,0,0,0,0,0,0,0,0,0,0
l12,10=7,42,0,0,0,4,32,46,32,27,45,23,0,78,57,83,73,96,9,6,3,67,58,32,28,6,0,73,55,0,0,0,0,0,0,0,0,0,1,50,64
l13,10=17,46,19,0,7,15,26,30,35,0,45,15,89,47,0,67,91,77,1,0,13,83,9,25,0,15,0,92,75,2,0,0,0,1,0,13,4,93,1,56,18
l14,10=6,0,24,0,0,11,29,24,52,53,38,40,89,79,80,0,90,98,0,2,63,67,64,68,4,93,49,73,55,0,0,43,0,0,0,0,1,1,0,1,2
l15,10=0,0,28,0,0,1,30,17,10,27,29,32,70,78,92,83,0,98,47,43,77,87,88,45,83,1,0,62,55,1,40,5,0,0,0,26,64,55,74,73,45
l16,10=0,0,0,0,0,0,28,17,35,26,34,46,89,48,93,83,91,0,45,0,88,87,74,55,49,5,63,85,73,0,0,75,0,0,0,42,62,77,67,78,87
l17,10=0,0,0,0,0,0,32,45,39,17,38,0,73,60,55,0,89,84,0,99,90,80,88,80,88,7,0,0,0,68,74,37,78,32,0,82,65,0,0,62,39
l18,10=0,0,0,0,0,0,0,0,7,0,39,40,76,63,3,66,90,0,93,0,92,88,89,81,87,0,51,0,0,0,80,51,14,0,0,0,0,0,0,79,81
l19,10=0,0,0,0,0,0,0,4,49,31,30,32,59,59,68,68,86,84,93,90,0,89,88,89,90,0,0,0,0,82,74,0,62,76,68,85,73,50,44,80,76
l20,10=0,0,20,0,0,0,24,32,33,29,28,23,73,72,68,74,90,85,68,87,91,0,90,90,88,0,75,50,34,60,74,50,63,47,29,80,74,61,52,82,88
l21,10=0,7,20,0,0,0,22,25,43,35,36,27,78,63,70,73,90,90,89,89,90,89,0,90,79,0,73,0,35,62,41,47,40,63,26,69,51,76,61,69,88
l22,10=0,2,0,0,0,0,23,4,49,27,31,28,63,50,68,66,76,89,76,55,90,89,89,0,87,0,63,5,0,80,59,62,56,71,64,77,61,54,0,82,87
l23,10=0,0,0,0,0,0,12,0,41,43,36,25,74,62,1,67,87,83,89,82,91,86,73,85,0,0,80,0,0,76,80,80,59,82,84,82,66,39,77,80,76
l24,10=18,9,0,8,3,24,0,0,0,2,33,5,65,36,93,64,50,56,0,0,0,0,0,0,0,0,71,0,75,1,1,73,1,4,5,30,95,98,93,0,0
l25,10=17,23,14,7,9,11,0,0,13,11,0,13,6,15,93,1,5,7,0,0,0,0,0,0,0,0,0,95,0,6,1,0,0,1,0,45,0,98,93,0,0
l26,10=0,0,0,0,0,0,0,0,0,0,0,0,0,0,49,0,63,0,51,0,75,73,63,80,71,0,0,65,68,0,94,0,93,92,95,92,92,84,91,63,65
l27,10=0,0,0,0,0,0,0,0,0,0,0,0,34,0,0,0,77,0,42,39,79,85,49,72,85,95,65,69,65,92,0,79,93,92,95,93,92,94,94,54,57
l28,10=0,0,0,0,0,0,0,0,0,0,0,0,0,0,0,0,0,0,80,9,72,80,56,77,66,0,68,78,1,92,94,70,0,92,95,92,88,93,92,0,0
l29,10=0,0,0,0,0,0,0,0,0,0,0,0,0,0,0,0,0,0,9,0,73,71,70,75,80,6,0,64,0,92,94,92,93,0,96,92,91,79,91,0,10
l30,10=0,0,0,0,0,0,0,0,0,0,0,0,0,0,0,0,0,0,0,0,55,42,18,75,77,1,94,78,0,92,94,94,93,92,0,92,92,91,93,0,0
l31,10=0,0,0,0,0,0,0,0,0,0,0,0,0,0,43,5,75,37,51,0,50,47,62,80,73,0,0,79,70,92,94,0,93,92,95,0,93,98,95,43,16
l32,10=0,0,0,0,0,0,0,0,0,0,0,0,0,0,42,20,85,48,37,0,52,84,47,46,44,0,93,89,0,92,94,93,90,92,96,93,0,98,95,2,32
l33,10=0,0,0,0,1,0,0,0,3,0,16,0,0,10,60,5,79,51,0,0,14,46,60,19,1,1,92,94,75,91,94,92,93,39,55,93,98,0,95,0,5
l34,10=0,0,0,0,0,0,0,0,0,0,0,0,47,25,35,3,86,47,0,0,40,43,48,0,41,0,95,84,74,92,94,95,83,46,48,93,98,98,0,0,0
l35,10=0,0,0,0,0,0,0,0,19,0,32,0,68,50,69,29,76,71,52,60,81,84,60,77,73,45,92,0,0,55,38,0,0,0,0,24,0,0,0,0,89
l36,10=0,0,4,0,0,0,0,0,15,3,0,0,68,56,41,19,68,75,3,57,71,83,83,83,67,0,92,0,0,53,40,93,0,1,0,6,19,16,0,86,0
l37,10=0,0,0,0,0,0,0,0,0,0,0,0,65,0,19,51,77,71,54,25,69,86,0,85,63,98,84,0,0,0,2,98,0,0,0,0,0,0,0,86,88
l38,10=0,0,0,0,0,0,18,17,0,16,30,15,76,62,46,61,85,74,37,0,68,80,84,84,33,93,91,0,49,0,0,95,0,0,0,0,0,0,0,85,88
l39,10=0,0,0,0,0,0,0,0,0,0,0,0,58,47,56,36,80,68,68,52,81,87,85,61,81,0,63,0,0,11,0,43,0,0,0,61,0,0,0,81,88
l40,10=0,0,0,0,0,0,0,0,0,0,0,0,6,0,0,52,74,57,65,13,83,57,77,85,84,0,65,0,0,56,0,16,0,0,0,36,0,45,0,82,82

l0,11=0,22,5,33,31,38,4,4,6,5,10,3,0,0,0,0,0,0,0,0,0,0,0,0,0,3,0,0,2,0,0,0,0,0,0,0,0,0,0,0,0
l1,11=23,0,3,33,33,39,4,6,6,5,10,3,0,0,1,0,0,0,0,0,0,0,0,0,0,0,0,1,0,0,0,0,0,0,0,0,0,0,0,0,0
l2,11=23,27,0,31,35,48,37,2,21,24,45,40,0,0,0,0,1,0,0,0,0,0,0,0,0,1,0,0,2,0,0,0,0,0,0,0,0,0,0,0,0
l3,11=25,21,3,0,35,7,4,4,3,4,10,1,0,0,0,0,0,0,0,0,0,0,0,0,0,14,0,1,2,0,0,0,0,0,0,0,0,0,0,0,0
l4,11=25,33,36,33,0,48,4,6,3,5,5,3,0,0,0,0,0,0,0,0,0,0,0,0,0,2,0,0,2,0,0,0,0,0,0,0,0,0,0,0,0
l5,11=26,34,41,33,41,0,4,5,22,23,37,38,0,0,1,0,1,0,0,0,0,0,0,0,0,3,0,2,1,0,0,14,0,0,0,0,0,0,0,0,0
l6,11=21,22,29,31,6,6,0,26,17,17,36,7,0,0,0,0,1,0,0,0,0,0,0,0,0,0,0,0,0,0,0,0,0,0,0,0,0,0,0,0,0
l7,11=24,27,3,31,25,36,39,0,24,34,51,59,0,55,0,0,1,0,0,0,0,0,1,0,0,0,0,0,0,0,0,0,0,0,0,0,0,0,0,0,0
l8,11=7,25,12,28,5,44,41,19,0,33,54,59,78,83,0,80,6,59,0,0,0,0,1,0,0,11,0,1,2,0,0,0,0,0,0,0,0,0,0,0,0
l9,11=13,12,4,29,6,38,39,38,39,0,54,59,44,46,0,54,1,0,0,0,0,0,1,0,0,1,0,1,1,0,0,0,0,0,0,0,0,0,0,0,0
l10,11=14,26,17,29,3,37,37,38,48,33,0,59,3,78,0,5,1,0,0,0,0,0,1,0,0,7,0,1,2,0,0,0,0,0,0,0,0,0,0,0,0
l11,11=25,22,3,27,6,38,4,37,30,34,54,0,0,0,0,0,1,0,1,0,0,0,1,0,0,2,0,1,2,0,0,0,0,0,0,0,0,0,0,0,0
l12,11=0,13,0,1,6,10,24,21,41,19,32,33,0,80,87,82,69,85,13,0,16,37,39,49,23,53,0,25,24,0,0,0,0,0,0,0,0,64,24,25,27
l13,11=1,14,4,18,9,35,5,0,25,0,24,0,92,56,0,51,70,90,0,0,1,6,2,14,1,48,0,55,31,0,0,0,0,0,0,0,1,77,59,14,5
l14,11=0,2,1,20,0,1,34,1,48,33,50,59,92,84,87,0,80,84,44,0,33,59,59,43,23,54,0,44,23,0,0,10,0,0,0,0,0,0,0,0,0
l15,11=4,0,23,0,0,14,21,1,19,15,21,15,82,74,42,82,0,90,67,25,23,79,79,47,30,13,0,20,24,4,31,4,0,0,0,33,70,69,59,10,42
l16,11=0,0,18,0,0,4,2,5,48,17,46,30,92,84,90,82,84,0,73,0,19,82,77,82,39,26,24,16,27,0,0,18,0,0,0,0,0,69,42,16,54
l17,11=0,0,0,0,0,0,33,27,22,18,36,46,62,64,52,58,76,74,0,97,86,76,79,77,87,14,0,0,0,60,66,0,62,0,0,72,59,0,0,62,71
l18,11=0,0,0,0,0,0,1,0,29,16,41,46,59,64,0,43,80,0,89,0,87,81,81,78,87,0,39,0,0,0,70,46,24,0,0,55,0,8,0,72,3
l19,11=0,0,0,0,0,0,33,14,37,22,39,48,65,67,63,60,74,64,86,82,0,82,78,82,87,0,0,0,24,72,76,0,57,61,68,73,48,49,39,73,77
l20,11=0,0,8,0,0,0,25,14,17,6,38,2,64,61,40,65,80,78,63,66,87,0,82,83,87,0,67,32,1,66,53,49,42,1,0,64,70,64,0,41,82
l21,11=0,2,10,0,0,0,15,11,30,24,44,40,61,62,62,57,83,78,85,74,86,82,0,83,72,0,60,16,15,59,32,40,28,24,37,61,48,39,37,74,84
l22,11=0,0,0,0,0,0,11,9,14,23,30,20,69,54,35,33,71,76,61,60,86,82,82,0,80,0,37,1,16,67,36,38,0,27,51,52,53,38,43,81,83
l23,11=0,0,0,0,0,0,30,20,27,4,36,17,71,61,36,57,76,69,87,84,87,81,71,74,0,1,66,0,2,69,66,51,70,61,70,67,0,0,57,73,73
l24,11=0,10,0,15,9,30,0,0,12,8,15,0,17,56,60,22,10,0,0,0,0,13,0,0,0,0,65,0,54,1,0,76,0,0,1,6,85,93,70,0,0
l25,11=3,0,1,14,2,3,0,0,11,1,7,2,53,48,54,13,26,14,0,0,0,0,0,1,0,0,0,88,0,1,0,0,0,2,0,78,17,94,29,0,0
l26,11=0,0,0,0,0,0,0,0,0,0,0,0,0,0,0,0,24,0,39,0,67,60,37,66,65,0,0,28,40,0,90,0,89,83,94,90,88,89,83,33,36
l27,11=0,0,0,0,0,0,0,0,0,0,0,0,4,0,63,0,25,0,45,36,72,39,32,46,65,88,28,29,30,88,0,55,89,83,94,90,68,92,84,0,12
l28,11=0,0,0,0,0,0,0,0,0,0,0,0,0,0,12,0,42,0,58,10,64,68,37,21,74,0,40,66,37,88,90,49,0,84,94,90,84,77,79,0,0
l29,11=0,0,0,0,0,0,0,0,0,0,0,0,0,0,0,0,42,0,0,0,66,39,55,58,66,1,0,20,41,88,90,88,89,0,94,90,75,86,81,0,33
l30,11=0,0,0,0,0,0,0,0,0,0,0,0,0,0,0,0,0,0,0,0,71,0,17,49,72,0,90,64,0,88,90,91,89,84,0,90,88,91,82,0,0
l31,11=0,0,0,0,0,14,0,0,0,0,0,0,0,0,10,4,18,0,46,0,49,40,38,51,76,0,0,55,49,88,91,0,87,83,94,0,88,94,89,0,0
l32,11=0,0,0,0,0,0,0,0,0,0,0,0,16,0,0,0,27,0,37,0,15,33,22,36,0,0,89,82,48,88,32,87,49,47,94,90,0,94,89,0,0
l33,11=0,0,0,0,0,0,0,0,0,0,0,0,25,0,83,2,33,26,0,0,3,27,0,5,0,2,83,88,52,88,91,83,26,33,94,90,90,0,89,0,0
l34,11=0,0,0,0,0,0,0,0,1,0,0,0,20,17,27,14,79,21,0,0,17,7,25,40,26,0,94,60,28,88,91,94,62,82,94,90,90,94,0,0,0
l35,11=0,0,0,0,0,0,0,0,1,2,22,0,69,35,67,8,55,45,58,30,69,56,68,75,70,78,90,0,1,8,0,0,0,0,0,0,0,0,0,0,84
l36,11=0,0,0,0,0,0,0,0,1,0,16,5,68,65,36,27,76,70,60,0,68,76,72,79,67,17,88,13,22,29,6,88,0,6,0,0,0,0,0,84,0
l37,11=0,0,0,0,0,0,0,0,0,0,0,0,65,15,68,15,71,64,65,0,3,74,67,75,72,94,89,1,0,0,0,94,0,0,0,0,0,0,0,81,84
l38,11=0,0,0,0,0,0,16,12,21,13,24,24,67,68,40,72,83,71,62,11,72,14,75,79,36,29,83,12,20,0,0,89,7,0,0,0,0,13,36,81,84
l39,11=0,0,0,0,0,0,0,0,0,0,0,0,63,49,0,24,71,68,65,62,72,77,75,78,82,0,33,0,0,50,0,0,6,0,0,51,0,0,13,82,84
l40,11=0,0,0,0,0,0,0,0,0,0,0,0,50,0,50,20,73,54,71,10,76,67,71,82,75,0,36,0,0,46,52,0,29,2,0,52,0,0,0,69,76

l0,12=0,22,3,28,17,8,3,6,3,3,4,3,0,0,0,0,0,0,0,0,0,0,0,0,0,0,0,0,0,0,0,0,0,0,0,0,0,0,0,0,0
l1,12=18,0,3,28,24,22,4,5,4,5,4,2,0,1,0,0,0,0,0,0,0,0,0,0,0,12,0,0,1,0,0,0,0,0,0,0,0,0,0,0,0
l2,12=22,26,0,27,24,23,20,5,4,24,16,20,0,0,0,1,0,0,0,0,0,1,0,0,0,3,0,0,1,0,0,0,0,0,0,0,0,0,0,0,0
l3,12=15,22,3,0,17,7,3,5,1,3,4,2,0,0,0,0,0,0,0,0,0,0,0,0,0,0,0,0,0,0,0,0,0,0,0,0,0,0,0,0,0
l4,12=21,26,3,28,0,23,3,5,1,3,4,3,0,0,0,0,0,0,0,0,0,0,0,0,0,4,0,0,1,0,0,0,0,0,0,0,0,0,0,0,0
l5,12=18,30,9,17,24,0,3,5,3,3,4,2,0,0,0,0,0,0,0,0,0,0,0,0,0,0,0,0,1,0,0,8,0,0,0,0,0,0,0,0,0
l6,12=15,30,23,17,19,20,0,37,45,18,3,15,0,0,1,1,1,0,0,0,0,1,0,0,0,0,0,0,0,0,0,0,0,0,0,0,0,0,0,0,0
l7,12=16,28,3,9,5,12,29,0,38,51,35,38,0,56,0,0,0,0,1,0,0,1,0,0,0,0,0,0,0,0,0,0,0,0,0,0,0,0,0,0,0
l8,12=13,26,9,15,3,12,29,43,0,48,35,37,70,88,0,79,36,10,1,0,0,1,0,0,0,21,0,0,1,0,0,0,0,0,0,0,0,0,0,0,0
l9,12=14,28,15,14,19,11,15,45,63,0,32,38,21,3,0,12,1,2,1,0,0,0,0,0,0,0,0,0,1,0,0,0,0,0,0,0,0,0,0,0,4
l10,12=16,30,15,17,8,19,3,43,64,48,0,37,5,82,0,2,1,1,1,0,0,3,0,0,0,1,0,0,0,0,0,0,0,0,0,0,0,0,0,0,2
l11,12=17,21,3,26,4,12,4,48,50,51,35,0,0,58,0,1,0,0,0,0,0,1,0,0,0,3,0,0,1,0,0,0,0,0,0,0,0,0,0,0,4
l12,12=6,27,0,0,1,6,28,42,62,47,31,18,0,88,89,82,45,93,11,0,4,46,76,74,28,70,0,51,45,0,0,5,0,0,0,0,0,10,11,75,83
l13,12=4,23,0,16,11,2,21,20,10,1,4,2,79,83,0,50,48,80,0,0,6,11,0,50,18,61,0,59,48,0,0,0,2,0,0,0,18,79,84,26,71
l14,12=0,10,5,0,0,2,28,39,63,46,31,18,90,88,89,0,78,88,69,0,44,47,78,72,29,92,12,46,45,0,0,33,0,0,0,0,1,0,1,50,2
l15,12=8,0,16,0,0,9,24,32,61,38,31,17,84,83,90,82,0,93,78,56,46,80,83,75,60,48,0,46,40,10,0,26,1,0,0,11,37,60,67,73,84
l16,12=0,0,0,0,0,7,21,31,62,45,34,14,90,88,92,82,82,0,70,0,78,85,87,79,20,38,55,43,0,0,23,47,0,0,0,0,0,66,53,67,81
l17,12=0,0,0,0,0,0,8,38,45,28,21,0,68,67,13,67,80,71,0,94,86,81,86,73,86,0,0,0,0,49,72,0,56,53,60,75,58,2,3,60,73
l18,12=0,0,0,0,0,0,22,0,46,0,28,33,0,72,0,71,79,0,90,0,85,82,82,80,87,0,52,0,0,0,69,72,0,0,0,62,37,0,0,70,16
l19,12=0,0,0,0,0,0,24,37,48,27,22,15,60,0,68,67,73,82,89,72,0,85,86,81,86,0,0,0,0,70,78,12,66,62,61,75,72,0,65,70,77
l20,12=0,0,0,0,0,1,19,35,43,12,27,14,63,72,66,75,81,88,82,74,87,0,87,82,80,0,68,26,0,60,60,70,63,0,0,41,4,50,55,64,89
l21,12=0,12,0,0,0,0,20,36,45,31,28,17,70,69,0,74,81,90,87,61,86,85,0,82,75,0,63,23,9,62,58,68,25,0,1,60,43,52,0,77,77
l22,12=0,0,2,0,0,0,19,32,25,32,17,18,71,65,65,69,64,75,66,65,87,85,87,0,72,0,65,0,33,60,59,65,22,47,0,29,8,0,61,78,87
l23,12=0,0,0,0,0,0,24,35,45,35,19,26,65,65,67,65,69,66,89,83,87,78,74,73,0,0,64,0,15,66,68,61,72,64,52,77,43,0,58,66,64
l24,12=0,15,2,12,12,2,0,3,0,2,7,0,71,79,92,38,36,1,0,0,0,0,0,0,0,0,68,0,80,4,0,79,8,0,8,3,52,83,80,0,0
l25,12=0,12,3,0,4,0,0,0,21,0,1,3,70,61,92,48,38,0,0,0,0,0,0,0,0,0,0,92,0,1,0,0,3,12,0,50,42,83,90,0,2
l26,12=0,0,0,0,0,0,0,0,0,0,0,0,0,0,12,0,55,0,52,0,68,63,65,64,68,0,0,57,53,0,89,0,87,84,93,87,89,78,87,0,38
l27,12=0,0,0,0,0,0,0,0,0,0,0,0,27,1,6,0,34,52,67,30,42,56,68,60,70,92,57,38,17,83,0,66,86,84,93,87,89,88,87,32,12
l28,12=0,0,0,0,0,0,0,0,0,0,0,0,0,0,35,0,45,0,57,0,68,71,58,59,78,0,53,76,63,83,89,77,0,84,93,84,84,80,85,42,0
l29,12=0,0,0,0,0,0,0,0,0,0,0,0,0,0,0,0,0,0,60,0,62,44,0,65,61,1,0,65,62,83,88,83,87,0,93,87,86,78,84,18,0
l30,12=0,0,0,0,0,0,0,0,0,0,0,0,0,0,0,0,0,0,47,0,61,0,0,0,2,0,89,71,0,83,89,89,87,84,0,87,89,84,82,0,0
l31,12=0,0,0,0,0,8,0,0,0,0,0,0,5,0,33,26,47,0,72,12,70,68,65,61,79,0,0,66,77,83,89,0,85,84,93,0,93,91,92,5,41
l32,12=0,0,0,0,0,0,0,0,0,0,0,0,0,0,44,23,42,5,57,4,43,29,65,53,43,3,87,86,73,83,89,85,86,84,93,88,0,91,92,32,0
l33,12=0,0,0,0,0,0,0,0,0,0,0,0,55,0,91,14,55,64,0,0,0,40,63,0,0,12,84,92,79,83,89,84,84,84,93,88,95,0,92,0,0
l34,12=0,0,0,0,6,0,0,0,3,0,0,0,63,0,88,4,67,53,0,0,34,36,0,69,36,0,93,84,78,83,89,93,86,84,91,88,95,91,0,1,1
l35,12=0,0,0,0,0,0,0,0,1,0,16,0,73,57,65,67,70,72,59,32,69,70,73,78,57,50,87,0,0,0,0,0,2,0,0,0,0,0,0,0,89
l36,12=0,0,0,0,0,0,3,0,23,15,8,15,73,70,75,10,73,49,70,0,69,82,73,79,3,42,89,0,17,19,0,93,0,0,0,23,0,0,0,80,0
l37,12=0,0,0,0,0,0,0,0,0,0,0,0,14,38,72,0,72,49,68,38,54,74,76,70,64,83,78,8,0,0,0,91,0,0,0,3,0,0,0,71,87
l38,12=0,0,0,0,0,0,4,35,48,0,19,15,73,67,75,78,81,79,69,34,71,81,76,77,22,90,87,16,0,0,0,92,0,0,0,26,0,0,54,80,89
l39,12=0,0,0,0,0,0,0,0,0,0,15,0,21,29,0,5,76,74,76,40,85,82,84,79,72,0,0,0,0,31,19,5,10,0,0,60,2,0,0,80,89
l40,12=0,0,0,0,0,0,0,0,2,0,15,0,49,38,0,59,68,58,68,33,74,76,76,79,65,2,38,0,0,34,29,41,16,0,0,27,0,0,0,72,83

l0,13=0,15,6,35,32,7,5,5,0,7,5,3,0,2,0,0,0,0,0,0,0,0,0,0,0,0,0,0,1,0,0,0,0,0,0,0,0,0,0,0,0
l1,13=23,0,5,35,32,48,15,5,0,7,14,1,0,2,0,0,0,0,0,0,0,0,0,0,0,2,0,0,3,0,0,0,0,0,0,0,0,0,0,0,0
l2,13=22,15,0,34,32,23,33,45,3,52,47,40,0,3,0,0,0,3,0,0,0,0,0,0,0,0,0,2,3,0,0,0,0,0,0,0,0,0,0,0,0
l3,13=21,15,3,0,32,39,5,4,0,3,2,2,0,2,0,0,0,0,0,0,0,0,0,0,0,22,0,2,3,0,0,0,0,0,0,0,0,0,0,0,0
l4,13=21,15,6,36,0,46,5,5,0,10,5,3,0,0,0,0,0,0,0,0,0,0,0,0,0,0,0,2,0,0,0,0,0,0,0,0,0,0,0,0,0
l5,13=21,25,3,36,32,0,7,5,2,11,2,8,0,2,0,0,0,2,0,0,0,0,0,0,0,38,0,0,3,0,0,0,0,0,0,0,0,0,0,0,0
l6,13=21,22,30,35,32,40,0,61,5,62,59,15,0,4,0,1,0,2,0,0,1,0,0,3,2,0,0,0,0,0,0,0,0,0,0,0,0,0,0,0,0
l7,13=20,4,24,13,27,7,34,0,38,63,66,52,5,44,0,0,0,3,0,0,1,0,0,0,0,13,0,2,4,0,0,0,0,0,0,0,0,0,0,0,0
l8,13=19,6,10,25,26,49,34,63,0,63,66,52,50,83,11,75,32,22,0,0,9,0,6,5,0,1,0,2,7,0,0,0,0,0,0,0,0,1,0,0,0
l9,13=20,5,26,16,27,46,35,63,39,0,66,52,80,77,0,50,0,3,0,0,1,0,0,1,0,18,0,2,6,0,0,0,0,0,0,0,0,1,0,0,0
l10,13=20,24,26,12,26,40,34,61,40,63,0,52,85,83,0,88,75,5,0,0,3,7,4,3,2,19,0,4,1,0,0,0,0,0,0,0,0,0,0,0,2
l11,13=21,14,25,28,27,49,6,63,40,63,66,0,70,81,0,77,0,3,0,0,1,0,0,0,0,16,0,2,5,0,0,0,0,0,0,0,0,0,0,0,0
l12,13=18,4,2,7,0,28,35,57,27,26,35,26,0,83,92,94,34,99,34,0,0,31,33,70,48,49,0,51,29,0,0,0,0,0,0,1,0,81,44,82,64
l13,13=6,5,3,24,5,29,6,3,13,10,32,7,25,34,0,76,61,37,0,0,64,29,10,38,49,61,0,57,32,0,48,0,0,0,0,49,86,94,58,0,41
l14,13=0,2,0,0,0,42,22,55,27,15,36,26,95,83,95,0,94,100,73,49,72,31,33,27,66,96,29,47,29,0,0,44,0,0,0,0,33,53,0,74,64
l15,13=12,2,2,4,0,16,18,31,28,23,35,12,94,82,96,93,0,99,87,53,72,35,37,72,74,76,0,44,31,0,4,0,2,0,0,36,77,88,78,61,67
l16,13=0,0,1,0,0,23,13,48,34,20,50,24,95,83,96,94,94,0,76,31,83,93,97,90,54,36,10,58,27,0,2,72,0,0,0,3,68,86,74,84,76
l17,13=0,0,0,0,0,0,25,49,0,47,28,24,75,64,27,80,93,78,0,96,89,90,95,45,93,5,0,0,0,42,79,4,71,67,55,70,5,11,54,83,85
l18,13=0,0,0,0,0,0,32,1,0,0,53,44,74,70,2,84,84,80,97,0,86,90,83,85,94,0,20,0,0,75,76,55,8,0,0,52,0,0,2,72,51
l19,13=0,0,0,0,0,0,29,44,32,18,28,31,0,61,68,81,77,79,95,83,0,93,97,94,94,0,26,0,0,74,79,18,72,73,34,67,74,0,45,81,84
l20,13=0,0,0,0,0,0,0,48,29,32,59,39,88,74,82,89,89,99,94,92,91,0,97,95,92,0,71,5,21,70,70,82,81,34,0,80,59,56,87,88,92
l21,13=0,0,0,0,0,0,22,41,34,0,63,39,95,79,68,91,93,99,94,73,90,93,0,95,92,1,74,40,26,51,80,85,65,43,1,44,33,65,57,88,91
l22,13=0,0,0,0,0,0,30,37,26,31,27,18,83,11,58,62,87,79,5,78,90,93,97,0,46,0,78,21,10,52,53,50,73,64,25,38,63,32,67,88,92
l23,13=0,0,0,0,0,0,27,45,30,44,50,34,65,69,71,75,89,70,94,91,90,83,90,61,0,0,76,0,24,87,85,46,84,77,52,91,73,54,43,64,86
l24,13=9,0,0,6,18,1,0,4,0,2,36,6,24,28,96,74,33,32,0,0,0,0,0,0,0,0,86,0,86,32,74,85,79,31,0,56,93,98,38,0,0
l25,13=0,2,0,22,0,38,0,13,1,18,19,16,49,61,96,76,36,5,0,0,0,1,0,0,0,0,0,100,0,0,5,0,11,31,16,60,10,98,90,0,2
l26,13=0,0,0,0,0,0,0,0,0,0,0,0,0,0,29,0,10,0,20,26,71,74,78,76,86,0,0,75,0,0,94,0,91,90,96,95,93,93,76,15,51
l27,13=0,0,0,0,0,0,0,0,0,0,0,0,0,0,44,0,20,1,25,22,77,76,55,37,57,100,75,50,30,90,0,64,91,90,95,95,93,93,92,0,7
l28,13=0,0,0,0,0,0,0,0,0,0,0,0,0,0,0,0,38,0,67,0,75,79,79,80,87,0,0,77,72,90,93,81,0,90,96,95,84,87,90,3,0
l29,13=0,0,0,0,0,0,0,0,0,0,0,0,0,0,0,0,0,0,43,0,75,66,49,80,81,0,0,70,70,90,88,90,91,0,96,95,93,87,92,2,0
l30,13=0,0,0,0,0,0,0,0,0,0,0,0,0,0,19,0,0,0,76,0,70,0,0,76,79,5,94,0,70,90,93,94,91,90,0,95,92,93,73,0,0
l31,13=0,0,0,0,0,0,0,0,0,0,0,0,0,0,44,0,72,4,55,18,82,85,50,46,85,0,0,64,81,90,94,0,91,90,96,0,93,98,97,0,26
l32,13=0,0,0,0,0,0,0,0,0,0,0,0,0,0,63,61,50,25,2,0,70,27,21,40,56,11,91,95,27,90,93,91,89,90,96,95,0,98,97,18,0
l33,13=0,0,0,0,9,6,0,0,4,14,0,7,23,0,52,63,44,30,8,0,0,16,27,4,30,31,90,100,84,88,94,90,91,71,56,95,93,0,97,0,0
l34,13=0,0,0,0,13,0,0,0,0,0,0,0,23,4,94,56,87,25,20,0,15,83,24,41,42,16,96,98,85,56,94,96,91,90,46,95,93,98,0,0,0
l35,13=0,0,0,0,0,0,0,0,0,0,0,0,72,9,0,57,64,66,66,49,80,88,89,93,61,60,95,16,0,1,0,0,0,0,0,0,3,0,0,0,92
l36,13=0,0,0,0,0,0,0,0,21,11,12,10,74,39,75,48,35,49,65,54,71,90,73,93,74,10,93,1,20,24,0,93,0,0,0,8,0,0,0,88,0
l37,13=0,0,0,0,0,0,0,0,0,0,0,0,70,0,72,42,80,66,70,68,67,77,92,91,83,98,93,0,0,0,0,98,0,0,0,7,0,0,0,88,91
l38,13=0,0,0,0,0,2,0,0,29,0,45,5,82,74,88,92,93,92,74,25,81,92,90,87,84,90,76,31,3,23,15,97,0,0,0,0,0,4,65,88,93
l39,13=0,0,0,0,0,0,0,0,0,0,0,0,80,0,43,8,93,43,78,69,88,90,94,94,76,0,15,0,0,2,32,0,10,1,0,41,0,0,0,88,92
l40,13=0,0,0,0,0,0,0,0,0,0,22,0,38,21,36,68,68,57,80,54,78,85,80,92,84,2,51,0,0,21,0,26,0,50,0,20,0,0,0,88,91

l0,14=0,87,78,62,78,84,57,6,13,18,19,15,3,0,0,2,0,0,0,0,0,0,0,0,0,0,0,1,0,0,0,0,0,0,0,0,0,0,0,0,0
l1,14=61,0,98,63,78,84,99,100,50,99,100,98,8,51,2,7,1,0,0,0,0,0,0,0,0,11,0,4,1,0,0,0,0,0,0,0,0,0,0,0,0
l2,14=61,87,0,59,78,84,99,100,100,99,100,100,100,68,23,9,93,0,0,0,0,0,0,0,0,0,0,5,0,0,0,0,0,0,0,0,0,0,0,0,0
l3,14=61,87,15,0,78,84,6,1,17,19,4,4,0,8,1,0,0,0,0,0,0,0,0,0,0,57,0,1,2,0,0,0,0,0,0,0,0,0,0,0,0
l4,14=61,83,80,63,0,84,49,99,36,83,54,100,12,8,1,2,0,0,0,0,0,0,0,0,0,18,0,3,0,0,0,0,0,0,0,0,0,2,0,0,0
l5,14=61,87,79,63,77,0,29,100,100,85,46,100,8,4,1,8,4,1,0,0,0,0,0,0,0,83,0,9,3,0,0,0,0,0,0,0,0,5,0,0,0
l6,14=61,87,97,59,78,84,0,100,100,99,100,100,100,90,9,100,0,2,0,0,90,29,12,46,40,0,0,0,0,0,0,0,0,0,0,0,0,0,0,0,9
l7,14=55,87,98,7,78,84,99,0,100,99,100,100,100,99,48,32,99,3,6,0,30,34,57,36,37,0,0,23,0,0,0,0,0,0,0,0,0,0,0,0,0
l8,14=61,87,98,62,78,84,99,100,0,99,100,100,88,99,58,100,99,72,5,0,99,99,62,56,71,10,0,23,60,0,0,0,0,0,0,0,0,69,0,56,73
l9,14=60,86,98,60,78,84,99,100,100,0,100,100,100,99,13,100,99,45,24,0,31,57,57,48,76,36,0,22,57,0,0,0,0,0,0,0,0,3,0,0,19
l10,14=60,87,98,56,78,84,99,100,100,99,0,100,100,99,20,100,99,57,24,19,91,100,99,57,43,89,0,95,66,0,0,0,0,0,0,0,0,0,0,25,97
l11,14=61,87,98,60,78,84,79,100,100,99,100,0,100,99,26,100,98,4,10,0,0,98,62,9,21,56,0,99,61,0,0,0,0,0,0,0,0,0,0,0,82
l12,14=43,46,96,12,71,52,61,69,77,98,99,97,0,99,57,100,98,99,13,3,87,98,60,59,74,100,0,98,98,0,19,13,0,0,0,34,39,42,37,37,98
l13,14=0,86,96,62,77,56,30,36,84,57,80,49,100,86,0,100,99,75,0,0,98,61,23,55,66,99,0,100,100,28,18,8,0,0,0,44,62,76,31,39,98
l14,14=28,81,92,41,41,56,96,22,100,99,100,98,100,99,97,0,99,99,5,34,79,100,82,51,66,60,81,99,100,0,0,49,0,0,0,38,6,16,60,67,99
l15,14=20,54,94,0,19,36,54,71,95,98,98,65,98,94,96,100,0,94,95,61,98,98,67,99,81,100,0,95,98,0,2,79,31,0,0,57,60,74,61,67,98
l16,14=13,0,0,0,0,46,30,34,95,98,98,49,100,99,97,100,99,0,62,0,98,100,99,77,77,99,0,98,98,0,0,62,0,0,0,0,61,74,61,67,98
l17,14=0,0,0,0,0,0,36,44,0,85,91,35,72,90,0,0,97,94,0,98,98,97,97,86,99,72,0,0,0,88,95,0,79,85,87,92,80,39,83,95,85
l18,14=0,0,0,0,0,0,0,0,0,0,96,1,31,60,12,98,97,0,100,0,98,98,94,99,100,0,81,0,0,94,0,83,0,0,0,84,0,0,0,92,92
l19,14=0,0,0,0,0,0,83,19,84,34,29,51,79,99,79,97,97,98,100,89,0,100,97,99,100,0,68,0,81,88,88,42,73,95,78,90,80,79,0,100,87
l20,14=0,0,0,0,0,0,47,47,88,89,97,89,95,88,86,98,97,98,96,98,100,0,99,100,99,89,91,83,87,97,98,100,94,91,87,94,87,86,94,100,98
l21,14=0,0,0,0,0,0,57,44,88,82,97,89,98,91,45,98,97,98,100,78,99,100,0,100,99,61,98,81,26,92,94,62,0,90,0,46,44,91,90,100,98
l22,14=0,0,0,0,0,0,88,6,87,85,75,18,94,88,85,92,97,97,83,91,99,100,99,0,98,2,97,14,25,94,84,50,88,91,90,89,83,78,90,100,99
l23,14=0,0,0,0,0,0,80,48,65,91,64,74,83,93,81,88,97,94,100,98,98,98,97,99,0,3,99,69,0,98,97,82,95,95,96,97,91,73,89,99,95
l24,14=58,46,59,54,62,54,3,4,60,12,90,56,65,90,97,100,56,59,0,0,0,57,45,3,27,0,100,0,100,60,60,100,69,93,76,59,62,79,59,3,93
l25,14=0,11,0,57,18,83,0,0,10,36,89,56,100,99,60,100,99,72,0,0,89,61,2,3,0,0,0,100,0,58,10,0,76,96,44,47,62,76,62,2,0
l26,14=0,0,0,0,0,0,0,0,0,0,0,0,0,0,81,0,0,0,81,68,91,98,97,99,100,0,0,98,98,0,100,0,99,100,100,100,99,100,100,0,92
l27,14=0,0,0,0,0,0,0,0,0,0,0,0,54,0,29,78,0,0,83,0,98,61,61,81,99,100,98,98,58,100,0,100,99,100,99,100,97,100,100,0,84
l28,14=0,0,0,0,0,0,0,0,0,0,0,0,0,0,11,0,81,0,88,0,85,98,0,90,98,0,98,84,97,100,100,73,0,100,100,100,95,100,100,28,0
l29,14=0,0,0,0,0,0,0,0,0,0,0,0,0,0,3,0,0,0,97,0,99,94,89,99,97,58,0,92,98,100,100,100,99,0,100,100,99,91,100,0,0
l30,14=0,0,0,0,0,0,0,0,0,0,0,0,0,0,0,0,0,0,84,0,85,97,0,98,99,10,100,98,0,100,100,100,99,100,0,100,98,100,99,0,0
l31,14=0,0,0,0,0,0,0,0,0,0,0,0,13,8,49,79,62,0,83,42,100,62,50,82,100,0,0,100,73,100,100,0,99,100,100,0,99,100,100,0,0
l32,14=0,0,0,0,0,0,0,0,0,0,9,0,53,30,97,88,62,58,60,0,98,61,34,72,94,76,99,99,74,100,100,99,98,100,99,100,0,100,100,0,0
l33,14=0,0,0,0,43,42,0,0,78,6,0,0,27,24,97,0,63,58,1,0,97,50,52,49,72,96,100,100,75,100,100,100,99,97,100,100,99,0,100,0,0
l34,14=0,0,0,0,31,0,0,0,0,0,0,0,63,0,57,98,64,58,57,0,0,62,57,55,80,44,100,100,100,100,100,100,99,100,85,100,99,100,0,0,0
l35,14=0,0,0,0,0,0,0,0,79,0,29,0,83,52,20,94,97,9,94,13,95,98,97,99,96,47,100,0,0,0,0,0,0,0,0,0,0,0,0,0,99
l36,14=0,0,0,0,0,0,33,0,74,0,92,60,91,78,81,89,93,93,30,32,90,98,97,99,74,62,99,83,11,58,16,99,0,0,0,0,0,0,0,100,0
l37,14=0,0,0,0,0,0,0,0,5,1,0,0,83,81,79,87,93,90,88,53,89,94,93,93,89,76,100,0,0,0,7,100,3,0,0,0,0,0,0,100,98
l38,14=0,0,0,0,0,0,2,10,82,76,94,0,55,99,94,98,96,98,20,0,98,99,97,99,99,62,100,94,0,58,18,100,0,0,0,0,39,65,58,100,100
l39,14=0,0,0,0,0,0,0,0,0,0,3,0,88,82,52,91,95,69,70,88,93,97,97,96,92,2,0,0,0,85,2,0,0,71,0,0,0,0,0,100,97
l40,14=0,0,0,0,0,0,0,0,3,0,0,0,6,0,76,76,87,82,92,13,80,90,92,96,90,0,92,0,0,83,79,0,73,82,0,81,69,0,0,100,98

l0,15=0,100,100,100,99,100,82,100,99,59,89,100,53,63,0,10,2,0,0,0,0,0,0,0,0,98,0,92,73,0,0,0,0,0,0,0,0,0,0,0,0
l1,15=98,0,100,100,99,100,99,100,97,99,100,100,33,59,62,55,62,0,0,0,0,0,0,0,0,23,0,55,61,0,0,0,0,0,0,0,0,0,0,0,0
l2,15=98,100,0,97,99,100,99,100,98,99,62,100,100,46,61,50,62,0,0,0,0,0,2,0,15,0,0,0,0,0,0,0,0,0,0,0,0,0,0,0,0
l3,15=98,100,100,0,99,100,83,100,99,58,98,100,22,2,7,3,1,0,0,0,0,0,0,0,0,65,0,21,15,0,0,0,0,0,0,0,0,0,0,0,0
l4,15=98,100,100,100,0,100,81,100,98,59,56,100,63,46,2,44,52,0,0,0,0,0,0,0,0,56,0,60,89,0,0,0,0,0,0,0,0,2,0,0,0
l5,15=95,100,100,100,99,0,99,100,98,88,100,100,100,55,24,50,31,15,0,0,0,0,0,0,0,61,0,53,97,0,0,0,0,0,0,0,0,94,0,0,0
l6,15=98,100,100,99,99,100,0,100,99,99,100,100,100,73,9,100,100,91,59,0,57,94,90,71,68,67,0,0,94,0,0,0,0,0,0,0,0,0,0,13,2
l7,15=98,82,100,100,99,100,99,0,99,99,100,100,97,63,68,100,100,85,72,0,76,87,91,39,86,0,0,0,0,0,0,0,0,0,0,0,0,0,0,3,25
l8,15=92,70,90,64,58,99,99,100,0,99,100,100,98,75,59,100,98,0,0,0,67,94,93,72,50,95,0,30,94,0,0,0,0,0,0,0,0,79,0,92,91
l9,15=98,100,100,98,95,100,99,100,99,0,100,100,98,98,21,100,100,96,62,0,0,95,92,61,27,59,0,24,91,0,0,0,0,0,0,0,0,0,0,19,54
l10,15=98,100,34,78,17,100,99,100,99,99,0,100,96,98,58,100,99,90,59,38,52,99,95,66,0,57,0,36,68,0,0,0,0,0,0,0,0,0,0,54,65
l11,15=98,100,94,60,99,100,99,100,99,99,100,0,99,98,56,75,99,2,59,0,33,94,95,0,51,36,0,43,29,0,0,0,0,0,0,0,0,0,0,0,6
l12,15=44,36,92,32,0,57,93,88,93,93,67,89,0,98,61,100,100,95,0,0,68,96,92,67,49,100,0,59,96,0,45,0,0,0,0,0,0,15,71,70,92
l13,15=0,98,91,32,44,46,0,59,98,55,61,69,100,80,0,100,100,100,33,0,47,54,3,61,44,80,0,97,100,94,0,1,10,0,0,52,64,81,100,36,98
l14,15=49,44,73,20,16,57,99,49,99,99,100,99,100,98,100,0,100,100,59,47,67,99,95,66,32,100,83,69,100,0,0,57,0,0,0,5,0,49,78,97,74
l15,15=17,44,80,42,15,2,97,98,94,96,70,90,100,80,100,100,0,99,60,58,70,98,91,97,52,63,0,49,95,0,48,30,37,5,0,59,58,98,97,99,97
l16,15=0,0,0,0,0,49,52,73,13,98,70,35,100,97,100,100,100,0,53,29,99,99,95,98,36,97,0,27,99,37,0,62,0,0,0,51,79,98,99,75,97
l17,15=0,0,0,0,0,0,65,63,1,73,90,67,0,91,64,88,99,91,0,100,99,89,95,89,97,100,0,0,0,71,95,78,0,83,77,95,77,0,0,94,92
l18,15=0,0,0,0,0,0,0,1,0,1,92,2,0,90,0,87,100,45,100,0,99,99,94,97,97,0,83,0,0,86,0,99,0,76,0,77,0,0,0,91,90
l19,15=0,0,0,0,0,0,82,72,74,18,81,74,81,76,42,73,100,77,100,83,0,99,94,98,97,0,53,0,0,83,48,20,41,81,42,84,50,68,65,81,81
l20,15=0,0,0,0,0,0,63,28,72,69,85,71,82,72,79,79,83,81,79,83,99,0,95,98,79,0,99,69,73,82,74,59,81,62,65,73,71,7,76,81,82
l21,15=0,0,0,0,0,0,80,75,78,72,86,81,84,75,79,84,79,82,86,83,98,99,0,98,78,61,99,72,76,81,77,60,81,75,0,85,65,81,80,81,81
l22,15=0,0,0,0,0,0,83,42,75,54,82,7,83,78,87,73,99,83,79,85,99,99,95,0,79,89,94,0,0,81,52,93,76,78,74,83,68,55,48,99,97
l23,15=0,0,0,0,0,0,80,75,65,52,28,80,78,86,47,45,92,37,99,99,99,98,88,95,0,0,98,0,0,98,93,61,35,41,77,82,69,69,71,98,53
l24,15=98,97,0,0,58,62,0,0,74,47,46,60,100,80,100,60,61,0,0,0,0,58,89,0,0,0,97,0,100,66,51,55,59,76,54,61,62,99,100,0,97
l25,15=98,23,0,65,56,61,67,0,95,59,57,36,100,80,100,63,97,100,0,0,0,61,89,0,0,0,0,97,0,96,62,0,59,81,57,63,100,99,100,30,0
l26,15=0,0,0,0,0,0,0,0,0,0,0,0,0,0,83,0,0,0,83,53,99,99,94,98,97,0,0,18,100,0,100,0,100,100,100,100,100,99,100,96,83
l27,15=0,0,0,0,0,9,0,0,0,0,0,0,98,71,3,0,61,0,99,0,60,63,94,60,95,97,18,80,99,100,0,97,100,100,100,100,100,99,100,0,94
l28,15=0,0,0,0,0,0,0,0,0,0,0,0,0,0,33,0,58,0,0,0,97,99,94,97,64,0,100,97,100,100,100,99,0,100,100,100,100,99,100,81,0
l29,15=0,0,0,0,0,0,0,0,0,0,0,0,0,0,17,0,2,0,99,41,99,76,94,97,54,96,0,97,99,100,100,100,100,0,100,100,100,99,100,0,0
l30,15=0,0,0,0,0,0,0,0,0,0,0,0,0,0,0,0,0,0,99,0,88,61,0,97,96,62,100,97,99,100,100,100,100,100,0,100,100,99,100,0,0
l31,15=0,0,0,0,0,0,0,0,0,0,0,0,0,1,57,30,62,78,99,20,59,60,93,61,55,0,0,97,99,100,100,0,100,100,100,0,100,99,100,25,0
l32,15=0,0,0,0,0,0,0,0,0,0,0,0,1,78,87,0,63,99,60,0,57,62,93,61,68,59,100,97,100,100,100,100,100,100,100,100,0,99,100,2,0
l33,15=0,0,0,0,45,64,0,0,97,0,1,0,37,0,69,59,63,100,0,0,57,58,94,61,55,81,100,97,100,100,100,100,100,100,100,100,100,0,100,0,0
l34,15=0,0,0,0,0,0,0,0,0,0,0,0,100,77,99,59,63,100,0,0,57,60,95,58,55,57,100,97,100,100,100,100,100,100,91,100,100,99,0,0,0
l35,15=0,0,0,0,0,0,0,1,30,5,28,0,38,52,0,69,93,61,75,59,89,96,93,96,89,63,100,0,17,61,0,0,13,0,0,0,0,0,0,0,97
l36,15=0,0,0,0,0,0,0,0,42,24,46,0,76,45,82,45,80,74,32,35,72,87,70,83,17,100,100,40,0,49,25,100,0,0,0,0,0,0,0,100,0
l37,15=0,0,0,0,0,0,0,0,37,0,0,0,68,64,38,68,75,71,71,46,72,95,66,69,72,99,99,0,0,0,33,99,42,2,0,46,0,0,0,99,97
l38,15=0,0,0,0,0,0,9,0,64,46,51,72,78,74,84,76,77,82,55,19,83,99,77,97,70,100,100,51,53,56,32,100,1,0,0,0,0,0,0,100,98
l39,15=0,0,0,0,0,0,0,0,0,0,14,0,59,49,54,59,75,26,78,57,80,91,77,74,73,30,96,0,0,53,0,25,0,53,0,57,0,0,0,100,79
l40,15=0,0,0,0,0,0,0,0,0,0,0,0,59,0,15,63,65,57,59,0,80,68,72,96,64,0,83,0,0,0,52,0,63,50,0,55,38,1,0,96,95

q0=0
q1=1
q2=1
q3=1
q4=1
q5=1
q6=1
q7=1
q8=1
q9=1
q10=1
q11=1
q12=1
q13=1
q14=1
q15=1
q16=1
q17=1
q18=1
q19=1
q20=1
q21=1
q22=1
q23=1
q24=1
q25=1
q26=1
q27=1
q28=1
q29=1
q30=1
q31=1
q32=1
q33=1
q34=1
q35=1
q36=1
q37=1
q38=1
q39=1
q40=1

a0=0x01
a1=0x02
a2=0x03
a3=0x04
a4=0x05
a5=0x06
a6=0x07
a7=0x08
a8=0x09
a9=0x0a
a10=0x0b
a11=0x0c
a12=0x0d
a13=0x0e
a14=0x0f
a15=0x10
a16=0x11
a17=0x12
a18=0x13
a19=0x14
a20=0x15
a21=0x16
a22=0x17
a23=0x18
a24=0x19
a25=0x1a
a26=0x1b
a27=0x1c
a28=0x1d
a29=0x1e
a30=0x1f
a31=0x20
a32=0x21
a33=0x22
a34=0x23
a35=0x24
a36=0x25
a37=0x26
a38=0x27
a39=0x28
a40=0x29

