n=41

l0,0=0,87,90,88,88,86,87,88,76,88,88,90,79,77,0,81,55,0,0,0,0,0,0,0,0,26,0,83,79,0,0,0,0,0,0,0,0,5,0,0,0
l1,0=88,0,89,88,88,86,88,88,42,89,88,92,66,0,0,74,13,60,0,0,0,0,0,0,0,31,0,0,72,0,0,0,0,0,0,0,0,0,0,0,0
l2,0=89,89,0,88,86,86,89,89,75,89,89,92,71,84,76,77,74,69,17,0,0,0,0,55,0,68,0,31,65,0,0,0,0,0,0,0,0,0,0,0,0
l3,0=89,89,87,0,88,86,89,51,29,88,88,86,46,82,75,83,69,0,0,0,0,0,0,0,0,45,0,83,78,0,0,0,0,0,0,0,0,0,25,0,0
l4,0=89,89,86,88,0,86,85,86,70,86,87,92,73,75,0,17,0,0,0,0,0,0,0,0,0,29,0,83,70,0,0,0,0,0,0,0,0,0,0,0,0
l5,0=89,89,90,84,88,0,87,54,43,74,88,90,68,74,0,73,0,66,0,0,0,0,0,0,0,16,0,78,63,0,0,0,0,0,0,0,0,69,1,0,0
l6,0=88,89,90,88,86,86,0,91,75,89,89,92,83,85,79,86,85,71,0,31,21,31,54,68,51,0,0,0,0,0,0,0,0,0,0,0,0,0,0,0,15
l7,0=88,88,88,58,86,86,89,0,76,89,88,92,87,85,67,74,52,68,69,0,22,34,70,59,0,32,0,50,61,0,0,0,0,0,0,0,0,0,0,0,0
l8,0=53,35,86,0,37,28,87,87,0,74,89,44,71,89,76,88,86,81,22,29,23,42,89,73,77,41,0,73,43,0,0,0,0,0,0,0,0,40,0,27,10
l9,0=80,87,87,77,34,86,89,91,71,0,89,92,83,85,73,58,75,74,48,12,0,39,8,64,72,40,0,0,43,0,0,0,0,0,0,0,0,0,0,0,0
l10,0=87,87,87,80,81,86,87,87,84,90,0,92,83,84,78,84,82,88,0,0,6,32,61,77,72,20,0,51,56,0,0,0,0,0,0,0,0,32,0,0,0
l11,0=54,89,90,79,88,86,89,91,45,90,89,0,88,88,83,90,71,86,59,18,21,0,82,0,7,8,0,42,57,0,0,0,0,0,0,0,0,0,0,0,8
l12,0=22,22,65,0,26,20,73,51,35,50,67,47,0,88,89,92,90,100,0,26,23,43,76,67,79,33,0,82,72,0,25,0,0,0,0,0,3,73,50,28,29
l13,0=0,0,76,25,0,0,79,30,44,50,44,46,88,45,0,92,92,100,0,0,5,45,83,37,0,0,20,94,89,16,21,0,0,0,15,42,3,83,88,29,31
l14,0=23,30,66,59,15,23,72,48,55,40,50,81,95,89,90,0,92,100,77,0,19,45,78,76,78,90,43,82,66,0,0,71,0,0,0,0,0,60,58,28,28
l15,0=9,0,59,2,0,0,75,12,52,42,54,17,95,67,90,90,0,100,98,31,30,58,93,91,85,77,0,0,40,0,19,0,36,0,1,40,0,77,62,34,33
l16,0=0,6,69,0,0,17,51,38,51,54,89,43,95,89,90,92,92,0,77,29,29,45,93,89,71,76,0,92,88,0,17,79,0,0,0,0,0,91,65,0,32
l17,0=0,0,9,0,0,0,0,56,40,55,0,64,0,85,0,79,90,82,0,100,96,86,92,90,94,87,0,0,0,68,74,0,85,86,0,86,18,0,71,87,83
l18,0=0,0,0,0,0,0,85,0,67,2,0,0,58,81,0,0,90,80,100,0,92,87,89,90,94,0,47,0,0,55,88,86,0,67,0,84,59,0,0,0,0
l19,0=0,0,0,0,0,0,68,66,58,0,3,68,73,80,64,69,85,76,99,77,0,87,83,92,93,0,47,0,8,82,81,67,76,84,73,84,61,67,70,79,88
l20,0=0,0,0,0,0,0,47,27,51,52,30,0,68,71,82,81,85,90,90,91,96,0,93,92,90,15,93,0,2,72,29,87,22,0,0,74,11,74,79,88,89
l21,0=0,1,0,0,0,0,59,38,69,23,45,71,80,77,78,79,88,91,99,41,78,88,0,91,87,9,52,3,41,49,87,78,39,39,16,71,56,74,2,91,89
l22,0=0,0,50,0,0,0,65,28,57,47,80,0,60,76,60,78,89,86,90,90,98,88,93,0,87,45,28,38,0,81,79,76,31,82,58,63,69,60,74,91,89
l23,0=0,0,0,0,0,0,59,0,58,67,78,5,74,77,0,74,85,83,100,97,96,87,91,90,0,0,89,37,0,91,89,79,86,88,81,90,87,68,69,80,49
l24,0=23,0,19,48,31,17,0,16,41,0,18,3,32,82,90,82,0,54,0,0,0,0,0,30,1,0,94,0,89,26,51,93,52,0,23,22,71,88,90,0,0
l25,0=26,31,68,45,29,16,0,32,41,40,20,8,33,0,90,77,76,87,0,0,15,9,45,0,0,0,0,94,0,90,88,0,48,52,27,44,54,92,91,0,0
l26,0=0,0,0,0,0,0,0,0,0,0,0,0,0,20,43,0,0,0,47,47,93,52,28,89,94,0,0,72,88,0,97,0,100,100,100,98,100,92,96,0,1
l27,0=0,0,0,0,0,0,0,0,0,0,0,0,6,0,13,0,7,0,67,44,84,0,80,56,92,94,72,93,87,99,0,94,100,100,100,98,100,93,96,32,0
l28,0=0,0,0,0,0,0,0,0,0,0,0,0,0,0,0,0,39,0,55,0,75,15,28,30,82,0,88,79,32,99,97,84,0,100,100,98,100,93,96,0,0
l29,0=0,0,0,0,0,0,0,0,0,0,0,0,0,0,0,0,2,0,60,36,89,0,29,69,79,90,0,0,42,99,97,99,100,0,100,98,100,84,90,0,0
l30,0=0,0,0,0,0,0,0,0,0,0,0,0,0,0,54,0,0,0,0,0,70,0,0,37,62,88,97,68,27,99,97,97,100,100,0,97,89,85,61,0,0
l31,0=0,0,0,0,0,0,0,0,0,0,0,0,0,0,71,0,79,0,86,67,87,78,76,79,93,0,0,94,84,99,97,0,100,100,100,0,100,93,96,9,3
l32,0=0,0,0,0,0,0,0,0,0,0,0,0,2,32,79,0,0,0,5,23,29,13,92,61,73,48,100,94,52,66,97,100,100,100,68,98,0,93,96,11,0
l33,0=0,0,0,0,0,12,0,0,28,0,5,0,30,77,85,49,85,53,0,0,29,34,79,39,44,52,100,94,55,34,97,100,96,54,37,70,100,0,96,0,5
l34,0=0,0,0,1,0,10,0,0,0,0,0,0,26,37,89,69,87,49,73,0,55,54,9,61,57,27,100,94,87,97,97,100,100,96,39,98,100,93,0,29,0
l35,0=0,0,0,0,0,0,0,0,54,0,0,0,74,70,74,72,78,0,85,0,82,84,90,87,74,44,98,0,0,0,74,0,0,0,0,1,20,0,23,0,89
l36,0=0,0,0,0,0,0,40,0,26,0,0,0,73,66,71,64,85,76,74,0,71,87,91,90,61,54,100,0,0,0,32,100,0,0,0,12,0,46,0,91,0
l37,0=0,0,0,0,0,0,0,0,0,0,29,0,69,28,59,57,73,76,73,74,65,86,71,88,91,92,92,33,58,38,0,93,0,0,0,0,0,0,0,91,89
l38,0=0,0,0,0,0,0,0,28,58,0,53,42,78,76,82,86,90,94,0,47,91,87,92,88,83,91,96,70,31,46,0,96,0,0,0,0,8,37,53,92,91
l39,0=0,0,0,0,0,0,0,0,16,0,0,0,58,58,58,56,79,70,72,0,88,87,89,89,78,0,0,0,0,0,0,9,33,0,0,66,0,0,0,91,89
l40,0=0,0,0,0,0,0,0,0,33,0,0,0,34,41,36,48,66,49,82,69,85,84,92,86,85,0,1,0,0,54,65,3,20,56,0,58,0,0,0,91,88

l0,1=0,88,88,93,91,87,79,84,81,82,80,87,68,70,15,0,0,0,0,0,0,0,0,0,0,26,0,79,56,0,0,0,0,0,0,0,0,0,0,0,0
l1,1=87,0,86,88,91,87,83,83,52,82,52,87,69,55,69,0,33,45,0,0,0,0,0,0,0,24,0,44,41,0,0,0,0,0,0,0,0,0,0,0,0
l2,1=89,88,0,85,91,87,84,88,79,82,81,90,76,76,75,54,0,44,0,0,0,0,69,16,0,5,0,31,34,0,0,0,0,0,0,0,0,0,0,0,0
l3,1=89,89,85,0,91,87,82,84,81,82,80,87,75,63,55,0,0,2,0,0,0,0,0,0,0,35,0,83,77,0,0,0,0,0,0,0,0,1,0,0,0
l4,1=89,89,84,93,0,87,79,80,55,79,80,87,44,69,59,0,10,0,0,0,0,0,0,0,0,0,0,46,0,0,0,0,0,0,0,0,0,0,0,0,0
l5,1=89,89,88,85,91,0,82,77,56,53,79,87,73,74,0,1,0,0,0,0,0,0,0,0,0,0,0,47,0,0,0,0,0,0,0,0,0,44,37,0,0
l6,1=64,87,87,85,72,87,0,88,80,82,79,90,75,74,63,69,59,41,66,51,66,56,60,63,19,31,0,59,52,0,0,0,0,0,0,0,0,0,0,0,0
l7,1=87,86,87,75,73,74,84,0,82,83,81,90,77,71,60,78,33,38,52,0,0,73,23,61,54,46,0,0,37,0,0,0,0,0,0,0,0,0,0,35,0
l8,1=79,43,63,74,69,82,78,84,0,82,81,87,71,83,74,79,69,73,41,69,50,18,81,78,73,7,0,42,26,0,4,0,0,0,0,0,0,0,0,70,48
l9,1=77,87,85,72,75,75,84,88,81,0,81,90,79,82,65,81,60,63,0,0,46,65,70,71,0,24,0,0,35,0,0,0,0,0,0,0,0,0,0,0,31
l10,1=72,56,85,72,84,85,81,84,84,83,0,90,79,82,73,81,66,78,57,0,56,59,75,75,71,21,0,29,31,0,0,0,0,0,0,0,0,0,0,0,1
l11,1=85,89,88,81,84,85,84,88,83,83,81,0,79,82,56,81,35,36,41,51,54,66,77,67,56,55,0,34,33,0,0,0,0,0,0,0,0,0,0,8,0
l12,1=28,28,41,55,41,42,74,74,50,79,76,76,0,83,73,85,79,88,57,43,76,78,74,76,46,75,0,48,43,0,0,24,0,0,0,39,0,50,41,78,61
l13,1=0,7,6,3,51,0,45,42,35,28,33,62,72,46,0,57,50,55,39,0,66,82,76,71,67,36,0,52,53,6,41,0,0,42,21,30,22,35,44,55,0
l14,1=0,0,23,0,0,2,71,74,55,51,53,73,85,78,81,0,48,88,68,70,76,79,71,79,73,88,8,31,1,0,0,71,0,0,0,0,0,41,43,74,51
l15,1=0,14,0,0,26,0,71,55,49,43,44,68,78,70,83,53,0,85,82,54,40,91,90,88,77,0,0,24,61,0,7,0,22,0,0,46,48,42,49,79,56
l16,1=0,36,23,0,0,0,42,73,52,47,48,67,85,79,82,85,84,0,75,47,75,83,80,79,75,52,0,44,46,0,71,41,0,0,0,33,0,53,72,77,52
l17,1=0,0,0,0,0,0,66,59,52,3,59,51,57,71,49,65,74,71,0,91,88,90,92,86,88,54,0,42,0,60,67,16,73,61,27,80,47,56,60,82,79
l18,1=0,0,0,0,0,0,52,0,71,0,0,56,62,71,0,71,69,64,93,0,87,90,85,85,85,0,32,0,0,45,76,77,0,64,0,72,66,0,0,0,78
l19,1=0,0,0,0,0,0,63,0,22,25,48,47,68,65,55,66,48,60,85,78,0,90,76,88,85,0,8,0,0,71,78,14,76,56,38,72,65,67,58,79,73
l20,1=0,0,0,0,0,0,48,73,17,51,55,62,74,70,79,73,76,76,87,86,91,0,92,88,85,0,91,0,55,49,77,76,35,29,39,76,79,77,77,88,85
l21,1=0,0,43,0,0,0,57,13,73,68,69,70,74,74,75,60,76,76,87,85,86,91,0,88,84,41,32,1,66,22,70,78,2,42,28,58,82,79,65,90,75
l22,1=0,0,1,0,0,0,54,51,73,56,63,50,54,71,50,73,77,70,86,85,93,91,92,0,85,49,5,0,0,69,66,17,62,62,37,74,31,55,56,90,85
l23,1=0,0,0,0,0,0,39,45,70,0,65,59,54,65,62,68,70,71,87,86,90,90,85,85,0,0,76,0,0,75,81,77,79,68,57,81,81,30,51,81,76
l24,1=38,33,0,37,43,13,26,0,28,0,23,49,80,52,87,25,39,48,15,0,0,0,0,0,0,0,86,0,86,35,39,85,46,0,29,45,87,94,51,0,12
l25,1=26,24,5,35,0,0,31,46,7,24,21,55,75,36,88,0,52,54,0,0,0,41,49,0,0,0,0,89,0,47,56,0,50,41,33,51,51,94,79,0,5
l26,1=0,0,0,0,0,0,0,0,0,0,0,0,0,0,8,0,0,0,32,8,91,32,5,76,86,0,0,54,84,0,89,0,93,79,98,91,95,94,88,11,0
l27,1=0,0,0,0,0,0,0,0,0,0,0,0,0,0,35,0,14,37,37,29,85,44,37,37,82,89,54,80,69,81,0,74,93,79,84,91,95,94,89,32,17
l28,1=0,0,0,0,0,0,0,0,0,0,0,0,0,0,0,0,28,0,66,0,84,33,0,61,85,0,84,69,75,81,89,79,0,79,98,91,83,94,89,17,15
l29,1=0,0,0,0,0,0,0,0,0,0,0,0,0,0,16,0,0,0,34,24,61,21,13,54,71,47,0,0,60,81,89,81,93,0,98,91,95,60,87,0,0
l30,1=0,0,0,0,0,0,0,0,0,0,0,0,0,0,0,0,0,0,0,0,57,64,1,43,52,56,89,60,36,81,83,89,93,79,0,88,79,85,50,0,0
l31,1=0,0,0,0,0,0,0,0,0,0,0,0,24,0,71,0,41,16,77,14,76,78,17,77,85,0,0,74,79,81,89,0,93,79,98,0,95,94,89,19,13
l32,1=0,0,0,0,0,0,0,0,0,0,0,0,0,9,28,0,68,1,8,11,37,42,47,13,47,50,93,89,77,81,89,93,50,79,64,91,0,94,89,5,0
l33,1=0,0,0,0,0,14,0,0,0,0,0,0,67,46,50,7,45,82,21,0,39,43,52,34,2,41,79,74,84,63,88,79,57,43,70,89,92,0,88,0,1
l34,1=0,0,0,0,1,8,0,0,0,0,0,0,39,11,50,24,64,40,27,3,44,65,49,36,15,33,98,89,86,79,89,98,93,76,53,91,95,94,0,0,3
l35,1=0,0,0,0,0,0,0,0,53,0,0,0,73,56,65,68,69,62,78,0,83,88,88,86,77,51,91,0,0,0,55,0,0,0,0,51,0,0,0,0,85
l36,1=0,0,0,0,0,0,0,0,29,21,0,0,74,71,0,47,73,72,86,76,84,90,79,86,76,51,95,20,0,0,54,95,1,0,0,17,0,7,0,91,0
l37,1=0,0,0,0,0,0,0,0,50,5,0,0,69,11,44,68,43,67,81,71,30,89,88,81,85,94,94,0,2,12,0,94,0,0,0,0,0,0,0,90,84
l38,1=0,0,0,0,0,0,15,53,73,30,41,36,76,71,78,69,75,72,85,66,87,91,88,84,83,79,88,68,68,0,42,89,20,0,0,8,0,0,31,92,87
l39,1=0,0,0,0,0,0,0,0,0,0,0,0,57,57,60,52,72,0,48,0,86,90,90,86,79,0,11,0,0,50,7,19,51,35,0,45,0,0,1,90,85
l40,1=0,0,0,0,0,0,0,0,24,0,0,0,51,51,44,0,49,52,83,62,80,87,83,84,65,5,0,0,0,40,56,13,33,26,0,25,0,0,0,87,84

l0,2=0,79,84,82,88,88,78,83,76,81,82,87,44,61,58,74,5,0,0,0,0,0,0,0,0,38,0,74,44,0,0,0,0,0,0,0,0,0,0,0,0
l1,2=85,0,83,79,89,88,79,82,72,82,79,84,65,81,67,63,38,53,0,0,0,0,0,0,0,62,0,72,65,0,0,0,0,0,0,0,0,0,0,0,0
l2,2=86,75,0,78,88,88,83,86,77,84,82,87,75,84,70,63,73,51,0,0,46,0,56,0,0,51,0,72,68,0,0,0,0,0,0,0,0,0,0,0,0
l3,2=93,79,84,0,89,84,78,84,72,81,83,87,62,66,65,60,0,0,0,0,0,0,0,0,0,45,0,69,64,0,0,0,0,0,0,0,0,0,0,0,0
l4,2=85,79,84,82,0,88,79,20,72,81,82,85,64,73,20,32,0,0,0,0,0,0,0,0,0,66,0,0,64,0,0,0,0,0,0,0,0,0,0,0,0
l5,2=88,79,82,72,89,0,79,81,76,83,82,87,75,58,0,60,69,28,0,0,0,0,0,0,0,36,0,79,36,0,0,0,0,0,0,0,0,0,0,0,0
l6,2=80,68,83,72,85,85,0,85,71,84,82,87,77,85,29,74,73,0,44,54,62,7,53,56,42,56,0,58,50,0,0,0,0,0,0,0,0,0,0,0,0
l7,2=83,68,81,73,55,84,82,0,77,86,82,87,77,72,57,75,53,60,54,19,0,60,49,54,47,31,0,50,49,0,0,0,0,0,0,0,0,0,0,0,32
l8,2=75,57,65,61,73,84,70,81,0,84,83,87,71,86,59,79,77,74,0,52,55,59,71,69,51,52,0,0,53,0,0,0,0,0,0,0,0,32,0,11,50
l9,2=68,68,72,68,82,70,82,88,76,0,83,87,77,86,61,77,55,73,60,50,39,54,66,58,0,32,0,57,50,0,0,0,0,0,0,0,0,0,0,50,48
l10,2=80,63,79,71,84,84,78,79,78,86,0,87,76,86,64,77,75,73,0,49,51,67,65,60,56,36,0,52,53,0,0,0,0,0,0,0,0,0,7,43,42
l11,2=72,64,78,71,85,85,82,88,77,86,83,0,75,86,48,70,53,64,0,0,53,51,51,0,0,60,0,55,54,0,0,0,0,0,0,0,0,0,0,0,0
l12,2=53,51,57,19,62,70,69,72,66,78,73,76,0,87,0,81,85,90,68,57,66,70,75,80,37,50,0,80,65,0,0,22,0,0,0,38,56,60,8,62,75
l13,2=59,44,39,33,20,0,28,55,65,68,69,45,0,79,0,71,90,87,0,0,0,79,76,38,24,71,0,89,88,36,47,0,0,0,0,47,0,82,53,63,68
l14,2=71,40,54,7,46,65,66,70,74,77,75,68,86,80,65,0,76,90,68,57,64,77,62,66,53,82,40,68,49,0,31,39,0,0,0,0,0,60,0,62,62
l15,2=0,2,47,0,0,59,66,33,66,44,65,57,73,71,81,64,0,90,84,57,76,90,83,92,70,41,0,79,76,18,0,0,0,0,0,53,50,60,67,76,63
l16,2=0,3,8,0,0,11,0,63,71,74,72,73,86,81,78,81,90,0,71,0,65,84,86,72,72,88,21,69,78,0,34,54,0,0,0,0,0,76,66,61,74
l17,2=0,0,0,0,0,0,38,41,0,65,0,0,69,73,0,61,83,70,0,89,84,83,87,87,88,77,0,0,0,79,2,0,75,39,65,55,51,53,59,87,76
l18,2=0,0,0,0,0,0,61,0,53,60,51,0,64,73,0,56,68,0,92,0,81,87,83,85,81,0,85,0,0,0,0,49,0,0,0,0,0,1,0,0,79
l19,2=0,0,1,0,0,0,55,0,30,34,39,42,69,70,0,62,75,54,87,79,0,90,85,92,85,0,0,0,0,78,70,0,76,74,46,72,60,59,0,80,76
l20,2=0,0,0,0,0,0,0,56,31,48,64,40,71,72,67,67,85,73,82,81,88,0,89,92,80,0,86,0,0,66,62,82,48,72,60,66,0,48,75,89,85
l21,2=0,0,34,0,0,0,49,37,68,68,66,51,73,74,68,48,79,75,87,81,83,90,0,92,80,0,64,48,52,62,27,59,38,40,43,49,57,74,76,88,83
l22,2=0,0,0,0,0,0,43,42,63,49,47,0,72,73,41,44,82,59,87,80,91,90,89,0,81,49,72,4,35,67,64,36,56,72,41,62,0,67,44,89,84
l23,2=0,0,0,0,0,0,46,50,45,27,60,0,51,67,43,64,80,72,92,83,86,88,85,87,0,40,73,0,0,82,74,75,81,77,53,76,40,54,38,87,82
l24,2=72,70,58,49,1,81,55,1,0,52,30,54,51,73,80,71,85,72,0,0,0,0,37,0,0,0,85,0,88,46,77,80,45,40,64,81,80,95,84,0,44
l25,2=38,62,51,45,66,36,56,31,52,32,36,60,50,71,82,41,88,77,0,0,0,0,49,40,0,0,0,90,0,51,83,0,51,49,37,86,79,95,94,0,0
l26,2=0,0,0,0,0,0,0,0,0,0,0,0,0,0,40,0,21,0,85,0,86,64,72,73,85,0,0,72,80,0,91,0,94,91,98,93,91,95,96,0,0
l27,2=0,0,0,0,0,0,0,0,0,0,0,0,0,1,51,23,0,29,0,0,82,49,9,77,87,90,72,81,79,91,0,85,94,91,98,93,91,95,97,6,62
l28,2=0,0,0,0,0,0,0,0,0,0,0,0,0,0,39,0,26,0,68,0,75,48,36,62,86,0,80,59,66,91,91,87,0,91,98,93,88,95,97,56,0
l29,2=0,0,0,0,0,0,0,0,0,0,0,0,0,0,0,0,0,0,27,0,82,66,36,76,76,51,0,54,54,91,91,91,94,0,98,93,91,0,94,0,5
l30,2=0,0,0,0,0,0,0,0,0,0,0,0,0,0,0,0,0,0,65,0,54,63,41,60,60,83,91,58,48,91,91,91,94,91,0,93,86,87,76,0,0
l31,2=0,0,0,0,0,0,0,0,0,0,0,0,22,0,39,0,54,0,49,0,82,59,36,75,80,0,0,85,87,91,91,0,94,91,97,0,91,95,97,51,45
l32,2=0,0,0,0,0,0,0,0,0,0,0,0,32,42,0,0,46,0,48,0,62,0,48,0,13,51,94,82,65,91,91,94,60,91,96,93,0,95,97,0,0
l33,2=0,0,0,0,0,0,0,0,13,0,0,0,42,61,78,51,72,83,48,14,60,40,60,80,32,49,91,90,87,64,89,91,90,0,90,92,91,0,97,0,0
l34,2=0,0,0,0,0,0,0,0,0,0,30,0,10,56,75,0,84,62,54,5,24,84,83,48,28,37,98,88,88,91,91,97,94,91,86,93,91,95,0,48,50
l35,2=0,0,0,0,0,0,0,0,0,34,1,0,47,48,37,42,73,48,75,0,68,86,78,91,65,86,93,0,0,0,0,0,8,0,0,47,0,0,0,0,88
l36,2=0,0,0,0,0,0,0,0,34,47,34,0,70,68,58,51,67,68,74,67,77,88,84,87,71,79,91,22,0,0,45,91,0,0,0,27,0,0,17,91,0
l37,2=0,0,0,0,0,0,0,0,45,34,0,0,67,31,31,53,51,56,78,55,64,86,81,84,78,95,95,0,4,0,0,95,0,0,0,0,0,0,0,90,86
l38,2=0,0,0,0,0,0,5,0,62,45,46,62,74,74,67,66,80,68,79,27,82,89,85,85,72,94,96,1,48,0,10,97,0,2,0,46,0,0,21,89,85
l39,2=0,0,0,0,0,0,0,0,0,0,0,0,61,66,53,51,79,61,74,68,79,88,85,87,72,0,0,0,0,0,56,51,0,53,0,58,30,0,0,87,86
l40,2=0,0,0,0,0,0,0,0,0,0,0,0,42,49,0,35,53,39,75,59,59,70,75,85,71,0,0,0,0,36,48,45,1,43,0,44,0,0,0,79,76

l0,3=0,89,83,97,87,89,88,78,83,84,82,89,72,78,65,75,0,0,0,0,0,0,0,0,0,0,0,67,0,0,0,0,0,0,0,0,0,0,0,0,0
l1,3=92,0,83,97,87,89,88,73,84,88,86,88,0,81,81,82,3,52,0,0,0,58,0,0,0,76,0,64,66,0,0,0,0,0,0,0,0,0,0,0,0
l2,3=90,87,0,91,83,86,88,82,84,89,88,92,73,83,77,0,67,0,0,0,22,0,0,8,0,62,0,61,65,0,0,0,0,0,0,0,0,0,0,0,0
l3,3=93,89,87,0,87,88,88,80,78,88,87,89,62,86,0,0,0,0,0,0,0,0,0,0,0,48,0,55,59,0,0,0,0,0,0,0,0,19,0,0,0
l4,3=93,89,88,97,0,89,88,72,79,89,63,88,69,0,0,73,0,18,0,0,0,0,0,0,0,0,0,0,0,0,0,0,0,0,0,0,0,0,0,0,0
l5,3=92,89,82,96,87,0,88,73,84,56,87,88,70,80,64,73,71,33,0,0,0,0,0,0,0,71,0,75,58,0,0,0,0,0,0,0,0,0,0,0,0
l6,3=90,87,87,87,80,86,0,82,84,89,87,92,76,82,62,83,84,83,0,72,64,18,64,64,58,0,0,58,0,0,0,0,0,0,0,0,0,0,0,0,52
l7,3=88,87,86,84,78,86,87,0,84,89,86,92,74,83,72,85,76,71,23,0,63,61,67,57,46,32,0,53,56,0,0,0,0,0,0,0,0,0,0,4,0
l8,3=83,87,81,71,71,87,86,77,0,88,89,92,81,86,76,91,83,92,79,55,74,61,79,72,62,50,0,0,54,0,0,0,0,0,0,0,0,0,0,0,52
l9,3=84,86,86,78,77,72,87,82,84,0,89,92,74,85,76,82,77,80,75,56,61,61,69,68,37,44,0,66,61,0,0,0,0,0,0,0,0,0,0,0,54
l10,3=74,84,86,83,54,86,87,80,84,89,0,92,79,86,75,85,74,80,41,58,45,65,67,67,64,43,0,37,49,0,0,0,0,0,0,0,0,0,58,0,48
l11,3=89,87,86,85,79,86,87,82,84,89,88,0,74,85,81,78,64,70,63,7,76,55,66,0,0,61,0,60,59,0,0,0,0,0,0,0,0,0,0,0,0
l12,3=69,0,70,53,63,73,86,66,84,86,88,85,0,87,94,94,88,99,80,62,77,63,74,79,55,28,0,65,75,0,0,0,0,0,0,0,69,13,30,69,61
l13,3=46,75,64,0,0,62,37,31,75,73,64,71,92,87,0,89,93,99,63,0,58,56,81,76,53,78,0,93,93,0,71,0,0,21,0,48,63,92,49,58,59
l14,3=60,79,0,0,55,74,86,75,84,87,86,72,92,86,89,0,90,98,78,65,82,78,69,2,40,94,0,68,69,0,0,50,0,0,0,0,0,74,51,63,46
l15,3=0,0,42,0,0,60,79,58,76,72,74,39,85,77,93,88,0,99,91,80,79,88,89,80,76,49,0,86,76,28,0,0,1,0,0,36,72,77,59,60,57
l16,3=0,44,0,0,41,47,76,34,82,81,81,73,92,87,94,94,93,0,85,67,77,79,86,76,75,83,62,80,71,27,2,78,0,0,0,7,1,82,24,70,63
l17,3=0,0,0,0,0,0,0,1,75,67,33,52,78,81,43,78,88,85,0,98,91,82,89,77,94,76,39,0,0,91,83,0,60,81,85,90,38,26,0,73,74
l18,3=0,0,0,0,0,0,73,0,37,63,60,0,68,78,0,72,88,77,99,0,87,86,88,76,86,0,99,0,0,0,54,88,48,0,30,0,0,0,0,30,71
l19,3=0,0,0,0,0,0,46,38,47,48,27,61,54,65,34,68,76,60,97,86,0,86,89,83,93,0,0,33,0,68,75,0,49,79,43,79,31,22,32,68,69
l20,3=0,51,0,0,0,0,0,44,47,60,66,51,65,68,59,77,88,86,68,80,87,0,90,83,86,0,85,0,0,68,71,92,51,75,41,52,58,39,74,74,74
l21,3=0,0,0,0,0,0,57,45,76,69,56,60,61,77,68,50,90,89,97,63,93,87,0,82,87,0,84,0,0,61,55,80,22,36,34,37,54,58,56,65,78
l22,3=0,0,0,0,0,0,54,37,56,64,57,0,68,70,61,2,88,67,82,70,95,88,89,0,86,0,89,34,48,50,62,57,45,69,0,53,45,47,22,74,74
l23,3=0,0,0,0,0,0,47,20,57,35,63,0,42,51,42,32,78,81,99,90,89,86,86,77,0,60,65,4,9,83,80,74,70,79,26,79,65,33,32,73,60
l24,3=71,72,56,56,0,80,40,25,0,45,40,58,27,78,93,51,91,86,0,0,51,6,0,47,0,2,88,0,93,49,55,80,38,38,0,68,89,95,94,47,37
l25,3=0,76,62,48,0,71,0,32,50,44,43,61,28,78,94,49,83,76,0,0,0,0,0,60,2,0,0,93,0,53,92,0,41,50,39,71,96,95,96,55,53
l26,3=0,0,0,0,0,0,0,0,0,0,0,0,0,0,0,0,62,39,99,0,85,84,89,65,88,0,0,87,86,0,99,0,100,100,100,99,96,90,100,0,0
l27,3=0,0,0,0,0,0,0,0,0,0,0,0,0,0,87,0,0,0,89,64,94,85,83,77,94,93,87,93,93,99,0,93,100,100,100,99,96,95,100,61,8
l28,3=0,0,0,0,0,0,0,0,0,0,0,0,0,0,0,0,53,8,88,69,83,83,58,74,90,0,86,26,46,99,99,93,0,100,95,99,96,95,100,50,45
l29,3=0,0,0,0,0,0,0,0,0,0,0,0,0,0,23,0,0,0,84,0,90,77,33,73,84,53,0,47,59,99,99,99,100,0,100,99,96,91,99,0,14
l30,3=0,0,0,0,0,0,0,0,0,0,0,0,0,0,0,0,0,0,82,11,71,64,61,0,9,92,99,0,56,99,99,99,99,100,0,99,96,91,83,0,0
l31,3=0,0,0,0,0,0,0,0,0,0,0,0,0,0,50,0,78,0,88,0,92,80,57,74,80,0,0,93,93,99,99,0,100,100,100,0,96,95,100,1,0
l32,3=0,0,0,0,0,0,0,0,0,0,0,0,25,44,40,0,84,0,61,0,63,82,84,67,82,41,100,36,65,99,99,100,64,99,75,99,0,95,100,20,0
l33,3=0,0,0,0,0,0,0,0,0,2,0,0,1,79,49,51,89,87,26,0,46,74,81,78,56,50,100,93,93,57,99,100,100,56,54,99,96,0,100,0,56
l34,3=0,0,0,0,0,0,0,0,7,0,59,0,17,74,37,47,86,64,0,0,76,87,84,59,75,39,100,59,93,99,99,100,64,100,52,99,96,95,0,63,53
l35,3=0,0,0,0,0,0,0,0,0,0,0,0,62,38,42,53,56,66,74,2,67,77,66,70,65,71,99,6,34,0,37,0,0,0,0,0,0,0,8,0,73
l36,3=0,0,0,0,0,0,52,0,40,54,47,0,59,52,60,38,64,65,73,57,68,78,83,70,48,96,96,28,38,0,0,96,0,2,0,0,0,29,3,75,0
l37,3=0,0,0,0,0,0,0,0,0,0,0,0,55,40,51,48,0,0,76,51,63,75,84,62,68,95,90,34,0,0,8,95,0,0,0,41,0,0,0,75,77
l38,3=0,0,0,0,0,0,17,0,44,0,41,56,76,62,78,56,88,76,67,0,81,86,89,77,65,96,100,38,45,0,0,100,0,0,0,32,0,0,0,74,74
l39,3=0,0,0,0,0,0,0,0,16,0,0,0,48,43,43,44,72,68,72,56,61,86,86,78,62,55,0,0,0,0,0,1,25,28,42,44,29,0,0,74,78
l40,3=0,0,0,0,0,0,0,0,0,0,18,0,43,18,33,0,47,54,66,40,42,70,75,65,66,53,0,0,0,51,0,0,0,0,0,26,0,0,0,68,66

l0,4=0,95,95,97,96,95,95,93,0,90,92,95,74,83,63,3,17,0,0,0,0,0,0,0,0,59,0,73,83,0,0,0,0,0,0,0,0,0,0,0,0
l1,4=94,0,95,96,96,95,95,89,89,96,95,97,0,76,40,76,68,7,0,0,0,63,0,0,0,54,0,53,61,0,0,0,0,0,0,0,0,6,0,0,0
l2,4=93,93,0,91,96,95,95,94,89,96,95,97,75,82,62,44,69,0,0,0,0,0,0,25,0,59,0,0,82,0,0,0,0,0,0,0,0,0,0,0,0
l3,4=94,95,91,0,96,96,94,89,83,88,91,93,74,83,60,77,0,0,0,0,0,0,0,0,0,59,0,67,78,0,0,0,0,0,0,0,0,0,0,0,0
l4,4=94,95,98,97,0,95,94,90,84,83,91,97,76,82,64,82,0,0,0,0,0,0,0,0,0,80,0,0,87,0,0,0,0,0,0,0,0,0,0,0,0
l5,4=93,95,97,97,96,0,91,92,91,96,95,97,57,34,0,0,0,64,0,0,0,0,0,0,0,66,0,84,65,0,0,0,0,0,0,0,0,67,14,0,0
l6,4=92,93,98,91,90,91,0,93,69,96,95,97,85,86,14,87,81,65,49,0,59,65,32,54,59,0,0,60,0,0,0,0,0,0,0,0,0,0,0,0,63
l7,4=92,92,94,82,81,92,91,0,89,96,95,97,81,86,62,86,69,76,0,0,68,73,71,35,66,59,0,77,71,0,0,0,0,0,0,0,0,0,0,0,0
l8,4=0,88,73,80,77,90,69,90,0,94,95,96,82,86,64,84,75,80,58,52,72,73,81,64,67,49,0,71,83,0,0,0,0,0,0,0,0,0,12,71,74
l9,4=91,92,94,81,77,86,90,93,86,0,95,97,76,86,59,86,76,71,0,47,72,69,68,59,65,84,0,64,78,0,0,0,0,0,0,0,0,0,0,0,65
l10,4=87,92,94,82,65,90,90,90,92,96,0,97,85,86,69,77,75,85,0,58,66,76,72,70,73,0,0,70,0,0,0,0,0,0,0,0,0,0,0,28,72
l11,4=91,93,94,85,90,90,91,93,89,96,95,0,85,85,67,84,70,80,55,0,70,72,78,62,70,42,0,0,65,0,0,0,0,0,0,0,0,0,0,0,66
l12,4=65,0,61,73,62,66,72,71,85,78,93,92,0,85,74,88,79,85,64,0,66,70,73,64,69,64,0,75,74,0,0,0,0,0,0,0,51,7,75,79,79
l13,4=61,11,56,58,66,0,0,65,80,76,85,81,89,86,0,86,85,85,20,0,0,77,74,70,0,54,0,97,96,0,57,0,0,2,0,80,74,83,79,77,79
l14,4=0,72,1,69,63,0,73,70,84,79,76,77,89,83,62,0,78,74,0,58,68,74,67,60,68,77,0,73,78,0,0,77,0,0,0,0,0,69,75,63,74
l15,4=0,56,35,0,0,0,68,51,68,68,72,44,79,76,77,83,0,92,66,73,63,89,86,69,76,74,0,80,83,0,34,0,59,0,0,61,36,58,64,70,76
l16,4=0,0,0,0,0,61,60,69,78,78,85,80,89,86,76,80,85,0,69,65,69,86,74,64,77,76,0,75,79,0,39,83,0,0,0,64,20,63,78,79,82
l17,4=0,0,0,0,0,0,42,0,43,0,0,48,54,72,16,0,76,64,0,97,83,86,90,74,92,52,0,0,0,77,65,45,55,50,53,65,45,45,49,84,84
l18,4=0,0,0,0,0,0,0,0,27,56,59,0,0,72,0,62,76,67,95,0,83,86,84,73,89,0,90,0,0,0,0,95,63,0,0,60,0,0,0,41,78
l19,4=0,0,0,0,0,0,53,54,52,61,59,56,56,58,0,62,62,59,81,72,0,89,88,81,91,0,0,0,0,54,56,82,60,72,50,54,18,53,60,58,82
l20,4=0,28,0,0,0,0,48,51,56,59,66,55,62,66,43,70,84,84,83,63,91,0,94,81,86,0,85,0,42,50,43,92,66,55,40,52,61,23,70,79,89
l21,4=0,0,0,0,0,0,39,56,83,64,65,65,77,73,50,77,79,76,88,86,86,90,0,76,85,65,86,0,51,51,52,88,2,45,15,50,71,55,63,67,89
l22,4=0,0,0,0,0,0,53,2,63,63,65,60,68,64,51,67,70,67,76,74,93,90,87,0,76,65,84,51,0,67,58,83,65,61,48,54,56,62,38,56,83
l23,4=0,0,0,0,0,0,51,48,50,61,64,55,58,55,1,62,76,68,95,88,93,86,82,71,0,0,73,46,50,65,67,68,67,67,48,66,63,57,52,73,68
l24,4=64,24,0,67,0,92,70,65,51,70,51,0,86,55,77,75,83,56,0,0,0,0,0,57,26,62,88,0,96,63,56,92,68,35,15,68,99,98,100,63,44
l25,4=59,54,59,59,80,66,0,59,49,84,0,42,64,54,77,74,76,52,0,0,0,65,65,0,62,0,0,98,0,53,93,0,85,54,80,77,99,98,100,56,66
l26,4=0,0,0,0,0,0,0,0,0,0,0,0,0,0,0,0,0,0,90,0,85,86,84,73,88,0,0,90,77,0,96,0,98,97,100,100,99,96,100,86,83
l27,4=0,0,0,0,0,0,0,0,0,0,0,0,0,49,60,0,62,13,88,0,87,81,78,74,88,98,90,86,95,95,0,98,98,97,92,100,99,98,100,84,0
l28,4=0,0,0,0,0,0,0,0,0,0,0,0,0,0,0,0,69,0,79,78,88,90,9,73,91,0,77,75,87,95,96,96,0,97,100,100,99,98,100,0,46
l29,4=0,0,0,0,0,0,0,0,0,0,0,0,0,0,0,0,0,0,83,0,92,83,77,72,82,53,0,77,85,95,96,95,98,0,100,100,99,98,100,0,26
l30,4=0,0,0,0,0,0,0,0,0,0,0,0,0,0,0,0,0,0,83,0,83,82,0,68,79,93,96,0,85,95,96,96,98,97,0,100,99,98,86,0,0
l31,4=0,0,0,0,0,0,0,0,0,0,0,0,0,0,77,0,83,45,95,82,92,88,83,68,92,0,0,98,96,95,96,0,98,97,100,0,99,98,100,3,0
l32,4=0,0,0,0,0,0,0,0,0,0,0,0,87,1,50,0,75,19,88,0,54,90,93,79,91,85,98,98,96,95,96,98,98,97,95,100,0,98,100,0,0
l33,4=0,0,0,0,0,70,0,0,0,0,0,0,0,49,50,72,73,47,56,0,72,59,77,77,75,54,97,98,96,71,96,97,98,62,95,100,99,0,100,0,56
l34,4=0,0,0,0,0,58,0,0,14,0,0,0,76,4,47,57,71,55,68,0,85,90,86,60,66,80,100,98,96,95,96,100,98,62,85,100,99,98,0,57,0
l35,4=0,0,0,0,0,0,0,0,45,0,0,0,69,47,32,22,57,60,54,2,52,78,52,28,57,77,100,31,7,38,45,0,0,0,0,0,0,0,0,0,89
l36,4=0,0,0,0,0,0,43,0,47,48,48,21,64,59,47,68,71,79,71,42,77,83,77,68,66,99,99,13,44,40,0,99,0,2,0,0,0,24,0,84,0
l37,4=0,0,0,0,0,0,0,0,0,0,46,0,56,6,22,65,61,63,61,60,65,83,74,53,63,98,96,0,0,0,0,98,2,0,0,44,0,0,5,88,89
l38,4=0,0,0,0,0,0,0,2,53,58,64,63,66,61,60,67,74,75,70,55,73,83,79,70,65,100,100,54,62,17,0,100,0,0,0,37,19,0,0,85,84
l39,4=0,0,0,0,0,0,0,0,45,0,0,0,52,0,34,62,74,68,73,46,72,84,80,69,71,56,86,0,2,43,32,3,44,43,22,51,13,8,0,83,87
l40,4=0,0,0,0,0,0,0,0,0,0,35,0,5,39,18,48,17,63,73,54,74,66,75,65,40,66,83,0,0,51,36,0,0,0,0,0,0,0,0,78,88

l0,5=0,93,88,96,93,91,84,79,56,91,92,31,22,56,65,0,24,0,0,0,0,0,0,0,0,0,0,68,0,0,0,0,0,0,0,0,0,0,0,0,0
l1,5=92,0,88,92,91,92,86,64,89,90,93,88,26,39,77,56,20,15,0,0,0,0,0,0,0,12,0,44,51,0,0,0,0,0,0,0,0,6,0,0,0
l2,5=92,93,0,92,93,91,90,79,68,91,93,89,40,52,61,63,21,0,0,0,0,5,2,0,0,28,0,0,63,0,0,0,0,0,0,0,0,0,0,0,0
l3,5=95,94,90,0,98,92,85,79,81,91,84,88,32,70,68,67,0,0,0,0,0,0,0,0,0,13,0,73,67,0,18,0,0,0,0,0,0,0,0,0,0
l4,5=95,88,90,96,0,93,84,76,34,90,92,88,0,74,86,63,60,0,0,0,0,0,0,0,0,14,0,89,56,0,0,0,0,0,0,0,0,0,0,0,0
l5,5=91,93,87,94,98,0,84,79,89,91,12,85,42,71,37,60,19,9,0,0,0,0,0,0,0,11,0,88,54,0,0,5,0,0,0,3,0,22,0,0,0
l6,5=95,94,90,86,79,81,0,82,83,91,93,91,76,72,58,46,64,33,0,40,69,29,34,55,56,1,0,43,0,0,0,0,0,0,0,0,0,0,0,0,5
l7,5=85,81,79,83,73,84,90,0,87,91,92,91,76,72,69,76,22,21,47,0,0,34,32,47,53,6,0,52,42,0,0,0,0,0,0,0,0,0,0,0,44
l8,5=48,52,37,30,30,87,30,47,0,91,93,65,95,83,78,58,27,44,48,33,44,38,37,62,58,21,0,55,50,0,0,0,0,0,0,0,0,0,39,57,51
l9,5=80,51,78,67,79,82,84,79,83,0,93,91,0,78,40,68,21,24,0,0,43,37,32,49,61,40,0,51,55,0,0,0,0,0,0,0,0,0,0,52,0
l10,5=86,91,87,31,84,10,84,79,91,91,0,91,93,83,81,79,23,78,32,35,22,65,32,75,62,23,0,47,43,0,0,0,0,0,0,0,0,7,0,54,53
l11,5=80,85,79,82,79,82,84,82,86,91,93,0,83,75,78,73,64,73,49,0,37,59,53,52,60,7,0,67,43,0,0,0,0,0,0,0,0,0,0,0,44
l12,5=29,17,26,6,9,13,29,26,87,0,85,37,0,81,95,87,46,82,35,45,38,39,33,62,49,14,0,70,54,0,0,0,0,0,0,0,39,34,53,61,57
l13,5=28,20,21,10,23,13,17,13,31,29,71,18,57,48,0,62,47,27,0,0,36,38,38,61,9,55,0,89,89,0,0,10,1,0,0,53,64,78,67,40,32
l14,5=0,19,29,11,19,17,19,36,51,79,66,21,95,81,89,0,26,64,35,39,39,34,42,62,0,95,0,81,57,0,0,32,0,0,0,17,0,33,43,62,57
l15,5=11,1,2,0,29,9,50,14,59,32,35,52,79,62,91,60,0,82,66,53,71,67,63,76,68,43,0,63,65,46,9,7,9,9,6,58,48,60,0,34,79
l16,5=0,17,0,0,0,31,18,16,47,64,64,22,90,81,91,80,81,0,54,12,43,71,41,54,68,40,44,69,71,0,23,57,0,0,0,56,58,29,63,62,63
l17,5=0,0,0,0,0,0,0,20,41,0,18,29,30,50,0,24,60,36,0,79,84,73,59,74,79,42,0,0,0,57,39,10,23,31,36,53,24,16,27,39,70
l18,5=0,0,0,0,0,0,23,0,37,0,19,0,52,33,0,24,58,0,84,0,60,60,68,63,78,0,73,0,0,0,0,42,11,0,0,0,0,0,0,36,28
l19,5=0,0,0,0,0,0,41,0,40,46,15,25,40,50,44,42,67,54,80,49,0,77,72,87,79,0,0,10,0,30,61,0,42,56,57,19,29,51,27,68,83
l20,5=0,0,0,0,0,0,4,11,40,36,34,12,62,49,60,34,74,71,76,45,85,0,73,87,72,0,41,17,16,31,0,31,22,7,20,0,59,25,51,67,80
l21,5=0,0,0,0,0,0,21,33,59,35,25,36,58,55,46,61,73,71,70,61,86,78,0,83,71,27,57,17,30,23,6,0,9,8,0,0,58,30,0,67,84
l22,5=0,0,0,0,0,0,22,17,44,32,35,12,50,57,50,48,68,33,75,49,86,78,67,0,71,35,26,24,3,57,49,0,22,7,34,31,20,29,28,58,82
l23,5=0,0,0,0,0,0,21,9,38,33,28,28,51,38,8,0,67,63,83,67,86,71,67,68,0,15,79,2,1,56,62,50,25,40,0,50,30,32,25,66,70
l24,5=39,10,0,17,32,22,19,10,25,44,44,18,19,39,95,58,28,13,0,0,15,30,12,19,1,6,66,0,92,69,26,43,17,14,45,45,93,93,84,0,0
l25,5=0,12,28,13,14,11,1,6,21,40,23,7,14,55,95,43,40,42,0,0,0,27,35,15,6,0,0,96,0,72,29,0,17,28,47,43,94,92,84,19,24
l26,5=0,0,0,0,0,0,0,0,0,0,0,0,0,0,0,0,44,0,73,0,41,57,26,79,66,0,0,35,46,0,99,0,87,96,98,93,98,85,87,17,3
l27,5=0,0,0,0,0,0,0,0,0,0,0,0,0,0,0,0,14,10,28,0,68,0,13,76,76,96,35,58,69,87,0,46,87,96,97,93,98,96,89,21,15
l28,5=0,0,0,0,0,0,0,0,0,0,0,0,0,0,7,0,54,0,42,27,68,64,50,56,60,0,46,54,53,87,99,58,0,96,98,93,98,96,89,19,14
l29,5=0,0,0,0,0,0,0,0,0,0,0,0,0,0,0,0,38,0,44,0,61,34,25,45,70,72,0,27,37,87,99,87,87,0,98,92,98,95,66,15,0
l30,5=0,0,0,0,0,0,0,0,0,0,0,0,0,0,0,0,1,0,41,0,56,34,0,65,0,29,99,44,30,87,99,99,87,96,0,93,85,96,41,0,0
l31,5=0,0,0,0,0,5,0,0,0,0,0,0,0,10,32,7,57,10,42,0,31,0,0,50,43,0,0,46,58,87,99,0,85,76,86,0,98,96,89,0,27
l32,5=0,0,0,0,0,0,0,0,0,0,0,0,11,0,27,0,20,9,31,0,23,47,42,18,21,17,87,62,87,87,98,85,80,95,60,93,0,96,89,25,0
l33,5=0,0,0,0,0,10,0,0,0,0,9,0,16,45,33,39,34,4,9,0,35,36,34,31,26,28,96,96,89,82,99,76,51,55,62,92,98,0,89,0,0
l34,5=0,0,0,0,0,0,0,0,14,0,2,0,11,23,20,31,1,11,35,0,29,63,0,28,21,47,98,96,90,87,99,86,87,52,50,93,98,96,0,0,0
l35,5=0,0,0,0,0,0,0,0,39,20,21,0,57,19,44,46,14,32,29,28,61,59,45,55,62,43,93,0,0,17,24,0,0,0,0,0,8,0,0,0,43
l36,5=0,0,0,0,0,0,0,0,29,0,23,7,67,51,37,57,66,70,64,1,68,58,61,69,65,94,98,0,16,0,8,98,0,0,0,19,0,0,0,64,0
l37,5=0,0,0,0,0,0,0,0,0,0,0,0,56,10,18,24,61,11,15,22,19,64,57,60,35,92,85,0,0,4,4,96,0,0,0,0,0,0,0,72,86
l38,5=0,0,0,0,0,0,0,9,0,25,41,11,70,41,70,53,67,54,32,21,71,67,60,65,34,84,87,32,19,1,0,89,0,0,0,19,23,26,0,70,83
l39,5=0,0,0,0,0,0,0,0,16,0,0,0,33,0,27,25,66,33,29,0,69,64,63,65,67,19,17,0,0,0,17,0,0,12,0,15,0,19,0,70,83
l40,5=0,0,0,0,0,0,0,0,30,0,1,0,0,0,0,19,32,31,53,17,62,29,42,61,63,24,3,0,0,23,0,27,14,0,0,14,0,0,0,69,82

l0,6=0,85,87,90,93,86,82,80,73,84,79,81,0,62,57,58,2,0,0,0,0,0,0,0,0,30,0,69,30,0,0,0,0,0,0,0,0,0,0,0,0
l1,6=87,0,91,88,93,88,83,75,76,80,83,77,0,50,55,64,56,47,0,0,0,0,0,0,0,0,0,60,0,0,0,0,0,0,0,0,0,0,0,0,0
l2,6=85,84,0,88,88,88,83,78,44,81,83,82,24,33,67,65,41,0,0,0,0,0,28,0,0,0,0,40,0,0,0,0,0,0,0,0,0,0,0,0,0
l3,6=88,85,91,0,93,88,76,80,57,80,74,81,20,56,55,55,0,0,0,0,0,0,0,0,0,40,0,0,58,0,0,0,0,0,0,0,0,9,0,0,0
l4,6=88,82,86,90,0,89,79,80,61,82,82,76,37,60,57,58,53,0,0,0,0,0,0,0,0,32,0,51,59,0,0,0,0,0,0,0,0,0,0,0,0
l5,6=85,85,86,90,93,0,79,80,80,84,78,62,33,37,58,56,29,0,0,0,0,0,0,0,0,31,0,39,46,0,0,15,0,0,0,29,10,0,0,0,0
l6,6=82,82,91,63,78,83,0,88,69,85,82,79,50,56,36,50,62,0,43,38,37,42,54,56,39,0,0,0,0,0,0,0,0,0,0,0,0,0,0,0,0
l7,6=82,78,79,80,80,82,84,0,78,85,83,83,74,60,60,70,34,39,0,32,0,32,41,38,19,0,0,24,0,0,0,0,0,0,0,0,0,0,0,22,0
l8,6=62,72,54,49,49,79,63,76,0,82,83,78,81,67,64,67,46,35,29,32,45,39,36,47,19,36,0,0,44,0,0,0,0,0,0,0,0,0,7,50,37
l9,6=78,64,74,67,69,82,81,83,76,0,83,78,70,63,61,68,63,28,35,2,43,61,51,38,36,38,0,31,25,0,0,0,0,0,0,0,0,0,0,0,35
l10,6=68,78,89,49,79,68,83,83,82,86,0,83,73,63,64,69,66,62,0,0,35,61,49,60,21,18,0,23,29,0,0,0,0,0,0,0,0,0,0,42,35
l11,6=82,75,84,73,68,76,84,88,79,86,83,0,74,61,61,70,66,36,18,0,38,56,50,38,28,12,0,31,32,0,0,0,0,0,0,0,0,0,0,0,34
l12,6=0,0,43,23,21,36,71,48,78,70,80,57,0,67,76,80,73,39,25,49,42,37,19,21,31,18,0,52,43,0,42,10,0,0,0,31,0,25,0,56,51
l13,6=27,32,47,39,20,21,12,15,37,47,42,11,50,36,0,76,57,40,6,0,44,41,17,47,18,20,0,52,79,2,0,3,16,0,0,31,10,46,8,37,41
l14,6=40,50,57,23,41,34,28,36,51,73,72,64,87,64,68,0,64,66,34,38,46,37,55,44,35,81,18,55,43,0,15,54,0,0,0,0,0,17,0,53,48
l15,6=1,23,18,0,16,12,48,11,49,59,55,55,64,57,70,60,0,75,61,44,46,70,65,59,61,64,0,30,42,16,23,0,14,0,0,44,41,51,2,54,49
l16,6=0,31,0,0,0,0,0,32,67,46,56,41,71,64,78,73,78,0,52,45,46,76,67,40,59,37,44,40,58,0,43,42,0,0,0,49,27,28,20,51,46
l17,6=0,0,0,0,0,0,20,0,22,27,0,11,22,52,19,42,61,35,0,67,60,75,69,62,71,71,0,0,0,49,27,27,19,35,17,57,19,18,16,58,17
l18,6=0,0,0,0,0,0,25,15,25,23,0,0,50,51,0,32,60,40,74,0,55,68,68,55,68,0,59,0,0,16,23,55,0,0,0,31,0,0,0,20,22
l19,6=0,0,0,0,0,0,17,0,22,29,17,23,22,29,30,35,55,22,72,40,0,80,69,71,77,0,10,0,9,20,56,22,18,51,29,46,19,24,23,69,20
l20,6=0,0,0,0,0,0,19,7,33,34,35,18,37,45,51,29,62,64,69,34,61,0,70,75,67,30,50,16,21,23,27,46,29,0,0,28,13,28,25,70,50
l21,6=0,0,19,0,0,0,25,13,48,31,27,28,16,3,28,59,63,62,63,54,66,82,0,75,66,32,66,11,20,0,30,49,21,22,0,3,13,4,19,61,47
l22,6=0,0,0,0,0,0,26,20,40,24,30,24,13,50,50,36,62,21,59,24,68,82,78,0,60,22,0,0,0,36,28,0,22,19,21,34,19,27,18,26,53
l23,6=0,0,0,0,0,0,24,6,6,41,16,27,37,49,23,52,66,58,72,64,63,75,69,62,0,0,55,1,0,27,53,52,13,49,36,61,22,40,15,64,39
l24,6=31,29,38,0,22,23,0,6,0,40,30,8,48,4,80,79,31,15,0,0,0,27,9,0,0,0,42,0,81,10,58,59,19,50,42,66,47,75,48,0,0
l25,6=30,0,0,40,32,31,0,0,36,38,18,12,18,20,81,64,37,71,0,0,30,32,22,0,0,0,0,89,0,29,60,0,24,50,41,30,42,81,71,25,26
l26,6=0,0,0,0,0,0,0,0,0,0,0,0,0,0,18,0,44,0,59,10,50,66,0,55,42,0,0,46,46,0,82,0,69,76,80,81,78,65,60,0,10
l27,6=0,0,0,0,0,0,0,0,0,0,0,0,9,0,0,19,21,19,37,18,55,44,30,54,58,89,46,47,49,65,0,48,69,76,82,81,63,89,87,24,17
l28,6=0,0,0,0,0,0,0,0,0,0,0,0,0,0,43,0,55,0,56,0,52,71,57,54,48,0,46,35,43,65,78,32,0,76,87,76,71,80,79,32,15
l29,6=0,0,0,0,0,0,0,0,0,0,0,0,0,0,0,0,0,0,56,0,59,0,42,37,61,29,0,45,37,65,81,65,69,0,81,75,70,74,59,33,0
l30,6=0,0,0,0,0,0,0,0,0,0,0,0,0,0,0,0,0,0,15,0,55,0,0,44,55,60,82,43,37,65,80,82,69,76,0,70,43,73,73,0,0
l31,6=0,0,0,0,0,15,0,0,0,0,0,0,10,3,54,0,42,27,55,22,46,49,0,52,59,0,0,48,32,65,82,0,68,60,57,0,79,89,87,29,31
l32,6=0,0,0,0,0,22,0,0,0,0,0,0,0,11,50,0,48,21,31,0,38,38,29,43,33,24,69,73,48,65,73,68,62,72,57,81,0,89,87,13,27
l33,6=0,0,0,0,0,0,0,0,0,0,8,0,14,17,80,36,42,13,24,0,43,39,0,39,33,50,76,89,51,37,82,60,68,71,75,81,79,0,87,0,5
l34,6=0,0,0,0,0,0,0,0,26,0,4,0,0,16,58,0,27,21,34,0,42,43,28,40,34,41,80,77,71,62,81,57,62,63,74,81,79,89,0,0,12
l35,6=0,0,0,0,0,0,0,0,12,0,18,0,46,4,37,27,48,13,24,19,47,63,45,42,55,30,81,0,13,0,13,0,0,15,0,22,0,0,0,0,51
l36,6=0,0,0,0,0,0,0,0,11,22,16,8,49,28,56,49,59,54,20,21,31,61,55,70,44,42,78,0,15,7,14,79,0,0,0,26,10,1,0,72,0
l37,6=0,0,0,0,0,0,0,0,0,0,0,0,48,0,35,36,53,37,25,21,39,31,54,52,39,81,65,0,0,0,0,89,0,0,0,0,0,0,0,71,58
l38,6=0,0,0,0,0,0,0,0,6,0,45,18,57,35,51,51,63,63,48,22,51,73,64,60,42,71,60,13,22,0,0,87,0,0,0,22,0,14,5,69,61
l39,6=0,0,0,0,0,0,0,0,0,0,0,0,23,1,23,26,51,21,19,22,39,43,61,58,56,25,0,0,0,18,0,29,15,21,11,27,0,22,0,70,52
l40,6=0,0,0,0,0,0,0,0,0,0,0,0,18,0,0,24,44,19,19,23,52,29,54,57,56,26,10,0,0,16,0,31,16,13,0,24,0,0,0,70,51

l0,7=0,93,87,85,79,85,89,88,45,84,84,88,37,64,46,0,0,0,0,0,0,0,0,0,0,11,0,56,8,0,0,0,0,0,0,0,0,23,1,0,0
l1,7=92,0,89,85,79,85,91,91,50,79,85,88,38,43,22,62,60,0,0,0,0,0,0,0,0,36,0,69,53,0,0,0,0,0,0,0,0,0,0,0,0
l2,7=92,93,0,85,79,85,91,62,29,87,85,88,32,10,28,55,52,19,7,0,0,0,0,0,11,0,0,86,0,0,0,0,0,0,0,0,0,0,0,0,0
l3,7=92,93,88,0,79,85,87,88,11,47,84,87,34,24,24,53,0,0,0,0,0,0,0,0,0,16,0,73,63,0,0,0,0,0,0,0,0,0,0,0,0
l4,7=92,89,86,86,0,85,86,87,19,82,82,85,0,38,0,0,56,0,0,0,0,0,0,0,0,17,0,83,17,0,0,0,0,0,0,0,0,0,0,0,0
l5,7=92,93,89,85,79,0,91,87,80,87,84,87,39,79,25,50,53,19,0,0,0,0,0,0,0,21,0,63,38,0,0,0,0,0,0,0,0,0,0,0,0
l6,7=74,90,87,62,66,83,0,91,70,87,83,86,72,66,0,48,64,57,56,44,44,55,47,53,44,36,0,1,24,0,0,0,0,0,0,0,0,0,0,0,0
l7,7=87,90,84,78,76,81,92,0,75,87,86,88,81,45,0,66,65,47,18,0,30,0,37,41,0,7,0,42,32,0,0,0,0,0,0,0,0,0,0,0,37
l8,7=66,75,22,1,28,82,85,40,0,52,84,86,83,81,29,77,62,29,17,32,64,62,36,39,0,1,0,60,49,0,0,0,0,0,0,0,0,24,2,23,51
l9,7=88,72,51,24,71,83,90,90,80,0,86,86,67,52,22,67,71,0,10,0,43,50,2,30,37,3,0,0,28,0,0,0,0,0,0,0,0,0,0,0,45
l10,7=84,88,81,50,41,76,90,90,80,87,0,88,82,81,0,76,68,23,1,23,39,70,39,41,23,47,0,70,34,0,0,0,0,0,0,0,0,0,0,41,12
l11,7=88,89,87,77,65,82,90,90,80,87,86,0,80,0,21,71,68,42,0,32,53,55,34,0,26,25,0,8,33,0,0,0,0,0,0,0,0,1,0,0,0
l12,7=29,44,11,4,0,31,57,40,53,33,84,86,0,82,81,81,86,29,21,0,60,59,40,41,38,43,0,81,64,0,0,0,0,0,0,3,24,36,0,49,57
l13,7=36,6,9,10,0,25,0,0,26,5,0,25,47,27,0,80,86,54,9,0,28,55,31,35,3,12,0,95,78,0,11,0,0,0,1,26,49,87,14,46,52
l14,7=0,57,21,21,0,32,48,30,50,51,84,80,85,50,54,0,73,30,17,1,61,63,47,38,42,85,0,79,46,0,0,14,0,0,0,17,0,0,0,0,62
l15,7=0,40,5,0,19,20,53,8,2,36,53,56,76,67,74,58,0,74,70,43,39,70,69,69,71,36,0,62,42,47,0,8,0,0,0,54,52,58,17,44,73
l16,7=0,0,9,0,0,32,51,31,45,0,52,59,58,78,85,76,86,0,20,35,72,84,76,39,46,66,58,62,41,0,47,63,0,0,6,52,52,46,3,49,67
l17,7=0,0,1,0,0,0,35,14,5,9,14,0,54,62,9,32,70,38,0,74,83,75,72,67,79,16,0,0,0,45,45,19,23,36,0,63,16,0,0,63,68
l18,7=0,0,0,0,0,0,59,0,31,0,35,40,0,63,0,13,70,42,84,0,79,75,68,37,76,0,34,0,0,12,35,63,0,9,0,34,0,0,0,61,65
l19,7=0,0,0,0,0,0,21,5,42,30,18,24,38,45,24,55,30,64,78,55,0,81,71,74,78,0,1,5,0,54,64,20,5,67,49,62,26,33,51,64,69
l20,7=0,0,0,0,0,0,18,0,18,21,43,20,37,60,27,53,73,70,77,52,89,0,82,81,75,0,41,7,1,36,48,72,48,21,0,31,19,42,29,63,69
l21,7=0,0,0,0,0,0,24,9,24,6,47,31,50,29,34,66,70,68,77,41,83,84,0,81,75,27,50,29,11,0,32,59,8,13,0,19,45,29,33,61,68
l22,7=0,0,0,0,0,0,27,16,44,32,49,0,55,66,52,62,74,30,65,15,89,84,82,0,70,10,0,0,16,64,54,21,21,46,27,49,30,43,28,62,79
l23,7=0,0,2,0,0,2,16,0,0,31,16,17,32,36,10,50,70,41,78,66,85,75,71,70,0,10,68,20,0,54,37,44,0,67,25,65,31,19,22,61,38
l24,7=22,26,11,20,30,37,0,5,0,0,68,2,46,10,32,76,78,19,0,0,3,11,16,0,7,0,70,0,84,56,81,70,12,19,16,77,84,91,81,33,5
l25,7=11,36,0,16,17,21,36,7,1,3,47,25,43,12,85,36,66,16,0,0,0,27,10,10,0,0,0,96,0,55,52,0,16,22,16,36,85,75,34,30,19
l26,7=0,0,0,0,0,0,0,0,0,0,0,0,0,0,0,0,58,0,34,1,41,50,0,68,70,0,0,55,45,0,87,0,80,88,78,81,91,75,75,17,11
l27,7=0,0,0,0,0,0,0,0,0,0,0,0,0,5,14,0,0,22,13,16,73,60,14,43,13,96,55,65,60,77,0,74,78,86,77,82,69,92,85,0,3
l28,7=0,0,0,0,0,0,0,0,0,0,0,0,0,0,6,0,0,0,37,0,40,72,63,62,0,0,45,59,48,77,83,44,0,88,85,77,64,88,70,0,12
l29,7=0,0,0,0,0,0,0,0,0,0,0,0,0,0,3,0,0,0,60,0,54,39,45,49,74,55,0,64,61,77,85,77,80,0,85,75,79,60,69,13,0
l30,7=0,0,0,0,0,0,0,0,0,0,0,0,0,0,1,0,0,0,0,0,40,0,0,47,41,52,87,56,55,77,87,87,80,88,0,82,56,67,78,45,0
l31,7=0,0,0,0,0,0,0,0,0,0,0,0,0,0,14,8,63,19,63,20,72,59,21,44,70,0,0,74,44,77,87,0,80,82,74,0,91,92,85,53,28
l32,7=0,0,0,0,0,0,0,0,0,0,0,0,6,11,23,0,63,20,9,0,45,40,45,30,21,16,80,74,78,77,53,80,28,87,78,82,0,92,85,0,3
l33,7=3,0,0,0,0,0,0,0,0,0,6,0,17,12,51,0,60,32,0,0,42,48,22,39,3,22,88,93,74,75,87,82,45,41,60,82,91,0,85,26,0
l34,7=2,0,0,0,0,0,0,0,0,0,0,0,0,0,15,1,56,4,0,0,45,49,44,18,11,16,78,75,72,74,85,74,27,38,57,82,91,92,0,46,17
l35,7=0,0,0,0,0,0,0,0,0,0,15,0,41,5,27,0,33,12,30,14,69,74,51,62,49,36,81,15,0,0,0,0,0,0,5,12,0,0,10,0,78
l36,7=0,0,0,0,0,0,0,3,5,13,8,0,28,0,35,48,64,49,42,16,60,68,50,80,20,85,91,10,6,20,0,91,2,0,0,16,0,0,2,72,0
l37,7=0,0,0,0,0,0,0,0,0,8,0,0,19,14,20,21,53,42,38,16,58,61,34,53,55,75,75,4,0,0,13,92,0,0,0,0,0,0,0,70,72
l38,7=0,0,0,0,0,0,21,0,4,3,44,23,58,55,38,61,64,63,30,6,56,70,65,65,25,34,75,21,39,27,0,85,0,0,0,13,12,0,26,60,80
l39,7=0,0,0,0,0,0,0,0,0,0,0,0,47,22,0,0,61,0,58,28,64,74,76,74,66,30,17,0,0,30,29,53,0,0,2,10,0,0,0,67,75
l40,7=0,0,0,0,0,0,0,0,0,0,0,0,25,19,0,27,61,25,32,25,75,37,67,70,62,19,11,0,0,30,7,28,15,21,0,8,0,0,0,66,70

l0,8=0,93,97,97,96,98,94,96,74,90,97,93,83,92,51,56,0,0,0,0,0,0,0,0,0,0,0,0,0,0,0,0,0,0,0,0,0,0,0,0,0
l1,8=99,0,97,98,96,98,96,100,46,52,93,99,76,48,0,59,80,0,0,0,0,11,0,0,0,0,0,49,0,0,0,0,0,0,0,0,0,0,0,0,0
l2,8=99,96,0,98,96,98,96,96,47,99,97,99,86,50,55,61,0,80,0,0,0,0,0,0,0,0,0,49,0,0,0,0,0,0,0,0,0,0,0,0,59
l3,8=99,96,97,0,96,98,95,92,72,90,99,95,0,53,54,61,6,0,0,0,0,0,0,0,0,85,0,52,51,0,0,0,0,0,0,0,0,0,0,0,0
l4,8=97,93,97,98,0,98,94,96,74,90,51,93,41,56,59,58,86,0,0,0,0,0,0,0,0,27,0,0,0,0,0,0,0,0,0,0,0,0,0,0,0
l5,8=99,96,97,98,96,0,17,98,70,99,99,98,79,93,58,56,82,81,0,0,0,0,0,0,0,61,0,48,51,0,0,0,0,0,0,0,0,0,0,0,0
l6,8=93,96,97,92,91,10,0,100,89,99,99,99,80,92,0,80,89,88,90,48,73,80,0,67,81,1,0,0,0,0,0,0,0,0,0,0,0,0,0,0,45
l7,8=69,96,89,91,93,92,96,0,85,99,99,99,93,97,36,59,92,93,52,0,62,76,71,84,0,49,0,10,44,0,0,0,0,0,0,0,0,0,0,0,71
l8,8=70,85,75,91,89,61,92,95,0,60,99,99,99,97,17,95,91,92,55,22,71,88,68,88,0,58,0,44,53,0,0,0,0,0,0,0,0,0,0,0,71
l9,8=94,78,90,92,91,93,96,97,87,0,99,99,93,93,39,93,91,55,21,0,59,89,58,84,86,20,0,42,1,0,0,0,0,0,0,0,0,0,0,0,58
l10,8=82,91,89,94,74,63,96,100,96,99,0,99,93,97,55,95,94,93,0,48,0,88,74,88,74,45,0,45,49,0,0,0,0,0,0,0,0,0,0,40,0
l11,8=94,91,97,94,91,98,96,100,91,99,99,0,93,93,49,93,94,93,57,51,73,89,74,0,90,35,0,0,42,0,0,0,0,0,0,0,0,39,0,0,0
l12,8=35,60,47,0,46,39,43,85,68,62,61,95,0,58,62,97,99,99,56,15,61,92,76,87,41,72,0,50,59,0,0,0,0,0,0,0,30,11,14,17,69
l13,8=23,0,39,64,80,61,0,0,3,13,44,60,97,57,0,80,99,99,17,0,0,93,75,86,0,47,0,97,60,0,0,31,0,48,31,87,96,94,20,30,64
l14,8=21,71,36,52,64,34,56,46,68,62,61,95,99,57,62,0,98,99,54,28,52,91,76,87,88,100,0,50,46,0,0,35,0,0,0,0,34,61,16,10,71
l15,8=0,29,0,0,28,32,80,55,45,37,71,70,99,43,100,91,0,96,96,49,93,94,89,95,94,75,0,78,43,22,0,0,0,0,0,81,55,59,49,77,74
l16,8=0,0,45,0,0,47,87,87,87,31,93,85,99,92,100,97,98,0,57,10,94,94,91,94,87,99,70,81,24,0,69,93,0,0,0,71,64,89,27,47,87
l17,8=0,0,0,0,0,0,52,39,46,24,12,52,56,73,23,67,83,62,0,99,95,80,86,62,95,33,0,0,0,59,58,76,35,9,0,70,24,18,53,57,48
l18,8=0,0,0,0,0,0,45,0,46,2,70,58,50,2,0,69,89,9,97,0,93,92,87,49,92,0,86,0,0,0,54,80,0,61,0,75,0,0,0,71,79
l19,8=0,0,0,0,0,0,26,21,48,28,1,31,48,45,0,29,86,73,93,75,0,94,87,93,90,0,0,0,0,62,80,49,53,68,61,87,27,23,55,66,84
l20,8=0,0,0,0,0,0,29,14,32,58,49,54,60,67,55,69,90,71,86,72,94,0,93,95,91,1,87,14,0,46,69,94,54,54,26,73,43,57,16,71,86
l21,8=0,0,0,0,0,0,0,49,49,42,69,51,84,66,60,77,89,71,93,67,91,95,0,95,86,23,80,28,4,57,32,88,23,36,35,72,32,65,0,82,85
l22,8=0,0,0,0,0,0,31,56,63,58,67,0,60,67,55,69,86,70,74,18,94,95,93,0,67,8,75,0,11,66,74,55,37,70,60,61,30,38,31,80,87
l23,8=0,0,0,0,0,0,30,0,0,42,25,23,25,64,0,68,87,68,95,88,94,90,86,71,0,38,85,0,0,70,26,84,63,85,28,87,25,0,12,68,69
l24,8=0,61,42,82,0,47,0,0,17,19,22,0,82,6,92,79,99,96,0,0,1,71,35,0,0,0,83,0,100,0,99,93,92,84,61,97,100,95,62,1,35
l25,8=0,0,0,85,27,61,1,49,58,20,45,35,72,47,100,75,99,33,0,0,1,23,8,38,0,0,0,97,0,32,99,0,78,92,35,76,75,100,33,14,55
l26,8=0,0,0,0,0,0,0,0,0,0,0,0,0,0,0,0,70,0,86,0,87,80,75,85,83,0,0,0,80,0,100,0,96,97,97,97,100,96,91,57,0
l27,8=0,0,0,0,0,0,0,0,0,0,0,0,0,18,0,0,0,52,53,26,95,94,45,95,46,97,0,97,88,94,0,89,96,97,100,96,100,100,96,1,22
l28,8=0,0,0,0,0,0,0,0,0,0,0,0,0,0,2,0,15,0,41,0,87,82,29,61,90,0,80,80,21,94,100,86,0,97,100,96,96,100,96,0,30
l29,8=0,0,0,0,0,0,0,0,0,0,0,0,0,0,40,0,0,0,0,51,89,84,73,64,90,32,0,69,80,94,100,94,96,0,100,96,75,95,92,35,0
l30,8=0,0,0,0,0,0,0,0,0,0,0,0,0,0,24,0,0,0,0,0,92,69,48,54,45,99,100,69,30,94,100,100,96,97,0,89,100,73,66,0,0
l31,8=0,0,0,0,0,0,0,0,0,0,0,0,0,31,35,0,93,76,80,49,94,88,55,84,93,0,0,89,86,94,100,0,96,97,98,0,100,100,96,41,42
l32,8=0,0,0,0,0,0,0,0,0,0,0,0,28,35,59,38,91,81,44,0,69,73,45,81,57,78,96,83,89,94,100,96,94,88,100,97,0,100,96,1,0
l33,8=0,0,0,0,0,0,0,0,0,0,0,10,4,26,61,45,93,93,14,0,45,76,58,71,0,92,97,84,90,58,100,97,96,91,62,97,100,0,96,23,0
l34,8=0,0,0,0,0,0,0,0,0,0,0,0,38,0,37,41,93,80,53,0,73,67,0,85,25,35,97,92,39,59,100,98,94,91,53,97,100,100,0,15,0
l35,8=0,0,0,0,0,0,0,0,0,0,49,0,43,0,37,12,55,52,55,46,58,59,58,61,52,76,97,0,4,48,0,0,0,18,0,31,0,7,0,0,86
l36,8=0,0,0,0,0,0,3,22,32,11,0,0,52,25,22,55,69,67,31,33,78,93,77,94,59,75,100,10,12,0,5,100,8,0,0,13,0,0,0,83,0
l37,8=0,0,0,0,0,0,0,0,0,6,0,0,29,19,34,31,53,53,58,27,63,87,51,78,65,100,96,0,0,0,0,100,0,0,0,0,0,0,0,82,83
l38,8=0,0,0,0,0,0,42,12,0,47,63,38,71,61,13,79,80,71,53,31,66,93,91,94,46,33,91,8,69,11,0,96,0,0,0,15,0,0,11,84,86
l39,8=0,0,0,0,0,0,0,0,0,0,0,0,46,5,0,51,62,46,73,58,75,73,88,90,72,14,57,0,0,31,26,41,0,0,0,0,0,0,5,85,88
l40,8=0,0,0,0,0,0,0,0,0,0,0,0,27,0,0,12,62,52,61,23,76,67,65,78,63,55,0,0,0,25,0,42,0,0,0,0,0,0,0,72,66

l0,9=0,100,100,99,98,99,96,86,96,99,86,97,86,93,41,0,0,0,0,0,0,29,0,0,0,94,0,47,61,0,0,0,0,0,0,0,0,0,0,0,0
l1,9=95,0,100,99,98,99,99,100,98,54,73,31,94,0,60,0,22,0,0,0,0,0,50,0,0,18,0,56,22,0,0,0,0,0,0,0,0,42,0,0,0
l2,9=95,100,0,99,98,99,99,100,100,100,98,100,100,97,0,33,22,0,0,0,0,13,0,0,0,0,0,56,0,0,0,0,0,0,0,0,0,0,0,0,0
l3,9=95,100,100,0,98,99,93,71,96,0,98,61,88,48,0,27,24,0,0,0,0,0,0,0,0,25,0,53,64,0,0,0,0,0,0,0,0,0,0,0,0
l4,9=95,100,100,99,0,99,99,89,98,100,87,100,88,97,53,9,23,0,0,0,0,0,0,0,0,40,0,51,64,0,0,0,0,0,0,0,0,0,0,0,0
l5,9=95,100,100,99,98,0,99,100,97,100,98,100,95,97,59,19,11,54,0,0,0,0,15,0,0,43,0,59,66,0,0,0,0,0,0,0,0,72,0,0,0
l6,9=95,100,100,98,98,99,0,100,100,100,98,100,100,100,77,62,91,92,94,0,56,71,94,94,62,0,0,0,5,0,0,0,0,0,0,0,0,0,0,0,41
l7,9=95,100,100,98,98,99,99,0,100,100,98,100,100,100,63,68,91,97,97,0,23,69,63,62,61,43,0,0,67,0,0,0,0,0,0,0,0,0,0,0,0
l8,9=95,99,100,86,61,60,98,91,0,100,98,80,100,100,61,68,34,96,95,32,36,60,60,62,0,32,0,57,72,0,0,0,0,0,0,0,0,44,21,88,90
l9,9=95,98,100,0,98,98,99,100,100,0,98,100,100,100,77,100,92,66,0,0,33,75,4,63,64,0,0,49,0,0,0,0,0,0,0,0,0,0,0,0,66
l10,9=95,100,100,89,61,60,95,100,100,100,0,100,100,100,66,46,34,91,93,37,0,40,57,62,56,2,0,49,60,0,0,0,0,0,0,0,0,0,0,83,38
l11,9=95,98,100,98,98,98,99,100,100,100,98,0,100,100,61,99,60,97,96,0,35,80,63,62,57,22,0,52,69,0,0,0,0,0,0,0,0,74,0,0,78
l12,9=73,84,99,15,36,59,60,84,100,55,38,35,0,100,64,100,36,99,98,36,36,61,64,62,62,100,0,58,72,0,0,13,0,0,0,0,4,55,90,91,90
l13,9=32,94,0,0,41,59,60,59,95,54,38,35,100,98,0,37,61,99,0,0,36,61,64,35,0,60,0,100,72,54,76,26,0,54,1,25,42,96,97,93,92
l14,9=0,0,55,9,37,24,60,72,100,72,38,35,100,100,63,0,61,99,98,37,36,61,65,62,62,55,18,58,71,0,0,19,0,0,0,0,39,52,0,9,90
l15,9=0,69,5,23,37,21,60,68,97,52,60,35,99,98,96,99,0,97,98,37,61,96,64,74,98,33,0,58,71,57,50,0,68,25,15,36,20,95,98,94,91
l16,9=0,0,0,0,0,39,57,74,65,52,28,36,100,59,98,100,98,0,99,0,60,74,98,97,62,29,32,57,71,0,59,39,0,0,0,11,11,95,63,64,93
l17,9=0,0,0,0,0,0,77,70,80,0,86,83,85,88,0,88,90,82,0,100,99,96,99,96,98,35,0,0,0,87,83,34,71,80,0,92,78,0,81,88,72
l18,9=0,0,0,0,0,0,0,0,80,0,97,11,88,84,0,98,96,0,100,0,97,96,98,92,98,0,91,0,0,0,77,99,12,76,0,51,6,0,0,83,93
l19,9=0,0,0,0,0,0,75,11,78,78,0,77,80,82,76,77,96,97,99,82,0,97,98,97,98,0,0,0,0,90,91,29,80,82,74,98,77,56,79,81,82
l20,9=0,0,0,0,0,0,45,57,72,58,1,47,96,97,90,98,96,96,99,94,97,0,100,98,98,0,95,49,40,91,73,99,76,36,35,58,36,70,83,94,93
l21,9=0,59,0,0,0,32,85,69,78,45,73,88,93,92,96,99,93,97,99,99,97,98,0,98,98,30,96,41,0,92,75,60,7,90,48,90,88,86,84,94,87
l22,9=0,0,0,0,0,0,78,56,91,65,90,50,93,76,37,91,88,87,93,52,97,98,100,0,93,0,84,0,8,92,91,57,87,92,47,93,0,79,0,94,93
l23,9=0,0,0,0,0,0,78,64,0,84,48,32,87,82,0,89,96,87,99,97,97,96,98,97,0,5,69,0,0,88,92,84,87,94,49,99,78,56,81,80,65
l24,9=69,86,36,32,38,43,0,0,30,35,0,7,100,53,98,37,36,60,0,0,0,33,2,0,0,0,93,0,100,0,100,99,86,26,40,10,42,60,100,0,31
l25,9=94,18,0,25,40,43,0,43,32,0,2,22,100,60,55,33,29,35,0,0,0,30,0,5,0,0,0,100,0,36,0,0,4,27,0,10,11,64,64,0,0
l26,9=0,0,0,0,0,0,0,0,0,0,0,0,0,0,18,0,32,0,91,0,95,96,84,69,93,0,0,0,96,0,100,0,100,100,100,100,99,97,100,40,27
l27,9=0,0,0,0,0,0,0,0,0,0,0,0,0,0,12,0,21,33,91,31,89,72,8,92,95,100,0,96,0,99,0,56,100,100,100,100,99,97,100,36,33
l28,9=0,0,0,0,0,0,0,0,0,0,0,0,0,0,0,0,48,0,84,9,79,88,6,58,93,0,96,72,19,99,100,99,0,100,100,100,87,97,76,0,0
l29,9=0,0,0,0,0,0,0,0,0,0,0,0,0,0,16,0,31,0,88,18,91,39,34,94,96,36,0,40,62,99,100,99,100,0,100,100,97,92,100,0,0
l30,9=0,0,0,0,0,0,0,0,0,0,0,0,0,0,0,0,0,0,0,0,62,56,12,37,18,0,100,37,0,99,100,100,100,100,0,100,99,56,65,0,0
l31,9=0,0,0,0,0,0,0,0,0,0,0,0,13,26,19,0,39,34,99,29,99,60,57,84,99,0,0,56,99,99,100,0,100,100,100,0,99,97,100,27,20
l32,9=0,0,0,0,0,0,0,0,0,0,0,0,86,0,59,31,35,34,90,0,52,60,61,0,58,4,100,61,73,99,100,100,85,27,100,100,0,97,100,0,0
l33,9=0,16,0,0,0,37,0,0,0,0,0,21,94,54,60,33,44,35,0,0,31,34,63,29,24,27,100,57,100,35,100,100,90,27,95,100,99,0,100,0,0
l34,9=0,0,0,0,0,0,0,0,4,0,0,0,99,58,41,2,39,35,98,0,35,35,27,0,35,0,100,61,51,36,67,100,88,27,93,100,99,97,0,0,0
l35,9=0,0,0,0,0,0,0,0,52,0,27,0,67,65,60,0,90,64,73,23,83,94,91,97,72,10,100,0,0,68,57,0,0,0,0,12,0,0,0,0,93
l36,9=0,0,0,0,0,0,0,0,73,30,7,13,89,74,88,92,54,91,69,33,90,96,82,97,44,11,99,36,0,62,46,99,0,0,0,3,0,0,0,94,0
l37,9=0,0,0,0,0,0,0,0,38,9,0,0,72,0,43,0,87,84,86,29,53,93,38,94,36,64,97,0,0,0,0,97,0,0,0,0,0,0,0,94,92
l38,9=0,0,0,0,0,0,42,0,67,44,80,34,95,94,94,96,96,87,76,0,55,96,98,97,48,64,100,25,59,0,14,100,0,5,0,30,0,0,69,94,93
l39,9=0,0,0,0,0,0,0,0,0,0,0,0,0,42,4,44,87,85,93,69,91,96,98,93,95,0,40,0,0,0,65,27,0,8,0,50,0,0,27,94,93
l40,9=0,0,0,0,0,0,0,0,0,0,0,0,77,0,45,74,86,67,75,65,88,92,91,95,91,0,27,0,0,45,0,20,58,5,0,0,0,0,0,89,86

l0,10=0,96,95,98,95,92,85,96,93,88,92,94,4,76,64,0,0,0,0,0,0,0,0,0,0,35,0,0,70,0,0,0,0,0,0,0,0,0,0,0,0
l1,10=97,0,95,98,95,97,92,96,91,89,91,58,57,83,85,51,0,33,0,0,0,0,21,0,0,10,0,0,69,0,0,0,0,0,0,0,0,5,0,0,0
l2,10=97,96,0,94,95,97,96,95,93,96,94,96,56,91,76,52,60,67,0,0,0,35,46,38,0,0,0,0,49,0,0,0,0,0,0,0,0,0,0,0,38
l3,10=97,96,93,0,95,97,93,96,90,89,94,61,41,85,0,0,0,0,0,0,0,0,0,0,0,59,0,60,77,0,0,0,0,0,0,0,0,0,0,0,0
l4,10=97,96,95,98,0,97,96,95,91,84,91,90,0,89,85,72,0,0,0,0,0,0,0,0,0,35,0,3,81,0,0,0,0,0,0,0,0,0,0,0,0
l5,10=55,96,95,98,95,0,96,64,93,96,92,96,50,82,79,51,0,0,0,0,0,0,0,0,0,32,0,30,75,0,0,10,0,0,0,4,0,0,0,0,0
l6,10=83,92,95,91,92,97,0,96,94,96,94,93,85,78,69,78,85,80,76,0,29,63,50,74,67,0,0,4,0,0,0,0,0,0,0,0,0,0,0,0,23
l7,10=95,92,92,91,92,92,92,0,93,96,94,96,92,91,79,51,53,69,81,0,36,42,53,68,54,19,0,0,72,0,0,0,0,0,0,0,0,0,0,0,0
l8,10=59,54,70,78,90,92,92,95,0,92,94,93,92,93,75,87,47,79,73,5,47,42,55,83,56,62,0,48,76,0,0,0,0,0,0,0,0,13,0,0,48
l9,10=48,54,92,70,66,92,92,99,93,0,94,96,92,91,68,87,57,67,55,0,35,39,48,69,55,46,0,26,61,0,0,0,0,0,0,0,0,0,0,0,0
l10,10=94,54,92,91,92,92,92,95,93,96,0,95,92,91,89,55,42,65,71,54,24,37,56,77,45,0,0,0,0,0,0,1,0,0,0,0,0,0,0,59,0
l11,10=95,85,92,90,70,95,92,99,93,96,94,0,90,91,64,87,58,88,2,57,39,4,47,73,52,24,0,0,64,0,0,0,0,0,0,0,0,0,0,0,39
l12,10=0,30,34,29,0,69,52,65,91,87,60,33,0,94,92,89,37,97,75,57,11,42,55,77,60,51,0,54,81,0,0,0,0,0,0,0,41,0,64,75,54
l13,10=8,33,21,0,33,65,14,46,50,50,60,7,94,91,0,55,62,97,41,0,28,43,44,69,0,63,0,97,92,20,0,0,0,0,0,46,0,83,37,0,52
l14,10=0,46,58,0,70,83,85,82,90,88,83,90,94,94,89,0,89,97,7,48,72,71,70,78,79,96,63,85,80,0,0,66,0,0,0,0,0,0,27,0,0
l15,10=0,0,48,0,0,0,49,35,55,78,22,38,46,93,95,89,0,96,79,58,67,77,84,48,92,48,0,51,43,0,23,0,0,0,9,40,53,63,70,84,53
l16,10=0,4,26,0,0,0,32,28,87,74,44,53,94,93,96,89,92,0,75,0,49,49,67,89,68,38,0,62,88,0,18,41,0,0,0,35,52,69,44,21,55
l17,10=0,0,0,0,0,0,70,62,65,64,72,10,64,68,69,25,87,78,0,95,82,73,84,87,92,80,0,0,0,74,72,60,73,0,0,73,65,0,38,65,72
l18,10=0,0,0,0,0,0,0,0,42,0,82,78,77,78,3,70,89,0,93,0,85,79,85,89,92,0,56,0,0,0,71,49,7,1,0,0,0,0,0,85,81
l19,10=0,0,0,0,0,0,47,33,68,57,54,54,50,66,70,65,72,74,93,73,0,77,84,89,92,0,0,0,0,75,77,0,67,75,70,74,66,44,43,74,70
l20,10=0,0,2,0,0,0,61,50,57,55,61,0,65,75,72,69,90,80,71,72,85,0,85,90,87,0,80,61,41,54,66,58,71,53,55,64,64,57,54,76,87
l21,10=0,24,41,0,0,0,56,47,59,59,73,56,65,69,65,69,91,86,88,78,82,79,0,90,73,17,62,54,50,64,58,65,57,65,59,63,51,60,61,81,76
l22,10=0,0,0,0,0,0,60,23,68,54,71,52,62,57,62,70,59,88,80,56,84,79,85,0,87,32,71,28,0,74,57,67,62,76,54,73,56,0,56,87,84
l23,10=0,0,0,0,0,0,71,29,57,65,63,43,74,76,11,70,90,82,93,84,82,77,78,89,0,0,81,0,5,75,81,51,80,79,78,81,0,59,73,73,80
l24,10=0,0,0,75,11,28,6,0,52,33,0,0,49,59,96,52,53,78,0,0,0,37,22,28,0,0,79,0,92,26,16,61,43,22,72,55,88,92,81,0,9
l25,10=35,10,0,59,35,32,0,19,62,46,0,24,51,63,96,48,38,80,0,0,0,17,32,0,0,0,0,97,0,42,24,0,0,2,0,62,53,92,62,23,0
l26,10=0,0,0,0,0,0,0,0,0,0,0,0,0,0,63,0,0,0,56,0,80,62,71,81,79,0,0,60,78,0,89,0,91,90,95,92,88,79,82,35,47
l27,10=0,0,0,0,0,0,0,0,0,0,0,0,0,37,0,0,41,37,49,31,76,66,47,66,78,97,60,43,68,83,0,77,91,90,95,92,88,90,86,28,26
l28,10=0,0,0,0,0,0,0,0,0,0,0,0,0,0,0,0,0,0,56,13,60,75,61,75,77,0,78,74,0,83,89,80,0,91,95,92,81,87,83,6,0
l29,10=0,0,0,0,0,0,0,0,0,0,0,0,0,0,5,0,0,0,0,0,73,71,68,80,73,42,0,48,0,83,89,83,91,0,95,92,83,68,78,0,0
l30,10=0,0,0,0,0,0,0,0,0,0,0,0,0,0,0,0,0,0,0,0,57,65,55,48,65,24,89,73,0,83,89,89,91,90,0,92,85,80,57,0,0
l31,10=0,0,0,0,0,10,0,0,0,0,1,0,0,0,66,0,41,60,49,0,58,65,67,51,61,0,0,77,80,83,89,0,91,90,95,0,88,92,87,23,21
l32,10=0,0,0,0,0,0,0,0,0,0,0,0,30,41,0,0,45,63,45,0,34,66,43,51,0,0,91,90,45,83,89,91,85,87,93,92,0,92,87,46,0
l33,10=0,0,0,0,0,0,0,0,7,0,0,0,0,28,85,4,21,52,0,0,16,42,56,0,20,2,90,97,58,77,89,90,74,48,87,92,92,0,87,0,0
l34,10=0,0,0,0,0,0,0,0,0,0,0,0,38,41,66,24,55,64,36,0,27,41,55,48,43,0,95,88,53,65,89,95,54,48,89,92,92,92,0,0,0
l35,10=0,0,0,0,0,0,0,0,0,0,65,0,72,69,0,0,82,0,47,62,71,74,79,88,73,62,92,0,30,46,44,0,0,0,0,4,32,0,0,0,88
l36,10=0,0,0,0,0,0,10,0,48,0,0,40,72,77,78,0,77,75,72,50,67,76,71,88,72,53,88,31,0,37,16,88,0,0,0,0,0,0,0,87,0
l37,10=0,0,0,0,0,0,0,0,0,0,2,0,0,0,70,75,78,73,69,54,67,77,66,87,76,92,79,0,0,0,18,92,0,0,0,0,0,0,0,87,87
l38,10=0,0,0,0,0,0,0,29,65,63,45,32,74,77,78,79,90,79,74,0,70,74,80,88,71,62,82,23,70,0,0,87,0,0,0,3,21,0,35,85,87
l39,10=0,0,0,0,0,0,0,0,0,0,0,0,68,64,53,50,84,84,73,12,78,77,81,83,80,23,35,0,0,0,54,23,0,0,0,56,0,0,0,87,87
l40,10=0,0,0,0,0,0,0,0,3,0,0,0,40,0,44,69,39,72,77,41,80,75,69,89,77,0,47,0,0,13,0,21,0,0,0,44,0,0,0,86,82

l0,11=0,95,99,97,94,96,86,93,77,89,87,89,13,80,51,59,0,0,0,0,0,0,0,0,0,4,0,32,10,0,0,0,0,0,0,0,0,0,0,0,0
l1,11=97,0,99,97,94,96,89,92,51,84,84,89,25,67,78,76,23,0,0,0,0,0,3,0,0,19,0,55,25,0,0,0,0,0,0,0,0,0,0,0,0
l2,11=97,93,0,93,92,96,90,92,77,89,84,89,40,79,48,61,44,15,0,0,0,15,12,0,0,2,0,37,12,0,0,0,0,0,0,0,0,0,0,0,2
l3,11=97,95,85,0,94,96,90,90,70,81,83,47,3,62,74,55,0,0,0,0,0,0,0,0,0,11,0,69,38,0,0,0,0,0,0,0,0,0,0,0,0
l4,11=97,95,91,97,0,96,88,92,44,89,79,55,16,62,68,43,1,0,0,0,0,0,0,0,0,26,0,45,2,0,0,0,0,0,0,0,0,0,0,0,0
l5,11=97,95,98,97,94,0,87,86,77,92,87,90,4,72,78,24,22,0,0,0,0,4,0,0,0,39,0,69,40,0,0,12,0,0,0,13,0,0,0,0,0
l6,11=92,91,93,93,90,94,0,92,77,89,85,89,44,86,64,85,43,19,41,0,36,18,17,52,47,0,0,15,0,0,0,0,0,0,0,0,0,0,0,0,21
l7,11=94,90,92,49,89,82,86,0,77,92,87,91,83,89,3,62,16,21,45,0,36,40,19,65,42,0,0,40,0,0,0,0,0,0,0,0,0,0,0,0,0
l8,11=0,8,62,1,0,80,85,92,0,89,87,80,47,91,70,86,27,27,4,65,40,19,22,66,51,13,0,44,29,0,0,0,0,0,0,0,0,0,0,53,53
l9,11=93,81,91,0,88,93,86,92,77,0,85,92,83,88,56,85,47,22,0,0,34,3,17,60,0,48,0,0,18,0,0,0,0,0,0,0,0,0,0,0,0
l10,11=93,90,65,12,80,93,83,92,77,89,0,89,83,88,73,84,17,26,13,35,30,21,44,58,26,15,0,0,28,0,0,0,0,0,0,0,0,0,0,37,4
l11,11=92,90,92,0,68,94,85,93,77,92,87,0,78,88,66,85,39,67,56,47,61,14,37,64,24,10,0,24,33,0,0,0,0,0,0,0,0,2,0,0,43
l12,11=0,55,20,0,0,0,43,43,53,87,73,23,0,90,86,86,34,87,31,31,36,21,21,75,50,21,0,28,42,0,0,0,0,0,0,0,7,18,22,74,70
l13,11=9,52,0,36,56,50,22,0,20,61,54,16,47,57,0,84,27,28,20,0,34,18,0,59,25,24,0,79,47,1,56,1,0,0,8,16,8,24,64,31,64
l14,11=0,45,0,0,0,0,43,7,77,80,66,50,86,91,86,0,80,86,48,10,42,43,22,73,49,89,7,48,41,0,0,25,0,0,0,0,0,1,25,45,70
l15,11=0,4,28,0,0,37,37,1,39,71,15,12,75,79,77,86,0,91,54,40,41,77,77,66,70,23,0,41,38,18,44,0,42,3,0,27,12,19,56,68,68
l16,11=0,0,4,0,0,0,10,15,46,68,51,21,86,90,89,86,81,0,45,0,34,77,71,78,47,19,20,39,37,0,0,22,0,0,0,21,12,18,22,50,64
l17,11=0,0,0,0,0,0,57,59,9,37,45,66,64,65,50,64,66,72,0,91,80,68,77,76,83,18,0,0,0,64,69,11,63,0,0,67,50,0,0,64,65
l18,11=0,0,0,0,0,0,0,0,59,33,61,64,58,68,0,64,73,0,87,0,82,77,78,82,82,0,50,0,0,0,73,31,50,0,0,48,0,33,0,71,60
l19,11=0,0,0,0,0,0,53,51,59,58,51,67,58,67,59,64,66,34,83,76,0,77,78,79,85,0,0,0,28,68,78,2,61,74,62,74,22,17,57,65,66
l20,11=0,0,38,0,0,1,51,57,41,27,49,14,36,64,62,70,77,79,50,65,82,0,79,84,75,27,67,46,0,35,62,54,61,35,0,57,44,35,0,62,75
l21,11=0,11,24,0,0,0,30,52,55,58,68,49,60,61,0,61,76,75,80,64,79,77,0,84,60,0,66,29,29,54,60,36,58,58,49,59,0,0,29,61,64
l22,11=0,0,0,0,0,0,17,16,18,52,40,29,67,59,49,57,35,73,73,67,79,77,79,0,73,0,35,4,28,61,48,0,48,68,41,40,28,15,46,71,73
l23,11=0,0,0,0,0,0,53,55,53,48,46,11,66,50,53,57,72,72,86,81,81,72,72,76,0,50,69,0,0,68,69,51,71,70,64,75,0,28,66,62,58
l24,11=19,30,6,17,49,48,7,11,19,0,0,6,7,29,89,31,21,18,0,0,0,0,0,12,0,0,68,0,78,16,40,69,49,9,49,31,33,85,41,0,24
l25,11=4,19,2,11,26,39,0,0,13,48,15,10,21,24,89,23,19,18,0,0,27,0,0,50,0,0,0,97,0,17,39,0,43,10,0,35,13,51,26,39,24
l26,11=0,0,0,0,0,0,0,0,0,0,0,0,0,0,7,0,20,0,50,0,67,66,35,69,68,0,0,32,43,0,85,0,85,79,84,84,82,80,79,0,30
l27,11=0,0,0,0,0,0,0,0,0,0,0,0,0,0,60,0,40,0,39,42,69,55,35,58,63,97,32,59,51,72,0,74,85,79,84,85,46,80,79,0,0
l28,11=0,0,0,0,0,0,0,0,0,0,0,0,0,0,0,0,20,0,50,32,68,64,57,54,50,0,43,50,31,72,86,66,0,83,87,84,76,65,74,0,18
l29,11=0,0,0,0,0,0,0,0,0,0,0,0,0,0,0,0,6,0,0,0,70,56,64,69,47,17,0,45,51,72,85,72,85,0,87,84,82,80,79,12,0
l30,11=0,0,0,0,0,0,0,0,0,0,0,0,0,0,3,0,0,0,0,0,58,0,6,45,42,39,85,50,0,72,86,86,85,83,0,81,78,72,77,0,0
l31,11=0,0,0,0,0,12,0,0,0,0,0,0,0,1,25,0,22,11,31,2,54,36,0,51,69,0,0,74,66,72,86,0,82,79,81,0,82,85,82,15,0
l32,11=0,0,0,0,0,0,0,0,0,0,0,0,12,12,60,0,18,19,24,0,25,17,0,63,0,43,85,66,39,72,67,82,78,47,80,85,0,86,85,11,0
l33,11=0,0,0,0,0,0,0,0,0,0,0,2,12,11,76,4,45,43,0,7,28,0,0,57,42,10,79,97,49,36,88,79,68,27,78,85,87,0,85,0,1
l34,11=0,0,0,0,0,0,0,0,0,0,0,0,10,1,77,11,52,15,0,0,34,0,0,62,53,0,84,63,38,67,85,81,78,73,77,85,87,86,0,0,7
l35,11=0,0,0,0,0,0,0,0,20,0,29,0,67,25,13,35,70,13,54,62,67,59,71,76,62,35,84,0,12,0,0,0,0,1,0,21,0,0,0,0,79
l36,11=0,0,0,0,0,0,0,0,27,0,11,26,67,63,67,66,70,68,63,4,66,75,69,82,54,13,82,24,7,21,0,82,0,0,0,0,0,0,0,80,0
l37,11=0,0,0,0,0,0,0,0,0,0,0,0,18,0,65,64,8,51,25,14,49,74,69,81,67,51,80,6,0,0,0,85,0,0,0,0,0,0,0,75,77
l38,11=0,0,0,0,0,0,13,29,29,63,0,17,37,62,66,68,78,70,54,0,73,72,76,82,65,26,79,0,34,3,24,82,0,0,0,0,0,0,47,78,77
l39,11=0,0,0,0,0,0,0,0,0,0,0,0,64,55,32,50,71,68,64,65,72,73,76,80,66,39,0,0,0,55,0,15,54,0,0,56,19,0,0,69,76
l40,11=0,0,0,0,0,0,0,0,0,0,0,0,0,1,42,14,62,54,57,0,78,69,64,83,73,24,30,0,0,29,58,0,0,8,0,10,0,0,0,75,73

l0,12=0,98,97,98,96,95,93,98,87,94,90,84,73,89,0,7,31,0,0,0,0,0,0,0,0,5,0,16,2,0,0,0,0,0,0,0,0,0,0,0,0
l1,12=98,0,95,98,96,95,92,95,77,92,88,81,49,51,0,34,46,0,0,0,0,0,15,0,0,13,0,72,33,0,0,0,0,0,0,0,0,0,0,0,0
l2,12=98,96,0,93,96,95,93,93,83,92,87,93,31,54,53,83,54,36,24,0,15,14,18,18,0,12,0,44,43,0,0,0,0,0,0,0,0,0,0,0,0
l3,12=98,98,92,0,96,95,91,94,78,82,87,94,37,0,57,0,39,0,0,0,0,0,0,0,0,0,0,73,17,0,0,0,0,0,0,0,0,65,0,0,0
l4,12=98,98,96,98,0,95,91,96,74,92,77,94,0,51,69,0,2,0,0,0,0,0,0,0,0,33,0,6,37,0,0,0,0,0,0,0,0,0,0,0,0
l5,12=98,98,97,98,96,0,93,93,87,94,88,94,37,0,0,76,49,0,0,0,0,17,0,0,0,41,0,68,43,0,0,0,0,0,0,0,0,0,0,0,0
l6,12=92,95,93,91,92,94,0,94,87,92,85,92,83,88,74,84,49,28,14,10,64,36,31,35,69,0,0,0,0,0,0,0,0,0,0,0,0,0,0,0,27
l7,12=92,93,56,70,92,93,91,0,86,94,90,94,52,88,71,80,48,36,49,0,68,56,39,41,75,9,0,68,11,0,0,0,0,0,0,0,0,0,0,0,5
l8,12=75,59,41,45,67,93,91,94,0,94,90,94,50,91,81,85,54,48,28,40,72,48,40,26,63,20,0,69,27,0,0,0,0,0,0,0,0,0,0,59,47
l9,12=92,91,70,53,91,93,90,94,87,0,87,94,83,64,76,84,54,49,6,0,27,34,31,45,69,18,0,54,26,0,0,0,0,0,0,0,0,0,0,0,25
l10,12=92,93,86,74,67,93,84,93,87,92,0,94,83,88,65,84,81,80,3,39,45,78,70,28,41,33,0,54,20,0,0,0,0,0,0,0,0,0,0,0,19
l11,12=62,93,76,93,91,93,82,98,89,94,90,0,79,90,9,84,53,29,0,54,52,41,32,40,59,16,0,21,21,0,0,0,0,0,0,0,0,0,0,0,54
l12,12=41,59,4,6,0,29,81,74,84,89,83,69,0,91,83,87,54,91,10,0,60,50,39,42,40,47,0,74,46,0,0,2,0,0,0,0,0,62,47,77,77
l13,12=0,0,5,2,33,0,56,27,69,22,48,6,52,49,0,87,58,52,7,0,62,20,7,7,34,38,0,89,49,0,4,0,0,0,0,0,42,87,85,54,71
l14,12=0,0,29,0,0,63,75,65,84,84,80,78,87,91,84,0,82,88,46,53,63,66,39,39,61,88,0,66,43,0,0,0,0,0,0,25,14,51,33,62,69
l15,12=24,48,36,14,23,57,60,58,75,70,75,55,80,81,84,86,0,92,72,74,67,78,64,43,71,47,0,70,41,42,46,35,34,0,0,61,65,72,74,61,75
l16,12=0,0,32,0,0,21,51,56,74,66,77,48,87,91,88,87,85,0,44,0,76,83,73,74,54,39,61,67,35,0,0,50,0,0,0,44,55,63,63,59,66
l17,12=0,0,11,0,0,0,45,68,55,48,55,0,58,61,52,64,79,65,0,93,83,78,68,65,82,27,0,0,0,60,70,20,61,35,47,73,56,58,24,64,63
l18,12=0,0,0,0,0,0,47,0,60,0,72,64,0,64,0,67,80,0,86,0,80,82,66,73,82,0,42,0,0,21,65,46,0,0,0,73,0,0,0,75,0
l19,12=0,0,0,0,0,0,60,59,66,50,62,49,42,0,71,70,68,73,82,74,0,83,66,75,83,0,2,0,0,75,77,53,68,76,59,78,73,52,70,69,68
l20,12=0,0,0,0,0,12,44,59,53,48,70,40,65,71,47,74,78,85,75,69,82,0,73,76,77,0,68,28,0,68,48,73,63,0,0,69,0,59,65,75,78
l21,12=0,27,3,0,0,0,52,59,54,52,74,45,63,66,51,78,80,88,78,59,84,83,0,76,72,0,69,50,27,62,57,71,45,35,43,66,55,58,59,80,67
l22,12=0,0,2,0,0,0,45,49,47,52,48,49,67,59,52,60,64,72,60,57,81,83,73,0,76,6,56,32,26,66,60,55,34,53,0,58,51,0,59,73,77
l23,12=0,0,0,0,0,0,56,61,55,55,58,53,57,61,57,63,69,55,86,78,84,77,59,71,0,6,65,0,1,76,60,44,70,63,58,80,51,57,62,64,58
l24,12=12,28,3,24,26,37,0,38,40,17,42,16,47,42,88,48,47,27,0,0,0,17,8,5,0,0,75,0,79,24,27,70,36,14,68,53,83,86,64,0,38
l25,12=5,13,12,0,33,41,0,9,20,18,33,16,47,38,88,47,39,27,0,0,0,0,6,6,0,0,0,89,0,31,0,0,28,41,0,57,63,83,77,36,25
l26,12=0,0,0,0,0,0,0,0,0,0,0,0,0,0,0,0,61,0,42,2,68,69,56,65,75,0,0,63,54,0,84,0,85,85,85,87,83,78,83,45,29
l27,12=0,0,0,0,32,0,0,0,0,0,0,0,0,1,57,0,57,0,74,52,73,70,56,65,67,89,63,63,0,82,0,77,84,81,80,87,83,84,84,49,29
l28,12=0,0,0,0,0,0,0,0,0,0,0,0,0,0,0,0,48,0,55,0,67,71,41,31,74,0,54,74,58,82,84,73,0,87,88,84,76,77,83,0,15
l29,12=0,0,0,0,0,0,0,0,0,0,0,0,0,0,0,0,0,0,15,0,45,3,48,61,68,31,0,46,66,82,79,82,85,0,88,87,77,78,80,0,0
l30,12=0,0,0,0,0,0,0,0,0,0,0,0,0,0,0,0,0,0,0,0,43,0,4,0,65,0,84,83,0,82,84,85,85,87,0,87,83,84,84,0,0
l31,12=0,0,0,0,0,0,0,0,0,0,0,0,2,0,0,35,50,20,46,53,73,71,55,44,70,0,0,77,73,82,85,0,81,85,85,0,85,87,88,4,33
l32,12=0,0,0,0,0,0,0,0,0,0,0,0,0,0,72,32,40,36,23,0,73,27,37,35,35,28,85,80,71,82,85,81,79,83,84,87,0,88,89,7,0
l33,12=0,0,0,23,0,0,0,0,0,0,12,0,39,0,84,38,42,38,10,0,57,54,38,0,32,41,85,89,74,79,85,85,44,50,73,87,88,0,89,0,0
l34,12=0,0,0,0,0,0,0,0,0,0,0,0,40,21,76,36,60,33,16,0,66,51,35,35,38,0,85,60,71,82,85,85,78,79,79,87,88,88,0,22,0
l35,12=0,0,0,0,0,0,0,0,29,0,0,0,65,27,36,61,43,30,65,56,61,71,63,67,64,57,87,0,0,4,29,0,0,0,0,0,0,0,0,0,84
l36,12=0,0,0,0,0,0,2,0,29,12,33,35,65,36,64,67,66,39,62,0,71,82,51,71,52,63,83,44,11,37,18,85,0,0,0,14,0,0,0,84,0
l37,12=0,0,0,0,0,0,0,0,0,6,0,0,47,1,52,60,75,66,64,7,52,72,65,67,69,83,78,1,0,0,1,87,0,0,0,1,0,0,0,82,81
l38,12=0,0,0,0,0,0,35,54,48,37,0,41,1,59,69,71,84,71,52,52,70,79,61,68,69,77,83,0,0,0,38,88,0,0,0,22,0,0,63,83,83
l39,12=0,0,0,0,0,0,0,0,0,0,29,0,50,49,0,0,74,74,62,51,81,73,62,70,72,36,45,0,0,54,41,4,0,0,0,59,6,0,0,80,81
l40,12=0,0,0,0,0,0,0,0,0,0,43,0,0,36,0,50,50,27,49,37,75,77,49,70,76,25,29,0,0,0,38,33,0,19,0,0,0,0,0,77,81

l0,13=0,99,100,100,100,100,94,97,98,93,94,97,93,33,5,63,46,0,0,0,0,0,0,0,0,14,0,2,6,0,0,0,0,0,0,0,0,0,0,0,0
l1,13=100,0,100,100,100,100,91,23,54,93,94,96,66,0,29,0,84,0,0,0,0,0,12,0,0,64,0,83,78,0,0,0,0,0,0,0,0,0,0,0,0
l2,13=100,99,0,100,100,100,95,97,97,93,94,97,58,32,30,0,90,54,0,0,54,16,17,28,0,52,0,54,79,0,0,0,0,0,0,0,0,0,0,0,0
l3,13=100,99,100,0,100,100,95,97,94,93,94,97,92,57,51,3,80,0,0,0,0,0,0,0,0,81,0,0,85,0,0,0,0,0,0,0,0,45,0,0,0
l4,13=100,99,100,100,0,100,95,97,97,93,91,97,0,0,0,0,0,0,0,0,0,0,0,0,0,76,0,90,65,0,0,0,0,0,0,0,0,0,0,0,0
l5,13=100,99,100,100,100,0,95,80,98,93,94,97,61,32,31,86,78,0,0,0,0,0,0,0,0,78,0,82,77,0,0,0,0,0,0,0,57,37,0,0,0
l6,13=90,95,100,97,100,100,0,97,95,93,94,86,96,95,26,92,79,24,21,17,84,0,25,32,40,0,0,0,0,0,0,0,0,0,0,0,0,0,0,23,52
l7,13=94,35,95,93,97,97,95,0,97,93,94,97,95,95,29,92,90,55,31,3,83,85,32,29,42,0,0,88,25,0,0,0,0,0,0,0,0,0,0,0,68
l8,13=92,80,93,89,92,95,34,96,0,93,94,97,69,96,31,92,90,63,0,0,89,84,32,29,42,16,0,90,18,0,0,0,0,0,0,0,0,6,0,2,80
l9,13=96,94,97,91,94,94,95,97,98,0,94,97,95,72,25,90,88,54,29,0,79,80,0,30,43,46,0,90,80,0,0,0,0,0,0,0,0,0,0,0,75
l10,13=93,95,93,92,89,94,90,94,98,93,0,97,95,96,0,92,90,76,16,8,69,89,65,27,47,10,0,89,0,0,0,0,0,0,0,0,0,0,0,0,0
l11,13=94,95,96,95,94,97,34,97,98,93,94,0,95,96,27,92,84,44,21,24,83,81,30,28,30,22,0,0,62,0,0,0,0,0,0,0,0,8,0,17,82
l12,13=77,83,64,77,7,85,35,35,53,57,81,90,0,96,33,97,94,98,28,3,0,82,33,29,36,41,0,90,81,0,0,0,0,0,0,0,0,32,24,31,87
l13,13=0,80,77,71,0,85,11,19,46,13,17,28,62,34,0,97,96,67,0,0,77,84,25,0,34,31,0,97,88,0,35,0,0,8,60,43,62,51,33,7,85
l14,13=37,0,0,0,0,87,29,34,53,55,94,89,97,96,58,0,96,98,28,21,87,87,28,29,40,58,0,90,83,0,0,42,0,0,0,0,62,36,20,31,81
l15,13=36,61,74,49,43,78,25,30,52,52,81,45,95,62,90,96,0,98,57,24,83,86,56,52,50,97,0,79,73,11,32,0,38,0,0,39,66,42,27,34,88
l16,13=0,0,59,0,0,0,20,28,53,42,79,64,97,96,91,97,96,0,27,20,94,96,94,30,36,88,31,92,75,0,0,51,0,0,0,34,59,41,24,31,84
l17,13=0,0,0,0,0,0,27,76,0,79,66,59,79,78,5,85,95,80,0,96,95,91,94,80,91,59,0,0,0,0,81,16,55,60,73,80,0,33,43,82,76
l18,13=0,0,0,0,0,0,74,25,0,0,84,89,84,90,0,91,89,90,96,0,93,95,91,90,90,0,0,0,0,75,43,72,0,0,0,82,0,0,0,84,31
l19,13=0,0,1,0,0,0,46,24,68,37,51,65,0,23,29,85,79,84,95,85,0,96,94,92,91,0,17,0,0,73,76,20,49,79,60,79,73,0,25,80,85
l20,13=0,0,0,0,0,0,0,35,36,33,82,56,82,82,49,92,90,96,95,95,94,0,94,93,89,0,74,0,51,51,43,85,48,0,44,83,45,31,80,88,90
l21,13=0,8,5,0,0,0,18,33,80,0,87,76,97,89,44,92,95,96,95,44,94,96,0,93,89,79,79,69,36,45,50,85,41,68,1,45,53,39,45,53,90
l22,13=0,0,29,0,0,0,47,21,54,67,53,58,91,18,0,71,95,83,39,80,94,96,94,0,77,23,62,59,0,80,54,66,42,58,51,34,45,0,24,88,90
l23,13=0,0,0,0,0,0,77,67,72,75,73,57,70,84,68,80,91,73,95,94,95,93,91,79,0,0,76,55,18,81,81,33,87,73,1,90,83,45,66,81,85
l24,13=0,59,2,0,86,74,0,19,49,44,29,0,56,30,91,88,86,63,0,0,0,0,23,24,20,12,78,0,88,16,33,85,56,58,64,52,76,51,32,0,0
l25,13=14,64,52,81,76,78,0,0,16,46,10,22,41,31,58,97,88,59,0,0,0,79,23,0,12,0,0,97,0,13,38,0,59,85,63,57,74,51,33,24,70
l26,13=0,0,0,0,0,0,0,0,0,0,0,0,0,0,0,0,31,0,0,17,74,79,62,76,78,0,0,79,17,0,96,0,93,91,96,94,87,87,65,0,58
l27,13=0,0,0,0,0,0,0,0,0,0,0,0,0,0,65,7,37,0,70,26,76,76,74,74,66,97,79,63,19,84,0,82,93,91,93,94,92,90,87,59,41
l28,13=0,0,0,0,0,0,0,0,0,0,0,0,0,0,0,0,34,0,28,0,64,73,36,38,70,0,17,69,51,84,96,78,0,91,96,94,73,82,85,0,0
l29,13=0,0,0,0,0,0,0,0,0,0,0,0,0,0,8,0,0,0,17,0,76,0,68,69,68,13,0,61,40,84,95,84,93,0,96,94,92,57,87,0,4
l30,13=0,0,0,0,0,0,0,0,0,0,0,0,0,0,64,0,0,0,47,0,62,65,0,69,0,38,96,62,36,84,87,96,93,91,0,94,80,84,71,0,0
l31,13=0,0,0,0,0,0,0,0,0,0,0,0,0,0,42,0,51,16,72,20,85,85,66,33,85,0,0,82,78,84,96,0,93,91,95,0,93,95,94,11,56
l32,13=0,0,0,0,0,69,0,0,0,0,0,0,0,0,26,69,84,47,0,0,81,71,24,23,79,59,93,91,29,82,96,93,85,91,94,94,0,95,94,2,55
l33,13=0,0,0,66,5,71,0,0,0,0,0,7,35,22,57,77,84,57,19,0,0,77,25,0,31,85,91,97,51,84,60,91,61,88,89,94,92,0,94,0,2
l34,13=0,0,0,0,0,0,0,0,0,0,0,0,38,22,87,70,84,75,43,0,66,82,69,54,46,63,96,92,84,49,96,95,93,91,72,94,93,95,0,0,3
l35,13=0,0,0,0,0,0,8,0,0,0,0,0,75,14,15,71,78,45,77,21,86,95,78,91,78,57,94,0,56,0,40,0,0,0,0,0,0,0,0,0,91
l36,13=0,0,0,0,0,0,3,6,30,35,0,73,82,0,75,80,84,57,21,0,85,95,82,89,76,74,87,0,48,24,0,93,0,0,0,19,42,0,0,89,0
l37,13=0,0,0,0,0,0,0,0,0,0,0,0,71,50,70,74,71,76,66,70,88,88,92,90,84,51,87,0,0,0,4,95,0,0,0,54,0,0,0,88,90
l38,13=0,0,0,0,0,0,0,0,71,0,64,64,51,48,82,86,93,92,27,22,84,95,92,82,76,33,65,63,0,10,0,94,0,0,0,16,0,35,24,88,91
l39,13=0,0,0,0,0,0,0,0,0,0,0,0,78,39,31,0,93,80,87,45,93,95,94,89,79,24,0,0,0,42,39,11,0,0,0,28,0,0,0,88,90
l40,13=0,0,0,0,0,0,0,0,0,0,40,0,68,66,13,54,73,0,73,66,90,84,91,87,86,70,58,0,0,21,59,56,45,20,0,32,0,0,0,88,90

l0,14=0,100,100,100,100,100,99,100,99,100,100,100,98,73,45,89,0,0,0,0,0,0,0,0,0,0,0,93,0,0,0,0,0,0,0,0,0,0,0,0,0
l1,14=100,0,100,100,100,100,99,100,100,100,100,100,92,99,62,60,100,0,0,0,0,0,0,0,0,90,0,62,98,0,0,0,0,0,0,0,0,0,0,0,0
l2,14=100,100,0,100,100,100,99,100,100,100,100,99,100,75,62,64,100,0,0,0,0,0,18,0,0,0,0,7,0,0,0,0,0,0,0,0,0,0,0,0,0
l3,14=100,100,100,0,100,100,99,99,100,97,100,79,0,77,1,60,81,0,0,0,0,0,0,0,0,58,0,44,98,0,0,0,0,0,0,0,0,0,0,0,0
l4,14=100,100,100,100,0,100,99,100,100,100,100,100,100,79,58,64,0,0,0,0,0,0,0,0,0,25,0,69,81,0,0,0,0,0,0,0,0,13,0,0,0
l5,14=100,100,100,100,100,0,99,100,100,100,100,100,99,79,62,64,98,36,0,0,0,0,0,0,0,55,0,68,100,0,0,0,0,0,0,0,24,70,69,0,0
l6,14=100,100,100,100,100,100,0,100,100,100,100,100,100,99,60,100,97,0,58,0,74,94,96,100,61,0,0,31,0,0,0,0,0,0,0,0,0,0,0,0,87
l7,14=98,100,100,67,100,100,99,0,100,100,100,100,100,99,61,54,100,42,57,0,64,94,93,59,62,0,0,54,2,0,0,0,0,0,0,0,0,0,0,0,0
l8,14=97,96,99,69,59,100,99,100,0,100,100,100,97,99,60,100,99,99,6,0,74,99,100,66,52,43,0,55,90,0,0,0,0,0,0,0,0,81,0,89,76
l9,14=100,100,100,65,99,100,99,100,100,0,100,100,100,99,58,100,100,97,57,0,63,93,93,63,59,32,0,0,90,0,0,0,0,0,0,0,0,0,0,0,69
l10,14=91,97,97,64,62,96,99,100,100,100,0,100,100,99,55,100,100,95,56,56,64,99,100,56,1,91,0,49,89,0,0,0,0,0,0,0,0,6,0,51,81
l11,14=100,100,94,98,100,100,99,100,100,100,100,0,100,99,58,100,97,94,22,0,0,98,99,57,56,43,0,0,89,0,0,0,0,0,0,0,0,1,0,0,94
l12,14=87,85,94,0,50,38,98,89,79,95,99,67,0,99,59,100,99,100,21,0,69,97,99,64,51,100,0,59,97,0,33,0,0,0,0,0,52,88,95,94,93
l13,14=9,92,94,0,26,35,93,79,42,31,50,49,100,36,0,64,100,100,0,0,51,98,97,43,22,60,0,84,100,86,32,14,2,0,0,2,95,100,98,95,95
l14,14=91,90,95,65,58,61,99,73,100,100,100,74,100,99,98,0,100,100,0,59,75,99,100,66,56,61,51,68,100,0,40,23,0,0,0,31,0,0,93,98,98
l15,14=0,91,93,14,0,60,93,89,90,99,99,67,97,95,97,100,0,99,98,60,72,98,99,98,63,64,0,62,96,16,0,47,0,0,0,59,85,97,95,99,97
l16,14=0,0,0,0,0,51,0,27,97,99,99,70,100,99,98,100,100,0,60,0,75,99,100,67,52,100,3,69,98,0,0,94,0,0,0,0,94,97,95,98,97
l17,14=0,0,0,0,0,0,93,89,4,93,94,51,91,97,0,0,98,94,0,100,99,98,100,92,100,99,0,0,0,92,91,0,0,90,90,98,93,81,92,99,95
l18,14=0,0,0,0,0,0,0,0,0,0,99,0,44,0,0,98,98,20,100,0,98,98,99,98,99,0,48,0,0,98,0,98,0,0,0,91,0,0,0,0,96
l19,14=0,0,0,0,0,0,93,82,94,88,94,0,91,95,89,98,98,99,100,93,0,99,100,100,100,0,58,0,89,92,90,31,6,98,92,98,93,92,85,99,92
l20,14=0,0,0,0,0,0,85,80,96,95,99,95,97,91,95,98,98,99,96,99,100,0,100,100,98,44,90,75,97,97,97,98,98,82,93,98,77,75,97,99,96
l21,14=0,0,0,0,0,0,87,88,99,91,99,71,97,97,53,98,98,99,98,61,99,99,0,100,98,96,95,58,89,93,60,98,52,85,0,58,65,96,97,99,97
l22,14=0,0,0,0,0,0,97,77,97,93,93,59,97,95,88,93,98,99,81,99,98,99,100,0,98,96,95,0,0,98,97,82,95,93,88,94,90,62,84,99,97
l23,14=0,0,0,0,0,0,97,97,89,99,84,76,97,97,74,97,98,93,100,99,100,98,99,98,0,0,98,44,0,98,95,93,98,98,88,98,97,82,97,0,97
l24,14=95,92,0,18,57,57,63,83,61,0,90,3,100,79,98,62,98,100,0,0,0,92,95,0,16,0,99,0,100,92,48,99,14,52,94,63,100,100,100,38,94
l25,14=0,90,0,58,25,55,0,0,43,32,91,43,100,60,61,64,100,99,0,0,44,96,96,0,0,0,0,100,0,94,40,0,20,53,59,36,64,100,100,62,83
l26,14=0,0,0,0,0,0,0,0,0,0,0,0,0,0,51,0,3,0,48,58,90,95,95,98,99,0,0,93,90,0,100,0,100,100,100,100,100,100,100,0,88
l27,14=0,0,0,0,0,0,0,0,0,0,0,0,89,0,54,57,0,0,96,0,98,98,99,98,98,100,93,98,98,100,0,98,100,100,99,100,98,100,100,99,7
l28,14=0,0,0,0,0,0,0,0,0,0,0,0,0,0,36,0,0,0,0,0,31,85,55,74,84,0,90,79,82,100,100,83,0,100,100,100,89,98,100,38,0
l29,14=0,0,0,0,0,0,0,0,0,0,0,0,0,0,0,0,0,0,79,0,100,76,61,65,92,94,0,82,90,100,100,100,100,0,100,100,100,53,100,0,0
l30,14=0,0,0,0,0,0,0,0,0,0,0,0,0,0,0,0,0,0,69,0,72,90,0,88,85,40,100,85,77,100,87,100,100,100,0,88,91,88,82,0,0
l31,14=0,0,0,0,0,0,0,0,0,0,0,0,0,14,23,47,94,0,98,31,98,98,82,93,99,0,0,98,83,100,100,0,100,100,100,0,100,100,100,19,0
l32,14=0,0,0,0,0,53,0,0,0,0,0,0,87,0,62,2,90,99,52,0,98,89,72,77,99,20,100,99,93,100,100,100,60,100,97,100,0,100,100,0,84
l33,14=0,0,0,0,51,54,0,0,56,0,76,0,96,0,98,0,100,100,45,0,71,89,97,43,41,53,100,100,100,100,100,100,100,51,100,100,100,0,100,0,0
l34,14=0,0,0,0,26,52,0,0,0,0,0,0,87,0,63,50,100,92,52,0,61,99,96,53,55,59,100,100,100,100,100,100,100,100,89,100,100,100,0,0,51
l35,14=0,0,0,0,0,0,0,0,80,0,64,0,94,62,82,87,97,88,91,0,92,98,98,98,0,36,100,0,1,0,84,0,0,0,0,0,0,0,0,0,97
l36,14=0,0,0,0,0,0,76,0,0,12,91,62,95,72,83,87,98,87,58,48,80,89,99,98,86,64,100,54,57,83,0,100,0,0,0,0,47,0,0,100,0
l37,14=0,0,0,0,0,0,0,0,0,0,0,0,95,94,82,93,96,93,95,91,95,96,97,96,97,100,100,0,0,0,68,100,0,0,0,0,0,0,0,99,97
l38,14=0,0,0,0,0,0,0,0,88,0,93,17,94,92,96,96,95,99,63,0,97,98,99,98,98,100,100,73,0,0,0,100,0,0,0,1,0,87,94,99,100
l39,14=0,0,0,0,0,0,0,0,0,0,89,0,97,0,41,91,98,97,96,98,98,98,99,98,97,62,0,0,0,95,65,19,0,19,0,0,0,0,0,99,97
l40,14=0,0,0,0,0,0,0,0,0,0,75,0,3,1,77,0,91,65,97,90,98,97,99,98,97,83,88,0,0,70,85,0,79,0,0,84,71,0,0,99,97

l0,15=0,100,100,100,100,100,100,100,100,100,100,100,97,96,57,60,72,0,0,0,0,0,0,0,0,46,0,59,99,0,0,0,0,0,0,0,0,0,0,0,0
l1,15=100,0,100,100,100,100,100,62,100,100,100,100,0,100,100,99,100,0,0,0,0,0,0,0,0,0,0,98,0,0,0,0,0,0,0,0,0,0,0,0,0
l2,15=100,100,0,100,100,100,100,100,15,100,100,98,100,98,61,62,85,0,0,0,0,0,93,0,0,0,0,60,0,0,0,0,0,0,0,0,0,0,0,0,0
l3,15=100,100,100,0,100,100,92,100,100,47,100,65,100,92,60,62,0,0,0,0,0,0,0,0,0,95,0,60,100,0,0,0,0,0,0,0,0,0,25,0,0
l4,15=100,100,100,100,0,100,100,88,30,69,9,100,93,99,41,60,69,0,0,0,0,0,0,0,0,59,0,60,6,0,0,0,0,0,0,0,0,0,0,0,0
l5,15=100,100,100,100,100,0,100,91,100,100,100,100,100,99,59,62,0,98,0,0,0,0,0,0,0,100,0,30,100,0,0,0,0,0,0,0,0,97,0,0,0
l6,15=100,100,100,97,100,100,0,100,100,100,100,100,100,100,53,99,100,93,97,0,98,96,91,98,98,82,0,0,94,0,0,0,0,0,0,0,0,0,0,0,0
l7,15=100,65,100,100,100,100,100,0,100,100,100,100,99,100,53,98,100,15,94,0,58,53,97,74,100,0,0,53,0,0,0,0,0,0,0,0,0,0,0,0,58
l8,15=77,71,1,98,85,100,100,100,0,100,100,100,97,95,55,99,83,92,0,0,62,74,98,87,61,0,0,0,20,0,0,0,0,0,0,0,0,86,0,54,59
l9,15=100,100,100,10,100,100,100,100,100,0,100,100,96,100,58,99,100,100,99,0,0,95,97,80,57,65,0,60,98,0,0,0,0,0,0,0,0,0,0,0,0
l10,15=96,100,94,96,73,100,100,100,100,100,0,100,94,100,55,99,87,91,95,57,58,100,99,76,0,6,0,56,0,0,0,0,0,0,0,0,0,0,0,0,60
l11,15=100,100,93,93,100,100,100,100,100,100,100,0,97,100,57,60,96,9,94,4,57,71,95,28,60,31,0,59,93,0,0,0,0,0,0,0,0,0,0,0,0
l12,15=39,0,94,92,89,96,91,71,96,65,55,58,0,100,61,99,85,100,12,0,60,74,98,77,61,100,0,60,100,0,65,0,0,0,0,0,0,92,77,55,61
l13,15=45,69,94,95,90,95,84,71,96,65,33,33,100,98,0,99,100,100,82,0,60,80,94,77,61,99,0,98,100,95,68,0,11,0,42,62,68,100,95,0,61
l14,15=41,70,92,91,89,97,100,72,100,100,100,58,100,100,100,0,100,100,97,54,58,100,100,77,56,100,99,60,98,0,0,96,0,0,0,0,0,94,82,64,61
l15,15=31,67,86,0,87,44,91,75,93,68,61,63,100,99,100,99,0,100,99,62,99,99,98,99,59,58,0,60,94,78,62,0,14,0,0,96,75,100,84,95,99
l16,15=0,0,0,0,0,94,85,18,95,69,62,28,100,100,100,99,100,0,99,56,64,100,100,99,59,47,31,60,100,0,0,59,0,0,0,73,66,100,94,58,62
l17,15=0,0,0,0,0,0,83,69,0,93,87,88,39,91,75,94,100,95,0,100,100,95,100,98,100,100,0,0,0,96,93,96,0,91,86,97,89,0,93,87,94
l18,15=0,0,0,0,0,0,0,6,0,0,87,75,0,90,0,93,99,85,100,0,99,99,98,98,100,0,99,0,0,94,0,99,0,57,0,70,0,0,22,85,93
l19,15=0,0,0,0,0,0,86,69,94,0,88,53,99,94,54,94,99,99,99,97,0,100,100,99,100,0,58,0,1,98,66,0,92,96,83,95,84,95,96,94,91
l20,15=0,0,0,0,0,0,88,0,88,90,96,92,97,96,99,95,96,96,97,96,100,0,100,99,98,1,99,91,87,97,96,99,93,11,77,94,80,74,94,94,99
l21,15=0,0,37,0,0,0,67,76,97,67,96,93,100,92,49,97,96,100,99,91,99,100,0,99,98,77,100,55,83,95,62,99,93,91,0,64,82,97,96,95,99
l22,15=0,0,0,0,0,0,91,43,89,52,85,26,100,91,91,89,99,100,93,86,99,100,100,0,99,93,94,0,0,96,92,36,2,91,50,2,85,76,85,94,99
l23,15=0,0,0,0,0,0,95,91,91,59,22,93,96,96,91,90,96,93,100,99,100,99,98,98,0,0,99,0,0,97,96,3,97,93,89,95,90,96,96,92,97
l24,15=51,73,93,98,98,91,1,58,0,65,32,31,72,96,100,36,50,100,0,0,0,79,97,0,0,0,100,0,100,95,68,99,99,97,61,67,97,100,95,0,60
l25,15=46,0,0,95,59,100,82,0,0,65,6,31,100,99,100,58,47,100,0,0,1,77,93,0,0,0,0,98,0,100,72,0,100,100,61,68,73,100,95,55,58
l26,15=0,0,0,0,0,0,0,0,0,0,0,0,0,0,99,0,31,0,99,58,99,100,94,99,100,0,0,89,100,0,100,0,100,100,100,100,99,100,100,49,97
l27,15=0,0,0,0,0,0,0,0,0,0,0,0,96,89,96,13,81,0,99,0,97,99,94,98,99,98,89,88,100,100,0,97,100,100,100,100,99,100,100,62,0
l28,15=0,0,0,0,0,0,0,0,0,0,0,0,0,0,48,0,17,0,0,0,96,93,95,10,96,0,100,91,93,100,100,100,0,100,100,100,98,100,100,1,0
l29,15=0,0,0,0,0,0,0,0,0,0,0,0,0,0,0,0,0,0,97,0,100,74,95,98,95,100,0,91,97,100,100,100,100,0,100,100,99,100,100,0,0
l30,15=0,0,0,0,0,0,0,0,0,0,0,0,0,0,54,0,0,0,67,0,96,93,0,97,95,72,100,91,93,100,92,100,100,100,0,96,94,96,96,0,0
l31,15=0,0,0,0,0,0,0,0,0,0,0,0,0,0,96,0,59,96,99,0,99,99,36,3,99,0,0,97,100,100,100,0,100,100,100,0,99,100,100,6,0
l32,15=0,0,0,0,0,0,0,0,0,0,0,0,0,67,99,0,52,95,95,0,61,79,95,98,69,100,100,98,100,100,100,100,100,100,100,100,0,100,100,0,10
l33,15=0,0,0,0,0,97,0,0,88,0,0,0,67,0,100,68,60,100,0,0,100,79,100,83,91,100,100,98,100,100,100,100,100,100,65,100,99,0,100,0,2
l34,15=0,0,0,0,0,0,0,0,0,0,0,0,64,32,100,35,44,100,93,0,96,75,100,80,60,61,100,98,100,100,100,100,100,100,65,100,99,100,0,0,25
l35,15=0,0,0,0,0,0,0,0,75,0,0,0,88,67,0,90,88,71,89,51,88,98,97,83,66,68,100,0,56,58,35,0,0,0,0,0,0,0,0,0,100
l36,15=0,0,0,0,0,0,0,26,73,0,44,0,90,88,49,92,94,88,90,49,87,99,97,98,90,73,99,55,57,86,0,99,0,0,0,0,0,0,0,97,0
l37,15=0,0,0,0,0,0,0,0,80,0,0,0,88,88,79,77,93,82,93,0,87,98,95,94,94,100,100,0,0,0,1,100,9,0,0,0,0,0,0,95,99
l38,15=0,0,0,0,0,0,1,0,92,35,49,86,100,95,99,97,96,100,92,0,96,99,98,98,97,95,100,85,0,0,22,100,0,0,0,87,0,92,0,95,100
l39,15=0,0,0,0,0,0,0,0,0,0,37,0,74,59,57,62,89,0,91,54,94,99,98,83,80,55,49,0,0,42,55,6,7,0,0,0,0,0,0,95,99
l40,15=0,0,0,0,0,0,0,0,0,0,0,0,74,67,62,64,70,70,69,56,95,84,92,95,93,58,97,0,0,63,71,0,69,0,0,76,55,0,0,93,97

q0=0
q1=1
q2=1
q3=1
q4=1
q5=1
q6=1
q7=1
q8=1
q9=1
q10=1
q11=1
q12=1
q13=1
q14=1
q15=1
q16=1
q17=1
q18=1
q19=1
q20=1
q21=1
q22=1
q23=1
q24=1
q25=1
q26=1
q27=1
q28=1
q29=1
q30=1
q31=1
q32=1
q33=1
q34=1
q35=1
q36=1
q37=1
q38=1
q39=1
q40=1

a0=0x01
a1=0x02
a2=0x03
a3=0x04
a4=0x05
a5=0x06
a6=0x07
a7=0x08
a8=0x09
a9=0x0a
a10=0x0b
a11=0x0c
a12=0x0d
a13=0x0e
a14=0x0f
a15=0x10
a16=0x11
a17=0x12
a18=0x13
a19=0x14
a20=0x15
a21=0x16
a22=0x17
a23=0x18
a24=0x19
a25=0x1a
a26=0x1b
a27=0x1c
a28=0x1d
a29=0x1e
a30=0x1f
a31=0x20
a32=0x21
a33=0x22
a34=0x23
a35=0x24
a36=0x25
a37=0x26
a38=0x27
a39=0x28
a40=0x29

