n=41

l0,0=0,95,94,94,92,98,93,84,87,95,93,91,82,85,0,61,71,0,0,0,0,0,0,0,0,24,0,86,74,0,0,0,0,0,0,0,0,5,0,0,0
l1,0=95,0,95,95,92,98,96,45,82,95,32,92,20,53,50,46,18,14,0,0,0,0,0,0,0,27,0,0,62,0,0,0,0,0,0,0,0,0,0,0,0
l2,0=95,95,0,93,91,98,96,85,87,95,93,92,0,90,84,2,81,90,0,0,0,0,38,47,0,25,0,78,74,0,0,0,0,0,0,0,0,0,0,0,0
l3,0=95,95,94,0,93,98,95,84,67,95,93,31,71,80,81,0,46,5,0,0,0,0,0,0,0,27,0,86,77,0,0,0,0,0,0,0,0,50,0,0,0
l4,0=95,95,89,95,0,98,91,85,82,0,49,85,48,80,0,0,0,0,0,0,0,0,0,0,0,44,0,86,76,0,0,0,0,0,0,0,0,0,0,0,0
l5,0=95,95,94,94,93,0,95,46,86,87,93,51,46,73,43,45,0,76,0,0,0,0,0,0,0,0,0,0,0,0,0,0,0,0,0,0,0,43,10,0,0
l6,0=95,95,95,95,91,98,0,94,88,95,93,92,84,90,50,71,84,82,0,80,76,10,25,30,42,0,0,35,0,0,0,0,0,0,0,0,0,0,0,0,15
l7,0=95,91,95,93,90,93,96,0,89,95,93,92,89,89,43,43,0,82,33,0,56,65,29,20,0,24,0,0,64,0,0,0,0,0,0,0,0,0,0,0,21
l8,0=93,89,31,0,51,93,57,85,0,87,93,13,30,90,51,82,79,92,31,52,49,78,52,33,56,41,0,61,47,0,0,0,0,0,0,0,0,0,0,28,0
l9,0=93,94,94,92,0,97,96,94,87,0,93,92,89,90,51,35,81,93,24,5,0,81,8,29,55,36,0,72,40,0,0,0,0,0,0,0,0,0,0,25,1
l10,0=93,83,94,56,47,96,93,84,89,95,0,92,89,90,83,79,81,93,0,0,66,33,25,54,51,9,0,0,68,0,0,0,0,0,0,0,0,0,0,0,51
l11,0=93,95,95,8,91,96,96,94,81,95,93,0,89,90,54,80,51,89,34,15,79,0,37,0,0,2,0,0,24,0,0,0,0,0,0,0,0,0,0,17,34
l12,0=31,50,0,13,9,25,13,45,39,77,49,35,0,90,80,87,83,98,0,28,47,72,30,31,53,26,0,88,68,0,42,0,0,0,0,0,0,40,24,34,46
l13,0=0,55,7,3,2,78,31,19,72,71,30,32,51,39,0,52,54,93,0,0,18,82,10,31,0,42,8,92,87,30,0,0,14,0,22,56,52,51,53,56,73
l14,0=30,68,1,0,3,29,12,22,86,40,40,53,90,90,86,0,79,100,37,14,34,83,26,30,51,86,22,85,61,0,0,74,0,0,0,0,0,39,26,29,48
l15,0=19,4,22,0,0,0,31,0,81,67,30,27,79,45,86,51,0,100,87,71,83,86,91,56,55,7,0,68,34,31,31,0,33,0,0,47,42,51,44,55,67
l16,0=0,0,21,0,0,66,29,38,86,84,88,34,90,90,85,86,84,0,74,67,88,90,91,54,48,4,39,91,85,0,58,67,0,0,0,0,12,84,37,52,84
l17,0=0,0,0,0,0,0,0,57,53,50,0,50,0,81,0,74,83,81,0,99,93,89,91,90,96,48,0,0,0,75,87,0,85,88,45,85,69,0,53,81,59
l18,0=0,0,0,0,0,0,92,0,81,0,0,0,44,88,0,1,83,81,94,0,93,90,69,90,97,0,55,0,0,67,94,85,0,3,0,92,69,0,0,82,0
l19,0=0,0,0,0,0,0,59,62,60,0,26,60,68,77,48,57,82,75,92,72,0,90,68,92,96,0,21,0,30,82,87,71,70,83,62,83,66,60,66,68,84
l20,0=0,0,0,0,0,0,0,22,62,66,7,0,44,78,74,74,80,86,89,88,93,0,92,92,90,28,95,0,21,77,75,88,0,47,21,84,30,12,67,80,83
l21,0=0,0,16,0,0,0,20,36,73,28,24,40,79,83,35,25,83,87,92,56,79,92,0,92,89,21,75,4,21,47,89,82,53,62,24,39,52,34,36,85,83
l22,0=0,0,16,0,0,0,38,24,70,60,69,0,57,80,65,71,80,85,89,85,95,91,92,0,89,4,15,46,0,84,63,17,64,72,48,52,68,53,67,84,84
l23,0=0,0,0,0,0,0,34,1,67,76,63,1,68,87,0,64,83,72,92,99,93,90,87,90,0,0,91,0,0,0,87,71,98,82,75,94,84,47,64,83,71
l24,0=25,0,20,29,43,0,13,0,42,38,0,0,49,46,86,13,11,77,0,0,0,0,0,25,0,0,0,0,87,31,93,94,52,11,43,37,92,85,91,40,0
l25,0=24,27,25,27,44,0,0,24,41,36,9,2,26,42,86,7,4,48,0,0,28,21,4,0,0,0,0,92,0,49,91,0,46,54,46,30,54,92,94,8,27
l26,0=0,0,0,0,0,0,0,0,0,0,0,0,0,8,22,0,39,0,55,21,95,75,15,91,0,0,0,77,86,0,99,0,99,98,97,96,100,92,95,4,0
l27,0=0,0,0,0,0,0,0,0,0,0,0,0,1,0,0,0,10,7,77,74,89,27,81,30,86,92,77,91,86,100,0,90,99,98,97,96,100,92,95,44,54
l28,0=0,0,0,0,0,0,0,0,0,0,0,0,0,0,25,0,23,0,42,0,68,1,17,37,99,0,86,76,73,100,99,79,0,98,97,96,100,92,95,53,14
l29,0=0,0,0,0,0,0,0,0,0,0,0,0,0,0,0,0,0,0,58,30,90,23,34,60,51,49,0,22,76,100,99,100,99,0,97,96,100,88,87,0,0
l30,0=0,0,0,0,0,0,0,0,0,0,0,0,0,0,47,0,0,0,15,0,64,19,0,37,45,91,99,61,71,100,99,99,99,98,0,96,94,90,78,0,0
l31,0=0,0,0,0,0,0,0,0,0,0,0,0,0,0,74,0,67,0,85,71,88,82,17,71,94,0,0,90,79,100,99,0,99,98,97,0,100,92,95,38,22
l32,0=0,0,0,0,0,0,0,0,0,0,0,0,0,8,74,0,13,7,73,37,40,14,16,56,78,46,99,92,85,100,99,99,99,98,96,96,0,92,95,0,0
l33,0=0,0,0,0,0,27,0,0,1,0,0,0,10,20,83,4,33,57,0,0,35,1,2,14,14,54,98,63,87,85,99,98,93,61,53,96,100,0,95,0,0
l34,0=0,0,0,0,0,27,0,0,0,0,0,0,23,15,86,9,50,29,32,0,40,26,7,73,40,46,97,91,87,100,99,97,98,79,46,96,100,92,0,17,0
l35,0=0,0,0,0,0,0,0,0,53,41,0,3,74,62,70,70,73,64,78,61,69,72,91,85,78,30,96,22,0,0,58,0,52,0,0,62,0,0,11,0,83
l36,0=0,0,0,0,0,0,1,0,0,15,15,8,53,71,65,69,73,80,37,2,78,88,87,90,76,54,100,0,8,1,39,100,0,0,0,24,0,4,0,85,0
l37,0=0,0,0,0,0,0,0,0,0,0,20,0,63,63,0,58,71,76,72,56,81,89,75,80,81,92,92,43,26,0,28,92,0,0,0,0,0,0,0,85,84
l38,0=0,0,0,0,0,0,0,26,39,29,0,22,86,82,82,83,83,91,45,29,87,90,88,88,85,94,95,62,48,0,41,95,0,0,0,0,13,43,7,85,84
l39,0=0,0,0,0,0,0,0,0,4,0,0,0,61,56,56,28,70,67,75,58,86,90,86,90,67,8,4,0,0,0,0,38,50,50,0,53,0,0,0,85,84
l40,0=0,0,0,0,0,0,0,0,46,0,0,0,0,25,54,60,72,59,1,65,84,88,87,79,83,27,0,0,0,0,68,22,0,50,0,4,0,0,0,82,82

l0,1=0,91,95,94,92,91,92,88,90,94,84,91,53,50,52,0,0,0,0,0,0,0,0,0,0,0,0,65,0,0,0,0,0,0,0,0,0,0,0,0,0
l1,1=94,0,95,92,93,90,95,88,88,94,79,91,51,55,0,46,68,79,0,0,0,1,0,0,0,0,0,67,0,0,0,0,0,0,0,0,0,23,0,0,0
l2,1=94,91,0,94,93,91,95,94,87,94,84,91,72,85,65,54,67,76,0,0,0,0,75,0,0,34,0,53,59,0,0,0,0,0,0,0,0,0,0,0,0
l3,1=94,91,95,0,93,90,93,4,87,89,79,87,80,85,70,56,61,36,0,0,0,0,0,0,0,33,0,72,71,0,0,0,0,0,0,0,0,0,0,0,0
l4,1=92,93,94,94,0,91,92,87,27,89,81,88,0,75,67,44,0,0,0,0,0,0,0,0,0,15,0,72,60,0,0,0,0,0,0,0,0,0,0,0,0
l5,1=92,91,94,92,93,0,70,55,66,94,84,62,51,57,57,44,1,0,0,0,0,0,0,0,0,11,0,61,14,0,0,0,0,0,0,0,0,69,67,0,0
l6,1=93,91,95,93,92,91,0,95,90,94,84,91,86,86,57,72,75,3,72,38,66,62,73,70,0,5,0,46,44,0,0,0,0,0,0,0,0,0,0,0,0
l7,1=92,91,94,0,92,85,95,0,90,94,85,91,86,83,61,72,61,75,39,0,0,70,13,56,33,8,0,0,60,0,0,0,0,0,0,0,0,0,0,5,10
l8,1=78,80,80,66,10,85,84,89,0,94,85,91,49,86,64,66,72,79,44,46,11,0,85,74,76,26,0,63,45,0,19,0,0,0,0,0,0,0,0,40,20
l9,1=92,91,93,83,89,88,95,95,90,0,85,91,86,86,63,72,75,80,0,0,2,64,81,72,0,63,0,22,54,0,0,0,0,0,0,0,0,0,0,0,45
l10,1=92,85,93,69,92,88,91,89,90,94,0,91,86,86,71,72,75,84,54,0,39,63,82,70,74,0,0,41,0,0,0,0,0,0,0,0,0,0,0,33,16
l11,1=92,91,94,80,92,89,95,95,90,94,85,0,86,86,55,70,69,64,44,40,31,61,85,61,49,17,0,26,39,0,0,0,0,0,0,0,0,0,0,22,0
l12,1=22,43,62,50,0,20,77,36,36,78,74,66,0,83,68,76,73,88,55,44,43,73,82,65,46,42,0,65,44,0,0,24,0,0,0,45,0,64,69,46,21
l13,1=6,0,56,37,4,8,12,7,22,67,71,23,41,37,0,72,77,85,25,0,22,73,76,65,42,24,0,81,83,18,5,0,0,13,20,37,54,80,47,30,19
l14,1=0,17,53,25,8,7,44,40,62,80,73,45,87,81,69,0,73,89,30,45,41,73,0,72,47,76,11,42,0,0,0,59,0,0,0,0,29,64,71,40,20
l15,1=0,30,57,3,0,0,42,13,56,70,69,41,78,77,72,65,0,89,68,46,24,77,84,80,77,0,0,41,75,59,17,0,10,0,0,62,64,70,72,57,57
l16,1=0,61,70,0,0,0,1,38,55,70,68,39,86,79,69,68,77,0,55,28,40,74,82,67,67,75,54,60,71,0,36,59,0,0,0,53,0,66,0,49,82
l17,1=0,0,0,0,0,0,67,36,54,5,54,44,63,74,46,46,68,69,0,94,83,72,87,75,89,77,0,0,0,71,68,47,59,67,56,69,43,0,36,78,65
l18,1=0,0,0,0,0,0,54,0,73,0,0,49,53,73,0,63,65,58,95,0,78,77,81,76,86,0,72,0,0,0,65,79,0,18,0,56,47,0,0,78,72
l19,1=0,0,0,0,0,0,59,0,20,4,44,23,65,68,46,54,54,57,83,75,0,79,73,82,88,0,0,0,0,79,71,37,71,58,50,57,59,45,46,70,65
l20,1=0,0,0,0,0,0,46,40,0,44,41,48,58,70,66,58,72,70,85,82,85,0,88,82,82,0,84,0,42,42,44,77,41,0,46,57,48,41,58,59,83
l21,1=0,0,56,0,0,0,30,0,79,63,63,55,69,74,60,0,72,73,91,75,70,81,0,82,81,42,39,0,55,0,29,72,12,39,43,48,66,49,59,86,78
l22,1=0,0,0,0,0,0,49,18,73,50,48,30,38,65,46,59,72,61,81,79,89,81,88,0,84,74,0,20,0,66,58,68,44,58,40,50,36,24,46,86,83
l23,1=0,0,0,0,0,0,19,19,74,0,59,37,53,68,52,56,68,64,91,83,85,71,81,76,0,0,80,0,0,71,74,73,78,69,64,73,66,55,60,81,78
l24,1=28,59,65,59,40,34,21,0,40,50,46,27,50,54,76,35,61,76,0,0,0,0,0,21,0,0,77,0,83,70,52,87,25,12,47,65,83,90,91,0,0
l25,1=0,0,34,33,15,11,5,8,26,63,0,17,42,24,76,0,75,77,0,0,0,42,74,0,0,0,0,81,0,78,48,0,26,32,15,74,75,90,85,0,0
l26,1=0,0,0,0,0,0,0,0,0,0,0,0,0,0,11,0,54,0,72,0,84,39,0,80,77,0,0,60,75,0,93,0,96,93,98,93,92,90,88,32,0
l27,1=0,0,0,0,0,0,0,0,8,0,0,0,0,0,32,0,31,57,65,18,86,39,61,72,88,81,60,81,82,90,0,64,96,93,96,93,92,90,96,0,5
l28,1=0,0,0,0,0,0,0,0,0,0,0,0,0,0,0,0,44,0,71,0,84,51,44,68,86,0,75,64,68,90,93,82,0,93,98,93,83,90,96,0,0
l29,1=0,0,0,0,0,0,0,0,0,0,0,0,0,0,24,0,0,0,70,14,48,0,70,70,53,78,0,16,57,90,93,90,96,0,98,93,92,68,91,0,0
l30,1=0,0,0,0,0,0,0,0,0,0,0,0,0,0,29,0,0,0,64,0,45,47,55,62,47,48,93,40,2,90,89,93,96,93,0,91,88,88,79,0,0
l31,1=0,0,0,0,0,0,0,0,0,0,0,0,24,0,59,0,59,47,79,37,77,72,68,73,87,0,0,64,82,90,93,0,96,93,95,0,92,90,96,32,18
l32,1=0,0,0,0,0,0,0,0,0,0,0,0,0,0,27,22,69,0,21,19,20,44,80,54,54,26,96,81,78,90,93,96,38,93,90,93,0,90,96,0,0
l33,1=0,0,0,0,0,28,0,0,0,0,0,0,39,30,48,32,70,78,0,0,17,45,72,20,23,32,93,81,83,90,93,93,88,48,82,89,89,0,94,0,0
l34,1=0,0,0,0,0,29,0,0,0,0,0,0,31,0,43,33,64,8,35,15,17,65,72,60,41,15,98,81,83,90,93,95,96,80,59,93,92,90,0,0,0
l35,1=0,0,0,0,0,0,0,0,49,0,32,0,64,52,44,50,64,55,63,60,70,53,87,73,76,74,93,0,0,47,0,0,0,0,0,34,0,0,0,0,83
l36,1=0,0,0,0,0,0,0,0,36,29,22,0,66,62,37,37,72,81,57,61,70,79,83,80,77,75,92,0,0,0,26,92,0,0,0,21,0,0,0,86,0
l37,1=0,0,0,0,0,0,0,0,19,1,0,0,59,24,30,53,52,62,58,36,0,77,82,65,73,90,90,0,10,0,0,90,0,0,0,0,0,0,0,86,82
l38,1=0,0,0,0,0,0,2,22,60,37,30,30,73,71,57,59,72,70,58,28,74,80,84,66,74,85,88,16,42,0,0,96,15,20,0,29,22,0,0,88,85
l39,1=0,0,0,0,0,0,0,0,0,0,0,0,50,47,47,32,62,55,59,60,71,79,85,80,69,0,32,0,0,0,0,32,10,37,0,0,0,0,4,86,83
l40,1=0,0,0,0,0,0,0,0,35,0,0,0,55,40,28,16,55,49,68,51,84,76,76,74,72,0,0,0,0,39,37,18,17,23,0,0,0,0,0,83,77

l0,2=0,90,94,95,91,86,80,92,82,82,89,92,0,67,69,30,73,0,0,0,0,0,0,0,0,37,0,70,64,0,0,0,0,0,0,0,0,0,0,0,0
l1,2=88,0,94,92,91,92,80,91,82,85,88,90,84,69,71,74,73,67,0,0,0,0,0,0,0,45,0,82,66,0,0,0,0,0,0,0,0,0,0,0,0
l2,2=88,90,0,91,84,92,82,95,86,87,92,91,83,63,73,60,77,62,0,0,9,0,64,0,0,48,0,80,58,0,0,0,0,0,0,0,0,0,0,0,0
l3,2=88,90,94,0,91,92,82,88,86,85,92,91,0,0,0,67,0,56,0,0,0,0,0,0,0,0,0,82,42,0,0,0,0,0,0,0,0,0,0,0,0
l4,2=88,90,86,95,0,92,82,90,82,82,88,90,78,71,61,66,0,0,0,0,0,0,0,0,0,62,0,82,74,0,0,0,0,0,0,0,0,0,0,0,0
l5,2=83,90,94,91,91,0,81,91,86,85,92,91,84,53,0,73,69,0,0,0,0,0,0,0,0,53,0,82,66,0,0,0,0,0,0,0,0,0,0,0,0
l6,2=84,90,94,87,85,89,0,92,86,87,92,91,86,73,2,78,81,0,29,52,68,0,54,46,48,50,0,66,50,0,0,0,0,0,0,0,0,0,0,0,0
l7,2=83,90,93,87,84,88,79,0,86,87,92,91,86,69,75,77,77,54,49,3,1,65,59,50,55,62,0,59,60,0,0,0,0,0,0,0,0,0,0,0,56
l8,2=72,79,85,73,73,88,69,88,0,85,92,91,81,75,66,77,85,70,0,52,63,55,75,56,58,66,0,24,68,0,0,0,0,0,0,0,0,7,0,51,54
l9,2=82,90,92,85,84,88,81,95,86,0,92,92,86,74,66,77,21,74,60,59,25,52,74,51,0,44,0,81,58,0,0,0,0,0,0,0,0,0,0,52,64
l10,2=82,89,90,86,84,88,77,87,86,87,0,92,86,76,73,77,84,75,0,53,57,69,72,55,68,52,0,51,51,0,0,0,0,0,0,0,0,0,2,44,47
l11,2=82,90,86,86,81,88,79,95,86,87,92,0,86,76,58,72,65,59,0,0,56,59,63,0,0,54,0,60,50,0,0,0,0,0,0,0,0,0,0,0,0
l12,2=0,65,63,0,58,66,67,78,80,75,81,81,0,78,63,84,85,87,57,47,71,70,76,66,49,76,0,78,71,0,0,40,0,0,0,47,47,62,45,61,76
l13,2=33,36,55,0,40,0,0,61,42,37,79,61,76,71,0,78,88,84,7,0,2,72,75,0,0,67,0,88,80,0,56,0,0,0,0,11,16,87,70,44,33
l14,2=4,62,52,24,55,59,69,76,85,76,83,73,90,73,69,0,79,87,54,52,68,74,60,0,59,86,0,74,54,0,12,40,0,0,0,0,28,60,0,64,42
l15,2=31,36,51,0,0,33,58,52,77,9,76,53,82,69,77,70,0,87,72,48,74,83,78,83,67,46,0,80,72,0,27,0,0,0,0,41,47,37,65,69,76
l16,2=0,59,56,0,0,0,0,61,74,61,73,68,90,77,75,84,89,0,57,0,63,78,80,51,68,83,0,68,68,0,39,49,0,0,0,30,0,72,43,68,78
l17,2=0,0,0,0,0,0,38,51,0,53,0,0,65,64,24,54,78,68,0,93,83,77,82,75,88,73,0,0,0,72,46,33,73,44,66,0,35,45,33,66,71
l18,2=0,0,0,0,0,0,55,0,58,44,55,0,53,68,0,53,67,0,88,0,81,75,77,72,86,0,78,0,0,0,0,0,0,16,0,0,0,5,0,65,75
l19,2=0,0,0,0,0,0,45,0,47,21,49,46,65,65,0,50,73,48,81,74,0,83,79,83,88,0,0,4,0,74,67,0,62,69,0,66,42,52,0,61,67
l20,2=0,0,0,0,0,0,0,45,37,31,59,44,64,57,61,68,82,70,70,70,85,0,83,82,78,0,85,0,3,40,46,77,47,34,41,62,32,42,62,73,81
l21,2=0,0,42,0,0,0,37,41,76,49,72,44,78,69,63,27,78,76,80,75,81,83,0,82,77,28,51,38,57,50,53,70,26,37,30,28,32,74,55,76,78
l22,2=0,0,0,0,0,0,37,41,70,33,43,0,71,64,0,0,81,45,78,67,90,83,83,0,78,67,69,6,42,54,65,31,50,68,36,34,29,53,44,76,80
l23,2=0,0,0,0,0,0,46,55,56,24,63,0,53,55,0,59,72,72,87,82,90,79,78,76,0,39,74,0,0,75,74,51,78,66,55,75,33,55,54,73,78
l24,2=46,70,66,65,71,69,59,50,32,63,52,65,78,72,85,66,85,66,0,0,16,0,60,4,0,0,80,0,80,70,82,82,67,63,65,78,88,94,88,0,1
l25,2=37,45,48,0,62,53,50,62,66,44,52,54,76,67,86,46,83,73,0,0,0,28,67,39,0,0,0,92,0,75,77,0,66,61,47,85,76,94,91,0,0
l26,2=0,0,0,0,0,0,0,0,0,0,0,0,0,0,0,0,0,0,78,0,85,51,69,74,80,0,0,77,75,0,94,0,89,97,96,95,91,93,94,36,41
l27,2=0,0,0,0,0,0,0,0,0,0,0,0,0,44,58,5,41,49,38,0,85,58,65,75,85,92,77,91,80,89,0,83,89,97,96,95,91,94,95,49,0
l28,2=0,0,0,0,0,0,0,0,0,0,0,0,0,0,0,0,11,0,60,0,70,63,30,70,85,0,75,66,61,89,94,79,0,97,96,95,91,94,95,50,0
l29,2=0,0,0,0,0,0,0,0,0,0,0,0,0,0,0,0,0,0,51,54,86,62,57,80,75,75,0,64,59,89,94,89,89,0,96,95,91,60,92,1,0
l30,2=0,0,0,0,0,0,0,0,0,0,0,0,0,0,0,0,0,0,65,0,0,71,6,60,64,77,94,74,63,89,94,94,89,97,0,95,87,92,88,0,0
l31,2=0,0,0,0,0,0,0,0,0,0,0,0,40,0,40,0,49,33,0,0,77,70,31,51,82,0,0,83,79,89,94,0,89,97,89,0,91,94,95,48,49
l32,2=0,0,0,0,0,0,0,0,0,0,0,0,48,49,43,32,57,0,34,0,64,49,46,55,32,66,89,89,75,89,94,89,85,97,91,95,0,94,95,5,0
l33,2=0,0,0,0,0,0,0,0,2,0,0,0,70,53,83,42,61,76,27,25,69,48,78,72,52,61,97,92,80,88,92,97,87,41,89,95,91,0,95,30,0
l34,2=0,0,0,0,0,0,0,0,0,0,43,0,46,48,81,0,74,44,36,30,0,79,75,52,42,47,96,92,80,89,94,89,89,92,87,95,91,94,0,44,0
l35,2=0,0,0,0,0,0,0,0,39,33,26,0,50,56,35,47,61,63,48,37,68,66,78,72,64,85,95,0,0,18,28,0,16,0,0,27,0,6,19,0,83
l36,2=0,0,0,0,0,0,0,38,27,40,17,0,71,51,38,19,73,66,56,54,69,79,74,79,68,76,91,0,0,30,0,91,0,0,0,22,0,0,0,80,0
l37,2=0,0,0,0,0,0,0,0,3,0,0,0,63,38,0,53,50,41,65,36,67,77,76,68,41,94,93,0,0,0,0,94,0,0,0,0,0,0,0,79,82
l38,2=0,0,0,0,0,0,0,0,65,36,34,54,74,63,63,43,78,64,59,18,73,79,77,72,66,91,94,28,42,0,0,95,0,22,0,48,0,10,0,81,82
l39,2=0,0,0,0,0,0,0,0,0,0,0,0,56,0,44,47,73,0,53,50,75,79,77,74,52,0,36,0,0,46,0,48,0,24,30,9,0,0,0,75,82
l40,2=0,0,0,0,0,0,0,0,0,0,0,0,51,29,8,38,61,37,64,33,77,70,71,67,71,0,41,0,0,0,0,49,3,0,0,4,0,0,0,75,75

l0,3=0,95,91,99,85,94,89,97,86,89,83,96,86,80,0,72,0,0,0,0,0,0,0,0,0,1,0,0,4,0,0,0,0,0,0,0,0,0,0,0,0
l1,3=93,0,91,99,85,95,90,95,94,89,80,93,86,86,72,79,80,65,0,0,0,52,0,0,0,27,0,79,46,0,0,0,0,0,0,0,0,0,0,0,0
l2,3=92,95,0,98,78,91,90,98,94,89,84,96,90,91,75,0,78,51,0,0,48,0,0,70,0,0,0,69,0,0,0,0,0,0,0,0,0,0,0,0,0
l3,3=93,95,91,0,86,95,89,92,94,89,83,95,0,92,67,0,0,57,0,0,0,0,0,0,0,73,0,0,77,0,0,0,0,0,0,0,0,0,0,0,0
l4,3=93,95,86,99,0,95,90,94,6,89,80,90,87,79,0,77,0,0,0,0,0,0,0,0,0,54,0,79,63,0,0,0,0,0,0,0,0,0,0,0,0
l5,3=92,95,91,99,84,0,90,95,94,89,83,96,86,83,64,74,77,47,0,0,0,0,0,0,0,72,0,81,76,0,0,0,0,0,0,0,0,0,0,0,0
l6,3=91,91,91,98,78,91,0,98,94,89,84,96,95,92,57,83,81,67,0,84,67,25,72,82,67,0,0,64,0,0,0,0,0,0,0,0,0,0,0,0,77
l7,3=91,89,91,86,78,91,88,0,94,89,84,96,93,92,75,83,81,62,13,0,69,59,72,72,52,56,0,63,65,0,0,0,0,0,0,0,0,0,0,15,0
l8,3=56,89,90,84,7,90,83,95,0,88,85,96,94,92,70,83,81,72,81,54,72,45,76,82,64,76,0,0,73,0,0,0,0,0,0,0,0,0,0,0,54
l9,3=84,89,91,88,78,90,88,98,94,0,85,96,93,92,74,82,81,67,79,73,59,54,72,76,51,70,0,73,72,0,0,0,0,0,0,0,0,0,0,0,72
l10,3=85,83,90,88,73,89,85,98,94,89,0,96,93,92,68,82,77,69,48,73,33,61,74,80,68,21,0,53,0,0,0,0,0,0,0,0,0,0,41,0,36
l11,3=91,89,91,90,77,90,88,98,94,89,85,0,94,92,75,81,21,62,73,13,76,53,73,0,0,11,0,72,12,0,0,0,0,0,0,0,0,0,0,0,0
l12,3=56,61,58,0,56,75,88,84,94,89,84,91,0,92,88,90,85,90,75,62,68,58,80,86,45,89,0,0,77,0,0,0,0,0,0,0,58,62,11,82,79
l13,3=0,77,53,46,0,63,40,65,68,72,73,79,96,92,0,85,88,91,56,0,52,46,76,73,50,85,0,93,91,0,71,0,0,23,0,65,80,88,65,65,72
l14,3=50,72,0,0,60,72,83,93,94,86,83,71,96,92,79,0,88,87,75,65,75,75,55,60,35,95,0,77,70,0,0,63,0,0,0,0,0,68,61,68,70
l15,3=0,40,35,0,0,52,71,77,86,70,70,1,92,87,93,90,0,91,87,76,70,85,80,91,80,73,0,87,79,0,42,0,30,0,14,43,0,77,35,60,73
l16,3=0,63,29,16,2,51,58,63,90,81,77,65,96,92,95,90,88,0,82,66,79,76,84,85,79,87,0,83,77,47,0,60,0,0,0,1,2,85,0,83,81
l17,3=0,0,0,0,0,0,0,0,65,50,31,37,77,84,36,63,77,67,0,99,87,47,80,83,94,73,59,0,0,87,53,0,74,71,61,74,22,0,0,80,73
l18,3=0,0,0,0,0,0,75,0,40,60,64,0,82,84,0,76,72,63,95,0,86,76,72,82,93,0,94,0,0,5,0,77,48,0,4,0,0,0,0,79,78
l19,3=0,0,0,0,0,0,35,41,53,36,21,57,68,68,31,63,56,54,91,78,0,76,79,91,93,0,42,15,0,36,81,0,57,84,47,67,34,2,44,66,64
l20,3=0,31,0,0,0,0,5,52,43,43,56,46,66,66,36,80,84,71,56,68,88,0,88,91,92,0,83,31,33,44,64,77,54,59,40,59,63,52,62,78,80
l21,3=0,0,0,0,0,0,41,56,73,58,59,49,75,76,62,47,77,71,91,68,89,84,0,90,82,51,75,0,34,49,66,76,42,46,33,45,64,72,59,81,72
l22,3=0,0,25,0,0,0,47,35,65,49,58,0,88,84,54,47,78,55,91,73,91,85,87,0,90,47,77,0,39,60,59,64,65,84,37,61,49,62,38,81,78
l23,3=0,0,0,0,0,0,41,36,52,39,67,5,43,59,41,36,76,71,95,92,91,76,76,83,0,68,87,0,0,65,94,74,85,71,38,81,73,48,47,79,68
l24,3=0,77,58,0,65,83,61,60,0,71,53,75,0,81,94,80,84,82,0,0,39,41,0,0,0,0,86,0,91,81,87,77,33,78,1,93,87,94,95,52,50
l25,3=1,27,0,73,54,72,0,56,76,70,21,11,89,85,95,73,87,73,0,0,0,51,47,68,0,0,0,93,0,82,93,0,67,86,66,96,96,94,97,59,67
l26,3=0,0,0,0,0,0,0,0,0,0,0,0,0,0,0,0,0,59,94,42,83,75,77,87,86,0,0,85,82,0,99,0,100,100,100,96,100,89,100,64,0
l27,3=0,0,0,0,0,0,0,0,0,0,0,0,0,0,86,0,63,0,68,0,88,67,83,76,93,93,85,91,90,98,0,92,100,100,99,96,100,94,100,76,0
l28,3=0,0,0,0,0,0,0,0,0,0,0,0,0,0,0,0,60,0,88,69,82,79,65,87,94,0,82,61,73,98,99,91,0,100,100,96,100,94,100,4,55
l29,3=0,0,0,0,0,0,0,0,0,0,0,0,0,0,34,0,0,0,84,0,91,74,63,91,83,82,0,79,83,98,99,98,100,0,100,96,100,94,100,0,0
l30,3=0,0,0,0,0,0,0,0,0,0,0,0,0,0,0,0,1,0,87,0,82,67,18,74,71,93,99,0,79,98,99,99,100,100,0,96,100,93,90,0,0
l31,3=0,0,0,0,0,0,0,0,0,0,0,0,0,0,63,0,60,0,77,0,77,76,64,74,77,0,0,92,91,98,99,0,100,100,99,0,100,94,100,0,0
l32,3=0,0,0,0,0,0,0,0,0,0,0,0,79,39,91,0,0,1,15,0,68,81,83,78,75,67,100,93,91,98,99,100,100,100,100,96,0,94,100,0,0
l33,3=0,0,0,0,0,0,0,0,0,0,0,0,84,78,93,79,82,80,0,2,3,71,82,85,69,86,100,93,91,89,99,100,100,97,93,96,100,0,100,39,22
l34,3=0,0,0,0,0,0,0,0,17,0,60,0,47,66,80,71,69,0,0,0,80,82,80,65,73,66,100,93,91,98,99,99,100,100,90,96,100,94,0,1,0
l35,3=0,0,0,0,0,0,0,0,0,0,0,0,61,55,37,44,35,49,72,48,49,68,68,76,50,96,96,22,18,6,45,0,0,0,0,0,0,6,0,0,83
l36,3=0,0,0,0,0,0,38,0,29,40,13,0,67,63,38,51,52,51,62,58,56,68,66,75,44,96,100,20,39,0,0,100,2,0,0,0,0,1,0,85,0
l37,3=0,0,0,0,0,0,0,0,0,0,0,0,63,3,28,35,4,12,65,21,53,69,70,76,42,94,89,0,0,0,0,94,0,0,0,2,0,0,0,85,83
l38,3=0,0,0,0,0,0,0,34,0,2,42,56,79,74,77,68,74,62,65,0,81,83,79,83,55,97,100,0,32,24,0,100,0,0,0,32,0,0,0,85,78
l39,3=0,0,0,0,0,0,0,0,1,0,0,0,60,42,0,29,62,39,67,59,57,78,75,84,49,59,64,0,0,36,37,0,13,37,34,42,0,0,0,85,83
l40,3=0,0,0,0,0,0,0,0,24,0,0,0,40,28,37,0,45,28,73,28,64,58,60,75,71,67,0,0,0,26,1,0,2,0,0,31,9,0,0,82,73

l0,4=0,96,94,99,94,96,92,97,91,79,92,97,87,79,0,73,0,55,0,0,0,0,0,0,0,55,0,86,72,0,0,0,0,0,0,0,0,0,0,0,0
l1,4=96,0,95,99,93,96,93,97,91,81,92,97,0,70,83,0,69,43,0,0,0,64,0,0,0,0,0,78,0,0,0,0,0,0,0,0,0,0,0,0,0
l2,4=87,96,0,99,92,6,93,97,90,81,92,97,69,75,81,68,60,45,0,0,0,0,0,55,0,69,0,0,74,0,0,0,0,0,0,0,0,0,0,0,0
l3,4=98,96,95,0,95,96,93,97,91,80,92,97,75,79,0,52,58,2,0,0,0,0,0,0,0,87,0,86,94,0,0,0,0,0,0,0,0,0,0,0,0
l4,4=98,96,95,99,0,96,92,96,91,81,92,97,83,73,83,78,0,0,0,0,0,0,0,0,0,86,0,87,93,0,0,0,0,0,0,0,0,0,0,0,0
l5,4=89,96,80,99,95,0,93,98,92,81,92,96,72,68,68,73,54,68,0,0,0,0,0,0,0,52,0,87,9,0,0,0,0,0,0,0,0,58,26,0,0
l6,4=87,94,95,97,91,95,0,97,0,83,92,97,84,78,0,79,73,70,54,0,54,67,72,62,65,0,0,66,0,0,0,0,0,0,0,0,0,0,0,15,67
l7,4=87,94,94,84,75,95,92,0,91,84,92,97,86,79,78,80,62,76,1,0,55,71,75,0,66,57,0,67,69,0,0,0,0,0,0,0,0,0,0,0,0
l8,4=75,84,84,80,74,94,0,92,0,75,92,96,87,80,76,79,69,77,61,67,55,75,79,69,54,83,0,0,74,0,0,0,0,0,0,0,0,0,0,70,67
l9,4=81,94,94,91,85,95,92,97,84,0,92,97,79,80,69,80,68,75,0,49,57,65,77,63,64,81,0,59,82,0,0,0,0,0,0,0,0,0,0,0,46
l10,4=79,92,94,73,74,95,92,96,92,84,0,97,88,80,81,72,67,83,0,78,54,76,72,70,69,0,0,66,0,0,0,0,0,0,0,0,0,0,0,66,67
l11,4=84,94,94,88,86,92,92,97,91,84,92,0,88,78,82,79,65,81,66,0,56,73,77,66,67,0,0,0,0,0,0,0,0,0,0,0,0,0,0,0,68
l12,4=70,0,60,62,65,74,81,77,88,71,89,89,0,77,94,85,74,88,64,0,64,73,76,76,71,83,0,70,75,0,0,0,0,0,0,6,69,51,61,77,71
l13,4=0,73,73,0,68,77,0,76,78,72,83,78,90,80,0,85,89,92,50,0,0,72,77,70,0,79,0,98,97,0,73,0,0,0,0,73,78,67,71,71,70
l14,4=61,0,15,1,67,76,81,78,85,72,76,79,90,80,84,0,85,71,0,73,57,70,74,65,65,94,0,72,78,0,0,86,0,0,0,1,0,55,64,67,72
l15,4=0,63,61,1,0,64,82,58,79,71,73,65,83,71,85,77,0,93,68,85,68,81,86,81,71,85,0,78,81,0,61,0,44,0,0,59,0,52,59,7,75
l16,4=44,20,2,0,0,78,74,75,80,73,83,80,90,79,94,72,89,0,74,79,55,85,77,76,73,89,0,70,78,42,0,83,0,0,0,68,64,59,65,78,77
l17,4=0,0,0,0,0,0,48,0,37,0,0,54,58,67,42,0,71,64,0,98,82,83,92,81,87,90,34,0,0,72,64,83,40,45,65,57,45,39,39,69,69
l18,4=0,0,0,0,0,0,0,0,34,47,60,0,0,72,0,46,83,67,91,0,86,87,87,85,86,0,87,0,0,0,0,84,47,0,0,49,0,0,0,62,60
l19,4=0,0,0,0,0,0,55,51,51,49,56,57,56,47,0,51,65,57,75,77,0,88,90,90,87,0,0,0,0,49,64,75,46,69,50,56,51,50,51,56,54
l20,4=0,35,0,0,0,0,47,55,63,46,71,59,63,60,62,67,84,84,80,69,91,0,94,90,78,0,84,41,0,52,46,84,48,55,45,60,74,29,60,81,81
l21,4=0,0,0,0,0,26,53,60,79,55,71,61,78,69,76,74,83,81,86,88,84,83,0,85,81,0,78,0,0,49,51,83,38,45,34,59,77,50,50,83,80
l22,4=0,0,24,0,0,0,54,0,61,51,67,57,65,53,65,60,72,66,73,76,90,91,93,0,69,0,79,29,0,63,69,88,53,64,53,66,68,66,44,64,73
l23,4=0,0,0,0,0,0,54,49,41,49,61,55,59,49,18,50,77,69,91,94,91,83,85,84,0,0,90,33,43,58,84,84,59,62,54,59,58,55,0,63,55
l24,4=75,72,0,74,74,94,79,68,0,66,81,0,83,79,94,84,89,90,0,0,0,67,0,46,39,51,81,0,97,76,83,80,58,48,5,89,100,99,100,25,0
l25,4=55,0,69,87,86,52,0,57,83,81,0,0,83,79,94,85,89,90,0,0,0,0,0,0,51,0,0,98,0,67,88,0,89,92,86,92,100,99,100,1,74
l26,4=0,0,0,0,0,0,0,0,0,0,0,0,0,0,0,0,0,34,87,0,84,78,79,90,81,0,0,89,79,0,94,0,100,100,100,98,100,98,99,71,42
l27,4=0,0,0,0,0,0,0,0,0,0,0,0,0,64,86,0,77,0,85,0,84,77,76,84,83,98,89,89,92,94,0,93,100,100,94,98,100,99,99,67,0
l28,4=0,0,0,0,0,0,0,0,0,0,0,0,0,0,0,0,81,0,84,94,90,84,87,86,86,0,79,79,88,94,94,94,0,100,100,98,100,99,99,0,75
l29,4=0,0,0,0,0,0,0,0,0,0,0,0,0,0,0,0,0,0,79,0,90,83,78,85,81,67,0,64,92,94,94,94,100,0,100,98,100,99,99,46,6
l30,4=0,0,0,0,0,0,0,0,0,0,0,0,0,0,0,0,0,0,85,0,85,83,3,84,78,88,94,0,90,94,94,94,100,100,0,98,100,99,81,0,0
l31,4=0,0,0,0,0,0,0,0,0,0,0,0,0,0,86,0,83,83,84,75,84,83,88,84,80,0,0,93,94,94,94,0,100,100,100,0,100,99,100,0,0
l32,4=0,0,0,0,0,0,0,0,0,0,0,0,88,0,92,0,2,74,72,0,80,90,93,89,83,89,100,98,97,94,94,100,100,100,100,98,0,99,100,0,0
l33,4=0,0,0,0,0,82,0,0,0,0,0,0,72,70,93,77,84,84,49,0,69,66,87,90,71,92,100,98,97,94,94,100,99,100,100,98,100,0,100,0,0
l34,4=0,0,0,0,0,76,0,0,1,0,0,0,76,61,94,77,84,80,69,0,82,91,85,72,0,86,100,98,97,94,94,100,100,100,82,98,100,99,0,0,0
l35,4=0,0,0,0,0,0,0,0,30,0,40,0,59,44,36,40,0,64,59,48,60,77,82,55,55,92,98,0,0,32,41,0,0,12,0,0,0,0,0,0,81
l36,4=0,0,0,0,0,0,41,0,46,18,48,46,49,51,43,73,72,76,64,47,65,83,82,82,39,100,100,0,42,7,0,100,25,0,0,0,0,0,0,84,0
l37,4=0,0,0,0,0,0,0,0,0,0,0,0,61,29,27,28,41,55,54,50,45,76,82,60,65,99,98,0,0,0,0,99,0,0,0,0,0,0,0,84,80
l38,4=0,0,0,0,0,0,0,0,27,44,68,64,69,50,75,69,68,72,67,50,77,79,83,80,60,100,99,42,60,45,0,100,0,0,0,47,0,15,0,82,78
l39,4=0,0,0,0,0,0,0,0,44,0,0,0,60,33,32,54,66,63,76,70,83,83,87,71,59,1,71,0,0,51,0,0,34,48,0,52,0,0,0,84,81
l40,4=0,0,0,0,0,0,0,0,28,0,0,0,34,0,48,42,45,56,72,0,71,74,73,77,60,74,42,18,0,44,0,0,12,29,0,43,23,0,0,80,79

l0,5=0,95,85,94,93,96,72,91,49,89,80,89,35,48,72,49,10,0,0,0,0,0,3,0,0,0,0,71,0,0,0,0,0,0,0,0,0,0,0,0,0
l1,5=91,0,85,94,93,96,75,89,54,85,80,89,27,47,71,0,21,16,0,0,0,0,0,0,0,12,0,60,31,0,0,0,0,0,0,0,0,21,0,0,0
l2,5=91,95,0,90,93,96,73,86,51,89,79,89,33,57,46,0,0,0,0,0,0,0,0,24,0,63,0,34,53,0,0,0,0,0,0,0,0,0,0,0,0
l3,5=93,96,88,0,97,98,71,70,0,89,66,89,49,76,64,54,0,0,0,0,0,0,0,0,0,53,0,80,55,0,0,0,0,0,0,0,0,0,0,0,0
l4,5=92,95,85,94,0,98,71,79,74,83,80,72,0,58,68,66,37,0,0,0,0,0,0,0,0,47,0,30,53,0,0,0,0,0,0,0,0,0,0,0,0
l5,5=92,95,85,91,97,0,47,91,91,89,77,86,42,54,63,69,20,15,0,0,0,0,0,0,0,48,0,75,49,0,0,0,0,0,0,0,0,6,0,0,0
l6,5=92,96,89,78,84,77,0,92,81,89,84,90,81,72,43,69,67,37,0,30,68,8,54,55,35,0,0,33,0,0,0,0,0,0,0,0,0,0,0,0,13
l7,5=80,83,75,42,81,94,73,0,88,89,82,90,81,73,72,79,13,20,21,0,0,19,26,45,45,0,0,32,0,0,0,0,0,0,0,0,0,0,0,0,61
l8,5=55,79,61,0,58,85,39,87,0,88,83,60,89,83,76,74,21,43,32,34,47,20,26,55,49,43,0,43,42,0,0,0,0,0,0,0,0,0,3,49,66
l9,5=80,82,75,70,77,83,72,91,83,0,84,89,0,74,23,76,21,22,0,0,51,20,23,48,52,68,0,48,31,0,0,0,0,0,0,0,0,0,0,0,4
l10,5=83,88,83,29,83,84,72,91,91,89,0,90,89,83,75,77,22,74,11,26,4,22,26,66,53,0,0,44,0,0,0,0,0,0,0,0,0,0,0,49,65
l11,5=80,89,79,70,81,83,71,92,90,89,84,0,85,73,78,76,67,71,23,0,51,62,61,54,55,0,0,65,0,0,0,0,0,0,0,0,0,0,0,0,67
l12,5=29,21,29,18,0,41,38,47,86,0,77,50,0,78,88,85,82,83,22,46,24,19,22,52,54,12,0,50,40,0,0,2,0,0,0,34,0,11,18,53,74
l13,5=15,26,17,23,43,45,25,41,50,45,56,19,56,53,0,79,28,32,6,0,17,29,15,68,0,61,0,74,58,15,0,0,2,0,0,70,0,30,44,58,62
l14,5=24,0,0,10,41,62,28,50,45,74,65,25,92,78,69,0,21,83,22,39,47,18,33,55,0,90,20,66,37,0,0,62,0,0,0,24,1,19,29,54,70
l15,5=0,22,0,0,18,31,49,21,63,51,59,35,79,68,84,60,0,83,66,64,75,76,80,72,67,75,0,63,68,22,18,14,2,5,4,68,10,38,8,72,76
l16,5=0,39,0,0,0,55,26,38,48,66,70,28,86,79,88,77,91,0,35,5,56,76,27,50,65,48,63,57,52,0,20,71,0,0,0,56,13,20,32,66,76
l17,5=0,0,0,0,0,0,0,2,19,0,21,18,33,45,19,25,69,37,0,82,83,69,77,74,74,52,0,0,0,62,53,36,0,39,46,59,17,25,20,57,62
l18,5=0,0,0,0,0,0,27,0,18,0,31,0,56,36,0,27,62,0,82,0,22,56,83,78,73,0,70,0,0,23,0,51,12,0,0,11,0,0,0,66,57
l19,5=0,0,0,0,0,0,42,0,53,50,12,30,49,51,49,47,69,57,74,20,0,80,85,85,73,0,42,23,0,16,61,9,54,61,51,59,30,56,16,73,75
l20,5=0,0,0,0,0,0,2,14,47,23,57,18,57,44,53,44,73,68,69,54,91,0,85,88,64,0,14,20,16,23,10,18,47,13,22,0,50,5,32,73,75
l21,5=1,0,0,0,0,12,29,36,62,39,50,43,47,51,32,61,80,64,69,69,89,81,0,79,67,0,43,7,37,23,21,0,34,7,0,27,42,0,13,73,80
l22,5=0,0,0,0,0,0,25,13,49,27,57,8,55,46,53,44,70,18,70,68,91,81,81,0,65,14,19,2,0,63,64,8,44,20,44,59,18,14,22,76,78
l23,5=0,0,0,0,0,0,18,11,24,31,29,19,36,22,7,0,73,48,82,74,91,69,82,67,0,0,78,16,0,31,53,66,34,33,0,35,5,28,18,51,54
l24,5=30,34,34,64,31,54,28,33,42,72,25,0,12,51,89,78,27,32,0,0,16,1,0,4,15,0,46,0,95,39,20,36,30,10,68,77,29,58,58,0,26
l25,5=0,12,63,53,47,48,0,0,43,68,0,0,12,61,90,75,48,52,0,0,0,0,14,0,0,0,0,92,0,40,20,0,30,37,73,67,55,93,60,4,68
l26,5=0,0,0,0,0,0,0,0,0,0,0,0,0,0,20,0,63,0,70,42,14,43,19,78,46,0,0,59,61,0,92,0,89,89,97,91,95,77,90,0,0
l27,5=0,0,0,0,0,0,0,0,0,0,0,0,0,0,0,0,25,8,49,0,50,1,13,77,68,92,59,47,64,88,0,45,89,89,97,91,95,93,91,37,60
l28,5=0,0,0,0,0,0,0,0,0,0,0,0,0,0,41,0,58,0,0,30,67,62,50,66,56,0,61,66,65,88,92,36,0,89,97,91,95,93,91,46,0
l29,5=0,0,0,0,0,0,0,0,0,0,0,0,0,0,0,0,51,0,65,0,84,46,5,32,34,40,0,13,61,88,92,88,89,0,97,90,95,92,66,0,0
l30,5=0,0,0,0,0,0,0,0,0,0,0,0,0,0,0,0,0,0,68,0,84,44,0,40,0,20,92,46,55,88,92,92,89,89,0,91,81,87,47,0,0
l31,5=0,0,0,0,0,0,0,0,0,0,0,0,2,0,62,14,71,36,51,9,18,0,8,66,36,0,0,45,36,88,92,0,89,82,91,0,95,93,91,0,34
l32,5=0,0,0,0,0,0,0,0,0,0,0,0,9,0,85,15,27,25,37,0,20,4,16,35,32,30,89,85,95,88,55,89,55,77,79,91,0,93,91,0,0
l33,5=0,10,0,0,0,28,0,0,0,0,0,0,11,39,86,48,26,26,39,0,20,0,0,33,41,37,89,92,95,68,92,82,32,67,90,91,95,0,91,0,0
l34,5=0,0,0,0,0,1,0,0,28,0,0,0,9,27,83,50,18,25,37,0,15,2,12,34,37,73,97,92,95,85,92,91,32,68,63,91,95,93,0,0,0
l35,5=0,0,0,0,0,0,0,0,14,0,24,0,32,15,15,28,41,22,27,26,57,64,54,46,34,67,91,0,0,0,13,0,1,0,0,0,0,0,0,0,75
l36,5=0,0,0,0,0,0,0,5,14,5,22,6,66,48,11,57,68,58,64,30,72,63,75,74,43,55,95,0,14,0,9,95,0,0,0,10,0,0,0,74,0
l37,5=0,0,0,0,0,0,0,0,0,0,0,0,52,9,0,18,52,24,38,23,38,65,72,34,43,93,77,0,0,13,10,93,0,0,0,0,0,0,0,78,80
l38,5=0,0,0,0,0,0,0,7,2,17,57,2,66,41,67,58,68,50,0,30,73,76,77,76,57,60,90,22,18,13,0,91,0,0,0,22,8,11,0,79,78
l39,5=0,0,0,0,0,0,0,0,17,0,0,0,54,0,24,37,69,43,64,25,78,68,79,72,65,4,0,0,0,0,6,0,23,13,2,0,0,4,0,78,81
l40,5=0,0,0,0,0,0,0,0,16,0,0,0,21,0,17,26,29,23,42,0,61,55,63,68,61,68,0,0,0,17,0,34,18,0,2,27,11,0,0,78,77

l0,6=0,93,90,77,88,92,84,82,73,79,83,78,57,64,78,0,14,0,0,0,0,0,0,0,0,0,0,59,0,0,0,0,0,0,0,0,0,0,0,0,0
l1,6=91,0,92,76,88,93,86,83,70,79,88,79,0,69,48,63,33,16,0,0,0,0,0,0,0,24,0,60,29,0,0,0,0,0,0,0,0,0,0,0,0
l2,6=91,93,0,77,77,95,87,78,55,75,88,79,32,69,53,48,26,0,0,0,0,0,32,0,0,14,0,45,27,0,0,0,0,0,0,0,0,0,0,0,0
l3,6=91,93,92,0,88,95,86,85,68,85,79,76,31,67,55,45,0,0,0,0,0,0,0,0,0,0,0,68,0,0,0,0,0,0,0,0,0,0,0,0,0
l4,6=91,93,83,77,0,95,85,84,51,83,89,69,26,39,0,58,20,0,0,0,0,0,0,0,0,37,0,50,73,0,0,0,0,0,0,0,0,0,0,0,0
l5,6=87,93,92,76,88,0,86,81,76,82,77,75,42,69,50,66,20,14,0,0,0,0,0,0,0,74,0,57,51,0,5,1,0,0,0,1,32,0,0,0,0
l6,6=85,89,92,64,83,90,0,87,62,85,88,80,64,71,49,53,45,0,42,45,24,30,60,59,36,0,0,0,0,0,0,0,0,0,0,0,0,0,0,0,0
l7,6=80,88,81,63,81,88,87,0,77,85,89,82,69,71,58,73,19,51,0,42,9,35,56,46,22,0,0,41,0,0,0,0,0,0,0,0,0,0,0,9,0
l8,6=56,71,27,16,36,83,72,75,0,79,88,75,69,77,55,68,43,39,20,25,32,52,38,40,18,42,0,46,45,0,0,0,0,0,0,0,0,0,24,28,51
l9,6=80,76,80,63,77,81,82,81,76,0,89,75,65,73,53,73,50,20,31,5,32,50,31,32,41,32,0,42,35,0,0,0,0,0,0,0,0,0,0,0,40
l10,6=76,85,89,26,79,65,85,83,78,85,0,82,69,73,64,73,48,65,0,0,16,53,38,62,16,41,0,32,35,0,0,0,0,0,0,0,0,0,0,39,51
l11,6=86,87,87,58,67,90,87,87,77,85,89,0,70,72,71,70,52,26,6,0,26,48,60,28,33,40,0,44,29,0,0,0,0,0,0,0,0,0,0,0,25
l12,6=42,0,6,1,21,49,75,73,75,70,85,70,0,75,87,79,64,47,13,42,22,52,28,2,26,41,0,70,42,0,10,26,0,0,0,13,0,56,0,18,67
l13,6=53,44,5,1,0,48,50,28,66,23,39,28,44,47,0,77,57,47,1,0,26,57,7,39,19,67,0,81,82,1,0,30,0,0,0,26,0,80,55,34,62
l14,6=0,46,12,1,45,50,50,69,66,70,75,62,73,68,77,0,54,67,32,26,43,54,36,38,38,93,32,68,51,0,0,47,0,0,0,0,0,23,0,34,63
l15,6=7,39,17,0,12,19,50,15,48,54,58,42,61,63,80,58,0,73,60,51,44,67,65,69,63,68,0,17,57,10,24,0,26,22,0,51,47,61,23,55,69
l16,6=0,21,0,0,0,31,0,50,57,49,61,40,63,70,87,76,68,0,32,51,42,74,62,32,57,48,49,51,69,0,33,52,0,0,0,51,50,62,43,0,65
l17,6=0,0,0,0,0,0,22,0,19,27,0,10,22,56,19,48,53,43,0,77,74,74,75,67,76,74,0,1,0,43,60,36,18,46,17,56,22,28,16,58,33
l18,6=0,0,0,0,0,0,23,19,26,27,0,0,38,56,0,35,52,43,76,0,52,67,69,60,74,0,66,0,0,13,18,59,0,0,0,21,0,0,0,48,39
l19,6=0,0,0,0,0,0,17,0,13,22,25,18,16,54,33,34,50,30,74,43,0,78,77,75,76,0,10,0,0,10,72,20,34,70,29,28,1,27,24,64,39
l20,6=0,0,0,0,0,0,16,18,38,47,59,31,39,59,57,48,52,65,66,58,83,0,81,76,70,0,16,21,29,18,41,49,51,25,0,26,31,34,31,59,72
l21,6=0,0,14,0,0,0,41,30,47,28,47,35,25,15,30,58,54,62,67,57,83,79,0,76,74,54,51,10,23,0,59,58,17,19,0,23,14,15,49,56,70
l22,6=0,0,0,0,0,0,25,19,35,27,48,20,1,57,47,49,53,28,62,29,83,79,82,0,64,33,0,0,0,40,41,33,32,25,28,22,20,28,23,59,75
l23,6=0,0,0,0,0,0,15,9,11,24,23,19,16,41,12,25,54,61,74,67,79,74,74,67,0,0,65,2,0,37,64,35,24,51,26,45,23,27,27,68,27
l24,6=63,61,4,1,23,70,0,21,28,22,16,30,44,29,68,78,24,27,0,0,0,43,1,0,0,0,64,0,64,3,20,62,29,36,15,41,63,88,79,6,0
l25,6=0,24,14,0,37,74,0,0,42,32,41,40,41,67,93,68,48,74,0,0,0,54,33,0,0,0,0,83,0,30,64,0,47,46,35,43,76,88,83,14,0
l26,6=0,0,0,0,0,0,0,0,0,0,0,0,0,0,32,0,49,0,66,10,16,51,0,65,64,0,0,53,68,0,89,0,72,84,88,80,89,72,79,2,0
l27,6=0,0,0,0,0,9,0,0,0,0,0,0,17,0,0,0,42,33,32,9,57,56,61,60,65,83,53,54,64,74,0,55,71,82,88,76,66,90,89,13,20
l28,6=0,0,0,0,0,0,0,0,0,0,0,0,0,0,20,0,41,0,47,0,52,71,57,66,54,0,68,49,55,74,89,41,0,84,93,80,84,90,90,0,0
l29,6=0,0,0,0,0,0,0,0,0,0,0,0,0,0,0,0,31,0,47,0,60,50,57,40,60,30,0,53,66,74,84,74,72,0,88,74,78,83,49,11,0
l30,6=0,0,0,0,0,0,0,0,0,0,0,0,0,0,0,0,0,0,8,0,40,0,0,57,53,64,89,49,61,73,84,89,71,81,0,74,56,79,84,0,0
l31,6=0,0,0,0,0,1,0,0,0,0,0,0,26,30,47,0,52,36,59,20,49,58,33,35,62,0,0,55,41,74,89,0,71,78,91,0,89,91,93,16,30
l32,6=0,0,0,0,0,36,0,0,0,0,0,0,0,1,0,0,47,38,21,0,2,58,32,35,56,47,72,75,53,74,75,71,60,78,34,80,0,91,93,3,4
l33,6=0,0,0,0,0,0,0,0,0,0,0,0,30,42,93,44,53,36,10,0,13,56,6,33,48,46,84,84,56,43,89,78,71,78,42,80,89,0,93,0,0
l34,6=0,0,0,0,0,0,0,0,19,0,0,0,0,0,49,0,43,28,21,0,27,53,63,37,51,35,88,74,80,69,89,91,59,76,67,80,89,91,0,19,0
l35,6=0,0,0,0,0,0,0,0,8,0,18,0,8,8,14,15,26,0,28,12,14,53,28,35,32,43,80,0,0,0,8,0,0,12,0,11,9,0,1,0,73
l36,6=0,0,0,0,0,0,0,0,12,9,22,0,38,45,41,48,42,52,26,9,22,69,50,70,10,76,89,0,0,0,11,89,0,0,0,17,0,0,0,67,0
l37,6=0,0,0,0,0,0,0,0,0,0,0,0,27,12,17,21,27,13,31,19,14,42,67,24,15,88,72,1,0,0,13,91,0,0,0,0,0,0,0,68,72
l38,6=0,0,0,0,0,0,6,0,6,7,54,23,44,30,20,56,52,64,48,12,50,74,68,71,26,83,79,22,25,0,0,93,0,0,0,17,0,15,0,69,76
l39,6=0,0,0,0,0,0,0,0,11,0,0,0,22,0,28,27,47,33,28,10,53,70,71,67,61,14,2,0,0,11,20,16,23,23,11,16,0,20,0,71,75
l40,6=0,0,0,0,0,0,0,0,11,0,0,0,13,0,18,17,14,27,28,0,45,57,70,46,45,0,0,0,0,11,19,30,17,0,0,18,0,0,0,68,70

l0,7=0,97,96,94,83,97,83,69,68,75,93,91,34,52,46,48,14,0,0,0,0,0,0,0,0,50,0,0,72,0,0,0,0,0,0,0,0,1,0,0,0
l1,7=92,0,96,94,83,97,86,91,54,76,93,91,31,79,0,72,47,0,0,0,0,0,0,0,0,0,0,61,0,0,0,0,0,0,0,0,0,0,0,0,0
l2,7=92,97,0,94,83,97,86,47,48,78,89,91,46,29,28,68,49,33,0,0,0,0,0,0,0,0,0,85,0,0,0,0,0,0,0,0,0,0,0,0,0
l3,7=92,97,96,0,84,97,82,91,34,72,91,91,9,34,15,65,8,0,0,0,0,0,0,0,0,40,0,86,63,0,0,0,0,0,0,0,0,0,0,0,0
l4,7=92,97,95,94,0,97,83,54,81,81,87,88,31,27,17,0,46,0,0,0,0,0,0,0,0,50,0,92,67,0,0,0,0,0,0,0,0,0,0,0,0
l5,7=92,97,96,94,84,0,86,51,84,81,78,89,49,51,44,78,41,37,0,0,0,0,0,0,0,43,0,91,10,0,0,0,0,0,0,0,0,0,0,0,0
l6,7=85,92,90,85,78,93,0,92,79,80,89,88,50,75,9,66,52,45,35,31,36,45,29,50,5,1,0,0,5,0,0,0,0,0,0,0,0,0,0,0,0
l7,7=57,92,90,90,75,86,86,0,79,83,93,91,60,53,0,84,49,62,17,0,23,0,38,30,0,1,0,35,53,0,0,0,0,0,0,0,0,0,0,0,46
l8,7=39,74,47,31,50,92,46,28,0,74,89,88,64,82,29,87,49,64,6,4,39,53,33,23,0,18,0,47,71,0,0,0,0,0,0,0,0,0,0,17,59
l9,7=64,92,90,67,78,93,82,89,83,0,93,88,64,70,1,90,58,0,11,0,30,52,23,18,13,24,0,18,36,0,0,0,0,0,0,0,0,0,0,0,57
l10,7=66,92,82,81,63,27,82,89,84,84,0,91,64,82,12,90,54,58,0,7,12,55,36,23,3,52,0,29,42,0,0,0,0,0,0,0,0,1,0,8,48
l11,7=88,92,90,76,69,93,82,89,84,84,93,0,64,25,28,90,56,64,0,15,37,42,36,0,2,39,0,45,24,0,0,0,0,0,0,0,0,0,0,0,1
l12,7=27,27,42,0,14,49,20,24,84,45,89,84,0,85,84,95,66,64,23,1,38,52,29,22,19,55,0,79,62,0,0,22,0,0,0,2,0,0,3,20,66
l13,7=36,0,36,0,21,61,0,0,43,4,12,54,62,33,0,85,64,74,0,0,35,57,28,20,0,33,0,96,90,0,9,0,0,0,14,35,40,68,21,18,67
l14,7=24,40,35,45,5,46,22,26,84,77,89,88,69,57,52,0,60,68,7,0,21,56,35,23,12,85,0,89,65,0,0,34,0,0,0,0,7,21,8,10,69
l15,7=0,15,18,0,21,27,20,1,53,46,55,59,65,57,73,61,0,73,60,44,45,54,49,73,68,83,0,57,42,15,9,6,0,0,0,37,37,55,0,18,69
l16,7=0,0,11,0,0,49,11,23,68,0,41,58,63,82,84,91,65,0,21,17,43,67,46,38,18,51,17,58,49,0,11,43,0,0,7,36,37,40,0,20,65
l17,7=0,0,0,0,0,0,37,11,10,14,13,4,40,45,11,26,56,30,0,77,71,60,61,50,79,24,0,0,0,60,58,16,9,22,0,70,17,0,0,60,75
l18,7=0,0,0,0,0,0,63,0,30,0,56,49,17,62,0,11,54,38,72,0,64,60,57,65,78,0,61,0,0,39,0,36,0,0,0,56,0,0,0,72,72
l19,7=0,0,0,0,0,0,15,4,42,26,25,23,17,51,29,57,50,55,67,59,0,65,62,73,79,0,21,0,0,24,69,22,22,59,50,70,20,26,49,73,77
l20,7=0,0,0,0,0,0,12,0,27,36,55,24,28,52,53,56,51,61,62,57,77,0,76,76,77,0,59,7,25,27,59,64,50,0,0,40,21,35,30,71,78
l21,7=0,0,0,0,0,0,8,10,48,13,66,32,41,56,28,65,52,59,67,49,73,67,0,76,78,50,52,29,0,0,49,55,15,23,0,0,62,25,61,71,75
l22,7=0,0,0,0,0,0,23,25,49,26,51,0,41,51,35,61,59,59,32,20,77,67,76,0,73,0,0,3,25,52,40,0,44,40,38,45,33,28,26,75,81
l23,7=0,0,0,0,0,0,9,0,0,26,23,17,21,20,10,41,55,43,69,69,75,60,60,71,0,19,68,23,0,45,63,44,22,60,32,70,38,17,25,74,24
l24,7=0,23,35,50,72,88,0,1,16,14,50,58,59,36,34,85,47,28,0,0,0,33,27,1,1,0,56,0,90,15,14,70,14,33,30,57,63,72,15,0,5
l25,7=50,0,0,40,50,43,1,1,18,24,52,39,55,33,85,83,51,24,0,0,0,50,0,19,0,0,0,98,0,26,19,0,14,31,25,53,60,23,4,0,0
l26,7=0,0,0,0,0,0,0,0,0,0,0,0,0,0,0,0,17,0,61,21,59,52,0,68,56,0,0,12,39,0,81,0,76,91,87,91,93,77,80,4,35
l27,7=0,0,0,0,0,0,0,0,0,0,0,0,0,0,8,0,7,9,1,0,63,55,32,37,42,98,12,70,61,80,0,81,70,86,81,89,77,92,86,0,0
l28,7=0,0,0,0,0,0,0,0,0,0,0,0,0,0,0,0,6,0,11,0,55,64,49,70,47,0,39,66,48,80,81,36,0,91,90,91,74,85,75,0,0
l29,7=0,0,0,0,0,0,0,0,0,0,0,0,0,0,0,0,0,0,36,0,63,0,46,58,46,26,0,33,43,80,81,80,76,0,90,86,85,71,68,0,0
l30,7=0,0,0,0,0,0,0,0,0,0,0,0,0,0,4,0,0,0,0,0,64,0,0,59,31,19,81,29,16,78,78,81,76,91,0,86,64,80,80,4,0
l31,7=0,0,0,0,0,0,0,0,0,0,0,0,22,0,34,6,43,16,36,22,64,55,0,44,70,0,0,81,36,80,81,0,76,91,90,0,93,92,89,5,57
l32,7=0,0,0,0,0,0,0,0,0,0,0,0,0,4,25,10,43,9,0,0,23,50,54,35,48,14,76,49,49,80,49,76,33,52,35,91,0,92,89,4,0
l33,7=0,0,0,0,0,0,0,0,0,0,18,0,0,27,85,18,46,25,0,0,51,57,31,62,4,31,91,96,52,41,81,91,57,34,39,91,93,0,89,0,0
l34,7=2,0,0,0,0,17,0,0,0,0,0,0,12,0,62,28,0,9,0,1,63,58,60,63,35,25,87,94,70,76,81,90,67,51,81,91,93,92,0,0,0
l35,7=0,0,0,0,0,0,0,0,4,0,6,0,15,6,15,5,35,26,8,1,55,57,53,69,70,53,91,0,0,2,0,0,0,0,2,0,5,0,0,0,77
l36,7=0,0,0,0,0,0,0,3,17,20,7,0,29,26,48,47,46,26,38,9,49,59,48,74,0,60,93,0,0,8,0,93,0,0,0,10,0,0,0,79,0
l37,7=0,0,0,0,0,0,0,0,0,0,0,0,0,5,7,15,11,2,34,17,20,52,41,56,25,23,77,18,0,0,14,92,0,0,0,0,0,0,0,78,77
l38,7=0,0,0,0,0,0,9,0,12,0,55,0,45,48,20,55,44,54,44,0,13,67,59,71,53,4,80,0,40,10,0,89,0,0,0,0,0,0,1,73,82
l39,7=0,0,0,0,0,0,0,0,0,0,0,0,21,15,20,4,36,29,42,9,17,53,64,72,61,0,4,0,0,21,15,5,0,12,7,3,0,0,0,75,78
l40,7=0,0,0,0,0,0,0,0,0,0,13,0,0,16,17,14,21,21,31,0,20,57,58,72,32,0,35,0,0,23,0,57,13,0,0,20,24,17,0,75,77

l0,8=0,100,100,97,100,100,98,99,22,97,97,97,45,99,68,0,0,0,0,0,0,0,0,0,0,0,0,54,0,0,0,0,0,0,0,0,0,0,0,0,0
l1,8=100,0,100,97,100,100,98,99,88,97,97,92,84,95,77,65,90,0,0,0,0,0,0,0,0,0,0,92,0,0,0,0,0,0,0,0,0,0,0,0,0
l2,8=99,100,0,96,100,100,98,99,78,96,0,97,8,96,69,34,49,87,0,0,0,0,0,0,0,0,0,59,0,0,0,0,0,0,0,0,0,0,0,0,34
l3,8=100,100,100,0,100,100,98,98,87,91,97,98,0,97,0,39,52,0,0,0,0,0,0,0,0,91,0,97,72,0,0,0,0,0,0,0,0,0,0,0,0
l4,8=100,100,100,98,0,100,98,98,83,96,0,92,24,84,70,29,50,0,0,0,0,0,0,0,0,29,0,62,56,0,0,0,0,0,0,0,0,0,0,0,0
l5,8=100,100,100,98,100,0,98,99,81,99,67,98,79,97,44,0,53,90,0,0,0,0,0,0,0,22,0,56,63,0,0,0,0,0,0,0,0,0,0,0,0
l6,8=96,100,100,92,94,100,0,99,88,99,98,97,88,96,45,84,92,93,89,2,59,84,0,62,87,0,0,0,0,0,0,0,0,0,0,0,0,0,0,38,35
l7,8=96,100,93,91,96,97,98,0,89,99,97,97,91,99,0,1,55,94,87,0,44,65,89,88,0,40,0,36,49,0,0,0,0,0,0,0,0,0,0,0,74
l8,8=17,93,85,90,50,45,94,95,0,96,98,95,98,99,51,72,51,93,85,20,46,69,89,90,0,94,0,0,69,0,0,0,0,0,0,0,0,0,0,39,80
l9,8=96,94,93,84,62,98,98,99,84,0,98,98,91,96,55,85,53,56,65,0,19,74,53,79,54,0,0,15,0,0,0,0,0,0,0,0,0,0,0,67,0
l10,8=96,94,2,93,0,58,98,99,97,99,0,98,93,99,70,90,55,94,54,47,0,42,92,89,53,33,0,33,5,0,0,0,0,0,0,0,0,0,0,75,2
l11,8=96,93,99,91,92,98,94,99,90,99,98,0,91,96,67,86,54,92,89,44,46,75,89,0,55,62,0,48,65,0,0,0,0,0,0,0,0,46,0,0,0
l12,8=25,63,0,0,13,11,77,93,97,97,56,63,0,99,73,92,98,99,90,9,29,76,94,91,12,99,0,59,72,0,0,0,0,0,0,0,23,31,0,75,86
l13,8=49,26,75,0,8,0,21,0,50,49,53,43,99,99,0,56,59,99,19,0,0,78,96,86,0,99,0,100,76,0,0,0,0,17,25,46,70,100,88,79,81
l14,8=0,39,3,47,15,0,82,0,97,99,58,62,99,99,73,0,59,99,89,30,3,75,93,88,52,100,0,57,31,0,0,65,0,0,0,0,30,27,41,80,80
l15,8=0,27,23,21,24,12,83,53,57,80,74,52,99,88,100,86,0,99,91,53,81,93,92,95,96,17,0,81,68,42,15,0,0,0,0,47,13,49,75,83,85
l16,8=0,0,54,0,0,47,80,86,90,53,70,56,99,97,100,92,98,0,90,0,80,92,96,93,54,98,15,67,39,0,35,46,0,0,0,41,51,91,64,81,89
l17,8=0,0,0,0,0,0,54,30,55,24,18,63,73,66,19,66,89,60,0,96,80,87,95,73,97,61,0,0,0,62,53,53,18,0,0,73,43,0,44,44,55
l18,8=0,0,0,0,0,0,11,0,51,5,48,66,62,0,0,61,83,0,96,0,78,87,84,75,90,0,92,0,0,64,47,95,0,44,0,68,7,0,0,63,58
l19,8=0,0,0,0,0,0,24,23,52,28,0,50,59,40,16,29,83,81,93,71,0,92,91,91,93,0,32,0,1,42,75,54,55,32,44,83,29,0,49,65,86
l20,8=0,0,0,0,0,0,27,8,48,44,25,45,70,66,61,61,85,74,90,68,80,0,97,95,94,6,49,31,0,74,57,81,53,15,13,69,46,65,30,65,88
l21,8=0,0,0,0,0,0,0,54,50,25,48,56,79,65,63,75,83,67,92,61,79,93,0,95,89,0,92,41,0,55,11,92,13,39,19,65,25,63,51,82,57
l22,8=0,0,0,0,0,0,21,54,63,51,43,0,69,59,58,61,83,66,74,49,81,93,97,0,58,0,84,20,8,70,57,94,60,55,55,50,0,60,23,66,89
l23,8=0,0,0,0,0,0,24,0,0,40,21,29,32,60,0,67,89,54,95,82,80,91,91,83,0,38,92,0,0,56,60,87,24,71,21,79,24,26,26,76,57
l24,8=54,54,89,81,16,0,1,2,0,53,37,45,98,60,83,17,38,71,0,0,0,61,88,81,0,0,93,0,100,72,47,97,11,42,50,54,36,100,100,28,0
l25,8=0,0,0,91,29,22,0,40,94,0,33,62,99,99,100,17,98,61,0,0,6,0,0,38,0,0,0,100,0,95,61,0,17,73,31,91,100,100,86,73,70
l26,8=0,0,0,0,0,0,0,0,0,0,0,0,0,0,0,0,15,0,92,32,49,92,84,92,93,0,0,19,88,0,100,0,99,100,99,100,100,99,99,68,39
l27,8=0,0,0,0,17,0,0,0,0,0,0,0,0,48,2,0,10,46,90,31,80,90,35,93,94,100,19,96,90,100,0,69,99,98,99,100,100,100,99,0,0
l28,8=0,0,0,0,0,0,0,0,0,0,0,0,0,0,30,0,7,0,69,0,78,85,63,85,45,0,88,89,48,100,100,83,0,100,100,100,97,100,99,0,6
l29,8=0,0,0,0,0,0,0,0,0,0,0,0,0,0,57,0,0,0,0,42,69,59,64,86,90,95,0,85,89,100,99,100,99,0,100,100,64,91,90,1,50
l30,8=0,0,0,0,0,0,0,0,0,0,0,0,0,0,64,0,0,0,0,0,71,61,55,86,83,61,100,91,0,100,100,100,99,100,0,100,100,72,69,3,0
l31,8=0,0,0,0,0,0,0,0,0,0,0,0,0,0,65,0,46,53,95,54,81,92,94,87,97,0,0,69,83,100,100,0,99,100,100,0,100,100,100,0,85
l32,8=0,0,0,0,0,0,0,0,0,0,0,0,70,82,94,11,16,58,93,1,48,89,94,0,54,17,99,67,82,100,100,99,56,81,100,100,0,100,100,13,0
l33,8=0,0,0,0,0,0,0,0,0,0,0,45,65,87,100,3,59,71,0,0,0,92,96,94,19,73,100,70,88,96,100,100,59,88,100,100,100,0,100,0,0
l34,8=0,0,0,0,0,0,0,0,0,0,0,0,0,0,73,12,58,60,89,0,49,72,93,85,54,31,99,100,56,100,100,100,99,92,57,100,100,100,0,0,3
l35,8=0,0,0,0,0,0,3,0,2,16,12,0,35,43,33,28,67,35,31,42,33,65,79,77,59,91,100,0,12,30,0,0,0,0,3,0,0,0,0,0,89
l36,8=0,0,0,0,0,0,1,10,44,1,0,0,58,53,18,52,70,55,58,23,41,89,67,93,42,100,100,0,10,19,0,100,0,7,0,17,0,0,0,86,0
l37,8=0,0,0,0,0,0,0,0,0,0,0,0,53,25,0,24,60,23,60,20,28,83,4,68,33,100,99,4,0,0,0,100,0,0,0,0,0,0,0,85,83
l38,8=0,0,0,0,0,13,24,2,30,29,52,55,81,65,14,75,82,73,82,57,78,91,95,91,70,86,99,19,64,0,0,100,4,0,0,11,0,0,17,85,88
l39,8=0,0,0,0,0,0,0,0,0,0,0,0,49,29,8,27,77,52,77,16,36,64,94,93,77,73,68,0,0,0,0,0,0,0,9,25,0,0,0,85,90
l40,8=0,0,0,0,0,0,0,0,0,0,0,0,11,0,22,26,59,35,65,25,12,65,71,80,26,70,39,0,0,39,20,85,0,11,0,25,13,0,0,83,72

l0,9=0,96,100,100,100,99,99,100,94,100,96,93,69,0,0,0,0,0,0,0,0,0,0,0,0,0,0,0,0,0,0,0,0,0,0,0,0,0,0,0,0
l1,9=100,0,100,100,100,99,99,100,100,100,96,98,60,87,84,0,0,0,0,0,0,0,39,0,0,30,0,23,28,0,0,0,0,0,0,0,0,0,0,0,0
l2,9=100,96,0,100,100,99,99,100,45,100,96,99,94,69,70,63,32,0,0,0,0,0,0,0,0,7,0,19,21,0,0,0,0,0,0,0,0,0,0,0,0
l3,9=100,98,100,0,100,99,99,88,47,63,96,99,1,91,54,27,27,0,0,0,0,0,0,0,0,23,0,30,28,0,0,0,0,0,0,0,0,0,0,0,0
l4,9=100,97,100,100,0,99,99,88,44,91,90,99,4,98,75,29,29,0,0,0,0,0,0,0,0,38,0,30,31,0,0,0,0,0,0,0,0,0,0,0,0
l5,9=100,96,100,100,100,0,99,97,44,100,90,99,63,95,82,0,31,43,0,0,0,0,43,0,0,1,0,31,0,0,0,0,0,0,0,0,0,67,0,0,0
l6,9=99,96,100,100,99,99,0,100,100,100,96,99,99,100,82,98,98,60,90,0,57,48,51,70,59,0,0,1,0,0,0,0,0,0,0,0,0,0,0,0,5
l7,9=100,97,100,100,100,99,99,0,100,100,99,99,99,100,82,99,96,83,87,0,26,54,51,68,54,14,0,41,21,0,0,0,0,0,0,0,0,0,0,0,0
l8,9=36,33,35,98,91,14,99,88,0,100,99,99,99,100,86,68,32,66,77,89,37,36,56,93,0,50,0,30,33,0,0,0,0,0,0,0,0,18,20,82,35
l9,9=100,96,100,100,99,99,99,100,100,0,99,99,99,100,85,100,98,34,0,0,31,35,23,71,60,0,0,0,0,0,0,0,0,0,0,0,0,0,0,0,21
l10,9=62,32,79,100,99,99,99,100,100,100,0,99,99,100,88,62,53,22,65,96,0,3,18,89,52,52,0,29,7,0,0,0,0,0,0,0,0,4,0,38,15
l11,9=61,59,100,100,100,99,99,100,100,100,99,0,99,100,84,100,37,73,94,0,35,56,53,87,19,60,0,29,30,0,0,0,0,0,0,0,0,7,0,0,0
l12,9=4,4,50,0,33,90,97,79,50,61,60,61,0,100,94,100,32,78,90,93,33,37,61,91,62,67,0,35,34,0,0,0,0,0,0,12,0,59,74,84,15
l13,9=0,34,12,4,36,96,49,36,50,63,60,61,99,100,0,37,32,87,0,0,34,37,65,15,0,60,0,100,34,57,18,34,0,38,2,37,81,100,82,29,7
l14,9=0,0,38,11,55,0,60,47,50,63,60,61,99,100,94,0,58,100,49,99,20,35,64,84,63,56,29,33,29,0,0,32,0,0,0,0,29,13,1,50,35
l15,9=0,0,24,25,35,88,97,46,50,61,95,61,98,99,99,98,0,99,96,98,94,95,71,93,98,10,0,34,34,63,80,0,53,31,5,59,76,96,98,28,59
l16,9=0,0,0,0,0,96,61,79,50,61,60,61,98,98,100,100,98,0,96,0,59,59,75,95,65,32,65,35,34,0,37,48,0,0,0,37,64,99,97,50,35
l17,9=0,0,0,0,0,0,77,83,83,0,88,72,83,96,0,86,96,74,0,99,95,95,91,95,98,79,0,0,0,75,81,59,35,75,5,98,74,0,80,82,95
l18,9=0,0,0,0,0,0,0,0,61,0,98,5,95,91,0,97,96,0,100,0,92,95,91,95,98,0,66,0,0,0,93,99,0,54,0,86,7,0,0,95,96
l19,9=0,0,0,0,0,0,77,2,84,78,0,71,77,78,77,78,96,95,98,81,0,95,91,95,99,0,0,0,0,67,88,76,79,81,73,91,69,80,82,83,86
l20,9=0,0,0,0,0,0,70,40,46,46,16,68,96,97,98,94,96,96,94,90,95,0,93,96,98,0,53,43,6,69,73,95,67,39,19,86,74,76,80,95,97
l21,9=0,26,0,0,0,74,84,54,88,50,78,79,88,94,93,97,96,98,97,95,95,97,0,96,98,23,94,51,1,77,72,73,20,79,58,80,77,88,83,95,97
l22,9=0,0,0,0,0,0,61,37,93,47,92,69,83,40,22,90,96,90,91,85,94,97,93,0,98,0,83,0,17,84,94,64,72,91,41,85,62,90,0,95,97
l23,9=0,0,0,0,0,0,80,67,0,83,80,30,94,84,0,93,96,87,97,98,95,95,90,95,0,40,95,0,0,83,99,47,79,97,19,99,77,1,83,95,90
l24,9=0,9,7,37,36,96,0,43,50,0,60,38,67,37,100,35,32,77,0,0,0,36,45,0,0,0,58,0,100,4,87,59,59,49,12,37,91,97,100,7,0
l25,9=0,30,7,23,38,1,0,14,50,0,52,60,67,60,56,10,32,79,0,0,0,23,0,40,0,0,0,100,0,65,78,0,54,55,0,38,77,100,100,0,0
l26,9=0,0,0,0,0,0,0,0,0,0,0,0,0,0,29,0,65,0,66,0,53,94,83,95,58,0,0,1,91,0,100,0,99,100,100,100,96,99,99,30,23
l27,9=0,0,0,0,12,0,0,0,0,0,0,0,0,17,28,0,30,0,51,85,94,59,46,95,98,100,1,55,9,100,0,14,99,100,100,100,96,100,99,25,0
l28,9=0,0,0,0,0,0,0,0,0,0,0,0,0,0,0,0,82,0,29,0,87,88,28,86,73,0,91,92,22,100,100,50,0,100,100,100,78,99,79,17,0
l29,9=0,0,0,0,0,0,0,0,0,0,0,0,0,0,33,0,48,0,51,70,94,72,90,95,99,65,0,55,73,100,100,100,99,0,100,100,79,99,100,25,0
l30,9=0,0,0,0,0,0,0,0,0,0,0,0,0,0,0,0,5,0,0,0,59,64,66,42,0,78,100,61,0,100,100,100,99,100,0,100,92,57,71,0,0
l31,9=0,0,0,0,0,0,0,0,0,0,0,0,0,34,32,0,48,59,99,76,95,73,64,47,59,0,0,14,50,100,100,0,99,100,100,0,96,100,100,0,0
l32,9=0,0,0,0,0,1,0,0,0,0,0,0,0,0,34,31,96,83,97,0,59,95,81,47,36,54,99,61,60,100,100,99,97,92,60,100,0,100,100,5,0
l33,9=0,0,0,0,0,82,0,0,19,0,39,9,69,36,35,6,97,99,0,0,59,59,75,47,0,55,100,26,100,65,100,100,99,92,36,100,96,0,100,0,0
l34,9=0,0,0,0,0,0,0,0,12,0,22,0,67,36,32,1,97,77,91,0,36,37,63,0,17,0,100,99,85,100,100,100,60,95,60,100,96,100,0,0,0
l35,9=0,0,0,0,0,0,0,0,34,1,33,0,51,35,73,34,23,21,31,67,70,95,86,95,94,38,100,0,0,36,58,0,0,19,0,0,0,0,0,0,97
l36,9=0,0,0,0,0,0,0,0,74,39,29,0,28,0,78,90,94,88,91,66,88,95,88,95,68,77,96,0,13,40,0,96,0,0,0,0,0,0,0,95,0
l37,9=0,0,0,0,0,0,0,0,29,2,0,0,78,33,0,43,87,38,0,62,81,94,47,93,90,100,99,0,0,0,32,100,0,0,0,0,0,0,0,95,97
l38,9=0,0,24,0,0,0,7,0,0,45,48,39,96,97,97,95,96,68,94,70,92,95,91,95,52,100,99,24,47,0,51,100,10,0,0,54,59,0,69,95,97
l39,9=0,0,0,0,0,0,0,0,0,0,0,0,0,18,65,73,96,81,91,23,90,95,91,95,98,0,30,0,0,0,0,0,0,0,0,70,0,23,0,95,97
l40,9=0,0,0,0,0,0,0,0,0,0,0,0,70,0,0,74,13,71,77,67,71,86,69,95,86,0,23,0,0,47,0,0,50,39,0,0,0,38,0,95,86

l0,10=0,86,90,95,94,80,82,82,80,82,73,86,49,77,69,59,0,17,0,0,0,0,0,0,0,54,0,42,49,0,0,0,0,0,0,0,0,0,0,0,0
l1,10=91,0,87,93,94,80,84,82,78,76,74,85,53,63,65,0,42,7,0,0,0,0,32,2,0,10,0,47,34,0,0,0,0,0,0,0,0,0,0,0,0
l2,10=91,86,0,86,94,80,84,82,79,85,85,92,54,67,53,70,50,0,0,0,0,23,1,10,0,7,0,0,34,0,0,0,0,0,0,0,0,0,0,0,59
l3,10=91,86,87,0,94,80,83,85,81,82,73,87,0,74,44,50,0,0,0,0,0,0,0,0,0,36,0,71,41,0,0,0,0,0,0,0,0,0,0,0,0
l4,10=91,86,87,95,0,80,82,82,80,52,73,86,0,77,57,0,0,0,0,0,0,0,0,0,0,47,0,0,10,0,0,0,0,0,0,0,0,0,0,0,0
l5,10=91,86,90,95,94,0,84,82,81,88,74,92,50,62,53,54,19,0,0,0,0,0,0,0,0,24,0,51,35,0,0,2,0,0,0,0,0,9,0,0,0
l6,10=84,84,86,86,84,78,0,85,88,88,86,88,71,71,58,76,73,47,54,0,35,28,29,56,44,0,0,37,0,0,0,0,0,0,0,0,0,0,0,0,35
l7,10=86,82,82,85,87,77,83,0,84,88,86,92,87,85,68,81,49,45,54,0,38,35,32,42,25,43,0,0,31,0,0,0,0,0,0,0,0,0,0,0,0
l8,10=82,75,77,78,83,77,83,82,0,85,86,88,90,93,73,89,0,80,51,13,71,35,45,72,48,70,0,0,42,0,0,0,0,0,0,0,0,28,0,47,74
l9,10=78,59,82,85,47,77,83,88,84,0,86,92,87,85,63,87,85,44,34,0,38,28,33,55,44,50,0,0,33,0,0,0,0,0,0,0,0,0,0,0,44
l10,10=82,82,82,79,87,76,82,83,88,88,0,90,87,86,78,85,34,41,49,55,35,32,46,64,41,6,0,37,0,0,0,0,0,0,0,0,0,0,0,46,0
l11,10=84,78,82,83,83,77,83,88,85,88,86,0,81,85,40,87,52,79,2,51,40,22,28,49,35,40,0,30,31,0,0,0,0,0,0,0,0,0,0,0,22
l12,10=49,74,45,0,50,42,76,81,87,84,84,84,0,93,97,92,51,100,31,72,32,44,48,45,62,44,0,65,56,0,20,0,0,0,0,0,21,10,42,73,64
l13,10=46,80,31,30,75,43,62,72,80,69,84,26,92,84,0,87,60,100,22,0,48,49,0,78,31,61,0,100,60,12,0,0,0,8,0,16,21,56,14,32,90
l14,10=43,0,44,28,0,58,74,76,86,83,80,88,92,93,81,0,93,100,0,56,55,65,46,72,61,99,44,79,40,0,0,44,0,0,0,0,19,3,0,60,80
l15,10=0,39,41,0,33,22,73,69,0,80,73,85,49,92,96,92,0,100,65,83,81,86,89,79,90,61,0,61,50,15,67,0,0,7,0,41,46,48,80,79,84
l16,10=31,7,0,0,0,0,76,68,87,82,74,88,92,85,99,92,95,0,67,0,66,51,56,87,87,50,25,79,60,0,27,43,0,0,0,20,47,47,77,77,92
l17,10=0,0,0,0,0,0,70,65,66,68,70,15,72,69,60,0,91,76,0,97,86,80,89,82,90,55,0,0,0,74,63,37,66,0,0,78,72,0,0,62,72
l18,10=0,0,0,0,0,0,0,0,46,0,75,77,74,74,2,75,91,0,86,0,87,84,89,78,90,0,75,0,0,64,80,78,0,3,0,28,0,0,1,79,82
l19,10=0,0,0,0,0,0,57,46,68,64,55,67,58,66,70,74,80,81,86,80,0,86,87,87,90,0,47,0,0,74,85,1,64,74,76,76,73,58,60,80,80
l20,10=0,0,14,0,0,0,62,62,59,59,65,55,73,79,81,80,92,84,76,79,86,0,90,89,90,0,79,58,35,73,80,81,74,61,66,70,77,60,52,86,92
l21,10=0,51,0,0,0,0,64,58,71,69,76,65,79,77,54,81,92,90,84,86,86,86,0,89,88,7,80,51,57,71,65,53,0,70,68,64,31,68,67,74,91
l22,10=0,0,0,0,0,0,61,45,71,59,69,63,58,62,77,78,80,87,79,64,87,86,90,0,90,1,62,0,0,81,83,19,68,78,74,73,72,42,43,91,94
l23,10=0,0,0,0,0,0,71,37,54,72,67,54,72,73,50,73,90,79,85,77,87,83,79,86,0,0,78,0,0,78,86,44,73,78,84,78,0,0,74,79,79
l24,10=39,59,0,76,38,63,54,0,0,4,52,21,63,85,99,89,59,59,0,0,0,38,7,0,0,0,55,0,98,23,59,83,74,10,33,53,58,98,85,15,0
l25,10=54,10,7,36,47,24,0,43,70,50,6,40,44,61,99,61,50,55,0,0,0,7,1,0,0,0,0,100,0,48,63,0,13,0,0,62,40,98,57,13,53
l26,10=0,0,0,0,0,0,0,0,0,0,0,0,0,0,44,0,25,0,75,47,79,80,62,78,55,0,0,52,79,0,92,0,88,86,95,91,91,82,82,50,61
l27,10=0,0,0,0,0,0,0,0,0,0,0,0,9,10,0,0,41,7,45,58,76,71,13,72,85,100,52,53,43,88,0,76,88,86,95,91,91,94,90,27,0
l28,10=0,0,0,0,0,0,0,0,0,0,0,0,0,0,0,0,0,0,72,0,69,79,0,48,50,0,79,68,44,88,92,84,0,86,95,91,82,92,84,0,48
l29,10=0,0,0,0,0,0,0,0,0,0,0,0,0,0,55,0,61,0,0,0,75,69,75,73,79,48,0,63,0,88,92,88,88,0,95,91,90,73,81,18,60
l30,10=0,0,0,0,0,0,0,0,0,0,0,0,0,0,0,0,0,0,0,0,58,20,12,27,52,63,92,54,0,88,92,92,88,86,0,91,91,82,64,0,0
l31,10=0,0,0,0,0,2,0,0,0,0,0,0,0,0,44,0,43,37,78,1,81,53,19,44,83,0,0,76,84,88,92,0,88,86,95,0,92,98,90,31,0
l32,10=0,0,0,0,0,0,0,0,0,0,0,0,16,0,48,40,49,45,58,0,57,52,2,44,0,13,88,93,46,88,92,88,52,81,95,91,0,98,90,24,39
l33,10=0,0,0,0,0,10,0,0,24,0,24,0,10,35,91,32,80,47,0,0,51,21,17,18,0,0,86,100,96,88,92,86,54,41,76,91,97,0,90,0,48
l34,10=0,0,0,0,0,0,0,0,0,0,0,0,21,38,40,10,85,46,0,0,49,18,19,36,83,0,95,87,90,88,92,95,85,29,54,91,97,98,0,0,0
l35,10=0,0,0,0,0,0,0,0,41,0,61,0,73,18,43,54,78,37,23,51,80,81,77,86,82,62,91,0,3,38,21,0,0,1,0,28,0,0,0,0,93
l36,10=0,0,3,0,0,0,1,0,50,32,0,0,66,71,78,63,73,84,61,44,76,84,89,87,73,40,91,0,27,59,0,92,0,19,0,0,0,9,0,91,0
l37,10=0,0,0,0,0,0,0,0,35,0,0,0,47,1,60,55,79,74,61,62,76,84,0,85,84,98,82,0,0,0,30,98,0,0,0,0,0,0,0,91,92
l38,10=0,0,0,0,0,0,0,45,0,64,67,2,73,75,85,86,92,89,62,39,80,84,89,87,42,57,82,57,70,0,0,90,0,0,0,0,35,28,9,91,92
l39,10=0,0,0,0,0,0,0,0,0,0,22,0,65,57,60,73,86,68,80,1,85,84,86,85,88,13,50,0,0,0,1,31,0,6,0,56,0,0,33,90,92
l40,10=0,0,0,0,0,0,0,0,0,0,0,0,44,0,0,72,78,47,76,55,84,82,81,87,87,53,61,0,0,55,0,0,0,0,0,0,0,2,0,89,86

l0,11=0,88,85,91,81,87,81,88,75,60,81,73,44,41,44,0,56,0,0,0,0,0,0,0,0,16,0,56,37,0,0,0,0,0,0,0,0,0,0,0,0
l1,11=80,0,80,88,81,87,82,87,73,57,79,72,63,0,68,62,46,0,0,0,0,0,1,0,0,20,0,29,27,0,0,0,0,0,0,0,0,0,0,0,0
l2,11=81,85,0,84,80,87,81,81,75,67,77,73,70,69,36,52,65,0,0,0,0,43,0,1,0,3,0,57,29,0,0,0,0,0,0,0,0,0,0,0,15
l3,11=84,88,83,0,81,87,82,79,71,67,50,3,0,32,0,61,0,0,0,0,0,0,0,0,0,18,0,68,47,0,0,0,0,0,0,0,0,0,0,0,0
l4,11=84,88,85,91,0,87,82,87,55,61,28,31,39,43,44,0,0,0,0,0,0,0,0,0,0,6,0,0,33,0,0,0,0,0,0,0,0,0,0,0,0
l5,11=82,88,85,85,81,0,41,84,75,67,77,75,0,53,56,61,49,0,0,0,0,0,0,0,0,19,0,66,35,0,0,4,0,0,0,20,0,0,0,0,0
l6,11=72,88,75,82,76,43,0,82,74,67,77,67,63,66,30,72,58,30,18,0,44,45,9,12,30,0,0,18,0,0,0,0,0,0,0,0,0,0,0,0,0
l7,11=77,83,25,83,77,84,81,0,75,70,82,76,75,72,32,71,47,27,18,0,39,62,12,6,33,0,0,26,0,0,0,0,0,0,0,0,0,0,0,3,0
l8,11=72,83,24,23,38,84,81,84,0,68,82,72,78,82,44,83,58,43,10,19,56,46,19,14,33,1,0,16,10,0,0,0,0,0,0,0,0,0,0,13,34
l9,11=51,12,45,47,61,84,79,84,75,0,80,75,75,70,16,77,66,36,0,0,27,0,13,15,0,16,0,0,19,0,0,0,0,0,0,0,0,0,0,0,10
l10,11=77,82,77,19,34,84,79,84,80,68,0,75,78,74,46,81,44,62,10,24,36,50,67,13,14,11,0,0,30,0,0,0,0,0,0,0,0,0,0,16,11
l11,11=70,83,78,0,29,84,80,89,76,70,82,0,71,72,31,78,49,52,26,15,45,0,13,26,4,20,0,42,27,0,0,0,0,0,0,0,0,13,0,0,15
l12,11=5,58,20,0,7,1,52,78,79,57,28,36,0,80,84,85,78,87,11,9,10,69,22,16,37,47,0,59,46,0,0,0,0,0,0,0,23,26,27,48,51
l13,11=6,47,9,0,8,48,47,11,30,16,22,22,83,33,0,85,80,52,2,0,15,70,10,9,17,49,0,89,49,0,16,0,0,0,13,13,22,74,72,39,47
l14,11=0,47,6,10,0,42,74,29,80,64,66,55,88,82,83,0,81,87,11,2,48,79,19,6,14,86,22,63,40,0,0,27,0,0,0,13,0,0,19,18,34
l15,11=21,36,20,0,0,21,70,31,70,50,20,31,82,81,80,85,0,90,26,57,63,85,84,25,64,58,0,70,41,14,27,42,42,14,0,42,40,74,75,52,54
l16,11=0,0,0,0,0,0,24,8,79,47,26,33,88,81,86,85,85,0,26,0,19,85,77,84,51,54,50,70,43,0,6,56,0,0,0,0,24,70,48,0,67
l17,11=0,0,0,0,0,0,65,60,47,34,65,61,67,65,58,68,75,72,0,95,82,77,82,79,83,33,0,0,0,62,72,0,53,54,38,77,49,11,0,33,71
l18,11=0,0,0,0,0,0,0,0,68,46,74,61,67,68,0,64,81,0,88,0,81,85,84,84,86,0,65,0,0,0,73,70,0,0,1,72,0,45,0,75,72
l19,11=0,0,0,0,0,0,66,58,67,49,68,62,67,67,65,72,66,50,86,79,0,84,84,84,85,0,0,0,35,59,76,16,68,66,57,74,19,53,50,70,76
l20,11=0,0,10,0,0,0,65,66,61,0,47,0,68,69,72,79,83,80,48,72,81,0,87,88,81,11,37,59,29,44,47,23,70,0,0,49,43,67,0,46,87
l21,11=0,1,0,0,0,0,63,39,66,53,79,59,69,66,63,68,82,84,83,83,80,85,0,88,66,11,70,51,47,60,60,25,64,65,25,70,26,0,0,79,85
l22,11=0,0,0,0,0,0,49,34,51,50,41,34,73,69,42,68,80,81,80,78,80,85,87,0,78,10,65,0,29,73,22,14,53,69,35,38,28,45,47,81,85
l23,11=0,0,0,0,0,0,66,65,65,29,68,22,70,66,66,67,77,72,85,84,81,83,74,81,0,18,73,0,0,69,76,18,74,71,71,79,39,28,68,72,74
l24,11=17,17,14,22,0,24,36,20,9,0,0,23,24,36,86,76,71,35,0,0,0,19,10,0,0,0,59,0,78,10,13,71,38,31,19,19,52,93,78,0,17
l25,11=16,20,3,18,6,19,0,0,1,16,11,20,47,49,86,58,54,33,0,0,11,11,10,18,0,0,0,89,0,16,8,0,24,34,8,26,31,56,63,14,21
l26,11=0,0,0,0,0,0,0,0,0,0,0,0,0,0,22,0,50,0,65,0,37,70,65,73,59,0,0,45,60,0,86,0,83,77,83,85,77,82,79,22,18
l27,11=0,0,0,0,0,0,0,0,0,0,0,0,0,0,55,0,53,10,40,20,75,40,14,16,62,89,45,50,26,77,0,66,80,77,83,85,49,82,79,17,7
l28,11=0,0,0,0,0,0,0,0,0,0,0,0,0,0,0,0,55,0,20,0,36,72,36,20,64,0,60,58,27,79,87,71,0,81,87,85,70,54,74,0,12
l29,11=0,0,0,0,0,0,0,0,0,0,0,0,0,0,0,0,43,0,57,0,50,4,65,64,69,16,0,47,57,79,86,77,83,0,87,85,71,78,76,4,29
l30,11=0,0,0,0,0,0,0,0,0,0,0,0,0,0,17,0,0,0,0,0,29,0,13,15,61,8,86,54,1,78,90,86,83,81,0,84,78,78,81,0,0
l31,11=0,0,0,0,0,4,0,0,0,0,0,0,0,0,27,42,56,0,70,16,23,25,14,18,71,0,0,66,71,77,86,0,80,77,83,0,77,87,84,0,0
l32,11=0,0,0,0,0,0,0,0,0,0,0,0,18,18,40,0,65,31,17,0,9,26,11,16,30,24,83,72,54,77,5,80,79,49,54,85,0,90,89,0,0
l33,11=0,0,0,0,0,0,0,0,0,0,1,12,20,17,78,0,77,63,1,0,12,25,0,16,10,34,77,89,76,77,90,77,43,49,55,85,90,0,89,0,0
l34,11=0,0,0,0,0,0,0,0,0,0,0,0,21,14,52,54,77,31,0,0,16,0,0,16,42,8,83,71,43,76,86,83,76,77,83,85,90,93,0,0,11
l35,11=0,0,0,0,0,0,0,0,0,0,18,0,80,15,72,46,77,0,0,19,72,71,77,84,39,26,85,0,0,7,3,0,0,0,0,0,0,0,0,0,88
l36,11=0,0,0,0,0,0,0,0,19,5,17,1,80,70,70,32,74,76,43,14,70,82,78,84,24,31,77,25,41,51,4,77,13,19,0,0,0,0,0,85,0
l37,11=0,0,0,0,0,0,0,0,0,0,0,0,73,26,73,0,71,67,45,20,39,80,73,76,79,56,82,0,0,0,0,87,0,0,0,0,0,0,0,84,86
l38,11=0,0,0,0,0,0,47,60,66,51,20,31,57,76,77,79,83,74,79,45,75,82,85,87,79,63,79,0,38,0,0,84,3,0,0,0,0,54,48,84,86
l39,11=0,0,0,0,0,0,0,0,0,0,0,0,70,55,0,61,78,67,80,72,76,81,81,84,80,14,22,0,0,52,0,0,41,6,0,73,34,0,27,84,86
l40,11=0,0,0,0,0,0,0,0,0,0,0,0,0,0,26,50,76,67,71,63,79,76,78,87,80,21,18,0,0,0,33,0,0,1,0,46,1,0,0,81,83

l0,12=0,83,81,86,86,84,73,90,79,86,74,82,75,74,45,0,36,0,0,0,0,0,0,0,0,16,0,0,35,0,0,0,0,0,0,0,0,0,0,0,0
l1,12=90,0,80,85,84,84,77,86,59,86,73,79,77,73,57,39,40,0,0,0,0,22,34,0,0,34,0,0,46,0,0,0,0,0,0,0,0,0,0,0,0
l2,12=91,81,0,79,84,84,77,86,79,85,70,77,76,68,0,40,74,56,19,0,15,56,9,30,0,20,0,60,49,0,0,0,0,0,0,0,0,0,0,0,0
l3,12=91,83,80,0,86,84,73,86,70,76,69,77,17,66,0,42,29,0,0,0,0,0,0,0,0,10,0,68,50,0,0,0,0,0,0,0,0,33,0,0,0
l4,12=91,83,81,86,0,84,75,86,0,85,67,79,0,65,62,0,0,0,0,0,0,0,0,0,0,32,0,65,50,0,0,0,0,0,0,0,0,0,24,0,0
l5,12=91,83,81,86,86,0,71,54,79,85,70,79,72,64,44,43,40,0,0,0,0,36,0,0,0,5,0,62,0,0,0,18,0,0,0,1,0,0,0,0,0
l6,12=53,81,80,74,81,78,0,87,79,82,58,73,75,71,64,57,40,46,22,12,33,53,35,28,34,0,0,0,0,0,0,0,0,0,0,0,0,0,0,0,35
l7,12=84,80,78,79,80,81,73,0,80,89,74,82,79,77,61,42,43,56,40,0,40,72,53,35,38,0,0,59,0,0,0,0,0,0,0,0,0,0,0,0,0
l8,12=45,74,78,75,21,81,72,56,0,88,74,79,86,85,73,71,50,75,31,10,48,66,57,10,19,34,0,56,47,0,0,0,0,0,0,0,0,0,3,19,0
l9,12=54,80,78,52,80,80,45,88,79,0,70,82,79,74,59,58,46,70,11,0,21,37,44,37,29,54,0,57,40,0,0,0,0,0,0,0,0,0,0,0,52
l10,12=84,80,78,61,63,80,52,85,82,86,0,78,85,78,69,62,73,70,19,29,38,72,63,37,18,26,0,49,20,0,0,0,0,0,0,0,0,0,0,41,0
l11,12=85,80,79,79,81,83,72,90,82,89,74,0,80,79,1,62,64,52,0,32,32,51,39,46,27,9,0,42,3,0,0,0,0,0,0,0,0,0,0,0,40
l12,12=34,73,35,0,8,46,44,51,64,86,69,73,0,85,86,77,53,94,29,0,31,56,64,45,32,58,0,67,71,0,0,22,0,0,0,6,0,24,62,75,67
l13,12=8,31,0,0,18,33,18,0,45,62,62,0,95,81,0,69,56,94,0,0,24,70,39,3,5,56,0,82,79,0,1,0,0,0,0,0,17,48,85,13,58
l14,12=0,29,39,7,0,44,66,28,83,85,69,75,95,85,83,0,81,86,49,4,47,83,66,44,41,88,0,60,64,0,0,0,0,0,0,13,8,22,43,70,53
l15,12=39,66,69,7,0,71,40,49,59,77,68,69,88,68,88,77,0,94,62,44,50,88,77,49,52,64,0,73,52,57,39,23,13,0,0,41,38,41,69,78,66
l16,12=0,0,54,0,0,24,36,44,79,82,72,61,95,71,88,77,85,0,47,0,85,88,78,81,40,27,56,74,36,0,36,61,0,0,0,37,37,55,0,84,87
l17,12=0,0,8,0,0,0,34,67,57,65,56,0,70,57,34,56,82,72,0,95,85,87,76,75,85,17,0,0,0,63,72,28,0,52,54,72,56,35,31,73,72
l18,12=0,0,0,0,0,0,55,0,60,10,68,69,0,60,0,58,85,0,88,0,84,88,77,80,87,0,34,0,0,0,67,41,0,0,0,73,0,0,0,75,4
l19,12=0,0,0,0,0,0,59,66,65,59,60,63,71,25,68,62,76,80,84,77,0,88,77,81,85,0,0,0,0,69,78,36,70,60,55,79,71,0,64,71,80
l20,12=0,0,34,0,0,32,34,42,46,54,64,51,70,62,68,70,84,87,84,79,86,0,79,85,83,0,71,50,0,68,44,64,67,31,0,67,37,36,66,81,88
l21,12=0,38,0,0,0,0,31,59,60,67,66,57,74,54,64,67,84,90,82,70,85,88,0,85,81,28,74,57,0,68,69,69,16,28,0,59,36,67,0,84,77
l22,12=0,0,6,0,0,0,31,39,41,67,53,57,78,54,47,60,76,82,79,73,86,88,79,0,79,1,66,0,48,70,44,60,40,64,33,50,31,0,60,85,87
l23,12=0,0,0,0,0,0,55,64,61,67,57,56,72,56,68,57,75,70,84,80,85,83,73,78,0,21,71,0,18,72,74,68,71,69,70,77,17,41,65,72,70
l24,12=0,0,21,33,38,56,0,7,33,58,42,22,59,68,88,53,50,47,0,0,0,41,31,0,0,0,72,0,79,42,3,80,11,15,57,50,53,52,69,0,9
l25,12=16,34,20,10,32,5,0,0,34,54,26,9,58,56,88,64,27,17,0,0,0,28,1,21,0,0,0,91,0,47,1,0,9,29,0,68,37,49,82,0,5
l26,12=0,0,0,0,0,0,0,0,0,0,0,0,0,0,0,0,56,0,34,0,71,74,66,71,72,0,0,42,39,0,84,0,85,79,87,85,80,73,81,0,49
l27,12=0,0,0,0,0,0,0,0,0,0,0,0,0,0,40,0,39,42,58,8,81,59,61,60,69,91,42,41,28,83,0,71,83,79,87,85,81,80,81,24,0
l28,12=0,0,0,0,0,0,0,0,0,0,0,0,0,0,0,0,39,0,0,0,72,80,53,65,76,0,39,74,42,84,88,74,0,84,91,82,75,74,81,9,14
l29,12=0,0,0,0,0,0,0,0,0,0,0,0,0,0,0,0,0,0,62,0,67,59,57,66,68,47,0,45,42,84,80,82,85,0,91,85,77,69,77,31,0
l30,12=0,0,0,0,0,0,0,0,0,0,0,0,0,0,0,0,0,0,15,0,30,0,0,1,35,1,84,49,0,84,84,84,85,84,0,85,81,69,76,0,0
l31,12=0,0,0,0,0,18,0,0,0,0,0,0,22,0,0,23,61,28,41,36,64,69,60,68,80,0,0,71,74,82,84,0,80,79,87,0,83,83,85,37,40
l32,12=0,0,0,0,0,0,0,0,0,0,0,0,0,4,71,30,45,52,9,0,42,71,57,43,19,9,85,80,72,82,84,80,49,54,87,85,0,89,89,15,19
l33,12=0,0,0,17,0,0,0,0,0,0,19,0,46,36,84,38,49,76,3,0,0,52,63,0,12,29,79,87,76,82,84,79,17,47,84,85,87,0,89,0,0
l34,12=0,0,0,0,28,0,0,0,4,0,0,0,50,11,81,35,52,0,8,0,34,71,0,42,30,0,87,69,74,81,84,87,80,79,84,85,87,89,0,0,7
l35,12=0,0,0,0,0,0,0,0,0,0,43,0,83,7,46,61,77,75,73,15,66,83,75,83,60,68,85,0,0,0,0,0,0,1,0,45,0,0,0,0,92
l36,12=0,0,0,0,0,0,17,0,0,54,0,36,81,28,77,43,75,77,71,0,75,87,70,79,47,37,80,30,20,57,0,83,0,0,0,43,16,0,0,88,0
l37,12=0,0,0,0,0,0,0,0,0,0,0,0,65,28,65,7,78,50,76,46,77,75,77,82,79,49,73,8,0,0,0,83,0,0,0,0,0,0,0,86,90
l38,12=0,0,0,0,0,0,7,39,53,0,57,47,83,65,84,71,84,83,73,36,84,88,78,83,80,82,81,0,0,0,1,85,0,0,0,39,0,3,54,88,91
l39,12=0,0,0,0,0,0,0,0,0,0,48,0,5,0,0,50,82,73,74,59,84,87,77,83,83,0,0,0,0,59,67,37,33,0,0,65,55,0,1,87,91
l40,12=0,0,0,0,0,0,0,0,0,0,48,0,0,38,10,47,75,69,77,0,84,87,73,79,79,5,49,0,0,34,0,40,27,0,0,39,0,0,0,86,85

l0,13=0,90,94,93,99,94,89,84,72,84,91,92,47,8,0,62,78,0,0,0,0,0,0,0,0,26,0,0,41,0,0,0,0,0,0,0,0,0,0,0,0
l1,13=91,0,94,93,98,94,89,85,71,83,92,88,71,83,82,0,29,0,0,0,0,1,0,0,0,17,0,22,48,0,0,0,0,0,0,0,0,0,0,0,0
l2,13=91,90,0,88,99,94,89,89,75,87,92,92,27,33,78,0,54,75,0,0,18,47,0,52,0,0,0,27,2,0,0,0,0,0,0,0,0,0,0,0,0
l3,13=91,90,91,0,99,94,89,85,63,78,90,79,26,30,70,0,48,0,0,0,0,0,0,0,0,74,0,18,48,0,0,0,0,0,0,0,0,16,0,0,0
l4,13=91,90,94,93,0,94,89,89,72,87,90,83,0,15,0,1,0,0,0,0,0,0,0,0,0,27,0,28,44,0,0,0,0,0,0,0,0,0,10,0,0
l5,13=91,90,94,93,99,0,85,82,84,86,91,75,44,54,70,72,49,0,0,0,0,0,0,0,0,13,0,3,37,0,0,0,0,0,0,0,32,20,0,0,0
l6,13=88,90,93,88,93,58,0,89,81,87,92,89,80,83,73,85,49,28,0,26,34,4,62,60,27,0,0,0,0,0,0,0,0,0,0,0,0,0,0,0,39
l7,13=83,88,88,80,88,54,89,0,82,87,92,92,76,83,77,84,83,69,69,0,33,79,73,63,32,54,0,3,16,0,0,0,0,0,0,0,0,0,0,0,0
l8,13=84,60,88,73,29,68,87,90,0,87,92,92,30,93,81,65,63,88,0,0,37,70,83,69,26,0,0,28,1,0,0,0,0,0,0,0,0,0,0,44,67
l9,13=84,60,90,71,88,54,89,90,83,0,92,92,76,61,59,82,57,63,71,0,33,66,0,67,31,27,0,27,60,0,0,0,0,0,0,0,0,0,0,0,73
l10,13=83,88,88,79,52,30,86,86,88,87,0,92,70,93,0,89,83,87,18,17,30,74,82,66,24,1,0,3,0,0,0,0,0,0,0,0,0,0,0,12,24
l11,13=85,61,92,79,34,54,86,90,88,87,92,0,66,92,51,90,52,68,28,33,35,66,78,62,21,44,0,0,24,0,0,0,0,0,0,0,0,0,0,0,67
l12,13=38,31,39,73,0,30,86,84,85,85,89,62,0,93,94,96,67,100,71,10,4,32,94,78,25,35,0,29,69,0,0,0,0,0,0,0,0,19,15,47,85
l13,13=0,22,17,68,0,14,79,73,60,0,0,12,35,21,0,69,97,100,5,0,17,48,85,34,17,23,0,49,80,0,10,0,0,0,16,65,54,37,38,0,90
l14,13=28,0,0,0,5,30,84,79,81,77,92,68,91,93,99,0,97,100,72,41,40,71,86,74,26,78,0,13,73,0,0,50,0,0,0,0,48,22,9,50,83
l15,13=54,11,66,39,0,20,77,80,86,84,91,54,89,61,98,95,0,99,93,49,41,80,97,84,57,34,0,29,78,40,20,0,8,0,0,72,59,36,37,93,92
l16,13=0,0,15,0,0,0,65,84,85,60,92,61,91,93,99,96,97,0,82,43,93,94,99,90,34,19,37,58,68,0,0,17,0,0,0,5,58,61,32,92,93
l17,13=0,0,0,0,0,0,21,70,0,69,71,41,74,72,72,78,94,85,0,96,93,92,97,81,93,32,0,0,0,76,79,0,25,39,75,84,57,10,28,0,82
l18,13=0,0,0,0,0,0,76,6,0,0,83,81,62,80,0,86,87,89,95,0,92,94,94,88,93,0,57,0,0,70,26,40,42,0,0,84,0,0,0,92,84
l19,13=0,0,1,0,0,0,73,67,72,62,71,62,14,73,74,83,82,89,95,85,0,94,99,90,94,0,20,0,15,74,79,55,27,74,67,84,80,18,30,91,89
l20,13=0,0,0,0,0,0,0,76,67,64,83,66,74,84,66,92,86,99,91,92,93,0,99,90,90,4,27,16,12,82,60,80,65,15,0,89,79,45,82,98,94
l21,13=0,0,0,0,0,0,66,75,83,0,91,67,89,88,83,91,94,98,93,58,93,94,0,90,91,40,78,23,15,81,58,87,25,31,0,84,56,46,21,97,93
l22,13=0,0,1,0,0,0,70,54,68,71,78,53,82,26,62,76,92,95,59,82,93,94,99,0,56,45,79,22,0,78,18,80,40,36,68,79,44,23,26,99,95
l23,13=0,0,0,0,0,0,66,69,66,70,68,60,68,82,78,74,94,77,93,95,93,93,97,77,0,1,74,18,0,81,87,70,88,82,71,93,75,42,72,64,88
l24,13=0,15,21,13,25,0,0,66,58,23,30,0,35,24,99,31,19,36,0,0,0,45,62,56,0,0,74,0,98,28,10,90,32,26,25,88,66,98,26,0,0
l25,13=26,17,0,74,27,13,0,54,0,27,1,44,35,23,78,34,19,32,0,0,4,40,45,1,0,0,0,99,0,22,13,0,27,32,82,95,57,26,26,30,46
l26,13=0,0,0,0,0,0,0,0,0,0,0,0,0,0,0,0,37,0,57,20,27,78,79,74,74,0,0,65,32,0,93,0,90,91,94,95,94,92,38,61,68
l27,13=0,0,0,0,0,0,0,0,0,0,0,0,2,17,26,0,17,1,53,2,83,52,83,35,86,99,65,59,35,84,0,81,90,91,93,95,95,92,93,0,57
l28,13=0,0,0,0,0,0,0,0,0,0,0,0,0,0,0,0,15,0,26,18,57,62,39,57,82,0,32,74,75,84,93,89,0,91,94,95,73,87,93,0,0
l29,13=0,0,0,0,0,0,0,0,0,0,0,0,0,0,0,0,0,0,28,0,66,25,35,45,81,22,0,64,78,83,90,84,90,0,94,95,95,87,93,0,0
l30,13=0,0,0,0,0,0,0,0,0,0,0,0,0,0,39,0,0,0,32,0,45,0,0,42,55,13,93,10,65,84,81,93,90,91,0,92,80,78,51,0,0
l31,13=0,0,0,0,0,0,0,0,0,0,0,0,0,0,50,0,17,0,40,55,80,87,80,70,90,0,0,81,89,84,93,0,90,91,94,0,98,99,98,40,62
l32,13=0,0,0,0,0,7,0,0,0,0,0,0,0,4,55,21,38,31,25,0,80,75,75,67,84,27,90,93,27,53,63,90,87,91,94,95,0,99,98,39,66
l33,13=0,0,0,0,0,6,0,0,0,0,0,0,18,0,64,27,20,35,3,0,20,68,86,50,19,32,91,99,34,69,38,91,54,32,94,95,98,0,98,31,0
l34,13=0,0,0,0,20,0,0,0,0,0,0,0,22,0,98,16,68,28,21,0,25,78,48,54,24,82,94,93,94,44,93,94,90,91,63,95,98,99,0,0,0
l35,13=0,0,0,0,0,0,0,0,17,0,42,0,47,37,0,76,88,85,0,58,92,93,91,88,0,95,95,0,1,50,0,0,0,0,0,52,39,8,0,0,94
l36,13=0,0,0,0,0,0,44,0,19,26,48,53,80,30,82,78,84,80,66,22,67,93,87,89,56,57,94,0,2,57,32,98,0,0,0,45,34,0,0,97,0
l37,13=0,0,0,0,0,0,0,0,0,0,0,0,58,6,79,2,87,81,74,68,74,92,96,87,72,26,92,0,0,0,0,99,0,0,0,20,0,0,0,97,93
l38,13=0,0,0,0,0,0,0,0,79,0,84,0,85,59,96,94,94,98,84,38,92,94,97,89,88,26,38,11,0,44,0,98,0,0,0,41,0,15,33,99,95
l39,13=0,0,0,0,0,0,0,0,0,0,0,0,81,0,66,0,94,74,43,36,92,93,97,89,87,30,61,0,0,36,52,40,0,0,0,68,0,0,0,97,93
l40,13=0,0,0,0,0,0,0,0,0,48,5,0,59,31,0,70,83,83,88,65,82,91,88,89,85,46,68,0,0,0,35,62,0,62,0,63,0,0,0,97,92

l0,14=0,100,100,100,100,100,99,100,98,100,99,92,91,70,0,4,0,0,0,0,0,0,0,0,0,0,0,88,0,0,0,0,0,0,0,0,0,0,0,0,0
l1,14=99,0,100,100,100,100,99,94,99,100,99,100,71,100,99,87,97,0,0,0,0,0,0,43,0,16,0,0,52,0,0,0,0,0,0,0,0,0,0,0,0
l2,14=99,100,0,100,100,100,99,100,100,100,99,100,100,100,98,92,95,0,0,0,0,0,0,0,0,0,0,52,0,0,0,0,0,0,0,0,0,0,0,0,0
l3,14=99,100,100,0,100,100,99,100,60,52,82,100,92,96,54,83,0,0,0,0,0,0,0,0,0,0,0,56,7,0,0,0,0,0,0,0,0,0,0,0,0
l4,14=99,100,100,100,0,99,99,100,62,100,99,100,99,99,93,88,1,0,0,0,0,0,0,0,0,60,0,63,53,0,0,0,0,0,0,0,0,0,0,0,0
l5,14=99,100,100,100,100,0,99,100,100,100,99,100,99,0,40,94,89,69,0,0,0,0,0,0,0,63,0,63,59,0,0,0,0,0,0,0,62,0,0,0,0
l6,14=99,100,100,100,100,100,0,100,100,100,99,100,100,100,94,99,92,0,50,0,66,54,48,98,86,0,0,0,0,0,0,0,0,0,0,0,0,0,0,0,74
l7,14=99,59,100,100,100,100,99,0,100,100,99,100,99,100,98,0,99,15,41,0,53,60,50,90,91,0,0,55,0,0,0,0,0,0,0,0,0,0,0,0,0
l8,14=91,61,62,97,100,100,99,100,0,100,99,100,93,100,95,99,95,81,7,0,59,59,71,95,81,0,0,61,21,0,0,0,0,0,0,0,0,62,0,58,67
l9,14=99,98,100,95,100,100,99,100,100,0,99,100,100,100,94,99,98,89,57,0,49,59,46,96,87,8,0,52,24,0,0,0,0,0,0,0,0,0,0,0,65
l10,14=87,100,100,98,99,100,99,100,100,100,0,100,100,100,0,99,99,83,47,58,48,99,100,89,0,73,0,44,51,0,0,0,0,0,0,0,0,0,0,0,94
l11,14=95,100,100,100,100,100,99,100,100,100,99,0,100,100,45,99,93,53,35,0,0,60,67,62,80,72,0,56,21,0,0,0,0,0,0,0,0,0,0,0,76
l12,14=21,5,61,72,98,93,99,98,49,55,80,95,0,100,99,99,98,100,30,21,53,60,68,95,81,69,0,60,60,0,63,0,0,0,0,0,81,56,49,26,96
l13,14=0,18,36,1,63,26,97,62,24,8,0,58,100,59,0,99,99,83,0,0,34,58,3,95,73,62,0,96,61,75,97,0,0,0,0,64,95,76,21,38,35
l14,14=0,58,56,96,98,93,99,0,100,100,99,96,100,100,100,0,99,100,0,76,57,92,100,95,86,100,57,60,99,0,39,65,0,0,0,40,0,0,53,57,95
l15,14=0,39,58,0,56,66,98,98,61,56,80,94,98,99,100,99,0,100,99,78,60,97,69,98,90,80,0,61,61,77,88,45,1,0,0,79,93,75,58,59,98
l16,14=0,0,0,0,0,61,0,8,61,56,80,95,100,100,100,99,99,0,61,0,98,99,100,99,89,63,40,62,62,0,0,63,0,0,0,0,97,74,46,58,98
l17,14=0,0,0,0,0,0,90,87,4,91,91,81,87,99,48,0,97,92,0,98,98,98,99,98,99,82,0,0,0,90,97,0,92,86,80,98,92,0,86,98,92
l18,14=0,0,0,0,0,0,0,0,0,0,97,0,79,42,0,97,97,15,100,0,98,99,99,98,100,0,71,0,0,95,0,99,0,0,0,85,0,0,0,0,93
l19,14=0,0,0,0,0,0,98,84,99,43,85,0,91,99,92,97,97,100,100,97,0,99,100,99,100,0,56,0,51,98,93,22,93,95,79,87,93,57,44,98,93
l20,14=0,0,0,0,0,0,90,94,97,93,97,97,98,0,99,97,97,100,99,98,100,0,100,99,98,24,98,87,92,98,98,86,97,88,78,98,76,0,98,98,98
l21,14=0,0,0,0,0,0,90,93,99,52,97,97,98,99,68,97,97,100,99,80,100,99,0,99,98,61,98,59,50,96,98,98,91,56,38,78,97,71,64,98,98
l22,14=0,2,0,0,0,0,97,86,99,94,95,76,98,99,98,97,97,100,99,98,99,99,100,0,98,28,99,0,0,97,98,86,98,94,90,98,74,92,79,98,99
l23,14=0,0,0,0,0,0,94,96,61,94,38,79,92,97,82,95,97,95,99,98,98,97,99,98,0,0,98,49,0,95,96,98,96,94,86,98,97,88,88,0,96
l24,14=57,0,30,68,62,62,0,57,26,27,70,88,65,66,100,80,63,82,0,0,0,60,58,3,70,0,99,0,99,85,99,100,87,54,49,86,100,100,60,0,69
l25,14=0,16,0,0,60,63,0,0,0,8,73,72,69,62,100,80,63,82,0,0,24,61,28,0,0,0,0,100,0,81,94,0,98,48,4,80,100,72,23,7,0
l26,14=0,0,0,0,0,0,0,0,0,0,0,0,0,0,57,0,40,0,71,56,98,98,99,98,99,0,0,98,91,0,100,0,100,97,100,100,100,100,100,0,92
l27,14=0,0,0,0,0,0,0,0,0,0,0,0,43,0,61,42,37,0,99,0,98,98,99,98,98,100,98,98,56,100,0,64,100,97,100,100,100,100,100,52,35
l28,14=0,0,0,0,0,0,0,0,0,0,0,0,0,0,0,0,5,0,36,0,61,86,62,82,85,0,91,58,79,100,100,61,0,97,100,100,90,100,100,5,2
l29,14=0,0,0,0,0,0,0,0,0,0,0,0,0,0,0,0,0,0,61,0,88,80,91,87,91,81,0,81,86,100,100,100,100,0,100,100,100,81,100,0,0
l30,14=0,0,0,0,0,0,0,0,0,0,0,0,0,0,0,0,0,0,28,0,70,72,3,82,75,94,100,83,13,100,90,100,100,97,0,86,88,92,79,0,0
l31,14=0,0,0,0,0,0,0,0,0,0,0,0,0,0,65,45,63,0,99,22,86,98,86,98,100,0,0,64,61,100,100,0,100,97,100,0,100,100,100,44,0
l32,14=0,0,0,0,0,25,0,0,0,0,0,0,52,42,78,0,63,99,73,0,98,61,87,97,90,98,100,62,61,100,100,100,99,97,100,100,0,100,100,3,47
l33,14=0,0,0,0,21,7,0,0,10,0,0,0,58,0,78,0,63,99,0,0,42,0,69,98,79,48,97,100,61,93,100,97,100,56,100,100,100,0,100,0,64
l34,14=0,0,0,0,4,10,0,0,0,0,0,0,52,0,78,71,63,74,50,0,42,99,85,81,73,4,100,100,99,100,100,100,100,97,50,100,100,100,0,0,55
l35,14=0,0,0,0,0,0,0,0,85,0,0,0,87,55,34,87,91,56,96,0,94,98,99,98,0,80,100,0,0,0,43,0,0,0,0,21,0,0,0,0,98
l36,14=0,0,0,0,0,0,53,0,3,36,76,85,88,77,54,87,93,48,45,39,51,98,95,98,81,100,100,44,0,52,1,100,0,0,0,0,48,48,1,98,0
l37,14=0,0,0,0,0,0,0,0,0,0,0,0,95,91,90,86,96,93,7,1,90,97,96,97,95,72,100,0,0,0,39,100,0,0,0,0,0,0,0,98,98
l38,14=0,0,0,0,0,0,0,97,90,75,94,0,96,99,99,96,94,100,67,0,98,99,99,98,97,23,100,95,48,62,20,100,0,0,0,0,0,75,93,98,100
l39,14=0,0,0,0,0,0,0,0,0,0,24,0,95,0,68,87,97,15,97,75,98,98,99,98,98,7,0,0,0,16,64,44,0,1,0,0,0,0,0,98,98
l40,14=0,0,0,0,0,0,0,0,0,0,0,0,71,0,82,80,81,83,97,83,96,98,98,98,95,0,92,0,0,58,85,0,70,83,0,80,76,0,0,98,98

l0,15=0,100,100,100,100,100,100,100,100,100,100,100,99,96,97,79,58,0,0,0,0,0,0,0,0,97,0,99,71,0,0,0,0,0,0,0,0,0,0,0,0
l1,15=100,0,100,100,100,100,100,100,100,100,100,100,0,96,100,100,98,0,0,0,0,0,0,0,0,50,0,99,68,0,0,0,0,0,0,0,0,0,0,0,0
l2,15=100,100,0,0,97,100,100,100,100,100,100,100,100,88,59,86,61,4,0,0,0,0,0,0,0,48,0,81,60,0,0,0,0,0,0,0,0,0,0,0,0
l3,15=100,100,0,0,100,100,100,100,100,100,100,100,100,31,59,84,55,0,0,0,0,0,0,0,0,51,0,82,60,0,0,0,0,0,0,0,0,0,0,0,0
l4,15=100,100,100,100,0,100,100,100,100,100,0,100,98,65,59,66,59,0,0,0,0,0,0,0,0,50,0,82,6,0,0,0,0,0,0,0,0,0,0,0,0
l5,15=100,100,100,100,100,0,100,100,100,100,100,100,100,65,56,86,56,55,0,0,0,0,0,0,0,84,0,80,61,0,0,0,0,0,0,0,0,92,0,0,0
l6,15=100,100,100,100,100,100,0,100,100,100,100,100,100,96,58,100,99,77,77,0,97,99,40,98,96,59,0,0,81,0,0,0,0,0,0,0,0,0,0,65,0
l7,15=100,100,100,98,100,100,100,0,100,100,100,100,99,96,77,100,99,56,80,0,76,0,61,96,95,0,0,0,0,0,0,0,0,0,0,0,0,0,0,4,93
l8,15=97,94,95,98,100,100,100,100,0,100,100,100,99,63,58,100,60,57,0,0,73,58,63,98,90,10,0,21,22,0,0,0,0,0,0,0,0,21,5,93,92
l9,15=100,100,100,97,100,100,100,100,100,0,100,100,100,96,58,100,99,100,82,0,0,63,50,69,77,93,0,76,58,0,0,0,0,0,0,0,0,0,2,4,39
l10,15=100,100,77,96,0,100,100,100,100,100,0,100,98,96,59,100,61,57,60,88,73,100,99,97,0,57,0,73,23,0,0,0,0,0,0,0,0,0,0,0,81
l11,15=100,100,100,89,100,100,100,100,100,100,100,0,98,96,58,98,93,15,49,17,72,58,58,15,89,64,0,73,42,0,0,0,0,0,0,0,0,0,0,0,0
l12,15=88,0,58,50,77,78,97,97,98,84,99,82,0,96,60,100,61,60,2,0,76,58,61,97,80,100,0,79,62,0,55,0,0,0,0,0,0,87,0,94,93
l13,15=95,86,58,56,89,76,56,85,98,94,65,89,100,96,0,100,99,100,74,0,75,69,43,61,54,34,0,100,98,60,96,0,52,0,0,45,100,100,71,0,64
l14,15=84,96,79,81,74,82,100,99,100,100,100,99,100,96,100,0,99,100,87,94,78,100,100,98,92,100,76,99,96,0,1,29,0,0,0,6,0,97,66,98,98
l15,15=88,83,86,36,85,68,98,98,99,99,100,99,99,64,100,100,0,98,94,98,78,91,61,98,99,86,0,81,62,53,94,34,80,0,0,68,95,99,30,98,98
l16,15=0,0,0,0,0,74,87,80,95,99,100,77,100,96,100,100,99,0,87,61,99,100,100,99,1,61,49,82,69,38,0,98,0,0,0,67,97,99,71,96,95
l17,15=0,0,0,0,0,0,68,72,0,89,94,64,18,86,77,95,98,87,0,99,99,91,100,96,99,59,2,0,0,95,95,96,67,89,93,93,91,0,0,92,91
l18,15=0,0,0,0,0,0,0,5,0,0,97,67,0,84,0,95,98,51,100,0,100,98,98,96,99,0,100,0,0,85,0,99,0,22,0,46,0,0,0,84,91
l19,15=0,0,0,0,0,0,78,73,91,10,95,47,91,86,48,94,98,90,99,97,0,100,99,98,99,0,83,0,0,95,65,0,92,90,57,93,64,63,58,98,89
l20,15=0,0,0,0,0,0,79,0,95,92,98,86,97,88,96,97,96,96,97,96,99,0,100,99,97,0,100,92,87,96,94,99,96,0,47,93,95,33,87,98,96
l21,15=0,0,0,0,0,0,77,91,98,93,100,97,99,90,92,99,98,98,99,96,99,100,0,99,99,62,100,81,67,57,94,98,97,92,0,93,96,96,97,98,97
l22,15=0,0,0,0,0,0,82,63,92,71,97,23,99,86,80,93,98,98,96,95,99,100,100,0,99,41,72,0,0,95,79,79,95,90,55,51,93,92,62,98,98
l23,15=0,0,0,0,0,0,77,89,83,75,13,87,90,84,63,91,94,0,99,98,99,98,99,97,0,0,99,0,0,93,93,62,96,82,68,91,89,84,35,92,91
l24,15=99,90,59,58,93,83,0,0,3,93,64,87,90,34,100,86,61,59,0,0,0,62,42,0,0,0,99,0,98,60,98,63,99,62,53,50,100,100,71,50,68
l25,15=97,50,48,51,50,84,59,0,10,93,57,64,100,34,100,86,61,59,0,0,0,62,41,0,0,0,0,100,0,60,100,0,99,62,53,50,100,100,42,18,48
l26,15=0,0,0,0,0,0,0,0,0,0,0,0,0,0,76,0,49,2,100,83,100,100,72,99,99,0,0,93,98,0,100,0,99,100,100,100,100,100,100,89,77
l27,15=0,0,0,0,0,0,0,0,0,0,0,0,65,21,61,30,97,0,99,0,85,96,75,56,96,100,93,89,97,100,0,99,99,100,100,100,100,100,100,0,0
l28,15=0,0,0,0,0,0,0,0,0,0,0,0,0,0,30,0,51,0,70,0,86,89,91,65,69,0,98,68,86,100,100,97,0,100,100,100,100,100,100,29,0
l29,15=0,0,0,0,0,0,0,0,0,0,0,0,0,0,0,0,0,0,88,0,87,0,91,89,66,60,0,69,86,100,100,100,99,0,100,100,100,92,100,0,45
l30,15=0,0,0,0,0,0,0,0,0,0,0,0,0,0,0,0,0,0,87,0,86,73,0,64,35,100,100,67,85,100,94,100,99,100,0,95,91,88,95,0,0
l31,15=0,0,0,0,0,0,0,0,0,0,0,0,0,0,29,34,98,96,99,0,99,98,79,62,63,0,0,99,97,100,100,0,99,100,100,0,100,100,100,29,0
l32,15=0,0,0,0,0,0,0,0,0,0,0,0,6,32,64,0,98,60,87,0,78,98,78,62,63,99,99,100,98,100,100,99,99,100,92,100,0,100,100,35,65
l33,15=0,0,0,0,0,76,0,0,0,0,0,0,75,29,64,90,99,100,0,0,78,55,80,63,63,62,100,100,98,100,100,100,99,100,92,100,100,0,100,0,26
l34,15=0,0,0,0,0,0,0,0,0,4,0,0,0,30,100,76,41,100,2,0,67,55,100,55,22,53,100,100,98,100,100,100,99,100,99,100,100,100,0,0,0
l35,15=0,0,0,0,0,0,10,0,68,0,0,0,66,39,0,78,91,38,92,37,93,96,98,96,86,50,100,42,3,43,0,0,2,0,0,9,1,0,0,0,98
l36,15=0,0,0,0,0,0,0,56,66,0,47,0,90,64,67,91,91,18,66,62,63,88,91,98,57,100,100,56,5,25,0,100,0,0,0,0,30,0,0,99,0
l37,15=0,0,0,0,0,0,0,0,68,0,0,0,81,74,88,83,91,79,30,60,84,98,94,93,94,100,100,0,0,3,56,100,23,0,0,69,0,0,0,98,98
l38,15=0,0,0,0,0,0,64,18,87,65,61,60,97,85,96,97,92,98,56,0,97,98,99,98,97,42,100,93,53,3,42,100,2,0,0,0,0,62,4,98,99
l39,15=0,0,0,0,0,0,0,0,0,0,73,0,63,0,74,70,94,41,92,62,95,98,99,95,93,18,89,0,0,4,37,29,0,58,0,70,0,19,0,98,98
l40,15=0,0,0,0,0,0,0,0,0,0,0,0,30,46,24,57,68,65,67,56,93,87,98,96,61,48,77,0,0,0,56,0,56,53,0,63,49,0,0,95,96

q0=0
q1=1
q2=1
q3=1
q4=1
q5=1
q6=1
q7=1
q8=1
q9=1
q10=1
q11=1
q12=1
q13=1
q14=1
q15=1
q16=1
q17=1
q18=1
q19=1
q20=1
q21=1
q22=1
q23=1
q24=1
q25=1
q26=1
q27=1
q28=1
q29=1
q30=1
q31=1
q32=1
q33=1
q34=1
q35=1
q36=1
q37=1
q38=1
q39=1
q40=1

a0=0x01
a1=0x02
a2=0x03
a3=0x04
a4=0x05
a5=0x06
a6=0x07
a7=0x08
a8=0x09
a9=0x0a
a10=0x0b
a11=0x0c
a12=0x0d
a13=0x0e
a14=0x0f
a15=0x10
a16=0x11
a17=0x12
a18=0x13
a19=0x14
a20=0x15
a21=0x16
a22=0x17
a23=0x18
a24=0x19
a25=0x1a
a26=0x1b
a27=0x1c
a28=0x1d
a29=0x1e
a30=0x1f
a31=0x20
a32=0x21
a33=0x22
a34=0x23
a35=0x24
a36=0x25
a37=0x26
a38=0x27
a39=0x28
a40=0x29

