n=41

l0,0=0,88,90,90,89,86,86,87,85,87,88,85,77,80,0,78,60,0,0,0,0,0,0,0,0,41,0,77,77,0,0,0,0,0,0,0,0,9,0,0,0
l1,0=87,0,89,91,89,86,87,86,78,88,87,87,69,0,0,43,7,38,0,0,0,0,0,0,0,20,0,1,70,0,0,0,0,0,0,0,0,0,0,0,0
l2,0=88,90,0,90,88,86,88,88,85,88,88,87,79,86,76,46,43,59,10,0,0,0,0,33,0,31,0,35,71,0,0,0,0,0,0,0,0,0,0,0,0
l3,0=88,90,88,0,89,86,87,26,65,87,87,82,29,82,62,46,36,0,0,0,0,0,0,0,0,60,0,79,73,0,0,0,0,0,0,0,0,0,14,0,0
l4,0=88,90,84,92,0,86,85,83,83,85,86,87,77,74,0,9,0,0,0,0,0,0,0,0,0,70,0,76,71,0,0,0,0,0,0,0,0,0,0,0,0
l5,0=88,90,90,85,89,0,79,53,83,88,88,85,74,67,0,42,0,44,0,0,0,0,0,0,0,64,0,72,68,0,0,0,0,0,0,0,0,52,0,0,0
l6,0=87,90,90,90,88,86,0,90,85,89,88,87,85,86,75,79,82,42,0,53,67,61,22,24,28,0,0,0,0,0,0,0,0,0,0,0,0,0,0,0,33
l7,0=88,90,90,69,86,86,88,0,85,89,88,87,89,86,74,49,33,47,44,0,81,63,25,23,0,16,0,59,64,0,0,0,0,0,0,0,0,0,0,0,0
l8,0=56,56,86,0,83,85,53,87,0,88,88,81,81,90,74,86,87,49,20,51,78,73,53,28,41,63,0,73,74,0,0,0,0,0,0,0,0,50,0,23,28
l9,0=84,88,88,85,79,86,88,91,85,0,88,87,85,86,74,41,75,73,32,15,0,64,1,25,39,40,0,0,49,0,0,0,0,0,0,0,0,0,0,0,0
l10,0=87,88,88,77,88,86,86,86,91,89,0,87,86,86,75,81,80,88,0,0,2,57,40,77,46,57,0,54,66,0,0,0,0,0,0,0,0,29,0,0,0
l11,0=55,90,90,75,89,86,88,91,78,89,88,0,90,88,77,85,41,61,42,18,72,0,45,0,3,60,0,36,68,0,0,0,0,0,0,0,0,0,0,0,10
l12,0=37,24,48,1,71,71,27,29,78,88,86,86,0,90,86,92,94,100,0,33,84,64,29,24,43,50,0,87,81,0,15,0,0,0,0,0,10,56,36,51,47
l13,0=0,0,26,50,0,0,26,1,81,79,73,75,94,48,0,56,59,60,0,0,33,81,24,8,0,0,45,91,91,6,0,3,0,0,46,29,21,63,58,42,43
l14,0=42,56,74,71,52,75,30,29,91,74,84,86,97,90,88,0,88,88,48,0,72,83,25,30,38,88,16,89,65,0,0,73,0,0,0,0,0,54,47,50,45
l15,0=12,0,30,2,0,0,29,8,90,79,81,70,97,78,88,54,0,100,81,50,86,88,95,56,46,4,0,0,66,0,9,0,14,0,6,25,0,61,51,53,50
l16,0=0,3,32,0,0,68,27,24,90,85,86,78,97,90,88,92,95,0,41,34,84,79,58,30,37,18,0,90,90,0,9,82,0,0,0,0,0,79,40,0,42
l17,0=0,0,10,0,0,0,0,53,64,54,0,64,0,88,0,78,94,75,0,98,98,88,95,91,94,72,0,0,0,63,78,0,88,83,0,86,28,0,71,89,87
l18,0=0,0,0,0,0,0,76,0,87,5,0,0,68,82,0,0,93,74,100,0,93,90,91,91,93,0,64,0,0,35,87,86,0,65,0,81,66,0,0,0,0
l19,0=0,0,0,0,0,0,51,60,74,0,0,65,85,81,61,69,91,71,98,70,0,90,82,93,92,0,32,0,6,79,81,72,74,81,75,77,55,60,72,81,87
l20,0=0,0,0,0,0,0,19,15,83,70,62,0,83,76,84,83,89,86,86,85,98,0,95,93,87,22,93,0,0,47,9,89,12,0,0,45,12,64,86,89,91
l21,0=0,0,0,0,0,0,21,25,87,41,72,75,90,87,81,49,93,91,98,50,83,91,0,93,87,2,29,0,37,27,86,54,34,77,36,43,51,65,5,89,91
l22,0=0,0,47,0,0,0,34,14,85,65,74,0,70,85,62,81,94,79,86,85,100,91,95,0,87,6,21,47,0,78,77,79,20,77,70,40,70,40,78,89,91
l23,0=0,0,0,0,0,0,27,0,81,67,77,40,86,87,0,75,88,79,99,97,98,90,92,91,0,0,87,45,0,89,87,75,91,89,82,86,81,52,73,82,45
l24,0=35,0,6,69,72,65,0,4,57,0,41,13,51,80,88,4,0,57,0,0,0,0,0,10,0,0,94,0,91,29,19,90,21,0,50,30,71,70,87,0,0
l25,0=41,20,31,60,70,64,0,16,63,40,57,60,50,0,88,4,18,72,0,0,22,2,6,0,0,0,0,91,0,61,58,0,21,79,56,30,56,92,93,0,0
l26,0=0,0,0,0,0,0,0,0,0,0,0,0,0,45,16,0,0,0,64,32,93,29,21,87,94,0,0,82,91,0,97,0,100,98,98,98,99,94,96,0,4
l27,0=0,0,0,0,0,0,0,0,0,0,0,0,17,0,9,0,0,1,70,54,55,0,64,57,90,91,82,91,91,100,0,91,100,98,98,98,99,94,96,25,1
l28,0=0,0,0,0,0,0,0,0,0,0,0,0,0,0,0,0,13,0,88,0,54,12,16,8,83,0,91,84,78,100,97,86,0,98,98,98,99,94,96,0,0
l29,0=0,0,0,0,0,0,0,0,0,0,0,0,0,0,0,0,0,0,75,34,89,0,27,73,80,61,0,0,75,100,97,100,100,0,98,98,99,88,86,0,0
l30,0=0,0,0,0,0,0,0,0,0,0,0,0,0,0,18,0,0,0,0,0,74,0,0,43,63,58,97,66,74,100,97,97,100,98,0,95,96,88,46,0,0
l31,0=0,0,0,0,0,0,0,0,0,0,0,0,0,3,73,0,82,0,86,72,89,54,79,75,90,0,0,91,86,100,97,0,100,98,98,0,99,94,96,12,10
l32,0=0,0,0,0,0,0,0,0,0,0,0,0,1,47,48,0,0,0,7,20,28,10,58,59,88,21,100,91,88,100,97,100,100,98,84,98,0,94,96,14,0
l33,0=0,0,0,0,0,61,0,0,27,0,8,0,45,75,55,1,7,67,0,0,34,30,14,11,28,79,98,59,88,59,97,98,58,89,65,98,99,0,96,0,15
l34,0=0,0,0,3,0,41,0,0,0,0,0,0,42,39,58,27,35,87,77,0,35,32,4,60,66,56,98,91,91,98,97,98,100,96,54,98,99,94,0,24,0
l35,0=0,0,0,0,0,0,0,0,78,0,0,0,85,77,71,76,82,0,75,0,86,81,92,89,82,30,98,0,0,0,78,0,0,0,0,0,19,0,23,0,91
l36,0=0,0,0,0,0,0,18,0,74,0,0,0,89,78,74,76,88,78,75,0,89,90,92,90,55,56,99,0,0,0,20,99,0,0,0,4,0,42,0,89,0
l37,0=0,0,0,0,0,0,0,0,0,0,41,0,84,15,64,70,83,78,77,78,81,89,72,86,89,92,94,32,61,28,0,94,0,0,0,0,0,0,0,89,91
l38,0=0,0,0,0,0,0,0,21,85,0,54,65,90,82,83,84,94,92,0,70,90,91,94,89,84,93,96,74,39,41,0,96,0,0,0,0,18,28,43,91,93
l39,0=0,0,0,0,0,0,0,0,41,0,0,0,79,69,67,71,82,72,71,0,89,90,91,89,84,0,0,0,0,0,0,12,37,0,0,67,0,0,0,90,91
l40,0=0,0,0,0,0,0,0,0,61,0,0,0,29,56,47,60,70,53,72,67,87,90,93,86,84,0,4,0,0,66,71,10,14,64,0,67,0,0,0,90,90

l0,1=0,89,87,91,90,83,76,86,82,82,83,86,44,62,12,0,0,0,0,0,0,0,0,0,0,37,0,77,69,0,0,0,0,0,0,0,0,0,0,0,0
l1,1=87,0,87,87,90,83,84,85,76,82,77,87,45,34,74,0,66,74,0,0,0,0,0,0,0,40,0,51,66,0,0,0,0,0,0,0,0,0,0,0,0
l2,1=88,89,0,81,89,83,84,89,80,83,83,89,71,75,77,70,0,73,0,0,0,0,61,10,0,27,0,30,60,0,0,0,0,0,0,0,0,0,0,0,0
l3,1=88,89,86,0,91,83,82,86,82,82,83,86,72,36,60,0,0,3,0,0,0,0,0,0,0,26,0,81,73,0,0,0,0,0,0,0,0,0,0,0,0
l4,1=88,89,86,93,0,83,76,80,74,80,83,86,34,39,59,0,27,0,0,0,0,0,0,0,0,0,0,52,0,0,0,0,0,0,0,0,0,0,0,0,0
l5,1=88,89,87,75,91,0,82,81,82,78,83,64,43,43,0,14,0,0,0,0,0,0,0,0,0,0,0,50,0,0,0,0,0,0,0,0,0,38,24,0,0
l6,1=80,89,87,85,76,83,0,89,82,83,83,89,76,82,77,80,74,55,69,47,69,56,64,70,8,51,0,56,49,0,0,0,0,0,0,0,0,0,0,0,0
l7,1=86,89,87,75,70,73,84,0,82,83,83,89,76,75,66,80,60,64,51,0,0,69,19,43,25,31,0,0,54,0,0,0,0,0,0,0,0,0,0,34,0
l8,1=83,70,79,61,43,80,82,86,0,82,83,86,49,84,79,80,74,78,46,37,22,30,75,76,42,29,0,51,33,0,2,0,0,0,0,0,0,0,0,66,54
l9,1=80,89,86,65,75,75,84,89,82,0,83,89,75,82,72,80,70,76,0,0,17,56,63,64,0,37,0,0,56,0,0,0,0,0,0,0,0,0,0,0,48
l10,1=77,63,86,66,82,82,77,86,85,83,0,89,76,82,77,80,71,76,58,0,27,53,68,70,62,28,0,33,41,0,0,0,0,0,0,0,0,0,0,0,0
l11,1=79,89,87,77,83,78,84,89,83,83,83,0,73,83,58,76,69,70,48,31,25,70,67,50,28,14,0,39,54,0,0,0,0,0,0,0,0,0,0,12,0
l12,1=39,51,71,45,13,41,74,78,76,76,83,82,0,84,78,82,83,93,56,30,44,74,66,58,12,32,0,55,69,0,0,9,0,0,0,31,0,45,36,74,76
l13,1=0,39,43,1,12,0,68,61,77,70,71,17,40,28,0,80,85,88,22,0,22,58,42,30,6,18,0,57,86,25,12,0,0,8,9,78,22,22,29,69,0
l14,1=0,0,42,0,0,7,69,74,85,79,83,58,84,84,87,0,82,93,58,40,41,69,33,63,32,90,13,37,4,0,0,75,0,0,0,0,0,20,26,68,61
l15,1=0,18,0,0,2,0,70,30,74,58,69,29,83,48,88,76,0,91,79,47,33,88,87,90,42,7,0,48,77,0,10,0,3,0,0,44,25,39,47,75,77
l16,1=0,61,66,0,0,0,53,64,81,73,77,46,84,84,85,82,85,0,70,30,37,77,73,68,38,84,0,54,78,0,41,53,0,0,0,23,0,52,45,70,77
l17,1=0,0,0,0,0,0,69,54,54,1,66,54,61,74,47,54,77,77,0,94,82,88,88,89,86,77,0,47,0,51,59,15,67,69,34,78,30,50,52,87,78
l18,1=0,0,0,0,0,0,54,0,69,0,0,61,69,74,0,64,75,70,91,0,81,88,83,89,83,0,41,0,0,42,71,76,0,66,0,65,63,0,0,0,82
l19,1=0,0,0,0,0,0,62,0,39,48,56,40,71,66,59,62,52,66,83,80,0,88,77,91,82,0,20,0,0,61,71,18,71,67,44,67,57,60,59,81,76
l20,1=0,0,0,0,0,0,57,71,34,54,61,69,75,75,81,71,81,82,84,88,87,0,88,90,82,0,90,0,54,52,72,77,15,19,57,74,69,69,73,90,89
l21,1=0,0,53,0,0,0,55,5,78,65,74,73,77,79,79,55,81,82,85,85,80,88,0,90,77,38,51,1,61,21,58,79,5,35,31,54,74,76,64,90,78
l22,1=0,0,2,0,0,0,53,46,73,56,67,51,59,73,53,76,82,78,85,88,91,88,88,0,82,52,2,0,0,60,56,16,60,72,47,69,21,52,52,90,89
l23,1=0,0,0,0,0,0,53,47,71,0,69,50,46,70,65,63,75,73,86,88,85,88,83,90,0,0,77,0,0,64,78,80,77,76,67,81,69,25,37,83,77
l24,1=44,59,16,45,12,12,51,0,44,0,34,13,30,25,88,61,32,56,2,0,0,0,0,0,0,0,86,0,89,39,40,79,33,0,33,47,53,94,51,0,44
l25,1=37,40,27,26,0,0,51,31,29,37,28,14,32,18,90,7,84,77,0,0,0,38,52,0,0,0,0,90,0,47,47,0,35,41,32,50,27,94,53,0,15
l26,1=0,0,0,0,0,0,0,0,0,0,0,0,0,0,13,0,0,0,41,20,90,51,2,77,86,0,0,68,84,0,89,0,95,91,98,93,91,94,89,17,0
l27,1=0,0,0,0,0,0,0,0,0,0,0,0,0,0,24,0,12,33,34,25,80,59,37,41,76,90,68,85,48,79,0,82,95,91,84,93,91,94,91,42,36
l28,1=0,0,0,0,0,0,0,0,0,0,0,0,0,0,0,0,19,0,62,0,77,39,1,67,80,0,84,68,65,79,89,82,0,91,98,93,66,94,91,34,24
l29,1=0,0,0,0,0,0,0,0,0,0,0,0,0,0,29,0,0,0,39,24,57,28,24,71,67,47,0,0,49,79,89,79,95,0,98,93,91,75,86,0,0
l30,1=0,0,0,0,0,0,0,0,0,0,0,0,0,0,1,0,0,0,0,0,39,55,0,61,54,47,89,54,30,79,83,89,95,91,0,92,70,91,62,0,0
l31,1=0,0,0,0,0,0,0,0,0,0,0,0,9,0,75,0,53,15,76,18,77,79,16,80,79,0,0,82,82,79,89,0,95,91,98,0,91,94,91,34,16
l32,1=0,0,0,0,0,0,0,0,0,0,0,0,0,7,25,0,30,0,1,22,61,62,60,5,42,35,95,90,52,79,89,95,49,84,55,93,0,94,91,4,0
l33,1=0,0,0,0,0,1,0,0,0,0,0,0,29,22,45,46,33,60,1,0,37,64,66,17,0,41,91,90,79,50,88,91,55,46,58,89,87,0,90,0,4
l34,1=0,0,0,0,0,3,0,0,0,0,0,0,21,13,44,51,31,43,24,0,36,77,57,35,5,32,98,90,88,77,89,98,95,81,48,93,91,94,0,0,7
l35,1=0,0,0,0,0,0,0,0,60,0,0,0,79,55,69,70,71,77,78,0,82,83,85,90,73,50,93,0,0,5,59,0,0,0,0,66,0,0,0,0,89
l36,1=0,0,0,0,0,0,0,0,44,27,0,0,77,75,0,66,75,82,84,53,80,88,77,90,70,27,91,24,0,0,31,91,2,0,0,23,0,3,0,90,0
l37,1=0,0,0,0,0,0,0,0,61,7,0,0,74,1,53,68,61,72,79,69,24,87,85,89,81,94,94,0,0,14,0,94,0,0,0,0,0,0,0,90,88
l38,1=0,0,0,0,0,0,17,46,74,46,50,31,78,75,79,69,77,82,84,44,81,88,84,89,76,53,89,67,71,0,27,91,15,0,0,21,0,0,21,91,90
l39,1=0,0,0,0,0,0,0,0,0,0,0,0,66,60,69,55,73,0,61,0,81,88,86,90,73,0,17,0,0,50,13,34,50,38,0,56,0,0,0,90,89
l40,1=0,0,0,0,0,0,0,0,48,0,0,0,65,53,51,0,56,68,84,66,76,84,82,90,62,15,0,0,0,43,58,16,21,23,0,48,0,0,0,90,88

l0,2=0,86,90,91,84,86,79,86,84,75,82,73,49,47,55,64,3,0,0,0,0,0,0,0,0,19,0,70,52,0,0,0,0,0,0,0,0,0,0,0,0
l1,2=86,0,87,90,86,86,81,85,77,85,77,71,70,67,65,58,49,39,0,0,0,0,0,0,0,64,0,70,65,0,0,0,0,0,0,0,0,0,0,0,0
l2,2=85,86,0,85,84,86,85,87,84,86,82,75,80,70,66,66,72,45,0,0,38,0,60,0,0,41,0,69,65,0,0,0,0,0,0,0,0,0,0,0,0
l3,2=92,86,88,0,86,85,80,85,84,82,82,75,58,44,57,55,0,0,0,0,0,0,0,0,0,53,0,65,60,0,0,0,0,0,0,0,0,0,0,0,0
l4,2=86,86,90,91,0,86,81,16,80,85,82,74,65,56,22,18,0,0,0,0,0,0,0,0,0,55,0,0,57,0,0,0,0,0,0,0,0,0,0,0,0
l5,2=92,86,87,84,86,0,81,85,85,83,82,76,79,43,0,58,68,25,0,0,0,0,0,0,0,25,0,74,23,0,0,0,0,0,0,0,0,0,0,0,0
l6,2=78,81,90,83,77,85,0,87,83,86,82,76,81,75,26,76,74,0,48,55,64,7,58,60,60,55,0,58,59,0,0,0,0,0,0,0,0,0,0,0,0
l7,2=82,81,88,84,53,85,82,0,84,87,82,76,82,73,62,76,60,56,54,21,0,55,52,62,60,53,0,45,59,0,0,0,0,0,0,0,0,0,0,0,33
l8,2=73,73,81,76,71,85,74,85,0,86,82,75,76,79,64,80,76,64,0,53,53,52,75,69,62,63,0,1,63,0,0,0,0,0,0,0,0,31,0,8,57
l9,2=62,81,84,80,75,68,85,87,84,0,82,77,82,76,63,76,61,64,61,51,37,49,71,56,0,45,0,57,57,0,0,0,0,0,0,0,0,0,0,47,54
l10,2=75,74,86,77,70,85,79,85,92,87,0,77,78,79,65,75,71,61,0,48,52,61,69,56,67,30,0,46,57,0,0,0,0,0,0,0,0,0,3,39,54
l11,2=73,73,81,80,72,85,84,87,86,87,82,0,80,79,52,68,66,59,0,0,62,50,59,0,0,46,0,58,62,0,0,0,0,0,0,0,0,0,0,0,0
l12,2=26,60,71,24,59,75,78,80,85,82,80,72,0,80,0,83,84,89,59,54,70,59,78,82,57,48,0,83,68,0,0,19,0,0,0,34,55,58,4,54,83
l13,2=6,41,62,52,34,0,15,48,65,39,67,31,0,73,0,69,86,87,0,0,0,67,72,52,34,58,0,90,89,27,60,0,13,0,0,27,0,77,70,36,40
l14,2=59,41,64,0,38,64,66,74,89,80,80,59,90,73,67,0,75,89,60,58,64,66,59,53,58,85,30,65,53,0,40,26,0,0,0,0,0,56,0,54,60
l15,2=0,1,32,0,0,53,62,47,78,47,68,43,81,62,84,69,0,89,81,55,75,85,78,93,71,34,0,81,83,15,0,0,0,0,0,37,45,43,55,76,60
l16,2=0,3,5,0,0,19,0,67,83,73,71,62,90,77,84,83,86,0,67,0,60,64,82,65,73,85,13,69,85,0,38,44,0,0,0,0,0,71,58,54,73
l17,2=0,0,0,0,0,0,42,51,0,66,0,0,74,63,0,62,82,71,0,96,84,74,85,86,87,60,0,0,0,77,0,0,69,35,63,57,54,50,56,79,80
l18,2=0,0,0,0,0,0,58,0,66,59,58,0,69,63,0,56,64,0,91,0,81,76,83,75,78,0,80,0,0,0,0,36,0,0,0,0,0,0,0,0,79
l19,2=0,0,1,0,0,0,56,0,53,32,51,45,77,58,0,62,72,59,85,79,0,84,83,93,84,0,0,0,0,76,71,0,66,62,49,73,62,57,0,73,78
l20,2=0,0,0,0,0,0,0,61,61,50,69,46,79,65,75,71,83,77,81,86,87,0,88,92,78,0,87,0,0,68,67,82,56,55,60,70,0,52,74,82,89
l21,2=0,0,44,0,0,0,46,41,83,70,73,45,84,65,71,58,79,77,85,85,81,85,0,92,78,0,59,44,60,68,36,63,35,32,45,45,62,71,71,83,87
l22,2=0,0,0,0,0,0,44,52,78,54,56,0,84,64,40,49,81,72,85,81,92,84,88,0,78,60,64,6,47,60,68,40,54,64,48,65,0,62,43,84,87
l23,2=0,0,0,0,0,0,53,60,62,34,66,0,58,55,47,63,80,76,90,88,88,81,83,85,0,34,65,0,0,77,77,68,77,69,60,79,40,55,41,79,85
l24,2=45,73,45,53,0,77,54,5,0,53,23,43,48,58,83,47,78,55,0,0,0,0,49,1,0,0,83,0,89,66,75,80,45,39,63,49,77,93,64,0,26
l25,2=19,64,41,53,55,25,55,53,63,45,30,46,48,58,85,34,85,60,0,0,0,0,60,34,0,0,0,90,0,74,79,0,52,49,44,68,79,93,94,0,0
l26,2=0,0,0,0,0,0,0,0,0,0,0,0,0,0,30,0,13,0,80,0,87,59,64,65,83,0,0,62,83,0,88,0,92,88,96,94,90,93,97,0,0
l27,2=0,0,0,0,0,0,0,0,0,0,0,0,0,0,42,19,0,18,0,0,81,53,22,60,87,90,62,84,86,90,0,86,92,88,96,94,90,93,97,6,30
l28,2=0,0,0,0,0,0,0,0,0,0,0,0,0,0,32,0,35,0,57,0,71,58,46,54,83,0,83,57,65,90,88,88,0,88,96,94,87,93,97,42,0
l29,2=0,0,0,0,0,0,0,0,0,0,0,0,0,0,0,0,0,0,36,3,89,64,50,80,73,74,0,53,60,90,88,90,92,0,96,94,90,0,96,0,3
l30,2=0,0,0,0,0,0,0,0,0,0,0,0,0,0,0,0,0,0,56,0,48,59,43,47,49,79,88,55,52,90,88,88,92,88,0,94,86,84,79,0,0
l31,2=0,0,0,0,0,0,0,0,0,0,0,0,19,0,26,0,44,0,36,0,82,63,40,68,80,0,0,86,88,90,88,0,92,88,94,0,90,93,97,37,24
l32,2=0,0,0,0,0,0,0,0,0,0,0,0,35,35,0,0,41,0,33,0,57,0,62,0,34,52,92,88,84,90,88,92,62,88,93,94,0,93,97,0,0
l33,2=0,0,0,0,0,0,0,0,8,0,0,0,38,50,73,34,68,61,29,19,57,48,77,74,45,49,88,90,89,84,85,88,87,0,89,94,90,0,97,0,0
l34,2=0,0,0,0,0,0,0,0,0,0,22,0,13,58,78,0,79,59,52,4,29,73,77,36,39,44,96,89,89,90,88,94,92,87,89,94,90,93,0,37,39
l35,2=0,0,0,0,0,0,0,0,0,34,1,0,68,50,44,56,75,48,75,0,75,74,80,89,73,68,94,0,0,0,0,0,4,0,0,45,0,0,0,0,91
l36,2=0,0,0,0,0,0,0,0,53,57,48,0,84,64,62,64,74,70,72,74,80,81,83,85,78,79,90,32,0,0,50,90,0,2,0,34,0,0,25,85,0
l37,2=0,0,0,0,0,0,0,0,62,38,0,0,79,41,38,63,47,58,77,63,67,72,83,72,77,93,93,0,4,0,0,93,0,0,0,0,0,0,0,83,89
l38,2=0,0,0,0,0,0,2,0,75,50,55,54,84,64,72,70,81,73,79,16,80,82,83,79,76,94,97,13,58,0,10,97,0,5,0,49,0,0,15,85,88
l39,2=0,0,0,0,0,0,0,0,0,0,0,0,73,58,56,60,79,66,72,67,80,81,83,83,73,0,0,0,0,0,57,37,0,41,0,63,39,0,0,82,89
l40,2=0,0,0,0,0,0,0,0,0,0,0,0,61,51,0,48,61,51,75,63,63,54,79,75,72,0,0,0,0,43,46,24,0,30,0,47,0,0,0,71,79

l0,3=0,87,87,96,87,91,90,88,84,81,80,91,75,77,68,63,0,0,0,0,0,0,0,0,0,0,0,61,0,0,0,0,0,0,0,0,0,0,0,0,0
l1,3=90,0,88,96,87,91,90,83,90,85,88,88,0,80,75,72,8,37,0,0,0,49,0,1,0,68,0,59,60,0,0,0,0,0,0,0,0,0,0,0,0
l2,3=90,84,0,90,83,89,90,89,88,87,88,91,81,88,78,0,62,0,0,0,20,0,0,3,0,28,0,57,58,0,0,0,0,0,0,0,0,0,0,0,0
l3,3=90,87,88,0,87,91,90,88,78,87,88,91,69,90,0,0,0,0,0,0,0,0,0,0,0,34,0,58,55,0,0,0,0,0,0,0,0,28,0,0,0
l4,3=90,87,90,96,0,91,90,79,79,86,70,89,71,0,0,62,0,12,0,0,0,0,0,0,0,0,0,0,0,0,0,0,0,0,0,0,0,0,0,0,0
l5,3=90,87,88,93,87,0,89,84,91,3,88,86,74,81,65,64,66,19,0,0,0,0,0,0,0,23,0,71,56,0,0,0,0,0,0,0,0,0,0,0,0
l6,3=89,83,88,87,81,89,0,89,88,87,88,91,89,88,56,79,76,69,0,66,55,10,44,45,66,0,0,56,0,0,0,0,0,0,0,0,0,0,0,0,58
l7,3=87,83,88,85,80,89,90,0,89,87,88,91,84,89,68,79,70,66,26,0,55,65,47,35,59,59,0,47,50,0,0,0,0,0,0,0,0,0,0,0,0
l8,3=80,82,86,79,79,89,87,85,0,87,88,91,91,93,77,87,77,78,57,46,67,59,58,52,72,68,0,0,56,0,0,0,0,0,0,0,0,0,0,0,52
l9,3=81,83,88,82,81,50,90,89,88,0,89,91,84,90,79,78,71,76,49,61,48,60,49,44,40,63,0,61,54,0,0,0,0,0,0,0,0,0,0,0,62
l10,3=69,79,88,82,59,89,90,89,91,87,0,91,92,92,71,79,64,70,21,59,27,66,47,44,66,51,0,42,44,0,0,0,0,0,0,0,0,0,53,0,53
l11,3=87,83,88,85,81,89,90,89,90,87,88,0,86,90,77,72,57,66,45,7,67,60,46,0,0,60,0,58,53,0,0,0,0,0,0,0,0,0,0,0,0
l12,3=48,0,71,42,61,71,88,80,91,84,88,86,0,93,92,89,83,95,57,59,65,66,59,59,55,84,0,68,80,0,0,0,0,0,0,0,57,10,29,81,78
l13,3=19,71,30,0,0,22,53,61,79,74,74,74,98,93,0,83,93,97,23,0,13,49,63,58,49,54,0,93,92,0,65,0,0,22,0,67,37,89,40,44,64
l14,3=26,73,0,0,57,65,88,83,91,86,88,71,98,93,88,0,86,87,51,61,76,79,49,0,41,96,0,75,67,0,0,59,0,0,0,0,0,71,46,79,33
l15,3=0,0,19,0,0,35,77,64,79,76,78,50,87,88,94,82,0,97,88,73,73,88,75,74,80,44,0,85,80,35,0,0,3,0,0,59,32,81,44,66,63
l16,3=0,42,0,0,42,19,76,64,87,82,84,73,98,93,96,89,93,0,59,63,68,80,66,58,81,50,34,84,70,34,1,45,0,0,0,2,0,76,30,86,73
l17,3=0,0,0,0,0,0,0,2,76,64,50,55,83,89,43,63,85,83,0,97,89,81,75,74,90,41,20,0,0,90,90,0,62,83,89,83,35,15,0,90,80
l18,3=0,0,0,0,0,0,70,0,39,64,61,0,69,86,0,55,83,64,99,0,87,86,71,72,86,0,98,0,0,0,57,79,56,0,32,0,0,0,0,21,78
l19,3=0,0,0,0,0,0,50,42,57,45,40,66,61,74,37,52,68,48,95,75,0,86,75,78,90,0,0,31,0,67,80,0,53,79,50,81,37,34,47,78,74
l20,3=0,52,0,0,0,0,0,55,57,60,75,58,70,77,63,64,86,84,57,74,87,0,75,78,86,0,87,0,0,73,76,84,63,72,57,59,59,54,78,90,81
l21,3=0,0,0,0,0,0,62,57,84,71,69,62,70,83,66,32,90,81,96,50,91,87,0,77,83,0,84,0,0,61,59,70,35,30,52,46,65,63,66,81,83
l22,3=0,0,0,0,0,0,64,49,68,67,71,0,73,74,64,0,85,65,78,63,93,88,75,0,86,0,74,36,51,60,62,49,57,67,0,59,53,58,19,90,80
l23,3=0,0,0,0,0,0,50,39,63,51,75,0,50,60,47,18,70,75,99,86,89,86,66,74,0,46,59,2,15,77,82,64,75,77,27,79,75,38,42,88,62
l24,3=27,65,26,44,0,48,64,50,0,66,53,66,76,66,96,46,91,57,0,0,15,3,0,33,0,1,87,0,92,75,87,73,61,50,0,88,50,94,90,32,25
l25,3=0,68,28,34,0,23,0,59,68,63,51,60,84,54,96,44,50,41,0,0,0,0,0,46,1,0,0,93,0,84,94,0,67,57,31,95,79,94,95,43,36
l26,3=0,0,0,0,0,0,0,0,0,0,0,0,0,0,0,0,34,20,98,0,87,84,74,59,87,0,0,85,82,0,100,0,99,97,100,96,93,89,98,0,0
l27,3=0,0,0,0,0,0,0,0,0,0,0,0,0,0,82,0,0,0,85,46,92,80,65,64,90,93,85,91,92,100,0,93,99,97,100,96,93,94,98,55,3
l28,3=0,0,0,0,0,0,0,0,0,0,0,0,0,0,0,0,26,3,54,63,55,73,53,65,88,0,82,66,68,100,100,92,0,97,91,96,93,94,98,41,29
l29,3=0,0,0,0,0,0,0,0,0,0,0,0,0,0,18,0,0,0,66,0,92,75,21,76,82,84,0,76,78,100,100,100,99,0,100,96,93,93,97,0,9
l30,3=0,0,0,0,0,0,0,0,0,0,0,0,0,0,0,0,0,0,79,13,60,63,54,0,11,94,100,0,69,100,100,100,95,97,0,96,93,88,83,0,0
l31,3=0,0,0,0,0,0,0,0,0,0,0,0,0,0,59,0,45,0,79,0,84,70,49,64,73,0,0,93,92,100,100,0,99,97,100,0,93,94,98,0,0
l32,3=0,0,0,0,0,0,0,0,0,0,0,0,70,34,47,0,54,0,33,0,28,73,72,56,80,67,99,91,92,100,100,99,99,82,67,96,0,94,98,12,0
l33,3=0,0,0,0,0,0,0,0,0,4,0,0,1,54,55,47,58,50,5,3,24,69,70,68,50,57,97,93,92,94,100,97,97,66,41,96,93,0,98,0,40
l34,3=0,0,0,0,0,0,0,0,12,0,68,0,53,44,40,36,52,30,0,0,31,80,71,45,63,31,100,93,92,100,100,100,99,82,39,96,93,94,0,48,30
l35,3=0,0,0,0,0,0,0,0,0,0,0,0,67,54,46,35,49,61,67,0,62,75,48,65,72,95,96,5,40,0,36,0,0,0,0,0,0,0,16,0,80
l36,3=0,0,0,0,0,0,54,0,54,60,57,0,69,75,61,27,51,57,52,52,63,75,64,65,56,79,93,22,44,0,0,93,2,1,0,0,0,44,6,90,0
l37,3=0,0,0,0,0,0,0,0,0,0,0,0,63,61,58,32,0,0,62,38,62,75,65,60,73,94,89,31,0,0,7,94,0,0,0,42,0,0,0,90,84
l38,3=0,0,0,0,0,0,13,0,55,0,53,59,80,74,76,31,84,73,54,9,77,86,75,74,65,95,98,34,48,0,0,98,0,0,0,38,0,0,0,90,81
l39,3=0,0,0,0,0,0,0,0,17,0,0,0,55,58,44,25,57,63,53,53,60,85,66,72,61,43,0,0,0,0,0,0,34,24,55,39,30,0,0,90,84
l40,3=0,0,0,0,0,0,0,0,0,0,27,0,50,31,43,0,41,46,55,36,38,65,57,59,67,36,0,0,0,52,0,0,0,0,0,32,0,0,0,83,74

l0,4=0,95,91,98,99,97,92,90,0,94,88,92,87,83,72,8,33,0,0,0,0,0,0,0,0,61,0,86,67,0,0,0,0,0,0,0,0,0,0,0,0
l1,4=93,0,94,98,99,98,92,89,94,97,92,96,0,71,52,79,75,2,0,0,0,60,0,0,0,14,0,59,32,0,0,0,0,0,0,0,0,3,0,0,0
l2,4=89,93,0,97,99,97,92,92,96,97,92,97,89,80,72,44,72,0,0,0,0,0,0,18,0,56,0,0,69,0,0,0,0,0,0,0,0,0,0,0,0
l3,4=93,95,82,0,99,98,92,86,87,92,88,91,84,83,70,80,0,0,0,0,0,0,0,0,0,53,0,84,63,0,0,0,0,0,0,0,0,0,0,0,0
l4,4=93,95,95,98,0,98,90,86,87,91,88,97,81,82,76,87,0,0,0,0,0,0,0,0,0,68,0,0,70,0,0,0,0,0,0,0,0,0,0,0,0
l5,4=89,95,94,98,99,0,89,90,96,97,92,96,72,44,0,0,0,62,0,0,0,0,0,0,0,39,0,91,51,0,0,0,0,0,0,0,0,63,15,0,0
l6,4=76,83,94,97,94,96,0,90,69,98,92,96,96,82,29,91,83,63,49,0,65,63,33,61,57,0,0,67,0,0,0,0,0,0,0,0,0,0,0,0,65
l7,4=76,62,82,84,84,96,89,0,96,97,92,96,93,86,79,92,69,72,0,0,69,68,76,40,67,67,0,78,58,0,0,0,0,0,0,0,0,0,0,0,0
l8,4=0,53,70,82,83,95,63,86,0,94,93,95,95,86,80,90,81,83,49,48,75,71,86,71,61,79,0,75,67,0,0,0,0,0,0,0,0,0,5,67,76
l9,4=74,73,82,84,83,93,89,90,93,0,94,96,86,86,73,92,79,76,0,47,75,63,72,64,64,87,0,59,65,0,0,0,0,0,0,0,0,0,0,0,63
l10,4=73,74,83,87,72,95,89,90,96,98,0,97,96,86,83,79,81,83,0,63,69,75,71,73,71,0,0,69,0,0,0,0,0,0,0,0,0,0,0,16,73
l11,4=74,73,82,90,94,95,88,90,96,97,92,0,96,85,84,88,78,80,53,0,74,67,75,64,65,64,0,0,50,0,0,0,0,0,0,0,0,0,0,0,65
l12,4=52,0,56,65,57,44,70,75,93,81,85,91,0,85,91,94,83,88,62,0,69,66,77,74,65,78,0,78,61,0,0,0,0,0,0,0,61,4,71,76,75
l13,4=47,5,51,60,62,0,3,78,82,82,87,86,97,83,0,90,93,89,10,0,0,73,73,79,0,85,0,97,95,0,66,0,0,4,0,81,83,87,74,74,83
l14,4=0,54,0,71,69,0,66,78,85,83,77,79,97,83,80,0,83,70,0,61,72,68,70,69,60,93,0,77,64,0,0,92,0,0,0,0,0,74,68,43,76
l15,4=1,28,31,0,0,0,68,59,76,73,71,57,90,74,93,83,0,91,67,77,63,83,87,83,75,90,0,82,72,0,50,0,56,0,0,65,54,63,59,58,81
l16,4=0,0,0,0,0,71,56,78,84,82,81,80,97,83,93,79,93,0,71,70,74,81,77,74,76,70,0,78,68,0,44,91,0,0,0,67,36,68,74,76,80
l17,4=0,0,0,0,0,0,40,0,42,0,0,44,57,67,28,0,74,56,0,96,85,77,91,85,94,66,0,0,0,79,64,50,51,50,58,76,58,47,51,74,78
l18,4=0,0,0,0,0,0,0,0,38,54,56,0,0,65,0,56,77,59,97,0,85,75,86,83,91,0,90,0,0,0,0,95,63,0,0,68,0,0,0,0,72
l19,4=0,0,0,0,0,0,50,56,61,58,54,52,54,58,0,59,66,51,77,74,0,86,91,90,93,0,0,0,0,57,67,48,56,78,59,60,26,58,59,50,76
l20,4=0,12,0,0,0,0,47,60,67,54,68,48,65,63,63,71,92,79,84,66,93,0,92,90,87,0,87,0,30,49,38,93,61,55,48,64,71,8,64,74,87
l21,4=0,0,0,0,0,0,31,61,85,71,69,67,88,68,73,77,86,69,89,87,89,86,0,86,85,40,77,0,38,48,43,74,0,46,8,58,76,57,62,63,86
l22,4=0,0,0,0,0,0,48,1,71,64,68,52,68,60,70,66,75,56,77,73,94,87,90,0,80,45,72,50,0,64,64,60,58,56,54,60,64,67,35,45,77
l23,4=0,0,0,0,0,0,49,53,54,58,61,51,60,53,4,56,76,59,97,89,94,80,84,85,0,4,85,44,36,67,72,53,64,63,52,70,73,64,54,64,68
l24,4=57,5,0,62,0,56,43,77,78,77,76,0,93,84,93,93,89,67,0,0,0,0,0,42,15,45,88,0,95,76,68,93,68,61,17,86,100,100,100,38,33
l25,4=61,14,56,53,68,39,0,67,79,87,0,64,78,85,93,90,70,66,0,0,0,40,45,4,45,0,0,97,0,60,95,0,86,91,86,93,100,100,100,35,63
l26,4=0,0,0,0,0,0,0,0,0,0,0,0,0,0,0,0,0,0,90,0,87,77,72,85,88,0,0,88,68,0,96,0,99,99,100,100,100,97,100,55,75
l27,4=0,0,0,0,0,0,0,0,0,0,0,0,0,68,82,0,52,7,89,0,89,58,57,85,89,97,88,83,89,95,0,97,99,99,92,100,100,100,100,80,0
l28,4=0,0,0,0,0,0,0,0,0,0,0,0,0,0,0,0,75,1,72,50,92,84,0,85,93,0,68,75,82,95,96,95,0,99,100,100,100,100,100,0,43
l29,4=0,0,0,0,0,0,0,0,0,0,0,0,0,0,2,0,0,0,83,0,94,75,61,86,88,60,0,77,83,95,96,95,99,0,100,100,100,100,100,0,23
l30,4=0,0,0,0,0,0,0,0,0,0,0,0,0,0,0,0,0,0,85,0,84,70,0,80,82,95,96,0,78,95,96,96,99,99,0,100,100,100,86,0,0
l31,4=0,0,0,0,0,0,0,0,0,0,0,0,0,0,92,0,91,50,95,48,93,74,60,53,93,0,0,97,95,95,96,0,99,99,100,0,100,100,100,2,0
l32,4=0,0,0,0,0,0,0,0,0,0,0,0,96,3,92,0,66,17,83,0,53,68,68,57,92,86,99,97,95,95,96,99,99,99,100,100,0,100,100,0,0
l33,4=0,0,0,0,0,44,0,0,0,0,0,0,0,71,93,86,65,53,47,0,77,14,56,55,65,91,99,97,95,95,96,99,99,99,100,100,100,0,100,0,38
l34,4=0,0,0,0,0,41,0,0,32,0,0,0,90,44,87,67,62,64,61,0,87,68,62,44,24,86,100,97,95,95,96,100,99,99,88,100,100,100,0,30,0
l35,4=0,0,0,0,0,0,0,0,54,0,0,0,70,44,51,15,56,52,60,0,60,68,60,41,57,93,100,25,6,38,37,0,0,0,0,0,0,0,0,0,86
l36,4=0,0,0,0,0,0,40,0,56,45,49,24,67,57,66,66,75,70,67,47,80,74,80,79,57,100,100,14,31,35,0,100,0,3,0,0,0,25,0,82,0
l37,4=0,0,0,0,0,0,0,0,0,0,45,0,59,14,45,52,62,53,67,61,65,76,75,64,58,100,97,0,0,0,0,100,1,0,0,49,0,0,4,87,86
l38,4=0,0,0,0,0,0,0,0,66,53,64,57,67,56,74,66,78,68,71,55,75,77,80,80,61,100,100,52,48,20,0,100,0,0,0,45,16,0,0,83,84
l39,4=0,0,0,0,0,0,0,0,51,0,0,0,53,0,54,55,72,59,74,50,71,77,81,77,64,35,55,0,1,35,27,2,42,46,29,58,16,10,0,77,86
l40,4=0,0,0,0,0,0,0,0,0,0,40,0,0,42,36,43,1,52,79,53,68,59,79,77,37,63,75,0,0,52,30,0,0,0,0,0,0,0,0,75,83

l0,5=0,89,90,96,93,92,88,84,42,92,89,81,39,81,54,0,21,0,0,0,0,0,0,0,0,0,0,29,0,0,0,0,0,0,0,0,0,0,0,0,0
l1,5=95,0,90,95,66,92,89,74,87,74,92,89,49,71,63,23,22,47,0,0,0,0,0,0,0,12,0,17,20,0,0,0,0,0,0,0,0,2,0,0,0
l2,5=95,89,0,95,91,92,89,84,46,92,95,89,47,71,51,30,16,0,0,0,0,2,4,0,0,31,0,0,33,0,0,0,0,0,0,0,0,0,0,0,0
l3,5=98,90,94,0,96,93,88,84,82,92,86,88,30,79,63,56,0,0,0,0,0,0,0,0,0,25,0,79,76,0,22,0,0,0,0,0,0,0,0,0,0
l4,5=99,86,95,96,0,93,88,80,32,90,89,89,0,84,79,41,64,0,0,0,0,0,0,0,0,31,0,80,32,0,0,0,0,0,0,0,0,0,0,0,0
l5,5=93,89,90,95,96,0,84,84,88,92,0,85,45,75,30,36,21,28,0,0,0,0,0,0,0,13,0,80,23,0,0,1,0,0,0,1,0,15,0,0,0
l6,5=99,90,95,77,71,80,0,90,79,93,96,92,64,74,44,15,64,58,0,41,51,28,62,51,28,2,0,18,0,0,0,0,0,0,0,0,0,0,0,0,2
l7,5=91,75,74,76,54,83,89,0,87,92,95,91,65,74,55,74,24,62,33,0,0,45,64,53,25,6,0,20,15,0,0,0,0,0,0,0,0,0,0,0,18
l8,5=19,25,45,49,30,55,79,68,0,54,95,90,83,88,62,25,27,82,48,36,54,56,71,62,30,23,0,24,20,0,0,0,0,0,0,0,0,0,34,32,24
l9,5=84,46,74,73,53,81,89,87,82,0,96,92,0,80,39,60,31,62,0,0,54,44,58,50,29,36,0,21,19,0,0,0,0,0,0,0,0,0,0,22,0
l10,5=95,88,88,52,82,0,89,87,91,93,0,92,80,88,68,71,26,89,29,32,9,59,67,68,31,31,0,22,17,0,0,0,0,0,0,0,0,6,0,28,22
l11,5=83,78,76,76,75,80,87,90,86,93,96,0,68,74,73,68,64,79,38,0,46,49,66,52,58,42,0,63,20,0,0,0,0,0,0,0,0,0,0,0,18
l12,5=19,17,23,8,11,25,79,57,87,2,90,83,0,86,88,89,52,89,34,44,27,56,64,60,35,27,0,27,20,0,0,0,0,0,0,0,6,28,21,35,26
l13,5=6,18,16,21,41,0,25,24,41,20,77,73,66,84,0,28,55,82,0,0,36,55,55,62,13,62,0,32,50,0,0,3,2,0,0,39,22,64,42,32,24
l14,5=0,18,23,31,33,25,52,62,43,48,77,64,84,84,76,0,29,88,34,41,50,48,77,64,0,88,0,53,20,0,0,39,0,0,0,7,0,24,29,35,25
l15,5=12,6,2,0,28,8,63,19,65,41,55,51,62,60,85,64,0,89,67,55,66,66,79,68,69,23,0,65,62,21,6,8,15,6,4,57,18,46,0,21,75
l16,5=0,16,0,0,0,20,56,40,46,40,73,68,77,84,85,85,86,0,60,20,56,69,73,56,38,42,42,28,26,0,29,72,0,0,0,30,19,26,52,33,28
l17,5=0,0,0,0,0,0,0,10,29,0,20,24,30,48,0,21,66,33,0,78,82,72,72,70,79,72,0,0,0,56,40,30,24,41,24,53,19,10,24,20,66
l18,5=0,0,0,0,0,0,24,0,24,0,19,0,40,27,0,19,63,1,79,0,52,58,78,64,78,0,70,0,0,0,0,38,10,0,0,0,0,0,0,18,9
l19,5=0,0,0,0,0,0,50,0,35,44,12,27,29,49,42,43,73,43,77,50,0,76,80,79,78,0,0,6,0,22,58,0,48,61,52,22,20,36,26,42,84
l20,5=0,0,0,0,0,0,18,11,25,16,52,27,47,51,55,21,77,66,73,47,85,0,81,79,71,4,26,8,9,27,0,25,40,24,13,0,51,18,52,40,75
l21,5=0,0,0,0,0,0,23,23,65,18,36,34,41,47,46,64,80,67,69,64,86,76,0,77,71,28,43,4,24,21,11,0,19,26,0,0,46,19,0,41,81
l22,5=0,0,0,0,0,0,24,15,38,14,51,25,39,52,50,53,74,31,72,53,86,76,77,0,73,54,38,6,6,60,43,0,21,25,22,24,9,19,31,35,80
l23,5=0,0,0,0,0,0,21,9,25,29,29,30,38,41,11,0,68,53,79,71,86,72,74,66,0,10,70,2,2,51,61,37,24,44,0,51,21,27,25,40,70
l24,5=27,6,0,35,46,16,31,15,26,38,70,76,31,32,72,30,34,58,0,0,18,33,22,14,0,1,63,0,86,39,27,63,27,16,57,46,33,78,87,0,1
l25,5=0,12,31,25,31,13,2,6,23,36,31,42,27,62,88,23,42,72,0,0,4,28,54,10,1,0,0,90,0,36,26,0,21,45,52,41,66,78,87,4,14
l26,5=0,0,0,0,0,0,0,0,0,0,0,0,0,0,0,0,42,0,70,0,26,43,38,70,63,0,0,35,35,0,97,0,89,97,91,88,92,67,86,18,4
l27,5=0,0,0,0,0,0,0,0,0,0,0,0,0,0,0,0,13,27,45,0,70,0,34,63,72,90,35,32,50,84,0,49,89,97,93,88,92,81,90,29,20
l28,5=0,0,0,0,0,0,0,0,0,0,0,0,0,0,13,0,59,0,36,19,65,61,47,48,52,0,35,53,52,84,97,30,0,97,93,88,92,81,90,8,12
l29,5=0,0,0,0,0,0,0,0,0,0,0,0,0,0,0,0,23,0,54,0,61,37,47,48,33,36,0,24,52,84,97,84,89,0,93,87,92,81,83,10,0
l30,5=0,0,0,0,0,0,0,0,0,0,0,0,0,0,0,0,0,0,52,0,40,34,0,60,0,26,97,34,44,84,97,97,89,97,0,88,75,80,66,0,0
l31,5=0,0,0,0,0,1,0,0,0,0,0,0,0,3,39,8,72,30,38,0,25,0,0,37,63,0,0,49,30,84,97,0,86,83,85,0,92,81,90,0,21
l32,5=0,0,0,0,0,0,0,0,0,0,0,0,19,0,24,0,28,31,24,0,35,56,60,19,33,21,89,62,53,84,91,86,76,69,80,88,0,81,90,14,0
l33,5=0,0,0,0,0,11,0,0,0,0,27,0,27,28,33,21,51,11,6,0,42,47,55,22,37,45,97,90,79,48,97,83,54,55,86,88,92,0,90,0,0
l34,5=0,0,0,0,0,0,0,0,22,0,1,0,22,16,27,17,0,44,33,0,37,50,0,22,33,52,91,90,85,84,97,85,89,52,66,88,92,81,0,0,0
l35,5=0,0,0,0,0,0,0,0,26,18,21,0,42,19,44,47,14,26,28,31,55,57,56,55,64,41,88,0,0,17,23,0,0,0,0,0,5,0,0,0,28
l36,5=0,0,0,0,0,0,0,0,19,0,36,22,56,53,32,58,71,65,64,0,64,59,73,66,68,66,92,0,5,0,10,92,0,0,0,11,0,0,0,39,0
l37,5=0,0,0,0,0,0,0,0,0,0,0,0,50,16,17,19,63,32,18,24,9,66,67,51,35,78,67,0,0,4,10,81,0,0,0,0,0,0,0,48,84
l38,5=0,0,0,0,0,0,0,14,0,13,54,24,57,55,66,51,72,64,29,33,66,69,73,63,25,87,86,10,9,0,0,90,0,0,0,11,9,18,0,47,79
l39,5=0,0,0,0,0,0,0,0,10,0,0,0,25,0,23,20,72,35,26,0,66,68,74,62,70,4,18,0,0,0,22,0,0,22,0,15,0,14,0,45,78
l40,5=0,0,0,0,0,0,0,0,20,0,0,0,0,0,0,17,38,24,48,24,59,27,48,60,66,14,4,0,0,16,0,21,16,0,0,14,0,0,0,42,78

l0,6=0,90,89,89,97,85,77,83,70,73,75,82,0,60,47,46,9,0,0,0,0,0,0,0,0,28,0,66,27,0,0,0,0,0,0,0,0,0,0,0,0
l1,6=89,0,90,87,97,89,79,77,74,65,80,79,0,47,46,65,60,40,0,0,0,0,0,0,0,0,0,56,0,0,0,0,0,0,0,0,0,0,0,0,0
l2,6=88,90,0,87,92,86,79,82,44,69,81,85,24,38,62,60,54,0,0,0,0,0,23,0,0,0,0,59,0,0,0,0,0,0,0,0,0,0,0,0,0
l3,6=89,90,90,0,97,89,68,83,58,69,69,82,21,48,45,43,6,0,0,0,0,0,0,0,0,38,0,0,51,0,0,0,0,0,0,0,0,15,0,0,0
l4,6=89,88,89,90,0,90,75,83,58,73,80,78,36,56,41,47,57,0,0,0,0,0,0,0,0,36,0,54,60,0,0,0,0,0,0,0,0,0,0,0,0
l5,6=87,90,89,88,97,0,75,83,79,76,63,69,32,48,49,53,45,0,0,0,0,0,0,0,0,35,0,57,49,0,1,22,0,0,0,33,15,0,0,0,0
l6,6=84,87,90,64,76,81,0,86,60,80,80,83,55,61,24,39,59,0,23,27,30,35,49,43,33,0,0,0,0,0,0,0,0,0,0,0,0,0,0,0,0
l7,6=84,84,77,81,79,82,79,0,75,82,84,89,68,61,48,69,44,51,0,27,0,24,39,40,26,0,0,39,0,0,0,0,0,0,0,0,0,0,0,20,0
l8,6=61,45,30,50,56,77,52,74,0,76,84,84,77,69,56,69,63,67,46,25,38,38,30,51,30,25,0,0,50,0,0,0,0,0,0,0,0,0,25,44,35
l9,6=77,69,77,65,74,80,76,79,73,0,84,85,64,64,46,70,63,36,37,0,37,59,45,34,40,22,0,41,30,0,0,0,0,0,0,0,0,0,0,0,27
l10,6=68,82,85,48,84,68,75,80,83,82,0,89,73,64,53,71,67,65,0,0,23,61,35,51,23,22,0,41,29,0,0,0,0,0,0,0,0,2,0,41,27
l11,6=83,83,85,74,69,73,79,86,79,82,84,0,69,61,51,70,66,46,23,0,30,39,46,40,43,22,0,54,34,0,0,0,0,0,0,0,0,0,0,0,29
l12,6=0,0,7,24,34,47,61,72,77,43,66,63,0,64,69,79,76,76,44,42,31,35,15,36,45,21,0,81,45,0,5,14,0,0,0,22,0,20,0,56,48
l13,6=38,2,8,38,36,35,22,50,41,16,34,25,46,45,0,74,76,77,14,0,32,38,0,51,45,50,0,82,79,21,0,4,5,0,0,23,15,39,46,34,16
l14,6=32,28,31,21,54,45,37,56,46,67,72,61,84,67,62,0,66,70,52,32,41,31,42,46,51,73,18,69,45,0,2,49,0,0,0,0,0,20,0,52,45
l15,6=2,16,6,0,22,17,46,11,41,52,58,51,56,52,65,60,0,77,55,41,50,63,50,57,59,41,0,43,42,34,12,0,22,0,0,47,46,48,14,54,61
l16,6=0,23,0,0,0,0,0,50,65,21,58,36,68,61,69,72,79,0,52,40,41,74,62,43,57,39,34,56,66,0,30,35,0,0,0,48,31,20,29,43,62
l17,6=0,0,0,0,0,0,22,0,18,17,0,14,20,47,18,48,59,39,0,61,64,67,56,64,76,76,0,0,0,51,20,43,34,32,15,59,26,24,20,54,43
l18,6=0,0,0,0,0,0,33,11,16,12,0,0,47,40,0,31,54,35,76,0,49,60,51,54,72,0,57,0,0,18,15,50,0,0,0,25,0,0,0,30,44
l19,6=0,0,0,0,0,0,20,0,17,16,8,21,20,29,21,32,51,20,74,28,0,74,56,69,78,0,11,0,13,22,48,34,32,62,33,49,21,22,20,71,43
l20,6=0,0,0,0,0,0,19,11,27,26,25,18,42,36,41,30,59,67,70,25,68,0,67,71,68,24,40,28,20,25,19,51,43,0,0,26,14,25,21,70,65
l21,6=0,0,9,0,0,0,31,16,38,19,17,22,12,8,20,58,63,67,69,37,73,79,0,71,67,25,60,24,20,0,18,52,31,11,0,11,16,0,22,63,63
l22,6=0,0,0,0,0,0,26,14,31,16,20,21,10,43,35,42,60,19,66,20,75,79,69,0,63,9,0,0,0,40,19,0,30,16,27,29,24,27,21,36,72
l23,6=0,0,0,0,0,0,24,8,9,37,8,25,32,41,18,56,61,63,75,56,67,67,56,65,0,0,56,4,0,26,38,52,17,53,37,59,24,35,16,69,53
l24,6=39,2,7,0,33,44,0,32,0,14,19,25,46,19,73,75,37,45,0,0,0,14,0,0,0,0,33,0,82,44,35,61,16,23,19,62,50,83,74,0,0
l25,6=28,0,0,38,36,35,0,0,25,22,22,22,21,50,73,41,39,76,0,0,24,25,9,0,0,0,0,88,0,51,38,0,32,33,25,31,52,85,77,25,15
l26,6=0,0,0,0,0,0,0,0,0,0,0,0,0,0,18,0,34,0,57,11,40,60,0,56,33,0,0,43,57,0,79,0,86,83,84,83,83,68,63,0,14
l27,6=0,0,0,0,0,0,0,0,0,0,0,0,11,0,0,9,16,26,48,34,59,47,10,55,60,88,43,62,57,74,0,62,86,83,85,83,63,92,91,26,20
l28,6=0,0,0,0,0,0,0,0,0,0,0,0,0,0,35,0,43,0,49,0,51,62,39,52,40,0,57,42,51,74,74,36,0,83,89,76,75,83,81,27,16
l29,6=0,0,0,0,0,0,0,0,0,0,0,0,0,0,0,0,0,0,49,0,51,0,18,48,64,51,0,41,42,74,75,74,86,0,83,76,75,81,61,35,0
l30,6=0,0,0,0,0,0,0,0,0,0,0,0,0,0,0,0,0,0,17,0,54,0,0,52,55,38,79,40,42,73,79,79,86,80,0,77,56,80,79,0,0
l31,6=0,0,0,0,0,22,0,0,0,0,0,0,14,4,49,0,35,43,50,34,51,52,0,52,61,0,0,62,36,74,79,0,86,68,67,0,83,92,91,33,30
l32,6=0,0,0,0,0,21,0,0,0,0,0,0,0,33,43,0,44,43,46,0,38,31,10,53,48,32,86,73,50,74,55,86,76,80,33,83,0,92,91,8,20
l33,6=0,0,0,0,0,0,0,0,0,0,6,0,19,39,74,12,44,14,32,0,41,27,0,53,49,33,83,91,53,72,79,68,86,80,50,83,83,0,91,0,3
l34,6=0,0,0,0,0,0,0,0,16,0,7,0,4,28,49,0,26,39,51,0,43,39,11,52,47,25,84,82,72,70,78,67,82,73,70,83,83,92,0,0,5
l35,6=0,0,0,0,0,0,0,0,14,0,8,0,40,9,24,28,44,15,32,9,52,61,41,28,61,31,83,0,13,0,10,0,0,12,0,21,0,0,0,0,67
l36,6=0,0,0,0,0,0,0,0,12,9,5,9,42,22,35,54,55,59,16,14,33,55,45,66,48,52,83,0,12,6,11,83,0,0,0,23,11,1,0,72,0
l37,6=0,0,0,0,0,0,0,0,0,0,0,0,42,0,20,37,53,36,29,15,50,26,48,44,41,85,68,0,0,0,0,92,0,0,0,0,0,0,0,74,74
l38,6=0,0,0,0,0,0,0,0,12,0,46,21,51,34,37,59,60,66,46,17,54,68,53,60,45,77,63,30,19,0,0,91,0,0,0,21,0,11,5,67,75
l39,6=0,0,0,0,0,0,0,0,0,0,0,0,21,1,15,25,49,24,24,17,41,36,54,61,61,25,0,0,0,20,0,33,26,19,14,25,0,20,0,71,68
l40,6=0,0,0,0,0,0,0,0,0,0,0,0,18,0,0,23,40,16,27,19,52,24,50,58,63,15,14,0,0,19,0,30,25,13,0,22,0,0,0,72,69

l0,7=0,95,87,93,93,90,87,88,76,85,83,88,48,73,41,0,0,0,0,0,0,0,0,0,0,8,0,55,4,0,0,0,0,0,0,0,0,7,0,0,0
l1,7=92,0,89,93,93,90,88,91,84,82,86,88,56,70,32,68,40,0,0,0,0,0,0,0,0,23,0,69,21,0,0,0,0,0,0,0,0,0,0,0,0
l2,7=92,95,0,93,93,90,88,86,80,87,86,88,52,27,39,70,29,16,5,0,0,0,0,0,13,0,0,79,0,0,0,0,0,0,0,0,0,0,0,0,0
l3,7=92,95,89,0,93,90,86,88,45,49,83,88,45,54,35,59,0,0,0,0,0,0,0,0,0,7,0,70,37,0,0,0,0,0,0,0,0,0,0,0,0
l4,7=92,94,87,93,0,90,85,87,67,84,47,64,0,63,0,0,33,0,0,0,0,0,0,0,0,21,0,76,1,0,0,0,0,0,0,0,0,0,0,0,0
l5,7=92,95,89,93,93,0,88,86,84,87,83,88,52,78,38,59,30,16,0,0,0,0,0,0,0,33,0,60,16,0,0,0,0,0,0,0,0,0,0,0,0
l6,7=71,90,87,70,78,89,0,92,77,87,84,84,67,73,0,67,56,49,55,52,42,55,54,61,35,24,0,0,12,0,0,0,0,0,0,0,0,0,0,0,0
l7,7=84,90,85,88,88,87,88,0,80,87,86,88,81,65,0,76,43,46,13,0,29,0,67,60,0,30,0,40,12,0,0,0,0,0,0,0,0,0,0,0,44
l8,7=57,52,22,1,46,86,58,75,0,57,84,84,83,78,48,81,38,28,11,41,56,67,71,68,0,45,0,56,20,0,0,0,0,0,0,0,0,11,0,21,56
l9,7=87,51,54,16,88,88,86,89,85,0,85,84,81,75,29,78,52,0,9,0,39,56,7,59,54,9,0,0,5,0,0,0,0,0,0,0,0,0,0,0,58
l10,7=79,89,81,50,78,80,86,89,85,88,0,88,82,78,0,79,51,23,1,42,29,70,75,66,39,10,0,67,13,0,0,0,0,0,0,0,0,0,0,45,23
l11,7=85,90,87,83,75,87,86,90,85,88,86,0,81,0,19,74,70,40,0,50,48,54,68,0,33,27,0,3,13,0,0,0,0,0,0,0,0,0,0,0,0
l12,7=17,26,5,0,0,47,34,68,86,37,52,58,0,78,87,84,72,27,19,0,50,66,71,68,57,82,0,79,29,0,0,0,0,0,0,6,5,13,0,57,58
l13,7=21,8,7,0,0,36,0,0,70,11,0,20,86,69,0,82,61,54,5,0,25,61,68,61,10,47,0,92,74,0,11,0,0,0,25,32,24,53,3,60,62
l14,7=0,35,20,13,0,51,27,68,83,58,52,56,86,75,53,0,42,28,17,5,51,69,80,74,57,91,0,79,23,0,0,19,0,0,0,18,0,0,0,0,63
l15,7=0,22,3,0,24,26,35,30,35,38,27,49,76,55,78,62,0,74,68,54,38,68,73,73,71,78,0,54,36,18,0,18,0,0,0,55,47,57,7,56,73
l16,7=0,0,10,0,0,52,28,62,68,0,26,39,76,73,91,80,84,0,19,49,64,82,81,64,60,45,27,55,15,0,31,54,0,0,14,46,34,32,0,58,70
l17,7=0,0,0,0,0,0,29,24,22,9,8,0,54,49,13,36,69,45,0,77,80,71,74,61,86,15,0,0,0,40,39,15,31,32,0,67,10,0,0,62,67
l18,7=0,0,0,0,0,0,58,0,31,0,41,35,0,53,0,16,62,40,84,0,70,71,66,41,85,0,30,0,0,4,16,70,0,6,0,33,0,0,0,63,61
l19,7=0,0,0,0,0,0,13,8,46,30,11,10,33,37,18,56,18,66,72,58,0,79,73,80,86,0,1,1,0,45,68,19,13,59,62,67,21,31,36,73,72
l20,7=0,0,0,0,0,0,12,0,30,21,27,6,43,51,18,61,65,67,68,58,84,0,87,86,85,0,54,6,3,22,37,68,55,22,0,25,11,37,11,73,72
l21,7=0,0,0,0,0,0,11,24,40,10,50,15,59,35,29,64,66,65,71,48,81,82,0,86,84,33,47,23,3,0,14,69,26,16,1,19,42,26,13,72,70
l22,7=0,0,0,0,0,0,20,22,49,26,53,0,60,54,56,63,68,27,59,18,84,82,87,0,81,30,0,0,6,63,52,43,23,31,41,51,20,43,13,72,80
l23,7=0,0,0,0,0,1,12,0,0,30,12,7,35,27,10,46,69,43,76,68,83,71,73,72,0,44,69,13,0,53,32,71,0,60,43,68,31,12,4,71,56
l24,7=13,28,16,7,48,48,0,18,33,0,13,1,85,39,55,78,45,21,0,0,2,26,44,0,9,0,78,0,91,19,45,75,25,30,43,71,57,57,51,33,26
l25,7=8,23,0,7,21,33,24,30,45,9,10,27,82,47,91,78,45,15,0,0,0,33,30,44,0,0,0,92,0,21,41,0,36,39,41,39,67,48,15,42,49
l26,7=0,0,0,0,0,0,0,0,0,0,0,0,0,0,0,0,27,0,30,1,54,47,0,69,78,0,0,49,25,0,83,0,84,84,87,87,93,75,76,28,57
l27,7=0,0,0,0,0,0,0,0,0,0,0,0,0,7,16,0,0,15,14,17,66,70,24,65,25,92,49,67,62,83,0,79,84,80,83,87,74,89,88,0,20
l28,7=0,0,0,0,0,0,0,0,0,0,0,0,0,0,9,0,0,0,44,0,46,72,70,69,0,0,25,62,48,83,81,18,0,84,90,84,69,82,72,0,48
l29,7=0,0,0,0,0,0,0,0,0,0,0,0,0,0,0,0,0,0,41,2,64,31,33,63,81,21,0,61,31,83,82,83,84,0,90,84,83,70,52,18,0
l30,7=0,0,0,0,0,0,0,0,0,0,0,0,0,0,1,0,0,0,0,0,57,0,0,61,56,41,83,49,25,83,82,83,84,82,0,87,82,75,68,58,0
l31,7=0,0,0,0,0,0,0,0,0,0,0,0,0,0,19,18,54,15,70,19,68,69,43,71,75,0,0,79,18,83,83,0,83,76,83,0,93,89,88,60,64
l32,7=0,0,0,0,0,0,0,0,0,0,0,0,21,34,25,0,70,19,12,0,33,41,54,69,27,36,84,67,77,83,50,83,47,80,60,87,0,89,88,8,21
l33,7=4,0,0,0,0,0,0,0,20,0,2,0,34,37,38,0,66,31,0,0,42,45,51,74,10,39,84,91,71,29,83,76,76,46,58,87,93,0,88,37,0
l34,7=0,0,0,0,0,0,0,0,7,0,0,0,0,0,18,4,49,7,0,0,43,45,53,74,21,41,87,73,68,69,83,83,47,42,55,87,93,89,0,56,46
l35,7=0,0,0,0,0,0,0,0,0,0,8,0,34,6,22,0,12,17,27,18,67,67,63,65,61,39,87,8,0,0,0,0,0,0,17,17,0,0,4,0,78
l36,7=0,0,0,0,0,0,0,7,24,14,3,0,26,0,27,51,59,48,48,24,65,61,61,85,32,67,93,6,2,5,0,93,6,0,0,17,0,0,1,79,0
l37,7=0,0,0,0,0,0,0,0,0,6,0,0,18,20,20,26,38,43,43,15,59,61,46,57,69,48,75,3,0,0,3,89,0,0,0,0,0,0,0,77,73
l38,7=0,0,0,0,0,0,12,0,24,4,48,5,63,52,35,65,58,66,35,10,56,69,67,69,33,15,76,12,35,6,0,88,0,0,0,14,5,0,8,69,81
l39,7=0,0,0,0,0,0,0,0,0,0,0,0,43,24,0,0,54,0,52,30,64,71,74,78,79,42,28,0,0,23,11,60,0,0,13,17,0,0,0,77,78
l40,7=0,0,0,0,0,0,0,0,0,0,0,0,17,17,0,32,61,27,37,26,72,33,70,73,66,49,57,0,0,22,7,64,14,12,0,17,0,0,0,75,73

l0,8=0,94,96,93,95,98,95,94,97,93,97,95,74,98,51,76,0,0,0,0,0,0,0,0,0,0,0,0,0,0,0,0,0,0,0,0,0,0,0,0,0
l1,8=84,0,96,95,95,98,97,99,89,88,95,98,66,56,0,83,79,0,0,0,0,11,0,0,0,0,0,88,0,0,0,0,0,0,0,0,0,0,0,0,0
l2,8=85,95,0,95,95,98,97,96,89,98,98,99,71,59,50,84,0,83,0,0,0,0,0,0,0,0,0,88,0,0,0,0,0,0,0,0,0,0,0,0,65
l3,8=86,95,96,0,95,98,95,59,95,92,98,96,0,60,54,87,6,0,0,0,0,0,0,0,0,43,0,90,89,0,0,0,0,0,0,0,0,0,0,0,0
l4,8=85,94,96,95,0,98,95,96,97,93,55,95,34,60,57,77,83,0,0,0,0,0,0,0,0,5,0,0,3,0,0,0,0,0,0,0,0,0,0,0,0
l5,8=86,95,96,95,95,0,14,96,98,98,98,97,65,98,58,77,79,84,0,0,0,0,0,0,0,55,0,85,88,0,0,0,0,0,0,0,0,0,0,0,0
l6,8=80,95,96,91,92,4,0,99,96,98,99,98,87,95,0,87,86,91,90,55,71,75,0,69,80,6,0,0,8,0,0,0,0,0,0,0,0,0,0,0,45
l7,8=70,95,87,56,92,94,97,0,99,98,99,98,94,99,42,84,87,95,80,0,77,69,63,53,0,39,0,25,80,0,0,0,0,0,0,0,0,0,0,0,83
l8,8=71,90,48,55,57,94,55,58,0,95,99,99,98,99,22,93,85,93,86,79,90,84,63,55,0,84,0,76,90,0,0,0,0,0,0,0,0,0,0,0,84
l9,8=80,85,91,52,89,94,97,96,94,0,99,99,94,95,47,93,82,57,46,0,75,82,50,49,51,23,0,81,8,0,0,0,0,0,0,0,0,0,0,0,71
l10,8=74,92,65,81,47,94,97,99,99,98,0,99,94,99,55,94,88,95,0,86,0,86,64,54,45,60,0,77,83,0,0,0,0,0,0,0,0,0,0,41,0
l11,8=80,93,96,91,92,98,97,99,99,98,99,0,94,95,48,92,86,95,91,80,88,85,64,0,57,38,0,0,74,0,0,0,0,0,0,0,0,36,0,0,0
l12,8=47,61,35,0,16,60,17,53,99,98,62,83,0,62,61,98,95,100,90,66,89,88,66,54,28,81,0,94,94,0,0,0,0,0,0,0,24,4,27,32,84
l13,8=46,0,22,16,25,93,0,1,26,43,41,33,79,63,0,98,95,100,48,0,0,90,66,52,0,57,0,99,100,0,0,44,0,25,23,54,92,74,42,47,84
l14,8=37,70,19,11,18,58,33,17,98,98,62,81,98,63,61,0,94,100,90,89,79,88,66,53,56,97,0,96,87,0,0,14,0,0,0,0,26,28,25,8,84
l15,8=0,35,0,0,15,26,47,39,55,62,74,63,98,52,97,90,0,97,95,82,93,90,93,92,95,92,0,90,71,42,0,0,0,0,0,64,71,52,46,78,86
l16,8=0,0,19,0,0,43,55,89,84,34,91,78,98,94,97,98,95,0,92,11,92,90,93,91,92,68,58,87,57,0,47,62,0,0,0,83,72,77,43,49,88
l17,8=0,0,0,0,0,0,38,36,41,20,16,70,62,72,26,60,79,54,0,97,90,76,91,60,96,47,0,0,0,51,55,61,31,8,0,55,23,22,50,61,60
l18,8=0,0,0,0,0,0,33,0,38,0,61,69,51,2,0,67,85,2,97,0,90,89,88,48,95,0,85,0,0,0,50,92,0,48,0,50,0,0,0,61,76
l19,8=0,0,0,0,0,0,16,20,41,22,3,43,49,44,0,25,85,73,93,80,0,90,88,92,95,0,0,0,0,52,72,80,54,55,53,82,23,25,55,67,86
l20,8=0,0,0,0,0,0,12,8,39,57,49,47,65,70,58,66,89,65,84,78,93,0,95,93,93,0,82,43,0,49,65,93,58,52,29,53,44,58,17,64,87
l21,8=0,0,0,0,0,0,0,53,41,34,63,66,79,70,60,78,87,65,94,70,88,91,0,92,91,8,81,36,8,50,27,86,21,34,30,55,27,66,0,83,86
l22,8=0,0,0,0,0,0,13,41,51,60,60,0,64,69,59,64,86,65,73,23,93,91,95,0,69,10,71,0,19,54,65,64,35,63,61,48,27,27,36,84,88
l23,8=0,0,0,0,0,0,19,0,0,43,28,28,25,59,0,60,86,64,95,87,93,86,88,64,0,29,84,0,0,54,23,43,59,75,27,82,21,0,17,62,61
l24,8=0,77,17,17,0,53,0,0,73,48,32,0,70,10,85,98,95,77,0,0,1,58,30,0,0,0,88,0,100,0,97,96,51,56,41,96,96,78,60,0,43
l25,8=0,0,0,43,5,55,6,39,84,23,60,38,81,57,97,92,68,47,0,0,0,8,10,29,0,0,0,99,0,91,67,0,46,95,39,96,76,99,59,14,52
l26,8=0,0,0,0,0,0,0,0,0,0,0,0,0,0,0,0,58,0,85,0,82,81,71,84,88,0,0,0,79,0,98,0,95,99,97,96,99,93,95,45,0
l27,8=0,0,0,0,0,0,0,0,0,0,0,0,0,26,0,0,0,32,58,40,89,85,48,89,42,99,0,99,82,96,0,95,95,99,99,96,99,99,96,2,22
l28,8=0,0,0,0,0,0,0,0,0,0,0,0,0,0,0,0,16,0,69,0,76,77,33,30,93,0,79,74,40,96,98,88,0,99,99,96,91,99,96,0,31
l29,8=0,0,0,0,0,0,0,0,0,0,0,0,0,0,44,0,0,0,0,57,82,75,51,67,94,91,0,72,73,96,96,96,95,0,99,96,90,92,95,32,0
l30,8=0,0,0,0,0,0,0,0,0,0,0,0,0,0,9,0,0,0,0,0,79,51,46,55,50,67,98,74,42,96,98,94,95,99,0,87,99,87,70,0,0
l31,8=0,0,0,0,0,0,0,0,0,0,0,0,0,44,14,0,62,61,92,80,93,86,64,43,96,0,0,95,88,96,94,0,95,99,92,0,99,99,96,19,41
l32,8=0,0,0,0,0,0,0,0,0,0,0,0,30,42,53,39,63,59,79,0,59,58,56,40,44,46,95,75,94,96,98,95,71,95,99,96,0,99,96,0,0
l33,8=0,0,0,0,0,0,0,0,0,0,0,16,1,44,57,47,63,74,61,0,49,62,93,43,0,95,99,76,95,95,98,99,73,96,62,96,99,0,96,8,0
l34,8=0,0,0,0,0,0,0,0,0,0,0,0,42,0,16,44,62,67,89,0,69,37,0,43,27,39,97,96,79,95,97,92,70,96,58,96,99,99,0,6,0
l35,8=0,0,0,0,0,0,0,0,0,0,36,0,40,0,41,8,53,42,56,44,51,60,54,64,51,96,96,0,11,36,0,0,0,16,0,17,0,6,0,0,87
l36,8=0,0,0,0,0,0,2,12,35,16,0,0,42,28,29,54,70,67,49,56,73,90,82,91,45,76,99,20,21,0,2,99,9,0,0,12,0,0,0,86,0
l37,8=0,0,0,0,0,0,0,0,0,7,0,0,28,25,38,24,51,50,61,28,58,85,48,79,71,99,93,0,0,0,0,99,0,0,0,0,0,0,0,86,84
l38,8=0,0,0,0,0,0,23,7,0,58,69,39,75,65,32,80,71,75,53,42,62,89,93,91,27,59,95,21,49,20,0,96,0,0,0,9,0,0,13,85,87
l39,8=0,0,0,0,0,0,0,0,0,0,0,0,52,4,1,41,57,44,73,64,66,73,88,89,76,14,45,0,0,29,26,19,0,0,0,0,0,0,2,85,89
l40,8=0,0,0,0,0,0,0,0,0,0,0,0,26,0,0,14,57,45,63,27,65,60,64,74,57,52,0,0,0,30,0,41,0,0,0,1,0,0,0,68,77

l0,9=0,100,100,97,100,99,88,93,88,95,96,93,40,95,66,0,0,0,0,0,0,48,0,0,0,34,0,71,83,0,0,0,0,0,0,0,0,0,0,0,0
l1,9=98,0,100,97,100,99,98,99,55,92,99,61,53,0,99,0,83,0,0,0,0,0,81,0,0,4,0,96,35,0,0,0,0,0,0,0,0,42,0,0,0
l2,9=98,100,0,97,100,99,100,99,70,98,99,99,57,67,0,99,76,0,0,0,0,19,0,0,0,0,0,98,0,0,0,0,0,0,0,0,0,0,0,0,0
l3,9=98,100,100,0,100,99,54,36,54,0,99,66,44,51,0,88,83,0,0,0,0,0,0,0,0,63,0,91,86,0,0,0,0,0,0,0,0,0,0,0,0
l4,9=98,100,100,97,0,99,100,61,70,97,99,99,46,68,90,10,85,0,0,0,0,0,0,0,0,35,0,88,85,0,0,0,0,0,0,0,0,0,0,0,0
l5,9=98,100,100,97,100,0,100,95,55,98,99,99,55,65,94,53,33,53,0,0,0,0,43,0,0,32,0,95,83,0,0,0,0,0,0,0,2,73,0,0,0
l6,9=98,100,100,97,100,99,0,99,97,98,99,98,96,100,99,99,98,99,65,0,60,96,92,94,98,0,0,0,5,0,0,0,0,0,0,0,0,0,0,0,20
l7,9=98,100,100,97,100,99,100,0,97,98,99,99,96,100,95,100,100,99,49,0,28,97,92,95,96,26,0,3,83,0,0,0,0,0,0,0,0,0,0,0,0
l8,9=36,98,96,58,35,32,73,59,0,98,99,85,96,99,95,100,100,98,47,31,38,96,91,98,0,56,0,94,93,0,0,0,0,0,0,0,0,41,10,33,49
l9,9=98,95,100,0,100,99,100,99,97,0,99,99,96,100,97,100,100,64,0,0,36,97,24,92,98,0,0,86,0,0,0,0,0,0,0,0,0,0,0,0,40
l10,9=55,99,100,65,34,35,59,99,97,98,0,99,57,100,100,100,100,93,47,32,0,78,90,94,87,37,0,86,73,0,0,0,0,0,0,0,0,0,0,33,19
l11,9=98,95,100,97,100,99,100,99,97,98,99,0,95,100,99,100,100,99,47,0,37,98,95,94,87,47,0,92,91,0,0,0,0,0,0,0,0,78,0,0,40
l12,9=3,69,96,16,11,26,33,36,56,98,71,61,0,68,100,100,100,100,50,9,34,98,95,97,98,47,0,99,94,0,0,12,0,0,0,11,53,51,45,35,47
l13,9=3,92,0,0,23,33,33,34,55,96,70,61,57,68,0,100,100,100,0,0,37,97,95,70,0,40,0,100,94,32,21,34,0,37,0,39,97,97,57,37,48
l14,9=0,0,66,9,19,7,33,36,56,98,71,62,96,92,100,0,100,100,50,24,26,97,96,97,98,63,34,99,92,0,0,53,0,0,0,0,78,51,0,0,49
l15,9=0,45,6,40,28,12,33,36,55,96,95,61,95,99,98,98,0,98,50,33,78,97,95,98,98,89,0,98,91,58,18,0,21,31,2,60,62,88,57,37,48
l16,9=0,0,0,0,0,30,33,36,55,94,68,61,96,68,100,100,100,0,50,0,60,97,95,98,98,65,52,92,93,0,23,64,0,0,0,45,58,90,45,11,67
l17,9=0,0,0,0,0,0,80,65,76,0,89,79,83,89,0,87,94,88,0,99,100,97,95,98,99,38,0,0,0,85,85,36,74,79,0,89,83,0,78,90,81
l18,9=0,0,0,0,0,0,0,0,61,0,96,7,75,74,0,98,98,0,100,0,98,97,95,96,98,0,69,0,0,0,56,68,4,58,0,78,6,0,0,59,94
l19,9=0,0,0,0,0,0,76,3,80,79,0,75,80,84,79,79,95,98,99,79,0,97,95,98,98,0,0,0,0,94,94,10,81,81,85,99,79,55,76,86,94
l20,9=0,0,0,0,0,0,26,27,41,87,32,60,91,97,94,97,97,97,98,92,99,0,96,99,98,0,99,75,36,89,20,100,31,26,30,89,80,65,80,97,95
l21,9=0,59,0,0,0,29,87,46,57,65,86,87,92,93,97,98,85,98,99,98,98,98,0,98,98,62,93,64,0,92,52,81,1,87,75,89,91,81,86,97,89
l22,9=0,0,0,0,0,0,49,27,88,87,88,57,88,52,66,91,82,91,93,39,99,98,96,0,92,0,94,0,0,91,91,59,57,92,47,90,0,73,0,97,95
l23,9=0,0,0,0,0,0,75,44,0,85,75,46,89,85,0,92,98,89,99,97,99,97,95,98,0,9,62,0,0,89,92,68,87,95,76,98,84,51,82,85,58
l24,9=5,61,42,47,18,31,0,0,48,57,36,45,57,38,100,100,100,66,0,0,0,63,49,0,0,0,66,0,94,0,35,100,27,37,26,45,99,60,59,0,24
l25,9=34,4,0,63,35,32,0,26,56,0,37,47,47,40,63,89,65,38,0,0,0,62,0,9,0,0,0,100,0,39,0,0,1,45,0,47,61,64,35,0,0
l26,9=0,0,0,0,0,0,0,0,0,0,0,0,0,0,34,0,52,0,69,0,99,93,94,62,66,0,0,0,81,0,100,0,99,100,100,100,100,97,99,13,33
l27,9=0,0,0,0,0,0,0,0,0,0,0,0,0,0,41,0,52,35,50,17,99,91,81,93,97,100,0,96,0,100,0,61,99,100,100,100,100,97,99,12,27
l28,9=0,0,0,0,0,0,0,0,0,0,0,0,0,0,0,0,63,0,45,0,67,86,19,62,94,0,81,69,18,100,100,58,0,100,100,100,62,97,86,0,0
l29,9=0,0,0,0,0,0,0,0,0,0,0,0,0,0,42,0,62,0,40,3,93,73,92,96,98,39,0,50,84,100,100,100,99,0,100,100,66,93,98,0,1
l30,9=0,0,0,0,0,0,0,0,0,0,0,0,0,0,0,0,0,0,0,0,36,74,52,20,14,0,100,47,0,100,99,100,99,100,0,100,70,65,94,0,0
l31,9=0,0,0,0,0,0,0,0,0,0,0,0,12,34,53,0,64,36,68,10,100,81,59,68,100,0,0,61,58,100,100,0,99,100,100,0,100,97,99,3,18
l32,9=0,0,0,0,0,3,0,0,0,0,0,0,42,0,61,84,57,37,52,0,44,63,59,0,55,1,99,69,33,100,100,99,76,58,100,100,0,97,99,0,0
l33,9=0,9,0,0,0,30,0,0,4,0,1,42,46,37,63,84,64,38,0,0,27,64,60,62,46,45,100,65,58,39,100,100,78,60,63,100,100,0,99,0,0
l34,9=0,0,0,0,0,0,0,0,10,0,0,0,46,39,61,9,63,36,50,0,27,64,59,0,58,0,100,69,33,39,82,100,27,61,63,100,100,97,0,0,1
l35,9=0,0,0,0,0,0,0,0,32,0,42,0,65,42,66,0,85,71,78,21,85,96,91,98,70,47,100,0,0,67,14,0,0,0,0,18,0,0,0,0,95
l36,9=0,0,0,0,0,0,0,0,41,54,16,24,47,44,88,89,84,90,36,25,91,97,89,98,69,61,100,68,0,61,12,100,0,0,0,1,0,0,0,97,0
l37,9=0,0,0,0,0,0,0,0,30,10,0,0,38,0,59,0,81,87,58,25,56,96,18,94,61,64,97,2,0,1,0,97,0,0,0,0,0,0,0,97,95
l38,9=0,0,0,0,0,0,16,1,48,70,85,41,93,86,90,91,95,89,54,0,54,97,95,98,78,35,99,59,76,0,5,99,0,4,0,42,1,0,35,97,95
l39,9=0,0,0,0,0,0,0,0,0,0,0,0,0,26,19,50,81,84,91,74,90,97,95,94,95,0,13,0,0,0,31,3,0,10,0,64,0,0,26,97,95
l40,9=0,0,0,0,0,0,0,0,0,0,0,0,72,0,45,64,77,75,82,65,87,91,90,92,87,0,33,0,0,44,0,18,39,0,0,0,0,0,0,93,88

l0,10=0,96,98,96,98,94,89,93,92,61,93,93,3,40,38,0,0,0,0,0,0,0,0,0,0,31,0,0,55,0,0,0,0,0,0,0,0,0,0,0,0
l1,10=96,0,98,96,98,98,92,93,54,60,92,88,50,44,54,48,0,43,0,0,0,0,33,0,0,15,0,0,54,0,0,0,0,0,0,0,0,3,0,0,0
l2,10=96,96,0,94,95,98,95,93,92,94,95,94,47,88,48,51,61,74,0,0,0,66,66,39,0,1,0,0,36,0,0,0,0,0,0,0,0,0,0,0,31
l3,10=96,96,93,0,98,98,92,93,57,60,92,89,38,44,0,0,0,0,0,0,0,0,0,0,0,65,0,55,55,0,0,0,0,0,0,0,0,0,0,0,0
l4,10=96,96,98,96,0,98,92,93,91,89,92,91,0,85,72,67,0,0,0,0,0,0,0,0,0,33,0,3,80,0,0,0,0,0,0,0,0,0,0,0,0
l5,10=53,96,98,96,98,0,95,57,92,97,92,95,42,42,50,50,0,0,0,0,0,0,0,0,0,33,0,32,55,0,0,6,0,0,0,9,0,0,0,0,0
l6,10=82,93,98,89,92,94,0,93,92,97,93,93,73,79,49,85,81,81,76,0,54,74,66,71,54,0,0,12,0,0,0,0,0,0,0,0,0,0,0,0,16
l7,10=93,93,90,92,91,91,92,0,92,97,95,95,85,88,57,56,45,79,79,0,57,79,67,61,44,17,0,0,47,0,0,0,0,0,0,0,0,0,0,0,0
l8,10=56,53,88,80,53,94,92,93,0,93,95,93,88,89,54,87,45,90,74,9,81,77,76,81,46,27,0,47,49,0,0,0,0,0,0,0,0,13,0,0,45
l9,10=45,59,93,69,37,94,92,95,92,0,95,95,85,88,49,87,54,80,49,0,62,73,62,63,45,16,0,33,39,0,0,0,0,0,0,0,0,0,0,0,0
l10,10=93,54,92,91,53,92,91,93,92,94,0,93,87,88,61,56,40,72,72,56,51,75,81,70,32,0,0,0,0,0,0,3,0,0,0,0,0,0,0,45,0
l11,10=93,92,93,92,42,94,92,96,92,97,95,0,84,88,44,87,53,87,0,62,61,15,67,66,39,56,0,0,39,0,0,0,0,0,0,0,0,0,0,0,38
l12,10=0,33,74,50,0,10,82,55,57,60,92,79,0,92,62,90,47,96,58,65,72,82,81,81,43,53,0,51,55,0,0,0,0,0,0,0,9,0,42,57,53
l13,10=12,39,37,0,8,11,58,26,23,35,92,50,92,51,0,56,53,96,32,0,73,78,74,71,0,41,0,95,66,65,0,0,0,1,0,32,0,61,25,0,50
l14,10=0,59,68,0,54,85,83,79,91,89,86,88,93,92,82,0,87,92,2,50,82,82,82,82,83,93,23,82,70,0,0,43,0,0,0,0,0,0,16,0,0
l15,10=0,0,41,0,0,0,76,35,21,54,65,65,43,88,93,90,0,94,80,65,84,86,90,69,89,37,0,48,39,0,50,0,0,0,5,47,36,49,77,84,51
l16,10=0,7,39,0,0,0,74,31,55,48,72,80,93,50,93,90,88,0,77,0,85,86,90,87,54,22,0,54,58,0,43,20,0,0,0,46,34,53,40,3,53
l17,10=0,0,0,0,0,0,71,70,75,75,76,6,69,70,67,27,84,75,0,97,89,80,90,85,94,88,0,0,0,78,68,64,77,0,0,76,72,1,61,71,74
l18,10=0,0,0,0,0,0,0,0,48,0,85,76,79,79,5,74,85,0,96,0,90,87,91,87,93,0,78,0,0,0,70,71,6,1,0,0,0,0,0,86,83
l19,10=0,0,0,0,0,0,55,33,78,70,64,63,59,73,73,69,74,74,94,80,0,86,90,87,94,0,0,0,0,84,77,0,70,79,81,79,76,46,56,78,73
l20,10=0,0,0,0,0,0,64,61,68,69,69,0,73,77,71,70,87,83,75,82,90,0,91,89,90,0,83,54,29,67,70,61,74,67,69,73,72,68,60,78,86
l21,10=0,32,52,0,0,0,58,59,69,70,79,60,73,73,66,72,87,88,89,86,89,87,0,88,82,48,61,42,36,78,57,66,64,72,70,72,52,72,73,84,78
l22,10=0,0,0,0,0,0,62,31,77,68,71,59,66,66,63,70,64,88,81,66,89,87,91,0,89,21,82,9,0,83,63,45,69,80,72,80,65,0,65,87,85
l23,10=0,0,0,0,0,0,69,33,54,76,66,50,75,77,11,73,85,78,93,90,89,86,84,87,0,0,77,0,0,86,83,70,78,81,79,82,0,56,81,72,81
l24,10=0,0,0,74,5,7,24,0,17,24,24,0,50,37,93,40,31,89,0,0,0,61,22,48,0,0,79,0,90,69,51,55,42,38,74,63,80,94,82,0,23
l25,10=31,15,1,65,33,33,0,17,27,16,0,56,53,41,93,37,22,88,0,0,0,48,21,0,0,0,0,95,0,78,52,0,0,3,0,68,43,94,55,21,0
l26,10=0,0,0,0,0,0,0,0,0,0,0,0,0,0,23,0,0,0,78,0,83,61,82,77,79,0,0,36,65,0,88,0,86,88,95,94,90,82,88,50,32
l27,10=0,0,0,0,0,0,0,0,0,0,0,0,0,25,0,0,32,18,68,13,77,73,41,67,77,95,36,13,39,89,0,47,86,88,95,94,90,91,91,42,28
l28,10=0,0,0,0,0,0,0,0,0,0,0,0,0,0,0,0,0,0,77,8,57,81,75,73,54,0,65,51,0,89,88,78,0,88,95,94,82,90,87,3,0
l29,10=0,0,0,0,0,0,0,0,0,0,0,0,0,0,0,0,0,0,0,0,81,76,79,74,76,78,0,22,0,89,88,88,86,0,96,94,82,75,84,0,0
l30,10=0,0,0,0,0,0,0,0,0,0,0,0,0,0,0,0,0,0,0,0,42,58,43,74,44,52,88,32,0,88,88,89,86,88,0,94,88,66,87,0,0
l31,10=0,0,0,0,0,6,0,0,0,0,3,0,0,0,43,0,20,64,71,0,61,66,45,70,55,0,0,47,78,88,89,0,86,88,95,0,90,94,91,24,13
l32,10=0,0,0,0,0,0,0,0,0,0,0,0,27,31,0,0,25,68,67,0,63,74,38,69,0,0,86,87,41,89,89,86,76,86,96,94,0,94,91,42,0
l33,10=0,1,0,0,0,0,0,0,2,0,0,0,0,8,79,0,14,68,0,0,22,66,45,0,2,3,88,93,90,81,89,88,50,47,89,94,93,0,91,0,0
l34,10=0,0,0,0,0,0,0,0,0,0,0,0,38,30,41,27,45,68,45,0,61,63,44,68,26,0,95,85,50,86,89,95,50,47,87,94,93,94,0,0,0
l35,10=0,0,0,0,0,0,0,0,0,0,73,0,77,72,0,0,82,0,56,72,80,78,84,85,74,68,94,0,14,65,51,0,0,0,0,3,39,0,0,0,86
l36,10=0,0,0,0,0,0,15,0,53,0,0,43,76,72,76,0,81,77,72,58,80,84,82,86,78,43,90,28,0,50,22,90,0,0,0,1,0,0,0,89,0
l37,10=0,0,0,0,0,0,0,0,0,0,3,0,0,0,69,75,82,77,69,55,79,84,77,85,78,94,82,0,0,0,17,94,0,0,0,0,0,0,0,89,86
l38,10=0,0,0,0,0,0,0,34,39,46,68,36,77,72,78,79,85,80,70,0,82,84,90,87,72,55,88,18,63,0,0,91,0,0,0,0,20,0,43,89,86
l39,10=0,0,0,0,0,0,0,0,0,0,0,0,73,61,60,55,84,80,76,13,87,85,90,84,87,21,50,0,0,0,48,24,0,0,0,61,0,0,0,87,86
l40,10=0,0,0,0,0,0,0,0,5,0,0,0,40,0,35,70,46,68,82,9,88,85,73,86,84,0,32,0,0,13,0,13,0,0,0,40,0,0,0,87,82

l0,11=0,94,98,97,95,92,93,92,87,86,87,93,51,70,36,51,0,0,0,0,0,0,0,2,0,4,0,61,19,0,0,0,0,0,0,0,0,0,0,0,0
l1,11=99,0,96,97,95,92,93,92,27,49,86,92,80,48,51,65,65,0,0,0,0,0,11,0,0,11,0,83,46,0,0,0,0,0,0,0,0,0,0,0,0
l2,11=99,92,0,94,93,92,94,92,62,86,86,92,77,54,30,49,75,50,0,0,0,18,27,0,0,0,0,59,23,0,0,0,0,0,0,0,0,0,0,0,1
l3,11=99,94,89,0,95,92,93,83,48,47,82,77,29,43,50,49,0,0,0,0,0,0,0,0,0,38,0,87,67,0,0,0,0,0,0,0,0,0,0,0,0
l4,11=99,94,94,97,0,92,93,86,23,50,77,88,56,47,47,45,22,0,0,0,0,0,0,0,0,15,0,75,7,0,0,0,0,0,0,0,0,0,0,0,0
l5,11=98,94,96,97,95,0,93,88,87,88,86,93,7,77,55,32,65,0,0,0,0,7,0,0,0,19,0,86,68,0,0,14,0,0,0,11,0,0,0,0,0
l6,11=89,91,93,94,93,90,0,92,87,87,86,92,84,83,38,87,71,39,33,0,23,20,31,49,64,0,0,26,0,0,0,0,0,0,0,0,0,0,0,0,15
l7,11=94,90,93,92,92,82,93,0,87,91,88,93,88,84,3,54,45,47,36,0,23,42,42,58,60,0,0,58,0,0,0,0,0,0,0,0,0,0,0,0,0
l8,11=46,28,47,77,69,59,93,86,0,86,89,92,88,88,43,87,73,67,7,53,24,21,41,61,69,3,0,73,40,0,0,0,0,0,0,0,0,0,0,52,29
l9,11=90,52,77,69,92,90,93,92,87,0,86,92,88,84,33,86,76,52,0,0,18,3,33,58,8,12,0,0,28,0,0,0,0,0,0,0,0,0,0,0,0
l10,11=92,55,44,76,85,89,92,92,87,86,0,92,88,84,39,86,45,62,12,31,16,21,58,49,38,15,0,0,49,0,0,0,0,0,0,0,0,0,0,41,3
l11,11=94,90,93,56,87,90,93,92,87,91,89,0,86,84,37,87,59,60,39,38,62,13,46,57,34,14,0,36,52,0,0,0,0,0,0,0,0,8,0,0,26
l12,11=3,26,13,0,28,2,77,70,28,25,72,77,0,86,87,88,77,85,39,14,9,24,36,76,73,35,0,35,71,0,0,0,0,0,0,0,21,24,34,74,41
l13,11=9,24,0,63,35,27,64,0,4,12,51,43,91,40,0,73,75,71,20,0,13,20,0,63,39,43,0,94,79,2,54,0,0,0,0,17,20,49,72,27,39
l14,11=21,24,6,27,32,16,78,43,87,69,71,80,92,88,86,0,77,83,39,12,26,44,42,71,69,57,6,73,68,0,0,39,0,0,0,0,0,0,35,32,41
l15,11=0,14,24,0,20,16,69,21,21,18,17,37,80,79,73,88,0,89,40,39,25,79,77,64,77,36,0,64,64,28,36,0,40,2,0,30,26,45,66,69,63
l16,11=0,0,9,0,0,0,62,50,24,17,62,70,92,88,90,88,80,0,38,0,9,77,76,77,64,39,48,62,61,0,0,39,0,0,0,22,26,42,33,37,39
l17,11=0,0,0,0,0,0,68,66,4,25,62,72,68,68,62,70,68,70,0,92,89,74,76,72,85,14,0,0,0,72,69,12,72,0,0,76,61,0,0,65,61
l18,11=0,0,0,0,0,0,0,0,64,22,71,74,69,72,0,67,74,0,86,0,91,79,77,79,82,0,37,0,0,0,82,38,56,0,0,64,0,58,0,78,54
l19,11=0,0,0,0,0,0,64,57,67,55,64,74,63,71,65,72,68,51,81,78,0,79,77,78,85,0,0,0,55,79,83,4,68,74,67,79,42,36,63,72,63
l20,11=0,0,20,0,0,4,59,64,26,7,58,39,67,70,40,78,76,76,44,71,91,0,80,83,80,7,74,56,0,72,68,48,69,21,0,66,68,61,0,67,68
l21,11=0,9,17,0,0,0,52,54,60,51,79,63,67,68,0,69,75,77,80,72,89,79,0,83,71,4,64,44,52,68,61,65,63,63,30,66,0,0,27,65,63
l22,11=1,0,0,0,0,0,57,41,8,29,51,56,72,64,36,69,52,73,70,69,89,79,80,0,80,9,52,5,57,75,55,11,52,70,15,43,51,26,57,75,68
l23,11=0,0,0,0,0,0,63,59,58,11,54,39,72,48,35,66,72,70,85,84,91,77,73,73,0,56,65,0,1,81,74,61,78,72,65,80,0,36,69,69,54
l24,11=22,18,6,66,29,20,43,45,7,0,0,11,23,45,88,48,45,16,0,0,0,18,9,12,0,0,75,0,80,36,37,58,48,17,15,26,44,89,79,0,19
l25,11=4,11,0,38,15,19,0,0,3,12,15,14,35,43,57,36,39,14,0,0,7,4,9,56,0,0,0,94,0,38,37,0,40,18,0,26,27,69,41,26,15
l26,11=0,0,0,0,0,0,0,0,0,0,0,0,0,0,6,0,48,0,37,0,74,64,52,65,75,0,0,26,62,0,86,0,87,83,84,82,81,80,79,0,36
l27,11=0,0,0,0,0,0,0,0,0,0,0,0,0,0,62,0,48,0,53,22,79,62,38,57,69,94,26,48,61,83,0,48,86,83,84,82,53,80,79,0,0
l28,11=0,0,0,0,0,0,0,0,0,0,0,0,0,0,0,0,36,0,49,22,36,69,35,58,72,0,62,51,26,83,86,69,0,88,89,82,75,58,75,0,18
l29,11=0,0,0,0,0,0,0,0,0,0,0,0,0,0,0,0,3,0,0,0,75,34,47,68,72,38,0,33,41,83,86,83,87,0,89,82,81,80,79,24,0
l30,11=0,0,0,0,0,0,0,0,0,0,0,0,0,0,1,0,0,0,0,0,32,0,8,57,46,37,86,18,0,83,86,86,87,88,0,82,81,66,65,0,0
l31,11=0,0,0,0,0,14,0,0,0,0,0,0,0,0,39,0,39,12,38,4,48,65,11,61,58,0,0,48,69,83,86,0,82,83,81,0,81,86,81,29,0
l32,11=0,0,0,0,0,0,0,0,0,0,0,0,28,35,40,0,39,16,34,0,6,29,0,64,0,40,87,78,69,83,63,82,71,46,80,82,0,89,88,7,0
l33,11=0,0,0,0,0,0,0,0,0,0,0,0,31,26,74,10,40,17,0,3,8,18,0,58,38,18,83,94,51,50,88,83,61,77,24,82,91,0,88,0,4
l34,11=0,0,0,0,0,0,0,0,0,0,0,0,28,1,45,33,64,15,0,0,10,0,5,65,46,0,84,76,69,78,86,81,71,77,79,82,91,89,0,0,13
l35,11=0,0,0,0,0,0,0,0,8,0,43,0,74,27,13,33,71,33,44,53,79,59,72,76,69,26,82,0,22,0,0,0,0,0,0,28,0,0,0,0,75
l36,11=0,0,0,0,0,0,2,0,14,0,13,42,71,73,71,75,71,68,70,2,79,75,70,81,61,27,81,33,20,46,0,81,0,0,0,0,0,0,0,84,0
l37,11=0,0,0,0,0,0,0,0,0,0,0,0,35,0,68,71,19,52,25,14,36,77,65,80,77,69,80,21,0,0,0,86,0,0,0,0,0,0,0,82,72
l38,11=0,0,0,0,0,0,23,44,14,33,0,60,65,50,67,77,78,71,43,0,85,76,78,82,70,41,79,0,61,15,18,81,0,0,0,0,0,0,47,84,73
l39,11=0,0,0,0,0,0,0,0,0,0,0,0,71,63,31,61,74,71,71,67,85,77,75,77,79,26,0,0,0,64,0,29,61,0,0,67,29,0,0,77,72
l40,11=0,0,0,0,0,0,0,0,0,0,0,0,0,3,45,33,63,56,57,0,88,73,59,82,81,15,36,0,0,44,63,0,0,7,0,18,0,0,0,82,71

l0,12=0,99,98,95,94,98,92,98,89,92,86,86,88,89,0,1,49,0,0,0,0,0,0,0,0,0,0,11,2,0,0,0,0,0,0,0,0,0,0,0,0
l1,12=97,0,94,95,94,98,91,95,73,88,85,87,89,55,0,21,72,0,0,0,0,0,46,0,0,15,0,66,31,0,0,0,0,0,0,0,0,0,0,0,0
l2,12=97,95,0,90,94,98,92,94,87,88,84,91,69,62,37,53,82,67,37,0,20,30,34,41,0,25,0,45,41,0,0,0,0,0,0,0,0,0,0,0,0
l3,12=97,99,93,0,94,98,91,95,73,79,84,93,72,0,38,0,61,0,0,0,0,0,0,0,0,6,0,78,14,0,0,0,0,0,0,0,0,64,0,0,0
l4,12=97,99,97,95,0,98,91,95,72,88,49,92,0,57,47,0,5,0,0,0,0,0,0,0,0,30,0,6,37,0,0,0,0,0,0,0,0,0,0,0,0
l5,12=97,99,98,95,94,0,92,95,90,90,84,92,79,0,0,50,75,0,0,0,0,38,0,0,0,43,0,67,43,0,0,0,0,0,0,0,0,0,0,0,0
l6,12=93,95,94,90,92,94,0,95,90,88,84,91,93,90,44,83,76,48,14,9,65,54,47,58,70,0,0,0,0,0,0,0,0,0,0,0,0,0,0,0,23
l7,12=93,95,56,73,92,93,91,0,90,92,86,94,91,90,43,52,78,56,65,0,68,77,60,64,74,17,0,61,21,0,0,0,0,0,0,0,0,0,0,0,4
l8,12=80,52,49,54,69,80,89,95,0,89,86,92,93,94,51,76,82,77,36,23,75,69,66,59,65,29,0,57,25,0,0,0,0,0,0,0,0,0,2,18,25
l9,12=93,93,69,68,92,93,91,95,90,0,84,94,92,68,44,83,82,76,8,0,18,55,53,66,67,10,0,47,25,0,0,0,0,0,0,0,0,0,0,0,14
l10,12=93,95,92,71,69,93,90,95,90,88,0,92,92,90,41,83,82,77,5,46,57,79,76,47,41,6,0,46,22,0,0,0,0,0,0,0,0,0,0,0,15
l11,12=67,95,85,90,92,94,91,99,92,92,86,0,93,90,4,83,71,56,0,53,59,54,48,62,58,30,0,20,27,0,0,0,0,0,0,0,0,0,0,0,42
l12,12=43,50,9,28,0,32,88,82,83,54,52,82,0,94,51,84,82,84,31,0,40,78,75,74,52,65,0,69,44,0,0,0,0,0,0,1,0,15,23,47,57
l13,12=0,0,11,11,36,0,62,39,61,8,11,4,95,60,0,55,86,82,18,0,39,56,36,61,39,25,0,76,46,0,4,0,0,0,0,0,27,85,52,19,49
l14,12=0,1,37,0,0,60,81,67,89,76,72,86,95,94,80,0,82,83,59,28,75,79,72,67,70,80,0,64,41,0,0,0,0,0,0,41,27,38,18,34,52
l15,12=20,38,40,28,23,57,65,63,72,42,48,65,86,81,75,84,0,87,77,68,76,83,74,71,78,43,0,63,40,34,53,29,39,0,0,56,65,67,46,40,52
l16,12=0,0,35,0,0,27,52,61,77,64,77,54,95,94,84,84,87,0,57,0,80,83,78,76,62,63,58,68,38,0,0,62,0,0,0,52,57,58,38,38,44
l17,12=0,0,10,0,0,0,45,68,56,46,41,0,61,61,37,64,82,66,0,94,86,80,75,65,85,58,0,0,0,60,69,52,65,64,59,70,62,58,20,68,65
l18,12=0,0,0,0,0,0,49,0,63,1,73,67,0,63,0,67,80,0,87,0,86,81,73,75,85,0,36,0,0,21,63,49,0,0,0,67,1,0,0,78,0
l19,12=0,0,0,0,0,0,62,70,69,27,67,62,68,0,69,69,69,71,83,77,0,83,75,76,85,0,1,0,0,79,76,63,76,81,74,78,78,58,72,72,76
l20,12=0,0,0,0,0,15,45,64,53,26,75,42,75,71,29,78,79,82,80,72,86,0,78,78,82,0,74,22,0,65,59,74,69,0,0,66,0,59,55,78,81
l21,12=0,27,6,0,0,0,51,60,56,32,78,50,72,66,36,75,80,82,83,62,86,83,0,78,77,0,70,44,29,59,59,68,58,58,53,59,57,56,36,81,66
l22,12=0,0,3,0,0,0,54,56,46,57,34,56,72,59,36,63,68,67,73,61,86,83,78,0,81,29,50,20,28,62,60,42,44,66,0,59,59,0,56,80,81
l23,12=0,0,0,0,0,0,60,65,55,62,59,53,64,60,56,64,70,61,87,80,86,75,63,71,0,54,62,0,1,75,62,65,75,70,64,75,56,58,61,67,60
l24,12=8,33,12,51,33,42,0,36,38,16,24,30,76,32,83,44,73,61,0,0,0,51,39,40,0,0,76,0,76,7,49,71,42,35,69,69,84,87,40,0,17
l25,12=0,15,25,6,30,43,0,17,29,10,6,30,65,25,80,43,63,58,0,0,0,0,29,54,0,0,0,90,0,12,0,0,40,41,1,81,66,61,52,16,16
l26,12=0,0,0,0,0,0,0,0,0,0,0,0,0,0,0,0,58,0,36,1,74,70,50,62,76,0,0,59,36,0,82,0,85,86,88,83,82,74,76,25,38
l27,12=0,0,0,0,34,0,0,0,0,0,0,0,0,1,18,0,57,0,75,57,74,68,59,65,69,90,59,63,0,82,0,72,84,83,85,83,82,78,81,29,27
l28,12=0,0,0,0,0,0,0,0,0,0,0,0,0,0,0,0,55,0,53,0,72,70,27,56,75,0,36,69,38,82,83,66,0,87,92,80,77,73,76,0,3
l29,12=0,0,0,0,0,0,0,0,0,0,0,0,0,0,0,0,0,0,26,0,73,13,25,62,71,12,0,42,41,82,77,82,85,0,92,83,78,74,73,0,0
l30,12=0,0,0,0,0,0,0,0,0,0,0,0,0,0,0,0,0,0,0,0,65,0,0,0,67,0,82,72,0,82,82,83,85,87,0,84,82,77,79,0,0
l31,12=0,0,0,0,0,0,0,0,0,0,0,0,0,0,0,29,62,52,49,63,74,68,42,65,71,0,0,72,66,82,83,0,83,86,88,0,82,82,86,9,27
l32,12=0,0,0,0,0,0,0,0,0,0,0,0,0,0,21,34,65,62,38,0,68,40,42,64,38,40,85,78,65,82,82,83,78,83,84,83,0,87,87,6,0
l33,12=0,0,0,37,0,0,0,0,0,0,10,0,53,0,78,38,68,68,24,0,50,64,42,0,41,41,86,86,68,77,82,86,50,46,79,84,87,0,87,0,0
l34,12=0,0,0,0,0,0,0,0,1,0,0,0,53,18,71,37,67,60,20,0,64,64,40,60,46,1,88,60,66,82,81,88,78,78,80,84,87,87,0,13,0
l35,12=0,0,0,0,0,0,0,0,26,0,0,0,77,33,28,39,66,54,74,56,66,76,73,73,67,81,83,0,0,1,31,0,0,0,0,0,0,0,0,0,87
l36,12=0,0,0,0,0,0,2,0,27,12,26,39,76,47,70,71,76,67,74,0,80,79,67,74,59,66,82,39,13,25,20,82,0,0,0,24,0,0,0,84,0
l37,12=0,0,0,0,0,0,0,0,0,3,0,0,51,8,60,50,74,68,69,13,54,76,73,73,77,61,74,2,0,0,1,82,0,0,0,1,0,0,0,84,84
l38,12=0,0,0,0,0,0,35,57,38,23,0,46,0,58,68,73,83,74,61,54,76,79,70,74,73,52,76,0,0,0,45,86,0,0,0,22,0,0,38,84,86
l39,12=0,0,0,0,0,0,0,0,0,4,24,0,59,56,0,0,75,78,75,52,84,79,70,74,81,16,25,0,0,56,46,9,0,0,0,58,6,0,0,84,84
l40,12=0,0,0,0,0,0,0,0,0,0,35,0,1,44,0,37,59,47,64,48,82,79,65,74,80,16,38,0,0,0,51,27,2,43,0,0,0,0,0,84,84

l0,13=0,98,99,100,100,97,92,97,98,97,96,97,92,90,8,19,19,0,0,0,0,0,0,0,0,9,0,1,8,0,0,0,0,0,0,0,0,0,0,0,0
l1,13=100,0,99,100,100,97,91,43,91,94,96,96,89,0,66,0,39,0,0,0,0,0,10,0,0,52,0,82,83,0,0,0,0,0,0,0,0,0,0,0,0
l2,13=100,98,0,100,100,97,97,97,95,97,96,97,90,83,66,0,42,87,0,0,33,7,20,22,0,11,0,60,84,0,0,0,0,0,0,0,0,0,0,0,0
l3,13=100,98,99,0,100,97,97,95,95,77,93,97,89,88,78,0,32,0,0,0,0,0,0,0,0,8,0,0,90,0,0,0,0,0,0,0,0,81,0,0,0
l4,13=100,98,99,100,0,97,97,97,96,97,58,97,0,0,0,0,0,0,0,0,0,0,0,0,0,62,0,88,78,0,0,0,0,0,0,0,0,0,0,0,0
l5,13=100,98,99,100,100,0,97,92,97,75,96,97,86,86,68,40,41,0,0,0,0,0,0,0,0,76,0,86,82,0,0,0,0,0,0,0,8,81,0,0,0
l6,13=91,95,99,94,100,97,0,97,95,97,96,40,93,93,62,89,41,67,57,35,50,0,27,25,68,0,0,0,0,0,0,0,0,0,0,0,0,0,0,77,56
l7,13=95,40,96,92,98,94,93,0,97,97,96,97,92,93,64,86,57,92,85,10,47,48,31,25,73,0,0,83,21,0,0,0,0,0,0,0,0,0,0,0,73
l8,13=95,80,60,39,77,94,35,96,0,97,96,97,93,96,63,30,43,95,0,0,53,45,31,27,71,39,0,87,46,0,0,0,0,0,0,0,0,9,0,5,84
l9,13=96,95,96,40,96,94,96,97,97,0,96,97,93,93,54,53,42,88,84,0,44,44,0,27,75,51,0,82,87,0,0,0,0,0,0,0,0,0,0,0,80
l10,13=95,95,94,61,72,94,91,95,99,97,0,97,91,93,6,89,88,94,40,25,43,54,70,26,72,5,0,86,0,0,0,0,0,0,0,0,0,0,0,0,0
l11,13=95,95,96,92,97,95,34,97,97,97,96,0,93,93,57,89,40,83,51,46,49,44,31,24,52,27,0,0,68,0,0,0,0,0,0,0,0,20,0,38,83
l12,13=88,63,19,7,3,85,36,65,91,60,36,34,0,96,67,92,44,100,83,30,0,45,31,27,70,92,0,87,85,0,0,0,0,0,0,0,0,76,80,70,85
l13,13=0,63,19,6,0,82,31,52,86,30,0,19,96,92,0,31,45,100,0,0,48,42,27,0,69,86,0,94,99,0,77,0,0,2,13,0,3,95,96,22,31
l14,13=32,0,0,0,0,89,35,66,95,59,59,36,96,96,82,0,95,100,85,50,52,49,31,26,72,83,0,89,91,0,0,58,0,0,0,0,15,80,67,85,86
l15,13=34,46,41,5,26,80,28,58,90,55,42,32,93,95,98,92,0,99,90,51,50,48,57,52,78,31,0,77,85,57,65,0,53,0,0,4,23,86,85,84,89
l16,13=0,0,35,0,1,0,21,54,88,48,37,26,96,96,99,92,95,0,81,44,55,94,92,29,65,31,24,92,85,0,0,25,0,0,0,22,26,88,80,84,85
l17,13=0,0,0,0,0,0,23,76,0,75,43,23,81,77,26,75,93,80,0,97,94,88,92,82,92,32,0,0,1,0,81,10,78,67,40,79,0,59,74,85,74
l18,13=0,0,0,0,0,0,72,35,0,0,81,87,83,87,0,83,88,89,94,0,92,91,89,92,90,2,0,0,0,82,76,70,1,0,0,82,0,0,0,86,15
l19,13=0,0,3,0,0,0,40,44,71,44,26,35,0,68,57,74,80,81,92,80,0,94,92,93,92,0,32,0,0,78,78,28,72,83,38,80,72,0,70,82,91
l20,13=0,0,0,0,0,0,0,51,67,42,79,24,70,86,72,85,84,98,91,93,93,0,92,94,88,2,68,0,59,75,72,84,69,0,30,85,21,54,84,93,91
l21,13=0,6,0,0,0,0,19,58,84,0,89,47,95,91,68,85,93,98,92,47,93,94,0,94,87,40,74,64,64,77,80,84,61,76,0,49,9,69,78,86,91
l22,13=0,0,15,0,0,0,36,38,68,56,35,34,86,48,0,35,93,83,68,80,93,94,92,0,81,21,61,51,0,85,85,66,64,71,38,25,22,0,65,93,91
l23,13=0,0,0,0,0,0,72,67,75,74,72,47,74,85,77,71,91,73,93,95,94,91,91,84,0,0,73,55,43,85,80,13,86,80,2,92,82,60,68,85,90
l24,13=2,51,0,0,72,78,0,50,83,48,33,0,88,88,99,26,28,35,0,0,0,0,24,20,44,25,80,0,99,75,77,84,85,66,27,1,32,95,90,0,0
l25,13=9,52,11,8,62,76,0,0,39,51,5,27,92,86,83,31,31,32,2,0,2,40,21,0,25,0,0,94,0,60,79,0,80,83,26,1,5,94,96,38,25
l26,13=0,0,0,0,0,0,0,0,0,0,0,0,0,0,0,0,24,0,0,32,68,74,61,73,80,0,0,70,48,0,95,0,92,92,94,93,86,86,77,0,23
l27,13=0,0,0,0,0,0,0,0,0,0,0,0,0,0,70,3,24,0,71,39,66,66,75,73,67,94,70,69,54,86,0,77,92,92,93,93,91,90,91,26,6
l28,13=0,0,0,0,0,0,0,0,0,0,0,0,0,0,0,0,34,0,50,0,46,53,15,12,78,0,48,76,63,86,95,89,0,92,94,93,79,82,87,0,0
l29,13=0,0,0,0,0,0,0,0,0,0,0,0,0,0,23,0,0,0,42,0,55,1,39,39,55,60,0,70,70,86,87,86,92,0,94,93,92,78,90,0,0
l30,13=0,0,0,0,0,0,0,0,0,0,0,0,0,0,72,0,0,0,53,0,49,51,0,39,0,79,95,75,66,86,89,95,92,92,0,93,86,85,79,0,0
l31,13=0,0,0,0,0,0,0,0,0,0,0,0,0,0,58,0,25,10,70,28,84,84,66,13,84,0,0,77,89,86,95,0,92,92,94,0,93,96,96,17,7
l32,13=0,0,0,0,0,62,0,0,0,0,0,0,0,0,50,21,28,23,10,0,80,37,24,21,82,80,92,87,85,86,95,92,84,92,94,93,0,96,96,2,18
l33,13=0,0,0,7,1,62,0,0,0,0,0,9,74,59,79,23,30,32,59,0,0,37,24,0,56,83,92,94,96,86,95,92,91,92,64,93,93,0,96,0,0
l34,13=0,0,0,0,0,0,0,0,0,0,0,0,60,63,94,24,51,22,68,0,47,80,67,46,64,26,94,87,95,79,95,94,92,92,49,93,93,96,0,0,2
l35,13=0,0,0,0,0,0,8,0,0,0,0,0,75,40,30,31,80,72,84,38,84,91,80,93,80,1,93,0,58,0,57,0,0,0,0,0,0,0,0,0,92
l36,13=0,0,0,0,0,0,2,20,64,44,0,32,86,0,83,72,65,87,65,0,88,91,88,93,81,5,86,0,61,67,0,93,0,0,0,12,19,0,0,93,0
l37,13=0,0,0,0,0,0,0,0,0,0,0,0,73,60,79,72,75,81,70,69,83,87,91,92,83,94,86,0,0,0,4,96,0,0,0,62,0,0,0,93,91
l38,13=0,0,0,0,0,0,0,0,77,0,31,28,66,76,89,81,93,97,76,42,83,91,90,87,83,96,77,61,0,29,0,96,0,0,0,5,0,62,71,93,91
l39,13=0,0,0,0,0,0,0,0,0,0,0,0,79,67,51,0,93,88,86,48,92,90,91,93,84,38,0,0,0,73,59,17,0,0,0,22,0,0,0,93,91
l40,13=0,0,0,0,0,0,0,0,0,0,23,0,56,73,35,28,76,0,76,65,84,85,86,89,85,25,23,0,0,64,70,7,64,49,0,23,0,0,0,93,91

l0,14=0,100,100,100,100,100,100,100,100,100,100,100,60,72,56,93,0,0,0,0,0,0,0,0,0,0,0,95,0,0,0,0,0,0,0,0,0,0,0,0,0
l1,14=100,0,100,100,100,100,100,100,100,100,100,100,58,98,96,74,100,0,0,0,0,0,0,0,0,34,0,93,94,0,0,0,0,0,0,0,0,0,0,0,0
l2,14=100,100,0,100,100,100,100,100,100,100,100,95,80,79,100,80,59,0,0,0,0,0,19,0,0,0,0,31,0,0,0,0,0,0,0,0,0,0,0,0,0
l3,14=100,100,100,0,100,100,62,61,86,97,97,63,0,77,1,75,43,0,0,0,0,0,0,0,0,60,0,63,95,0,0,0,0,0,0,0,0,0,0,0,0
l4,14=100,100,100,100,0,100,100,100,86,100,100,100,60,81,94,80,0,0,0,0,0,0,0,0,0,36,0,99,80,0,0,0,0,0,0,0,0,15,0,0,0
l5,14=100,100,100,100,100,0,100,100,100,100,100,100,59,80,100,80,60,33,0,0,0,0,0,0,0,41,0,99,100,0,0,0,0,0,0,0,50,70,46,0,0
l6,14=100,100,100,100,100,100,0,100,100,100,100,100,97,98,100,100,80,0,97,0,87,98,95,100,98,0,0,48,0,0,0,0,0,0,0,0,0,0,0,0,77
l7,14=97,100,100,69,100,100,100,0,100,100,100,100,74,98,99,69,100,27,89,0,76,99,93,97,99,0,0,91,1,0,0,0,0,0,0,0,0,0,0,0,0
l8,14=91,60,84,68,64,100,100,100,0,100,100,100,59,98,99,100,59,62,22,0,85,99,99,100,89,70,0,94,89,0,0,0,0,0,0,0,0,90,0,93,53
l9,14=100,100,100,67,100,100,100,100,100,0,100,100,97,98,99,100,100,62,94,0,76,97,91,100,98,94,0,0,92,0,0,0,0,0,0,0,0,0,0,0,60
l10,14=91,100,100,63,70,99,100,100,100,100,0,100,97,98,91,100,100,63,88,89,75,100,100,91,9,99,0,83,87,0,0,0,0,0,0,0,0,8,0,46,74
l11,14=100,100,83,100,100,100,100,100,100,100,100,0,97,98,100,100,59,62,52,0,0,99,99,94,92,11,0,0,88,0,0,0,0,0,0,0,0,0,0,0,77
l12,14=44,31,82,0,49,39,62,62,78,97,99,59,0,98,100,100,81,100,39,0,83,98,97,99,97,60,0,98,97,0,20,0,0,0,0,0,92,98,87,99,77
l13,14=1,34,63,0,38,31,36,27,74,98,100,22,60,61,0,80,100,62,0,0,28,100,75,98,97,81,0,100,100,83,22,15,0,0,0,32,100,100,64,60,78
l14,14=78,49,84,66,64,63,84,30,100,100,100,60,97,98,100,0,100,100,0,96,85,100,100,100,98,100,84,99,100,0,33,49,0,0,0,93,0,0,64,100,77
l15,14=0,48,83,9,0,49,62,61,86,97,99,59,94,90,100,100,0,99,97,99,86,98,97,99,97,80,0,98,97,22,0,61,0,0,0,99,96,98,99,99,99
l16,14=0,0,0,0,0,40,1,5,86,97,99,59,97,98,100,100,100,0,97,0,87,100,100,100,97,59,1,100,97,0,0,96,0,0,0,0,97,98,93,99,77
l17,14=0,0,0,0,0,0,94,88,5,92,94,55,86,95,0,0,98,94,0,100,98,98,99,92,100,60,0,0,0,92,94,0,0,92,90,99,91,87,93,99,99
l18,14=0,0,0,0,0,0,0,0,0,0,99,0,35,0,0,98,98,31,100,0,98,98,97,99,98,0,59,0,0,98,0,79,0,0,0,90,0,0,0,0,98
l19,14=0,0,0,0,0,0,94,58,91,87,94,0,89,92,96,98,98,99,99,93,0,100,100,100,100,0,54,0,89,93,93,21,5,98,93,98,92,90,82,99,94
l20,14=0,0,0,0,0,0,89,90,97,97,99,97,94,91,99,98,98,99,97,99,99,0,100,100,97,24,92,89,96,97,97,62,97,91,98,99,88,79,99,99,98
l21,14=0,0,0,0,0,0,58,57,98,91,99,59,94,95,93,98,98,99,97,97,98,100,0,100,97,76,95,87,87,92,62,98,59,87,0,91,82,95,99,99,99
l22,14=0,0,0,0,0,0,97,81,96,89,89,58,94,94,96,97,98,99,86,99,98,100,99,0,97,53,93,0,0,97,97,81,97,97,89,96,89,59,86,99,99
l23,14=0,0,0,0,0,0,98,95,78,97,86,76,94,95,93,97,98,60,100,99,99,98,97,99,0,0,99,68,0,98,97,97,99,98,90,99,97,81,99,0,99
l24,14=59,33,0,19,59,42,23,48,83,0,93,0,60,81,100,77,57,61,0,0,0,57,56,5,66,0,100,0,100,91,58,97,48,85,96,99,99,100,100,25,69
l25,14=0,34,0,60,36,41,0,0,70,94,99,11,60,81,100,80,59,60,0,0,24,76,53,0,0,0,0,100,0,89,34,0,54,86,95,98,98,71,95,23,45
l26,14=0,0,0,0,0,0,0,0,0,0,0,0,0,0,84,0,1,0,59,54,92,95,93,99,100,0,0,96,91,0,100,0,100,100,100,100,100,100,100,0,98
l27,14=0,0,0,0,0,0,0,0,0,0,0,0,85,0,81,67,0,0,77,0,62,98,97,99,97,100,96,98,96,100,0,98,100,100,100,100,98,100,100,64,5
l28,14=0,0,0,0,0,0,0,0,0,0,0,0,0,0,70,0,0,0,0,0,12,88,73,67,88,0,91,63,82,100,100,84,0,100,100,100,85,98,100,37,0
l29,14=0,0,0,0,0,0,0,0,0,0,0,0,0,0,0,0,0,0,68,0,94,82,81,63,65,89,0,65,88,100,100,100,100,0,100,100,100,53,100,0,0
l30,14=0,0,0,0,0,0,0,0,0,0,0,0,0,0,0,0,0,0,59,0,77,92,0,80,73,34,100,79,75,100,97,100,100,100,0,98,92,98,90,0,0
l31,14=0,0,0,0,0,0,0,0,0,0,0,0,0,15,49,61,96,0,79,21,62,98,81,97,97,0,0,98,84,100,100,0,100,100,100,0,100,100,100,13,0
l32,14=0,0,0,0,0,38,0,0,0,0,0,0,55,0,100,7,58,60,74,0,62,93,81,96,97,54,100,99,93,100,100,100,99,100,100,100,0,100,100,0,75
l33,14=0,0,0,0,54,43,0,0,82,0,86,0,60,0,100,0,100,62,58,0,50,94,100,74,78,86,100,100,100,100,100,100,100,86,100,100,100,0,100,0,0
l34,14=0,0,0,0,23,36,0,0,0,0,0,0,55,0,100,69,100,59,73,0,31,99,96,85,95,95,100,100,100,100,100,100,100,100,90,100,100,100,0,0,52
l35,14=0,0,0,0,0,0,0,0,77,0,51,0,92,68,93,97,96,92,95,0,96,98,97,99,0,98,100,0,0,0,88,0,0,0,0,0,0,0,0,0,99
l36,14=0,0,0,0,0,0,52,0,0,18,93,59,94,78,96,95,98,68,95,73,91,94,97,99,96,98,100,93,65,86,0,100,0,0,0,0,61,0,2,100,0
l37,14=0,0,0,0,0,0,0,0,0,0,0,0,92,92,86,97,95,94,95,91,97,96,96,96,96,71,100,0,0,0,68,100,0,0,0,0,0,0,0,99,99
l38,14=0,0,0,0,0,0,0,0,95,0,96,5,93,93,100,98,96,99,95,0,98,99,97,99,97,95,100,95,0,0,0,100,0,0,0,16,0,92,96,99,100
l39,14=0,0,0,0,0,0,0,0,0,0,87,0,93,0,88,96,98,93,95,96,98,98,97,99,96,23,0,0,0,94,74,13,0,25,0,0,0,0,0,99,99
l40,14=0,0,0,0,0,0,0,0,0,0,77,0,12,1,94,0,94,71,96,89,97,97,97,99,94,45,98,0,0,74,84,0,90,0,0,91,81,0,0,100,98

l0,15=0,100,100,100,100,100,100,100,98,100,100,100,60,64,98,97,63,0,0,0,0,0,0,0,0,53,0,56,98,0,0,0,0,0,0,0,0,0,0,0,0
l1,15=100,0,100,100,100,100,100,58,98,100,100,100,0,100,100,100,99,0,0,0,0,0,0,0,0,0,0,97,0,0,0,0,0,0,0,0,0,0,0,0,0
l2,15=100,100,0,100,100,100,100,100,34,100,100,100,61,65,100,100,78,0,0,0,0,0,87,0,0,0,0,56,0,0,0,0,0,0,0,0,0,0,0,0,0
l3,15=100,100,100,0,100,100,91,100,98,59,100,71,61,64,100,100,0,0,0,0,0,0,0,0,0,53,0,57,100,0,0,0,0,0,0,0,0,0,10,0,0
l4,15=100,100,100,100,0,100,100,83,28,93,21,100,58,65,81,97,66,0,0,0,0,0,0,0,0,24,0,56,10,0,0,0,0,0,0,0,0,0,0,0,0
l5,15=100,100,100,100,100,0,100,76,60,99,100,100,60,65,96,100,1,97,0,0,0,0,0,0,0,60,0,19,100,0,0,0,0,0,0,0,0,57,0,0,0
l6,15=100,100,100,92,100,100,0,100,98,100,100,100,98,100,98,100,99,97,98,0,96,98,95,99,98,73,0,1,96,0,0,0,0,0,0,0,0,0,0,0,0
l7,15=100,63,100,100,100,100,100,0,98,100,100,100,98,100,99,100,99,8,94,2,95,55,97,75,99,0,0,51,0,0,0,0,0,0,0,0,0,0,0,0,64
l8,15=73,74,13,84,56,100,100,100,0,100,100,100,62,64,97,100,76,95,0,0,95,97,97,84,56,0,0,0,21,0,0,0,0,0,0,0,0,50,0,96,66
l9,15=100,100,100,8,100,100,100,100,98,0,100,100,97,100,99,100,99,100,97,0,0,98,95,77,54,93,0,55,97,0,0,0,0,0,0,0,0,0,0,0,0
l10,15=100,100,100,85,41,100,100,100,98,100,0,100,62,100,100,100,85,96,97,95,95,99,100,77,0,71,0,49,0,0,0,0,0,0,0,0,0,0,0,0,68
l11,15=100,100,99,83,100,100,100,100,98,100,100,0,98,100,99,97,96,6,97,9,93,97,96,33,56,71,0,55,96,0,0,0,0,0,0,0,0,0,0,0,0
l12,15=53,0,99,79,47,59,90,62,59,92,99,70,0,100,100,100,79,100,10,0,99,98,99,79,58,60,0,56,100,0,95,0,0,0,0,0,0,54,55,98,70
l13,15=50,76,63,52,37,55,71,62,59,92,100,71,98,65,0,100,99,100,94,0,98,63,61,65,58,65,0,97,100,99,99,0,9,0,44,98,63,58,66,0,59
l14,15=54,75,99,80,52,60,100,62,98,100,100,71,98,100,100,0,99,100,100,91,99,99,100,80,56,100,93,57,100,0,0,96,0,0,0,0,0,56,61,99,71
l15,15=44,72,57,0,40,20,90,62,56,92,99,70,98,64,100,100,0,100,99,98,99,98,99,100,58,100,0,54,97,78,89,1,29,0,0,97,56,58,62,98,99
l16,15=0,0,0,0,0,56,71,19,57,93,99,51,98,100,100,100,99,0,99,92,100,99,100,100,58,78,48,56,100,0,0,98,0,0,0,96,63,57,65,98,71
l17,15=0,0,0,0,0,0,85,68,0,89,94,83,25,92,81,90,99,96,0,100,100,91,100,98,100,100,0,0,0,93,94,96,0,90,93,96,89,0,75,95,92
l18,15=0,0,0,0,0,0,0,7,0,0,94,79,0,91,0,90,98,87,100,0,99,98,97,99,100,0,99,0,0,89,0,99,0,50,0,47,0,0,16,95,92
l19,15=0,0,0,0,0,0,82,57,91,0,92,58,96,93,90,94,98,99,99,95,0,99,100,100,100,0,79,0,3,94,92,0,89,98,91,95,57,62,84,95,94
l20,15=0,0,0,0,0,0,90,0,87,88,97,90,97,97,95,96,97,96,96,96,100,0,100,100,98,6,99,87,93,99,97,98,89,17,90,94,84,83,92,98,99
l21,15=0,0,31,0,0,0,58,68,95,80,97,91,98,92,82,99,96,99,99,86,99,99,0,100,99,60,99,48,85,89,91,63,89,89,0,29,53,96,96,98,99
l22,15=0,0,0,0,0,0,92,34,87,60,94,23,98,91,89,88,98,99,82,83,99,99,100,0,99,61,59,0,0,92,94,22,7,89,60,4,89,42,49,97,99
l23,15=0,0,0,0,0,0,93,92,89,72,27,92,95,95,93,93,97,92,100,98,100,98,98,99,0,0,100,0,0,99,96,0,93,92,96,95,96,93,96,95,97
l24,15=57,76,63,52,51,43,0,32,0,93,97,70,59,65,100,100,78,97,0,0,0,60,62,0,0,0,100,0,100,98,96,98,96,99,96,99,64,58,66,0,60
l25,15=53,0,0,53,24,60,73,0,0,93,71,71,60,65,100,100,78,100,0,0,6,60,61,0,0,0,0,97,0,100,100,0,98,100,98,100,64,58,66,86,58
l26,15=0,0,0,0,0,0,0,0,0,0,0,0,0,0,93,0,48,0,99,79,99,99,59,100,100,0,0,88,100,0,100,0,98,100,99,100,100,100,100,78,65
l27,15=0,0,0,0,0,0,0,0,0,0,0,0,93,67,97,22,88,0,99,0,94,98,87,99,99,97,88,88,99,100,0,96,98,100,99,100,100,100,100,75,0
l28,15=0,0,0,0,0,0,0,0,0,0,0,0,0,0,77,0,33,0,0,0,56,80,88,11,94,0,100,72,89,100,100,100,0,100,99,100,99,100,100,4,0
l29,15=0,0,0,0,0,0,0,0,0,0,0,0,0,0,0,0,0,0,95,0,99,69,90,99,61,100,0,57,96,100,100,100,98,0,99,100,100,100,100,0,0
l30,15=0,0,0,0,0,0,0,0,0,0,0,0,0,0,51,0,0,0,94,0,56,78,0,92,61,100,100,56,73,100,95,100,98,100,0,93,94,95,94,0,0
l31,15=0,0,0,0,0,0,0,0,0,0,0,0,0,0,96,1,98,96,99,0,98,63,22,0,98,0,0,96,100,100,100,0,98,100,99,0,100,100,100,26,0
l32,15=0,0,0,0,0,0,0,0,0,0,0,0,0,53,98,0,85,96,96,0,93,63,58,86,75,98,98,97,100,100,100,98,98,100,99,100,0,100,100,0,11
l33,15=0,0,0,0,0,65,0,0,53,0,0,0,85,0,100,100,99,100,0,0,98,61,62,62,93,100,100,97,100,100,100,100,98,100,99,100,100,0,100,0,5
l34,15=0,0,0,0,0,0,0,0,0,0,0,0,56,26,100,97,77,100,95,0,96,61,62,62,61,98,99,97,100,100,100,99,98,100,99,100,100,100,0,0,27
l35,15=0,0,0,0,0,0,0,0,47,0,0,0,91,63,1,88,83,73,80,63,90,95,97,91,72,100,100,0,66,58,48,0,0,0,0,0,0,0,0,0,100
l36,15=0,0,0,0,0,0,0,17,41,0,88,0,94,88,84,92,98,95,84,78,87,98,99,99,95,64,100,47,63,86,0,100,0,0,0,0,0,0,0,99,0
l37,15=0,0,0,0,0,0,0,0,48,0,0,0,91,89,86,83,93,89,88,0,89,98,97,97,97,58,100,0,0,0,1,100,8,0,0,0,0,0,0,98,99
l38,15=0,0,0,0,0,0,4,0,93,48,91,91,98,97,98,99,97,99,90,0,97,98,99,99,98,66,100,89,0,0,30,100,0,0,0,90,0,60,0,98,100
l39,15=0,0,0,0,0,0,0,0,0,0,48,0,62,52,63,62,84,0,80,66,94,98,99,92,89,86,78,0,0,49,71,26,3,0,0,0,0,0,0,98,99
l40,15=0,0,0,0,0,0,0,0,0,0,0,0,66,62,61,57,59,73,67,62,95,87,83,97,95,58,65,0,0,62,75,0,63,0,0,66,67,0,0,95,97

q0=0
q1=1
q2=1
q3=1
q4=1
q5=1
q6=1
q7=1
q8=1
q9=1
q10=1
q11=1
q12=1
q13=1
q14=1
q15=1
q16=1
q17=1
q18=1
q19=1
q20=1
q21=1
q22=1
q23=1
q24=1
q25=1
q26=1
q27=1
q28=1
q29=1
q30=1
q31=1
q32=1
q33=1
q34=1
q35=1
q36=1
q37=1
q38=1
q39=1
q40=1

a0=0x01
a1=0x02
a2=0x03
a3=0x04
a4=0x05
a5=0x06
a6=0x07
a7=0x08
a8=0x09
a9=0x0a
a10=0x0b
a11=0x0c
a12=0x0d
a13=0x0e
a14=0x0f
a15=0x10
a16=0x11
a17=0x12
a18=0x13
a19=0x14
a20=0x15
a21=0x16
a22=0x17
a23=0x18
a24=0x19
a25=0x1a
a26=0x1b
a27=0x1c
a28=0x1d
a29=0x1e
a30=0x1f
a31=0x20
a32=0x21
a33=0x22
a34=0x23
a35=0x24
a36=0x25
a37=0x26
a38=0x27
a39=0x28
a40=0x29

