n=41

l0,0=0,93,90,91,90,97,78,88,65,80,51,86,44,75,7,18,39,0,0,0,0,0,0,0,0,0,0,83,24,0,0,0,0,0,0,0,0,0,0,0,0
l1,0=88,0,85,92,88,97,86,53,37,78,55,88,41,73,53,0,47,0,0,0,0,0,0,0,0,0,0,44,0,0,0,0,0,0,0,0,0,23,0,0,0
l2,0=91,93,0,70,53,97,86,83,84,85,76,90,62,91,67,22,54,59,0,0,0,0,6,33,0,1,0,0,25,0,0,0,0,0,0,0,0,0,0,0,0
l3,0=90,83,52,0,91,97,54,84,58,67,46,72,0,75,68,0,24,0,0,0,0,0,0,0,0,46,0,82,40,0,0,0,0,0,0,0,0,8,48,0,0
l4,0=91,60,63,92,0,97,50,85,37,25,23,76,44,0,3,0,0,0,0,0,0,0,0,0,0,40,0,56,21,0,0,0,0,0,0,0,0,0,0,0,0
l5,0=90,93,74,88,91,0,54,79,29,79,57,87,11,74,57,27,22,47,0,0,0,0,0,0,0,0,0,0,0,0,0,0,0,0,0,0,0,57,0,0,0
l6,0=84,93,91,92,88,97,0,94,83,91,94,90,77,85,64,46,67,57,32,0,14,7,25,47,45,0,0,7,0,0,0,0,0,0,0,0,0,0,0,0,6
l7,0=89,10,84,89,88,95,86,0,93,91,94,90,93,93,60,26,0,56,28,0,10,6,21,32,5,5,0,31,12,0,0,0,0,0,0,0,0,0,0,0,2
l8,0=31,43,75,37,47,27,77,64,0,59,94,0,30,92,81,65,72,79,10,22,25,28,56,67,65,0,0,0,1,0,0,0,0,0,0,0,0,0,0,2,15
l9,0=87,93,82,86,11,96,86,94,88,0,94,90,82,93,82,0,69,79,18,0,0,25,18,47,57,0,0,0,17,0,0,0,0,0,0,0,0,0,0,1,0
l10,0=73,88,81,68,35,95,79,81,93,91,0,90,81,92,81,57,70,80,0,0,4,9,30,58,59,0,0,41,27,0,0,0,0,0,0,0,0,21,0,0,11
l11,0=80,93,91,72,87,96,84,94,25,91,94,0,89,93,70,71,47,61,31,0,18,0,40,0,21,0,0,5,9,0,0,0,0,0,0,0,0,0,0,0,5
l12,0=13,38,63,0,25,16,67,49,15,45,36,26,0,93,87,92,93,100,0,1,27,4,63,66,77,55,0,86,42,0,0,0,0,0,0,0,1,76,2,29,28
l13,0=0,2,16,9,2,5,65,27,50,42,30,4,91,88,0,92,94,90,0,0,5,34,43,50,1,87,66,93,66,13,0,0,0,4,2,11,0,85,82,29,12
l14,0=2,4,65,0,0,20,65,44,57,4,52,48,97,93,92,0,93,98,49,1,17,37,51,66,76,92,65,72,39,0,0,79,0,0,0,0,0,34,42,24,25
l15,0=0,3,60,0,0,0,70,15,54,42,30,5,95,31,90,87,0,99,73,23,28,40,71,84,82,60,0,58,12,5,1,0,0,0,2,20,0,83,72,31,28
l16,0=0,0,7,0,0,5,59,36,57,44,56,5,96,93,91,91,94,0,62,15,31,47,71,74,24,0,62,88,90,0,0,88,0,0,0,0,0,91,73,30,51
l17,0=0,0,0,0,0,0,50,52,46,15,1,46,9,79,0,69,91,83,0,87,98,55,71,84,96,93,0,0,0,60,72,0,76,78,26,70,46,0,60,71,58
l18,0=0,0,0,0,0,0,74,0,63,0,0,0,0,80,0,9,80,85,80,0,85,71,47,80,97,0,60,0,0,68,84,73,0,10,0,60,43,0,0,69,0
l19,0=0,0,0,0,0,0,61,65,52,2,12,58,85,88,49,56,91,81,79,55,0,72,44,86,96,0,40,0,34,94,89,29,64,79,60,84,47,57,63,78,80
l20,0=0,0,0,0,0,0,29,2,25,45,6,0,28,79,73,75,84,88,67,68,98,0,72,86,64,0,98,0,29,74,70,57,20,7,10,78,3,71,82,88,83
l21,0=0,0,0,0,0,0,43,1,75,9,32,60,85,93,64,49,92,90,79,49,40,74,0,86,64,14,64,18,26,8,76,45,23,51,21,27,55,47,0,88,83
l22,0=0,0,30,0,0,0,51,2,62,36,69,0,67,78,53,68,92,82,67,53,99,74,72,0,66,9,13,14,0,77,68,37,0,63,45,40,59,46,60,87,83
l23,0=0,0,0,0,0,0,4,0,52,31,52,1,76,93,40,58,91,70,79,86,98,71,70,84,0,0,85,2,1,84,92,28,97,59,65,92,72,40,50,86,42
l24,0=5,0,0,45,36,11,0,3,5,0,2,0,79,87,87,67,73,85,0,0,0,0,1,0,0,0,86,0,93,26,54,86,29,78,37,32,83,83,85,2,0
l25,0=0,0,1,46,40,0,0,5,0,0,0,0,55,87,92,60,0,93,0,0,0,14,9,0,0,0,0,93,0,63,12,0,27,87,37,23,45,91,90,0,0
l26,0=0,0,0,0,0,0,0,0,0,0,0,0,0,66,65,0,62,0,60,40,98,64,13,85,86,0,0,81,93,0,96,0,100,100,100,94,95,93,91,0,0
l27,0=0,0,0,0,0,0,0,0,0,0,0,0,0,0,27,0,59,10,51,29,93,40,65,54,78,93,81,92,87,99,0,91,100,100,100,94,95,93,91,37,15
l28,0=0,0,0,0,0,0,0,0,0,0,0,0,0,0,3,0,62,0,72,20,91,38,31,2,96,0,93,87,81,99,96,86,0,100,100,94,94,93,91,41,0
l29,0=0,0,0,0,0,0,0,0,0,0,0,0,0,0,0,0,19,0,72,21,93,9,41,73,56,63,0,37,76,99,96,99,100,0,100,94,95,87,86,45,0
l30,0=0,0,0,0,0,0,0,0,0,0,0,0,0,0,50,0,10,0,36,0,87,0,36,68,63,12,96,84,85,99,96,96,100,100,0,94,93,93,62,0,0
l31,0=0,0,0,0,0,0,0,0,0,0,0,0,0,0,79,0,88,0,73,29,57,45,37,28,86,0,0,91,86,99,96,0,100,100,86,0,95,93,91,25,9
l32,0=0,0,0,0,0,0,0,0,3,0,0,0,1,74,75,0,0,0,38,21,14,23,36,29,33,27,100,93,90,99,96,100,88,98,98,94,0,93,91,0,0
l33,0=0,0,0,0,0,23,0,0,32,0,1,0,61,88,87,80,91,72,0,0,6,18,38,28,26,87,100,92,90,82,96,100,47,92,57,92,95,0,91,0,16
l34,0=0,0,0,37,0,27,0,0,0,0,0,0,47,0,87,78,89,66,41,0,5,46,4,27,27,37,100,92,90,95,96,86,96,90,74,94,95,93,0,12,0
l35,0=0,0,0,0,0,0,0,0,1,0,0,0,81,62,51,19,80,60,39,4,62,70,65,80,63,23,94,3,0,0,6,0,1,0,0,1,0,0,0,0,83
l36,0=0,0,0,0,0,0,1,0,18,0,0,0,71,63,50,48,74,79,16,0,69,71,63,86,32,45,95,0,0,0,4,95,0,0,0,0,0,9,0,89,0
l37,0=0,0,0,0,0,0,0,0,0,0,0,0,62,1,31,27,78,76,55,3,73,72,64,81,79,91,93,3,0,0,1,93,0,0,0,0,0,0,0,88,82
l38,0=0,0,0,0,0,0,0,20,50,4,0,35,6,93,78,87,92,98,28,36,98,72,71,84,95,90,91,59,10,1,4,91,0,0,0,0,9,34,0,88,85
l39,0=0,0,0,0,0,0,0,0,0,0,0,0,61,54,47,46,61,67,59,2,93,72,64,84,45,0,0,0,0,0,50,25,0,0,0,22,0,0,0,88,83
l40,0=0,0,0,0,0,0,0,0,15,0,0,0,4,26,37,40,78,68,57,34,76,70,68,81,59,0,0,0,0,16,19,9,0,2,0,0,0,0,0,88,81

l0,1=0,91,91,93,92,93,88,93,83,74,69,89,10,0,0,0,0,0,0,0,0,0,0,0,0,0,0,64,0,0,0,0,0,0,0,0,0,0,0,0,0
l1,1=85,0,88,91,92,93,89,93,72,38,31,89,54,61,66,20,5,19,0,0,0,0,0,0,0,0,0,45,8,0,0,0,0,0,0,0,0,6,0,0,0
l2,1=95,91,0,92,92,93,90,94,81,68,79,90,67,70,76,32,9,30,0,0,1,0,42,6,0,22,0,23,35,0,0,0,0,0,0,0,0,0,0,0,0
l3,1=95,91,85,0,92,93,38,82,69,36,38,80,51,49,60,0,0,4,0,0,0,0,0,0,0,36,0,88,51,0,0,0,0,0,0,0,0,3,1,0,0
l4,1=95,91,91,93,0,93,37,90,65,32,42,85,0,29,0,1,0,0,0,0,0,0,0,0,0,0,0,73,0,0,0,0,0,0,0,0,0,0,0,0,0
l5,1=95,91,91,93,92,0,39,92,73,38,43,88,54,58,0,19,0,0,0,0,0,0,0,0,0,13,0,32,15,0,0,0,0,0,0,0,0,16,19,0,0
l6,1=93,91,91,92,89,93,0,94,77,84,71,90,70,70,43,52,54,3,39,34,26,18,36,54,0,37,0,0,28,0,0,0,0,0,0,0,0,0,0,0,0
l7,1=92,91,90,35,91,93,90,0,84,84,81,90,67,72,40,61,12,24,1,0,0,34,12,40,14,40,0,0,16,0,0,0,0,0,0,0,0,0,0,2,0
l8,1=52,46,43,35,39,81,83,93,0,81,81,89,36,76,82,56,57,44,2,43,30,2,69,71,50,0,0,39,0,0,0,0,0,0,0,0,0,0,0,24,30
l9,1=91,91,89,85,47,93,90,94,84,0,81,90,72,76,61,63,52,66,0,0,5,27,49,63,0,1,0,18,0,0,0,0,0,0,0,0,0,0,0,0,23
l10,1=78,44,89,45,84,92,84,94,84,84,0,90,72,76,71,62,57,78,30,0,22,23,56,61,41,13,0,0,19,0,0,0,0,0,0,0,0,0,0,12,1
l11,1=87,91,91,50,85,91,90,94,84,84,81,0,70,76,59,59,10,24,26,16,20,27,51,52,26,0,0,8,0,0,0,0,0,0,0,0,0,0,0,1,0
l12,1=1,14,33,39,0,28,74,58,43,64,58,38,0,76,66,69,65,85,54,13,62,67,60,62,31,0,0,38,0,0,0,16,0,0,0,5,0,35,0,54,29
l13,1=0,5,6,47,0,0,38,32,41,27,41,29,63,4,0,45,40,54,1,0,36,71,64,50,33,56,0,59,57,0,23,0,0,32,0,25,11,40,56,32,7
l14,1=0,0,16,0,0,0,64,56,61,61,55,37,75,75,71,0,31,85,1,48,61,66,22,69,39,89,0,36,0,0,0,49,0,0,0,0,1,0,47,41,28
l15,1=0,1,1,0,0,0,61,32,53,40,28,29,61,50,88,36,0,83,63,55,35,79,81,81,61,9,0,36,40,0,1,0,0,0,0,25,25,0,52,55,52
l16,1=0,0,20,0,0,0,0,48,63,49,49,27,75,70,71,69,66,0,61,28,58,72,74,74,59,40,18,38,43,0,49,22,0,0,0,13,0,50,0,55,54
l17,1=0,0,0,0,0,0,57,0,1,0,26,16,41,47,21,37,53,57,0,81,70,73,79,77,78,51,0,9,0,41,48,11,43,56,45,63,50,27,21,68,70
l18,1=0,0,0,0,0,0,49,0,53,0,0,0,36,48,0,47,52,47,80,0,70,73,70,77,76,0,55,0,0,0,49,49,0,4,0,61,44,0,0,65,73
l19,1=0,0,0,0,0,0,47,0,41,19,23,21,39,43,44,41,41,48,69,67,0,79,58,82,80,0,0,0,0,49,47,15,58,50,45,57,54,41,47,64,69
l20,1=0,0,0,0,0,0,47,39,15,34,25,24,44,46,57,45,57,66,70,76,75,0,84,82,75,0,79,22,37,23,29,30,52,1,37,60,39,44,66,72,80
l21,1=0,0,43,0,0,0,51,1,56,40,32,28,45,50,52,36,54,59,73,75,64,80,0,82,68,16,17,0,45,0,35,23,0,38,0,10,63,56,63,73,76
l22,1=0,0,0,0,0,0,46,27,49,36,29,22,33,45,41,42,57,57,70,73,79,80,85,0,74,36,4,0,0,45,38,2,52,47,34,53,23,24,47,72,80
l23,1=0,0,0,0,0,0,0,29,48,0,28,24,38,42,45,40,50,49,80,76,79,72,72,75,0,0,79,0,0,43,49,29,59,49,41,64,55,33,55,66,67
l24,1=41,40,0,72,64,43,0,0,40,0,0,0,67,70,84,40,39,47,0,0,0,0,0,0,0,0,73,0,92,21,64,73,46,29,0,29,88,93,88,0,0
l25,1=0,0,22,36,0,13,37,40,0,1,13,0,0,56,89,9,40,51,0,0,0,16,36,0,0,0,0,92,0,43,66,0,51,72,6,52,45,93,89,0,8
l26,1=0,0,0,0,0,0,0,0,0,0,0,0,0,0,0,0,18,0,55,0,79,17,4,79,73,0,0,47,88,0,82,0,91,93,97,91,94,93,93,6,0
l27,1=0,0,0,0,0,0,0,0,0,0,0,0,0,0,41,0,13,46,38,35,72,27,31,45,72,92,47,92,75,67,0,18,91,93,93,91,94,93,95,30,20
l28,1=0,0,0,0,0,0,0,0,0,0,0,0,0,0,0,0,0,0,42,1,76,64,0,67,77,0,88,75,73,67,82,82,0,93,97,91,78,93,95,0,5
l29,1=0,0,0,0,0,0,0,0,0,0,0,0,0,0,17,0,0,0,58,14,66,2,29,66,58,43,0,16,59,67,82,67,91,0,97,91,94,85,89,0,0
l30,1=0,0,0,0,0,0,0,0,0,0,0,0,0,0,0,0,0,0,43,0,59,55,0,53,30,66,82,0,18,67,81,82,91,93,0,89,87,89,65,0,0
l31,1=0,0,0,0,0,0,0,0,0,0,0,0,16,0,49,0,22,11,49,15,30,23,2,29,73,0,0,18,82,67,82,0,91,93,92,0,94,93,95,15,11
l32,1=0,0,0,0,0,0,0,0,0,0,0,0,0,17,21,6,16,0,14,13,25,14,41,26,31,51,91,92,50,67,82,91,51,93,55,91,0,93,95,0,0
l33,1=0,0,0,0,0,30,0,0,0,0,0,0,55,54,83,14,0,75,0,0,27,47,46,25,23,72,93,92,92,62,82,93,85,83,65,89,90,0,92,0,2
l34,1=0,0,0,0,0,36,0,0,0,0,0,0,16,47,78,48,59,17,9,8,39,73,75,63,55,6,97,92,92,62,82,92,89,87,79,91,94,93,0,0,0
l35,1=0,0,0,0,0,0,0,0,1,0,8,0,51,45,2,28,46,0,64,52,67,72,77,74,70,52,91,0,0,0,3,0,0,0,0,0,0,0,0,0,80
l36,1=0,0,0,0,0,0,0,0,32,0,2,0,43,41,1,28,46,58,61,58,66,78,59,81,63,45,94,0,2,0,4,94,0,0,0,24,0,0,0,77,0
l37,1=0,0,0,0,0,0,0,0,2,0,0,0,40,35,0,38,34,49,59,0,61,73,74,63,66,93,93,0,0,0,0,93,0,0,0,0,0,0,0,73,79
l38,1=0,0,0,0,0,0,0,20,42,28,20,0,47,47,37,39,57,58,54,14,71,79,74,66,64,89,93,2,33,0,0,95,0,0,0,6,0,0,0,80,80
l39,1=0,0,0,0,0,0,0,0,0,0,0,0,36,39,44,37,43,4,59,54,68,73,77,79,63,0,6,0,0,0,33,15,0,18,0,1,0,0,25,72,80
l40,1=0,0,0,0,0,0,0,0,4,0,0,0,42,30,2,1,22,39,67,52,67,72,67,69,63,8,0,0,0,22,2,11,7,0,0,4,0,0,0,71,76

l0,2=0,89,85,88,91,93,89,87,72,83,74,81,0,59,56,0,44,0,0,0,0,0,0,0,0,52,0,51,33,0,0,0,0,0,0,0,0,0,0,0,0
l1,2=90,0,86,84,91,93,89,87,66,87,79,57,51,54,67,3,33,1,0,0,0,0,0,0,0,0,0,64,1,0,0,0,0,0,0,0,0,0,0,0,0
l2,2=90,90,0,84,83,93,90,89,74,87,82,53,51,49,76,37,54,0,0,0,0,0,11,0,0,35,0,56,43,0,0,0,0,0,0,0,0,0,0,0,0
l3,2=94,76,47,0,91,72,89,45,45,84,76,42,28,0,19,27,0,0,0,0,0,0,0,0,0,53,0,36,15,0,0,0,0,0,0,0,0,0,0,0,0
l4,2=94,90,49,88,0,73,89,88,73,67,80,45,12,1,0,20,0,0,0,0,0,0,0,0,0,53,0,50,13,0,0,0,0,0,0,0,0,0,0,0,0
l5,2=94,90,51,84,88,0,89,87,75,33,82,55,44,29,20,27,45,3,0,0,0,0,0,0,0,0,0,68,0,0,0,0,0,0,0,0,0,0,0,0,0
l6,2=90,85,87,88,77,92,0,87,72,89,80,81,76,71,34,83,71,15,2,41,50,0,43,30,36,67,0,36,28,0,0,0,0,0,0,0,0,0,0,0,0
l7,2=88,84,84,0,83,91,90,0,75,91,80,82,76,70,71,84,56,49,40,0,0,54,21,38,41,37,0,0,19,0,0,0,0,0,0,0,0,0,0,0,35
l8,2=82,58,83,47,72,91,78,84,0,87,82,80,61,71,63,84,70,67,0,39,22,41,60,62,43,12,0,50,19,0,0,0,0,0,0,0,0,15,0,36,25
l9,2=87,84,84,84,62,9,90,90,73,0,82,82,75,71,78,84,25,57,46,41,7,0,58,52,5,24,0,68,9,0,0,0,0,0,0,0,0,0,0,22,39
l10,2=61,81,84,66,76,91,89,84,77,91,0,82,70,71,61,84,60,67,42,23,0,55,49,42,47,0,0,51,1,0,0,0,0,0,0,0,0,14,0,27,22
l11,2=87,84,67,66,61,91,90,90,76,91,82,0,70,71,49,72,24,50,0,0,0,41,26,36,0,0,0,14,1,0,0,0,0,0,0,0,0,0,0,0,0
l12,2=0,43,55,47,21,58,72,66,57,76,70,60,0,71,73,88,73,85,55,44,60,65,65,69,41,79,0,65,68,0,0,21,0,0,0,15,37,35,20,54,62
l13,2=52,27,42,0,0,35,49,63,62,77,79,43,76,69,0,84,74,81,14,0,0,74,63,32,1,69,0,93,93,20,46,0,0,0,0,47,17,88,60,53,64
l14,2=0,0,29,31,38,61,71,63,76,88,82,57,87,69,80,0,53,85,60,45,52,67,15,0,60,89,13,74,63,0,0,50,0,0,0,0,0,19,0,47,61
l15,2=24,4,42,0,0,56,62,49,57,14,53,0,76,57,87,61,0,85,74,60,57,82,60,83,59,77,0,68,70,0,0,0,0,0,0,45,27,38,44,46,57
l16,2=0,0,0,0,0,0,0,51,66,57,67,52,87,71,91,88,74,0,63,10,51,72,65,63,66,74,3,80,81,0,4,43,0,0,0,0,14,55,1,52,66
l17,2=0,0,0,0,0,0,35,36,20,51,33,0,48,51,14,58,63,46,0,82,73,72,71,75,79,78,0,0,0,56,51,0,57,0,42,38,9,4,33,43,50
l18,2=0,0,0,0,0,0,47,0,37,44,20,0,32,54,0,53,59,21,86,0,68,74,63,73,73,0,74,0,0,0,29,52,0,25,0,0,0,0,0,56,58
l19,2=0,0,0,0,0,0,49,0,29,13,39,39,58,51,4,60,55,42,78,58,0,82,65,83,79,0,0,22,0,58,54,0,63,52,32,47,32,8,0,46,56
l20,2=0,0,0,0,0,0,0,44,34,39,49,29,59,52,59,70,69,54,75,67,72,0,75,83,74,0,78,0,0,55,46,68,57,43,35,47,0,11,49,58,73
l21,2=0,0,41,0,0,0,46,36,57,53,51,39,64,56,63,61,65,54,81,66,66,82,0,83,74,1,59,47,50,45,37,61,0,32,28,1,20,40,41,59,64
l22,2=0,0,0,0,0,0,45,36,56,40,44,0,62,55,20,46,69,44,75,64,78,82,75,0,72,49,49,0,45,48,58,0,53,61,7,38,11,18,19,58,64
l23,2=0,0,0,0,0,0,46,42,37,0,47,0,45,47,8,53,57,47,86,70,78,80,70,82,0,33,61,0,0,62,62,52,66,48,35,56,0,8,16,58,63
l24,2=67,78,51,73,85,88,54,0,56,77,66,1,76,69,88,83,73,78,0,0,9,0,40,0,0,0,78,0,93,64,81,71,68,51,69,87,83,93,87,0,20
l25,2=52,0,35,53,53,0,67,37,12,24,0,0,79,69,89,77,74,78,0,0,0,1,49,33,0,0,0,94,0,68,81,0,86,64,0,90,84,93,93,0,0
l26,2=0,0,0,0,0,0,0,0,0,0,0,0,0,0,13,0,3,0,74,0,78,59,49,61,78,0,0,58,90,0,84,0,93,96,96,94,88,93,94,0,28
l27,2=0,0,0,0,0,0,0,0,0,0,0,0,0,0,54,0,6,17,52,42,75,53,47,67,71,94,58,94,92,76,0,90,93,96,96,94,88,93,94,18,0
l28,2=0,0,0,0,0,0,0,0,0,0,0,0,0,0,0,0,4,0,51,0,71,62,4,65,78,0,90,64,75,76,84,93,0,96,96,94,88,93,94,34,41
l29,2=0,0,0,0,0,0,0,0,0,0,0,0,0,0,0,0,40,0,0,49,75,65,53,78,66,68,0,54,54,76,84,76,93,0,96,94,88,0,93,13,0
l30,2=0,0,0,0,0,0,0,0,0,0,0,0,0,0,0,0,0,0,56,0,52,56,46,0,56,81,84,82,0,76,84,84,93,96,0,94,86,91,85,0,0
l31,2=0,0,0,0,0,0,0,0,0,0,0,0,21,0,50,0,43,0,52,0,68,61,0,52,71,0,0,90,93,76,84,0,93,96,92,0,88,93,94,31,47
l32,2=0,0,0,0,0,0,0,0,0,0,0,0,47,39,50,30,48,6,38,0,61,21,53,47,0,86,93,92,86,76,84,93,88,96,90,94,0,93,94,0,0
l33,2=0,0,0,0,0,0,0,0,33,0,45,0,71,56,86,56,64,81,16,25,55,64,66,73,60,64,96,94,91,70,83,96,89,0,89,92,88,0,94,0,0
l34,2=0,0,0,0,0,0,0,0,0,0,35,0,41,50,86,42,57,12,57,25,0,75,66,53,44,0,96,94,93,73,84,92,89,90,89,94,88,93,0,38,41
l35,2=0,0,0,0,0,0,0,0,2,1,2,0,55,40,40,53,51,37,50,40,57,71,63,75,65,90,94,0,0,0,0,0,1,0,0,0,0,0,0,0,71
l36,2=0,0,0,0,0,0,0,15,0,35,3,0,57,52,40,62,62,50,52,61,60,79,63,79,68,84,88,17,0,10,0,88,1,0,0,30,0,0,0,61,0
l37,2=0,0,0,0,0,0,0,0,0,0,0,0,52,0,0,62,35,27,64,0,51,73,62,72,58,93,93,0,0,0,0,93,0,0,0,0,0,0,0,60,70
l38,2=0,0,0,0,0,0,0,0,42,0,1,30,76,65,71,78,73,54,65,3,63,82,71,80,60,93,94,0,51,0,0,94,0,0,0,22,0,1,0,62,72
l39,2=0,0,0,0,0,0,0,0,0,0,0,0,49,31,45,56,62,36,0,57,61,73,63,76,58,0,0,0,0,49,0,31,0,0,7,1,0,0,0,59,70
l40,2=0,0,0,0,0,0,0,0,0,0,0,0,58,17,0,57,49,29,67,49,56,71,55,74,65,0,28,0,0,2,0,47,0,0,0,29,0,0,0,59,60

l0,3=0,91,92,92,92,90,89,93,75,95,91,97,83,64,50,27,27,0,0,0,0,0,0,0,0,23,0,0,42,0,0,0,0,0,0,0,0,0,0,0,0
l1,3=93,0,92,88,92,90,91,93,81,86,88,82,76,48,50,72,3,63,0,0,0,68,0,40,0,74,0,70,64,0,0,0,0,0,0,0,1,0,0,0,0
l2,3=87,91,0,86,87,84,91,93,81,96,91,96,88,52,55,0,39,0,0,0,0,0,0,0,0,74,0,34,64,0,0,0,0,0,0,0,0,0,0,0,0
l3,3=93,85,89,0,92,82,90,93,67,95,91,94,0,51,0,48,0,0,0,0,0,0,0,0,0,21,0,0,47,0,0,0,0,0,0,0,0,0,0,0,0
l4,3=91,91,92,92,0,90,91,93,52,93,91,95,51,48,38,30,0,0,0,0,0,0,0,0,0,64,0,6,54,0,0,0,0,0,0,0,0,30,0,0,0
l5,3=93,91,92,91,92,0,91,93,81,95,91,92,84,45,0,78,11,0,0,0,0,0,0,0,0,73,0,82,70,0,0,0,0,0,0,0,0,0,0,0,0
l6,3=82,85,89,86,87,82,0,93,82,95,91,96,93,89,43,84,74,63,0,73,71,3,52,64,30,18,0,36,18,0,0,0,0,0,0,0,0,0,0,0,4
l7,3=86,85,89,82,87,82,89,0,81,95,91,96,90,88,51,85,88,60,5,0,62,70,55,53,20,73,0,42,49,0,0,0,0,0,0,0,0,0,0,0,0
l8,3=66,85,86,79,67,82,89,93,0,91,91,96,90,89,74,85,87,82,78,60,72,66,80,79,70,76,0,0,78,0,0,0,0,0,0,0,0,0,0,20,37
l9,3=83,85,89,83,86,82,89,93,81,0,91,96,90,89,83,84,54,74,65,64,64,72,79,72,23,80,0,82,35,0,0,0,0,0,0,0,0,0,0,0,22
l10,3=73,80,88,73,82,82,89,93,82,96,0,96,90,89,51,84,71,72,52,52,58,73,75,66,69,78,0,28,50,0,0,0,0,0,0,0,0,52,53,16,12
l11,3=86,79,89,78,86,82,89,93,81,96,91,0,93,89,82,73,49,60,49,0,74,64,74,0,0,0,0,0,0,0,0,0,0,0,0,0,0,0,0,0,0
l12,3=61,60,82,0,60,70,88,88,81,95,91,92,0,89,92,91,92,99,77,74,76,80,80,82,33,85,0,0,81,0,0,0,0,0,0,0,63,70,0,72,72
l13,3=55,83,77,0,54,0,71,77,75,85,76,90,96,87,0,84,96,99,68,0,71,75,83,84,69,87,0,94,95,0,78,0,0,29,0,84,86,89,64,62,77
l14,3=0,64,0,0,59,69,87,91,82,95,90,83,96,89,78,0,95,97,77,80,76,89,70,69,0,95,0,83,79,0,0,87,0,0,0,0,0,80,44,62,69
l15,3=16,0,64,0,0,46,80,84,76,85,69,73,87,87,95,90,0,99,82,81,77,97,88,95,81,84,0,86,85,0,51,0,0,0,6,56,0,78,62,61,71
l16,3=0,68,0,0,0,0,73,74,76,87,85,81,96,89,94,91,96,0,78,72,76,92,84,80,75,93,0,86,87,11,0,84,0,0,0,6,66,82,48,71,79
l17,3=0,0,0,0,0,0,2,0,69,67,45,44,67,76,34,66,89,76,0,98,89,74,86,80,89,86,21,0,0,81,69,6,5,61,59,70,17,0,0,75,76
l18,3=0,0,0,0,0,0,61,0,47,68,54,0,65,78,0,63,88,55,96,0,86,93,81,88,88,0,95,0,0,0,43,81,61,0,9,0,0,0,0,65,75
l19,3=0,0,0,0,0,0,42,39,56,49,42,68,63,65,46,67,74,60,94,75,0,94,87,95,89,0,2,36,0,65,80,0,62,75,50,70,47,36,58,74,74
l20,3=0,47,0,0,0,0,0,61,56,67,66,61,63,79,49,84,94,87,75,80,89,0,92,95,88,0,89,0,0,73,50,88,63,57,19,54,63,32,75,76,80
l21,3=0,0,0,0,0,0,51,60,74,74,65,61,73,72,64,56,92,80,94,63,88,97,0,95,85,3,94,0,54,65,57,72,58,36,47,54,62,62,74,69,78
l22,3=0,11,0,0,0,0,52,37,70,72,66,0,79,77,70,48,92,74,89,79,92,97,91,0,87,55,81,21,58,59,75,69,72,76,3,55,37,55,64,76,79
l23,3=0,0,0,0,0,0,50,36,61,50,64,0,36,46,57,39,86,77,96,90,92,95,83,93,0,73,66,6,0,77,83,77,82,70,44,73,77,39,58,75,73
l24,3=7,78,40,0,0,80,60,76,0,87,69,0,73,87,91,85,93,89,0,0,57,3,0,12,0,0,88,0,95,78,87,80,31,69,45,86,90,94,93,52,58
l25,3=23,74,74,21,64,73,18,73,76,80,78,0,85,87,95,84,93,86,0,0,0,3,55,73,0,0,0,94,0,87,94,0,68,86,69,92,95,94,97,7,56
l26,3=0,0,0,0,0,0,0,0,0,0,0,0,0,0,0,0,0,21,95,2,89,94,81,66,88,0,0,85,90,0,100,0,100,100,100,96,100,87,100,0,0
l27,3=0,0,0,0,0,0,0,0,0,0,0,0,0,3,88,0,83,0,79,51,92,73,80,89,88,94,85,93,95,99,0,94,100,100,100,96,100,94,100,49,0
l28,3=0,0,0,0,0,0,0,0,0,0,0,0,0,0,0,0,0,2,44,79,90,89,69,90,89,0,90,57,77,99,100,95,0,100,100,96,99,94,100,48,59
l29,3=0,0,0,0,0,0,0,0,0,0,0,0,0,0,50,0,0,0,85,0,92,93,68,95,87,87,0,77,88,99,100,99,100,0,100,96,100,93,100,1,0
l30,3=0,0,0,0,0,0,0,0,0,0,0,0,0,0,0,0,24,0,81,0,79,28,65,0,45,94,100,69,82,99,100,100,100,100,0,96,100,94,89,0,0
l31,3=0,0,0,0,0,0,0,0,0,0,0,0,0,0,87,0,84,6,81,0,88,72,69,77,80,0,0,94,95,99,100,0,100,100,98,0,100,94,100,0,0
l32,3=0,0,0,0,0,0,0,0,0,0,0,0,73,0,85,0,0,61,16,0,77,84,82,54,75,68,100,94,95,99,100,100,100,100,100,96,0,94,100,0,0
l33,3=0,0,0,0,62,0,0,0,0,0,80,0,79,79,90,85,91,86,0,0,76,66,86,85,64,86,100,94,95,88,99,100,97,94,83,96,100,0,100,2,0
l34,3=0,0,0,0,0,11,0,0,0,0,73,0,0,67,35,75,90,66,0,0,84,94,86,80,71,69,100,94,95,99,100,98,100,100,87,96,100,94,0,45,56
l35,3=0,0,0,0,0,0,0,0,0,0,7,0,68,55,51,53,61,64,76,48,68,84,43,77,65,92,96,18,0,0,7,0,1,0,0,0,0,0,0,0,81
l36,3=0,0,0,0,0,0,51,0,51,69,56,0,62,62,57,57,72,69,70,63,70,80,74,79,67,95,100,48,40,0,0,100,40,0,0,0,0,0,5,82,0
l37,3=0,0,0,0,0,0,0,0,0,0,0,0,58,0,1,59,65,45,74,36,1,82,70,75,68,94,87,0,0,10,1,94,0,0,0,0,0,0,0,82,83
l38,3=0,0,0,0,0,0,0,0,0,1,52,68,73,74,75,71,84,79,69,0,81,95,85,89,3,97,100,15,51,3,0,100,0,0,0,1,0,0,0,80,80
l39,3=0,0,0,0,0,0,0,0,0,0,0,0,54,42,0,56,70,59,70,68,60,90,80,82,69,7,0,0,0,51,30,0,15,0,38,0,0,0,0,76,83
l40,3=0,0,0,0,0,0,0,0,0,0,0,0,49,18,39,50,65,50,82,54,69,77,64,79,76,56,0,0,0,55,60,0,0,0,0,43,0,0,0,77,77

l0,4=0,98,96,97,100,93,81,96,79,88,86,97,87,79,74,48,44,0,0,0,0,0,0,0,0,64,0,88,17,0,0,0,0,0,0,0,0,0,2,0,0
l1,4=96,0,96,97,91,93,82,61,79,88,79,97,0,79,80,60,46,0,0,0,0,54,0,0,0,0,0,84,0,0,0,0,0,0,0,0,0,0,0,0,0
l2,4=96,98,0,91,91,71,83,96,79,89,87,97,81,83,78,54,50,0,0,0,0,0,0,0,0,60,0,0,17,0,0,0,0,0,0,0,0,0,0,0,0
l3,4=96,98,86,0,100,93,67,48,74,88,68,68,36,86,0,61,0,7,0,0,0,0,0,0,0,82,0,81,17,0,0,0,0,0,0,0,0,0,0,0,0
l4,4=96,65,91,97,0,93,67,60,80,88,68,68,71,85,0,64,0,0,0,0,0,0,0,0,0,90,0,88,18,0,0,0,0,0,0,0,0,0,0,0,0
l5,4=96,98,86,97,100,0,67,60,82,88,68,68,65,83,1,60,45,67,0,0,0,0,0,0,0,0,0,89,0,0,0,0,0,0,0,0,0,53,0,0,0
l6,4=95,97,95,88,85,67,0,96,69,89,86,97,88,85,16,75,87,67,0,5,44,61,66,49,38,0,0,64,0,0,0,0,0,0,0,0,0,13,0,0,55
l7,4=95,89,90,71,78,65,82,0,79,89,85,97,84,86,71,80,48,77,17,0,41,66,73,0,49,33,0,80,13,0,0,0,0,0,0,0,0,0,0,0,0
l8,4=71,85,74,63,63,62,61,87,0,77,91,92,87,86,62,79,73,80,45,10,68,62,77,66,39,80,0,0,50,0,0,0,0,0,0,0,0,0,0,0,69
l9,4=84,93,90,75,66,66,82,96,73,0,92,97,78,86,13,79,82,79,0,37,50,64,71,49,49,85,0,68,17,0,0,0,0,0,0,0,0,0,0,0,57
l10,4=83,87,91,74,74,65,82,94,82,89,0,98,88,86,79,71,81,86,1,47,68,70,75,73,75,85,0,59,74,0,0,0,0,0,0,0,0,0,0,35,69
l11,4=95,97,90,83,83,65,82,96,79,89,87,0,88,83,80,78,50,85,62,0,49,68,77,50,49,0,0,0,0,0,0,0,0,0,0,0,0,0,0,0,60
l12,4=53,0,56,9,51,28,65,76,73,72,75,79,0,86,88,86,76,90,55,0,70,63,77,74,63,81,0,73,77,0,0,0,0,0,0,0,61,58,57,70,77
l13,4=48,71,73,0,0,0,4,73,65,39,74,77,89,86,0,76,94,90,13,0,0,68,77,76,0,86,0,95,97,0,68,0,0,7,0,73,76,80,76,70,73
l14,4=17,58,53,47,52,28,63,74,76,73,55,74,89,86,76,0,80,72,9,48,58,65,71,55,57,88,0,71,64,0,0,74,0,0,0,0,0,57,49,54,63
l15,4=21,47,47,0,0,26,64,46,63,73,68,56,76,77,79,72,0,91,74,68,75,75,82,82,76,85,0,79,84,39,43,0,38,0,0,59,61,62,64,75,73
l16,4=0,0,0,0,0,29,44,58,69,62,75,77,89,83,80,70,94,0,56,48,57,74,77,70,68,94,66,74,78,8,11,78,3,0,0,56,52,68,57,70,77
l17,4=0,0,0,0,0,0,6,0,34,2,38,46,61,75,23,0,74,61,0,89,80,73,82,81,88,90,0,0,0,83,64,62,0,45,57,70,48,0,39,79,85
l18,4=0,0,0,0,0,0,0,0,22,31,48,0,0,72,0,43,77,55,93,0,82,72,77,83,88,0,90,0,0,0,0,83,53,0,0,65,0,0,0,51,77
l19,4=0,0,0,0,0,0,35,35,37,38,40,45,48,50,0,37,69,47,73,55,0,82,87,91,88,0,0,0,0,52,75,47,43,78,42,64,0,50,39,41,65
l20,4=0,20,0,0,0,0,37,39,46,46,49,51,59,64,39,51,92,65,62,47,91,0,90,91,71,0,83,24,0,48,31,85,45,52,46,57,66,0,56,69,87
l21,4=0,0,0,0,0,0,34,44,59,43,53,53,69,66,52,54,81,62,70,62,83,79,0,86,73,12,76,35,1,42,41,72,33,45,36,55,70,53,43,62,79
l22,4=0,0,0,0,0,0,37,0,52,44,51,44,59,59,44,44,84,59,60,54,91,85,88,0,81,0,74,0,0,60,60,75,39,53,50,58,58,66,39,60,83
l23,4=0,0,0,0,0,0,31,33,36,47,55,46,55,51,6,36,79,61,93,81,91,79,81,88,0,0,87,31,44,63,67,80,61,74,46,67,62,47,39,72,57
l24,4=52,63,0,0,64,63,34,72,0,67,41,0,84,86,88,80,90,87,0,0,0,23,61,0,0,41,83,0,97,78,64,75,53,65,0,86,93,99,98,0,48
l25,4=64,0,60,82,90,0,0,33,80,85,85,0,81,86,88,85,94,90,0,0,0,12,0,0,41,0,0,95,0,76,100,0,80,94,95,88,100,99,100,12,68
l26,4=0,0,0,0,0,0,0,0,0,0,0,0,0,0,0,0,66,0,90,0,83,76,74,87,83,0,0,86,76,0,100,0,100,100,100,99,100,97,100,20,69
l27,4=0,0,0,0,0,0,0,0,0,0,0,0,0,48,72,0,77,0,81,0,89,40,75,88,86,95,86,77,96,95,0,90,100,100,99,99,100,100,100,58,0
l28,4=0,0,0,0,0,0,0,0,0,0,0,0,0,0,0,0,80,32,2,69,90,83,66,84,88,0,76,76,91,95,100,92,0,100,100,99,100,100,100,0,75
l29,4=0,0,0,0,0,0,0,0,0,0,0,0,0,0,24,0,0,0,51,0,90,74,75,85,88,76,0,68,96,95,100,95,100,0,100,99,100,100,100,0,0
l30,4=0,0,0,0,0,0,0,0,0,0,0,0,0,0,0,0,0,0,86,0,84,76,10,85,64,100,100,0,89,95,100,100,100,100,0,99,100,100,88,0,0
l31,4=0,0,0,0,0,0,0,0,0,0,0,0,0,0,74,0,78,62,83,47,85,72,75,80,75,0,0,90,92,95,100,0,100,100,100,0,100,100,100,46,0
l32,4=0,0,0,0,0,0,0,0,0,0,0,0,73,0,88,0,86,53,73,0,0,85,86,85,82,80,100,95,97,95,100,100,100,100,100,99,0,100,100,0,4
l33,4=0,0,0,0,0,45,0,0,0,0,0,0,66,70,85,79,88,70,0,0,81,0,87,87,70,94,100,95,97,95,100,100,100,100,100,99,100,0,100,0,0
l34,4=15,0,0,0,5,0,0,0,0,0,0,0,66,0,84,64,85,70,65,0,84,85,77,78,64,95,100,95,97,95,100,100,100,100,91,99,100,100,0,0,0
l35,4=0,0,0,0,0,0,0,0,0,0,34,0,58,52,34,33,57,57,49,31,41,74,58,54,61,88,99,0,0,6,37,0,0,0,0,43,0,0,0,0,87
l36,4=0,0,0,0,0,0,23,0,42,32,39,38,65,59,38,45,69,63,59,37,67,60,68,69,45,100,100,31,45,37,0,100,26,0,0,0,1,0,0,72,0
l37,4=0,0,0,0,0,0,0,0,0,0,12,0,66,44,12,22,66,52,63,40,44,73,73,62,66,99,97,0,0,0,0,100,0,0,0,1,0,0,23,85,85
l38,4=0,0,0,0,0,0,0,3,37,0,47,51,62,58,55,51,67,60,44,35,64,73,70,82,51,100,100,35,52,43,0,100,0,0,0,40,0,3,29,80,82
l39,4=0,0,0,0,0,0,0,0,38,0,0,0,55,44,30,40,66,54,55,44,64,65,71,64,60,12,20,0,0,41,0,46,33,37,0,48,0,0,0,71,80
l40,4=0,0,0,0,0,0,0,0,21,0,0,0,45,0,28,22,50,47,52,35,50,48,61,76,59,68,69,18,0,46,41,0,0,44,0,0,32,0,0,83,86

l0,5=0,93,90,97,94,77,94,88,86,80,79,85,0,62,36,32,18,0,0,0,0,0,0,0,0,11,0,20,27,0,0,0,0,0,0,0,0,0,0,0,0
l1,5=94,0,93,97,93,73,94,75,88,77,83,87,0,0,38,37,32,4,0,0,0,0,1,0,0,0,0,78,0,0,0,0,0,0,0,0,0,15,0,0,0
l2,5=94,93,0,97,75,65,95,82,80,81,83,88,54,0,19,0,30,0,0,0,0,19,0,0,0,20,0,62,42,0,0,0,0,0,0,0,0,0,0,0,0
l3,5=92,88,90,0,94,69,92,81,75,81,75,87,0,73,29,25,0,0,0,0,0,0,0,0,0,7,0,60,24,0,0,0,0,0,0,0,0,0,0,0,0
l4,5=84,24,76,98,0,74,92,68,81,78,63,79,4,77,44,37,36,0,0,0,0,0,0,0,0,17,0,86,59,0,0,0,0,0,0,0,0,0,0,0,0
l5,5=94,85,88,98,94,0,89,88,86,81,68,88,71,75,53,42,34,30,0,0,0,0,12,0,0,19,0,86,51,0,0,1,0,0,0,0,0,0,0,0,0
l6,5=94,93,93,96,93,62,0,90,80,83,85,89,75,76,48,70,66,36,0,32,55,45,50,56,40,3,0,52,10,0,0,0,0,0,0,0,0,0,0,0,0
l7,5=85,9,71,25,22,69,93,0,84,80,83,87,76,74,19,76,16,28,25,0,18,50,56,51,31,0,0,52,0,0,0,0,0,0,0,0,0,0,0,0,11
l8,5=33,52,23,18,32,67,54,83,0,66,83,84,85,83,36,38,41,68,26,26,43,61,57,61,35,37,0,55,32,0,0,0,0,0,0,0,0,0,9,35,30
l9,5=74,80,76,72,79,67,94,88,80,0,85,88,64,76,32,73,36,52,0,0,50,56,48,59,42,38,0,44,41,0,0,0,0,0,0,0,0,0,0,0,0
l10,5=80,85,89,25,46,61,94,88,88,83,0,88,84,83,42,38,38,71,13,26,1,62,56,69,49,14,0,57,9,0,0,0,0,0,0,0,0,0,0,34,34
l11,5=68,80,78,74,80,67,92,90,84,83,85,0,77,74,69,74,57,68,28,0,50,53,52,54,44,12,0,80,44,0,0,0,0,0,0,0,0,0,0,0,53
l12,5=1,0,2,0,6,23,42,78,86,6,80,51,0,83,88,81,53,85,16,16,26,65,53,68,36,53,0,76,44,0,0,0,0,0,0,0,9,45,26,29,39
l13,5=13,19,2,0,10,34,8,1,57,40,27,27,82,79,0,40,52,50,2,0,29,68,55,67,0,78,0,92,72,0,7,0,0,0,0,62,55,65,58,24,10
l14,5=11,18,0,0,32,36,20,84,66,51,22,19,87,78,56,0,32,81,24,14,42,48,58,66,0,88,0,83,37,0,0,53,0,0,0,0,3,28,1,44,36
l15,5=3,14,1,0,10,7,38,0,60,23,33,13,66,68,84,15,0,82,59,33,62,72,62,73,51,38,0,59,61,8,15,0,22,17,0,60,13,61,43,18,73
l16,5=0,3,0,0,0,35,22,48,74,44,29,24,85,78,85,76,83,0,35,7,50,74,63,58,53,78,50,72,53,0,18,66,0,0,0,48,28,45,48,46,40
l17,5=0,0,0,0,0,0,0,6,26,0,21,17,20,61,13,23,63,35,0,83,73,74,71,72,72,74,0,0,0,55,56,46,21,50,34,61,1,13,34,60,73
l18,5=0,0,0,0,0,0,31,0,29,0,29,0,50,50,0,27,62,14,80,0,65,71,75,69,72,0,51,0,0,19,0,55,20,0,0,27,0,0,0,68,45
l19,5=0,0,0,0,0,0,38,0,36,34,2,22,25,46,33,32,65,34,73,34,0,81,75,83,71,0,9,15,0,23,58,11,10,61,30,29,21,26,31,46,72
l20,5=0,0,0,0,0,0,9,19,48,25,58,16,59,66,58,20,69,64,65,36,84,0,72,84,61,0,47,16,0,6,12,19,51,22,18,16,50,15,60,72,72
l21,5=0,1,0,0,0,3,16,35,55,27,27,22,44,56,44,55,68,54,64,58,83,82,0,72,58,5,29,13,16,7,13,27,20,11,0,31,40,32,26,62,71
l22,5=0,0,0,0,0,0,22,18,41,26,55,5,45,65,50,56,67,22,64,48,84,82,71,0,55,49,45,0,6,48,43,50,21,16,29,32,23,16,36,18,79
l23,5=0,0,0,0,0,0,16,14,30,28,37,29,29,38,0,0,68,53,80,66,83,76,71,71,0,24,60,16,6,38,50,52,38,54,2,29,0,22,34,73,29
l24,5=0,18,16,10,14,20,2,12,14,21,18,10,53,9,61,37,34,33,0,0,11,11,10,0,6,6,51,0,88,26,27,43,16,22,25,42,45,82,75,0,0
l25,5=11,0,20,7,17,19,3,0,37,38,14,12,53,78,88,38,78,74,0,0,0,5,49,24,6,0,0,92,0,28,37,0,18,41,27,45,70,85,77,13,12
l26,5=0,0,0,0,0,0,0,0,0,0,0,0,0,0,0,0,50,0,51,9,47,29,45,60,51,0,0,50,50,0,86,0,89,79,87,90,70,64,84,30,27
l27,5=0,0,0,0,0,0,0,0,0,0,0,0,0,0,19,0,35,23,37,0,50,24,44,50,44,92,50,54,59,79,0,54,89,77,87,90,69,84,84,35,16
l28,5=0,0,0,0,0,0,0,0,0,0,0,0,0,0,4,0,47,0,40,10,22,52,52,54,61,0,50,59,53,79,86,53,0,86,95,90,69,82,85,31,9
l29,5=0,0,0,0,0,0,0,0,0,0,0,0,0,0,0,0,43,0,46,0,65,42,41,47,61,28,0,49,51,79,86,79,89,0,94,86,69,79,77,0,0
l30,5=0,0,0,0,0,0,0,0,0,0,0,0,0,0,0,0,0,0,45,0,59,34,0,58,0,37,86,56,52,79,84,85,89,83,0,85,63,77,67,0,0
l31,5=0,0,0,0,0,1,0,0,0,0,0,0,0,0,53,0,66,46,55,11,19,27,50,52,43,0,0,54,53,79,85,0,76,70,79,0,76,81,84,0,1
l32,5=0,0,0,0,0,0,0,0,0,0,0,0,14,0,44,19,38,24,1,0,22,42,60,52,0,18,89,84,81,79,84,76,55,51,40,90,0,90,87,0,3
l33,5=0,13,0,0,0,6,0,0,0,0,0,0,40,56,49,28,47,23,16,0,24,28,50,43,43,41,79,89,83,69,86,70,50,50,48,90,78,0,87,0,0
l34,5=0,0,0,0,0,6,0,0,29,0,0,0,30,51,64,25,40,26,33,0,21,41,45,56,44,27,87,84,80,79,84,79,79,48,40,90,78,90,0,0,0
l35,5=0,0,0,0,0,0,0,0,27,0,22,0,23,21,24,34,15,31,23,22,23,71,38,5,47,45,90,0,1,2,14,0,10,0,0,0,0,0,0,0,67
l36,5=0,0,0,0,0,0,0,0,31,0,16,2,63,64,4,60,67,60,59,6,65,71,61,73,13,70,70,0,5,2,10,76,0,0,0,0,0,0,0,71,0
l37,5=0,0,0,0,0,0,0,0,0,0,1,0,31,17,11,1,53,27,13,9,27,70,65,58,34,85,64,0,0,3,17,81,0,0,0,10,0,0,0,79,77
l38,5=0,0,0,0,0,0,1,14,30,17,42,5,63,64,62,61,65,59,10,24,67,76,66,73,47,77,84,11,21,7,0,84,0,0,0,12,5,30,0,80,79
l39,5=0,0,0,0,0,0,0,0,21,0,0,0,38,0,25,28,65,35,46,7,69,71,67,71,57,13,30,0,0,0,17,0,15,17,0,12,0,14,0,77,79
l40,5=0,0,0,0,0,0,0,0,24,0,0,0,6,0,0,19,42,22,22,17,66,26,57,70,48,12,27,0,0,20,26,1,17,3,10,13,11,0,0,77,78

l0,6=0,89,86,92,97,84,89,81,49,86,54,83,60,20,59,17,32,2,0,0,0,0,0,0,0,45,0,57,53,0,0,0,0,0,0,0,0,0,0,0,0
l1,6=91,0,89,91,96,84,84,78,42,81,83,80,9,73,2,24,32,20,0,0,0,0,0,0,0,34,0,67,59,0,0,0,0,0,0,0,0,0,0,0,0
l2,6=90,91,0,90,96,82,91,44,27,73,84,82,42,75,68,25,30,22,0,0,0,0,21,0,0,0,0,0,0,0,0,0,0,0,0,0,0,0,0,0,0
l3,6=58,79,88,0,97,57,84,49,33,75,35,83,5,73,40,14,0,0,0,0,0,0,0,0,0,14,0,17,58,0,0,0,0,0,0,0,0,0,0,0,0
l4,6=52,77,86,93,0,83,84,43,45,78,44,81,11,40,37,26,15,0,0,0,0,0,0,0,0,24,0,71,72,0,0,0,0,0,0,0,0,0,0,0,0
l5,6=47,90,84,86,97,0,89,49,58,78,37,80,44,80,56,25,25,3,0,0,0,0,26,0,0,37,0,59,64,0,0,13,0,0,0,13,0,5,0,0,0
l6,6=86,85,90,74,90,77,0,84,49,87,83,81,71,71,61,32,52,23,28,44,22,45,48,54,28,0,0,0,2,0,0,0,0,0,0,0,0,0,0,0,0
l7,6=83,86,70,84,83,79,90,0,69,87,85,85,74,80,44,72,5,27,0,12,0,55,37,18,10,0,0,49,0,0,0,0,0,0,0,0,0,0,0,16,0
l8,6=51,50,25,9,36,70,39,69,0,81,85,82,75,83,68,63,32,39,17,46,47,71,51,35,2,37,0,41,51,0,0,0,0,0,0,0,0,0,28,33,50
l9,6=69,77,75,68,84,73,87,81,67,0,85,81,71,79,65,72,48,9,43,0,38,68,38,38,21,55,0,55,42,0,0,0,0,0,0,0,0,0,0,0,16
l10,6=68,86,84,22,50,62,87,81,73,87,0,86,75,80,56,73,60,40,0,2,16,68,43,29,11,35,0,43,48,0,0,0,0,0,0,0,0,0,0,38,42
l11,6=80,83,80,67,78,77,91,85,72,87,85,0,75,78,66,69,61,38,44,0,22,57,41,15,26,22,0,49,45,0,0,0,0,0,0,0,0,0,0,15,21
l12,6=16,0,22,1,9,48,44,40,68,72,75,50,0,75,76,85,63,42,32,34,35,64,34,12,10,35,0,58,56,0,34,30,0,0,0,22,0,10,0,28,57
l13,6=26,8,34,7,9,31,7,2,36,63,47,15,47,54,0,67,44,44,17,0,45,71,36,34,7,52,0,62,76,0,37,1,19,3,0,39,4,41,28,29,17
l14,6=12,44,35,3,15,40,13,64,57,78,72,59,80,73,70,0,61,63,48,46,51,61,51,33,15,81,0,62,52,0,14,52,0,0,0,0,5,0,3,50,57
l15,6=28,39,18,0,6,2,50,3,36,59,61,53,65,59,64,50,0,69,59,53,57,71,52,61,53,39,0,48,49,51,34,0,24,6,6,35,27,60,28,41,56
l16,6=5,30,2,0,0,36,6,30,55,53,55,35,76,79,78,76,74,0,54,52,40,76,55,36,48,30,47,59,52,0,55,49,0,0,0,50,26,25,42,0,52
l17,6=0,0,0,0,0,0,20,0,16,21,1,15,21,55,13,40,51,29,0,81,81,76,67,63,73,30,0,1,0,56,39,27,22,47,12,59,22,13,17,51,27
l18,6=0,0,0,0,0,0,33,14,18,23,0,5,45,49,0,22,51,25,75,0,70,69,56,50,71,3,64,0,0,29,22,58,0,0,0,26,6,0,0,38,18
l19,6=0,0,0,0,0,0,13,0,10,19,11,17,17,43,27,26,51,12,70,45,0,77,69,73,70,0,32,1,0,1,62,35,19,59,17,47,16,16,26,54,20
l20,6=0,0,0,0,0,0,6,9,42,46,52,26,46,55,51,35,55,56,66,51,82,0,70,76,61,7,0,29,9,16,27,57,62,17,11,40,30,23,28,58,59
l21,6=0,0,7,0,0,12,38,17,47,20,48,16,19,9,27,46,62,59,67,52,83,80,0,75,67,35,43,6,1,19,24,65,28,21,2,27,15,10,26,63,51
l22,6=0,0,0,0,0,0,21,14,29,16,28,14,4,47,40,34,53,15,59,25,83,80,71,0,57,2,25,0,0,35,31,48,22,16,21,23,22,20,22,44,65
l23,6=0,0,0,0,0,0,15,6,10,14,11,19,18,40,19,21,60,40,74,69,83,76,69,65,0,0,55,5,0,52,24,39,61,57,17,63,24,17,20,60,24
l24,6=21,48,0,3,20,28,0,1,19,56,26,7,44,52,79,44,27,22,1,0,3,38,16,0,0,0,51,0,76,50,40,55,36,53,56,35,35,55,69,0,0
l25,6=45,34,0,14,24,37,0,0,37,55,35,22,35,52,81,39,30,30,3,0,7,35,2,0,0,0,0,83,0,54,62,0,37,53,60,50,31,77,60,29,0
l26,6=0,0,0,0,0,0,0,0,0,0,0,0,0,0,0,0,47,0,64,32,0,43,25,55,51,0,0,54,49,0,83,0,88,81,74,77,70,66,60,2,26
l27,6=0,0,0,0,0,5,0,0,0,0,0,0,26,0,53,7,52,20,39,29,63,66,44,55,51,83,54,64,50,75,0,64,85,73,77,79,62,75,68,22,23
l28,6=0,0,0,0,0,0,0,0,0,0,0,0,0,0,31,0,35,0,59,0,57,64,46,56,52,0,49,59,39,75,83,46,0,90,87,78,65,69,59,0,0
l29,6=0,0,0,0,0,0,0,0,0,0,0,0,0,0,2,0,1,0,63,0,63,62,45,56,55,54,0,65,51,73,77,70,88,0,74,73,63,67,58,25,0
l30,6=0,0,0,0,0,0,0,0,0,0,0,0,0,0,0,0,0,0,10,0,53,12,0,55,45,62,83,51,46,74,78,82,87,75,0,72,58,64,57,0,0
l31,6=0,0,0,0,0,13,0,0,0,0,0,0,30,1,52,0,49,27,58,35,57,65,48,39,55,0,0,64,46,70,82,0,83,70,72,0,75,75,74,29,25
l32,6=0,0,0,0,0,28,0,0,0,0,0,0,0,50,52,24,34,23,33,3,45,62,46,30,28,37,88,66,51,75,63,83,76,61,63,79,0,83,80,0,0
l33,6=0,0,0,0,2,6,0,0,0,0,0,0,23,50,67,2,70,12,8,0,50,64,41,30,26,53,81,80,64,64,83,70,46,62,72,79,80,0,78,0,5
l34,6=0,0,0,0,0,0,0,0,35,0,0,0,0,50,53,15,26,25,33,0,52,64,48,50,42,60,74,71,58,68,82,72,79,63,72,79,84,76,0,0,0
l35,6=0,0,0,0,0,0,0,0,6,0,6,0,16,12,21,11,12,0,36,21,37,64,45,30,40,50,77,0,7,0,4,0,0,5,0,6,0,0,0,0,75
l36,6=0,0,0,0,0,0,0,0,12,9,5,1,48,46,19,40,55,33,20,0,20,74,44,71,16,31,70,0,0,12,5,75,0,0,0,9,0,3,0,77,0
l37,6=0,0,0,0,0,0,0,0,0,0,0,0,27,0,19,0,17,0,22,1,25,57,54,18,11,77,66,0,0,0,18,75,0,0,0,0,0,0,0,75,74
l38,6=0,0,0,0,0,0,0,0,5,16,46,11,64,48,23,47,56,56,53,18,69,76,64,71,7,60,60,6,11,4,0,74,0,0,0,8,0,7,0,74,71
l39,6=0,0,0,0,0,0,0,0,6,0,0,0,13,0,24,10,45,16,13,0,71,69,65,68,56,29,2,0,0,16,14,29,11,9,1,12,0,8,0,69,73
l40,6=0,0,0,0,0,0,0,0,9,0,0,0,17,0,0,11,17,13,28,20,59,12,57,67,39,0,26,0,0,18,2,25,12,0,9,12,0,0,0,66,65

l0,7=0,97,94,94,86,95,92,88,2,78,82,93,24,45,76,0,9,2,0,0,0,0,1,0,0,11,0,5,71,0,0,0,0,0,0,0,0,15,1,0,0
l1,7=97,0,94,94,86,95,92,94,3,73,93,93,1,35,2,15,7,0,0,0,0,0,0,0,0,2,0,90,0,0,0,0,0,0,0,0,0,0,0,0,0
l2,7=60,97,0,94,86,55,92,56,2,88,93,93,8,32,66,77,11,21,0,0,0,0,0,0,0,0,0,85,0,0,0,0,0,0,0,0,0,0,0,0,0
l3,7=48,97,93,0,86,95,87,92,16,57,83,90,0,42,59,65,0,0,0,0,0,0,0,0,0,30,0,86,66,0,0,0,0,0,0,0,0,5,0,0,0
l4,7=61,97,94,94,0,95,91,83,1,75,87,88,0,21,76,9,6,0,0,0,0,0,0,0,0,25,0,92,55,0,0,0,0,0,0,0,0,0,0,0,0
l5,7=61,97,66,81,86,0,92,90,41,76,88,90,11,53,72,73,6,6,0,0,0,0,0,0,0,2,0,76,0,0,0,0,0,0,0,0,0,0,0,0,0
l6,7=93,89,94,80,83,93,0,95,54,91,91,91,51,85,19,71,32,60,76,52,25,41,58,42,0,32,0,6,16,0,0,0,0,0,0,0,0,0,0,0,0
l7,7=89,96,93,90,81,93,92,0,85,93,94,93,56,65,10,81,3,43,37,0,13,1,35,41,0,14,0,44,38,0,0,0,0,0,0,0,0,0,0,0,22
l8,7=21,53,33,37,25,57,70,35,0,85,91,86,80,87,71,85,36,25,13,17,37,38,41,37,22,11,0,73,65,0,0,0,0,0,0,0,0,1,0,37,40
l9,7=92,54,93,17,82,93,90,93,65,0,94,91,69,71,28,86,37,5,14,0,27,38,23,38,43,20,0,0,42,0,0,0,0,0,0,0,0,0,0,0,33
l10,7=51,96,92,48,30,32,90,93,89,93,0,93,84,86,69,86,40,25,0,21,16,46,41,59,26,42,0,50,52,0,0,0,0,0,0,0,0,0,0,20,12
l11,7=93,96,93,92,82,93,90,93,89,93,94,0,82,68,40,86,76,47,6,29,21,42,43,0,38,3,0,40,0,0,0,0,0,0,0,0,0,0,0,0,1
l12,7=1,0,16,12,3,15,31,18,89,81,88,84,0,87,88,89,80,35,22,3,21,41,42,58,48,24,0,77,62,0,0,0,0,0,0,36,0,13,0,20,67
l13,7=36,0,22,29,28,15,26,0,18,39,64,47,33,33,0,89,49,33,8,0,22,39,39,61,14,15,0,93,89,0,13,0,0,1,2,57,61,68,37,47,61
l14,7=0,0,34,20,0,18,28,25,49,82,86,71,89,57,80,0,34,30,20,3,30,39,47,56,53,90,0,73,61,0,0,36,0,0,0,0,50,0,29,21,63
l15,7=6,13,20,0,22,7,39,13,10,43,48,54,82,59,87,60,0,71,69,57,0,64,66,67,67,50,0,62,19,22,0,0,0,0,13,58,25,49,23,37,70
l16,7=0,0,22,0,0,5,35,19,29,25,63,49,72,85,87,86,80,0,41,33,43,72,57,59,57,18,27,64,58,0,23,24,0,0,0,55,56,3,0,57,56
l17,7=0,0,0,0,0,0,22,3,0,2,1,4,52,49,4,31,71,40,0,91,80,76,78,60,84,13,0,0,0,68,28,12,1,28,5,65,14,0,8,29,60
l18,7=0,0,0,0,0,0,56,0,19,0,30,42,5,56,0,22,67,52,89,0,66,70,69,65,84,0,71,0,0,11,0,66,0,8,0,51,7,0,0,56,0
l19,7=0,0,0,0,0,0,9,0,50,27,16,20,36,40,14,52,3,49,88,60,0,77,78,75,84,0,9,0,4,26,70,31,58,56,16,68,37,8,44,68,68
l20,7=0,0,0,0,0,0,8,0,19,15,33,8,56,47,49,56,69,59,77,65,79,0,79,76,79,10,66,28,16,30,56,68,47,0,0,30,30,37,18,55,81
l21,7=0,0,0,0,0,0,17,2,29,12,62,29,38,25,49,71,69,59,78,59,78,78,0,76,81,33,64,28,9,0,17,48,9,9,0,19,51,18,35,68,68
l22,7=0,0,0,0,0,0,16,18,30,22,27,11,57,52,45,64,74,28,33,26,80,78,79,0,79,15,0,22,11,40,63,32,26,22,19,22,31,19,27,66,83
l23,7=0,0,1,0,0,0,21,0,0,24,16,15,46,27,1,54,69,47,80,76,79,76,78,73,0,47,67,20,0,65,65,63,60,64,46,68,35,7,22,67,62
l24,7=0,19,22,30,35,12,16,5,11,0,39,10,28,12,81,68,19,14,0,0,0,15,35,11,11,0,69,0,89,0,47,74,3,17,47,79,62,73,79,0,17
l25,7=11,2,0,30,25,2,32,14,11,20,42,3,24,15,90,50,18,13,0,0,10,33,15,47,0,0,0,93,0,28,42,0,21,23,45,68,77,35,34,33,0
l26,7=0,0,0,0,0,0,0,0,0,0,0,0,0,0,0,0,27,0,71,9,66,64,0,67,69,0,0,0,46,0,84,0,85,77,65,75,86,61,65,0,47
l27,7=0,0,0,0,0,0,0,0,0,0,0,0,0,1,31,0,11,10,40,0,74,48,40,67,70,93,0,67,68,84,0,65,77,68,67,77,78,74,72,1,0
l28,7=0,0,0,0,0,0,0,0,0,0,0,0,0,0,25,0,0,0,28,0,67,66,64,67,70,0,46,64,42,84,81,24,0,80,84,78,78,69,64,0,0
l29,7=0,0,0,0,0,0,0,0,0,0,0,0,0,0,0,0,0,0,71,3,67,0,64,67,72,28,0,65,67,84,73,84,85,0,81,71,78,59,63,0,0
l30,7=0,0,0,0,0,0,0,0,0,0,0,0,0,0,0,0,0,0,0,0,66,0,0,66,70,42,84,60,23,82,73,83,85,80,0,71,78,61,64,18,0
l31,7=0,0,0,0,0,0,0,0,0,0,0,0,0,0,36,0,24,12,66,31,68,48,32,63,74,0,0,65,24,84,83,0,80,67,64,0,85,73,74,52,57
l32,7=0,0,0,0,0,0,0,0,0,0,0,0,2,12,36,14,17,10,9,3,42,40,57,65,69,21,85,66,44,84,80,80,70,71,65,80,0,78,87,22,0
l33,7=1,0,0,0,0,0,0,0,1,1,14,14,1,31,48,0,24,10,0,0,40,67,59,66,45,23,77,80,26,32,83,67,80,60,69,80,86,0,69,3,51
l34,7=0,0,0,0,0,0,0,0,0,0,0,0,0,6,36,40,23,0,15,0,63,46,54,66,64,45,65,73,25,69,82,64,70,58,63,80,86,73,0,42,0
l35,7=0,0,0,0,0,0,0,0,1,0,4,0,4,2,19,10,14,18,3,18,70,41,65,48,42,68,75,0,9,0,0,0,0,0,7,14,7,0,6,0,81
l36,7=0,0,0,0,0,0,0,0,3,11,4,2,52,3,28,51,66,26,25,0,56,71,61,76,29,77,86,4,0,11,0,85,0,0,0,14,0,6,0,70,0
l37,7=0,0,0,0,0,0,0,0,0,4,0,0,7,2,20,6,2,15,45,8,1,62,65,58,32,35,61,0,0,0,1,73,0,0,0,0,0,0,0,76,81
l38,7=0,0,0,0,0,1,8,0,5,11,25,4,70,41,42,71,54,59,45,11,54,77,74,74,31,34,65,9,38,22,0,74,0,0,0,0,0,0,15,70,83
l39,7=0,0,0,0,0,0,0,0,0,0,0,0,42,22,5,21,16,19,56,0,62,54,77,74,63,33,0,0,0,18,11,52,0,5,0,14,0,0,0,75,81
l40,7=0,0,0,0,0,0,0,0,0,0,2,0,7,5,14,18,15,13,30,11,32,53,68,73,46,0,47,0,0,14,0,57,0,0,0,15,2,5,0,77,80

l0,8=0,92,98,100,99,99,53,57,49,97,61,82,0,93,20,0,91,0,0,0,0,0,0,0,0,0,0,54,0,0,0,0,0,0,0,0,0,0,0,0,0
l1,8=100,0,99,100,99,99,44,100,64,96,99,82,0,0,24,0,94,0,0,0,0,66,0,0,0,30,0,87,40,0,0,0,0,0,0,0,0,0,0,0,0
l2,8=100,93,0,100,99,97,97,87,38,98,98,94,0,52,0,87,92,58,0,0,0,10,0,0,0,0,0,56,0,0,0,0,0,0,0,0,0,0,0,0,65
l3,8=100,93,62,0,99,99,47,52,64,96,61,83,0,57,12,73,85,0,0,0,0,0,0,0,0,0,0,56,12,0,0,0,0,0,0,0,0,0,0,0,0
l4,8=100,90,99,100,0,99,47,57,53,96,39,82,0,0,33,67,93,0,0,0,0,0,0,0,0,47,0,98,52,0,0,0,0,0,0,0,0,0,0,0,0
l5,8=100,93,48,100,99,0,53,57,1,98,55,85,63,60,11,0,91,60,0,0,0,0,0,0,0,44,0,54,56,0,0,0,0,0,0,0,0,0,0,0,0
l6,8=95,80,100,95,98,99,0,100,91,98,99,92,91,92,0,89,95,91,52,19,62,82,0,42,79,0,0,39,0,0,0,0,0,0,0,0,0,0,0,0,0
l7,8=93,93,94,90,96,99,98,0,96,98,99,94,83,97,21,72,94,70,18,0,60,75,86,54,0,1,0,0,5,0,0,0,0,0,0,0,0,0,0,0,75
l8,8=64,52,70,93,77,9,93,87,0,54,99,93,95,97,0,95,93,67,19,23,81,85,76,88,0,43,0,33,50,0,0,0,0,0,0,0,0,0,0,8,76
l9,8=95,53,94,93,96,95,98,100,88,0,99,94,92,92,16,95,93,0,0,0,76,86,50,83,67,0,0,21,0,0,0,0,0,0,0,0,0,0,0,1,23
l10,8=95,89,75,95,36,56,98,100,96,98,0,94,92,95,21,95,95,67,5,50,50,89,86,89,32,78,0,22,23,0,0,0,0,0,0,0,0,0,0,40,0
l11,8=95,82,97,95,96,98,93,100,96,98,99,0,92,92,20,95,95,67,57,39,72,88,85,0,61,76,0,25,48,0,0,0,0,0,0,0,0,38,0,0,0
l12,8=0,0,0,0,0,25,82,83,60,54,93,87,0,57,61,99,98,75,56,35,83,90,86,88,19,86,0,57,57,0,0,24,0,0,0,43,28,29,13,19,83
l13,8=40,41,0,51,65,17,0,26,0,13,66,69,72,57,0,99,98,75,18,0,2,91,92,59,0,53,0,97,60,0,65,5,0,0,31,80,91,67,39,27,0
l14,8=0,0,55,1,34,0,83,25,60,57,93,87,98,61,62,0,98,98,55,46,78,89,92,88,71,99,0,57,13,0,0,37,0,0,0,0,60,4,14,39,78
l15,8=16,28,27,1,32,28,84,36,32,53,86,81,98,69,99,89,0,96,91,71,88,95,89,94,93,56,0,58,37,44,15,0,19,14,0,61,43,46,59,78,83
l16,8=0,0,39,0,0,35,85,81,56,15,91,80,97,94,99,99,98,0,57,37,90,95,90,91,73,74,62,64,49,0,53,65,0,0,0,45,79,60,39,45,89
l17,8=0,0,0,0,0,0,59,54,55,16,48,62,70,64,36,69,88,66,0,86,90,91,86,0,92,64,0,0,0,59,56,57,15,43,0,74,64,17,51,51,67
l18,8=0,0,0,0,0,0,25,0,56,0,65,64,69,1,0,69,86,42,93,0,87,91,87,74,92,0,86,0,0,50,61,80,0,57,0,79,0,0,0,72,73
l19,8=0,0,0,0,0,0,20,22,52,18,24,28,65,45,15,21,81,69,89,72,0,94,85,95,90,0,32,0,0,18,74,67,64,24,38,89,47,0,43,59,82
l20,8=0,2,0,0,0,0,22,3,29,34,50,49,73,61,33,71,87,69,86,69,90,0,92,95,88,4,55,22,0,58,59,88,43,23,25,75,46,48,17,76,85
l21,8=0,0,0,0,0,0,0,55,43,7,64,50,82,46,74,79,81,76,87,67,88,95,0,95,86,0,91,12,12,46,0,86,36,34,26,58,51,59,33,76,55
l22,8=0,0,0,0,0,0,36,48,59,53,62,0,70,52,48,65,81,65,0,24,91,95,92,0,67,40,74,2,17,51,60,76,3,52,47,51,10,15,9,79,90
l23,8=0,0,0,0,0,0,29,0,0,25,30,18,32,51,0,66,83,49,92,77,90,92,83,87,0,33,81,0,0,45,64,83,31,73,37,89,52,0,21,75,77
l24,8=51,38,52,76,80,42,22,0,17,20,71,45,71,18,99,96,88,74,0,0,0,90,40,14,0,0,86,0,100,82,97,82,81,84,83,98,94,67,63,0,8
l25,8=0,30,0,0,47,44,0,1,43,0,78,76,86,53,99,56,74,64,0,0,4,0,40,33,0,0,0,98,0,85,94,0,73,88,79,63,58,98,56,20,36
l26,8=0,0,0,0,0,0,0,0,0,0,0,0,0,0,0,0,62,0,86,32,55,91,74,81,86,0,0,34,82,0,100,0,99,100,90,98,98,91,88,33,38
l27,8=0,0,0,0,0,0,0,0,0,0,0,0,0,23,25,0,37,34,47,44,85,84,0,90,83,98,34,84,78,95,0,55,86,91,90,97,92,98,88,0,0
l28,8=0,0,0,0,0,0,0,0,0,0,0,0,0,0,0,0,49,0,27,0,86,75,63,43,80,0,82,63,31,95,95,60,0,100,100,97,90,91,88,26,5
l29,8=0,0,0,0,0,0,0,0,0,0,0,0,0,0,1,0,43,0,55,58,66,72,67,76,88,85,0,54,76,95,95,92,99,0,100,98,75,83,88,1,0
l30,8=0,0,0,0,0,0,0,0,0,0,0,0,0,0,10,0,0,0,0,0,73,70,65,82,81,94,100,67,56,92,98,95,99,100,0,95,91,89,72,0,0
l31,8=0,0,0,0,0,0,0,0,0,0,0,0,24,5,37,0,65,57,80,67,88,86,76,83,82,0,0,55,60,92,95,0,86,91,90,0,93,98,99,34,50
l32,8=0,0,0,0,0,0,0,0,0,0,0,0,43,62,55,53,75,86,88,0,76,91,85,14,57,73,99,58,68,95,100,86,86,92,93,98,0,98,100,34,0
l33,8=0,0,0,0,0,0,0,0,0,0,0,35,36,69,54,29,64,83,18,0,0,84,80,78,0,88,100,55,68,92,100,91,85,91,90,98,98,0,95,17,0
l34,8=0,0,0,0,0,0,0,0,0,0,0,0,33,0,40,50,75,61,50,0,82,83,76,70,32,79,90,85,51,92,95,90,85,91,75,98,98,98,0,14,1
l35,8=0,0,0,0,0,0,0,0,0,3,27,0,24,5,26,48,67,37,26,26,53,75,68,76,67,63,98,0,8,18,0,0,5,1,0,32,18,7,6,0,88
l36,8=0,0,0,0,0,0,0,16,17,1,14,0,37,9,14,53,64,54,29,20,77,91,57,93,58,58,98,0,10,14,0,93,0,0,0,31,0,0,0,82,0
l37,8=0,0,0,0,0,0,0,0,0,0,0,0,46,28,42,42,57,26,46,12,44,84,53,67,55,98,91,0,0,0,0,98,0,0,0,0,0,0,0,81,84
l38,8=0,0,0,0,0,7,40,0,6,19,62,28,82,29,38,78,84,76,51,34,84,93,92,93,77,56,88,20,48,14,0,99,0,0,0,18,32,0,25,82,89
l39,8=0,0,0,0,0,0,0,0,0,0,0,0,50,28,0,19,73,52,57,17,62,74,90,93,70,20,33,0,0,16,18,34,0,1,0,1,1,0,0,81,88
l40,8=0,0,0,0,0,0,0,0,0,0,0,0,26,7,27,17,22,32,47,20,55,58,64,81,27,36,38,0,0,17,12,50,0,1,0,9,37,0,0,81,75

l0,9=0,100,100,100,100,100,99,97,71,98,96,96,0,62,33,17,72,0,0,0,0,0,0,0,0,88,0,57,86,0,0,0,0,0,0,0,0,0,0,0,0
l1,9=99,0,100,100,100,100,99,98,97,97,96,98,63,79,52,25,18,0,0,0,0,0,23,0,0,0,0,85,0,0,0,0,0,0,0,0,0,0,0,0,0
l2,9=99,100,0,99,100,100,100,98,56,98,98,98,91,66,0,56,90,0,0,0,0,0,0,0,0,17,0,0,85,0,0,0,0,0,0,0,0,0,0,0,0
l3,9=99,100,98,0,100,100,78,94,82,60,96,97,42,66,28,11,88,0,0,0,0,0,0,0,0,34,0,1,90,0,23,0,0,0,0,0,0,0,0,0,0
l4,9=99,100,100,100,0,100,98,94,71,96,96,96,32,70,50,24,84,0,0,0,0,0,0,0,0,69,0,92,95,0,0,0,0,0,0,0,0,0,0,0,0
l5,9=88,100,100,100,100,0,99,98,56,98,27,98,96,67,33,0,64,86,0,0,0,0,1,0,0,27,0,89,25,0,0,0,0,0,0,0,38,70,0,0,0
l6,9=98,100,100,94,100,100,0,97,98,98,97,98,99,99,89,86,100,92,85,0,87,86,79,92,80,0,0,81,0,0,0,0,0,0,0,0,0,0,0,0,68
l7,9=99,100,100,92,100,100,88,0,98,98,99,100,99,100,14,47,98,98,28,0,27,55,17,81,66,81,0,86,83,0,0,0,0,0,0,0,0,0,0,0,38
l8,9=86,57,53,61,67,91,85,99,0,75,99,100,100,82,32,56,99,97,53,49,60,53,53,92,0,60,0,92,97,0,0,0,0,0,0,0,0,71,55,86,93
l9,9=99,81,100,56,69,100,98,100,98,0,99,100,100,100,30,93,100,88,0,0,55,55,6,86,95,0,0,87,0,0,0,0,0,0,0,0,0,0,0,0,48
l10,9=98,57,99,69,69,39,94,100,98,98,0,100,100,100,34,56,100,93,24,24,6,15,32,90,77,27,0,89,80,0,0,0,0,0,0,0,0,0,0,75,3
l11,9=99,99,100,100,100,100,99,100,98,98,99,0,100,100,57,93,100,99,61,0,58,97,91,92,67,57,0,93,98,0,0,0,0,0,0,0,0,80,0,0,0
l12,9=0,0,0,3,35,59,77,99,60,35,36,100,0,71,34,94,100,99,26,23,32,55,55,92,98,95,0,100,100,0,66,29,0,0,0,0,33,63,38,50,27
l13,9=45,37,0,0,67,93,75,89,59,30,35,60,100,71,0,31,100,99,0,0,59,56,56,42,0,51,0,100,100,98,95,25,0,0,0,7,99,100,52,60,95
l14,9=0,6,24,0,56,0,72,96,59,61,34,98,100,100,33,0,100,99,26,26,29,40,57,91,97,41,34,99,96,0,0,24,0,0,0,0,42,43,14,96,93
l15,9=40,1,7,26,62,22,73,95,58,59,59,97,100,99,93,93,0,99,60,59,68,97,94,94,98,29,0,98,95,95,97,0,89,43,0,33,0,99,95,57,93
l16,9=0,0,0,0,0,92,44,96,59,30,35,97,100,69,93,94,99,0,60,0,68,87,95,95,97,100,82,99,98,0,88,84,0,0,0,28,61,99,91,49,93
l17,9=0,0,0,0,0,0,72,67,74,0,92,89,96,94,0,85,96,93,0,99,95,96,95,96,97,98,0,0,0,79,97,78,67,73,0,95,80,0,69,12,91
l18,9=0,0,0,0,0,0,0,0,69,0,96,0,92,91,0,93,96,0,99,0,95,96,95,96,97,0,82,0,0,0,97,99,0,57,0,69,0,0,0,96,93
l19,9=0,0,0,0,0,0,74,41,76,77,16,76,80,83,72,76,95,93,99,78,0,97,95,96,98,0,0,0,0,78,80,36,83,77,70,91,78,71,76,76,92
l20,9=0,0,0,0,0,0,52,80,39,23,11,78,97,98,44,74,98,94,96,55,96,0,96,97,97,0,63,76,9,80,80,97,80,42,25,54,66,69,78,96,93
l21,9=0,31,0,0,0,46,78,68,75,59,69,78,90,96,91,93,98,98,98,98,95,97,0,97,91,43,96,74,26,80,0,97,77,83,70,66,81,92,75,96,93
l22,9=0,0,0,0,0,0,66,77,89,47,88,82,91,58,23,87,98,96,94,45,96,97,96,0,97,0,64,0,18,93,90,22,76,93,25,85,47,87,0,96,94
l23,9=0,0,0,0,0,0,64,77,0,88,34,70,97,85,0,91,98,97,98,97,96,96,95,96,0,10,96,0,0,87,99,33,85,98,0,98,83,0,85,96,92
l24,9=66,35,0,0,66,89,8,77,54,7,26,53,100,47,94,29,99,99,0,0,0,52,4,0,0,0,71,0,100,0,97,42,94,50,35,26,100,67,97,0,7
l25,9=88,0,17,34,69,27,0,81,60,0,27,57,95,51,41,29,100,98,0,0,0,43,0,10,0,0,0,100,0,100,97,0,23,54,0,30,62,100,93,0,59
l26,9=0,0,0,0,0,0,0,0,0,0,0,0,0,0,34,0,82,0,82,0,63,96,64,96,71,0,0,0,99,0,100,0,100,100,100,100,100,100,97,50,48
l27,9=0,0,0,6,0,0,0,0,0,0,0,0,26,28,23,0,80,55,48,41,89,85,0,47,100,100,0,90,72,100,0,84,100,100,100,100,100,100,97,25,24
l28,9=0,0,0,0,0,0,0,0,0,0,0,0,0,0,0,0,72,0,41,0,79,75,50,53,67,0,99,78,57,100,100,100,0,100,100,100,72,100,67,0,0
l29,9=0,0,0,0,0,0,0,0,0,0,0,0,0,0,0,0,75,0,79,16,87,77,58,94,97,100,0,91,92,100,100,100,100,0,100,100,64,97,97,23,0
l30,9=0,0,0,0,0,0,0,0,0,0,0,0,0,0,0,0,0,0,0,0,57,75,34,27,0,97,100,87,0,100,100,100,100,100,0,100,100,97,97,0,0
l31,9=0,0,0,0,0,0,0,0,0,0,0,0,29,25,24,0,84,78,99,36,97,97,22,33,42,0,0,84,100,100,100,0,100,100,100,0,100,100,97,0,48
l32,9=0,0,0,0,0,64,0,0,0,0,0,0,46,32,60,27,0,93,58,0,67,56,47,27,38,23,100,100,99,100,100,100,93,70,100,100,0,100,97,0,0
l33,9=0,0,0,0,8,66,0,0,37,0,1,40,47,48,62,21,100,93,0,0,45,42,46,30,0,54,100,100,100,100,100,100,100,86,61,100,100,0,93,0,0
l34,9=0,0,0,0,0,0,0,0,38,0,0,0,45,40,26,18,100,88,50,0,53,52,23,0,35,0,100,100,99,100,99,100,90,90,61,100,100,100,0,0,0
l35,9=0,0,0,0,0,0,0,0,16,0,9,0,15,17,29,45,85,67,0,52,88,96,93,96,97,30,100,0,0,73,61,0,0,6,0,0,0,0,0,0,95
l36,9=0,0,0,0,0,0,7,0,35,0,0,0,82,19,83,86,95,87,69,23,91,96,93,96,86,62,100,17,57,65,0,100,0,0,0,11,0,0,0,97,0
l37,9=0,0,0,0,0,0,0,0,2,0,0,0,85,0,20,22,90,69,0,22,84,84,55,87,82,100,100,0,0,0,49,100,0,4,0,0,0,0,0,96,93
l38,9=0,0,29,0,0,8,53,0,3,16,25,67,98,97,76,92,98,66,55,20,93,96,94,96,87,93,97,73,78,0,0,97,2,0,0,15,52,0,0,96,93
l39,9=0,0,0,0,0,0,0,0,0,0,0,0,83,32,68,68,97,85,92,85,89,96,94,93,96,0,50,0,0,55,0,0,0,5,0,25,0,0,0,96,93
l40,9=0,0,0,0,0,0,0,0,0,0,0,0,79,0,0,75,79,75,71,38,75,80,79,96,82,59,48,0,0,60,61,48,18,68,0,0,0,58,0,96,87

l0,10=0,79,88,92,89,90,83,86,82,75,86,49,42,69,70,0,56,0,0,0,0,0,0,0,0,35,0,0,76,0,0,0,0,0,0,0,0,0,0,0,0
l1,10=93,0,85,88,89,93,87,76,82,82,86,48,44,61,73,0,0,0,0,0,0,0,33,8,0,25,0,55,61,0,0,0,0,0,0,0,0,0,0,0,0
l2,10=93,80,0,83,89,93,88,86,82,86,92,57,46,72,54,78,46,52,0,0,0,37,50,40,0,28,0,0,62,0,0,0,0,0,0,0,0,0,0,0,21
l3,10=93,66,45,0,89,93,83,84,82,83,87,48,0,39,27,42,0,0,0,0,0,0,0,0,0,62,0,58,74,0,0,0,0,0,0,0,0,0,0,0,0
l4,10=93,81,55,93,0,93,87,84,82,0,84,49,0,72,50,8,0,0,0,0,0,0,0,0,0,51,0,50,73,0,0,0,0,0,0,0,0,0,0,0,0
l5,10=90,81,90,93,89,0,65,76,83,87,86,85,41,66,51,42,36,4,0,0,0,0,0,0,0,37,0,61,57,0,0,0,0,0,0,0,0,55,0,0,24
l6,10=85,80,85,82,85,80,0,88,84,87,92,83,70,0,47,81,78,73,68,0,24,60,57,60,44,0,0,0,0,0,0,0,0,0,0,0,0,0,0,0,27
l7,10=85,54,82,81,85,83,83,0,83,88,92,86,73,76,57,83,45,79,73,0,38,63,57,46,26,45,0,0,55,0,0,0,0,0,0,0,0,0,0,0,0
l8,10=50,49,82,70,60,83,83,86,0,86,92,86,80,82,64,88,48,84,70,2,46,41,74,69,41,46,0,54,71,0,0,0,0,0,0,0,0,49,0,40,42
l9,10=31,47,82,73,53,85,83,87,83,0,92,89,74,76,4,85,50,75,57,0,43,39,65,61,69,35,0,54,45,0,0,0,0,0,0,0,0,0,0,0,0
l10,10=79,78,82,76,83,83,83,86,90,87,0,86,74,79,85,85,40,59,62,42,32,37,74,67,30,10,0,62,0,0,0,0,0,0,0,0,0,0,0,16,0
l11,10=84,49,82,80,81,83,83,90,83,88,92,0,63,76,46,85,50,83,0,48,41,32,54,61,33,17,0,0,55,0,0,0,0,0,0,0,0,0,0,0,0
l12,10=18,37,23,0,0,75,35,74,88,81,53,28,0,85,73,92,32,94,49,30,21,44,77,67,64,65,0,80,69,0,1,0,0,0,0,0,0,0,34,29,50
l13,10=27,31,39,0,39,75,25,58,83,2,53,6,73,80,0,58,56,95,39,0,27,36,83,74,34,79,0,97,85,13,0,0,0,4,0,82,66,82,68,29,33
l14,10=0,0,46,39,37,73,44,70,87,86,79,78,83,85,93,0,86,95,3,43,66,75,72,66,70,96,68,78,73,0,0,72,0,0,0,0,50,35,0,0,46
l15,10=18,0,54,0,0,35,39,47,59,66,38,34,57,81,93,92,0,95,84,53,77,89,90,67,85,52,0,69,69,23,37,0,0,0,5,39,57,61,79,52,35
l16,10=0,0,8,0,0,31,41,50,85,62,37,47,83,80,96,92,88,0,76,0,52,74,90,83,79,53,62,91,75,0,5,40,0,0,0,39,65,65,63,56,55
l17,10=0,0,0,0,0,0,68,65,71,70,66,0,66,63,69,46,83,81,0,98,89,80,90,78,89,82,0,0,0,74,75,68,72,47,0,80,73,0,0,67,58
l18,10=0,0,0,0,0,0,0,0,31,0,76,76,72,65,1,77,86,0,96,0,89,88,87,75,82,0,71,0,0,0,83,84,16,0,0,1,0,0,0,76,83
l19,10=0,0,0,0,0,0,41,44,74,70,50,66,43,67,75,80,82,83,96,87,0,90,90,85,91,0,0,0,0,77,82,0,59,71,69,85,76,21,47,81,78
l20,10=0,0,34,0,0,0,57,58,62,66,58,23,68,74,77,81,85,85,81,86,90,0,90,87,91,0,80,53,39,68,83,78,72,51,55,82,79,68,64,85,87
l21,10=0,4,39,0,0,0,52,48,70,61,76,57,73,69,79,77,87,91,94,91,89,90,0,87,82,18,77,0,54,66,61,49,57,67,52,69,41,69,74,70,87
l22,10=0,0,0,0,0,0,48,42,72,62,60,43,64,57,69,75,79,87,82,61,89,90,90,0,90,35,73,31,0,81,66,49,62,72,63,77,69,53,41,84,86
l23,10=0,0,0,0,0,0,65,39,60,70,38,35,70,65,44,76,83,80,95,82,90,88,76,85,0,0,81,0,0,79,82,72,62,77,81,80,68,42,81,78,78
l24,10=0,27,0,62,33,48,0,0,33,33,43,0,70,50,96,60,52,92,0,0,0,31,0,27,0,0,75,0,95,41,22,78,65,59,41,55,90,94,66,0,0
l25,10=35,25,28,62,51,37,0,45,46,35,10,17,65,79,96,52,53,82,0,0,0,18,35,0,0,0,0,97,0,51,43,0,0,0,0,93,41,94,92,0,1
l26,10=0,0,0,0,0,0,0,0,0,0,0,0,0,0,68,0,62,0,71,0,80,77,73,81,75,0,0,78,81,0,93,0,94,92,93,95,90,89,94,64,64
l27,10=0,0,0,0,0,0,0,0,0,0,0,0,56,32,0,0,51,28,80,64,85,85,48,76,86,97,78,72,67,94,0,83,93,92,93,95,90,92,94,45,42
l28,10=0,0,0,0,0,0,0,0,0,0,0,0,0,0,0,0,0,0,84,10,71,83,67,78,72,0,81,84,0,94,93,84,0,92,93,95,89,91,94,0,0
l29,10=0,0,0,0,0,0,0,0,0,0,0,0,0,0,0,0,0,0,19,0,74,71,75,74,81,51,0,74,0,94,93,94,94,0,93,95,88,75,89,0,28
l30,10=0,0,0,0,0,0,0,0,0,0,0,0,0,0,0,0,0,0,0,0,66,41,28,68,74,43,93,82,0,93,93,93,93,92,0,95,89,83,92,0,0
l31,10=0,0,0,0,0,0,0,0,0,0,0,0,0,0,72,0,40,68,84,0,78,49,49,72,78,0,0,83,84,94,93,0,93,91,93,0,90,94,94,41,32
l32,10=0,0,0,0,8,0,0,0,0,0,0,0,0,0,53,40,51,77,81,0,45,84,28,78,73,0,94,91,53,94,93,93,89,92,93,95,0,94,94,16,30
l33,10=0,0,0,0,21,1,0,0,4,0,5,0,16,38,80,10,74,79,0,0,14,40,50,57,51,0,92,97,94,91,93,91,93,79,55,95,93,0,94,0,21
l34,10=0,0,0,0,0,0,0,0,0,0,0,0,55,39,17,1,81,76,0,0,26,38,49,64,77,0,93,89,85,93,93,93,86,88,59,95,93,94,0,0,0
l35,10=0,0,0,0,0,0,0,0,59,0,40,0,65,61,54,0,73,80,57,54,79,89,74,80,77,93,95,0,0,41,34,0,0,0,0,51,1,0,0,0,89
l36,10=0,0,0,0,0,8,4,0,45,7,0,0,68,61,71,67,48,82,29,49,63,89,87,82,69,41,90,0,0,38,38,90,0,6,0,14,1,1,0,85,0
l37,10=0,0,0,0,0,0,0,0,0,0,0,0,62,0,44,71,78,78,71,32,73,87,0,84,67,94,89,0,0,0,0,94,0,0,0,0,0,0,0,85,87
l38,10=0,0,0,0,0,0,27,17,37,46,35,0,74,68,78,73,84,81,69,0,77,83,89,85,62,92,94,23,66,0,0,94,0,0,0,0,14,39,0,84,87
l39,10=0,0,0,0,0,0,0,0,0,0,0,0,59,49,57,52,80,77,80,58,80,88,89,66,79,0,64,0,0,0,0,41,0,0,0,58,0,0,0,85,87
l40,10=0,0,0,0,0,0,0,0,0,0,0,0,23,0,0,65,72,61,74,1,86,75,81,85,82,1,64,0,0,60,0,32,0,0,0,35,0,45,0,86,81

l0,11=0,86,78,79,78,84,84,73,42,79,79,84,28,69,68,0,0,0,0,0,0,0,0,0,0,30,0,27,34,0,0,0,0,0,0,0,0,0,0,0,0
l1,11=85,0,77,75,77,82,84,74,65,76,79,46,45,63,64,34,16,0,0,0,0,0,0,0,0,0,0,49,15,0,0,0,0,0,0,0,0,0,0,0,0
l2,11=87,85,0,74,75,82,84,71,66,79,78,84,37,74,65,41,40,0,0,0,0,41,17,0,0,17,0,28,33,0,0,0,0,0,0,0,0,0,0,0,0
l3,11=88,90,78,0,82,85,43,19,47,70,59,44,2,0,59,22,0,0,0,0,0,0,0,0,0,24,0,37,38,0,0,0,0,0,0,0,0,0,0,0,0
l4,11=88,90,78,79,0,84,81,51,0,74,59,29,22,56,58,0,0,0,0,0,0,0,0,0,0,0,0,36,32,0,0,0,0,0,0,0,0,0,0,0,0
l5,11=88,90,79,78,81,0,82,71,66,80,78,85,23,71,62,0,15,0,0,0,0,0,0,0,0,18,0,46,38,0,0,15,0,0,0,32,0,0,0,0,0
l6,11=83,85,75,5,74,79,0,71,66,80,78,84,73,74,51,72,66,11,44,0,30,42,14,21,41,0,0,0,0,0,0,0,0,0,0,0,0,0,0,0,0
l7,11=83,85,75,42,74,78,83,0,65,81,80,87,76,74,48,38,0,3,58,0,24,48,31,28,36,0,0,0,0,0,0,0,0,0,0,0,0,0,0,11,0
l8,11=68,83,70,39,0,68,83,44,0,81,84,87,49,85,70,82,37,41,16,50,30,44,41,25,36,17,0,39,37,0,0,0,0,0,0,0,0,0,0,62,47
l9,11=82,81,76,38,40,79,83,74,67,0,82,88,81,79,0,76,41,22,7,0,15,9,35,37,6,41,0,28,10,0,0,0,0,0,0,0,0,0,0,18,0
l10,11=78,83,73,36,33,77,83,74,75,82,0,87,77,80,43,72,11,21,15,27,14,40,42,32,20,46,0,28,25,0,0,0,0,0,0,0,0,0,0,49,48
l11,11=77,83,75,40,40,80,82,75,67,83,84,0,80,79,45,76,42,57,51,32,46,28,38,32,16,19,0,3,27,0,0,0,0,0,0,0,0,1,0,0,31
l12,11=14,76,40,0,2,17,43,19,44,73,74,26,0,83,85,85,48,93,35,9,6,20,39,35,40,27,0,37,39,0,39,0,0,0,0,0,0,11,46,69,62
l13,11=62,73,44,28,11,47,7,0,36,0,35,0,59,67,0,80,27,32,21,0,24,45,37,34,14,43,0,68,51,15,55,0,0,0,10,24,3,30,75,66,66
l14,11=1,49,46,9,0,0,76,8,75,80,73,49,91,86,85,0,80,93,52,24,16,51,27,37,18,91,46,40,42,0,0,52,0,0,0,1,0,10,38,45,50
l15,11=0,45,44,0,4,29,39,2,32,62,49,23,51,71,86,85,0,95,53,58,32,82,84,34,74,63,0,28,36,41,43,10,44,16,0,36,19,26,65,57,82
l16,11=0,0,0,0,0,0,8,6,74,64,78,42,91,86,91,85,82,0,66,0,6,83,82,82,41,18,32,25,53,0,0,18,0,0,0,22,5,56,48,52,80
l17,11=0,0,0,0,0,0,57,60,33,29,59,62,65,62,48,65,65,74,0,98,87,74,80,76,89,12,0,0,0,63,71,9,62,0,0,69,59,0,0,64,48
l18,11=0,0,0,0,0,0,0,0,58,42,68,58,33,65,0,62,71,0,91,0,88,84,82,80,90,0,39,0,0,0,77,43,31,0,3,47,0,28,0,74,2
l19,11=0,0,0,0,0,0,52,49,60,55,56,68,67,70,65,71,66,60,86,85,0,84,80,83,90,0,0,0,51,74,84,0,59,72,71,76,48,58,50,75,75
l20,11=0,0,31,0,0,0,41,28,25,41,53,15,41,71,57,76,79,85,52,77,89,0,85,86,88,8,55,31,3,59,71,25,70,12,0,53,38,37,37,59,85
l21,11=0,0,25,0,0,0,17,28,58,57,73,55,68,68,64,67,80,78,87,78,87,84,0,86,75,14,70,27,37,64,56,39,37,49,29,51,47,11,54,75,87
l22,11=0,0,0,0,0,0,22,13,20,57,44,22,77,59,58,67,59,80,63,71,87,84,85,0,85,28,64,17,27,69,53,37,1,57,49,37,18,19,48,84,86
l23,11=0,0,0,0,0,0,56,36,59,39,55,21,69,62,56,64,69,70,91,87,89,82,73,82,0,26,71,0,0,71,78,36,70,71,71,71,0,0,60,74,59
l24,11=33,64,36,23,18,18,0,0,17,58,49,6,21,42,91,71,18,12,0,0,0,28,29,14,0,0,70,0,81,38,55,72,31,21,28,56,27,73,73,0,26
l25,11=30,0,17,24,0,18,0,0,17,41,46,19,27,43,91,63,18,12,0,0,8,14,28,26,0,0,0,85,0,46,49,0,20,22,10,59,26,53,62,2,33
l26,11=0,0,0,0,0,0,0,0,0,0,0,0,0,0,46,0,32,0,39,0,55,70,64,71,70,0,0,42,63,0,95,0,93,89,90,89,86,91,91,39,33
l27,11=0,0,0,0,0,0,0,0,0,0,0,0,11,0,63,0,38,0,42,28,49,45,53,45,68,85,42,69,39,89,0,71,92,89,90,90,63,91,91,0,30
l28,11=0,0,0,0,0,0,0,0,0,0,0,0,0,0,0,0,45,0,42,15,38,75,60,22,73,0,63,71,55,89,94,75,0,89,90,89,81,76,85,0,0
l29,11=0,0,0,0,0,0,0,0,0,0,0,0,0,0,0,0,22,0,0,0,60,24,53,58,67,46,0,42,57,89,94,89,93,0,90,89,81,85,86,0,53
l30,11=0,0,0,0,0,0,0,0,0,0,0,0,0,0,38,0,0,0,0,0,65,0,32,53,72,49,95,67,1,89,94,95,92,89,0,89,81,84,88,0,0
l31,11=0,0,0,0,0,15,0,0,0,0,0,0,0,0,52,10,18,9,43,0,25,39,37,36,72,0,0,71,75,89,95,0,92,89,90,0,87,96,93,29,0
l32,11=0,0,0,0,0,0,0,0,0,0,0,0,16,25,60,0,21,15,32,0,12,32,39,37,0,20,93,82,47,89,82,92,62,57,65,91,0,96,93,0,0
l33,11=0,0,0,0,0,0,0,0,0,0,0,2,23,0,83,48,59,39,0,0,8,29,5,32,0,22,89,85,77,88,95,89,31,32,42,91,91,0,93,0,14
l34,11=0,0,0,0,0,0,0,0,0,0,0,0,17,30,79,47,73,16,0,0,16,27,42,39,41,10,90,73,46,89,95,90,89,88,90,91,91,96,0,0,23
l35,11=0,0,0,0,0,0,0,0,18,1,43,0,72,46,56,0,57,15,43,55,71,37,67,73,72,59,89,0,0,6,0,0,0,0,0,0,0,0,0,0,88
l36,11=0,0,0,0,0,0,0,0,19,0,37,0,70,64,56,41,70,66,46,0,68,79,75,79,66,26,86,24,28,36,28,87,0,29,0,0,0,0,0,86,0
l37,11=0,0,0,0,0,0,0,0,0,0,0,0,50,26,65,55,72,68,63,0,0,77,64,75,74,53,91,10,0,0,0,96,0,0,0,0,0,0,0,84,87
l38,11=0,0,0,0,0,0,30,14,29,51,33,22,35,58,58,83,80,41,48,36,73,48,80,79,53,62,91,10,30,0,0,93,27,0,0,0,0,14,42,83,87
l39,11=0,0,0,0,0,0,0,0,0,0,0,0,59,47,0,2,69,67,62,54,70,81,77,78,82,2,39,0,0,48,0,29,11,0,0,41,0,0,34,85,88
l40,11=0,0,0,0,0,0,0,0,0,0,3,0,50,0,46,50,69,63,69,33,77,68,72,84,72,33,33,0,0,44,58,0,50,0,0,44,0,0,0,81,81

l0,12=0,61,86,86,79,84,79,82,65,80,67,71,44,71,47,8,46,0,0,0,0,0,0,0,0,29,0,14,33,0,0,0,0,0,0,0,0,0,0,0,0
l1,12=82,0,84,84,78,84,79,82,46,76,66,67,42,35,50,56,41,0,0,0,0,0,1,0,0,24,0,16,56,0,0,0,0,0,0,0,0,0,0,0,0
l2,12=82,83,0,83,75,84,75,79,70,76,65,68,37,70,0,60,69,39,23,0,47,25,16,26,0,7,0,15,59,0,0,0,0,0,0,0,0,0,0,0,0
l3,12=63,40,85,0,78,84,75,21,32,73,47,68,0,32,44,26,0,0,0,0,0,0,0,0,0,1,0,6,42,0,0,0,0,0,0,0,0,0,0,0,0
l4,12=87,84,84,86,0,84,76,79,33,76,64,68,1,32,46,0,0,0,0,0,0,0,0,0,0,42,0,19,57,0,0,0,0,0,0,0,0,0,0,0,0
l5,12=63,84,86,87,79,0,78,79,70,76,65,68,38,32,43,59,50,1,0,0,0,8,0,0,0,0,0,18,47,0,0,36,0,0,0,17,0,0,0,0,0
l6,12=79,82,83,78,74,82,0,84,70,76,1,68,68,70,55,73,53,35,2,24,57,28,28,35,49,0,0,0,0,0,0,0,0,0,0,0,0,0,0,0,19
l7,12=79,81,52,46,71,81,79,0,71,81,76,80,49,73,56,71,52,41,48,0,70,34,37,41,47,0,0,19,0,0,0,0,0,0,0,0,0,0,0,0,8
l8,12=63,71,50,42,58,81,79,80,0,81,80,80,48,81,38,81,56,45,28,33,74,54,42,25,53,36,0,1,67,0,0,0,0,0,0,0,0,4,0,46,61
l9,12=80,80,49,43,68,81,76,86,77,0,77,80,74,46,45,78,54,45,8,0,42,16,33,39,41,14,0,17,24,0,0,0,0,0,0,0,0,0,0,0,45
l10,12=79,80,75,1,61,79,34,85,80,78,0,78,68,74,44,74,57,45,0,52,56,58,65,17,34,18,0,18,12,0,0,0,0,0,0,0,0,0,0,36,37
l11,12=80,76,83,79,71,81,74,89,81,82,80,0,68,74,54,74,64,39,0,60,61,27,39,60,42,31,0,13,67,0,0,0,0,0,0,0,0,0,0,0,35
l12,12=49,58,1,0,17,55,70,47,45,62,72,67,0,81,69,87,65,91,20,0,67,55,48,45,62,52,0,77,71,0,5,1,0,0,0,4,4,71,69,77,77
l13,12=43,50,0,0,27,34,42,23,18,26,28,32,54,41,0,87,67,56,1,0,70,33,10,26,52,36,0,96,82,0,7,0,0,0,0,0,63,95,86,61,66
l14,12=0,24,12,0,11,47,74,39,80,62,72,72,84,81,86,0,82,89,18,29,68,68,47,34,62,86,0,78,72,0,0,0,0,0,0,6,40,0,52,64,66
l15,12=41,21,36,0,0,57,61,39,44,51,70,52,79,68,86,86,0,89,49,66,75,83,81,42,72,83,0,80,56,43,23,19,21,0,0,49,56,76,75,71,80
l16,12=0,0,30,0,0,23,52,37,77,62,72,42,84,81,88,87,84,0,40,0,79,86,86,80,51,54,55,82,62,0,41,31,0,0,0,2,48,61,57,65,72
l17,12=0,0,0,0,0,17,47,63,59,49,48,0,54,53,42,57,77,60,0,96,88,80,83,68,87,37,0,0,0,47,71,11,60,61,58,72,61,1,21,55,65
l18,12=0,0,0,0,0,0,59,0,52,1,66,61,0,56,0,56,80,0,88,0,82,85,83,79,87,0,36,0,0,0,60,64,0,0,0,53,39,0,0,64,0
l19,12=0,0,1,0,0,0,64,40,66,35,55,55,32,0,53,65,66,69,87,78,0,86,84,82,87,0,0,6,0,69,73,15,66,68,56,70,72,9,69,69,74
l20,12=0,0,0,0,0,14,45,38,31,30,68,34,34,61,33,76,81,82,80,71,89,0,86,83,82,0,67,50,0,56,56,75,62,9,0,62,46,63,62,63,87
l21,12=0,0,4,0,0,0,47,50,53,37,68,45,65,62,33,75,83,90,84,67,88,86,0,83,78,0,69,50,0,52,60,70,28,0,23,50,45,58,25,77,70
l22,12=0,0,1,0,0,0,47,34,27,42,45,51,62,44,38,64,62,69,53,63,89,86,86,0,73,0,61,0,48,51,52,50,26,47,0,46,43,0,68,83,83
l23,12=0,0,0,0,0,0,56,59,59,52,53,53,54,53,54,58,66,57,87,84,89,74,63,72,0,25,62,0,5,68,66,50,71,69,41,74,57,0,62,62,3
l24,12=15,20,0,16,60,33,0,15,0,25,26,21,49,43,74,53,43,29,0,0,6,32,13,0,0,3,70,0,83,28,25,81,35,20,59,64,87,96,89,0,3
l25,12=29,24,7,1,42,0,0,0,36,14,18,31,52,36,86,83,54,37,0,0,0,0,0,25,3,0,0,96,0,33,0,0,29,33,7,93,85,96,90,0,18
l26,12=0,0,0,0,0,0,0,0,0,0,0,0,0,0,0,0,55,0,36,0,67,69,61,62,70,0,0,66,54,0,91,0,91,86,93,93,90,83,87,0,50
l27,12=0,0,0,0,0,0,0,0,0,0,0,0,17,12,17,0,22,41,57,36,72,67,58,62,66,96,66,62,7,88,0,70,91,86,93,93,90,91,87,46,40
l28,12=0,0,0,0,0,0,0,0,0,0,0,0,0,0,2,0,28,0,44,0,68,73,52,62,75,0,54,77,64,88,91,79,0,86,93,87,85,86,84,53,0
l29,12=0,0,0,0,0,0,0,0,0,0,0,0,0,0,0,0,0,0,54,0,61,48,0,64,64,33,0,69,60,88,91,88,91,0,93,93,86,84,86,7,0
l30,12=0,0,0,0,0,0,0,0,0,0,0,0,0,0,0,0,0,0,34,0,63,0,0,0,0,0,91,75,0,88,86,91,91,86,0,91,88,86,84,0,0
l31,12=0,0,0,0,0,36,0,0,0,0,0,0,1,0,0,19,31,11,64,15,75,70,50,50,81,0,0,70,79,88,91,0,91,86,93,0,91,96,91,37,44
l32,12=0,0,0,0,0,0,0,0,0,0,0,0,5,0,49,32,39,29,37,19,75,60,36,40,51,29,91,89,77,88,91,91,91,86,93,93,0,96,91,22,0
l33,12=0,0,0,0,0,0,0,0,0,0,7,0,38,14,84,0,63,38,0,0,1,69,38,0,0,33,86,96,82,88,91,86,57,86,93,93,91,0,91,0,0
l34,12=0,0,0,0,36,0,0,0,0,0,0,0,39,0,80,27,75,7,9,0,66,64,11,47,47,7,93,86,81,88,91,93,91,86,86,93,91,96,0,6,41
l35,12=0,0,0,0,0,0,0,0,7,0,45,0,64,21,30,51,66,57,15,49,71,65,73,79,71,93,93,0,0,0,9,0,0,0,0,0,0,0,0,0,87
l36,12=0,0,0,0,0,0,15,0,3,40,46,36,65,57,48,58,65,32,37,0,71,84,73,80,0,85,90,3,31,36,11,91,0,0,0,36,0,0,43,85,0
l37,12=0,0,0,0,0,0,0,0,0,0,0,0,15,9,59,0,68,19,60,56,71,77,74,74,71,96,83,37,0,0,0,96,0,0,0,8,0,0,0,77,85
l38,12=0,0,0,0,0,0,39,36,33,0,52,39,43,27,59,76,82,77,37,52,77,84,78,79,60,90,87,0,0,0,0,91,0,0,0,42,0,0,59,85,85
l39,12=0,0,0,0,0,0,0,0,0,0,42,0,5,30,43,0,73,69,70,58,87,80,79,81,77,0,0,0,0,52,43,37,18,0,0,64,8,0,2,85,86
l40,12=0,0,0,0,0,0,0,0,0,0,42,0,25,12,26,47,64,58,65,47,74,80,76,80,68,18,50,0,0,45,39,44,20,0,0,48,0,0,0,79,81

l0,13=0,88,95,93,92,91,87,90,73,51,78,67,40,65,23,0,38,0,0,0,0,0,0,0,0,1,0,49,0,0,0,0,0,0,0,0,0,0,0,0,0
l1,13=97,0,93,90,92,91,89,81,74,17,86,61,43,70,27,0,46,0,0,0,0,7,0,0,0,41,0,22,38,0,0,0,0,0,0,0,0,0,0,0,0
l2,13=96,88,0,88,89,91,89,92,86,85,83,90,43,45,27,6,57,42,5,0,26,0,12,11,0,39,0,27,43,0,0,0,0,0,0,0,0,0,0,0,0
l3,13=97,81,59,0,92,91,89,89,70,50,37,65,28,48,47,1,32,0,0,0,0,0,0,0,0,69,0,32,74,0,0,0,0,0,0,0,0,0,0,0,0
l4,13=97,88,93,93,0,91,89,92,65,70,83,62,0,0,0,12,0,0,0,0,0,0,0,0,0,63,0,46,38,0,0,0,0,0,0,0,0,0,0,0,0
l5,13=97,88,59,93,92,0,76,50,81,51,75,67,40,39,43,30,30,0,0,0,0,0,0,0,0,51,0,0,41,0,0,15,0,0,0,7,18,57,0,0,0
l6,13=87,88,95,88,89,86,0,92,83,87,86,85,81,79,28,86,53,3,1,21,47,0,33,27,19,0,0,0,0,0,0,0,0,0,0,0,0,0,0,3,0
l7,13=83,87,93,84,85,86,87,0,85,91,89,90,77,82,3,63,77,52,26,0,46,81,40,16,21,39,0,38,41,0,0,0,0,0,0,0,0,0,0,0,0
l8,13=52,80,86,80,80,87,50,90,0,91,89,89,78,91,29,67,78,82,0,0,47,79,53,12,12,33,0,52,45,0,0,0,0,0,0,0,0,54,0,1,57
l9,13=80,58,87,80,80,84,88,92,88,0,89,90,75,50,8,73,73,48,26,0,41,54,0,27,27,19,0,43,45,0,0,0,0,0,0,0,0,29,0,0,57
l10,13=81,87,88,72,84,84,84,89,93,91,0,90,77,88,15,88,77,81,9,4,44,80,71,30,29,6,0,75,0,0,0,0,0,0,0,0,0,0,0,0,0
l11,13=88,87,93,80,84,89,52,92,93,91,89,0,83,91,28,89,70,52,21,28,48,68,52,27,18,68,0,39,46,0,0,0,0,0,0,0,0,15,0,0,59
l12,13=34,66,55,64,46,74,52,47,52,53,37,87,0,91,34,92,87,97,24,0,0,85,68,27,11,93,0,60,50,0,0,3,0,0,0,14,23,66,8,29,69
l13,13=11,46,28,76,0,33,41,18,30,0,23,69,92,29,0,69,91,96,0,0,32,83,59,9,25,33,0,70,59,0,32,0,0,0,38,72,76,90,35,0,32
l14,13=0,0,0,0,55,23,47,18,48,32,62,85,95,91,76,0,91,97,12,5,43,88,47,10,12,59,5,62,55,0,0,26,0,0,0,0,64,56,1,12,61
l15,13=27,16,62,42,0,21,41,45,52,27,79,66,90,88,95,91,0,95,92,26,53,90,94,58,89,69,0,57,33,6,13,1,29,0,0,60,63,82,34,27,66
l16,13=0,0,41,0,0,0,25,41,71,37,86,65,95,91,96,92,91,0,29,9,85,95,97,53,23,84,40,94,47,0,0,75,0,0,0,0,63,72,28,30,74
l17,13=0,0,11,0,0,0,1,70,0,67,45,63,74,70,0,72,90,75,0,99,90,93,96,12,96,79,0,0,0,55,68,0,39,69,70,80,0,46,45,73,70
l18,13=0,0,0,0,0,0,69,0,0,0,73,74,72,80,34,80,85,75,96,0,89,94,92,84,96,0,24,0,0,73,48,65,24,0,0,69,0,0,0,80,78
l19,13=0,0,0,0,0,0,40,37,67,35,27,64,0,34,28,77,75,80,96,88,0,95,97,93,96,0,22,0,0,66,49,28,50,77,68,74,80,0,23,82,84
l20,13=0,0,0,0,0,0,0,67,66,35,78,66,87,80,78,89,88,94,95,94,90,0,97,94,93,0,75,0,23,68,29,53,76,44,0,83,55,63,82,91,90
l21,13=0,0,0,0,0,0,35,38,70,0,83,64,93,87,43,87,90,94,96,45,90,95,0,94,95,63,74,39,26,63,43,87,39,57,6,62,0,63,22,91,89
l22,13=0,0,0,0,0,0,42,28,57,66,28,62,81,5,18,59,87,80,1,48,90,95,97,0,21,42,84,38,0,64,22,78,44,73,60,61,61,0,31,92,90
l23,13=0,0,0,0,0,0,65,62,62,66,64,53,64,86,67,69,86,68,96,97,90,90,92,66,0,0,76,27,7,91,78,68,85,80,70,82,80,41,32,72,76
l24,13=24,31,2,50,75,0,0,37,20,3,31,41,89,33,59,36,88,73,0,0,0,0,49,21,0,0,84,0,96,31,35,88,49,71,10,87,94,92,35,4,0
l25,13=1,41,39,69,63,51,0,39,33,19,6,68,93,33,59,69,84,79,0,0,0,63,42,0,0,0,0,100,0,0,38,0,50,84,80,94,81,92,35,15,26
l26,13=0,0,0,0,0,0,0,0,0,0,0,0,0,0,5,0,40,0,24,22,75,74,84,76,84,0,0,85,0,0,93,0,91,93,94,94,93,92,83,24,41
l27,13=0,0,0,0,0,0,0,0,0,0,0,0,0,0,27,0,69,0,53,16,51,76,86,58,83,100,85,85,27,93,0,89,91,92,93,94,93,92,93,0,25
l28,13=0,0,0,0,0,0,0,0,0,0,0,0,0,0,0,0,68,0,48,1,68,75,71,74,83,0,0,82,69,93,93,86,0,93,94,92,83,87,89,29,0
l29,13=0,0,0,0,0,0,0,0,0,0,0,0,0,0,3,0,0,0,50,0,69,63,64,73,74,0,0,74,68,93,88,93,91,0,94,93,93,87,93,0,0
l30,13=0,0,0,0,0,0,0,0,0,0,0,0,0,0,47,0,0,0,70,0,63,0,0,66,73,38,93,0,64,93,82,93,91,93,0,93,88,85,69,0,0
l31,13=0,0,0,0,0,15,0,0,0,0,0,0,3,0,26,1,75,0,65,28,53,87,78,68,88,0,0,89,86,93,93,0,91,93,94,0,94,99,96,0,12
l32,13=0,0,0,0,0,23,0,0,0,0,0,0,51,0,30,25,76,56,0,0,50,70,0,25,28,50,91,93,24,93,93,91,84,93,94,94,0,99,96,22,8
l33,13=0,0,0,0,0,30,0,0,23,12,5,16,73,0,37,26,85,60,13,0,0,76,58,0,18,84,93,100,61,59,56,93,60,87,94,94,94,0,96,15,4
l34,13=0,0,0,0,62,0,0,0,0,0,0,0,66,23,92,23,85,47,25,0,26,82,43,27,25,80,94,97,87,53,93,94,91,93,66,94,94,99,0,0,8
l35,13=0,0,0,0,0,0,0,0,0,0,0,0,66,1,0,61,67,69,32,6,77,92,92,93,51,94,94,2,6,5,0,0,0,0,0,0,10,1,0,0,90
l36,13=0,0,0,0,0,0,0,0,10,9,0,65,77,1,32,74,73,71,12,6,73,93,89,93,36,81,93,0,22,20,0,94,0,0,0,1,0,0,0,92,0
l37,13=0,0,0,0,0,0,0,0,0,0,0,0,56,0,69,54,80,70,70,69,71,92,95,90,85,92,92,0,2,0,0,99,0,0,0,35,0,0,0,91,89
l38,13=0,0,0,0,0,2,0,0,52,19,55,48,71,14,83,85,83,84,60,6,79,94,92,66,82,35,83,39,21,27,5,96,0,0,0,0,0,23,25,92,91
l39,13=0,0,0,0,0,0,0,0,0,0,0,0,70,0,11,0,89,68,73,38,89,93,95,93,81,15,24,0,0,8,11,0,9,22,0,60,0,0,0,92,90
l40,13=0,0,0,0,0,0,0,0,0,0,24,0,7,7,22,49,60,57,81,31,78,92,88,90,87,26,41,0,0,34,0,12,2,51,0,32,0,0,0,91,89

l0,14=0,100,100,100,100,97,63,89,100,93,48,100,87,3,0,75,0,9,0,0,0,0,0,0,0,42,0,97,0,0,0,0,0,0,0,0,0,0,0,0,0
l1,14=92,0,100,100,100,100,99,99,100,100,99,100,0,100,51,52,60,0,0,0,0,0,0,31,0,0,0,0,0,0,0,0,0,0,0,0,0,0,0,0,0
l2,14=92,100,0,23,100,100,100,100,100,95,62,100,94,87,50,60,60,0,0,0,0,0,23,0,0,0,0,61,0,0,0,0,0,0,0,0,0,0,0,0,0
l3,14=92,94,94,0,100,100,51,95,100,60,38,65,0,86,16,58,0,0,0,0,0,0,0,0,0,40,0,61,0,0,0,0,0,0,0,0,0,0,0,0,0
l4,14=92,100,100,100,0,98,51,95,100,93,10,65,97,86,12,52,0,0,0,0,0,0,0,0,0,7,0,61,0,0,0,0,0,0,0,0,0,0,0,0,0
l5,14=92,100,100,100,100,0,51,96,100,94,48,100,92,18,49,92,60,0,0,0,0,0,0,0,0,62,0,96,78,0,0,0,0,0,0,0,26,49,0,0,0
l6,14=92,100,100,100,100,100,0,100,100,100,99,100,99,87,44,98,93,0,82,0,61,64,73,45,53,0,0,0,0,0,0,0,0,0,0,0,0,0,0,0,76
l7,14=85,100,100,96,100,100,100,0,100,100,100,100,89,100,62,36,100,80,75,1,22,73,87,89,55,0,0,5,0,0,0,0,0,0,0,0,0,0,0,0,0
l8,14=88,98,95,97,85,100,100,100,0,100,100,100,85,100,70,98,58,92,0,0,55,72,97,96,11,23,0,49,24,0,0,0,0,0,0,0,0,84,0,92,85
l9,14=92,100,100,90,100,100,100,100,100,0,100,100,98,100,35,98,100,92,88,0,23,69,80,94,88,25,0,0,37,0,0,0,0,0,0,0,0,0,0,0,85
l10,14=92,100,99,94,99,100,100,100,100,100,0,100,99,100,47,98,100,99,79,4,47,96,100,43,27,48,0,56,47,0,0,0,0,0,0,0,0,0,0,0,90
l11,14=92,100,100,94,62,100,100,100,100,100,100,0,98,100,40,98,62,93,77,0,0,77,99,48,23,34,0,61,54,0,0,0,0,0,0,0,0,0,0,0,91
l12,14=75,0,92,0,43,30,99,95,86,60,61,57,0,100,74,98,60,100,55,0,49,71,91,94,41,98,0,59,67,0,68,0,0,0,0,0,30,80,92,61,89
l13,14=0,94,92,82,1,31,49,57,59,21,32,28,99,56,0,96,100,100,0,0,28,77,91,94,38,100,0,99,71,90,17,0,0,0,0,21,67,97,58,13,87
l14,14=76,92,83,79,41,48,90,56,100,92,100,90,99,100,99,0,100,100,0,22,28,99,98,94,22,74,75,98,98,0,0,76,0,0,0,1,27,0,79,97,92
l15,14=0,93,91,0,0,57,91,97,96,64,60,57,99,98,99,98,0,99,98,54,59,99,100,98,60,62,0,9,70,46,0,25,49,0,0,54,57,96,99,99,95
l16,14=13,0,0,0,0,0,0,60,93,60,60,54,99,100,99,98,100,0,94,10,57,100,100,98,57,62,19,62,70,0,0,92,0,0,0,0,65,86,76,63,97
l17,14=0,0,0,0,0,0,86,79,0,85,62,46,37,97,0,0,99,95,0,98,97,94,100,95,98,100,0,0,0,89,93,0,81,92,87,97,86,34,79,99,87
l18,14=0,0,0,0,0,0,0,30,0,0,98,0,82,27,0,92,98,49,100,0,96,99,98,98,99,0,71,0,0,98,0,62,0,0,0,84,0,0,0,96,90
l19,14=0,0,0,0,0,0,91,55,92,51,85,0,95,98,90,96,99,99,98,88,0,100,100,99,99,0,57,0,71,89,86,35,82,99,70,97,87,74,0,99,89
l20,14=0,0,0,0,0,0,73,93,93,84,98,88,99,88,94,96,99,99,93,98,100,0,100,100,94,21,87,83,89,97,93,98,94,79,84,97,84,78,89,99,97
l21,14=0,0,3,0,0,0,83,96,98,58,98,94,99,98,73,96,99,99,99,72,98,100,0,100,98,71,99,57,55,98,94,100,0,90,0,53,0,93,95,99,97
l22,14=0,13,0,0,0,0,93,81,96,91,92,47,99,96,94,91,100,99,90,94,98,100,100,0,98,66,92,0,0,98,81,81,88,90,72,91,89,75,76,99,98
l23,14=0,0,0,0,0,0,90,90,76,92,36,76,89,97,89,87,98,93,98,98,97,99,100,98,0,0,97,44,0,99,97,97,95,91,90,99,90,77,82,98,93
l24,14=86,10,83,81,52,58,0,0,61,0,56,57,60,98,99,62,12,64,0,0,0,67,84,0,12,0,99,0,98,93,85,81,48,57,61,61,67,99,90,0,90
l25,14=42,0,0,40,7,62,0,0,23,25,48,34,98,100,74,62,62,100,0,0,21,71,66,0,0,0,0,99,0,95,76,0,76,63,7,22,67,99,100,0,0
l26,14=0,0,0,0,0,0,0,0,0,0,0,0,0,0,75,0,19,0,71,57,87,99,92,97,99,0,0,95,91,0,99,0,99,100,100,100,100,99,100,0,82
l27,14=0,0,0,0,0,0,0,0,0,0,0,0,48,0,46,2,0,0,62,0,97,99,100,96,85,99,95,60,48,100,0,60,99,100,100,100,98,99,100,0,67
l28,14=0,0,0,0,0,0,0,0,0,0,0,0,0,0,12,0,52,0,77,0,64,95,0,82,96,0,91,78,89,100,99,51,0,100,100,100,97,99,100,67,5
l29,14=0,0,0,0,0,0,0,0,0,0,0,0,0,0,9,0,0,0,84,0,98,87,80,95,94,95,0,85,87,100,99,100,99,0,100,100,100,79,100,0,0
l30,14=0,0,0,0,0,0,0,0,0,0,0,0,0,0,0,0,0,0,75,0,71,90,0,91,95,76,99,91,1,100,92,99,99,100,0,87,95,90,91,0,0
l31,14=0,0,0,0,0,0,0,0,0,0,0,0,0,0,76,25,92,0,62,35,98,100,81,97,81,0,0,60,51,100,99,0,99,100,100,0,100,99,100,0,0
l32,14=0,0,0,0,0,48,0,0,0,0,10,0,56,0,86,60,76,63,62,0,94,88,0,98,81,76,99,60,63,100,99,99,98,100,100,100,0,99,100,0,2
l33,14=0,0,0,0,1,45,0,0,46,0,0,0,49,0,87,0,100,52,2,0,55,77,86,60,43,63,100,60,63,100,99,100,99,99,100,100,100,0,100,0,28
l34,14=0,0,0,0,32,0,0,0,0,0,0,0,57,0,87,60,100,56,53,0,0,96,95,90,59,7,100,99,98,100,99,100,99,100,62,100,100,99,0,0,0
l35,14=0,0,0,0,0,0,0,0,75,0,0,0,81,0,8,80,93,63,87,12,85,99,100,98,83,22,100,0,0,0,0,0,2,0,0,0,0,0,0,0,98
l36,14=0,0,0,0,0,0,73,0,81,41,86,42,87,84,86,82,92,88,85,16,67,91,93,98,81,67,100,32,0,85,2,100,0,0,0,0,0,0,0,100,0
l37,14=0,0,0,0,0,0,0,0,0,0,0,0,82,87,82,81,93,86,86,48,82,94,94,94,86,99,99,0,0,0,24,99,9,0,0,0,0,0,0,99,97
l38,14=0,0,0,0,0,0,0,82,90,47,90,0,82,91,98,94,85,99,0,0,88,99,92,97,94,100,100,31,3,86,9,100,0,0,0,0,5,78,83,99,99
l39,14=0,0,0,0,0,0,0,0,0,0,22,0,89,90,67,85,99,57,82,87,96,99,100,98,89,0,0,0,0,88,7,0,0,62,0,0,0,0,0,99,97
l40,14=0,0,0,0,0,0,0,0,0,0,0,0,0,0,76,72,87,72,92,62,24,93,96,97,85,0,82,0,0,79,77,0,68,73,0,80,71,0,0,99,97

l0,15=0,100,100,100,100,100,100,76,70,100,96,71,41,100,0,10,28,0,0,0,0,0,0,0,0,54,0,100,83,0,0,0,0,0,0,0,0,0,0,0,0
l1,15=100,0,100,100,100,100,100,72,68,100,96,100,65,100,87,67,81,0,0,0,0,0,0,0,0,7,0,98,0,0,0,0,0,0,0,0,0,32,0,0,0
l2,15=100,100,0,100,100,100,100,100,71,100,56,71,55,100,83,33,44,0,0,0,0,0,22,0,0,1,0,94,89,0,0,0,0,0,0,0,0,0,0,0,0
l3,15=100,100,100,0,100,100,100,67,71,100,96,35,44,75,67,19,0,0,0,0,0,0,0,0,0,57,0,97,96,0,0,0,0,0,0,0,0,0,0,0,0
l4,15=100,100,100,100,0,100,100,77,70,100,55,48,34,100,79,29,36,0,0,0,0,0,0,0,0,0,0,97,0,0,0,0,0,0,0,0,0,0,0,0,0
l5,15=100,100,100,100,100,0,100,97,71,100,96,100,55,100,80,33,40,46,0,0,0,0,0,0,0,98,0,97,96,0,0,0,0,0,0,0,0,95,0,0,0
l6,15=100,100,100,68,100,100,0,100,100,100,96,100,100,100,48,98,89,94,93,0,69,93,82,58,89,63,0,0,93,0,0,0,0,0,0,0,0,0,0,15,15
l7,15=100,57,100,96,100,100,100,0,100,100,96,100,95,94,75,97,100,83,86,0,52,15,87,50,91,0,0,0,5,0,0,0,0,0,0,0,0,0,0,41,15
l8,15=70,57,90,98,96,100,100,100,0,100,96,100,95,98,77,98,93,0,2,0,53,55,92,96,63,96,0,67,88,0,0,0,0,0,0,0,0,86,0,73,59
l9,15=100,100,100,98,100,100,100,100,100,0,96,100,97,100,77,98,100,98,98,0,0,62,81,84,43,78,0,71,91,0,0,0,0,0,0,0,0,0,0,51,0
l10,15=99,100,79,95,49,100,100,100,100,100,0,100,83,100,81,98,64,89,92,50,45,100,93,56,0,53,0,89,84,0,0,0,0,0,0,0,0,0,0,15,30
l11,15=100,100,100,94,100,100,100,100,100,100,96,0,76,100,75,57,87,0,88,0,17,54,82,0,63,52,0,91,80,0,0,0,0,0,0,0,0,0,0,0,0
l12,15=24,22,90,66,58,94,58,77,95,96,51,58,0,100,80,98,60,91,0,0,52,56,81,87,63,80,0,91,92,0,15,0,0,0,0,0,0,33,78,70,61
l13,15=0,53,58,36,83,95,11,69,100,71,56,63,100,100,0,98,100,100,37,0,44,62,49,62,51,100,0,100,100,62,15,8,2,0,0,72,61,69,98,56,64
l14,15=21,29,70,68,82,94,100,75,100,100,96,58,100,100,100,0,100,100,93,65,15,100,93,83,53,100,89,93,99,0,0,78,0,0,0,0,0,92,77,75,61
l15,15=29,58,57,0,81,73,63,83,99,100,55,63,78,99,100,98,0,99,99,89,55,61,86,98,68,59,0,89,95,0,21,0,54,10,0,94,99,99,92,78,64
l16,15=0,0,0,0,0,71,48,64,0,100,55,0,100,99,100,98,100,0,82,68,55,100,93,98,36,61,0,67,96,0,0,62,0,0,0,66,59,85,80,66,64
l17,15=0,0,0,0,0,0,70,56,4,91,89,67,0,95,55,90,95,83,0,100,96,91,93,94,98,100,0,0,0,75,84,65,0,94,71,95,82,0,0,88,95
l18,15=0,0,0,0,0,0,0,0,0,0,90,23,0,95,0,91,99,69,100,0,97,99,90,98,98,0,83,0,0,88,0,99,0,86,0,59,0,0,0,86,98
l19,15=0,0,0,0,0,0,47,58,84,2,82,33,82,84,44,80,99,81,100,84,0,100,93,98,98,0,71,0,1,82,42,14,55,83,61,83,68,63,59,81,83
l20,15=0,0,0,0,0,0,71,0,79,80,84,76,86,85,73,84,84,86,82,86,98,0,93,98,84,1,98,59,73,88,68,94,85,68,51,17,70,0,68,87,87
l21,15=0,0,0,0,0,0,47,80,85,79,86,83,88,83,57,87,85,86,84,83,97,100,0,98,84,59,100,62,71,76,68,32,83,81,0,76,80,84,78,87,87
l22,15=0,0,0,0,0,0,78,47,87,57,84,0,86,86,82,81,100,88,82,87,98,100,93,0,84,53,60,0,0,82,50,53,63,85,56,84,85,46,47,97,98
l23,15=0,0,0,0,0,0,73,78,80,55,17,79,81,86,67,65,90,20,99,99,97,99,91,97,0,0,98,0,0,98,87,62,66,55,79,82,84,71,56,95,77
l24,15=61,60,38,58,98,100,0,0,44,67,52,57,79,100,100,60,57,73,0,0,0,57,53,0,0,0,98,0,100,16,0,57,86,97,95,74,61,100,100,0,63
l25,15=54,7,1,57,0,98,63,0,96,78,53,52,80,100,100,59,61,100,0,0,1,59,53,0,0,0,0,100,0,62,61,0,87,100,98,100,72,100,100,70,9
l26,15=0,0,0,0,0,0,0,0,0,0,0,0,0,0,89,0,0,0,83,71,98,100,60,98,98,0,0,26,100,0,100,0,100,100,100,100,100,100,100,87,82
l27,15=0,0,0,0,0,0,0,0,0,0,0,0,91,44,68,0,58,0,99,0,91,99,60,57,97,100,26,25,99,100,0,99,100,100,100,100,100,100,100,0,82
l28,15=0,0,0,0,0,0,0,0,0,0,0,0,0,0,39,0,50,0,0,0,84,100,91,89,80,0,100,98,100,100,100,99,0,100,100,100,100,100,100,67,0
l29,15=0,0,0,0,0,0,0,0,0,0,0,0,0,0,0,0,2,0,95,59,91,87,88,95,57,62,0,95,90,100,100,100,100,0,100,100,100,100,100,0,0
l30,15=0,0,0,0,0,0,0,0,0,0,0,0,0,0,0,0,0,0,95,0,91,70,0,86,90,61,100,95,90,100,98,100,100,100,0,96,93,93,93,0,0
l31,15=0,0,0,0,0,0,0,0,0,0,0,0,0,8,78,0,62,65,99,14,94,32,53,62,57,0,0,99,99,100,100,0,100,100,100,0,100,100,100,52,0
l32,15=0,0,0,0,0,0,0,0,0,0,0,0,0,17,87,0,63,95,99,0,55,61,55,62,66,87,100,100,100,100,100,100,100,100,100,100,0,100,100,0,0
l33,15=0,0,0,0,69,98,0,0,97,0,0,0,45,0,87,60,63,95,0,0,55,26,61,62,60,100,100,100,100,100,100,100,100,100,100,100,100,0,100,0,0
l34,15=0,0,0,0,0,0,0,0,0,1,0,0,74,92,95,54,61,96,0,0,54,53,55,52,56,98,100,100,100,100,100,100,100,100,100,100,100,100,0,0,0
l35,15=0,0,0,0,0,0,0,0,57,57,19,0,45,54,0,70,89,57,75,55,90,98,91,95,92,100,100,0,40,46,0,0,27,0,0,36,0,0,0,0,98
l36,15=0,0,0,0,0,0,0,0,59,1,27,0,79,62,67,74,80,67,62,59,70,79,78,78,32,72,100,54,1,16,12,100,0,0,0,0,0,0,0,97,0
l37,15=0,0,0,0,0,0,0,0,41,0,0,0,42,72,58,53,77,71,75,52,68,97,75,64,80,100,100,0,0,0,33,100,44,7,0,47,0,0,0,96,98
l38,15=0,0,0,0,0,0,0,0,79,79,45,59,86,82,83,84,70,87,77,27,84,99,85,98,78,100,100,71,67,17,15,100,0,0,0,0,0,17,0,97,98
l39,15=0,0,0,0,0,0,0,0,0,0,0,0,57,56,50,51,77,55,79,54,84,100,85,67,80,70,87,0,0,63,5,52,0,58,0,54,0,0,0,96,86
l40,15=0,0,0,0,0,0,0,0,0,0,0,0,36,30,8,57,64,62,64,0,84,69,73,96,60,9,82,0,0,0,48,0,52,52,0,55,44,0,0,94,96

q0=0
q1=1
q2=1
q3=1
q4=1
q5=1
q6=1
q7=1
q8=1
q9=1
q10=1
q11=1
q12=1
q13=1
q14=1
q15=1
q16=1
q17=1
q18=1
q19=1
q20=1
q21=1
q22=1
q23=1
q24=1
q25=1
q26=1
q27=1
q28=1
q29=1
q30=1
q31=1
q32=1
q33=1
q34=1
q35=1
q36=1
q37=1
q38=1
q39=1
q40=1

a0=0x01
a1=0x02
a2=0x03
a3=0x04
a4=0x05
a5=0x06
a6=0x07
a7=0x08
a8=0x09
a9=0x0a
a10=0x0b
a11=0x0c
a12=0x0d
a13=0x0e
a14=0x0f
a15=0x10
a16=0x11
a17=0x12
a18=0x13
a19=0x14
a20=0x15
a21=0x16
a22=0x17
a23=0x18
a24=0x19
a25=0x1a
a26=0x1b
a27=0x1c
a28=0x1d
a29=0x1e
a30=0x1f
a31=0x20
a32=0x21
a33=0x22
a34=0x23
a35=0x24
a36=0x25
a37=0x26
a38=0x27
a39=0x28
a40=0x29

