n=41

l0,0=0,94,93,86,94,94,81,87,80,86,91,92,8,54,29,0,1,3,6,0,0,0,0,0,0,74,0,83,36,0,0,0,0,0,0,0,0,0,0,0,0
l1,0=80,0,86,89,95,94,83,85,80,57,89,92,17,21,42,25,9,6,0,0,0,0,5,0,0,19,0,20,4,0,0,0,0,0,0,0,0,22,0,0,0
l2,0=94,94,0,87,95,94,93,86,78,94,92,92,30,50,49,34,50,46,3,0,0,0,26,15,0,12,0,0,7,0,0,0,0,0,0,0,0,0,0,0,0
l3,0=80,94,88,0,95,94,81,81,57,57,79,77,0,13,20,2,5,11,0,0,0,0,0,0,0,13,0,54,44,0,0,0,0,0,0,0,0,14,0,0,0
l4,0=94,94,91,89,0,94,88,88,78,23,88,87,10,6,15,0,0,0,0,0,0,0,0,0,0,20,0,24,36,0,0,0,0,0,0,0,0,0,0,0,0
l5,0=94,94,92,58,95,0,91,82,75,57,91,92,0,22,8,11,6,18,0,0,0,0,0,0,0,13,0,20,26,0,0,0,0,0,0,0,0,18,0,0,0
l6,0=90,94,94,87,92,94,0,97,92,94,92,92,33,92,34,20,75,10,0,6,20,21,35,32,2,5,0,0,0,0,0,0,0,0,0,0,0,0,0,0,29
l7,0=91,94,92,82,91,94,93,0,92,94,91,92,93,92,10,16,12,52,45,0,23,12,24,2,0,6,0,4,11,0,0,0,0,0,0,0,0,0,0,0,0
l8,0=90,93,82,0,36,32,86,87,0,93,92,79,20,87,48,86,81,87,2,25,30,38,83,75,15,7,0,14,0,0,0,0,0,0,0,0,0,0,0,35,47
l9,0=90,93,84,86,17,94,93,97,92,0,92,92,83,92,43,29,79,81,31,5,1,32,12,55,13,37,0,9,0,0,0,0,0,0,0,0,0,0,0,0,0
l10,0=88,93,83,25,70,92,86,86,92,94,0,92,91,92,65,84,81,88,10,1,14,10,42,72,17,48,0,12,21,0,0,0,0,0,0,0,0,1,0,0,41
l11,0=90,94,94,35,55,94,92,97,43,94,92,0,81,92,47,87,46,64,41,0,23,0,64,0,0,68,0,0,12,0,0,0,0,0,0,0,0,0,0,1,0
l12,0=44,40,13,0,14,3,74,73,85,86,86,84,0,92,85,90,92,98,0,19,27,30,76,42,15,16,0,32,39,0,13,0,0,0,0,0,1,41,12,60,70
l13,0=67,37,15,0,4,0,59,57,79,83,80,51,34,49,0,52,56,90,0,0,7,51,50,51,0,42,39,33,48,37,34,0,0,0,1,9,28,52,49,49,62
l14,0=19,37,11,2,6,12,73,68,91,45,80,89,95,92,91,0,92,98,73,0,22,61,67,72,15,91,27,25,34,0,0,25,0,0,0,0,0,20,38,49,62
l15,0=6,6,12,1,0,3,83,32,79,83,78,43,59,37,89,87,0,98,96,26,35,55,89,88,34,20,0,13,32,0,18,0,15,0,0,2,0,49,11,63,72
l16,0=0,0,31,0,0,0,73,71,90,88,87,84,95,92,90,89,93,0,81,24,31,66,89,85,15,23,0,62,62,0,0,66,0,0,0,0,5,55,36,55,89
l17,0=0,0,0,0,0,0,13,24,36,54,0,18,0,83,0,73,89,76,0,92,95,83,91,86,94,83,0,0,0,12,60,0,82,68,6,79,15,0,3,73,35
l18,0=0,0,0,0,0,0,72,0,71,5,4,0,25,77,0,0,79,68,100,0,85,89,66,81,95,0,54,0,0,13,71,63,0,1,0,16,20,0,0,0,0
l19,0=0,0,0,0,0,0,12,29,54,30,21,21,82,77,31,28,87,64,97,57,0,91,42,91,94,0,30,0,30,83,81,7,74,45,14,16,19,4,3,19,12
l20,0=0,0,0,0,0,0,21,5,56,3,23,5,11,45,73,71,79,84,81,89,96,0,92,91,80,23,89,0,13,50,62,60,27,4,0,24,11,2,46,80,89
l21,0=0,6,7,0,0,0,28,24,70,29,41,57,75,90,36,65,91,86,98,72,55,92,0,91,75,23,61,9,17,6,74,76,17,9,5,10,30,0,1,83,89
l22,0=0,0,14,0,0,0,23,21,52,12,60,0,26,64,28,66,90,76,81,76,98,92,92,0,90,58,15,7,0,79,61,68,0,23,9,8,24,0,3,73,89
l23,0=0,0,0,0,0,0,33,0,67,61,64,10,75,81,2,78,84,66,100,92,95,91,78,88,0,0,87,20,3,76,82,44,94,30,16,38,28,0,1,19,1
l24,0=79,14,0,14,20,9,0,6,44,7,24,13,33,47,90,21,20,68,0,0,0,0,10,1,1,0,64,0,91,49,57,90,24,4,17,39,77,77,84,0,1
l25,0=74,19,12,13,20,13,5,6,7,37,48,68,16,42,91,20,23,83,0,0,23,23,58,0,0,0,0,87,0,76,62,0,21,19,13,23,77,95,62,0,67
l26,0=0,0,0,0,0,0,0,0,0,0,0,0,0,39,27,0,0,0,54,30,89,61,15,87,64,0,0,63,87,0,96,0,99,96,100,94,96,95,94,0,0
l27,0=0,0,0,0,0,0,0,0,0,0,0,0,0,0,21,0,4,0,33,15,60,55,76,39,44,87,63,87,91,94,0,68,99,96,100,94,96,95,94,17,6
l28,0=0,0,0,0,0,0,0,0,0,0,0,0,0,0,17,0,49,0,79,6,68,49,58,5,87,0,87,64,67,94,96,82,0,96,100,94,96,95,94,18,0
l29,0=0,0,0,0,0,0,0,0,0,0,0,0,0,0,0,0,0,0,77,20,78,8,58,57,61,76,0,21,65,94,96,94,99,0,100,94,94,77,76,18,0
l30,0=0,0,0,0,0,0,0,0,0,0,0,0,0,0,25,0,0,0,35,0,80,0,38,70,53,62,96,70,74,94,96,96,99,96,0,92,83,87,0,0,0
l31,0=0,0,0,0,0,0,0,0,0,0,0,0,0,0,25,0,66,0,63,7,60,76,68,44,90,0,0,68,82,94,96,0,99,96,99,0,96,95,94,17,0
l32,0=0,0,0,0,0,0,0,0,11,0,0,0,0,11,9,0,2,16,13,7,36,17,77,74,52,21,99,87,86,94,96,99,98,96,96,94,0,95,94,3,0
l33,0=0,14,0,0,0,5,0,0,0,0,15,0,16,16,34,6,86,80,0,0,14,17,28,14,6,19,96,55,90,88,96,96,54,29,36,90,96,0,94,0,0
l34,0=0,0,0,0,0,1,0,0,0,0,0,0,4,0,76,44,56,63,36,0,31,62,26,73,9,13,100,86,90,94,96,99,99,89,2,94,96,95,0,16,0
l35,0=0,0,0,0,0,0,0,0,42,0,0,0,62,51,52,54,70,37,61,0,66,78,88,75,60,23,94,0,0,0,46,0,23,11,0,28,3,0,0,0,89
l36,0=0,0,0,0,0,0,0,0,13,0,8,0,49,27,32,42,69,77,50,1,66,91,89,88,6,77,96,0,17,0,24,96,0,0,0,2,0,0,0,84,0
l37,0=0,0,0,0,0,0,0,0,0,0,7,0,54,42,6,24,68,66,52,21,81,91,85,78,90,95,95,10,4,0,27,95,7,0,0,0,0,0,0,83,88
l38,0=0,0,0,0,0,0,0,9,34,33,6,8,20,77,84,87,90,97,40,60,94,91,90,87,90,62,94,50,35,4,19,94,0,0,0,0,4,0,0,84,89
l39,0=0,0,0,0,0,0,0,0,18,0,0,0,33,41,30,29,67,40,67,30,93,91,86,88,61,0,0,0,0,0,28,17,0,4,0,20,0,0,0,83,89
l40,0=0,0,0,0,0,0,0,0,35,0,0,0,1,28,19,22,73,40,77,49,71,86,90,76,69,67,0,0,0,5,26,0,0,1,0,0,0,0,0,83,89

l0,1=0,90,90,91,93,84,83,68,79,89,89,89,45,66,28,0,0,0,0,0,0,0,0,0,0,0,0,67,23,0,0,0,0,0,0,0,0,0,0,0,0
l1,1=80,0,59,87,92,84,85,47,76,88,51,90,59,70,77,47,48,38,0,0,0,9,0,0,0,15,0,37,23,0,0,0,0,0,0,0,0,0,0,0,0
l2,1=94,55,0,91,93,84,90,75,79,89,90,90,68,71,74,16,37,41,2,0,2,0,29,0,0,18,0,23,28,0,0,0,0,0,0,0,0,0,0,0,0
l3,1=94,90,91,0,93,49,57,2,72,88,84,82,50,73,69,41,31,1,0,0,0,0,0,0,0,0,0,85,0,0,0,0,0,0,0,0,0,0,0,0,0
l4,1=94,90,91,91,0,83,46,53,50,80,90,89,0,20,72,0,0,0,0,0,0,0,0,0,0,0,0,81,0,0,0,0,0,0,0,0,0,0,0,0,0
l5,1=94,90,90,80,93,0,58,52,52,65,89,90,68,75,0,45,0,0,0,0,0,0,0,0,0,20,0,27,17,0,0,0,0,0,0,0,0,8,7,0,0
l6,1=88,90,91,88,33,84,0,93,74,89,89,90,70,77,27,38,49,0,37,8,28,22,34,44,12,55,0,0,17,0,0,0,0,0,0,0,0,0,0,0,0
l7,1=72,88,64,8,82,63,90,0,79,89,90,90,72,72,59,65,41,40,27,0,0,56,2,29,20,30,0,0,17,0,0,0,0,0,0,0,0,0,0,5,0
l8,1=38,85,35,34,33,62,68,88,0,89,90,89,49,82,91,66,62,47,14,42,17,15,74,61,48,0,0,26,0,0,0,0,0,0,0,0,0,0,0,22,32
l9,1=65,88,64,76,46,64,88,93,79,0,90,90,73,81,65,66,56,57,6,0,4,32,51,50,0,5,0,24,8,0,0,0,0,0,0,0,0,0,0,0,12
l10,1=67,6,60,53,79,67,78,91,79,89,0,90,74,83,83,65,59,71,40,0,14,27,60,54,39,28,0,14,7,0,0,0,0,0,0,0,0,0,0,9,4
l11,1=70,88,81,65,77,66,89,93,79,89,90,0,70,80,53,62,41,27,42,22,11,31,33,39,22,32,0,16,10,0,0,0,0,0,0,0,0,0,0,0,0
l12,1=3,18,28,11,0,23,75,65,27,42,82,69,0,83,72,71,67,84,32,24,33,40,38,56,35,34,0,37,25,0,0,19,0,0,0,26,0,37,0,35,38
l13,1=0,16,13,15,41,0,47,46,25,6,52,44,68,72,0,63,68,54,15,0,20,42,16,49,43,44,0,53,55,0,29,0,0,4,0,42,51,58,22,17,23
l14,1=1,18,7,3,0,14,52,54,44,44,69,66,82,83,80,0,59,84,29,31,30,39,20,57,44,93,0,32,1,0,0,62,0,0,0,0,0,0,27,29,44
l15,1=0,1,10,0,0,0,57,35,40,28,43,35,68,61,92,55,0,84,72,64,19,75,78,78,54,40,0,34,33,5,9,0,0,0,0,39,52,51,33,37,54
l16,1=0,7,21,0,0,0,31,54,41,32,65,41,82,75,74,71,68,0,63,50,30,42,43,66,52,61,23,43,62,0,61,34,0,0,0,42,0,57,33,30,75
l17,1=0,0,0,0,0,0,56,23,43,27,49,34,31,59,36,35,52,60,0,84,67,72,77,68,76,48,0,1,0,52,58,26,40,62,38,55,39,0,28,64,55
l18,1=0,0,0,0,0,0,47,0,63,0,0,26,36,59,0,48,52,46,85,0,67,71,70,71,74,0,55,0,0,0,59,64,0,20,0,50,52,0,0,63,66
l19,1=0,0,0,0,0,0,48,0,33,18,25,16,38,58,47,43,35,36,70,71,0,75,43,78,77,0,0,0,6,55,61,45,59,53,42,46,42,41,34,54,60
l20,1=0,0,0,0,0,0,35,33,33,36,29,31,40,62,60,56,59,61,75,77,68,0,81,76,71,13,74,17,27,24,38,45,52,2,34,57,29,46,58,74,78
l21,1=0,0,24,0,0,0,40,0,71,48,58,50,41,63,54,29,56,64,78,72,44,76,0,78,68,37,36,0,37,24,47,59,0,38,1,32,60,57,56,74,70
l22,1=0,0,0,0,0,0,47,22,64,42,46,30,21,61,44,54,59,62,73,73,75,76,82,0,72,38,20,6,0,50,47,23,54,48,22,43,34,25,21,73,77
l23,1=0,0,0,0,0,0,24,23,63,2,46,26,23,53,47,41,51,39,85,76,75,70,68,68,0,0,68,0,0,48,63,55,62,50,24,59,42,32,38,56,58
l24,1=28,24,11,43,54,41,0,0,63,44,41,41,43,74,90,60,45,44,0,0,0,4,0,0,0,0,59,0,88,34,74,70,58,29,27,58,90,90,86,0,44
l25,1=0,15,18,0,0,20,55,30,0,5,28,32,34,44,93,40,61,48,0,0,13,37,38,0,0,0,0,88,0,55,70,0,69,36,17,66,79,92,54,0,47
l26,1=0,0,0,0,0,0,0,0,0,0,0,0,0,0,0,0,23,0,55,0,74,36,20,68,59,0,0,45,78,0,90,0,92,96,99,89,94,92,91,0,0
l27,1=0,0,0,0,0,0,0,0,0,0,0,0,0,0,42,0,18,27,31,47,57,34,29,34,60,88,45,85,60,71,0,59,92,96,91,89,94,92,94,36,37
l28,1=0,0,0,0,0,0,0,0,0,0,0,0,0,0,0,0,6,0,52,0,68,51,0,60,68,0,78,62,66,71,90,77,0,96,99,89,79,92,94,0,0
l29,1=0,0,0,0,0,0,0,0,0,0,0,0,0,0,38,0,0,0,47,48,57,6,31,56,52,55,0,42,47,71,90,71,92,0,99,89,94,68,85,6,0
l30,1=0,0,0,0,0,0,0,0,0,0,0,0,0,0,0,0,0,0,48,0,46,45,0,45,4,70,90,15,22,71,75,90,92,96,0,77,83,81,63,0,0
l31,1=0,0,0,0,0,0,0,0,0,0,0,0,19,0,62,0,34,26,64,45,45,59,23,55,70,0,0,59,77,71,90,0,92,96,95,0,94,92,94,13,31
l32,1=0,0,0,0,0,0,0,0,2,0,0,0,0,36,52,0,35,0,25,48,49,29,72,48,62,69,92,88,81,71,90,92,76,94,91,89,0,92,94,0,0
l33,1=0,0,0,0,0,26,0,0,0,0,0,0,36,36,90,3,48,46,0,0,24,36,41,32,43,36,96,88,85,70,89,96,81,50,91,86,92,0,90,0,0
l34,1=0,0,0,0,0,40,0,0,0,0,0,0,12,38,69,41,42,24,4,24,40,56,38,33,48,17,99,88,76,42,90,95,89,56,53,89,94,92,0,0,0
l35,1=0,0,0,0,0,0,1,0,39,0,10,0,34,50,40,42,51,23,61,52,63,61,71,67,58,66,89,0,0,0,25,0,0,0,0,1,0,0,0,0,77
l36,1=0,0,0,0,0,0,0,0,29,16,9,0,31,58,40,50,54,62,33,58,66,75,72,76,58,79,94,13,14,0,24,94,0,0,0,24,0,0,0,75,0
l37,1=0,0,0,0,0,0,0,0,28,0,2,0,23,35,36,44,41,49,27,0,48,70,73,56,64,92,92,0,6,0,12,92,0,0,0,0,0,0,0,73,75
l38,1=0,0,0,0,0,0,16,23,58,30,24,0,65,63,50,52,57,66,41,9,68,76,74,66,71,54,91,26,28,0,0,94,0,0,0,29,5,0,0,75,80
l39,1=0,0,0,0,0,0,0,0,0,0,0,0,23,47,37,39,51,25,37,53,65,75,73,76,63,0,0,0,0,0,38,13,0,29,0,20,0,0,27,73,78
l40,1=0,0,0,0,0,0,0,0,13,0,0,0,25,41,31,0,35,32,62,48,62,70,62,65,52,47,0,0,0,21,11,31,37,0,0,29,0,0,0,74,73

l0,2=0,90,90,90,94,92,82,72,35,75,56,81,7,41,19,19,3,0,0,0,0,0,0,0,0,26,0,31,55,0,0,0,0,0,0,0,0,0,0,0,0
l1,2=90,0,93,86,95,92,80,85,31,70,58,83,17,45,18,20,9,16,0,0,0,0,0,0,0,34,0,33,19,0,0,0,0,0,0,0,0,0,0,0,0
l2,2=61,45,0,63,38,58,87,82,57,85,59,45,65,20,18,12,8,2,0,0,1,0,11,0,0,50,0,14,30,0,0,0,0,0,0,0,0,0,0,0,0
l3,2=90,90,93,0,95,92,87,51,16,54,61,78,0,1,0,23,0,0,0,0,0,0,0,0,0,2,0,21,0,0,0,0,0,0,0,0,0,0,0,0,0
l4,2=59,90,46,90,0,92,52,80,34,76,59,76,17,4,15,2,0,0,0,0,0,0,0,0,0,45,0,33,4,0,0,0,0,0,0,0,0,0,0,0,0
l5,2=90,90,93,86,95,0,87,85,47,51,73,84,19,27,8,19,4,0,0,0,0,0,0,0,0,20,0,40,0,0,0,0,0,0,0,0,0,0,0,0,0
l6,2=64,69,93,66,45,86,0,95,58,89,71,86,70,66,0,29,19,0,0,6,35,0,9,10,10,59,0,10,14,0,0,0,0,0,0,0,0,0,0,0,0
l7,2=82,83,89,18,87,86,84,0,75,90,73,86,74,67,58,60,8,15,9,0,0,47,9,9,21,46,0,0,7,0,0,0,0,0,0,0,0,0,0,0,4
l8,2=66,60,85,23,52,85,75,84,0,88,73,83,51,71,32,60,56,64,0,9,7,22,56,57,20,20,0,10,9,0,0,0,0,0,0,0,0,14,0,34,4
l9,2=61,83,85,20,82,18,84,95,75,0,73,86,73,71,29,60,8,52,23,5,0,1,43,12,0,48,0,20,9,0,0,0,0,0,0,0,0,0,0,4,3
l10,2=42,75,85,33,71,85,79,84,76,90,0,86,64,71,22,60,30,53,0,3,2,22,22,9,19,20,0,16,4,0,0,0,0,0,0,0,0,11,2,5,1
l11,2=80,83,56,65,78,85,84,95,75,90,73,0,67,70,17,21,1,17,0,0,4,2,8,0,0,21,0,10,10,0,0,0,0,0,0,0,0,0,0,0,0
l12,2=7,43,43,0,31,51,73,73,64,85,66,56,0,72,50,61,58,74,16,8,46,58,60,64,19,72,0,42,70,0,0,22,0,0,0,20,21,23,9,45,60
l13,2=35,49,49,0,28,28,9,65,65,69,64,20,74,64,0,56,58,71,2,0,0,69,52,33,0,64,0,89,85,14,35,0,0,0,0,22,10,35,70,50,59
l14,2=14,26,17,19,16,38,55,62,76,89,73,22,78,55,66,0,48,74,16,7,28,69,1,0,29,76,12,42,29,0,7,6,0,0,0,0,17,28,7,44,32
l15,2=0,20,35,0,0,23,48,50,53,40,49,3,56,45,93,37,0,74,57,10,44,86,53,76,51,55,0,41,63,4,42,0,0,4,0,41,24,14,33,48,56
l16,2=0,2,0,0,0,0,0,54,63,61,58,44,78,72,93,61,58,0,43,0,43,72,56,60,56,55,8,37,71,0,28,43,0,0,0,0,0,62,40,50,64
l17,2=0,0,0,0,0,0,25,35,0,59,0,0,47,49,9,30,45,45,0,70,60,78,64,71,83,68,0,0,0,71,39,0,48,0,52,47,21,0,32,34,41
l18,2=0,0,0,0,0,0,42,0,45,45,23,0,28,48,0,29,44,0,70,0,58,79,59,69,78,0,52,0,0,0,12,32,0,11,0,0,0,1,0,48,60
l19,2=0,0,0,0,0,0,36,0,27,5,15,27,50,47,0,29,40,21,65,51,0,84,61,76,83,0,0,8,0,71,58,0,49,57,37,57,45,19,0,53,60
l20,2=0,0,0,0,0,0,0,54,41,26,57,7,52,51,40,39,46,45,57,57,65,0,66,76,75,0,71,0,18,64,39,55,52,45,40,53,0,27,45,57,77
l21,2=0,0,22,0,0,0,37,29,60,64,57,24,53,52,37,0,44,46,61,54,57,86,0,76,75,27,70,18,53,43,30,65,24,20,34,0,43,65,48,57,64
l22,2=0,0,0,0,0,0,28,29,60,28,19,0,52,49,9,7,45,44,56,50,71,86,66,0,71,49,44,0,14,48,51,0,33,54,21,40,24,18,21,56,66
l23,2=0,0,0,0,0,0,35,40,41,17,45,0,22,43,9,31,45,48,70,58,70,81,63,75,0,45,55,0,0,76,62,50,57,45,44,66,0,21,10,53,66
l24,2=66,61,46,16,81,81,51,0,47,69,52,17,22,65,77,55,57,61,0,0,8,0,28,0,0,0,77,0,89,68,74,73,52,34,61,74,69,95,85,6,40
l25,2=26,34,50,2,45,20,59,46,20,48,20,21,72,64,76,55,55,68,0,0,0,27,49,45,0,0,0,90,0,75,71,0,76,54,11,76,63,95,90,0,42
l26,2=0,0,0,0,0,0,0,0,0,0,0,0,0,0,12,0,8,0,52,0,71,70,44,55,77,0,0,37,75,0,84,0,90,98,94,89,91,95,94,0,8
l27,2=0,0,0,0,0,0,0,0,0,0,0,0,0,0,47,1,40,23,34,25,64,57,39,54,71,90,37,75,87,84,0,86,90,98,94,89,91,95,96,25,30
l28,2=0,0,0,0,0,0,0,0,0,0,0,0,0,0,0,0,0,0,37,0,52,64,24,55,74,0,75,50,70,84,84,89,0,98,94,89,82,95,95,32,0
l29,2=0,0,0,0,0,0,0,0,0,0,0,0,0,0,0,0,1,0,0,37,66,71,48,69,73,75,0,38,61,84,84,84,90,0,94,89,91,0,94,37,0
l30,2=0,0,0,0,0,0,0,0,0,0,0,0,0,0,0,0,0,0,39,0,31,62,29,1,53,71,84,48,0,84,82,84,90,98,0,83,77,84,83,0,0
l31,2=0,0,0,0,0,0,0,0,0,0,0,0,22,0,6,0,43,0,32,0,55,65,0,50,73,0,0,86,89,84,84,0,90,98,93,0,91,95,96,26,45
l32,2=0,0,0,0,0,0,0,0,0,0,0,0,42,27,26,24,45,0,33,0,53,0,46,48,0,76,90,88,81,84,84,90,86,97,92,89,0,95,96,0,0
l33,2=0,0,0,0,0,0,0,0,29,0,32,0,55,41,57,51,42,71,0,16,43,58,56,52,49,54,98,90,88,78,80,98,87,0,92,87,91,0,96,0,26
l34,2=0,0,0,0,0,0,0,0,0,0,27,0,35,45,82,19,56,49,37,3,0,76,56,46,13,11,94,90,89,81,84,93,88,93,92,89,91,95,0,32,21
l35,2=0,0,0,0,0,0,0,0,28,20,17,0,24,41,12,28,40,21,15,13,49,76,59,70,61,76,89,2,0,0,15,0,24,9,0,13,0,0,12,0,78
l36,2=0,0,0,0,0,0,0,26,19,28,0,0,34,45,25,19,43,40,15,36,41,83,53,75,66,63,91,14,1,0,11,91,0,0,0,23,0,1,0,63,0
l37,2=0,0,0,0,0,0,0,0,0,1,0,0,25,19,0,28,21,17,38,2,19,77,58,69,62,95,95,0,0,0,0,95,0,0,0,0,0,0,0,60,75
l38,2=0,0,0,0,0,0,6,0,48,25,14,23,63,51,37,36,44,38,37,2,49,83,63,74,67,90,94,11,10,0,0,96,0,0,0,33,5,11,0,65,77
l39,2=0,0,0,0,0,0,0,0,0,0,0,0,16,29,14,23,43,18,0,18,53,81,59,73,56,0,0,0,0,41,26,26,0,1,32,7,1,0,0,59,77
l40,2=0,0,0,0,0,0,0,0,0,0,0,0,26,36,0,24,32,15,52,15,43,75,56,69,67,42,8,0,0,21,0,45,0,0,0,38,0,0,0,55,63

l0,3=0,91,88,92,93,99,92,75,56,77,85,68,40,67,69,63,34,0,0,0,0,0,0,0,0,1,0,42,0,0,0,0,0,0,0,0,0,0,0,0,0
l1,3=95,0,88,91,95,99,90,65,59,78,80,57,0,67,64,54,55,43,0,0,0,30,0,9,0,56,0,72,55,0,0,0,0,0,0,0,0,0,0,0,0
l2,3=91,89,0,90,89,97,93,95,91,85,91,98,44,60,51,0,71,0,0,0,0,0,0,0,0,57,0,1,59,0,0,0,0,0,0,0,0,0,0,0,0
l3,3=87,87,88,0,95,99,92,65,59,83,90,59,1,76,1,59,1,28,0,0,0,0,0,0,0,52,0,50,56,0,0,0,0,0,0,0,0,0,0,0,0
l4,3=83,91,85,92,0,99,92,65,1,84,57,59,49,47,0,67,0,0,0,0,0,0,0,0,0,58,0,20,58,0,0,0,0,0,0,0,0,37,0,0,0
l5,3=80,91,81,65,95,0,92,64,60,82,91,60,50,27,0,70,52,0,0,0,0,0,0,0,0,69,0,83,50,0,0,0,0,0,0,0,0,0,0,0,0
l6,3=91,87,87,89,89,98,0,97,80,86,92,98,86,75,46,84,88,70,0,63,51,0,55,49,47,60,0,19,13,0,0,0,0,0,0,0,0,0,0,0,12
l7,3=91,87,83,56,89,94,93,0,91,90,92,98,85,75,73,85,85,64,14,0,55,61,65,34,33,50,0,35,33,0,0,0,0,0,0,0,0,0,0,0,0
l8,3=82,85,81,81,10,95,84,94,0,81,92,97,86,78,64,88,82,75,66,29,62,43,73,61,72,75,0,29,55,0,0,0,0,0,0,0,0,0,0,41,31
l9,3=59,87,84,48,88,95,93,97,91,0,92,98,85,75,67,78,78,73,57,39,49,52,68,53,46,65,0,80,45,0,0,0,0,0,0,0,0,0,0,0,39
l10,3=76,68,78,73,62,97,89,97,92,90,0,98,85,77,51,81,54,69,7,31,41,50,55,43,70,60,0,36,29,0,0,0,0,0,0,0,0,28,41,0,21
l11,3=91,85,84,80,89,98,93,97,91,90,92,0,85,77,72,72,60,58,38,0,74,46,53,0,0,0,0,31,0,0,0,0,0,0,0,0,0,0,0,0,0
l12,3=48,0,61,0,73,80,88,81,90,89,90,91,0,84,95,95,88,97,60,31,58,43,69,67,56,84,0,68,67,0,0,0,0,0,0,0,46,49,0,65,39
l13,3=74,74,58,0,19,0,62,82,84,75,70,85,95,82,0,82,94,97,53,0,59,62,77,69,64,78,0,93,91,0,63,0,0,0,0,76,78,86,13,60,39
l14,3=43,65,0,52,68,76,85,85,92,78,83,61,95,81,71,0,90,91,61,40,68,72,55,32,0,97,0,83,60,0,0,82,0,0,0,0,0,70,53,42,35
l15,3=13,44,44,0,0,47,82,79,83,76,58,53,83,77,97,93,0,97,72,72,69,96,88,79,86,77,0,83,73,0,47,0,6,0,25,66,42,71,54,50,43
l16,3=0,66,0,33,22,0,80,65,85,81,76,68,95,84,97,95,94,0,71,57,72,80,84,65,82,82,0,87,75,11,45,71,0,0,0,29,1,84,54,66,47
l17,3=0,0,0,0,0,0,0,4,72,48,23,52,66,72,33,64,76,68,0,98,93,57,86,67,95,83,37,0,0,79,63,22,31,68,70,60,29,0,0,65,49
l18,3=0,0,0,0,0,0,51,0,42,43,39,0,58,77,0,66,77,58,95,0,86,87,85,73,95,0,92,0,0,0,31,73,60,0,34,0,0,0,0,61,53
l19,3=0,0,0,0,0,0,25,19,61,25,26,66,60,54,26,65,53,43,93,79,0,88,88,80,96,0,2,22,0,60,81,0,63,77,51,64,43,27,34,67,43
l20,3=0,28,0,0,0,0,1,48,54,54,63,60,48,62,55,89,93,87,58,82,91,0,90,80,93,0,90,0,22,55,33,89,56,62,20,46,56,47,40,72,56
l21,3=0,0,0,0,0,0,43,51,78,69,64,61,74,68,65,57,82,79,93,66,88,96,0,79,87,44,79,0,32,52,63,62,44,37,47,56,59,60,50,68,53
l22,3=0,0,0,0,0,0,48,17,78,61,67,0,86,74,74,51,91,61,90,78,95,96,89,0,93,57,81,12,44,44,77,69,64,79,0,61,40,51,9,72,54
l23,3=0,0,0,0,0,0,33,15,64,28,57,0,35,37,41,18,79,72,95,91,95,93,85,73,0,57,63,0,0,74,84,64,85,76,53,65,65,28,21,40,49
l24,3=47,64,2,36,38,91,53,42,61,69,71,38,69,78,92,81,82,84,0,0,50,15,0,10,0,0,88,0,91,71,76,73,0,68,59,86,85,93,94,44,37
l25,3=1,56,57,52,58,69,60,50,75,65,60,0,84,78,97,77,82,83,0,0,0,44,57,57,0,0,0,94,0,85,88,0,56,87,72,90,92,93,96,33,32
l26,3=0,0,0,0,0,0,0,0,0,0,0,0,0,0,0,0,0,37,92,2,90,79,81,63,88,0,0,87,85,0,99,0,100,100,100,92,97,87,100,52,0
l27,3=0,0,0,0,0,0,0,0,0,0,0,0,0,41,81,0,69,57,71,48,94,65,75,69,96,94,87,93,91,98,0,94,100,100,100,92,97,93,100,45,0
l28,3=0,0,0,0,0,0,0,0,0,0,0,0,0,0,0,0,43,4,54,76,89,76,69,76,94,0,85,0,67,98,99,91,0,100,100,92,97,93,100,55,40
l29,3=0,0,0,0,0,0,0,0,0,0,0,0,0,0,0,0,5,0,81,2,95,81,60,79,92,85,0,82,83,98,99,98,100,0,100,92,97,92,100,6,0
l30,3=0,0,0,0,0,0,0,0,0,0,0,0,0,0,0,0,9,0,80,3,77,7,55,0,29,88,99,74,80,98,99,99,100,100,0,92,97,93,90,0,0
l31,3=0,0,0,0,0,0,0,0,0,0,0,0,0,0,82,0,71,22,73,0,89,62,69,64,73,0,0,94,91,98,99,0,100,100,100,0,97,93,100,0,0
l32,3=0,0,0,0,0,0,0,0,0,0,0,0,75,0,88,0,76,0,23,0,76,81,79,59,82,56,100,94,91,98,99,100,100,100,100,92,0,93,100,0,8
l33,3=0,0,0,0,67,0,0,0,0,0,62,0,57,61,86,84,79,82,0,6,64,73,79,69,67,87,100,94,91,84,97,100,92,94,89,92,97,0,100,0,0
l34,3=0,0,0,0,0,33,0,0,0,0,62,0,0,57,46,75,75,73,0,0,80,82,82,53,62,72,100,94,91,98,99,100,100,100,91,92,97,93,0,29,32
l35,3=0,0,0,0,0,0,0,0,23,0,0,0,50,40,19,31,17,45,31,30,67,77,44,66,39,90,92,11,0,6,10,0,18,0,0,0,0,0,0,0,56
l36,3=0,0,0,0,0,0,33,0,35,39,23,0,60,54,48,48,47,55,65,60,67,67,78,55,67,92,97,33,8,0,0,97,23,0,0,0,0,0,1,77,0
l37,3=0,0,0,0,0,0,0,0,0,0,0,0,67,0,1,37,28,27,71,13,37,77,73,63,67,93,87,0,0,0,20,93,0,0,0,0,0,0,0,77,56
l38,3=0,0,0,0,0,0,0,0,34,19,40,64,73,60,78,75,78,56,54,0,85,92,85,70,43,96,100,19,30,14,0,100,0,0,0,0,0,2,0,76,54
l39,3=0,0,0,0,0,0,0,0,1,0,0,0,29,25,16,54,54,46,30,61,48,80,81,67,60,33,52,0,0,19,13,0,25,0,46,0,0,0,0,73,56
l40,3=0,0,0,0,0,0,0,0,0,0,0,0,39,18,18,37,34,26,84,23,75,69,76,65,78,32,0,0,0,20,31,0,0,0,0,34,1,0,0,73,49

l0,4=0,95,96,94,98,97,71,64,57,91,86,82,54,90,61,44,1,0,0,0,0,0,0,0,0,24,0,83,25,0,0,0,0,0,0,0,0,0,0,0,0
l1,4=100,0,96,94,97,99,91,74,55,91,84,93,0,0,72,3,49,0,0,0,0,57,0,0,0,41,0,0,66,0,0,0,0,0,0,0,0,21,0,0,0
l2,4=100,95,0,93,95,93,91,93,92,91,86,93,0,88,77,58,56,0,0,0,0,0,0,0,0,57,0,0,58,0,0,0,0,0,0,0,0,0,0,0,0
l3,4=100,95,96,0,98,99,71,54,57,89,86,82,40,90,0,0,45,39,0,0,0,0,0,0,0,65,0,69,70,0,0,0,0,0,0,0,0,0,0,0,0
l4,4=97,95,96,94,0,99,71,56,57,89,85,83,33,90,48,48,0,0,0,0,0,0,0,0,0,69,0,0,69,0,0,0,0,0,0,0,0,0,0,0,0
l5,4=87,95,94,94,98,0,71,56,57,91,86,81,35,84,4,38,40,52,0,0,0,0,0,0,0,33,0,91,48,0,0,0,0,0,0,0,0,0,1,0,0
l6,4=98,90,96,92,95,72,0,93,71,91,86,94,86,89,48,71,87,50,6,0,55,60,31,33,29,0,0,61,0,0,0,0,0,0,0,0,0,1,0,0,53
l7,4=98,89,92,75,89,86,91,0,94,91,86,94,86,90,75,87,49,59,0,0,54,69,69,0,38,22,0,70,22,0,0,0,0,0,0,0,0,0,0,0,0
l8,4=79,73,83,72,75,83,77,84,0,73,89,91,83,91,69,85,74,67,13,30,54,67,73,57,27,84,0,0,70,0,0,0,0,0,0,0,0,0,0,0,67
l9,4=87,90,92,80,86,93,91,93,84,0,89,94,49,90,4,85,79,56,0,40,56,60,69,34,39,84,0,57,56,0,0,0,0,0,0,0,0,0,0,0,57
l10,4=88,83,92,82,80,89,91,92,94,91,0,95,87,91,77,81,80,70,0,53,53,74,72,64,64,77,0,44,64,0,0,0,0,0,0,0,0,0,0,3,66
l11,4=98,89,92,85,94,89,91,93,94,91,86,0,87,88,81,85,76,65,40,0,54,61,74,55,54,0,0,77,0,0,0,0,0,0,0,0,0,0,0,0,62
l12,4=65,44,0,44,46,45,81,79,83,77,80,71,0,91,89,92,77,79,60,0,52,70,74,62,52,83,0,75,54,0,0,0,0,0,0,0,63,50,55,59,70
l13,4=56,54,72,0,56,6,63,75,76,36,79,71,88,87,0,87,91,90,11,0,0,69,76,67,0,91,0,97,96,0,75,0,0,0,0,70,82,67,76,60,77
l14,4=62,35,41,0,50,45,79,78,87,80,60,66,88,91,78,0,75,54,0,47,45,64,66,40,41,89,0,69,57,0,0,81,0,0,0,0,0,51,55,42,61
l15,4=45,45,45,34,0,38,79,51,72,74,69,47,75,79,80,81,0,90,71,76,59,84,85,76,68,92,0,79,78,41,46,0,31,0,0,54,58,46,50,43,84
l16,4=0,1,0,1,0,43,61,65,80,64,82,70,88,91,89,77,91,0,60,52,44,88,67,42,58,91,58,75,65,31,50,73,2,0,0,57,45,52,57,45,78
l17,4=0,0,0,0,0,0,44,0,54,0,0,46,53,83,31,0,82,50,0,97,74,83,89,79,88,84,15,0,0,87,68,62,0,52,66,80,52,0,41,64,88
l18,4=0,0,0,0,0,0,0,0,36,57,49,0,0,78,0,58,84,54,98,0,71,82,86,79,87,0,96,0,0,0,0,80,48,0,0,74,0,0,0,61,84
l19,4=0,0,0,0,0,0,53,45,52,50,37,44,35,53,0,47,62,39,76,69,0,88,92,88,88,0,0,0,0,48,72,50,43,77,43,72,30,39,42,40,81
l20,4=0,29,0,0,0,0,53,51,64,53,51,50,54,67,52,69,90,67,78,66,84,0,94,88,68,0,71,33,0,50,38,79,46,53,32,61,70,0,54,67,91
l21,4=0,0,0,0,0,0,43,49,73,55,56,49,70,67,57,68,78,55,81,75,78,88,0,83,65,0,79,33,2,43,46,72,30,46,26,61,73,38,59,56,84
l22,4=0,0,0,0,0,0,53,0,64,57,54,45,62,62,58,54,79,42,63,70,85,89,94,0,76,0,62,1,0,64,64,73,42,58,45,62,60,46,34,57,90
l23,4=0,0,0,0,0,0,51,47,50,49,54,44,42,62,25,45,83,66,98,91,85,85,88,81,0,0,82,26,31,62,68,67,57,79,39,68,55,43,40,64,24
l24,4=64,0,0,0,13,88,45,59,0,62,56,66,86,91,89,88,87,82,0,0,0,48,49,0,0,20,81,0,98,79,76,69,52,59,5,84,98,99,97,3,48
l25,4=24,41,57,65,69,33,0,22,84,84,77,0,83,91,89,92,91,84,0,0,0,0,0,0,20,0,0,97,0,62,100,0,73,90,77,86,98,99,97,2,56
l26,4=0,0,0,0,0,0,0,0,0,0,0,0,0,0,0,0,58,15,96,0,71,79,62,82,81,0,0,88,72,0,100,0,100,97,100,100,98,93,100,50,66
l27,4=0,0,0,0,0,0,0,0,0,0,0,0,0,37,64,0,69,44,74,0,82,42,68,79,77,97,88,73,97,97,0,93,100,97,100,100,98,99,100,45,0
l28,4=0,0,0,0,0,0,0,0,0,0,0,0,0,0,0,0,75,29,0,74,80,88,72,81,88,0,72,68,93,97,100,92,0,97,100,100,98,99,100,37,74
l29,4=0,0,0,0,0,0,0,0,0,0,0,0,0,0,0,0,0,0,45,0,84,82,77,79,84,62,0,68,89,97,100,97,100,0,100,100,98,96,100,0,0
l30,4=0,0,0,0,0,0,0,0,0,0,0,0,0,0,0,0,0,0,92,0,80,74,13,80,53,100,100,0,88,97,100,100,100,97,0,100,98,99,92,0,0
l31,4=0,0,0,0,0,0,0,0,0,0,0,0,0,0,81,0,73,62,80,50,79,72,73,67,69,0,0,93,92,97,100,0,100,97,100,0,98,99,100,33,0
l32,4=0,0,0,0,0,0,0,0,0,0,0,0,74,0,88,0,83,53,66,0,39,86,81,77,78,73,100,97,98,97,100,100,100,97,100,100,0,99,100,0,61
l33,4=0,19,0,0,0,0,0,0,0,0,0,0,68,67,86,82,82,77,0,0,62,0,77,69,52,90,97,97,95,87,100,97,92,93,92,97,98,0,100,0,0
l34,4=1,0,0,0,0,18,0,0,0,0,0,0,57,61,85,51,81,70,57,3,71,82,85,34,41,77,100,97,98,97,100,100,100,97,78,100,98,99,0,0,0
l35,4=0,0,0,0,0,0,0,0,0,0,0,0,55,62,52,49,57,39,53,50,33,82,59,62,51,86,100,0,0,31,41,0,5,0,0,20,0,0,0,0,92
l36,4=0,0,0,0,0,0,44,0,55,47,35,37,56,65,44,62,66,50,64,44,55,76,69,67,0,98,98,20,30,35,0,98,19,0,0,0,18,0,0,70,0
l37,4=0,0,0,0,0,0,0,0,0,0,24,0,50,49,33,43,55,38,58,48,32,82,76,57,49,99,93,0,0,0,29,99,0,0,0,39,0,0,15,82,92
l38,4=0,0,0,0,0,0,0,28,54,46,43,48,52,57,58,61,56,41,47,44,64,82,71,76,36,97,100,34,45,46,0,100,0,0,0,41,4,35,0,78,90
l39,4=0,0,0,0,0,0,0,0,49,0,0,0,46,46,38,53,59,44,59,67,60,75,76,62,43,2,50,0,0,38,0,33,28,30,0,52,0,0,0,62,84
l40,4=0,0,0,0,0,0,0,0,22,0,0,0,34,0,32,39,56,43,60,44,54,61,75,75,52,56,66,8,0,46,43,0,0,39,0,0,3,0,0,79,90

l0,5=0,89,92,89,89,85,72,82,78,80,56,83,31,0,21,5,0,0,0,0,0,0,0,0,0,16,0,44,1,0,0,0,0,0,0,0,0,0,0,0,0
l1,5=90,0,93,89,87,87,90,54,85,79,94,83,0,24,22,70,42,0,0,0,0,0,0,0,0,0,0,0,0,0,0,0,0,0,0,0,0,27,0,0,0
l2,5=90,95,0,83,88,85,90,45,78,83,94,82,28,13,0,54,43,0,0,0,0,0,0,0,0,18,0,50,57,0,0,0,0,0,0,0,0,0,0,0,0
l3,5=93,95,92,0,92,87,52,76,68,80,13,75,0,52,37,66,0,0,0,0,0,0,0,0,0,15,0,40,53,0,0,0,0,0,0,0,0,0,0,0,0
l4,5=59,80,92,89,0,87,19,80,81,76,22,82,0,50,40,71,52,0,0,0,0,0,0,0,0,18,0,54,43,0,0,0,0,0,0,0,0,0,0,0,0
l5,5=57,81,92,86,90,0,19,82,88,79,20,85,52,51,44,69,45,32,0,0,0,0,0,0,0,21,0,62,44,0,0,0,0,0,0,0,0,38,0,0,0
l6,5=92,95,93,83,89,83,0,94,78,89,94,87,79,75,36,67,77,30,0,62,58,33,40,37,38,0,0,6,0,0,0,0,0,0,0,0,0,0,0,0,0
l7,5=87,64,53,40,72,83,90,0,86,88,93,85,79,74,17,78,42,35,1,0,0,36,20,21,22,0,0,51,5,0,0,0,0,0,0,0,0,0,0,0,29
l8,5=32,78,28,19,30,80,52,51,0,83,94,64,85,81,20,76,78,72,46,44,61,65,31,24,28,64,0,63,62,0,0,0,0,0,0,0,0,0,11,22,50
l9,5=76,80,79,64,54,78,90,90,78,0,94,86,18,75,18,74,41,56,0,0,43,36,17,23,24,62,0,34,68,0,0,0,0,0,0,0,0,0,0,0,0
l10,5=78,82,92,14,49,0,90,90,88,89,0,86,86,80,21,70,77,71,39,49,8,69,31,25,29,38,0,58,33,0,0,0,0,0,0,0,0,0,0,20,50
l11,5=77,82,83,38,72,80,90,92,83,89,94,0,83,73,64,75,56,57,32,0,41,37,41,37,33,31,0,31,51,0,0,0,0,0,0,0,0,0,0,1,30
l12,5=28,26,13,0,0,41,51,50,84,46,89,61,0,81,83,84,85,83,42,52,34,63,4,22,11,47,0,60,35,0,28,0,0,0,0,9,18,9,17,14,66
l13,5=38,45,0,5,26,55,28,20,61,46,48,42,69,25,0,75,88,82,41,0,65,67,26,24,0,17,0,83,87,0,43,0,0,0,0,69,60,48,23,22,39
l14,5=10,41,6,18,23,42,10,51,65,62,42,24,87,77,23,0,40,81,42,47,44,39,30,23,0,84,0,83,47,0,0,53,0,0,0,6,2,7,12,24,56
l15,5=0,27,13,0,19,24,38,32,58,45,42,31,70,61,79,51,0,81,64,60,72,73,70,69,71,55,0,57,64,8,0,1,31,14,0,44,15,49,0,17,77
l16,5=0,0,0,0,0,43,25,34,71,48,49,40,83,79,80,78,88,0,56,33,63,76,35,22,33,83,52,62,83,0,34,60,0,0,0,62,41,26,22,22,77
l17,5=0,0,0,0,0,0,0,0,20,0,23,14,25,55,17,24,75,41,0,91,84,73,77,77,83,78,0,0,0,61,52,45,11,53,36,75,2,8,29,74,78
l18,5=0,0,0,0,0,0,36,0,23,0,28,0,56,52,0,34,67,16,93,0,70,69,84,73,83,0,69,0,0,21,0,64,30,0,0,22,0,0,0,69,32
l19,5=0,0,0,0,0,0,27,0,23,31,9,21,32,36,30,29,77,27,82,39,0,78,84,83,83,0,49,11,0,28,58,40,2,70,32,33,21,29,33,75,81
l20,5=0,0,0,0,0,0,13,19,53,34,58,21,60,53,55,44,81,63,69,62,90,0,86,85,75,0,50,0,0,26,35,43,51,20,13,20,62,22,54,70,77
l21,5=0,0,0,0,0,1,22,19,52,31,34,22,45,35,31,58,76,56,72,68,89,82,0,78,75,0,50,5,26,23,34,38,29,18,0,21,36,22,8,52,78
l22,5=0,0,0,0,0,0,30,15,46,28,64,21,47,54,56,60,76,26,72,66,90,82,78,0,73,16,57,5,0,59,53,15,38,32,40,34,26,2,32,56,82
l23,5=0,0,0,0,0,0,21,12,23,27,45,24,40,34,0,0,78,60,92,80,90,75,79,76,0,1,70,3,0,50,51,50,47,59,1,27,0,32,29,70,34
l24,5=27,0,10,16,25,40,0,29,54,40,41,18,46,10,43,76,77,65,0,0,19,16,1,3,3,0,68,0,87,23,62,51,40,19,14,31,71,69,29,0,0
l25,5=16,0,18,15,18,21,0,0,64,62,38,31,47,17,84,55,83,78,0,0,0,0,16,1,0,0,0,89,0,24,61,0,40,25,17,30,72,87,34,10,19
l26,5=0,0,0,0,0,0,0,0,0,0,0,0,0,0,0,0,52,0,69,49,50,50,57,70,68,0,0,49,57,0,83,0,80,81,87,90,75,70,78,0,28
l27,5=0,0,0,0,0,0,0,0,0,0,0,0,1,0,9,0,0,5,53,0,58,27,13,33,48,89,49,32,57,83,0,51,80,79,86,90,75,88,81,12,19
l28,5=0,0,0,0,0,0,0,0,0,0,0,0,0,0,0,0,48,0,49,39,38,63,45,58,69,0,57,54,59,83,83,50,0,87,95,90,75,84,78,8,7
l29,5=0,0,0,0,0,0,0,0,0,0,0,0,0,0,0,0,43,0,64,0,73,54,33,46,77,24,0,29,59,83,82,81,80,0,95,90,74,84,76,0,0
l30,5=0,0,0,0,0,0,0,0,0,0,0,0,0,0,0,0,0,0,64,0,60,57,0,63,0,61,83,53,60,83,81,81,80,81,0,87,56,82,65,0,0
l31,5=0,0,0,0,0,0,0,0,0,0,0,0,0,0,53,1,60,45,64,40,43,38,15,50,51,0,0,51,50,81,81,0,68,66,82,0,81,82,81,0,0
l32,5=0,0,0,0,0,0,0,0,0,0,0,0,30,0,14,8,44,46,4,0,39,48,20,20,0,40,80,60,41,83,81,68,76,59,18,90,0,94,89,1,0
l33,5=0,33,0,0,2,22,0,0,0,0,0,0,34,7,17,33,64,47,44,0,41,27,15,0,27,25,81,87,54,27,83,66,75,46,45,89,84,0,89,0,0
l34,5=0,0,0,0,11,0,0,0,43,0,0,0,31,5,20,35,30,50,49,0,35,45,12,20,27,17,87,80,80,81,81,82,75,71,38,90,84,94,0,0,0
l35,5=0,0,0,0,0,0,0,0,23,0,14,0,15,25,24,36,25,30,35,30,41,69,40,40,44,30,90,0,5,0,32,0,0,0,0,0,0,0,0,0,76
l36,5=0,0,0,0,0,0,0,1,25,0,17,15,62,28,13,53,76,37,57,19,72,67,69,75,12,72,75,0,4,9,25,81,0,0,0,0,0,0,0,74,0
l37,5=0,0,0,0,0,0,0,0,0,0,10,0,53,15,13,24,62,24,15,31,35,69,66,56,25,87,70,0,0,0,31,82,0,0,0,20,0,0,0,80,80
l38,5=0,0,0,0,0,0,0,8,23,26,42,2,63,35,59,63,76,61,0,37,74,71,72,75,25,34,78,12,12,14,0,81,0,0,0,19,9,25,0,81,82
l39,5=0,0,0,0,0,0,0,0,15,0,0,0,43,0,24,25,74,30,54,25,78,70,72,73,71,10,0,0,0,0,30,0,40,26,0,6,0,11,0,79,81
l40,5=0,0,0,0,0,0,0,0,20,0,1,0,0,0,2,24,53,25,24,28,76,59,71,72,61,19,28,0,0,20,30,0,40,4,12,25,10,0,0,79,80

l0,6=0,94,73,93,88,87,87,53,47,59,79,78,6,58,72,0,61,0,0,0,0,0,0,0,0,0,0,54,0,0,0,0,0,0,0,0,0,0,0,0,0
l1,6=91,0,82,93,87,88,80,77,1,78,82,77,0,56,68,31,63,20,0,0,0,0,0,0,0,0,0,66,9,0,0,0,0,0,0,0,0,0,0,0,0
l2,6=93,94,0,89,82,88,87,50,14,53,85,77,17,67,57,28,67,0,0,0,0,0,36,0,0,0,0,0,22,0,0,0,0,0,0,0,0,0,0,0,0
l3,6=93,94,85,0,88,87,84,53,44,59,79,78,0,68,56,4,0,0,0,0,0,0,0,0,0,0,0,67,0,0,0,0,0,0,0,0,0,0,0,0,0
l4,6=91,94,66,94,0,87,83,53,45,59,85,56,31,68,31,5,54,0,0,0,0,0,0,0,0,27,0,71,49,0,0,0,0,0,0,0,0,0,0,0,0
l5,6=92,94,66,57,88,0,85,51,47,60,71,77,45,64,69,6,0,32,0,0,0,0,0,0,0,22,0,72,37,0,0,0,0,0,0,8,0,22,0,0,0
l6,6=89,91,85,82,82,78,0,86,45,86,82,79,52,67,49,23,69,0,34,22,16,34,41,41,33,0,0,0,0,0,0,0,0,0,0,0,0,0,0,0,0
l7,6=87,91,62,69,68,84,87,0,75,84,85,81,74,67,51,65,0,57,0,16,3,37,35,29,16,0,0,53,0,0,0,0,0,0,0,0,0,0,0,12,0
l8,6=47,0,4,41,35,70,48,68,0,74,81,72,74,74,70,59,62,68,37,14,33,54,50,62,29,23,0,8,42,0,0,0,0,0,0,0,0,0,24,12,28
l9,6=77,84,69,71,76,74,84,83,69,0,86,77,70,73,54,64,72,47,39,2,29,55,37,27,39,44,0,43,28,0,0,0,0,0,0,0,0,0,0,0,0
l10,6=49,91,77,21,74,40,85,83,78,86,0,82,73,72,46,66,72,66,0,0,4,52,43,54,23,40,0,50,40,0,0,0,0,0,0,0,0,0,0,18,24
l11,6=86,83,71,61,62,80,87,86,77,86,86,0,79,69,62,63,74,56,24,0,30,45,37,28,45,16,0,41,22,0,0,0,0,0,0,0,0,4,0,12,0
l12,6=1,19,0,0,12,36,53,40,72,59,71,50,0,68,82,73,78,69,25,22,24,49,30,0,42,41,0,70,58,0,16,23,0,0,0,18,0,5,7,19,34
l13,6=8,47,29,29,4,7,34,20,38,36,31,26,75,36,0,65,80,72,9,0,10,55,25,62,33,36,0,76,73,0,6,4,4,3,0,21,23,67,34,5,4
l14,6=0,51,21,24,19,25,32,37,48,69,68,60,80,69,75,0,72,68,30,19,33,51,51,60,43,86,0,71,57,0,0,44,0,0,0,3,1,34,5,26,35
l15,6=15,21,21,0,18,0,38,0,27,58,60,39,64,58,70,56,0,74,49,21,58,65,55,73,63,42,0,10,53,40,14,0,2,0,0,30,40,51,20,29,60
l16,6=3,40,0,0,0,29,0,29,63,53,56,36,77,72,84,69,82,0,45,23,29,73,52,39,53,61,55,57,56,0,15,63,0,0,0,30,35,52,36,26,34
l17,6=0,0,0,0,0,0,3,0,19,13,0,0,13,46,2,44,65,41,0,71,74,73,59,59,85,49,0,1,0,57,33,48,11,34,1,46,8,10,9,48,19
l18,6=0,0,0,0,0,0,34,17,22,15,0,0,47,40,0,26,62,30,77,0,60,62,49,48,82,0,55,0,0,28,28,56,0,0,0,19,1,0,0,42,21
l19,6=0,0,0,0,0,0,16,0,23,22,4,13,13,47,31,40,62,18,69,43,0,75,59,77,80,0,15,0,0,0,55,14,22,42,18,45,8,22,22,52,22
l20,6=0,0,0,0,0,0,15,10,49,53,56,24,50,47,47,41,69,60,50,38,77,0,64,78,68,0,0,21,14,20,31,61,44,17,2,33,20,26,18,48,64
l21,6=0,0,11,0,0,0,48,23,54,22,37,25,21,17,14,54,72,59,65,43,75,77,0,78,74,32,15,7,14,15,24,60,28,12,2,16,5,17,31,52,60
l22,6=0,0,0,0,0,0,26,22,37,21,32,11,0,47,41,39,71,16,51,22,77,77,65,0,67,22,9,0,0,38,44,43,29,14,19,17,13,27,15,35,69
l23,6=0,0,0,0,0,0,15,1,10,19,9,9,16,44,11,36,72,56,74,62,77,73,59,69,0,0,54,0,0,55,31,47,49,39,16,54,11,18,16,55,34
l24,6=1,26,0,37,3,8,0,16,0,31,22,9,73,18,83,52,50,49,0,0,0,34,4,0,0,0,61,0,72,23,36,59,7,11,13,35,46,73,50,0,5
l25,6=0,0,0,0,27,22,0,0,23,44,40,16,41,36,86,42,61,49,0,0,0,32,22,0,0,0,0,82,0,46,55,0,18,24,16,39,48,69,56,17,0
l26,6=0,0,0,0,0,0,0,0,0,0,0,0,0,0,0,0,55,0,55,15,0,15,9,54,61,0,0,50,56,0,72,0,78,70,61,67,65,64,62,0,11
l27,6=0,0,0,0,0,4,0,0,0,0,0,0,23,0,24,0,54,2,47,19,66,48,26,49,35,82,50,60,56,76,0,60,70,62,60,68,57,69,65,13,23
l28,6=0,0,0,0,0,0,0,0,0,0,0,0,0,0,4,0,5,0,49,0,60,70,44,54,60,0,56,52,48,76,72,55,0,82,77,61,58,64,62,6,0
l29,6=0,0,0,0,0,0,0,0,0,0,0,0,0,0,10,0,0,0,59,0,71,63,47,48,65,46,0,64,57,76,71,73,78,0,62,64,58,64,61,14,0
l30,6=0,0,0,0,0,0,0,0,0,0,0,0,0,0,0,0,0,0,1,0,61,8,0,49,56,55,72,57,48,69,71,72,78,61,0,60,52,60,61,0,0
l31,6=0,0,0,0,0,0,0,0,0,0,0,0,23,4,44,0,63,48,56,14,61,60,43,47,59,0,0,60,55,73,72,0,68,59,60,0,67,67,66,22,9
l32,6=0,0,0,0,0,2,0,0,0,0,0,0,0,20,10,0,61,45,36,0,9,40,15,43,33,18,78,41,46,76,71,68,40,40,22,68,0,80,73,4,0
l33,6=0,0,0,0,0,11,0,0,0,0,0,1,2,17,51,33,63,49,40,0,15,35,1,42,31,24,70,78,49,51,72,59,40,35,28,68,71,0,69,0,8
l34,6=0,0,0,0,0,0,0,0,19,0,0,0,16,33,41,32,61,49,39,0,58,44,26,44,35,16,61,46,51,63,72,60,65,35,39,68,75,68,0,4,5
l35,6=0,0,0,0,0,0,0,0,7,0,19,0,13,13,19,24,27,16,24,14,27,56,46,21,44,39,67,0,14,0,0,0,0,3,0,8,0,0,2,0,76
l36,6=0,0,0,0,0,0,0,0,7,0,18,0,44,31,6,49,74,44,16,4,19,69,40,75,20,48,65,13,0,9,9,67,0,0,0,4,0,0,0,64,0
l37,6=0,0,0,0,0,0,0,0,0,0,0,0,39,2,26,18,50,0,3,6,30,65,46,44,43,69,64,0,0,0,13,67,0,0,0,4,0,0,0,64,76
l38,6=0,0,0,0,0,0,0,0,0,13,44,10,60,44,19,56,77,60,35,8,61,73,57,75,30,56,62,6,19,0,0,66,0,0,0,6,0,20,0,63,73
l39,6=0,0,0,0,0,0,0,0,0,0,0,0,9,0,17,17,70,19,0,0,66,58,60,74,65,17,0,0,0,21,11,22,12,11,1,17,1,18,0,66,73
l40,6=0,0,0,0,0,0,0,0,3,0,7,0,14,5,0,21,25,21,23,14,44,52,54,75,45,0,11,0,0,22,5,9,17,0,5,18,0,0,0,62,68

l0,7=0,96,93,89,90,93,93,52,52,92,89,89,22,51,55,0,0,0,0,0,0,0,0,0,0,11,0,0,20,0,0,0,0,0,0,0,0,0,0,0,0
l1,7=88,0,93,89,90,93,89,68,78,53,94,86,50,50,51,30,24,0,0,0,0,0,0,0,0,8,0,23,19,0,0,0,0,0,0,0,0,0,0,0,0
l2,7=88,96,0,89,90,93,93,46,26,91,91,86,50,49,44,32,25,27,0,0,0,0,0,0,0,0,0,25,0,0,0,0,0,0,0,0,0,0,0,0,0
l3,7=82,96,91,0,90,91,53,67,29,54,94,86,51,54,53,30,0,0,0,0,0,0,0,0,0,43,0,54,26,0,0,0,0,0,0,0,0,1,0,0,0
l4,7=87,90,78,92,0,80,53,63,52,89,87,83,0,44,54,0,41,0,0,0,0,0,0,0,0,33,0,64,46,0,0,0,0,0,0,0,0,0,0,0,0
l5,7=88,96,80,89,90,0,56,63,80,92,83,88,0,49,54,53,21,40,0,0,0,0,0,0,0,10,0,15,29,0,0,0,0,0,0,0,0,0,0,0,0
l6,7=80,90,91,75,82,89,0,92,70,89,89,86,68,82,6,69,64,50,57,39,55,24,41,59,9,47,0,0,1,0,0,0,0,0,0,0,0,0,0,0,0
l7,7=40,89,66,76,86,79,93,0,77,92,94,89,80,61,0,82,34,51,55,0,29,0,58,57,12,24,0,17,17,0,0,0,0,0,0,0,0,0,0,0,18
l8,7=26,29,29,57,45,55,82,70,0,43,89,86,86,87,53,57,26,49,47,17,63,56,67,64,4,19,0,19,18,0,0,0,0,0,0,0,0,8,0,33,19
l9,7=47,32,91,58,86,89,87,88,56,0,94,86,67,54,35,85,47,0,4,0,53,49,22,53,35,16,0,0,16,0,0,0,0,0,0,0,0,0,0,0,17
l10,7=29,90,89,71,47,26,87,89,82,92,0,89,86,86,49,85,36,40,4,31,26,62,72,66,27,19,0,17,19,0,0,0,0,0,0,0,0,5,0,8,16
l11,7=78,91,91,85,84,89,86,89,81,92,94,0,86,13,47,85,73,52,3,20,40,52,67,0,6,14,0,0,1,0,0,0,0,0,0,0,0,4,0,0,0
l12,7=4,17,1,28,0,8,59,55,81,41,83,81,0,88,85,90,77,51,27,4,36,63,65,66,37,40,0,24,18,0,0,0,0,0,0,5,7,13,0,23,23
l13,7=17,9,19,33,26,13,8,3,23,18,53,44,65,53,0,34,53,65,1,0,18,62,63,61,5,36,0,30,82,0,0,0,2,34,29,33,32,45,22,50,19
l14,7=0,20,33,38,0,13,35,35,51,53,80,79,91,52,55,0,28,56,28,0,39,61,74,61,35,89,0,20,21,0,0,47,0,0,0,16,5,0,12,21,21
l15,7=0,14,22,0,21,11,57,37,22,41,59,62,89,71,88,75,0,72,70,63,29,72,76,78,76,31,0,49,51,23,0,4,0,0,13,55,25,63,3,44,74
l16,7=1,0,20,0,0,13,47,46,23,13,54,57,60,81,89,84,78,0,54,51,67,73,75,67,48,26,37,13,17,0,49,56,0,0,0,36,40,34,0,57,19
l17,7=0,0,0,0,0,0,34,12,8,14,0,7,25,33,15,22,67,23,0,90,82,76,80,45,89,31,0,0,0,44,33,22,10,28,12,78,8,0,1,41,55
l18,7=0,0,0,0,0,0,64,0,24,0,36,43,0,59,0,3,64,54,87,0,78,67,71,59,89,0,63,0,0,2,1,62,0,12,0,46,17,0,0,68,0
l19,7=0,0,0,0,0,0,28,11,40,26,14,14,17,25,14,56,33,52,84,57,0,78,80,79,88,0,4,0,0,25,82,23,58,58,24,80,41,17,42,75,58
l20,7=0,0,0,0,0,0,18,0,24,18,44,17,55,59,41,65,63,67,76,72,82,0,85,82,86,0,33,1,2,45,67,68,60,0,0,49,58,31,30,70,74
l21,7=0,0,0,0,0,0,29,23,31,5,36,22,36,54,52,71,64,64,76,70,80,78,0,82,88,17,45,3,2,0,25,38,38,25,1,13,47,26,44,77,69
l22,7=0,0,0,0,0,0,32,18,36,17,17,0,62,63,48,66,70,44,34,23,82,78,85,0,87,30,10,5,3,32,70,26,24,31,17,22,29,46,17,67,79
l23,7=0,0,0,0,0,0,24,0,0,16,16,2,33,21,0,48,64,40,82,75,82,76,80,79,0,35,67,2,0,52,67,38,48,66,33,81,36,22,20,75,61
l24,7=0,21,36,48,42,5,0,10,20,0,19,0,52,33,59,32,26,44,0,0,0,11,33,10,1,0,72,0,82,0,53,78,25,66,18,49,28,52,76,2,0
l25,7=11,8,0,43,33,10,47,24,19,16,19,14,40,36,89,31,26,31,0,0,0,17,30,35,0,0,0,85,0,32,51,0,24,69,42,33,49,18,59,34,0
l26,7=0,0,0,0,0,0,0,0,0,0,0,0,0,0,0,0,37,0,63,4,33,45,10,67,72,0,0,0,39,0,85,0,87,83,73,83,86,71,63,2,9
l27,7=0,0,0,0,0,0,0,0,0,0,0,0,0,0,0,0,5,13,52,0,68,55,31,67,60,85,0,60,57,79,0,61,72,73,70,84,82,85,68,13,0
l28,7=0,0,0,0,0,0,0,0,0,0,0,0,0,0,26,0,12,0,33,0,73,63,69,70,78,0,39,35,37,79,83,22,0,83,89,81,81,80,63,0,0
l29,7=0,0,0,0,0,0,0,0,0,0,0,0,0,0,27,0,0,0,65,0,76,8,63,71,78,32,0,57,59,79,83,77,87,0,87,82,80,71,61,0,0
l30,7=0,0,0,0,0,0,0,0,0,0,0,0,0,0,46,0,0,0,2,0,47,6,0,67,73,51,85,14,52,76,83,84,87,83,0,80,81,72,63,24,0
l31,7=0,0,0,0,0,0,0,0,0,0,0,0,0,0,47,4,56,22,62,23,68,38,26,38,78,0,0,61,22,77,84,0,77,75,69,0,86,85,69,48,16
l32,7=0,0,0,0,0,0,0,0,0,0,0,0,0,14,29,6,11,12,5,6,15,24,39,21,29,24,87,61,59,79,53,77,26,72,70,85,0,89,88,17,0
l33,7=0,0,0,0,0,0,0,0,0,0,2,0,13,35,71,0,58,41,0,0,16,23,40,40,12,69,83,69,40,39,84,75,45,71,66,84,86,0,69,0,6
l34,7=0,0,0,0,0,0,0,0,0,0,0,0,0,6,13,14,13,0,11,0,24,21,40,34,20,42,73,69,57,55,84,69,28,71,65,83,86,85,0,20,6
l35,7=0,0,0,0,0,0,0,0,1,0,4,0,19,4,15,10,17,35,18,27,65,61,75,67,45,33,83,1,1,8,3,0,0,0,13,12,4,0,5,0,76
l36,7=0,0,0,0,0,0,0,4,4,9,9,1,35,2,22,38,58,15,28,0,50,73,61,80,27,49,86,0,0,7,0,86,0,0,0,16,0,11,1,80,0
l37,7=0,0,0,0,0,0,0,0,0,0,0,0,8,8,17,1,26,17,30,16,34,60,53,62,10,18,71,0,0,2,0,85,0,0,0,0,0,0,0,82,71
l38,7=0,0,0,0,0,0,11,0,5,4,42,0,61,44,19,70,47,59,46,8,43,77,82,78,31,59,63,3,22,14,0,69,0,0,0,6,0,0,3,79,79
l39,7=0,0,0,0,0,0,0,0,0,3,0,0,24,20,6,13,25,32,57,1,55,61,80,79,53,34,2,0,0,21,17,48,0,13,0,0,0,0,0,82,76
l40,7=0,0,0,0,0,0,0,0,0,0,2,0,17,17,16,21,19,22,30,14,31,58,73,78,36,0,9,0,0,19,0,16,0,0,0,18,0,9,0,82,75

l0,8=0,100,99,67,90,98,86,100,93,60,95,100,36,61,52,0,42,0,0,0,0,0,0,0,0,0,0,72,46,0,0,0,0,0,0,0,0,0,0,0,0
l1,8=100,0,99,97,86,98,98,100,93,57,95,99,0,33,58,0,67,0,0,0,0,33,0,0,0,49,0,66,63,0,0,0,0,0,0,0,0,0,0,0,0
l2,8=100,100,0,97,100,96,98,100,75,98,95,100,35,44,0,88,76,85,0,0,0,0,0,0,0,0,0,85,1,0,0,0,0,0,0,0,0,0,0,0,2
l3,8=100,100,99,0,100,98,86,54,80,48,95,100,0,39,22,42,0,0,0,0,0,0,0,0,0,12,0,94,81,0,0,0,0,0,0,0,0,0,0,0,0
l4,8=95,100,99,97,0,98,93,100,78,60,67,42,0,0,59,71,63,0,0,0,0,0,0,0,0,20,0,96,0,0,0,0,0,0,0,0,0,0,0,0,0
l5,8=100,100,99,85,100,0,93,100,64,64,95,100,50,45,52,0,73,87,0,0,0,0,0,0,0,79,0,89,96,0,0,0,0,0,0,0,0,0,0,0,0
l6,8=94,95,99,59,93,96,0,100,91,95,95,100,67,95,0,47,87,92,51,0,21,20,0,38,58,34,0,7,18,0,0,0,0,0,0,0,0,0,0,0,0
l7,8=96,100,96,27,95,93,98,0,95,99,95,100,89,99,39,30,85,95,34,0,10,14,54,75,0,0,0,25,0,0,0,0,0,0,0,0,0,0,0,0,68
l8,8=93,57,44,71,77,63,72,95,0,57,95,98,91,99,71,95,86,95,82,77,88,46,53,75,0,46,0,84,90,0,0,0,0,0,0,0,0,0,0,59,73
l9,8=96,95,94,44,93,95,98,99,88,0,95,100,92,95,0,95,87,34,3,0,68,49,4,75,81,13,0,41,34,0,0,0,0,0,0,0,0,0,0,2,8
l10,8=95,93,59,90,54,94,98,100,95,99,0,100,92,99,44,95,87,95,19,52,0,48,54,75,54,38,0,48,58,0,0,0,0,0,0,0,0,0,0,71,0
l11,8=96,84,94,92,93,98,96,100,95,99,95,0,92,95,85,95,85,94,83,81,90,80,76,2,79,47,0,2,83,0,0,0,0,0,0,0,0,12,0,0,0
l12,8=45,0,11,0,0,49,55,92,80,58,58,56,0,70,100,97,98,100,85,40,58,51,54,75,54,54,0,90,71,0,0,0,0,0,0,2,25,25,38,65,68
l13,8=53,23,0,8,53,76,0,47,35,1,21,34,62,70,0,97,98,100,20,0,0,27,56,71,0,32,0,98,100,0,0,0,0,16,5,17,56,59,66,41,0
l14,8=0,10,31,3,46,0,48,47,80,60,58,58,99,70,100,0,98,100,85,53,56,49,55,75,79,100,0,91,51,0,0,77,0,0,0,0,30,22,42,73,74
l15,8=18,27,23,0,20,51,65,64,61,49,52,48,99,53,100,86,0,94,86,91,95,89,87,91,86,80,0,84,73,22,40,0,4,20,0,87,12,41,61,74,71
l16,8=0,0,25,0,0,71,65,89,72,35,57,48,99,66,100,97,98,0,81,38,92,88,56,79,86,92,63,84,81,0,43,86,0,0,0,70,51,48,42,74,77
l17,8=0,0,0,0,0,0,67,49,65,16,32,61,59,55,20,46,95,66,0,97,95,86,87,65,91,79,0,0,0,69,59,62,5,43,0,77,66,1,54,56,51
l18,8=0,0,0,0,0,0,22,0,64,0,66,62,55,18,0,46,91,54,92,0,95,87,87,69,91,0,84,0,0,39,53,71,0,69,0,75,0,0,0,58,58
l19,8=0,0,0,0,0,0,20,14,64,24,4,33,53,39,0,22,89,72,86,76,0,88,87,91,88,0,21,0,0,24,79,45,77,30,34,89,20,13,45,71,80
l20,8=0,0,0,0,0,0,23,16,43,34,32,30,62,51,40,49,90,77,82,71,95,0,87,92,90,0,50,38,0,52,59,96,56,30,16,73,8,36,30,59,85
l21,8=0,0,0,0,0,0,0,52,43,12,67,46,73,49,65,77,89,72,82,68,95,89,0,92,83,0,86,25,23,49,0,81,38,50,17,63,25,48,37,74,66
l22,8=0,0,0,0,0,0,33,54,63,55,59,1,55,46,43,46,79,69,41,50,96,89,87,0,69,26,77,12,35,51,62,50,0,65,43,64,0,24,2,67,89
l23,8=0,0,0,0,0,0,27,0,0,31,26,27,19,54,0,42,93,64,91,87,95,86,87,88,0,61,63,1,0,56,73,63,32,80,23,89,27,0,23,68,76
l24,8=70,13,19,34,50,74,25,3,27,16,23,0,59,36,100,94,98,90,0,0,0,21,22,18,1,0,81,0,100,47,92,86,59,36,18,64,50,59,75,29,2
l25,8=0,49,0,12,20,79,34,0,46,13,38,47,54,32,100,80,92,79,0,0,0,0,26,61,0,0,0,98,0,55,85,0,64,67,35,55,64,100,65,21,0
l26,8=0,0,0,0,0,0,0,0,0,0,0,0,0,0,0,0,63,0,84,21,50,86,77,63,81,0,0,47,77,0,99,0,99,100,88,98,99,86,89,35,30
l27,8=0,0,0,0,2,0,0,0,0,0,0,0,0,25,30,0,50,46,43,31,90,80,0,84,74,98,47,85,77,95,0,86,90,89,88,97,89,96,90,11,6
l28,8=0,0,0,0,0,0,0,0,0,0,0,0,0,0,13,0,57,0,24,0,95,82,49,26,67,0,77,75,31,95,95,49,0,100,100,98,89,87,89,0,0
l29,8=0,0,0,0,0,0,0,0,0,0,0,0,0,0,20,0,28,0,56,57,75,75,78,80,87,55,0,68,76,95,94,94,99,0,100,98,79,86,88,27,0
l30,8=0,0,0,0,0,0,0,0,0,0,0,0,0,0,46,0,0,0,0,0,84,71,71,73,72,85,99,76,64,94,98,94,99,100,0,97,89,87,66,0,0
l31,8=0,0,0,0,0,0,0,0,0,0,0,0,0,0,77,0,86,62,71,45,96,81,50,63,86,0,0,86,49,94,94,0,90,90,88,0,91,100,96,36,41
l32,8=0,0,0,0,0,0,0,0,0,0,0,0,80,56,86,79,92,81,49,0,61,81,78,0,78,64,99,76,51,95,99,90,87,84,89,98,0,100,99,2,0
l33,8=0,0,0,0,0,29,0,0,0,0,0,61,70,70,90,24,82,78,0,0,9,84,80,61,0,67,100,88,68,57,99,90,90,85,51,98,99,0,96,3,0
l34,8=0,0,0,0,0,0,0,0,0,0,0,0,44,0,86,66,94,59,40,0,60,46,50,19,66,35,88,81,53,57,93,88,87,85,35,98,99,100,0,0,0
l35,8=0,0,0,0,0,0,0,0,17,2,14,0,20,18,26,34,48,42,24,24,61,62,74,74,58,55,98,9,10,20,11,0,0,11,0,13,1,0,0,0,88
l36,8=0,0,0,0,0,0,0,20,35,0,0,0,41,24,9,34,48,43,35,25,76,87,61,91,53,64,99,0,0,18,0,91,0,0,0,25,0,0,0,77,0
l37,8=0,0,0,0,0,0,0,0,0,2,0,0,41,23,33,11,38,21,44,22,57,81,55,60,56,100,86,0,0,0,0,100,0,0,0,0,0,0,0,77,87
l38,8=0,0,0,0,0,14,41,0,31,26,60,12,65,61,43,77,90,66,68,23,90,87,87,91,72,65,89,29,67,7,0,96,0,0,0,9,0,10,21,77,89
l39,8=0,0,0,0,0,0,0,0,0,0,0,0,33,18,0,17,64,49,57,26,74,68,87,90,73,21,35,0,0,21,20,36,0,7,0,21,0,0,3,77,88
l40,8=0,0,0,0,0,0,0,0,0,0,0,0,11,10,12,16,16,21,23,24,40,60,70,88,27,0,30,0,0,20,14,41,0,0,0,12,14,0,0,77,61

l0,9=0,100,100,100,100,100,97,100,98,99,99,46,0,39,0,1,0,0,0,0,0,0,0,0,0,64,0,0,41,0,0,0,0,0,0,0,0,0,0,0,0
l1,9=100,0,100,100,100,100,97,100,99,99,99,96,41,95,60,0,1,11,0,0,0,0,22,0,0,8,0,77,0,0,0,0,0,0,0,0,0,0,0,0,0
l2,9=100,100,0,100,100,100,99,100,99,99,93,96,24,100,9,62,76,0,0,0,0,7,1,0,0,12,0,0,16,0,0,0,0,0,0,0,0,0,0,0,0
l3,9=100,100,100,0,100,100,31,18,40,12,99,96,0,6,7,7,3,0,0,0,0,0,0,0,0,36,0,20,17,0,0,0,0,0,0,0,0,0,0,0,0
l4,9=100,100,100,100,0,100,41,16,32,99,99,28,16,98,27,0,17,0,0,0,0,0,0,0,0,74,0,69,26,0,0,0,0,0,0,0,0,0,0,0,0
l5,9=100,100,100,100,100,0,97,100,62,99,74,96,40,99,35,0,0,12,0,0,0,0,1,0,0,0,0,52,0,0,0,0,0,0,0,0,2,0,0,0,0
l6,9=99,100,100,74,39,100,0,100,100,99,99,97,71,97,30,26,88,12,7,0,10,19,8,9,7,0,0,0,0,0,0,0,0,0,0,0,0,0,0,0,10
l7,9=100,99,98,0,13,99,97,0,100,99,99,100,100,100,18,54,73,74,11,0,2,30,4,10,6,17,0,4,3,0,0,0,0,0,0,0,0,0,0,0,6
l8,9=96,93,31,36,72,99,64,100,0,97,99,72,100,100,71,99,78,35,37,64,97,91,94,95,0,61,0,89,58,0,0,0,0,0,0,0,0,4,3,93,94
l9,9=100,95,96,37,84,100,97,100,100,0,99,100,100,100,70,99,86,22,0,0,91,92,13,92,94,0,0,1,0,0,0,0,0,0,0,0,0,0,0,0,39
l10,9=100,92,30,61,83,100,89,100,100,99,0,100,100,100,71,99,86,34,27,82,0,7,12,92,25,55,0,20,16,0,0,0,0,0,0,0,0,0,0,0,0
l11,9=100,96,97,100,100,100,97,100,100,99,99,0,100,100,72,99,74,63,42,1,92,93,97,92,11,57,0,1,54,0,0,0,0,0,0,0,0,6,0,0,0
l12,9=0,2,0,0,37,92,33,99,100,79,59,46,0,100,72,99,84,37,38,79,42,93,51,95,95,99,0,78,59,0,6,66,0,0,0,72,58,44,13,96,50
l13,9=0,38,0,1,62,77,21,18,77,76,59,59,100,100,0,99,84,62,0,0,93,93,97,85,0,97,18,100,56,25,29,34,0,0,1,79,81,60,19,72,96
l14,9=0,0,7,0,1,20,32,70,100,82,58,62,100,100,72,0,90,99,37,84,41,57,96,95,94,72,57,60,20,0,0,53,0,0,0,0,36,40,24,94,56
l15,9=0,0,21,19,67,0,32,60,97,78,57,51,99,98,98,98,0,98,40,85,96,92,95,94,99,94,0,96,51,20,33,0,36,2,1,95,70,59,44,94,94
l16,9=0,28,0,0,0,76,22,80,99,78,57,60,99,98,100,99,100,0,37,8,96,91,95,94,99,32,36,96,57,0,17,34,0,0,0,96,79,60,40,69,94
l17,9=0,0,0,0,0,0,78,21,75,0,91,85,78,98,9,87,98,87,0,99,96,90,95,94,99,17,0,0,0,69,96,12,81,78,0,96,82,0,71,59,88
l18,9=0,0,0,0,0,0,0,0,81,0,97,4,82,91,0,97,98,15,100,0,96,91,95,94,99,0,38,0,0,0,99,53,0,82,0,94,0,0,0,93,89
l19,9=0,0,0,0,0,0,71,1,76,71,7,79,78,80,76,73,97,91,99,80,0,92,95,94,99,0,0,0,0,67,85,69,84,77,70,89,79,30,82,72,92
l20,9=0,0,0,0,0,0,18,66,73,60,30,46,97,98,50,96,98,86,77,90,97,0,97,95,99,0,87,66,23,15,43,98,76,39,45,86,30,35,29,94,94
l21,9=0,62,46,0,0,63,71,46,77,56,64,78,80,98,97,98,98,97,99,98,96,93,0,95,96,83,90,38,0,71,0,93,67,75,58,76,77,82,76,94,94
l22,9=0,0,0,0,0,0,39,44,93,67,75,46,89,74,53,93,95,97,93,72,97,93,97,0,99,0,93,0,33,85,85,93,78,89,53,91,56,41,0,94,94
l23,9=0,0,0,0,0,0,40,68,35,87,39,41,97,85,0,98,98,97,99,98,97,91,95,94,0,70,94,0,0,81,99,90,84,97,0,96,82,0,85,94,89
l24,9=0,36,4,5,73,69,0,34,61,56,45,41,99,94,100,97,34,17,0,0,0,83,0,0,0,0,98,0,100,19,32,100,37,32,14,74,83,37,41,0,83
l25,9=64,8,12,36,74,0,0,17,61,0,55,57,99,97,72,94,32,17,0,0,0,83,0,70,0,0,0,100,0,35,32,0,3,34,0,97,79,93,43,0,86
l26,9=0,0,0,0,0,0,0,0,0,0,0,0,0,18,57,0,36,0,38,0,87,90,93,94,98,0,0,0,98,0,100,0,99,100,100,100,100,92,99,69,82
l27,9=0,0,0,0,0,0,0,0,0,0,0,0,26,70,54,0,31,5,53,75,96,89,0,86,100,100,0,93,32,100,0,51,99,100,100,100,100,93,99,56,75
l28,9=0,0,0,0,0,0,0,0,0,0,0,0,0,0,0,0,43,0,28,0,82,74,81,76,80,0,98,81,32,100,100,68,0,100,100,100,68,92,80,1,0
l29,9=0,0,0,0,0,0,0,0,0,0,0,0,0,0,53,0,35,0,44,24,95,81,92,94,99,35,0,98,95,100,100,100,99,0,100,100,93,92,99,59,3
l30,9=0,0,0,0,0,0,0,0,0,0,0,0,0,0,0,0,0,0,0,0,79,76,83,70,0,32,100,89,0,100,100,100,99,100,0,100,100,91,99,0,0
l31,9=0,0,0,0,0,0,0,0,0,0,0,0,66,34,53,0,34,12,53,69,98,93,93,90,100,0,0,51,68,100,100,0,99,100,100,0,100,93,99,0,83
l32,9=0,0,0,0,0,57,0,0,0,0,0,0,77,60,95,69,31,14,28,0,96,75,92,71,63,3,99,91,52,100,100,99,37,36,97,100,0,93,99,0,0
l33,9=0,0,0,0,56,48,0,0,27,0,0,48,76,82,97,81,37,33,0,0,69,77,92,73,0,34,100,56,69,88,100,100,38,34,66,100,100,0,99,0,0
l34,9=0,0,0,0,0,0,0,0,24,0,0,0,76,85,61,84,98,12,20,0,83,82,83,16,60,0,100,100,76,98,61,100,37,98,98,100,100,93,0,0,0
l35,9=0,0,0,0,0,0,0,0,44,0,7,0,30,66,66,41,58,8,1,70,82,91,87,94,92,97,100,0,0,19,11,0,0,10,0,0,0,0,0,0,96
l36,9=0,0,0,0,0,0,8,0,64,24,1,0,90,69,79,87,88,92,34,64,92,91,93,94,86,79,100,13,9,7,5,100,0,0,0,62,0,0,0,96,0
l37,9=0,0,0,0,0,0,0,0,37,17,0,0,84,0,38,50,78,41,20,65,87,90,72,90,85,93,92,0,0,0,15,93,0,0,0,0,0,0,0,94,94
l38,9=0,0,2,0,0,17,17,2,0,55,40,38,98,93,61,96,98,55,27,49,96,91,95,94,84,43,99,74,50,0,0,99,2,0,0,68,49,0,0,94,94
l39,9=0,0,0,0,0,0,0,0,0,0,0,0,71,66,47,74,96,89,92,79,93,91,95,92,97,0,69,0,0,21,0,0,0,17,0,66,0,0,0,94,94
l40,9=0,0,0,0,0,0,0,0,0,0,0,0,70,0,22,71,64,74,47,27,76,79,77,93,88,86,82,0,0,17,6,83,39,52,0,0,0,26,0,94,86

l0,10=0,44,24,29,25,29,10,7,10,6,2,2,2,1,0,0,0,0,0,0,0,0,0,0,0,8,0,0,7,0,0,0,0,0,0,0,0,0,0,0,0
l1,10=26,0,25,29,25,38,29,6,10,6,2,2,2,2,0,0,0,0,0,0,0,0,0,0,0,5,0,4,7,0,0,0,0,0,0,0,0,0,0,0,0
l2,10=27,39,0,19,24,38,30,7,10,9,8,22,2,4,0,0,11,0,0,0,0,0,0,0,0,5,0,0,7,0,0,0,0,0,0,0,0,0,0,0,8
l3,10=21,8,15,0,25,34,11,6,9,6,2,2,0,1,0,0,0,0,0,0,0,0,0,0,0,9,0,4,7,0,0,0,0,0,0,0,0,0,0,0,0
l4,10=27,44,17,30,0,38,10,6,10,5,2,2,2,1,0,0,0,0,0,0,0,0,0,0,0,7,0,5,8,0,0,0,0,0,0,0,0,0,0,0,0
l5,10=18,44,34,30,25,0,10,4,10,39,3,16,2,2,0,0,7,0,0,0,0,0,0,0,0,5,0,4,7,0,0,0,0,0,0,0,0,0,0,0,1
l6,10=12,34,26,20,16,23,0,37,37,30,27,5,4,3,0,0,12,0,0,0,1,0,0,0,3,0,0,0,0,0,0,0,0,0,0,0,0,0,0,0,4
l7,10=12,36,21,17,16,5,28,0,42,32,29,28,29,29,0,15,15,0,1,0,2,1,0,1,3,0,0,0,7,0,0,0,0,0,0,0,0,0,0,0,0
l8,10=7,35,18,14,9,26,28,38,0,33,31,29,46,61,0,48,23,1,5,0,5,10,0,4,2,38,0,3,9,0,0,0,0,0,0,0,0,3,0,2,11
l9,10=7,17,21,13,5,30,27,43,42,0,31,32,28,30,0,34,16,0,0,0,1,0,0,0,4,7,0,4,5,0,0,0,0,0,0,0,0,0,0,0,8
l10,10=12,21,21,13,16,25,25,42,62,40,0,32,29,40,0,10,10,0,2,5,1,0,0,1,4,0,0,4,2,0,0,3,0,0,0,0,0,0,0,2,0
l11,10=10,6,20,16,16,28,19,43,26,40,31,0,4,13,0,9,12,0,0,5,2,0,0,1,2,2,0,0,8,0,0,0,0,0,0,0,0,0,0,0,8
l12,10=4,27,7,0,0,21,7,20,58,35,18,8,0,61,55,50,29,99,5,16,2,14,0,2,1,37,0,12,10,0,1,0,0,0,0,0,0,0,4,3,18
l13,10=14,38,11,0,1,27,2,3,51,26,18,8,38,42,0,44,78,99,8,0,71,75,58,39,1,49,0,98,96,22,8,0,0,1,0,27,0,85,22,27,73
l14,10=6,5,16,7,1,21,14,29,61,37,24,27,48,61,77,0,78,99,0,12,5,19,1,5,4,93,56,8,8,0,0,52,0,0,0,0,0,0,4,4,14
l15,10=0,0,12,0,0,0,9,14,26,23,12,8,24,60,92,50,0,99,74,18,72,85,91,32,88,21,0,8,42,4,7,0,0,2,0,3,3,6,47,23,17
l16,10=0,20,0,0,0,0,9,17,56,24,12,18,48,49,93,50,78,0,81,0,88,84,74,57,53,46,49,90,91,0,2,38,0,0,0,2,2,18,44,4,77
l17,10=0,0,0,0,0,0,19,29,38,22,27,0,35,36,0,0,72,70,0,98,92,80,90,83,90,80,0,0,0,9,26,48,26,2,0,84,2,0,0,0,19
l18,10=0,0,0,0,0,0,0,0,21,0,28,27,43,52,0,42,76,0,89,0,93,85,93,83,90,0,56,0,0,0,78,71,1,0,0,0,0,0,0,74,82
l19,10=0,0,0,0,0,0,8,14,53,27,20,21,14,49,72,41,71,83,89,90,0,85,91,85,91,0,0,0,0,79,81,0,18,81,57,84,74,1,4,79,77
l20,10=0,0,11,0,0,0,12,23,37,21,22,6,40,56,75,46,74,86,65,85,92,0,94,87,90,0,80,10,0,53,81,85,55,5,6,82,74,37,13,82,84
l21,10=0,13,4,0,0,0,11,19,46,21,23,16,41,51,67,45,76,91,87,89,92,85,0,87,84,0,73,0,4,10,8,79,6,28,4,10,2,73,27,80,84
l22,10=0,2,0,0,0,0,16,13,49,24,21,20,36,44,72,43,67,89,75,59,92,85,93,0,90,0,68,2,0,79,69,76,56,81,70,81,66,1,10,81,83
l23,10=0,0,0,0,0,0,18,13,33,30,24,10,39,52,0,43,72,80,89,86,93,84,83,85,0,0,81,0,0,78,84,78,18,86,83,84,33,5,75,78,77
l24,10=0,20,0,14,8,10,0,0,4,5,12,0,35,45,93,39,44,86,0,0,0,46,0,0,0,0,71,0,96,17,1,62,44,11,50,34,57,94,55,0,2
l25,10=8,5,5,9,7,5,0,0,38,7,0,2,37,49,93,21,46,80,0,0,0,0,0,0,0,0,0,98,0,52,42,0,0,1,0,38,0,94,58,0,1
l26,10=0,0,0,0,0,0,0,0,0,0,0,0,0,0,56,0,49,0,56,0,80,73,68,81,71,0,0,63,83,0,95,0,87,92,93,91,91,89,92,59,58
l27,10=0,0,0,0,0,0,0,0,0,0,0,0,23,10,34,0,62,39,64,65,88,82,58,74,85,98,63,33,75,90,0,50,87,92,93,91,91,93,93,33,55
l28,10=0,0,0,0,0,0,0,0,0,0,0,0,0,0,0,0,0,0,70,12,70,79,62,75,66,0,83,81,0,90,94,87,0,92,93,91,91,91,93,0,0
l29,10=0,0,0,0,0,0,0,0,0,0,0,0,0,0,22,0,2,0,33,0,79,71,74,74,81,52,0,71,41,90,94,90,87,0,93,91,89,77,85,0,26
l30,10=0,0,0,0,0,0,0,0,0,0,0,0,0,0,0,0,0,0,0,0,78,72,37,74,79,42,95,55,0,90,94,95,87,92,0,91,91,88,91,0,0
l31,10=0,0,0,0,0,0,0,0,0,0,3,0,0,0,52,0,38,48,71,0,85,79,76,78,62,0,0,50,87,90,95,0,87,92,93,0,91,94,93,34,7
l32,10=0,0,0,0,0,0,0,0,0,0,0,0,0,0,0,0,42,67,67,0,76,79,42,49,39,0,87,82,0,90,95,87,64,90,93,91,0,94,93,15,0
l33,10=0,0,0,0,0,0,0,0,0,0,0,0,22,35,62,1,42,68,0,0,1,74,66,13,6,1,92,95,96,55,95,92,68,82,86,91,93,0,93,5,0
l34,10=0,0,0,0,0,0,0,0,0,0,0,0,28,37,33,14,70,70,0,0,55,69,63,44,46,0,93,87,89,90,95,93,81,87,89,91,93,94,0,0,0
l35,10=0,0,0,0,0,0,0,0,38,0,22,0,37,38,71,15,68,44,0,57,85,84,76,85,81,38,91,1,0,41,24,0,0,0,0,31,0,0,0,0,86
l36,10=0,0,2,0,0,0,0,0,32,2,0,3,38,46,71,36,48,78,35,69,74,83,86,84,70,0,91,0,0,40,37,91,0,1,0,0,0,0,0,85,0
l37,10=0,0,0,0,0,0,0,0,0,0,0,0,34,0,51,40,72,72,64,56,82,84,72,85,68,94,89,0,0,0,0,94,0,0,0,0,0,0,0,85,84
l38,10=0,0,0,0,0,0,8,0,0,22,12,0,41,50,41,40,76,85,66,0,79,83,87,85,38,58,92,4,73,0,0,93,0,0,0,0,0,0,7,84,84
l39,10=0,0,0,0,0,0,0,0,0,0,0,0,33,38,32,36,71,78,73,66,81,84,86,74,80,0,59,0,0,0,0,34,0,0,0,60,0,0,0,80,84
l40,10=0,0,0,0,0,0,0,0,0,0,0,0,1,0,0,40,63,55,74,55,88,66,85,85,88,1,58,0,0,61,0,7,0,0,0,5,0,4,0,81,82

l0,11=0,10,20,21,27,11,0,0,1,2,1,1,0,0,1,0,0,0,0,0,0,0,0,0,0,5,0,0,1,0,0,0,0,0,0,0,0,0,0,0,0
l1,11=17,0,17,8,27,16,0,0,1,2,0,1,0,0,1,0,0,0,0,0,0,0,0,0,0,0,0,0,0,0,0,0,0,0,0,0,0,0,0,0,0
l2,11=17,9,0,5,26,11,1,0,1,2,0,1,0,0,1,0,0,0,0,0,0,1,0,0,0,6,0,0,1,0,0,0,0,0,0,0,0,0,0,0,0
l3,11=19,10,20,0,27,10,1,0,1,2,0,1,0,0,1,0,0,0,0,0,0,0,0,0,0,2,0,0,1,0,0,0,0,0,0,0,0,0,0,0,0
l4,11=20,11,20,19,0,15,0,0,1,2,0,1,0,0,1,0,0,0,0,0,0,0,0,0,0,2,0,0,0,0,0,0,0,0,0,0,0,0,0,0,0
l5,11=17,10,19,7,27,0,0,0,1,2,0,2,0,0,1,0,0,0,0,0,0,0,0,0,0,0,0,0,1,0,0,0,0,0,0,0,0,0,0,0,0
l6,11=15,9,21,5,17,8,0,0,1,2,1,1,0,1,1,0,0,0,0,0,0,1,0,0,0,0,0,0,0,0,0,0,0,0,0,0,0,0,0,0,0
l7,11=18,14,25,5,17,21,10,0,6,6,10,15,4,10,0,0,0,0,0,0,0,1,0,0,0,0,0,0,0,0,0,0,0,0,0,0,0,0,0,0,0
l8,11=9,9,22,5,3,13,10,8,0,6,14,13,7,30,1,17,0,1,0,0,0,1,0,0,0,1,0,0,1,0,0,0,0,0,0,0,0,0,0,5,0
l9,11=11,6,17,5,4,21,9,26,6,0,14,18,0,1,0,3,0,0,0,0,0,1,0,0,0,2,0,0,0,0,0,0,0,0,0,0,0,0,0,5,0
l10,11=14,10,18,2,4,9,10,16,10,6,0,13,0,10,0,0,0,1,0,0,0,1,0,0,0,1,0,0,1,0,0,0,0,0,0,0,0,0,0,5,0
l11,11=15,9,19,5,16,22,0,24,6,10,14,0,0,2,0,5,0,1,0,3,0,1,0,0,0,1,0,0,1,0,0,0,0,0,0,0,0,0,0,0,0
l12,11=2,9,0,0,1,1,5,5,4,6,14,11,0,30,87,17,62,88,0,0,0,1,0,6,0,5,0,8,6,0,0,0,0,0,0,0,0,0,1,5,11
l13,11=8,12,3,1,1,2,0,0,2,0,5,0,17,17,0,17,62,56,0,0,9,11,11,7,4,3,0,86,81,0,6,0,0,0,1,1,7,73,65,17,14
l14,11=4,4,5,2,0,0,6,0,14,7,13,15,30,30,86,0,83,87,0,0,0,26,0,2,0,82,0,9,2,0,0,6,0,0,0,0,0,0,1,4,0
l15,11=3,1,18,0,1,2,5,0,2,4,5,0,19,20,87,17,0,89,30,19,12,79,69,45,75,3,0,59,34,0,0,0,0,0,0,0,6,36,54,5,38
l16,11=0,0,0,0,0,0,0,0,8,6,13,12,30,30,91,17,84,0,37,0,0,80,56,67,60,28,39,7,38,0,0,38,0,0,0,0,0,31,3,5,31
l17,11=0,0,0,0,0,0,9,12,3,2,5,11,10,11,0,8,75,30,0,95,83,75,69,67,86,20,0,0,0,1,1,0,0,0,0,10,0,0,0,7,19
l18,11=0,0,0,0,0,0,1,0,5,3,8,12,5,9,0,6,79,0,73,0,83,80,71,77,88,0,30,0,0,0,15,57,0,0,0,2,0,0,0,74,2
l19,11=0,0,1,0,0,0,6,11,7,4,5,12,11,13,1,12,50,0,71,85,0,80,68,76,87,0,0,0,1,28,60,2,0,4,0,38,0,0,2,72,76
l20,11=0,0,9,0,0,0,4,7,2,4,9,0,10,25,13,13,81,81,54,79,84,0,71,78,86,0,62,45,2,71,54,70,50,0,0,74,62,40,1,40,86
l21,11=0,0,1,0,0,0,2,11,6,4,10,10,10,16,1,10,82,76,71,76,83,80,0,78,66,1,65,2,1,5,0,68,0,1,0,2,0,0,1,77,86
l22,11=0,0,0,0,0,0,3,5,2,4,5,10,23,8,5,11,73,73,50,49,83,80,71,0,81,0,53,0,1,76,0,57,0,4,0,1,1,0,5,81,86
l23,11=0,0,0,0,0,0,7,8,9,3,6,9,24,18,5,12,76,73,73,85,84,79,63,73,0,0,64,0,0,70,37,20,63,74,60,79,0,0,32,73,77
l24,11=2,4,3,2,3,1,0,0,1,2,0,0,3,2,93,1,18,0,0,0,0,2,0,0,0,0,50,0,81,1,1,24,7,0,4,19,62,95,76,0,0
l25,11=5,0,6,2,2,0,0,0,1,2,1,1,5,3,82,3,28,20,0,0,0,1,0,0,0,0,0,86,0,23,0,0,1,14,0,45,31,94,56,0,6
l26,11=0,0,0,0,0,0,0,0,0,0,0,0,0,0,0,0,39,0,30,0,62,65,53,64,50,0,0,36,59,0,91,0,90,88,92,92,91,89,92,14,32
l27,11=0,0,0,0,0,0,0,0,0,0,0,0,2,0,38,0,50,0,53,54,75,69,50,18,34,86,36,55,31,89,0,46,90,88,92,92,79,92,92,0,17
l28,11=0,0,0,0,0,0,0,0,0,0,0,0,0,0,19,0,52,0,54,13,62,75,52,24,70,0,59,79,55,89,91,77,0,88,92,92,91,77,90,0,0
l29,11=0,0,0,0,0,0,0,0,0,0,0,0,0,0,0,0,33,0,0,0,61,40,52,59,69,23,0,56,57,89,91,89,90,0,92,92,85,82,89,0,44
l30,11=0,0,0,0,0,0,0,0,0,0,0,0,0,0,5,0,0,0,0,0,66,0,26,29,72,0,91,74,0,89,91,91,90,88,0,92,91,87,92,0,0
l31,11=0,0,0,0,0,0,0,0,0,0,0,0,0,0,6,0,38,0,57,2,70,68,57,20,24,0,0,46,77,89,91,0,90,88,92,0,91,95,95,5,0
l32,11=0,0,0,0,0,0,0,0,0,0,0,0,9,3,30,0,52,28,28,0,13,59,52,36,0,1,90,86,74,89,59,90,90,87,92,92,0,95,95,0,0
l33,11=0,0,0,0,0,0,0,0,0,0,0,0,6,0,34,0,79,47,0,0,8,50,22,10,0,14,88,86,81,59,91,88,27,81,50,92,93,0,95,0,8
l34,11=0,0,0,0,0,0,0,0,0,0,0,0,6,3,41,5,78,45,0,0,20,47,55,21,20,0,92,75,70,89,91,92,67,86,85,92,93,95,0,0,0
l35,11=0,0,0,0,0,0,0,0,1,3,5,0,23,5,51,0,63,40,12,24,67,68,55,73,69,45,92,0,0,2,0,0,0,0,0,0,0,0,0,0,88
l36,11=0,0,0,0,0,0,0,0,5,0,2,6,25,26,60,13,75,67,52,0,76,76,64,77,75,31,91,13,38,25,2,91,0,2,0,0,0,0,0,82,0
l37,11=0,0,0,0,0,0,0,0,0,0,0,0,5,0,64,0,74,72,61,0,64,73,50,73,74,94,89,2,0,0,0,95,0,0,0,0,0,0,0,81,87
l38,11=0,0,0,0,0,0,3,5,2,4,3,7,12,26,48,16,79,67,27,0,76,23,66,76,60,56,92,0,23,0,0,95,0,0,0,0,0,0,4,82,87
l39,11=0,0,0,0,0,0,0,0,0,0,0,0,21,16,0,10,76,68,60,63,77,79,65,73,78,0,14,0,0,55,0,5,2,0,0,34,0,0,2,82,88
l40,11=0,0,0,0,0,0,0,0,0,0,0,0,19,0,35,9,74,61,61,14,76,73,63,77,77,6,32,0,0,45,57,0,43,0,0,57,0,0,0,81,83

l0,12=0,1,7,6,32,7,3,1,0,0,3,0,1,3,0,0,0,0,0,0,0,0,0,0,0,0,0,0,0,0,0,0,0,0,0,0,0,0,0,0,0
l1,12=1,0,7,5,32,7,4,3,0,0,3,1,1,1,0,0,0,0,0,0,0,0,5,0,0,1,0,2,3,0,0,0,0,0,0,0,0,0,0,0,0
l2,12=7,1,0,3,28,6,3,3,0,0,3,2,0,3,0,1,0,0,0,0,1,0,8,0,0,1,0,2,4,0,0,0,0,0,0,0,0,0,0,0,0
l3,12=7,3,7,0,33,7,2,1,0,0,0,0,0,1,0,0,0,0,0,0,0,0,0,0,0,0,0,2,0,0,0,0,0,0,0,0,0,0,0,0,0
l4,12=7,3,8,11,0,8,3,1,0,0,3,0,0,1,0,0,0,0,0,0,0,0,0,0,0,10,0,2,1,0,0,0,0,0,0,0,0,0,0,0,0
l5,12=6,4,7,11,33,0,3,1,0,0,3,0,0,1,0,0,0,0,0,0,0,0,0,0,0,0,0,1,1,0,0,6,0,0,0,0,0,0,0,0,0
l6,12=3,10,14,2,25,6,0,33,7,0,1,1,1,2,0,2,0,0,0,0,1,1,12,17,8,0,0,0,0,0,0,0,0,0,0,0,0,0,0,0,2
l7,12=4,9,14,2,24,1,24,0,8,20,9,10,1,13,0,0,0,0,0,0,1,2,13,19,8,0,0,1,1,0,0,0,0,0,0,0,0,0,0,0,1
l8,12=0,6,7,3,20,3,25,34,0,30,29,29,2,38,0,11,0,0,0,0,1,0,17,20,9,3,0,0,3,0,0,0,0,0,0,0,0,0,1,0,3
l9,12=1,1,7,2,24,3,4,43,7,0,28,29,1,2,0,1,0,0,0,0,1,0,12,19,6,0,0,1,0,0,0,0,0,0,0,0,0,0,0,0,2
l10,12=4,9,10,0,24,6,1,33,27,27,0,29,1,15,0,3,0,0,0,0,1,1,18,14,5,0,0,1,1,0,0,0,0,0,0,0,0,0,0,4,1
l11,12=4,1,10,3,24,6,4,43,10,30,29,0,1,12,0,2,0,0,0,0,1,0,12,19,5,0,0,0,2,0,0,0,0,0,0,0,0,0,0,0,3
l12,12=0,2,0,0,11,1,25,17,15,20,14,11,0,38,48,42,58,93,0,0,1,1,24,32,11,21,0,3,2,0,0,0,0,0,0,0,0,0,1,12,25
l13,12=1,3,0,1,16,0,17,6,0,0,1,0,47,14,0,35,60,93,0,0,28,0,0,12,16,6,0,54,53,0,1,0,0,0,0,0,1,86,45,3,44
l14,12=0,0,1,1,5,2,25,6,31,16,6,16,49,38,81,0,57,89,0,0,3,57,31,24,7,78,0,4,36,0,0,36,0,0,0,0,1,0,1,2,3
l15,12=1,0,4,0,0,2,17,22,19,10,13,8,48,31,83,42,0,93,82,17,56,83,64,32,74,33,0,14,1,0,2,3,1,0,0,0,2,17,8,15,27
l16,12=0,0,0,0,0,0,14,24,17,12,8,7,49,38,87,42,60,0,15,0,77,86,69,56,10,44,42,17,2,0,2,44,0,0,0,0,1,30,7,66,3
l17,12=0,0,0,0,0,1,3,28,3,1,5,0,3,12,0,23,57,11,0,94,86,81,69,63,89,5,0,0,0,0,30,0,1,0,2,60,3,0,0,7,73
l18,12=0,0,0,0,0,0,15,0,5,0,23,18,0,13,0,15,57,0,91,0,80,81,66,73,91,0,58,0,0,0,6,77,0,0,0,1,1,0,0,25,3
l19,12=0,0,0,0,0,0,16,28,13,5,3,12,4,0,1,33,49,75,90,54,0,86,69,81,89,0,0,0,0,52,76,29,5,3,3,39,28,0,11,64,75
l20,12=0,0,0,0,0,0,11,33,6,1,23,7,20,30,0,38,60,89,84,66,87,0,71,82,87,0,68,2,0,40,5,73,67,0,0,23,1,15,9,35,89
l21,12=0,0,3,0,0,0,12,26,8,7,24,9,35,21,0,34,60,92,89,13,86,86,0,82,78,0,65,2,0,16,8,65,1,0,0,3,2,1,0,82,70
l22,12=0,0,0,0,0,0,11,25,2,7,3,18,37,10,0,32,48,75,61,63,87,86,71,0,74,0,52,0,2,3,6,40,1,49,0,0,1,0,65,84,89
l23,12=0,0,0,0,0,0,19,35,23,19,9,11,32,26,55,32,51,66,90,86,87,83,60,71,0,13,62,0,4,65,78,43,78,71,11,79,51,0,23,64,72
l24,12=0,1,1,2,22,0,0,1,0,0,0,0,27,15,59,16,44,8,0,0,0,0,8,0,0,1,71,0,85,1,2,81,16,0,14,5,91,89,23,0,2
l25,12=0,1,1,0,10,0,0,0,3,0,0,0,21,6,78,33,44,5,0,0,0,0,0,13,1,0,0,88,0,26,0,0,63,59,0,90,86,85,54,0,6
l26,12=0,0,0,0,0,0,0,0,0,0,0,0,0,0,0,0,42,0,58,0,68,65,52,62,71,0,0,62,65,0,92,0,91,89,92,91,93,84,89,0,53
l27,12=0,0,0,0,0,0,0,0,0,0,0,0,0,0,58,0,39,61,76,55,80,65,58,48,78,88,62,60,0,84,0,69,91,89,92,91,93,90,89,11,0
l28,12=0,0,0,0,0,0,0,0,0,0,0,0,0,0,27,0,42,0,66,0,68,76,36,37,84,0,65,82,69,84,92,85,0,89,92,87,91,86,89,18,0
l29,12=0,0,0,0,0,0,0,0,0,0,0,0,0,0,0,0,0,0,67,0,64,49,0,63,72,26,0,63,69,84,92,84,91,0,92,91,92,81,89,0,0
l30,12=0,0,0,0,0,0,0,0,0,0,0,0,0,0,0,0,0,0,55,0,67,0,0,0,9,0,92,79,30,84,92,92,91,89,0,91,93,84,85,0,0
l31,12=0,0,0,0,0,6,0,0,0,0,0,0,0,0,36,3,44,0,77,29,73,65,40,43,81,0,0,69,85,84,92,0,91,89,92,0,95,92,91,1,60
l32,12=0,0,0,0,0,0,0,0,0,0,0,0,0,0,34,19,52,48,63,2,78,16,35,34,55,63,91,87,83,84,92,91,91,89,92,91,0,92,91,4,0
l33,12=0,0,0,8,0,0,0,0,0,0,0,0,18,3,84,1,51,76,0,0,0,69,40,0,0,59,89,88,85,84,92,89,90,88,92,91,95,0,91,0,0
l34,12=0,0,0,0,17,0,0,0,0,0,0,0,18,0,82,19,49,69,0,0,70,65,0,45,35,0,92,82,82,84,92,92,91,88,55,91,95,92,0,0,5
l35,12=0,0,0,0,0,0,0,0,0,0,10,0,38,8,45,8,53,72,49,31,63,60,59,77,66,90,91,0,0,0,0,0,0,0,0,0,0,0,0,0,88
l36,12=0,0,0,0,0,0,3,0,2,6,2,8,36,23,57,31,54,63,61,0,64,84,47,78,46,86,93,0,14,2,0,95,0,0,0,6,0,0,0,84,0
l37,12=0,0,0,0,0,0,0,0,0,0,0,0,0,4,56,0,60,29,60,60,63,78,54,70,79,85,84,15,0,0,0,92,0,0,0,20,0,0,0,76,86
l38,12=0,0,0,0,0,0,12,20,15,0,11,10,38,18,64,39,60,82,58,6,74,82,60,75,61,54,89,2,0,0,0,91,0,0,0,0,0,0,21,84,88
l39,12=0,0,0,0,0,0,0,0,0,0,4,0,27,5,0,30,60,76,73,62,86,84,69,81,79,0,0,0,0,50,2,1,1,0,0,66,0,0,0,84,89
l40,12=0,0,0,0,0,0,0,0,0,0,9,0,24,9,7,29,54,58,63,30,72,78,59,79,69,6,53,0,0,37,57,60,35,0,0,48,0,0,0,79,86

l0,13=0,49,35,35,46,46,9,3,1,2,5,8,1,1,0,0,0,0,0,0,0,0,0,0,0,0,0,0,0,0,0,0,0,0,0,0,0,0,0,0,0
l1,13=40,0,30,46,46,46,44,31,2,1,25,4,1,1,0,0,0,0,0,0,0,0,0,0,0,12,0,0,0,0,0,0,0,0,0,0,0,0,0,0,0
l2,13=37,14,0,33,36,35,28,2,2,25,22,22,1,1,0,0,0,0,0,0,0,3,0,0,0,14,0,1,0,0,0,0,0,0,0,0,0,0,0,0,0
l3,13=20,24,10,0,46,46,7,1,1,1,3,2,1,0,0,0,0,0,0,0,0,0,0,0,0,28,0,0,0,0,0,0,0,0,0,0,0,0,0,0,0
l4,13=40,28,13,46,0,46,7,2,1,3,6,2,0,0,0,0,0,0,0,0,0,0,0,0,0,30,0,0,0,0,0,0,0,0,0,0,0,0,1,0,0
l5,13=31,50,7,46,46,0,6,0,2,1,5,2,1,0,0,0,0,0,0,0,0,0,0,0,0,17,0,0,0,0,0,1,0,0,0,0,0,0,0,0,0
l6,13=20,26,27,33,26,34,0,35,8,28,36,33,1,8,0,11,1,0,2,4,2,0,1,1,4,0,0,0,0,0,0,0,0,0,0,0,0,0,0,0,0
l7,13=11,23,27,21,26,23,39,0,21,40,37,48,1,9,0,5,2,1,2,0,2,6,2,0,3,6,0,1,0,0,0,0,0,0,0,0,0,0,0,0,0
l8,13=20,24,18,18,26,45,13,54,0,43,46,57,1,64,4,9,8,1,0,0,3,6,3,2,4,7,0,0,0,0,0,0,0,0,0,0,0,5,0,0,3
l9,13=27,2,27,18,26,33,43,54,34,0,46,57,1,8,0,7,2,1,2,0,2,4,0,2,3,8,0,1,0,0,0,0,0,0,0,0,0,3,0,0,2
l10,13=10,27,25,17,25,27,38,49,48,43,0,57,1,63,0,25,3,1,0,3,2,8,2,2,3,1,0,1,0,0,0,0,0,0,0,0,0,0,0,1,0
l11,13=26,23,28,18,22,38,11,54,46,43,46,0,1,51,1,17,0,1,1,3,2,3,2,1,0,4,0,1,0,0,0,0,0,0,0,0,0,1,0,0,4
l12,13=14,18,14,18,2,19,16,31,36,22,17,16,0,64,66,59,31,100,4,3,0,36,41,24,5,50,0,78,52,0,0,0,0,0,0,0,0,7,8,26,80
l13,13=1,16,10,26,0,26,8,13,29,5,2,5,91,61,0,17,53,100,0,0,22,16,11,2,72,40,0,96,98,0,61,0,0,1,0,21,34,94,91,6,92
l14,13=0,3,0,0,0,10,15,29,40,22,44,22,92,64,100,0,86,100,3,4,12,43,27,4,8,79,0,24,90,0,0,58,0,0,0,1,3,7,2,3,10
l15,13=4,5,11,7,0,8,9,29,42,15,38,8,89,62,100,58,0,97,87,4,49,48,79,52,83,17,0,66,83,1,1,1,4,0,0,2,4,55,69,40,87
l16,13=0,0,3,0,0,1,3,32,44,15,32,11,92,64,100,59,86,0,75,6,65,94,94,49,25,30,17,93,94,0,0,50,0,0,0,2,10,88,22,91,87
l17,13=0,0,0,0,0,0,9,41,0,32,18,11,72,46,4,50,84,82,0,100,93,87,93,15,95,92,0,0,1,43,79,0,46,58,75,83,5,0,60,66,71
l18,13=0,0,0,0,0,0,37,2,0,0,38,48,50,52,0,53,68,72,93,0,91,89,87,84,95,0,67,0,0,71,29,86,8,0,0,55,0,0,0,68,86
l19,13=0,0,1,0,0,0,19,23,35,11,10,12,0,38,9,49,63,82,93,85,0,94,94,97,96,0,41,1,1,77,80,37,77,72,13,80,68,0,7,75,88
l20,13=0,0,0,0,0,0,0,38,30,19,42,21,80,59,61,57,79,96,91,95,94,0,94,97,93,0,77,7,7,73,73,56,81,16,0,85,42,2,79,92,95
l21,13=0,0,0,0,0,0,12,27,36,0,45,25,91,60,55,57,84,97,92,38,93,94,0,97,94,0,75,34,3,71,82,42,43,23,1,61,0,29,20,92,95
l22,13=0,0,0,0,0,0,19,21,35,26,13,11,81,8,0,26,73,86,2,48,93,94,94,0,66,3,83,9,0,80,17,30,78,76,15,25,25,3,62,93,95
l23,13=0,0,0,0,0,0,36,41,32,31,36,18,65,53,75,49,81,76,92,100,93,88,92,60,0,0,85,3,16,88,82,79,89,73,58,92,76,8,22,70,86
l24,13=4,0,2,0,22,7,0,0,1,1,3,2,73,49,88,15,28,91,0,0,0,0,1,3,0,3,87,0,98,85,65,91,82,37,0,31,35,99,66,0,0
l25,13=0,12,14,28,30,17,0,6,7,8,1,4,50,40,79,17,30,92,0,0,0,0,3,0,3,0,0,96,0,0,89,0,86,61,33,34,8,98,83,0,9
l26,13=0,0,0,0,0,0,0,0,0,0,0,0,0,0,0,0,17,0,67,41,77,75,83,85,87,0,0,82,0,0,95,0,91,94,95,95,94,92,85,55,70
l27,13=0,0,0,0,0,0,0,0,0,0,0,0,0,2,86,0,54,36,80,28,81,80,83,73,85,96,82,82,82,93,0,87,91,93,93,95,94,92,92,0,44
l28,13=0,0,0,0,0,0,0,0,0,0,0,0,0,0,0,0,44,0,72,0,80,81,82,88,88,0,0,86,86,93,95,92,0,95,95,95,86,87,90,23,3
l29,13=0,0,0,0,0,0,0,0,0,0,0,0,0,0,3,0,0,0,68,0,80,61,75,84,78,0,0,73,84,93,91,93,91,0,95,95,94,88,92,2,0
l30,13=0,0,0,0,0,0,0,0,0,0,0,0,0,0,68,0,0,0,74,0,75,0,0,71,72,89,95,56,77,93,95,95,91,95,0,95,94,93,79,0,0
l31,13=0,0,0,0,0,1,0,0,0,0,0,0,0,0,58,1,50,0,86,37,56,42,30,79,91,0,0,87,92,93,95,0,91,94,95,0,94,99,96,37,71
l32,13=0,0,0,0,0,9,0,0,0,0,0,0,0,0,66,15,63,83,1,0,45,17,14,31,86,86,91,92,84,93,95,91,88,94,94,95,0,99,96,62,13
l33,13=0,0,0,0,0,10,0,0,14,4,2,0,45,1,68,15,27,85,12,0,0,13,18,23,14,61,94,96,98,93,95,94,91,94,68,95,94,0,96,8,30
l34,13=0,0,0,0,27,0,0,0,0,0,0,0,44,0,72,14,75,76,71,0,22,35,18,85,74,33,95,89,94,88,95,95,91,95,39,95,94,99,0,1,0
l35,13=0,0,0,0,0,0,0,0,0,0,0,0,66,0,12,5,45,72,68,11,82,90,89,96,61,34,95,1,0,0,0,0,0,0,0,0,4,4,0,0,95
l36,13=0,0,0,0,0,0,0,0,24,15,4,12,72,10,54,24,60,73,61,9,81,93,86,94,74,8,94,0,5,24,0,94,0,0,0,2,0,0,0,92,0
l37,13=0,0,0,0,0,0,0,0,0,0,0,0,66,10,69,13,64,69,70,70,77,87,91,89,91,98,92,0,0,0,0,99,0,0,0,24,0,0,0,92,95
l38,13=0,0,0,0,0,0,4,0,26,11,22,9,74,49,78,47,81,83,69,1,79,93,84,80,76,83,85,29,0,24,6,96,0,0,0,1,0,26,33,93,96
l39,13=0,0,0,0,0,0,0,0,0,0,0,0,74,0,25,0,83,74,80,44,93,93,92,96,82,0,55,0,0,4,27,37,0,3,0,55,0,0,0,93,95
l40,13=0,0,0,0,0,0,0,0,0,0,20,0,51,7,0,36,62,54,83,46,84,87,88,88,89,9,70,0,0,7,0,71,0,43,0,17,0,0,6,92,95

l0,14=0,100,99,100,100,100,99,90,88,99,84,97,80,47,0,28,0,0,0,0,0,0,0,0,0,53,0,62,34,0,0,0,0,0,0,0,0,0,0,0,0
l1,14=100,0,99,100,100,100,99,99,95,100,100,100,0,100,30,35,19,0,0,0,0,0,0,0,0,35,0,0,8,0,0,0,0,0,0,0,0,0,0,0,0
l2,14=95,100,0,53,73,90,66,82,67,96,77,69,64,64,36,47,57,0,0,0,0,0,0,0,0,0,0,55,0,0,0,0,0,0,0,0,0,0,0,0,0
l3,14=100,100,60,0,100,100,99,57,83,44,25,0,0,63,21,1,0,0,0,0,0,0,0,0,0,0,0,13,1,0,0,0,0,0,0,0,0,0,0,0,0
l4,14=100,100,99,100,0,100,99,98,80,100,100,71,51,48,14,4,0,0,0,0,0,0,0,0,0,26,0,56,35,0,0,0,0,0,0,0,0,0,0,0,0
l5,14=100,100,99,100,100,0,99,99,100,100,100,100,40,58,36,41,38,1,0,0,0,0,0,0,0,29,0,95,46,0,0,0,0,0,0,0,0,0,0,0,0
l6,14=100,100,99,94,100,37,0,99,99,100,100,88,98,94,11,97,5,0,2,0,22,1,4,67,29,0,0,0,0,0,0,0,0,0,0,0,0,0,0,0,2
l7,14=100,100,99,65,100,100,99,0,100,100,100,100,59,100,17,11,99,6,2,0,0,18,7,15,69,0,0,0,0,0,0,0,0,0,0,0,0,0,0,0,0
l8,14=96,59,60,62,67,100,99,99,0,100,100,100,55,100,97,99,50,59,0,0,86,60,95,92,44,0,0,91,0,0,0,0,0,0,0,0,0,65,0,82,35
l9,14=100,100,99,33,100,100,99,99,100,0,100,100,98,100,65,99,91,66,72,0,12,60,17,92,92,80,0,0,7,0,0,0,0,0,0,0,0,0,0,0,2
l10,14=96,100,99,2,100,100,99,99,100,100,0,100,98,100,52,99,99,91,9,13,38,100,99,79,0,82,0,41,25,0,0,0,0,0,0,0,0,0,0,2,72
l11,14=97,83,78,1,100,100,99,99,100,100,100,0,98,100,98,99,57,51,10,0,0,67,98,12,53,24,0,100,59,0,0,0,0,0,0,0,0,0,0,0,41
l12,14=35,9,59,0,40,30,58,50,51,89,94,60,0,100,96,99,51,100,49,19,67,60,93,90,90,59,0,96,95,0,5,0,0,0,0,0,75,85,92,63,79
l13,14=10,37,50,32,28,26,30,18,44,87,87,25,60,71,0,88,99,65,0,0,47,44,89,90,86,75,0,100,99,90,31,0,0,0,0,87,96,94,92,0,43
l14,14=61,39,33,24,37,54,95,45,100,100,100,98,98,100,100,0,99,100,0,74,92,100,99,90,71,100,86,100,98,0,1,96,0,0,0,0,35,0,90,75,86
l15,14=22,28,43,0,0,37,55,89,85,98,98,61,96,98,100,99,0,98,98,93,99,99,97,97,98,88,0,99,97,0,0,1,22,0,0,96,97,96,99,98,98
l16,14=0,0,0,0,0,54,0,57,78,97,98,60,98,100,100,99,99,0,92,0,95,100,99,98,92,58,0,99,97,0,1,93,0,0,0,0,97,96,95,96,93
l17,14=0,0,0,0,0,0,85,64,0,85,86,73,83,93,0,0,97,92,0,98,99,97,97,92,98,63,0,0,0,90,93,0,87,95,85,94,85,47,84,96,91
l18,14=0,0,0,0,0,0,0,0,0,0,93,0,75,0,0,92,96,0,100,0,93,99,92,97,99,0,87,0,0,93,0,100,0,1,0,81,0,0,0,91,92
l19,14=0,0,0,0,0,0,96,43,97,74,91,0,91,95,90,98,97,98,98,94,0,100,98,98,99,0,49,0,64,88,90,25,83,98,74,98,90,78,0,98,94
l20,14=0,0,0,0,0,0,75,88,93,84,97,93,93,86,94,95,95,98,95,93,100,0,99,99,98,41,62,86,72,96,95,62,96,80,76,96,62,68,93,98,98
l21,14=0,0,0,0,0,0,57,76,99,89,98,94,96,98,95,98,97,98,99,85,100,100,0,99,98,25,99,90,27,96,95,79,0,80,0,86,53,92,96,98,98
l22,14=0,4,0,0,0,0,89,51,94,85,92,49,92,88,94,90,97,96,90,83,100,100,99,0,95,15,93,22,0,92,75,81,91,93,84,90,92,78,85,98,98
l23,14=0,0,0,0,0,0,91,92,59,94,53,63,88,96,93,92,97,83,98,98,99,99,97,97,0,0,97,71,0,99,95,99,93,97,94,98,94,76,96,97,92
l24,14=58,0,44,34,27,32,0,0,36,27,90,33,34,76,100,87,45,63,0,0,0,24,51,15,57,0,99,0,99,94,53,99,22,40,54,99,97,99,100,0,48
l25,14=53,35,0,0,26,29,0,0,0,80,82,24,59,75,100,88,58,63,0,0,41,25,15,0,0,0,0,100,0,94,24,0,34,42,34,87,97,99,100,0,0
l26,14=0,0,0,0,0,0,0,0,0,0,0,0,0,0,86,0,0,0,87,49,62,99,93,97,99,0,0,99,90,0,100,0,100,100,100,100,100,99,100,25,47
l27,14=0,0,0,0,0,0,0,0,0,0,0,0,42,0,90,53,0,4,88,0,92,95,84,84,94,100,99,88,77,100,0,100,100,100,99,100,99,99,100,0,61
l28,14=0,0,0,0,0,0,0,0,0,0,0,0,0,0,0,0,67,0,78,0,77,90,0,80,84,0,90,83,86,100,100,95,0,100,100,100,91,95,100,70,0
l29,14=0,0,0,0,0,0,0,0,0,0,0,0,0,0,0,0,0,0,89,0,96,85,83,88,84,94,0,86,86,100,100,100,100,0,100,100,100,80,100,0,0
l30,14=0,0,0,0,0,0,0,0,0,0,0,0,0,0,0,0,0,0,72,0,77,85,0,82,85,24,100,88,5,100,88,100,100,100,0,88,93,89,93,0,0
l31,14=0,0,0,0,0,0,0,0,0,0,0,0,0,0,96,1,93,0,100,25,62,79,81,99,99,0,0,100,95,100,100,0,100,100,100,0,100,99,100,0,0
l32,14=0,0,0,0,0,3,0,0,0,0,0,0,30,38,100,72,90,95,91,0,56,55,84,91,91,34,100,99,96,100,100,100,66,100,64,100,0,99,100,0,2
l33,14=0,0,0,23,22,22,0,0,33,0,0,0,32,0,100,0,93,61,54,0,44,44,94,90,85,42,100,99,96,99,98,100,67,44,64,100,100,0,100,0,0
l34,14=0,0,0,0,0,0,0,0,0,0,0,0,31,0,94,76,95,55,81,0,0,65,90,85,79,34,100,100,99,100,100,100,100,100,61,100,100,99,0,0,0
l35,14=0,0,0,0,0,0,0,0,58,0,7,0,0,25,0,86,86,87,86,16,89,99,97,97,83,87,100,0,0,0,0,0,1,0,0,0,0,0,0,0,98
l36,14=0,0,0,0,0,0,37,0,24,15,89,28,85,40,89,86,85,86,80,47,83,90,93,94,83,97,100,83,0,54,7,100,0,0,0,0,0,0,0,99,0
l37,14=0,0,0,0,0,0,0,0,0,0,0,0,81,84,41,85,80,84,84,68,81,97,91,92,91,99,99,0,0,0,0,99,1,0,0,0,0,0,0,98,98
l38,14=0,0,0,0,0,0,0,58,86,68,81,0,56,91,94,92,79,97,77,0,90,100,93,94,90,100,100,83,0,36,23,100,0,0,0,0,12,43,29,99,99
l39,14=0,0,0,0,0,0,0,0,0,0,9,0,87,57,40,87,94,70,41,76,94,99,97,94,93,0,25,0,0,48,1,0,0,48,0,0,0,0,0,98,98
l40,14=0,0,0,0,0,0,0,0,1,0,0,0,1,0,30,61,64,73,89,61,64,92,91,92,91,0,47,0,0,46,70,0,57,59,0,60,17,0,0,98,97

l0,15=0,100,100,100,100,81,100,76,71,99,100,69,60,71,31,90,39,0,0,0,0,0,0,0,0,53,0,51,72,0,0,0,0,0,0,0,0,0,0,0,0
l1,15=100,0,100,100,100,100,100,69,61,99,100,100,22,78,44,96,63,0,0,0,0,0,0,0,0,23,0,65,29,0,0,0,0,0,0,0,0,34,0,0,0
l2,15=92,100,0,100,100,100,100,100,32,99,98,69,73,75,44,92,64,0,0,0,0,0,0,0,8,0,0,23,0,0,0,0,0,0,0,0,0,0,0,0,0
l3,15=100,100,100,0,100,100,100,76,71,61,100,69,28,0,30,92,6,0,0,0,0,0,0,0,0,55,0,1,51,0,0,0,0,0,0,0,0,0,0,0,0
l4,15=100,100,100,100,0,99,100,50,21,62,100,68,27,40,35,99,17,0,0,0,0,0,0,0,0,56,0,27,43,0,0,0,0,0,0,0,0,25,0,0,0
l5,15=100,100,100,100,100,0,100,76,63,99,100,100,37,42,36,100,1,45,0,0,0,0,0,0,0,57,0,27,52,0,0,0,0,0,0,0,0,54,0,0,0
l6,15=100,100,100,98,100,100,0,100,100,99,100,100,97,78,0,100,65,47,78,0,57,73,29,99,91,51,0,0,37,0,0,0,0,0,0,0,0,0,0,1,0
l7,15=100,100,100,100,100,100,100,0,100,99,100,100,95,94,83,96,100,56,69,0,92,50,94,54,90,0,0,0,0,0,0,0,0,0,0,0,0,0,0,20,32
l8,15=62,59,79,97,67,100,100,100,0,99,100,100,93,61,78,100,98,0,0,0,96,93,98,98,54,60,0,22,65,0,0,0,0,0,0,0,0,53,0,74,85
l9,15=100,100,100,94,72,100,100,99,100,0,100,100,93,98,69,100,100,95,94,0,0,92,94,82,21,50,0,0,62,0,0,0,0,0,0,0,0,0,0,37,0
l10,15=99,100,84,97,63,100,100,100,100,99,0,100,97,98,76,100,98,53,80,71,53,98,98,92,0,76,0,0,48,0,0,0,0,0,0,0,0,0,0,25,48
l11,15=100,100,100,94,100,100,100,100,100,99,100,0,56,98,77,96,100,7,69,1,30,91,98,0,58,83,0,29,47,0,0,0,0,0,0,0,0,0,0,0,0
l12,15=19,12,84,57,48,59,94,68,58,60,97,98,0,98,74,100,97,58,0,0,95,93,96,94,56,57,0,61,65,0,39,0,0,0,0,0,0,40,47,76,90
l13,15=0,53,50,17,23,47,0,53,61,45,100,98,97,62,0,100,100,88,46,0,76,87,90,100,49,57,0,100,100,78,25,1,40,0,0,64,99,62,60,23,55
l14,15=19,50,68,70,51,59,96,70,100,99,100,97,97,98,99,0,100,99,75,51,58,96,99,65,17,99,90,94,69,0,0,74,0,0,0,11,0,45,45,77,88
l15,15=17,48,79,32,44,46,97,74,59,62,99,98,96,62,99,100,0,99,98,95,99,97,96,99,59,100,0,60,65,0,40,64,20,19,0,91,89,62,58,94,97
l16,15=0,0,0,0,0,49,81,46,0,62,94,77,97,98,99,100,100,0,85,28,99,98,99,100,46,93,0,54,80,13,0,91,0,0,0,76,67,62,53,67,97
l17,15=0,0,0,0,0,0,66,63,0,94,93,72,3,89,76,91,99,90,0,100,99,91,99,92,96,44,0,0,0,68,93,38,0,85,73,94,88,2,0,94,90
l18,15=0,0,0,0,0,0,0,0,0,0,94,79,0,91,0,94,99,55,99,0,99,97,98,99,96,0,45,0,0,93,0,55,0,75,0,76,0,0,0,94,95
l19,15=0,0,0,0,0,0,72,49,85,0,83,73,89,91,66,92,99,84,99,78,0,98,99,100,96,0,37,0,0,81,60,13,66,80,62,82,59,47,39,84,83
l20,15=0,0,0,0,0,0,76,0,79,76,87,89,93,90,77,92,84,84,80,79,99,0,99,100,80,0,99,66,66,82,73,95,79,64,49,53,70,7,78,85,85
l21,15=0,0,0,0,0,0,78,85,86,79,88,97,96,92,90,96,83,85,86,81,99,98,0,100,77,90,98,71,78,78,76,93,81,83,0,78,64,87,84,85,85
l22,15=0,0,0,0,0,0,80,35,84,59,82,0,92,91,94,87,99,85,79,78,99,98,99,0,78,91,89,0,0,80,47,92,73,78,59,80,74,49,55,93,97
l23,15=0,0,6,0,0,0,79,82,80,34,48,93,88,92,72,81,93,50,98,98,99,97,97,98,0,0,100,0,0,98,93,92,70,57,82,79,73,80,41,97,77
l24,15=53,54,40,0,59,61,0,0,0,5,75,91,56,57,99,97,91,42,0,0,0,86,88,0,0,0,96,0,100,6,44,59,60,79,57,95,95,61,60,0,61
l25,15=53,23,0,55,56,57,51,0,60,50,76,83,57,57,99,100,93,44,0,0,0,90,91,0,0,0,0,100,0,80,54,0,57,85,60,65,95,61,56,25,3
l26,15=0,0,0,0,0,0,0,0,0,0,0,0,0,0,90,0,0,0,45,37,99,98,89,100,96,0,0,8,100,0,98,0,100,100,100,99,100,100,99,48,46
l27,15=0,0,0,0,0,5,0,0,0,0,0,0,82,3,75,0,85,0,87,0,85,94,87,82,94,100,8,40,83,100,0,96,100,100,100,99,100,100,99,1,53
l28,15=0,0,0,0,0,0,0,0,0,0,0,0,0,0,63,0,65,0,1,0,86,88,88,84,82,0,100,87,93,100,98,90,0,100,100,99,100,100,99,28,0
l29,15=0,0,0,0,0,0,0,0,0,0,0,0,0,0,0,0,32,0,94,33,89,87,90,89,52,80,0,87,92,100,98,100,100,0,100,99,100,96,99,0,0
l30,15=0,0,0,0,0,0,0,0,0,0,0,0,0,0,0,0,0,0,88,0,87,76,0,89,87,54,98,84,91,100,92,98,100,100,0,89,90,92,90,0,0
l31,15=0,0,0,0,0,0,0,0,0,0,0,0,0,1,74,64,91,38,55,13,95,93,92,92,59,0,0,96,90,100,98,0,100,100,100,0,100,100,99,4,0
l32,15=0,0,0,0,0,0,0,0,0,0,0,0,0,42,98,0,91,41,54,0,94,96,81,93,70,57,100,97,88,100,98,100,61,100,65,99,0,100,99,11,0
l33,15=0,0,0,0,56,60,0,0,51,0,0,0,56,52,96,93,91,76,0,0,92,75,94,87,92,85,100,97,88,80,54,100,57,86,63,99,100,0,99,0,0
l34,15=0,0,0,0,0,0,0,0,0,0,0,0,52,50,98,84,92,67,0,0,85,87,95,81,57,60,100,98,93,100,98,100,100,100,63,99,100,100,0,0,0
l35,15=0,0,0,0,0,0,0,0,38,5,59,0,68,49,49,80,89,37,75,58,89,97,92,90,81,65,99,0,0,59,0,0,7,0,0,2,0,0,0,0,97
l36,15=0,0,0,0,0,0,0,0,27,0,67,0,81,39,69,82,80,75,63,62,71,81,72,82,3,95,100,37,0,12,23,100,0,0,0,0,0,0,0,99,0
l37,15=0,0,0,0,0,0,0,0,12,0,0,0,0,78,76,71,78,73,73,38,72,93,73,67,72,61,100,0,0,0,38,100,52,2,0,41,0,0,0,98,97
l38,15=0,0,0,0,0,0,4,0,61,47,79,90,88,87,93,89,81,85,57,35,79,98,85,99,74,56,99,51,0,67,35,99,5,0,0,0,0,0,0,98,97
l39,15=0,0,0,0,0,0,0,0,0,0,11,0,64,43,71,68,79,50,78,57,79,98,85,61,66,25,48,0,0,59,0,4,1,64,0,46,0,0,0,99,82
l40,15=0,0,0,0,0,0,0,0,0,0,0,28,64,9,14,58,65,53,60,0,78,74,79,97,56,3,46,0,0,0,46,0,53,52,0,49,40,0,0,96,95

q0=0
q1=1
q2=1
q3=1
q4=1
q5=1
q6=1
q7=1
q8=1
q9=1
q10=1
q11=1
q12=1
q13=1
q14=1
q15=1
q16=1
q17=1
q18=1
q19=1
q20=1
q21=1
q22=1
q23=1
q24=1
q25=1
q26=1
q27=1
q28=1
q29=1
q30=1
q31=1
q32=1
q33=1
q34=1
q35=1
q36=1
q37=1
q38=1
q39=1
q40=1

a0=0x01
a1=0x02
a2=0x03
a3=0x04
a4=0x05
a5=0x06
a6=0x07
a7=0x08
a8=0x09
a9=0x0a
a10=0x0b
a11=0x0c
a12=0x0d
a13=0x0e
a14=0x0f
a15=0x10
a16=0x11
a17=0x12
a18=0x13
a19=0x14
a20=0x15
a21=0x16
a22=0x17
a23=0x18
a24=0x19
a25=0x1a
a26=0x1b
a27=0x1c
a28=0x1d
a29=0x1e
a30=0x1f
a31=0x20
a32=0x21
a33=0x22
a34=0x23
a35=0x24
a36=0x25
a37=0x26
a38=0x27
a39=0x28
a40=0x29

