n=41

l0,0=0,93,93,93,91,93,93,87,93,93,92,90,80,89,0,69,68,0,0,0,0,0,0,0,0,29,0,86,73,0,0,0,0,0,0,0,0,2,0,0,0
l1,0=92,0,94,93,90,93,96,37,90,93,87,91,27,89,82,27,7,3,0,0,0,0,0,0,0,35,0,0,75,0,0,0,0,0,0,0,0,1,0,0,0
l2,0=92,94,0,93,86,92,96,89,93,93,92,91,0,90,82,8,74,65,1,0,0,0,49,45,0,35,0,81,70,0,0,0,0,0,0,0,0,0,0,0,0
l3,0=92,93,93,0,91,93,96,88,85,93,92,73,78,81,80,0,27,0,0,0,0,0,0,0,0,24,0,86,74,0,0,0,0,0,0,0,0,62,0,0,0
l4,0=92,94,90,93,0,93,91,87,90,0,82,87,79,86,0,0,0,0,0,0,0,0,0,0,0,22,0,85,78,0,0,0,0,0,0,0,0,0,0,0,0
l5,0=92,93,93,93,91,0,96,37,92,93,92,87,71,88,79,28,0,45,0,0,0,0,0,0,0,0,0,0,0,0,0,0,0,0,0,0,0,51,21,0,0
l6,0=92,94,94,93,87,92,0,93,94,93,92,91,89,91,78,80,80,46,4,63,72,0,41,29,31,0,0,36,0,0,0,0,0,0,0,0,0,2,0,0,3
l7,0=92,62,94,92,87,88,96,0,94,93,92,91,90,91,44,28,17,48,21,0,55,69,43,7,0,6,0,0,62,0,0,0,0,0,0,0,0,0,0,0,11
l8,0=54,56,56,1,74,89,53,88,0,93,92,24,17,91,80,84,75,49,15,36,53,74,79,32,15,52,0,43,65,0,0,0,0,0,0,0,0,0,0,38,0
l9,0=84,94,94,89,0,90,96,93,94,0,92,91,88,91,81,8,75,93,18,6,0,75,31,20,20,56,0,29,31,0,0,0,0,0,0,0,0,0,0,31,4
l10,0=88,51,92,86,63,89,93,88,94,93,0,91,88,91,86,76,75,97,0,14,67,1,46,51,28,65,0,1,63,0,0,0,0,0,0,0,0,0,0,0,16
l11,0=58,94,94,26,87,89,96,93,89,93,92,0,89,91,86,85,24,48,20,12,68,0,50,2,2,6,0,2,32,0,0,0,0,0,0,0,0,0,0,49,14
l12,0=33,25,0,30,15,19,26,32,59,82,88,83,0,89,84,89,81,99,2,14,36,60,47,7,4,23,0,85,46,0,0,0,0,0,0,0,0,31,43,76,26
l13,0=0,16,38,55,0,51,20,3,81,72,75,71,90,0,0,30,27,50,0,0,54,75,30,26,0,44,0,94,90,12,0,0,1,0,58,29,24,63,82,70,14
l14,0=29,35,3,0,2,24,24,27,94,58,82,82,92,91,88,0,74,77,18,0,26,78,35,18,8,88,54,50,56,0,0,71,0,0,0,0,0,27,45,67,24
l15,0=19,0,34,9,0,0,21,4,89,68,80,39,91,20,88,57,0,100,67,47,72,85,86,55,38,2,0,20,57,19,16,0,22,0,0,26,18,54,69,77,22
l16,0=0,0,37,0,0,40,22,24,93,88,91,57,92,89,87,89,82,0,30,37,88,87,87,54,10,19,21,93,87,0,15,65,0,0,0,0,9,79,52,68,77
l17,0=0,0,0,0,0,0,11,52,71,50,1,57,9,81,0,78,81,82,0,98,94,87,87,88,89,38,0,0,0,78,76,3,86,83,41,86,69,0,55,84,76
l18,0=0,0,0,0,0,0,93,0,91,1,1,2,9,88,0,0,81,89,96,0,94,87,31,88,90,0,87,0,0,40,88,79,0,3,0,92,58,0,0,81,0
l19,0=0,0,0,0,0,0,70,64,77,0,49,55,75,74,50,69,77,78,93,71,0,87,54,91,89,0,35,0,48,80,77,36,77,78,71,86,58,58,73,65,87
l20,0=0,0,0,0,0,0,0,19,72,62,1,0,75,79,77,80,78,85,81,84,94,0,88,91,85,50,95,0,53,67,68,89,0,57,43,85,13,15,57,82,87
l21,0=0,0,26,0,0,0,17,22,85,42,55,65,83,83,57,18,81,85,93,0,56,88,0,90,85,63,55,21,41,19,76,75,21,60,50,32,41,37,54,87,87
l22,0=0,0,30,0,0,0,37,9,82,54,71,2,74,75,70,78,79,81,78,83,96,88,88,0,85,37,2,51,0,84,62,67,46,66,55,77,66,44,72,83,88
l23,0=0,0,0,0,0,0,38,1,79,69,71,6,74,89,0,71,80,47,93,97,94,87,87,88,0,0,88,0,0,0,75,76,97,79,78,94,77,48,67,85,81
l24,0=35,0,31,31,23,0,3,0,57,56,1,0,84,48,88,26,17,44,0,0,0,0,7,18,0,0,20,0,90,35,51,85,33,11,65,34,87,62,91,37,3
l25,0=29,35,35,24,22,0,0,6,52,56,65,6,23,44,88,2,19,38,0,0,50,63,37,0,0,0,0,94,0,61,56,0,32,77,77,32,41,96,76,23,1
l26,0=0,0,0,0,0,0,0,0,0,0,0,0,0,0,54,0,21,0,87,35,95,55,2,88,20,0,0,88,89,0,95,0,99,99,100,96,96,96,97,0,2
l27,0=0,0,0,0,0,0,0,0,0,0,0,0,18,0,0,0,14,11,59,74,89,73,79,34,37,94,88,94,90,100,0,93,99,99,100,96,97,96,97,38,3
l28,0=0,0,0,0,0,0,0,0,0,0,0,0,0,0,32,0,8,0,80,0,54,6,44,50,91,0,89,79,71,100,95,84,0,99,100,96,97,96,97,54,0
l29,0=0,0,0,0,0,0,0,0,0,0,0,0,0,0,0,0,0,0,66,42,87,55,50,78,59,61,0,17,80,100,95,100,99,0,100,96,96,93,94,0,0
l30,0=0,0,0,0,0,0,0,0,0,0,0,0,0,0,60,0,0,0,32,0,59,6,4,47,69,56,95,70,69,100,95,95,99,99,0,94,94,93,69,0,0
l31,0=0,0,0,0,0,0,0,0,0,0,0,0,0,0,71,0,65,3,79,36,89,75,67,76,85,0,0,93,84,100,95,0,99,99,100,0,97,96,97,56,3
l32,0=0,0,0,0,0,0,0,0,0,0,0,0,0,7,49,0,16,7,42,9,72,64,72,35,15,32,99,94,90,99,95,99,99,99,100,96,0,96,97,0,0
l33,0=0,0,0,0,0,47,0,0,7,0,0,0,30,41,87,2,20,38,0,0,82,45,41,22,7,77,99,60,90,94,95,99,96,91,93,95,97,0,97,0,0
l34,0=0,0,0,0,0,46,0,0,0,0,0,0,28,38,87,2,39,26,0,0,76,67,38,51,6,77,100,94,90,97,95,100,99,94,74,96,97,96,0,38,0
l35,0=0,0,0,0,0,0,0,0,52,33,0,11,77,59,65,70,69,62,70,66,37,78,87,82,74,32,96,46,0,7,51,0,37,0,0,65,0,0,9,0,87
l36,0=0,0,0,0,0,0,3,1,11,0,28,18,43,40,31,53,61,78,34,4,77,86,83,87,41,41,96,12,5,1,2,97,0,0,0,4,0,0,0,87,0
l37,0=0,0,0,0,0,0,0,0,0,0,22,0,46,57,0,61,67,76,68,56,81,87,70,79,75,96,96,33,34,0,8,96,0,0,0,0,0,0,0,87,87
l38,0=0,0,0,0,0,0,0,34,60,31,0,26,90,80,73,85,81,94,32,22,85,87,83,82,82,76,97,21,51,0,1,97,0,0,0,0,1,25,1,87,88
l39,0=0,0,0,0,0,0,0,0,0,0,0,0,71,50,56,28,67,72,71,51,82,87,85,87,65,23,0,0,0,1,0,56,21,48,0,49,0,0,0,87,87
l40,0=0,0,0,0,0,0,0,0,53,0,0,0,0,6,45,65,67,64,63,59,84,87,85,78,80,1,2,0,0,0,59,3,0,46,0,3,0,0,0,85,86

l0,1=0,90,94,95,82,91,82,92,86,90,94,92,46,62,64,0,0,0,0,0,0,0,0,0,0,0,0,61,0,0,0,0,0,0,0,0,0,0,0,0,0
l1,1=92,0,94,93,89,90,87,92,82,90,80,92,44,67,0,61,66,70,0,0,0,4,0,0,0,0,0,60,0,0,0,0,0,0,0,0,0,10,0,0,0
l2,1=92,90,0,95,87,91,87,95,82,90,94,92,49,73,77,66,64,65,0,0,0,0,64,0,0,4,0,56,38,0,0,0,0,0,0,0,0,0,0,0,0
l3,1=92,90,94,0,90,91,84,24,82,85,91,86,67,70,77,67,63,31,0,0,0,0,0,0,0,24,0,75,70,0,0,0,0,0,0,0,0,0,0,0,0
l4,1=90,90,94,95,0,91,82,91,27,85,92,89,0,64,74,62,0,0,0,0,0,0,0,0,0,24,0,75,52,0,0,0,0,0,0,0,0,0,0,0,0
l5,1=92,90,94,93,90,0,82,92,86,90,80,56,41,74,62,53,12,0,0,0,0,0,0,0,0,16,0,56,14,0,0,0,0,0,0,0,0,39,64,0,0
l6,1=92,90,94,95,80,91,0,95,86,90,94,92,74,76,67,78,75,0,70,52,64,65,62,69,1,40,0,45,34,0,0,0,0,0,0,0,0,0,0,0,0
l7,1=92,90,93,4,82,82,87,0,86,91,94,92,74,73,67,78,63,52,53,0,0,74,15,32,17,59,0,0,44,0,0,0,0,0,0,0,0,0,0,7,13
l8,1=78,81,57,43,13,86,75,92,0,90,94,92,40,77,77,77,73,72,59,41,12,0,82,77,40,54,0,57,52,0,25,0,0,0,0,0,0,0,0,44,28
l9,1=92,90,94,80,79,88,87,95,86,0,94,92,74,77,71,78,73,69,0,0,0,59,79,72,0,32,0,25,46,0,0,0,0,0,0,0,0,0,0,0,43
l10,1=92,83,92,57,80,85,81,92,86,91,0,92,74,77,83,78,75,78,62,0,38,64,81,48,39,0,0,44,0,0,0,0,0,0,0,0,0,0,0,48,19
l11,1=92,90,92,59,80,87,87,95,86,91,94,0,74,77,60,78,68,51,48,45,15,65,81,38,25,15,0,33,33,0,0,0,0,0,0,0,0,0,0,32,0
l12,1=20,24,40,38,0,46,66,55,38,71,85,72,0,73,75,82,73,81,63,38,23,60,67,24,32,30,0,57,53,0,0,29,0,0,0,43,0,37,55,61,30
l13,1=15,0,28,20,18,20,53,56,65,49,55,8,33,60,0,72,80,75,23,0,20,58,38,23,17,45,0,71,80,16,9,0,0,45,28,39,4,37,62,63,23
l14,1=0,11,29,10,24,32,59,68,80,70,69,41,75,74,78,0,72,85,39,38,26,69,0,41,32,84,27,42,0,0,0,70,0,0,0,0,6,22,56,45,27
l15,1=0,4,18,1,0,1,55,54,71,56,60,39,63,67,79,72,0,85,78,61,35,81,81,81,45,0,0,49,63,33,20,0,17,0,0,34,38,43,63,74,52
l16,1=0,28,47,0,0,0,2,58,65,58,65,35,70,71,78,79,80,0,64,57,37,72,69,42,32,72,51,55,65,0,40,58,0,0,0,30,0,42,0,63,83
l17,1=0,0,0,0,0,0,59,40,45,11,71,0,48,66,59,55,67,72,0,96,79,81,86,76,88,71,0,0,0,58,71,51,62,64,45,78,52,0,41,82,75
l18,1=0,0,0,0,0,0,36,0,67,0,0,52,49,67,0,71,67,62,97,0,80,85,83,79,85,0,65,0,0,0,74,75,0,0,0,70,67,0,0,83,78
l19,1=0,0,1,0,0,0,54,0,39,3,61,29,57,64,61,64,61,58,81,75,0,86,76,84,87,0,0,0,0,68,74,57,65,51,44,69,69,56,54,76,72
l20,1=0,0,0,0,0,0,44,60,0,45,62,57,59,67,75,71,71,72,83,83,86,0,88,84,79,0,84,0,42,47,58,72,42,0,44,69,60,53,66,68,86
l21,1=0,0,40,0,0,0,46,8,76,57,75,74,61,67,71,0,68,71,88,81,75,86,0,84,78,20,38,0,51,0,37,71,26,43,37,59,70,57,63,86,80
l22,1=0,0,0,0,0,0,47,44,69,44,65,33,35,63,63,69,71,70,81,82,91,86,88,0,82,36,0,29,0,67,76,65,45,47,40,68,46,14,54,87,86
l23,1=0,0,0,0,0,0,32,45,66,0,69,30,34,61,67,64,67,66,90,83,86,81,83,78,0,0,80,0,0,61,82,66,70,64,52,80,71,48,69,83,80
l24,1=25,15,23,36,37,35,47,0,64,17,26,26,38,64,81,41,52,63,0,0,0,0,0,6,0,0,71,0,80,42,57,80,35,30,32,36,86,91,87,0,0
l25,1=0,0,4,24,24,16,40,59,54,32,0,15,30,45,84,0,72,71,0,0,0,20,36,0,0,0,0,83,0,54,54,0,40,57,17,70,44,91,91,0,0
l26,1=0,0,0,0,0,0,0,0,0,0,0,0,0,0,27,0,51,0,65,0,84,38,0,80,71,0,0,64,66,0,96,0,90,89,99,95,92,91,84,61,0
l27,1=0,0,0,0,0,0,0,0,16,0,0,0,0,0,38,0,40,56,65,61,81,38,37,61,83,83,64,83,75,80,0,75,90,89,97,95,92,91,93,4,29
l28,1=0,0,0,0,0,0,0,0,0,0,0,0,0,0,0,0,51,0,59,0,87,64,43,65,85,0,66,68,63,80,96,75,0,89,99,95,85,91,93,0,0
l29,1=0,0,0,0,0,0,0,0,0,0,0,0,0,0,36,0,0,0,48,34,66,0,40,66,51,54,0,39,53,80,96,80,90,0,99,95,92,66,82,0,0
l30,1=0,0,0,0,0,0,0,0,0,0,0,0,0,0,39,0,0,0,43,0,60,61,50,57,43,54,96,45,7,80,92,96,90,89,0,93,87,86,43,0,0
l31,1=0,0,0,0,0,0,0,0,0,0,0,0,29,0,70,0,58,51,75,57,72,71,65,66,80,0,0,75,75,80,96,0,90,89,97,0,92,91,93,58,31
l32,1=0,0,0,0,0,0,0,0,0,0,0,0,0,0,34,32,63,0,48,54,49,40,48,23,46,40,90,83,71,80,96,90,56,89,88,95,0,91,93,0,0
l33,1=0,0,0,0,0,34,0,0,0,0,0,0,33,37,48,28,64,68,0,0,32,37,36,5,32,57,89,83,80,77,96,89,83,72,79,94,89,0,93,0,0
l34,1=0,0,0,0,0,37,0,0,0,0,0,0,32,0,44,40,58,35,51,34,40,48,40,32,42,17,99,83,80,78,96,97,90,80,50,95,92,91,0,0,0
l35,1=0,0,0,0,0,0,0,0,44,0,39,2,54,53,54,58,67,53,68,65,73,63,85,79,72,70,95,0,0,43,7,0,0,0,0,39,0,0,0,0,86
l36,1=0,0,0,0,0,0,0,0,27,37,15,0,58,49,30,38,70,71,66,42,75,86,80,82,75,44,92,0,0,0,26,92,0,0,0,30,0,0,0,87,0
l37,1=0,0,0,0,0,0,0,0,21,0,0,0,53,35,30,61,59,63,63,39,0,82,80,74,71,91,91,0,13,0,0,91,0,0,0,0,0,0,0,87,85
l38,1=0,0,0,0,0,0,8,27,55,44,41,32,63,65,60,68,71,67,62,27,77,86,81,78,71,91,84,27,52,0,0,93,20,10,0,37,21,0,0,88,88
l39,1=0,0,0,0,0,0,0,0,0,0,0,0,42,52,59,36,62,59,61,65,74,86,84,82,69,0,61,0,0,0,0,58,14,37,0,0,0,0,4,87,86
l40,1=0,0,0,0,0,0,0,0,34,0,0,0,42,39,42,19,58,46,66,51,83,85,79,77,71,0,0,0,0,34,48,31,14,19,0,0,0,0,0,86,84

l0,2=0,91,92,92,92,89,88,89,82,75,77,86,0,67,78,32,65,0,0,0,0,0,0,0,0,39,0,74,58,0,0,0,0,0,0,0,0,0,0,0,0
l1,2=84,0,92,90,93,91,88,89,82,78,76,84,81,71,77,77,58,60,0,0,0,0,0,0,0,39,0,80,58,0,0,0,0,0,0,0,0,0,0,0,0
l2,2=84,91,0,83,80,91,89,91,85,77,78,82,78,67,80,62,68,53,0,0,14,0,64,0,0,41,0,73,49,0,0,0,0,0,0,0,0,0,0,0,0
l3,2=84,91,92,0,93,91,88,88,85,77,78,82,0,0,0,74,0,48,0,0,0,0,0,0,0,1,0,79,35,0,0,0,0,0,0,0,0,0,0,0,0
l4,2=84,91,88,92,0,91,88,87,81,75,76,82,76,68,72,73,0,0,0,0,0,0,0,0,0,56,0,81,68,0,0,0,0,0,0,0,0,0,0,0,0
l5,2=80,91,91,90,92,0,88,88,86,76,79,86,81,58,0,77,59,0,0,0,0,0,0,0,0,44,0,80,59,0,0,0,0,0,0,0,0,0,0,0,0
l6,2=81,89,92,82,84,91,0,90,85,77,78,85,85,76,1,81,73,0,37,56,69,0,54,51,47,53,0,60,47,0,0,0,0,0,0,0,0,0,0,0,0
l7,2=79,88,90,80,79,91,89,0,85,80,78,85,85,74,80,80,65,56,55,4,4,69,60,54,59,46,0,54,56,0,0,0,0,0,0,0,0,0,0,0,61
l8,2=66,80,77,67,65,91,75,88,0,78,81,83,75,77,66,80,75,65,0,57,58,56,81,66,57,57,0,24,60,0,0,0,0,0,0,0,0,9,0,57,54
l9,2=77,87,87,81,79,91,88,90,85,0,81,86,85,78,69,80,27,71,68,58,16,48,81,57,0,33,0,73,51,0,0,0,0,0,0,0,0,0,0,57,62
l10,2=78,87,86,81,79,91,87,88,86,80,0,86,85,78,79,80,75,72,0,55,57,73,81,56,71,40,0,45,48,0,0,0,0,0,0,0,0,0,6,48,50
l11,2=79,87,80,82,76,91,89,91,85,80,81,0,85,78,58,73,55,53,0,0,57,56,52,0,0,38,0,52,46,0,0,0,0,0,0,0,0,0,0,0,0
l12,2=0,51,51,0,53,61,76,72,76,66,65,71,0,78,66,84,80,87,60,56,67,73,80,75,49,72,0,70,64,0,0,44,0,0,0,53,56,62,40,61,78
l13,2=30,28,49,0,47,0,1,40,39,27,63,45,68,65,0,76,85,87,20,0,0,69,68,0,0,64,0,91,77,0,61,0,0,0,0,53,49,78,44,40,32
l14,2=4,50,47,15,53,57,75,72,81,65,67,58,88,73,69,0,61,87,56,57,65,74,58,0,57,85,0,71,48,0,19,50,0,0,0,0,47,48,0,62,42
l15,2=41,30,46,0,0,40,61,44,69,17,54,40,79,63,74,64,0,87,77,52,67,81,83,87,59,48,0,77,67,0,39,0,0,0,0,48,51,53,52,63,74
l16,2=0,52,48,0,0,0,0,53,69,50,56,54,88,75,76,84,85,0,58,0,57,68,79,55,62,78,0,60,61,0,55,45,0,0,0,47,0,67,34,62,72
l17,2=0,0,0,0,0,0,51,50,0,55,0,0,66,69,31,66,74,72,0,87,78,75,88,82,89,63,0,0,0,76,59,39,71,53,65,0,49,59,25,72,72
l18,2=0,0,0,0,0,0,63,0,57,48,35,0,43,67,0,62,59,0,90,0,74,74,81,78,86,0,81,0,0,0,0,0,0,18,0,0,0,11,0,71,77
l19,2=0,0,0,0,0,0,64,0,50,21,28,44,64,66,0,63,68,63,82,75,0,81,83,88,89,0,0,4,0,74,78,0,65,67,0,64,56,60,0,70,73
l20,2=0,0,0,0,0,0,0,51,47,33,52,43,70,61,69,72,77,72,77,75,82,0,88,88,77,0,80,0,0,49,61,72,50,43,44,71,44,48,58,79,80
l21,2=0,0,43,0,0,0,53,45,75,55,57,41,76,70,67,49,74,76,80,78,74,81,0,88,74,13,54,44,55,60,61,67,34,43,33,41,49,73,54,79,79
l22,2=0,0,0,0,0,0,50,47,71,37,29,0,71,68,0,0,77,53,79,74,89,81,88,0,76,64,75,4,45,66,78,33,59,72,38,45,42,59,40,79,80
l23,2=0,0,0,0,0,0,62,56,59,18,52,0,52,59,0,67,64,73,87,79,89,78,83,84,0,43,77,0,0,77,82,60,76,65,53,73,44,64,46,78,79
l24,2=48,61,53,56,68,63,62,38,26,51,40,51,73,65,85,70,78,62,0,0,17,0,58,4,0,0,81,0,77,66,84,81,57,54,51,82,88,93,84,0,2
l25,2=39,39,41,1,56,44,53,46,57,33,40,38,72,64,85,48,78,63,0,0,0,13,64,43,0,0,0,91,0,76,85,0,58,54,36,81,75,93,90,0,0
l26,2=0,0,0,0,0,0,0,0,0,0,0,0,0,0,0,0,0,0,81,0,80,54,75,77,81,0,0,73,71,0,94,0,87,95,97,91,88,93,95,42,46
l27,2=0,0,0,0,0,0,0,0,0,0,0,0,0,41,65,1,33,49,55,0,80,59,67,77,88,91,73,91,77,93,0,87,87,95,97,91,88,93,96,53,0
l28,2=0,0,0,0,0,0,0,0,0,0,0,0,0,0,0,0,16,0,68,0,70,59,50,69,88,0,71,68,59,93,94,77,0,95,97,91,87,93,96,55,0
l29,2=0,0,0,0,0,0,0,0,0,0,0,0,0,0,0,0,0,0,57,48,86,58,62,81,76,76,0,66,59,93,94,93,87,0,97,91,88,51,93,6,0
l30,2=0,0,0,0,0,0,0,0,0,0,0,0,0,0,0,0,0,0,68,0,0,65,8,65,64,85,94,75,56,93,94,94,87,95,0,91,87,91,82,0,0
l31,2=0,0,0,0,0,0,0,0,0,0,0,0,44,0,50,0,45,39,0,0,72,67,33,60,81,0,0,87,77,93,94,0,87,95,90,0,88,93,96,54,52
l32,2=0,0,0,0,0,0,0,0,0,0,0,0,51,46,51,47,49,0,48,0,62,53,54,61,42,58,87,86,71,93,94,87,81,95,89,91,0,93,96,0,0
l33,2=0,0,0,0,0,0,0,0,1,0,0,0,68,51,82,52,54,77,44,40,64,54,76,73,50,54,95,91,77,90,94,95,82,44,86,91,88,0,95,47,0
l34,2=0,0,0,0,0,0,0,0,0,0,37,0,48,46,76,0,65,42,47,42,0,73,73,59,46,36,97,91,77,93,94,90,85,93,83,91,88,93,0,53,0
l35,2=0,0,0,0,0,0,0,0,40,27,19,0,50,54,43,55,67,69,46,54,62,70,82,80,67,81,91,0,0,12,36,0,24,0,0,33,0,18,17,0,85
l36,2=0,0,0,0,0,0,0,35,36,38,14,0,73,56,47,27,70,71,57,66,65,79,81,83,71,75,88,0,0,22,0,88,0,0,0,30,0,0,0,82,0
l37,2=0,0,0,0,0,0,0,0,4,0,0,0,66,38,1,64,55,55,69,52,66,73,80,77,47,93,93,0,0,0,0,93,0,0,0,0,0,0,0,82,84
l38,2=0,0,0,0,0,0,4,0,59,40,21,48,76,67,65,45,74,68,65,35,71,79,83,83,65,90,95,37,43,0,0,96,0,38,0,51,0,38,0,82,85
l39,2=0,0,0,0,0,0,0,0,0,0,0,0,54,0,49,55,70,0,50,60,68,78,81,83,47,0,42,0,0,55,0,54,0,34,29,22,0,0,0,81,84
l40,2=0,0,0,0,0,0,0,0,0,0,0,0,46,29,27,52,62,41,65,43,68,70,80,78,69,0,46,0,0,0,0,52,9,0,0,8,0,0,0,80,78

l0,3=0,97,87,90,86,94,86,91,63,80,80,89,76,69,0,56,0,0,0,0,0,0,0,0,0,1,0,0,2,0,0,0,0,0,0,0,0,0,0,0,0
l1,3=94,0,87,90,86,95,86,89,81,80,72,88,74,78,72,70,58,78,0,0,0,60,0,1,0,13,0,72,50,0,0,0,0,0,0,0,0,0,0,0,0
l2,3=93,97,0,88,72,91,86,93,76,81,80,89,77,82,64,0,56,64,0,0,51,0,0,46,0,0,0,56,0,0,0,0,0,0,0,0,0,0,0,0,0
l3,3=94,97,87,0,86,95,86,87,77,81,80,89,0,85,66,0,0,69,0,0,0,0,0,0,0,56,0,0,82,0,0,0,0,0,0,0,0,0,0,0,0
l4,3=94,97,85,90,0,95,86,87,8,80,69,81,76,68,0,67,0,0,0,0,0,0,0,0,0,45,0,66,60,0,0,0,0,0,0,0,0,0,0,0,0
l5,3=94,97,87,90,85,0,86,89,81,80,80,89,78,72,65,66,57,57,0,0,0,0,0,0,0,75,0,74,79,0,0,0,0,0,0,0,0,0,0,0,0
l6,3=93,90,87,87,77,94,0,93,75,81,78,89,83,82,51,72,64,80,0,76,60,30,65,58,64,0,0,57,0,0,0,0,0,0,0,0,0,0,0,0,67
l7,3=88,88,85,77,72,86,86,0,76,81,79,89,77,82,69,72,62,77,11,0,66,60,66,47,40,37,0,55,63,0,0,0,0,0,0,0,0,0,0,15,0
l8,3=62,83,84,74,20,85,77,85,0,76,81,89,81,86,63,78,66,81,62,55,73,46,67,63,65,65,0,0,74,0,0,0,0,0,0,0,0,0,0,0,49
l9,3=84,84,87,78,73,83,86,93,75,0,81,89,80,85,69,72,60,81,60,65,62,58,67,56,30,58,0,67,73,0,0,0,0,0,0,0,0,0,0,0,68
l10,3=84,76,85,74,69,85,83,88,83,82,0,89,79,85,64,72,60,79,28,70,33,63,65,57,65,3,0,48,1,0,0,0,0,0,0,0,0,0,41,0,40
l11,3=93,84,85,77,73,88,86,93,81,81,81,0,80,83,67,70,17,75,48,17,73,57,66,0,0,7,0,63,19,0,0,0,0,0,0,0,0,0,0,0,0
l12,3=53,45,62,0,44,70,83,77,77,78,78,85,0,86,84,85,74,97,57,58,69,59,68,68,29,82,0,0,81,0,0,0,0,0,0,0,58,59,14,68,74
l13,3=0,65,57,34,0,54,38,63,60,60,55,64,90,86,0,81,81,97,40,0,50,47,70,55,33,82,0,94,94,0,62,1,0,21,0,53,77,90,61,56,62
l14,3=42,68,0,0,50,64,83,83,82,77,75,70,90,86,76,0,80,95,55,61,77,74,56,45,14,91,0,72,72,0,0,59,0,0,0,0,0,72,58,60,65
l15,3=0,34,47,0,0,43,72,70,67,63,56,1,88,82,89,85,0,97,80,73,67,86,77,88,81,71,0,88,84,0,31,0,28,0,18,24,0,73,37,55,64
l16,3=0,51,33,14,2,48,69,57,77,70,69,56,90,86,91,85,81,0,60,54,77,77,78,68,75,80,0,81,83,56,0,28,0,0,0,0,16,79,0,75,75
l17,3=0,0,0,0,0,0,0,0,69,50,33,34,75,80,31,61,77,77,0,98,86,59,77,83,96,82,64,0,0,92,39,0,75,71,81,69,5,0,0,81,65
l18,3=0,0,0,0,0,0,75,0,47,53,61,1,77,78,0,73,77,72,95,0,88,77,71,82,92,0,93,0,0,7,0,77,52,0,2,0,0,0,0,81,71
l19,3=0,0,0,0,0,0,36,44,61,40,16,56,67,60,30,57,60,70,89,81,0,81,76,88,95,0,37,12,0,61,58,0,56,80,61,64,21,3,48,67,55
l20,3=0,28,0,0,0,0,11,53,47,48,53,44,65,62,30,73,81,87,46,68,88,0,81,88,89,0,79,43,48,66,50,79,55,60,47,59,54,46,66,79,76
l21,3=0,0,0,0,0,0,42,56,74,57,56,44,71,69,49,37,68,82,89,66,90,85,0,87,84,52,77,0,42,65,59,78,41,43,34,42,55,59,64,81,67
l22,3=0,0,38,0,0,0,51,36,65,50,55,0,84,78,41,39,77,72,87,76,93,86,81,0,88,39,73,0,55,80,48,56,57,85,44,48,44,54,29,81,75
l23,3=0,0,0,0,0,0,46,42,55,43,62,10,47,52,35,29,77,82,95,93,93,81,75,83,0,53,86,0,0,73,89,74,79,73,47,75,49,41,51,81,61
l24,3=0,82,53,0,57,81,55,53,0,62,43,61,0,77,90,75,77,84,0,0,33,44,0,0,0,0,86,0,94,78,85,77,19,61,0,88,89,94,94,42,49
l25,3=1,13,0,56,45,75,0,37,65,58,3,7,82,82,91,71,80,82,0,0,0,52,39,53,0,0,0,94,0,82,93,0,57,73,79,93,95,94,95,45,62
l26,3=0,0,0,0,0,0,0,0,0,0,0,0,0,0,0,0,0,64,93,37,79,77,73,86,86,0,0,88,87,0,100,0,100,100,100,95,99,85,100,56,0
l27,3=0,0,0,0,0,0,0,0,0,0,0,0,0,0,77,0,27,0,29,0,89,71,76,70,95,94,88,92,93,98,0,94,100,100,100,95,99,94,100,65,0
l28,3=0,0,0,0,0,0,0,0,0,0,0,0,0,0,0,0,61,0,90,69,88,78,52,86,96,0,87,66,75,98,100,94,0,100,100,95,99,94,100,4,48
l29,3=0,0,0,0,0,0,0,0,0,0,0,0,0,0,25,0,0,0,74,0,93,72,52,81,80,82,0,77,86,98,100,98,100,0,100,95,99,94,100,0,0
l30,3=0,0,0,0,0,0,0,0,0,0,0,0,0,0,0,0,4,0,75,0,74,65,7,62,66,93,100,0,78,98,100,100,100,100,0,95,99,94,86,0,0
l31,3=0,0,0,0,0,0,0,0,0,0,0,0,0,1,59,0,28,0,77,0,79,78,56,74,77,0,0,94,94,98,100,0,100,100,99,0,99,94,100,0,0
l32,3=0,0,0,0,0,0,0,0,0,0,0,0,69,16,87,0,2,4,2,0,27,80,70,75,76,57,100,94,94,98,100,100,100,100,100,95,0,94,100,0,0
l33,3=0,0,0,0,0,0,0,0,0,0,0,0,34,50,88,77,76,84,0,2,3,70,74,76,25,73,100,94,94,86,100,100,99,95,94,95,99,0,100,11,5
l34,3=0,0,0,0,0,0,0,0,10,0,18,0,17,31,73,66,39,0,0,0,73,84,74,33,67,79,100,94,94,98,100,99,100,100,87,95,99,94,0,2,0
l35,3=0,0,0,0,0,0,0,0,0,0,0,0,63,54,26,38,36,69,63,47,43,73,67,74,58,93,95,25,34,18,28,0,0,0,0,0,0,2,0,0,81
l36,3=0,0,0,0,0,0,38,0,30,44,15,0,69,56,32,42,52,70,54,55,54,74,69,72,41,95,99,23,42,0,0,99,7,0,0,0,0,3,0,84,0
l37,3=0,0,0,0,0,0,0,0,0,0,0,0,64,9,25,29,6,29,61,18,54,77,69,77,43,94,85,0,0,0,0,94,0,0,0,0,0,0,0,84,81
l38,3=0,0,0,0,0,0,0,29,0,0,30,48,71,66,65,57,70,79,50,0,81,85,76,83,50,95,100,0,43,39,0,100,0,0,0,12,0,0,0,84,74
l39,3=0,0,0,0,0,0,0,0,1,0,0,0,58,35,0,20,54,60,60,67,53,78,75,84,49,45,56,0,0,52,21,0,5,31,35,31,0,0,0,84,81
l40,3=0,0,0,0,0,0,0,0,25,0,0,0,43,22,24,0,43,45,71,33,54,66,58,75,79,62,0,0,0,39,8,0,2,0,0,27,1,0,0,82,68

l0,4=0,93,94,99,91,95,79,94,88,76,95,96,92,78,0,74,0,48,0,0,0,0,0,0,0,42,0,76,58,0,0,0,0,0,0,0,0,0,0,0,0
l1,4=90,0,94,99,81,98,83,94,88,76,95,96,0,69,85,0,73,45,0,0,0,59,0,0,0,0,0,65,0,0,0,0,0,0,0,0,0,0,0,0,0
l2,4=87,93,0,99,84,3,83,94,87,78,96,96,76,63,86,64,60,44,0,0,0,0,0,66,0,73,0,0,64,0,0,0,0,0,0,0,0,0,0,0,0
l3,4=91,93,94,0,92,98,82,94,88,77,95,96,82,78,0,63,59,4,0,0,0,0,0,0,0,89,0,76,80,0,0,0,0,0,0,0,0,0,0,0,0
l4,4=91,93,94,99,0,98,84,92,87,77,95,96,88,74,80,81,0,0,0,0,0,0,0,0,0,72,0,76,80,0,0,0,0,0,0,0,0,0,0,0,0
l5,4=90,93,68,99,92,0,80,94,89,79,97,96,72,71,72,70,61,62,0,0,0,0,1,0,0,40,0,76,13,0,0,0,0,0,0,0,0,71,17,0,0
l6,4=87,92,94,95,74,95,0,94,0,78,95,96,89,74,0,81,76,63,47,0,51,61,70,64,58,0,0,61,0,0,0,0,0,0,0,0,0,0,0,16,69
l7,4=85,91,93,79,62,95,79,0,88,77,94,96,92,78,84,81,62,66,3,0,51,69,75,0,58,55,0,61,58,0,0,0,0,0,0,0,0,0,0,0,0
l8,4=69,82,81,76,63,91,0,88,0,67,97,95,89,80,82,80,67,78,56,51,50,69,79,71,57,78,0,0,61,0,0,0,0,0,0,0,0,0,0,64,70
l9,4=72,91,93,89,69,95,79,94,81,0,97,96,84,80,77,81,69,76,0,36,55,61,75,69,59,79,0,49,66,0,0,0,0,0,0,0,0,0,0,0,43
l10,4=71,84,93,71,65,95,80,92,90,79,0,96,92,80,85,66,66,86,0,61,50,71,71,72,61,0,0,61,0,0,0,0,0,0,0,0,0,0,0,60,70
l11,4=76,91,93,84,69,91,79,94,88,77,96,0,92,74,87,80,65,83,62,0,54,66,75,70,66,0,0,0,0,0,0,0,0,0,0,0,0,0,0,0,70
l12,4=66,0,64,57,54,66,69,82,84,62,89,90,0,78,93,88,76,90,58,0,55,72,79,76,67,89,0,66,64,0,0,0,0,0,0,11,69,64,55,73,75
l13,4=0,74,73,0,57,69,0,81,72,62,82,82,92,78,0,88,84,90,49,0,0,68,75,73,6,77,0,99,95,0,71,0,0,0,0,66,81,81,67,68,72
l14,4=59,0,14,0,54,69,69,82,80,64,76,82,92,80,88,0,78,66,0,58,54,68,75,69,61,93,0,66,66,0,0,87,0,0,0,0,0,72,60,66,72
l15,4=0,62,57,4,0,56,74,66,74,64,72,68,81,67,86,76,0,91,60,70,60,79,82,81,72,87,0,85,77,0,57,0,51,0,0,57,0,65,54,0,83
l16,4=42,19,0,0,0,65,64,78,74,63,83,83,92,80,93,68,84,0,64,64,51,82,79,76,74,82,0,73,69,41,0,74,0,0,0,63,60,76,60,73,81
l17,4=0,0,0,0,0,0,38,0,46,0,0,53,57,61,45,0,63,63,0,99,69,75,87,80,91,88,35,0,0,82,60,75,49,51,65,63,50,45,30,76,81
l18,4=0,0,0,0,0,0,0,0,33,45,57,0,0,68,0,42,78,59,86,0,76,76,84,82,91,0,76,0,0,0,0,74,63,0,0,55,0,0,0,68,74
l19,4=0,0,0,0,0,0,44,62,50,51,53,57,60,40,0,50,58,50,62,68,0,84,86,86,91,0,0,0,0,63,61,64,63,73,56,68,54,53,39,61,72
l20,4=0,37,0,0,0,0,39,67,59,35,67,52,64,53,64,66,76,75,68,60,78,0,90,86,82,0,71,46,0,59,43,72,58,59,46,61,72,5,47,80,92
l21,4=0,0,0,0,0,22,41,67,74,52,67,66,78,62,71,73,75,73,75,75,71,80,0,83,85,0,74,0,0,58,46,80,47,43,33,58,78,60,39,82,90
l22,4=0,0,30,0,0,0,43,0,60,45,64,56,68,46,64,58,63,62,62,64,78,86,88,0,73,0,76,37,0,69,64,82,63,68,48,69,70,66,36,67,88
l23,4=0,0,0,0,0,0,43,58,45,43,60,57,58,37,35,43,70,60,86,82,78,80,80,83,0,0,86,45,37,64,83,83,70,69,51,62,63,56,0,63,68
l24,4=72,64,0,71,63,96,67,69,0,58,82,0,89,79,93,85,82,88,0,0,0,65,0,54,37,53,84,0,95,81,84,85,62,57,2,90,100,100,99,19,0
l25,4=42,0,73,89,72,40,0,55,78,79,0,0,89,77,93,87,82,88,0,0,0,0,0,0,53,0,0,99,0,75,91,0,90,92,74,92,100,100,99,0,75
l26,4=0,0,0,0,0,0,0,0,0,0,0,0,0,0,0,0,0,35,76,0,71,74,76,86,84,0,0,92,76,0,97,0,100,99,100,100,100,99,99,78,56
l27,4=0,0,0,0,0,0,0,0,0,0,0,0,0,56,87,0,72,0,74,0,71,73,73,83,86,99,92,91,89,93,0,96,100,99,92,100,100,100,99,81,0
l28,4=0,0,0,0,0,0,0,0,0,0,0,0,0,0,0,0,73,0,73,80,78,83,80,84,92,0,76,91,88,93,97,90,0,99,100,100,100,100,99,0,91
l29,4=0,0,0,0,0,0,0,0,0,0,0,0,0,0,0,0,0,0,60,0,78,80,77,83,85,75,0,76,91,93,97,93,100,0,100,100,100,99,99,54,3
l30,4=0,0,0,0,0,0,0,0,0,0,0,0,0,0,0,0,0,0,75,0,72,80,5,83,82,91,97,0,87,93,97,97,100,99,0,100,100,100,88,0,0
l31,4=0,0,0,0,0,0,0,0,0,0,0,0,0,0,87,0,74,75,74,64,72,80,82,83,85,0,0,96,90,93,97,0,100,99,100,0,100,100,99,0,0
l32,4=0,0,0,0,0,0,0,0,0,0,0,0,90,0,90,0,5,66,63,0,73,85,88,85,88,90,100,99,95,93,97,100,100,98,100,100,0,100,99,0,0
l33,4=0,0,0,0,0,71,0,0,0,0,0,0,78,65,93,82,75,73,52,0,62,10,82,86,72,92,99,99,95,93,97,99,100,97,99,100,100,0,99,0,0
l34,4=0,0,0,0,0,64,0,0,1,0,0,0,80,51,93,76,75,74,59,1,70,86,80,77,0,74,100,99,95,93,97,100,100,99,90,100,100,100,0,0,0
l35,4=0,0,0,0,0,0,0,0,37,0,35,0,57,35,39,35,0,50,48,46,50,73,76,59,52,92,100,0,0,45,34,0,0,12,0,0,0,0,0,0,92
l36,4=0,0,0,0,0,0,31,0,45,14,45,43,57,42,45,73,69,67,58,42,53,77,76,82,38,100,100,0,36,7,0,100,36,0,0,0,0,0,0,84,0
l37,4=0,0,0,0,0,0,0,0,0,0,0,0,63,22,32,23,38,46,44,50,38,71,75,65,63,100,99,0,0,0,0,100,0,0,0,0,0,0,0,84,91
l38,4=0,0,0,0,0,0,0,0,34,37,64,63,67,39,75,66,63,66,55,46,65,77,78,80,53,99,99,51,57,54,0,99,0,0,0,48,0,5,0,80,87
l39,4=0,0,0,0,0,0,0,0,43,0,0,0,62,22,29,52,66,59,61,61,68,80,83,75,63,0,78,0,0,57,0,0,44,49,0,51,0,0,0,84,91
l40,4=0,0,0,0,0,0,0,0,35,0,0,0,42,0,47,40,34,50,59,0,60,61,67,78,61,75,56,20,0,49,0,0,12,34,0,46,20,0,0,81,91

l0,5=0,95,82,95,93,93,93,94,26,91,86,91,47,43,46,26,8,0,0,0,0,0,8,0,0,0,0,25,0,0,0,0,0,0,0,0,0,0,0,0,0
l1,5=96,0,83,95,93,93,93,87,42,87,86,91,31,45,45,0,21,43,0,0,0,0,0,0,0,14,0,24,18,0,0,0,0,0,0,0,0,31,0,0,0
l2,5=96,95,0,94,93,92,93,84,25,91,86,91,41,45,34,0,0,0,0,0,0,0,0,18,0,39,0,15,24,0,0,0,0,0,0,0,0,0,0,0,0
l3,5=96,95,84,0,96,93,93,66,0,91,72,91,35,83,43,47,0,0,0,0,0,0,0,0,0,76,0,77,43,0,0,0,0,0,0,0,0,0,0,0,0
l4,5=96,95,82,95,0,93,93,78,41,58,86,85,0,44,45,54,35,0,0,0,0,0,0,0,0,65,0,22,43,0,0,0,0,0,0,0,0,0,0,0,0
l5,5=96,95,84,94,96,0,76,94,73,91,83,90,28,43,40,53,21,25,0,0,0,0,3,0,0,30,0,73,31,0,0,0,0,0,0,0,0,30,0,0,0
l6,5=96,95,86,85,81,70,0,94,66,91,87,92,63,78,33,61,66,49,0,33,53,24,64,64,39,0,0,20,0,0,0,0,0,0,0,0,0,0,0,0,5
l7,5=80,82,66,49,73,91,92,0,73,91,85,92,63,77,45,80,18,51,34,0,2,59,72,56,28,0,0,12,0,0,0,0,0,0,0,0,0,0,0,0,25
l8,5=17,27,28,0,48,51,84,85,0,57,86,91,81,85,44,38,23,60,46,18,52,55,73,72,30,5,0,14,12,0,0,0,0,0,0,0,0,0,3,58,25
l9,5=80,49,66,80,67,80,93,94,66,0,87,91,0,77,25,59,22,47,0,0,49,57,62,70,33,14,0,18,15,0,0,0,0,0,0,0,0,0,0,0,0
l10,5=77,89,75,54,70,51,92,94,75,91,0,92,73,85,46,61,22,71,42,33,9,63,74,75,34,0,0,14,0,0,0,0,0,0,0,0,0,0,0,58,10
l11,5=80,90,70,79,77,80,92,94,71,91,87,0,68,77,77,75,66,70,52,0,48,63,72,68,44,0,0,39,0,0,0,0,0,0,0,0,0,0,0,0,29
l12,5=17,6,18,55,0,20,85,71,71,0,83,89,0,80,92,88,79,80,33,23,36,59,66,68,32,9,0,18,12,0,0,1,0,0,0,29,3,15,6,60,28
l13,5=19,19,9,55,52,23,37,38,27,6,65,87,56,48,0,41,30,56,10,0,49,69,28,51,0,6,0,29,53,25,0,0,14,0,0,50,27,51,21,20,4
l14,5=4,0,0,21,44,20,64,73,26,31,60,69,83,80,46,0,28,79,50,35,48,54,76,71,0,95,15,21,12,0,0,17,0,0,0,17,0,14,21,61,27
l15,5=0,16,0,0,40,14,67,24,49,38,50,68,75,74,86,54,0,80,67,52,58,70,82,78,59,39,0,69,58,25,31,7,19,24,2,70,42,41,3,75,74
l16,5=0,15,0,0,0,18,65,57,24,26,56,74,79,80,92,79,85,0,57,4,53,72,78,62,36,48,41,19,26,0,35,66,0,0,0,34,15,30,29,67,28
l17,5=0,0,0,0,0,0,0,1,10,0,11,25,44,60,18,24,63,45,0,77,82,66,78,72,72,34,0,0,0,48,65,14,0,45,47,63,16,29,35,62,63
l18,5=0,0,0,0,0,0,36,0,6,0,19,0,50,52,0,20,63,0,83,0,18,56,84,80,71,0,63,0,0,23,0,26,2,0,0,16,0,0,0,68,57
l19,5=0,0,0,0,0,0,59,0,29,49,2,28,48,57,44,38,67,57,75,19,0,70,87,88,71,0,16,22,0,14,66,3,45,66,54,61,28,58,22,74,74
l20,5=0,0,0,0,0,0,7,23,19,12,38,33,55,60,58,39,71,68,67,47,88,0,89,88,56,0,33,6,4,26,27,45,36,23,18,0,41,12,21,77,74
l21,5=0,0,0,0,0,5,43,36,41,23,33,38,46,61,23,57,73,69,68,54,86,72,0,80,56,49,45,3,22,24,37,0,24,25,0,32,27,10,10,75,79
l22,5=0,0,1,0,0,0,36,22,28,15,41,28,55,61,54,44,70,26,74,57,88,74,81,0,56,30,23,1,0,53,70,24,27,35,42,62,19,19,18,72,75
l23,5=0,0,0,0,0,0,27,16,9,28,22,29,37,30,1,0,65,60,83,62,88,66,81,70,0,0,80,5,0,30,64,55,30,40,0,40,13,27,14,59,53
l24,5=30,28,15,86,47,33,36,25,4,13,58,80,10,6,58,42,29,18,0,0,42,56,0,4,6,0,40,0,92,36,48,17,46,30,62,52,40,63,50,0,4
l25,5=0,14,39,76,65,30,0,0,5,14,0,0,9,6,95,39,48,34,0,0,0,49,30,0,0,0,0,89,0,37,48,0,47,74,64,51,69,95,52,5,16
l26,5=0,0,0,0,0,0,0,0,0,0,0,0,0,0,15,0,41,0,63,16,33,45,23,80,40,0,0,61,40,0,92,0,92,92,97,92,85,78,88,0,0
l27,5=0,0,0,0,0,0,0,0,0,0,0,0,0,0,0,0,13,5,24,0,71,42,24,81,59,89,61,32,48,79,0,33,92,92,97,92,85,95,89,20,21
l28,5=0,0,0,0,0,0,0,0,0,0,0,0,0,0,17,0,51,0,0,12,53,59,49,70,53,0,40,67,47,79,92,10,0,92,97,92,85,95,89,14,0
l29,5=0,0,0,0,0,0,0,0,0,0,0,0,0,0,0,0,32,0,31,0,79,40,11,38,54,37,0,18,29,79,92,79,92,0,97,89,85,94,86,0,0
l30,5=0,0,0,0,0,0,0,0,0,0,0,0,0,0,0,0,0,0,35,0,78,43,0,43,0,48,92,68,32,79,92,92,92,92,0,92,63,91,76,0,0
l31,5=0,0,0,0,0,0,0,0,0,0,0,0,1,0,17,7,66,14,26,3,45,0,24,55,17,0,0,33,10,79,92,0,90,78,82,0,85,95,89,0,11
l32,5=0,0,0,0,0,0,0,0,0,0,0,0,5,0,23,10,29,14,24,0,59,71,33,31,11,47,92,89,85,79,57,90,62,92,73,92,0,95,89,0,0
l33,5=0,9,0,0,0,12,0,0,0,0,0,0,7,6,27,21,31,15,24,0,61,52,23,29,15,74,92,89,86,40,92,78,59,86,83,92,85,0,89,0,0
l34,5=0,0,0,0,0,0,0,0,2,0,0,0,4,4,49,23,22,14,24,0,43,64,27,29,11,64,97,89,85,62,92,82,62,86,71,92,85,95,0,0,0
l35,5=0,0,0,0,0,0,0,0,7,0,13,0,36,18,21,29,41,28,32,28,51,65,61,37,29,51,92,0,0,0,25,0,1,0,0,0,0,0,0,0,74
l36,5=0,0,0,0,0,0,0,12,4,0,12,18,57,60,7,49,67,64,63,19,54,63,75,77,37,69,85,0,3,0,18,85,0,0,0,7,0,0,0,76,0
l37,5=0,0,0,0,0,0,0,0,0,0,0,0,51,13,0,14,54,30,43,27,30,63,70,30,34,95,78,0,0,16,19,95,0,0,0,0,0,0,0,79,79
l38,5=0,0,0,0,0,0,0,16,1,11,46,2,58,35,66,53,68,61,0,35,57,66,76,82,37,52,88,6,6,17,0,89,0,0,0,14,2,9,0,80,74
l39,5=0,0,0,0,0,0,0,0,4,0,0,0,47,0,20,31,68,39,61,30,72,66,80,77,56,5,0,0,0,1,5,0,14,22,3,0,0,5,0,80,79
l40,5=0,0,0,0,0,0,0,0,7,0,0,0,29,0,18,23,22,29,41,0,63,60,67,70,55,16,0,0,0,20,0,11,10,0,5,35,10,0,0,79,75

l0,6=0,95,86,85,89,90,69,78,78,82,67,73,64,55,57,0,30,0,0,0,0,0,0,0,0,0,0,56,0,0,0,0,0,0,0,0,0,0,0,0,0
l1,6=81,0,90,82,89,90,70,80,82,80,72,73,0,65,29,53,56,19,0,0,0,0,0,0,0,25,0,56,44,0,0,0,0,0,0,0,0,0,0,0,0
l2,6=81,95,0,85,78,90,71,77,65,76,72,74,47,60,29,37,46,0,0,0,0,0,24,0,0,14,0,43,43,0,0,0,0,0,0,0,0,0,0,0,0
l3,6=82,95,90,0,89,90,68,81,76,85,58,73,48,64,33,31,0,0,0,0,0,0,0,0,0,0,0,65,0,0,0,0,0,0,0,0,0,0,0,0,0
l4,6=82,95,81,85,0,90,68,82,61,84,72,63,37,50,0,47,22,0,0,0,0,0,0,0,0,73,0,51,71,0,0,0,0,0,0,0,0,0,0,0,0
l5,6=75,95,89,82,89,0,70,77,84,81,39,70,61,66,27,58,27,16,0,0,0,1,0,0,0,40,0,51,67,0,4,0,0,0,0,0,20,0,0,0,0
l6,6=74,91,90,75,78,88,0,85,68,85,72,76,63,66,35,43,60,0,37,20,32,23,39,48,35,0,0,0,0,0,0,0,0,0,0,0,0,0,0,0,0
l7,6=66,89,76,72,80,88,71,0,83,85,72,78,70,67,39,62,33,34,0,14,5,44,40,37,19,0,0,31,0,0,0,0,0,0,0,0,0,0,0,11,0
l8,6=49,46,28,23,38,86,36,74,0,81,73,69,73,82,31,61,64,53,40,11,47,41,39,38,30,68,0,33,54,0,0,0,0,0,0,0,0,0,6,32,48
l9,6=69,78,77,72,79,81,67,80,82,0,73,70,64,69,35,64,64,27,37,1,38,55,22,23,37,34,0,34,44,0,0,0,0,0,0,0,0,0,0,0,37
l10,6=61,88,86,35,80,74,70,81,87,86,0,78,72,70,39,64,64,50,0,0,23,60,37,52,23,30,0,21,46,0,0,0,0,0,0,0,0,0,0,41,49
l11,6=74,89,85,63,59,87,71,85,87,86,73,0,74,69,43,62,67,37,14,0,42,53,41,28,41,14,0,41,50,0,0,0,0,0,0,0,0,0,0,1,19
l12,6=40,0,7,10,31,52,36,69,85,47,64,50,0,80,68,73,74,61,18,39,47,44,31,2,47,31,0,67,58,0,27,23,0,0,0,21,0,7,0,39,66
l13,6=51,19,7,13,0,33,5,54,76,14,25,10,70,73,0,69,74,61,32,0,52,46,0,41,36,67,0,79,82,29,0,39,0,0,0,35,0,61,5,59,67
l14,6=0,39,8,1,34,57,10,68,77,73,60,46,80,73,53,0,70,53,47,20,54,43,38,37,49,73,22,66,63,0,0,38,0,0,0,0,0,2,0,42,67
l15,6=22,31,17,0,15,10,41,10,56,59,53,48,63,67,56,64,0,57,51,41,57,70,61,63,55,62,0,14,57,30,27,0,21,12,0,64,36,51,5,60,70
l16,6=0,24,0,0,0,22,0,49,68,33,50,32,69,74,68,70,76,0,50,45,53,74,59,33,53,42,55,48,69,0,34,61,0,0,0,38,38,50,8,1,66
l17,6=0,0,0,0,0,0,13,0,27,26,0,11,17,59,13,49,60,26,0,68,78,73,72,64,72,53,0,0,0,59,38,22,14,38,22,59,24,22,13,59,46
l18,6=0,0,0,0,0,0,21,17,25,26,0,0,37,57,0,38,57,23,76,0,67,66,59,58,70,0,60,0,0,22,13,53,0,0,0,35,0,0,0,52,56
l19,6=0,0,0,0,0,0,11,0,22,24,12,17,14,57,23,40,61,13,73,47,0,80,77,72,73,0,23,0,0,12,51,30,26,58,34,56,9,19,11,69,54
l20,6=0,0,0,0,0,0,8,17,48,48,49,27,42,63,51,53,63,48,61,49,84,0,75,73,68,0,28,22,30,23,24,58,43,20,0,46,32,32,17,65,74
l21,6=0,0,13,0,0,0,32,22,58,19,31,31,21,23,24,61,66,42,58,50,86,80,0,73,69,18,57,13,29,0,36,60,16,19,0,35,13,16,34,56,73
l22,6=0,0,0,0,0,0,15,15,43,22,25,17,1,63,42,57,64,12,58,27,85,80,77,0,62,11,1,0,0,57,24,11,26,17,33,35,17,20,17,65,76
l23,6=0,0,0,0,0,0,12,10,20,25,7,18,12,37,4,31,63,40,72,59,84,73,72,65,0,0,59,5,0,52,43,31,17,31,25,61,19,16,15,69,37
l24,6=52,20,6,14,63,37,0,49,67,11,16,9,70,47,43,71,23,30,0,0,0,6,0,0,1,0,55,0,88,42,46,55,53,52,20,47,53,72,44,39,0
l25,6=0,25,14,0,73,40,0,0,68,34,30,14,31,67,73,62,42,53,0,0,0,18,11,0,0,0,0,82,0,44,47,0,46,59,41,47,78,73,70,30,0
l26,6=0,0,0,0,0,0,0,0,0,0,0,0,0,0,22,0,55,0,60,23,28,57,1,59,55,0,0,43,62,0,73,0,75,76,86,83,93,56,58,0,0
l27,6=0,0,0,0,0,6,0,0,0,0,0,0,18,0,0,0,34,19,39,15,64,36,36,47,56,82,43,52,59,78,0,54,75,74,85,79,58,79,79,35,44
l28,6=0,0,0,0,0,0,0,0,0,0,0,0,0,0,13,0,54,0,45,0,59,67,53,59,51,0,62,48,48,78,73,52,0,76,93,83,84,77,82,0,0
l29,6=0,0,0,0,0,0,0,0,0,0,0,0,0,0,0,0,23,0,42,0,61,42,52,25,40,44,0,46,58,78,67,78,75,0,86,76,80,71,36,34,0
l30,6=0,0,0,0,0,0,0,0,0,0,0,0,0,0,0,0,0,0,2,0,45,0,0,36,39,47,73,39,57,77,67,73,75,74,0,77,36,64,72,0,0
l31,6=0,0,0,0,0,0,0,0,0,0,0,0,23,39,38,0,61,22,53,30,58,60,11,31,55,0,0,54,52,78,73,0,75,65,88,0,93,81,85,30,61
l32,6=0,0,0,0,0,10,0,0,0,0,0,0,0,3,0,0,47,17,42,0,28,21,7,31,57,46,75,79,52,78,54,75,69,71,41,83,0,81,85,53,31
l33,6=0,0,0,0,0,0,0,0,0,0,0,0,16,42,73,13,47,5,31,0,55,16,0,30,54,59,76,84,55,48,73,65,74,71,49,83,93,0,85,0,0
l34,6=0,0,0,0,0,0,0,0,43,0,0,0,0,0,33,0,39,20,44,0,60,20,33,35,56,41,86,75,79,75,73,88,70,69,78,83,93,81,0,40,1
l35,6=0,0,0,0,0,0,0,0,12,0,9,0,9,24,9,23,37,0,34,14,26,55,23,50,48,47,83,0,0,0,4,0,0,7,0,5,8,0,0,0,75
l36,6=0,0,0,0,0,0,0,0,11,5,12,0,40,46,35,52,56,32,26,12,38,70,49,72,23,78,93,0,0,0,7,93,0,0,0,14,0,0,0,74,0
l37,6=0,0,0,0,0,0,0,0,0,0,0,0,32,20,8,25,30,10,33,21,23,32,61,36,22,73,56,1,0,0,13,81,0,0,0,0,0,0,0,72,76
l38,6=0,0,0,0,0,0,2,0,8,6,44,16,51,49,20,63,64,48,49,17,63,79,66,69,37,70,58,18,34,0,0,85,0,0,0,14,0,6,0,74,77
l39,6=0,0,0,0,0,0,0,0,21,0,0,0,20,0,18,39,56,12,33,8,61,68,71,65,64,30,0,0,0,17,12,30,16,17,15,23,0,12,0,73,75
l40,6=0,0,0,0,0,0,0,0,16,0,0,0,12,0,12,24,20,12,26,0,56,47,70,57,59,0,0,0,0,18,12,61,13,0,0,27,0,0,0,74,72

l0,7=0,86,93,92,96,90,75,71,66,89,88,85,24,72,64,21,13,0,0,0,0,0,0,0,0,71,0,0,74,0,0,0,0,0,0,0,0,0,2,0,0
l1,7=96,0,93,92,96,90,82,79,79,89,88,84,21,76,0,41,41,0,0,0,0,0,0,0,0,0,0,66,0,0,0,0,0,0,0,0,0,0,0,0,0
l2,7=96,86,0,92,96,90,80,57,59,90,85,85,32,73,65,36,42,30,0,0,0,0,0,0,0,0,0,83,0,0,0,0,0,0,0,0,0,0,0,0,0
l3,7=96,86,92,0,96,90,73,79,48,83,86,84,7,72,35,35,3,0,0,0,0,0,0,0,0,8,0,85,61,0,0,0,0,0,0,0,0,0,0,0,0
l4,7=96,86,92,92,0,90,77,63,73,93,62,51,28,63,36,0,38,0,0,0,0,0,0,0,0,0,0,93,73,0,0,0,0,0,0,0,0,0,0,0,0
l5,7=96,86,93,92,96,0,82,58,81,92,49,83,44,72,60,44,34,37,0,0,0,0,0,0,0,16,0,89,1,0,0,0,0,0,0,0,0,0,0,0,0
l6,7=87,81,89,81,88,85,0,85,78,92,85,84,71,73,12,49,71,50,52,24,65,54,43,64,38,7,0,0,4,0,0,0,0,0,0,0,0,0,0,0,0
l7,7=80,81,88,87,88,80,82,0,71,93,88,86,75,69,0,70,44,62,21,0,48,0,59,62,0,21,0,43,45,0,0,0,0,0,0,0,0,0,0,0,40
l8,7=45,51,39,8,22,84,47,39,0,89,85,85,82,77,73,67,41,46,21,11,73,69,58,65,0,68,0,52,55,0,0,0,0,0,0,0,0,0,0,22,39
l9,7=76,80,86,24,88,85,80,85,79,0,87,85,81,76,1,75,48,0,21,0,66,64,46,58,60,42,0,29,28,0,0,0,0,0,0,0,0,0,0,0,40
l10,7=80,81,74,50,29,45,81,85,81,93,0,87,81,77,16,77,46,43,0,14,31,73,68,68,32,15,0,37,34,0,0,0,0,0,0,0,0,3,0,16,34
l11,7=91,81,89,76,87,84,81,85,81,92,88,0,81,53,54,75,75,69,2,16,70,54,59,0,18,3,0,43,16,0,0,0,0,0,0,0,0,2,0,0,0
l12,7=17,18,35,0,19,52,21,31,81,81,58,45,0,81,82,83,84,47,32,1,68,70,59,66,62,21,0,82,60,0,0,7,0,0,0,24,0,0,11,42,41
l13,7=60,0,39,0,0,54,0,0,65,7,5,11,45,73,0,52,51,75,7,0,41,74,50,62,10,45,0,96,93,0,3,0,0,0,1,51,60,57,33,41,45
l14,7=8,40,37,10,0,48,23,30,81,89,58,31,85,77,77,0,47,48,30,0,72,74,69,49,46,85,0,91,64,0,0,27,0,0,0,9,10,14,21,22,46
l15,7=1,34,34,0,0,10,36,20,55,54,38,44,80,65,76,58,0,80,68,42,49,71,61,77,68,19,0,53,33,16,8,2,2,0,0,56,39,62,0,61,65
l16,7=0,0,11,0,0,21,19,30,64,0,24,18,70,77,85,77,82,0,32,0,80,76,64,70,64,26,15,64,52,0,14,38,0,0,18,30,42,37,26,44,39
l17,7=0,0,0,0,0,0,32,11,23,25,4,1,61,54,11,21,72,33,0,70,85,75,77,63,74,41,0,0,0,71,49,33,20,23,0,69,15,0,0,58,67
l18,7=0,0,0,0,0,0,54,0,35,0,36,33,22,61,0,10,67,42,81,0,75,72,71,73,71,0,68,0,0,37,0,68,0,0,0,42,0,0,0,72,66
l19,7=0,0,0,0,0,0,15,0,45,31,10,17,42,55,18,38,63,59,78,55,0,78,77,81,74,0,2,0,0,37,62,0,33,52,43,70,24,31,43,76,72
l20,7=0,0,0,0,0,0,10,0,35,35,43,6,48,62,55,49,71,66,75,51,87,0,84,81,71,0,34,8,17,24,42,48,62,0,0,42,20,36,31,74,73
l21,7=0,0,0,0,0,0,8,15,47,26,53,7,67,59,30,55,71,59,79,34,85,80,0,81,71,38,51,35,0,0,42,41,17,18,0,0,53,24,42,74,67
l22,7=0,0,0,0,0,0,19,16,49,28,47,0,67,60,22,47,74,56,38,20,88,80,84,0,66,0,0,1,10,64,39,0,63,33,26,41,27,33,28,79,79
l23,7=0,0,0,0,0,0,5,0,0,27,10,6,45,27,10,28,71,39,81,58,85,75,77,78,0,56,75,24,0,52,49,66,30,47,31,69,28,17,22,77,19
l24,7=0,39,64,7,0,35,0,5,62,22,11,5,17,46,79,37,21,51,0,0,0,22,55,23,24,0,56,0,92,5,31,62,17,53,41,61,53,59,56,0,11
l25,7=71,0,0,8,0,16,7,21,68,42,15,3,21,45,85,19,26,41,0,0,0,38,0,56,0,0,0,98,0,29,49,0,15,50,38,53,84,28,47,0,0
l26,7=0,0,0,0,0,0,0,0,0,0,0,0,0,0,0,0,15,0,68,2,34,51,0,75,56,0,0,18,34,0,85,0,84,92,88,91,90,75,78,15,37
l27,7=0,0,0,0,0,0,0,0,0,0,0,0,0,0,19,0,14,34,34,0,75,49,61,65,63,98,18,63,58,84,0,49,78,81,86,90,69,93,84,0,0
l28,7=0,0,0,0,0,0,0,0,0,0,0,0,0,0,0,0,11,0,36,0,46,73,66,76,50,0,34,39,34,84,84,26,0,92,95,91,68,87,68,0,0
l29,7=0,0,0,0,0,0,0,0,0,0,0,0,0,0,0,0,0,0,66,0,41,0,61,66,52,29,0,34,42,84,84,84,84,0,95,88,84,55,49,0,0
l30,7=0,0,0,0,0,0,0,0,0,0,0,0,0,0,4,0,0,0,0,0,34,0,0,66,43,49,85,23,20,82,78,85,84,92,0,88,83,61,57,28,0
l31,7=0,0,0,0,0,0,0,0,0,0,0,0,7,0,27,2,38,33,68,0,48,41,0,66,62,0,0,49,26,84,85,0,83,91,95,0,90,93,91,32,39
l32,7=0,0,0,0,0,0,0,0,0,0,0,0,0,3,28,4,18,37,26,0,32,36,68,66,36,15,84,30,34,84,80,83,35,58,56,91,0,93,91,42,0
l33,7=1,0,0,0,0,0,0,0,0,0,5,0,0,35,48,6,42,39,0,0,32,39,63,66,20,50,92,74,35,79,85,91,48,51,59,91,90,0,91,0,0
l34,7=8,0,0,0,0,15,0,0,1,0,0,0,12,0,36,6,0,35,0,0,33,53,68,65,36,38,88,94,53,83,85,95,71,51,86,91,90,93,0,0,0
l35,7=0,0,0,0,0,0,0,0,10,0,5,0,12,9,10,2,51,21,23,5,72,75,71,76,66,53,91,0,0,0,0,0,0,0,4,6,12,0,0,0,74
l36,7=0,0,0,0,0,0,0,6,15,29,7,0,61,29,48,41,67,24,57,13,67,75,67,81,4,84,90,0,0,3,0,90,0,0,0,18,0,0,0,82,0
l37,7=0,0,0,0,0,0,0,0,0,0,0,0,0,3,5,15,3,0,40,12,25,69,61,64,33,28,75,11,0,0,5,93,0,0,0,0,0,0,0,79,71
l38,7=0,0,0,0,0,0,8,0,20,0,49,0,72,57,29,51,68,61,60,1,68,79,75,81,58,47,78,0,43,3,0,91,0,0,0,8,0,0,4,77,80
l39,7=0,0,0,0,0,0,0,0,0,0,0,0,37,22,17,4,57,27,60,8,36,71,77,80,60,0,15,0,0,18,11,32,0,5,6,10,0,0,0,79,76
l40,7=0,0,0,0,0,0,0,0,0,0,3,0,0,18,6,16,32,20,37,0,35,73,75,79,37,0,37,0,0,26,0,39,15,0,0,20,14,22,0,80,72

l0,8=0,100,100,100,94,98,75,94,11,92,89,88,18,97,90,0,0,0,0,0,0,0,0,0,0,0,0,59,0,0,0,0,0,0,0,0,0,0,0,0,0
l1,8=99,0,100,100,94,97,99,94,90,92,89,82,63,93,87,81,76,0,0,0,0,0,0,0,0,0,0,88,0,0,0,0,0,0,0,0,0,0,0,0,0
l2,8=99,100,0,100,95,95,99,94,39,92,0,88,1,78,93,46,62,58,0,0,0,0,0,0,0,0,0,64,0,0,0,0,0,0,0,0,0,0,0,0,31
l3,8=99,100,100,0,99,98,99,94,90,92,96,88,0,91,0,51,71,0,0,0,0,0,0,0,0,24,0,96,95,0,0,0,0,0,0,0,0,0,0,0,0
l4,8=99,100,100,100,0,98,99,94,47,92,0,84,14,68,88,47,77,0,0,0,0,0,0,0,0,46,0,69,88,0,0,0,0,0,0,0,0,0,0,0,0
l5,8=99,100,100,100,99,0,99,99,45,98,94,93,33,82,50,0,87,82,0,0,0,0,0,0,0,64,0,66,92,0,0,0,0,0,0,0,0,0,0,0,0
l6,8=88,100,100,94,90,97,0,99,87,98,96,90,77,94,77,92,91,85,91,1,79,73,0,49,81,0,0,0,0,0,0,0,0,0,0,0,0,0,0,29,21
l7,8=85,100,93,63,91,90,99,0,89,98,98,93,71,98,0,6,82,85,83,0,74,68,72,53,0,16,0,26,66,0,0,0,0,0,0,0,0,0,0,0,43
l8,8=13,92,89,61,55,51,73,56,0,92,98,91,93,99,79,87,89,86,88,52,83,79,79,58,0,57,0,0,91,0,0,0,0,0,0,0,0,0,0,16,47
l9,8=86,94,90,56,61,92,99,98,79,0,98,93,79,94,85,93,81,46,57,0,47,74,65,51,48,0,0,47,0,0,0,0,0,0,0,0,0,0,0,22,3
l10,8=90,95,0,90,0,61,99,99,95,98,0,93,84,99,91,94,89,86,20,59,0,52,77,54,42,33,0,62,22,0,0,0,0,0,0,0,0,0,0,29,4
l11,8=85,82,99,91,89,97,97,99,91,98,98,0,81,94,87,93,79,75,87,80,80,73,69,0,47,51,0,53,88,0,0,0,0,0,0,0,0,36,0,0,0
l12,8=11,53,0,0,4,8,41,43,58,90,96,48,0,83,100,98,99,99,88,41,81,81,75,53,15,97,0,66,91,0,0,0,0,0,0,0,9,18,0,36,45
l13,8=35,19,47,0,18,3,11,0,14,60,92,14,62,83,0,62,99,100,5,0,33,87,86,16,0,77,0,100,100,0,0,0,0,49,31,67,59,58,51,36,35
l14,8=0,33,2,15,5,0,46,0,56,95,98,49,98,83,100,0,92,100,84,59,49,80,81,53,47,99,0,65,86,0,0,53,0,0,0,0,11,15,16,29,45
l15,8=0,32,12,4,22,31,61,42,34,72,84,43,98,78,99,92,0,100,95,83,91,87,81,95,94,62,0,71,91,20,26,0,1,0,0,59,31,43,52,51,46
l16,8=0,0,32,0,0,39,54,51,53,52,95,43,98,98,100,98,98,0,88,0,92,86,86,93,56,99,48,71,60,0,46,96,0,0,0,42,46,50,36,50,83
l17,8=0,0,0,0,0,0,51,27,52,29,20,60,66,72,30,57,89,64,0,97,92,83,83,70,94,55,0,0,0,59,63,55,23,0,0,67,50,0,48,35,59
l18,8=0,0,0,0,0,0,13,0,54,8,53,61,58,0,0,49,86,0,98,0,90,83,69,73,91,0,90,0,0,55,51,60,0,55,0,60,4,0,0,63,64
l19,8=0,0,0,0,0,0,26,19,51,28,0,41,53,51,35,22,88,81,94,85,0,87,78,92,93,0,35,0,4,17,76,50,56,46,43,79,35,0,43,54,78
l20,8=0,0,0,0,0,0,18,7,30,53,40,37,67,70,64,53,89,79,94,72,92,0,89,95,91,24,64,31,0,59,70,93,60,21,23,67,52,59,16,69,80
l21,8=0,0,0,0,0,0,0,51,48,30,54,48,77,70,64,66,88,74,92,68,90,87,0,95,89,0,86,32,0,38,0,87,24,45,24,61,17,58,42,82,67
l22,8=0,0,0,0,0,0,19,55,60,55,52,0,62,66,61,51,88,68,69,59,93,87,89,0,67,0,66,20,16,60,70,73,63,63,58,33,0,53,17,77,84
l23,8=0,0,0,0,0,0,27,0,0,40,22,28,32,68,0,50,95,55,95,80,92,86,79,74,0,11,91,0,0,24,71,24,28,81,24,79,27,17,22,80,65
l24,8=43,74,57,7,30,32,0,2,0,73,50,14,39,18,100,61,99,72,0,0,0,80,64,4,0,0,90,0,100,56,64,58,58,97,70,76,61,58,64,7,0
l25,8=0,0,0,24,46,64,0,16,57,0,33,51,97,77,99,62,99,55,0,0,24,0,0,11,0,0,0,100,0,78,88,0,52,99,35,100,100,100,63,48,40
l26,8=0,0,0,0,0,0,0,0,0,0,0,0,0,0,0,0,48,0,90,35,64,86,66,91,90,0,0,21,91,0,99,0,100,100,100,100,100,98,99,69,31
l27,8=0,0,0,0,13,0,0,0,0,0,0,0,0,30,1,0,53,41,55,29,92,85,0,93,91,100,21,93,92,99,0,98,99,100,99,99,100,100,99,0,0
l28,8=0,0,0,0,0,0,0,0,0,0,0,0,0,0,29,0,20,0,39,0,91,82,49,85,39,0,91,80,79,99,99,95,0,100,100,100,96,100,99,0,0
l29,8=0,0,0,0,0,0,0,0,0,0,0,0,0,0,44,0,0,0,0,38,74,50,55,90,92,78,0,58,69,99,99,99,100,0,100,100,90,86,92,0,22
l30,8=0,0,0,0,0,0,0,0,0,0,0,0,0,0,43,0,0,0,0,0,74,52,39,90,69,88,99,62,0,99,99,99,100,100,0,83,100,100,87,1,0
l31,8=0,0,0,0,0,0,0,0,0,0,0,0,0,0,53,0,96,55,60,50,93,87,73,24,58,0,0,98,95,99,99,0,100,100,95,0,100,100,100,0,45
l32,8=0,0,0,0,0,0,0,0,0,0,0,0,19,26,57,49,94,61,42,0,91,85,62,0,19,52,100,97,97,99,99,100,60,96,93,100,0,100,100,11,0
l33,8=0,0,0,0,0,0,0,0,0,0,0,26,11,30,63,35,97,73,0,0,0,87,72,26,1,99,100,100,100,80,99,100,61,99,74,100,100,0,100,0,0
l34,8=0,0,0,0,0,0,0,0,0,0,0,0,0,0,61,44,97,60,53,0,90,82,64,24,19,35,100,100,91,99,99,95,100,99,64,100,100,100,0,0,1
l35,8=0,0,0,0,0,0,1,0,3,13,17,0,27,40,42,31,53,52,24,34,58,67,61,76,67,100,100,2,21,30,0,0,0,1,4,0,0,0,0,0,84
l36,8=0,0,0,0,0,0,0,10,23,0,2,0,32,45,32,41,48,64,47,45,65,84,46,93,49,100,100,0,14,12,0,100,0,10,0,10,0,0,0,92,0
l37,8=0,0,0,0,0,0,0,0,0,1,0,0,41,31,0,16,43,23,50,15,52,79,16,65,38,100,98,6,0,0,0,100,0,0,0,0,0,0,0,90,81
l38,8=0,0,0,0,0,10,18,3,13,31,56,43,79,58,36,65,86,78,81,61,88,86,87,93,73,63,99,33,67,0,0,100,13,0,0,7,0,0,8,90,83
l39,8=0,0,0,0,0,0,0,0,0,0,0,0,40,38,14,17,82,57,79,22,71,69,86,92,80,48,69,0,0,0,0,0,0,0,8,26,0,0,0,89,85
l40,8=0,0,0,0,0,0,0,0,1,0,0,0,10,0,33,19,52,40,62,22,61,61,50,81,31,40,31,0,0,14,19,45,0,11,0,16,19,0,0,83,75

l0,9=0,100,100,100,100,97,99,94,86,100,95,95,70,0,0,0,0,0,0,0,0,0,0,0,0,0,0,0,0,0,0,0,0,0,0,0,0,0,0,0,0
l1,9=100,0,99,100,100,95,99,94,97,100,95,100,45,53,53,0,0,0,0,0,0,0,68,0,0,1,0,74,87,0,0,0,0,0,0,0,0,0,0,0,0
l2,9=100,98,0,100,100,95,99,94,21,100,95,100,68,27,42,97,87,0,0,0,0,0,0,0,0,5,0,66,64,0,0,0,0,0,0,0,0,0,0,0,0
l3,9=100,100,100,0,100,98,99,63,32,71,95,100,2,32,36,82,88,0,0,0,0,0,0,0,0,74,0,77,82,0,0,0,0,0,0,0,0,0,0,0,0
l4,9=100,100,100,100,0,98,99,63,30,94,95,100,6,56,48,89,94,0,0,0,0,0,0,0,0,75,0,85,100,0,0,0,0,0,0,0,0,0,0,0,0
l5,9=100,100,100,100,100,0,99,85,13,100,95,100,46,58,52,0,94,51,0,0,0,0,76,0,0,0,0,81,0,0,0,0,0,0,0,0,0,65,0,0,0
l6,9=99,99,100,100,100,95,0,94,98,100,95,100,100,96,54,94,99,67,52,0,53,50,89,75,91,0,0,1,0,0,0,0,0,0,0,0,0,0,0,0,8
l7,9=100,100,100,99,100,95,99,0,98,100,97,100,100,96,75,92,88,92,75,0,24,56,74,66,85,6,0,69,60,0,0,0,0,0,0,0,0,0,0,0,0
l8,9=36,38,23,92,61,0,99,64,0,100,97,100,100,95,56,100,92,58,50,45,33,31,90,87,0,5,0,82,97,0,0,0,0,0,0,0,0,25,32,54,56
l9,9=100,97,99,94,97,96,99,96,98,0,97,100,100,96,52,100,99,38,0,0,29,30,41,73,95,0,0,0,0,0,0,0,0,0,0,0,0,0,0,0,32
l10,9=82,36,100,100,74,31,99,98,98,100,0,100,87,96,59,100,98,20,51,51,0,1,60,74,85,54,0,35,29,0,0,0,0,0,0,0,0,4,0,36,28
l11,9=77,61,100,100,100,95,99,97,98,100,97,0,100,96,46,100,87,54,51,0,31,56,84,70,64,60,0,73,90,0,0,0,0,0,0,0,0,8,0,0,0
l12,9=5,0,58,0,42,2,91,40,34,47,97,95,0,43,63,100,99,60,53,41,31,34,89,75,94,53,0,91,98,0,0,0,0,0,0,2,0,52,92,54,17
l13,9=0,1,14,8,67,17,91,36,8,18,97,64,71,35,0,100,99,60,0,0,31,35,91,51,0,34,2,100,100,30,23,24,0,17,0,53,76,100,93,60,52
l14,9=0,0,24,25,63,0,91,39,34,58,97,100,100,77,63,0,99,100,52,52,21,33,98,86,96,63,36,72,60,0,0,62,0,0,0,0,9,15,0,47,36
l15,9=0,0,24,59,64,24,98,40,5,68,95,79,99,93,96,99,0,98,59,61,93,96,96,87,98,89,0,94,99,33,66,0,35,19,13,58,71,98,98,55,96
l16,9=0,0,0,0,0,32,98,42,32,16,93,99,99,33,98,100,100,0,48,0,59,61,97,87,97,36,34,98,99,0,19,36,0,0,0,59,54,98,98,58,59
l17,9=0,0,0,0,0,0,77,74,82,0,83,82,71,83,0,84,97,77,0,100,97,96,97,85,98,21,0,0,0,82,82,20,12,79,0,94,78,0,79,74,89
l18,9=0,0,0,0,0,0,0,0,58,0,96,1,69,67,0,98,98,0,100,0,97,96,97,87,98,0,52,0,0,0,92,48,0,52,0,89,11,0,0,92,97
l19,9=0,0,0,0,0,0,77,21,83,78,0,80,68,71,76,77,97,95,99,78,0,97,97,87,99,0,0,0,0,80,86,44,82,79,61,91,76,73,80,78,80
l20,9=0,0,0,0,0,0,72,31,34,52,14,83,94,91,94,97,98,95,93,92,97,0,98,89,98,0,52,79,11,81,74,97,49,28,15,92,71,67,79,92,97
l21,9=0,25,0,0,0,24,82,31,85,55,82,87,83,87,88,98,98,97,98,96,97,98,0,89,98,1,80,69,7,87,57,41,17,88,40,86,68,85,82,92,97
l22,9=0,0,0,0,0,0,69,32,90,38,89,79,77,37,40,92,98,92,88,83,97,98,98,0,97,0,45,0,35,92,91,35,53,91,45,88,45,84,0,92,97
l23,9=0,0,0,0,0,0,79,41,0,91,77,64,97,79,0,98,98,95,98,98,97,96,97,87,0,58,87,0,0,85,98,67,82,96,2,97,82,8,88,92,92
l24,9=0,0,28,96,73,29,13,18,5,0,58,41,51,28,98,100,51,21,0,0,0,1,34,0,0,0,97,0,100,12,73,100,39,23,18,59,85,99,100,2,0
l25,9=0,1,5,74,75,0,0,6,5,0,54,60,53,34,63,89,36,21,0,0,0,1,0,58,0,0,0,100,0,38,67,0,32,24,0,62,76,100,100,0,52
l26,9=0,0,0,0,0,0,0,0,0,0,0,0,0,2,36,0,34,0,52,0,52,80,45,87,97,0,0,35,95,0,100,0,100,100,100,100,98,99,99,69,63
l27,9=0,0,0,0,44,0,0,0,0,0,0,0,0,18,29,0,33,0,27,43,97,18,19,87,98,100,35,89,29,100,0,96,100,100,100,100,98,100,99,34,0
l28,9=0,0,0,0,0,0,0,0,0,0,0,0,0,0,0,0,45,0,13,0,89,77,17,54,87,0,95,87,39,100,100,38,0,100,100,100,71,99,90,28,0
l29,9=0,0,0,0,0,0,0,0,0,0,0,0,0,0,31,0,31,0,44,37,94,29,28,88,99,38,0,86,54,100,100,100,100,0,100,100,76,98,100,41,1
l30,9=0,0,0,0,0,0,0,0,0,0,0,0,0,0,0,0,2,0,0,0,51,20,20,35,0,67,100,88,0,100,100,100,100,100,0,100,93,66,86,0,0
l31,9=0,0,0,0,0,0,0,0,0,0,0,0,0,24,62,0,36,20,48,44,97,41,35,67,100,0,0,96,38,100,100,0,100,100,100,0,98,100,100,0,5
l32,9=0,0,0,0,0,1,0,0,0,0,0,0,0,0,97,87,37,20,79,2,62,42,35,64,98,32,100,98,38,100,100,100,99,74,62,100,0,100,100,17,0
l33,9=0,0,0,0,0,33,0,0,2,0,36,8,36,48,98,57,37,41,0,0,57,22,35,66,1,24,100,98,64,38,100,100,100,74,61,100,98,0,100,0,0
l34,9=0,0,0,0,0,0,0,0,2,0,37,0,29,26,62,4,37,21,39,0,35,2,35,0,96,0,100,100,53,62,84,100,39,100,61,100,98,100,0,0,0
l35,9=0,0,0,0,0,0,0,0,12,0,34,0,74,22,59,42,25,16,31,34,73,96,92,87,94,62,100,0,0,30,32,0,0,14,0,0,0,0,0,0,97
l36,9=0,0,0,0,0,0,0,0,54,14,32,0,26,0,45,85,79,81,72,35,80,96,90,87,87,76,98,0,17,31,0,98,0,0,0,0,0,0,0,92,0
l37,9=0,0,0,0,0,0,0,0,8,1,0,0,58,21,0,57,87,29,0,36,78,94,78,85,90,100,99,0,0,0,15,100,0,0,0,0,0,0,0,92,97
l38,9=0,0,36,0,0,0,3,0,0,35,77,67,96,85,82,95,98,39,59,35,95,96,97,87,78,100,99,66,79,0,37,100,2,0,0,62,54,0,64,92,97
l39,9=0,0,0,0,0,0,0,0,0,0,0,0,0,23,54,67,98,67,93,25,94,96,97,87,98,0,69,0,0,0,0,0,0,1,0,72,0,20,0,92,97
l40,9=0,0,0,0,0,0,0,0,0,0,0,0,58,0,0,78,26,65,67,47,80,87,74,87,85,52,63,0,0,58,0,5,32,36,0,0,0,27,0,92,84

l0,10=0,93,95,92,88,92,94,89,88,82,86,93,67,56,52,50,0,25,0,0,0,0,0,0,0,32,0,44,49,0,0,0,0,0,0,0,0,0,0,0,0
l1,10=79,0,92,92,88,94,95,90,82,41,86,90,63,42,53,0,52,18,0,0,0,0,67,12,0,33,0,57,37,0,0,0,0,0,0,0,0,0,0,0,0
l2,10=79,93,0,91,88,94,95,90,91,86,91,96,63,49,46,60,62,0,0,0,0,51,2,8,0,21,0,0,37,0,0,0,0,0,0,0,0,0,0,0,51
l3,10=79,92,91,0,88,94,94,90,92,84,86,93,0,80,38,41,0,0,0,0,0,0,0,0,0,48,0,87,36,0,0,0,0,0,0,0,0,0,0,0,0
l4,10=79,93,93,92,0,94,94,87,85,28,86,93,0,88,86,0,0,0,0,0,0,0,0,0,0,56,0,0,10,0,0,0,0,0,0,0,0,0,0,0,0
l5,10=79,93,96,92,88,0,95,89,93,87,86,96,64,40,49,46,21,0,0,0,0,0,0,0,0,31,0,58,18,0,0,2,0,0,0,1,0,11,0,0,0
l6,10=69,93,92,89,87,94,0,92,92,86,91,95,70,66,40,72,72,83,62,0,42,63,61,61,59,0,0,41,0,0,0,0,0,0,0,0,0,0,0,0,33
l7,10=76,93,92,90,85,94,95,0,92,89,91,96,84,91,51,89,50,74,62,0,44,64,66,51,43,17,0,0,34,0,0,0,0,0,0,0,0,0,0,0,0
l8,10=69,91,53,72,83,91,95,93,0,87,91,96,91,98,56,93,0,91,68,14,70,57,79,77,59,33,0,0,50,0,0,0,0,0,0,0,0,29,0,41,61
l9,10=64,44,92,90,50,94,95,93,92,0,91,96,84,92,46,91,80,77,48,0,51,56,64,59,62,35,0,0,35,0,0,0,0,0,0,0,0,0,0,0,46
l10,10=69,92,92,73,84,91,95,93,96,89,0,96,83,93,90,91,52,59,65,54,35,52,81,68,50,5,0,43,0,0,0,0,0,0,0,0,0,0,0,34,0
l11,10=74,91,92,88,84,94,95,93,92,89,91,0,68,91,33,91,66,91,1,53,43,42,59,56,48,67,0,40,31,0,0,0,0,0,0,0,0,0,0,0,23
l12,10=28,26,23,0,51,33,48,90,78,54,54,89,0,98,87,93,75,100,56,50,42,79,86,48,74,92,0,67,57,0,34,0,0,0,0,0,40,14,31,51,51
l13,10=22,56,19,25,69,49,54,48,45,28,54,55,92,59,0,68,96,100,31,0,37,84,11,85,28,77,0,97,60,7,0,0,0,34,0,60,36,96,15,26,75
l14,10=19,0,42,19,0,61,65,83,95,88,89,96,92,98,92,0,96,100,0,35,66,77,82,77,74,99,56,91,50,0,0,10,0,0,0,0,32,12,0,42,69
l15,10=0,34,50,0,34,19,86,46,0,49,48,84,72,96,97,93,0,100,83,87,78,83,89,86,85,25,0,66,55,12,73,0,0,36,0,68,83,81,65,53,70
l16,10=14,7,0,0,0,0,88,41,77,51,47,94,92,57,99,93,96,0,86,0,81,82,89,86,84,56,13,69,59,0,50,48,0,0,0,57,80,85,53,52,77
l17,10=0,0,0,0,0,0,70,66,62,64,71,9,55,66,54,0,91,74,0,98,81,72,87,83,85,92,0,0,0,67,66,28,72,0,0,77,71,0,0,67,70
l18,10=0,0,0,0,0,0,0,0,35,0,77,70,61,75,4,63,93,0,89,0,81,82,89,77,85,0,53,0,0,59,74,75,0,7,0,52,0,0,2,79,78
l19,10=0,0,0,0,0,0,58,52,63,57,58,62,42,65,64,63,80,78,89,84,0,84,82,86,86,0,21,0,0,66,80,2,60,69,65,76,69,66,66,81,79
l20,10=0,0,20,0,0,0,63,62,56,61,66,61,58,75,76,69,93,82,77,81,81,0,90,89,85,0,73,61,32,74,80,46,79,67,61,77,75,64,61,85,97
l21,10=0,57,0,0,0,0,66,60,64,66,77,67,64,78,36,70,93,83,86,86,81,84,0,89,84,19,74,56,51,71,69,44,0,78,58,70,0,70,71,81,97
l22,10=0,0,0,0,0,0,64,30,64,60,70,62,44,62,70,68,82,87,78,67,82,84,90,0,86,42,64,0,0,75,79,66,73,77,69,75,70,62,43,92,97
l23,10=0,0,0,0,0,0,69,43,46,65,67,55,57,73,28,63,92,77,88,81,81,78,78,86,0,0,78,0,0,72,81,69,78,78,79,78,0,0,76,79,77
l24,10=21,33,0,64,44,61,44,0,1,0,25,59,89,59,99,75,90,96,0,0,0,67,57,0,0,0,54,0,95,24,70,54,73,37,43,79,94,96,55,18,0
l25,10=32,33,21,48,56,31,0,17,33,35,5,67,92,77,99,25,56,92,0,0,0,19,42,0,0,0,0,97,0,52,73,0,14,0,0,86,65,96,85,7,18
l26,10=0,0,0,0,0,0,0,0,0,0,0,0,0,0,56,0,13,0,53,21,73,74,64,78,54,0,0,42,80,0,90,0,85,88,94,86,92,80,84,67,75
l27,10=0,0,0,0,0,0,0,0,0,0,0,0,18,21,0,0,50,8,33,34,77,68,64,73,79,97,42,21,20,85,0,44,85,87,94,86,92,91,87,39,0
l28,10=0,0,0,0,0,0,0,0,0,0,0,0,0,0,0,0,0,0,55,0,66,77,0,55,55,0,80,68,34,85,90,80,0,88,94,86,83,91,85,0,45
l29,10=0,0,0,0,0,0,0,0,0,0,0,0,0,0,26,0,22,0,0,0,73,60,72,77,79,52,0,33,0,85,90,85,85,0,94,86,91,77,81,16,29
l30,10=0,0,0,0,0,0,0,0,0,0,0,0,0,0,0,0,0,0,0,0,46,48,51,58,44,73,90,23,0,85,90,90,85,88,0,86,87,65,83,0,0
l31,10=0,0,0,0,0,2,0,0,0,0,0,0,0,0,10,0,48,28,75,2,46,44,66,69,54,0,0,44,80,85,90,0,85,88,94,0,92,96,88,18,0
l32,10=0,0,0,0,0,0,0,0,0,0,0,0,50,0,14,15,53,76,72,0,48,49,0,71,0,14,85,84,21,85,90,85,61,81,94,86,0,96,88,11,13
l33,10=0,0,0,0,0,12,0,0,0,0,12,0,25,29,60,9,60,78,0,0,44,44,75,34,0,0,88,97,94,85,90,88,63,51,57,86,95,0,88,0,6
l34,10=0,0,0,0,0,0,0,0,0,0,0,0,55,37,7,0,88,77,0,0,43,42,70,55,50,0,94,86,86,85,90,94,84,57,89,86,95,96,0,0,0
l35,10=0,0,0,0,0,0,0,0,42,0,36,0,75,8,58,56,85,71,45,63,80,76,79,86,81,86,86,0,1,59,49,0,0,4,0,46,1,0,0,0,97
l36,10=0,0,7,0,0,0,2,0,54,23,0,3,56,72,72,63,75,89,66,57,78,82,89,86,74,65,92,0,29,65,0,92,0,41,0,0,3,18,0,92,0
l37,10=0,0,0,0,0,0,0,0,32,0,0,0,59,0,33,62,89,82,71,68,73,81,0,84,80,96,80,0,0,0,34,96,0,0,0,0,0,0,0,92,97
l38,10=0,0,0,0,0,0,0,43,0,36,46,4,77,83,88,81,93,91,75,36,80,82,89,86,45,85,84,51,70,0,0,88,0,0,0,0,60,51,10,92,97
l39,10=0,0,0,0,0,0,0,0,0,0,17,0,52,60,55,72,89,77,82,1,80,79,83,85,84,7,67,0,0,0,0,18,0,16,0,57,0,0,43,92,97
l40,10=0,0,0,0,0,0,0,0,0,0,0,0,43,0,0,72,81,64,76,56,79,76,71,86,84,18,75,0,0,58,0,0,0,0,0,0,0,25,0,91,91

l0,11=0,83,87,86,91,92,88,92,77,45,75,72,65,75,41,0,19,0,0,0,0,0,0,0,0,49,0,48,67,0,0,0,0,0,0,0,0,0,0,0,0
l1,11=92,0,86,85,91,92,88,92,73,39,75,72,65,0,59,25,17,0,0,0,0,0,0,0,0,28,0,31,50,0,0,0,0,0,0,0,0,0,0,0,0
l2,11=94,83,0,84,91,92,88,79,77,76,75,72,67,79,35,22,41,0,0,0,0,37,0,0,0,15,0,59,49,0,0,0,0,0,0,0,0,0,0,0,27
l3,11=96,83,86,0,91,92,88,83,69,74,40,0,0,52,0,27,0,0,0,0,0,0,0,0,0,40,0,72,68,0,0,0,0,0,0,0,0,0,0,0,0
l4,11=96,83,87,86,0,92,88,88,59,44,21,18,58,78,42,0,0,0,0,0,0,0,0,0,0,44,0,0,61,0,0,0,0,0,0,0,0,0,0,0,0
l5,11=94,83,87,84,91,0,5,91,77,78,75,72,0,72,57,24,13,0,0,0,0,0,0,0,0,70,0,74,64,0,0,56,0,0,0,12,0,0,0,0,0
l6,11=84,83,83,77,88,4,0,90,75,78,75,70,56,74,33,83,35,37,39,0,31,38,20,16,55,0,0,17,0,0,0,0,0,0,0,0,0,0,0,0,0
l7,11=92,83,55,84,90,92,88,0,77,79,77,73,68,79,29,28,9,43,40,0,34,63,25,17,57,0,0,29,0,0,0,0,0,0,0,0,0,0,0,3,0
l8,11=80,69,54,51,37,92,85,87,0,78,77,69,79,86,40,90,23,72,10,14,45,39,38,24,63,11,0,21,15,0,0,0,0,0,0,0,0,0,0,30,57
l9,11=63,6,70,57,57,92,88,92,78,0,77,73,69,79,23,86,41,53,0,0,31,0,30,22,3,21,0,0,29,0,0,0,0,0,0,0,0,0,0,0,7
l10,11=91,79,85,19,36,92,88,92,81,79,0,73,76,83,41,89,8,60,16,16,31,48,66,20,48,17,0,0,52,0,0,0,0,0,0,0,0,0,0,42,27
l11,11=77,82,85,0,33,92,88,92,80,79,77,0,61,80,29,86,31,54,39,10,31,1,25,35,21,17,0,44,45,0,0,0,0,0,0,0,0,12,0,0,32
l12,11=49,55,37,0,20,0,11,75,78,33,25,28,0,86,92,90,45,96,21,9,48,48,46,25,75,73,0,66,78,0,0,0,0,0,0,0,5,21,27,75,73
l13,11=41,46,26,0,39,73,0,20,49,10,20,14,91,66,0,30,29,96,11,0,40,53,14,1,15,42,0,94,81,13,23,0,0,0,2,4,7,70,73,68,66
l14,11=0,40,7,14,0,49,23,24,81,74,61,57,91,86,90,0,89,96,21,1,48,79,39,24,70,85,16,69,69,0,0,20,0,0,0,3,0,0,31,40,64
l15,11=43,33,40,0,0,53,22,44,61,30,21,24,88,82,62,90,0,96,74,46,50,87,83,36,81,0,0,69,64,34,70,0,26,26,0,24,24,70,75,77,76
l16,11=0,0,0,0,0,0,0,20,69,29,23,26,91,82,92,90,89,0,74,0,29,87,79,81,80,4,9,72,77,4,14,11,0,0,0,0,18,67,57,0,79
l17,11=0,0,0,0,0,0,62,64,43,31,54,56,62,61,56,69,73,63,0,91,85,77,80,76,81,41,0,0,0,66,67,0,47,56,51,72,54,9,0,0,59
l18,11=0,0,0,0,0,0,0,0,59,43,61,57,65,65,0,67,80,0,88,0,82,87,81,80,82,0,70,0,0,0,72,41,0,0,1,66,0,39,0,75,66
l19,11=0,0,0,0,0,0,62,56,59,58,56,61,59,63,60,72,68,9,85,76,0,85,82,80,82,0,0,0,48,61,79,10,64,64,57,67,24,46,52,70,72
l20,11=0,0,13,0,0,0,21,65,53,0,38,0,71,70,55,77,81,78,72,52,82,0,84,84,79,34,47,59,44,75,79,62,79,0,0,47,48,62,0,69,83
l21,11=0,1,0,0,0,0,10,53,59,64,67,56,68,66,57,71,84,80,81,80,81,87,0,84,71,32,77,49,54,67,55,71,39,68,29,61,12,0,0,79,82
l22,11=0,0,0,0,0,0,4,40,48,39,32,36,73,67,35,71,79,77,72,75,80,87,84,0,78,16,67,0,49,76,57,18,40,69,19,17,18,40,44,82,82
l23,11=0,0,0,0,0,0,62,64,54,21,55,20,69,62,55,67,76,62,83,80,82,83,67,80,0,1,74,0,0,70,74,1,76,73,65,71,30,26,66,68,66
l24,11=42,22,27,43,0,74,0,23,15,0,0,22,54,76,92,0,4,45,0,0,0,42,15,0,0,0,47,0,81,36,25,24,25,50,25,15,58,88,75,0,30
l25,11=49,28,15,40,44,70,0,0,11,21,17,17,73,42,85,0,4,41,0,0,34,32,16,1,0,0,0,94,0,51,17,0,16,61,9,39,9,53,39,16,34
l26,11=0,0,0,0,0,0,0,0,0,0,0,0,0,0,16,0,9,0,70,0,47,77,67,74,47,0,0,29,67,0,90,0,86,82,79,83,82,80,82,32,64
l27,11=0,0,0,0,0,0,0,0,0,0,0,0,0,0,49,0,29,11,60,10,76,68,19,1,68,94,29,63,49,85,0,64,86,82,79,83,43,80,82,21,21
l28,11=0,0,0,0,0,0,0,0,0,0,0,0,0,0,0,0,38,0,44,0,51,74,66,26,54,0,67,47,52,86,90,73,0,83,82,82,79,35,78,0,48
l29,11=0,0,0,0,0,0,0,0,0,0,0,0,0,0,0,0,11,0,29,0,72,16,69,68,77,51,0,31,60,86,90,85,86,0,82,83,82,80,82,3,45
l30,11=0,0,0,0,0,0,0,0,0,0,0,0,0,0,13,0,0,0,0,0,47,0,11,13,41,17,90,37,6,85,90,90,86,83,0,83,82,57,59,0,0
l31,11=0,0,0,0,0,56,0,0,0,0,0,0,0,0,20,0,11,0,41,10,62,71,18,1,24,0,0,64,73,85,90,0,85,82,79,0,82,84,85,0,0
l32,11=0,0,0,0,0,0,0,0,0,0,0,0,52,33,23,0,4,38,26,0,36,59,15,1,20,16,86,73,72,85,7,85,52,80,79,83,0,86,89,0,0
l33,11=0,0,0,0,0,0,0,0,0,0,0,17,57,37,47,0,20,48,0,0,42,59,0,1,7,61,82,94,81,69,90,82,29,78,76,83,92,0,89,0,0
l34,11=0,0,0,0,0,0,0,0,0,0,0,0,58,35,40,0,78,59,0,0,45,0,0,1,71,9,79,71,70,85,90,79,84,82,74,83,92,88,0,0,27
l35,11=0,0,0,0,0,0,0,0,3,0,8,0,81,40,55,14,74,0,0,25,76,76,78,83,70,39,83,0,3,7,3,0,0,0,0,0,0,0,0,0,88
l36,11=0,0,0,0,0,0,0,0,47,10,9,2,71,64,70,37,73,68,23,13,75,85,79,80,68,9,82,31,55,27,4,82,12,29,0,0,0,0,0,86,0
l37,11=0,0,0,0,0,0,0,0,0,0,0,0,76,41,68,0,75,63,70,9,27,82,74,79,75,53,80,0,0,0,0,84,0,0,0,0,0,0,0,86,86
l38,11=0,0,0,0,0,0,16,59,60,41,21,25,50,77,78,84,87,68,78,33,78,84,82,83,77,39,82,0,60,0,0,85,1,0,0,0,0,46,50,86,86
l39,11=0,0,0,0,0,0,0,0,0,0,0,0,69,50,0,65,79,63,77,74,81,82,80,79,77,16,32,0,0,51,0,0,37,16,0,69,41,0,33,85,86
l40,11=0,0,0,0,0,0,0,0,0,0,0,0,0,0,28,55,76,60,66,54,79,82,78,83,76,34,64,0,0,0,59,0,0,5,0,51,1,0,0,82,76

l0,12=0,92,73,86,81,85,82,83,79,81,83,70,62,77,26,0,39,0,0,0,0,0,0,0,0,21,0,0,42,0,0,0,0,0,0,0,0,0,0,0,0
l1,12=89,0,71,84,81,85,85,80,68,81,83,67,50,56,56,35,41,0,0,0,0,7,24,0,0,25,0,0,49,0,0,0,0,0,0,0,0,0,0,0,0
l2,12=89,90,0,78,80,85,85,80,80,81,80,66,54,52,0,38,75,37,32,0,17,31,2,38,0,15,0,55,51,0,0,0,0,0,0,0,0,0,0,0,0
l3,12=89,92,69,0,81,85,82,80,73,63,72,67,2,51,0,34,29,0,0,0,0,0,0,0,0,15,0,64,51,0,0,0,0,0,0,0,0,63,0,0,0
l4,12=89,92,73,86,0,85,84,81,0,80,76,66,0,51,62,0,0,0,0,0,0,0,0,0,0,32,0,68,58,0,0,0,0,0,0,0,0,0,19,0,0
l5,12=89,92,73,84,81,0,82,46,80,77,79,69,46,49,37,41,42,0,0,0,0,19,0,0,0,0,0,61,0,0,0,25,0,0,0,4,0,0,0,0,0
l6,12=69,90,71,73,77,78,0,81,79,74,34,63,81,71,60,63,38,27,27,22,43,25,30,42,48,0,0,0,0,0,0,0,0,0,0,0,0,0,0,0,35
l7,12=86,89,67,78,76,81,82,0,80,84,84,73,80,79,53,34,39,34,57,0,53,44,42,55,63,0,0,53,0,0,0,0,0,0,0,0,0,0,0,0,0
l8,12=70,53,42,61,8,52,82,50,0,83,84,72,56,85,71,79,45,48,47,22,56,31,46,48,51,48,0,46,40,0,0,0,0,0,0,0,0,0,5,38,0
l9,12=74,61,69,41,69,54,53,82,81,0,81,73,83,59,49,69,44,46,13,0,19,13,34,58,49,52,0,51,28,0,0,0,0,0,0,0,0,0,0,0,47
l10,12=85,88,69,54,52,81,29,80,83,81,0,70,84,81,65,73,76,69,28,45,49,73,54,40,21,51,0,44,24,0,0,0,0,0,0,0,0,0,0,34,0
l11,12=87,89,69,75,76,83,82,84,85,84,84,0,83,81,0,72,65,32,0,48,38,25,33,47,42,1,0,35,10,0,0,0,0,0,0,0,0,0,0,0,34
l12,12=29,38,22,0,3,20,50,43,70,81,78,38,0,85,85,84,46,96,53,0,49,15,57,68,39,50,0,65,66,0,0,22,0,0,0,6,0,43,37,70,58
l13,12=6,20,0,0,6,7,40,0,55,42,67,0,58,65,0,65,49,60,0,0,34,23,19,19,32,40,0,87,75,0,0,0,0,0,0,0,29,92,82,40,54
l14,12=0,17,18,6,0,20,73,13,83,80,76,65,93,85,85,0,79,91,60,46,52,73,62,62,39,88,0,55,62,0,0,0,0,0,0,18,13,39,29,54,27
l15,12=47,41,35,7,0,43,43,38,67,69,70,34,85,76,88,84,0,96,77,74,61,83,76,75,75,30,0,67,55,57,30,18,18,0,0,58,51,76,71,71,56
l16,12=0,0,28,0,0,10,38,14,79,71,78,24,93,80,88,84,82,0,65,0,85,84,76,82,51,26,65,70,46,0,31,57,0,0,0,32,40,80,0,80,83
l17,12=0,0,1,0,0,0,37,56,58,54,56,0,63,60,29,59,77,67,0,97,85,80,73,72,81,20,0,0,0,57,65,21,0,63,59,64,52,51,28,69,66
l18,12=0,0,0,0,0,0,57,0,62,4,67,54,0,64,0,62,77,0,86,0,85,84,75,81,82,0,57,0,0,0,50,58,0,0,0,65,0,0,0,63,1
l19,12=0,0,0,0,0,0,68,58,72,48,64,39,70,6,62,65,70,78,83,76,0,84,75,82,81,0,0,0,0,64,73,61,61,68,54,71,72,0,67,66,76
l20,12=0,0,18,0,0,21,34,35,53,49,67,26,40,68,57,69,77,86,79,71,86,0,78,84,80,0,69,48,0,68,34,73,61,41,0,66,58,53,67,74,86
l21,12=0,24,0,0,0,0,38,49,63,58,69,33,69,60,46,67,77,91,82,62,85,84,0,84,74,3,73,54,1,68,53,71,29,54,0,58,53,67,39,82,73
l22,12=0,0,3,0,0,0,31,25,46,57,51,41,73,57,28,61,71,84,70,66,86,84,78,0,76,0,67,0,47,72,35,35,28,66,29,60,50,0,57,82,84
l23,12=0,0,0,0,0,0,60,56,65,58,57,48,66,59,59,60,70,68,83,78,85,78,68,78,0,36,72,0,13,69,67,42,70,74,64,71,26,64,62,68,67
l24,12=0,0,12,42,38,20,0,12,42,52,54,4,47,55,88,19,40,26,0,0,0,11,17,0,0,5,70,0,75,22,2,76,39,45,54,46,87,93,77,0,11
l25,12=21,25,15,15,32,0,0,0,48,52,51,1,50,40,88,30,26,20,0,0,0,3,0,36,5,0,0,87,0,24,0,0,21,63,0,53,42,89,82,20,6
l26,12=0,0,0,0,0,0,0,0,0,0,0,0,0,0,0,0,65,0,57,0,69,73,67,72,70,0,0,56,37,0,81,0,86,84,88,85,84,82,79,0,46
l27,12=0,0,0,0,0,0,0,0,0,0,0,0,0,0,26,0,30,35,66,47,77,37,56,40,60,87,56,55,20,83,0,73,85,84,88,85,84,87,79,27,0
l28,12=0,0,0,0,0,0,0,0,0,0,0,0,0,0,0,0,48,0,0,0,65,69,34,62,63,0,37,70,42,83,83,70,0,84,88,83,79,77,77,5,8
l29,12=0,0,0,0,0,0,0,0,0,0,0,0,0,0,0,0,0,0,56,0,60,30,38,63,61,24,0,60,41,83,78,83,86,0,88,85,80,82,76,33,0
l30,12=0,0,0,0,0,0,0,0,0,0,0,0,0,0,0,0,0,0,34,0,20,0,0,0,47,0,81,63,0,83,73,81,86,84,0,85,80,81,71,0,0
l31,12=0,0,0,0,0,25,0,0,0,0,0,0,22,0,0,18,57,21,58,61,73,71,35,42,76,0,0,73,70,83,81,0,84,84,88,0,87,90,83,41,37
l32,12=0,0,0,0,0,0,0,0,0,0,0,0,0,7,36,5,36,34,38,0,70,22,29,41,29,21,86,79,46,83,81,84,84,84,71,85,0,93,86,23,4
l33,12=0,0,0,24,0,0,0,0,0,0,25,0,40,22,84,15,37,48,26,0,0,15,33,0,39,63,84,84,72,78,81,84,44,74,62,85,89,0,86,0,0
l34,12=0,0,0,0,24,0,0,0,10,0,0,0,38,7,78,12,50,0,17,0,50,41,15,38,42,0,88,75,71,83,81,88,84,84,85,85,89,93,0,0,7
l35,12=0,0,0,0,0,0,0,0,4,0,53,0,76,20,56,62,72,74,65,49,67,77,72,81,62,53,85,0,0,0,0,0,0,6,0,46,0,0,0,0,89
l36,12=0,0,0,0,0,0,17,0,0,44,0,14,73,46,62,55,62,75,64,0,67,81,63,80,41,42,84,27,22,64,0,87,0,0,0,53,17,0,0,87,0
l37,12=0,0,0,0,0,0,0,0,0,0,0,0,71,33,69,10,78,31,71,56,73,72,69,80,71,89,82,9,0,0,0,90,0,0,0,0,0,0,0,86,86
l38,12=0,0,0,0,0,0,9,33,58,0,58,26,76,71,80,70,81,81,70,55,82,82,76,82,73,82,79,0,0,0,0,83,0,0,0,51,0,0,53,87,88
l39,12=0,0,0,0,0,0,0,0,0,0,48,0,14,0,0,47,76,76,67,41,82,80,74,81,76,20,0,0,0,64,51,41,30,0,0,61,52,0,1,87,88
l40,12=0,0,0,0,0,0,0,0,0,0,49,0,0,36,8,38,71,68,71,1,77,80,69,81,68,6,46,0,0,46,0,37,22,0,0,53,0,0,0,86,81

l0,13=0,95,94,96,97,94,82,90,89,86,92,93,48,10,0,76,72,0,0,0,0,0,0,0,0,46,0,0,60,0,0,0,0,0,0,0,0,0,0,0,0
l1,13=91,0,94,96,97,95,87,89,81,81,92,89,79,78,88,0,44,0,0,0,0,0,0,0,0,44,0,30,69,0,0,0,0,0,0,0,0,0,0,0,0
l2,13=91,95,0,94,96,95,87,89,63,91,92,93,28,26,83,0,66,26,0,0,30,36,0,37,0,0,0,44,13,0,0,0,0,0,0,0,0,0,0,0,0
l3,13=91,95,93,0,97,95,87,56,27,48,92,84,27,27,79,0,56,0,0,0,0,0,0,0,0,44,0,35,67,0,0,0,0,0,0,0,0,17,0,0,0
l4,13=91,95,94,96,0,95,87,94,50,91,92,85,0,4,0,0,0,0,0,0,0,0,0,0,0,3,0,48,62,0,0,0,0,0,0,0,0,0,1,0,0
l5,13=91,95,94,96,97,0,76,50,90,69,89,76,44,48,78,74,57,0,0,0,0,0,0,0,0,3,0,1,45,0,0,0,0,0,0,0,30,14,0,0,0
l6,13=89,94,94,94,83,62,0,94,85,90,92,89,87,78,75,89,56,18,0,46,68,1,38,43,36,0,0,0,0,0,0,0,0,0,0,0,0,0,0,1,53
l7,13=84,88,87,89,79,88,87,0,90,91,92,93,81,84,75,87,73,29,28,0,51,57,51,42,47,16,0,42,57,0,0,0,0,0,0,0,0,0,0,0,0
l8,13=82,84,86,72,45,92,83,94,0,91,92,93,29,93,86,92,71,32,0,0,73,53,55,45,46,2,0,50,11,0,0,0,0,0,0,0,0,0,0,57,72
l9,13=84,87,91,72,80,87,87,94,91,0,92,93,80,52,42,88,66,22,26,0,38,47,0,44,46,47,0,46,67,0,0,0,0,0,0,0,0,0,0,0,78
l10,13=84,88,87,86,77,56,83,89,93,91,0,93,72,92,0,92,73,33,13,23,37,57,54,43,45,1,0,44,0,0,0,0,0,0,0,0,0,0,0,15,26
l11,13=84,85,91,89,49,88,83,94,93,91,92,0,74,91,36,92,59,26,17,50,63,52,53,43,36,38,0,0,51,0,0,0,0,0,0,0,0,0,0,0,74
l12,13=50,45,51,75,0,12,85,26,32,57,91,62,0,93,97,95,79,99,29,15,4,14,58,46,45,3,0,55,78,0,0,0,0,0,0,0,0,9,25,55,90
l13,13=0,52,33,42,0,19,72,6,30,17,7,32,32,4,0,95,88,38,2,0,37,43,49,23,18,4,0,75,84,0,63,0,0,0,8,80,58,33,33,0,93
l14,13=39,0,0,0,0,29,78,27,31,48,92,68,94,93,100,0,100,99,29,48,60,53,56,43,46,97,0,51,78,0,0,65,0,0,0,0,47,26,2,69,84
l15,13=66,10,54,26,0,25,67,28,35,57,92,49,91,59,99,95,0,98,56,77,91,65,59,51,92,95,0,54,81,50,62,0,16,0,0,60,57,34,31,98,95
l16,13=0,0,27,0,0,0,57,29,56,38,92,61,94,93,100,95,100,0,51,61,93,97,97,89,72,79,50,97,75,0,7,56,0,0,0,1,62,59,4,95,94
l17,13=0,0,0,0,0,0,31,69,0,69,70,39,73,77,59,81,98,81,0,97,92,96,96,77,94,31,0,0,0,74,80,0,65,72,75,85,54,6,19,0,84
l18,13=0,0,0,0,0,0,74,2,0,0,83,84,60,83,0,87,92,79,96,0,91,96,90,83,94,0,29,0,0,67,34,83,55,0,0,85,0,0,0,93,88
l19,13=0,0,0,0,0,0,67,23,71,39,69,58,15,67,70,83,85,85,95,87,0,97,97,89,94,0,15,0,4,65,79,33,69,72,61,83,78,20,20,91,88
l20,13=0,0,0,0,0,0,0,71,62,43,82,62,74,80,69,94,87,98,93,93,93,0,97,89,92,10,49,10,14,78,70,63,79,26,0,91,72,44,68,99,96
l21,13=0,0,0,0,0,0,56,31,55,0,91,65,91,89,86,94,98,98,94,73,92,97,0,89,93,27,76,1,13,77,80,87,76,74,0,82,58,48,1,98,95
l22,13=0,0,4,0,0,0,68,18,46,53,71,52,84,20,59,79,93,92,29,77,93,97,97,0,79,18,79,31,0,77,43,74,78,69,63,79,44,25,18,100,96
l23,13=0,0,0,0,0,0,63,64,66,68,69,55,62,82,74,69,98,71,94,96,92,96,96,72,0,0,74,19,0,80,88,72,86,89,67,93,76,36,58,64,92
l24,13=0,30,31,13,4,0,0,17,28,46,70,1,3,4,100,89,74,36,0,0,0,26,35,35,3,0,79,0,99,78,73,87,50,32,17,86,65,96,5,0,0
l25,13=46,44,0,44,3,3,0,16,2,47,1,38,3,4,97,95,79,31,0,0,10,27,18,0,0,0,0,98,0,57,80,0,53,35,34,94,58,22,5,16,57
l26,13=0,0,0,0,0,0,0,0,0,0,0,0,0,0,0,0,50,0,29,15,49,76,79,74,79,0,0,81,20,0,92,0,90,92,95,94,89,89,33,49,54
l27,13=0,0,0,0,0,0,0,0,0,0,0,0,0,7,60,0,67,1,79,9,79,45,82,33,87,98,81,28,23,86,0,30,90,92,94,94,94,89,92,0,33
l28,13=0,0,0,0,0,0,0,0,0,0,0,0,0,0,0,0,45,0,29,11,48,60,49,76,82,0,20,79,58,86,92,93,0,92,95,94,79,85,92,0,0
l29,13=0,0,0,0,0,0,0,0,0,0,0,0,0,0,0,0,0,0,28,0,50,32,54,53,79,57,0,75,54,86,64,86,90,0,95,94,94,84,92,0,0
l30,13=0,0,0,0,0,0,0,0,0,0,0,0,0,0,65,0,0,0,59,0,40,0,0,54,36,80,92,18,44,86,86,92,90,92,0,93,87,80,66,0,0
l31,13=0,0,0,0,0,0,0,0,0,0,0,0,0,0,65,0,56,0,83,33,63,87,74,72,87,0,0,30,93,86,92,0,90,92,95,0,97,97,96,24,42
l32,13=0,0,0,0,0,1,0,0,0,0,0,0,0,0,72,64,88,28,24,0,49,49,45,40,53,53,90,33,21,86,92,90,56,59,37,94,0,97,96,28,68
l33,13=0,0,0,3,0,1,0,0,0,0,0,0,0,0,87,74,78,31,0,0,33,40,48,34,17,35,92,98,27,86,92,92,69,37,59,94,97,0,96,23,0
l34,13=0,0,0,0,1,0,0,0,0,0,0,0,1,0,99,56,92,24,22,0,35,51,33,34,19,34,95,80,97,78,92,95,90,92,27,94,97,97,0,0,0
l35,13=0,0,0,0,0,0,0,0,6,0,57,0,39,16,0,73,89,71,0,40,90,96,90,87,21,94,94,0,8,56,0,0,0,0,0,66,39,12,0,0,96
l36,13=0,0,0,0,0,0,28,0,6,27,55,55,68,13,56,75,70,37,29,22,81,96,88,87,88,58,89,0,22,62,50,97,0,0,0,59,39,0,0,98,0
l37,13=0,0,0,0,0,0,0,0,0,0,0,0,51,2,84,7,89,81,88,78,77,93,93,85,90,22,89,0,0,0,0,97,0,0,0,9,0,0,0,98,95
l38,13=0,0,0,0,0,0,0,0,51,0,87,0,84,54,97,95,98,98,46,40,91,96,95,87,92,5,33,46,0,37,0,96,0,0,0,39,0,11,25,100,96
l39,13=0,0,0,0,0,0,0,0,0,0,0,0,80,0,38,0,97,36,0,33,91,96,95,87,91,16,49,0,0,27,71,24,0,0,0,70,0,0,0,98,95
l40,13=0,0,0,0,0,0,0,0,0,25,5,0,52,24,0,78,84,82,91,65,83,89,87,87,90,57,54,0,0,0,58,42,0,58,0,63,0,0,0,98,95

l0,14=0,100,100,99,99,100,100,100,99,100,97,94,86,21,0,2,0,0,0,0,0,0,0,0,0,0,0,88,0,0,0,0,0,0,0,0,0,0,0,0,0
l1,14=99,0,100,99,99,100,100,75,100,100,100,100,68,98,60,87,99,0,0,0,0,0,0,18,0,32,0,0,86,0,0,0,0,0,0,0,0,0,0,0,0
l2,14=99,100,0,99,99,100,100,100,100,100,100,100,100,62,60,82,98,0,0,0,0,0,0,0,0,0,0,77,0,0,0,0,0,0,0,0,0,0,0,0,0
l3,14=99,100,100,0,99,100,100,87,61,55,94,100,86,53,24,74,0,0,0,0,0,0,0,0,0,0,0,85,14,0,0,0,0,0,0,0,0,0,0,0,0
l4,14=99,100,100,99,0,100,100,87,62,100,100,100,94,61,55,86,4,0,0,0,0,0,0,0,0,44,0,100,92,0,0,0,0,0,0,0,0,2,0,0,0
l5,14=99,100,100,99,98,0,100,100,100,100,100,100,93,0,26,88,91,60,0,0,0,0,0,0,0,99,0,100,99,0,0,0,0,0,0,0,36,2,0,0,0
l6,14=99,100,100,99,99,100,0,100,100,100,100,100,100,100,58,100,93,0,42,0,93,90,56,100,60,0,0,0,0,0,0,0,0,0,0,0,0,0,0,0,69
l7,14=99,91,100,99,99,100,100,0,100,100,100,100,100,100,60,0,99,18,48,0,86,98,63,58,62,0,0,67,0,0,0,0,0,0,0,0,0,0,0,0,0
l8,14=97,92,75,54,97,100,100,100,0,100,100,100,87,100,58,100,96,65,6,0,94,96,72,57,48,9,0,90,58,0,0,0,0,0,0,0,0,82,0,90,45
l9,14=99,100,100,42,99,100,100,100,100,0,100,100,100,100,54,100,99,83,51,0,80,93,66,57,61,23,0,66,58,0,0,0,0,0,0,0,0,0,0,0,45
l10,14=93,100,100,61,98,100,100,100,100,100,0,100,100,100,0,100,99,69,42,48,83,100,100,58,0,57,0,67,90,0,0,0,0,0,0,0,0,0,0,0,86
l11,14=99,100,100,99,99,100,100,100,100,100,100,0,100,100,37,100,96,63,32,0,0,98,70,54,57,42,0,74,57,0,0,0,0,0,0,0,0,0,0,0,56
l12,14=45,10,54,11,55,81,98,80,46,58,96,94,0,100,60,100,99,100,18,7,81,99,72,59,56,77,0,88,99,0,58,0,0,0,0,0,55,89,68,57,80
l13,14=0,35,40,0,42,32,88,71,59,25,0,27,94,50,0,99,99,70,1,0,18,97,0,28,29,63,0,100,100,56,57,0,0,0,0,83,68,100,83,67,72
l14,14=0,55,38,33,58,82,98,0,100,100,100,99,100,100,100,0,99,100,0,57,89,100,97,57,59,61,65,89,99,0,36,78,0,0,0,83,0,0,67,86,80
l15,14=0,58,59,0,36,94,97,86,61,60,95,97,99,61,100,100,0,98,96,62,97,99,80,99,65,91,0,97,99,55,53,65,0,0,0,86,56,97,99,98,97
l16,14=0,0,0,0,0,92,0,17,61,60,95,93,100,100,100,100,99,0,61,1,99,100,100,100,62,99,61,97,99,0,0,98,0,0,0,0,94,97,94,95,97
l17,14=0,0,0,0,0,0,89,75,1,92,92,84,89,98,35,0,98,90,0,99,97,99,100,99,99,70,0,0,0,92,97,0,84,92,84,97,92,0,91,98,91
l18,14=0,0,0,0,0,0,0,0,0,0,98,0,78,44,0,97,98,22,100,0,97,99,100,99,100,0,82,0,0,95,0,99,0,0,0,90,0,0,0,0,92
l19,14=0,0,0,0,0,0,97,69,99,51,92,0,95,98,94,97,98,98,100,98,0,100,100,100,100,0,58,0,87,98,92,36,85,98,89,91,92,79,67,99,93
l20,14=0,0,0,0,0,0,89,92,99,94,98,98,99,0,98,97,98,98,99,98,99,0,100,100,98,15,97,82,96,98,98,53,98,81,82,97,68,0,98,99,97
l21,14=0,0,0,0,0,0,86,76,99,55,98,98,99,98,0,97,98,98,99,63,99,100,0,100,98,95,99,90,86,98,98,99,71,58,38,85,93,94,97,99,97
l22,14=0,1,0,0,0,0,97,82,99,99,97,83,99,98,97,97,98,98,99,98,98,100,100,0,98,35,100,1,0,98,96,71,98,97,87,94,72,90,84,99,98
l23,14=0,0,0,0,0,0,95,92,50,97,32,80,94,94,90,96,98,95,99,98,97,96,100,99,0,0,99,71,0,96,96,61,95,95,84,97,94,86,92,2,96
l24,14=56,0,37,28,50,100,0,74,59,43,52,58,77,62,100,91,99,70,0,0,0,94,61,1,25,0,99,0,100,87,61,100,46,57,52,91,60,100,100,0,72
l25,14=0,32,0,0,44,99,0,0,9,23,57,42,77,63,61,91,99,70,0,0,15,95,35,0,0,0,0,100,0,61,58,0,48,51,12,88,59,65,92,32,0
l26,14=0,0,0,0,0,0,0,0,0,0,0,0,0,0,65,0,61,0,82,58,97,99,100,99,99,0,0,98,89,0,100,0,99,99,99,100,98,100,100,0,91
l27,14=0,0,0,0,0,0,0,0,0,0,0,0,67,0,73,57,63,0,99,0,60,99,93,75,99,100,98,98,87,100,0,95,99,99,99,100,98,100,100,83,53
l28,14=0,0,0,0,0,0,0,0,0,0,0,0,0,0,0,0,8,0,49,0,75,79,68,77,84,0,89,66,76,100,100,99,0,99,99,100,85,100,100,10,1
l29,14=0,0,0,0,0,0,0,0,0,0,0,0,0,0,0,0,0,0,82,0,88,68,85,75,69,61,0,72,75,100,100,100,99,0,99,100,98,61,100,0,0
l30,14=0,0,0,0,0,0,0,0,0,0,0,0,0,0,0,0,0,0,38,0,78,71,1,81,75,58,100,78,28,100,87,100,99,99,0,90,86,91,83,0,0
l31,14=0,0,0,0,0,0,0,0,0,0,0,0,0,0,78,65,98,0,99,36,53,99,71,61,100,0,0,95,99,100,100,0,99,99,99,0,98,100,100,78,0
l32,14=0,0,0,0,0,95,0,0,0,0,0,0,68,51,100,0,98,98,73,0,60,60,84,28,63,48,99,96,99,100,61,99,61,99,99,100,0,100,100,27,85
l33,14=0,0,0,0,19,25,0,0,49,0,0,0,72,0,100,0,99,97,0,0,45,1,46,28,21,51,99,100,100,86,100,99,62,56,99,100,98,0,100,0,81
l34,14=0,0,0,0,1,24,0,0,0,0,0,0,67,0,100,81,98,59,53,0,48,100,71,26,27,12,99,100,100,100,100,99,99,99,54,100,98,100,0,7,54
l35,14=0,0,0,0,0,0,0,0,84,0,0,0,87,34,33,88,93,90,90,0,95,99,100,99,0,88,100,0,0,0,61,0,0,0,0,46,0,0,0,0,97
l36,14=0,0,0,0,0,0,71,0,5,29,58,70,87,46,54,83,95,64,54,44,86,99,92,99,58,59,98,66,0,59,0,98,0,0,0,0,43,77,0,99,0
l37,14=0,0,0,0,0,0,0,0,0,0,0,0,95,90,88,96,97,95,2,2,88,96,96,97,95,65,100,0,0,0,43,100,0,0,0,0,0,0,0,99,97
l38,14=0,0,0,0,0,0,0,90,92,48,94,0,94,98,98,97,98,98,81,0,97,100,100,99,94,92,100,85,39,60,38,100,0,0,0,0,0,79,79,99,100
l39,14=0,0,0,0,0,0,0,0,0,0,22,0,95,0,49,88,98,32,97,59,97,99,100,99,98,32,0,0,0,6,54,78,0,0,0,0,0,0,0,99,97
l40,14=0,0,0,0,0,0,0,0,0,0,0,0,73,0,75,81,80,84,95,79,95,97,98,99,95,0,91,0,0,55,81,0,67,78,0,82,62,0,0,99,97

l0,15=0,100,100,100,100,100,100,100,98,100,99,100,96,98,96,71,92,0,0,0,0,0,0,0,0,37,0,99,69,0,0,0,0,0,0,0,0,0,0,0,0
l1,15=100,0,100,100,100,100,100,100,98,100,99,100,0,98,100,100,100,0,0,0,0,0,0,0,0,5,0,100,49,0,0,0,0,0,0,0,0,0,0,0,0
l2,15=100,100,0,0,99,100,100,100,98,100,99,100,99,96,63,79,96,18,0,0,0,0,0,0,0,45,0,67,57,0,0,0,0,0,0,0,0,0,0,0,0
l3,15=100,100,4,0,100,100,100,100,98,62,99,100,95,46,61,75,85,0,0,0,0,0,0,0,0,88,0,66,58,0,0,0,0,0,0,0,0,0,0,0,0
l4,15=100,100,73,100,0,100,100,100,74,100,0,100,98,61,63,61,100,0,0,0,0,0,0,0,0,60,0,67,3,0,0,0,0,0,0,0,0,0,0,0,0
l5,15=100,100,100,100,100,0,100,100,87,100,99,100,99,61,59,77,91,93,0,0,0,0,0,0,0,71,0,65,59,0,0,0,0,0,0,0,0,87,0,0,0
l6,15=100,100,100,100,100,100,0,100,98,100,99,100,99,98,59,100,100,98,58,0,98,97,66,98,98,98,0,0,80,0,0,0,0,0,0,0,0,0,0,36,0
l7,15=100,100,100,100,100,100,100,0,98,100,99,100,99,98,80,100,100,93,58,0,68,1,94,89,100,0,0,0,0,0,0,0,0,0,0,0,0,0,0,3,78
l8,15=70,97,72,96,96,100,99,100,0,100,99,100,97,59,61,100,99,90,0,0,71,92,96,98,93,3,0,14,35,0,0,0,0,0,0,0,0,22,1,56,78
l9,15=100,100,100,88,100,100,100,100,98,0,99,100,97,98,62,100,100,99,61,0,0,97,84,70,89,35,0,61,57,0,0,0,0,0,0,0,0,0,2,0,34
l10,15=94,100,51,91,0,100,100,100,98,100,0,100,98,98,58,100,99,96,57,56,62,100,99,97,0,46,0,51,18,0,0,0,0,0,0,0,0,0,0,0,72
l11,15=100,100,100,88,100,100,100,100,98,100,99,0,97,98,60,98,99,78,57,14,59,86,94,22,93,77,0,57,50,0,0,0,0,0,0,0,0,0,0,0,0
l12,15=49,0,36,48,90,65,99,93,69,26,59,80,0,98,64,100,100,100,4,0,64,94,97,97,93,99,0,60,58,0,86,0,0,0,0,0,0,82,0,58,82
l13,15=34,62,67,83,95,65,90,84,45,31,56,99,99,98,0,100,100,100,56,0,42,100,56,94,94,61,0,100,98,35,92,0,38,0,0,51,100,100,61,0,76
l14,15=61,97,60,71,85,70,100,99,98,100,99,99,99,98,100,0,100,100,59,58,71,100,99,99,97,100,92,97,96,0,0,63,0,0,0,12,0,98,22,62,99
l15,15=34,61,66,58,88,62,99,99,73,61,60,99,98,59,100,100,0,100,75,62,71,99,97,99,99,79,0,66,58,24,92,19,77,0,0,98,95,99,39,62,82
l16,15=0,0,3,0,0,66,97,80,42,61,60,84,99,98,100,100,100,0,59,32,96,100,99,100,0,95,42,66,60,25,0,94,0,0,0,98,96,99,61,62,82
l17,15=0,0,0,0,0,0,68,76,0,82,86,74,28,92,70,97,99,90,0,100,99,97,99,96,100,66,4,0,0,94,94,66,63,94,82,93,90,0,3,92,95
l18,15=0,0,0,0,0,0,0,6,0,0,92,77,0,92,0,97,99,51,99,0,99,99,92,99,100,0,99,0,0,91,0,98,0,20,0,44,0,0,0,88,95
l19,15=0,0,0,0,0,0,93,82,91,4,89,70,93,92,43,96,99,95,98,95,0,100,97,99,100,0,48,0,0,96,72,0,89,94,83,93,78,68,45,98,95
l20,15=0,0,0,0,0,0,90,0,93,89,96,93,95,94,96,98,97,98,96,96,100,0,99,100,97,0,100,89,88,96,93,71,96,0,62,94,93,51,54,98,99
l21,15=0,0,0,0,0,0,83,93,97,59,98,97,98,94,94,99,99,100,98,96,99,100,0,100,99,61,100,66,61,63,95,61,92,94,0,93,95,98,97,98,100
l22,15=0,0,0,0,0,0,94,66,91,44,92,39,98,92,79,95,99,100,94,94,99,100,99,0,99,60,58,0,0,94,80,61,90,94,81,84,92,89,51,98,100
l23,15=0,0,0,0,0,0,91,91,82,45,13,93,90,90,64,96,91,0,98,100,99,99,96,98,0,0,100,0,0,95,92,99,91,87,75,92,88,79,28,92,94
l24,15=40,64,71,91,100,70,0,0,2,34,55,95,99,60,100,79,95,66,0,0,0,61,60,0,0,0,100,0,98,37,99,99,99,81,62,60,100,100,62,28,77
l25,15=37,5,45,88,60,71,98,0,3,35,46,77,99,61,100,79,95,66,0,0,0,61,60,0,0,0,0,100,0,38,100,0,100,83,63,60,100,100,48,15,55
l26,15=0,0,0,0,0,0,0,0,0,0,0,0,0,0,92,0,42,4,99,48,100,100,58,100,100,0,0,77,98,0,100,0,100,100,99,100,100,100,100,84,95
l27,15=0,0,0,0,0,0,0,0,0,0,0,0,85,44,93,42,93,0,98,0,67,61,58,95,99,100,77,68,86,100,0,75,100,100,99,100,100,100,100,0,0
l28,15=0,0,0,0,0,0,0,0,0,0,0,0,0,0,47,0,71,0,49,0,63,84,88,74,73,0,98,59,89,100,100,97,0,100,99,100,100,100,100,23,0
l29,15=0,0,0,0,0,0,0,0,0,0,0,0,0,0,0,0,0,0,83,0,93,0,93,94,65,38,0,59,95,100,100,100,100,0,99,100,100,98,100,0,49
l30,15=0,0,0,0,0,0,0,0,0,0,0,0,0,0,0,0,0,0,82,0,63,47,0,74,64,100,100,53,81,100,91,100,100,100,0,97,97,96,94,0,0
l31,15=0,0,0,0,0,0,0,0,0,0,0,0,0,0,63,19,94,66,98,0,71,61,61,99,99,0,0,75,97,100,100,0,100,100,99,0,100,100,100,17,0
l32,15=0,0,0,0,0,0,0,0,0,0,0,0,1,60,100,0,94,66,59,0,48,61,61,99,99,100,100,76,64,100,100,100,100,100,64,100,0,100,100,21,77
l33,15=0,0,0,0,0,67,0,0,3,0,0,0,98,55,99,86,95,66,0,0,48,49,62,100,99,83,100,76,64,60,100,100,100,83,63,100,100,0,100,0,41
l34,15=0,0,0,0,0,0,0,0,0,2,0,0,0,55,100,74,83,100,7,0,43,54,99,94,78,63,99,100,98,100,100,99,100,100,95,100,100,100,0,0,0
l35,15=0,0,0,0,0,0,10,0,65,0,0,0,65,53,0,87,87,57,87,29,94,96,93,97,90,60,100,32,1,62,0,0,0,0,0,11,2,0,0,0,100
l36,15=0,0,0,0,0,0,0,54,47,0,18,0,88,67,66,88,87,56,58,52,63,93,80,99,56,100,100,44,8,44,0,100,0,0,0,0,23,0,0,99,0
l37,15=0,0,0,0,0,0,0,0,68,0,0,0,81,84,78,82,88,77,0,70,88,99,86,92,98,100,100,0,0,3,61,100,28,0,0,64,0,0,0,97,100
l38,15=0,0,0,0,0,0,33,22,82,35,45,72,95,86,97,98,88,100,78,0,97,99,97,99,97,48,100,88,48,15,71,100,0,0,0,0,0,58,1,98,100
l39,15=0,0,0,0,0,0,0,0,0,0,56,0,60,0,64,76,90,55,87,72,96,99,97,93,95,15,84,0,0,6,48,17,0,59,0,65,0,22,0,98,100
l40,15=0,0,0,0,0,0,0,0,0,0,0,2,45,56,16,67,60,57,57,60,94,94,91,94,60,55,95,0,0,0,65,0,51,57,0,65,52,0,0,96,98

q0=0
q1=1
q2=1
q3=1
q4=1
q5=1
q6=1
q7=1
q8=1
q9=1
q10=1
q11=1
q12=1
q13=1
q14=1
q15=1
q16=1
q17=1
q18=1
q19=1
q20=1
q21=1
q22=1
q23=1
q24=1
q25=1
q26=1
q27=1
q28=1
q29=1
q30=1
q31=1
q32=1
q33=1
q34=1
q35=1
q36=1
q37=1
q38=1
q39=1
q40=1

a0=0x01
a1=0x02
a2=0x03
a3=0x04
a4=0x05
a5=0x06
a6=0x07
a7=0x08
a8=0x09
a9=0x0a
a10=0x0b
a11=0x0c
a12=0x0d
a13=0x0e
a14=0x0f
a15=0x10
a16=0x11
a17=0x12
a18=0x13
a19=0x14
a20=0x15
a21=0x16
a22=0x17
a23=0x18
a24=0x19
a25=0x1a
a26=0x1b
a27=0x1c
a28=0x1d
a29=0x1e
a30=0x1f
a31=0x20
a32=0x21
a33=0x22
a34=0x23
a35=0x24
a36=0x25
a37=0x26
a38=0x27
a39=0x28
a40=0x29

