n=41

l0,0=0,86,88,96,95,93,93,91,91,96,94,92,89,94,67,86,78,0,0,0,0,0,0,0,0,15,0,83,54,0,0,0,0,0,0,0,0,0,0,0,0
l1,0=64,0,91,96,55,93,96,87,76,96,58,93,68,91,83,82,45,9,0,0,0,0,0,0,0,41,0,45,28,0,0,0,0,0,0,0,0,6,0,0,0
l2,0=94,91,0,93,95,91,96,91,91,96,94,94,0,96,81,0,81,62,0,0,0,0,2,41,0,33,0,59,41,0,0,0,0,0,0,0,0,0,0,0,0
l3,0=86,92,83,0,95,87,96,87,72,96,62,86,82,91,83,0,51,2,0,0,0,0,0,0,0,57,0,81,57,0,0,0,0,0,0,0,0,0,0,0,0
l4,0=92,25,83,96,0,93,94,90,87,54,57,88,83,91,23,72,0,0,0,0,0,0,0,0,0,80,0,54,49,0,0,0,0,0,0,0,0,0,0,0,0
l5,0=94,88,83,87,95,0,96,87,77,74,94,84,78,91,82,81,0,39,0,0,0,0,0,0,0,72,0,53,28,0,0,0,0,0,0,0,0,33,0,0,0
l6,0=94,91,91,95,95,91,0,94,92,96,94,94,94,96,78,91,90,48,0,51,46,21,24,50,67,0,0,0,0,0,0,0,0,0,0,0,0,0,0,0,0
l7,0=93,72,87,80,95,87,96,0,92,96,94,94,95,96,45,74,18,49,43,0,30,17,26,37,0,27,0,6,3,0,0,0,0,0,0,0,0,0,0,0,0
l8,0=55,54,40,0,86,86,92,91,0,58,94,53,87,96,87,91,87,57,26,39,50,25,50,58,75,27,0,47,27,0,0,0,0,0,0,0,0,0,0,16,1
l9,0=89,88,89,72,63,91,96,94,91,0,94,94,92,96,81,0,86,52,27,7,0,22,0,48,67,17,0,14,6,0,0,0,0,0,0,0,0,0,0,1,0
l10,0=83,87,81,51,74,88,92,91,92,96,0,94,92,96,86,91,87,89,0,0,15,20,28,66,70,21,0,47,5,0,0,0,0,0,0,0,0,0,0,0,0
l11,0=57,91,91,3,93,78,95,94,70,96,94,0,93,96,86,91,53,54,44,5,53,0,30,0,0,44,0,19,3,0,0,0,0,0,0,0,0,0,0,0,0
l12,0=22,12,0,13,47,64,55,87,68,34,37,80,0,95,88,97,91,99,0,18,31,24,29,43,77,82,0,60,19,0,24,0,0,0,0,0,0,73,15,44,28
l13,0=7,27,14,37,11,62,86,44,67,22,33,76,93,87,0,91,56,57,0,0,22,26,7,53,11,81,41,64,31,0,72,0,3,0,0,32,82,85,28,50,20
l14,0=17,18,0,0,46,76,88,82,81,0,47,88,97,96,88,0,93,100,53,1,30,32,29,54,76,88,25,54,22,0,0,76,0,0,0,0,0,72,25,40,35
l15,0=11,17,30,17,0,2,84,16,76,30,36,59,95,79,88,95,0,100,62,45,55,47,75,71,85,32,0,43,1,18,20,0,41,0,0,25,68,84,28,54,42
l16,0=0,0,29,0,0,33,77,61,90,69,93,64,97,95,88,96,93,0,54,36,58,90,88,82,64,0,44,90,87,0,0,47,0,0,0,0,17,91,23,25,83
l17,0=0,0,0,0,0,0,0,41,48,25,0,46,0,84,0,81,91,78,0,99,88,90,88,87,95,88,0,0,0,71,64,0,85,83,0,80,65,0,26,88,62
l18,0=0,0,0,0,0,0,89,0,83,0,0,0,72,89,0,0,90,92,97,0,81,90,50,87,96,0,73,0,0,29,80,85,0,5,0,82,72,0,0,82,0
l19,0=0,0,0,0,0,0,63,45,63,0,6,48,71,77,57,71,85,72,96,63,0,90,75,89,95,0,34,0,31,74,62,31,70,76,63,75,51,68,70,74,82
l20,0=0,0,0,0,0,0,51,30,62,29,18,0,62,78,80,84,88,82,90,79,88,0,90,89,87,18,88,0,0,26,68,81,2,43,12,82,54,77,52,91,83
l21,0=0,0,3,0,0,0,58,52,78,5,24,62,82,86,70,79,91,84,96,25,55,92,0,88,87,0,42,1,11,17,69,75,59,46,1,25,80,48,16,91,83
l22,0=0,0,20,0,0,0,60,37,69,28,70,0,68,82,65,80,88,80,91,79,89,91,90,0,85,21,54,34,0,77,46,71,56,66,31,67,69,60,75,88,83
l23,0=0,0,0,0,0,0,60,1,64,63,66,6,71,93,0,73,89,71,96,98,88,90,85,87,0,0,88,6,2,46,65,75,97,75,68,96,71,55,34,89,78
l24,0=18,22,23,58,73,65,0,0,28,8,20,8,90,89,88,28,5,90,0,0,0,0,0,37,0,0,47,0,88,31,87,93,55,0,1,32,92,88,65,0,0
l25,0=15,41,33,57,80,72,0,27,27,17,21,44,82,81,88,32,0,88,0,0,18,0,21,0,0,0,0,92,0,56,88,0,67,30,1,29,91,93,93,0,3
l26,0=0,0,0,0,0,0,0,0,0,0,0,0,0,41,25,0,44,0,73,34,88,42,54,88,47,0,0,64,86,0,98,0,99,98,100,99,96,92,95,0,0
l27,0=0,0,0,0,0,0,0,0,0,0,0,0,37,0,34,0,0,0,74,37,79,68,82,61,85,92,64,85,84,99,0,89,99,98,100,99,96,93,95,37,9
l28,0=0,0,0,0,0,0,0,0,0,0,0,0,0,0,10,0,6,0,78,0,67,1,38,54,97,0,86,82,72,99,98,77,0,98,100,99,96,93,95,39,1
l29,0=0,0,0,0,0,0,0,0,0,0,0,0,0,0,0,0,0,0,82,34,84,22,67,73,85,56,0,0,82,99,98,99,99,0,100,99,95,89,89,12,0
l30,0=0,0,0,0,0,0,0,0,0,0,0,0,0,0,39,0,0,0,0,0,69,3,0,69,77,88,98,64,77,99,98,98,99,98,0,99,94,93,81,0,0
l31,0=0,0,0,0,0,0,0,0,0,0,0,0,0,0,76,0,47,0,85,31,81,75,71,75,93,0,0,89,77,99,98,0,99,98,99,0,96,93,95,42,7
l32,0=0,0,0,0,0,0,0,0,0,0,0,0,0,61,41,0,32,44,44,26,20,11,77,74,50,67,99,92,65,99,98,99,99,97,82,99,0,93,95,0,0
l33,0=0,0,0,0,0,67,0,0,9,0,0,0,79,83,43,27,35,90,0,0,22,1,8,50,0,30,98,30,58,92,98,98,77,33,36,94,96,0,95,0,0
l34,0=0,0,0,0,0,63,0,0,0,0,0,0,65,20,43,26,29,48,37,0,29,29,19,79,35,1,100,58,69,99,98,99,98,55,14,99,96,93,0,35,0
l35,0=0,0,0,0,0,0,0,0,50,18,0,2,79,75,72,77,85,41,81,68,75,84,88,76,80,29,99,0,0,0,46,0,30,0,0,57,0,0,0,0,83
l36,0=0,0,0,0,0,0,6,0,36,0,2,0,79,70,28,44,84,81,48,2,82,90,88,86,76,91,96,0,0,0,20,96,0,0,0,21,0,0,0,91,0
l37,0=0,0,0,0,0,0,0,0,0,0,21,0,73,69,0,23,82,78,72,69,81,90,81,76,82,93,92,8,5,0,14,93,0,0,0,0,0,0,0,91,83
l38,0=0,0,0,0,0,0,0,58,64,1,0,34,92,87,84,95,91,98,78,37,88,90,88,87,92,93,95,47,16,0,24,95,0,0,0,0,1,0,0,91,83
l39,0=0,0,0,0,0,0,0,0,11,0,0,0,76,63,55,70,81,76,83,58,80,90,80,85,78,0,0,0,0,0,1,42,19,34,0,34,0,0,0,91,83
l40,0=0,0,0,0,0,0,0,0,44,0,0,0,0,51,30,68,82,70,0,71,75,89,81,75,78,3,0,0,0,0,49,7,0,44,0,18,0,0,0,88,83

l0,1=0,93,95,96,89,93,92,57,52,72,56,56,65,43,66,0,29,0,0,0,0,0,0,0,0,16,0,77,15,0,0,0,0,0,0,0,0,0,0,0,0
l1,1=92,0,93,92,93,93,95,57,52,72,55,57,73,59,42,1,31,61,0,0,0,11,0,0,0,0,0,79,22,0,0,0,0,0,0,0,0,0,0,0,0
l2,1=93,93,0,95,91,93,96,63,49,73,56,58,70,58,69,66,33,61,0,0,2,0,25,1,0,0,0,74,0,0,0,0,0,0,0,0,0,0,0,0,0
l3,1=93,93,93,0,93,93,95,54,50,70,54,54,70,60,68,63,31,22,0,0,0,0,0,0,0,0,0,77,0,0,0,0,0,0,0,0,0,0,0,0,0
l4,1=88,93,92,97,0,93,88,57,27,62,54,54,0,57,65,49,0,0,0,0,0,0,0,0,0,43,0,77,43,0,0,0,0,0,0,0,0,0,0,0,0
l5,1=92,93,93,92,92,0,93,31,52,66,56,56,73,64,56,32,22,0,0,0,0,0,0,0,0,36,0,59,38,0,0,0,0,0,0,0,0,63,33,0,0
l6,1=88,93,95,96,40,93,0,69,52,86,56,76,79,64,56,69,66,0,60,41,61,63,39,66,1,3,0,51,30,0,0,0,0,0,0,0,0,0,0,0,0
l7,1=91,93,94,0,83,0,96,0,67,86,82,81,79,62,56,70,27,58,44,0,0,70,24,37,29,16,0,0,57,0,0,0,0,0,0,0,0,0,0,3,20
l8,1=78,85,75,70,2,89,81,58,0,75,83,66,69,64,69,71,64,64,58,62,13,22,78,70,57,39,0,70,69,0,8,0,0,0,0,0,0,12,0,61,35
l9,1=90,93,93,0,38,80,96,79,53,0,83,81,79,71,60,70,62,60,0,0,0,55,49,50,0,54,0,22,61,0,0,0,0,0,0,0,0,0,0,0,35
l10,1=90,85,92,88,85,91,92,59,73,86,0,81,79,66,73,70,66,78,67,0,56,70,74,45,59,0,0,44,0,0,0,0,0,0,0,0,0,0,0,28,0
l11,1=90,93,94,88,88,91,95,79,52,86,83,0,79,64,61,70,34,44,46,51,30,70,47,39,35,32,0,13,54,0,0,0,0,0,0,0,0,0,0,15,0
l12,1=27,46,71,60,0,68,49,39,41,77,69,58,0,77,75,89,69,84,72,60,43,43,45,43,36,63,0,67,69,0,0,46,0,0,0,22,0,40,62,69,43
l13,1=23,12,55,63,51,38,0,7,59,59,62,35,74,60,0,37,45,71,15,0,51,76,29,21,16,36,0,87,83,0,0,0,0,36,40,8,6,75,37,13,11
l14,1=0,0,70,46,45,33,47,46,67,75,73,57,83,77,77,0,40,85,62,60,68,77,42,46,54,89,0,75,61,0,0,79,0,0,0,0,0,55,58,64,42
l15,1=0,34,32,0,0,22,47,16,63,68,63,40,76,70,88,55,0,85,78,66,62,87,86,80,62,21,0,71,76,10,0,0,6,0,0,44,43,69,66,74,54
l16,1=0,58,60,0,0,0,0,36,60,65,66,39,81,71,84,86,76,0,74,24,66,77,45,68,61,43,32,79,76,1,38,57,0,0,0,36,0,70,48,65,81
l17,1=0,0,0,0,0,0,66,35,42,1,60,27,62,64,49,49,66,70,0,95,85,84,87,72,89,68,12,0,0,69,61,50,55,58,0,71,1,0,4,78,75
l18,1=0,0,0,0,0,0,40,0,61,0,0,35,64,65,0,70,64,41,90,0,82,87,81,75,88,0,51,0,0,0,63,77,0,37,0,25,34,0,0,80,71
l19,1=0,0,0,0,0,0,59,0,11,0,48,20,66,55,58,63,48,52,80,74,0,87,69,80,86,0,0,0,0,72,64,24,64,39,51,62,43,46,54,73,76
l20,1=0,2,0,0,0,0,44,51,28,42,58,36,65,58,79,74,68,75,81,82,88,0,88,80,84,0,87,0,2,34,27,77,37,0,45,65,47,63,71,74,86
l21,1=0,0,49,0,0,0,55,1,62,66,65,50,72,65,68,46,68,73,84,81,79,88,0,80,82,2,58,0,62,0,43,76,31,33,32,69,67,67,55,87,82
l22,1=0,0,0,0,0,0,53,25,57,52,55,28,48,56,57,69,68,70,77,81,94,88,88,0,85,41,0,0,42,66,52,44,57,52,42,54,26,36,43,87,86
l23,1=0,0,0,0,0,0,20,32,53,0,56,38,57,51,58,57,63,58,86,82,88,84,81,76,0,13,74,0,0,63,70,69,64,54,51,73,49,43,59,80,82
l24,1=42,56,55,62,66,62,0,0,42,51,20,0,71,62,85,38,28,63,0,0,0,0,0,0,0,0,70,0,83,36,55,82,37,25,42,26,90,92,83,0,7
l25,1=16,0,0,0,43,36,3,16,39,54,0,32,63,36,89,21,43,68,0,0,0,2,41,13,0,0,0,87,0,37,19,0,22,40,35,50,47,92,90,0,0
l26,1=0,0,0,0,0,0,0,0,0,0,0,0,0,0,0,0,32,12,51,0,87,58,0,74,70,0,0,70,76,0,93,0,88,85,98,94,94,92,82,17,0
l27,1=0,0,0,0,0,0,0,0,0,0,0,0,0,0,57,0,0,59,56,44,84,51,31,63,82,87,70,87,77,80,0,16,88,85,97,94,94,92,95,1,27
l28,1=0,0,0,0,0,0,0,0,0,0,0,0,0,0,0,0,22,0,43,0,88,69,35,68,86,0,76,72,63,80,93,81,0,85,98,94,69,92,95,0,0
l29,1=0,0,0,0,0,0,0,0,0,0,0,0,0,0,37,0,0,0,69,36,55,0,60,70,73,37,0,42,69,80,93,80,88,0,98,94,94,67,91,0,0
l30,1=0,0,0,0,0,0,0,0,0,0,0,0,0,0,47,0,0,0,0,0,62,66,19,62,61,19,93,63,46,80,91,93,88,85,0,92,84,88,70,0,0
l31,1=0,0,0,0,0,0,0,0,0,0,0,0,46,0,79,0,57,50,77,24,77,76,44,69,82,0,0,16,81,80,93,0,88,85,94,0,94,92,95,15,4
l32,1=0,0,0,0,0,0,0,0,0,0,0,0,0,5,25,4,52,0,0,19,42,58,71,18,35,22,88,87,74,80,92,88,69,82,84,94,0,92,95,0,0
l33,1=0,0,0,0,0,57,0,0,1,0,0,0,60,20,51,11,46,69,0,0,47,73,43,2,3,40,85,87,82,76,91,85,51,55,85,92,91,0,91,0,0
l34,1=0,0,0,0,0,50,0,0,0,0,0,0,46,23,33,22,65,14,0,3,46,79,61,31,27,35,98,67,82,75,92,94,88,59,70,94,94,92,0,0,0
l35,1=0,0,0,0,0,0,0,0,48,0,8,0,71,47,46,55,62,45,73,64,71,79,86,76,78,50,94,0,0,43,21,0,0,0,0,14,0,0,0,0,86
l36,1=0,0,0,0,0,0,0,13,19,43,22,0,72,56,12,53,66,77,66,66,76,87,86,79,84,47,94,33,0,0,42,94,0,0,0,7,0,3,0,87,0
l37,1=0,0,0,0,0,0,0,0,44,1,0,0,68,43,11,68,39,62,53,66,12,87,85,68,80,92,92,0,28,0,0,92,0,0,0,0,0,0,0,86,85
l38,1=0,0,0,0,0,0,0,24,53,45,34,15,77,62,65,65,68,72,57,47,86,87,86,71,80,90,82,49,53,10,0,95,0,9,0,26,15,1,0,89,87
l39,1=0,0,0,0,0,0,0,0,0,0,0,0,31,35,56,8,61,48,54,71,79,87,83,79,75,0,17,0,0,0,0,15,1,24,0,0,0,0,0,87,86
l40,1=0,0,0,0,0,0,0,0,36,0,0,0,55,33,43,15,51,40,65,60,84,87,82,74,78,0,0,0,0,17,36,4,24,25,0,1,0,0,0,85,85

l0,2=0,93,86,89,94,89,83,91,65,82,86,88,0,71,78,11,59,0,0,0,0,0,0,0,0,48,0,68,53,0,0,0,0,0,0,0,0,0,0,0,0
l1,2=95,0,86,89,94,89,85,90,68,86,91,83,60,76,78,66,62,61,0,0,0,0,0,0,0,3,0,70,3,0,0,0,0,0,0,0,0,0,0,0,0
l2,2=88,93,0,82,89,89,88,93,68,86,91,88,63,46,80,61,72,44,0,0,32,0,54,0,0,51,0,57,53,0,0,0,0,0,0,0,0,0,0,0,0
l3,2=95,93,86,0,94,89,88,88,68,86,91,88,46,0,0,60,0,20,0,0,0,0,0,0,0,0,0,68,0,0,0,0,0,0,0,0,0,0,0,0,0
l4,2=95,93,80,90,0,89,81,86,66,82,86,83,54,75,41,41,0,0,0,0,0,0,0,0,0,0,0,69,0,0,0,0,0,0,0,0,0,0,0,0,0
l5,2=87,93,86,89,94,0,84,87,68,83,91,88,60,75,0,62,13,0,0,0,0,0,0,0,0,40,0,69,37,0,0,0,0,0,0,0,0,0,0,0,0
l6,2=81,89,86,82,90,89,0,91,68,86,91,89,65,81,14,68,69,0,36,53,53,0,32,60,36,48,0,54,44,0,0,0,0,0,0,0,0,0,0,0,0
l7,2=83,88,85,80,88,88,85,0,70,86,89,92,65,69,66,68,63,43,55,2,7,58,43,62,36,49,0,49,47,0,0,0,0,0,0,0,0,0,0,0,63
l8,2=66,80,81,69,69,89,72,88,0,86,92,89,54,84,74,68,76,65,0,66,58,62,70,71,61,46,0,3,57,0,0,0,0,0,0,0,0,52,0,51,60
l9,2=81,88,84,74,73,88,88,93,68,0,92,92,65,83,72,68,62,65,68,66,45,51,70,64,0,48,0,63,41,0,0,0,0,0,0,0,0,0,0,52,61
l10,2=80,83,83,80,87,88,81,88,70,86,0,92,65,85,78,68,75,71,0,61,61,70,67,68,68,62,0,56,48,0,0,0,0,0,0,0,0,0,0,47,32
l11,2=82,84,71,79,87,88,85,93,70,86,92,0,65,85,72,62,51,59,0,0,57,45,46,0,0,16,0,49,13,0,0,0,0,0,0,0,0,0,0,0,0
l12,2=0,66,63,2,61,68,74,78,62,79,83,79,0,86,76,74,76,83,64,67,69,67,77,77,61,55,0,66,64,0,0,23,0,0,0,60,64,61,46,58,77
l13,2=60,60,66,0,7,0,19,74,59,68,80,35,57,75,0,69,84,81,8,0,0,76,74,34,0,65,0,83,84,21,40,0,0,0,0,25,27,68,62,53,63
l14,2=12,67,64,53,43,68,73,75,68,78,85,63,76,73,78,0,70,83,66,67,66,75,63,65,63,90,28,62,56,0,37,43,0,0,0,1,19,60,0,56,63
l15,2=34,18,58,0,0,2,69,62,57,59,79,39,61,68,90,65,0,83,85,62,78,90,80,85,67,58,0,74,67,1,44,0,12,0,0,66,61,63,58,63,78
l16,2=0,63,0,0,0,0,0,71,58,70,81,67,76,85,90,74,84,0,68,0,68,74,80,78,68,79,1,65,67,10,57,40,0,0,0,44,0,73,35,64,78
l17,2=0,0,0,0,0,0,49,48,0,62,0,0,54,61,37,49,74,58,0,95,82,84,86,79,82,73,19,0,0,62,15,41,65,0,72,0,16,22,38,57,70
l18,2=0,0,0,0,0,0,58,0,45,53,57,0,44,67,0,52,63,0,94,0,80,83,82,78,78,0,85,0,0,0,0,0,0,33,0,0,0,0,0,63,75
l19,2=0,0,1,0,0,0,57,0,40,38,55,43,46,57,0,46,58,50,84,80,0,90,84,85,82,0,0,1,0,62,73,0,64,65,0,67,58,44,17,58,69
l20,2=0,0,0,0,0,0,0,52,40,43,79,39,39,52,81,63,78,62,82,85,87,0,87,85,74,0,85,6,1,15,42,73,14,0,51,71,0,44,50,73,82
l21,2=0,0,42,0,0,0,42,47,59,69,80,45,59,66,80,33,72,70,84,84,80,90,0,85,72,13,63,23,53,39,75,67,31,51,32,0,46,68,52,75,78
l22,2=0,0,0,0,0,0,46,47,59,43,56,0,52,65,43,32,78,64,83,85,89,90,87,0,73,57,63,0,35,15,48,0,19,70,48,44,42,62,28,75,81
l23,2=0,0,0,0,0,0,56,55,49,38,70,0,35,54,1,54,70,62,91,89,89,85,83,79,0,59,73,0,0,63,80,49,71,59,64,80,41,54,32,75,79
l24,2=65,66,50,67,64,61,59,42,25,60,60,52,48,78,90,63,79,61,0,0,29,3,39,0,0,0,76,0,84,51,87,74,64,61,67,69,86,93,84,4,0
l25,2=48,3,51,0,0,40,48,49,46,48,62,16,55,65,90,58,79,73,0,0,0,13,57,59,0,0,0,83,0,59,84,0,67,60,37,88,80,93,90,0,27
l26,2=0,0,0,0,0,0,0,0,0,0,0,0,0,0,28,0,1,19,85,0,85,63,63,73,76,0,0,58,66,0,96,0,94,98,98,94,89,92,93,42,42
l27,2=0,0,0,0,0,0,0,0,0,0,0,0,0,3,63,28,39,43,30,0,84,65,70,72,82,83,58,78,80,81,0,62,94,98,98,94,89,93,95,3,0
l28,2=0,0,0,0,0,0,0,0,0,0,0,0,0,0,8,0,42,0,60,0,73,61,58,67,80,0,66,58,53,81,96,83,0,98,98,94,89,93,95,42,36
l29,2=0,0,0,0,0,0,0,0,0,0,0,0,0,0,0,0,0,0,0,61,86,0,72,81,70,59,0,63,60,81,96,81,94,0,98,94,89,47,90,14,0
l30,2=0,0,0,0,0,0,0,0,0,0,0,0,0,0,0,0,0,0,59,0,0,62,0,65,57,84,96,64,9,81,96,96,94,98,0,94,89,92,58,0,0
l31,2=0,0,0,0,0,0,0,0,0,0,0,0,23,0,43,0,40,41,0,0,73,67,0,49,74,0,0,62,83,81,96,0,94,98,93,0,89,93,95,28,35
l32,2=0,0,0,0,0,0,0,0,0,0,0,0,29,36,45,9,40,0,1,0,59,2,41,46,42,67,94,83,74,81,96,94,87,98,94,94,0,93,95,36,0
l33,2=0,0,0,0,0,0,0,0,26,0,0,0,43,44,79,35,76,72,2,12,72,57,70,74,57,60,98,83,82,72,93,98,88,46,87,93,89,0,94,0,0
l34,2=0,0,0,0,0,0,0,0,0,0,44,0,30,42,80,0,77,41,38,23,44,77,71,46,43,37,98,79,84,78,96,93,88,86,87,94,89,93,0,35,4
l35,2=0,0,0,0,0,0,0,0,28,37,24,0,37,44,42,51,64,57,49,61,71,81,85,84,63,88,94,0,0,8,0,0,0,0,0,11,4,0,6,0,86
l36,2=0,0,0,0,0,0,0,30,28,47,0,0,57,27,50,53,69,65,76,73,78,89,81,84,71,80,89,0,0,6,0,89,0,0,0,20,0,0,0,78,0
l37,2=0,0,0,0,0,0,0,0,0,0,0,0,27,41,0,52,49,44,76,63,74,84,80,78,58,93,92,0,0,0,0,93,0,0,0,0,0,0,0,77,84
l38,2=0,0,0,0,0,0,0,30,48,43,0,49,61,64,78,55,73,51,80,1,79,86,82,79,69,90,93,0,40,0,0,95,0,23,0,56,0,41,25,78,86
l39,2=0,0,0,0,0,0,0,0,0,0,0,0,39,0,50,48,69,39,63,74,79,84,81,80,44,0,42,0,0,11,0,28,0,3,32,23,0,0,0,74,84
l40,2=0,0,0,0,0,0,0,0,0,0,0,0,28,13,1,42,64,30,80,63,79,78,78,78,68,27,42,0,0,0,0,35,0,0,0,24,0,0,0,76,75

l0,3=0,97,90,95,88,92,94,95,76,89,88,97,72,82,82,69,0,0,0,0,0,0,0,0,0,0,0,0,0,0,0,0,0,0,0,0,0,0,0,0,0
l1,3=90,0,92,95,88,92,95,94,81,89,69,93,71,86,87,76,63,78,0,0,0,64,0,0,0,16,0,76,21,0,0,0,0,0,0,0,0,0,0,0,0
l2,3=81,97,0,89,74,78,95,95,76,91,91,95,76,90,87,79,65,1,0,0,0,0,0,50,0,0,0,0,7,0,0,0,0,0,0,0,0,0,0,0,0
l3,3=92,97,91,0,88,92,94,93,79,91,91,95,0,90,72,0,0,9,0,0,0,0,0,0,0,38,0,66,54,0,0,0,0,0,0,0,0,0,0,0,0
l4,3=90,97,90,95,0,92,95,90,65,89,87,87,73,0,0,69,0,0,0,0,0,0,0,0,0,39,0,74,51,0,0,0,0,0,0,0,0,0,0,0,0
l5,3=90,97,84,95,88,0,94,91,86,90,91,95,72,68,75,68,54,10,0,0,0,0,0,0,0,71,0,77,59,0,0,0,0,0,0,0,0,0,0,0,0
l6,3=84,95,91,87,74,90,0,95,78,92,91,97,82,90,76,80,78,81,0,40,38,19,47,62,59,0,0,58,0,0,0,0,0,0,0,0,0,0,0,0,60
l7,3=84,94,91,82,71,87,94,0,82,92,91,97,78,90,80,81,73,71,15,0,47,42,55,48,42,54,0,56,50,0,0,0,0,0,0,0,0,0,0,31,0
l8,3=78,91,89,80,13,85,92,93,0,88,91,97,84,91,88,84,78,85,81,42,76,62,69,65,72,72,0,70,72,0,0,0,0,0,0,0,0,0,0,0,54
l9,3=80,91,89,82,70,85,94,95,79,0,92,97,79,90,89,79,72,88,65,51,52,63,69,63,52,64,0,76,66,0,0,0,0,0,0,0,0,0,0,0,62
l10,3=79,77,89,81,67,86,93,95,86,92,0,97,81,91,87,79,68,87,40,55,26,69,68,63,71,67,0,54,48,0,0,0,0,0,0,0,0,1,26,0,0
l11,3=85,93,89,82,68,87,94,95,83,92,91,0,82,90,87,76,73,76,71,11,78,64,68,1,0,50,0,70,46,0,0,0,0,0,0,0,0,0,0,0,4
l12,3=53,58,69,0,51,75,94,81,83,90,91,94,0,91,92,89,88,96,75,63,77,65,72,72,52,83,0,72,71,0,0,0,0,0,0,0,61,61,0,73,66
l13,3=38,77,65,45,1,68,74,64,75,77,82,80,97,91,0,80,95,96,60,0,17,67,69,68,52,74,0,92,85,0,67,0,0,4,0,73,79,86,0,66,57
l14,3=49,80,66,0,48,71,93,93,86,89,90,65,97,90,88,0,92,96,74,66,79,76,60,54,0,93,0,78,67,0,0,79,0,0,0,0,37,77,40,69,60
l15,3=0,52,36,0,0,37,86,75,78,78,72,56,95,90,93,89,0,96,89,75,80,85,83,84,85,72,0,85,69,2,35,0,34,0,21,59,47,74,65,52,69
l16,3=0,65,0,0,1,45,79,64,76,86,85,63,97,91,93,89,95,0,83,57,78,79,75,67,79,85,24,83,69,55,0,74,0,0,0,0,0,83,5,75,72
l17,3=0,0,0,0,0,0,0,0,62,55,38,46,56,85,51,61,87,67,0,98,90,50,78,77,96,77,58,0,0,89,49,0,55,54,72,67,37,5,0,72,71
l18,3=0,0,0,0,0,0,86,0,28,64,66,0,67,83,0,75,86,73,96,0,89,81,73,76,96,0,94,0,0,0,0,79,34,38,43,0,0,0,0,69,74
l19,3=0,0,0,0,0,0,42,33,53,49,19,62,36,69,17,56,70,59,89,74,0,81,78,84,96,0,0,5,0,63,67,0,34,73,46,61,39,10,31,62,59
l20,3=0,32,0,0,0,0,18,49,37,57,61,51,27,62,58,66,94,69,53,68,90,0,83,84,91,0,87,45,0,64,56,83,44,54,49,55,58,46,49,78,78
l21,3=0,0,0,0,0,0,54,48,69,70,62,56,45,73,62,43,82,73,89,67,92,84,0,83,83,0,77,0,28,56,62,70,32,49,37,45,55,50,47,74,76
l22,3=0,0,26,0,0,0,55,30,53,59,61,0,70,83,65,34,87,57,87,74,94,85,83,0,90,32,74,0,36,67,47,32,52,73,27,53,36,49,0,77,78
l23,3=0,0,0,0,0,0,52,33,48,44,64,0,19,55,46,0,87,71,96,92,94,81,78,77,0,56,81,1,0,49,92,59,82,57,36,70,54,43,25,74,65
l24,3=0,73,43,50,53,86,74,55,62,69,66,68,76,82,93,78,92,89,0,0,22,54,0,0,0,0,71,0,85,76,90,83,0,55,57,90,91,92,94,50,44
l25,3=0,16,0,38,39,71,0,54,72,64,67,50,83,74,93,72,85,77,0,0,0,0,32,56,0,0,0,92,0,77,94,0,63,77,74,94,95,92,96,15,54
l26,3=0,0,0,0,0,0,0,0,0,0,0,0,0,0,0,0,24,58,94,0,87,77,74,81,71,0,0,84,79,0,100,0,100,100,100,97,95,88,100,44,0
l27,3=0,0,0,0,0,0,0,0,0,0,0,0,0,0,79,0,66,0,68,0,92,67,72,75,96,92,84,90,84,99,0,92,100,100,98,97,95,92,100,62,0
l28,3=0,0,0,0,0,0,0,0,0,0,0,0,0,0,0,0,80,0,85,61,87,76,58,83,96,0,79,7,68,99,100,85,0,100,100,97,95,92,100,0,50
l29,3=0,0,0,0,0,0,0,0,0,0,0,0,0,0,25,0,0,0,81,59,94,72,65,84,87,77,0,75,81,99,100,99,100,0,100,97,95,92,100,0,0
l30,3=0,0,0,0,0,0,0,0,0,0,0,0,0,0,0,0,18,0,82,1,81,67,0,0,10,94,100,78,75,99,100,100,100,100,0,97,95,90,86,0,0
l31,3=0,0,0,0,0,0,0,0,0,0,0,0,0,0,79,0,74,0,79,0,83,70,32,59,83,0,0,92,85,99,100,0,100,100,100,0,95,92,100,0,0
l32,3=0,0,0,0,0,0,0,0,0,0,0,0,72,0,79,43,72,0,52,0,59,68,67,45,77,63,100,87,85,99,100,100,97,100,100,97,0,92,100,0,0
l33,3=0,0,0,0,0,0,0,0,1,0,0,0,66,72,85,82,80,81,0,0,29,63,69,70,56,77,100,92,85,84,100,100,93,87,84,97,95,0,100,0,0
l34,3=0,0,0,0,1,20,0,0,0,0,60,0,0,51,26,72,80,2,0,0,79,74,73,0,56,74,100,92,85,99,100,100,100,100,85,97,95,92,0,33,37
l35,3=0,0,0,0,0,0,0,0,0,0,0,0,28,56,50,36,43,57,65,56,67,74,61,69,52,94,97,32,0,9,36,0,0,0,0,0,0,0,1,0,82
l36,3=0,0,0,0,0,0,49,0,17,55,13,0,41,59,56,52,59,62,63,61,69,75,71,68,63,95,95,28,27,0,0,95,0,0,0,0,0,0,0,80,0
l37,3=0,0,0,0,0,0,0,0,0,0,0,0,40,41,49,10,47,19,65,22,65,75,70,69,41,92,88,0,0,0,0,92,0,0,0,0,0,0,0,80,82
l38,3=0,0,0,0,0,0,23,33,2,26,46,61,62,73,73,70,79,70,62,0,81,84,77,77,54,96,100,20,30,37,0,100,0,0,0,43,0,38,0,80,78
l39,3=0,0,0,0,0,0,0,0,3,0,0,0,27,40,41,31,62,51,66,61,52,82,74,78,57,15,44,0,0,44,24,0,17,35,40,44,0,0,0,80,82
l40,3=0,0,0,0,0,0,0,0,16,0,0,0,19,30,39,9,57,40,69,46,67,70,61,72,74,54,0,0,0,35,26,0,19,0,0,31,0,0,0,80,77

l0,4=0,96,88,95,97,94,78,98,83,82,84,88,86,78,0,51,0,0,0,0,0,0,0,0,0,0,0,82,0,0,0,0,0,0,0,0,0,0,0,0,0
l1,4=98,0,93,95,93,95,80,98,82,82,84,89,76,73,62,0,62,41,0,0,0,66,0,0,0,0,0,70,0,0,0,0,0,0,0,0,0,0,0,0,0
l2,4=94,97,0,88,97,91,80,99,82,84,87,88,0,18,60,56,58,0,0,0,0,0,0,68,0,39,0,65,50,0,0,0,0,0,0,0,0,0,0,0,0
l3,4=98,96,93,0,97,94,80,96,83,82,82,90,78,80,61,58,52,0,0,0,0,0,0,0,0,74,0,80,74,0,0,0,0,0,0,0,0,0,0,0,0
l4,4=97,96,93,95,0,94,80,86,84,82,87,90,79,74,62,62,0,0,0,0,0,0,0,0,0,81,0,83,77,0,0,0,0,0,0,0,0,0,0,0,0
l5,4=97,97,75,95,97,0,78,98,84,82,91,88,31,70,61,53,0,53,0,0,0,0,0,0,0,57,0,87,49,0,0,0,0,0,0,0,0,58,0,0,0
l6,4=95,92,92,87,88,91,0,99,74,86,84,90,91,75,8,59,70,64,53,0,72,66,58,70,57,0,0,63,9,0,0,0,0,0,0,0,0,0,0,0,58
l7,4=95,91,86,69,69,92,78,0,84,86,84,90,91,79,63,64,62,65,0,0,72,69,60,0,76,63,0,66,53,0,0,0,0,0,0,0,0,0,0,0,9
l8,4=82,79,70,69,73,90,68,94,0,66,90,85,90,83,66,64,67,70,59,46,71,68,68,76,75,67,0,16,56,0,0,0,0,0,0,0,0,0,4,11,60
l9,4=84,89,86,73,87,92,78,99,77,0,91,91,81,79,17,66,67,67,0,38,78,65,62,74,73,65,0,55,60,0,0,0,0,0,0,0,0,0,0,0,2
l10,4=83,80,88,66,77,92,78,97,84,86,0,93,92,83,68,56,66,74,0,52,70,69,61,78,78,0,0,54,0,0,0,0,0,0,0,0,0,0,0,0,60
l11,4=93,89,84,77,80,91,78,99,84,86,87,0,92,72,67,60,65,70,59,0,76,65,63,76,75,0,0,0,0,0,0,0,0,0,0,0,0,0,0,0,54
l12,4=79,53,0,55,65,56,71,86,82,69,79,82,0,83,84,84,74,84,57,0,76,72,74,78,76,73,0,72,52,0,0,0,0,0,0,0,56,0,60,55,71
l13,4=0,63,58,51,66,70,0,79,75,35,80,79,93,81,0,79,89,83,0,0,0,63,70,82,0,80,0,97,93,0,61,48,0,0,0,73,61,72,70,42,65
l14,4=46,0,62,55,64,69,72,82,82,67,69,71,93,84,78,0,83,68,0,44,71,70,64,74,60,85,3,72,57,0,0,80,0,0,0,7,38,61,60,26,67
l15,4=0,46,38,0,0,0,74,65,77,66,68,60,87,78,81,80,0,89,70,69,77,83,86,86,83,72,0,78,68,0,36,10,52,0,0,55,51,48,62,37,75
l16,4=0,26,0,0,0,65,47,77,77,64,78,78,93,82,85,62,89,0,68,55,76,82,76,78,84,84,0,75,58,61,2,71,0,0,0,58,40,50,57,56,78
l17,4=0,0,0,0,0,0,30,0,43,0,0,54,52,67,0,0,77,64,0,96,76,81,90,84,94,69,39,0,0,74,58,63,53,0,69,68,50,22,41,62,76
l18,4=0,0,0,0,0,0,0,0,24,39,51,0,0,63,0,44,86,56,93,0,82,82,88,87,94,0,90,0,0,0,0,80,58,0,0,47,0,0,0,62,74
l19,4=0,0,0,0,0,0,42,64,52,48,54,62,60,49,0,46,71,49,75,62,0,83,88,93,94,0,0,0,0,61,36,70,59,67,47,56,41,47,53,42,66
l20,4=0,31,0,0,0,0,30,65,62,49,65,57,70,70,32,70,86,81,83,58,92,0,91,93,88,0,82,36,0,65,20,77,56,34,49,56,65,38,64,70,83
l21,4=0,0,0,0,0,0,36,70,75,52,69,70,83,74,69,77,82,76,86,82,82,82,0,87,87,19,75,0,0,65,36,79,39,13,27,54,64,49,64,71,83
l22,4=0,0,20,0,0,0,38,0,60,49,66,63,73,61,64,59,76,65,77,59,91,85,90,0,81,0,77,0,0,73,46,78,65,60,41,65,58,53,50,54,81
l23,4=0,0,0,0,0,0,39,61,42,44,59,60,66,51,0,50,81,72,93,89,92,81,84,86,0,0,92,43,21,62,69,83,70,61,49,61,54,52,0,56,65
l24,4=72,38,45,52,55,92,39,69,0,48,57,0,89,81,85,78,85,83,0,0,0,49,0,0,27,23,83,0,93,78,64,73,45,45,41,77,99,96,100,31,0
l25,4=0,0,39,74,81,57,0,63,67,65,0,0,73,80,85,72,84,69,0,0,0,19,0,0,23,0,0,97,0,60,87,0,78,81,85,87,97,95,100,0,51
l26,4=0,0,0,0,0,0,0,0,0,0,0,0,0,0,3,0,0,39,90,0,82,75,77,92,83,0,0,82,55,0,91,0,99,99,100,99,99,95,100,49,0
l27,4=0,0,0,0,3,0,0,0,0,0,0,0,0,71,69,0,70,1,77,0,81,68,75,86,88,97,82,77,87,97,0,84,99,99,90,99,99,97,100,49,49
l28,4=0,0,0,0,0,0,0,0,0,0,0,0,0,0,0,0,83,0,84,83,90,82,77,89,94,0,55,71,82,97,91,79,0,99,100,99,99,97,100,1,79
l29,4=0,0,0,0,0,0,0,0,0,0,0,0,0,0,0,0,0,0,1,0,91,71,5,88,90,60,0,71,89,97,91,97,99,0,100,99,99,95,100,19,41
l30,4=0,0,0,0,0,0,0,0,0,0,0,0,0,0,0,0,0,0,86,0,81,81,4,84,81,87,91,12,84,97,91,91,99,99,0,99,99,97,85,0,0
l31,4=0,0,0,0,0,0,0,0,0,0,0,0,0,48,80,10,71,63,80,70,77,79,78,83,73,0,0,84,79,97,91,0,99,99,100,0,99,97,100,38,1
l32,4=0,0,0,0,0,0,0,0,0,0,0,0,86,1,73,49,73,40,82,0,73,83,81,74,77,78,99,93,91,97,91,99,99,92,98,99,0,97,100,0,0
l33,4=0,0,0,0,0,69,0,0,0,0,0,0,0,74,72,63,68,58,22,0,70,61,66,68,69,81,99,97,93,82,91,99,95,90,92,99,99,0,100,0,0
l34,4=0,0,0,0,0,0,0,0,25,0,0,0,76,8,75,62,76,57,61,1,82,80,82,68,0,85,100,97,93,97,91,100,99,99,90,99,99,97,0,0,0
l35,4=0,0,0,0,0,0,0,0,24,0,8,0,67,42,32,4,40,51,55,40,45,79,81,68,65,87,99,38,0,36,8,0,0,8,0,0,0,0,0,0,83
l36,4=0,0,0,0,0,0,23,0,44,0,42,38,70,50,34,64,78,76,63,28,65,81,80,84,55,97,99,0,29,0,13,99,37,6,0,0,0,0,0,73,0
l37,4=0,0,0,0,0,0,0,0,0,0,0,0,66,8,32,40,57,42,52,35,40,78,79,62,76,95,95,0,0,0,0,97,0,0,0,0,0,0,0,73,83
l38,4=0,0,0,0,0,0,16,0,16,50,55,63,69,50,71,68,77,73,67,34,78,81,83,86,60,100,100,50,44,59,0,100,0,0,0,46,0,36,0,69,81
l39,4=0,0,0,0,0,0,0,0,41,0,0,3,58,26,0,54,79,65,74,55,76,81,86,77,74,0,49,0,0,58,0,38,40,36,0,49,0,0,1,73,83
l40,4=0,0,0,0,0,0,0,0,28,0,0,0,29,2,34,39,57,49,71,37,60,73,72,81,74,51,0,0,0,46,12,1,0,11,0,32,14,0,0,69,83

l0,5=0,78,90,92,89,89,80,84,0,93,74,91,48,43,69,50,0,0,0,0,0,0,0,0,0,0,0,45,0,0,0,0,0,0,0,0,0,0,0,0,0
l1,5=94,0,90,92,34,89,82,85,49,82,74,91,38,40,71,0,62,17,0,0,0,0,0,0,0,3,0,58,0,0,0,0,0,0,0,0,0,46,0,0,0
l2,5=94,77,0,90,89,89,83,89,44,88,74,91,45,41,7,0,49,0,0,0,0,0,0,13,0,45,0,72,66,0,0,0,0,0,0,0,0,0,0,0,0
l3,5=95,84,93,0,94,91,80,40,2,93,66,89,30,76,63,52,0,0,0,0,0,0,0,0,0,30,0,62,54,0,1,0,0,0,0,0,0,0,0,0,0
l4,5=94,5,90,92,0,91,55,46,24,73,74,83,0,41,67,71,59,0,0,0,0,0,0,0,0,13,0,61,61,0,0,0,0,0,0,0,0,0,0,0,0
l5,5=94,78,88,90,93,0,62,91,72,92,73,84,37,35,67,74,38,18,0,0,0,0,0,0,0,4,0,65,30,0,0,0,0,0,0,0,0,47,0,0,0
l6,5=94,83,94,83,76,77,0,91,77,94,80,93,75,72,56,76,71,19,0,12,55,25,53,35,32,0,0,39,0,0,0,0,0,0,0,0,0,0,0,0,0
l7,5=90,66,69,53,68,84,81,0,87,93,73,92,78,72,71,88,50,22,15,0,0,38,67,54,38,0,0,25,0,0,0,0,0,0,0,0,0,0,0,0,24
l8,5=0,33,53,0,26,50,60,56,0,82,76,89,83,81,74,85,70,38,24,5,25,37,67,60,33,25,0,52,42,0,0,0,0,0,0,0,0,0,15,6,28
l9,5=49,33,67,74,32,77,80,91,78,0,80,91,0,72,52,85,63,23,0,0,27,36,57,52,43,10,0,32,65,0,0,0,0,0,0,0,0,0,0,0,1
l10,5=61,72,88,57,49,51,80,90,89,94,0,93,81,78,71,85,71,41,20,14,5,41,63,63,41,2,0,19,0,0,0,0,0,0,0,0,0,1,0,6,27
l11,5=82,67,78,74,76,76,78,90,84,94,80,0,78,71,80,84,71,36,26,0,24,46,62,50,41,26,0,68,32,0,0,0,0,0,0,0,0,0,0,0,27
l12,5=0,3,26,19,0,6,58,29,82,0,73,85,0,79,90,91,78,62,25,9,9,37,45,53,29,43,0,55,40,0,0,17,0,0,0,4,6,31,23,7,31
l13,5=8,15,0,32,11,25,29,18,29,12,41,52,52,50,0,85,78,53,17,0,25,43,65,66,22,50,0,84,89,17,11,25,0,0,0,37,45,85,63,16,4
l14,5=0,0,0,25,23,17,44,48,29,44,58,41,83,79,70,0,68,62,25,14,19,32,70,61,0,94,41,73,50,0,0,67,0,0,0,7,0,35,0,19,52
l15,5=0,7,0,0,20,3,54,7,32,48,57,65,75,73,89,67,0,63,44,27,74,70,77,68,55,84,0,59,73,30,23,21,14,12,0,55,24,66,0,36,82
l16,5=0,12,0,0,0,7,38,17,29,34,45,49,81,79,90,91,82,0,30,1,27,70,73,0,56,79,57,66,83,0,0,69,0,0,0,5,5,53,46,23,32
l17,5=0,0,0,0,0,0,0,2,22,0,16,15,32,51,18,26,55,26,0,76,85,69,75,66,63,39,0,0,0,37,33,21,0,33,44,45,32,32,14,33,64
l18,5=0,0,0,0,0,0,32,0,12,0,23,0,47,47,0,24,53,4,73,0,52,59,65,64,61,0,38,0,0,17,0,33,12,0,0,23,0,0,0,58,54
l19,5=0,0,0,0,0,0,47,0,38,41,5,19,30,55,53,30,68,31,63,28,0,78,82,75,62,0,13,17,4,17,51,15,42,60,56,26,38,57,8,72,84
l20,5=0,0,0,0,0,0,15,7,20,17,49,21,45,53,58,56,75,49,54,29,90,0,84,76,57,2,27,15,17,19,14,26,22,15,11,8,55,41,42,71,82
l21,5=0,0,0,0,0,0,30,39,56,15,40,39,48,49,54,67,71,46,53,62,90,78,0,71,56,23,51,20,36,18,20,32,11,7,0,0,43,19,0,72,82
l22,5=0,0,0,0,0,0,20,9,37,19,52,8,47,53,60,56,72,0,63,62,88,78,79,0,55,37,46,9,0,38,48,2,26,14,37,49,32,0,17,71,85
l23,5=0,0,0,0,0,0,16,11,21,17,28,17,31,32,17,0,64,38,73,66,90,69,74,62,0,0,65,0,7,22,37,61,23,26,0,31,14,38,14,58,48
l24,5=10,12,58,42,14,9,35,0,26,9,2,37,47,49,84,91,77,36,0,0,6,22,29,14,0,6,48,0,91,19,17,49,36,22,26,5,57,94,77,12,3
l25,5=0,3,45,30,13,4,0,0,25,10,2,26,43,50,94,84,79,39,0,0,2,23,37,0,6,0,0,90,0,37,50,0,34,43,31,3,89,94,79,14,6
l26,5=0,0,0,0,0,0,0,0,0,0,0,0,0,0,41,0,57,0,38,13,27,51,46,65,48,0,0,42,55,0,83,0,86,91,91,85,96,68,93,0,0
l27,5=0,0,0,0,0,0,0,0,0,0,0,0,0,0,41,0,58,0,25,0,74,37,34,68,55,90,42,45,65,77,0,48,86,91,91,85,96,95,94,21,20
l28,5=0,0,0,0,0,0,0,0,0,0,0,0,0,0,1,0,60,0,4,14,60,63,53,58,49,0,55,52,58,77,83,39,0,91,91,85,96,95,94,28,0
l29,5=0,0,0,0,0,0,0,0,0,0,0,0,0,0,0,0,41,0,28,0,77,53,0,47,48,37,0,36,69,77,83,77,86,0,91,84,96,84,81,0,0
l30,5=0,0,0,0,0,0,0,0,0,0,0,0,0,0,0,0,0,0,29,0,69,53,0,61,0,50,83,48,66,77,83,83,86,91,0,83,83,79,65,0,0
l31,5=0,0,0,0,0,0,0,0,0,0,0,0,17,25,67,21,69,21,33,15,26,32,2,61,49,0,0,48,39,77,83,0,86,81,83,0,96,95,94,17,7
l32,5=0,0,0,0,0,0,0,0,0,0,0,0,30,0,76,0,64,19,24,0,7,49,45,32,15,34,86,90,90,77,55,86,86,90,31,85,0,95,94,0,0
l33,5=0,17,0,0,0,5,0,0,0,0,1,0,15,40,80,58,76,32,26,0,11,40,11,0,44,43,91,90,76,26,82,81,81,83,60,49,95,0,94,2,0
l34,5=0,0,0,0,0,1,0,0,12,0,0,0,32,30,72,21,29,33,24,0,5,45,31,36,49,31,91,90,91,77,83,83,86,83,44,85,96,95,0,0,0
l35,5=0,0,0,0,0,0,0,0,2,0,1,0,23,26,8,29,28,19,14,19,37,69,47,45,25,3,85,1,0,0,2,0,2,0,0,0,0,0,0,0,84
l36,5=0,0,0,0,0,0,0,0,15,0,7,9,59,48,13,67,67,44,40,5,73,63,70,67,24,89,96,0,15,0,3,96,0,0,0,0,0,0,0,70,0
l37,5=0,0,0,0,0,0,0,0,0,0,0,0,35,6,0,12,38,4,28,12,10,67,54,13,23,94,68,0,0,3,2,95,0,0,0,0,0,0,0,72,83
l38,5=0,0,0,0,0,0,0,3,1,3,56,5,63,56,72,67,69,46,18,11,74,70,72,71,42,79,93,15,4,13,0,94,0,0,0,0,0,41,3,72,85
l39,5=0,0,0,0,0,0,0,0,10,0,0,0,34,0,24,35,69,25,47,0,78,70,76,67,54,14,0,0,0,5,0,17,16,11,0,0,0,30,0,73,85
l40,5=0,0,0,0,0,0,0,0,11,0,0,0,10,1,4,23,20,16,32,0,65,60,60,63,51,6,0,0,0,14,0,7,12,0,0,22,5,0,0,74,84

l0,6=0,93,88,88,89,86,88,72,40,75,82,88,44,59,75,29,3,5,0,0,0,0,0,0,0,11,0,7,3,0,0,0,0,0,0,0,0,0,0,0,0
l1,6=84,0,90,85,89,87,91,67,69,59,85,87,0,63,56,61,46,5,0,0,0,0,0,0,0,10,0,40,4,0,0,0,0,0,0,0,0,0,0,0,0
l2,6=83,95,0,87,85,87,91,63,38,68,87,88,32,67,62,26,28,0,0,0,0,0,43,0,0,0,0,3,0,0,0,0,0,0,0,0,0,0,0,0,0
l3,6=89,95,90,0,89,87,89,73,48,81,36,85,30,68,76,24,0,0,0,0,0,0,0,0,0,0,0,22,0,0,0,0,0,0,0,0,0,0,0,0,0
l4,6=89,95,89,88,0,87,82,72,12,80,86,77,38,50,0,31,18,0,0,0,0,0,0,0,0,49,0,41,28,0,0,0,0,0,0,0,0,0,0,0,0
l5,6=88,95,90,84,89,0,86,67,83,76,82,85,46,67,39,36,9,15,0,0,0,0,0,0,0,31,0,0,14,0,0,0,0,0,0,0,2,0,0,0,0
l6,6=80,92,90,74,75,84,0,80,65,82,85,87,58,72,36,39,55,0,36,23,24,36,48,40,29,0,0,0,0,0,0,0,0,0,0,0,0,0,0,0,0
l7,6=79,89,75,71,76,84,91,0,83,82,87,90,62,70,55,62,0,39,0,14,3,44,49,32,8,0,0,11,0,0,0,0,0,0,0,0,0,0,0,3,0
l8,6=16,45,31,38,34,56,68,64,0,75,87,85,73,79,71,41,32,39,31,25,31,58,64,55,30,22,0,3,13,0,0,0,0,0,0,0,0,6,12,14,20
l9,6=73,38,68,72,76,79,86,70,80,0,87,85,61,73,50,62,59,26,45,2,34,57,41,32,35,9,0,13,7,0,0,0,0,0,0,0,0,0,0,0,0
l10,6=58,84,83,0,77,44,89,75,88,82,0,90,69,75,58,66,60,39,0,0,6,54,57,50,16,44,0,0,11,0,0,0,0,0,0,0,0,0,0,30,26
l11,6=82,89,90,56,65,75,91,80,88,82,87,0,67,73,58,61,61,39,14,0,32,50,47,34,34,35,0,23,28,0,0,0,0,0,0,0,0,0,0,0,10
l12,6=20,0,4,12,34,24,71,60,83,40,69,77,0,74,83,73,69,45,26,31,31,59,35,5,41,52,0,29,12,0,10,24,0,0,0,4,0,14,0,12,37
l13,6=22,4,9,24,0,4,46,36,44,20,32,63,64,66,0,49,41,45,8,0,37,62,57,57,20,63,0,39,52,12,0,46,0,10,0,26,0,50,25,30,21
l14,6=8,22,3,4,33,16,22,48,46,63,74,70,76,67,74,0,59,64,42,31,36,49,60,52,44,86,35,20,16,0,1,50,0,0,0,5,0,18,0,23,35
l15,6=0,23,13,0,25,9,30,0,35,41,44,40,63,58,75,50,0,72,53,31,44,63,64,55,53,41,0,0,28,11,20,8,42,8,0,38,41,41,3,52,54
l16,6=25,4,0,0,0,16,0,24,52,21,47,37,67,71,83,66,74,0,49,33,34,65,63,48,50,34,44,33,39,0,17,60,0,0,0,35,40,27,39,21,52
l17,6=0,0,0,0,0,0,8,0,10,14,0,7,14,50,6,16,49,26,0,60,58,54,70,60,70,39,0,0,0,34,42,20,11,32,8,53,16,15,13,50,16
l18,6=0,0,0,0,0,0,15,4,8,12,0,0,33,49,0,12,47,22,76,0,43,50,56,52,67,0,66,0,0,12,12,60,0,0,0,26,6,0,0,29,17
l19,6=0,0,0,0,0,0,8,0,11,16,14,10,15,48,29,9,51,16,78,31,0,67,71,73,71,0,25,0,9,11,58,18,25,55,17,45,3,18,20,61,27
l20,6=0,0,0,0,0,0,9,5,19,29,32,14,34,53,51,28,54,55,62,33,66,0,77,73,62,19,15,6,10,9,26,50,31,16,0,30,26,24,13,63,62
l21,6=0,0,6,0,0,0,24,7,38,15,23,26,13,17,37,39,66,52,72,42,65,68,0,72,66,47,46,0,9,0,42,50,17,14,0,19,13,4,25,53,58
l22,6=0,0,0,0,0,0,16,4,22,15,25,11,2,53,51,29,53,19,60,20,66,68,77,0,63,45,8,0,0,22,26,53,30,17,12,26,20,19,20,61,64
l23,6=0,0,0,0,0,0,9,1,5,14,10,10,13,34,11,7,58,41,75,55,65,54,70,61,0,0,55,0,0,25,45,49,11,32,10,46,20,12,12,59,18
l24,6=6,6,0,21,63,4,0,29,16,16,0,58,64,34,84,49,0,26,0,0,0,46,0,0,0,0,53,0,24,13,32,48,31,26,13,39,66,57,44,8,0
l25,6=11,10,0,0,49,31,0,0,22,9,44,35,52,63,86,41,34,39,0,0,19,47,45,0,0,0,0,70,0,22,44,0,40,29,24,46,64,79,75,26,0
l26,6=0,0,0,0,0,0,0,0,0,0,0,0,0,0,35,0,44,0,66,25,15,46,8,55,53,0,0,28,33,0,77,0,78,83,82,81,77,66,57,0,0
l27,6=0,0,0,0,0,0,0,0,0,0,0,0,11,0,0,3,46,3,53,16,48,48,57,52,51,70,28,37,33,54,0,37,76,80,70,77,62,87,79,12,6
l28,6=0,0,0,0,0,0,0,0,0,0,0,0,0,0,29,0,45,0,44,0,45,50,53,55,45,0,33,32,22,54,77,27,0,84,86,82,77,85,80,0,0
l29,6=0,0,0,0,0,0,0,0,0,0,0,0,0,0,16,0,39,0,61,0,56,44,54,27,51,22,0,37,34,53,72,54,78,0,81,76,70,79,53,5,0
l30,6=0,0,0,0,0,0,0,0,0,0,0,0,0,0,0,0,0,0,3,0,44,0,0,51,45,44,77,29,29,52,73,77,76,76,0,75,51,72,70,0,0
l31,6=0,0,0,0,0,0,0,0,0,0,0,0,24,46,50,8,60,20,60,18,50,50,53,49,48,0,0,37,27,54,77,0,75,54,66,0,85,91,83,18,19
l32,6=0,0,0,0,0,5,0,0,0,0,0,0,0,22,1,0,35,13,32,0,39,49,44,51,46,40,78,61,37,54,62,75,68,42,18,82,0,91,83,6,0
l33,6=0,0,0,0,0,3,0,0,8,0,0,0,34,49,86,20,44,14,8,0,39,56,13,53,43,29,83,74,53,38,77,54,75,51,30,82,85,0,83,0,0
l34,6=0,0,0,0,0,0,0,0,13,0,0,0,0,4,49,14,24,19,25,0,41,45,53,49,43,24,82,55,37,42,76,66,71,28,31,82,85,91,0,11,0
l35,6=0,0,0,0,0,0,0,0,0,0,0,0,3,5,6,2,30,0,26,1,19,48,35,47,52,46,81,0,0,0,0,0,0,0,0,0,1,0,0,0,63
l36,6=0,0,0,0,0,0,0,0,3,0,10,2,35,43,37,31,47,39,17,2,19,56,55,67,18,64,77,0,0,0,1,85,0,0,0,3,0,0,0,67,0
l37,6=0,0,0,0,0,0,0,0,0,0,0,0,9,1,5,7,34,0,8,1,4,44,56,35,3,79,66,0,0,0,3,91,0,0,0,0,0,0,0,64,62
l38,6=0,0,0,0,0,0,1,0,0,6,25,15,45,45,44,37,61,51,46,19,33,66,62,62,46,75,57,5,8,0,0,83,0,0,0,8,0,12,5,67,67
l39,6=0,0,0,0,0,0,0,0,0,0,0,0,15,0,25,13,51,21,18,0,29,47,69,60,60,26,0,0,0,8,1,18,10,3,0,3,0,8,0,69,68
l40,6=0,0,0,0,0,0,0,0,0,0,0,0,5,0,2,7,17,5,15,0,50,48,65,49,55,0,0,0,0,8,4,19,2,0,0,15,0,0,0,66,63

l0,7=0,87,82,97,97,83,77,61,82,73,84,83,36,63,42,20,28,2,0,0,0,0,0,0,0,15,0,48,46,0,0,0,0,0,0,0,0,5,0,0,0
l1,7=92,0,85,97,97,84,84,67,86,91,85,84,20,79,0,20,32,8,0,0,0,0,0,0,0,0,0,2,1,0,0,0,0,0,0,0,0,0,0,0,0
l2,7=92,87,0,97,97,83,87,64,78,91,85,84,28,43,44,24,20,3,8,0,0,0,0,0,0,0,0,65,0,0,0,0,0,0,0,0,0,0,0,0,0
l3,7=92,87,85,0,97,83,74,68,81,83,84,76,15,68,47,4,8,0,0,0,0,0,0,0,0,0,0,58,7,0,0,0,0,0,0,0,0,0,0,0,0
l4,7=92,87,84,97,0,85,77,68,77,91,63,64,31,27,0,0,15,0,0,0,0,0,0,0,0,62,0,73,66,0,0,0,0,0,0,0,0,0,0,0,0
l5,7=92,87,85,97,97,0,84,64,86,91,44,81,38,75,37,36,11,1,0,0,0,0,0,0,0,0,0,76,7,0,0,0,0,0,0,0,0,0,0,0,0
l6,7=89,81,81,91,93,80,0,74,84,88,82,85,63,77,8,42,47,22,23,32,8,47,0,38,11,15,0,0,21,0,0,0,0,0,0,0,0,0,0,0,0
l7,7=73,79,73,93,93,77,87,0,82,91,86,88,75,67,12,30,38,64,19,1,23,3,23,35,21,25,0,19,54,0,0,0,0,0,0,0,0,0,0,0,43
l8,7=61,28,24,23,58,73,33,58,0,34,81,81,80,79,39,33,41,73,30,33,49,23,21,32,2,51,0,48,58,0,0,0,0,0,0,0,0,24,5,23,26
l9,7=77,64,81,36,93,79,83,70,85,0,86,86,80,79,35,49,48,10,11,0,46,31,5,32,38,3,0,23,0,0,0,0,0,0,0,0,0,0,0,0,44
l10,7=81,79,59,36,87,35,83,71,86,91,0,89,80,79,34,49,37,65,36,38,11,25,21,33,15,25,0,49,47,0,0,0,0,0,0,0,0,23,0,13,16
l11,7=88,79,81,85,93,79,82,72,86,91,86,0,80,53,59,49,59,31,8,32,18,17,46,0,6,24,0,45,29,0,0,0,0,0,0,0,0,3,0,0,2
l12,7=12,8,4,0,24,19,23,43,86,24,48,55,0,82,76,51,56,78,28,19,24,24,12,33,39,52,0,76,56,0,0,23,0,0,0,3,1,3,4,29,33
l13,7=25,0,5,1,0,13,0,3,74,2,21,18,57,50,0,30,50,85,23,0,30,26,18,29,0,42,0,86,96,0,2,0,0,2,6,8,7,46,8,47,54
l14,7=32,12,9,2,1,43,20,41,86,47,48,58,83,79,46,0,47,79,24,5,26,27,23,31,38,78,0,67,58,0,0,34,0,0,0,2,0,8,12,30,58
l15,7=1,14,11,0,46,15,34,26,47,56,56,39,74,56,72,33,0,75,53,64,16,69,50,68,50,21,0,51,50,21,34,0,0,0,0,22,18,30,4,46,61
l16,7=0,0,3,0,0,8,8,39,74,5,24,28,77,77,77,42,66,0,39,54,50,77,34,31,46,33,33,53,53,0,10,56,0,0,1,2,7,11,6,53,57
l17,7=0,0,0,0,0,0,2,9,4,9,1,8,44,45,13,5,52,33,0,80,80,73,61,45,61,28,0,0,0,37,39,2,22,35,0,32,2,0,7,65,59
l18,7=0,0,0,0,0,0,12,0,20,18,35,16,26,54,2,11,52,46,86,0,73,69,52,47,55,0,65,0,0,26,0,57,0,0,0,22,7,0,0,65,57
l19,7=0,0,0,0,0,0,0,8,43,34,9,14,42,45,24,24,9,57,79,67,0,77,62,73,62,0,20,0,0,16,49,59,46,53,28,37,9,32,21,73,67
l20,7=0,0,0,0,0,0,13,4,30,17,31,11,23,54,49,25,54,68,67,61,85,0,71,77,54,0,30,12,12,20,35,65,42,0,0,9,0,32,17,70,69
l21,7=0,0,2,0,0,0,4,20,45,8,59,11,39,37,30,37,54,67,83,50,85,78,0,77,60,23,53,19,0,0,31,42,21,18,0,5,16,18,33,70,65
l22,7=0,0,0,0,0,0,18,16,48,34,16,1,59,53,38,33,53,58,21,22,85,78,71,0,53,0,0,14,13,36,24,14,48,36,20,20,12,38,25,74,72
l23,7=0,0,0,0,0,0,0,7,12,25,25,6,29,23,13,23,54,48,85,70,85,77,66,64,0,13,64,9,0,36,46,42,23,50,29,38,14,16,17,73,15
l24,7=11,0,16,8,87,28,0,11,43,2,25,16,55,49,47,24,29,28,0,0,0,6,7,1,1,0,48,0,97,22,51,50,16,35,17,29,19,50,15,0,0
l25,7=15,0,0,0,62,0,15,25,51,3,25,24,52,42,78,21,33,28,0,0,0,23,0,13,0,0,0,90,0,28,62,0,35,37,25,21,25,17,7,0,9
l26,7=0,0,0,0,0,0,0,0,0,0,0,0,0,0,0,0,33,0,65,20,30,53,0,64,48,0,0,32,58,0,69,0,79,93,88,71,76,74,67,16,21
l27,7=0,0,0,0,0,0,0,0,0,0,0,0,0,0,4,0,22,17,47,0,59,62,29,38,46,90,32,62,62,64,0,69,74,87,82,66,47,87,75,0,0
l28,7=0,0,0,0,0,0,0,0,0,0,0,0,0,0,0,0,7,0,40,0,57,70,46,60,46,0,58,51,35,64,68,58,0,93,95,71,42,83,54,0,0
l29,7=0,0,0,0,0,0,0,0,0,0,0,0,0,0,21,0,0,0,50,0,70,0,32,58,50,28,0,56,72,63,68,64,79,0,94,66,65,68,59,0,0
l30,7=0,0,0,0,0,0,0,0,0,0,0,0,0,0,11,0,0,0,0,0,66,0,0,60,48,62,69,47,36,60,64,69,79,93,0,66,65,77,67,46,0
l31,7=0,0,0,0,0,0,0,0,0,0,0,0,23,0,34,0,56,2,57,59,65,42,14,42,50,0,0,69,58,64,69,0,79,91,92,0,76,87,80,57,56
l32,7=0,0,0,0,0,0,0,0,0,0,0,0,14,0,19,0,25,11,0,13,30,6,29,31,46,35,79,44,49,64,59,79,45,61,82,71,0,87,80,24,0
l33,7=0,0,0,0,0,0,0,0,21,0,25,1,16,53,77,5,28,26,0,0,60,56,32,58,43,37,93,81,48,35,69,91,52,41,83,71,76,0,54,0,20
l34,7=0,0,0,0,0,0,0,0,14,0,0,0,8,0,33,4,13,11,16,15,54,42,31,42,26,25,88,76,34,61,69,92,70,40,80,71,76,87,0,7,0
l35,7=0,0,0,0,0,0,0,0,1,1,1,0,17,5,14,1,21,23,19,11,51,64,49,53,48,21,71,0,0,0,0,0,0,0,1,3,1,0,0,0,70
l36,7=0,0,0,0,0,0,0,4,6,2,4,0,35,22,42,28,50,40,39,5,45,71,39,70,6,25,76,0,0,3,0,76,0,0,0,2,0,6,0,74,0
l37,7=0,0,0,0,0,0,0,0,0,0,0,0,9,0,3,4,3,1,25,3,0,59,35,49,15,17,74,0,0,0,0,87,0,0,0,0,0,0,0,73,68
l38,7=0,0,0,0,0,0,2,0,26,1,27,0,56,53,31,34,51,61,52,3,48,77,56,69,40,7,67,3,36,2,0,80,0,0,0,3,0,0,7,68,71
l39,7=0,0,0,0,0,0,0,0,0,0,0,0,36,9,20,2,35,41,47,15,30,61,61,70,43,0,16,0,0,12,8,57,0,4,1,0,0,0,0,74,71
l40,7=0,0,0,0,0,0,0,0,0,0,3,0,0,1,1,11,22,20,27,0,24,62,51,63,25,9,21,0,0,3,0,56,10,0,0,13,3,7,0,73,67

l0,8=0,100,100,100,97,100,98,98,0,93,100,99,40,89,88,62,65,0,0,0,0,0,0,0,0,19,0,76,65,0,0,0,0,0,0,0,0,0,0,0,0
l1,8=100,0,100,99,91,100,98,99,96,93,100,99,87,80,55,86,85,0,0,0,0,0,0,0,0,75,0,73,61,0,0,0,0,0,0,0,0,4,0,0,0
l2,8=100,99,0,99,98,100,98,99,95,93,100,99,36,86,89,92,91,63,0,0,0,0,0,0,0,0,0,49,0,0,0,0,0,0,0,0,0,0,0,0,0
l3,8=100,100,100,0,99,100,98,98,96,90,100,88,26,48,39,0,61,0,0,0,0,0,0,0,0,19,0,78,77,0,0,0,0,0,0,0,0,0,0,0,0
l4,8=100,100,100,100,0,100,97,99,15,97,86,85,0,3,63,77,86,0,0,0,0,0,0,0,0,12,0,78,87,0,0,0,0,0,0,0,0,0,0,0,0
l5,8=100,100,100,99,99,0,98,99,96,97,97,99,44,88,79,0,85,68,0,0,0,0,0,0,0,6,0,76,86,0,0,0,0,0,0,0,0,8,0,0,0
l6,8=97,99,100,98,85,100,0,99,91,98,100,99,89,86,18,94,92,92,86,9,73,89,0,64,70,0,0,1,0,0,0,0,0,0,0,0,0,0,0,0,36
l7,8=97,99,95,58,90,98,98,0,97,97,100,99,93,96,0,26,91,72,51,0,75,84,87,79,0,0,0,0,30,0,0,0,0,0,0,0,0,0,0,0,77
l8,8=0,95,73,57,5,85,65,64,0,92,100,97,96,97,78,95,87,72,50,16,84,89,85,80,0,94,0,0,88,0,0,0,0,0,0,0,0,0,0,36,76
l9,8=97,95,93,57,67,95,98,96,89,0,100,99,95,89,64,95,91,35,29,0,48,89,81,54,68,0,0,61,0,0,0,0,0,0,0,0,0,0,0,49,15
l10,8=97,95,81,82,55,90,98,99,97,98,0,99,94,95,89,98,92,72,17,27,0,89,87,80,42,59,0,58,82,0,0,0,0,0,0,0,0,0,0,54,7
l11,8=97,95,99,92,68,100,95,99,97,98,100,0,94,89,91,95,91,71,54,46,82,89,87,0,73,50,0,55,90,0,0,0,0,0,0,0,0,42,0,0,0
l12,8=35,47,31,1,0,8,5,36,97,95,71,56,0,97,99,99,100,78,38,6,55,90,91,81,39,94,0,72,89,0,0,0,0,0,0,0,33,25,14,56,67
l13,8=79,8,38,0,3,49,2,0,68,42,43,28,62,96,0,99,100,78,23,0,0,95,93,76,0,29,0,88,97,0,0,0,0,0,26,67,98,71,14,49,42
l14,8=20,63,42,0,15,0,6,0,96,97,72,56,98,97,99,0,100,98,54,11,53,90,94,78,76,99,0,74,35,0,0,52,0,0,0,0,35,27,10,53,56
l15,8=19,37,0,0,2,6,51,41,55,68,69,31,98,83,99,98,0,100,92,51,94,95,89,86,90,8,0,66,78,11,3,0,9,0,0,85,56,30,34,58,76
l16,8=1,0,28,0,0,46,43,54,91,42,95,50,98,97,99,99,100,0,54,0,96,95,89,84,83,92,28,71,60,0,28,100,0,0,0,65,85,62,23,58,81
l17,8=0,0,0,0,0,0,55,32,53,24,29,57,59,53,31,66,98,60,0,96,96,87,90,54,90,68,0,0,0,56,58,55,29,0,0,68,60,0,46,49,70
l18,8=0,0,0,0,0,0,14,0,41,0,61,51,46,0,0,64,82,0,94,0,93,89,86,50,82,0,85,0,0,43,44,93,0,49,0,55,51,0,0,56,71
l19,8=0,0,0,0,0,0,22,23,47,21,11,37,53,26,0,37,89,71,93,82,0,95,90,86,89,0,29,0,0,25,70,43,60,46,37,80,31,0,19,59,77
l20,8=0,0,0,0,0,0,13,7,33,50,34,29,64,56,63,76,92,78,91,86,96,0,95,89,86,0,63,26,17,58,38,97,52,13,18,70,68,69,14,48,79
l21,8=0,0,0,0,0,0,0,51,43,24,64,51,81,52,65,84,89,61,91,78,95,95,0,89,84,82,94,21,4,31,0,95,13,23,19,59,25,65,25,83,73
l22,8=0,0,0,0,0,0,9,38,56,44,64,0,59,44,59,66,89,60,62,37,97,95,95,0,65,21,75,22,27,51,62,91,52,57,51,25,0,36,40,68,81
l23,8=0,0,0,0,0,0,25,0,0,30,28,30,23,52,0,68,93,56,92,88,96,92,90,68,0,73,84,0,0,43,71,68,24,74,19,77,34,15,16,72,72
l24,8=50,84,18,12,12,15,0,0,0,82,32,12,62,48,99,82,99,70,0,0,0,84,83,67,0,0,87,0,97,0,59,89,39,49,52,93,97,71,32,1,0
l25,8=19,75,0,19,12,6,0,0,94,0,59,50,94,29,99,8,92,68,0,0,0,82,21,73,0,0,0,88,0,46,96,0,24,52,0,92,97,99,50,33,43
l26,8=0,0,0,0,0,0,0,0,0,0,0,0,0,0,0,0,28,0,85,29,63,94,75,84,87,0,0,0,72,0,100,0,100,100,100,100,99,100,72,55,41
l27,8=0,0,0,0,0,0,0,0,0,0,0,0,0,0,0,0,1,41,53,38,95,90,0,86,85,88,0,80,80,98,0,85,99,99,99,99,99,100,73,0,0
l28,8=0,0,0,0,0,0,0,0,0,0,0,0,0,0,0,0,45,0,38,0,94,82,65,79,62,0,72,64,29,98,100,87,0,100,100,100,96,100,72,0,19
l29,8=0,0,0,0,0,0,0,0,0,0,0,0,0,0,0,0,0,0,0,45,83,65,83,80,89,46,0,69,74,98,99,98,100,0,100,100,82,89,65,1,4
l30,8=0,0,0,0,0,0,0,0,0,0,0,0,0,0,20,0,0,0,0,0,95,64,81,83,65,96,100,65,0,98,100,100,100,100,0,100,99,100,34,0,0
l31,8=0,0,0,0,0,0,0,0,0,0,0,0,0,0,52,0,100,55,93,43,97,95,91,68,89,0,0,85,87,98,100,0,100,100,100,0,99,100,73,43,48
l32,8=0,0,0,0,0,0,0,0,0,0,0,0,10,0,59,31,73,64,49,31,83,90,80,0,50,24,100,49,59,98,100,100,87,52,100,100,0,100,73,0,0
l33,8=0,0,0,0,0,0,0,0,0,0,0,11,38,91,62,19,68,83,0,0,0,91,90,81,12,52,100,74,61,51,100,100,96,54,81,100,99,0,73,0,0
l34,8=0,0,0,0,0,0,0,0,0,0,0,0,44,0,49,40,92,62,49,0,84,86,83,83,45,0,100,84,88,81,96,100,90,55,65,100,99,100,0,0,0
l35,8=0,0,0,0,0,0,0,0,2,3,10,0,40,23,55,53,59,17,19,43,59,36,72,52,59,92,100,0,3,13,0,0,0,0,0,1,0,0,0,0,81
l36,8=0,0,0,0,0,0,1,10,32,0,6,0,28,37,19,57,48,59,36,26,80,93,60,87,48,97,99,0,11,8,0,99,0,0,0,20,0,0,0,85,0
l37,8=0,0,0,0,0,0,0,0,0,0,0,0,42,5,44,5,52,15,54,12,52,81,53,47,36,99,100,0,0,0,0,100,0,0,0,0,0,0,0,84,79
l38,8=0,0,0,0,0,17,4,0,31,35,64,43,81,44,58,84,81,67,82,31,92,93,94,87,56,50,72,27,46,0,0,73,0,0,0,1,0,0,8,84,80
l39,8=0,0,0,0,0,0,0,0,0,0,0,0,43,14,17,28,70,45,79,15,78,78,93,86,77,33,55,0,0,1,0,43,0,0,4,20,0,0,0,83,81
l40,8=0,0,0,0,0,0,0,0,3,0,0,0,18,0,24,30,45,39,58,22,53,57,72,70,33,43,41,0,0,26,13,48,0,14,0,8,18,0,0,77,74

l0,9=0,100,99,100,98,99,99,97,88,100,100,96,78,12,9,0,0,0,0,0,0,0,0,0,0,0,0,0,0,0,0,0,0,0,0,0,0,0,0,0,0
l1,9=100,0,99,100,98,99,99,100,93,100,98,98,41,62,96,0,10,1,0,0,0,0,63,0,0,0,0,59,0,0,0,0,0,0,0,0,0,0,0,0,0
l2,9=100,100,0,100,97,99,99,100,58,100,97,99,57,56,55,78,59,0,0,0,0,77,0,0,0,38,0,46,79,0,0,0,0,0,0,0,0,0,0,0,0
l3,9=100,100,100,0,98,99,99,61,33,98,100,99,0,54,29,36,49,0,0,0,0,0,0,0,0,17,0,50,88,0,0,0,0,0,0,0,0,0,0,0,0
l4,9=100,100,100,100,0,99,36,29,23,100,91,58,54,55,0,44,47,0,0,0,0,0,0,0,0,57,0,49,92,0,0,0,0,0,0,0,0,0,0,0,0
l5,9=100,100,100,100,98,0,99,98,50,100,99,98,1,81,96,29,49,74,0,0,0,0,69,0,0,31,0,62,46,0,0,0,0,0,0,0,0,59,1,0,0
l6,9=100,100,100,99,54,99,0,100,97,100,100,100,95,97,91,81,99,78,84,0,87,87,75,52,54,0,0,42,0,0,0,0,0,0,0,0,0,0,0,0,46
l7,9=99,100,99,99,96,99,97,0,97,100,100,100,98,97,54,86,99,98,84,0,69,90,75,28,31,0,0,47,12,0,0,0,0,0,0,0,0,0,0,0,8
l8,9=36,99,98,40,31,52,95,61,0,100,100,100,98,97,56,96,63,88,96,78,95,90,92,34,0,61,0,53,91,0,0,0,0,0,0,0,0,3,45,52,55
l9,9=99,100,98,64,96,99,99,100,97,0,100,100,98,97,51,96,99,83,0,0,92,84,45,34,55,4,0,12,0,0,0,0,0,0,0,0,0,0,0,0,50
l10,9=62,99,98,61,8,52,97,100,98,100,0,100,98,97,91,94,63,81,95,79,0,0,84,34,4,93,0,14,55,0,0,0,0,0,0,0,0,0,0,20,40
l11,9=34,100,100,99,97,99,98,100,98,100,100,0,98,97,57,94,62,87,95,0,90,94,87,32,5,35,0,5,90,0,0,0,0,0,0,0,0,21,0,0,0
l12,9=12,61,58,0,1,7,45,37,41,99,96,33,0,62,75,99,63,89,92,52,59,91,94,34,5,62,0,48,96,0,0,14,0,0,0,47,29,5,29,53,39
l13,9=0,67,10,0,0,50,21,35,41,81,95,33,60,56,0,61,63,89,0,0,93,91,95,0,0,38,0,95,97,64,25,20,0,4,6,0,58,63,2,42,57
l14,9=0,0,58,5,0,5,45,36,41,100,95,33,98,96,57,0,63,100,94,59,60,92,94,34,7,69,35,53,84,0,0,0,0,0,0,0,39,9,0,53,55
l15,9=0,27,40,11,21,36,47,36,37,98,98,33,96,95,95,97,0,99,97,97,94,92,94,95,98,95,0,70,91,86,81,0,80,16,0,88,48,60,98,52,88
l16,9=0,0,0,0,0,20,39,36,42,82,94,33,97,78,97,99,99,0,97,7,95,91,95,74,57,62,57,71,95,0,0,63,0,0,0,76,53,63,61,53,89
l17,9=0,0,0,0,0,0,69,75,68,0,87,81,80,94,0,76,98,85,0,99,95,91,95,93,98,85,0,0,0,74,82,72,36,66,0,98,79,0,74,37,86
l18,9=0,0,0,0,0,0,0,0,60,3,98,0,76,84,0,95,98,10,100,0,95,91,95,95,99,0,51,0,0,0,94,99,0,83,0,93,41,0,0,93,94
l19,9=0,0,0,0,0,0,66,6,75,76,12,76,75,80,73,68,96,96,99,77,0,92,95,96,99,0,0,0,0,71,87,81,76,67,56,92,80,75,54,73,87
l20,9=0,0,0,0,0,0,26,27,30,77,0,60,95,94,76,90,98,97,94,79,95,0,96,97,98,0,60,31,0,77,78,96,68,35,46,84,47,46,71,93,95
l21,9=0,65,0,0,0,45,66,44,82,65,83,87,90,89,93,96,98,97,97,94,95,94,0,97,98,0,90,28,4,75,60,91,39,71,53,88,42,89,83,93,95
l22,9=0,0,0,0,0,0,41,28,86,73,89,43,84,55,1,79,95,96,92,74,95,94,96,0,98,0,59,0,56,89,91,62,73,75,59,89,43,47,42,93,95
l23,9=0,0,0,0,0,0,74,48,0,86,75,27,91,83,0,92,98,91,97,98,96,91,95,95,0,13,94,0,0,81,98,36,74,96,11,99,79,0,84,93,90
l24,9=0,51,37,16,32,50,7,9,39,66,89,16,56,9,97,59,63,85,0,0,0,86,39,0,0,0,44,0,99,73,94,100,90,77,61,85,60,63,62,0,0
l25,9=0,0,38,17,57,31,0,0,61,4,93,35,62,38,69,95,62,85,0,0,0,0,0,13,0,0,0,96,0,82,94,0,0,44,0,75,57,100,64,0,32
l26,9=0,0,0,0,0,0,0,0,0,0,0,0,0,0,35,0,57,0,51,0,60,90,59,94,44,0,0,43,96,0,100,0,100,100,100,100,100,99,99,49,68
l27,9=0,0,0,0,26,0,0,0,0,0,0,0,0,0,28,0,62,0,78,89,95,91,40,95,98,96,43,94,59,98,0,36,100,100,100,100,100,100,99,20,0
l28,9=0,0,0,0,0,0,0,0,0,0,0,0,0,0,0,0,82,0,46,0,62,74,32,87,89,0,96,85,3,98,100,97,0,100,100,99,94,99,91,2,0
l29,9=0,0,0,0,0,0,0,0,0,0,0,0,0,0,53,0,70,0,57,77,67,71,94,96,99,82,0,91,97,98,100,98,100,0,100,100,97,99,100,60,8
l30,9=0,0,0,0,0,0,0,0,0,0,0,0,0,0,0,0,0,0,0,0,61,73,41,32,0,94,100,60,0,98,100,100,100,100,0,100,100,99,100,0,0
l31,9=0,0,0,0,0,0,0,0,0,0,0,0,14,20,0,0,63,72,99,81,96,91,62,36,100,0,0,36,97,98,100,0,100,100,100,0,100,100,100,0,32
l32,9=0,0,0,0,0,0,0,0,0,0,0,0,28,0,50,48,62,82,92,18,92,87,42,14,37,0,100,92,61,98,100,100,86,44,88,100,0,100,100,0,0
l33,9=0,0,0,0,2,49,0,0,0,0,7,26,22,1,52,34,97,94,0,0,91,87,42,14,0,44,100,52,99,82,100,100,87,44,36,100,100,0,100,0,0
l34,9=0,0,0,0,0,31,0,0,36,0,0,0,32,0,6,0,62,83,77,0,88,87,42,14,20,0,100,92,97,95,95,100,86,73,58,100,100,100,0,0,0
l35,9=0,0,0,0,0,0,0,0,27,0,52,0,49,7,67,54,62,71,67,44,76,91,84,94,88,75,100,0,0,67,47,0,0,20,0,0,0,0,0,0,96
l36,9=0,0,0,0,0,0,0,0,37,56,54,0,18,0,88,74,91,86,86,48,92,91,84,95,81,57,100,0,14,68,0,100,0,0,0,44,0,0,0,93,0
l37,9=0,0,0,0,0,0,0,0,1,20,0,0,57,12,0,62,87,70,0,58,85,87,75,86,84,100,99,0,0,0,10,100,0,0,0,0,0,0,0,93,95
l38,9=0,0,20,0,0,0,23,0,5,69,72,22,94,89,93,80,98,73,84,53,93,91,95,95,26,64,99,27,61,0,0,100,2,0,0,57,0,0,8,93,95
l39,9=0,0,0,0,0,0,0,0,0,0,0,0,0,1,70,46,97,77,96,25,91,91,95,95,98,0,49,0,0,5,0,0,0,19,0,68,0,0,0,93,95
l40,9=0,0,0,0,0,0,0,0,0,0,0,0,65,0,0,53,21,72,71,54,72,76,67,95,83,32,68,0,0,63,0,32,24,53,0,0,0,17,0,92,80

l0,10=0,77,90,90,90,78,72,92,84,52,83,89,45,43,59,32,2,0,0,0,0,0,0,0,0,18,0,0,73,0,0,0,0,0,0,0,0,0,0,0,0
l1,10=92,0,78,88,90,77,83,75,80,77,85,70,61,21,71,31,48,5,0,0,0,0,26,0,0,17,0,26,30,0,0,0,0,0,0,0,0,0,0,0,0
l2,10=95,74,0,82,90,77,84,90,84,89,88,93,41,39,60,78,74,0,0,0,0,24,0,0,0,2,0,14,9,0,0,0,0,0,0,0,0,0,0,0,19
l3,10=95,76,89,0,90,79,80,90,86,91,85,72,0,33,33,36,0,0,0,0,0,0,0,0,0,54,0,53,38,0,0,0,0,0,0,0,0,0,0,0,0
l4,10=95,77,90,90,0,79,76,68,62,59,81,73,21,63,53,0,0,0,0,0,0,0,0,0,0,32,0,6,6,0,0,0,0,0,0,0,0,0,0,0,0
l5,10=95,77,90,90,90,0,83,77,85,93,85,91,23,16,49,55,0,0,0,0,0,0,0,0,0,10,0,35,17,0,0,8,0,0,0,3,0,25,0,0,0
l6,10=47,77,90,65,79,76,0,91,88,93,88,93,55,37,41,74,76,57,60,0,23,30,51,48,49,0,0,2,0,0,0,0,0,0,0,0,0,0,0,0,4
l7,10=90,72,87,81,83,73,81,0,85,93,89,93,86,85,65,85,74,64,69,0,29,37,53,33,33,18,0,16,49,0,0,0,0,0,0,0,0,0,0,0,0
l8,10=56,45,87,81,60,75,85,91,0,90,90,89,87,90,62,86,57,79,36,8,47,30,58,70,37,27,0,30,71,0,0,0,0,0,0,0,0,0,0,20,28
l9,10=34,52,85,81,53,79,81,93,85,0,90,93,86,86,53,85,83,64,26,0,37,34,58,56,58,35,0,2,26,0,0,0,0,0,0,0,0,0,0,0,0
l10,10=75,72,87,81,71,72,81,92,90,93,0,93,86,87,88,85,56,52,40,29,15,27,71,60,32,21,0,37,6,0,0,0,0,0,0,0,0,20,0,26,0
l11,10=90,69,89,63,83,79,83,93,88,93,90,0,74,85,42,88,72,77,0,34,28,5,34,40,30,26,0,0,48,0,0,0,0,0,0,0,0,0,0,0,0
l12,10=23,34,27,0,27,8,74,52,53,66,87,80,0,90,74,89,72,100,22,26,14,43,72,60,60,87,0,82,82,0,21,0,0,0,0,0,5,0,33,43,28
l13,10=8,43,33,0,25,25,52,7,33,32,90,9,58,56,0,89,91,100,18,0,47,42,44,75,0,86,0,99,98,40,0,0,0,2,3,27,0,90,24,33,58
l14,10=0,4,54,20,17,44,74,49,89,89,78,85,88,90,89,0,91,100,0,28,45,70,66,65,59,96,42,84,50,0,0,46,0,0,0,0,2,31,6,36,50
l15,10=0,17,70,0,0,0,63,43,27,63,66,71,44,89,95,89,0,100,79,52,82,83,84,65,86,54,0,76,68,6,44,0,0,2,0,51,63,64,72,66,45
l16,10=0,0,0,0,0,0,65,38,49,58,75,86,88,54,96,89,91,0,77,0,54,55,84,86,82,63,28,97,89,0,1,67,0,0,0,28,72,60,64,67,58
l17,10=0,0,0,0,0,0,65,63,59,63,64,11,66,71,65,11,85,77,0,98,86,75,84,81,88,87,0,0,0,62,25,31,66,0,0,66,55,0,11,68,53
l18,10=0,0,0,0,0,0,0,0,48,0,75,72,69,73,3,66,86,0,91,0,87,84,84,77,88,0,61,0,0,46,33,73,0,3,0,8,0,0,0,84,72
l19,10=0,0,0,0,0,0,50,28,63,60,53,60,34,62,69,63,78,75,89,81,0,86,82,86,89,0,9,0,0,55,39,2,33,63,64,66,54,48,49,75,69
l20,10=0,0,25,0,0,0,54,65,54,54,62,23,67,74,72,69,88,73,71,78,86,0,87,86,88,0,65,56,0,62,34,58,67,47,38,63,57,46,59,86,90
l21,10=0,27,0,0,0,0,55,49,62,61,73,56,74,74,72,71,89,84,85,85,86,86,0,86,81,2,69,0,54,57,24,46,0,67,34,53,0,59,65,70,86
l22,10=0,0,0,0,0,0,53,30,60,56,67,56,58,57,73,65,72,81,71,60,88,86,87,0,89,20,54,44,33,66,40,39,57,71,56,62,51,42,24,90,91
l23,10=0,0,0,0,0,0,65,21,42,64,63,51,67,72,10,63,85,73,87,77,87,82,73,85,0,13,75,0,0,64,64,71,69,72,73,72,18,12,74,71,69
l24,10=4,8,4,65,11,23,26,0,15,5,26,0,53,54,96,88,88,89,0,0,0,14,0,18,0,0,66,0,98,37,15,79,15,8,18,58,93,92,78,0,0
l25,10=18,17,2,54,32,10,0,18,27,35,21,26,87,86,96,54,63,87,0,0,0,2,20,13,0,0,0,99,0,52,34,0,14,0,0,67,28,92,84,0,3
l26,10=0,0,0,0,0,0,0,0,0,0,0,0,0,0,42,0,28,0,61,9,65,69,54,75,66,0,0,51,71,0,79,0,83,82,92,80,89,67,83,51,47
l27,10=0,0,0,0,0,0,0,0,0,0,0,0,18,19,0,0,59,0,51,30,79,47,29,77,81,99,51,3,63,79,0,69,83,82,92,80,89,90,85,26,20
l28,10=0,0,0,0,0,0,0,0,0,0,0,0,0,0,0,0,0,0,64,1,44,73,0,67,72,0,71,69,55,79,79,83,0,82,92,80,65,89,85,2,25
l29,10=0,0,0,0,0,0,0,0,0,0,0,0,0,0,17,0,0,0,0,0,59,52,56,61,74,52,0,49,0,79,79,79,83,0,92,80,82,56,78,39,38
l30,10=0,0,0,0,0,0,0,0,0,0,0,0,0,0,8,0,0,0,0,0,50,29,20,60,69,34,79,61,0,78,79,80,83,82,0,80,89,73,82,0,0
l31,10=0,0,0,0,0,8,0,0,0,0,0,0,0,0,46,0,67,31,73,2,58,46,39,71,79,0,0,69,83,79,80,0,83,82,92,0,89,92,85,31,26
l32,10=0,0,0,0,0,0,0,0,0,0,0,0,13,28,0,13,71,70,46,0,48,47,0,70,24,14,83,97,77,79,80,83,47,79,92,80,0,92,85,0,0
l33,10=0,0,0,0,1,4,0,0,0,0,16,0,0,12,86,56,75,75,0,0,21,25,44,43,0,0,82,99,98,71,80,82,54,35,85,80,93,0,85,0,18
l34,10=0,0,0,0,0,0,0,0,0,0,0,0,25,0,47,40,76,64,0,0,30,29,41,42,73,0,92,76,94,78,80,92,41,38,68,80,93,92,0,0,0
l35,10=0,0,0,0,0,0,0,0,10,0,56,0,74,55,72,59,76,52,36,29,83,80,59,84,79,67,80,0,0,41,14,0,0,0,0,25,0,0,0,0,91
l36,10=0,0,8,0,0,0,0,0,22,0,2,0,65,72,75,62,73,84,53,35,78,82,76,83,63,28,89,0,0,45,12,89,0,14,0,30,0,7,0,89,0
l37,10=0,0,0,0,0,0,0,0,7,0,0,0,29,0,33,65,82,61,64,34,74,82,62,83,83,92,67,0,0,0,11,92,0,0,0,0,0,0,0,89,90
l38,10=0,0,0,0,0,0,11,26,0,25,68,3,75,79,85,78,89,74,66,1,82,76,79,83,0,84,83,57,69,0,0,85,0,0,0,0,0,24,30,85,90
l39,10=0,0,0,0,0,0,0,0,0,0,0,0,59,55,53,67,83,72,75,52,84,82,81,81,84,0,51,0,0,0,11,31,0,21,0,46,9,0,0,89,90
l40,10=0,0,0,0,0,0,0,0,0,0,0,0,16,0,0,67,76,60,70,48,84,79,73,86,86,3,47,0,0,41,0,26,0,0,0,0,0,0,0,83,84

l0,11=0,69,51,79,73,72,65,82,55,57,76,72,58,49,18,22,22,0,0,0,0,0,0,0,0,15,0,0,13,0,0,0,0,0,0,0,0,0,0,0,0
l1,11=76,0,51,77,72,71,73,82,77,80,76,72,57,0,33,44,43,0,4,0,0,0,0,0,0,0,0,36,1,0,0,0,0,0,0,0,0,0,0,0,0
l2,11=76,69,0,75,73,73,73,81,78,87,76,70,62,81,38,0,68,1,0,0,0,39,0,1,0,7,0,29,14,0,0,0,0,0,0,0,0,0,0,0,12
l3,11=79,69,51,0,73,72,66,66,75,87,66,69,0,1,0,30,8,0,0,0,0,0,0,0,0,12,0,58,21,0,0,0,0,0,0,0,0,0,0,0,0
l4,11=79,69,51,81,0,73,73,82,1,40,0,62,23,45,15,11,0,0,0,0,0,0,0,0,0,0,0,22,1,0,0,0,0,0,0,0,0,0,0,0,0
l5,11=78,69,51,77,73,0,41,82,80,88,76,72,0,19,26,26,24,0,0,0,0,0,0,0,0,4,0,35,13,0,0,4,0,0,0,13,0,0,0,0,0
l6,11=33,69,49,66,67,14,0,81,82,88,76,63,56,69,15,67,63,19,24,0,39,48,21,37,49,0,0,9,0,0,0,0,0,0,0,0,0,0,0,0,0
l7,11=75,64,48,68,69,68,72,0,79,88,77,72,73,81,20,42,21,30,22,0,42,60,45,47,58,0,0,2,0,0,0,0,0,0,0,0,0,0,0,2,0
l8,11=41,64,28,66,26,44,74,79,0,88,77,72,68,84,2,81,35,64,24,28,50,53,48,41,60,0,0,4,0,0,0,0,0,0,0,0,0,0,0,8,14
l9,11=41,58,48,70,55,70,71,82,78,0,77,72,73,81,1,72,69,45,2,0,38,18,42,52,0,4,0,0,1,0,0,0,0,0,0,0,0,0,0,0,1
l10,11=75,65,49,34,4,68,70,80,81,88,0,72,79,83,36,75,56,69,19,19,38,55,58,42,23,15,0,0,27,0,0,0,0,0,0,0,0,0,0,8,3
l11,11=75,64,49,55,57,70,68,82,81,88,77,0,68,82,3,75,54,62,42,21,54,0,42,47,5,18,0,0,5,0,0,0,0,0,0,0,0,3,0,0,0
l12,11=18,30,20,0,7,0,61,69,29,29,33,57,0,84,85,82,42,93,28,4,32,56,56,66,67,47,0,15,22,0,0,0,0,0,0,0,10,11,18,39,40
l13,11=7,32,14,0,9,8,12,16,3,0,23,21,76,12,0,52,44,56,7,0,17,44,49,53,26,15,0,53,25,9,30,0,0,0,23,3,40,67,40,33,37
l14,11=2,20,0,14,6,7,62,45,81,65,50,62,83,84,81,0,79,93,20,0,53,68,56,49,43,86,21,13,9,0,0,15,0,0,0,0,0,7,15,12,8
l15,11=4,14,21,0,0,8,53,22,17,24,19,43,75,47,48,80,0,93,34,36,44,72,80,74,72,39,0,26,19,35,57,26,34,3,0,50,52,24,40,36,48
l16,11=0,4,0,0,0,0,12,22,29,26,29,54,83,84,86,82,79,0,35,0,26,77,83,81,70,35,42,25,20,5,27,33,0,0,0,0,49,56,27,14,60
l17,11=0,0,0,0,0,0,54,54,18,50,50,48,60,61,52,59,61,66,0,89,73,72,82,77,83,34,0,0,0,59,66,0,46,14,21,67,54,20,0,48,55
l18,11=0,0,0,0,0,0,0,0,58,30,60,51,61,63,0,59,72,0,82,0,75,72,82,79,84,0,43,0,0,0,68,54,0,0,2,53,0,16,0,65,68
l19,11=0,0,0,0,0,0,53,40,60,61,55,49,58,60,57,63,59,57,79,73,0,79,82,79,83,0,3,0,42,58,74,7,57,14,55,57,49,50,39,60,71
l20,11=0,0,10,0,0,0,47,43,15,18,33,0,52,56,20,66,69,76,62,46,75,0,84,84,78,10,39,23,0,57,67,17,65,3,0,60,62,41,0,71,80
l21,11=0,0,0,0,0,0,37,34,60,63,66,44,62,59,52,59,71,77,76,77,73,79,0,84,61,35,62,13,17,59,58,53,47,14,40,50,52,13,25,77,79
l22,11=0,0,0,0,0,0,40,37,11,35,18,40,63,28,22,61,59,76,49,31,72,79,84,0,76,37,46,0,14,71,56,60,45,15,44,43,52,38,32,77,82
l23,11=0,0,0,0,0,0,54,55,60,16,45,25,63,47,38,59,65,65,80,75,75,75,62,78,0,40,69,0,0,66,77,67,63,21,68,70,52,0,70,68,63
l24,11=0,20,8,15,11,6,4,0,3,0,0,0,27,15,86,45,41,35,0,0,0,45,25,5,0,0,49,0,72,30,24,65,37,5,28,37,74,92,32,0,8
l25,11=15,0,7,12,0,4,0,0,0,4,15,18,47,15,86,39,35,34,0,0,10,35,37,40,0,0,0,92,0,37,29,0,19,8,0,61,61,73,33,0,9
l26,11=0,0,0,0,0,0,0,0,0,0,0,0,0,0,21,0,42,0,43,3,39,62,46,69,49,0,0,9,45,0,85,0,82,22,82,77,80,81,79,27,56
l27,11=0,0,0,0,0,0,0,0,0,0,0,0,0,0,48,0,45,1,63,12,56,61,18,11,64,92,9,16,37,77,0,66,80,22,82,77,45,81,80,0,1
l28,11=0,0,0,0,0,0,0,0,0,0,0,0,0,0,0,0,24,0,19,6,43,72,45,9,64,0,45,68,14,77,86,65,0,22,84,77,75,60,78,0,10
l29,11=0,0,0,0,0,0,0,0,0,0,0,0,0,0,0,0,15,0,38,0,37,38,46,11,60,37,0,16,43,77,84,77,82,0,84,77,25,52,76,5,37
l30,11=0,0,0,0,0,0,0,0,0,0,0,0,0,0,29,0,3,0,12,0,32,2,33,10,56,29,85,21,0,77,86,85,82,22,0,77,78,77,82,0,0
l31,11=0,0,0,0,0,4,0,0,0,0,0,0,0,0,15,26,33,0,54,7,17,53,60,67,65,0,0,66,65,77,85,0,79,22,82,0,80,87,84,0,0
l32,11=0,0,0,0,0,0,0,0,0,0,0,0,20,8,19,0,31,35,22,0,10,70,43,64,34,19,82,79,42,77,40,79,80,21,82,78,0,92,87,0,0
l33,11=0,0,0,0,0,0,0,0,0,2,1,8,30,9,75,31,67,39,10,0,14,53,6,18,0,8,22,92,71,77,86,22,43,13,54,78,85,0,87,0,4
l34,11=0,0,0,0,0,0,0,0,0,0,0,0,27,12,33,38,65,42,9,0,16,0,48,64,63,0,82,26,23,76,85,82,46,12,71,78,85,92,0,0,4
l35,11=0,0,0,0,0,0,0,0,0,0,11,0,68,6,46,8,55,25,22,26,63,68,67,82,63,61,77,0,0,2,0,0,0,0,0,0,0,0,0,0,84
l36,11=0,0,0,0,0,0,0,0,19,0,8,0,64,66,56,7,65,78,31,16,65,72,74,80,32,61,80,6,1,11,0,80,25,1,0,0,0,0,1,81,0
l37,11=0,0,0,0,0,0,0,0,0,0,0,0,47,8,42,21,65,65,58,0,8,71,64,79,70,73,81,0,0,0,0,87,0,0,0,0,0,0,0,81,83
l38,11=0,0,0,0,0,0,43,44,18,23,19,41,44,61,65,74,76,46,60,26,69,69,79,83,66,33,79,1,16,0,0,84,0,0,0,0,0,14,34,81,83
l39,11=0,0,0,0,0,0,0,0,0,0,0,0,51,34,0,54,66,64,57,44,69,75,76,81,72,0,27,0,0,52,0,0,44,3,0,46,47,0,0,81,83
l40,11=0,0,0,0,0,0,0,0,0,0,0,0,40,0,1,35,53,66,42,6,70,71,77,84,74,9,56,0,0,0,56,0,0,0,0,40,0,0,0,76,78

l0,12=0,82,87,83,84,76,68,88,72,82,65,86,73,73,7,0,42,0,0,0,0,0,0,0,0,23,0,0,17,0,0,0,0,0,0,0,0,0,0,0,0
l1,12=85,0,81,83,84,76,76,86,66,82,65,86,76,65,18,2,47,1,0,0,0,11,0,0,0,17,0,28,23,0,0,0,0,0,0,0,0,0,0,0,0
l2,12=82,82,0,74,83,76,76,87,73,82,64,86,48,64,17,35,59,28,24,0,27,23,14,14,0,11,0,38,40,0,0,0,0,0,0,0,0,0,0,0,0
l3,12=87,82,79,0,84,76,68,70,57,39,64,87,27,30,1,9,7,0,0,0,0,0,0,0,0,0,0,52,0,0,0,0,0,0,0,0,0,0,0,0,0
l4,12=87,82,87,84,0,76,76,88,0,82,34,77,27,58,16,0,0,0,0,0,0,0,0,0,0,34,0,63,49,0,0,0,0,0,0,0,0,0,0,0,0
l5,12=83,82,87,83,84,0,76,88,73,82,65,86,43,34,13,23,42,0,0,0,0,6,0,0,0,25,0,32,19,0,0,9,0,0,0,1,0,0,0,0,0
l6,12=69,82,87,55,81,71,0,87,73,71,38,53,53,64,45,64,48,18,24,0,39,22,29,21,42,3,0,2,2,0,0,0,0,0,0,0,0,0,0,0,32
l7,12=79,81,84,60,81,76,76,0,73,84,66,87,80,76,22,61,56,44,32,0,51,55,38,40,53,1,0,45,0,0,0,0,0,0,0,0,0,0,0,0,0
l8,12=77,66,52,34,0,76,72,88,0,84,66,87,85,81,25,67,65,77,22,6,66,34,31,19,32,21,0,36,23,0,0,0,0,0,0,0,0,0,0,31,9
l9,12=79,78,83,48,79,72,52,91,74,0,66,87,80,74,28,76,57,61,4,1,13,9,22,27,45,20,0,36,31,0,0,0,0,0,0,0,0,2,0,0,52
l10,12=79,80,83,68,66,72,61,88,76,83,0,87,81,78,57,73,68,70,35,20,48,56,61,20,20,4,0,37,10,0,0,0,0,0,0,0,0,0,0,15,2
l11,12=80,82,85,76,80,76,71,91,76,84,66,0,79,79,11,76,49,44,25,23,36,23,18,37,39,1,0,0,3,0,0,0,0,0,0,0,0,0,0,0,38
l12,12=49,61,14,1,10,41,48,81,68,48,42,71,0,81,56,88,73,92,36,0,37,36,44,54,39,56,0,71,74,0,0,1,0,0,0,0,0,47,31,74,82
l13,12=16,4,0,0,13,13,25,20,42,6,17,13,90,73,0,56,75,92,1,0,35,9,17,20,30,51,0,91,82,0,6,0,0,0,0,0,45,83,85,58,69
l14,12=0,0,23,5,0,35,48,36,74,52,46,74,90,81,85,0,84,92,44,15,67,43,43,49,56,88,0,69,65,0,0,0,0,0,0,8,16,24,31,38,44
l15,12=34,28,38,1,0,53,35,50,59,37,35,49,87,70,86,87,0,92,71,48,70,59,84,57,70,29,0,67,61,46,22,17,25,13,0,41,56,59,70,71,66
l16,12=0,0,20,0,0,19,21,52,67,55,61,21,90,77,88,88,85,0,53,0,76,79,81,76,53,46,55,76,20,0,27,59,0,0,0,0,40,68,13,77,77
l17,12=0,0,2,0,0,0,49,61,55,17,10,56,64,59,15,64,78,72,0,95,79,77,79,67,75,6,0,0,0,65,69,0,0,25,39,73,52,0,42,65,63
l18,12=0,0,0,0,0,0,3,0,38,0,51,0,14,69,0,68,79,0,89,0,79,78,80,75,75,0,24,0,0,0,58,40,0,3,0,69,0,0,0,62,65
l19,12=0,0,0,0,0,0,45,62,58,5,20,55,58,23,56,67,69,74,86,73,0,79,81,77,75,0,0,0,0,64,72,27,59,29,32,76,68,0,61,68,69
l20,12=0,0,5,0,0,22,16,61,47,19,32,44,71,68,31,75,79,83,83,75,80,0,86,83,74,0,6,49,0,70,49,71,60,0,0,71,47,53,59,76,80
l21,12=0,3,0,0,0,0,32,55,53,53,45,53,69,65,32,71,78,86,84,69,79,79,0,83,71,0,58,57,36,68,54,66,48,22,0,60,53,61,3,77,64
l22,12=0,0,4,0,0,0,16,58,5,24,15,47,68,60,31,65,68,78,74,63,80,79,86,0,74,10,37,0,46,70,52,66,49,26,0,37,44,45,61,77,75
l23,12=0,0,0,0,0,0,47,63,53,53,43,57,65,60,59,64,68,67,84,79,79,75,73,72,0,24,30,0,34,72,68,57,68,29,35,76,0,54,51,65,67
l24,12=0,5,0,17,54,23,0,20,22,10,10,0,71,52,88,32,51,24,0,0,0,13,23,0,0,14,61,0,82,20,1,67,36,9,33,46,78,86,36,0,24
l25,12=23,17,11,0,34,25,3,1,21,20,4,1,56,51,88,29,46,6,0,0,0,0,10,24,14,0,0,91,0,27,20,0,27,25,0,50,67,72,82,0,36
l26,12=0,0,0,0,0,0,0,0,0,0,0,0,0,0,0,0,55,0,24,0,6,58,37,30,61,0,0,49,37,0,83,0,81,33,83,85,79,74,80,0,24
l27,12=0,0,0,0,0,0,0,0,0,0,0,0,0,0,26,0,47,35,68,26,75,27,66,58,64,91,49,0,26,81,0,75,81,33,83,85,79,80,81,3,0
l28,12=0,0,0,0,0,0,0,0,0,0,0,0,0,0,0,0,47,0,0,0,69,71,17,25,71,0,37,72,43,81,87,72,0,35,89,83,73,73,78,8,7
l29,12=0,0,0,0,0,0,0,0,0,0,0,0,0,0,0,0,34,0,23,0,6,0,16,17,65,27,0,47,44,81,80,81,81,0,89,85,72,52,78,8,0
l30,12=0,0,0,0,0,0,0,0,0,0,0,0,0,0,0,0,0,0,13,0,6,0,0,0,30,20,83,57,0,81,82,83,81,35,0,85,79,67,67,0,0
l31,12=0,0,0,0,0,9,0,0,0,0,0,0,1,0,0,17,59,0,40,27,71,66,66,57,67,0,0,75,72,81,83,0,76,33,83,0,80,83,85,18,46
l32,12=0,0,0,0,0,0,0,0,0,0,0,0,1,0,38,11,61,34,20,0,75,9,13,13,0,27,81,81,68,81,83,76,76,33,83,85,0,86,87,8,0
l33,12=0,0,0,0,0,0,0,0,0,0,2,0,33,0,77,13,46,42,0,0,0,23,44,10,25,25,33,87,74,53,83,33,57,32,82,85,83,0,87,0,0
l34,12=0,0,0,0,24,0,0,0,0,0,0,0,28,14,73,12,65,9,6,0,59,28,1,32,34,0,83,77,72,81,83,83,76,34,77,85,83,86,0,0,0
l35,12=0,0,0,0,0,0,0,0,3,0,16,0,77,46,54,61,70,70,57,18,60,71,82,76,48,50,85,0,0,0,0,0,0,2,0,16,4,0,0,0,87
l36,12=0,0,0,0,0,0,4,0,0,22,0,24,76,61,64,64,71,75,63,10,64,77,65,75,59,67,79,13,23,26,0,80,0,0,0,27,0,0,0,83,0
l37,12=0,0,0,0,0,0,0,0,0,0,0,0,49,19,58,0,79,0,61,34,53,71,80,75,68,72,74,1,0,0,0,83,0,0,0,0,0,0,0,81,86
l38,12=0,0,0,0,0,0,21,53,51,9,32,3,75,54,71,74,83,78,58,40,74,73,81,74,65,82,80,0,0,0,0,85,0,0,0,29,1,0,48,83,86
l39,12=0,0,0,0,0,0,0,0,0,0,0,0,2,20,0,54,75,75,69,60,78,77,83,81,70,0,0,0,0,54,43,18,32,0,0,64,45,0,0,82,86
l40,12=0,0,0,0,0,0,0,0,0,0,5,0,8,25,2,50,73,66,70,0,72,75,77,81,66,36,24,0,0,39,0,46,36,0,0,27,0,0,0,80,81

l0,13=0,92,94,96,100,93,89,77,86,88,92,89,64,0,0,2,33,0,0,0,0,0,0,0,0,0,0,0,0,0,0,0,0,0,0,0,0,0,0,0,0
l1,13=93,0,94,96,99,93,90,90,82,84,92,71,46,76,73,9,19,0,0,0,0,0,0,0,0,18,0,70,73,0,0,0,0,0,0,0,0,0,0,0,0
l2,13=93,92,0,66,98,93,90,71,91,89,92,90,45,17,70,13,28,33,11,0,3,0,0,24,0,20,0,28,74,0,0,0,0,0,0,0,0,0,0,0,0
l3,13=93,92,76,0,100,93,89,78,73,87,86,79,24,67,58,0,20,0,0,0,0,0,0,0,0,36,0,0,74,0,0,0,0,0,0,0,0,0,0,0,0
l4,13=93,92,94,96,0,93,90,96,86,90,72,41,0,46,0,3,0,0,0,0,0,0,0,0,0,47,0,75,74,0,0,0,0,0,0,0,0,0,0,0,0
l5,13=93,92,94,96,98,0,70,76,91,88,46,74,29,49,53,22,21,0,0,0,0,0,0,0,0,33,0,20,70,0,0,0,0,0,0,0,23,54,0,0,0
l6,13=90,92,94,93,87,88,0,95,91,90,91,88,84,81,67,86,26,15,17,34,44,36,54,76,73,0,0,9,0,0,0,0,0,0,0,0,0,0,0,11,17
l7,13=62,88,83,87,87,88,88,0,91,90,92,90,82,82,74,56,48,55,67,0,37,72,65,66,65,32,0,48,42,0,0,0,0,0,0,0,0,0,0,0,0
l8,13=39,54,50,8,54,93,34,94,0,90,92,90,40,89,73,29,30,73,2,0,47,49,71,78,73,23,0,63,43,0,0,0,0,0,0,0,0,22,0,12,22
l9,13=72,51,94,50,87,87,89,96,92,0,92,90,83,80,65,51,26,0,62,0,34,47,5,81,81,24,0,81,74,0,0,0,0,0,0,0,0,0,0,0,28
l10,13=53,86,68,74,85,53,86,96,93,90,0,90,82,89,39,90,47,73,25,29,37,50,71,78,59,23,0,59,20,0,0,0,0,0,0,0,0,0,0,16,13
l11,13=91,52,93,52,65,92,53,96,93,90,92,0,82,89,49,90,23,44,37,32,38,44,67,70,51,24,0,0,53,0,0,0,0,0,0,0,0,0,0,0,28
l12,13=20,19,12,10,0,55,34,49,86,85,36,30,0,89,80,94,32,98,63,5,3,52,77,85,49,36,0,91,88,0,0,0,0,0,0,0,0,49,41,67,32
l13,13=0,31,27,14,0,36,13,25,26,26,3,0,44,58,0,32,47,85,2,0,44,46,76,42,80,59,0,98,94,0,6,0,0,0,35,81,36,93,93,0,30
l14,13=2,1,0,0,11,58,33,40,84,83,60,38,92,89,91,0,92,99,57,40,52,59,76,74,51,91,7,75,89,0,0,40,0,0,0,10,22,26,40,70,31
l15,13=18,5,32,26,0,33,30,48,85,76,33,23,72,84,98,93,0,98,87,47,55,55,74,84,86,32,0,87,79,13,12,0,12,3,0,64,76,75,86,73,32
l16,13=0,0,7,0,0,0,22,54,90,0,71,23,92,89,99,94,92,0,82,40,86,96,94,92,78,26,5,95,58,0,8,22,0,0,0,0,65,92,27,89,65
l17,13=0,0,0,0,0,0,18,76,0,71,45,22,75,73,44,80,90,82,0,97,94,89,93,70,95,23,0,0,43,63,82,0,3,55,74,84,65,0,67,3,77
l18,13=0,0,0,0,0,0,79,0,0,0,84,80,73,79,2,85,83,87,98,0,92,95,76,90,94,6,35,0,0,59,10,67,16,0,0,83,0,0,0,69,82
l19,13=0,0,0,0,0,0,50,41,70,56,39,31,0,64,59,84,82,89,97,91,0,96,94,91,96,0,12,0,1,48,68,29,56,78,56,79,74,0,61,87,86
l20,13=0,0,0,0,0,0,1,65,68,64,82,34,74,71,47,91,76,98,83,94,95,0,94,92,93,1,27,0,0,77,23,78,75,8,8,79,70,14,80,94,90
l21,13=0,0,0,0,0,0,23,51,80,0,87,46,91,81,80,89,90,98,96,48,94,96,0,92,94,0,77,67,51,68,43,86,40,62,0,79,56,75,61,90,89
l22,13=0,0,6,0,0,0,45,36,61,68,45,33,85,57,42,41,85,90,52,85,95,96,94,0,75,60,69,60,0,73,12,72,64,78,58,60,50,66,68,95,90
l23,13=0,0,0,0,0,0,63,62,59,66,68,46,60,75,70,72,90,71,96,96,94,95,93,76,0,0,66,47,16,79,86,61,90,84,62,92,74,70,64,4,85
l24,13=0,12,0,0,44,0,1,20,22,21,26,3,36,56,99,28,22,32,0,0,0,0,53,50,17,13,78,0,94,15,25,89,52,66,41,89,88,95,72,5,0
l25,13=0,18,20,36,47,33,0,32,23,24,23,24,36,59,91,32,26,23,6,0,1,0,60,0,13,0,0,98,0,12,27,0,53,87,69,94,45,92,76,0,20
l26,13=0,0,0,0,0,0,0,0,0,0,0,0,0,0,7,0,5,0,35,12,27,77,69,66,78,0,0,37,26,0,90,0,92,93,92,94,90,92,47,28,24
l27,13=0,0,0,0,0,0,0,0,0,0,0,0,1,1,31,0,9,13,59,7,71,44,60,32,84,98,37,79,53,84,0,52,92,93,92,94,90,92,89,0,25
l28,13=0,0,0,0,0,0,0,0,0,0,0,0,0,0,0,0,8,0,0,0,65,84,65,79,86,0,26,81,59,84,90,39,0,93,92,93,84,88,89,0,0
l29,13=0,0,0,0,0,0,0,0,0,0,0,0,0,0,0,0,0,0,30,0,54,0,42,49,54,12,0,32,58,84,89,84,92,0,92,93,90,88,90,0,0
l30,13=0,0,0,0,0,0,0,0,0,0,0,0,0,0,14,0,0,0,39,0,48,1,0,48,39,27,90,10,47,84,76,90,92,93,0,93,88,88,66,0,0
l31,13=0,0,0,0,0,0,0,0,0,0,0,0,0,0,40,0,22,0,67,29,78,86,72,61,89,0,0,52,39,84,90,0,92,93,92,0,91,95,95,38,23
l32,13=0,0,0,0,0,3,0,0,0,0,0,0,3,0,37,10,75,25,38,0,74,46,40,50,79,53,92,93,27,84,90,92,87,93,92,94,0,95,95,33,13
l33,13=0,0,0,0,2,2,0,0,3,0,0,0,28,0,56,15,21,30,0,0,0,16,64,65,42,87,93,98,88,84,50,93,72,88,88,94,91,0,95,17,0
l34,13=0,0,0,0,16,0,0,0,0,0,0,0,19,1,58,12,59,22,52,0,33,48,45,52,59,69,92,72,54,38,87,92,92,92,54,94,91,95,0,0,0
l35,13=0,0,0,0,0,0,0,0,5,0,0,0,67,29,0,74,78,80,14,20,85,95,87,90,2,94,94,0,0,16,0,0,0,0,0,24,11,1,0,0,90
l36,13=0,0,0,0,0,0,6,0,23,62,14,23,80,57,73,41,59,63,51,17,84,95,89,88,79,45,90,0,22,19,2,91,0,0,0,24,0,0,0,93,0
l37,13=0,0,0,0,0,0,0,0,0,0,0,0,45,2,83,16,83,39,72,72,74,87,88,87,76,92,92,0,0,0,0,95,0,0,0,1,0,0,0,93,89
l38,13=0,0,0,0,0,0,16,0,69,0,37,17,69,64,91,91,89,90,72,24,87,96,88,83,84,76,47,23,0,4,0,95,0,0,0,40,0,7,66,95,90
l39,13=0,0,0,0,0,0,0,0,0,0,0,0,78,0,37,0,89,71,0,13,92,95,92,90,89,0,28,0,0,10,25,38,0,10,0,57,0,0,0,93,89
l40,13=0,0,0,0,0,0,0,0,0,36,21,0,31,52,0,59,76,67,81,55,80,92,81,90,88,20,24,0,0,5,14,23,0,62,0,43,0,0,0,93,89

l0,14=0,100,100,100,100,100,97,93,91,93,99,86,55,32,5,85,1,0,0,0,0,0,0,0,0,3,0,44,23,0,0,0,0,0,0,0,0,0,0,0,0
l1,14=99,0,100,100,100,100,98,78,93,78,100,99,43,100,93,90,72,0,0,0,0,0,0,0,0,24,0,18,4,0,0,0,0,0,0,0,0,0,0,0,0
l2,14=99,100,0,100,100,100,100,99,91,100,100,99,85,34,96,52,80,10,0,0,0,0,0,0,0,0,0,56,0,0,0,0,0,0,0,0,0,0,0,0,0
l3,14=99,100,100,0,100,100,97,93,69,86,98,80,49,62,83,85,0,0,0,0,0,0,0,0,0,37,0,59,65,0,0,0,0,0,0,0,0,0,0,0,0
l4,14=99,100,100,100,0,100,98,68,64,99,100,100,58,62,98,82,2,0,0,0,0,0,0,0,0,36,0,59,60,0,0,0,0,0,0,0,0,16,0,0,0
l5,14=99,100,100,100,98,0,98,89,99,100,100,100,78,97,0,97,73,13,0,0,0,0,0,0,0,46,0,59,71,0,0,0,0,0,0,0,0,23,0,0,1
l6,14=99,100,100,100,100,100,0,99,100,100,96,100,97,100,90,100,83,5,13,0,94,57,52,99,57,0,0,16,0,0,0,0,0,0,0,0,0,0,0,0,80
l7,14=99,100,100,78,100,100,100,0,100,100,100,100,85,100,96,100,99,55,52,0,88,73,23,47,90,0,0,0,0,0,0,0,0,0,0,0,0,0,0,0,0
l8,14=99,99,99,99,99,99,100,100,0,100,100,100,48,96,99,100,78,59,36,0,99,61,62,66,45,6,0,58,52,0,0,0,0,0,0,0,0,36,0,95,33
l9,14=99,100,100,98,100,100,100,100,100,0,100,100,97,100,97,100,98,70,49,0,73,60,22,67,62,72,0,53,75,0,0,0,0,0,0,0,0,0,0,0,88
l10,14=99,100,100,99,99,76,100,100,100,100,0,100,97,100,96,100,81,59,10,81,91,66,100,64,0,92,0,53,85,0,0,0,0,0,0,0,0,0,0,0,94
l11,14=98,100,100,100,100,100,100,100,100,100,100,0,93,100,22,100,82,57,19,0,5,61,62,33,43,42,0,41,60,0,0,0,0,0,0,0,0,0,0,0,89
l12,14=60,62,97,50,55,41,92,50,29,87,99,72,0,100,99,100,79,100,36,20,98,60,60,64,35,52,0,52,91,0,81,0,0,0,0,0,35,32,41,96,94
l13,14=4,69,95,3,27,1,72,21,34,78,88,22,59,60,0,100,100,62,6,0,92,53,48,45,28,51,0,60,95,91,66,0,0,12,0,85,50,60,33,81,57
l14,14=15,95,0,60,29,61,94,0,100,100,100,77,97,100,100,0,100,100,13,95,99,63,79,51,46,100,75,60,95,0,11,41,0,0,0,89,0,5,34,65,98
l15,14=6,95,92,0,0,59,92,59,59,88,99,70,95,60,100,100,0,99,82,99,98,95,70,97,61,100,0,59,93,88,97,72,1,3,0,97,68,57,63,99,96
l16,14=0,1,0,0,0,54,0,42,59,88,99,73,97,100,100,100,100,0,59,5,98,99,100,100,61,60,38,62,96,1,29,53,0,0,0,0,70,58,62,99,96
l17,14=0,0,0,0,0,0,90,85,0,92,86,58,86,97,0,14,97,97,0,99,98,97,98,97,99,61,0,0,0,86,100,0,74,84,73,98,87,0,87,99,92
l18,14=0,0,0,0,0,0,0,1,0,0,95,30,56,28,1,99,97,24,100,0,98,98,98,98,100,0,73,0,0,98,0,94,0,0,0,90,0,0,0,67,91
l19,14=0,0,0,0,0,0,98,53,98,69,93,23,94,97,93,99,97,99,100,99,0,99,100,100,100,0,70,0,80,96,93,64,85,97,90,79,93,49,15,99,94
l20,14=0,0,0,0,0,0,92,94,98,95,99,98,95,82,99,99,97,99,97,99,99,0,100,100,97,86,92,61,91,99,99,61,99,84,75,95,11,84,97,99,96
l21,14=0,0,0,0,0,0,87,53,98,78,99,95,95,97,97,99,97,99,99,98,100,99,0,100,99,46,95,55,53,99,100,86,88,96,0,96,62,88,97,99,96
l22,14=0,0,0,0,0,0,97,87,98,97,98,60,95,97,98,98,97,99,97,99,99,99,100,0,99,35,87,31,0,99,100,83,100,97,75,97,80,91,81,99,97
l23,14=0,0,0,0,0,0,94,89,50,95,63,68,83,96,82,94,97,81,97,99,98,96,98,97,0,0,96,52,0,96,98,94,97,96,84,98,96,79,81,71,88
l24,14=5,13,71,71,62,47,4,1,26,70,87,51,50,55,100,98,56,61,0,0,0,45,37,4,23,0,99,0,98,97,98,100,90,94,93,97,71,59,64,0,53
l25,14=3,24,0,37,36,46,0,0,6,72,92,42,52,51,100,100,60,61,0,0,86,46,35,0,0,0,0,97,0,93,93,0,97,97,91,81,69,29,64,1,3
l26,14=0,0,0,0,0,0,0,0,0,0,0,0,0,0,75,0,38,0,73,70,92,95,87,96,99,0,0,65,44,0,100,0,100,99,100,100,100,99,100,0,43
l27,14=0,0,0,0,0,0,0,0,0,0,0,0,32,0,61,64,50,0,89,0,90,97,96,91,98,97,65,95,43,100,0,74,100,99,100,100,100,99,100,47,37
l28,14=0,0,0,0,0,0,0,0,0,0,0,0,0,0,46,0,0,0,57,0,67,94,65,90,96,0,44,48,88,100,100,32,0,99,100,100,97,99,100,40,4
l29,14=0,0,0,0,0,0,0,0,0,0,0,0,0,0,0,0,0,0,84,0,88,79,81,86,93,93,0,80,91,100,100,100,100,0,100,100,100,82,100,0,0
l30,14=0,0,0,0,0,0,0,0,0,0,0,0,0,0,0,0,0,0,43,0,83,78,0,84,81,93,100,81,71,100,100,100,100,99,0,82,82,85,83,0,0
l31,14=0,0,0,0,0,0,0,0,0,0,0,0,0,0,41,72,53,0,94,64,61,86,83,94,100,0,0,74,32,100,100,0,100,99,100,0,100,99,100,38,0
l32,14=0,0,0,0,0,2,0,0,0,0,0,0,44,19,100,0,68,93,91,0,90,56,59,74,99,97,100,97,91,100,100,100,100,99,99,100,0,100,100,0,0
l33,14=0,0,0,0,51,24,0,0,44,0,1,0,45,1,95,93,79,64,0,0,88,58,59,65,52,97,99,97,61,100,100,99,97,92,97,100,100,0,100,0,40
l34,14=0,0,0,0,32,0,0,0,0,0,0,0,42,0,92,73,86,51,48,0,2,75,55,56,48,91,100,95,89,100,100,100,100,99,62,100,100,100,0,46,6
l35,14=0,0,0,0,0,0,0,0,72,0,19,0,65,0,3,92,90,91,94,21,97,97,98,97,24,81,100,0,33,0,5,0,0,0,0,8,0,0,4,0,96
l36,14=0,0,0,0,0,0,48,0,5,67,90,65,90,26,59,93,94,55,54,65,94,97,97,97,42,69,100,52,0,88,20,100,0,0,0,0,0,4,0,99,0
l37,14=0,0,0,0,0,0,0,0,0,0,0,0,89,87,88,91,94,93,84,66,95,95,96,95,94,29,99,0,0,0,29,99,0,0,0,0,0,0,0,99,96
l38,14=0,0,0,0,0,0,0,51,86,80,98,16,95,94,98,98,90,99,93,0,98,98,96,98,99,64,100,63,88,92,0,100,0,0,0,0,15,0,36,100,98
l39,14=0,0,0,0,0,0,0,0,0,0,67,0,91,17,0,94,97,3,82,92,98,97,98,97,98,1,0,0,0,2,69,38,0,0,0,0,0,0,0,99,96
l40,14=0,0,0,0,0,0,0,0,0,0,44,0,79,0,84,30,92,86,95,48,96,97,96,97,96,3,43,0,0,44,85,0,81,80,0,84,63,0,5,99,96

l0,15=0,100,99,99,100,100,100,100,99,99,99,100,87,98,96,86,62,0,0,0,0,0,0,0,0,99,0,5,85,0,0,0,0,0,0,0,0,0,0,0,0
l1,15=100,0,100,99,100,100,100,58,52,96,98,100,0,98,66,98,78,0,0,0,0,0,0,0,0,18,0,95,30,0,0,0,0,0,0,0,0,0,0,0,0
l2,15=100,100,0,99,100,100,100,100,54,99,99,100,65,60,67,65,79,0,0,0,0,0,0,0,0,23,0,32,47,0,0,0,0,0,0,0,0,0,0,0,0
l3,15=100,100,99,0,100,100,100,89,99,99,99,100,60,23,79,94,0,0,0,0,0,0,0,0,0,62,0,100,98,0,0,0,0,0,0,0,0,0,0,0,0
l4,15=100,100,99,99,0,100,100,61,54,68,98,100,63,60,66,38,77,0,0,0,0,0,0,0,0,25,0,100,87,0,0,0,0,0,0,0,0,8,0,0,0
l5,15=100,100,99,99,100,0,100,97,99,99,99,100,70,92,42,95,74,54,0,0,0,0,0,0,0,60,0,96,94,0,0,0,0,0,0,0,0,52,0,0,0
l6,15=100,100,100,99,100,100,0,100,100,99,100,100,97,99,65,99,100,89,62,0,81,82,24,86,5,61,0,0,96,0,0,0,0,0,0,0,0,0,0,20,0
l7,15=100,58,100,99,100,100,100,0,100,99,100,100,96,99,64,98,100,51,28,4,58,37,87,49,89,7,0,6,48,0,0,0,0,0,0,0,0,0,0,1,70
l8,15=98,61,96,96,80,100,99,100,0,99,100,100,95,60,64,99,78,57,0,0,53,40,92,83,87,28,0,34,40,0,0,0,0,0,0,0,0,0,0,91,92
l9,15=100,100,100,96,97,100,100,100,100,0,100,100,96,100,64,99,100,100,57,0,12,53,92,0,16,53,0,62,57,0,0,0,0,0,0,0,0,0,0,1,71
l10,15=100,100,99,98,82,100,100,100,100,99,0,100,63,100,65,99,78,59,51,45,30,61,91,80,69,16,0,65,39,0,0,0,0,0,0,0,0,0,0,0,88
l11,15=100,100,99,94,99,100,100,100,100,99,100,0,65,100,64,95,78,0,26,3,23,54,87,1,87,56,0,16,64,0,0,0,0,0,0,0,0,0,0,0,0
l12,15=83,0,96,52,46,59,98,54,52,65,96,96,0,100,89,99,99,64,3,0,52,54,93,88,86,65,0,98,99,0,78,0,0,0,0,0,48,71,29,80,96
l13,15=99,51,59,62,80,0,55,55,52,54,98,80,83,60,0,98,83,75,56,0,42,55,30,83,64,54,0,100,100,97,95,0,0,0,0,74,96,98,98,6,80
l14,15=83,97,0,55,32,89,100,59,86,96,99,99,97,100,99,0,100,100,71,29,63,93,96,79,88,99,78,98,99,0,0,81,0,0,0,9,0,86,54,94,96
l15,15=72,60,95,0,55,43,99,56,52,70,98,99,95,68,99,99,0,99,97,57,71,97,95,98,89,98,0,97,99,46,88,24,0,0,0,84,95,97,94,95,98
l16,15=0,0,0,0,0,58,99,52,51,83,98,21,97,99,100,99,100,0,58,15,81,98,97,87,88,79,14,98,99,79,0,82,0,0,0,81,91,96,98,94,96
l17,15=0,0,0,0,0,0,60,77,0,90,88,56,0,92,71,94,99,91,0,99,98,94,99,97,99,60,0,0,0,87,91,50,47,88,70,94,82,0,0,94,87
l18,15=0,0,0,0,0,0,0,2,0,0,91,50,0,86,0,91,100,25,99,0,99,98,98,98,99,0,99,0,0,75,0,91,0,9,0,64,0,0,0,85,88
l19,15=0,0,0,0,0,0,91,50,97,2,91,49,90,89,48,92,99,91,98,97,0,98,99,99,99,0,50,0,12,94,82,24,40,91,95,94,74,66,75,98,85
l20,15=0,0,0,0,0,0,90,0,84,86,98,83,94,92,95,96,97,96,92,97,98,0,99,100,98,0,99,92,87,94,93,83,94,0,58,84,94,88,94,98,96
l21,15=0,0,0,0,0,0,68,88,98,88,99,94,95,97,71,98,97,99,98,95,98,98,0,100,99,54,98,93,95,93,91,90,92,97,0,95,92,94,98,98,98
l22,15=0,0,0,0,0,0,95,47,98,54,94,12,94,92,92,89,99,98,95,97,98,98,99,0,98,59,57,1,0,92,79,63,82,90,51,78,90,61,82,98,98
l23,15=0,0,0,0,0,0,90,93,85,43,0,69,84,88,83,90,95,78,98,98,98,97,99,99,0,0,100,0,0,92,88,61,91,87,65,92,79,78,6,90,86
l24,15=86,58,0,58,83,55,0,4,54,50,81,22,65,59,100,98,79,59,0,0,1,54,77,0,0,0,99,0,100,94,98,98,60,56,56,87,97,98,98,12,71
l25,15=99,18,23,62,25,60,61,7,28,53,16,56,65,54,99,98,79,60,0,0,0,54,59,0,0,0,0,100,0,99,100,0,60,59,58,83,97,98,98,33,36
l26,15=0,0,0,0,0,0,0,0,0,0,0,0,0,0,78,0,14,0,99,50,99,98,57,100,99,0,0,87,100,0,100,0,100,100,100,100,100,100,100,51,68
l27,15=0,0,0,0,0,0,0,0,0,0,0,0,52,2,76,0,79,0,92,0,74,96,54,47,64,100,87,90,98,100,0,98,100,100,100,100,100,100,100,31,49
l28,15=0,0,0,0,0,0,0,0,0,0,0,0,0,0,0,0,0,0,33,0,45,91,89,93,94,0,100,91,96,100,100,99,0,100,100,100,100,100,100,29,0
l29,15=0,0,0,0,0,0,0,0,0,0,0,0,0,0,0,0,0,0,88,0,88,0,88,92,78,99,0,87,94,100,100,100,100,0,100,100,100,91,100,0,25
l30,15=0,0,0,0,0,0,0,0,0,0,0,0,0,0,0,0,0,0,82,0,75,83,0,79,83,100,100,87,92,100,90,100,100,100,0,91,95,93,94,0,0
l31,15=0,0,0,0,0,0,0,0,0,0,0,0,0,0,81,24,82,50,91,24,83,90,63,61,98,0,0,98,99,100,100,0,100,100,100,0,100,100,100,48,0
l32,15=0,0,0,0,0,0,0,0,0,0,0,0,28,37,99,13,82,66,89,0,66,93,60,72,65,60,100,100,100,100,100,100,100,100,100,100,0,100,100,2,0
l33,15=0,0,0,0,45,51,0,0,0,0,1,0,54,31,80,98,83,90,0,0,51,56,60,52,65,59,100,100,100,99,100,100,100,100,94,100,100,0,100,0,0
l34,15=0,0,0,0,0,6,0,0,0,0,0,0,44,8,85,91,79,63,0,0,45,56,65,48,12,58,100,100,100,100,100,100,100,100,65,100,100,100,0,0,1
l35,15=0,0,0,0,0,0,2,0,30,0,8,0,79,43,0,65,93,26,87,15,93,96,98,97,92,83,100,0,31,50,0,0,0,0,0,24,0,0,0,0,98
l36,15=0,0,0,0,0,0,0,22,28,17,34,0,89,77,78,85,93,54,69,36,46,90,91,99,70,97,100,41,13,51,0,100,0,0,0,0,0,0,0,99,0
l37,15=0,0,0,0,0,0,0,0,62,0,0,0,64,82,81,2,92,67,0,34,76,96,93,95,99,98,100,0,0,0,70,100,13,0,0,45,0,0,0,98,98
l38,15=0,0,0,0,0,0,54,58,55,48,66,73,94,85,98,97,96,99,57,0,97,97,99,99,98,98,100,73,46,35,49,100,0,0,0,0,0,0,0,98,99
l39,15=0,0,0,0,0,0,0,0,0,0,55,0,76,38,74,65,94,64,91,68,98,97,99,97,95,33,51,0,0,47,70,48,3,40,0,59,0,0,0,98,98
l40,15=0,0,0,0,0,0,0,0,1,0,4,0,0,51,64,46,74,53,77,15,92,91,98,96,72,36,68,0,0,0,72,0,54,61,0,55,58,0,0,95,96

q0=0
q1=1
q2=1
q3=1
q4=1
q5=1
q6=1
q7=1
q8=1
q9=1
q10=1
q11=1
q12=1
q13=1
q14=1
q15=1
q16=1
q17=1
q18=1
q19=1
q20=1
q21=1
q22=1
q23=1
q24=1
q25=1
q26=1
q27=1
q28=1
q29=1
q30=1
q31=1
q32=1
q33=1
q34=1
q35=1
q36=1
q37=1
q38=1
q39=1
q40=1

a0=0x01
a1=0x02
a2=0x03
a3=0x04
a4=0x05
a5=0x06
a6=0x07
a7=0x08
a8=0x09
a9=0x0a
a10=0x0b
a11=0x0c
a12=0x0d
a13=0x0e
a14=0x0f
a15=0x10
a16=0x11
a17=0x12
a18=0x13
a19=0x14
a20=0x15
a21=0x16
a22=0x17
a23=0x18
a24=0x19
a25=0x1a
a26=0x1b
a27=0x1c
a28=0x1d
a29=0x1e
a30=0x1f
a31=0x20
a32=0x21
a33=0x22
a34=0x23
a35=0x24
a36=0x25
a37=0x26
a38=0x27
a39=0x28
a40=0x29

