n=41

l0,0=0,90,87,90,91,91,87,88,84,87,87,89,72,73,0,80,66,0,0,0,0,0,0,0,0,30,0,80,78,0,0,0,0,0,0,0,0,6,0,0,0
l1,0=91,0,86,90,91,91,90,87,75,87,87,93,43,0,1,46,15,28,0,0,0,0,0,0,0,27,0,1,69,0,0,0,0,0,0,0,0,0,0,0,0
l2,0=92,91,0,89,89,91,91,89,84,87,87,93,45,85,64,48,70,48,3,0,0,0,0,55,0,27,0,31,65,0,0,0,0,0,0,0,0,0,0,0,0
l3,0=92,91,86,0,91,91,90,51,63,87,87,76,31,83,66,55,71,0,0,0,0,0,0,0,0,22,0,82,74,0,0,0,0,0,0,0,0,0,18,0,0
l4,0=92,91,83,90,0,91,87,85,82,83,86,92,52,71,0,14,0,0,0,0,0,0,0,0,0,21,0,81,72,0,0,0,0,0,0,0,0,0,0,0,0
l5,0=91,91,87,32,91,0,81,67,81,87,87,89,45,63,0,46,0,30,0,0,0,0,0,0,0,45,0,75,61,0,0,0,0,0,0,0,0,41,0,0,0
l6,0=91,91,87,90,88,91,0,91,84,87,87,93,87,85,64,83,87,34,0,31,62,47,58,68,38,0,0,0,0,0,0,0,0,0,0,0,0,0,0,0,46
l7,0=90,91,86,22,88,91,90,0,84,87,87,93,89,85,54,52,60,32,21,0,78,57,66,56,0,28,0,47,51,0,0,0,0,0,0,0,0,0,0,0,0
l8,0=90,75,59,0,35,83,56,87,0,86,87,48,52,89,68,89,89,42,2,27,79,70,86,73,70,67,0,68,64,0,0,0,0,0,0,0,0,18,0,36,39
l9,0=82,90,86,73,36,84,91,91,79,0,87,93,82,85,67,43,75,62,18,11,0,64,2,62,60,38,0,0,39,0,0,0,0,0,0,0,0,0,0,0,0
l10,0=91,90,86,74,88,91,87,85,88,87,0,93,88,78,69,83,85,88,0,0,8,50,59,75,62,26,0,46,46,0,0,0,0,0,0,0,0,21,0,0,0
l11,0=87,91,87,27,91,91,90,91,75,87,87,0,91,85,67,87,70,55,19,9,71,0,75,0,3,37,0,35,52,0,0,0,0,0,0,0,0,0,0,0,17
l12,0=33,32,35,1,28,63,30,48,66,80,52,51,0,88,84,94,92,100,0,16,78,64,77,66,72,53,0,82,72,0,15,0,0,0,0,0,25,45,20,43,72
l13,0=0,0,16,0,0,0,30,18,80,75,34,45,63,23,0,69,93,52,0,0,44,78,79,64,0,0,15,92,91,5,2,0,0,0,22,85,70,51,53,46,73
l14,0=69,61,36,23,12,65,31,46,84,64,38,53,97,89,92,0,91,85,28,0,68,78,73,75,69,92,18,82,54,0,0,81,0,0,0,0,0,37,35,43,61
l15,0=12,0,19,1,0,0,28,13,87,67,34,43,94,57,92,67,0,100,48,26,88,85,92,91,82,42,0,0,58,0,7,0,10,0,3,67,0,47,41,49,82
l16,0=0,10,21,0,0,48,12,31,87,82,56,49,97,89,92,94,93,0,24,22,87,76,92,89,61,76,0,91,89,0,9,82,0,0,0,0,0,91,26,0,74
l17,0=0,0,8,0,0,0,0,58,50,50,0,63,0,86,0,73,92,80,0,100,99,87,91,90,96,62,0,0,0,67,78,0,85,75,0,87,27,0,61,90,85
l18,0=0,0,0,0,0,0,86,0,81,2,0,0,63,83,0,0,89,82,100,0,96,89,84,90,95,0,63,0,0,43,92,82,0,53,0,78,57,0,0,0,0
l19,0=0,0,0,0,0,0,63,66,63,0,0,68,77,77,62,64,89,81,98,79,0,89,69,92,94,0,48,0,6,79,87,68,70,73,75,81,65,67,64,80,88
l20,0=0,0,0,0,0,0,16,20,66,60,24,0,46,64,79,83,87,86,87,89,98,0,92,92,89,33,92,0,0,38,16,89,10,0,0,80,23,76,79,89,90
l21,0=0,0,0,0,0,0,22,34,78,30,31,47,87,73,67,60,92,91,98,47,80,91,0,92,89,11,48,1,30,19,87,72,43,69,17,81,76,80,0,91,90
l22,0=0,0,25,0,0,0,41,28,70,58,70,0,38,71,54,78,92,84,87,89,100,91,92,0,90,23,31,46,0,81,83,76,25,72,74,67,66,47,69,91,91
l23,0=0,0,0,0,0,0,36,0,68,66,65,19,75,73,0,77,87,81,99,97,99,89,90,90,0,0,85,37,0,92,87,78,88,83,83,88,77,70,68,80,80
l24,0=27,0,6,29,21,50,0,9,64,0,20,16,57,39,92,50,0,46,0,0,0,0,0,38,1,0,95,0,91,30,27,92,14,0,39,88,91,43,86,0,0
l25,0=30,27,27,22,21,45,0,28,67,38,26,37,53,0,92,42,76,62,0,0,33,11,23,0,0,0,0,92,0,53,55,0,13,35,43,85,89,90,92,0,0
l26,0=0,0,0,0,0,0,0,0,0,0,0,0,0,15,18,0,0,0,63,48,92,48,31,85,95,0,0,80,90,0,97,0,100,96,100,97,97,92,98,0,5
l27,0=0,0,0,0,0,0,0,0,0,0,0,0,20,0,13,0,0,0,39,38,88,1,50,68,90,92,80,92,91,100,0,92,100,96,100,97,97,92,98,23,2
l28,0=0,0,0,0,0,0,0,0,0,0,0,0,0,0,0,0,32,0,86,0,43,25,34,58,87,0,90,74,35,100,97,86,0,96,100,97,97,92,98,0,0
l29,0=0,0,0,0,0,0,0,0,0,0,0,0,0,0,0,0,1,0,76,34,86,0,36,75,78,53,0,0,50,100,97,100,100,0,100,97,97,82,82,0,0
l30,0=0,0,0,0,0,0,0,0,0,0,0,0,0,0,31,0,0,0,0,0,41,0,0,71,54,55,97,33,31,100,97,97,100,96,0,93,89,81,23,0,0
l31,0=0,0,0,0,0,0,0,0,0,0,0,0,0,0,81,0,82,0,82,68,89,72,76,78,92,0,0,92,86,100,97,0,100,96,100,0,97,92,98,8,15
l32,0=0,0,0,0,0,0,0,0,0,0,0,0,6,17,30,0,0,0,0,20,41,11,50,70,74,13,100,92,56,100,97,100,99,63,93,97,0,92,98,12,0
l33,0=0,0,0,0,0,33,0,0,30,0,5,0,51,30,32,36,90,57,0,0,54,70,45,49,38,35,96,59,56,67,97,96,49,36,80,97,97,0,98,0,17
l34,0=0,0,0,0,0,29,0,0,0,0,0,0,68,12,33,53,92,85,73,0,56,82,5,71,59,43,100,92,91,98,97,100,100,39,63,97,97,92,0,28,0
l35,0=0,0,0,0,0,0,0,0,56,0,0,0,77,68,68,73,77,0,79,0,87,83,88,88,86,85,97,0,0,0,82,0,0,0,0,0,24,0,18,0,90
l36,0=0,0,0,0,0,0,12,0,53,0,0,1,78,61,66,64,79,80,77,0,82,89,90,90,74,89,97,0,0,0,23,97,0,0,0,24,0,36,0,91,0
l37,0=0,0,0,0,0,0,0,0,2,0,16,0,75,10,56,65,73,81,75,74,73,89,59,87,92,90,92,33,53,20,0,92,0,0,0,0,0,0,0,91,91
l38,0=0,0,0,0,0,0,0,35,70,0,33,39,82,72,76,91,92,94,0,45,91,91,90,90,89,92,98,74,51,33,0,98,0,0,0,0,31,21,25,92,94
l39,0=0,0,0,0,0,0,0,0,28,0,0,0,61,55,60,62,72,74,74,0,90,89,89,90,87,0,0,0,0,0,0,8,41,0,0,61,0,0,0,91,91
l40,0=0,0,0,0,0,0,0,0,41,0,0,0,21,39,32,56,59,46,76,71,88,86,87,87,89,0,5,0,0,59,72,15,24,62,0,64,0,0,0,91,90

l0,1=0,90,89,93,91,90,73,82,82,78,79,86,44,67,2,0,0,0,0,0,0,0,0,0,0,24,0,73,68,0,0,0,0,0,0,0,0,0,0,0,0
l1,1=90,0,89,91,91,90,84,80,55,78,57,86,37,55,45,0,61,68,0,0,0,0,0,0,0,39,0,58,61,0,0,0,0,0,0,0,0,0,0,0,0
l2,1=90,90,0,85,89,90,84,86,78,78,80,89,70,71,70,42,0,68,0,0,0,0,58,9,0,26,0,32,52,0,0,0,0,0,0,0,0,0,0,0,0
l3,1=90,90,87,0,92,90,78,82,82,78,79,86,71,53,38,0,0,3,0,0,0,0,0,0,0,17,0,76,73,0,0,0,0,0,0,0,0,0,0,0,0
l4,1=90,90,88,95,0,90,56,46,61,75,80,86,31,62,39,0,21,0,0,0,0,0,0,0,0,0,0,61,0,0,0,0,0,0,0,0,0,0,0,0,0
l5,1=90,90,89,54,92,0,78,41,67,76,79,52,40,73,0,0,0,0,0,0,0,0,0,0,0,0,0,61,0,0,0,0,0,0,0,0,0,35,32,0,0
l6,1=71,90,89,86,67,90,0,86,81,78,78,89,75,74,59,67,70,47,65,46,66,48,59,66,8,15,0,47,44,0,0,0,0,0,0,0,0,0,0,0,0
l7,1=86,87,89,74,69,74,84,0,82,78,81,89,76,67,31,72,58,62,59,0,0,62,23,32,26,20,0,0,50,0,0,0,0,0,0,0,0,0,0,14,0
l8,1=82,61,75,41,40,84,74,82,0,78,81,86,41,84,68,76,75,78,48,60,42,17,80,73,37,18,0,54,31,0,5,0,0,0,0,0,0,0,0,38,44
l9,1=79,90,88,65,75,75,84,86,82,0,81,89,77,80,58,77,65,66,0,0,38,51,59,64,0,50,0,0,49,0,0,0,0,0,0,0,0,0,0,0,33
l10,1=68,61,88,63,83,88,73,82,86,78,0,89,76,80,65,77,68,78,58,0,50,48,67,64,61,12,0,37,36,0,0,0,0,0,0,0,0,0,0,0,0
l11,1=81,90,88,77,84,87,84,86,84,78,81,0,76,80,30,73,66,62,46,48,48,62,69,35,32,17,0,45,49,0,0,0,0,0,0,0,0,0,0,7,0
l12,1=34,54,65,37,16,45,41,41,57,71,76,77,0,86,53,82,82,91,56,62,65,63,61,37,14,42,0,63,63,0,0,15,0,0,0,25,0,50,34,41,62
l13,1=0,59,66,0,1,0,6,6,44,65,49,20,39,69,0,48,85,86,47,0,60,76,69,10,6,57,0,80,87,11,62,0,0,6,4,37,25,32,25,24,0
l14,1=0,0,59,0,0,11,40,40,64,72,62,45,85,80,54,0,81,90,55,63,62,64,52,41,38,90,11,52,0,0,0,76,0,0,0,0,0,22,33,40,47
l15,1=0,29,0,0,3,0,41,20,61,68,59,41,81,74,86,51,0,87,85,75,46,89,87,89,49,0,0,57,77,0,24,0,21,0,0,42,37,57,43,47,65
l16,1=0,52,52,0,0,0,18,42,62,68,60,40,85,81,84,82,85,0,69,65,66,73,75,44,42,84,0,67,76,0,64,67,0,0,0,18,0,59,41,43,59
l17,1=0,0,0,0,0,0,67,60,57,3,62,62,65,76,48,57,80,76,0,95,88,85,91,87,91,81,0,41,0,65,67,11,71,77,36,86,34,51,55,86,83
l18,1=0,0,0,0,0,0,45,0,69,0,0,64,67,75,0,68,79,72,94,0,88,87,85,87,87,0,62,0,0,50,72,76,0,75,0,75,67,0,0,0,85
l19,1=0,0,0,0,0,0,59,0,33,39,55,49,72,68,57,61,59,68,84,84,0,87,81,89,87,0,47,0,0,74,77,30,73,74,53,76,68,61,60,84,84
l20,1=0,0,0,0,0,0,36,63,35,46,53,73,77,74,83,71,81,82,88,90,88,0,91,89,87,0,89,0,51,45,76,76,12,13,58,83,77,74,73,90,91
l21,1=0,0,51,0,0,0,52,8,76,63,71,76,76,76,81,49,81,81,89,87,87,89,0,89,86,32,21,2,62,22,57,75,0,44,41,52,78,74,62,90,82
l22,1=0,0,0,0,0,0,51,24,70,54,63,45,54,75,39,71,81,75,89,88,90,89,91,0,87,47,8,0,0,71,63,16,51,79,53,79,26,55,45,90,91
l23,1=0,0,0,0,0,0,25,26,73,0,68,46,53,69,68,63,80,73,89,90,88,85,86,87,0,0,79,0,0,78,82,80,78,84,74,86,78,24,33,83,81
l24,1=37,46,8,35,16,28,11,0,37,0,14,17,47,78,87,21,40,47,26,0,0,0,0,0,0,0,90,0,87,36,48,85,38,0,23,42,85,93,49,0,14
l25,1=24,39,26,17,0,0,15,20,18,50,12,17,42,57,90,0,84,81,0,0,0,32,47,0,0,0,0,91,0,69,55,0,50,43,25,64,51,93,47,0,5
l26,1=0,0,0,0,0,0,0,0,0,0,0,0,0,0,11,0,0,0,62,47,89,21,8,79,90,0,0,67,79,0,91,0,90,94,97,94,93,93,83,21,0
l27,1=0,0,0,0,0,0,0,0,0,0,0,0,0,0,37,0,7,35,50,60,83,35,42,42,82,91,67,83,46,84,0,80,90,94,84,94,93,93,85,30,28
l28,1=0,0,0,0,0,0,0,0,0,0,0,0,0,0,0,0,19,0,70,0,85,15,3,74,84,0,79,71,71,84,91,77,0,94,97,94,83,93,85,18,24
l29,1=0,0,0,0,0,0,0,0,0,0,0,0,0,0,52,0,0,0,63,68,52,9,23,73,77,69,0,0,32,84,91,84,90,0,97,94,93,73,83,0,0
l30,1=0,0,0,0,0,0,0,0,0,0,0,0,0,0,0,0,0,0,2,0,58,46,0,70,73,55,91,56,33,84,85,91,90,94,0,93,80,91,69,0,0
l31,1=0,0,0,0,0,0,0,0,0,0,0,0,15,0,76,0,67,11,76,30,76,75,16,80,85,0,0,80,77,84,91,0,90,94,97,0,93,93,85,26,12
l32,1=0,0,0,0,0,0,0,0,0,0,0,0,0,21,34,0,43,0,9,46,51,40,48,3,39,50,90,91,53,84,91,90,47,84,53,94,0,93,85,2,0
l33,1=0,0,0,0,0,20,0,0,0,0,0,0,41,63,79,11,44,52,17,0,53,35,51,12,0,43,94,89,56,73,88,94,52,31,58,89,91,0,83,0,0
l34,1=0,0,0,0,0,8,0,0,0,0,0,0,31,46,68,24,47,43,41,3,59,66,49,15,4,25,97,91,84,83,91,97,90,85,52,94,93,93,0,0,0
l35,1=0,0,0,0,0,0,0,0,48,0,0,0,75,55,64,62,75,74,78,0,84,79,90,87,78,64,94,0,0,1,46,0,0,0,0,48,0,0,0,0,91
l36,1=0,0,0,0,0,0,0,0,30,27,0,0,76,73,0,44,81,81,82,68,79,87,75,88,75,51,93,27,0,0,37,93,6,0,0,17,0,4,0,90,0
l37,1=0,0,0,0,0,0,0,0,55,1,0,0,69,8,41,66,61,72,83,72,33,87,91,86,86,93,93,0,2,11,0,93,0,0,0,0,0,0,0,90,90
l38,1=0,0,0,0,0,0,9,25,72,44,50,25,77,76,79,67,82,75,84,65,87,88,91,87,87,47,83,66,68,0,34,85,13,0,0,17,0,0,11,92,93
l39,1=0,0,0,0,0,0,0,0,0,0,0,0,50,60,64,49,78,0,42,0,87,87,91,88,83,0,21,0,0,48,0,26,41,41,0,47,0,0,1,90,91
l40,1=0,0,0,0,0,0,0,0,24,0,0,0,46,50,39,0,59,58,84,62,85,80,83,85,74,5,0,0,0,45,60,12,19,27,0,39,0,0,0,88,89

l0,2=0,82,89,90,88,90,82,85,77,79,80,83,53,65,47,66,6,0,0,0,0,0,0,0,0,30,0,70,53,0,0,0,0,0,0,0,0,0,0,0,0
l1,2=83,0,84,87,88,90,84,85,68,84,74,74,68,73,53,59,34,28,0,0,0,0,0,0,0,63,0,67,67,0,0,0,0,0,0,0,0,0,0,0,0
l2,2=85,82,0,84,88,89,86,87,77,85,80,85,80,81,60,64,59,43,0,0,36,0,55,0,0,56,0,65,68,0,0,0,0,0,0,0,0,0,0,0,0
l3,2=90,82,86,0,88,88,83,85,71,80,81,85,62,66,51,59,0,0,0,0,0,0,0,0,0,45,0,66,68,0,0,0,0,0,0,0,0,0,0,0,0
l4,2=83,82,89,90,0,90,82,44,72,85,80,85,66,67,11,32,0,0,0,0,0,0,0,0,0,57,0,0,66,0,0,0,0,0,0,0,0,0,0,0,0
l5,2=87,82,84,81,88,0,84,85,78,78,80,85,78,55,0,58,56,24,0,0,0,0,0,0,0,32,0,73,26,0,0,0,0,0,0,0,0,0,0,0,0
l6,2=80,81,89,82,88,88,0,87,72,85,80,85,77,83,15,71,65,1,42,54,59,2,54,59,53,42,0,51,53,0,0,0,0,0,0,0,0,0,0,0,0
l7,2=83,81,89,80,56,86,82,0,77,87,80,85,80,78,49,74,48,58,51,20,1,53,51,57,59,40,0,35,51,0,0,0,0,0,0,0,0,0,0,0,35
l8,2=72,67,74,64,72,87,74,85,0,86,81,85,73,87,49,75,69,68,0,52,51,50,76,70,63,49,0,0,58,0,0,0,0,0,0,0,0,26,0,1,53
l9,2=61,81,80,76,88,65,84,87,77,0,81,85,81,84,48,74,50,69,58,52,26,46,72,58,0,30,0,53,51,0,0,0,0,0,0,0,0,0,0,38,55
l10,2=75,77,89,73,79,87,81,85,83,87,0,85,76,86,53,74,62,66,0,47,48,58,67,55,69,45,0,42,56,0,0,0,0,0,0,0,0,0,3,28,47
l11,2=68,74,81,79,86,86,83,87,77,87,81,0,78,85,38,65,53,62,0,0,54,43,54,0,0,33,0,46,54,0,0,0,0,0,0,0,0,0,0,0,0
l12,2=50,56,62,23,57,68,75,75,71,79,74,78,0,87,0,78,79,84,57,51,61,54,82,81,51,58,0,79,65,0,0,16,0,0,0,40,53,52,2,47,83
l13,2=24,56,66,34,16,0,14,37,66,41,65,19,0,74,0,70,86,80,0,0,0,73,73,39,42,68,0,89,88,15,53,0,22,0,0,10,0,77,62,27,36
l14,2=60,51,59,0,27,54,70,68,77,79,74,64,91,78,57,0,68,84,57,56,61,61,60,58,64,76,18,64,57,0,42,15,0,0,0,0,0,51,0,53,58
l15,2=0,3,54,0,0,49,67,38,72,31,66,38,81,72,75,68,0,84,83,54,73,87,83,92,76,44,0,80,79,19,0,0,0,0,0,45,38,53,46,75,64
l16,2=0,0,7,0,0,21,0,59,74,72,70,71,91,83,71,78,86,0,60,0,57,71,87,69,77,86,17,65,78,0,23,51,0,0,0,0,0,67,46,52,71
l17,2=0,0,0,0,0,0,44,38,0,67,0,0,76,72,0,64,82,71,0,93,89,73,90,89,92,71,0,0,0,82,17,0,76,38,64,63,58,51,48,75,78
l18,2=0,0,0,0,0,0,62,0,55,59,60,0,70,69,0,55,72,0,89,0,86,76,85,85,88,0,81,0,0,0,0,48,0,0,0,0,0,0,0,0,76
l19,2=0,0,0,0,0,0,57,0,40,27,47,51,78,71,0,64,74,58,86,80,0,87,87,92,89,0,0,0,0,81,84,0,77,78,39,78,68,62,0,69,74
l20,2=0,0,0,0,0,0,0,56,44,40,68,45,79,70,65,57,82,74,83,84,87,0,90,92,86,0,89,0,0,67,78,81,52,72,61,72,0,46,66,79,87
l21,2=0,0,41,0,0,0,52,40,71,69,69,50,81,75,66,48,81,74,86,83,86,87,0,92,85,0,63,43,56,67,26,67,38,45,45,47,63,81,65,79,78
l22,2=0,0,0,0,0,0,51,44,67,47,55,1,79,72,36,40,81,66,85,80,90,87,90,0,86,64,75,2,40,68,80,50,59,81,45,69,0,72,27,79,79
l23,2=0,0,0,0,0,0,55,48,52,28,67,0,55,66,31,61,80,73,89,87,90,83,86,89,0,24,69,0,0,82,88,56,82,83,57,83,45,55,34,76,77
l24,2=59,68,58,49,0,77,40,3,0,36,41,29,59,71,76,59,79,64,0,0,0,0,51,1,0,0,91,0,88,64,60,85,45,52,36,67,83,95,78,0,54
l25,2=30,63,56,45,57,32,42,40,49,30,45,33,58,68,76,44,86,71,0,0,0,0,64,24,0,0,0,90,0,66,69,0,48,63,22,81,81,95,94,0,0
l26,2=0,0,0,0,0,0,0,0,0,0,0,0,0,0,18,0,17,0,81,0,89,63,75,69,91,0,0,63,80,0,93,0,87,92,93,93,94,96,97,0,0
l27,2=0,0,0,0,0,0,0,0,0,0,0,0,0,0,29,15,0,25,0,0,85,58,25,70,91,90,63,82,77,86,0,85,87,92,93,93,94,96,97,8,56
l28,2=0,0,0,0,0,0,0,0,0,0,0,0,0,0,21,0,30,0,72,0,70,60,54,62,89,0,80,65,63,86,93,87,0,92,93,93,94,96,97,47,0
l29,2=0,0,0,0,0,0,0,0,0,0,0,0,0,0,0,0,0,0,14,16,85,64,61,84,83,66,0,60,36,86,93,86,87,0,93,93,94,0,93,0,3
l30,2=0,0,0,0,0,0,0,0,0,0,0,0,0,0,0,0,0,0,69,0,45,61,53,57,63,69,93,65,44,86,93,93,87,92,0,93,92,94,83,0,0
l31,2=0,0,0,0,0,0,0,0,0,0,0,0,16,0,15,0,51,0,48,0,81,67,50,56,85,0,0,85,87,86,93,0,87,92,89,0,94,96,97,43,45
l32,2=0,0,0,0,0,0,0,0,0,0,0,0,41,50,0,0,50,0,48,0,54,0,70,0,22,48,87,84,48,86,93,87,57,92,84,93,0,96,97,0,0
l33,2=0,0,0,0,0,0,0,0,13,0,0,0,47,65,40,43,70,74,47,24,57,56,76,57,37,63,92,90,88,79,88,92,83,0,55,93,94,0,97,0,0
l34,2=0,0,0,0,0,0,0,0,0,0,39,0,12,57,65,0,80,52,51,3,29,79,77,43,42,22,93,88,88,86,93,89,87,90,81,93,94,96,0,44,49
l35,2=0,0,0,0,0,0,0,0,0,29,5,0,53,46,33,47,75,43,79,0,80,77,83,90,75,81,93,0,0,0,0,0,3,0,0,50,0,0,1,0,87
l36,2=0,0,0,0,0,0,0,0,40,45,37,0,76,68,48,49,67,71,73,70,77,83,86,88,81,81,94,27,0,0,51,94,0,2,0,29,0,0,19,83,0
l37,2=0,0,0,0,0,0,0,0,52,27,0,0,72,29,33,55,37,56,81,63,65,74,85,84,83,95,96,0,5,0,0,96,0,0,0,0,0,0,0,82,85
l38,2=0,0,0,0,0,0,9,0,62,49,52,66,81,68,65,56,81,72,84,32,85,83,85,86,83,94,97,26,52,0,24,97,0,11,0,51,0,0,12,83,87
l39,2=0,0,0,0,0,0,0,0,0,0,0,0,65,61,50,45,81,61,77,70,83,83,86,87,78,0,0,0,0,0,71,43,0,55,0,63,25,0,0,77,86
l40,2=0,0,0,0,0,0,0,0,0,0,0,0,50,38,0,31,53,38,76,59,67,57,78,84,79,0,0,0,0,42,57,45,1,42,0,49,0,0,0,70,71

l0,3=0,82,60,94,90,84,87,44,37,40,38,52,37,55,26,33,0,0,0,0,0,0,0,0,0,0,0,37,0,0,0,0,0,0,0,0,0,0,0,0,0
l1,3=82,0,61,94,90,84,87,43,38,42,40,51,1,59,33,48,0,22,0,0,0,30,0,0,0,59,0,38,29,0,0,0,0,0,0,0,0,0,0,0,0
l2,3=46,49,0,68,89,54,87,44,37,43,40,52,36,65,32,0,15,0,0,0,5,0,0,1,0,37,0,23,25,0,0,0,0,0,0,0,0,0,0,0,0
l3,3=87,83,67,0,90,79,87,44,35,45,40,52,32,65,0,0,0,0,0,0,0,0,0,0,0,36,0,35,28,0,0,0,0,0,0,0,0,6,0,0,0
l4,3=87,84,84,94,0,84,87,41,36,43,33,53,34,0,0,40,0,4,0,0,0,0,0,0,0,0,0,0,0,0,0,0,0,0,0,0,0,0,0,0,0
l5,3=87,84,60,91,90,0,87,43,38,0,40,51,26,50,21,40,18,10,0,0,0,0,0,0,0,49,0,42,22,0,0,0,0,0,0,0,0,0,0,0,0
l6,3=44,44,63,57,89,54,0,44,37,42,40,53,50,64,17,51,27,41,0,34,30,4,22,20,30,0,0,34,0,0,0,0,0,0,0,0,0,0,0,0,19
l7,3=42,40,62,47,87,50,87,0,37,45,40,53,32,60,25,45,15,32,15,0,20,25,20,14,22,22,0,22,22,0,0,0,0,0,0,0,0,0,0,0,0
l8,3=31,34,42,35,86,55,13,43,0,37,40,53,50,67,28,54,19,38,29,16,25,25,29,17,33,11,0,0,27,0,0,0,0,0,0,0,0,0,0,0,19
l9,3=34,44,62,51,87,9,87,44,37,0,41,53,48,65,33,49,24,46,25,21,21,24,27,17,18,31,0,25,26,0,0,0,0,0,0,0,0,0,0,0,22
l10,3=27,28,62,46,65,50,87,44,38,46,0,53,53,67,27,44,15,38,13,20,17,25,20,17,31,17,0,20,22,0,0,0,0,0,0,0,0,0,24,0,20
l11,3=41,45,62,47,88,54,87,44,38,45,40,0,37,65,29,21,11,32,25,1,25,24,19,0,0,20,0,23,25,0,0,0,0,0,0,0,0,0,0,0,0
l12,3=25,0,44,21,67,39,85,43,37,42,40,49,0,0,0,84,42,94,42,29,36,38,36,31,25,50,0,43,35,0,0,0,0,0,0,0,23,4,10,27,40
l13,3=14,51,44,0,0,31,5,24,23,37,38,31,91,72,0,87,88,96,25,0,23,37,70,63,28,34,0,93,95,0,34,0,0,5,0,39,29,87,13,19,58
l14,3=15,41,0,0,60,45,86,44,38,42,40,41,91,67,40,0,79,79,39,37,39,45,26,0,18,92,0,46,32,0,0,47,0,0,0,0,0,28,24,23,19
l15,3=0,0,25,0,0,35,76,36,34,35,38,14,84,63,92,91,0,96,86,50,55,92,87,89,76,63,0,90,41,7,0,0,0,0,0,19,27,38,28,22,37
l16,3=0,8,0,0,49,21,75,28,36,38,40,42,91,72,90,89,88,0,42,39,36,57,67,33,45,64,44,55,30,2,0,54,0,0,0,0,0,33,10,38,34
l17,3=0,0,0,0,0,0,0,0,33,36,14,28,75,69,26,76,84,85,0,97,90,79,87,83,96,25,15,0,0,93,78,0,54,82,79,90,20,9,0,77,77
l18,3=0,0,0,0,0,0,68,0,14,31,27,0,57,68,0,69,80,70,97,0,89,90,83,80,92,0,96,0,0,0,44,84,46,0,15,0,0,0,0,2,73
l19,3=0,0,0,0,0,0,48,19,21,21,19,34,40,56,20,65,71,51,95,85,0,90,86,90,95,0,0,11,0,64,80,0,47,83,36,81,14,11,21,62,72
l20,3=0,26,0,0,0,0,0,23,22,28,35,32,54,58,48,77,88,79,58,77,94,0,88,90,92,0,89,0,0,68,73,94,56,75,31,58,61,42,78,78,81
l21,3=0,0,0,0,0,0,58,22,29,35,30,34,52,54,51,31,88,80,96,35,94,92,0,89,85,0,89,0,0,37,22,79,14,10,24,16,36,36,35,38,81
l22,3=0,0,0,0,0,0,53,22,26,28,31,0,61,52,68,0,84,65,80,69,96,92,88,0,90,0,87,14,27,29,53,49,40,71,0,50,23,52,7,78,79
l23,3=0,0,0,0,0,0,46,13,23,22,32,0,35,40,50,29,72,76,97,91,96,90,78,83,0,41,67,3,6,85,83,70,79,82,28,81,71,31,46,76,61
l24,3=25,40,36,44,0,71,55,24,0,28,14,20,35,57,92,57,87,53,0,0,28,6,0,19,0,0,91,0,95,37,47,80,21,13,0,70,82,92,95,11,19
l25,3=0,59,37,36,0,49,0,22,11,31,17,20,50,34,92,63,64,25,0,0,0,0,0,41,0,0,0,93,0,41,70,0,49,35,38,77,97,92,99,32,44
l26,3=0,0,0,0,0,0,0,0,0,0,0,0,0,0,0,0,44,15,96,0,89,89,87,67,91,0,0,85,81,0,100,0,99,99,100,97,98,87,100,0,0
l27,3=0,0,0,0,0,0,0,0,0,0,0,0,0,0,80,0,0,0,75,54,93,78,67,69,96,93,85,81,95,97,0,93,99,99,100,97,98,92,100,55,2
l28,3=0,0,0,0,0,0,0,0,0,0,0,0,0,0,0,0,24,4,78,65,81,81,50,68,92,0,81,57,70,97,100,95,0,99,89,97,98,92,98,51,45
l29,3=0,0,0,0,0,0,0,0,0,0,0,0,0,0,27,0,0,0,81,0,94,80,15,82,83,41,0,66,82,97,100,97,99,0,100,97,98,90,97,0,10
l30,3=0,0,0,0,0,0,0,0,0,0,0,0,0,0,0,0,0,0,71,7,74,69,51,0,7,70,100,0,72,97,97,100,92,99,0,95,98,88,80,0,0
l31,3=0,0,0,0,0,0,0,0,0,0,0,0,0,0,47,0,54,0,84,0,94,79,49,70,80,0,0,93,95,97,100,0,99,99,98,0,98,92,100,0,0
l32,3=0,0,0,0,0,0,0,0,0,0,0,0,43,19,51,0,60,0,46,0,50,79,77,59,87,49,99,92,95,97,100,99,99,67,67,97,0,92,100,8,0
l33,3=0,0,0,0,0,0,0,0,0,1,0,0,0,33,54,71,69,33,8,1,37,71,80,74,45,35,99,93,95,47,98,99,97,42,60,97,98,0,100,0,50
l34,3=0,0,0,0,0,0,0,0,3,0,18,0,23,28,43,53,67,18,0,0,73,88,80,30,62,38,100,93,95,97,100,98,99,68,58,97,98,92,0,48,46
l35,3=0,0,0,0,0,0,0,0,0,0,0,0,61,34,18,58,51,69,69,0,75,76,67,75,75,77,97,2,11,0,8,0,0,0,0,0,0,0,6,0,76
l36,3=0,0,0,0,0,0,8,0,20,22,27,0,57,51,34,15,26,52,50,36,68,77,76,75,31,97,98,8,17,0,0,98,2,0,0,0,0,8,8,80,0
l37,3=0,0,0,0,0,0,0,0,0,0,0,0,52,30,30,20,1,0,70,20,73,78,77,72,68,92,87,12,0,0,3,92,0,0,0,16,0,0,0,80,80
l38,3=0,0,0,0,0,0,4,0,24,0,25,33,68,52,82,54,84,70,56,0,80,90,86,83,65,99,100,17,24,0,0,100,0,0,0,11,0,0,0,80,81
l39,3=0,0,0,0,0,0,0,0,6,0,0,0,35,35,22,30,68,62,68,55,70,88,83,82,65,32,0,0,0,0,0,0,16,8,30,25,11,0,0,78,81
l40,3=0,0,0,0,0,0,0,0,0,0,13,0,35,14,34,0,45,50,63,45,47,65,71,71,68,44,0,0,0,51,0,0,0,0,0,36,0,0,0,61,69

l0,4=0,92,79,94,92,76,38,39,0,91,86,66,47,40,25,0,18,0,0,0,0,0,0,0,0,24,0,74,79,0,0,0,0,0,0,0,0,0,0,0,0
l1,4=89,0,79,90,91,84,38,36,36,94,90,69,0,35,11,37,42,2,0,0,0,21,0,0,0,18,0,55,42,0,0,0,0,0,0,0,0,4,0,0,0
l2,4=76,83,0,31,93,73,38,39,39,94,92,69,24,39,17,18,31,0,0,0,0,0,0,2,0,18,0,0,76,0,0,0,0,0,0,0,0,0,0,0,0
l3,4=89,92,47,0,93,87,38,34,36,91,86,65,47,40,25,38,0,0,0,0,0,0,0,0,0,13,0,70,76,0,0,0,0,0,0,0,0,0,0,0,0
l4,4=89,92,95,94,0,84,38,34,36,90,79,70,12,40,33,34,0,0,0,0,0,0,0,0,0,70,0,0,81,0,0,0,0,0,0,0,0,0,0,0,0
l5,4=78,92,79,94,93,0,38,39,39,94,90,68,8,4,0,0,0,25,0,0,0,0,0,0,0,28,0,76,57,0,0,0,0,0,0,0,0,62,9,0,0
l6,4=48,65,89,31,34,38,0,39,19,94,91,69,47,40,2,36,51,26,21,0,17,16,13,24,26,0,0,59,0,0,0,0,0,0,0,0,0,0,0,0,71
l7,4=46,40,52,5,16,31,38,0,37,94,90,69,13,42,18,36,30,29,0,0,18,21,20,16,30,23,0,66,66,0,0,0,0,0,0,0,0,0,0,0,0
l8,4=0,27,8,9,14,34,15,36,0,42,93,66,53,43,21,46,33,33,26,18,20,19,29,27,30,30,0,62,77,0,0,0,0,0,0,0,0,0,4,71,77
l9,4=46,57,52,25,28,33,38,40,39,0,93,69,48,43,20,46,48,38,0,20,23,28,27,26,34,84,0,58,74,0,0,0,0,0,0,0,0,0,0,0,64
l10,4=46,59,60,23,14,37,37,38,40,94,0,71,56,44,30,21,34,46,0,22,19,33,19,30,34,0,0,62,0,0,0,0,0,0,0,0,0,0,0,15,74
l11,4=46,57,52,21,35,32,37,40,39,94,91,0,56,40,31,35,32,40,24,0,20,19,22,26,31,26,0,0,63,0,0,0,0,0,0,0,0,0,0,0,67
l12,4=10,0,2,5,13,18,30,30,38,47,85,65,0,42,82,89,54,78,22,0,21,27,29,30,34,36,0,68,67,0,0,0,0,0,0,0,52,0,43,76,82
l13,4=10,2,4,3,61,0,0,27,33,78,81,57,86,44,0,82,93,86,0,0,0,66,73,71,0,27,0,98,97,0,69,0,0,2,0,80,74,86,58,76,81
l14,4=0,42,0,21,24,0,29,28,35,79,72,53,86,43,45,0,81,40,0,30,23,31,26,27,34,91,0,63,71,0,0,89,0,0,0,1,0,68,65,63,77
l15,4=1,24,4,0,0,0,30,24,32,79,66,33,76,39,89,81,0,90,61,71,44,82,83,78,75,61,0,81,78,0,54,0,44,0,0,66,42,64,36,72,78
l16,4=0,0,0,0,0,21,26,27,35,79,78,56,86,44,87,39,93,0,39,34,26,82,46,29,53,69,0,76,75,0,44,90,0,0,0,65,36,65,70,78,87
l17,4=0,0,0,0,0,0,20,0,19,0,0,34,34,34,7,0,76,53,0,93,74,75,56,64,93,82,0,0,0,74,63,66,42,49,61,66,47,45,45,84,85
l18,4=0,0,0,0,0,0,0,0,13,49,52,0,0,34,0,49,79,68,92,0,80,74,80,75,89,0,88,0,0,0,0,86,59,0,0,63,0,0,0,0,82
l19,4=0,0,0,0,0,0,24,24,25,52,52,38,34,22,0,40,60,39,73,68,0,83,84,85,93,0,0,0,0,53,59,51,54,67,49,55,15,52,48,67,81
l20,4=0,14,0,0,0,0,23,23,26,52,61,36,41,35,35,64,91,83,84,62,88,0,90,85,86,0,83,0,40,49,47,75,51,57,46,54,64,5,62,77,91
l21,4=0,0,0,0,0,0,21,24,34,61,59,45,77,37,47,75,86,73,87,86,86,85,0,82,83,25,75,0,49,50,49,83,0,46,11,55,74,58,51,74,91
l22,4=0,0,0,0,0,0,24,0,29,63,62,37,67,27,47,47,76,46,74,76,88,85,83,0,73,25,81,47,0,66,64,81,53,58,48,54,55,62,27,51,83
l23,4=0,0,0,0,0,0,23,22,23,52,59,39,62,25,3,47,78,66,92,88,89,76,78,79,0,0,81,47,54,68,70,77,61,62,46,69,65,62,45,77,71
l24,4=29,6,0,19,0,77,29,27,29,75,44,0,77,30,91,65,87,84,0,0,0,0,0,24,11,30,89,0,97,79,73,92,55,35,17,70,99,100,100,53,44
l25,4=24,18,18,13,70,28,0,23,30,84,0,26,36,27,91,61,69,82,0,0,0,25,25,0,30,0,0,98,0,55,95,0,73,53,88,72,99,100,100,52,62
l26,4=0,0,0,0,0,0,0,0,0,0,0,0,0,0,0,0,0,0,88,0,83,75,81,81,89,0,0,90,78,0,98,0,98,99,100,100,99,100,100,75,69
l27,4=0,0,0,0,0,0,0,0,0,0,0,0,0,21,69,0,58,12,83,0,80,69,75,76,85,98,90,83,94,95,0,98,98,99,91,100,99,100,100,78,0
l28,4=0,0,0,0,0,0,0,0,0,0,0,0,0,0,0,0,79,1,47,57,82,84,0,75,90,0,78,77,84,95,98,97,0,99,100,100,99,97,100,0,46
l29,4=0,0,0,0,0,0,0,0,0,0,0,0,0,0,2,0,0,0,72,0,88,76,70,74,84,55,0,74,90,95,98,95,98,0,100,98,99,97,97,0,30
l30,4=0,0,0,0,0,0,0,0,0,0,0,0,0,0,0,0,0,0,81,0,78,73,0,70,78,95,98,0,90,95,95,98,98,99,0,100,98,97,83,0,0
l31,4=0,0,0,0,0,0,0,0,0,0,0,0,0,0,89,0,90,66,86,51,75,83,81,77,92,0,0,98,97,95,98,0,98,99,100,0,99,100,100,3,0
l32,4=0,0,0,0,0,0,0,0,0,0,0,0,78,0,91,0,70,37,48,0,35,85,92,84,92,73,98,98,97,95,98,98,98,99,99,100,0,100,100,0,0
l33,4=0,0,0,0,0,54,0,0,0,0,0,0,0,22,91,62,70,66,2,0,57,9,72,81,71,53,99,98,97,95,98,99,95,59,99,100,99,0,100,0,38
l34,4=0,0,0,0,0,34,0,0,10,0,0,0,66,8,79,45,67,83,9,0,68,85,83,52,47,88,100,98,97,95,98,100,98,59,89,100,99,100,0,52,0
l35,4=0,0,0,0,0,0,0,0,19,0,0,0,61,20,28,5,57,56,49,0,41,68,46,14,57,72,100,25,16,42,53,0,0,0,0,0,0,0,0,0,91
l36,4=0,0,0,0,0,0,21,0,21,43,49,12,63,31,48,65,75,80,73,38,75,71,74,74,68,99,99,13,43,42,0,99,0,4,0,0,0,25,0,85,0
l37,4=0,0,0,0,0,0,0,0,0,0,38,0,54,5,8,37,67,56,62,58,63,71,70,58,62,100,100,0,1,0,0,100,6,0,0,48,0,0,1,88,91
l38,4=0,0,0,0,0,0,0,0,19,22,57,43,63,27,60,60,79,70,68,24,71,72,75,77,63,100,100,43,56,14,0,100,0,0,0,39,8,0,0,86,87
l39,4=0,0,0,0,0,0,0,0,18,0,0,0,58,0,39,56,73,69,73,53,69,73,75,73,70,52,75,0,1,46,36,3,40,44,28,57,13,8,0,86,88
l40,4=0,0,0,0,0,0,0,0,0,0,38,0,7,19,20,30,9,59,72,60,66,58,69,68,48,62,69,0,0,56,41,0,0,0,0,0,0,0,0,81,91

l0,5=0,92,92,95,88,91,90,90,87,90,73,45,66,83,23,0,39,0,0,0,0,0,0,0,0,0,0,43,0,0,0,0,0,0,0,0,0,0,0,0,0
l1,5=95,0,92,94,86,91,90,84,89,67,75,91,75,73,28,18,46,44,0,0,0,0,0,0,0,14,0,27,32,0,0,0,0,0,0,0,0,0,0,0,0
l2,5=95,92,0,94,88,91,91,89,83,90,76,91,74,72,27,25,38,0,0,0,0,5,2,0,0,13,0,0,58,0,0,0,0,0,0,0,0,0,0,0,0
l3,5=96,93,96,0,93,93,90,90,85,90,64,91,51,79,43,44,0,0,0,0,0,0,0,0,0,56,0,79,78,0,20,0,0,0,0,0,0,0,0,0,0
l4,5=96,85,96,95,0,93,90,84,50,90,73,91,0,85,74,34,67,0,0,0,0,0,0,0,0,31,0,82,45,0,0,0,0,0,0,0,0,0,0,0,0
l5,5=95,92,92,94,93,0,88,90,89,90,5,88,77,80,12,32,42,26,0,0,0,0,0,0,0,34,0,84,26,0,0,4,0,0,0,2,0,38,0,0,0
l6,5=96,93,96,82,73,80,0,91,80,91,83,92,80,78,15,19,71,61,0,16,67,25,56,53,29,0,0,26,0,0,0,0,0,0,0,0,0,0,0,0,3
l7,5=89,75,76,80,70,84,91,0,86,91,75,92,80,80,21,61,42,64,42,0,0,39,62,42,30,4,0,30,22,0,0,0,0,0,0,0,0,0,0,0,22
l8,5=21,47,61,54,45,89,48,62,0,62,78,70,91,86,27,25,53,72,49,13,22,41,65,48,30,67,0,34,35,0,0,0,0,0,0,0,0,0,43,21,26
l9,5=82,57,75,79,72,81,90,90,83,0,84,92,0,81,9,49,46,63,0,0,24,37,54,42,34,34,0,29,35,0,0,0,0,0,0,0,0,0,0,20,0
l10,5=92,88,89,53,80,24,90,90,90,91,0,92,89,86,54,60,51,78,33,15,9,59,61,66,34,8,0,28,27,0,0,0,0,0,0,0,0,10,0,19,26
l11,5=82,78,75,80,73,81,90,91,85,91,84,0,79,78,67,54,71,71,46,0,41,60,65,50,54,15,0,66,24,0,0,0,0,0,0,0,0,0,0,0,35
l12,5=12,23,13,25,19,49,51,57,89,8,43,42,0,83,82,80,67,82,53,17,18,41,58,47,33,32,0,41,20,0,0,0,0,0,0,0,33,33,28,21,28
l13,5=7,32,12,49,49,40,17,32,71,21,20,25,91,81,0,25,69,81,0,0,20,48,34,59,7,82,0,50,85,0,0,11,2,0,0,47,67,76,66,14,7
l14,5=0,23,25,50,41,49,24,57,66,37,19,29,95,83,49,0,53,81,52,13,19,40,75,52,0,82,0,48,36,0,0,32,0,0,0,15,0,28,37,23,27
l15,5=6,12,3,0,34,28,64,20,61,38,36,44,70,52,80,56,0,82,72,52,70,72,78,74,70,15,0,61,60,32,9,6,44,19,5,62,47,55,0,15,77
l16,5=0,16,0,0,0,48,36,42,69,32,19,29,92,84,82,72,87,0,58,6,22,72,73,45,43,67,48,40,48,0,33,65,0,0,0,55,51,15,55,21,29
l17,5=0,0,0,0,0,0,0,16,22,0,10,21,28,42,0,24,62,31,0,76,86,73,76,74,82,52,0,0,0,60,33,25,26,40,38,52,14,17,22,40,73
l18,5=0,0,0,0,0,0,31,0,21,0,14,0,42,21,0,28,61,1,87,0,61,68,77,69,79,0,74,0,0,0,0,67,19,0,0,0,0,0,0,40,20
l19,5=0,0,0,0,0,0,52,0,32,30,2,21,32,38,37,39,65,38,82,35,0,76,82,83,80,0,0,13,0,29,50,0,51,62,57,26,22,46,27,65,82
l20,5=0,0,0,0,0,0,4,16,42,12,31,10,51,40,47,27,76,65,78,21,90,0,85,83,73,1,45,13,11,25,0,18,45,24,26,0,54,25,51,68,77
l21,5=0,0,0,0,0,0,35,29,61,24,24,29,43,40,39,57,71,64,78,60,91,79,0,81,71,33,58,11,34,15,9,0,24,26,0,0,53,31,0,63,80
l22,5=0,0,0,0,0,0,32,17,33,17,42,13,45,48,42,55,69,27,74,50,91,79,78,0,73,19,14,14,4,56,48,0,26,25,35,34,13,29,27,60,81
l23,5=0,0,0,0,0,0,22,11,24,26,23,21,40,29,3,0,67,50,87,66,91,74,77,73,0,18,76,2,3,50,55,63,25,52,0,51,24,37,22,64,74
l24,5=16,8,0,71,49,53,14,17,83,38,15,23,41,47,32,21,58,44,0,0,8,37,7,31,0,6,67,0,88,13,30,64,68,38,50,49,87,90,82,0,0
l25,5=0,14,13,56,31,34,0,4,67,34,8,15,32,82,82,15,67,52,0,0,1,33,19,18,6,0,0,91,0,12,29,0,59,81,43,38,88,90,90,5,6
l26,5=0,0,0,0,0,0,0,0,0,0,0,0,0,0,0,0,48,0,74,0,45,58,14,76,67,0,0,56,33,0,97,0,84,99,98,90,94,83,94,34,1
l27,5=0,0,0,0,0,0,0,0,0,0,0,0,0,0,0,0,25,13,27,0,44,0,9,66,74,91,56,29,62,88,0,67,84,99,98,90,94,95,96,8,8
l28,5=0,0,0,0,0,0,0,0,0,0,0,0,0,0,8,0,50,0,51,10,71,62,29,52,53,0,33,52,50,88,97,16,0,99,98,90,94,95,96,12,9
l29,5=0,0,0,0,0,0,0,0,0,0,0,0,0,0,0,0,32,0,32,0,87,48,45,41,48,12,0,23,54,88,97,88,84,0,98,90,93,94,64,17,0
l30,5=0,0,0,0,0,0,0,0,0,0,0,0,0,0,0,0,0,0,32,0,79,48,0,67,0,29,97,42,45,88,97,97,84,99,0,90,87,93,31,0,0
l31,5=0,0,0,0,0,4,0,0,0,0,0,0,0,11,32,6,65,25,67,0,18,0,0,63,64,0,0,67,16,88,97,0,82,87,89,0,94,95,96,0,19
l32,5=0,0,0,0,0,0,0,0,0,0,0,0,19,0,18,0,34,31,40,0,15,61,24,35,35,59,84,89,50,88,96,82,84,95,66,90,0,95,96,6,0
l33,5=0,0,0,0,0,34,0,0,0,0,7,0,34,43,37,15,48,1,6,0,18,44,21,52,39,81,99,91,83,30,97,87,80,93,65,89,94,0,96,0,0
l34,5=0,0,0,0,0,0,0,0,50,0,2,0,24,22,25,14,0,39,58,0,18,66,0,52,34,43,98,91,86,88,97,89,84,88,54,90,94,95,0,0,0
l35,5=0,0,0,0,0,0,0,0,25,13,11,0,44,15,34,49,14,24,35,21,65,67,60,63,65,38,90,0,0,17,18,0,0,0,0,0,8,0,0,0,64
l36,5=0,0,0,0,0,0,0,0,22,0,19,10,57,44,23,57,66,60,68,0,71,68,71,73,67,88,94,0,9,0,10,94,0,0,0,21,0,0,0,69,0
l37,5=0,0,0,0,0,0,0,0,0,0,0,0,41,13,8,18,58,20,27,9,8,70,66,57,39,90,83,0,0,2,6,95,0,0,0,1,0,0,0,77,82
l38,5=0,0,0,0,0,0,0,14,0,10,19,10,59,44,56,37,66,61,35,8,70,74,70,74,23,90,94,21,17,0,0,96,0,0,0,18,17,28,0,73,81
l39,5=0,0,0,0,0,0,0,0,15,0,0,0,23,0,20,32,66,30,32,0,73,72,76,70,69,5,34,0,0,0,12,0,0,23,0,18,0,21,0,73,80
l40,5=0,0,0,0,0,0,0,0,19,0,0,0,0,0,0,24,34,26,49,16,62,36,61,68,70,6,1,0,0,19,0,19,18,0,0,18,0,0,0,71,80

l0,6=0,87,84,88,85,86,80,82,76,87,82,87,0,72,60,37,2,0,0,0,0,0,0,0,0,25,0,63,21,0,0,0,0,0,0,0,0,0,0,0,0
l1,6=81,0,85,86,85,89,82,81,77,78,84,88,0,56,50,60,54,42,0,0,0,0,0,0,0,0,0,58,0,0,0,0,0,0,0,0,0,0,0,0,0
l2,6=80,87,0,86,83,88,82,83,67,84,84,91,51,64,64,41,29,0,0,0,0,0,43,0,0,0,0,33,0,0,0,0,0,0,0,0,0,0,0,0,0
l3,6=82,87,85,0,85,89,76,82,68,84,77,87,48,64,56,37,1,0,0,0,0,0,0,0,0,45,0,0,43,0,0,0,0,0,0,0,0,14,0,0,0
l4,6=82,85,83,88,0,89,77,82,65,85,83,84,53,67,44,45,50,0,0,0,0,0,0,0,0,34,0,46,65,0,0,0,0,0,0,0,0,0,0,0,0
l5,6=79,87,85,88,85,0,78,82,77,87,73,68,53,68,55,33,28,0,0,0,0,0,0,0,0,23,0,35,27,0,1,9,0,0,0,21,6,0,0,0,0
l6,6=79,86,84,59,70,87,0,86,56,87,85,91,58,64,27,40,56,0,31,40,37,34,52,49,31,0,0,0,0,0,0,0,0,0,0,0,0,0,0,0,0
l7,6=80,82,75,83,78,88,82,0,78,87,85,91,70,70,51,64,27,44,0,32,0,24,48,36,18,0,0,27,0,0,0,0,0,0,0,0,0,0,0,12,0
l8,6=62,76,51,43,38,77,50,80,0,85,84,89,70,78,61,51,36,58,42,23,28,34,55,55,18,30,0,0,31,0,0,0,0,0,0,0,0,0,13,37,41
l9,6=75,68,69,60,68,87,81,85,75,0,85,90,66,69,50,69,59,30,39,0,44,51,53,36,29,24,0,30,18,0,0,0,0,0,0,0,0,0,0,0,39
l10,6=63,82,83,55,72,69,82,85,80,88,0,91,69,73,60,71,62,61,0,0,15,52,51,55,12,22,0,20,14,0,0,0,0,0,0,0,0,1,0,29,38
l11,6=79,80,82,78,65,75,82,86,78,88,85,0,69,72,51,70,64,42,16,0,22,43,48,41,32,26,0,29,20,0,0,0,0,0,0,0,0,0,0,0,32
l12,6=0,0,30,5,18,32,49,51,74,70,73,52,0,74,68,80,69,66,30,38,19,33,44,25,29,41,0,45,31,0,40,26,0,0,0,4,0,29,0,44,55
l13,6=40,29,32,27,16,12,11,15,46,29,33,14,65,62,0,46,44,67,9,0,5,33,14,57,23,39,0,46,74,31,0,1,6,0,0,5,5,66,18,41,46
l14,6=36,50,54,15,35,23,35,42,59,75,74,51,79,72,62,0,61,71,44,36,29,30,58,52,40,76,5,46,33,0,22,33,0,0,0,0,0,25,0,42,55
l15,6=0,22,18,0,23,12,48,12,48,51,59,56,61,61,65,58,0,79,52,49,48,58,67,58,56,19,0,21,43,46,25,0,16,0,1,34,33,39,6,40,53
l16,6=0,31,0,0,0,0,0,32,64,37,60,31,65,71,73,69,77,0,45,39,32,65,70,46,56,20,47,42,67,0,45,37,0,0,0,31,22,28,17,37,54
l17,6=0,0,0,0,0,0,15,0,25,15,0,8,17,57,9,41,64,44,0,70,69,64,71,69,69,71,0,0,0,57,28,49,34,33,8,50,13,16,17,43,23
l18,6=0,0,0,0,0,0,23,15,26,9,0,0,49,49,0,29,56,43,73,0,59,56,63,53,66,0,49,0,0,23,28,30,0,0,0,18,0,0,0,21,29
l19,6=0,0,0,0,0,0,13,0,23,14,30,15,16,28,17,25,57,34,69,37,0,70,72,74,73,0,16,0,8,32,69,17,28,45,28,44,10,13,17,64,27
l20,6=0,0,0,0,0,0,9,10,33,27,34,15,35,40,40,24,61,65,66,29,76,0,73,76,63,15,49,18,10,33,29,50,41,0,0,19,9,17,19,64,57
l21,6=0,0,25,0,0,0,27,15,39,18,35,25,16,6,20,56,66,60,59,49,76,71,0,76,62,24,49,9,13,0,30,42,24,20,0,4,9,3,17,55,57
l22,6=0,0,0,0,0,0,19,24,33,16,35,22,14,52,33,35,63,33,55,23,85,71,77,0,57,28,0,0,0,48,32,0,25,22,20,23,14,23,20,25,66
l23,6=0,0,0,0,0,0,15,8,18,36,17,27,30,45,10,47,66,53,73,68,74,64,71,69,0,0,58,0,0,37,59,48,12,40,30,54,13,31,15,62,42
l24,6=47,36,31,0,19,19,0,14,0,28,16,12,64,33,73,48,2,39,0,0,0,15,12,0,0,0,15,0,53,58,48,52,7,12,23,39,42,83,74,0,0
l25,6=25,0,0,45,34,23,0,0,30,24,22,26,41,39,76,19,20,71,0,0,15,24,28,0,0,0,0,83,0,58,50,0,23,29,39,29,41,86,75,28,23
l26,6=0,0,0,0,0,0,0,0,0,0,0,0,0,0,5,0,47,0,49,16,49,49,0,58,15,0,0,48,48,0,81,0,86,67,82,79,85,55,44,0,15
l27,6=0,0,0,0,0,4,0,0,0,0,0,0,20,0,0,10,16,31,21,16,55,31,23,46,45,83,48,48,48,77,0,52,86,67,85,79,62,92,86,20,25
l28,6=0,0,0,0,0,0,0,0,0,0,0,0,0,0,25,0,37,0,40,0,50,52,45,51,26,0,48,28,44,77,80,39,0,67,87,73,77,80,72,23,19
l29,6=0,0,0,0,0,0,0,0,0,0,0,0,0,0,0,0,0,0,43,0,60,0,23,24,33,58,0,42,44,77,81,77,86,0,85,70,73,73,27,20,0
l30,6=0,0,0,0,0,0,0,0,0,0,0,0,0,0,0,0,0,0,16,0,61,0,0,31,25,50,81,40,42,77,79,81,86,66,0,68,35,72,65,0,0
l31,6=0,0,0,0,0,9,0,0,0,0,0,0,26,1,33,0,37,49,30,17,50,42,0,48,52,0,0,52,39,77,81,0,86,55,64,0,85,92,86,30,31
l32,6=0,0,0,0,0,16,0,0,0,0,0,0,0,20,26,0,41,39,21,0,23,29,37,47,26,23,86,58,72,77,66,86,65,43,51,80,0,92,86,18,30
l33,6=0,0,0,0,0,0,0,0,0,0,10,0,38,31,59,8,21,21,19,0,25,30,0,50,30,29,67,84,81,76,81,55,85,35,75,80,85,0,86,0,4
l34,6=0,0,0,0,0,0,0,0,20,0,2,0,3,18,33,0,15,36,27,0,28,34,35,44,25,39,82,73,71,73,81,64,84,33,79,80,85,92,0,0,6
l35,6=0,0,0,0,0,0,0,0,17,0,15,0,40,12,20,23,48,21,35,3,56,56,38,26,57,29,79,0,8,0,15,0,0,17,0,9,0,0,0,0,59
l36,6=0,0,0,0,0,0,0,0,19,12,16,3,48,36,36,52,59,52,30,15,35,55,56,69,43,41,85,0,7,6,16,85,0,0,0,12,5,0,0,67,0
l37,6=0,0,0,0,0,0,0,0,0,0,0,0,40,0,24,36,55,41,38,16,48,17,54,53,30,86,55,0,0,0,0,92,0,0,0,0,0,0,0,67,72
l38,6=0,0,0,0,0,0,0,0,9,0,54,9,54,43,34,55,60,61,42,15,56,62,67,62,41,75,44,11,13,0,0,86,0,0,0,8,0,8,10,57,71
l39,6=0,0,0,0,0,0,0,0,0,0,0,0,17,5,16,24,57,38,39,19,38,29,63,61,56,28,0,0,0,25,0,30,23,22,7,17,0,10,0,66,62
l40,6=0,0,0,0,0,0,0,0,0,0,0,0,12,0,0,20,49,31,38,23,49,20,58,61,56,23,15,0,0,22,0,31,21,13,1,14,0,0,0,64,61

l0,7=0,93,86,89,92,89,76,85,51,83,85,87,27,66,68,0,0,0,0,0,0,0,0,0,0,8,0,33,9,0,0,0,0,0,0,0,0,18,0,0,0
l1,7=93,0,87,89,92,89,78,87,63,82,85,87,27,57,56,55,21,0,0,0,0,0,0,0,0,19,0,38,39,0,0,0,0,0,0,0,0,0,0,0,0
l2,7=93,93,0,89,92,88,78,84,43,85,85,87,26,21,72,56,23,18,18,0,0,0,0,0,15,0,0,40,0,0,0,0,0,0,0,0,0,0,0,0,0
l3,7=93,93,87,0,92,89,74,86,18,72,85,84,25,44,65,49,0,0,0,0,0,0,0,0,0,15,0,66,45,0,0,0,0,0,0,0,0,0,0,0,0
l4,7=93,93,86,89,0,89,71,84,27,82,74,70,0,52,0,0,20,0,0,0,0,0,0,0,0,33,0,51,6,0,0,0,0,0,0,0,0,0,0,0,0
l5,7=93,93,87,89,92,0,78,85,77,85,85,84,23,73,62,48,18,18,0,0,0,0,0,0,0,40,0,39,20,0,0,0,0,0,0,0,0,0,0,0,0
l6,7=84,89,84,79,75,86,0,88,67,85,83,86,74,71,0,66,64,50,63,58,47,38,55,56,43,8,0,0,23,0,0,0,0,0,0,0,0,0,0,0,0
l7,7=87,89,80,85,87,85,79,0,71,85,86,89,86,51,0,76,31,40,48,0,29,0,35,59,0,18,0,15,21,0,0,0,0,0,0,0,0,0,0,0,25
l8,7=52,28,19,0,47,86,67,49,0,55,84,88,91,76,71,69,23,25,35,49,53,17,22,63,0,34,0,26,36,0,0,0,0,0,0,0,0,25,0,24,34
l9,7=81,29,54,43,87,86,74,85,78,0,86,88,63,64,53,77,41,0,22,0,43,14,3,46,56,29,0,0,19,0,0,0,0,0,0,0,0,0,0,0,36
l10,7=83,89,80,75,75,83,74,87,80,87,0,89,86,76,0,81,39,20,1,47,44,31,43,66,47,25,0,32,25,0,0,0,0,0,0,0,0,0,0,42,14
l11,7=84,89,84,81,75,85,73,87,79,87,86,0,86,12,34,76,70,34,0,54,50,14,41,0,45,1,0,1,27,0,0,0,0,0,0,0,0,0,0,0,0
l12,7=21,14,11,3,0,45,28,43,62,53,75,34,0,76,80,81,62,30,58,0,47,16,22,64,61,35,0,44,44,0,1,0,0,0,0,0,8,31,0,44,35
l13,7=24,0,16,3,0,33,0,0,42,34,0,1,35,47,0,63,47,53,14,0,42,16,21,60,16,46,0,50,68,0,3,0,0,0,9,17,22,76,12,48,39
l14,7=0,19,16,23,0,48,26,40,60,56,75,32,93,61,78,0,26,31,53,1,47,19,24,62,62,80,0,43,28,0,0,43,0,0,0,6,0,0,0,0,35
l15,7=0,16,9,0,31,31,43,20,25,36,48,51,75,59,64,58,0,74,67,58,31,63,74,68,70,48,0,33,27,19,0,5,0,0,0,45,27,46,49,39,70
l16,7=0,0,14,0,0,46,26,39,47,0,48,22,54,71,80,78,83,0,59,50,55,76,78,52,62,9,12,26,10,0,21,25,0,0,10,42,34,37,2,46,43
l17,7=0,0,1,0,0,0,29,18,9,11,15,0,49,52,19,37,64,39,0,76,81,68,78,66,79,7,0,0,0,43,35,7,26,29,0,60,15,0,0,56,67
l18,7=0,0,0,0,0,0,47,0,27,0,44,31,0,58,0,13,59,46,86,0,75,65,72,43,79,0,48,0,0,11,24,65,0,5,0,25,0,0,0,62,66
l19,7=0,0,0,0,0,0,16,9,41,23,21,15,33,30,19,52,10,63,79,60,0,73,77,76,80,0,3,0,0,48,57,21,7,27,48,62,22,18,55,68,73
l20,7=0,0,0,0,0,0,9,0,22,16,42,11,28,57,25,58,63,65,73,63,83,0,85,85,79,0,27,3,4,26,39,64,41,17,0,27,15,31,28,66,71
l21,7=0,0,0,0,0,0,10,20,29,10,56,13,57,30,41,63,63,63,77,51,81,76,0,85,78,3,52,9,8,0,16,11,13,13,0,22,40,26,38,65,71
l22,7=0,0,0,0,0,0,19,27,43,20,57,0,57,58,37,62,65,32,66,16,83,76,85,0,78,14,0,0,13,59,37,31,20,27,24,36,22,30,29,68,80
l23,7=0,0,1,0,0,1,15,0,0,22,23,12,32,25,18,46,64,42,79,67,82,68,77,72,0,28,65,7,0,50,32,47,0,57,21,62,25,10,15,64,38
l24,7=16,7,26,20,54,69,0,3,25,0,39,0,33,35,80,59,27,7,0,0,4,0,19,0,14,0,66,0,93,24,38,69,32,32,36,67,74,80,84,31,17
l25,7=8,19,0,15,33,40,8,18,34,29,25,1,35,46,80,48,9,7,0,0,0,3,14,28,0,0,0,90,0,22,52,0,40,39,26,20,46,74,84,32,22
l26,7=0,0,0,0,0,0,0,0,0,0,0,0,0,0,0,0,12,0,48,3,27,52,0,65,66,0,0,28,31,0,71,0,78,80,80,76,87,62,79,15,15
l27,7=0,0,0,0,0,0,0,0,0,0,0,0,0,10,36,0,0,8,29,16,63,43,18,45,35,90,28,55,57,79,0,68,78,77,75,76,59,80,90,0,5
l28,7=0,0,0,0,0,0,0,0,0,0,0,0,0,0,13,0,0,0,51,0,26,60,66,65,0,0,31,40,36,79,67,11,0,80,86,73,60,75,78,0,23
l29,7=0,0,0,0,0,0,0,0,0,0,0,0,0,0,1,0,0,0,57,2,46,44,61,72,70,22,0,59,50,79,68,79,78,0,86,72,73,56,65,8,0
l30,7=0,0,0,0,0,0,0,0,0,0,0,0,0,0,3,0,0,0,0,0,30,0,0,62,54,52,71,32,33,79,69,71,78,79,0,74,63,68,77,18,0
l31,7=0,0,0,0,0,0,0,0,0,0,0,0,0,0,43,5,25,7,65,21,64,11,31,47,69,0,0,68,11,79,71,0,77,74,72,0,87,80,90,42,32
l32,7=0,0,0,0,0,0,0,0,0,0,0,0,1,36,62,0,37,9,20,0,44,5,69,37,34,40,78,49,84,79,56,77,66,75,58,76,0,80,90,4,9
l33,7=0,0,0,0,0,0,0,0,13,0,3,0,1,42,78,0,38,11,0,0,51,19,38,42,19,39,80,77,49,44,71,74,78,74,47,76,87,0,90,17,0
l34,7=2,0,0,0,0,0,0,0,4,0,0,0,0,0,44,2,9,1,0,0,58,15,68,40,30,26,80,47,46,65,69,72,69,68,43,76,87,80,0,36,28
l35,7=0,0,0,0,0,0,0,0,0,0,20,0,31,6,24,0,14,15,43,18,68,63,69,63,65,20,76,4,0,0,0,0,0,0,8,9,0,0,5,0,74
l36,7=0,0,0,0,0,0,0,6,10,14,13,0,13,0,22,46,58,52,49,21,59,63,67,80,39,46,87,3,6,10,0,87,2,0,0,12,0,0,0,80,0
l37,7=0,0,0,0,0,0,0,0,0,8,0,0,10,11,19,20,44,39,46,15,56,55,51,60,68,74,62,1,0,0,0,80,0,0,0,0,0,0,0,76,72
l38,7=0,0,0,0,0,0,11,0,9,7,44,9,62,52,27,59,59,62,29,9,56,69,73,68,37,84,79,7,33,9,0,90,0,0,0,8,2,0,18,65,81
l39,7=0,0,0,0,0,0,0,0,0,0,0,0,47,19,1,0,57,0,63,30,61,68,80,75,77,32,15,0,1,24,18,42,0,0,7,12,0,0,0,73,75
l40,7=0,0,0,0,0,0,0,0,0,0,0,0,12,18,0,22,53,29,37,20,70,32,77,72,63,22,15,0,0,27,5,32,11,12,0,8,0,0,0,69,73

l0,8=0,94,93,97,97,97,94,90,88,91,95,96,55,93,75,76,0,0,0,0,0,0,0,0,0,0,0,2,0,0,0,0,0,0,0,0,0,0,0,0,0
l1,8=99,0,96,97,98,97,100,96,46,60,93,100,50,55,19,81,78,0,0,0,0,2,0,0,0,0,0,79,0,0,0,0,0,0,0,0,0,0,0,0,0
l2,8=99,95,0,97,98,97,100,94,47,98,96,100,55,55,77,89,0,51,0,0,0,0,0,0,0,0,0,77,1,0,0,0,0,0,0,0,0,0,0,0,54
l3,8=99,95,93,0,98,97,97,56,84,91,98,96,0,58,78,81,8,0,0,0,0,0,0,0,0,53,0,83,64,0,0,0,0,0,0,0,0,0,0,0,0
l4,8=98,94,96,97,0,97,93,93,88,91,86,96,29,61,80,75,82,0,0,0,0,0,0,0,0,26,0,0,6,0,0,0,0,0,0,0,0,0,0,0,0
l5,8=99,95,93,97,98,0,80,94,82,98,97,99,50,94,81,78,78,51,0,0,0,0,0,0,0,60,0,78,68,0,0,0,0,0,0,0,0,0,0,0,0
l6,8=96,95,96,93,93,59,0,97,95,98,100,100,83,90,0,93,94,93,74,44,74,82,0,73,81,8,0,0,23,0,0,0,0,0,0,0,0,0,0,0,26
l7,8=94,95,89,91,95,89,100,0,98,98,100,100,91,96,60,85,86,76,41,0,75,55,48,56,0,30,0,41,65,0,0,0,0,0,0,0,0,0,0,0,78
l8,8=92,88,83,91,92,89,76,56,0,70,100,100,97,96,40,97,85,58,49,65,86,59,47,58,0,32,0,80,71,0,0,0,0,0,0,0,0,0,0,0,84
l9,8=96,86,89,91,93,89,100,97,93,0,100,100,93,91,70,96,84,34,21,0,75,60,44,49,83,27,0,77,0,0,0,0,0,0,0,0,0,0,0,0,57
l10,8=96,89,89,93,82,89,100,99,99,98,0,100,93,96,87,98,87,58,0,70,0,60,48,58,77,65,0,74,66,0,0,0,0,0,0,0,0,0,0,71,0
l11,8=96,89,96,93,93,97,100,99,99,98,100,0,93,91,75,96,90,57,51,69,85,62,49,0,88,45,0,0,64,0,0,0,0,0,0,0,0,28,0,0,0
l12,8=79,70,82,0,57,63,38,56,61,74,100,83,0,62,92,100,99,62,50,52,86,61,51,58,60,98,0,92,73,0,0,0,0,0,0,0,18,2,13,71,84
l13,8=62,0,61,49,84,87,0,0,5,39,97,57,62,62,0,100,93,82,11,0,0,62,52,58,0,38,0,100,78,0,0,29,0,32,28,89,76,57,23,78,85
l14,8=50,62,63,57,59,63,44,26,59,73,100,87,98,62,92,0,91,99,52,73,79,61,52,57,87,99,0,93,56,0,0,42,0,0,0,0,15,16,14,57,86
l15,8=0,51,0,0,28,27,68,34,45,54,89,60,98,51,98,95,0,96,91,67,90,90,81,93,90,68,0,89,58,29,0,0,1,0,0,78,55,42,48,82,92
l16,8=0,0,32,0,0,46,71,85,88,43,89,76,98,93,98,100,97,0,56,16,92,90,86,91,88,92,77,88,49,0,44,89,0,0,0,89,67,71,34,81,93
l17,8=0,0,0,0,0,0,58,27,56,29,10,51,57,65,33,58,93,69,0,93,89,73,76,76,91,20,0,0,0,59,54,50,23,6,0,74,34,17,58,54,60
l18,8=0,0,0,0,0,0,43,0,53,1,62,47,44,9,0,53,90,13,91,0,88,87,78,59,89,0,82,0,0,0,45,78,0,54,0,63,0,0,0,54,78
l19,8=0,0,0,0,0,0,27,18,57,30,2,34,44,38,0,29,89,81,90,69,0,90,77,92,90,0,0,0,0,66,74,67,40,60,58,87,42,24,64,72,88
l20,8=0,0,0,0,0,0,25,7,37,61,59,35,61,67,66,59,90,79,87,60,92,0,87,93,89,1,85,40,0,63,62,90,46,55,34,74,51,60,16,67,92
l21,8=0,0,0,0,0,0,0,47,60,41,69,54,82,64,67,82,90,78,89,58,87,92,0,93,88,3,77,39,7,62,29,83,13,34,34,72,47,67,0,81,88
l22,8=0,0,0,0,0,0,25,32,70,61,69,0,60,60,65,60,89,77,80,20,92,92,87,0,73,12,61,0,16,67,65,48,26,66,61,64,29,26,34,82,92
l23,8=0,0,0,0,0,0,32,0,0,47,32,28,17,56,0,57,89,71,90,83,92,83,77,73,0,28,84,0,0,60,24,51,50,76,30,87,38,0,16,61,60
l24,8=0,89,54,55,0,55,0,0,12,60,64,0,61,0,97,100,92,44,0,0,1,27,14,0,0,0,83,0,100,0,100,88,85,60,54,99,79,57,59,1,66
l25,8=0,0,0,53,26,60,8,30,32,27,65,45,98,38,99,68,92,20,0,0,1,3,12,28,0,0,0,100,0,60,74,0,55,64,76,98,98,98,39,37,86
l26,8=0,0,0,0,0,0,0,0,0,0,0,0,0,0,0,0,77,0,82,0,85,77,61,84,83,0,0,0,80,0,100,0,95,98,98,99,98,96,93,51,0
l27,8=0,0,0,0,0,0,0,0,0,0,0,0,0,8,0,0,0,38,64,18,90,86,39,93,71,100,0,100,82,94,0,97,95,98,99,98,98,98,97,0,11
l28,8=0,0,0,0,0,0,0,0,0,0,0,0,0,0,0,0,17,0,39,0,80,74,24,42,86,0,80,76,38,94,100,87,0,98,99,98,90,98,97,0,40
l29,8=0,0,0,0,0,0,0,0,0,0,0,0,0,0,56,0,0,0,0,51,85,74,57,88,86,60,0,52,54,94,99,94,95,0,99,98,82,97,93,55,0
l30,8=0,0,0,0,0,0,0,0,0,0,0,0,0,0,17,0,0,0,0,0,86,52,54,72,64,74,100,51,21,94,100,100,95,98,0,66,98,85,65,0,0
l31,8=0,0,0,0,0,0,0,0,0,0,0,0,0,29,42,0,89,50,78,67,90,83,48,51,88,0,0,97,87,94,100,0,95,98,96,0,98,98,97,55,63
l32,8=0,0,0,0,0,0,0,0,0,0,0,0,15,25,56,15,89,51,22,0,79,50,40,43,77,55,95,61,100,94,100,95,93,61,99,99,0,98,97,2,0
l33,8=0,0,0,0,0,0,0,0,0,0,0,6,1,20,60,23,90,90,15,0,32,53,78,28,0,64,98,63,100,61,100,98,95,63,97,99,98,0,97,12,0
l34,8=0,0,0,0,0,0,0,0,0,0,0,0,19,0,47,19,92,23,33,0,86,22,0,29,22,76,98,87,67,61,100,96,94,62,82,99,98,98,0,9,0
l35,8=0,0,0,0,0,0,0,0,0,0,43,0,30,0,48,19,72,46,58,39,58,57,54,72,55,98,99,0,6,44,1,0,0,18,0,41,0,6,0,0,92
l36,8=0,0,0,0,0,0,1,12,28,19,0,0,27,24,41,49,84,72,38,42,81,89,66,92,66,98,98,22,14,0,5,98,4,0,0,29,0,0,0,84,0
l37,8=0,0,0,0,0,0,0,0,0,6,0,0,21,23,42,25,71,56,64,25,61,83,45,82,75,98,96,0,0,0,0,98,0,0,0,0,0,0,0,84,90
l38,8=0,0,0,0,0,0,35,1,0,52,71,28,70,62,28,82,79,76,53,39,75,86,85,92,33,39,93,24,63,15,0,97,0,0,0,29,0,0,19,84,92
l39,8=0,0,0,0,0,0,0,0,0,0,0,0,48,6,11,36,80,44,78,54,71,64,78,90,75,37,51,0,0,27,23,55,0,0,0,0,0,0,6,83,94
l40,8=0,0,0,0,0,0,0,0,0,0,0,0,19,0,0,15,79,51,61,25,71,59,62,82,65,86,0,0,0,25,2,63,0,0,0,7,0,0,0,76,77

l0,9=0,100,100,97,100,99,96,92,97,95,98,96,19,85,46,0,0,0,0,0,0,27,0,0,0,57,0,73,63,0,0,0,0,0,0,0,0,0,0,0,0
l1,9=98,0,100,97,100,99,100,100,60,66,100,94,33,0,59,0,66,0,0,0,0,0,29,0,0,2,0,96,6,0,0,0,0,0,0,0,0,62,0,0,0
l2,9=98,100,0,97,100,99,100,100,96,99,100,100,58,31,0,91,64,0,0,0,0,14,0,0,0,0,0,97,0,0,0,0,0,0,0,0,0,0,0,0,0
l3,9=98,100,100,0,100,99,100,64,60,0,100,98,13,12,0,51,60,0,0,0,0,0,0,0,0,26,0,92,65,0,0,0,0,0,0,0,0,0,0,0,0
l4,9=98,100,100,97,0,99,100,97,100,99,95,100,28,62,51,6,69,0,0,0,0,0,0,0,0,25,0,90,65,0,0,0,0,0,0,0,0,0,0,0,0
l5,9=98,100,100,97,100,0,100,100,60,99,100,100,34,31,53,32,23,27,0,0,0,0,18,0,0,37,0,95,69,0,0,0,0,0,0,0,0,86,0,0,0
l6,9=98,100,100,97,100,99,0,100,100,99,100,100,99,94,75,100,100,62,61,0,94,85,60,58,91,3,0,0,3,0,0,0,0,0,0,0,0,0,0,0,29
l7,9=98,100,100,97,100,99,100,0,100,99,100,100,99,94,57,97,98,100,38,0,62,84,36,34,82,42,0,6,64,0,0,0,0,0,0,0,0,0,0,0,0
l8,9=98,94,34,29,77,98,100,100,0,99,100,100,100,92,57,100,77,36,38,83,94,83,36,36,0,45,0,95,69,0,0,0,0,0,0,0,0,39,26,90,93
l9,9=98,93,100,0,100,99,100,100,100,0,100,100,100,94,76,100,98,28,0,0,88,90,5,35,90,0,0,84,0,0,0,0,0,0,0,0,0,0,0,0,70
l10,9=98,95,61,33,77,99,100,100,100,99,0,100,61,94,60,100,77,34,36,87,0,62,35,35,73,57,0,88,47,0,0,0,0,0,0,0,0,0,0,87,41
l11,9=98,90,100,97,100,99,100,100,100,99,100,0,99,94,58,100,87,91,38,0,90,91,38,34,75,97,0,91,64,0,0,0,0,0,0,0,0,82,0,0,78
l12,9=48,59,33,8,26,86,95,59,62,69,100,96,0,33,59,100,78,39,37,64,92,83,36,33,85,14,0,97,70,0,0,0,0,0,0,5,47,86,95,93,91
l13,9=13,90,0,0,42,97,97,34,59,67,99,99,61,32,0,100,87,64,0,0,92,84,36,21,0,14,0,100,70,40,42,13,0,19,1,57,98,100,98,93,93
l14,9=0,0,29,6,34,16,95,49,62,88,99,100,100,79,59,0,87,100,37,89,46,82,38,34,85,76,55,100,66,0,0,47,0,0,0,0,84,87,1,20,92
l15,9=0,45,3,13,21,18,96,47,60,67,96,99,98,92,98,99,0,98,37,90,97,96,36,52,98,38,0,99,70,44,24,0,29,24,16,96,82,99,99,97,93
l16,9=0,0,0,0,0,35,88,54,52,49,90,99,100,17,100,100,100,0,37,0,95,88,61,59,85,52,48,97,70,0,32,61,0,0,0,27,88,99,98,54,93
l17,9=0,0,0,0,0,0,81,64,76,0,85,85,81,79,0,88,94,84,0,100,99,96,98,94,99,36,0,0,0,80,82,31,60,80,0,87,68,0,85,87,77
l18,9=0,0,0,0,0,0,0,0,77,0,97,11,71,59,0,99,99,0,100,0,97,96,97,79,98,0,88,0,0,0,46,41,9,49,0,82,6,0,0,82,93
l19,9=0,0,0,0,0,0,70,1,76,74,0,77,73,73,79,71,99,98,98,74,0,97,97,95,98,0,0,0,0,88,88,42,76,85,76,96,65,60,83,81,91
l20,9=0,0,0,0,0,0,67,32,39,76,38,92,98,89,93,98,99,98,98,94,98,0,99,98,98,0,97,73,29,56,39,99,42,20,48,89,74,73,85,97,93
l21,9=0,65,0,0,0,46,87,73,78,50,81,92,91,84,97,99,95,98,98,96,98,99,0,97,98,76,95,56,0,91,58,90,9,91,55,88,78,90,87,97,89
l22,9=0,0,0,0,0,0,77,35,89,77,89,85,87,41,40,91,92,90,90,69,98,99,99,0,92,0,92,0,0,90,89,61,80,94,57,90,0,81,0,97,93
l23,9=0,0,0,0,0,0,76,67,0,81,73,69,88,71,0,92,99,91,98,92,98,96,97,95,0,0,62,0,0,85,86,45,88,97,57,96,69,51,85,81,73
l24,9=30,58,29,27,24,37,0,0,32,36,58,88,36,3,100,100,78,34,0,0,0,79,25,0,0,0,92,0,99,0,61,100,32,23,68,26,100,99,100,0,56
l25,9=57,2,0,26,25,37,3,42,45,0,57,97,14,14,76,38,52,36,0,0,0,76,0,0,0,0,0,100,0,55,0,0,4,34,0,29,92,100,100,0,0
l26,9=0,0,0,0,0,0,0,0,0,0,0,0,0,0,55,0,48,0,88,0,97,95,92,62,92,0,0,0,92,0,100,0,100,100,100,100,100,100,100,42,29
l27,9=0,0,0,0,0,0,0,0,0,0,0,0,0,0,47,0,37,25,53,45,96,37,18,92,95,100,0,95,0,98,0,60,100,100,100,100,100,100,100,47,32
l28,9=0,0,0,0,0,0,0,0,0,0,0,0,0,0,0,0,44,0,52,6,59,60,6,81,95,0,92,79,16,98,100,94,0,100,100,100,46,100,88,1,1
l29,9=0,0,0,0,0,0,0,0,0,0,0,0,0,0,53,0,43,0,46,12,84,32,50,93,96,55,0,71,86,98,100,98,100,0,100,100,59,98,99,0,0
l30,9=0,0,0,0,0,0,0,0,0,0,0,0,0,0,0,0,0,0,0,0,20,34,18,11,60,0,100,66,0,98,100,100,100,100,0,100,63,47,91,0,0
l31,9=0,0,0,0,0,0,0,0,0,0,0,0,0,13,47,0,61,31,41,42,99,90,61,45,100,0,0,60,94,98,100,0,100,100,100,0,100,100,100,38,23
l32,9=0,0,0,0,0,4,0,0,0,0,0,0,8,0,99,33,58,38,35,0,58,98,98,0,83,4,100,81,60,98,100,100,58,64,100,100,0,100,100,0,0
l33,9=0,13,0,0,0,32,0,0,1,0,0,81,8,13,100,35,63,58,0,0,53,84,63,0,47,34,100,63,95,62,100,100,61,64,94,100,100,0,100,0,0
l34,9=0,0,0,0,0,0,0,0,3,0,0,0,8,14,57,12,61,34,37,0,60,84,36,0,75,0,100,80,39,62,63,100,39,64,94,100,100,100,0,0,0
l35,9=0,0,0,0,0,0,0,0,27,0,59,0,65,35,61,2,90,57,80,44,79,94,92,94,71,29,100,0,0,40,24,0,0,0,0,30,0,0,0,0,93
l36,9=0,0,0,0,0,0,0,0,42,34,26,39,40,17,84,88,75,90,27,67,90,96,88,95,61,92,100,63,0,33,24,100,0,0,0,10,0,0,0,97,0
l37,9=0,0,0,0,0,0,0,0,26,11,0,0,24,0,31,0,88,60,61,64,80,90,6,93,47,100,100,3,0,0,0,100,0,0,0,0,0,0,0,97,93
l38,9=0,0,0,0,0,0,43,0,61,58,82,67,96,85,94,98,99,73,49,0,86,96,97,95,71,100,100,56,52,0,11,100,0,4,0,62,0,0,72,97,93
l39,9=0,0,0,0,0,0,0,0,0,0,0,0,0,22,10,61,91,83,88,69,92,96,97,93,97,0,42,0,0,0,32,38,0,5,0,66,0,0,31,97,93
l40,9=0,0,0,0,0,0,0,0,0,0,0,0,67,0,43,69,87,75,83,63,88,89,90,90,85,0,29,0,0,13,0,23,52,2,0,0,0,0,0,93,86

l0,10=0,98,95,98,96,91,87,95,90,63,94,93,11,49,43,0,0,0,0,0,0,0,0,0,0,27,0,0,83,0,0,0,0,0,0,0,0,0,0,0,0
l1,10=98,0,95,98,96,96,93,94,65,59,93,91,76,52,51,78,0,39,0,0,0,0,21,0,0,39,0,0,74,0,0,0,0,0,0,0,0,2,0,0,0
l2,10=98,98,0,95,96,96,98,94,91,95,97,93,78,92,47,82,87,72,0,0,0,61,44,31,0,0,0,0,58,0,0,0,0,0,0,0,0,0,0,0,69
l3,10=98,98,91,0,96,96,94,95,65,52,97,91,52,54,0,0,0,0,0,0,0,0,0,0,0,45,0,91,86,0,0,0,0,0,0,0,0,0,0,0,0
l4,10=98,98,95,98,0,96,98,95,88,82,92,87,0,91,83,77,0,0,0,0,0,0,0,0,0,64,0,5,83,0,0,0,0,0,0,0,0,0,0,0,0
l5,10=79,98,95,98,96,0,98,55,93,95,96,93,64,52,49,82,0,0,0,0,0,0,0,0,0,63,0,53,80,0,0,12,0,0,0,11,0,0,0,0,0
l6,10=83,94,95,92,94,96,0,95,96,95,97,93,82,82,43,83,86,82,71,0,49,70,45,52,51,0,0,11,0,0,0,0,0,0,0,0,0,0,0,0,43
l7,10=95,94,91,93,93,91,93,0,91,95,97,93,92,92,51,85,83,70,48,0,56,75,48,41,42,21,0,0,73,0,0,0,0,0,0,0,0,0,0,0,0
l8,10=83,93,89,80,86,91,93,94,0,92,97,93,93,94,45,88,77,84,46,3,71,77,53,50,41,38,0,78,77,0,0,0,0,0,0,0,0,11,0,0,79
l9,10=75,92,91,73,69,93,93,95,90,0,97,93,92,92,42,88,88,69,38,0,58,72,45,40,41,20,0,47,71,0,0,0,0,0,0,0,0,0,0,0,0
l10,10=94,93,91,93,91,91,93,94,92,95,0,93,92,92,53,86,75,69,43,43,46,71,54,45,33,0,0,0,0,0,0,2,0,0,0,0,0,0,0,40,0
l11,10=94,93,91,91,75,93,93,95,91,95,97,0,88,92,38,88,84,88,1,44,60,2,46,39,38,42,0,0,70,0,0,0,0,0,0,0,0,0,0,0,68
l12,10=3,87,78,34,2,53,40,52,68,53,68,87,0,94,57,90,83,96,34,7,50,76,52,28,43,72,0,86,81,0,0,0,0,0,0,0,21,0,8,51,87
l13,10=23,83,41,0,67,52,22,24,53,42,68,38,97,59,0,86,92,96,6,0,56,77,39,20,0,55,0,96,93,25,0,0,0,1,0,38,0,62,1,0,82
l14,10=0,74,75,0,67,85,86,86,90,88,88,91,97,94,82,0,90,96,0,41,75,76,71,78,77,92,53,85,80,0,0,38,0,0,0,0,0,0,16,0,0
l15,10=0,0,46,0,0,0,48,42,36,47,48,45,62,92,90,90,0,94,50,33,76,84,83,42,88,52,0,80,44,0,26,0,0,0,6,67,47,42,51,83,83
l16,10=0,28,39,0,0,0,42,29,67,42,56,86,97,59,92,90,92,0,48,0,74,84,59,54,51,66,0,95,88,0,8,53,0,0,0,37,48,46,23,3,91
l17,10=0,0,0,0,0,0,71,71,71,66,70,15,71,69,60,32,88,75,0,97,84,79,83,83,89,81,0,0,0,74,65,37,70,0,0,74,64,0,35,64,77
l18,10=0,0,0,0,0,0,0,0,45,0,79,75,85,75,5,80,89,0,96,0,87,85,84,86,90,0,61,0,0,0,62,44,8,1,0,0,0,0,0,82,87
l19,10=0,0,0,0,0,0,54,31,76,57,55,61,59,69,63,72,76,73,94,77,0,84,83,88,89,0,0,0,0,77,68,0,65,82,74,74,68,40,54,71,73
l20,10=0,0,3,0,0,0,64,58,65,55,65,0,71,77,62,73,91,78,70,74,87,0,84,90,86,0,80,55,39,59,64,53,69,63,65,68,65,57,57,70,91
l21,10=0,37,44,0,0,0,62,55,69,59,71,60,72,71,60,74,91,83,89,81,84,85,0,89,71,23,67,46,49,71,56,42,59,74,62,67,48,68,73,79,81
l22,10=0,0,0,0,0,0,62,30,75,53,65,58,63,61,56,73,62,86,76,62,85,85,84,0,84,12,76,31,0,78,53,46,60,84,63,73,55,0,57,85,90
l23,10=0,0,0,0,0,0,73,31,54,66,60,51,80,77,15,79,90,81,94,86,84,84,77,88,0,0,78,0,2,76,74,72,74,86,80,83,0,47,81,67,83
l24,10=0,0,0,49,48,24,9,0,31,5,13,0,66,52,92,54,80,80,0,0,0,41,10,1,0,0,71,0,93,43,13,71,65,63,51,85,88,93,52,0,66
l25,10=27,39,0,45,64,63,0,21,38,20,0,42,72,55,92,52,66,81,0,0,0,23,12,0,0,0,0,96,0,55,31,0,0,2,0,89,54,93,26,7,0
l26,10=0,0,0,0,0,0,0,0,0,0,0,0,0,0,53,0,0,0,61,0,80,67,76,78,71,0,0,66,78,0,82,0,86,93,93,92,88,83,86,57,64
l27,10=0,0,0,0,0,0,0,0,0,0,0,0,0,41,0,0,61,25,30,22,76,72,31,40,72,96,66,55,67,87,0,63,85,93,93,92,88,90,88,37,63
l28,10=0,0,0,0,0,0,0,0,0,0,0,0,0,0,0,0,0,0,63,13,71,79,68,73,72,0,78,77,0,86,82,77,0,93,93,92,80,90,85,4,0
l29,10=0,0,0,0,0,0,0,0,0,0,0,0,0,0,0,0,0,0,0,0,74,72,72,76,69,55,0,56,0,87,82,86,86,0,94,92,82,74,81,0,0
l30,10=0,0,0,0,0,0,0,0,0,0,0,0,0,0,0,0,0,0,0,0,57,42,35,73,79,31,82,67,0,86,82,83,85,93,0,92,80,63,70,0,0
l31,10=0,0,0,0,0,12,0,0,0,0,2,0,0,0,38,0,53,37,44,0,53,42,46,72,71,0,0,63,77,86,83,0,85,93,93,0,88,93,88,38,30
l32,10=0,0,0,0,0,0,0,0,0,0,0,0,45,42,0,1,66,64,24,0,46,73,28,40,0,0,86,87,49,87,83,85,75,91,90,92,0,93,88,38,0
l33,10=0,0,0,0,0,0,0,0,4,0,0,0,0,38,79,1,62,69,0,0,21,42,36,0,19,2,93,95,64,83,83,93,70,70,56,92,92,0,88,0,0
l34,10=0,0,0,0,0,0,0,0,0,0,0,0,52,44,37,39,73,62,15,0,39,40,31,40,43,0,93,87,55,81,82,93,70,75,60,92,92,93,0,0,0
l35,10=0,0,0,0,0,0,0,0,0,0,72,0,76,73,0,0,84,0,51,64,73,76,80,87,70,89,92,0,31,53,42,0,0,0,0,4,42,0,0,0,92
l36,10=0,0,0,0,0,0,9,0,57,0,0,47,75,76,69,0,77,73,73,58,67,84,72,85,70,54,88,36,0,38,15,88,0,0,0,0,0,0,0,86,0
l37,10=0,0,0,0,0,0,0,0,0,0,6,0,0,0,61,82,79,74,72,40,67,84,71,87,73,93,83,0,0,0,10,93,0,0,0,0,0,0,0,86,91
l38,10=0,0,0,0,0,0,0,29,53,36,51,46,78,75,72,84,88,74,71,0,73,80,81,87,66,26,86,36,73,0,0,88,0,0,0,0,14,0,24,85,91
l39,10=0,0,0,0,0,0,0,0,0,0,0,0,72,59,56,51,83,77,75,24,79,84,82,82,80,7,57,0,0,0,43,38,0,0,0,62,0,0,0,85,91
l40,10=0,0,0,0,0,0,0,0,11,0,0,0,45,0,24,74,50,65,79,24,82,84,69,88,75,0,64,0,0,11,0,30,0,0,0,43,0,0,0,85,86

l0,11=0,95,96,95,96,95,91,95,87,89,86,90,36,76,21,23,0,0,0,0,0,0,0,0,0,4,0,19,12,0,0,0,0,0,0,0,0,0,0,0,0
l1,11=95,0,96,95,96,95,93,95,68,87,83,89,48,48,26,28,68,0,0,0,0,0,21,0,0,40,0,25,50,0,0,0,0,0,0,0,0,0,0,0,0
l2,11=95,94,0,90,95,95,93,95,87,89,83,90,50,62,22,26,79,58,0,0,0,64,55,0,0,2,0,21,14,0,0,0,0,0,0,0,0,0,0,0,1
l3,11=95,95,89,0,96,95,92,92,80,82,81,49,8,46,47,26,0,0,0,0,0,0,0,0,0,9,0,45,61,0,0,0,0,0,0,0,0,0,0,0,0
l4,11=95,95,93,95,0,95,92,94,58,87,83,52,37,47,23,20,5,0,0,0,0,0,0,0,0,8,0,25,1,0,0,0,0,0,0,0,0,0,0,0,0
l5,11=95,95,96,95,96,0,91,92,87,92,86,90,3,70,30,20,72,0,0,0,0,18,0,0,0,23,0,50,75,0,0,15,0,0,0,12,0,0,0,0,0
l6,11=91,91,92,91,94,94,0,95,87,89,84,89,49,88,22,82,76,56,24,0,32,67,58,32,17,0,0,13,0,0,0,0,0,0,0,0,0,0,0,0,28
l7,11=94,91,91,68,93,79,90,0,87,93,86,90,81,88,1,24,54,57,24,0,31,69,62,34,18,0,0,17,0,0,0,0,0,0,0,0,0,0,0,0,0
l8,11=79,79,85,44,24,58,91,95,0,89,87,76,51,89,23,82,75,83,3,25,35,70,72,39,21,10,0,22,47,0,0,0,0,0,0,0,0,0,0,65,58
l9,11=94,87,90,40,57,93,90,95,87,0,85,90,82,88,18,82,80,66,1,0,31,22,63,35,0,19,0,0,28,0,0,0,0,0,0,0,0,0,0,0,0
l10,11=94,90,84,43,43,93,90,95,87,89,0,90,82,88,23,82,51,75,7,9,28,71,75,33,14,16,0,0,57,0,0,0,0,0,0,0,0,0,0,47,3
l11,11=94,91,92,41,89,94,90,96,87,93,87,0,81,88,40,82,60,62,42,13,69,55,61,41,12,17,0,11,60,0,0,0,0,0,0,0,0,15,0,0,47
l12,11=13,76,37,0,19,6,74,80,67,54,51,44,0,89,86,85,78,84,23,2,21,75,48,40,21,31,0,12,75,0,0,0,0,0,0,0,31,42,22,76,74
l13,11=14,68,0,23,22,23,63,0,23,24,43,36,53,41,0,30,77,86,7,0,23,66,0,33,0,23,0,55,80,4,41,0,0,0,6,19,32,67,73,57,65
l14,11=27,60,19,16,20,13,76,40,87,79,77,44,84,89,85,0,85,83,27,6,35,75,68,39,20,55,0,23,70,0,0,7,0,0,0,0,0,1,28,56,71
l15,11=0,55,38,0,19,18,65,16,56,43,14,33,78,81,74,85,0,86,38,18,33,79,77,28,45,13,0,21,62,58,30,0,20,2,0,21,34,59,67,72,72
l16,11=0,0,32,0,0,0,59,22,60,41,45,37,84,89,90,85,88,0,28,0,19,79,74,56,18,59,57,21,61,0,0,58,0,0,0,19,35,56,27,64,65
l17,11=0,0,0,0,0,0,65,69,4,28,56,67,66,69,56,66,71,69,0,92,83,72,77,71,74,39,0,0,0,67,65,27,70,0,0,66,45,0,0,70,67
l18,11=0,0,0,0,0,0,0,0,66,28,67,65,63,71,0,57,79,0,87,0,82,79,77,77,71,0,40,0,0,0,70,22,48,0,0,52,0,56,0,77,64
l19,11=0,0,0,0,0,0,62,62,68,66,63,66,64,70,57,69,71,63,83,77,0,79,77,73,75,0,0,0,55,72,71,4,68,78,69,72,33,50,62,72,67
l20,11=0,0,43,0,0,1,62,69,55,18,64,23,43,69,38,71,80,76,42,69,82,0,81,81,66,18,72,35,0,65,38,50,55,36,0,63,53,54,0,70,75
l21,11=0,28,39,0,0,0,53,65,61,65,76,55,66,68,0,66,83,74,79,71,81,79,0,81,56,6,74,16,57,64,35,42,44,67,51,62,0,0,25,71,68
l22,11=0,0,0,0,0,0,49,40,23,57,54,30,71,63,29,66,57,70,69,68,81,79,81,0,63,32,66,2,49,68,30,36,29,70,35,30,32,39,45,76,77
l23,11=0,0,0,0,0,0,62,66,63,22,61,29,68,51,32,67,75,67,84,81,83,77,72,71,0,15,70,0,1,74,68,7,77,77,69,73,0,47,69,71,62
l24,11=22,63,19,18,24,24,46,21,17,0,0,11,26,26,89,15,69,40,0,0,0,41,24,8,0,0,62,0,80,61,34,52,25,23,40,25,57,80,53,0,17
l25,11=4,40,2,9,8,23,0,0,10,19,16,17,31,23,55,13,59,39,0,0,18,6,32,15,0,0,0,91,0,68,34,0,24,23,0,27,41,72,31,50,21
l26,11=0,0,0,0,0,0,0,0,0,0,0,0,0,0,0,0,57,0,40,0,72,74,66,70,62,0,0,35,62,0,81,0,85,84,85,83,80,70,81,0,28
l27,11=0,0,0,0,0,0,0,0,0,0,0,0,0,0,53,0,60,0,38,18,69,67,34,35,59,91,35,52,56,85,0,61,85,84,85,84,71,70,81,0,0
l28,11=0,0,0,0,0,0,0,0,0,0,0,0,0,0,0,0,57,0,51,12,68,76,28,31,57,0,62,68,55,85,84,69,0,87,89,83,77,44,78,0,15
l29,11=0,0,0,0,0,0,0,0,0,0,0,0,0,0,0,0,21,0,0,0,71,61,34,69,56,68,0,55,61,85,81,85,85,0,90,83,80,69,81,27,0
l30,11=0,0,0,0,0,0,0,0,0,0,0,0,0,0,1,0,0,0,0,0,52,0,21,6,26,34,81,49,0,85,81,83,85,87,0,83,66,44,64,0,0
l31,11=0,0,0,0,0,15,0,0,0,0,0,0,0,0,7,0,58,27,22,4,50,42,36,7,52,0,0,61,69,85,83,0,81,84,80,0,80,75,86,37,0
l32,11=0,0,0,0,0,0,0,0,0,0,0,0,29,19,20,0,62,40,18,0,19,42,0,15,0,24,85,49,67,85,45,81,51,61,83,84,0,81,90,22,0
l33,11=0,0,0,0,0,0,0,0,0,0,0,5,30,9,75,0,63,42,0,3,19,42,0,15,2,23,84,90,80,81,85,84,27,50,48,84,89,0,90,0,4
l34,11=0,0,0,0,0,0,0,0,0,0,0,0,26,0,41,11,67,37,0,0,21,0,12,15,3,0,85,46,68,81,81,80,51,76,78,84,89,81,0,0,12
l35,11=0,0,0,0,0,0,0,0,23,0,33,0,73,27,10,24,71,43,49,38,71,72,70,71,45,27,83,0,16,0,0,0,0,0,0,16,0,0,0,0,82
l36,11=0,0,0,0,0,0,2,0,27,0,17,19,72,69,64,70,69,68,64,0,70,78,70,79,36,41,80,20,18,48,0,80,0,0,0,0,0,0,0,84,0
l37,11=0,0,0,0,0,0,0,0,0,0,0,0,35,0,60,69,12,64,19,6,40,74,70,76,64,72,70,5,0,0,0,75,0,0,0,0,0,0,0,82,81
l38,11=0,0,0,0,0,0,25,52,33,54,0,34,45,56,62,74,82,71,46,0,77,76,77,78,59,31,81,0,63,14,16,86,0,0,0,0,0,0,38,84,81
l39,11=0,0,0,0,0,0,0,0,0,0,0,0,67,62,28,62,73,68,64,62,76,77,75,73,64,50,0,0,0,61,0,37,56,0,0,58,26,0,0,78,80
l40,11=0,0,0,0,0,0,0,0,0,0,0,0,0,1,32,31,63,58,59,0,81,72,66,78,67,21,28,0,0,44,54,0,0,8,0,13,0,0,0,82,79

l0,12=0,95,97,93,91,95,91,94,87,95,91,85,85,91,0,0,40,0,0,0,0,0,0,0,0,0,0,12,1,0,0,0,0,0,0,0,0,0,0,0,0
l1,12=97,0,96,93,91,95,91,91,49,92,89,92,86,84,0,9,60,0,0,0,0,0,54,0,0,4,0,43,51,0,0,0,0,0,0,0,0,0,0,0,0
l2,12=97,93,0,88,91,95,91,91,64,92,89,92,65,89,33,49,66,72,43,0,17,22,43,47,0,45,0,33,67,0,0,0,0,0,0,0,0,0,0,0,0
l3,12=97,95,93,0,91,95,91,91,61,83,88,97,74,0,33,0,55,0,0,0,0,0,0,0,0,0,0,68,13,0,0,0,0,0,0,0,0,65,0,0,0
l4,12=97,95,97,93,0,95,91,93,47,93,81,93,0,86,36,0,10,0,0,0,0,0,0,0,0,61,0,3,62,0,0,0,0,0,0,0,0,0,0,0,0
l5,12=97,95,97,93,91,0,91,92,87,95,90,96,78,0,0,49,64,0,0,0,0,23,0,0,0,39,0,44,69,0,0,0,0,0,0,0,0,0,0,0,0
l6,12=92,93,94,87,90,94,0,92,87,92,88,91,88,89,42,83,60,53,36,16,39,37,53,59,39,0,0,0,0,0,0,0,0,0,0,0,0,0,0,0,20
l7,12=92,90,89,87,90,92,90,0,87,95,91,97,88,91,41,48,58,60,74,0,42,49,69,67,44,0,0,42,30,0,0,0,0,0,0,0,0,0,0,0,3
l8,12=49,50,77,68,67,92,89,65,0,95,91,96,88,93,44,75,66,80,59,8,45,44,74,56,32,23,0,39,54,0,0,0,0,0,0,0,0,0,1,23,26
l9,12=85,89,89,82,89,92,89,93,87,0,89,97,88,89,41,83,66,80,13,0,9,39,64,66,42,26,0,28,50,0,0,0,0,0,0,0,0,0,0,0,20
l10,12=92,93,90,71,69,92,89,92,87,92,0,93,88,90,47,83,81,75,9,34,38,77,76,50,34,18,0,34,44,0,0,0,0,0,0,0,0,0,0,0,17
l11,12=44,90,85,87,90,92,89,94,89,95,91,0,88,91,7,83,57,58,0,40,38,40,59,66,40,5,0,18,44,0,0,0,0,0,0,0,0,0,0,0,38
l12,12=16,44,26,30,0,34,87,49,52,76,88,84,0,93,46,86,67,85,48,0,0,47,75,72,33,72,0,49,69,0,0,4,0,0,0,2,0,38,45,51,48
l13,12=0,0,27,7,64,0,48,21,30,27,29,0,90,84,0,53,69,85,33,0,1,18,55,41,8,57,0,53,72,0,8,0,0,0,0,0,46,86,81,20,42
l14,12=0,0,52,0,0,74,79,37,86,82,85,82,90,93,79,0,82,81,67,22,44,69,73,64,41,83,0,44,64,0,0,0,0,0,0,48,25,38,29,39,45
l15,12=8,34,60,31,48,62,63,35,49,61,77,65,78,83,76,86,0,85,74,44,44,80,76,65,47,39,0,42,61,59,61,28,36,0,0,58,68,71,75,38,46
l16,12=0,0,60,0,0,20,49,32,72,61,77,55,90,92,84,86,85,0,61,0,82,81,81,74,37,53,63,51,54,0,0,62,0,0,0,56,59,65,62,36,41
l17,12=0,0,27,0,0,0,45,65,55,57,57,0,63,71,40,63,82,69,0,91,84,79,78,66,85,49,0,0,0,64,74,40,68,40,51,73,64,54,37,65,66
l18,12=0,0,0,0,0,0,53,0,59,0,71,73,0,71,0,66,80,0,86,0,83,79,75,70,85,0,36,0,0,22,69,50,0,0,0,75,0,0,0,73,0
l19,12=0,0,0,0,0,0,57,51,63,41,64,60,62,0,68,66,71,70,82,76,0,80,75,73,85,0,1,0,0,75,76,26,74,78,56,77,73,56,72,67,76
l20,12=0,0,0,0,0,16,36,38,33,39,73,45,67,76,32,76,80,79,79,69,84,0,81,80,79,0,74,17,0,66,64,73,69,0,0,67,0,60,70,70,79
l21,12=0,27,8,0,0,0,52,58,57,49,74,57,65,72,33,70,80,78,81,64,84,81,0,80,76,0,69,34,48,65,64,67,38,42,31,62,61,60,64,75,70
l22,12=0,0,3,0,0,0,44,32,28,57,49,54,67,68,40,60,70,70,66,60,84,81,81,0,78,53,62,18,44,66,66,59,35,65,0,59,57,0,60,73,79
l23,12=0,0,0,0,0,0,59,45,56,65,61,61,62,70,59,63,71,62,86,78,84,74,69,69,0,38,65,0,0,75,67,57,75,73,69,77,59,57,66,65,59
l24,12=1,24,25,46,55,39,0,23,20,31,39,14,74,66,84,36,62,55,0,0,0,17,51,21,0,0,82,0,80,39,61,75,44,23,35,76,84,86,77,0,26
l25,12=0,4,45,0,61,39,0,0,23,26,18,5,72,57,83,39,53,49,0,0,0,0,53,38,0,0,0,87,0,38,0,0,39,39,1,82,55,70,83,3,15
l26,12=0,0,0,0,0,0,0,0,0,0,0,0,0,0,0,0,63,0,36,1,74,69,62,65,82,0,0,67,47,0,85,0,85,85,86,84,84,79,83,15,38
l27,12=0,0,0,0,38,0,0,0,0,0,0,0,0,7,27,0,62,0,69,22,73,67,62,62,74,87,67,68,0,82,0,75,84,82,83,84,84,80,83,18,32
l28,12=0,0,0,0,0,0,0,0,0,0,0,0,0,0,0,0,56,0,44,0,71,66,56,43,81,0,47,77,59,82,84,68,0,85,91,83,83,78,83,0,5
l29,12=0,0,0,0,0,0,0,0,0,0,0,0,0,0,0,0,0,0,21,0,73,13,55,58,73,38,0,41,66,82,82,82,85,0,91,83,84,79,82,0,0
l30,12=0,0,0,0,0,0,0,0,0,0,0,0,0,0,0,0,0,0,1,0,53,0,8,0,52,0,85,77,0,82,79,85,85,85,0,83,83,77,79,0,0
l31,12=0,0,0,0,0,0,0,0,0,0,0,0,4,0,0,28,62,40,50,26,73,67,59,57,75,0,0,75,68,82,85,0,84,85,86,0,85,84,85,4,29
l32,12=0,0,0,0,0,0,0,0,0,0,0,0,0,0,30,30,56,49,42,0,19,23,59,50,41,39,85,76,68,82,84,84,82,81,79,84,0,87,86,5,0
l33,12=0,0,0,41,0,0,0,0,0,0,7,0,62,0,79,34,57,56,39,0,13,41,60,0,33,39,85,85,73,76,85,85,49,43,38,84,88,0,86,0,0
l34,12=0,0,0,0,0,0,0,0,3,0,0,0,63,44,72,31,68,53,24,0,18,41,57,52,47,1,86,55,68,82,85,86,81,78,78,84,88,87,0,4,0
l35,12=0,0,0,0,0,0,0,0,19,0,0,0,69,52,34,33,59,61,64,36,48,77,76,73,66,82,84,0,3,9,32,0,0,0,0,0,0,0,0,0,84
l36,12=0,0,0,0,0,0,0,0,18,27,40,45,70,65,70,65,77,68,64,0,78,78,71,72,36,55,84,23,33,55,23,85,0,0,0,19,0,0,0,83,0
l37,12=0,0,0,0,0,0,0,0,0,1,0,0,59,9,53,53,80,66,62,11,57,76,78,73,70,70,79,1,0,0,0,84,0,0,0,2,0,0,0,81,82
l38,12=0,0,0,0,0,0,34,29,25,34,0,50,42,70,67,66,84,72,63,32,75,79,71,68,70,83,83,0,0,0,46,85,0,0,0,34,0,0,65,82,83
l39,12=0,0,0,0,0,0,0,0,0,3,32,0,56,64,0,0,78,73,64,57,82,78,73,69,77,3,15,0,0,60,48,4,0,0,0,60,5,0,0,80,82
l40,12=0,0,0,0,0,0,0,0,0,0,50,0,0,58,0,31,59,54,54,24,78,79,61,72,77,15,38,0,0,0,42,29,1,29,0,0,0,0,0,80,81

l0,13=0,99,100,100,100,100,95,95,97,96,95,96,93,54,4,38,18,0,0,0,0,0,0,0,0,8,0,1,2,0,0,0,0,0,0,0,0,0,0,0,0
l1,13=100,0,100,100,100,100,93,55,86,94,95,96,54,0,52,0,26,0,0,0,0,0,20,0,0,76,0,27,32,0,0,0,0,0,0,0,0,0,0,0,0
l2,13=100,99,0,100,100,100,95,95,97,96,95,96,57,51,55,0,33,30,0,0,22,10,30,81,0,53,0,22,31,0,0,0,0,0,0,0,0,0,0,0,0
l3,13=100,99,100,0,100,100,95,95,89,96,95,96,86,52,53,0,25,0,0,0,0,0,0,0,0,83,0,0,52,0,0,0,0,0,0,0,0,48,0,0,0
l4,13=100,99,100,100,0,100,95,95,93,96,87,96,0,0,0,0,0,0,0,0,0,0,0,0,0,78,0,55,36,0,0,0,0,0,0,0,0,0,0,0,0
l5,13=100,99,100,100,100,0,95,95,97,96,95,96,56,52,53,69,31,0,0,0,0,0,0,0,0,36,0,29,33,0,0,0,0,0,0,0,42,52,0,0,0
l6,13=89,94,100,97,100,100,0,95,92,96,95,89,96,92,52,93,32,12,59,62,30,0,45,84,77,0,0,0,0,0,0,0,0,0,0,0,0,0,0,47,59
l7,13=95,27,96,92,96,94,95,0,96,96,95,96,94,92,53,90,53,31,79,10,29,35,54,84,80,2,0,32,10,0,0,0,0,0,0,0,0,0,0,0,69
l8,13=94,84,91,85,95,42,93,95,0,96,95,96,59,94,55,57,34,32,0,0,32,34,54,85,78,6,0,32,7,0,0,0,0,0,0,0,0,11,0,13,79
l9,13=96,94,96,91,95,63,95,95,96,0,95,96,94,58,48,78,32,30,83,0,25,35,0,86,84,31,0,32,34,0,0,0,0,0,0,0,0,0,0,0,80
l10,13=94,94,93,91,89,94,93,95,97,96,0,96,94,94,0,93,88,55,39,46,26,55,82,84,80,32,0,32,0,0,0,0,0,0,0,0,0,0,0,0,0
l11,13=94,94,95,95,95,99,93,95,97,96,95,0,94,94,49,93,32,28,56,72,29,34,53,81,68,44,0,0,27,0,0,0,0,0,0,0,0,12,0,31,84
l12,13=86,85,71,83,10,40,93,90,91,92,92,53,0,94,56,96,35,99,79,60,0,35,55,85,81,39,0,32,33,0,0,0,0,0,0,0,0,51,51,61,85
l13,13=0,82,81,76,0,37,82,39,31,27,7,30,54,26,0,58,35,34,0,0,19,33,44,0,77,3,0,35,36,0,40,0,0,2,25,32,49,59,58,22,85
l14,13=33,0,0,0,0,40,93,92,92,92,94,57,96,94,63,0,94,100,83,80,33,35,56,85,81,62,0,31,35,0,0,1,0,0,0,0,46,51,47,61,85
l15,13=41,59,75,53,43,36,83,59,93,57,90,48,94,68,98,96,0,99,92,78,30,34,70,91,88,58,0,26,30,31,36,0,17,0,0,40,51,55,56,59,88
l16,13=0,0,60,0,1,0,58,79,91,72,91,44,96,94,99,96,94,0,81,67,43,95,96,87,79,30,11,34,31,0,0,33,0,0,0,39,46,58,50,58,84
l17,13=0,0,0,0,0,0,64,81,0,76,70,41,80,79,21,79,91,84,0,97,94,91,96,77,92,28,0,0,0,0,81,18,68,25,41,77,1,36,46,81,79
l18,13=0,0,0,0,0,0,83,41,0,0,84,88,85,89,0,89,86,85,94,0,92,93,90,90,91,0,0,0,0,81,71,74,1,0,0,82,0,0,0,83,16
l19,13=0,0,1,0,0,0,68,68,73,68,66,66,0,41,48,80,77,85,94,82,0,95,94,93,92,0,64,0,0,79,80,64,66,82,38,80,74,0,44,80,89
l20,13=0,0,0,0,0,0,0,72,67,56,81,38,77,84,50,90,82,98,94,94,93,0,96,94,90,0,77,0,20,58,77,81,69,0,28,81,34,34,78,89,92
l21,13=0,11,1,0,0,0,61,60,83,0,87,76,96,90,47,94,91,98,94,75,93,95,0,94,90,30,78,28,18,53,80,84,24,28,5,69,36,42,46,60,92
l22,13=0,0,31,0,0,0,62,56,65,68,60,56,93,13,0,52,91,88,71,81,93,95,96,0,75,43,75,19,0,80,81,70,44,34,33,42,34,0,39,89,92
l23,13=0,0,0,0,0,0,72,73,74,75,70,66,75,86,77,76,87,75,94,96,94,90,92,82,0,0,82,33,10,85,80,74,87,79,4,89,82,62,58,84,88
l24,13=3,72,4,0,91,34,0,42,29,30,81,0,48,5,99,53,26,30,0,0,0,0,43,68,56,15,79,0,97,40,42,86,26,18,39,49,52,59,54,0,0
l25,13=8,76,53,83,78,36,0,2,6,31,32,44,39,3,62,58,30,28,0,0,0,30,43,0,15,0,0,93,0,35,40,0,27,22,35,55,52,59,58,48,70
l26,13=0,0,0,0,0,0,0,0,0,0,0,0,0,0,0,0,11,0,0,64,77,78,75,82,79,0,0,74,11,0,95,0,92,92,94,92,86,87,77,0,53
l27,13=0,0,0,0,0,0,0,0,0,0,0,0,0,0,24,6,47,0,74,55,74,73,77,79,69,93,74,44,35,86,0,70,92,93,93,92,89,90,89,44,33
l28,13=0,0,0,0,0,0,0,0,0,0,0,0,0,0,0,0,17,0,70,0,74,75,51,72,73,0,11,49,67,86,95,89,0,93,94,92,76,81,83,0,0
l29,13=0,0,0,0,0,0,0,0,0,0,0,0,0,0,1,0,0,0,51,0,79,0,75,77,43,35,0,25,67,86,93,86,92,0,94,92,89,57,90,0,0
l30,13=0,0,0,0,0,0,0,0,0,0,0,0,0,0,46,0,0,0,72,0,67,69,0,75,0,40,95,32,60,86,89,95,92,93,0,92,83,83,47,0,0
l31,13=0,0,0,0,0,0,0,0,0,0,0,0,0,0,1,0,33,18,74,64,81,84,70,74,86,0,0,70,89,86,95,0,91,93,94,0,90,96,93,17,37
l32,13=0,0,0,0,0,31,0,0,0,0,0,0,0,0,1,40,77,21,0,0,75,27,43,70,80,27,92,78,28,86,95,91,27,93,94,92,0,96,93,2,66
l33,13=0,0,0,67,2,32,0,0,0,0,0,14,31,1,44,46,30,27,61,0,0,28,45,0,63,22,92,93,28,84,94,93,56,23,56,92,90,0,93,0,7
l34,13=0,0,0,0,0,0,0,0,0,0,0,0,47,1,94,44,82,73,70,0,61,81,73,77,69,35,94,80,94,71,95,94,92,93,78,92,90,96,0,0,1
l35,13=0,0,0,0,0,0,31,0,0,0,0,0,79,25,21,51,82,27,80,62,86,93,77,92,84,55,92,0,23,0,65,0,0,0,0,0,0,0,0,0,93
l36,13=0,0,0,0,0,0,14,26,64,59,0,48,88,0,86,75,75,45,62,0,86,93,85,92,84,52,86,0,20,35,0,90,0,0,0,30,33,0,0,90,0
l37,13=0,0,0,0,0,0,0,0,0,0,0,0,78,49,75,74,74,76,66,69,89,89,88,91,86,59,87,0,0,0,7,96,0,0,0,60,0,0,0,89,92
l38,13=0,0,0,0,0,0,0,0,82,0,75,38,49,44,91,84,89,94,74,65,84,93,88,86,88,58,77,22,0,9,0,93,0,0,0,18,0,38,42,89,92
l39,13=0,0,0,0,0,0,0,0,0,0,0,0,81,39,32,0,90,86,86,75,92,93,90,90,83,48,0,0,0,48,65,17,0,0,0,35,0,0,0,89,92
l40,13=0,0,0,0,0,0,0,0,0,0,55,0,73,69,26,37,75,0,75,64,87,89,83,89,88,70,53,0,0,30,70,37,54,11,0,29,0,0,0,89,92

l0,14=0,100,100,98,100,100,100,100,99,100,100,100,97,91,53,97,0,0,0,0,0,0,0,0,0,0,0,96,0,0,0,0,0,0,0,0,0,0,0,0,0
l1,14=100,0,100,98,100,99,100,100,99,99,100,100,93,100,97,97,100,0,0,0,0,0,0,0,0,37,0,89,61,0,0,0,0,0,0,0,0,0,0,0,0
l2,14=100,100,0,98,100,100,100,100,99,100,100,96,99,94,100,100,61,0,0,0,0,0,12,0,0,0,0,18,0,0,0,0,0,0,0,0,0,0,0,0,0
l3,14=100,100,100,0,100,100,100,99,99,61,60,83,0,99,12,97,48,0,0,0,0,0,0,0,0,50,0,73,62,0,0,0,0,0,0,0,0,0,0,0,0
l4,14=100,100,100,98,0,100,100,100,99,100,61,100,99,100,93,100,0,0,0,0,0,0,0,0,0,92,0,91,39,0,0,0,0,0,0,0,0,12,0,0,0
l5,14=100,100,100,98,100,0,100,100,99,100,95,100,99,99,100,100,61,23,0,0,0,0,0,0,0,100,0,91,63,0,0,0,0,0,0,0,21,89,55,0,0
l6,14=100,100,100,98,100,100,0,100,99,100,100,100,99,100,99,100,93,0,68,0,97,60,57,100,97,0,0,29,0,0,0,0,0,0,0,0,0,0,0,0,92
l7,14=100,100,100,61,100,100,100,0,99,100,100,100,99,100,96,93,100,20,62,0,90,61,61,69,99,0,0,87,5,0,0,0,0,0,0,0,0,0,0,0,0
l8,14=99,67,59,61,99,100,100,100,0,100,100,100,98,100,98,100,60,61,20,0,98,64,64,71,93,93,0,87,59,0,0,0,0,0,0,0,0,92,0,86,50
l9,14=100,100,100,57,100,100,100,100,99,0,100,100,99,100,95,100,100,61,68,0,92,60,61,69,96,29,0,0,61,0,0,0,0,0,0,0,0,0,0,0,72
l10,14=93,100,100,58,95,97,100,100,99,100,0,100,99,100,88,100,98,62,61,82,89,100,100,65,11,42,0,78,57,0,0,0,0,0,0,0,0,11,0,36,87
l11,14=100,100,60,98,100,100,100,100,99,100,100,0,99,100,94,100,59,60,31,0,0,64,63,66,93,34,0,0,57,0,0,0,0,0,0,0,0,0,0,0,94
l12,14=83,33,53,0,90,93,98,95,93,61,61,80,0,100,100,100,88,100,44,0,94,64,63,70,95,99,0,88,62,0,80,0,0,0,0,0,60,96,81,98,94
l13,14=13,37,26,0,91,94,96,96,94,38,41,43,99,12,0,100,100,63,0,0,96,64,26,47,95,100,0,92,63,24,69,15,22,0,0,1,62,100,98,68,96
l14,14=83,62,56,57,90,97,100,87,99,100,100,83,99,100,100,0,100,100,0,94,100,100,100,70,96,100,77,91,97,0,76,29,0,0,0,22,0,0,89,99,99
l15,14=0,65,56,11,0,93,97,97,94,63,60,77,97,99,100,100,0,97,99,96,95,97,66,100,97,100,0,89,62,16,0,52,0,0,0,25,60,98,96,100,98
l16,14=0,0,0,0,0,92,0,25,98,63,60,82,99,100,100,100,100,0,74,0,100,100,100,71,95,55,2,91,63,0,0,59,0,0,0,0,83,98,96,100,98
l17,14=0,0,0,0,0,0,92,86,3,94,94,62,90,99,0,0,98,91,0,100,98,97,98,95,100,58,0,0,0,91,94,0,0,91,91,98,92,83,92,100,98
l18,14=0,0,0,0,0,0,0,0,0,0,99,0,49,0,0,100,98,16,100,0,97,97,97,100,98,0,63,0,0,98,0,99,0,0,0,84,0,0,0,0,97
l19,14=0,0,0,0,0,0,92,83,93,60,94,0,93,96,95,100,98,97,100,95,0,100,100,100,100,0,83,0,80,94,93,45,3,97,87,98,92,90,81,100,93
l20,14=0,0,0,0,0,0,78,85,97,95,99,98,97,97,100,100,98,97,98,99,100,0,100,100,97,87,92,82,96,97,97,97,97,88,97,98,81,79,97,100,97
l21,14=0,0,0,0,0,0,84,87,98,60,99,82,97,99,93,100,98,97,99,96,98,100,0,100,97,57,95,81,58,63,89,97,88,92,0,53,38,97,98,100,98
l22,14=0,0,0,0,0,0,95,79,96,92,91,75,97,98,95,97,98,97,86,97,97,100,98,0,97,17,93,0,0,98,95,57,98,94,90,93,87,67,79,100,98
l23,14=0,0,0,0,0,0,97,96,88,98,50,78,97,99,91,99,98,59,100,99,100,97,97,100,0,0,100,58,0,98,97,100,98,97,91,98,97,80,97,0,97
l24,14=95,53,0,16,97,98,57,94,99,0,39,0,99,100,100,66,57,63,0,0,0,48,47,5,67,0,100,0,100,60,90,97,96,94,26,57,85,100,100,29,58
l25,14=0,37,0,50,92,100,0,0,93,29,42,34,99,100,100,100,55,58,0,0,87,57,17,0,0,0,0,99,0,51,85,0,100,97,25,24,61,100,100,23,46
l26,14=0,0,0,0,0,0,0,0,0,0,0,0,0,0,77,0,2,0,63,83,92,95,93,100,100,0,0,96,92,0,100,0,100,100,100,100,98,100,100,0,91
l27,14=0,0,0,0,0,0,0,0,0,0,0,0,69,0,76,55,0,0,96,0,95,97,97,100,97,99,96,97,98,100,0,97,100,100,99,100,97,100,100,100,2
l28,14=0,0,0,0,0,0,0,0,0,0,0,0,0,0,48,0,0,0,0,0,3,82,58,85,82,0,92,75,83,100,100,52,0,100,100,100,88,98,100,47,0
l29,14=0,0,0,0,0,0,0,0,0,0,0,0,0,0,0,0,0,0,81,0,68,59,66,93,87,51,0,81,85,100,100,100,100,0,100,100,98,82,100,0,0
l30,14=0,0,0,0,0,0,0,0,0,0,0,0,0,0,0,0,0,0,75,0,54,89,0,93,79,85,100,89,75,100,95,100,100,100,0,96,93,96,93,0,0
l31,14=0,0,0,0,0,0,0,0,0,0,0,0,0,15,29,52,59,0,99,45,97,97,57,100,97,0,0,97,52,100,100,0,100,100,100,0,98,100,100,14,0
l32,14=0,0,0,0,0,80,0,0,0,0,0,0,73,0,100,0,53,55,69,0,97,62,37,88,98,100,100,98,66,100,100,100,99,100,63,100,0,100,100,0,91
l33,14=0,0,0,0,89,89,0,0,88,0,36,0,78,0,100,0,100,63,59,0,96,61,63,60,81,97,100,99,72,100,100,100,100,89,100,100,98,0,100,0,0
l34,14=0,0,0,0,50,83,0,0,0,0,0,0,74,0,100,48,61,52,69,0,83,100,94,63,93,25,100,99,100,100,100,100,100,100,28,100,98,100,0,0,67
l35,14=0,0,0,0,0,0,0,0,80,0,30,0,90,77,89,94,97,90,90,0,92,97,96,100,0,24,100,0,0,0,90,0,0,0,0,0,0,0,0,0,99
l36,14=0,0,0,0,0,0,67,0,3,15,57,77,94,89,89,93,98,66,66,76,92,89,97,100,94,61,98,81,37,59,0,98,0,0,0,0,43,0,0,100,0
l37,14=0,0,0,0,0,0,0,0,0,0,0,0,94,95,87,95,96,92,96,91,96,96,95,98,96,100,100,0,0,0,74,100,0,0,0,0,0,0,0,100,98
l38,14=0,0,0,0,0,0,0,0,90,0,94,8,94,92,100,97,96,97,74,0,94,99,97,100,97,100,100,87,0,0,0,100,0,0,0,17,0,92,92,100,100
l39,14=0,0,0,0,0,0,0,0,0,0,68,0,96,0,71,94,98,94,97,96,97,97,97,100,96,23,0,0,0,94,88,14,0,14,0,0,0,0,0,100,98
l40,14=0,0,0,0,0,0,0,0,0,0,68,0,29,4,86,0,93,69,97,83,96,97,96,99,93,46,91,0,0,62,83,0,92,0,0,87,79,0,0,100,98

l0,15=0,100,100,100,100,100,100,100,100,100,99,100,61,58,80,96,84,0,0,0,0,0,0,0,0,62,0,94,94,0,0,0,0,0,0,0,0,0,0,0,0
l1,15=100,0,100,100,100,100,100,80,100,100,99,100,0,96,100,100,99,0,0,0,0,0,0,0,0,0,0,100,0,0,0,0,0,0,0,0,0,0,0,0,0
l2,15=100,100,0,100,100,100,100,100,35,100,99,100,62,57,81,100,99,0,0,0,0,0,50,0,0,0,0,86,0,0,0,0,0,0,0,0,0,0,0,0,0
l3,15=100,100,100,0,100,100,59,100,100,15,99,100,62,55,81,100,0,0,0,0,0,0,0,0,0,91,0,96,94,0,0,0,0,0,0,0,0,0,11,0,0
l4,15=100,100,100,100,0,100,100,92,73,100,15,100,61,59,63,96,90,0,0,0,0,0,0,0,0,71,0,96,0,0,0,0,0,0,0,0,0,0,0,0,0
l5,15=100,100,100,100,100,0,99,93,100,100,99,100,62,58,78,100,0,62,0,0,0,0,0,0,0,100,0,29,94,0,0,0,0,0,0,0,0,59,0,0,0
l6,15=100,100,100,99,100,100,0,100,100,100,99,100,100,96,73,100,99,60,60,0,99,97,52,100,99,53,0,0,91,0,0,0,0,0,0,0,0,0,0,0,0
l7,15=100,93,100,100,100,100,100,0,100,100,99,100,100,96,73,100,99,2,56,0,96,61,55,59,98,0,0,77,0,0,0,0,0,0,0,0,0,0,0,0,90
l8,15=99,97,4,99,95,100,100,100,0,100,99,100,63,54,77,100,96,58,0,0,98,84,96,78,93,0,0,0,4,0,0,0,0,0,0,0,0,54,0,77,93
l9,15=100,100,100,0,99,100,100,100,100,0,99,100,97,96,80,100,99,100,60,0,0,94,60,61,93,97,0,95,93,0,0,0,0,0,0,0,0,0,0,0,0
l10,15=100,100,94,97,72,100,100,100,100,100,0,100,57,96,74,100,92,59,56,68,95,99,98,59,0,73,0,82,0,0,0,0,0,0,0,0,0,0,0,0,93
l11,15=100,100,95,93,100,100,100,100,100,100,99,0,97,96,81,92,95,22,56,5,95,82,54,17,92,93,0,87,91,0,0,0,0,0,0,0,0,0,0,1,0
l12,15=69,0,96,92,88,96,57,80,95,96,90,93,0,96,81,100,99,63,2,0,96,84,62,59,93,62,0,91,94,0,57,0,0,0,0,0,0,53,20,78,98
l13,15=51,82,96,87,78,91,52,80,95,96,99,94,100,42,0,100,99,100,36,0,85,87,54,60,93,51,0,100,100,61,61,0,16,0,66,93,84,61,60,0,98
l14,15=73,92,93,92,88,97,100,81,100,100,99,94,100,96,100,0,99,100,58,67,97,99,99,60,91,100,59,97,95,0,0,58,0,0,0,0,0,55,46,92,99
l15,15=51,81,86,0,88,41,59,85,95,99,99,99,100,58,100,100,0,100,99,71,99,99,55,100,93,97,0,97,91,51,54,2,12,0,0,92,83,60,20,97,99
l16,15=0,0,0,0,0,95,53,18,93,100,99,80,100,96,100,100,99,0,59,41,100,99,99,100,94,99,66,98,94,0,0,98,0,0,0,92,81,61,60,81,100
l17,15=0,0,0,0,0,0,88,80,0,94,95,89,26,89,79,98,99,95,0,100,100,97,99,99,100,62,0,0,0,94,96,91,0,94,86,97,93,0,88,82,96
l18,15=0,0,0,0,0,0,0,13,0,0,95,75,0,88,0,98,98,85,100,0,99,99,96,100,100,0,99,0,0,90,0,63,0,57,0,59,0,0,19,79,95
l19,15=0,0,0,0,0,0,57,82,95,0,94,77,97,90,74,98,98,98,99,99,0,99,99,100,100,0,43,0,3,96,58,0,71,99,83,94,90,62,88,89,93
l20,15=0,0,0,0,0,0,87,0,93,93,98,93,98,92,96,98,97,97,98,96,100,0,99,100,100,3,99,85,92,97,97,88,82,25,81,91,85,60,90,97,99
l21,15=0,0,40,0,0,0,44,86,97,93,98,93,99,88,67,100,96,99,99,96,99,99,0,100,100,83,99,81,74,58,54,99,84,94,0,40,88,89,93,97,99
l22,15=0,0,0,0,0,0,92,51,93,67,94,35,99,87,90,95,98,99,96,94,99,99,99,0,100,49,91,0,0,93,94,14,3,94,59,0,89,38,47,95,99
l23,15=0,0,0,0,0,0,96,96,94,88,17,94,96,91,92,98,97,96,100,99,100,99,96,100,0,0,100,0,0,97,96,0,97,96,90,93,93,84,93,88,97
l24,15=61,85,94,92,100,89,2,47,0,96,95,98,58,42,100,94,99,60,0,0,0,83,62,0,0,0,100,0,100,63,61,100,87,98,93,100,98,61,61,0,99
l25,15=62,0,0,91,71,100,53,0,0,97,73,93,62,51,100,97,99,62,0,0,3,83,49,0,0,0,0,100,0,64,62,0,88,100,90,100,87,61,61,75,97
l26,15=0,0,0,0,0,0,0,0,0,0,0,0,0,0,59,0,66,0,99,43,99,99,91,100,100,0,0,94,100,0,100,0,100,100,100,100,100,100,100,61,96
l27,15=0,0,0,0,0,0,0,0,0,0,0,0,91,54,95,29,87,0,99,0,96,99,91,100,100,100,94,92,99,100,0,98,100,100,100,100,100,100,100,69,0
l28,15=0,0,0,0,0,0,0,0,0,0,0,0,0,0,44,0,16,0,0,0,85,88,88,5,96,0,100,92,98,100,100,100,0,100,100,100,100,100,100,1,0
l29,15=0,0,0,0,0,0,0,0,0,0,0,0,0,0,0,0,0,0,97,0,99,77,88,100,93,64,0,83,99,100,100,100,100,0,100,100,100,100,100,0,0
l30,15=0,0,0,0,0,0,0,0,0,0,0,0,0,0,44,0,0,0,77,0,85,88,0,85,93,62,100,83,72,100,96,100,100,100,0,97,97,97,98,0,0
l31,15=0,0,0,0,0,0,0,0,0,0,0,0,0,0,58,2,98,91,63,0,88,99,14,0,100,0,0,98,100,100,100,0,100,100,100,0,100,100,100,7,0
l32,15=0,0,0,0,0,0,0,0,0,0,0,0,0,28,62,0,98,57,42,0,84,86,57,100,97,88,100,100,100,100,100,100,100,100,100,100,0,100,100,0,23
l33,15=0,0,0,0,0,95,0,0,88,0,0,0,67,0,63,94,99,95,0,0,87,78,99,60,94,100,100,100,100,100,100,100,100,100,100,100,100,0,100,0,4
l34,15=0,0,0,0,0,0,0,0,0,0,0,0,52,19,99,89,96,95,42,0,88,81,99,60,95,90,100,100,100,100,100,100,100,100,100,100,100,100,0,0,46
l35,15=0,0,0,0,0,0,0,0,63,0,0,0,86,68,0,92,93,70,91,64,91,96,94,93,80,100,100,0,61,43,30,0,0,0,0,1,0,0,0,0,100
l36,15=0,0,0,0,0,0,0,20,62,0,81,0,88,81,62,92,92,92,93,63,90,99,97,100,94,87,100,72,56,53,0,100,0,0,0,0,0,0,0,98,0
l37,15=0,0,0,0,0,0,0,0,79,0,0,0,90,79,79,84,95,82,93,0,90,99,94,97,98,61,100,0,0,0,3,100,5,0,0,0,0,0,0,97,99
l38,15=0,0,0,0,0,0,4,0,91,49,85,89,99,87,99,100,97,99,95,0,97,99,98,100,99,61,100,79,0,0,20,100,0,0,0,83,0,53,0,97,100
l39,15=0,0,0,0,0,0,0,0,0,0,35,0,69,53,62,64,94,0,94,67,97,99,98,91,93,75,61,0,0,28,63,7,5,0,0,0,0,0,0,97,99
l40,15=0,0,0,0,0,0,0,0,0,0,0,0,71,67,62,71,75,74,76,58,97,85,90,99,96,97,96,0,0,68,75,0,61,0,0,63,68,0,0,95,97

q0=0
q1=1
q2=1
q3=1
q4=1
q5=1
q6=1
q7=1
q8=1
q9=1
q10=1
q11=1
q12=1
q13=1
q14=1
q15=1
q16=1
q17=1
q18=1
q19=1
q20=1
q21=1
q22=1
q23=1
q24=1
q25=1
q26=1
q27=1
q28=1
q29=1
q30=1
q31=1
q32=1
q33=1
q34=1
q35=1
q36=1
q37=1
q38=1
q39=1
q40=1

a0=0x01
a1=0x02
a2=0x03
a3=0x04
a4=0x05
a5=0x06
a6=0x07
a7=0x08
a8=0x09
a9=0x0a
a10=0x0b
a11=0x0c
a12=0x0d
a13=0x0e
a14=0x0f
a15=0x10
a16=0x11
a17=0x12
a18=0x13
a19=0x14
a20=0x15
a21=0x16
a22=0x17
a23=0x18
a24=0x19
a25=0x1a
a26=0x1b
a27=0x1c
a28=0x1d
a29=0x1e
a30=0x1f
a31=0x20
a32=0x21
a33=0x22
a34=0x23
a35=0x24
a36=0x25
a37=0x26
a38=0x27
a39=0x28
a40=0x29

